21.921,-1.1031,-22.918,-12.706,18.021,-16.812,-16.808,-53.32,-24.514,-44.135,-400.92,-361.08
6.8526,-0.68145,-7.4521,-4.8909,2.9672,-8.2091,-13.251,-35.197,-9.3592,-30.358,-387.5,-348.89
-6.6557,-0.78566,5.9284,2.3674,-10.206,-0.99317,-9.928,-19.394,3.5261,-18.453,-375.4,-338.07
-17.213,-1.6123,15.635,8.4338,-19.98,3.8526,-7.1448,-7.577,12.59,-9.8358,-365.56,-329.54
-23.921,-3.0641,20.868,12.788,-25.543,5.9169,-5.266,-0.33429,17.357,-5.1744,-358.47,-323.62
-26.531,-4.633,21.886,15.06,-26.987,5.5949,-4.5341,2.8701,18.462,-4.1706,-353.89,-319.88
-25.546,-5.6124,19.899,15.186,-25.259,3.9395,-4.9501,3.2368,17.228,-5.7344,-350.9,-317.33
-22.095,-5.5151,16.523,13.529,-21.766,2.1369,-6.2509,1.9725,15.079,-8.4498,-348.28,-314.9
-17.496,-4.3384,13.078,10.77,-17.781,0.95522,-7.9429,-0.12238,13.129,-11.053,-345.01,-311.77
-12.793,-2.5685,10.122,7.6648,-14.015,0.46983,-9.4342,-2.6834,11.954,-12.779,-340.65,-307.66
-8.6362,-1.0312,7.4799,4.9064,-10.622,0.15683,-10.298,-5.588,11.539,-13.534,-335.49,-302.9
-4.1417,-2.639,2.528,4.2039,-4.6505,-2.3213,-4.7634,-1.6264,4.677,-8.712,-334.49,-301.53
-3.5161,-2.5733,1.8919,4.0535,-3.6129,-2.3694,-4.6451,-1.5197,4.9006,-8.2787,-330.94,-298.47
-2.9876,-2.5618,1.1146,3.9103,-2.632,-2.5527,-4.5353,-1.724,4.9375,-8.0627,-327.24,-295.26
-2.525,-2.5704,0.29829,3.7493,-1.7758,-2.8057,-4.4234,-2.088,4.8592,-7.9863,-323.33,-291.81
-2.1142,-2.5361,-0.41644,3.5402,-1.1063,-3.0327,-4.3064,-2.4851,4.7339,-7.9538,-319.14,-288.04
-1.7624,-2.3931,-0.88942,3.2578,-0.67454,-3.1359,-4.1869,-2.8198,4.6197,-7.8571,-314.6,-283.88
-1.4895,-2.1051,-1.0355,2.8923,-0.51259,-3.0552,-4.0711,-3.039,4.5597,-7.6008,-309.64,-279.26
-1.3141,-1.685,-0.86025,2.4561,-0.61917,-2.7944,-3.9646,-3.1336,4.5783,-7.1326,-304.27,-274.2
-1.2423,-1.1918,-0.45745,1.9826,-0.95145,-2.418,-3.8689,-3.1198,4.6787,-6.4581,-298.53,-268.74
-1.2605,-0.70566,0.030645,1.5176,-1.4288,-2.019,-3.7809,-3.0111,4.8456,-5.6284,-292.53,-262.99
-1.3311,-0.29428,0.46673,1.1032,-1.9454,-1.6778,-3.6921,-2.798,5.0568,-4.709,-286.38,-257.04
-1.393,0.012207,0.75835,0.7612,-2.3862,-1.431,-3.5898,-2.4506,5.2936,-3.754,-280.14,-250.96
-1.3658,0.22969,0.86795,0.48131,-2.6437,-1.2653,-3.4618,-1.9447,5.5433,-2.8009,-273.84,-244.79
-1.1572,0.40993,0.79867,0.21888,-2.6306,-1.1351,-3.3066,-1.2932,5.7929,-1.8809,-267.51,-238.56
-0.68319,0.61633,0.57534,-0.093508,-2.2918,-0.98996,-3.1395,-0.55583,6.0231,-1.0273,-261.21,-232.35
0.095856,0.8957,0.23435,-0.51625,-1.6216,-0.79735,-2.9895,0.17905,6.208,-0.26854,-255.05,-226.25
1.1388,1.2578,-0.18036,-1.0672,-0.68076,-0.55408,-2.8854,0.82755,6.3205,0.38388,-249.12,-220.38
2.3174,1.6702,-0.62213,-1.7033,0.40214,-0.28631,-2.8422,1.335,6.3383,0.93677,-243.49,-214.82
3.4466,2.0694,-1.0466,-2.3306,1.4549,-0.037386,-2.8556,1.6863,6.251,1.4036,-238.18,-209.6
4.3364,2.3847,-1.4108,-2.8386,2.303,0.15407,-2.9065,1.9041,6.0651,1.7931,-233.2,-204.71
4.8435,2.5672,-1.6651,-3.1427,2.81,0.27671,-2.9704,2.0366,5.8032,2.1079,-228.52,-200.12
4.9064,2.6128,-1.7497,-3.2167,2.9057,0.35681,-3.027,2.1382,5.4945,2.3517,-224.09,-195.77
4.5559,2.5633,-1.6059,-3.0975,2.5986,0.44898,-3.0661,2.2452,5.1633,2.5352,-219.85,-191.6
3.9009,2.4837,-1.2024,-2.8597,1.9721,0.61022,-3.0914,2.3596,4.8233,2.6757,-215.7,-187.57
3.0951,2.4288,-0.56184,-2.5786,1.1651,0.86943,-3.1191,2.4496,4.4774,2.7873,-211.59,-183.62
2.2976,2.4201,0.22959,-2.304,0.34043,1.2096,-3.169,2.4682,4.1205,2.8682,-207.52,-179.75
1.6362,2.4471,1.0437,-2.0569,-0.35535,1.5755,-3.2505,2.3768,3.742,2.8955,-203.49,-175.96
1.1777,2.4831,1.7568,-1.8386,-0.83087,1.9021,-3.3516,2.1622,3.3293,2.8341,-199.53,-172.22
0.91375,2.4988,2.2956,-1.6363,-1.0761,2.1431,-3.4403,1.8408,2.8734,2.6542,-195.63,-168.52
0.76695,2.4682,2.6603,-1.4247,-1.1632,2.2822,-3.4786,1.4509,2.3739,2.3477,-191.79,-164.81
0.61875,2.3727,2.913,-1.1718,-1.2166,2.3297,-3.4403,1.0389,1.8405,1.9323,-187.96,-161.05
0.35199,2.2041,3.142,-0.84784,-1.3624,2.311,-3.3209,0.64413,1.2884,1.4446,-184.1,-157.16
-0.10375,1.9669,3.4172,-0.43851,-1.6781,2.2543,-3.1375,0.2905,0.73512,0.9295,-180.18,-153.06
-0.74202,1.6793,3.7557,0.042955,-2.1621,2.1802,-2.9221,-0.014556,0.1985,0.42888,-176.14,-148.65
-1.4776,1.3709,4.1116,0.55241,-2.7328,2.094,-2.7148,-0.27657,-0.30498,-0.028559,-171.95,-143.78
-2.1759,1.073,4.3916,1.0276,-3.2569,1.9847,-2.5569,-0.50861,-0.7653,-0.43656,-167.53,-138.31
-2.7047,0.80749,4.4912,1.4122,-3.6001,1.8302,-2.4819,-0.72243,-1.1823,-0.81407,-162.86,-132.06
-2.9852,0.57954,4.3403,1.6774,-3.6812,1.6094,-2.504,-0.91705,-1.5626,-1.1968,-157.89,-124.93
-3.0161,0.37868,3.9328,1.8298,-3.5036,1.3136,-2.6114,-1.0747,-1.9123,-1.6207,-152.57,-116.97
-2.8625,0.18381,3.3239,1.9038,-3.145,0.94844,-2.7713,-1.1726,-2.2356,-2.1083,-146.75,-108.44
-2.6185,-0.030137,2.5966,1.9453,-2.713,0.52621,-2.9473,-1.2045,-2.542,-2.6698,-140.21,-99.893
-2.3653,-0.28168,1.8262,1.9913,-2.2975,0.059609,-3.1189,-1.1904,-2.8555,-3.3135,-132.78,-91.987
-2.1435,-0.57136,1.063,2.0571,-1.941,-0.43609,-3.2901,-1.1657,-3.2122,-4.0536,-124.51,-85.193
-1.9457,-0.87819,0.33073,2.1336,-1.6328,-0.93694,-3.4821,-1.1638,-3.6449,-4.9042,-115.77,-79.627
-1.7243,-1.1658,-0.37046,2.1942,-1.3176,-1.4089,-3.7158,-1.2033,-4.164,-5.8603,-107.12,-75.12
-1.4022,-1.3918,-1.0639,2.202,-0.90675,-1.8161,-3.9953,-1.2842,-4.7454,-6.8741,-99.028,-71.388
-0.89171,-1.5172,-1.8012,2.12,-0.29276,-2.1361,-4.2993,-1.3867,-5.3277,-7.8448,-91.718,-68.151
-0.13803,-1.5238,-2.6551,1.928,0.61403,-2.375,-4.5858,-1.4727,-5.8248,-8.6348,-85.215,-65.179
0.82387,-1.4336,-3.6728,1.6446,1.817,-2.5688,-4.8055,-1.4943,-6.1537,-9.1169,-79.455,-62.301
1.8416,-1.3125,-4.8135,1.3383,3.1822,-2.7633,-4.9176,-1.4079,-6.2702,-9.2275,-74.355,-59.396
2.6807,-1.2427,-5.9257,1.1106,4.4562,-2.98,-4.9011,-1.1883,-6.1873,-8.9908,-69.81,-56.386
3.1081,-1.2786,-6.7819,1.0559,5.3426,-3.1916,-4.759,-0.83586,-5.9652,-8.4999,-65.694,-53.232
2.9804,-1.4165,-7.1532,1.2146,5.6008,-3.3276,-4.5173,-0.37486,-5.6805,-7.8723,-61.88,-49.923
2.3021,-1.5933,-6.8911,1.5459,5.13,-3.3057,-4.2185,0.1546,-5.3976,-7.2119,-58.262,-46.479
1.2278,-1.7138,-5.9828,1.9405,4.0021,-3.0678,-3.9083,0.70976,-5.1541,-6.5864,-54.769,-42.948
0.0039468,-1.695,-4.5556,2.2686,2.4331,-2.6039,-3.6166,1.259,-4.9584,-6.0165,-51.355,-39.391
-1.1178,-1.5043,-2.8394,2.4362,0.7189,-1.9587,-3.3396,1.7912,-4.7922,-5.4774,-47.975,-35.851
-1.9556,-1.1753,-1.1122,2.4203,-0.83962,-1.2272,-3.0393,2.3165,-4.6192,-4.9145,-44.569,-32.331
-2.4318,-0.79596,0.35482,2.2687,-2.0047,-0.53823,-2.6636,2.8578,-4.4004,-4.2727,-41.051,-28.792
-2.5735,-0.47832,1.3532,2.075,-2.6511,-0.023339,-2.1773,3.4352,-4.1126,-3.5267,-37.339,-25.197
-2.4897,-0.31717,1.7906,1.9403,-2.7853,0.22743,-1.5813,4.0501,-3.7597,-2.6921,-33.396,-21.547
-2.3298,-0.35517,1.7188,1.9381,-2.529,0.2024,-0.90778,4.6797,-3.3712,-1.811,-29.257,-17.895
-2.2279,-0.57216,1.3094,2.0946,-2.0688,-0.027591,-0.20119,5.2861,-2.9868,-0.9238,-25.03,-14.325
-2.2551,-0.90324,0.77522,2.3862,-1.5831,-0.34733,0.49958,5.8346,-2.6392,-0.051038,-20.861,-10.911
-2.395,-1.2706,0.27954,2.749,-1.1776,-0.65353,1.1671,6.3073,-2.3452,0.80219,-16.886,-7.7015
-2.5527,-1.6093,-0.11798,3.0949,-0.86114,-0.89294,1.784,6.7069,-2.1087,1.6252,-13.202,-4.7148
-2.5972,-1.8815,-0.4511,3.3367,-0.56814,-1.0686,2.3401,7.0501,-1.932,2.386,-9.8572,-1.9493
-2.428,-2.0841,-0.79439,3.423,-0.21656,-1.2221,2.8312,7.3555,-1.8244,3.0355,-6.8523,0.61105
-2.0395,-2.2509,-1.2036,3.3663,0.2288,-1.4029,3.2568,7.634,-1.8046,3.5306,-4.1486,2.9973
-1.5431,-2.4423,-1.6746,3.2464,0.72175,-1.6408,3.6163,7.8865,-1.8899,3.8592,-1.6784,5.26
-1.129,-2.721,-2.1396,3.18,1.1452,-1.9346,3.9106,8.1088,-2.0792,4.0512,0.64423,7.4709
-0.9857,-3.119,-2.5008,3.2712,1.362,-2.2534,4.1466,8.2988,-2.3407,4.1683,2.9132,9.7155
-1.2251,-3.616,-2.6788,3.5695,1.2807,-2.5474,4.3398,8.4596,-2.6163,4.2773,5.2169,12.075
-1.8406,-4.1493,-2.6541,4.0561,0.9019,-2.772,4.5107,8.5987,-2.8431,4.4231,7.6257,14.604
-2.7119,-4.651,-2.4791,4.66,0.32131,-2.9124,4.6772,8.7241,-2.9802,4.6139,10.187,17.324
-3.649,-5.0784,-2.2539,5.287,-0.30804,-2.9882,4.8527,8.8423,-3.0247,4.825,12.928,20.225
-4.4574,-5.4178,-2.0828,5.845,-0.833,-3.0369,5.049,8.9576,-3.0085,5.018,15.866,23.295
-5.0013,-5.6702,-2.0317,6.263,-1.1551,-3.0916,5.2796,9.0714,-2.9806,5.1638,19.014,26.531
-5.2438,-5.8407,-2.1021,6.5061,-1.2667,-3.1655,5.5564,9.1792,-2.9872,5.2567,22.382,29.954
-5.2494,-5.9361,-2.2282,6.5816,-1.2525,-3.2467,5.8808,9.2711,-3.0551,5.3162,25.976,33.594
-5.1494,-5.967,-2.3032,6.5343,-1.2477,-3.3063,6.2367,9.3374,-3.1813,5.376,29.8,37.484
-5.0827,-5.9491,-2.2312,6.4289,-1.3708,-3.3134,6.5916,9.3761,-3.3331,5.4661,33.866,41.655
-5.1338,-5.9007,-1.9799,6.3232,-1.6621,-3.2525,6.9059,9.3972,-3.4611,5.5942,38.184,46.122
-5.2912,-5.8369,-1.6108,6.245,-2.0541,-3.1347,7.1458,9.4181,-3.5229,5.7353,42.755,50.868
-5.443,-5.7638,-1.2677,6.1802,-2.3844,-2.9955,7.2961,9.4537,-3.5034,5.8401,47.552,55.828
-5.4138,-5.6734,-1.1278,6.0793,-2.4457,-2.8806,7.3682,9.5082,-3.4184,5.8613,52.523,60.912
-5.0358,-5.5454,-1.3316,5.8802,-2.063,-2.824,7.3989,9.5758,-3.3012,5.7888,57.625,66.046
-4.2304,-5.3581,-1.921,5.5435,-1.1733,-2.8327,7.4339,9.6471,-3.1803,5.6678,62.857,71.22
-3.061,-5.1033,-2.8111,5.0804,0.12726,-2.8851,7.5074,9.7179,-3.0635,5.5865,68.264,76.486
-1.731,-4.7965,-3.8109,4.5569,1.5956,-2.9443,7.6309,9.7929,-2.9363,5.6356,73.893,81.898
-0.52142,-4.4712,-4.686,4.0697,2.9107,-2.9748,7.7977,9.8826,-2.774,5.8654,79.742,87.463
0.30245,-4.1649,-5.234,3.7097,3.7727,-2.9537,7.9939,9.9932,-2.5616,6.2626,85.733,93.11
0.57159,-3.9053,-5.3436,3.5322,3.9918,-2.8739,8.2052,10.118,-2.3097,6.7582,91.728,98.719
0.24933,-3.7044,-5.015,3.5453,3.5361,-2.7406,8.4206,10.235,-2.0548,7.2604,97.59,104.17
-0.57127,-3.5562,-4.3406,3.7135,2.5292,-2.5647,8.6382,10.324,-1.841,7.6981,103.25,109.41
-1.6911,-3.4388,-3.4668,3.9707,1.2116,-2.3539,8.8734,10.375,-1.6929,8.0545,108.73,114.47
-2.8487,-3.3231,-2.5564,4.2375,-0.11918,-2.1125,9.1615,10.407,-1.5971,8.3741,114.18,119.47
-3.7827,-3.1877,-1.7603,4.4406,-1.1816,-1.8498,9.5428,10.455,-1.5055,8.7368,119.72,124.55
-4.2988,-3.0311,-1.1944,4.5297,-1.7739,-1.5913,10.042,10.555,-1.3591,9.2144,125.47,129.8
-4.3159,-2.8735,-0.91846,4.4909,-1.8147,-1.3778,10.655,10.732,-1.1147,9.8328,131.38,135.19
-3.8863,-2.7476,-0.91852,4.3515,-1.3607,-1.2472,11.354,10.993,-0.76265,10.562,137.32,140.58
-3.1824,-2.6832,-1.1042,4.1724,-0.59712,-1.2108,12.109,11.329,-0.32705,11.33,143.14,145.82
-2.4435,-2.6966,-1.3368,4.0264,0.21748,-1.2457,12.899,11.724,0.14424,12.056,148.71,150.77
-1.8914,-2.788,-1.4836,3.9714,0.83726,-1.3111,13.714,12.153,0.59627,12.672,153.96,155.4
-1.6613,-2.9505,-1.4754,4.033,1.1075,-1.3783,14.552,12.582,0.98231,13.142,158.9,159.73
-1.7745,-3.1809,-1.3383,4.2029,1.0037,-1.4531,15.401,12.967,1.2733,13.464,163.59,163.86
-2.1507,-3.4847,-1.1839,4.4488,0.62473,-1.5765,16.24,13.271,1.461,13.662,168.14,167.9
-2.6439,-3.8711,-1.1667,4.7294,0.15039,-1.8069,17.047,13.476,1.5577,13.777,172.62,171.93
-3.0956,-4.3445,-1.4289,5.0072,-0.22018,-2.1943,17.811,13.6,1.5915,13.851,177.1,176
-3.3855,-4.8998,-2.0501,5.2597,-0.33149,-2.7588,18.544,13.68,1.6012,13.914,181.6,180.14
-3.4613,-5.5197,-3.0196,5.4827,-0.11744,-3.4779,19.278,13.759,1.6281,13.989,186.14,184.37
-3.3378,-6.1752,-4.2419,5.684,0.38945,-4.2906,20.049,13.862,1.709,14.097,190.73,188.71
-3.0727,-6.8307,-5.5752,5.8723,1.0909,-5.1203,20.873,13.995,1.8667,14.252,195.4,193.2
-2.7355,-7.4521,-6.8845,6.0471,1.8747,-5.9048,21.727,14.152,2.103,14.458,200.16,197.87
-2.3849,-8.0128,-8.0768,6.1965,2.6481,-6.6109,22.56,14.329,2.3977,14.703,205,202.67
-2.0599,-8.491,-9.103,6.301,3.3406,-7.2263,23.316,14.53,2.7157,14.959,209.9,207.55
-1.7806,-8.8681,-9.9404,6.3415,3.9001,-7.7437,23.953,14.764,3.0174,15.198,214.78,212.39
-1.5561,-9.1323,-10.577,6.3096,4.2935,-8.1532,24.454,15.039,3.2686,15.396,219.56,217.09
-1.3949,-9.2859,-11.005,6.2158,4.5081,-8.4425,24.818,15.347,3.4507,15.548,224.11,221.52
-1.3037,-9.3414,-11.218,6.0858,4.5504,-8.5994,25.055,15.677,3.5683,15.668,228.36,225.61
-1.2735,-9.3039,-11.218,5.9442,4.4456,-8.6105,25.187,16.021,3.65,15.789,232.29,229.32
-1.269,-9.1568,-11.015,5.7963,4.2404,-8.4612,25.243,16.395,3.736,15.943,235.97,232.71
-1.2359,-8.8674,-10.641,5.6255,4.0023,-8.1437,25.255,16.815,3.8582,16.15,239.48,235.88
-1.123,-8.4089,-10.165,5.4057,3.8081,-7.6691,25.245,17.286,4.0248,16.407,242.96,238.95
-0.90709,-7.7759,-9.6648,5.1177,3.7189,-7.0671,25.22,17.78,4.2192,16.691,246.5,242.01
-0.60771,-6.9862,-9.194,4.7592,3.7483,-6.3701,25.182,18.261,4.4148,16.97,250.16,245.14
-0.28953,-6.0793,-8.7411,4.3506,3.8467,-5.6003,25.135,18.704,4.5952,17.222,254,248.38
-0.048096,-5.1201,-8.2363,3.9356,3.9119,-4.7734,25.093,19.117,4.7665,17.45,258.05,251.81
0.021535,-4.1961,-7.5912,3.5742,3.8288,-3.9143,25.074,19.53,4.9518,17.675,262.29,255.48
-0.13195,-3.3934,-6.7512,3.3215,3.5231,-3.0648,25.075,19.972,5.1708,17.919,266.68,259.42
-0.47924,-2.7663,-5.7302,3.1987,3.0007,-2.2755,25.063,20.437,5.4178,18.185,271.12,263.6
-0.90608,-2.3183,-4.612,3.1744,2.3481,-1.5888,24.981,20.865,5.6514,18.44,275.47,267.88
-1.2556,-2.005,-3.5153,3.1731,1.6907,-1.0238,24.773,21.155,5.8064,18.624,279.62,272.11
-1.399,-1.7651,-2.5416,3.116,1.1385,-0.57095,24.407,21.205,5.8215,18.676,283.51,276.14
-1.2952,-1.5628,-1.7387,2.9664,0.74629,-0.20532,23.896,20.973,5.6694,18.561,287.2,279.95
-1.0093,-1.4095,-1.1085,2.7532,0.50313,0.086852,23.292,20.498,5.3672,18.291,290.85,283.66
-0.68351,-1.3543,-0.64736,2.5576,0.35545,0.28616,22.664,19.86,4.9628,17.907,294.66,287.45
-0.47872,-1.4573,-0.38629,2.4769,0.24898,0.33764,22.058,19.127,4.5076,17.461,298.78,291.48
-0.51198,-1.7563,-0.39957,2.5816,0.16456,0.17185,21.479,18.325,4.0335,16.986,303.3,295.79
-0.81498,-2.2404,-0.77697,2.886,0.12996,-0.26035,20.891,17.449,3.5457,16.494,308.16,300.31
-1.3288,-2.8449,-1.5778,3.3435,0.20975,-0.95787,20.247,16.492,3.0283,15.974,313.23,304.92
-1.9283,-3.4788,-2.7921,3.8684,0.48226,-1.8605,19.515,15.468,2.4573,15.408,318.38,309.51
-2.4558,-4.061,-4.3255,4.3657,1.0062,-2.8642,18.697,14.413,1.8164,14.783,323.54,314.07
-2.7575,-4.536,-6.0146,4.7497,1.7829,-3.8499,17.818,13.37,1.1093,14.1,328.71,318.65
-2.7173,-4.863,-7.6744,4.9485,2.7459,-4.7091,16.919,12.385,0.36599,13.371,333.9,323.39
-2.2678,-5.0011,-9.1571,4.9026,3.8107,-5.3605,16.041,11.497,-0.36322,12.622,339.09,328.37
-1.3735,-4.9112,-10.384,4.5689,4.945,-5.7558,15.211,10.727,-1.0237,11.878,344.24,333.63
-0.037104,-4.574,-11.334,3.9333,6.1647,-5.8764,14.444,10.075,-1.5746,11.161,349.31,339.13
1.6556,-4.0057,-11.995,3.0275,7.4488,-5.7214,13.752,9.5113,-2.0009,10.49,354.3,344.78
3.5132,-3.2436,-12.321,1.9315,8.6737,-5.2924,13.161,9.0048,-2.3115,9.8775,359.29,350.56
5.2719,-2.3114,-12.222,0.75362,9.6324,-4.5772,12.725,8.5474,-2.5255,9.3337,364.42,356.5
6.6596,-1.2101,-11.585,-0.39722,10.11,-3.5465,12.515,8.1736,-2.6535,8.8728,369.86,362.7
7.462,0.057683,-10.339,-1.4254,9.9688,-2.1727,12.599,7.9549,-2.6838,8.5139,375.74,369.28
7.5783,1.4708,-8.4991,-2.2582,9.1976,-0.44601,13.006,7.9718,-2.5827,8.2819,382.17,376.34
7.052,3.0128,-6.1837,-2.8611,7.9194,1.639,13.704,8.2805,-2.3118,8.2007,389.19,383.91
6.0565,4.7092,-3.5454,-3.2549,6.3454,4.0932,14.599,8.8905,-1.8488,8.2851,396.76,391.97
4.8341,6.6301,-0.67013,-3.5185,4.7007,6.9029,15.557,9.7638,-1.2006,8.5345,404.78,400.45
3.6145,8.8699,2.434,-3.7736,3.1405,10.034,16.457,10.834,-0.39749,8.9346,413.17,409.28
2.5477,11.563,5.746,-4.1562,1.6968,13.49,17.238,12.034,0.52201,9.464,421.86,418.38
1.6736,14.897,9.2496,-4.7834,0.27803,17.323,17.914,13.318,1.5252,10.103,430.84,427.73
0.92956,18.988,13.013,-5.7327,-1.2702,21.588,18.557,14.67,2.5866,10.833,440.14,437.32
0.19926,23.658,17.121,-7.0492,-3.0614,26.284,19.225,16.082,3.678,11.631,449.81,447.14
-0.60809,28.436,21.555,-8.7656,-5.1036,31.292,19.917,17.517,4.7553,12.449,459.78,457.09
-1.4941,32.958,26.205,-10.876,-7.3013,36.385,20.555,18.876,5.7533,13.214,469.91,467.01
-2.3563,37.213,30.979,-13.279,-9.4694,41.299,21.016,19.997,6.5937,13.833,480.01,476.74
-3.0147,41.36,35.877,-15.812,-11.356,45.79,21.179,20.719,7.2025,14.219,489.92,486.24
-3.2663,45.507,40.765,-18.384,-12.703,49.65,20.96,20.954,7.5256,14.315,499.58,495.58
-2.9566,49.682,44.957,-21.027,-13.343,52.8,20.318,20.718,7.538,14.105,508.98,504.85
-2.05,53.883,47.635,-23.826,-13.274,55.396,19.253,20.098,7.2434,13.612,518.13,514.09
-0.66367,58.114,49,-26.824,-12.681,57.833,17.78,19.182,6.6685,12.878,527,523.21
0.95624,62.358,50.22,-29.954,-11.894,60.564,15.911,18.025,5.8535,11.956,535.52,532.08
2.5125,66.548,52.487,-33.054,-11.302,63.837,13.653,16.644,4.8423,10.894,543.58,540.51
3.7538,70.574,56.38,-35.942,-11.234,67.545,11.022,15.038,3.6737,9.7311,551.11,548.38
4.5452,74.327,61.616,-38.49,-11.851,71.323,8.0505,13.197,2.3776,8.5042,558.09,555.67
4.8954,77.766,67.33,-40.649,-13.095,74.837,4.7815,11.116,0.97543,7.2442,564.56,562.39
4.9519,80.952,72.783,-42.426,-14.715,77.942,1.2612,8.8263,-0.51493,5.9779,570.62,568.64
4.9604,84.035,77.549,-43.865,-16.315,80.61,-2.4418,6.4318,-2.0704,4.7282,576.42,574.55
5.1909,87.146,81.24,-45.043,-17.454,82.794,-6.2114,4.0974,-3.6578,3.5179,582.14,580.29
5.8673,90.24,83.428,-46.05,-17.792,84.366,-9.8929,1.9747,-5.2347,2.3718,588.01,586.09
7.1295,92.923,83.726,-46.946,-17.172,85.147,-13.344,0.12078,-6.7574,1.315,594.19,592.18
9.0114,94.475,81.8,-47.734,-15.611,84.954,-16.478,-1.5135,-8.1911,0.36309,600.76,598.69
11.413,94.223,77.436,-48.364,-13.283,83.616,-19.261,-3.026,-9.5175,-0.48848,607.67,605.61
14.098,92.062,70.859,-48.783,-10.478,80.988,-21.67,-4.4983,-10.738,-1.2688,614.77,612.79
16.741,88.54,63.002,-48.956,-7.5193,77.108,-23.665,-5.9606,-11.872,-2.0239,621.92,620.09
19.01,84.39,54.997,-48.87,-4.6797,72.364,-25.201,-7.3863,-12.952,-2.8013,629.01,627.39
20.654,80.061,47.492,-48.519,-2.1852,67.292,-26.254,-8.7162,-14.023,-3.6329,635.97,634.65
21.596,75.681,40.729,-47.893,-0.2157,62.211,-26.851,-9.9073,-15.13,-4.5235,642.76,641.82
21.956,71.213,34.712,-46.964,1.1706,57.185,-27.077,-10.977,-16.304,-5.4507,649.3,648.82
21.962,66.57,29.164,-45.674,2.1191,52.179,-27.051,-12.011,-17.543,-6.3779,655.53,655.54
21.812,61.663,23.659,-43.934,2.9291,47.117,-26.886,-13.133,-18.809,-7.2805,661.37,661.87
21.577,56.402,18.081,-41.677,3.8734,41.919,-26.653,-14.443,-20.052,-8.1723,666.75,667.69
21.233,50.706,12.816,-38.937,5.0442,36.612,-26.364,-15.964,-21.244,-9.1175,671.65,672.94
20.724,44.559,8.2019,-35.861,6.3414,31.401,-25.979,-17.616,-22.405,-10.217,676.08,677.62
19.956,38.119,4.3802,-32.574,7.553,26.552,-25.45,-19.259,-23.599,-11.577,680.07,681.79
18.772,31.761,1.4599,-29.042,8.4328,22.15,-24.779,-20.775,-24.911,-13.272,683.64,685.53
17.059,25.903,-0.5161,-25.116,8.7723,18.064,-24.041,-22.134,-26.408,-15.32,686.82,688.92
14.862,20.694,-1.6107,-20.715,8.4753,14.177,-23.37,-23.402,-28.106,-17.673,689.63,692.01
12.341,15.913,-1.9981,-15.995,7.597,10.595,-22.891,-24.692,-29.964,-20.232,692.1,694.83
9.6555,11.331,-1.9461,-11.375,6.3171,7.5935,-22.679,-26.094,-31.894,-22.876,694.29,697.4
6.9355,7.2122,-1.7516,-7.3107,4.8737,5.349,-22.744,-27.637,-33.803,-25.493,696.28,699.77
4.2847,4.0837,-1.6525,-4.0075,3.4896,3.7524,-23.045,-29.278,-35.629,-28.013,698.14,702
1.7998,1.9733,-1.7632,-1.3924,2.3147,2.5363,-23.523,-30.945,-37.362,-30.405,699.93,704.14
-0.40148,0.49645,-2.061,0.68568,1.4052,1.5075,-24.118,-32.587,-39.034,-32.673,701.7,706.26
-2.1585,-0.64714,-2.4294,2.3106,0.75855,0.62177,-24.795,-34.207,-40.7,-34.826,703.47,708.38
-3.3065,-1.5569,-2.7422,3.489,0.37727,-0.084796,-25.537,-35.852,-42.402,-36.859,705.27,710.56
-3.7734,-2.2392,-2.9378,4.2118,0.27985,-0.58562,-26.344,-37.564,-44.143,-38.748,707.16,712.84
-3.637,-2.7091,-3.0397,4.5132,0.45117,-0.91115,-27.219,-39.344,-45.877,-40.461,709.16,715.26
-3.0927,-3.0341,-3.1244,4.4929,0.81299,-1.1472,-28.168,-41.136,-47.53,-41.981,711.29,717.83
-2.3865,-3.3288,-3.268,4.3037,1.244,-1.4026,-29.185,-42.837,-49.031,-43.316,713.54,720.5
-1.7592,-3.7189,-3.5123,4.1155,1.6175,-1.7716,-30.241,-44.337,-50.34,-44.497,715.85,723.2
-1.4017,-4.293,-3.8613,4.0719,1.8394,-2.3063,-31.263,-45.557,-51.458,-45.565,718.13,725.83
-1.419,-5.0689,-4.2976,4.2561,1.8733,-3.0038,-32.141,-46.491,-52.409,-46.562,720.28,728.27
-1.8028,-5.9951,-4.8028,4.6806,1.7444,-3.8118,-32.757,-47.216,-53.23,-47.523,722.21,730.44
-2.4185,-6.9863,-5.3782,5.2934,1.5405,-4.6537,-33.038,-47.873,-53.953,-48.465,723.88,732.3
-3.0282,-7.965,-6.0577,5.9951,1.4317,-5.4647,-32.99,-48.619,-54.608,-49.382,725.29,733.86
-3.3765,-8.8899,-6.902,6.6698,1.6517,-6.2208,-32.698,-49.572,-55.222,-50.252,726.46,735.15
-3.3044,-9.7582,-7.9632,7.2289,2.3712,-6.9417,-32.29,-50.772,-55.825,-51.055,727.43,736.2
-2.8316,-10.586,-9.2223,7.6449,3.5509,-7.6664,-31.889,-52.187,-56.445,-51.786,728.22,737.06
-2.1729,-11.389,-10.546,7.9548,4.9164,-8.4144,-31.58,-53.73,-57.112,-52.459,728.85,737.75
-1.668,-12.17,-11.699,8.2386,6.0463,-9.1622,-31.388,-55.298,-57.839,-53.093,729.33,738.29
-1.6441,-12.928,-12.411,8.5926,6.5098,-9.8523,-31.276,-56.799,-58.616,-53.693,729.7,738.69
-2.3303,-13.665,-12.461,9.1028,6.0051,-10.421,-31.163,-58.178,-59.4,-54.248,729.97,738.98
-3.8181,-14.377,-11.766,9.8111,4.4568,-10.82,-30.964,-59.41,-60.132,-54.735,730.16,739.19
-5.9947,-15.042,-10.427,10.685,2.0579,-11.026,-30.639,-60.496,-60.751,-55.131,730.29,739.33
-8.4989,-15.611,-8.7109,11.614,-0.74643,-11.046,-30.205,-61.443,-61.216,-55.423,730.39,739.46
-10.792,-16.024,-6.999,12.432,-3.3548,-10.926,-29.724,-62.251,-61.514,-55.618,730.47,739.58
-12.33,-16.236,-5.695,12.97,-5.1776,-10.739,-29.255,-62.909,-61.656,-55.735,730.55,739.71
-12.748,-16.237,-5.1063,13.116,-5.8138,-10.567,-28.824,-63.399,-61.664,-55.794,730.62,739.86
-11.973,-16.059,-5.3442,12.855,-5.1566,-10.473,-28.425,-63.711,-61.565,-55.812,730.68,740.02
-10.252,-15.773,-6.299,12.288,-3.4131,-10.482,-28.035,-63.857,-61.38,-55.789,730.72,740.16
-8.0801,-15.467,-7.6852,11.593,-1.0507,-10.581,-27.63,-63.874,-61.117,-55.71,730.72,740.28
-6.027,-15.214,-9.1255,10.97,1.3381,-10.726,-27.188,-63.818,-60.775,-55.547,730.67,740.37
-4.5429,-15.051,-10.262,10.564,3.2197,-10.849,-26.688,-63.758,-60.351,-55.276,730.58,740.41
-3.8443,-14.972,-10.863,10.429,4.2663,-10.887,-26.133,-63.762,-59.862,-54.888,730.45,740.4
-3.9168,-14.943,-10.872,10.524,4.412,-10.802,-25.558,-63.889,-59.351,-54.403,730.27,740.33
-4.5653,-14.927,-10.372,10.753,3.822,-10.593,-25.021,-64.171,-58.877,-53.87,730.04,740.2
-5.4824,-14.898,-9.5482,11.014,2.8068,-10.293,-24.569,-64.59,-58.49,-53.348,729.74,740
-6.3616,-14.851,-8.6365,11.237,1.7233,-9.9467,-24.215,-65.067,-58.203,-52.884,729.35,739.72
-7.0101,-14.79,-7.8419,11.401,0.86255,-9.5942,-23.922,-65.491,-57.982,-52.496,728.85,739.34
-7.4009,-14.716,-7.2636,11.523,0.3539,-9.2595,-23.622,-65.758,-57.767,-52.169,728.22,738.84
-7.6454,-14.623,-6.8794,11.62,0.14577,-8.9463,-23.255,-65.841,-57.514,-51.883,727.4,738.17
-7.9129,-14.492,-6.5722,11.701,0.032615,-8.6421,-22.811,-65.776,-57.22,-51.633,726.32,737.28
-8.3554,-14.305,-6.1869,11.782,-0.24628,-8.3299,-22.336,-65.654,-56.925,-51.438,724.88,736.08
-9.0698,-14.064,-5.6014,11.89,-0.8723,-8.0006,-21.905,-65.57,-56.685,-51.317,722.99,734.45
-10.073,-13.794,-4.7846,12.041,-1.8889,-7.6617,-21.595,-65.586,-56.53,-51.265,720.57,732.3
-11.268,-13.533,-3.8066,12.214,-3.2043,-7.3348,-21.468,-65.724,-56.46,-51.24,717.6,729.56
-12.421,-13.299,-2.8074,12.347,-4.5959,-7.0376,-21.554,-65.995,-56.46,-51.195,714.16,726.22
-13.209,-13.056,-1.9415,12.337,-5.7569,-6.7571,-21.822,-66.443,-56.552,-51.136,710.31,722.3
-13.338,-12.69,-1.3168,12.077,-6.4002,-6.4159,-22.123,-67.153,-56.86,-51.195,706.05,717.74
-12.664,-12.014,-0.94158,11.493,-6.3612,-5.8543,-22.131,-68.229,-57.644,-51.674,701.11,712.35
-11.262,-10.795,-0.69836,10.586,-5.596,-4.8334,-21.396,-69.742,-59.28,-52.992,694.77,705.58
-9.4335,-8.8092,-0.28356,9.4474,-4.2064,-3.091,-19.631,-71.692,-62.053,-55.455,685.52,696.26
-7.7898,-6.0461,1.6371,8.2307,-3.4714,-0.39628,-17.056,-73.992,-65.102,-58.391,672.06,683.39
-7.1404,-3.5956,-0.57672,7.0957,1.0458,0.86061,-15.795,-76.466,-63.846,-58.253,656.42,668.52
-2.705,-4.552,-5.671,6.1462,7.6798,0.15161,-21.839,-78.875,-61.781,-57.755,642.41,654.61
1.6898,-5.5023,-11.302,5.3847,12.675,-2.4377,-24.574,-80.908,-60.429,-56.464,630.6,642.36
3.1787,-7.1546,-16.041,4.6916,15.239,-5.8082,-28.13,-81.983,-60.528,-55.252,619.89,630.88
2.0291,-8.4863,-17.786,3.8169,14.429,-8.0446,-31.534,-80.892,-63.351,-56.296,607.92,618.02
-2.2753,-7.6626,-12.832,2.4101,8.3792,-6.2072,-32.393,-77.275,-69.735,-62.24,594.29,603.63
-11.821,-2.5265,3.789,3.4224,-5.9301,3.707,-26.978,-87.464,-85.532,-80.164,587.22,595.49
-29.446,9.0835,36.714,9.8216,-31.961,25.889,-10.699,-99.896,-116.86,-117.12,565.15,572.31
-55.67,29.161,87.779,10.983,-71.296,62.383,19.715,-113.01,-164.17,-176.99,524.48,531.96
-89.078,58.837,155.15,10.446,-122.01,111.41,63.863,-125.16,-226.06,-259.7,474.7,482.96
-126.42,97.183,233.29,7.7882,-179.32,169.31,116.84,-133.18,-298.39,-358.31,419.88,429.06
-162.23,141.38,313.06,2.38,-236.62,232.62,171.35,-132.22,-371.2,-458.82,368.08,378.11
-189.25,189,383.64,-7.4205,-285.86,292.74,220.79,-115.65,-429.39,-542.08,330.08,340.75
-200.61,238.12,435.82,-23.748,-318.74,340.6,259.97,-76.398,-455.48,-587.39,317.55,328.57
-191.89,282.16,464.58,-48.459,-329.71,373.76,285.68,-8.953,-433.87,-576.01,341.71,352.8
-160.73,320.88,469.55,-83.54,-316.88,394.48,296.17,88.909,-354.05,-493.06,412.46,423.4
-106.17,361.33,453.44,-131.71,-280.77,406.65,290.04,215.27,-211.11,-327.68,537.7,548.28
-27.709,407.85,419.76,-195.16,-223.11,413.69,265.41,365.16,-3.774,-72.794,722.21,732.14
75.434,461.56,370.57,-274.01,-145.88,416.82,219.77,533.65,268.36,274.87,966.02,974.92
202.54,519.4,304.09,-366.25,-48.939,413.52,150.58,715.59,606.8,714.52,1262.6,1270.2
350.77,573.5,213.64,-466.91,69.944,395.94,56.377,905.52,1013.8,1239.5,1597.6,1603.9
515.35,610.75,89.298,-567.07,213.76,352.01,-61.74,1096.4,1487.2,1832.3,1948,1953.3
688.45,614.99,-77.411,-654.58,383.18,269.59,-198.74,1276.4,2011.8,2459.1,2283.3,2288.1
857.17,573.32,-286.07,-716.63,571.64,143.11,-345.11,1426.3,2551.2,3066.3,2568.9,2573.6
1003.3,483.28,-520.73,-743.16,762.05,-20.237,-487.81,1518.3,3045.4,3585.6,2772.5,2777.4
1105.9,355.98,-749.63,-729.74,928.2,-198.87,-612.9,1519.4,3418.9,3946.4,2871.1,2876.3
1147.3,212.83,-933.48,-678.51,1041.4,-362.31,-708.7,1401.3,3599,4093,2855.6,2860.9
1118.2,77.862,-1038.6,-597.13,1080,-481.53,-767.7,1152.7,3536.1,3998.8,2730.7,2736.1
1021,-30.061,-1047.8,-496.27,1036.3,-538.4,-786.98,791.11,3221.3,3672,2511.1,2516.4
869.21,-100.88,-964.46,-387.18,918.65,-529.87,-767.72,363.42,2692.2,3153.9,2217.2,2222.4
684.26,-133.07,-809.05,-280.23,747.94,-466.18,-714.46,-64.46,2026,2510.6,1872.5,1877.3
490.21,-131.94,-612.18,-184.19,551.89,-366,-634.08,-425.78,1323.1,1821.5,1503.1,1507.3
309.32,-107.49,-406.77,-105.72,358.23,-251,-534.99,-670.66,684.31,1167,1138.1,1141.4
158.85,-71.144,-221.49,-48.364,189.74,-141.07,-427.2,-777.22,189.19,616.85,808.12,810.35
49.339,-32.856,-76.218,-12.438,61.432,-50.766,-322.02,-753.97,-119.07,218.17,540.96,542.28
-15.641,-0.53781,19.49,4.1744,-20.165,11.673,-230.47,-634.57,-239.54,-12.554,355.23,356.01
-41.519,21.888,66.288,6.8437,-57.168,44.424,-160.07,-466.01,-212.19,-91.789,253.96,254.71
-39.821,34.21,74.524,0.92249,-59.865,53.957,-112.46,-293.67,-102,-62.329,223.1,224.32
-21.734,37.522,57.398,-8.3188,-41.379,46.925,-83.996,-150.07,28.775,20.666,236.81,238.83
1.6087,33.488,29.193,-16.412,-14.665,30.88,-68.285,-49.134,137.81,109.32,266.93,269.82
20.324,25.342,2.285,-20.505,8.4867,12.748,-58.89,-8.7833,203.72,172.63,291.7,295.27
23.274,15.693,-10.971,-19.769,15.187,1.6884,-50.896,3.3731,223.78,198.38,299.86,303.76
20.245,3.983,-17.395,-7.2657,16.12,-6.7523,-42.531,3.5276,208.45,189.91,289.94,293.92
11.31,-0.7582,-17.379,-0.53113,11.654,-10.667,-31.606,0.054715,174.13,159.76,266.53,270.62
1.8402,-1.9579,-7.8756,1.9349,3.1692,-5.5829,-20.568,-3.4614,135.92,121.38,221.7,226.57
-1.6432,-2.8305,-4.3342,3.7677,0.075726,-4.0217,-10.815,-5.2328,107.93,83.943,197.1,203.36
-4.5099,-3.8571,-3.4981,5.2465,-2.4077,-4.9074,-5.4845,-3.8811,88.188,62.738,183.44,189.49
-6.4592,-5.1123,-3.1937,6.4443,-4.1201,-6.1936,-3.5247,-1.0134,73.068,46.162,171.53,177.32
-7.5119,-6.4069,-3.74,7.389,-4.7659,-7.4758,-1.1792,3.2803,69.641,36.239,160.28,165.86
-7.8062,-7.6809,-4.9703,8.0664,-4.5343,-8.9247,1.3651,6.429,72.983,34.595,148.8,154.38
-7.5002,-8.9771,-6.3164,8.4807,-3.7593,-10.293,3.372,7.4105,67.111,30.951,136.45,142.38
-6.8662,-10.219,-7.2651,8.7321,-2.8948,-11.299,4.8391,7.5511,58.579,24.861,122.69,129.18
-6.2928,-11.235,-7.5547,8.9474,-2.3184,-11.83,6.2184,7.3734,48.695,18.859,107.41,114.38
-6.0647,-11.911,-7.1906,9.1783,-2.2353,-11.915,7.8873,7.157,37.528,15.059,91.296,98.499
-6.2268,-12.246,-6.3555,9.4083,-2.6679,-11.683,9.8433,7.015,28.714,12.598,75.192,82.615
-6.6773,-12.331,-5.3079,9.6082,-3.4919,-11.309,11.812,6.94,23.282,10.554,59.647,67.401
-7.2836,-12.285,-4.3059,9.7683,-4.5113,-10.966,13.48,6.8704,19.678,8.8784,45.024,52.983
-7.9344,-12.208,-3.5465,9.901,-5.5283,-10.767,14.668,6.7504,16.962,7.5326,31.577,39.353
-8.559,-12.154,-3.1064,10.027,-6.402,-10.738,15.372,6.56,14.708,6.4284,19.427,26.613
-9.1231,-12.116,-2.9196,10.158,-7.0855,-10.815,15.717,6.3145,12.729,5.4927,8.5224,14.949
-9.6095,-12.053,-2.8171,10.287,-7.6157,-10.878,15.882,6.049,10.966,4.6886,-1.3766,4.4082
-10.002,-11.913,-2.6147,10.387,-8.0634,-10.807,16.037,5.7999,9.4216,4.0009,-10.622,-5.2767
-10.279,-11.661,-2.2012,10.426,-8.4792,-10.536,16.297,5.5904,8.1055,3.4142,-19.458,-14.495
-10.417,-11.297,-1.582,10.372,-8.8615,-10.074,16.705,5.424,7.0122,2.9016,-27.94,-23.434
-10.394,-10.849,-0.86392,10.212,-9.1596,-9.5013,17.232,5.2867,6.114,2.4328,-36.31,-32.145
-10.195,-10.355,-0.19887,9.949,-9.306,-8.9235,17.801,5.159,5.3708,1.9941,-45.501,-41.057
-9.8343,-9.8562,0.27925,9.6079,-9.261,-8.4328,18.333,5.032,4.7513,1.603,-57.125,-51.291
-9.3627,-9.3835,0.50742,9.231,-9.044,-8.0763,18.78,4.9178,4.2504,1.3046,-72.449,-64.255
-8.8682,-8.9459,0.52134,8.8646,-8.7394,-7.8424,19.152,4.8497,3.89,1.149,-90.634,-80.338
-8.4451,-8.5167,0.44429,8.5387,-8.4713,-7.6637,19.505,4.8691,3.7002,1.1648,-108.93,-97.963
-8.1549,-8.0372,0.43495,8.2511,-8.3553,-7.443,19.907,5.0068,3.6949,1.3428,-125.46,-114.96
-7.9988,-7.4496,0.61521,7.9695,-8.448,-7.1009,20.401,5.2665,3.8546,1.6397,-140.21,-130.5
-7.9199,-6.7385,1.0147,7.6525,-8.721,-6.6178,20.976,5.6215,4.1264,2.0016,-153.86,-144.92
-7.8296,-5.9482,1.5622,7.274,-9.0732,-6.0432,21.578,6.0256,4.442,2.392,-167.01,-158.75
-7.6408,-5.1582,2.1261,6.8335,-9.3727,-5.4625,22.144,6.4309,4.7462,2.8131,-180.07,-172.33
-7.2956,-4.437,2.5781,6.3502,-9.5062,-4.9483,22.639,6.8065,5.0236,3.3074,-193.08,-185.78
-6.7797,-3.8115,2.8486,5.8483,-9.4169,-4.5268,23.077,7.1516,5.3089,3.9401,-205.84,-199.08
-6.1272,-3.2672,2.9483,5.3476,-9.1219,-4.1777,23.505,7.4972,5.6735,4.7681,-218.22,-212.13
-5.4124,-2.7702,2.9499,4.8619,-8.703,-3.858,23.977,7.8936,6.1929,5.812,-230.39,-224.94
-4.727,-2.2924,2.9438,4.4015,-8.2741,-3.5346,24.521,8.3888,6.9135,7.045,-242.82,-237.6
-4.1536,-1.8271,2.9978,3.975,-7.9419,-3.2021,25.127,9.0086,7.8365,8.407,-256.05,-250.31
-3.7497,-1.3896,3.143,3.5931,-7.7788,-2.8774,25.754,9.7509,8.9256,9.8375,-270.44,-263.28
-3.5439,-1.0049,3.3837,3.2713,-7.8156,-2.5801,26.348,10.594,10.132,11.309,-285.87,-276.71
-3.5339,-0.69097,3.7124,3.0271,-8.0441,-2.315,26.862,11.513,11.426,12.846,-301.69,-290.72
-3.6807,-0.44742,4.1174,2.8692,-8.4215,-2.0684,27.278,12.497,12.815,14.524,-317.02,-305.27
-3.9101,-0.25534,4.5832,2.7876,-8.8766,-1.8159,27.611,13.563,14.365,16.45,-331.27,-320.04
-4.1301,-0.087807,5.0879,2.754,-9.3242,-1.5382,27.909,14.754,16.179,18.739,-344.3,-334.41
-4.2577,0.076784,5.6002,2.7305,-9.6849,-1.2352,28.225,16.123,18.369,21.487,-356.23,-347.81
-4.2455,0.24654,6.0805,2.683,-9.9053,-0.93122,28.59,17.708,21.011,24.742,-367.21,-360.09
-4.0992,0.41667,6.4917,2.5926,-9.9764,-0.66244,28.99,19.501,24.116,28.466,-377.53,-371.51
-3.8807,0.57762,6.8223,2.4614,-9.9473,-0.45495,29.373,21.433,27.614,32.516,-387.67,-382.6
-3.6932,0.7257,7.1116,2.3111,-9.9253,-0.30411,29.678,23.395,31.382,36.677,-398.22,-393.88
-3.6521,0.86894,7.4516,2.1728,-10.051,-0.17131,29.865,25.28,35.298,40.756,-409.61,-405.68
-3.8463,1.0239,7.9497,2.0725,-10.448,-0.0026964,29.931,27.025,39.297,44.663,-421.93,-417.98
-4.3015,1.2057,8.6661,2.0187,-11.16,0.24015,29.91,28.635,43.405,48.414,-434.84,-430.44
-4.9576,1.4187,9.5648,1.9969,-12.117,0.55602,29.852,30.176,47.708,52.094,-447.85,-442.69
-5.6663,1.6535,10.507,1.9695,-13.142,0.90006,29.795,31.751,52.272,55.785,-460.61,-454.58
-6.2177,1.8944,11.289,1.8774,-13.994,1.2028,29.757,33.455,57.07,59.528,-473.09,-466.3
-6.3963,2.1388,11.715,1.6451,-14.441,1.4038,29.725,35.345,61.951,63.313,-485.55,-478.29
-6.0537,2.4113,11.684,1.1992,-14.335,1.483,29.669,37.391,66.684,67.091,-498.37,-491.02
-5.1645,2.7547,11.233,0.49759,-13.655,1.4728,29.561,39.468,71.062,70.79,-511.94,-504.89
-3.8331,3.2109,10.516,-0.45147,-12.513,1.4433,29.376,41.385,74.978,74.336,-526.53,-520.05
-2.2496,3.8111,9.7206,-1.5962,-11.093,1.4701,29.108,42.964,78.465,77.673,-542.16,-536.35
-0.62088,4.583,8.992,-2.8672,-9.5769,1.6006,28.766,44.135,81.665,80.791,-558.51,-553.3
0.89332,5.5647,8.3889,-4.2048,-8.1006,1.8347,28.379,44.982,84.767,83.742,-575.01,-570.21
2.2161,6.8043,7.8906,-5.5743,-6.7372,2.1288,27.989,45.71,87.938,86.62,-591.07,-586.45
3.357,8.3243,7.4219,-6.9675,-5.5101,2.4193,27.63,46.543,91.267,89.534,-606.32,-601.64
4.3919,10.068,6.894,-8.4027,-4.4146,2.6514,27.311,47.625,94.746,92.554,-620.74,-615.77
5.4287,11.906,6.2657,-9.9292,-3.4445,2.8051,27.012,48.978,98.297,95.702,-634.57,-629.17
6.5657,13.742,5.6023,-11.626,-2.6244,2.9159,26.691,50.531,101.81,98.948,-648.22,-642.3
7.8527,15.596,5.0828,-13.569,-2.0304,3.0743,26.314,52.186,105.22,102.24,-662.06,-655.66
9.2541,17.586,4.9266,-15.774,-1.768,3.3927,25.865,53.885,108.48,105.52,-676.28,-669.55
10.626,19.823,5.2825,-18.144,-1.9047,3.9528,25.355,55.622,111.66,108.76,-690.76,-683.92
11.758,22.333,6.1502,-20.501,-2.4093,4.7686,24.805,57.433,114.82,111.94,-705.07,-698.39
12.519,25.04,7.3747,-22.688,-3.135,5.7906,24.232,59.347,118.03,115.05,-718.69,-712.42
12.982,27.824,8.7008,-24.686,-3.8514,6.9437,23.634,61.363,121.32,118.05,-731.31,-725.63
13.42,30.573,9.8512,-26.627,-4.3113,8.1666,22.993,63.441,124.66,120.93,-742.99,-737.93
14.166,33.22,10.602,-28.683,-4.336,9.4152,22.283,65.527,127.96,123.7,-754.13,-749.63
15.471,35.753,10.857,-30.913,-3.8914,10.633,21.481,67.576,131.15,126.47,-765.3,-761.23
17.408,38.191,10.704,-33.214,-3.1223,11.747,20.581,69.584,134.23,129.41,-777.03,-773.26
19.836,40.537,10.402,-35.413,-2.3076,12.714,19.59,71.584,137.28,132.73,-789.67,-786.12
22.433,42.776,10.277,-37.402,-1.743,13.567,18.524,73.63,140.44,136.58,-803.22,-799.93
24.836,44.922,10.57,-39.18,-1.617,14.408,17.398,75.765,143.83,141.01,-817.39,-814.45
26.835,47.034,11.329,-40.813,-1.9348,15.369,16.22,77.998,147.5,145.91,-831.7,-829.22
28.502,49.2,12.381,-42.405,-2.5102,16.529,14.978,80.296,151.42,151.08,-845.7,-843.74
30.149,51.502,13.41,-44.074,-3.0252,17.867,13.648,82.597,155.48,156.33,-859.18,-857.73
32.189,54.001,14.077,-45.946,-3.1372,19.313,12.21,84.823,159.59,161.62,-872.17,-871.15
34.976,56.729,14.144,-48.141,-2.5956,20.836,10.675,86.921,163.68,166.99,-884.9,-884.21
38.683,59.675,13.549,-50.772,-1.3273,22.447,9.0847,88.882,167.74,172.54,-897.69,-897.18
43.183,62.767,12.415,-53.907,0.53841,24.157,7.499,90.747,171.78,178.32,-910.79,-910.3
48.03,65.895,11.014,-57.493,2.7121,25.964,5.9635,92.586,175.85,184.37,-924.34,-923.71
52.641,68.977,9.6802,-61.307,4.8406,27.866,4.4926,94.465,180.01,190.65,-938.29,-937.37
56.596,71.996,8.7099,-65.033,6.6223,29.892,3.0701,96.414,184.26,197.11,-952.41,-951.11
59.811,74.982,8.2724,-68.463,7.8963,32.088,1.6631,98.428,188.6,203.71,-966.38,-964.61
62.514,77.994,8.3803,-71.596,8.6745,34.488,0.24068,100.48,193.03,210.47,-979.87,-977.57
65.151,81.1,8.923,-74.599,9.1178,37.086,-1.213,102.55,197.54,217.44,-992.65,-989.77
68.231,84.383,9.7319,-77.704,9.4818,39.828,-2.6923,104.62,202.17,224.76,-1004.6,-1001.2
72.091,87.925,10.637,-81.126,10.039,42.637,-4.1718,106.69,206.99,232.52,-1016,-1012.1
76.649,91.739,11.507,-84.965,10.977,45.451,-5.6184,108.75,212.08,240.76,-1026.9,-1022.7
81.411,95.743,12.285,-89.144,12.304,48.219,-7.0079,110.75,217.47,249.31,-1037.6,-1033.3
85.841,99.837,13.002,-93.446,13.811,50.872,-8.3425,112.65,223.08,257.83,-1048.4,-1044.1
89.683,104.02,13.75,-97.662,15.16,53.361,-9.6551,114.39,228.71,265.93,-1059.5,-1055.3
92.95,108.36,14.617,-101.69,16.092,55.753,-11.001,115.9,234.12,273.42,-1070.7,-1066.9
95.786,112.93,15.647,-105.52,16.56,58.234,-12.438,117.15,239.14,280.38,-1081.9,-1078.6
98.368,117.69,16.825,-109.2,16.706,60.946,-14.009,118.13,243.71,287.05,-1092.9,-1090.2
100.85,122.48,18.088,-112.8,16.753,63.843,-15.735,118.84,247.89,293.73,-1103.4,-1101.2
103.33,127.09,19.344,-116.34,16.927,66.729,-17.615,119.3,251.76,300.65,-1113.2,-1111.4
105.84,131.29,20.481,-119.81,17.425,69.413,-19.649,119.51,255.38,307.97,-1122.5,-1120.8
108.32,134.9,21.385,-123.11,18.42,71.787,-21.849,119.45,258.78,315.64,-1131.5,-1129.8
110.68,137.82,21.993,-126.11,20.051,73.816,-24.232,119.12,261.94,323.48,-1140.8,-1139
112.81,140.04,22.315,-128.67,22.328,75.499,-26.811,118.51,264.87,331.27,-1150.9,-1149.1
114.58,141.66,22.414,-130.76,24.945,76.833,-29.591,117.62,267.56,338.81,-1162.2,-1160.6
115.98,142.83,22.347,-132.42,27.319,77.787,-32.589,116.46,270.02,346.01,-1174.7,-1173.5
117.16,143.71,22.113,-133.78,29.093,78.304,-35.843,115,272.26,352.87,-1188.3,-1187.6
118.37,144.4,21.642,-134.98,30.452,78.334,-39.382,113.22,274.26,359.43,-1202.7,-1202.6
119.87,144.97,20.82,-136.11,31.844,77.882,-43.165,111.06,276.01,365.64,-1217.5,-1217.8
121.87,145.42,19.535,-137.26,33.67,77.035,-47.056,108.47,277.47,371.39,-1232.2,-1232.7
124.42,145.77,17.723,-138.44,36.161,75.92,-50.871,105.4,278.65,376.48,-1246.8,-1246.9
127.45,145.99,15.397,-139.62,39.345,74.642,-54.496,101.83,279.52,380.76,-1261.1,-1260.4
130.72,146.07,12.675,-140.75,43.049,73.267,-57.942,97.777,280.1,384.24,-1275.2,-1273.5
133.96,146.05,9.7784,-141.75,46.961,71.84,-61.323,93.243,280.41,387,-1289.4,-1286.6
136.95,145.95,6.9815,-142.58,50.714,70.42,-64.8,88.148,280.47,389.2,-1304,-1300.4
139.53,145.83,4.535,-143.25,53.979,69.083,-68.519,82.357,280.33,391.01,-1319.3,-1315.3
141.66,145.71,2.5973,-143.8,56.559,67.899,-72.56,75.799,280.05,392.53,-1335.6,-1331.5
143.4,145.61,1.1978,-144.28,58.496,66.894,-76.9,68.586,279.66,393.82,-1352.8,-1348.8
144.79,145.49,0.23827,-144.68,60.06,66.026,-81.427,61.027,279.19,394.89,-1370.8,-1367
145.9,145.28,-0.47161,-144.96,61.614,65.183,-85.991,53.497,278.63,395.69,-1389.2,-1385.5
146.8,144.92,-1.1453,-145.13,63.391,64.216,-90.465,46.293,277.97,396.17,-1407.7,-1404
147.52,144.36,-1.949,-145.19,65.344,62.976,-94.763,39.577,277.21,396.34,-1426.1,-1422.4
148.14,143.58,-2.9611,-145.18,67.228,61.339,-98.86,33.41,276.36,396.22,-1444.5,-1440.9
148.67,142.52,-4.1726,-145.12,68.83,59.24,-102.79,27.828,275.38,395.85,-1463.1,-1460
149.12,141.16,-5.5203,-145,70.077,56.71,-106.6,22.879,274.22,395.23,-1482.3,-1479.9
149.45,139.51,-6.9325,-144.8,71.008,53.896,-110.34,18.596,272.81,394.34,-1502.4,-1500.8
149.63,137.65,-8.3637,-144.5,71.728,51.011,-113.98,14.944,271.09,393.14,-1523.4,-1522.7
149.67,135.67,-9.8005,-144.06,72.368,48.211,-117.4,11.802,269.07,391.53,-1545.3,-1545.2
149.58,133.56,-11.25,-143.42,73.02,45.511,-120.46,8.9933,266.75,389.31,-1567.7,-1568
149.33,131.21,-12.734,-142.52,73.712,42.812,-123.07,6.3074,264.07,386.23,-1590.2,-1590.5
148.88,128.42,-14.28,-141.25,74.429,39.974,-125.19,3.4972,260.89,382.15,-1612.4,-1612.5
148.09,125.06,-15.907,-139.47,75.121,36.895,-126.88,0.25212,256.94,377.06,-1634.3,-1634
146.87,121.15,-17.587,-137.07,75.693,33.561,-128.22,-3.8031,252,370.97,-1656.1,-1655.4
145.18,116.82,-19.22,-134.09,76.012,30.065,-129.24,-9.0116,246.01,363.73,-1678.3,-1677.2
143.08,112.24,-20.652,-130.7,75.96,26.583,-130,-15.457,239,355.03,-1701.6,-1700.2
140.62,107.53,-21.713,-127.02,75.455,23.272,-130.48,-22.779,231.12,344.6,-1726.7,-1724.9
137.75,102.79,-22.273,-123.11,74.416,20.183,-130.68,-30.313,222.54,332.42,-1754,-1751.8
134.35,98.051,-22.302,-118.93,72.764,17.248,-130.61,-37.484,213.48,318.82,-1783,-1780.6
130.36,93.443,-21.905,-114.46,70.456,14.421,-130.26,-44.023,204.15,304.46,-1812.9,-1810.5
125.81,89.118,-21.3,-109.69,67.567,11.809,-129.64,-49.93,194.71,290.02,-1842.6,-1840.5
120.91,85.17,-20.748,-104.72,64.32,9.5841,-128.74,-55.348,185.22,275.92,-1871.4,-1870
115.9,81.495,-20.452,-99.686,61.009,7.7551,-127.58,-60.46,175.64,262.12,-1899.4,-1898.8
110.93,77.819,-20.474,-94.787,57.859,6.2058,-126.15,-65.428,165.81,248.28,-1927.3,-1927.4
106.05,73.908,-20.713,-90.146,54.931,4.8491,-124.49,-70.357,155.43,233.99,-1956.1,-1956.5
101.16,69.699,-20.961,-85.735,52.144,3.6666,-122.58,-75.268,144.16,218.95,-1986.5,-1986.6
96.106,65.252,-21.014,-81.387,49.365,2.6637,-120.38,-80.094,131.73,203.04,-2018.6,-2018
90.773,60.644,-20.756,-76.908,46.505,1.8255,-117.79,-84.712,118.2,186.38,-2051.9,-2050.1
85.193,55.894,-20.205,-72.169,43.574,1.0952,-114.71,-88.994,104.28,169.32,-2085.2,-2082.3
79.514,50.965,-19.486,-67.133,40.657,0.38149,-111.05,-92.845,91.038,152.33,-2117.5,-2113.7
73.921,45.81,-18.767,-61.877,37.833,-0.40666,-106.82,-96.208,79.088,135.8,-2148.3,-2144.2
68.537,40.446,-18.184,-56.645,35.094,-1.3242,-102.13,-99.042,68.277,119.87,-2178.1,-2174.2
63.357,34.972,-17.802,-51.785,32.371,-2.3752,-97.152,-101.31,58.127,104.29,-2207.5,-2204.2
58.3,29.513,-17.593,-47.465,29.634,-3.511,-92.006,-103.01,48.292,88.48,-2237.6,-2234.8
53.395,24.196,-17.435,-43.582,26.893,-4.6336,-86.713,-104.15,38.799,72.406,-2268.6,-2266.4
48.825,19.241,-17.131,-39.977,24.055,-5.616,-81.291,-104.81,30.062,57.376,-2300.5,-2298.4
44.721,14.927,-16.471,-36.564,20.911,-6.3474,-75.79,-105.07,22.586,44.776,-2332.6,-2330.2
40.958,11.362,-15.319,-33.233,17.373,-6.7822,-70.242,-105.03,16.572,34.546,-2363.9,-2361
37.164,8.4429,-13.681,-29.757,13.674,-6.9616,-64.643,-104.78,11.844,25.961,-2393.5,-2390.1
32.862,6.0247,-11.698,-25.854,10.151,-6.993,-58.975,-104.36,8.099,18.982,-2420.5,-2416.7
27.673,4.0404,-9.5729,-21.337,6.9258,-7.0019,-53.228,-103.76,5.0644,13.958,-2444.5,-2440.8
21.578,2.4341,-7.4991,-16.267,3.9278,-7.089,-47.44,-102.99,2.5326,10.457,-2465.8,-2462.5
15.049,1.0679,-5.618,-11.034,1.0801,-7.3058,-41.743,-102.04,0.34745,7.675,-2485.2,-2482.6
8.844,-0.21999,-4.0007,-6.2596,-1.596,-7.6512,-36.334,-100.94,-1.605,5.1054,-2504.1,-2502.2
3.5771,-1.5108,-2.6555,-2.4243,-3.998,-8.0873,-31.395,-99.708,-3.4069,2.5386,-2523.9,-2522.4
-0.54826,-2.8038,-1.5582,0.42561,-6.0433,-8.5699,-27.019,-98.393,-5.1168,-0.07961,-2545.8,-2544.2
-3.6417,-4.0795,-0.68478,2.5312,-7.7263,-9.072,-23.195,-97.013,-6.7719,-2.7222,-2570.1,-2568
-5.872,-5.3329,-0.039206,4.1292,-9.0516,-9.5903,-19.868,-95.58,-8.3831,-5.3184,-2596.2,-2593.7
-7.3171,-6.5611,0.33056,5.332,-9.957,-10.138,-17.023,-94.101,-9.9374,-7.7821,-2623.4,-2620.5
-7.972,-7.7464,0.33838,6.1578,-10.316,-10.738,-14.678,-92.587,-11.413,-10.04,-2650.4,-2647.4
-7.8425,-8.8568,-0.10961,6.6084,-9.9996,-11.419,-12.818,-91.072,-12.8,-12.057,-2676.4,-2673.6
-7.0177,-9.8589,-1.0697,6.7211,-8.9601,-12.206,-11.388,-89.6,-14.109,-13.839,-2701.3,-2698.9
-5.6758,-10.724,-2.516,6.5686,-7.2913,-13.103,-10.314,-88.21,-15.351,-15.421,-2725.5,-2723.6
-4.0629,-11.434,-4.3154,6.2433,-5.2409,-14.074,-9.5278,-86.896,-16.524,-16.842,-2749.5,-2748.3
-2.4666,-11.989,-6.2392,5.853,-3.1613,-15.047,-8.957,-85.594,-17.592,-18.125,-2774.2,-2773.6
-1.1677,-12.411,-8.02,5.5109,-1.415,-15.94,-8.5276,-84.197,-18.495,-19.273,-2799.7,-2799.5
-0.36644,-12.742,-9.4381,5.3047,-0.26355,-16.693,-8.1641,-82.597,-19.171,-20.289,-2825.6,-2825.7
-0.1127,-13.018,-10.398,5.2623,0.21641,-17.288,-7.7967,-80.716,-19.579,-21.186,-2851.4,-2851.4
-0.28882,-13.265,-10.95,5.3431,0.14488,-17.751,-7.3712,-78.525,-19.722,-22.003,-2876.4,-2876.1
-0.65614,-13.494,-11.254,5.4604,-0.22118,-18.128,-6.8616,-76.047,-19.652,-22.788,-2899.9,-2899
-0.94563,-13.711,-11.502,5.5224,-0.58136,-18.459,-6.2745,-73.345,-19.445,-23.57,-2921.9,-2920.3
-0.9535,-13.918,-11.843,5.47,-0.69242,-18.767,-5.64,-70.513,-19.17,-24.347,-2942.5,-2940.2
-0.61437,-14.116,-12.321,5.2989,-0.44944,-19.046,-4.9896,-67.637,-18.856,-25.068,-2962.1,-2959.1
-0.017606,-14.3,-12.865,5.0613,0.089372,-19.268,-4.3343,-64.767,-18.489,-25.652,-2981.2,-2977.7
0.63173,-14.465,-13.327,4.8484,0.74051,-19.401,-3.658,-61.896,-18.02,-26.012,-3000.4,-2996.9
1.0911,-14.609,-13.568,4.7567,1.2752,-19.436,-2.9324,-58.973,-17.397,-26.096,-3020.3,-3016.9
1.1731,-14.739,-13.531,4.8495,1.5142,-19.397,-2.1403,-55.936,-16.591,-25.9,-3041.1,-3038.1
0.8141,-14.86,-13.269,5.1298,1.393,-19.33,-1.2906,-52.732,-15.606,-25.46,-3063.1,-3060.5
0.083532,-14.971,-12.901,5.5448,0.96599,-19.283,-0.41593,-49.319,-14.476,-24.841,-3086,-3083.6
-0.85557,-15.08,-12.562,6.0151,0.36649,-19.294,0.43685,-45.658,-13.26,-24.115,-3109.5,-3107.2
-1.8001,-15.192,-12.345,6.4596,-0.24799,-19.374,1.2213,-41.716,-12.025,-23.355,-3133,-3130.7
-2.5599,-15.308,-12.277,6.8059,-0.74433,-19.5,1.9024,-37.49,-10.834,-22.626,-3156.2,-3153.9
-3.0009,-15.409,-12.311,6.9956,-1.0474,-19.615,2.4687,-33.069,-9.7306,-21.978,-3178.5,-3176.4
-3.0701,-15.461,-12.356,6.9964,-1.1496,-19.648,2.9348,-28.67,-8.748,-21.444,-3200,-3198
-2.7975,-15.437,-12.328,6.815,-1.0916,-19.548,3.3334,-24.58,-7.9065,-21.024,-3220.8,-3218.8
-2.2743,-15.327,-12.199,6.4976,-0.92509,-19.311,3.694,-21.025,-7.2197,-20.689,-3241.3,-3239.2
-1.6134,-15.149,-12.021,6.1125,-0.68004,-18.984,4.0285,-18.073,-6.6898,-20.377,-3262.1,-3259.7
-0.91194,-14.927,-11.884,5.7256,-0.3519,-18.64,4.3323,-15.642,-6.2977,-20.004,-3283.4,-3280.8
-0.23441,-14.677,-11.873,5.3799,0.087038,-18.345,4.5954,-13.565,-5.9965,-19.483,-3305.6,-3302.7
0.38571,-14.386,-12.028,5.0865,0.66217,-18.123,4.8198,-11.679,-5.7176,-18.745,-3328.3,-3325.4
0.93442,-14.01,-12.334,4.8263,1.3675,-17.945,5.0274,-9.8698,-5.3917,-17.761,-3351.3,-3348.5
1.4056,-13.491,-12.732,4.5652,2.1503,-17.74,5.2533,-8.1002,-4.9751,-16.558,-3374.3,-3371.9
1.7886,-12.793,-13.13,4.2759,2.9124,-17.436,5.526,-6.3966,-4.4661,-15.205,-3396.9,-3394.9
2.0623,-11.937,-13.414,3.9526,3.5251,-17.003,5.8488,-4.8113,-3.9002,-13.799,-3419.1,-3417.6
2.1962,-11.005,-13.467,3.6114,3.8523,-16.47,6.193,-3.3824,-3.3255,-12.428,-3441.2,-3439.9
2.1625,-10.104,-13.184,3.2771,3.7806,-15.882,6.5092,-2.11,-2.7754,-11.142,-3463.3,-3461.9
1.9535,-9.2979,-12.488,2.9688,3.2523,-15.242,6.7548,-0.95947,-2.2526,-9.9477,-3485.5,-3483.8
1.5904,-8.5849,-11.36,2.6935,2.3009,-14.511,6.9162,0.11592,-1.7352,-8.8197,-3507.8,-3505.7
1.1246,-7.9236,-9.8647,2.4481,1.0673,-13.646,7.0128,1.1484,-1.197,-7.7342,-3529.8,-3527.5
0.64344,-7.2781,-8.159,2.223,-0.21984,-12.646,7.0847,2.142,-0.62368,-6.6772,-3551.2,-3548.8
0.28485,-6.6354,-6.486,2.0029,-1.2877,-11.571,7.1783,3.0851,-0.012799,-5.6361,-3571.5,-3569.4
0.21845,-6.0042,-5.119,1.7705,-1.8696,-10.518,7.3284,3.9622,0.63543,-4.5865,-3591.1,-3589.4
0.56768,-5.407,-4.2851,1.5211,-1.7713,-9.5859,7.5477,4.7662,1.321,-3.4938,-3610.3,-3609.1
1.3156,-4.8756,-4.0795,1.2774,-0.96275,-8.8379,7.8216,5.5035,2.0415,-2.3313,-3629.7,-3628.9
2.2713,-4.4454,-4.4134,1.0895,0.35032,-8.2934,8.1161,6.1915,2.7885,-1.0988,-3649.9,-3649.3
3.129,-4.1432,-5.0204,1.0162,1.7592,-7.9312,8.397,6.8514,3.5485,0.17301,-3670.8,-3670.3
3.5811,-3.9738,-5.5417,1.103,2.7967,-7.6941,8.6492,7.5011,4.3071,1.4352,-3692.2,-3691.7
3.4102,-3.9141,-5.6507,1.3695,3.095,-7.4977,8.8787,8.1437,5.0515,2.6389,-3713.8,-3713.3
2.5237,-3.9224,-5.1394,1.8065,2.47,-7.2506,9.0937,8.7716,5.7688,3.75,-3734.9,-3734.5
0.96724,-3.9579,-3.9671,2.3785,0.93867,-6.8921,9.2838,9.3641,6.4422,4.7523,-3755.5,-3755.3
-1.0601,-3.9988,-2.2754,3.0261,-1.2805,-6.4243,9.4074,9.8936,7.0492,5.6436,-3775.5,-3775.6
-3.2192,-4.048,-0.36618,3.67,-3.7854,-5.9156,9.4032,10.33,7.5682,6.4313,-3795.3,-3795.5
-5.1045,-4.1238,1.3714,4.2202,-6.0676,-5.4704,9.2235,10.654,7.9895,7.132,-3815.1,-3815.4
-6.3544,-4.2407,2.5823,4.5929,-7.6535,-5.1798,8.8661,10.867,8.3213,7.7696,-3835.5,-3835.6
-6.7514,-4.3873,3.067,4.7327,-8.2496,-5.0778,8.3815,10.991,8.5865,8.3687,-3856.9,-3856.5
-6.2788,-4.5147,2.845,4.6318,-7.8194,-5.1181,7.8483,11.063,8.8105,8.9443,-3879.2,-3878.2
-5.1273,-4.5516,2.1178,4.3346,-6.5717,-5.2016,7.3388,11.117,9.0089,9.4942,-3902.5,-3900.8
-3.6401,-4.4433,1.162,3.9218,-4.878,-5.229,6.8892,11.18,9.1821,10,-3926.2,-3923.9
-2.192,-4.1821,0.22903,3.4794,-3.1493,-5.1503,6.4908,11.258,9.3185,10.439,-3950.2,-3947.3
-1.0559,-3.8053,-0.51298,3.0692,-1.7123,-4.9757,6.1021,11.348,9.4043,10.797,-3974.1,-3971.1
-0.34497,-3.3644,-0.98662,2.7123,-0.74035,-4.7411,5.676,11.436,9.435,11.079,-3997.7,-3994.8
-0.044747,-2.896,-1.18,2.3944,-0.26934,-4.469,5.1891,11.507,9.4189,11.305,-4021.1,-4018.4
-0.067612,-2.4144,-1.1201,2.0841,-0.25016,-4.1523,4.6589,11.553,9.3726,11.496,-4043.9,-4041.4
-0.28624,-1.9242,-0.85099,1.7593,-0.56872,-3.7668,4.139,11.575,9.3098,11.658,-4066.1,-4063.6
-0.55601,-1.4367,-0.42789,1.429,-1.0522,-3.2999,3.6934,11.576,9.2302,11.784,-4087.9,-4085.3
-0.73902,-0.97689,0.092569,1.1347,-1.5135,-2.7627,3.3641,11.563,9.117,11.856,-4109.3,-4106.5
-0.72302,-0.57445,0.66768,0.9159,-1.8124,-2.1843,3.1509,11.537,8.9467,11.863,-4130.7,-4127.8
-0.43735,-0.23812,1.2807,0.76181,-1.8898,-1.5945,3.0123,11.496,8.7049,11.805,-4152.3,-4149.7
0.11468,0.055368,1.9437,0.61727,-1.7781,-1.0092,2.8896,11.443,8.3996,11.701,-4174.3,-4172.4
0.81487,0.33522,2.6837,0.44702,-1.5933,-0.42876,2.7411,11.379,8.0638,11.589,-4196.6,-4196
1.4335,0.60585,3.5195,0.27876,-1.5029,0.14814,2.5662,11.313,7.7453,11.519,-4219.1,-4220.2
1.713,0.84504,4.4484,0.18607,-1.6748,0.71288,2.4044,11.251,7.489,11.542,-4241.6,-4244.3
1.4679,1.0133,5.4499,0.25036,-2.2372,1.2339,2.3087,11.188,7.317,11.681,-4263.9,-4267.9
0.59739,1.0567,6.4991,0.54269,-3.2634,1.6642,2.3151,11.108,7.2161,11.916,-4286.1,-4290.7
-0.94182,0.91783,7.5678,1.118,-4.7558,1.9583,2.4219,10.984,7.1406,12.186,-4308.8,-4313.1
-3.0847,0.56687,8.6093,1.9889,-6.6159,2.0916,2.5913,10.795,7.034,12.412,-4332.3,-4335.7
-5.5774,0.032774,9.5416,3.087,-8.613,2.07,2.7682,10.54,6.8574,12.541,-4356.9,-4359.2
-7.9901,-0.59065,10.251,4.2481,-10.406,1.9295,2.9061,10.245,6.609,12.571,-4382.6,-4383.8
-9.8334,-1.1693,10.624,5.2431,-11.629,1.723,2.9848,9.9563,6.3225,12.541,-4408.9,-4409.4
-10.709,-1.5713,10.588,5.8471,-11.997,1.5083,3.0165,9.7211,6.0486,12.511,-4435,-4435.3
-10.436,-1.7124,10.153,5.9261,-11.4,1.3377,3.0387,9.5651,5.8297,12.528,-4460.1,-4460.6
-9.1063,-1.5857,9.4157,5.4944,-9.9449,1.2466,3.09,9.4854,5.6822,12.608,-4483.8,-4484.9
-7.0675,-1.2614,8.5297,4.7095,-7.9336,1.2433,3.1864,9.4523,5.5903,12.73,-4506.5,-4508
-4.8061,-0.85308,7.6605,3.8043,-5.7749,1.3091,3.3098,9.4215,5.5153,12.846,-4529,-4530.6
-2.7904,-0.46994,6.936,2.995,-3.8591,1.4112,3.4167,9.3555,5.416,12.899,-4552.2,-4553.8
-1.3305,-0.17492,6.4269,2.4091,-2.4586,1.524,3.4608,9.2389,5.2682,12.838,-4577,-4578.1
-0.53501,0.029982,6.1548,2.0653,-1.6976,1.6385,3.4166,9.0848,5.0731,12.645,-4603.5,-4604
-0.37032,0.18274,6.11,1.9114,-1.5795,1.7607,3.2956,8.927,4.8516,12.334,-4631.1,-4630.9
-0.72915,0.31894,6.2611,1.8837,-2.0121,1.901,3.1394,8.8025,4.6317,11.958,-4658.7,-4658
-1.4501,0.44048,6.547,1.9424,-2.8087,2.0585,3.0044,8.7316,4.4371,11.593,-4685.3,-4684.5
-2.3283,0.5181,6.8745,2.0698,-3.7165,2.2104,2.9364,8.7065,4.2776,11.305,-4710.4,-4709.8
-3.1487,0.5208,7.1335,2.2503,-4.488,2.3164,2.9488,8.6888,4.1467,11.124,-4734.1,-4734.1
-3.7337,0.4439,7.2251,2.4532,-4.9435,2.3324,3.0154,8.6293,4.0205,11.027,-4757.2,-4758.1
-3.9835,0.31007,7.0949,2.6317,-5.0038,2.2371,3.0824,8.4912,3.8672,10.952,-4780.5,-4782.4
-3.8921,0.15202,6.7578,2.7403,-4.7029,2.0458,3.0951,8.2738,3.6669,10.831,-4805.1,-4807.8
-3.5503,0.00049684,6.2975,2.7588,-4.1773,1.8053,3.0277,8.017,3.4311,10.633,-4831.4,-4834.5
-3.1225,-0.12211,5.8306,2.7087,-3.6154,1.572,2.8956,7.7877,3.2023,10.376,-4859.2,-4862.3
-2.79,-0.21356,5.4537,2.6478,-3.1903,1.3846,2.742,7.6497,3.0366,10.12,-4887.7,-4890.6
-2.6873,-0.29888,5.1995,2.6476,-2.9989,1.2446,2.6061,7.6317,2.9722,9.9212,-4915.7,-4918.4
-2.8524,-0.42035,5.0246,2.7604,-3.0274,1.1177,2.5018,7.7127,3.0071,9.8054,-4942.3,-4945.1
-3.2058,-0.61188,4.8262,2.9895,-3.1561,0.95238,2.4117,7.8346,3.1003,9.7596,-4967.4,-4970.5
-3.5763,-0.87387,4.4836,3.2781,-3.2106,0.70768,2.2994,7.9335,3.1929,9.7434,-4991.7,-4995.1
-3.7713,-1.1648,3.9178,3.5276,-3.0392,0.3783,2.1333,7.9718,3.2375,9.7129,-5016.2,-5019.9
-3.6593,-1.4153,3.1501,3.6397,-2.5862,0.0061072,1.9067,7.9554,3.2204,9.6403,-5042.1,-5045.8
-3.2283,-1.5583,2.3173,3.5633,-1.9259,-0.32993,1.6436,7.9278,3.1667,9.5248,-5069.9,-5073.4
-2.5916,-1.557,1.6206,3.319,-1.2339,-0.54215,1.39,7.9449,3.1252,9.3885,-5099.2,-5102.4
-1.9363,-1.4178,1.2376,2.985,-0.70994,-0.56837,1.196,8.0429,3.1437,9.2617,-5129.1,-5132
-1.4424,-1.1823,1.2437,2.6587,-0.48697,-0.39895,1.0968,8.2181,3.249,9.1662,-5158.5,-5161.4
-1.2114,-0.91016,1.5745,2.4151,-0.57236,-0.086175,1.0959,8.4296,3.4387,9.1013,-5186.8,-5190
-1.2356,-0.661,2.0463,2.2827,-0.84806,0.26981,1.1629,8.6195,3.685,9.0416,-5214,-5217.8
-1.4178,-0.48105,2.425,2.2437,-1.1295,0.55464,1.2409,8.7398,3.9447,8.9504,-5240.8,-5245.1
-1.6271,-0.39528,2.5189,2.255,-1.2498,0.68124,1.2696,8.7713,4.1751,8.8034,-5267.7,-5272.1
-1.7642,-0.40262,2.2705,2.278,-1.1339,0.62656,1.2153,8.7283,4.35,8.6114,-5295,-5299.1
-1.8033,-0.47579,1.8011,2.2992,-0.83539,0.44896,1.0927,8.6492,4.4793,8.4258,-5322.6,-5326.1
-1.7898,-0.56513,1.3682,2.3284,-0.51399,0.27002,0.96359,8.5799,4.6106,8.3229,-5350.4,-5353.3
-1.7996,-0.61283,1.2436,2.3798,-0.35843,0.21955,0.90932,8.5536,4.8071,8.3699,-5378.7,-5381
-1.8857,-0.57974,1.5768,2.4548,-0.48788,0.37103,0.98986,8.5775,5.1106,8.5904,-5407.4,-5409.2
-2.0447,-0.46877,2.3193,2.5427,-0.88524,0.70403,1.212,8.6312,5.5168,8.949,-5436.3,-5437.9
-2.2253,-0.32712,3.2458,2.6336,-1.4084,1.1132,1.5267,8.6795,5.9704,9.3627,-5464.6,-5466.1
-2.3668,-0.22729,4.0551,2.7317,-1.867,1.4567,1.8578,8.691,6.3858,9.7359,-5490.5,-5491.9
-2.4393,-0.23773,4.4988,2.858,-2.112,1.617,2.1429,8.6525,6.6727,9.9973,-5514.8,-5516.4
-2.4743,-0.39882,4.4845,3.0485,-2.1031,1.543,2.3597,8.5707,6.7534,10.118,-5545.1,-5546.8
-2.5676,-0.71424,4.1036,3.3448,-1.9306,1.2585,2.5244,8.4638,6.5697,10.103,-5576.8,-5578.8
-2.842,-1.1581,3.5747,3.7787,-1.7796,0.84284,2.6695,8.3497,6.0858,9.9723,-5615.6,-5618
-3.3886,-1.6904,3.1388,4.3561,-1.8441,0.39435,2.8208,8.2374,5.2908,9.7354,-5667.3,-5670.1
-4.2176,-2.2714,2.9555,5.0457,-2.2339,-0.0077535,2.9848,8.1237,4.1918,9.3816,-5735.4,-5738.6
-5.2365,-2.8659,3.0466,5.7769,-2.9231,-0.32759,3.1484,7.9962,2.8025,8.8814,-5818.2,-5821.7
-6.2629,-3.4397,3.3019,6.4498,-3.7587,-0.57538,3.2884,7.8391,1.1404,8.1985,-5904.9,-5908.3
-7.074,-3.9547,3.5342,6.9593,-4.5126,-0.79354,3.3838,7.6415,-0.75931,7.3041,-5972.2,-5975.1
-7.4829,-4.3751,3.5511,7.2315,-4.9566,-1.0342,3.4267,7.4018,-2.8307,6.1861,-5984.2,-5986.4
-7.4099,-4.6837,3.2213,7.2569,-4.94,-1.336,3.4276,7.128,-4.9768,4.8451,-5897.7,-5899.6
-6.9125,-4.893,2.5149,7.0985,-4.4415,-1.709,3.4155,6.8358,-7.0822,3.2803,-5674.2,-5676.7
-6.154,-5.0326,1.5071,6.8651,-3.5663,-2.1273,3.4307,6.5452,-9.0369,1.4742,-5294.7,-5298.7
-5.3311,-5.1245,0.3473,6.6584,-2.4905,-2.534,3.5101,6.2775,-10.762,-0.6121,-4771.2,-4777.5
-4.5938,-5.1647,-0.79671,6.5272,-1.3862,-2.8643,3.6697,6.0511,-12.228,-3.0254,-4147.9,-4156.8
-3.9977,-5.1298,-1.7913,6.4523,-0.37262,-3.0743,3.8934,5.8781,-13.443,-5.7959,-3489.2,-3500.3
-3.5076,-4.9951,-2.56,6.3656,0.4892,-3.1516,4.1382,5.7628,-14.437,-8.9207,-2859.9,-2872.1
-3.044,-4.7441,-3.0733,6.1882,1.1742,-3.1009,4.3544,5.7017,-15.236,-12.367,-2306.5,-2318.9
-2.5458,-4.37,-3.3223,5.8658,1.6649,-2.9274,4.5112,5.6844,-15.859,-16.076,-1849.2,-1860.9
-2.0132,-3.8779,-3.298,5.3892,1.9329,-2.6346,4.6077,5.6941,-16.324,-19.95,-1484.3,-1495.1
-1.5109,-3.2917,-2.9921,4.7963,1.9394,-2.2351,4.6604,5.7097,-16.637,-23.848,-1194.1,-1204.1
-1.1344,-2.656,-2.4205,4.1589,1.6575,-1.7572,4.6824,5.7105,-16.785,-27.604,-956.74,-966.74
-0.96284,-2.0273,-1.6445,3.5579,1.103,-1.2439,4.672,5.6832,-16.726,-31.076,-753.17,-764.11
-1.0202,-1.4576,-0.77425,3.0567,0.35771,-0.74574,4.617,5.625,-16.388,-34.177,-569.22,-582.08
-1.2552,-0.98092,0.046089,2.6811,-0.43114,-0.31363,4.5035,5.5427,-15.695,-36.889,-395.83,-411.23
-1.5445,-0.60681,0.65957,2.4119,-1.0742,0.0081975,4.3245,5.448,-14.613,-39.236,-227.98,-245.97
-1.7199,-0.32334,0.92079,2.1948,-1.3799,0.18954,4.0825,5.3533,-13.183,-41.259,-63.855,-83.755
-1.6192,-0.10979,0.72758,1.9658,-1.206,0.21949,3.7879,5.2703,-11.526,-42.98,95.966,75.301
-1.1427,0.047622,0.054694,1.6834,-0.50687,0.10668,3.4537,5.207,-9.8124,-44.39,249.35,229.09
-0.29261,0.1516,-1.027,1.3479,0.64974,-0.12344,3.0932,5.165,-8.2174,-45.463,393.64,374.55
0.82816,0.20434,-2.3604,0.99516,2.1084,-0.4314,2.7194,5.1396,-6.8746,-46.17,526.49,508.7
2.0543,0.21717,-3.7409,0.67201,3.6701,-0.76874,2.345,5.1218,-5.8554,-46.503,646.21,629.33
3.2085,0.20671,-4.9704,0.41607,5.1279,-1.0885,1.9791,5.1033,-5.1856,-46.479,751.95,735.35
4.1402,0.18415,-5.904,0.25,6.295,-1.3578,1.626,5.0799,-4.8607,-46.134,843.9,827.11
4.7437,0.15137,-6.4701,0.18436,7.0324,-1.5633,1.29,5.0557,-4.853,-45.499,923.77,906.59
4.9582,0.10356,-6.6598,0.22365,7.2681,-1.7054,0.98496,5.0437,-5.1099,-44.584,994.76,977.33
4.7578,0.033482,-6.5029,0.37185,6.9948,-1.7899,0.73546,5.0613,-5.5582,-43.372,1061,1043.7
4.1466,-0.066247,-6.0499,0.63492,6.2586,-1.8241,0.56694,5.1214,-6.1189,-41.847,1126.3,1109.5
3.1649,-0.20515,-5.368,1.018,5.1497,-1.8193,0.49436,5.2277,-6.7249,-40.016,1193.2,1177.3
1.8962,-0.39256,-4.5382,1.517,3.7952,-1.789,0.51875,5.3762,-7.3265,-37.905,1262.3,1247.3
0.46717,-0.62899,-3.647,2.1088,2.3456,-1.7439,0.63164,5.5608,-7.8851,-35.557,1331.5,1317.3
-0.96188,-0.89797,-2.7788,2.7435,0.96047,-1.6866,0.82004,5.7758,-8.3657,-33.02,1397.5,1383.7
-2.2139,-1.1672,-2.0154,3.3489,-0.20156,-1.6168,1.0677,6.0111,-8.7384,-30.365,1456.6,1443
-3.1294,-1.3995,-1.4312,3.8489,-1.0014,-1.5412,1.3557,6.2484,-8.9845,-27.685,1506.6,1493
-3.6151,-1.5658,-1.0763,4.1868,-1.3563,-1.4754,1.6661,6.4636,-9.103,-25.079,1547.5,1534
-3.6777,-1.6511,-0.9537,4.3422,-1.2785,-1.4341,1.987,6.6348,-9.1106,-22.619,1581,1567.5
-3.4199,-1.6554,-1.013,4.3343,-0.88117,-1.4204,2.3123,6.7479,-9.0379,-20.336,1609.7,1596.3
-2.9977,-1.5956,-1.1712,4.2121,-0.34132,-1.429,2.6348,6.7979,-8.9219,-18.235,1635.9,1622.6
-2.5634,-1.5034,-1.3477,4.0372,0.16101,-1.455,2.9396,6.7868,-8.7939,-16.318,1661.5,1648.2
-2.2201,-1.4133,-1.4909,3.8634,0.49827,-1.4979,3.2051,6.7243,-8.6654,-14.594,1687.3,1674
-2,-1.3451,-1.5862,3.7189,0.62737,-1.5558,3.4111,6.628,-8.5202,-13.07,1713.9,1700.5
-1.8636,-1.2932,-1.6516,3.5998,0.59375,-1.62,3.5462,6.5199,-8.3216,-11.751,1741.8,1728.1
-1.7145,-1.2321,-1.7328,3.473,0.51235,-1.6772,3.6093,6.4197,-8.0347,-10.632,1771.4,1757.3
-1.429,-1.134,-1.8972,3.2933,0.53366,-1.7195,3.6071,6.3381,-7.6409,-9.7037,1803.4,1788.7
-0.90237,-0.98743,-2.2191,3.0277,0.80016,-1.7529,3.5515,6.2744,-7.1473,-8.9542,1838,1822.5
-0.10152,-0.80682,-2.7488,2.678,1.3967,-1.7966,3.4593,6.2174,-6.5837,-8.365,1875.1,1858.7
0.90274,-0.63244,-3.4833,2.2908,2.3083,-1.88,3.3485,6.149,-5.9939,-7.9125,1913.3,1896
1.9455,-0.51872,-4.3561,1.947,3.4087,-2.031,3.2309,6.0503,-5.4257,-7.5716,1950.3,1932.5
2.8163,-0.51489,-5.2516,1.7322,4.4875,-2.2642,3.1078,5.9079,-4.9188,-7.3203,1983.4,1965.6
3.3241,-0.64395,-6.0342,1.7035,5.3085,-2.5696,2.9709,5.7191,-4.4947,-7.1469,2010.3,1992.8
3.3529,-0.89389,-6.5837,1.8705,5.6789,-2.9158,2.8087,5.4925,-4.1539,-7.0549,2029.5,2012.9
2.888,-1.2242,-6.8252,2.196,5.506,-3.2616,2.6115,5.246,-3.8822,-7.0588,2041.1,2025.5
2.0129,-1.5817,-6.7469,2.615,4.8246,-3.57,2.3792,5.0008,-3.6593,-7.1648,2045.9,2031.4
0.88802,-1.917,-6.3988,3.0567,3.7896,-3.8154,2.1238,4.7771,-3.4666,-7.3455,2045.2,2031.6
-0.28438,-2.1948,-5.8786,3.4619,2.6334,-3.9854,1.8686,4.5897,-3.2894,-7.526,2040.1,2027.1
-1.3028,-2.3983,-5.3187,3.7898,1.5977,-4.0811,1.6443,4.4464,-3.113,-7.5959,2031.5,2018.8
-2.0032,-2.5286,-4.872,4.0189,0.87621,-4.1169,1.482,4.3479,-2.9172,-7.4469,2020.7,2007.6
-2.2743,-2.5978,-4.6801,4.1451,0.60262,-4.1135,1.4071,4.2899,-2.6761,-7.0142,2009.1,1995.4
-2.0682,-2.616,-4.8229,4.1775,0.86246,-4.0804,1.4395,4.2689,-2.3625,-6.2959,1998.4,1983.8
-1.4241,-2.5754,-5.2727,4.1323,1.6726,-4.0001,1.599,4.2894,-1.9543,-5.3391,1988.8,1973.5
-0.48782,-2.4432,-5.8795,4.0226,2.9138,-3.8278,1.9089,4.3692,-1.4401,-4.2089,1980,1964.1
0.50866,-2.1729,-6.4026,3.8511,4.2916,-3.5072,2.3979,4.538,-0.82168,-2.9608,1971.3,1955.1
1.3132,-1.7252,-6.5683,3.6148,5.4061,-2.9803,3.0938,4.8307,-0.10942,-1.6248,1962.2,1946
1.7237,-1.0767,-6.122,3.3169,5.8954,-2.1779,4.0271,5.2792,0.68932,-0.20015,1952.5,1936.6
1.6168,-0.19657,-4.8633,2.9745,5.5373,-0.99845,5.2332,5.9035,1.5814,1.3385,1942.1,1926.6
0.94818,0.99783,-2.6648,2.6114,4.2689,0.70159,6.7424,6.7051,2.5878,3.0203,1931.4,1916.3
-0.23463,2.671,0.51846,2.2363,2.1767,3.0878,8.5561,7.6658,3.7305,4.8499,1920.4,1905.7
-1.7697,5.0311,4.6347,1.8222,-0.51465,6.2862,10.624,8.7541,5.0162,6.7893,1909.3,1894.8
-3.3914,8.2046,9.509,1.2994,-3.4802,10.292,12.85,9.936,6.4291,8.7673,1898,1883.5
-4.7932,12.119,14.835,0.56883,-6.3658,14.95,15.126,11.183,7.9358,10.713,1886.5,1871.8
-5.7141,16.538,20.225,-0.47361,-8.8695,20.033,17.354,12.475,9.4991,12.59,1874.8,1859.8
-6.0082,21.211,25.296,-1.9096,-10.8,25.334,19.449,13.798,11.087,14.41,1863,1847.7
-5.674,25.987,29.745,-3.7753,-12.096,30.661,21.332,15.132,12.676,16.216,1851,1835.4
-4.8392,30.824,33.414,-6.0483,-12.815,35.785,22.939,16.448,14.242,18.045,1838.7,1823.1
-3.7054,35.715,36.387,-8.6563,-13.093,40.468,24.226,17.697,15.761,19.899,1825.9,1810.4
-2.479,40.622,39.038,-11.51,-13.078,44.608,25.158,18.815,17.194,21.741,1812.4,1797.3
-1.3198,45.486,41.871,-14.534,-12.892,48.291,25.702,19.726,18.49,23.488,1798.2,1783.5
-0.32696,50.269,45.128,-17.661,-12.672,51.672,25.823,20.355,19.58,25.035,1783.2,1768.9
0.45252,54.932,48.404,-20.808,-12.59,54.829,25.489,20.65,20.394,26.285,1767.4,1753.6
1.0137,59.425,51.001,-23.874,-12.816,57.769,24.665,20.595,20.891,27.189,1751.3,1737.6
1.3861,63.691,52.857,-26.784,-13.425,60.509,23.31,20.219,21.076,27.756,1735.1,1721.4
1.6134,67.695,54.521,-29.503,-14.36,63.144,21.378,19.577,20.992,28.032,1719,1705.2
1.7227,71.419,56.571,-32.022,-15.496,65.848,18.834,18.733,20.696,28.06,1703.2,1689.3
1.7052,74.869,59.384,-34.318,-16.746,68.793,15.715,17.733,20.233,27.862,1687.5,1673.8
1.5285,78.091,63.186,-36.336,-18.107,72.053,12.165,16.6,19.622,27.443,1672,1658.4
1.1698,81.174,68.025,-38.027,-19.704,75.549,8.4041,15.33,18.858,26.801,1656.4,1643.1
0.64549,84.199,73.614,-39.391,-21.735,79.103,4.6232,13.922,17.931,25.955,1640.6,1627.6
0.029755,87.194,79.408,-40.471,-24.217,82.52,0.93888,12.411,16.842,24.952,1624.5,1611.7
-0.54494,90.091,84.799,-41.314,-26.854,85.587,-2.568,10.862,15.631,23.866,1607.9,1595.2
-0.90837,92.645,89.058,-41.953,-29.155,87.999,-5.8098,9.3508,14.376,22.784,1590.7,1578
-0.88238,94.317,91.321,-42.425,-30.601,89.323,-8.7054,7.9321,13.166,21.785,1572.7,1559.9
-0.30797,94.403,90.816,-42.772,-30.771,89.065,-11.212,6.6473,12.072,20.918,1554,1540.9
0.91578,92.544,87.183,-43.03,-29.403,86.88,-13.326,5.5264,11.118,20.192,1534.4,1521
2.7722,89.063,80.716,-43.204,-26.435,82.827,-15.064,4.5831,10.278,19.582,1514,1500.3
5.0824,84.668,72.286,-43.256,-22.037,77.408,-16.445,3.8062,9.4947,19.036,1493.2,1479
7.526,79.942,62.908,-43.087,-16.637,71.31,-17.488,3.1582,8.7057,18.493,1472.1,1457.5
9.7386,75.151,53.353,-42.522,-10.915,65.079,-18.211,2.5836,7.8646,17.885,1450.9,1436
11.445,70.322,44.152,-41.331,-5.6193,58.976,-18.643,2.0207,6.9537,17.152,1429.7,1414.7
12.536,65.364,35.759,-39.363,-1.3058,53.055,-18.825,1.4138,5.9672,16.262,1408.6,1393.8
13.044,60.141,28.488,-36.656,1.7698,47.313,-18.81,0.72373,4.9137,15.231,1387.9,1373.4
13.039,54.536,22.397,-33.385,3.5927,41.746,-18.647,-0.067292,3.8113,14.115,1367.6,1353.6
12.566,48.52,17.413,-29.736,4.3622,36.384,-18.364,-0.95554,2.6808,12.983,1347.8,1334.3
11.649,42.215,13.703,-25.877,4.4177,31.391,-17.956,-1.924,1.5383,11.883,1328.2,1315.1
10.325,35.885,11.409,-21.937,4.021,26.963,-17.392,-2.9578,0.38681,10.836,1308.1,1295.6
8.6427,29.827,9.8169,-17.964,3.2545,22.935,-16.636,-4.0577,-0.7861,9.8274,1286.9,1274.9
6.6204,24.217,8.5599,-13.932,2.1338,18.77,-15.691,-5.2389,-2.0027,8.8217,1264,1252.4
4.2499,19.01,7.807,-9.8392,0.72646,14.433,-14.618,-6.512,-3.2807,7.7845,1239.2,1228.1
1.654,14.028,7.562,-5.8513,-0.82598,10.736,-13.52,-7.8656,-4.6198,6.6955,1212.7,1202
-0.84485,9.3465,7.633,-2.3255,-2.3289,8.1712,-12.505,-9.271,-5.9991,5.5517,1185.4,1174.9
-2.9038,5.5566,7.77,0.41069,-3.5753,6.5246,-11.655,-10.714,-7.3919,4.3567,1158.2,1147.8
-4.3468,3.0632,7.7578,2.3164,-4.4045,5.4064,-11.01,-12.228,-8.7878,3.1066,1132.3,1121.8
-5.1823,1.549,7.4677,3.5933,-4.7482,4.5258,-10.581,-13.908,-10.208,1.7825,1108.2,1097.6
-5.5376,0.50466,6.8786,4.4783,-4.6506,3.7206,-10.359,-15.888,-11.7,0.35441,1086.1,1075.4
-5.5991,-0.38399,6.0665,5.149,-4.2546,2.9265,-10.325,-18.303,-13.326,-1.2044,1065.4,1054.9
-5.5609,-1.2543,5.1635,5.7267,-3.7518,2.1386,-10.465,-21.234,-15.135,-2.9034,1045.4,1035.3
-5.5691,-2.1474,4.2955,6.2815,-3.3121,1.3781,-10.76,-24.647,-17.136,-4.7232,1025.5,1016
-5.6824,-3.0503,3.5259,6.8291,-3.0239,0.66573,-11.191,-28.345,-19.276,-6.6106,1005.2,996.58
-5.867,-3.9254,2.8323,7.3384,-2.8722,-0.0007776,-11.734,-32.015,-21.441,-8.4829,984.87,976.88
-6.0309,-4.7445,2.124,7.7642,-2.761,-0.65755,-12.361,-35.34,-23.494,-10.242,964.63,957.1
-6.0806,-5.5213,1.2886,8.0814,-2.5679,-1.3675,-13.039,-38.11,-25.296,-11.796,944.76,937.41
-5.9695,-6.3032,0.24675,8.3034,-2.2022,-2.1943,-13.732,-40.249,-26.759,-13.09,925.25,917.88
-5.7127,-7.1369,-1.0097,8.4674,-1.6412,-3.168,-14.398,-41.779,-27.869,-14.123,905.86,898.37
-5.3641,-8.0259,-2.4125,8.6096,-0.93022,-4.2586,-14.997,-42.782,-28.688,-14.947,886.21,878.57
-4.9857,-8.9153,-3.8404,8.7463,-0.15566,-5.3767,-15.504,-43.371,-29.328,-15.65,865.95,858.16
-4.6231,-9.7202,-5.16,8.8728,0.59284,-6.4072,-15.92,-43.678,-29.91,-16.332,844.88,836.96
-4.2966,-10.375,-6.2756,8.9761,1.2564,-7.2608,-16.27,-43.841,-30.541,-17.068,823.09,815
-4.0027,-10.867,-7.1639,9.0466,1.8231,-7.9131,-16.588,-43.987,-31.266,-17.903,800.88,792.55
-3.7219,-11.228,-7.8734,9.08,2.3167,-8.4072,-16.897,-44.221,-32.082,-18.844,778.65,770.04
-3.4331,-11.508,-8.4888,9.0735,2.7684,-8.8211,-17.199,-44.612,-32.968,-19.868,756.82,748
-3.1307,-11.741,-9.0809,9.0237,3.1871,-9.2209,-17.479,-45.182,-33.894,-20.93,735.72,726.88
-2.8417,-11.934,-9.6642,8.9338,3.543,-9.6298,-17.713,-45.901,-34.841,-21.973,715.61,707
-2.6305,-12.084,-10.183,8.8239,3.769,-10.025,-17.883,-46.696,-35.794,-22.937,696.56,688.47
-2.577,-12.193,-10.533,8.7322,3.7834,-10.358,-17.979,-47.466,-36.739,-23.775,678.42,671.2
-2.7326,-12.268,-10.61,8.6964,3.529,-10.574,-18.002,-48.124,-37.657,-24.454,660.88,654.84
-3.0769,-12.308,-10.378,8.7249,3.0169,-10.637,-17.956,-48.613,-38.518,-24.97,643.54,638.64
-3.5051,-12.295,-9.9044,8.7839,2.3533,-10.546,-17.843,-48.924,-39.287,-25.357,625.93,621.74
-3.8616,-12.217,-9.3561,8.8157,1.7222,-10.343,-17.671,-49.101,-39.944,-25.665,607.68,603.74
-4.0043,-12.083,-8.9301,8.7774,1.3169,-10.105,-17.446,-49.231,-40.492,-25.95,588.73,584.12
-3.8636,-11.934,-8.7688,8.6697,1.2634,-9.9075,-17.174,-49.417,-40.957,-26.249,568.52,561.42
-3.467,-11.824,-8.9055,8.5367,1.5778,-9.7952,-16.856,-49.743,-41.369,-26.569,545.64,535.84
-2.9208,-11.782,-9.2629,8.4398,2.1724,-9.7615,-16.489,-50.247,-41.754,-26.899,520.78,511.08
-2.3704,-11.808,-9.6977,8.425,2.8904,-9.7655,-16.084,-50.94,-42.141,-27.243,497.32,489.57
-1.9553,-11.878,-10.064,8.5056,3.5468,-9.7638,-15.674,-51.827,-42.575,-27.654,476.77,470.39
-1.7744,-11.966,-10.261,8.6627,3.9704,-9.7378,-15.313,-52.924,-43.117,-28.226,457.87,452.12
-1.8694,-12.061,-10.242,8.8632,4.0416,-9.6952,-15.052,-54.25,-43.828,-29.055,439.26,433.9
-2.2376,-12.157,-9.9958,9.0786,3.7116,-9.6453,-14.92,-55.788,-44.736,-30.178,420.32,415.25
-2.8565,-12.239,-9.5243,9.2928,2.9962,-9.5719,-14.904,-57.474,-45.804,-31.527,401.05,396.04
-3.689,-12.273,-8.8301,9.499,1.966,-9.431,-14.959,-59.193,-46.946,-32.936,381.85,376.56
-4.6655,-12.217,-7.9399,9.6932,0.74461,-9.1787,-15.02,-60.823,-48.038,-34.206,363.3,357.3
-5.6716,-12.05,-6.9363,9.8703,-0.49706,-8.8048,-15.028,-62.269,-48.964,-35.189,345.71,338.54
-6.5593,-11.787,-5.9644,10.02,-1.5616,-8.3472,-14.951,-63.494,-49.656,-35.851,328.8,320.14
-7.1804,-11.466,-5.1946,10.122,-2.2615,-7.8758,-14.798,-64.526,-50.12,-36.272,311.67,301.45
-7.4285,-11.126,-4.754,10.15,-2.4708,-7.4595,-14.619,-65.452,-50.42,-36.593,293.23,281.78
-7.2733,-10.787,-4.6665,10.074,-2.1798,-7.1365,-14.495,-66.386,-50.651,-36.953,272.87,261.09
-6.7737,-10.445,-4.8325,9.8761,-1.5176,-6.901,-14.512,-67.444,-50.893,-37.432,251.59,240.82
-6.0693,-10.083,-5.0576,9.5624,-0.7238,-6.7052,-14.738,-68.709,-51.204,-38.032,232,223.16
-5.3517,-9.6755,-5.1086,9.1659,-0.080563,-6.4702,-15.194,-70.228,-51.626,-38.713,215.99,208.88
-4.82,-9.1774,-4.7723,8.7374,0.1652,-6.0934,-15.83,-72.017,-52.229,-39.485,203.25,197.11
-4.6275,-8.5076,-3.9023,8.3248,-0.12922,-5.4501,-16.483,-74.083,-53.176,-40.506,192.43,186.59
-4.8408,-7.539,-2.4397,7.9552,-0.96121,-4.3976,-16.844,-76.439,-54.75,-42.131,182.29,176.44
-5.4303,-6.1273,-0.38985,7.6289,-2.1994,-2.7929,-16.515,-79.098,-57.312,-44.84,171.75,165.86
-6.3143,-4.2136,2.4097,7.3286,-3.7784,-0.47737,-15.253,-82.051,-60.982,-48.939,159.85,154.09
-7.5397,-1.9605,5.3808,7.0271,-6.6318,2.1948,-13.224,-85.233,-63.868,-53.526,145.92,140.46
-9.9023,-1.2282,5.5332,6.6869,-7.3014,2.3368,-12.164,-88.533,-62.129,-53.817,130.02,125
-10.675,-3.5675,3.2101,6.2517,-5.332,1.0914,-18,-91.832,-60.587,-53.443,113.49,109.09
-8.0518,-4.8436,-1.338,5.6387,-2.075,-1.8477,-21.05,-94.939,-59.596,-52.09,98.462,95.196
-6.3737,-6.4086,-5.8329,4.7221,1.1359,-4.9058,-24.678,-97.229,-60.231,-50.687,85.708,84.088
-6.0835,-6.7884,-7.1206,3.2791,2.226,-5.5683,-27.691,-96.854,-63.741,-51.394,73.836,73.474
-8.2174,-3.8677,-1.3398,1.2828,-1.6955,-0.81253,-27.711,-91.913,-70.892,-57.142,63.47,63.805
-15.81,4.58,16.27,7.4522,-14.434,12.519,-21.666,-99.494,-86.554,-75.089,62.606,65.85
-32.804,20.709,50.205,10.582,-39.865,37.265,-5.6911,-111.2,-117.91,-113.15,58.094,64.295
-60.101,46.05,102.46,11.639,-79.619,75.111,24.156,-124.14,-166.46,-174.6,22.766,28.636
-94.857,80.785,171.2,11.879,-131.36,125.69,68.337,-136.21,-230.14,-257.95,-18.917,-14.029
-132.09,123.3,250.2,9.548,-189.28,185.59,121.39,-143.73,-302.76,-355.81,-62.257,-58.147
-165.53,169.72,330.02,2.5365,-245.79,248.44,175.83,-141.48,-373.16,-453.77,-98.637,-95.228
-189.3,216.06,400.99,-10.72,-293.28,308.26,225.36,-122.81,-425.57,-531.73,-116.95,-114.08
-198.34,262.34,455.37,-31.327,-324.97,358.97,264.83,-80.556,-442.79,-568.55,-105.65,-103.27
-187.87,307.3,487.79,-60.55,-335.75,397.41,290.92,-8.9942,-410.22,-545.81,-54.718,-52.998
-154.24,351.05,496.74,-100.21,-323.5,423.62,301.68,94.317,-318.31,-449.26,43.413,44.337
-95.777,396.58,483.86,-152.43,-288.08,439.84,295.51,227.5,-162.72,-268.53,193.91,194.22
-12.055,446.75,451.05,-218.85,-229.74,448.75,270.44,384.86,57.329,3.0634,399.7,399.72
96.776,502.18,398.73,-299.86,-149.33,451.3,223.92,559.34,342.29,367.46,660.31,660.22
228.76,559.55,325.37,-393.48,-47.357,445.05,153.3,745.05,694.49,821.25,969.43,969.12
380.21,610.49,226.11,-494.16,77.278,422.75,57.107,936.89,1115.6,1355.7,1312.4,1311.6
545.8,641.85,92.816,-592.5,226.21,373.05,-63.321,1128.5,1601.9,1952.9,1664.6,1663
717.27,638.6,-81.559,-676.68,398.72,284.72,-202.35,1309.3,2136.3,2578.7,1992.6,1990.3
882.14,589.53,-295.76,-734.89,587.83,152.73,-349.77,1460.8,2680,3178.8,2258.6,2255.8
1023.7,493.24,-533.97,-757.9,777.21,-15.68,-492.24,1554.9,3170.1,3683.9,2429.4,2426.4
1122.7,360.84,-765.48,-741.4,942.02,-199.27,-616.11,1557.6,3530.2,4024.3,2484.8,2482.1
1162.3,213.21,-952.44,-687.07,1054.9,-368.36,-710.26,1439.4,3688.9,4147.4,2422.6,2420.3
1132.9,74.053,-1062.1,-602.13,1094.6,-494.58,-767.86,1189.8,3601.6,4031.1,2255.2,2253.5
1036,-37.305,-1077.2,-497.4,1053.4,-559.49,-786.44,827.54,3265.6,3688.3,2004.2,2003.1
884.77,-109.98,-1000,-384.94,939.13,-558.47,-767.16,400.27,2723.3,3162.9,1694,1693.5
700.45,-142.27,-849.68,-276.23,771.85,-499.95,-714.06,-26.307,2054,2520.6,1349.2,1349.2
507.3,-140.12,-655.46,-180.63,578.3,-401.67,-633.55,-386.59,1355.9,1837.2,994.37,994.82
327.69,-114.08,-449.79,-104.11,385.83,-285.35,-534.3,-632.4,724.85,1188.4,655.07,655.86
178.49,-75.914,-261.71,-48.694,217.46,-171.54,-427.01,-743.34,234.82,639.38,357.58,358.68
69.189,-35.717,-111.88,-13.904,88.298,-75.833,-323.29,-728.02,-75.444,236.13,125.42,126.73
2.5317,-1.8905,-9.8303,1.3806,3.9827,-6.9909,-233.47,-617.95,-207.3,-2.245,-26.618,-25.294
-23.284,20.587,43.581,3.9411,-36.299,31.029,-164.18,-456.9,-196.52,-88.529,-97.951,-96.708
-25.897,32.018,59.599,0.091072,-45.662,44.943,-116.7,-288.64,-99.135,-63.958,-103.82,-102.62
-16.475,34.044,49.542,-4.8868,-35.667,41.121,-87.341,-146.05,26.046,17.011,-70.043,-68.808
-2.9788,29.138,27.276,-8.2676,-18.015,27.321,-69.801,-45.697,133.3,105.35,-23.541,-22.232
8.3341,21.567,4.0891,-9.5073,0.12806,11.783,-58.061,-3.0466,198.86,169.03,15.727,17.07
13.08,13.957,-14.412,-8.7086,13.049,-0.59276,-47.832,10.114,219.92,195.88,35.834,38.209
12.716,3.5355,-24.43,-3.7706,18.034,-9.4915,-37.671,8.764,206.76,189.25,39.161,42.045
9.3778,-2.4249,-26.685,-0.45217,16.912,-13.818,-27.343,2.031,174.06,160.83,22.716,25.426
5.0726,-2.8199,-18.869,0.77355,7.4341,-10.64,-17.999,-3.8215,135.54,123.3,1.4215,2.1894
4.202,-3.0503,-14.001,1.3662,6.1369,-8.6348,-9.7908,-5.9053,104.48,83.255,-1.4013,-0.78409
3.9053,-3.5041,-14.723,1.6266,6.0568,-9.54,-2.0856,-4.6734,82.113,62.566,-1.0648,-0.45158
3.8722,-4.157,-15.291,1.7838,6.0434,-10.804,3.5574,-3.2421,67.219,46.089,0.80103,1.4373
3.8066,-4.9011,-16.207,2.0199,6.0873,-12.066,5.1703,-0.99719,63.75,36.374,2.7383,3.3806
3.4577,-5.7662,-17.358,2.432,5.9995,-13.374,5.8759,1.709,64.188,34.391,3.9359,4.572
2.6859,-6.6888,-18.006,3.0117,5.539,-14.421,7.0562,2.174,58.29,30.763,4.2225,4.8272
1.5622,-7.478,-17.753,3.6572,4.5761,-14.962,8.7795,1.8848,50.016,24.773,3.828,4.3613
0.36093,-7.9811,-16.666,4.2207,3.2521,-14.96,10.883,1.4268,39.584,18.962,3.1339,3.5615
-0.60507,-8.1564,-15.094,4.5749,1.9143,-14.533,13.07,1.1007,29.281,15.35,2.4783,2.7805
-1.1366,-8.0552,-13.45,4.6711,0.88118,-13.863,15.042,1.0383,23.066,13.038,2.0927,2.2604
-1.2088,-7.7814,-12.043,4.5597,0.30794,-13.12,16.657,1.2395,19.635,11.197,2.1078,2.1415
-0.96117,-7.4508,-11.002,4.3668,0.16349,-12.418,17.947,1.6444,17.551,9.8405,2.5647,2.4748
-0.63859,-7.1516,-10.288,4.2398,0.26184,-11.806,19.033,2.2018,16.277,8.9725,3.4315,3.2338
-0.5067,-6.9167,-9.7462,4.2875,0.33104,-11.269,20.024,2.8948,15.554,8.5086,4.6263,4.3366
-0.76395,-6.723,-9.1714,4.5414,0.10314,-10.753,20.974,3.7328,15.218,8.3341,6.0396,5.6679
-1.4809,-6.5179,-8.3669,4.9551,-0.59954,-10.195,21.877,4.7309,15.144,8.3436,7.5412,7.0919
-2.5971,-6.2567,-7.2105,5.4374,-1.8117,-9.5495,22.683,5.8893,15.229,8.4554,8.9807,8.4571
-3.9699,-5.9243,-5.6933,5.8962,-3.4406,-8.8019,23.342,7.1806,15.382,8.611,10.2,9.6097
-5.4304,-5.5311,-3.8994,6.2668,-5.3313,-7.9623,23.826,8.5559,15.539,8.7736,11.07,10.43
-6.8126,-5.0971,-1.9561,6.5182,-7.3118,-7.0541,24.151,9.9659,15.685,8.9322,11.549,10.881
-7.9692,-4.6445,-0.0066513,6.6462,-9.2001,-6.1126,24.379,11.382,15.865,9.1032,11.701,11.032
-8.7903,-4.2001,1.7981,6.6651,-10.814,-5.1915,24.592,12.8,16.158,9.3214,11.684,11.041
-9.2238,-3.7961,3.3114,6.6015,-11.995,-4.3612,24.863,14.222,16.641,9.6194,11.677,11.082
-9.2868,-3.4591,4.4165,6.4863,-12.644,-3.6913,25.229,15.636,17.343,10.006,11.812,11.276
-9.0541,-3.1926,5.0626,6.3419,-12.766,-3.2244,25.677,17.013,18.231,10.451,12.123,11.639
-8.6287,-2.9719,5.295,6.1725,-12.485,-2.9557,26.155,18.306,19.201,10.896,12.542,12.086
-8.1249,-2.7596,5.2513,5.9747,-12.013,-2.8329,26.591,19.454,20.107,11.265,12.931,12.473
-7.6708,-2.5336,5.1168,5.7619,-11.57,-2.7796,26.925,20.391,20.807,11.503,13.137,12.658
-7.3841,-2.303,5.0468,5.5718,-11.301,-2.7315,27.131,21.075,21.224,11.602,13.055,12.558
-7.3124,-2.0994,5.0922,5.4439,-11.236,-2.6676,27.217,21.511,21.387,11.611,12.656,12.169
-7.3891,-1.9541,5.1747,5.3853,-11.28,-2.6193,27.22,21.756,21.414,11.621,11.994,11.557
-7.4479,-1.8806,5.1271,5.3567,-11.252,-2.6519,27.183,21.892,21.457,11.73,11.162,10.811
-7.2953,-1.8703,4.7774,5.2887,-10.956,-2.8256,27.139,21.994,21.642,12.011,10.263,10.012
-6.7985,-1.8951,4.0414,5.1178,-10.261,-3.1545,27.103,22.114,22.029,12.497,9.3711,9.2122
-5.9503,-1.9133,2.9767,4.8184,-9.1675,-3.5865,27.066,22.279,22.622,13.185,8.5302,8.4397
-4.8791,-1.8833,1.7689,4.4177,-7.8276,-4.0176,27.007,22.498,23.387,14.046,7.7485,7.699
-3.8045,-1.7843,0.66025,3.9886,-6.501,-4.3401,26.906,22.76,24.282,15.04,7.0064,6.9791
-2.9584,-1.631,-0.13409,3.6246,-5.4636,-4.4939,26.75,23.057,25.276,16.12,6.2728,6.2636
-2.5074,-1.4645,-0.48782,3.4041,-4.9168,-4.4841,26.556,23.395,26.368,17.247,5.529,5.548
-2.5031,-1.3233,-0.38214,3.3602,-4.9368,-4.3552,26.364,23.802,27.596,18.4,4.7872,4.8503
-2.8772,-1.2168,0.11273,3.4655,-5.4756,-4.1497,26.227,24.326,29.026,19.594,4.0888,4.2071
-3.4732,-1.1179,0.87556,3.6404,-6.392,-3.8865,26.186,25.008,30.717,20.876,3.4828,3.6533
-4.1031,-0.97547,1.7777,3.7779,-7.4958,-3.5632,26.246,25.86,32.677,22.311,2.9991,3.2034
-4.6164,-0.73934,2.722,3.7815,-8.6138,-3.1692,26.369,26.851,34.843,23.967,2.633,2.8439
-4.9563,-0.38468,3.6693,3.6026,-9.6605,-2.6956,26.488,27.919,37.105,25.908,2.348,2.5428
-5.1686,0.073766,4.6431,3.2619,-10.656,-2.1397,26.539,28.995,39.374,28.193,2.0932,2.2652
-5.3597,0.58415,5.6962,2.8427,-11.671,-1.5141,26.493,30.021,41.63,30.867,1.8275,1.9892
-5.6308,1.0757,6.8459,2.4557,-12.737,-0.85693,26.37,30.947,43.921,33.936,1.5398,1.7146
-6.0093,1.4851,8.0194,2.1849,-13.784,-0.23444,26.224,31.719,46.312,37.329,1.2558,1.4619
-6.4077,1.7819,9.0514,2.0401,-14.63,0.27623,26.115,32.27,48.831,40.905,1.027,1.2647
-6.6441,1.98,9.7429,1.9468,-15.053,0.61881,26.078,32.556,51.459,44.504,0.9093,1.1589
-6.5244,2.1325,9.9583,1.7833,-14.894,0.78594,26.118,32.605,54.165,48.034,0.94014,1.1723
-5.9375,2.311,9.6976,1.4393,-14.13,0.82456,26.212,32.547,56.957,51.516,1.1263,1.3182
-4.9074,2.5795,9.0976,0.85841,-12.884,0.81373,26.326,32.581,59.897,55.069,1.4439,1.5912
-3.5851,2.9753,8.363,0.052516,-11.386,0.82799,26.421,32.929,63.084,58.837,1.849,1.9684
-2.1937,3.5035,7.6821,-0.90772,-9.9009,0.90917,26.469,33.82,66.592,62.901,2.2956,2.4166
-0.95769,4.1481,7.1761,-1.9206,-8.6519,1.0619,26.453,35.489,70.411,67.214,2.7537,2.9032
-0.037775,4.9005,6.8935,-2.8951,-7.7749,1.2711,26.38,38.119,74.445,71.616,3.2209,3.4077
0.51464,5.7912,6.8293,-3.7925,-7.2954,1.5252,26.277,41.71,78.548,75.921,3.7219,3.9291
0.76915,6.9007,6.9382,-4.6453,-7.1313,1.8247,26.174,45.996,82.587,80.014,4.2954,4.4859
0.8908,8.3245,7.1354,-5.5388,-7.1217,2.1717,26.093,50.556,86.484,83.899,4.9776,5.1089
1.0855,10.097,7.3069,-6.5677,-7.078,2.5568,26.035,55.035,90.219,87.676,5.7881,5.8283
1.5316,12.134,7.3492,-7.797,-6.8484,2.9588,25.983,59.278,93.818,91.477,6.7238,6.6621
2.319,14.281,7.235,-9.2488,-6.3815,3.3594,25.916,63.291,97.337,95.381,7.7624,7.6083
3.4172,16.421,7.0585,-10.914,-5.7614,3.7659,25.817,67.121,100.83,99.365,8.8696,8.6441
4.6861,18.563,7.0096,-12.769,-5.1775,4.2222,25.676,70.796,104.33,103.3,10.009,9.7322
5.9322,20.826,7.2745,-14.787,-4.8283,4.7947,25.483,74.311,107.82,107.02,11.153,10.834
6.9997,23.368,7.9303,-16.961,-4.817,5.5398,25.23,77.662,111.28,110.41,12.292,11.927
7.8474,26.252,8.9029,-19.301,-5.1041,6.4837,24.911,80.881,114.68,113.44,13.448,13.024
8.5512,29.363,10.006,-21.8,-5.5317,7.6307,24.529,84.057,118.02,116.22,14.674,14.18
9.2474,32.469,11.025,-24.392,-5.8897,8.9836,24.105,87.31,121.37,118.93,16.046,15.482
10.076,35.381,11.793,-26.968,-5.9876,10.536,23.661,90.747,124.77,121.81,17.645,17.02
11.16,38.04,12.215,-29.437,-5.7119,12.224,23.206,94.394,128.29,125,19.52,18.848
12.609,40.48,12.284,-31.773,-5.06,13.917,22.714,98.153,131.88,128.53,21.673,20.95
14.516,42.788,12.099,-33.991,-4.1495,15.496,22.133,101.78,135.48,132.31,24.047,23.25
16.927,45.096,11.864,-36.122,-3.194,16.955,21.412,104.94,138.96,136.19,26.551,25.64
19.793,47.556,11.828,-38.204,-2.4397,18.415,20.527,107.4,142.26,139.99,29.099,28.035
22.916,50.292,12.195,-40.3,-2.0825,20.067,19.5,109.12,145.34,143.66,31.645,30.419
25.962,53.352,13.025,-42.477,-2.1934,22.084,18.386,110.19,148.23,147.2,34.207,32.858
28.635,56.676,14.203,-44.777,-2.6783,24.537,17.249,110.83,151.04,150.76,36.87,35.49
30.865,60.117,15.475,-47.194,-3.2923,27.335,16.141,111.28,153.93,154.54,39.766,38.48
32.826,63.495,16.537,-49.708,-3.7096,30.235,15.081,111.76,157.07,158.72,43.034,41.967
34.841,66.694,17.126,-52.321,-3.6212,32.949,14.053,112.4,160.55,163.43,46.774,46.024
37.264,69.704,17.091,-55.071,-2.8384,35.291,13.016,113.27,164.38,168.69,51.019,50.628
40.337,72.602,16.469,-58.005,-1.3715,37.24,11.919,114.36,168.44,174.41,55.718,55.652
44.075,75.478,15.501,-61.142,0.55863,38.937,10.726,115.59,172.59,180.44,60.732,60.884
48.256,78.375,14.553,-64.453,2.5893,40.648,9.4267,116.93,176.69,186.62,65.869,66.099
52.494,81.257,13.972,-67.854,4.3334,42.636,8.0361,118.3,180.66,192.82,70.959,71.148
56.382,84.051,13.955,-71.217,5.497,45,6.5899,119.67,184.51,199,75.936,76.036
59.633,86.734,14.5,-74.409,5.9607,47.593,5.1261,121,188.3,205.2,80.872,80.905
62.217,89.404,15.446,-77.371,5.8081,50.128,3.6659,122.25,192.1,211.55,85.942,85.979
64.424,92.224,16.538,-80.189,5.3036,52.363,2.2053,123.41,196,218.21,91.347,91.463
66.788,95.256,17.493,-83.085,4.8258,54.213,0.72145,124.42,200.06,225.33,97.209,97.455
69.838,98.452,18.067,-86.308,4.7685,55.734,-0.81218,125.27,204.3,232.98,103.51,103.9
73.78,101.81,18.148,-89.991,5.4336,57.072,-2.4165,125.91,208.71,241.08,110.1,110.62
78.307,105.42,17.827,-94.062,6.93,58.418,-4.1073,126.38,213.26,249.41,116.8,117.4
82.837,109.36,17.349,-98.291,9.0972,59.95,-5.9019,126.7,217.86,257.63,123.47,124.09
86.977,113.58,16.977,-102.43,11.567,61.73,-7.827,126.95,222.45,265.47,130.06,130.61
90.68,117.89,16.848,-106.35,14.013,63.656,-9.9214,127.17,226.94,272.93,136.55,136.95
94.088,122.08,16.935,-110.02,16.343,65.526,-12.23,127.4,231.33,280.2,142.96,143.14
97.357,125.93,17.102,-113.48,18.651,67.174,-14.789,127.62,235.6,287.57,149.29,149.18
100.58,129.33,17.195,-116.77,21.052,68.525,-17.607,127.83,239.73,295.28,155.53,155.1
103.75,132.26,17.118,-119.91,23.55,69.579,-20.635,127.99,243.68,303.42,161.64,160.9
106.86,134.79,16.863,-122.91,26.031,70.371,-23.748,128.1,247.41,311.93,167.61,166.58
109.88,137,16.497,-125.78,28.353,70.969,-26.767,128.2,250.92,320.62,173.45,172.19
112.81,138.97,16.116,-128.5,30.44,71.475,-29.537,128.31,254.27,329.25,179.18,177.82
115.63,140.73,15.799,-131.08,32.284,72.016,-32.017,128.48,257.57,337.65,184.88,183.54
118.32,142.29,15.589,-133.45,33.916,72.693,-34.316,128.73,260.92,345.72,190.59,189.41
120.82,143.63,15.491,-135.55,35.347,73.541,-36.646,129.02,264.34,353.48,196.35,195.44
123.08,144.75,15.493,-137.31,36.57,74.524,-39.234,129.29,267.79,360.99,202.16,201.61
125.11,145.66,15.568,-138.76,37.586,75.573,-42.246,129.46,271.15,368.27,207.95,207.78
126.98,146.44,15.666,-139.95,38.442,76.643,-45.707,129.44,274.29,375.26,213.61,213.78
128.8,147.12,15.718,-140.98,39.253,77.719,-49.452,129.16,277.07,381.72,218.94,219.34
130.66,147.77,15.649,-141.95,40.178,78.797,-53.201,128.6,279.41,387.43,223.77,224.23
132.6,148.42,15.391,-142.95,41.382,79.843,-56.74,127.78,281.29,392.25,227.98,228.36
134.64,149.07,14.895,-143.99,42.988,80.752,-60.055,126.74,282.77,396.22,231.55,231.73
136.76,149.69,14.113,-145.08,45.034,81.338,-63.287,125.54,283.89,399.5,234.52,234.46
138.93,150.19,12.983,-146.16,47.497,81.387,-66.617,124.16,284.75,402.25,236.98,236.7
141.13,150.49,11.431,-147.16,50.345,80.746,-70.166,122.54,285.41,404.67,239.03,238.6
143.32,150.52,9.4187,-148.01,53.533,79.374,-73.954,120.57,285.95,406.88,240.77,240.28
145.4,150.27,6.9809,-148.66,56.959,77.331,-77.919,118.11,286.38,408.95,242.28,241.8
147.28,149.75,4.2101,-149.11,60.461,74.727,-81.966,115.02,286.69,410.87,243.57,243.14
148.9,148.99,1.2119,-149.35,63.869,71.707,-86.011,111.22,286.84,412.55,244.63,244.27
150.24,148.06,-1.9131,-149.39,67.06,68.43,-90.013,106.69,286.75,413.86,245.37,245.08
151.31,146.99,-5.0391,-149.27,69.966,65.059,-93.962,101.48,286.36,414.69,245.71,245.51
152.12,145.85,-7.987,-149.01,72.538,61.732,-97.877,95.683,285.61,414.92,245.57,245.5
152.73,144.62,-10.577,-148.67,74.729,58.527,-101.8,89.323,284.48,414.5,244.92,245.02
153.18,143.28,-12.739,-148.26,76.498,55.459,-105.79,82.283,282.96,413.47,243.76,244.1
153.55,141.69,-14.559,-147.78,77.859,52.487,-109.86,74.309,281.04,411.87,242.12,242.75
153.84,139.72,-16.202,-147.17,78.9,49.544,-113.91,65.212,278.69,409.78,240,240.93
154.04,137.28,-17.801,-146.3,79.755,46.564,-117.67,55.188,275.83,407.14,237.34,238.57
154.14,134.4,-19.407,-145.12,80.532,43.509,-120.88,44.925,272.33,403.76,234.02,235.47
154,131.23,-20.986,-143.6,81.246,40.38,-123.41,35.258,268.02,399.31,229.89,231.45
153.44,127.88,-22.436,-141.74,81.783,37.202,-125.29,26.681,262.75,393.53,224.87,226.38
152.21,124.33,-23.607,-139.41,81.924,34.015,-126.63,19.225,256.48,386.33,218.97,220.3
150.11,120.49,-24.354,-136.48,81.433,30.88,-127.54,12.643,249.3,377.73,212.32,213.35
147,116.29,-24.577,-132.85,80.123,27.876,-128.05,6.6023,241.34,367.73,205.02,205.71
142.77,111.71,-24.261,-128.49,77.877,25.045,-128.16,0.75164,232.65,356.26,197.16,197.5
137.35,106.75,-23.487,-123.39,74.677,22.358,-127.87,-5.2857,223.28,343.22,188.78,188.79
130.85,101.48,-22.415,-117.62,70.665,19.746,-127.2,-11.913,213.25,328.67,179.89,179.59
123.71,96.011,-21.236,-111.39,66.182,17.18,-126.19,-19.452,202.67,312.96,170.49,169.97
116.61,90.551,-20.128,-105.05,61.664,14.708,-124.9,-27.876,191.75,296.78,160.63,160
110.14,85.345,-19.195,-99.051,57.458,12.435,-123.35,-36.651,180.75,280.78,150.38,149.73
104.51,80.579,-18.454,-93.7,53.715,10.456,-121.49,-45.078,169.73,265.21,139.79,139.19
99.558,76.288,-17.841,-89.02,50.41,8.8046,-119.26,-52.806,158.52,249.87,128.9,128.37
94.79,72.33,-17.266,-84.708,47.403,7.4495,-116.58,-59.84,146.76,234.33,117.7,117.23
89.666,68.421,-16.67,-80.268,44.518,6.3124,-113.38,-66.274,134.14,218.19,106.18,105.77
83.991,64.249,-16.068,-75.312,41.641,5.2962,-109.69,-72.186,120.6,201.26,94.316,93.998
78.139,59.622,-15.535,-69.808,38.83,4.3105,-105.68,-77.669,106.61,183.58,82.138,81.958
72.718,54.57,-15.158,-64.105,36.244,3.295,-101.57,-82.82,92.993,165.42,69.764,69.761
67.999,49.316,-14.978,-58.784,33.93,2.2272,-97.497,-87.7,80.364,147.25,57.497,57.716
63.775,44.132,-14.971,-54.308,31.754,1.1177,-93.477,-92.29,68.752,129.54,45.812,46.277
59.705,39.178,-15.071,-50.674,29.52,-0.0015238,-89.422,-96.5,57.804,112.53,35.165,35.883
55.628,34.46,-15.224,-47.546,27.087,-1.0962,-85.245,-100.21,47.183,95.901,25.858,26.776
51.571,29.898,-15.4,-44.615,24.488,-2.1397,-80.912,-103.34,36.779,79.089,17.97,18.993
47.678,25.404,-15.572,-41.766,21.908,-3.1105,-76.463,-105.84,26.744,62.571,11.428,12.438
44.084,20.933,-15.672,-39.031,19.499,-3.9815,-71.996,-107.73,17.495,48.007,6.0355,6.9394
40.779,16.525,-15.584,-36.414,17.295,-4.7151,-67.61,-109.07,9.6463,35.957,1.5278,2.2776
37.591,12.379,-15.178,-33.72,15.248,-5.2715,-63.343,-109.94,3.5606,25.457,-2.362,-1.7754
34.258,8.9037,-14.372,-30.601,13.241,-5.6287,-59.165,-110.39,-1.0486,15.96,-5.851,-5.4116
30.537,6.4225,-13.159,-26.788,11.115,-5.8018,-55.005,-110.49,-4.822,8.4454,-9.0783,-8.7551
26.316,4.8451,-11.621,-22.335,8.7547,-5.8467,-50.799,-110.29,-8.2501,3.3145,-12.107,-11.862
21.681,3.8169,-9.9052,-17.649,6.17,-5.8464,-46.516,-109.79,-11.528,-0.63726,-14.949,-14.747
16.89,3.0165,-8.1946,-13.256,3.5056,-5.8843,-42.198,-109.05,-14.641,-4.3069,-17.593,-17.416
12.297,2.2647,-6.674,-9.5219,1.002,-6.0204,-37.989,-108.09,-17.501,-7.9408,-20.036,-19.889
8.2605,1.5031,-5.4917,-6.5441,-1.0802,-6.2787,-34.093,-106.99,-20.063,-11.583,-22.293,-22.197
5.05,0.74528,-4.7291,-4.2497,-2.5453,-6.6493,-30.671,-105.83,-22.362,-15.258,-24.383,-24.367
2.7916,0.03277,-4.3857,-2.5287,-3.315,-7.0952,-27.759,-104.69,-24.48,-18.966,-26.305,-26.393
1.4796,-0.59775,-4.388,-1.3,-3.4275,-7.5633,-25.277,-103.63,-26.469,-22.636,-28.032,-28.229
1.016,-1.1313,-4.6229,-0.50408,-3.0019,-8.0021,-23.1,-102.6,-28.3,-26.102,-29.51,-29.799
1.214,-1.5787,-4.9822,-0.062564,-2.2049,-8.3839,-21.107,-101.56,-29.869,-29.166,-30.69,-31.034
1.7896,-1.9737,-5.3942,0.14959,-1.2344,-8.7213,-19.211,-100.4,-31.055,-31.682,-31.555,-31.908
2.4189,-2.3655,-5.8271,0.2876,-0.29384,-9.06,-17.373,-99.076,-31.791,-33.63,-32.137,-32.456
2.8412,-2.806,-6.2679,0.48611,0.45063,-9.4513,-15.597,-97.584,-32.108,-35.101,-32.51,-32.767
2.9088,-3.3299,-6.6893,0.82324,0.88982,-9.916,-13.909,-95.992,-32.124,-36.249,-32.772,-32.962
2.5698,-3.9362,-7.0272,1.3198,0.95804,-10.426,-12.337,-94.393,-31.999,-37.228,-33.026,-33.154
1.8466,-4.5843,-7.1856,1.9511,0.62783,-10.911,-10.891,-92.865,-31.872,-38.148,-33.354,-33.429
0.83296,-5.2079,-7.076,2.6541,-0.072591,-11.29,-9.5633,-91.436,-31.821,-39.06,-33.806,-33.827
-0.31674,-5.744,-6.6659,3.3407,-1.0474,-11.506,-8.3418,-90.074,-31.859,-39.969,-34.392,-34.351
-1.4252,-6.1553,-6.0026,3.9218,-2.1477,-11.551,-7.2161,-88.719,-31.945,-40.848,-35.089,-34.977
-2.3427,-6.4375,-5.1934,4.3374,-3.2118,-11.463,-6.1818,-87.307,-32.011,-41.657,-35.846,-35.667
-2.9893,-6.6152,-4.3604,4.576,-4.1129,-11.297,-5.2377,-85.795,-31.982,-42.358,-36.598,-36.376
-3.3705,-6.7347,-3.6013,4.6784,-4.7908,-11.11,-4.3803,-84.16,-31.801,-42.917,-37.288,-37.056
-3.5608,-6.8548,-2.9782,4.722,-5.2482,-10.945,-3.6008,-82.398,-31.439,-43.314,-37.879,-37.678
-3.658,-7.0304,-2.5283,4.7885,-5.5179,-10.843,-2.8836,-80.514,-30.89,-43.541,-38.366,-38.233
-3.732,-7.2931,-2.2773,4.9276,-5.627,-10.833,-2.2093,-78.515,-30.163,-43.605,-38.777,-38.741
-3.7958,-7.6338,-2.2413,5.1353,-5.5797,-10.929,-1.5609,-76.415,-29.267,-43.528,-39.16,-39.243
-3.8104,-8.0042,-2.4159,5.3597,-5.366,-11.121,-0.9303,-74.239,-28.225,-43.354,-39.581,-39.786
-3.7175,-8.3419,-2.7683,5.5311,-4.9832,-11.377,-0.31955,-72.032,-27.083,-43.151,-40.102,-40.417
-3.4812,-8.5993,-3.2375,5.5989,-4.4561,-11.652,0.26349,-69.859,-25.908,-42.976,-40.767,-41.161
-3.1145,-8.7608,-3.7482,5.5525,-3.8429,-11.906,0.81164,-67.79,-24.776,-42.857,-41.579,-42.009
-2.6773,-8.8401,-4.232,5.4197,-3.222,-12.113,1.3217,-65.874,-23.741,-42.776,-42.499,-42.921
-2.2535,-8.866,-4.649,5.2485,-2.6689,-12.271,1.793,-64.117,-22.823,-42.675,-43.461,-43.841
-1.9231,-8.8684,-4.9943,5.0875,-2.2371,-12.399,2.2254,-62.47,-21.997,-42.495,-44.402,-44.722
-1.7394,-8.8696,-5.2884,4.9706,-1.951,-12.524,2.6188,-60.842,-21.216,-42.188,-45.279,-45.534
-1.7153,-8.8777,-5.5601,4.9078,-1.8066,-12.669,2.9761,-59.114,-20.429,-41.737,-46.069,-46.268
-1.8203,-8.8881,-5.8306,4.8837,-1.7787,-12.848,3.304,-57.181,-19.593,-41.149,-46.77,-46.927
-1.9935,-8.8851,-6.1002,4.8674,-1.8331,-13.051,3.6115,-54.978,-18.695,-40.446,-47.384,-47.519
-2.1647,-8.8498,-6.3393,4.8274,-1.9361,-13.24,3.906,-52.494,-17.737,-39.645,-47.912,-48.043
-2.2689,-8.7659,-6.498,4.7407,-2.0539,-13.357,4.1923,-49.76,-16.732,-38.751,-48.349,-48.495
-2.2481,-8.6216,-6.5366,4.5887,-2.1426,-13.349,4.475,-46.835,-15.695,-37.75,-48.677,-48.85
-2.0467,-8.411,-6.4658,4.3502,-2.1415,-13.197,4.7626,-43.783,-14.638,-36.62,-48.882,-49.083
-1.6178,-8.1355,-6.3667,4.0045,-1.9752,-12.932,5.0694,-40.671,-13.565,-35.333,-48.973,-49.185
-0.94332,-7.8039,-6.3665,3.5446,-1.5782,-12.629,5.4143,-37.557,-12.477,-33.881,-48.963,-49.164
-0.058832,-7.4289,-6.5768,2.9908,-0.93359,-12.368,5.8175,-34.47,-11.379,-32.276,-48.874,-49.043
0.93605,-7.0272,-7.0336,2.3945,-0.098917,-12.2,6.2971,-31.396,-10.276,-30.549,-48.717,-48.836
1.8916,-6.6255,-7.6727,1.836,0.79868,-12.128,6.8667,-28.278,-9.1826,-28.746,-48.484,-48.543
2.6401,-6.2641,-8.3529,1.4082,1.5999,-12.116,7.5352,-25.035,-8.1064,-26.909,-48.147,-48.142
3.0497,-5.983,-8.9134,1.1843,2.1702,-12.107,8.3076,-21.595,-7.0424,-25.062,-47.662,-47.593
3.0924,-5.7978,-9.2407,1.179,2.4552,-12.047,9.1829,-17.946,-5.9673,-23.184,-46.981,-46.852
2.8755,-5.688,-9.3127,1.3278,2.5014,-11.908,10.148,-14.184,-4.8528,-21.244,-46.073,-45.891
2.5927,-5.6078,-9.1928,1.5119,2.4251,-11.695,11.17,-10.515,-3.6816,-19.224,-44.95,-44.724
2.4217,-5.5123,-8.982,1.6163,2.3458,-11.442,12.203,-7.1746,-2.4609,-17.144,-43.669,-43.409
2.4407,-5.3795,-8.7599,1.5825,2.3266,-11.191,13.202,-4.317,-1.2224,-15.068,-42.319,-42.029
2.6058,-5.2148,-8.5451,1.4288,2.3438,-10.967,14.148,-1.9645,-0.010669,-13.064,-40.982,-40.667
2.7774,-5.0404,-8.2895,1.2339,2.2963,-10.767,15.045,-0.047532,1.1343,-11.194,-39.712,-39.374
2.7755,-4.878,-7.9019,1.1003,2.051,-10.559,15.915,1.5359,2.188,-9.4815,-38.519,-38.159
2.451,-4.7301,-7.2978,1.1112,1.5105,-10.288,16.784,2.883,3.1439,-7.9119,-37.377,-36.986
1.7633,-4.5747,-6.4563,1.2947,0.68011,-9.8969,17.677,4.0748,4.0185,-6.4346,-36.233,-35.792
0.82331,-4.3747,-5.46,1.6093,-0.30148,-9.3554,18.612,5.1734,4.8427,-4.982,-35.031,-34.506
-0.13398,-4.1009,-4.4766,1.9592,-1.1982,-8.677,19.602,6.2196,5.6552,-3.4922,-33.734,-33.068
-0.83724,-3.7509,-3.6846,2.2314,-1.7662,-7.9263,20.643,7.2313,6.4875,-1.9305,-32.337,-31.481
-1.0866,-3.3497,-3.1894,2.3375,-1.8521,-7.1942,21.71,8.211,7.3504,-0.30187,-30.876,-29.799
-0.8337,-2.9338,-2.9716,2.2417,-1.4639,-6.5537,22.744,9.1482,8.2253,1.3457,-29.401,-28.101
-0.20701,-2.5345,-2.8758,1.9714,-0.79381,-6.018,23.669,10.027,9.0657,2.94,-27.999,-26.496
0.53085,-2.168,-2.659,1.6084,-0.1712,-5.5403,24.403,10.827,9.8083,4.4009,-26.761,-25.086
1.0775,-1.8351,-2.0871,1.26,0.059432,-5.0436,24.887,11.526,10.39,5.664,-25.751,-23.938
1.2026,-1.5257,-1.0255,1.015,-0.32326,-4.4602,25.088,12.114,10.775,6.6999,-25.014,-23.074
0.83209,-1.2244,0.49521,0.90737,-1.3332,-3.7656,24.996,12.6,10.956,7.5216,-24.548,-22.472
0.067609,-0.91994,2.2621,0.9089,-2.7699,-3.0041,24.622,13.005,10.957,8.1759,-24.307,-22.079
-0.8636,-0.61996,3.9261,0.95772,-4.2794,-2.2845,23.984,13.351,10.817,8.7133,-24.223,-21.833
-1.6981,-0.36597,5.1072,1.0026,-5.464,-1.7477,23.116,13.641,10.581,9.1716,-24.221,-21.68
-2.227,-0.22736,5.5296,1.0311,-6.008,-1.5142,22.066,13.857,10.284,9.5613,-24.24,-21.589
-2.3526,-0.26885,5.1162,1.0672,-5.7806,-1.635,20.895,13.97,9.9496,9.8713,-24.233,-21.527
-2.1007,-0.51192,4.0069,1.1477,-4.8641,-2.0671,19.653,13.952,9.5882,10.086,-24.189,-21.471
-1.5879,-0.91516,2.4949,1.2911,-3.4991,-2.685,18.38,13.798,9.2042,10.205,-24.097,-21.401
-0.95565,-1.3818,0.92471,1.4762,-1.9825,-3.3205,17.106,13.528,8.8043,10.253,-23.943,-21.296
-0.308,-1.7879,-0.41039,1.64,-0.57339,-3.8169,15.849,13.183,8.4047,10.273,-23.705,-21.127
0.30589,-2.0217,-1.3305,1.7047,0.55928,-4.0774,14.609,12.821,8.03,10.31,-23.372,-20.869
0.87035,-2.0208,-1.7938,1.616,1.3499,-4.0892,13.363,12.493,7.7038,10.391,-22.94,-20.517
1.3748,-1.7967,-1.894,1.3675,1.8164,-3.9127,12.065,12.235,7.4357,10.512,-22.444,-20.113
1.7896,-1.4322,-1.8172,1.0038,2.0102,-3.6468,10.669,12.048,7.2137,10.636,-21.958,-19.72
2.0531,-1.0491,-1.7308,0.60663,1.9669,-3.3919,9.1618,11.907,7.0092,10.705,-21.578,-19.422
2.0858,-0.75626,-1.6832,0.27194,1.6867,-3.2165,7.5891,11.773,6.7905,10.667,-21.376,-19.284
1.8298,-0.60637,-1.5914,0.081907,1.1517,-3.1195,6.0458,11.619,6.5376,10.505,-21.373,-19.341
1.2892,-0.58058,-1.3103,0.074426,0.369,-3.0171,4.6343,11.449,6.2522,10.25,-21.521,-19.551
0.55755,-0.5955,-0.72892,0.21717,-0.59081,-2.7926,3.4255,11.301,5.9582,9.977,-21.708,-19.822
-0.17313,-0.53865,0.15206,0.40481,-1.5751,-2.366,2.4475,11.226,5.6932,9.7719,-21.822,-20.034
-0.65304,-0.33005,1.1935,0.49969,-2.3663,-1.7421,1.6935,11.259,5.4917,9.6963,-21.76,-20.082
-0.67306,0.031629,2.1663,0.40356,-2.7459,-1.0096,1.1324,11.393,5.3699,9.7631,-21.469,-19.896
-0.16635,0.46711,2.8399,0.11602,-2.5754,-0.30634,0.71889,11.597,5.3218,9.94,-20.959,-19.474
0.74688,0.84895,3.0663,-0.25802,-1.8587,0.23082,0.40321,11.818,5.3266,10.174,-20.283,-18.862
1.7874,1.0494,2.8321,-0.55449,-0.76635,0.50905,0.13851,12.013,5.3624,10.422,-19.516,-18.141
2.6057,0.98743,2.2612,-0.62044,0.39927,0.50784,-0.11502,12.161,5.416,10.664,-18.726,-17.381
2.9002,0.65743,1.5781,-0.37153,1.2959,0.28175,-0.38797,12.258,5.4816,10.898,-17.97,-16.657
2.5151,0.12633,1.0337,0.1843,1.6531,-0.062365,-0.70096,12.315,5.552,11.122,-17.279,-16.018
1.465,-0.49612,0.82585,0.96242,1.3459,-0.40296,-1.0656,12.337,5.6088,11.313,-16.684,-15.495
-0.10472,-1.0978,1.0491,1.839,0.39734,-0.6405,-1.4861,12.326,5.623,11.431,-16.214,-15.103
-1.967,-1.5916,1.6894,2.6908,-1.0584,-0.72195,-1.9622,12.276,5.5653,11.434,-15.889,-14.844
-3.8499,-1.9302,2.643,3.4212,-2.7998,-0.64542,-2.4885,12.185,5.4196,11.298,-15.706,-14.715
-5.4792,-2.1101,3.7361,3.9683,-4.5349,-0.45258,-3.052,12.053,5.1904,11.037,-15.647,-14.704
-6.6274,-2.1656,4.7535,4.3021,-5.9558,-0.20978,-3.6285,11.887,4.902,10.699,-15.665,-14.771
-7.1494,-2.1546,5.4923,4.4212,-6.8115,0.013962,-4.1807,11.704,4.5933,10.354,-15.681,-14.859
-7.0015,-2.1364,5.8115,4.3555,-6.9579,0.16684,-4.6636,11.521,4.3073,10.071,-15.606,-14.885
-6.2602,-2.1368,5.6679,4.1613,-6.3822,0.23016,-5.0387,11.356,4.079,9.896,-15.369,-14.764
-5.1201,-2.1284,5.1304,3.8946,-5.2203,0.22418,-5.2884,11.217,3.9264,9.8374,-14.949,-14.444
-3.8387,-2.0534,4.3644,3.5959,-3.7412,0.19142,-5.4252,11.1,3.8424,9.8584,-14.384,-13.928
-2.6634,-1.8769,3.5873,3.2964,-2.2786,0.17815,-5.49,10.986,3.7986,9.8904,-13.76,-13.28
-1.7885,-1.6171,3.0057,3.0313,-1.1366,0.21778,-5.5382,10.849,3.7549,9.8626,-13.161,-12.596
-1.3405,-1.3293,2.7617,2.8395,-0.52083,0.32874,-5.6167,10.671,3.6767,9.7286,-12.639,-11.971
-1.3645,-1.0623,2.9067,2.7468,-0.51155,0.51946,-5.7433,10.454,3.5516,9.4919,-12.202,-11.469
-1.805,-0.83023,3.4076,2.7465,-1.0596,0.79426,-5.9004,10.216,3.3912,9.1976,-11.821,-11.097
-2.5083,-0.61235,4.1693,2.7941,-1.9994,1.1508,-6.0475,9.9834,3.2183,8.9038,-11.458,-10.823
-3.2602,-0.3756,5.0577,2.8247,-3.0851,1.5754,-6.1446,9.7678,3.0481,8.6474,-11.09,-10.597
-3.8526,-0.10133,5.9262,2.7842,-4.0571,2.0373,-6.1721,9.5613,2.8784,8.424,-10.725,-10.376
-4.1475,0.20294,6.6508,2.6526,-4.7173,2.4926,-6.1367,9.3387,2.6892,8.1925,-10.386,-10.136
-4.114,0.51101,7.1686,2.4488,-4.9833,2.9007,-6.062,9.0702,2.4609,7.8993,-10.099,-9.8696
-3.8257,0.79482,7.4993,2.2163,-4.903,3.243,-5.9732,8.7333,2.1836,7.5098,-9.8675,-9.5754
-3.4306,1.0376,7.732,2.0052,-4.6279,3.5296,-5.887,8.3192,1.8608,7.0203,-9.6706,-9.2542
-3.0996,1.233,7.9789,1.8567,-4.352,3.7861,-5.8065,7.8316,1.5015,6.4603,-9.4713,-8.9079
-2.9685,1.3768,8.3205,1.7959,-4.2381,4.0316,-5.7287,7.2813,1.115,5.8759,-9.2361,-8.543
-3.0971,1.463,8.7708,1.8281,-4.3687,4.2629,-5.6522,6.6821,0.71062,5.3082,-8.9529,-8.172
-3.4617,1.4898,9.2814,1.9368,-4.7368,4.4582,-5.5829,6.0489,0.29832,4.7761,-8.6367,-7.8136
-3.9745,1.4706,9.7784,2.0841,-5.2702,4.5997,-5.5336,5.3968,-0.10624,4.27,-8.3233,-7.4896
-4.5172,1.4384,10.207,2.2205,-5.8656,4.6964,-5.5176,4.7408,-0.48208,3.7735,-8.0515,-7.2176
-4.9804,1.4317,10.55,2.3035,-6.4157,4.7816,-5.5384,4.0954,-0.80758,3.2645,-7.8454,-7.0029
-5.2889,1.4712,10.805,2.3205,-6.825,4.8837,-5.5853,3.4711,-1.0681,2.7299,-7.7027,-6.8356
-5.4083,1.5431,10.96,2.2938,-7.0146,5.0017,-5.6361,2.8702,-1.2612,2.1682,-7.5973,-6.6945
-5.3349,1.6028,10.979,2.2675,-6.9212,5.1028,-5.6684,2.2866,-1.4044,1.5859,-7.4938,-6.5575
-5.0838,1.5972,10.807,2.2817,-6.5027,5.1346,-5.6679,1.711,-1.5327,0.99023,-7.3657,-6.4106
-4.6897,1.4893,10.394,2.3537,-5.7657,5.0462,-5.63,1.1413,-1.6876,0.39122,-7.2076,-6.2506
-4.2164,1.2724,9.7317,2.4789,-4.796,4.815,-5.5577,0.59089,-1.8976,-0.19939,-7.0339,-6.082
-3.7593,0.97003,8.8944,2.6466,-3.7619,4.4668,-5.4625,0.092904,-2.1583,-0.75954,-6.8655,-5.9091
-3.4355,0.62281,8.0409,2.855,-2.8805,4.0733,-5.356,-0.30119,-2.4233,-1.2494,-6.7098,-5.7292
-3.3631,0.27416,7.3696,3.1128,-2.3673,3.7227,-5.2389,-0.53162,-2.6148,-1.6134,-6.5475,-5.5276
-3.6331,-0.039256,7.0493,3.4312,-2.3797,3.4856,-5.0962,-0.55224,-2.6554,-1.7994,-6.3374,-5.2813
-4.2775,-0.29509,7.1562,3.8143,-2.9656,3.3934,-4.9055,-0.35648,-2.5036,-1.7866,-6.0364,-4.972
-5.2441,-0.49251,7.6363,4.2537,-4.0325,3.4279,-4.6543,0.012677,-2.179,-1.599,-5.6236,-4.5984
-6.3926,-0.65421,8.3085,4.7281,-5.3561,3.5223,-4.353,0.48042,-1.7489,-1.2968,-5.113,-4.1806
-7.5195,-0.81669,8.9089,5.201,-6.6318,3.5783,-4.0337,0.97368,-1.2954,-0.94333,-4.5505,-3.751
-8.4069,-1.0107,9.173,5.6207,-7.558,3.5007,-3.7368,1.4479,-0.87972,-0.58855,-3.9958,-3.3412
-8.8827,-1.2431,8.9383,5.9275,-7.9291,3.2386,-3.4908,1.8948,-0.5298,-0.2632,-3.4997,-2.9678
-8.8719,-1.4896,8.2214,6.0714,-7.7053,2.8118,-3.2988,2.3332,-0.23975,0.018458,-3.0836,-2.6256
-8.4166,-1.7012,7.2105,6.0298,-7.0165,2.3064,-3.1382,2.7915,0.012333,0.25537,-2.7336,-2.2904
-7.6507,-1.8231,6.1645,5.8158,-6.09,1.8361,-2.9757,3.2899,0.25034,0.45941,-2.4105,-1.9323
-6.7394,-1.8207,5.2793,5.4711,-5.1438,1.4895,-2.7882,3.8261,0.48755,0.6366,-2.0711,-1.5333
-5.8111,-1.6979,4.5946,5.0481,-4.2971,1.2876,-2.5794,4.3682,0.71838,0.78721,-1.6896,-1.1009
-4.9132,-1.4953,3.9896,4.5904,-3.5302,1.1741,-2.3812,4.861,0.91769,0.89575,-1.2683,-0.66588
-4.0129,-1.2724,3.2654,4.1202,-2.7189,1.0443,-2.2376,5.248,1.0537,0.94454,-0.82967,-0.26667
-3.0426,-1.0852,2.254,3.6434,-1.7241,0.79912,-2.1771,5.4988,1.1123,0.92514,-0.39629,0.075152
-1.9635,-0.97306,0.89289,3.1694,-0.47799,0.39132,-2.1917,5.6268,1.1169,0.86253,0.026828,0.37089
-0.80852,-0.95562,-0.74887,2.7294,0.97957,-0.16152,-2.2363,5.6833,1.1247,0.81239,0.45733,0.66232
0.31611,-1.0331,-2.483,2.3756,2.5056,-0.78624,-2.2451,5.732,1.1976,0.83493,0.92559,1.0019
1.2684,-1.1881,-4.0468,2.1592,3.894,-1.3762,-2.1589,5.8188,1.3652,0.96155,1.4568,1.4273
1.923,-1.3923,-5.1812,2.1072,4.9398,-1.8278,-1.9529,5.956,1.6044,1.1761,2.0547,1.9449
2.2051,-1.6193,-5.7176,2.215,5.4979,-2.078,-1.6465,6.1265,1.8491,1.4238,2.6984,2.5292
2.0927,-1.8563,-5.6288,2.4575,5.5126,-2.1233,-1.2918,6.3015,2.0231,1.6401,3.354,3.1395
1.6,-2.1081,-5.0202,2.8076,5.0136,-2.013,-0.94905,6.4554,2.0746,1.7801,3.9931,3.741
0.76469,-2.3918,-4.0783,3.2487,4.0891,-1.8273,-0.66154,6.5727,1.9946,1.8337,4.6059,4.3182
-0.36225,-2.7278,-3.0062,3.7752,2.8501,-1.6517,-0.44037,6.6498,1.8135,1.825,5.2007,4.877
-1.7329,-3.1314,-1.9663,4.3877,1.3992,-1.5565,-0.26419,6.6952,1.5877,1.8008,5.7976,5.4369
-3.3217,-3.6091,-1.0363,5.0883,-0.19517,-1.579,-0.091821,6.7295,1.3811,1.8131,6.4216,6.0239
-5.1175,-4.1551,-0.19943,5.8738,-1.8995,-1.7136,0.11913,6.7801,1.2499,1.9031,7.0984,6.665
-7.0755,-4.7482,0.61068,6.7239,-3.6737,-1.9168,0.39496,6.8704,1.2258,2.0916,7.8492,7.3832
-9.0644,-5.3513,1.4374,7.5889,-5.4275,-2.1302,0.73552,7.0078,1.3137,2.3735,8.6829,8.1897
-10.853,-5.9221,2.2447,8.3898,-6.9984,-2.3127,1.1151,7.1795,1.4869,2.7178,9.5895,9.0788
-12.154,-6.4299,2.8832,9.0295,-8.1498,-2.4671,1.4955,7.359,1.6969,3.0756,10.544,10.032
-12.695,-6.8724,3.1104,9.415,-8.6133,-2.6478,1.8448,7.5175,1.889,3.3963,11.521,11.027
-12.292,-7.2833,2.6865,9.4885,-8.158,-2.9464,2.15,7.6336,2.0166,3.6455,12.505,12.055
-10.93,-7.7278,1.4898,9.2561,-6.6803,-3.4578,2.415,7.6965,2.0496,3.8128,13.498,13.113
-8.8009,-8.2777,-0.42294,8.7996,-4.3057,-4.2394,2.6466,7.7051,1.9772,3.9225,14.507,14.202
-6.2933,-8.9697,-2.8263,8.2562,-1.4129,-5.279,2.8454,7.6677,1.8118,4.0224,15.538,15.323
-3.8896,-9.77,-5.3896,7.7707,1.4757,-6.4847,3.0069,7.6008,1.5897,4.169,16.602,16.473
-2.0104,-10.582,-7.7612,7.4466,3.8502,-7.7103,3.126,7.5255,1.3631,4.4078,17.712,17.657
-0.9158,-11.303,-9.6431,7.3231,5.3329,-8.8132,3.2075,7.4603,1.1822,4.757,18.889,18.889
-0.69117,-11.874,-10.859,7.3939,5.7648,-9.7128,3.2698,7.4141,1.0755,5.2012,20.155,20.189
-1.2583,-12.3,-11.42,7.6378,5.2562,-10.413,3.3389,7.3826,1.0392,5.6979,21.529,21.575
-2.3882,-12.625,-11.545,8.0271,4.1547,-10.98,3.437,7.351,1.0408,6.1913,23.007,23.047
-3.7443,-12.901,-11.576,8.5124,2.9263,-11.494,3.5721,7.3015,1.0381,6.6299,24.565,24.583
-4.9661,-13.157,-11.809,9.0115,1.9979,-12.01,3.7368,7.2249,1.0017,6.9829,26.155,26.136
-5.7664,-13.392,-12.377,9.4246,1.6344,-12.535,3.9146,7.1275,0.93177,7.2502,27.723,27.641
-6.0041,-13.581,-13.216,9.6651,1.8884,-13.024,4.0901,7.0312,0.85547,7.4618,29.228,29.037
-5.7032,-13.691,-14.115,9.6887,2.602,-13.401,4.2566,6.9637,0.81014,7.667,30.652,30.277
-5.0257,-13.687,-14.805,9.5054,3.4629,-13.58,4.4156,6.9439,0.82086,7.9111,31.985,31.34
-4.2102,-13.544,-15.064,9.1686,4.1445,-13.506,4.5726,6.9733,0.88626,8.213,33.215,32.219
-3.4831,-13.257,-14.804,8.7478,4.4445,-13.182,4.7342,7.0367,0.97779,8.5543,34.312,32.912
-2.9783,-12.85,-14.11,8.3023,4.3207,-12.67,4.9057,7.1103,1.0503,8.8866,35.231,33.41
-2.7178,-12.374,-13.192,7.8725,3.8659,-12.079,5.0861,7.1709,1.0587,9.1514,35.92,33.693
-2.6438,-11.891,-12.298,7.4828,3.2671,-11.527,5.2636,7.2024,0.97587,9.3046,36.332,33.737
-2.6545,-11.453,-11.648,7.146,2.7465,-11.112,5.4203,7.2015,0.80763,9.3346,36.445,33.524
-2.6348,-11.086,-11.376,6.8638,2.4912,-10.881,5.5467,7.1802,0.59717,9.2675,36.269,33.067
-2.4889,-10.784,-11.506,6.6306,2.5943,-10.82,5.6553,7.1642,0.41394,9.1565,35.854,32.415
-2.1651,-10.53,-11.95,6.4384,3.0417,-10.875,5.78,7.1832,0.32733,9.0609,35.28,31.644
-1.6655,-10.308,-12.579,6.2799,3.7492,-10.979,5.9583,7.2599,0.37745,9.0254,34.631,30.833
-1.0457,-10.114,-13.277,6.152,4.6088,-11.084,6.2056,7.399,0.5601,9.0661,33.961,30.025
-0.4081,-9.9523,-13.956,6.0587,5.4995,-11.172,6.4992,7.5873,0.83367,9.1657,33.274,29.216
0.11635,-9.8221,-14.541,6.0106,6.2789,-11.241,6.782,7.8031,1.1397,9.2774,32.526,28.353
0.39954,-9.7096,-14.955,6.0221,6.7967,-11.288,6.9875,8.024,1.4241,9.3422,31.653,27.372
0.34738,-9.5998,-15.132,6.1084,6.9339,-11.299,7.0716,8.2336,1.651,9.3153,30.597,26.222
-0.080546,-9.4928,-15.032,6.2836,6.6379,-11.258,7.0327,8.4251,1.8077,9.1909,29.335,24.89
-0.85751,-9.4067,-14.653,6.5533,5.9386,-11.157,6.9088,8.6013,1.9015,9.0073,27.887,23.408
-1.8794,-9.3595,-14.039,6.8997,4.9444,-10.998,6.7553,8.7724,1.9512,8.8267,26.306,21.844
-2.9712,-9.3433,-13.26,7.2689,3.82,-10.782,6.6192,8.9516,1.9781,8.7014,24.661,20.275
-3.9206,-9.3125,-12.398,7.5736,2.7506,-10.499,6.5227,9.149,1.9982,8.6445,23.007,18.768
-4.5329,-9.1947,-11.528,7.7156,1.8992,-10.135,6.4602,9.3635,2.0181,8.6248,21.382,17.358
-4.6886,-8.9176,-10.708,7.6203,1.371,-9.6788,6.4045,9.5794,2.0354,8.5826,19.805,16.048
-4.3833,-8.4424,-9.9876,7.2703,1.1933,-9.138,6.3187,9.7659,2.0412,8.4559,18.28,14.817
-3.732,-7.7858,-9.4007,6.7178,1.3142,-8.547,6.1722,9.8863,2.0291,8.2057,16.805,13.635
-2.9302,-7.0154,-8.9632,6.0704,1.6201,-7.9549,5.9571,9.9137,2.0028,7.8314,15.379,12.469
-2.1895,-6.2216,-8.6574,5.4561,1.9685,-7.4013,5.6976,9.8446,1.9791,7.3733,14.013,11.323
-1.675,-5.4817,-8.434,4.9827,2.2325,-6.8962,5.4449,9.7019,1.9802,6.8994,12.732,10.236
-1.4536,-4.8342,-8.2413,4.7023,2.3535,-6.422,5.2568,9.523,2.0194,6.4807,11.558,9.2488
-1.459,-4.275,-8.0677,4.59,2.3862,-5.9556,5.1726,9.3411,2.0884,6.1627,10.52,8.3927
-1.5053,-3.7723,-7.9542,4.5495,2.4867,-5.4916,5.1951,9.1716,2.1553,5.9473,9.6297,7.6714
-1.3734,-3.2884,-7.9523,4.4555,2.8128,-5.0425,5.2906,9.0099,2.1761,5.7942,8.8559,7.0565
-0.93077,-2.7949,-8.0583,4.2138,3.4096,-4.6161,5.4073,8.8426,2.1133,5.64,8.1354,6.5018
-0.21087,-2.2777,-8.176,3.8059,4.1665,-4.1921,5.5036,8.6592,1.9509,5.4264,7.4217,5.9668
0.5899,-1.7379,-8.1311,3.2957,4.846,-3.7243,5.5694,8.4584,1.7006,5.1246,6.7028,5.4326
1.1896,-1.1907,-7.7289,2.7998,5.1571,-3.1611,5.6291,8.2494,1.3987,4.7474,5.9827,4.9027
1.3286,-0.65998,-6.8295,2.4356,4.8563,-2.4696,5.7277,8.0464,1.0978,4.3419,5.2846,4.3949
0.86263,-0.16403,-5.409,2.2728,3.8474,-1.6448,5.9137,7.864,0.85484,3.9685,4.6404,3.9337
-0.1847,0.29892,-3.5734,2.3056,2.2287,-0.70458,6.2294,7.7138,0.71781,3.6771,4.0838,3.5452
-1.6253,0.75541,-1.5272,2.4556,0.26784,0.32087,6.7095,7.6042,0.71321,3.4922,3.6451,3.2557
-3.1555,1.2533,0.4859,2.6011,-1.6769,1.4009,7.3816,7.5415,0.83994,3.4122,3.3477,3.0875
-4.4374,1.8663,2.2499,2.6141,-3.2526,2.5197,8.2652,7.5322,1.0753,3.423,3.2022,3.0536
-5.1925,2.7189,3.6365,2.3919,-4.2023,3.7007,9.3677,7.5874,1.392,3.5168,3.2044,3.1553
-5.2765,4.0246,4.644,1.8717,-4.4284,5.0325,10.68,7.7251,1.7783,3.7064,3.3393,3.3858
-4.7112,6.0921,5.4071,1.0281,-4.0195,6.6801,12.174,7.972,2.249,4.0243,3.592,3.7378
-3.6694,9.2096,6.1767,-0.14127,-3.2323,8.8584,13.797,8.3597,2.8381,4.5063,3.9559,4.2097
-2.4186,13.367,7.2509,-1.6336,-2.419,11.755,15.483,8.9188,3.5769,5.1693,4.4335,4.8121
-1.231,18.119,8.8638,-3.4536,-1.9096,15.426,17.149,9.6733,4.4717,5.998,5.0273,5.5418
-0.29445,22.963,11.093,-5.6128,-1.9069,19.742,18.711,10.635,5.4957,6.9476,5.7298,6.3729
0.32619,27.749,13.864,-8.1173,-2.4479,24.474,20.092,11.789,6.5955,7.9571,6.528,7.2735
0.67405,32.57,17.063,-10.963,-3.4346,29.426,21.232,13.083,7.7049,8.9652,7.3888,8.2045
0.86085,37.515,20.671,-14.13,-4.6902,34.472,22.099,14.418,8.758,9.9209,8.2678,9.1306
1.0206,42.569,24.803,-17.563,-6.0122,39.471,22.687,15.669,9.6982,10.788,9.1361,10.028
1.2631,47.625,29.521,-21.148,-7.2253,44.184,23.006,16.726,10.484,11.545,9.9885,10.89
1.6436,52.565,34.528,-24.737,-8.225,48.343,23.064,17.524,11.093,12.182,10.827,11.72
2.1569,57.329,39.199,-28.193,-8.9942,51.839,22.851,18.056,11.522,12.693,11.659,12.532
2.7495,61.917,43.088,-31.416,-9.5942,54.829,22.339,18.352,11.779,13.074,12.503,13.34
3.3392,66.334,46.254,-34.342,-10.135,57.657,21.483,18.436,11.874,13.311,13.367,14.145
3.8382,70.544,49.13,-36.931,-10.734,60.676,20.225,18.308,11.815,13.386,14.242,14.939
4.18,74.48,52.24,-39.173,-11.474,64.049,18.497,17.94,11.6,13.28,15.094,15.695
4.347,78.077,55.958,-41.082,-12.381,67.675,16.233,17.298,11.227,12.986,15.871,16.376
4.3877,81.305,60.35,-42.7,-13.422,71.284,13.397,16.365,10.699,12.503,16.521,16.941
4.4172,84.194,65.148,-44.091,-14.519,74.606,10.035,15.142,10.023,11.847,17.007,17.361
4.5967,86.816,69.914,-45.329,-15.564,77.487,6.2812,13.65,9.2188,11.034,17.325,17.634
5.0978,89.212,74.281,-46.483,-16.439,79.882,2.3124,11.93,8.298,10.079,17.502,17.785
6.0461,91.343,77.934,-47.599,-17.032,81.762,-1.7187,10.052,7.263,9.001,17.587,17.857
7.4521,93.131,80.485,-48.673,-17.237,83.064,-5.6604,8.1426,6.1183,7.8314,17.639,17.902
9.1719,94.532,81.52,-49.648,-16.967,83.707,-9.3125,6.3664,4.8864,6.614,17.716,17.97
10.971,95.557,80.762,-50.422,-16.147,83.655,-12.452,4.8667,3.6158,5.4013,17.863,18.104
12.67,96.221,78.143,-50.903,-14.741,82.952,-14.935,3.6882,2.3695,4.2426,18.099,18.323
14.231,96.482,73.813,-51.083,-12.782,81.695,-16.765,2.7714,1.203,3.1727,18.408,18.615
15.72,96.199,68.133,-51.05,-10.395,79.971,-18.062,2.0216,0.15191,2.2081,18.74,18.935
17.179,95.194,61.626,-50.928,-7.779,77.815,-18.958,1.3772,-0.76682,1.3503,19.023,19.211
18.531,93.385,54.847,-50.784,-5.1864,75.249,-19.525,0.83149,-1.5502,0.59039,19.192,19.375
19.585,90.844,48.244,-50.579,-2.8909,72.344,-19.782,0.4132,-2.2079,-0.091098,19.202,19.381
20.12,87.736,42.136,-50.177,-1.1351,69.233,-19.731,0.1472,-2.7669,-0.72807,19.028,19.205
19.989,84.23,36.76,-49.358,-0.065034,66.06,-19.39,0.017265,-3.2764,-1.3713,18.662,18.842
19.183,80.437,32.291,-47.899,0.31232,62.885,-18.806,-0.046313,-3.8047,-2.0821,18.096,18.293
17.808,76.387,28.834,-45.726,0.12141,59.648,-18.033,-0.15004,-4.4276,-2.9194,17.332,17.566
16.006,72.032,26.378,-42.976,-0.43827,56.18,-17.114,-0.40947,-5.2112,-3.9266,16.392,16.682
13.897,67.271,24.661,-39.846,-1.171,52.268,-16.059,-0.92843,-6.1996,-5.1277,15.32,15.679
11.572,62.011,23.217,-36.429,-1.9435,47.8,-14.87,-1.7877,-7.41,-6.5295,14.174,14.605
9.1005,56.257,21.702,-32.71,-2.6932,42.935,-13.574,-3.0348,-8.8326,-8.1253,13.015,13.504
6.5344,50.151,20.045,-28.659,-3.394,38.106,-12.243,-4.6701,-10.434,-9.9006,11.888,12.407
3.9341,43.901,18.292,-24.281,-4.0174,33.695,-10.97,-6.637,-12.167,-11.821,10.819,11.328
1.4453,37.69,16.46,-19.594,-4.4969,29.777,-9.8472,-8.8264,-13.959,-13.842,9.8141,10.271
-0.64839,31.659,14.516,-14.66,-4.702,26.171,-8.9364,-11.105,-15.727,-15.919,8.867,9.2319
-2.0404,25.927,12.396,-9.7393,-4.4624,22.601,-8.2655,-13.357,-17.403,-18.02,7.9668,8.2087
-2.6011,20.53,10.033,-5.4013,-3.6557,18.819,-7.8398,-15.528,-18.967,-20.139,7.0993,7.1993
-2.4322,15.292,7.4181,-2.2494,-2.2985,14.719,-7.6556,-17.653,-20.462,-22.286,6.2479,6.1984
-1.7804,10.07,4.6574,-0.39065,-0.57565,10.512,-7.708,-19.847,-21.988,-24.468,5.396,5.1974
-0.94538,5.5658,1.9778,0.5557,1.1979,6.7795,-7.9854,-22.27,-23.632,-26.67,4.533,4.1896
-0.22317,2.7177,-0.34006,1.0327,2.6572,4.008,-8.4599,-25.056,-25.437,-28.852,3.6614,3.1795
0.13908,1.298,-2.0512,1.3408,3.4844,2.1991,-9.0829,-28.211,-27.381,-30.954,2.8023,2.1908
-0.0094852,0.60717,-3.0168,1.6497,3.5064,1.0963,-9.787,-31.556,-29.372,-32.92,1.9957,1.2671
-0.67954,0.21192,-3.2449,2.0335,2.7627,0.46422,-10.495,-34.766,-31.276,-34.675,1.2946,0.46408
-1.7193,-0.065162,-2.8994,2.4861,1.508,0.14013,-11.131,-37.516,-32.951,-36.148,0.75357,-0.16408
-2.833,-0.27343,-2.266,2.9356,0.1429,0.0086652,-11.642,-39.617,-34.285,-37.289,0.41536,-0.57782
-3.6591,-0.40897,-1.6772,3.2727,-0.90044,-0.018475,-12.011,-41.044,-35.223,-38.083,0.29849,-0.76118
-3.8985,-0.4561,-1.4125,3.3999,-1.2827,-0.0090923,-12.257,-41.897,-35.778,-38.561,0.38937,-0.72624
-3.4377,-0.41457,-1.6062,3.2826,-0.85894,-0.0096319,-12.413,-42.342,-36.029,-38.804,0.64106,-0.51344
-2.3996,-0.3127,-2.2059,2.9746,0.26697,-0.043791,-12.507,-42.571,-36.102,-38.924,0.98081,-0.18595
-1.1069,-0.20199,-3.0073,2.5993,1.7519,-0.11486,-12.549,-42.749,-36.132,-39.038,1.3256,0.18275
0.03031,-0.13765,-3.7446,2.2983,3.1226,-0.21148,-12.535,-42.984,-36.226,-39.246,1.6004,0.52405
0.66881,-0.15815,-4.1917,2.1774,3.9545,-0.31398,-12.465,-43.31,-36.44,-39.609,1.7542,0.78749
0.63398,-0.27438,-4.2246,2.2786,4.0056,-0.39987,-12.345,-43.702,-36.776,-40.138,1.7692,0.94865
-0.076917,-0.47038,-3.8289,2.5843,3.2488,-0.4503,-12.187,-44.119,-37.213,-40.794,1.6603,1.0096
-1.3249,-0.71131,-3.0811,3.0343,1.8417,-0.45762,-12,-44.552,-37.727,-41.509,1.4628,0.99128
-2.8453,-0.95466,-2.1361,3.539,0.092839,-0.43222,-11.791,-45.053,-38.321,-42.214,1.2151,0.92227
-4.2874,-1.1652,-1.2172,3.9946,-1.5908,-0.40717,-11.573,-45.722,-39.004,-42.867,0.94619,0.82806
-5.3058,-1.3332,-0.58349,4.3103,-2.8044,-0.43911,-11.362,-46.655,-39.779,-43.465,0.67061,0.72638
-5.6656,-1.4867,-0.46299,4.442,-3.2617,-0.59881,-11.173,-47.883,-40.609,-44.041,0.39244,0.62819
-5.3092,-1.6838,-0.97329,4.4075,-2.8681,-0.94571,-11.003,-49.336,-41.447,-44.636,0.11404,0.54191
-4.3627,-1.9843,-2.0701,4.2761,-1.732,-1.4952,-10.823,-50.86,-42.23,-45.271,-0.15435,0.4772
-3.0959,-2.4164,-3.555,4.1399,-0.12684,-2.2005,-10.599,-52.283,-42.902,-45.93,-0.39084,0.4456
-1.8452,-2.9602,-5.1433,4.0821,1.5837,-2.966,-10.302,-53.49,-43.429,-46.56,-0.56933,0.45578
-0.90598,-3.5576,-6.5561,4.1519,3.0453,-3.6866,-9.9305,-54.468,-43.812,-47.123,-0.67462,0.50586
-0.44654,-4.1445,-7.5981,4.3569,4.0058,-4.2892,-9.5011,-55.301,-44.095,-47.607,-0.71333,0.57966
-0.49559,-4.6834,-8.1888,4.677,4.3672,-4.7525,-9.0426,-56.13,-44.343,-48.025,-0.71074,0.65204
-0.97981,-5.1768,-8.3542,5.0857,4.1793,-5.0999,-8.584,-57.093,-44.618,-48.401,-0.69514,0.70085
-1.7686,-5.657,-8.2023,5.5613,3.5916,-5.3768,-8.1452,-58.265,-44.941,-48.747,-0.68013,0.71893
-2.7149,-6.1608,-7.8799,6.0856,2.7938,-5.6253,-7.7316,-59.607,-45.286,-49.059,-0.65583,0.71994
-3.6897,-6.7055,-7.5134,6.6389,1.9608,-5.8643,-7.3329,-60.986,-45.583,-49.32,-0.5931,0.73411
-4.6049,-7.2767,-7.1613,7.2,1.2081,-6.0787,-6.9257,-62.239,-45.761,-49.514,-0.45737,0.79574
-5.4218,-7.8324,-6.8031,7.7523,0.57187,-6.2225,-6.4824,-63.252,-45.777,-49.628,-0.22368,0.93026
-6.1467,-8.3183,-6.366,8.2865,0.018909,-6.2385,-5.983,-64.011,-45.641,-49.66,0.11273,1.1469
-6.8149,-8.6869,-5.7779,8.7998,-0.51564,-6.0868,-5.4273,-64.603,-45.408,-49.616,0.53232,1.4376
-7.4686,-8.9106,-5.0173,9.2883,-1.0834,-5.7647,-4.8371,-65.178,-45.158,-49.51,0.9945,1.7793
-8.132,-8.9845,-4.1254,9.7399,-1.7016,-5.3087,-4.2474,-65.887,-44.948,-49.371,1.4483,2.1392
-8.7956,-8.9215,-3.1803,10.133,-2.3583,-4.7793,-3.6924,-66.823,-44.791,-49.236,1.8467,2.482
-9.4227,-8.7452,-2.2602,10.442,-3.0254,-4.2368,-3.1947,-67.991,-44.659,-49.144,2.1589,2.7779
-9.9752,-8.4779,-1.413,10.645,-3.676,-3.7184,-2.7642,-69.303,-44.506,-49.114,2.378,3.0117
-10.434,-8.1313,-0.64209,10.73,-4.299,-3.2284,-2.405,-70.62,-44.293,-49.135,2.5213,3.1892
-10.794,-7.7045,0.085624,10.689,-4.8989,-2.7483,-2.1253,-71.811,-43.988,-49.158,2.6233,3.3364
-11.053,-7.1928,0.81189,10.518,-5.4795,-2.2563,-1.9387,-72.814,-43.572,-49.112,2.7223,3.489
-11.199,-6.5945,1.5631,10.219,-6.0301,-1.7375,-1.8534,-73.661,-43.052,-48.942,2.8405,3.6723
-11.216,-5.9062,2.3519,9.8037,-6.5285,-1.1753,-1.8466,-74.47,-42.514,-48.67,2.9602,3.8744
-11.105,-5.1065,3.2053,9.2957,-6.9564,-0.52627,-1.8352,-75.406,-42.174,-48.453,3.0005,4.0192
-10.898,-4.144,4.2023,8.7296,-7.3137,0.30548,-1.6572,-76.631,-42.421,-48.641,2.8046,3.9495
-10.666,-2.9442,5.5441,8.1436,-7.6337,1.4919,-1.0791,-78.256,-43.811,-49.736,2.1513,3.4365
-10.545,-1.4141,7.7734,7.5651,-8.1072,3.4336,0.18333,-80.296,-46.986,-52.181,0.79957,2.2292
-10.905,0.72227,9.4683,6.9958,-9.4814,6.5792,2.4588,-82.657,-52.33,-55.87,-1.458,0.12283
-12.379,3.7369,6.52,6.4076,-7.4802,5.6128,3.3644,-85.15,-55.779,-56.902,-4.7836,-3.0264
-9.5558,0.86244,3.5874,5.7511,-4.3464,4.2155,-0.8193,-87.532,-53.412,-56.384,-9.1896,-7.2683
-6.1969,-2.0496,-0.7017,4.9655,-0.62727,1.6918,-3.9905,-89.524,-51.579,-55.144,-13.688,-11.854
-4.2457,-3.5087,-5.0103,3.9703,2.7405,-1.1933,-7.7468,-90.656,-50.417,-53.295,-16.041,-14.539
-4.0599,-4.4181,-6.8391,2.6184,3.9777,-2.4947,-9.8286,-89.8,-50.556,-52.547,-17.764,-16.112
-6.8238,-2.8355,-1.8549,0.78425,-0.04316,0.77004,-7.1475,-85.259,-53.766,-56.238,-22.055,-19.891
-15.163,3.6976,15.277,5.844,-13.352,12.12,2.8293,-89.681,-67.925,-72.619,-23.371,-20.984
-32.269,17.736,48.663,9.8235,-39.073,34.662,21.571,-102.12,-99.98,-109.02,-29.457,-26.821
-58.979,41.323,99.6,11.223,-78.012,70.082,50.517,-115.08,-149.14,-167.85,-63.55,-60.396
-93.067,74.816,166.03,12.027,-128.17,118.09,89.789,-127.53,-213.75,-248.92,-105.47,-101.7
-130.36,116.44,242.56,10.686,-185.11,175.64,137.93,-136.12,-288.15,-345.21,-150.06,-145.97
-165.29,162.66,322.04,5.0256,-242.53,237.99,192.15,-135.59,-360.63,-442.7,-188.25,-184.21
-190.99,210.06,395.27,-6.8695,-291.95,299.74,245.85,-119.36,-415.13,-522.47,-209.22,-205.5
-201.1,257.4,452.45,-26.485,-325.13,353.67,291.3,-80.582,-434.85,-563.79,-202.05,-198.7
-191.32,303.44,487.31,-55.142,-336.89,395.25,323.51,-13.523,-405.4,-547.59,-156.91,-153.81
-158.54,348.46,498.06,-94.651,-325.05,424.16,340.36,84.537,-317.17,-459.05,-65.29,-62.28
-100.39,395.03,487.03,-147.26,-290.55,442.66,340.73,212.04,-166.85,-288.54,79.979,82.967
-17.428,445.83,458.28,-214.51,-236.2,453.85,322.75,364.51,44.983,-30.364,283.77,286.66
87.206,501.58,413.61,-296.08,-163,459.02,283.44,537.58,320.38,319.47,545.99,548.66
211.43,559.26,349.7,-388.88,-69.349,455.34,219.34,726.24,663.16,762.98,859.25,861.48
354.51,610.8,258.39,-487.15,47.869,435,127.84,924.08,1076.3,1294.8,1207.5,1209.1
514.34,643.08,129.12,-582.76,192.48,386.34,9.1452,1123.1,1557.9,1896.3,1565.8,1566.5
685.58,640.79,-46.638,-665.85,366.04,297.63,-131.74,1311.5,2092.5,2531.6,1901.4,1901.3
857.55,592.48,-268.32,-726.17,562.94,163.6,-284.39,1470.3,2643.5,3145.7,2178.2,2177.5
1013.4,496.68,-519.9,-755.1,766.72,-8.4811,-434.54,1571.8,3150.6,3669.9,2363.5,2362.4
1132,364.55,-769.42,-747.75,950.91,-197.28,-567.35,1582.2,3538,4033.6,2436.1,2434.9
1193.5,216.92,-976.72,-704.36,1085.4,-372.66,-670.53,1472,3731.8,4181.9,2390.2,2389.3
1185.1,77.477,-1106.2,-630.18,1146.1,-505.44,-736.32,1229.2,3681.8,4089.6,2235.7,2235.5
1105.9,-34.361,-1137.9,-534.2,1122.4,-576.28,-761.73,870.38,3378.2,3766.4,1992.8,1993.4
966.88,-107.58,-1072.3,-427.44,1020.2,-579.94,-747.51,442.29,2857.3,3254.2,1686.4,1687.8
788.21,-140.17,-927.53,-320.98,858.49,-524.41,-697.3,10.505,2195,2618.1,1342.7,1344.5
593.34,-137.93,-732.44,-223.9,663.45,-426.9,-617.22,-358.46,1489.7,1934.7,987.62,989.41
404.57,-111.95,-519.43,-142.21,462.41,-308.98,-516.07,-614.66,840.7,1280.4,647.14,648.64
240.09,-74.375,-318.47,-78.593,279.44,-191.47,-404.76,-735.63,326.95,721.07,347.81,348.92
112.48,-35.245,-152.4,-32.976,132.36,-90.747,-295.49,-728.36,-7.5942,303.47,113.79,114.55
27.569,-2.0011,-34.085,-5.7249,30.682,-16.439,-199.01,-623.28,-159.73,47.777,-39.835,-39.339
-14.896,21.295,31.549,4.4846,-24.433,24.506,-122.59,-463.6,-162.45,-56.397,-113.31,-112.87
-24.237,34.265,53.631,2.5771,-40.663,39.581,-68.935,-293.53,-71.449,-46.315,-122,-121.37
-13.413,37.984,46.54,-5.2889,-30.796,37.437,-36.758,-147.8,53.044,26.533,-90.939,-89.968
5.5105,34.291,24.733,-13.577,-8.8183,26.279,-20.581,-45.407,163.11,112.98,-46.508,-45.191
22.016,26.761,0.98511,-18.941,13.285,12.468,-12.83,-0.38971,232.38,178.78,-8.7629,-7.2402
28.957,18.147,-15.656,-20.197,26.745,0.69367,-7.2786,14.968,255.91,208.95,9.5174,11.609
25.433,6.8643,-22.141,-17.35,28.465,-6.3607,6.1435,13.84,243.34,204.47,11.425,13.555
17.279,0.44663,-21.457,-6.5175,21.851,-10.147,17.143,5.8055,209.28,175.31,-5.2709,-1.7768
7.2093,-0.69921,-16.309,-1.6874,11.051,-8.7777,29.594,-1.5406,165.58,134.66,-41.269,-39.148
2.8575,-1.2553,-8.9638,0.59751,4.4135,-5.8095,42.399,-4.5723,127.78,94.02,-47.397,-45.567
0.086685,-1.9037,-7.8991,2.1151,1.9289,-6.0087,52.456,-3.313,106.24,68.117,-48.679,-46.841
-1.7264,-2.9017,-7.5189,3.1886,0.27082,-7.1468,55.984,0.97178,94.905,50.894,-47.743,-45.839
-2.5821,-3.9908,-7.9823,3.9701,-0.28301,-8.4786,59.14,8.733,107.91,42.009,-46.171,-44.16
-2.7173,-4.993,-9.2523,4.5425,0.12674,-9.9303,63.273,11.509,118.73,43.038,-45.115,-43.015
-2.4318,-5.9554,-10.731,4.9405,1.0747,-11.288,67.798,12.887,111.12,40.933,-45.097,-42.963
-1.9795,-6.8822,-11.814,5.2228,1.9953,-12.307,72.572,13.601,99.217,35.997,-46.01,-43.894
-1.5814,-7.6596,-12.187,5.4575,2.5299,-12.862,77.592,14.112,89.09,32.566,-47.418,-45.354
-1.4157,-8.1682,-11.829,5.6586,2.5719,-12.955,82.669,14.696,84.656,31.448,-48.873,-46.861
-1.5277,-8.3677,-10.912,5.7969,2.1304,-12.68,87.419,15.458,83.287,29.902,-50.072,-48.08
-1.8445,-8.3055,-9.6908,5.8516,1.3182,-12.188,91.537,16.382,81.163,28.167,-50.863,-48.856
-2.2599,-8.082,-8.4182,5.8357,0.32038,-11.633,94.961,17.389,78.929,26.995,-51.221,-49.175
-2.6889,-7.8088,-7.2966,5.7908,-0.67256,-11.144,97.781,18.384,77.035,26.442,-51.208,-49.119
-3.0871,-7.5762,-6.4386,5.7694,-1.5199,-10.791,100.14,19.299,75.436,26.364,-50.928,-48.814
-3.4472,-7.4327,-5.8404,5.8158,-2.1634,-10.575,102.16,20.107,74.01,26.603,-50.484,-48.376
-3.7805,-7.379,-5.3972,5.95,-2.6255,-10.438,103.97,20.822,72.708,27.034,-49.95,-47.894
-4.0951,-7.3768,-4.9675,6.1588,-2.9704,-10.289,105.65,21.482,71.561,27.572,-49.368,-47.422
-4.3853,-7.376,-4.4509,6.4035,-3.2556,-10.059,107.26,22.124,70.639,28.165,-48.756,-46.997
-4.635,-7.3456,-3.8324,6.6404,-3.506,-9.7339,108.81,22.781,69.993,28.779,-48.119,-46.641
-4.8324,-7.2907,-3.1723,6.8425,-3.7197,-9.3623,110.3,23.486,69.641,29.408,-47.455,-46.369
-4.9855,-7.2472,-2.5602,7.011,-3.8891,-9.0281,111.74,24.291,69.576,30.083,-46.755,-46.17
-5.1331,-7.2604,-2.0638,7.1739,-4.026,-8.8035,113.13,25.274,69.806,30.882,-46.004,-46.01
-5.3409,-7.3604,-1.6975,7.3722,-4.1752,-8.7131,114.5,26.527,70.362,31.913,-45.189,-45.839
-5.6785,-7.5458,-1.4207,7.639,-4.4046,-8.7278,115.84,28.114,71.274,33.265,-44.311,-45.622
-6.1843,-7.7836,-1.1649,7.9809,-4.774,-8.7868,117.15,30.024,72.515,34.951,-43.403,-45.352
-6.8377,-8.0222,-0.86913,8.3692,-5.3018,-8.8305,118.4,32.145,73.977,36.87,-42.536,-45.064
-7.5605,-8.2089,-0.50119,8.7477,-5.9546,-8.819,119.56,34.294,75.494,38.82,-41.795,-44.816
-8.2476,-8.3005,-0.05229,9.0547,-6.6671,-8.7295,120.6,36.311,76.911,40.579,-41.241,-44.667
-8.8085,-8.2696,0.47786,9.2457,-7.3738,-8.5451,121.5,38.134,78.141,42.019,-40.882,-44.637
-9.1884,-8.1074,1.083,9.3048,-8.0257,-8.255,122.28,39.823,79.191,43.172,-40.658,-44.697
-9.3665,-7.8253,1.7373,9.2393,-8.584,-7.8656,123,41.52,80.154,44.217,-40.468,-44.778
-9.3449,-7.4499,2.3891,9.0681,-9.0115,-7.4071,123.72,43.386,81.167,45.406,-40.196,-44.8
-9.1424,-7.0134,2.974,8.8111,-9.2774,-6.9268,124.48,45.552,82.366,46.979,-39.757,-44.697
-8.7945,-6.5408,3.4444,8.4845,-9.3733,-6.4699,125.33,48.074,83.839,49.083,-39.121,-44.444
-8.3514,-6.0401,3.7941,8.0987,-9.3278,-6.0582,126.24,50.918,85.602,51.726,-38.322,-44.053
-7.8709,-5.5016,4.065,7.6606,-9.2019,-5.6818,127.18,53.975,87.6,54.773,-37.441,-43.565
-7.4082,-4.9104,4.3265,7.1779,-9.0668,-5.3063,128.1,57.102,89.742,57.995,-36.57,-43.02
-7.0046,-4.264,4.6421,6.666,-8.976,-4.8935,128.97,60.169,91.931,61.152,-35.769,-42.429
-6.6756,-3.582,5.0435,6.1496,-8.9471,-4.4197,129.78,63.082,94.082,64.079,-35.044,-41.766
-6.3981,-2.9007,5.5191,5.6549,-8.9546,-3.8882,130.58,65.769,96.139,66.727,-34.356,-40.979
-6.107,-2.2579,6.0129,5.1939,-8.9313,-3.334,131.42,68.164,98.078,69.154,-33.653,-40.024
-5.7107,-1.6805,6.428,4.7523,-8.7826,-2.818,132.34,70.199,99.909,71.489,-32.901,-38.899
-5.1314,-1.1807,6.646,4.2963,-8.4188,-2.4094,133.35,71.829,101.67,73.887,-32.104,-37.65
-4.3541,-0.75796,6.5789,3.7963,-7.8062,-2.1572,134.4,73.063,103.44,76.487,-31.295,-36.36
-3.459,-0.40161,6.2464,3.2507,-7.0173,-2.062,135.41,74.004,105.3,79.368,-30.515,-35.11
-2.6128,-0.093165,5.815,2.6961,-6.2444,-2.064,136.33,74.857,107.34,82.526,-29.774,-33.946
-2.0156,0.1886,5.5378,2.1958,-5.7382,-2.0612,137.12,75.883,109.66,85.873,-29.045,-32.861
-1.82,0.45847,5.6232,1.8152,-5.6874,-1.9551,137.8,77.297,112.3,89.273,-28.273,-31.811
-2.0528,0.71679,6.1199,1.5905,-6.1114,-1.7044,138.4,79.164,115.26,92.591,-27.412,-30.748
-2.5794,0.94932,6.882,1.5074,-6.8303,-1.3541,138.95,81.383,118.48,95.733,-26.452,-29.652
-3.1378,1.1365,7.6209,1.5002,-7.5257,-1.016,139.46,83.756,121.84,98.65,-25.424,-28.538
-3.4354,1.2668,8.021,1.4762,-7.8611,-0.81009,139.94,86.094,125.2,101.33,-24.389,-27.444
-3.2674,1.3473,7.8785,1.3504,-7.6124,-0.80176,140.36,88.269,128.44,103.79,-23.413,-26.412
-2.5975,1.4079,7.2098,1.0758,-6.7646,-0.9687,140.73,90.242,131.47,106.07,-22.552,-25.47
-1.568,1.4944,6.2645,0.65567,-5.5333,-1.2088,141.03,92.047,134.31,108.22,-21.829,-24.613
-0.44249,1.6516,5.418,0.13846,-4.2903,-1.3829,141.3,93.775,137.05,110.31,-21.228,-23.812
0.48879,1.9059,5.0111,-0.40133,-3.4166,-1.3711,141.54,95.531,139.82,112.41,-20.701,-23.019
1.0057,2.2569,5.226,-0.8879,-3.1577,-1.1159,141.76,97.389,142.77,114.57,-20.175,-22.188
1.0264,2.6845,6.0431,-1.268,-3.5507,-0.63466,141.95,99.374,145.98,116.83,-19.574,-21.29
0.62875,3.1676,7.273,-1.5295,-4.4365,-0.0013863,142.11,101.48,149.48,119.23,-18.837,-20.312
0.028199,3.7071,8.6336,-1.7118,-5.5255,0.68724,142.24,103.69,153.25,121.79,-17.927,-19.246
-0.48715,4.3398,9.8354,-1.9006,-6.4842,1.346,142.34,106,157.24,124.53,-16.833,-18.084
-0.66503,5.1339,10.65,-2.2034,-7.028,1.9223,142.42,108.43,161.37,127.42,-15.574,-16.822
-0.39577,6.1567,10.985,-2.7117,-7.0231,2.402,142.51,110.96,165.58,130.41,-14.201,-15.472
0.2509,7.422,10.948,-3.4683,-6.5702,2.8065,142.62,113.55,169.8,133.38,-12.785,-14.076
1.0714,8.8527,10.839,-4.4539,-5.9984,3.1861,142.76,116.13,173.94,136.23,-11.408,-12.695
1.814,10.313,11.03,-5.5936,-5.7067,3.6073,142.9,118.6,177.91,138.86,-10.132,-11.386
2.2783,11.7,11.779,-6.7863,-5.9541,4.1369,143.04,120.88,181.65,141.25,-8.9788,-10.182
2.3995,13.027,13.096,-7.9579,-6.7628,4.8136,143.14,122.93,185.12,143.47,-7.9211,-9.0718
2.2802,14.423,14.742,-9.1135,-7.9223,5.6162,143.19,124.78,188.33,145.63,-6.8934,-8.0027
2.1638,16.083,16.331,-10.349,-9.0576,6.463,143.17,126.47,191.32,147.89,-5.8187,-6.8994
2.3537,18.183,17.486,-11.804,-9.7511,7.2523,143.07,128.08,194.2,150.38,-4.6377,-5.6901
3.1049,20.799,17.951,-13.598,-9.6768,7.9118,142.89,129.67,197.06,153.22,-3.3259,-4.3309
4.5338,23.821,17.631,-15.777,-8.6982,8.4226,142.6,131.27,200.02,156.44,-1.8956,-2.819
6.5798,26.969,16.6,-18.304,-6.915,8.8193,142.21,132.89,203.15,159.99,-0.38332,-1.1891
9.0247,29.964,15.118,-21.075,-4.6483,9.1846,141.7,134.5,206.48,163.8,1.1695,0.50379
11.559,32.691,13.607,-23.946,-2.3564,9.6553,141.07,136.1,209.98,167.74,2.7344,2.2089
13.874,35.198,12.529,-26.766,-0.49622,10.421,140.31,137.67,213.58,171.72,4.3058,3.8994
15.76,37.619,12.223,-29.418,0.61129,11.69,139.41,139.24,217.17,175.7,5.903,5.5845
17.162,40.104,12.795,-31.854,0.8556,13.631,138.36,140.85,220.64,179.7,7.5661,7.3105
18.213,42.782,14.119,-34.108,0.34209,16.303,137.16,142.54,223.92,183.79,9.3488,9.1519
19.214,45.747,15.926,-36.268,-0.64758,19.586,135.81,144.37,227.01,188.08,11.308,11.192
20.534,49.036,17.875,-38.422,-1.7305,23.131,134.33,146.33,229.97,192.69,13.491,13.502
22.463,52.601,19.641,-40.642,-2.5459,26.562,132.7,148.41,232.85,197.65,15.927,16.121
25.095,56.305,21.01,-43.008,-2.8955,29.696,130.95,150.59,235.75,202.96,18.622,19.056
28.339,59.996,21.864,-45.62,-2.8,32.471,129.12,152.86,238.7,208.55,21.573,22.292
31.999,63.598,22.261,-48.56,-2.4447,34.883,127.26,155.22,241.71,214.33,24.777,25.804
35.804,67.133,22.531,-51.824,-2.0549,37.074,125.43,157.67,244.74,220.19,28.247,29.575
39.499,70.663,23.031,-55.34,-1.7724,39.317,123.65,160.17,247.75,226.09,32.02,33.612
43.032,74.209,23.822,-59.028,-1.5904,41.848,121.85,162.65,250.69,232.06,36.154,37.969
46.57,77.718,24.688,-62.822,-1.3605,44.706,120,165.06,253.58,238.2,40.714,42.738
50.309,81.095,25.33,-66.639,-0.85243,47.686,118.02,167.38,256.47,244.6,45.764,48.033
54.311,84.27,25.502,-70.357,0.15996,50.445,115.87,169.63,259.38,251.27,51.349,53.951
58.535,87.234,25.064,-73.884,1.8174,52.703,113.51,171.86,262.34,258.14,57.486,60.527
62.967,90.032,24.015,-77.235,4.1184,54.388,110.89,174.07,265.31,265.07,64.127,67.686
67.609,92.752,22.506,-80.519,6.9042,55.624,108.03,176.22,268.25,271.95,71.149,75.223
72.369,95.541,20.814,-83.863,9.9007,56.638,104.93,178.23,271.1,278.77,78.363,82.856
77.047,98.597,19.259,-87.351,12.814,57.638,101.64,180.01,273.81,285.62,85.572,90.328
81.465,102.07,18.098,-91.019,15.436,58.734,98.201,181.48,276.34,292.61,92.64,97.48
85.586,105.96,17.437,-94.856,17.71,59.913,94.623,182.62,278.69,299.85,99.524,104.28
89.503,110.07,17.224,-98.818,19.746,61.088,90.887,183.47,280.87,307.35,106.27,110.81
93.32,114.15,17.3,-102.83,21.782,62.172,86.935,184.06,282.89,315.03,112.95,117.15
97.045,117.99,17.47,-106.78,24.073,63.123,82.656,184.43,284.76,322.75,119.6,123.4
100.6,121.46,17.558,-110.55,26.69,63.964,77.901,184.59,286.51,330.33,126.21,129.55
103.9,124.52,17.483,-114.04,29.368,64.784,72.546,184.57,288.14,337.59,132.68,135.53
106.85,127.23,17.304,-117.19,31.67,65.698,66.653,184.35,289.68,344.47,138.95,141.3
109.41,129.72,17.146,-120.02,33.411,66.794,60.567,183.92,291.13,350.95,144.99,146.85
111.62,132.09,17.068,-122.56,34.752,68.046,54.737,183.27,292.51,357.1,150.79,152.21
113.66,134.39,16.995,-124.93,35.995,69.285,49.419,182.39,293.83,363.02,156.4,157.4
115.74,136.54,16.741,-127.18,37.449,70.255,44.637,181.3,295.09,368.75,161.81,162.45
117.99,138.44,16.101,-129.33,39.37,70.732,40.342,180.05,296.29,374.23,167.01,167.34
120.48,139.97,14.937,-131.32,41.9,70.607,36.487,178.68,297.38,379.25,171.93,172.03
123.19,141.08,13.216,-133.07,45.027,69.887,32.981,177.2,298.31,383.62,176.54,176.44
126.1,141.83,11.005,-134.59,48.617,68.666,29.646,175.58,299.05,387.22,180.77,180.48
129.21,142.29,8.4341,-135.97,52.497,67.084,26.265,173.7,299.57,390.1,184.57,184.09
132.52,142.56,5.6516,-137.32,56.506,65.286,22.68,171.4,299.88,392.36,187.92,187.2
136,142.73,2.7977,-138.72,60.497,63.382,18.845,168.5,299.99,394.14,190.85,189.83
139.49,142.81,0.003662,-140.14,64.311,61.435,14.839,164.93,299.93,395.56,193.39,192.03
142.73,142.82,-2.592,-141.47,67.781,59.497,10.799,160.74,299.71,396.73,195.62,193.91
145.51,142.76,-4.8454,-142.59,70.768,57.627,6.827,156.26,299.38,397.74,197.61,195.58
147.68,142.65,-6.651,-143.42,73.199,55.891,2.9339,151.88,298.99,398.64,199.41,197.14
149.21,142.49,-8.0009,-143.92,75.072,54.311,-0.92919,147.9,298.55,399.43,200.97,198.59
150.17,142.26,-9.0071,-144.15,76.459,52.822,-4.8068,144.35,298.1,400.05,202.2,199.82
150.66,141.94,-9.8637,-144.18,77.508,51.274,-8.7118,141.09,297.64,400.43,203,200.69
150.88,141.54,-10.779,-144.13,78.386,49.513,-12.651,137.94,297.14,400.52,203.29,201.08
151,141.02,-11.911,-144.11,79.215,47.478,-16.663,134.72,296.56,400.29,203.05,200.92
151.22,140.36,-13.315,-144.2,80.046,45.198,-20.826,131.3,295.84,399.74,202.31,200.23
151.68,139.41,-14.923,-144.41,80.893,42.761,-25.215,127.58,294.96,398.88,201.14,199.07
152.41,138,-16.567,-144.67,81.734,40.288,-29.828,123.49,293.86,397.67,199.59,197.48
153.23,135.93,-18.064,-144.79,82.489,37.88,-34.541,119.02,292.52,395.98,197.68,195.54
153.88,133.12,-19.313,-144.55,83.033,35.56,-39.121,114.18,290.93,393.64,195.36,193.24
154.19,129.7,-20.33,-143.73,83.32,33.269,-43.321,109,289.07,390.43,192.55,190.51
154.13,125.88,-21.22,-142.2,83.486,30.906,-46.987,103.47,286.88,386.21,189.13,187.23
153.67,121.77,-22.101,-139.91,83.725,28.382,-50.083,97.533,284.29,380.95,185.04,183.31
152.67,117.3,-23.009,-136.83,84.044,25.649,-52.647,91.09,281.2,374.71,180.27,178.68
150.8,112.39,-23.853,-132.93,84.145,22.713,-54.745,83.947,277.47,367.48,174.82,173.32
147.6,107.07,-24.45,-128.15,83.536,19.657,-56.452,75.834,272.96,359.21,168.68,167.23
142.74,101.47,-24.62,-122.54,81.774,16.658,-57.842,66.558,267.58,349.76,161.82,160.43
136.33,95.787,-24.285,-116.3,78.735,13.92,-58.975,56.346,261.26,339,154.24,152.94
128.83,90.179,-23.524,-109.7,74.688,11.552,-59.873,45.993,253.99,326.87,146.02,144.87
120.74,84.735,-22.537,-103.07,70.106,9.5126,-60.524,36.46,245.77,313.52,137.27,136.37
112.57,79.504,-21.563,-96.711,65.451,7.6847,-60.912,28.313,236.6,299.4,128.1,127.57
104.92,74.523,-20.79,-90.886,61.103,5.9762,-61.026,21.612,226.55,285.07,118.56,118.5
98.407,69.774,-20.295,-85.741,57.345,4.3676,-60.839,16.164,215.79,270.94,108.6,109.11
93.235,65.119,-20.033,-81.166,54.295,2.8816,-60.303,11.727,204.6,257.04,98.183,99.294
89.028,60.308,-19.882,-76.738,51.786,1.5307,-59.366,8.0594,193.33,243.05,87.302,89.002
84.902,55.109,-19.713,-71.868,49.414,0.30294,-58.003,4.9083,182.24,228.62,76.122,78.341
80.002,49.479,-19.486,-66.179,46.783,-0.82492,-56.218,1.9902,171.35,213.51,64.992,67.606
74.345,43.637,-19.287,-59.926,43.931,-1.8894,-54.017,-1.0073,160.41,197.69,54.345,57.181
68.984,37.947,-19.277,-54.169,41.484,-2.9416,-51.423,-4.4082,148.99,181.33,44.495,47.361
64.862,32.642,-19.559,-50.015,39.878,-4.0275,-48.493,-8.4913,136.74,164.66,35.547,38.276
61.862,27.676,-20.072,-47.347,38.853,-5.1593,-45.332,-13.373,123.51,148,27.479,29.964
59.232,22.877,-20.602,-45.292,37.938,-6.3076,-42.076,-18.876,109.61,131.59,20.246,22.451
56.285,18.256,-20.886,-43.212,36.753,-7.4189,-38.868,-24.545,95.859,115.54,13.812,15.76
52.637,14.058,-20.717,-40.808,35.03,-8.4407,-35.841,-29.879,83.117,99.657,8.1275,9.8641
48.266,10.532,-20.029,-37.965,32.667,-9.3391,-33.08,-34.58,71.648,83.537,3.0906,4.6532
43.542,7.7689,-18.913,-34.69,29.772,-10.1,-30.613,-38.596,61.071,67.467,-1.4651,-0.05586
39.079,5.6925,-17.58,-31.102,26.618,-10.729,-28.402,-42.014,50.813,52.759,-5.7374,-4.4759
35.38,4.1364,-16.283,-27.384,23.555,-11.251,-26.366,-44.943,40.575,40.221,-9.8971,-8.7892
32.539,2.9352,-15.246,-23.649,20.873,-11.717,-24.399,-47.468,30.558,29.383,-14.036,-13.096
30.224,1.9617,-14.601,-19.869,18.638,-12.193,-22.406,-49.645,21.499,19.677,-18.147,-17.391
27.894,1.1072,-14.388,-16.001,16.659,-12.741,-20.343,-51.517,14.217,11.649,-22.156,-21.588
25.106,0.263,-14.574,-12.213,14.718,-13.409,-18.247,-53.131,8.833,5.9664,-25.969,-25.574
21.835,-0.66021,-15.066,-8.8899,12.892,-14.211,-16.232,-54.538,4.7953,1.8437,-29.529,-29.271
18.495,-1.7069,-15.697,-6.2844,11.459,-15.119,-14.439,-55.793,1.495,-1.7692,-32.829,-32.657
15.448,-2.863,-16.254,-4.2946,10.405,-16.057,-12.957,-56.922,-1.4585,-5.3312,-35.883,-35.752
12.692,-4.0624,-16.54,-2.6774,9.4042,-16.91,-11.788,-57.908,-4.2675,-8.9501,-38.696,-38.573
10.11,-5.2122,-16.431,-1.2828,8.208,-17.559,-10.856,-58.682,-7.0125,-12.605,-41.251,-41.118
7.7124,-6.2283,-15.898,-0.085027,6.8144,-17.929,-10.062,-59.149,-9.6868,-16.212,-43.513,-43.366
5.6641,-7.0716,-15.039,0.88149,5.431,-18.023,-9.3274,-59.222,-12.225,-19.658,-45.459,-45.306
4.1681,-7.7677,-14.072,1.5887,4.3457,-17.935,-8.6209,-58.861,-14.544,-22.833,-47.091,-46.946
3.328,-8.4001,-13.272,2.0543,3.7735,-17.813,-7.9469,-58.088,-16.586,-25.667,-48.437,-48.315
3.0756,-9.0736,-12.843,2.3514,3.7468,-17.804,-7.3221,-56.978,-18.344,-28.142,-49.54,-49.456
3.1738,-9.8622,-12.812,2.5958,4.0875,-17.992,-6.7567,-55.646,-19.853,-30.281,-50.452,-50.419
3.2811,-10.768,-12.997,2.9126,4.4586,-18.357,-6.2446,-54.206,-21.161,-32.134,-51.226,-51.254
3.0615,-11.722,-13.067,3.3938,4.4764,-18.779,-5.7657,-52.745,-22.294,-33.759,-51.911,-52.007
2.2948,-12.616,-12.692,4.0666,3.856,-19.089,-5.298,-51.301,-23.25,-35.215,-52.54,-52.712
0.94296,-13.349,-11.721,4.8855,2.5287,-19.154,-4.83,-49.869,-24.015,-36.543,-53.132,-53.378
-0.83896,-13.86,-10.269,5.7484,0.67332,-18.945,-4.366,-48.419,-24.584,-37.753,-53.685,-53.994
-2.7464,-14.145,-8.6749,6.535,-1.344,-18.559,-3.9218,-46.915,-24.959,-38.815,-54.177,-54.53
-4.4199,-14.261,-7.3502,7.154,-3.0834,-18.169,-3.5159,-45.324,-25.143,-39.662,-54.57,-54.952
-5.5625,-14.314,-6.6265,7.5774,-4.1609,-17.955,-3.1619,-43.615,-25.136,-40.231,-54.827,-55.234
-6.0235,-14.429,-6.6638,7.8407,-4.3631,-18.025,-2.8641,-41.759,-24.933,-40.483,-54.923,-55.366
-5.8092,-14.698,-7.4142,8.0078,-3.6909,-18.387,-2.6168,-39.714,-24.523,-40.416,-54.854,-55.357
-5.0325,-15.138,-8.6538,8.1253,-2.3153,-18.95,-2.4084,-37.424,-23.901,-40.063,-54.645,-55.233
-3.8738,-15.678,-10.069,8.1995,-0.52258,-19.564,-2.2278,-34.838,-23.07,-39.489,-54.343,-55.03
-2.5726,-16.206,-11.351,8.2104,1.3171,-20.08,-2.0711,-31.942,-22.059,-38.78,-54.006,-54.795
-1.3794,-16.628,-12.277,8.1393,2.8311,-20.404,-1.9416,-28.788,-20.933,-38.022,-53.694,-54.57
-0.47955,-16.908,-12.746,7.9932,3.756,-20.516,-1.8417,-25.499,-19.778,-37.288,-53.442,-54.378
0.012794,-17.076,-12.779,7.8211,3.9707,-20.453,-1.7631,-22.236,-18.674,-36.607,-53.252,-54.212
0.015921,-17.206,-12.456,7.7103,3.4833,-20.282,-1.6816,-19.132,-17.678,-35.957,-53.093,-54.039
-0.4986,-17.372,-11.9,7.754,2.4435,-20.083,-1.5644,-16.263,-16.798,-35.278,-52.917,-53.817
-1.4499,-17.62,-11.304,8.0055,1.1325,-19.945,-1.3828,-13.643,-16.005,-34.493,-52.681,-53.513
-2.6404,-17.952,-10.887,8.4506,-0.11352,-19.951,-1.1196,-11.257,-15.24,-33.524,-52.362,-53.118
-3.8111,-18.33,-10.797,9.013,-0.99542,-20.155,-0.76967,-9.0815,-14.449,-32.32,-51.96,-52.642
-4.7207,-18.697,-11.078,9.5842,-1.3213,-20.537,-0.3336,-7.1031,-13.599,-30.869,-51.484,-52.098
-5.2161,-19.002,-11.669,10.063,-1.0552,-21.001,0.18815,-5.3196,-12.7,-29.215,-50.945,-51.497
-5.2764,-19.211,-12.41,10.39,-0.33119,-21.402,0.79763,-3.732,-11.792,-27.44,-50.351,-50.838
-5.015,-19.315,-13.066,10.568,0.58244,-21.611,1.4936,-2.3339,-10.925,-25.648,-49.7,-50.115
-4.6344,-19.335,-13.382,10.649,1.3636,-21.562,2.2639,-1.1059,-10.14,-23.941,-48.99,-49.331
-4.3557,-19.305,-13.175,10.705,1.7328,-21.257,3.0817,-0.015123,-9.4592,-22.404,-48.226,-48.503
-4.3389,-19.239,-12.394,10.789,1.538,-20.737,3.9059,0.97764,-8.8882,-21.087,-47.43,-47.67
-4.6179,-19.122,-11.137,10.899,0.79947,-20.064,4.6887,1.9067,-8.4176,-19.995,-46.64,-46.882
-5.091,-18.923,-9.6128,10.965,-0.31294,-19.307,5.3871,2.7884,-8.0296,-19.091,-45.902,-46.187
-5.6041,-18.62,-8.0728,10.901,-1.5731,-18.542,5.9763,3.6152,-7.7039,-18.314,-45.247,-45.609
-6.0667,-18.229,-6.714,10.673,-2.7953,-17.834,6.458,4.3623,-7.4244,-17.6,-44.671,-45.129
-6.4865,-17.792,-5.6214,10.346,-3.8648,-17.218,6.8607,5.0051,-7.1815,-16.892,-44.124,-44.677
-6.9048,-17.362,-4.7684,10.035,-4.7221,-16.69,7.2262,5.5374,-6.9666,-16.141,-43.517,-44.14
-7.3172,-16.971,-4.0892,9.8355,-5.3357,-16.223,7.5949,5.9822,-6.7545,-15.3,-42.744,-43.392
-7.6423,-16.622,-3.5809,9.7662,-5.653,-15.796,7.9917,6.3872,-6.5013,-14.329,-41.714,-42.331
-7.7415,-16.293,-3.3317,9.766,-5.5726,-15.409,8.4185,6.8091,-6.1534,-13.203,-40.377,-40.91
-7.478,-15.963,-3.4403,9.7354,-4.9929,-15.077,8.8535,7.2933,-5.6677,-11.928,-38.737,-39.155
-6.7904,-15.626,-3.9231,9.5923,-3.9033,-14.823,9.2605,7.8598,-5.0346,-10.549,-36.855,-37.158
-5.7442,-15.296,-4.6737,9.3125,-2.4399,-14.651,9.604,8.5006,-4.28,-9.1446,-34.833,-35.055
-4.5343,-14.995,-5.4866,8.9376,-0.87136,-14.531,9.86,9.1847,-3.4612,-7.8158,-32.793,-32.98
-3.4338,-14.736,-6.1213,8.5515,0.4728,-14.406,10.021,9.8659,-2.647,-6.663,-30.832,-31.03
-2.7035,-14.515,-6.378,8.242,1.2971,-14.223,10.089,10.491,-1.9092,-5.7606,-29.009,-29.248
-2.5062,-14.318,-6.1559,8.0662,1.4217,-13.951,10.062,11.012,-1.31,-5.1318,-27.328,-27.622
-2.8716,-14.13,-5.4806,8.0373,0.82024,-13.601,9.9327,11.407,-0.88264,-4.7343,-25.751,-26.101
-3.7202,-13.938,-4.4777,8.131,-0.39262,-13.208,9.6974,11.693,-0.61273,-4.4599,-24.212,-24.609
-4.8961,-13.731,-3.3241,8.3011,-1.9955,-12.804,9.3737,11.919,-0.43222,-4.1554,-22.643,-23.069
-6.1856,-13.487,-2.1962,8.4944,-3.6967,-12.408,9.0006,12.145,-0.2384,-3.6758,-21,-21.419
-7.3443,-13.19,-1.2358,8.6559,-5.1865,-12.015,8.6278,12.404,0.067935,-2.9355,-19.266,-19.634
-8.1453,-12.824,-0.53505,8.7309,-6.2084,-11.606,8.2998,12.691,0.54256,-1.9343,-17.456,-17.724
-8.43,-12.37,-0.13619,8.6683,-6.6071,-11.158,8.0466,12.969,1.1768,-0.7461,-15.603,-15.737
-8.1442,-11.816,-0.042271,8.431,-6.3419,-10.657,7.8812,13.19,1.9069,0.51925,-13.749,-13.739
-7.3549,-11.151,-0.21693,8.0118,-5.4951,-10.109,7.7969,13.318,2.6486,1.759,-11.941,-11.802
-6.2372,-10.386,-0.58004,7.4452,-4.271,-9.5351,7.7638,13.35,3.333,2.906,-10.22,-9.99
-5.0212,-9.5611,-1.0096,6.8021,-2.9501,-8.9623,7.7373,13.31,3.9294,3.9365,-8.6215,-8.3462
-3.9316,-8.7264,-1.3544,6.1691,-1.8153,-8.3974,7.6755,13.245,4.4469,4.8622,-7.1589,-6.8836
-3.1486,-7.9188,-1.4543,5.6232,-1.0969,-7.8079,7.5623,13.203,4.9241,5.7188,-5.8172,-5.5753
-2.7741,-7.1392,-1.1722,5.2083,-0.93035,-7.1296,7.42,13.22,5.4103,6.5536,-4.5522,-4.3582
-2.7967,-6.3556,-0.44297,4.9178,-1.3204,-6.3016,7.2979,13.303,5.9405,7.4085,-3.3048,-3.155
-3.0843,-5.5287,0.69009,4.6965,-2.1323,-5.3065,7.2409,13.423,6.512,8.3004,-2.0256,-1.9028
-3.4276,-4.6424,2.0691,4.4635,-3.1273,-4.1963,7.2577,13.519,7.0738,9.2091,-0.69251,-0.57453
-3.6249,-3.7198,3.4575,4.1498,-4.0362,-3.0775,7.312,13.524,7.5436,10.084,0.6867,0.81887
-3.5764,-2.8155,4.6238,3.7324,-4.6597,-2.0596,7.3448,13.4,7.8513,10.872,2.088,2.2458
-3.3414,-1.9918,5.4653,3.2522,-4.974,-1.2028,7.3172,13.156,7.9869,11.547,3.493,3.6797
-3.1108,-1.2975,6.0937,2.803,-5.1662,-0.49456,7.2393,12.844,8.0158,12.124,4.9061,5.1177
-3.1143,-0.75774,6.7742,2.4972,-5.5292,0.13151,7.1643,12.528,8.0443,12.646,6.356,6.5823
-3.5159,-0.37268,7.744,2.4188,-6.2813,0.74279,7.1535,12.25,8.1561,13.15,7.8821,8.1039
-4.3259,-0.11976,9.0708,2.5804,-7.441,1.3685,7.2403,12.013,8.364,13.639,9.5115,9.7009
-5.3695,0.040987,10.612,2.9068,-8.8053,1.9841,7.4089,11.774,8.6021,14.078,11.241,11.364
-6.3403,0.15339,12.071,3.2606,-10.027,2.5266,7.5937,11.474,8.7595,14.417,13.026,13.048
-6.9249,0.24768,13.115,3.5055,-10.754,2.924,7.7019,11.068,8.735,14.612,14.785,14.687
-6.9391,0.32989,13.522,3.5683,-10.767,3.128,7.6525,10.556,8.4843,14.652,16.432,16.216
-6.4088,0.38475,13.276,3.4668,-10.076,3.1354,7.4151,9.9792,8.0364,14.56,17.898,17.591
-5.5601,0.38929,12.577,3.2919,-8.9231,2.9954,7.024,9.408,7.4739,14.389,19.155,18.798
-4.7277,0.3285,11.755,3.1605,-7.6976,2.7929,6.5604,8.9045,6.8938,14.195,20.21,19.848
-4.229,0.20411,11.147,3.1673,-6.7999,2.6192,6.1167,8.5081,6.3717,14.025,21.084,20.757
-4.2575,0.032942,10.981,3.354,-6.5065,2.5421,5.7594,8.2228,5.9413,13.897,21.797,21.527
-4.8313,-0.1608,11.314,3.7025,-6.8946,2.5872,5.5058,8.0236,5.5902,13.805,22.351,22.142
-5.8108,-0.35104,12.024,4.1482,-7.8488,2.7359,5.3195,7.8707,5.2719,13.724,22.734,22.575
-6.956,-0.51116,12.891,4.6005,-9.1205,2.9421,5.1322,7.7311,4.9318,13.63,22.932,22.806
-8.0012,-0.61285,13.685,4.9654,-10.412,3.1584,4.883,7.5919,4.5359,13.506,22.941,22.834
-8.7358,-0.62966,14.251,5.1689,-11.463,3.3604,4.5525,7.4621,4.0874,13.348,22.784,22.687
-9.0656,-0.54776,14.541,5.1786,-12.127,3.5441,4.1691,7.3611,3.6199,13.157,22.512,22.422
-9.025,-0.37879,14.599,5.0147,-12.393,3.7072,3.7858,7.2993,3.1725,12.934,22.193,22.111
-8.7365,-0.16323,14.513,4.7398,-12.358,3.833,3.4439,7.2619,2.7618,12.679,21.885,21.817
-8.3433,0.044155,14.344,4.4288,-12.159,3.8923,3.152,7.2103,2.3717,12.393,21.631,21.583
-7.9473,0.20133,14.107,4.1324,-11.903,3.8627,2.8901,7.1017,1.9692,12.089,21.456,21.431
-7.5789,0.2997,13.77,3.8567,-11.609,3.7502,2.6339,6.9148,1.5347,11.795,21.38,21.382
-7.2046,0.36253,13.279,3.5777,-11.198,3.5832,2.3787,6.663,1.0848,11.561,21.437,21.46
-6.7555,0.42328,12.57,3.2761,-10.535,3.3977,2.148,6.3899,0.67016,11.439,21.674,21.704
-6.1582,0.50201,11.624,2.9583,-9.5231,3.2175,1.9815,6.1476,0.35001,11.467,22.146,22.155
-5.3403,0.59629,10.495,2.6415,-8.1559,3.0449,1.9118,5.9708,0.16039,11.647,22.888,22.838
-4.2237,0.68922,9.2607,2.3188,-6.4518,2.8572,1.9435,5.8594,0.095025,11.938,23.887,23.739
-2.7655,0.76324,7.9466,1.9562,-4.4382,2.6166,2.0448,5.7799,0.11025,12.262,25.066,24.79
-1.0388,0.80812,6.5384,1.5374,-2.2424,2.2933,2.1572,5.6845,0.14791,12.531,26.31,25.891
0.72749,0.82215,5.0799,1.0993,-0.11495,1.8974,2.2185,5.5372,0.16021,12.676,27.501,26.946
2.1869,0.81299,3.7467,0.7211,1.6169,1.493,2.1873,5.3239,0.12516,12.669,28.562,27.89
2.988,0.79818,2.8212,0.48626,2.5983,1.1802,2.059,5.0567,0.040462,12.527,29.471,28.706
2.8611,0.79761,2.5825,0.45539,2.5161,1.0562,1.8641,4.7613,-0.082653,12.294,30.246,29.409
1.6639,0.819,3.1775,0.6556,1.2231,1.1755,1.656,4.4635,-0.22739,12.019,30.924,30.027
-0.52811,0.85118,4.5286,1.0733,-1.1528,1.5241,1.4875,4.1752,-0.38007,11.73,31.54,30.59
-3.3396,0.87287,6.3239,1.6464,-4.172,2.0158,1.3884,3.8933,-0.52699,11.434,32.114,31.114
-6.1577,0.86608,8.1078,2.2689,-7.171,2.5178,1.3567,3.6055,-0.66548,11.116,32.652,31.608
-8.3294,0.82441,9.4316,2.8096,-9.4607,2.8985,1.3664,3.3003,-0.79697,10.756,33.154,32.078
-9.3438,0.7693,9.999,3.123,-10.532,3.0802,1.3826,2.9755,-0.91766,10.344,33.626,32.532
-8.9355,0.76685,9.7556,3.0676,-10.179,3.0737,1.3764,2.6388,-1.0131,9.8835,34.08,32.978
-7.1613,0.90402,8.8889,2.5681,-8.5367,2.9694,1.3303,2.2993,-1.064,9.3884,34.525,33.421
-4.4432,1.2285,7.7465,1.691,-6.0517,2.8868,1.2379,1.9606,-1.058,8.8747,34.959,33.854
-1.4828,1.708,6.7037,0.6454,-3.369,2.914,1.1011,1.6202,-0.99969,8.3527,35.361,34.257
1.0004,2.237,6.0287,-0.30447,-1.1075,3.0693,0.92599,1.2777,-0.91219,7.8281,35.698,34.601
2.549,2.6778,5.7953,-0.94659,0.34877,3.2986,0.71838,0.9458,-0.81764,7.3059,35.932,34.851
3.0365,2.9131,5.8861,-1.1821,0.89877,3.5011,0.48206,0.65521,-0.73633,6.7921,36.031,34.978
2.5624,2.8861,6.0772,-1.0278,0.63273,3.5756,0.21969,0.44919,-0.66747,6.2839,35.981,34.97
1.3823,2.6156,6.1556,-0.58579,-0.23551,3.4712,-0.065386,0.36629,-0.59225,5.7719,35.787,34.837
-0.12587,2.1823,5.9995,-0.0084956,-1.3672,3.2072,-0.36704,0.4219,-0.4804,5.2442,35.472,34.611
-1.5607,1.6984,5.5951,0.53929,-2.3754,2.8542,-0.6735,0.60244,-0.31065,4.6999,35.072,34.327
-2.5992,1.2754,5.0097,0.92325,-2.9848,2.4983,-0.96586,0.8763,-0.080488,4.1573,34.634,34.021
-3.0614,0.99553,4.3518,1.0775,-3.0938,2.2098,-1.2203,1.2124,0.19744,3.6486,34.204,33.72
-2.9336,0.8892,3.7304,1.0114,-2.7569,2.0222,-1.4155,1.5933,0.50327,3.2119,33.809,33.433
-2.3393,0.92886,3.215,0.78408,-2.129,1.9264,-1.5434,2.0166,0.81495,2.8715,33.441,33.14
-1.4781,1.052,2.8163,0.48087,-1.3902,1.8826,-1.619,2.4867,1.1112,2.6199,33.055,32.794
-0.55786,1.1944,2.4969,0.19388,-0.68838,1.8416,-1.6796,3.0031,1.3741,2.414,32.581,32.328
0.26864,1.3077,2.2,-0.013552,-0.10881,1.7674,-1.7722,3.5526,1.5832,2.1879,31.945,31.678
0.9401,1.3708,1.8704,-0.14076,0.33344,1.6463,-1.9346,4.1079,1.7266,1.8745,31.099,30.808
1.4744,1.3989,1.4635,-0.24176,0.68122,1.4845,-2.1811,4.6348,1.8005,1.424,30.033,29.717
1.9241,1.4276,0.94813,-0.37968,1.0069,1.2975,-2.4991,5.1024,1.8071,0.81625,28.778,28.443
2.3319,1.4748,0.31194,-0.58068,1.3778,1.0981,-2.8538,5.4928,1.7517,0.064952,27.384,27.04
2.7084,1.5191,-0.43575,-0.81632,1.8295,0.88655,-3.2,5.8063,1.6391,-0.78825,25.907,25.563
3.0355,1.5166,-1.2662,-1.0205,2.3588,0.65071,-3.4996,6.0579,1.4709,-1.6881,24.387,24.054
3.2942,1.4355,-2.1366,-1.1308,2.9373,0.37897,-3.7373,6.2654,1.2435,-2.5882,22.836,22.524
3.5004,1.2816,-2.993,-1.1343,3.5285,0.077812,-3.9261,6.4366,0.9515,-3.4694,21.246,20.964
3.7148,1.1039,-3.7704,-1.0883,4.0907,-0.21867,-4.0984,6.5654,0.5841,-4.3405,19.599,19.355
4.0059,0.97833,-4.3938,-1.0912,4.5695,-0.45518,-4.2891,6.6393,0.14241,-5.2215,17.898,17.699
4.3946,0.97242,-4.7813,-1.2198,4.8959,-0.57348,-4.5198,6.6505,-0.36264,-6.114,16.178,16.028
4.8241,1.1104,-4.8586,-1.4778,4.9991,-0.53329,-4.7926,6.6055,-0.90387,-6.9862,14.504,14.405
5.1678,1.3601,-4.5888,-1.7867,4.8285,-0.32984,-5.0921,6.526,-1.443,-7.7759,12.957,12.902
5.2795,1.6449,-4.008,-2.0221,4.3823,-0.0035393,-5.3971,6.4393,-1.9372,-8.4189,11.595,11.566
5.0804,1.8747,-3.2455,-2.0792,3.7344,0.36382,-5.6942,6.3644,-2.3543,-8.8813,10.434,10.405
4.6329,1.9799,-2.507,-1.9324,3.0467,0.66891,-5.9891,6.3032,-2.6887,-9.1787,9.4385,9.3848
4.1242,1.9356,-2.0173,-1.649,2.5346,0.81878,-6.307,6.2423,-2.9561,-9.3712,8.542,8.4495
3.7632,1.7661,-1.9406,-1.3497,2.3827,0.76345,-6.6836,6.1636,-3.1848,-9.5429,7.6758,7.5471
3.6835,1.5296,-2.3156,-1.1496,2.6605,0.51402,-7.1475,6.0573,-3.3975,-9.7746,6.7937,6.6481
3.9124,1.2934,-3.0374,-1.1147,3.2888,0.13713,-7.7006,5.9311,-3.6051,-10.121,5.8881,5.7563
4.3839,1.1041,-3.8973,-1.2403,4.0766,-0.27155,-8.3003,5.8103,-3.8052,-10.595,4.9899,4.9056
4.9499,0.97582,-4.6611,-1.4502,4.7974,-0.62381,-8.8604,5.7254,-3.9894,-11.167,4.1527,4.1443
5.3813,0.88913,-5.1579,-1.6194,5.248,-0.87201,-9.2732,5.6937,-4.1555,-11.781,3.4267,3.5103
5.4393,0.80712,-5.3467,-1.624,5.294,-1.0245,-9.457,5.706,-4.3158,-12.367,2.8363,3.0121
5.0696,0.70112,-5.3348,-1.4109,4.9641,-1.134,-9.3976,5.7278,-4.4929,-12.865,2.3716,2.6232
4.5286,0.57136,-5.3392,-1.0501,4.5158,-1.2657,-9.1451,5.7137,-4.7063,-13.237,1.9948,2.2929
4.2505,0.44852,-5.5992,-0.71666,4.3468,-1.4635,-8.7724,5.6286,-4.9573,-13.467,1.6586,1.9669
4.5874,0.37897,-6.2614,-0.59033,4.788,-1.7318,-8.334,5.4663,-5.2253,-13.573,1.3244,1.6072
5.6253,0.40368,-7.2905,-0.7618,5.9171,-2.0339,-7.8484,5.256,-5.4741,-13.59,0.97217,1.2021
7.1402,0.53685,-8.4624,-1.1901,7.5022,-2.3014,-7.3034,5.0525,-5.6652,-13.559,0.60018,0.76202
8.6803,0.75325,-9.4325,-1.72,9.0746,-2.4566,-6.6736,4.9127,-5.7713,-13.516,0.21454,0.30449
9.7238,0.9942,-9.8556,-2.1443,10.083,-2.4432,-5.9393,4.868,-5.7867,-13.482,-0.18286,-0.16132
9.8762,1.1906,-9.527,-2.2871,10.114,-2.2509,-5.1011,4.9091,-5.7331,-13.471,-0.602,-0.64169
9.027,1.2899,-8.4801,-2.0739,9.0852,-1.9256,-4.184,4.9912,-5.6563,-13.491,-1.0641,-1.1532
7.3825,1.2743,-6.977,-1.5597,7.2638,-1.5564,-3.2307,5.0581,-5.6085,-13.545,-1.5923,-1.7102
5.3772,1.1644,-5.4032,-0.90096,5.1389,-1.2426,-2.2895,5.0703,-5.6302,-13.617,-2.1987,-2.3148
3.5333,1.0072,-4.1356,-0.29008,3.2584,-1.0576,-1.4019,5.0221,-5.7336,-13.677,-2.8777,-2.9567
2.2974,0.85416,-3.4314,0.11706,2.0759,-1.0271,-0.5962,4.9406,-5.9036,-13.69,-3.6115,-3.6232
1.8921,0.73741,-3.3623,0.25418,1.807,-1.131,0.11527,4.8692,-6.1125,-13.632,-4.383,-4.3123
2.2509,0.66076,-3.8196,0.1564,2.3514,-1.3244,0.73587,4.8443,-6.344,-13.5,-5.1903,-5.0415
3.0865,0.60499,-4.5961,-0.07449,3.3727,-1.5647,1.2825,4.8761,-6.604,-13.315,-6.0553,-5.8513
4.0796,0.54684,-5.4957,-0.32934,4.5401,-1.8293,1.7607,4.9432,-6.9182,-13.116,-7.025,-6.8034
5.048,0.47589,-6.399,-0.54335,5.6941,-2.1148,2.1403,5.0051,-7.3171,-12.952,-8.1609,-7.9684
5.951,0.40314,-7.2641,-0.71783,6.7923,-2.4209,2.3546,5.0237,-7.8181,-12.866,-9.5196,-9.4035
6.8162,0.35834,-8.0866,-0.90517,7.8226,-2.7359,2.3362,4.9828,-8.4148,-12.878,-11.132,-11.131
7.6869,0.37218,-8.8549,-1.1657,8.7886,-3.0327,2.0638,4.8951,-9.0804,-12.977,-12.992,-13.126
8.5812,0.45605,-9.534,-1.5223,9.6993,-3.2787,1.58,4.7951,-9.7816,-13.128,-15.056,-15.328
9.4607,0.59043,-10.09,-1.9386,10.534,-3.4507,0.97045,4.7184,-10.497,-13.283,-17.256,-17.655
10.228,0.73125,-10.518,-2.3348,11.224,-3.5477,0.32803,4.6794,-11.228,-13.406,-19.526,-20.036
10.76,0.83124,-10.837,-2.6207,11.685,-3.587,-0.2731,4.6601,-12.004,-13.481,-21.816,-22.418
10.983,0.86377,-11.066,-2.738,11.87,-3.5884,-0.78791,4.618,-12.872,-13.517,-24.102,-24.778
10.916,0.83677,-11.206,-2.6895,11.803,-3.5568,-1.2015,4.5078,-13.88,-13.535,-26.375,-27.11
10.682,0.79004,-11.249,-2.5431,11.593,-3.4778,-1.5242,4.3037,-15.051,-13.556,-28.632,-29.41
10.433,0.77792,-11.184,-2.3973,11.383,-3.3235,-1.7814,4.0107,-16.367,-13.583,-30.858,-31.675
10.266,0.84655,-10.977,-2.3327,11.256,-3.0619,-1.9995,3.6643,-17.765,-13.6,-33.026,-33.889
10.16,1.0145,-10.573,-2.373,11.159,-2.6687,-2.1954,3.3187,-19.142,-13.573,-35.089,-36.024
9.9759,1.2621,-9.9049,-2.4731,10.92,-2.1413,-2.3741,3.0277,-20.391,-13.463,-36.995,-38.047
9.5192,1.5352,-8.9272,-2.5365,10.338,-1.5102,-2.5369,2.8238,-21.436,-13.247,-38.711,-39.929
8.6398,1.766,-7.6522,-2.4596,9.2951,-0.83402,-2.6833,2.7036,-22.262,-12.933,-40.237,-41.66
7.3198,1.9016,-6.1638,-2.184,7.826,-0.1826,-2.818,2.6327,-22.904,-12.556,-41.606,-43.244
5.7013,1.9258,-4.6031,-1.7296,6.1085,0.38513,-2.9499,2.5637,-23.426,-12.164,-42.865,-44.693
4.0316,1.8627,-3.1283,-1.1875,4.3903,0.83739,-3.092,2.4601,-23.881,-11.797,-44.052,-46.012
2.5713,1.7625,-1.8659,-0.67538,2.9034,1.1753,-3.2525,2.3131,-24.303,-11.466,-45.179,-47.192
1.5132,1.6777,-0.87804,-0.28915,1.8038,1.4259,-3.4292,2.1435,-24.699,-11.155,-46.23,-48.209
0.94065,1.6457,-0.16445,-0.075809,1.1476,1.6246,-3.608,1.9846,-25.065,-10.834,-47.178,-49.048
0.82696,1.6771,0.30801,-0.032357,0.90346,1.7969,-3.7682,1.8639,-25.399,-10.488,-48.008,-49.72
1.0678,1.7552,0.5689,-0.11764,0.99031,1.9459,-3.8909,1.7877,-25.705,-10.124,-48.728,-50.266
1.5228,1.8407,0.62293,-0.26698,1.3163,2.0521,-3.9653,1.7363,-25.987,-9.7637,-49.367,-50.739
2.0548,1.8881,0.45336,-0.40973,1.8015,2.0832,-3.9893,1.6705,-26.23,-9.4227,-49.953,-51.187
2.5598,1.8642,0.046354,-0.48996,2.3876,2.0129,-3.9679,1.5529,-26.394,-9.1031,-50.504,-51.636
2.9817,1.7604,-0.58187,-0.48235,3.0388,1.839,-3.9091,1.3638,-26.416,-8.794,-51.018,-52.092
3.3096,1.5931,-1.3745,-0.39483,3.734,1.5896,-3.8204,1.1154,-26.235,-8.4836,-51.485,-52.537
3.5646,1.3975,-2.2428,-0.26207,4.4563,1.3153,-3.7046,0.85482,-25.823,-8.1671,-51.891,-52.948
3.7809,1.2185,-3.0809,-0.13271,5.1758,1.0771,-3.5531,0.65545,-25.188,-7.8432,-52.224,-53.304
3.9796,1.1025,-3.7744,-0.053583,5.833,0.93714,-3.3429,0.59691,-24.365,-7.5016,-52.48,-53.588
4.1415,1.087,-4.2042,-0.047986,6.3287,0.95257,-3.0418,0.73926,-23.391,-7.1158,-52.651,-53.793
4.2008,1.1921,-4.2546,-0.10082,6.5408,1.1702,-2.6207,1.1015,-22.288,-6.6469,-52.732,-53.912
4.0719,1.4199,-3.8313,-0.16628,6.3617,1.6248,-2.0637,1.6598,-21.054,-6.0564,-52.719,-53.937
3.6972,1.7629,-2.8879,-0.19756,5.747,2.3419,-1.3656,2.3668,-19.668,-5.3197,-52.599,-53.855
3.0897,2.2182,-1.4456,-0.17905,4.7447,3.3437,-0.53255,3.1809,-18.108,-4.4332,-52.348,-53.639
2.3353,2.8022,0.41377,-0.13927,3.4852,4.657,0.42674,4.087,-16.363,-3.4138,-51.929,-53.253
1.5531,3.567,2.578,-0.13919,2.135,6.3266,1.5042,5.104,-14.45,-2.2923,-51.294,-52.655
0.84579,4.6302,4.9408,-0.24902,0.84154,8.4279,2.6915,6.2746,-12.407,-1.1055,-50.399,-51.81
0.2665,6.2205,7.4215,-0.52749,-0.30865,11.059,3.971,7.6448,-10.292,0.1085,-49.209,-50.698
-0.19329,8.6762,9.9795,-1.008,-1.3146,14.29,5.3096,9.2353,-8.1582,1.3158,-47.708,-49.317
-0.59796,12.22,12.638,-1.6906,-2.2581,18.09,6.6579,11.023,-6.0649,2.4944,-45.909,-47.682
-1.0367,16.552,15.484,-2.5373,-3.2637,22.313,7.9541,12.935,-4.0564,3.6382,-43.846,-45.818
-1.5675,20.996,18.62,-3.475,-4.4304,26.761,9.1266,14.852,-2.1605,4.749,-41.574,-43.752
-2.1571,25.161,22.109,-4.433,-5.7714,31.263,10.094,16.633,-0.39669,5.8172,-39.167,-41.539
-2.6609,29.084,25.968,-5.4335,-7.1912,35.721,10.767,18.136,1.2115,6.8064,-36.722,-39.25
-2.8799,32.971,30.159,-6.6504,-8.5126,40.089,11.061,19.243,2.6299,7.656,-34.346,-36.973
-2.6644,37.019,34.541,-8.3512,-9.5524,44.308,10.921,19.89,3.8236,8.3072,-32.12,-34.784
-1.9974,41.34,38.854,-10.757,-10.214,48.271,10.351,20.075,4.7768,8.7352,-30.073,-32.721
-1.0159,45.91,42.827,-13.889,-10.553,51.865,9.4193,19.854,5.5099,8.9686,-28.159,-30.762
0.031749,50.566,46.32,-17.474,-10.755,55.048,8.2182,19.302,6.0749,9.0787,-26.278,-28.829
0.87151,55.084,49.36,-21.047,-11.06,57.894,6.7925,18.472,6.5326,9.1452,-24.324,-26.828
1.3063,59.294,52.161,-24.223,-11.647,60.594,5.1031,17.375,6.9257,9.2173,-22.241,-24.702
1.2943,63.15,55.077,-26.873,-12.564,63.409,3.0579,15.978,7.262,9.2916,-20.054,-22.466
0.96081,66.726,58.448,-29.091,-13.724,66.565,0.5907,14.257,7.5155,9.3146,-17.861,-20.211
0.53838,70.175,62.414,-31.071,-14.956,70.101,-2.2727,12.265,7.6412,9.211,-15.792,-18.062
0.26998,73.714,66.822,-33.003,-16.069,73.782,-5.405,10.136,7.603,8.9219,-13.951,-16.126
0.31924,77.571,71.327,-34.978,-16.921,77.241,-8.6155,8.0296,7.4005,8.4375,-12.38,-14.453
0.72007,81.83,75.623,-36.929,-17.463,80.211,-11.694,6.0759,7.0791,7.8036,-11.044,-13.018
1.3751,86.132,79.435,-38.651,-17.728,82.563,-14.442,4.3502,6.7158,7.1032,-9.8639,-11.754
2.094,89.631,82.326,-39.921,-17.773,84.196,-16.711,2.8842,6.3901,6.4244,-8.7579,-10.587
2.6771,91.462,83.704,-40.624,-17.614,84.96,-18.44,1.6816,6.1554,5.8305,-7.674,-9.4711
3.0254,91.202,83.031,-40.768,-17.18,84.652,-19.658,0.72748,6.0385,5.3416,-6.6048,-8.4033
3.1883,88.888,80.063,-40.437,-16.331,83.077,-20.45,-0.0089519,6.0396,4.9314,-5.5795,-7.4129
3.3056,84.886,75.019,-39.735,-14.937,80.186,-20.906,-0.56924,6.1414,4.5418,-4.6437,-6.5406
3.5125,79.832,68.502,-38.7,-12.968,76.182,-21.093,-0.99564,6.3189,4.1086,-3.8348,-5.8132
3.8755,74.44,61.169,-37.241,-10.555,71.477,-21.048,-1.3193,6.5451,3.5866,-3.1624,-5.2269
4.3735,69.166,53.505,-35.206,-7.9441,66.501,-20.778,-1.5574,6.7924,2.9706,-2.6033,-4.7464
4.9108,64.061,45.854,-32.609,-5.4109,61.542,-20.257,-1.7265,7.0303,2.2664,-2.1142,-4.3206
5.3464,58.923,38.572,-29.613,-3.1864,56.7,-19.44,-1.8669,7.2205,1.4839,-1.6545,-3.9078
5.5298,53.504,32.049,-26.27,-1.4324,51.943,-18.312,-2.0604,7.3166,0.62054,-1.2089,-3.4953
5.3373,47.63,26.592,-22.514,-0.23998,47.183,-16.926,-2.4298,7.2691,-0.34294,-0.79581,-3.1045
4.6989,41.312,22.379,-18.377,0.35229,42.36,-15.392,-3.1233,7.037,-1.435,-0.45933,-2.7795
3.6049,34.8,19.482,-14.087,0.34364,37.537,-13.828,-4.2892,6.5993,-2.6775,-0.25081,-2.5664
2.0969,28.49,17.704,-9.9586,-0.21428,32.934,-12.324,-6.0343,5.9627,-4.0693,-0.20687,-2.4934
0.2677,22.652,16.493,-6.2206,-1.1886,28.733,-10.936,-8.3584,5.1616,-5.5749,-0.33243,-2.5587
-1.7317,17.263,15.331,-2.9517,-2.3629,24.784,-9.6918,-11.096,4.2444,-7.1222,-0.59475,-2.7287
-3.6992,12.228,14.002,-0.13624,-3.4743,20.747,-8.6065,-13.946,3.2713,-8.6172,-0.9317,-2.9477
-5.4143,7.6772,12.462,2.2616,-4.2738,16.583,-7.6896,-16.619,2.2931,-9.9726,-1.2721,-3.1546
-6.6998,3.7891,10.689,4.2717,-4.5836,12.597,-6.9447,-18.974,1.3394,-11.138,-1.5586,-3.3015
-7.4794,0.53392,8.6638,5.935,-4.3314,9.0478,-6.3648,-21.05,0.4169,-12.111,-1.7605,-3.3628
-7.8,-2.2608,6.4071,7.3276,-3.5548,5.9888,-5.9292,-22.989,-0.47981,-12.931,-1.8707,-3.3325
-7.8115,-4.7773,4.01,8.5545,-2.3919,3.3617,-5.6052,-24.926,-1.3512,-13.647,-1.8938,-3.2138
-7.7182,-7.126,1.6231,9.7184,-1.0609,1.0835,-5.3556,-26.928,-2.1852,-14.303,-1.8363,-3.012
-7.7205,-9.3236,-0.58267,10.889,0.18338,-0.90694,-5.1503,-28.985,-2.9645,-14.92,-1.7029,-2.7335
-7.9536,-11.334,-2.4639,12.087,1.1168,-2.6412,-4.9742,-31.048,-3.6813,-15.497,-1.4966,-2.3863
-8.4567,-13.124,-3.9377,13.284,1.6041,-4.1392,-4.8279,-33.067,-4.3426,-16.009,-1.2206,-1.9801
-9.1942,-14.691,-4.9895,14.433,1.6137,-5.4301,-4.7202,-34.993,-4.9606,-16.408,-0.8791,-1.5239
-10.1,-16.056,-5.6627,15.489,1.1975,-6.5578,-4.6565,-36.748,-5.5334,-16.65,-0.47879,-1.0221
-11.094,-17.242,-6.0347,16.429,0.46664,-7.5698,-4.6275,-38.219,-6.0338,-16.685,-0.027824,-0.47192
-12.08,-18.254,-6.1894,17.24,-0.42646,-8.4898,-4.6045,-39.266,-6.4126,-16.487,0.46621,0.13636
-12.942,-19.091,-6.2016,17.916,-1.3123,-9.3016,-4.5436,-39.765,-6.6161,-16.066,0.99978,0.81534
-13.571,-19.76,-6.1425,18.46,-2.0331,-9.9746,-4.3996,-39.64,-6.6081,-15.465,1.5763,1.5756
-13.887,-20.296,-6.0992,18.897,-2.4642,-10.508,-4.1412,-38.883,-6.3852,-14.742,2.2072,2.4227
-13.865,-20.76,-6.1826,19.274,-2.525,-10.948,-3.7581,-37.562,-5.9779,-13.948,2.91,3.3573
-13.543,-21.225,-6.5,19.65,-2.1891,-11.368,-3.2569,-35.818,-5.4399,-13.119,3.7037,4.3773
-13.017,-21.751,-7.1036,20.073,-1.4956,-11.827,-2.6545,-33.868,-4.8348,-12.282,4.5993,5.4785
-12.437,-22.376,-7.9585,20.598,-0.5492,-12.351,-1.9753,-31.981,-4.2224,-11.474,5.5885,6.6506
-11.983,-23.119,-8.957,21.297,0.49972,-12.937,-1.2503,-30.423,-3.6646,-10.752,6.6374,7.8709
-11.832,-24.007,-9.967,22.261,1.4894,-13.571,-0.51542,-29.381,-3.2136,-10.179,7.6925,9.104
-12.098,-25.086,-10.88,23.581,2.2782,-14.24,0.19638,-28.913,-2.9032,-9.8038,8.6996,10.311
-12.799,-26.417,-11.625,25.306,2.764,-14.934,0.86504,-28.951,-2.7402,-9.6195,9.6267,11.468
-13.844,-28.054,-12.161,27.413,2.8918,-15.639,1.4894,-29.338,-2.7023,-9.567,10.478,12.576
-15.08,-29.999,-12.456,29.763,2.6451,-16.326,2.0853,-29.887,-2.7458,-9.5525,11.292,13.669
-16.395,-32.157,-12.477,32.087,2.0262,-16.946,2.6769,-30.433,-2.8178,-9.4797,12.125,14.804
-17.772,-34.356,-12.197,34.103,1.0402,-17.45,3.2881,-30.863,-2.871,-9.28,13.038,16.05
-19.276,-36.462,-11.601,35.71,-0.30247,-17.805,3.9369,-31.115,-2.8742,-8.9307,14.082,17.473
-21.016,-38.464,-10.711,37.062,-1.9633,-18.009,4.636,-31.178,-2.8202,-8.4579,15.29,19.119
-23.096,-40.423,-9.5868,38.463,-3.8429,-18.089,5.3953,-31.086,-2.7263,-7.9218,16.678,20.996
-25.574,-42.355,-8.344,40.162,-5.7614,-18.086,6.2243,-30.909,-2.6274,-7.3898,18.242,23.075
-28.484,-44.173,-7.1499,42.214,-7.4701,-18.04,7.1308,-30.749,-2.564,-6.9113,19.963,25.289
-31.834,-45.75,-6.2057,44.459,-8.6987,-17.99,8.1139,-30.714,-2.5699,-6.5051,21.81,27.556
-35.435,-47.012,-5.6897,46.585,-9.2302,-17.967,9.151,-30.896,-2.6622,-6.1633,23.743,29.804
-38.56,-47.965,-5.6761,48.254,-8.9827,-17.992,10.191,-31.341,-2.8377,-5.8662,25.714,31.992
-40.191,-48.657,-6.0832,49.253,-8.0682,-18.068,11.163,-32.043,-3.0783,-5.5999,27.678,34.115
-39.914,-49.136,-6.6906,49.576,-6.7973,-18.172,12.001,-32.957,-3.3633,-5.3663,29.604,36.201
-38.228,-49.45,-7.2205,49.4,-5.6001,-18.26,12.666,-34.025,-3.6846,-5.1822,31.488,38.298
-36.19,-49.66,-7.434,49.019,-4.8872,-18.283,13.162,-35.195,-4.052,-5.0661,33.356,40.466
-34.898,-49.829,-7.2094,48.738,-4.9169,-18.217,13.545,-36.416,-4.4839,-5.0176,35.261,42.771
-34.952,-50.003,-6.572,48.755,-5.728,-18.064,13.903,-37.625,-4.9888,-5.0051,37.271,45.282
-36.17,-50.186,-5.6731,49.076,-7.1265,-17.858,14.333,-38.751,-5.5504,-4.9708,39.436,48.043
-37.792,-50.338,-4.7584,49.541,-8.7208,-17.659,14.909,-39.734,-6.1267,-4.8519,41.76,51.055
-39.012,-50.374,-4.1274,49.925,-10.028,-17.533,15.652,-40.558,-6.6631,-4.6174,44.191,54.257
-39.446,-50.172,-4.0458,50.02,-10.618,-17.528,16.524,-41.267,-7.1114,-4.2751,46.648,57.553
-39.145,-49.62,-4.6339,49.716,-10.245,-17.646,17.422,-41.952,-7.4469,-3.8577,49.062,60.858
-38.252,-48.697,-5.8004,49.051,-8.9355,-17.844,18.208,-42.718,-7.6752,-3.4013,51.412,64.129
-36.782,-47.552,-7.2522,48.201,-7.0186,-18.053,18.745,-43.645,-7.8335,-2.9379,53.71,67.347
-34.845,-46.436,-8.5666,47.39,-5.0499,-18.189,18.953,-44.777,-7.9954,-2.518,55.923,70.44
-32.98,-45.466,-9.3041,46.784,-3.623,-18.13,18.86,-46.123,-8.2888,-2.2581,57.871,73.178
-32.059,-44.427,-9.1177,46.429,-3.1776,-17.703,18.635,-47.692,-8.9277,-2.393,59.136,75.088
-32.784,-42.769,-7.8182,46.265,-3.9379,-16.704,18.605,-49.495,-10.256,-3.3207,59.083,75.47
-35.4,-39.705,-5.3946,46.151,-5.9558,-14.934,19.221,-51.531,-12.82,-5.6663,57.118,73.578
-39.805,-34.76,-2.0132,45.892,-9.1506,-12.229,20.941,-53.752,-17.496,-10.467,53.232,69.182
-45.193,-29.795,1.0903,45.284,-13.216,-8.4198,23.564,-56.019,-25.702,-17.764,48.487,63.653
-48.345,-30.109,4.9818,44.135,-16.751,-4.2804,20.397,-58.062,-34.76,-14.017,44.415,59.835
-46.735,-33.869,6.8903,42.266,-16.949,-2.2591,14.134,-59.435,-32.252,-9.4031,41.974,59.01
-42.96,-33.3,6.2317,39.471,-14.598,-3.1337,10.727,-59.473,-28.055,-2.8279,41.133,59.544
-39.875,-33.257,3.6437,35.584,-11.404,-6.1406,7.0083,-57.336,-23.204,4.2297,39.389,57.77
-38.856,-32.962,0.92377,31.098,-9.73,-9.2176,5.0639,-52.802,-17.787,8.4884,34.263,51.715
-40.086,-30.256,2.6359,30.046,-12.99,-8.8134,7.9966,-64.84,-21.489,0.3149,29.711,46.639
-46.154,-22.978,15.469,35.885,-25.461,-0.85362,18.972,-84.021,-45.42,-30.167,43.66,63.327
-61.816,-9.6729,45.105,36.702,-50.714,18.008,40.628,-95.176,-86.355,-84.633,48.358,60.029
-86.843,10.557,93.197,38.255,-89.061,50.019,74.597,-103.44,-140.73,-159.18,11.15,23.682
-118.22,38.644,156.42,38.982,-137.54,95.856,120.11,-105.79,-205.66,-248.15,-33.677,-20.839
-151.61,74.385,227.82,36.596,-190.83,153.76,172.85,-100.41,-272.83,-342.94,-78.93,-65.579
-181.32,115.71,299.15,29.769,-241.67,215.51,226.09,-84.237,-329.66,-427.85,-113.95,-99.723
-201.53,161.16,362.95,17.414,-283.48,268.7,273.11,-51.132,-361.79,-483.47,-127.4,-112.06
-206.85,207.28,412.9,-1.8323,-311.03,314.24,309.06,5.1032,-355.62,-493.34,-108.93,-92.312
-193.08,250.32,443.85,-29.702,-317.84,351.39,331.05,88.086,-301,-444.6,-49.425,-31.422
-157.22,295.23,452.72,-69.236,-301.84,379.06,337.2,197.01,-191.49,-324.18,59.221,78.393
-96.526,344.47,440.31,-123.84,-264.86,397.74,325.26,327.88,-24.125,-122.91,223.35,242.99
-10.811,399.5,407.32,-194.74,-204.72,408.49,292.06,476.18,202.07,164.26,445.6,464.81
101.63,459.28,352.92,-280.92,-120.98,410.95,234.32,637.09,488.36,538.76,722.8,740.85
238.89,518.66,274.69,-378.63,-13.665,401.18,150.4,805.85,837.01,997.23,1044.4,1060.8
394.89,567.49,167.39,-480.5,117.46,371.52,41.453,977.2,1248.9,1528.4,1391.7,1406.1
561.66,591.77,24.722,-575.65,271.74,311.91,-88.123,1143.4,1716.8,2108.4,1737.2,1749.5
727.67,577.75,-155.58,-651.44,444.59,214.41,-230.38,1291.5,2217.3,2696,2047.2,2057.9
877.3,518.02,-365.29,-696.38,624.07,79.484,-373.74,1400.8,2705.5,3233.5,2286.6,2296.6
992.27,416.47,-582.2,-703.31,789.89,-79.86,-504.61,1443.6,3117.4,3654.5,2426.5,2437
1055.4,288.47,-773.55,-671.45,917,-239.58,-610.68,1390.7,3382.1,3898.3,2452.2,2463.5
1055.3,155.85,-906,-606.17,983.01,-372.1,-683.63,1221.7,3440.2,3924.7,2364.7,2376.6
990.12,39.405,-956.78,-516.94,975.64,-455.63,-719.83,937.4,3262.3,3724,2177.9,2190.3
868.53,-46.823,-920.49,-414.66,896.51,-480.43,-719.5,566.02,2860.2,3318.9,1913,1925.9
707.29,-97.507,-808.78,-309.85,759.93,-449.71,-685.53,159.22,2286.9,2759.1,1593.9,1607.6
527.46,-114.94,-645.18,-211.58,588.21,-376.37,-622.76,-220.9,1625.9,2113,1245.5,1260
350.16,-106.39,-458.23,-126.64,406.17,-278.34,-537.86,-518.6,972.82,1456.6,893.73,908.3
193.34,-81.079,-275.51,-59.032,236.53,-174.18,-439.29,-698.29,415.35,862.57,565.87,580.26
70.005,-47.669,-119.28,-12.982,96.862,-79.652,-336.97,-751.11,14.727,389.9,288.32,302
-11.594,-14.845,-3.7927,5.5622,-2.3369,-5.6184,-241.15,-693.79,-205.33,73.607,82.625,95.194
-49.807,9.7577,65.441,9.6525,-58.053,41.667,-160.87,-561.4,-260.38,-82.113,-40.571,-28.717
-56.133,25.251,92.444,5.8164,-76.203,63.517,-102.69,-396.64,-196.44,-103.91,-86.761,-74.551
-39.837,32.406,86.616,-1.2568,-66.189,63.883,-67.094,-238.11,-73.054,-38.988,-76.24,-62.802
-15.872,33.003,58.498,-7.6906,-39.016,46.688,-48.987,-108.02,54.808,58.469,-36.036,-21.219
3.8971,26.798,22.163,-11.569,-10.198,21.851,-40.31,-28.865,150.51,144.34,9.4321,25.18
12.927,17.403,-4.8224,-12.539,9.6352,3.7232,-34.304,2.8194,200.06,196.24,44.155,60.415
12.732,6.0927,-18.067,-5.3286,17.149,-6.5082,-29.666,14.927,207.37,208.88,53.647,87.272
8.5115,-0.99108,-20.074,1.4131,14.993,-10.398,-22.439,12.733,186.74,189.05,47.153,82.193
0.36223,-2.5765,-15.423,3.4476,7.969,-8.1901,-14.402,4.6437,155.56,149.98,8.2803,28.668
-2.5985,-3.366,-6.504,4.9156,2.7166,-3.4039,-5.1171,-2.1263,124.89,107.22,-0.54872,16.157
-4.9089,-4.1988,-5.2821,6.0437,0.93942,-3.4912,5.9443,-4.5284,98.311,78.905,-3.1884,13.399
-6.4686,-5.2517,-4.6853,6.9585,-0.94721,-4.8952,10.845,-2.4465,77.939,59.914,-3.255,13.558
-7.3808,-6.4068,-4.4374,7.7332,-2.0886,-5.8918,12.295,4.1119,65.113,46.27,-2.2735,14.827
-7.8766,-7.5781,-5.0099,8.3892,-2.5062,-6.7711,15.085,10.281,64.712,41.571,-1.6248,15.85
-8.1201,-8.7849,-5.976,8.93,-2.4922,-7.8288,18.096,12.717,63.49,41.787,-2.0162,15.709
-8.2728,-9.9384,-6.6624,9.384,-2.3993,-8.7225,20.882,13.935,57.266,38.571,-3.5601,14.063
-8.525,-10.896,-6.6958,9.7988,-2.5797,-9.2303,23.362,14.49,49.085,35.244,-5.9946,11.35
-9.0107,-11.598,-6.0384,10.2,-3.1944,-9.3603,25.529,14.793,39.146,33.697,-8.9773,8.2956
-9.7152,-12.067,-4.9083,10.57,-4.1969,-9.2356,27.38,15.097,30.593,31.477,-12.2,5.3812
-10.51,-12.35,-3.618,10.861,-5.423,-9,28.929,15.505,25.091,28.72,-15.345,2.8134
-11.248,-12.479,-2.4517,11.027,-6.6594,-8.7664,30.212,16.024,21.54,26.69,-18.129,0.64739
-11.81,-12.461,-1.6169,11.048,-7.6873,-8.5994,31.266,16.622,19.159,25.568,-20.401,-1.1465
-12.108,-12.284,-1.2341,10.932,-8.3202,-8.5145,32.122,17.274,17.519,25.173,-22.194,-2.6545
-12.089,-11.931,-1.3352,10.703,-8.4424,-8.4896,32.811,17.984,16.336,25.268,-23.686,-3.9871
-11.739,-11.397,-1.8713,10.386,-8.0293,-8.4851,33.375,18.792,15.413,25.644,-25.117,-5.2363
-11.088,-10.711,-2.7281,10.001,-7.1471,-8.4661,33.871,19.768,14.624,26.145,-26.688,-6.4439
-10.202,-9.9363,-3.7412,9.5595,-5.941,-8.4144,34.366,20.99,13.909,26.688,-28.472,-7.6043
-9.1775,-9.1432,-4.7141,9.0659,-4.6125,-8.3179,34.916,22.517,13.264,27.269,-30.343,-8.715
-8.1145,-8.3696,-5.4458,8.5197,-3.3825,-8.1456,35.551,24.36,12.716,27.941,-31.953,-9.8616
-7.106,-7.6002,-5.7649,7.916,-2.4493,-7.8389,36.264,26.462,12.303,28.791,-32.78,-11.304
-6.224,-6.7866,-5.5638,7.2526,-1.9535,-7.3349,37.01,28.715,12.046,29.891,-32.238,-13.518
-5.5151,-5.8902,-4.8266,6.5423,-1.9563,-6.6049,37.722,30.989,11.948,31.269,-29.868,-17.15
-5.0026,-4.9139,-3.6395,5.8195,-2.4299,-5.6817,38.344,33.179,11.986,32.884,-25.675,-22.654
-4.6943,-3.9061,-2.1712,5.1364,-3.2703,-4.6557,38.843,35.242,12.126,34.635,-20.494,-27.894
-4.5954,-2.94,-0.6248,4.5496,-4.3358,-3.6422,39.225,37.198,12.335,36.381,-15.937,-24.175
-4.7166,-2.0812,0.82793,4.1046,-5.4976,-2.7349,39.513,39.109,12.588,37.976,-13.314,-19.914
-5.0653,-1.3624,2.1018,3.8213,-6.6717,-1.9695,39.734,41.057,12.874,39.322,-11.51,-22.889
-5.624,-0.7798,3.205,3.6871,-7.8157,-1.3245,39.902,43.113,13.192,40.395,-8.6806,-27.916
-6.3315,-0.31328,4.1863,3.6609,-8.8977,-0.75911,40.003,45.312,13.536,41.242,-5.5133,-35.856
-7.0797,0.052395,5.0673,3.684,-9.8633,-0.25858,40.007,47.624,13.882,41.947,-2.8334,-51.151
-7.7297,0.32479,5.8103,3.6938,-10.625,0.15221,39.874,49.94,14.19,42.6,0.70169,-78.176
-8.1455,0.51267,6.3337,3.638,-11.088,0.43133,39.571,52.105,14.419,43.281,8.0667,-119.71
-8.2331,0.63045,6.5582,3.489,-11.189,0.55131,39.091,53.979,14.552,44.077,21.714,-174.01
-7.9648,0.69816,6.4528,3.249,-10.919,0.51361,38.456,55.496,14.616,45.101,39.809,-231.08
-7.3763,0.74129,6.0515,2.9411,-10.318,0.34447,37.71,56.689,14.675,46.504,54.806,-278.28
-6.544,0.78744,5.4315,2.5923,-9.4536,0.084064,36.899,57.661,14.808,48.452,58.112,-305.83
-5.5568,0.85921,4.6787,2.2204,-8.4059,-0.22106,36.055,58.531,15.084,51.06,46.688,-309.53
-4.4972,0.96963,3.8655,1.8328,-7.2553,-0.52433,35.192,59.379,15.532,54.314,24.847,-291.19
-3.4311,1.1223,3.0382,1.4306,-6.0701,-0.78901,34.31,60.214,16.135,58.034,0.48648,-256.99
-2.4082,1.3111,2.2111,1.0146,-4.9021,-0.99976,33.41,60.982,16.839,61.943,-19.41,-215.07
-1.4693,1.5182,1.3752,0.58986,-3.7949,-1.1678,32.497,61.611,17.584,65.798,-32.242,-173.06
-0.65857,1.7199,0.52244,0.16622,-2.7973,-1.3208,31.591,62.093,18.341,69.474,-40.813,-136.07
-0.032023,1.9072,-0.32306,-0.24741,-1.9723,-1.4787,30.722,62.527,19.135,72.973,-47.377,-105.78
0.34396,2.1069,-1.0775,-0.65102,-1.4075,-1.6271,29.93,63.115,20.037,76.379,-48.268,-82.741
0.4128,2.3823,-1.586,-1.0575,-1.2191,-1.7068,29.249,64.082,21.126,79.793,-42.038,-66.91
0.16268,2.8035,-1.655,-1.4906,-1.5199,-1.6293,28.683,65.562,22.448,83.281,-37.586,-56.419
-0.34361,3.4167,-1.1324,-1.9795,-2.3472,-1.3113,28.204,67.517,23.975,86.844,-38.665,-49.808
-0.96338,4.2473,0.0046663,-2.5581,-3.6026,-0.70964,27.752,69.738,25.607,90.433,-40.676,-48.14
-1.4959,5.3285,1.6139,-3.2695,-5.0526,0.16057,27.259,71.939,27.209,93.983,-41.196,-47.741
-1.7286,6.7118,3.4284,-4.1613,-6.388,1.2299,26.676,73.891,28.684,97.451,-39.821,-45.371
-1.5029,8.4458,5.1442,-5.2607,-7.3135,2.3946,25.986,75.502,30.024,100.83,-36.704,-43.444
-0.77146,10.541,6.5098,-6.5507,-7.6324,3.5425,25.204,76.82,31.301,104.13,-32.282,-42.431
0.38285,12.931,7.3816,-7.9796,-7.3008,4.5723,24.35,77.967,32.611,107.35,-27.215,-41.943
1.776,15.474,7.7442,-9.5029,-6.4405,5.4062,23.428,79.061,34.008,110.47,-22.26,-42.004
3.1834,18.011,7.7121,-11.122,-5.3085,6.0068,22.413,80.164,35.486,113.43,-18.044,-42.968
4.4073,20.463,7.5072,-12.884,-4.2192,6.4002,21.258,81.27,36.996,116.17,-14.838,-44.706
5.326,22.858,7.391,-14.839,-3.4501,6.682,19.919,82.338,38.488,118.64,-12.573,-46.607
5.9121,25.278,7.5745,-16.993,-3.1723,6.9896,18.378,83.337,39.942,120.86,-11.01,-48.174
6.2268,27.771,8.1409,-19.286,-3.4137,7.452,16.657,84.291,41.394,122.92,-9.8819,-49.261
6.4055,30.309,9.0111,-21.635,-4.0452,8.137,14.817,85.281,42.933,124.94,-8.9562,-49.904
6.6414,32.784,9.9737,-23.967,-4.8026,9.0159,12.943,86.411,44.677,127.07,-8.0485,-50.107
7.1644,35.059,10.756,-26.244,-5.3568,9.9716,11.116,87.756,46.724,129.45,-7.0279,-49.816
8.1883,37.022,11.104,-28.436,-5.4207,10.843,9.3923,89.332,49.112,132.12,-5.8349,-49.011
9.8252,38.63,10.872,-30.505,-4.8607,11.476,7.7894,91.083,51.812,135.07,-4.4961,-47.759
12.001,39.913,10.116,-32.408,-3.7644,11.795,6.2979,92.897,54.734,138.22,-3.1179,-46.189
14.429,40.97,9.1122,-34.117,-2.4138,11.877,4.9,94.63,57.772,141.45,-1.8565,-44.391
16.678,41.939,8.25,-35.624,-1.1705,11.943,3.5868,96.169,60.84,144.7,-0.87052,-42.294
18.349,42.968,7.8677,-36.95,-0.33401,12.272,2.362,97.483,63.898,147.94,-0.26416,-39.658
19.268,44.176,8.1313,-38.136,-0.038702,13.101,1.2317,98.639,66.949,151.2,-0.041715,-36.237
19.571,45.623,8.9963,-39.241,-0.22228,14.545,0.19194,99.772,70.011,154.53,-0.095968,-31.988
19.612,47.291,10.235,-40.308,-0.67226,16.556,-0.77678,101.01,73.095,158,-0.23905,-27.02
19.784,49.107,11.507,-41.351,-1.1215,18.889,-1.7067,102.42,76.19,161.63,-0.25093,-21.492
20.378,50.995,12.474,-42.362,-1.3488,21.161,-2.634,104,79.271,165.42,0.076402,-15.786
21.511,52.915,12.955,-43.328,-1.2703,23.034,-3.588,105.67,82.308,169.35,0.89398,-10.481
23.089,54.864,13.025,-44.248,-1.0002,24.427,-4.5856,107.39,85.281,173.36,2.2564,-5.9597
24.806,56.875,13.01,-45.13,-0.81479,25.536,-5.6333,109.08,88.173,177.44,4.1126,-2.2406
26.249,59.001,13.325,-45.993,-1.0092,26.701,-6.7376,110.7,90.98,181.56,6.3367,0.8797
27.119,61.298,14.257,-46.864,-1.7384,28.244,-7.9181,112.2,93.717,185.76,8.7854,3.6609
27.396,63.79,15.815,-47.787,-2.9295,30.33,-9.2132,113.53,96.431,190.13,11.348,6.3578
27.361,66.441,17.732,-48.839,-4.2901,32.9,-10.675,114.66,99.203,194.72,13.961,9.2127
27.498,69.166,19.588,-50.146,-5.404,35.699,-12.358,115.58,102.11,199.59,16.596,12.456
28.318,71.864,20.978,-51.853,-5.872,38.414,-14.303,116.28,105.21,204.72,19.233,16.301
30.164,74.452,21.65,-54.075,-5.4586,40.837,-16.528,116.79,108.45,210.07,21.853,20.931
33.072,76.897,21.583,-56.823,-4.1982,42.931,-19.025,117.13,111.77,215.52,24.448,26.47
36.745,79.216,21.006,-59.961,-2.4012,44.813,-21.752,117.35,115.04,221,27.038,32.943
40.652,81.475,20.323,-63.257,-0.53867,46.678,-24.637,117.5,118.18,226.47,29.688,40.248
44.285,83.786,19.943,-66.508,0.93813,48.72,-27.6,117.64,121.13,231.95,32.514,48.159
47.421,86.295,20.108,-69.623,1.7531,51.034,-30.587,117.79,123.91,237.53,35.658,56.401
50.173,89.149,20.815,-72.586,1.8648,53.551,-33.612,117.97,126.61,243.28,39.255,64.743
52.785,92.422,21.889,-75.434,1.4316,56.066,-36.77,118.15,129.34,249.25,43.387,73.07
55.397,96.06,23.088,-78.296,0.73777,58.377,-40.196,118.25,132.19,255.42,48.074,81.385
58.095,99.922,24.176,-81.395,0.11862,60.385,-43.976,118.21,135.21,261.7,53.267,89.758
61.108,103.89,24.966,-84.919,-0.12648,62.117,-48.044,117.96,138.37,268.05,58.88,98.25
64.72,107.91,25.364,-88.855,0.17586,63.675,-52.161,117.48,141.62,274.43,64.808,106.86
68.925,111.96,25.399,-93.01,1.0368,65.191,-56.085,116.82,144.93,280.92,70.96,115.51
73.384,116.07,25.188,-97.178,2.3432,66.774,-59.76,116.04,148.27,287.65,77.281,124.09
77.766,120.18,24.859,-101.26,3.9473,68.45,-63.328,115.25,151.68,294.76,83.761,132.46
81.973,124.24,24.49,-105.24,5.7592,70.134,-66.995,114.48,155.17,302.31,90.423,140.56
86.089,128.1,24.095,-109.14,7.7939,71.679,-70.909,113.73,158.75,310.24,97.293,148.33
90.215,131.62,23.641,-112.95,10.154,72.962,-75.092,112.95,162.43,318.37,104.37,155.76
94.316,134.68,23.09,-116.6,12.929,73.946,-79.453,112.03,166.14,326.47,111.62,162.87
98.23,137.25,22.429,-120.03,16.046,74.66,-83.856,110.9,169.82,334.33,118.94,169.68
101.82,139.34,21.679,-123.2,19.25,75.164,-88.195,109.54,173.41,341.85,126.21,176.23
105.08,141.01,20.876,-126.09,22.298,75.515,-92.425,107.97,176.86,349.02,133.31,182.55
108.11,142.37,20.039,-128.73,25.125,75.756,-96.544,106.29,180.17,355.87,140.14,188.66
111.04,143.48,19.16,-131.16,27.825,75.906,-100.57,104.56,183.32,362.46,146.68,194.58
113.95,144.42,18.207,-133.42,30.506,75.965,-104.51,102.81,186.32,368.82,152.94,200.33
116.87,145.2,17.155,-135.45,33.165,75.92,-108.39,100.97,189.17,374.92,158.96,205.98
119.71,145.82,16.026,-137.18,35.674,75.764,-112.17,98.944,191.88,380.68,164.78,211.54
122.27,146.29,14.892,-138.55,37.861,75.502,-115.79,96.595,194.45,386.03,170.44,217
124.37,146.59,13.836,-139.55,39.617,75.157,-119.13,93.816,196.87,390.91,175.94,222.25
126,146.74,12.902,-140.2,40.948,74.762,-122.05,90.542,199.12,395.33,181.27,227.12
127.28,146.77,12.064,-140.58,41.994,74.355,-124.49,86.762,201.19,399.34,186.44,231.45
128.47,146.75,11.234,-140.81,42.976,73.978,-126.46,82.522,203.07,403,191.43,235.14
129.84,146.75,10.295,-141.05,44.149,73.662,-128.07,77.898,204.76,406.32,196.25,238.21
131.58,146.83,9.1573,-141.46,45.736,73.425,-129.48,72.949,206.24,409.32,200.91,240.72
133.76,147.01,7.813,-142.17,47.866,73.263,-130.87,67.673,207.47,411.98,205.38,242.76
136.25,147.33,6.3549,-143.2,50.499,73.152,-132.4,61.995,208.39,414.33,209.63,244.45
138.83,147.74,4.9325,-144.44,53.418,73.035,-134.27,55.854,209,416.4,213.62,245.83
141.29,148.19,3.6679,-145.74,56.319,72.818,-136.67,49.317,209.32,418.25,217.28,246.96
143.45,148.6,2.5954,-146.9,58.981,72.384,-139.74,42.665,209.36,419.91,220.53,247.85
145.24,148.85,1.6464,-147.79,61.347,71.636,-143.41,36.311,209.17,421.38,223.33,248.48
146.66,148.84,0.6684,-148.34,63.494,70.503,-147.46,30.605,208.74,422.59,225.63,248.88
147.77,148.51,-0.52921,-148.55,65.549,68.936,-151.58,25.691,208.03,423.5,227.43,249.04
148.68,147.78,-2.0999,-148.5,67.619,66.912,-155.52,21.523,207.07,424.06,228.75,248.97
149.43,146.64,-4.0999,-148.21,69.735,64.442,-159.14,17.964,205.91,424.23,229.6,248.68
150.04,145.08,-6.4533,-147.71,71.82,61.595,-162.37,14.86,204.61,424.03,230.01,248.18
150.46,143.1,-8.9645,-146.99,73.716,58.487,-165.22,12.056,203.27,423.49,229.95,247.49
150.67,140.77,-11.379,-146.07,75.256,55.257,-167.72,9.3861,201.95,422.61,229.32,246.61
150.59,138.2,-13.47,-144.99,76.354,52.018,-169.94,6.643,200.65,421.35,227.91,245.47
150.17,135.5,-15.116,-143.76,77.018,48.809,-171.91,3.5458,199.27,419.64,225.5,243.98
149.36,132.73,-16.324,-142.32,77.311,45.57,-173.67,-0.29724,197.43,417.31,221.9,241.99
148.11,129.77,-17.224,-140.55,77.319,42.195,-175.19,-5.377,194.41,414.11,217.08,239.34
146.44,126.43,-18.017,-138.32,77.133,38.617,-176.48,-12.098,189.67,409.62,211.18,235.84
144.37,122.49,-18.902,-135.47,76.828,34.878,-177.52,-20.357,183.28,403.41,204.4,231.33
141.94,117.82,-19.979,-131.98,76.434,31.047,-178.33,-29.346,175.77,395.19,196.96,225.68
139.08,112.39,-21.21,-127.86,75.913,27.127,-178.95,-38.117,167.5,384.91,188.99,218.89
135.67,106.38,-22.472,-123.15,75.164,23.207,-179.39,-46.263,158.6,372.71,180.57,211.11
131.56,100.13,-23.648,-117.85,74.068,19.554,-179.68,-53.863,149.09,358.87,171.69,202.6
126.81,93.943,-24.685,-112.05,72.558,16.334,-179.83,-61.109,138.97,343.82,162.41,193.59
121.79,87.921,-25.611,-106.02,70.656,13.467,-179.83,-68.119,128.24,328.11,152.79,184.31
116.84,82.115,-26.508,-100.16,68.442,10.761,-179.64,-74.927,116.9,312.3,142.92,174.94
111.92,76.597,-27.444,-94.722,66.009,8.0777,-179.19,-81.519,105.08,296.76,132.89,165.59
106.76,71.371,-28.388,-89.589,63.416,5.4272,-178.31,-87.853,93.208,281.61,122.67,156.22
101.16,66.274,-29.177,-84.471,60.638,2.9501,-176.8,-93.866,81.83,266.79,112.15,146.7
95.084,61.052,-29.591,-79.137,57.55,0.8097,-174.35,-99.462,71.264,252.14,101.2,136.83
88.57,55.532,-29.457,-73.498,54.02,-0.91716,-170.66,-104.49,61.32,237.39,89.725,126.49
81.651,49.696,-28.726,-67.557,50.002,-2.2609,-165.55,-108.78,51.482,222.29,77.812,115.64
74.409,43.652,-27.497,-61.387,45.58,-3.319,-159.15,-112.2,41.42,206.67,65.843,104.34
67.106,37.573,-25.989,-55.195,41.03,-4.209,-151.91,-114.7,31.498,190.64,54.471,92.678
60.243,31.653,-24.494,-49.361,36.811,-5.0305,-144.41,-116.4,22.687,174.5,44.271,80.805
54.373,26.012,-23.259,-44.314,33.341,-5.8342,-137.01,-117.45,15.614,158.65,35.452,69.04
49.737,20.621,-22.37,-40.277,30.696,-6.6099,-129.87,-118.04,10.081,143.35,27.91,57.889
46.128,15.515,-21.696,-37.114,28.534,-7.2956,-123.17,-118.34,5.5486,128.65,21.434,47.838
42.973,11.154,-20.956,-34.397,26.198,-7.8108,-117.09,-118.43,1.5616,114.33,15.84,39.129
39.424,7.9945,-19.859,-31.573,22.927,-8.1023,-111.69,-118.38,-2.1774,99.915,10.983,31.724
34.704,5.943,-18.261,-28.083,18.415,-8.1807,-106.8,-118.22,-5.8433,85.224,6.733,25.445
28.873,4.6063,-16.243,-23.6,13.309,-8.1265,-102.16,-117.94,-9.5186,70.946,2.9591,20.098
22.843,3.6342,-14.08,-18.483,8.6198,-8.0624,-97.497,-117.55,-13.208,58.232,-0.46467,15.527
17.287,2.8044,-12.132,-13.68,4.9059,-8.1099,-92.696,-117.06,-16.859,47.628,-3.6458,11.6
12.581,2.0064,-10.723,-9.8395,2.3376,-8.3511,-87.747,-116.49,-20.399,38.86,-6.6645,8.1923
9.1257,1.2171,-10.062,-7.0608,0.96419,-8.8056,-82.713,-115.91,-23.769,31.416,-9.5741,5.1886
7.1189,0.46609,-10.179,-5.2147,0.74644,-9.43,-77.683,-115.37,-26.929,25.083,-12.404,2.4821
6.387,-0.20682,-10.898,-4.0897,1.4626,-10.139,-72.76,-114.91,-29.851,19.972,-15.161,-0.018305
6.4541,-0.79143,-11.888,-3.426,2.6807,-10.839,-68.05,-114.53,-32.511,16.091,-17.834,-2.387
6.7298,-1.3232,-12.781,-2.9604,3.8681,-11.47,-63.626,-114.19,-34.886,13.131,-20.398,-4.6844
6.7078,-1.8708,-13.3,-2.4741,4.5626,-12.013,-59.495,-113.79,-36.957,10.689,-22.827,-6.958
6.095,-2.5031,-13.344,-1.8205,4.5081,-12.486,-55.618,-113.25,-38.715,8.4865,-25.105,-9.2407
4.8449,-3.2644,-12.986,-0.94512,3.7088,-12.93,-51.999,-112.51,-40.172,6.3799,-27.235,-11.549
3.1309,-4.1609,-12.421,0.10227,2.3981,-13.389,-48.728,-111.56,-41.352,4.3116,-29.242,-13.881
1.29,-5.1561,-11.915,1.1892,0.9513,-13.909,-45.899,-110.44,-42.294,2.2702,-31.159,-16.217
-0.27427,-6.1822,-11.739,2.15,-0.22603,-14.522,-43.5,-109.22,-43.025,0.2637,-32.998,-18.509
-1.2288,-7.1636,-12.066,2.8427,-0.82073,-15.224,-41.399,-107.93,-43.549,-1.6722,-34.734,-20.69
-1.4231,-8.04,-12.9,3.1946,-0.71022,-15.97,-39.418,-106.56,-43.849,-3.4761,-36.313,-22.689
-0.92711,-8.7801,-14.072,3.2234,0.0096871,-16.686,-37.423,-105.1,-43.905,-5.0849,-37.681,-24.458
0.0027086,-9.3884,-15.328,3.03,1.0761,-17.303,-35.372,-103.49,-43.71,-6.442,-38.819,-25.993
1.0179,-9.9024,-16.438,2.7668,2.1699,-17.788,-33.303,-101.72,-43.29,-7.543,-39.749,-27.331
1.8125,-10.376,-17.292,2.5851,3.0448,-18.158,-31.285,-99.807,-42.698,-8.4333,-40.519,-28.528
2.234,-10.858,-17.924,2.5763,3.6063,-18.474,-29.372,-97.776,-42,-9.1897,-41.187,-29.636
2.3113,-11.369,-18.477,2.7389,3.9122,-18.813,-27.586,-95.682,-41.261,-9.8878,-41.804,-30.687
2.2051,-11.903,-19.134,2.9942,4.12,-19.242,-25.909,-93.572,-40.515,-10.572,-42.4,-31.693
2.1219,-12.436,-20.035,3.2359,4.4081,-19.785,-24.295,-91.459,-39.767,-11.241,-42.984,-32.65
2.225,-12.945,-21.209,3.3814,4.8975,-20.413,-22.686,-89.31,-38.989,-11.856,-43.54,-33.543
2.5696,-13.413,-22.534,3.4007,5.5975,-21.047,-21.029,-87.055,-38.146,-12.371,-44.042,-34.358
3.0864,-13.825,-23.775,3.3165,6.394,-21.581,-19.285,-84.616,-37.214,-12.754,-44.468,-35.091
3.6215,-14.164,-24.697,3.1851,7.0919,-21.923,-17.448,-81.949,-36.203,-13.009,-44.813,-35.747
4.0104,-14.423,-25.17,3.0732,7.5072,-22.038,-15.534,-79.066,-35.146,-13.167,-45.093,-36.34
4.1532,-14.616,-25.221,3.04,7.5701,-21.975,-13.578,-76.034,-34.088,-13.255,-45.327,-36.883
4.0424,-14.779,-25.003,3.124,7.3573,-21.846,-11.61,-72.941,-33.048,-13.254,-45.522,-37.374
3.74,-14.957,-24.718,3.334,7.0285,-21.778,-9.6478,-69.837,-31.988,-13.097,-45.655,-37.789
3.3344,-15.178,-24.529,3.6511,6.7339,-21.853,-7.6895,-66.704,-30.819,-12.694,-45.668,-38.087
2.9025,-15.439,-24.485,4.0352,6.5544,-22.076,-5.7245,-63.471,-29.437,-11.98,-45.482,-38.235
2.4917,-15.714,-24.528,4.435,6.4838,-22.374,-3.7529,-60.076,-27.78,-10.954,-45.035,-38.23
2.1201,-15.968,-24.539,4.7993,6.4455,-22.636,-1.7862,-56.507,-25.87,-9.7053,-44.312,-38.113
1.7799,-16.173,-24.391,5.0877,6.3311,-22.762,0.15868,-52.801,-23.808,-8.3784,-43.365,-37.963
1.4473,-16.314,-23.993,5.2826,6.0494,-22.701,2.0645,-49.013,-21.72,-7.1158,-42.3,-37.86
1.0948,-16.392,-23.31,5.392,5.563,-22.456,3.9181,-45.165,-19.719,-6.0268,-41.241,-37.851
0.70206,-16.411,-22.376,5.4441,4.8988,-22.063,5.717,-41.218,-17.854,-5.138,-40.29,-37.927
0.26456,-16.381,-21.29,5.4786,4.136,-21.581,7.4776,-37.067,-16.115,-4.3996,-39.484,-38.022
-0.202,-16.32,-20.18,5.5355,3.3831,-21.079,9.2317,-32.585,-14.449,-3.7089,-38.793,-38.04
-0.66291,-16.251,-19.17,5.645,2.7541,-20.628,11.022,-27.706,-12.798,-2.9486,-38.137,-37.892
-1.0654,-16.194,-18.346,5.8175,2.3486,-20.289,12.878,-22.526,-11.114,-2.0269,-37.427,-37.517
-1.3487,-16.154,-17.741,6.0381,2.2336,-20.079,14.798,-17.33,-9.3789,-0.90636,-36.6,-36.902
-1.466,-16.113,-17.355,6.2734,2.4206,-19.961,16.732,-12.494,-7.6045,0.38565,-35.646,-36.077
-1.4114,-16.05,-17.151,6.4836,2.8409,-19.858,18.597,-8.2976,-5.8221,1.7753,-34.604,-35.105
-1.2369,-15.956,-17.035,6.6426,3.3445,-19.694,20.296,-4.8168,-4.0782,3.1671,-33.551,-34.065
-1.0503,-15.842,-16.841,6.7553,3.7301,-19.421,21.767,-1.9524,-2.4098,4.4896,-32.556,-33.022
-0.99333,-15.733,-16.365,6.8626,3.8004,-19.008,23.01,0.47118,-0.83138,5.7235,-31.645,-31.996
-1.2085,-15.646,-15.434,7.0263,3.413,-18.427,24.079,2.6219,0.67199,6.9029,-30.789,-30.946
-1.795,-15.579,-13.973,7.3027,2.518,-17.649,25.057,4.6182,2.1329,8.0878,-29.916,-29.796
-2.771,-15.507,-12.043,7.7162,1.1738,-16.674,26.013,6.5202,3.5859,9.3391,-28.952,-28.473
-4.0629,-15.396,-9.8439,8.248,-0.47103,-15.543,26.974,8.3395,5.0625,10.697,-27.851,-26.946
-5.5228,-15.216,-7.6401,8.8437,-2.2234,-14.338,27.929,10.06,6.586,12.171,-26.617,-25.234
-6.9785,-14.949,-5.6567,9.4324,-3.8978,-13.147,28.853,11.662,8.1741,13.75,-25.29,-23.393
-8.3107,-14.579,-3.9986,9.9517,-5.3735,-12.023,29.722,13.14,9.841,15.399,-23.929,-21.491
-9.5101,-14.09,-2.6038,10.374,-6.6626,-10.965,30.535,14.515,11.588,17.068,-22.582,-19.587
-10.671,-13.478,-1.2576,10.713,-7.931,-9.92,31.305,15.833,13.394,18.698,-21.264,-17.723
-11.925,-12.764,0.30198,11.012,-9.4016,-8.8191,32.057,17.148,15.214,20.24,-19.954,-15.921
-13.353,-12.003,2.2427,11.308,-11.211,-7.6227,32.804,18.498,16.989,21.689,-18.616,-14.194
-14.921,-11.262,4.568,11.607,-13.33,-6.3407,33.545,19.879,18.667,23.086,-17.22,-12.556
-16.449,-10.577,7.1302,11.857,-15.56,-5.0208,34.262,21.232,20.226,24.5,-15.773,-11.022
-17.663,-9.9242,9.6692,11.962,-17.578,-3.7278,34.933,22.46,21.682,25.989,-14.304,-9.6024
-18.273,-9.2438,11.869,11.816,-19.033,-2.5295,35.531,23.478,23.072,27.57,-12.86,-8.3057
-18.08,-8.4795,13.444,11.355,-19.657,-1.4905,36.028,24.261,24.425,29.208,-11.484,-7.1368
-17.068,-7.6175,14.241,10.597,-19.362,-0.6632,36.407,24.85,25.755,30.832,-10.205,-6.0945
-15.456,-6.6987,14.299,9.6558,-18.278,-0.073673,36.66,25.325,27.057,32.353,-9.0204,-5.1658
-13.639,-5.8045,13.837,8.7123,-16.709,0.28953,36.803,25.761,28.32,33.704,-7.9071,-4.3196
-12.046,-5.0225,13.159,7.9525,-15.012,0.47061,36.862,26.197,29.524,34.853,-6.828,-3.5113
-10.989,-4.4119,12.544,7.4982,-13.474,0.53266,36.867,26.633,30.638,35.812,-5.7444,-2.6948
-10.567,-3.9848,12.159,7.3656,-12.274,0.53989,36.839,27.046,31.626,36.619,-4.6354,-1.8367
-10.661,-3.7106,12.033,7.4648,-11.506,0.54343,36.784,27.415,32.461,37.315,-3.4943,-0.92659
-10.995,-3.5351,12.086,7.6428,-11.176,0.57275,36.691,27.735,33.127,37.92,-2.3392,0.019211
-11.245,-3.4013,12.182,7.7495,-11.145,0.63538,36.535,28.016,33.614,38.422,-1.2053,0.96147
-11.182,-3.2661,12.211,7.6947,-11.176,0.72699,36.295,28.251,33.903,38.775,-0.13682,1.8493
-10.786,-3.1099,12.142,7.4752,-11.125,0.84609,35.958,28.41,33.963,38.921,0.82253,2.6299
-10.261,-2.9408,12.057,7.1675,-11.061,0.99975,35.528,28.441,33.754,38.805,1.6399,3.2616
-9.9233,-2.7915,12.122,6.8964,-11.225,1.1987,35.02,28.285,33.257,38.413,2.3018,3.7296
-10.049,-2.7057,12.501,6.7898,-11.879,1.446,34.456,27.915,32.494,37.782,2.8211,4.0501
-10.763,-2.7152,13.259,6.9306,-13.115,1.7308,33.867,27.349,31.545,36.996,3.2316,4.2749
-11.993,-2.8156,14.317,7.3164,-14.782,2.0311,33.287,26.64,30.522,36.143,3.5892,4.4791
-13.478,-2.9584,15.474,7.8514,-16.531,2.3209,32.744,25.867,29.533,35.286,3.9479,4.7355
-14.842,-3.0712,16.466,8.3773,-17.938,2.5729,32.249,25.09,28.638,34.435,4.3446,5.0883
-15.703,-3.0963,17.043,8.7311,-18.639,2.7577,31.792,24.343,27.837,33.556,4.7803,5.5361
-15.797,-3.0185,17.039,8.8025,-18.432,2.8463,31.345,23.629,27.079,32.596,5.2253,6.0378
-15.066,-2.8634,16.433,8.5699,-17.327,2.8235,30.879,22.923,26.294,31.505,5.6334,6.5308
-13.701,-2.6725,15.394,8.1016,-15.56,2.7056,30.374,22.202,25.414,30.262,5.9629,6.9514
-12.083,-2.4788,14.238,7.5283,-13.555,2.5467,29.831,21.446,24.401,28.893,6.1911,7.2618
-10.629,-2.2964,13.317,6.9941,-11.774,2.4268,29.273,20.651,23.259,27.472,6.3199,7.4539
-9.6496,-2.1229,12.871,6.6069,-10.553,2.4179,28.741,19.828,22.043,26.103,6.3729,7.5466
-9.2697,-1.949,12.955,6.406,-10.015,2.5528,28.28,18.998,20.844,24.879,6.3801,7.5753
-9.4286,-1.7678,13.463,6.3634,-10.106,2.8143,27.925,18.19,19.755,23.851,6.3703,7.5742
-9.9129,-1.5822,14.189,6.4084,-10.637,3.1457,27.675,17.422,18.834,23.012,6.3503,7.561
-10.439,-1.4053,14.894,6.4624,-11.321,3.4722,27.498,16.708,18.083,22.304,6.3098,7.5294
-10.761,-1.2565,15.354,6.4704,-11.858,3.7198,27.337,16.049,17.451,21.644,6.2261,7.4563
-10.766,-1.1547,15.449,6.4186,-12.063,3.8357,27.136,15.445,16.86,20.952,6.0799,7.3168
-10.516,-1.1112,15.221,6.3358,-11.94,3.8127,26.854,14.895,16.246,20.19,5.871,7.1023
-10.213,-1.1234,14.873,6.2754,-11.689,3.7028,26.494,14.4,15.582,19.369,5.6248,6.831
-10.097,-1.1754,14.696,6.2924,-11.632,3.6003,26.086,13.964,14.888,18.541,5.3858,6.5434
-10.346,-1.2427,14.94,6.4223,-12.056,3.5971,25.677,13.591,14.216,17.771,5.2014,6.2924
-11.015,-1.3005,15.676,6.6674,-13.051,3.736,25.306,13.287,13.62,17.1,5.1073,6.1191
-12.019,-1.3328,16.743,6.9939,-14.448,3.9906,24.986,13.059,13.135,16.54,5.1063,6.0348
-13.147,-1.3394,17.817,7.3401,-15.882,4.2774,24.703,12.904,12.766,16.068,5.1731,6.0177
-14.112,-1.3329,18.543,7.6328,-16.926,4.4906,24.425,12.806,12.483,15.643,5.2658,6.0239
-14.639,-1.3273,18.666,7.8034,-17.238,4.5507,24.112,12.739,12.241,15.219,5.3429,6.0082
-14.551,-1.3238,18.105,7.8046,-16.659,4.444,23.739,12.662,11.989,14.766,5.3778,5.9417
-13.827,-1.302,16.976,7.6211,-15.249,4.2322,23.301,12.538,11.691,14.276,5.366,5.8201
-12.613,-1.2252,15.574,7.2729,-13.263,4.0349,22.814,12.342,11.336,13.758,5.3224,5.6641
-11.165,-1.0549,14.283,6.8065,-11.099,3.9928,22.3,12.075,10.94,13.234,5.2712,5.5024
-9.7688,-0.76721,13.447,6.2782,-9.2004,4.2179,21.771,11.762,10.541,12.713,5.2316,5.361
-8.643,-0.36057,13.257,5.7351,-7.9246,4.745,21.212,11.437,10.169,12.192,5.2078,5.253
-7.8851,0.14637,13.708,5.2046,-7.4452,5.5086,20.591,11.134,9.8378,11.658,5.1887,5.1779
-7.4772,0.72178,14.655,4.6991,-7.7193,6.3752,19.874,10.876,9.5446,11.105,5.1587,5.1286
-7.3631,1.3244,15.899,4.2328,-8.5654,7.2195,19.061,10.672,9.2765,10.543,5.1099,5.1015
-7.514,1.905,17.26,3.8349,-9.7887,7.9778,18.198,10.515,9.0206,9.997,5.0458,5.0992
-7.9201,2.4098,18.6,3.5469,-11.215,8.6316,17.361,10.383,8.7662,9.4898,4.9761,5.1238
-8.5375,2.7883,19.817,3.4046,-12.665,9.1621,16.62,10.247,8.5025,9.0289,4.9036,5.1639
-9.2589,3.0033,20.815,3.4167,-13.952,9.5325,16.015,10.076,8.2144,8.5912,4.8171,5.1884
-9.9354,3.0443,21.489,3.5555,-14.906,9.7058,15.536,9.8523,7.8843,8.1304,4.694,5.1517
-10.418,2.935,21.759,3.7621,-15.391,9.6736,15.147,9.5806,7.4968,7.5929,4.5117,5.0118
-10.6,2.7273,21.606,3.9657,-15.339,9.4766,14.811,9.2853,7.0413,6.9363,4.2579,4.7465
-10.447,2.4807,21.073,4.1083,-14.78,9.1993,14.495,8.9951,6.5134,6.1425,3.935,4.3626
-10.006,2.2404,20.245,4.1649,-13.842,8.9232,14.184,8.7268,5.9167,5.2245,3.5593,3.8925
-9.3892,2.0228,19.222,4.1503,-12.702,8.656,13.871,8.4792,5.266,4.2291,3.1574,3.3837
-8.7437,1.8155,18.103,4.1103,-11.541,8.3192,13.563,8.2382,4.5906,3.2275,2.7618,2.8848
-8.2075,1.5918,16.967,4.1041,-10.493,7.8245,13.284,7.9896,3.9348,2.3118,2.4062,2.4338
-7.8639,1.3298,15.846,4.1779,-9.6222,7.1474,13.054,7.7281,3.3462,1.5637,2.1192,2.0491
-7.7088,1.0247,14.728,4.3424,-8.9149,6.3337,12.89,7.4581,2.8652,1.0239,1.9145,1.7267
-7.6499,0.68874,13.569,4.5634,-8.2979,5.4643,12.793,7.1859,2.5064,0.6781,1.7857,1.4443
-7.5434,0.34892,12.328,4.7722,-7.6685,4.618,12.748,6.9151,2.2564,0.47221,1.7102,1.1751
-7.2525,0.042617,10.999,4.8926,-6.9321,3.8531,12.735,6.6484,2.0834,0.35466,1.6615,0.90686
-6.7091,-0.19177,9.6349,4.8731,-6.0476,3.2052,12.741,6.3938,1.9582,0.28485,1.6205,0.6463
-5.9545,-0.33162,8.3453,4.713,-5.0616,2.6918,12.756,6.1669,1.8647,0.24964,1.5776,0.41504
-5.1347,-0.38721,7.2538,4.4689,-4.1064,2.311,12.769,5.9853,1.7947,0.25149,1.5255,0.22914
-4.4429,-0.40346,6.444,4.2329,-3.3506,2.0372,12.746,5.859,1.741,0.28238,1.4515,0.085201
-4.0365,-0.438,5.9233,4.0894,-2.929,1.8263,12.629,5.7806,1.6914,0.31971,1.3364,-0.046407
-3.9785,-0.52704,5.6372,4.0744,-2.8959,1.6379,12.364,5.7264,1.6323,0.3323,1.1633,-0.20853
-4.2349,-0.66226,5.5168,4.1607,-3.2231,1.4565,11.931,5.6673,1.5576,0.29618,0.93135,-0.43286
-4.7096,-0.79591,5.5062,4.2795,-3.8187,1.2929,11.36,5.5859,1.4747,0.21127,0.66251,-0.7179
-5.2785,-0.87299,5.5463,4.3617,-4.5351,1.1652,10.71,5.4856,1.4003,0.098367,0.39555,-1.0238
-5.8035,-0.86913,5.5493,4.3687,-5.1795,1.0749,10.033,5.3834,1.3501,-0.013755,0.16693,-1.2898
-6.1401,-0.80472,5.3979,4.2966,-5.5491,0.99358,9.3474,5.2911,1.329,-0.10455,-0.0083415,-1.4633
-6.1554,-0.7262,4.967,4.1594,-5.4753,0.87125,8.6387,5.2027,1.3289,-0.17217,-0.14306,-1.5253
-5.7557,-0.67478,4.1636,3.9701,-4.8539,0.66139,7.8774,5.0957,1.335,-0.23556,-0.2676,-1.4962
-4.9102,-0.66629,2.9705,3.7309,-3.6659,0.34737,7.0456,4.9449,1.3327,-0.33159,-0.41233,-1.4253
-3.6653,-0.6887,1.4678,3.4351,-1.9945,-0.047291,6.1525,4.7354,1.3115,-0.50545,-0.59634,-1.3714
-2.144,-0.71187,-0.185,3.0747,-0.028713,-0.4694,5.2298,4.4668,1.2587,-0.81439,-0.82866,-1.3875
-0.52367,-0.70225,-1.796,2.6488,1.9659,-0.8591,4.3117,4.1494,1.1516,-1.3142,-1.1169,-1.5124
0.99906,-0.63676,-3.1911,2.1699,3.7072,-1.1717,3.4178,3.7963,0.95457,-2.0488,-1.4729,-1.7675
2.2418,-0.51179,-4.2448,1.6678,4.9555,-1.3884,2.5508,3.4187,0.63091,-3.0376,-1.91,-2.1518
3.0569,-0.34569,-4.8882,1.1908,5.5538,-1.5153,1.7085,3.027,0.1626,-4.2604,-2.4337,-2.6412
3.3453,-0.17531,-5.1124,0.80142,5.4614,-1.5751,0.89574,2.6352,-0.43429,-5.653,-3.0331,-3.1954
3.0828,-0.046204,-4.9775,0.56553,4.7839,-1.6003,0.12826,2.2644,-1.1089,-7.0985,-3.6784,-3.7661
2.3519,-0.001349,-4.6175,0.53017,3.7552,-1.628,-0.57447,1.9383,-1.7902,-8.4657,-4.3259,-4.3134
1.3488,-0.063429,-4.231,0.69607,2.6702,-1.6963,-1.1988,1.6713,-2.4127,-9.6553,-4.93,-4.8143
0.35657,-0.22383,-4.0463,0.99966,1.8268,-1.839,-1.7446,1.4551,-2.945,-10.632,-5.4571,-5.2694
-0.31293,-0.44532,-4.2538,1.323,1.489,-2.0786,-2.2285,1.2557,-3.4054,-11.435,-5.8963,-5.6976
-0.41222,-0.67763,-4.9382,1.5343,1.832,-2.4216,-2.6813,1.0243,-3.8542,-12.161,-6.2617,-6.1273
0.14692,-0.87564,-6.0483,1.5389,2.8638,-2.8556,-3.1406,0.71725,-4.3651,-12.921,-6.5849,-6.5849
1.2533,-1.0108,-7.4169,1.3134,4.3858,-3.3525,-3.64,0.31231,-4.9913,-13.797,-6.9003,-7.0845
2.6366,-1.074,-8.817,0.90727,6.0631,-3.8724,-4.1993,-0.1819,-5.7428,-14.817,-7.2304,-7.6222
3.977,-1.0742,-10.034,0.42155,7.5764,-4.3712,-4.8167,-0.72577,-6.5842,-15.947,-7.5762,-8.1769
5.0282,-1.0346,-10.929,-0.032859,8.7625,-4.8126,-5.4694,-1.2598,-7.4514,-17.116,-7.9201,-8.7195
5.6814,-0.98565,-11.468,-0.37399,9.6513,-5.1851,-6.1269,-1.7311,-8.2833,-18.251,-8.2435,-9.2311
5.9847,-0.95388,-11.736,-0.57635,10.399,-5.5134,-6.7703,-2.1242,-9.053,-19.3,-8.5486,-9.7193
6.1457,-0.94713,-11.948,-0.6847,11.228,-5.851,-7.405,-2.4744,-9.7821,-20.28,-8.8679,-10.22
6.5054,-0.94682,-12.402,-0.80893,12.425,-6.2537,-8.0547,-2.8515,-10.529,-21.249,-9.2516,-10.782
7.4458,-0.91452,-13.368,-1.0925,14.285,-6.7481,-8.7436,-3.3265,-11.356,-22.267,-9.7407,-11.439
9.2404,-0.811,-14.95,-1.6613,16.942,-7.3136,-9.4788,-3.9434,-12.301,-23.366,-10.344,-12.192
11.909,-0.61488,-17.011,-2.574,20.229,-7.8849,-10.242,-4.7078,-13.35,-24.53,-11.03,-13.004
15.153,-0.32951,-19.231,-3.7912,23.705,-8.3747,-10.996,-5.5905,-14.449,-25.711,-11.738,-13.812
18.445,0.022156,-21.24,-5.1714,26.838,-8.7058,-11.693,-6.5437,-15.524,-26.859,-12.4,-14.55
21.245,0.40621,-22.748,-6.5047,29.224,-8.8403,-12.305,-7.5256,-16.522,-27.95,-12.971,-15.18
23.23,0.78403,-23.626,-7.5822,30.723,-8.7909,-12.832,-8.5278,-17.44,-29.005,-13.449,-15.71
24.378,1.1203,-23.92,-8.2703,31.443,-8.6112,-13.313,-9.5891,-18.325,-30.084,-13.882,-16.197
24.908,1.3979,-23.802,-8.5493,31.641,-8.3696,-13.798,-10.774,-19.249,-31.257,-14.342,-16.724
25.128,1.6274,-23.484,-8.5136,31.617,-8.1241,-14.323,-12.113,-20.259,-32.567,-14.892,-17.356
25.289,1.8407,-23.129,-8.3367,31.594,-7.9065,-14.888,-13.551,-21.356,-34.015,-15.553,-18.114
25.496,2.0618,-22.822,-8.2024,31.639,-7.7225,-15.462,-14.932,-22.496,-35.552,-16.299,-18.962
25.728,2.2815,-22.574,-8.2216,31.707,-7.5631,-16.002,-16.077,-23.622,-37.101,-17.07,-19.824
25.899,2.457,-22.352,-8.3771,31.738,-7.4236,-16.485,-16.881,-24.695,-38.572,-17.797,-20.615
25.863,2.5315,-22.113,-8.5229,31.62,-7.3153,-16.919,-17.381,-25.712,-39.886,-18.431,-21.273
25.446,2.4572,-21.846,-8.4749,31.237,-7.2682,-17.336,-17.729,-26.686,-40.987,-18.957,-21.78
24.594,2.212,-21.603,-8.1422,30.591,-7.3209,-17.775,-18.12,-27.639,-41.866,-19.397,-22.16
23.462,1.8092,-21.472,-7.582,29.839,-7.5047,-18.265,-18.698,-28.582,-42.554,-19.782,-22.467
22.302,1.2975,-21.534,-6.9324,29.195,-7.8273,-18.811,-19.512,-29.511,-43.116,-20.14,-22.754
21.343,0.75164,-21.83,-6.3274,28.825,-8.2683,-19.398,-20.505,-30.41,-43.597,-20.47,-23.054
20.74,0.25356,-22.345,-5.8504,28.789,-8.7852,-20.005,-21.547,-31.251,-44.022,-20.757,-23.378
20.541,-0.12891,-23.017,-5.5258,29.047,-9.3249,-20.602,-22.486,-31.999,-44.388,-20.973,-23.708
20.697,-0.35963,-23.751,-5.3311,29.484,-9.8332,-21.159,-23.203,-32.626,-44.669,-21.094,-24.007
21.102,-0.44016,-24.447,-5.2277,29.956,-10.264,-21.652,-23.64,-33.112,-44.833,-21.103,-24.225
21.65,-0.40375,-25.026,-5.1949,30.333,-10.586,-22.064,-23.817,-33.457,-44.853,-20.999,-24.317
22.259,-0.30066,-25.453,-5.2303,30.548,-10.792,-22.392,-23.821,-33.685,-44.724,-20.799,-24.261
22.848,-0.18088,-25.735,-5.3225,30.63,-10.901,-22.642,-23.78,-33.835,-44.472,-20.533,-24.079
23.322,-0.081917,-25.912,-5.4344,30.68,-10.947,-22.819,-23.818,-33.954,-44.153,-20.235,-23.82
23.583,-0.024529,-26.012,-5.5156,30.781,-10.966,-22.917,-24.002,-34.072,-43.822,-19.925,-23.532
23.546,-0.016872,-26.021,-5.5209,30.906,-10.964,-22.923,-24.304,-34.189,-43.512,-19.598,-23.24
23.129,-0.05896,-25.868,-5.4142,30.884,-10.92,-22.819,-24.606,-34.266,-43.203,-19.226,-22.928
22.246,-0.1458,-25.454,-5.1663,30.473,-10.787,-22.593,-24.732,-34.234,-42.829,-18.771,-22.542
20.844,-0.26354,-24.71,-4.7628,29.486,-10.524,-22.254,-24.505,-34.002,-42.295,-18.2,-22.015
19.01,-0.38282,-23.63,-4.2302,27.891,-10.109,-21.818,-23.812,-33.492,-41.519,-17.494,-21.294
17.025,-0.46104,-22.302,-3.6548,25.868,-9.5584,-21.305,-22.657,-32.667,-40.474,-16.667,-20.366
15.245,-0.45875,-20.894,-3.1563,23.745,-8.9198,-20.734,-21.179,-31.565,-39.211,-15.754,-19.271
13.901,-0.36031,-19.609,-2.8284,21.825,-8.2653,-20.126,-19.607,-30.301,-37.846,-14.814,-18.096
13.011,-0.18231,-18.585,-2.6972,20.246,-7.6607,-19.493,-18.16,-29.021,-36.513,-13.893,-16.93
12.439,0.038133,-17.811,-2.7183,18.947,-7.1324,-18.826,-16.953,-27.833,-35.304,-13.004,-15.833
11.969,0.26537,-17.118,-2.8,17.734,-6.6497,-18.101,-15.968,-26.768,-34.229,-12.122,-14.804
11.363,0.48174,-16.267,-2.8377,16.359,-6.138,-17.28,-15.083,-25.767,-33.224,-11.196,-13.79
10.436,0.69304,-15.063,-2.757,14.616,-5.5113,-16.323,-14.127,-24.718,-32.175,-10.176,-12.709
9.1366,0.92719,-13.44,-2.5475,12.458,-4.7056,-15.215,-12.941,-23.498,-30.967,-9.0303,-11.483
7.5864,1.2293,-11.505,-2.277,10.066,-3.704,-13.965,-11.431,-22.018,-29.52,-7.7593,-10.076
6.0468,1.6577,-9.5037,-2.0736,7.8131,-2.5485,-12.609,-9.6147,-20.255,-27.823,-6.3901,-8.5023
4.8251,2.3009,-7.7235,-2.0851,6.0855,-1.3249,-11.195,-7.6108,-18.252,-25.933,-4.9623,-6.8241
4.1628,3.3305,-6.3663,-2.4383,5.1171,-0.10668,-9.754,-5.5754,-16.1,-23.941,-3.508,-5.1151
4.1542,5.0432,-5.462,-3.2228,4.9072,1.1094,-8.2983,-3.6226,-13.895,-21.923,-2.039,-3.4287
4.7269,7.7594,-4.8465,-4.5089,5.2157,2.4289,-6.8202,-1.7892,-11.71,-19.903,-0.54012,-1.7814
5.6847,11.53,-4.1911,-6.3796,5.6387,4.0439,-5.3139,-0.053759,-9.5865,-17.868,1.0141,-0.16093
6.8024,15.996,-3.1171,-8.9325,5.763,6.1916,-3.7947,1.6229,-7.5457,-15.801,2.6358,1.4522
7.9343,20.721,-1.3609,-12.194,5.3185,9.0889,-2.3082,3.2708,-5.6077,-13.717,4.3088,3.0664
9.0528,25.559,1.1396,-15.978,4.2528,12.879,-0.92621,4.8985,-3.8004,-11.662,5.9925,4.6748
10.177,30.616,4.2762,-19.916,2.7168,17.599,0.28143,6.4824,-2.1584,-9.7036,7.6436,6.27
11.296,35.978,7.8397,-23.721,1.0083,23.126,1.2665,7.9656,-0.7119,-7.8993,9.2413,7.8528
12.406,41.549,11.597,-27.335,-0.50859,29.156,2.0131,9.2754,0.52758,-6.2805,10.8,9.4466
13.606,47.107,15.394,-30.8,-1.4867,35.284,2.5327,10.356,1.5761,-4.8416,12.36,11.084
15.073,52.457,19.255,-34.13,-1.6837,41.079,2.8484,11.193,2.4746,-3.5457,13.974,12.796
16.908,57.519,23.306,-37.293,-1.0558,46.088,2.9794,11.804,3.2726,-2.3429,15.676,14.597
18.999,62.308,27.308,-40.242,0.17719,49.98,2.9254,12.222,4.0043,-1.1969,17.458,16.468
21.02,66.88,30.607,-42.917,1.5566,52.85,2.6555,12.463,4.6709,-0.10589,19.258,18.347
22.572,71.281,33.23,-45.257,2.5251,55.304,2.1059,12.52,5.2379,0.89385,20.968,20.136
23.333,75.499,36.093,-47.205,2.6246,58.119,1.1898,12.368,5.6479,1.7439,22.472,21.728
23.158,79.457,40.036,-48.714,1.6454,61.732,-0.18024,11.98,5.8425,2.3929,23.69,23.05
22.091,83.067,45.318,-49.758,-0.3459,65.978,-2.0541,11.34,5.7869,2.8253,24.615,24.096
20.325,86.309,51.603,-50.358,-3.088,70.343,-4.397,10.466,5.4902,3.0756,25.311,24.92
18.147,89.252,58.199,-50.598,-6.2224,74.428,-7.0676,9.4182,5.0115,3.2162,25.879,25.611
15.903,91.962,64.488,-50.614,-9.3601,78.097,-9.8545,8.2966,4.4458,3.3261,26.413,26.255
13.914,94.315,70.144,-50.526,-12.133,81.322,-12.546,7.2136,3.8938,3.4567,26.968,26.903
12.374,96.008,75.058,-50.381,-14.245,83.996,-14.982,6.2594,3.4311,3.613,27.545,27.562
11.295,96.809,79.126,-50.171,-15.522,85.875,-17.099,5.4777,3.0893,3.7617,28.098,28.2
10.559,96.705,82.006,-49.862,-15.963,86.658,-18.91,4.8667,2.8565,3.856,28.569,28.769
10.058,95.829,83.05,-49.426,-15.742,86.144,-20.473,4.3994,2.6954,3.8636,28.909,29.222
9.7509,94.314,81.599,-48.843,-15.102,84.341,-21.826,4.0507,2.567,3.7948,29.092,29.53
9.5948,92.207,77.388,-48.125,-14.204,81.464,-22.959,3.8149,2.4484,3.6845,29.118,29.677
9.5067,89.498,70.9,-47.299,-13.071,77.813,-23.816,3.7067,2.3376,3.5891,28.992,29.659
9.402,86.199,63.311,-46.392,-11.66,73.682,-24.324,3.7484,2.2455,3.5606,28.713,29.463
9.2432,82.396,55.729,-45.374,-9.9725,69.329,-24.435,3.9499,2.1903,3.6188,28.268,29.074
9.057,78.264,48.672,-44.117,-8.1069,64.961,-24.154,4.2931,2.1641,3.7369,27.644,28.485
8.9259,74,42.219,-42.417,-6.207,60.701,-23.54,4.7294,2.1395,3.8526,26.842,27.709
8.9499,69.675,36.275,-40.199,-4.3899,56.558,-22.687,5.1919,2.0803,3.9032,25.889,26.784
9.1696,65.158,30.788,-37.618,-2.7348,52.449,-21.677,5.6158,1.9593,3.861,24.836,25.773
9.4796,60.203,25.955,-34.793,-1.3119,48.253,-20.553,5.9558,1.7698,3.7427,23.747,24.744
9.6169,54.627,22.134,-31.604,-0.20144,43.878,-19.307,6.1915,1.5222,3.5878,22.67,23.746
9.2603,48.464,19.32,-27.843,0.5042,39.335,-17.915,6.3199,1.2284,3.4201,21.615,22.783
8.1711,41.983,17.12,-23.43,0.70659,34.754,-16.39,6.3418,0.88603,3.2237,20.549,21.814
6.2733,35.534,15.232,-18.492,0.32513,30.3,-14.815,6.2517,0.47304,2.9476,19.424,20.776
3.65,29.374,13.589,-13.339,-0.65748,26.045,-13.308,6.0352,-0.043848,2.5335,18.202,19.621
0.51354,23.602,12.22,-8.3277,-2.1471,21.964,-11.971,5.6755,-0.69345,1.9461,16.878,18.34
-2.8113,18.212,11.097,-3.7383,-3.9158,18.023,-10.864,5.1638,-1.4853,1.1894,15.484,16.962
-5.9152,13.157,10.105,0.22919,-5.6301,14.238,-9.9957,4.5099,-2.4019,0.30841,14.07,15.542
-8.3697,8.4335,9.0825,3.3909,-6.9266,10.692,-9.3335,3.7484,-3.4003,-0.61986,12.697,14.147
-9.8367,4.2125,7.879,5.5947,-7.5024,7.53,-8.8178,2.9378,-4.4199,-1.5024,11.422,12.841
-10.193,0.86387,6.3949,6.822,-7.2009,4.8881,-8.382,2.1482,-5.3928,-2.2536,10.288,11.678
-9.5955,-1.3313,4.6236,7.2691,-6.07,2.7995,-7.9772,1.4403,-6.2691,-2.8323,9.3173,10.691
-8.4296,-2.5354,2.67,7.2856,-4.365,1.1789,-7.5803,0.84305,-7.009,-3.2439,8.5019,9.8796
-7.1485,-3.2303,0.73042,7.1966,-2.4789,-0.099127,-7.1993,0.34347,-7.6106,-3.5471,7.8087,9.2082
-6.1167,-3.8037,-0.95859,7.1873,-0.82394,-1.1224,-6.8605,-0.10284,-8.1114,-3.8273,7.1906,8.6174
-5.5486,-4.3894,-2.1864,7.317,0.28102,-1.9197,-6.5906,-0.54752,-8.5814,-4.155,6.6044,8.0461
-5.5172,-4.9648,-2.8319,7.5739,0.67968,-2.4889,-6.4027,-1.0252,-9.0763,-4.5528,6.0246,7.4539
-5.9556,-5.4737,-2.9112,7.9052,0.40364,-2.8395,-6.2929,-1.5409,-9.6254,-4.9893,5.4457,6.8307
-6.6617,-5.8912,-2.5889,8.2343,-0.344,-3.0244,-6.246,-2.0717,-10.227,-5.4041,4.8726,6.1898
-7.3571,-6.2385,-2.1325,8.484,-1.2498,-3.1402,-6.2434,-2.5795,-10.858,-5.7446,4.3084,5.5541
-7.7936,-6.5699,-1.8156,8.6077,-1.9909,-3.297,-6.2612,-3.0282,-11.485,-5.9879,3.7528,4.9443
-7.8504,-6.9452,-1.8168,8.6131,-2.3484,-3.5744,-6.2636,-3.3978,-12.07,-6.1378,3.2095,4.3788
-7.5683,-7.4037,-2.1671,8.5624,-2.2747,-3.9917,-6.1999,-3.6907,-12.583,-6.2062,2.6938,3.8756
-7.1147,-7.9485,-2.7691,8.5495,-1.8803,-4.5122,-6.0192,-3.9278,-13.002,-6.1989,2.231,3.4498
-6.7085,-8.5542,-3.4744,8.6648,-1.3604,-5.0776,-5.6972,-4.1401,-13.325,-6.1171,1.8432,3.1058
-6.5377,-9.1915,-4.1708,8.9642,-0.90137,-5.6492,-5.2535,-4.3604,-13.581,-5.9682,1.5356,2.8312
-6.6971,-9.8512,-4.8259,9.4556,-0.61639,-6.2285,-4.7421,-4.6187,-13.815,-5.7752,1.2919,2.6002
-7.1713,-10.547,-5.4675,10.105,-0.52892,-6.8452,-4.2243,-4.9398,-14.08,-5.5874,1.0797,2.3832
-7.8618,-11.294,-6.1333,10.852,-0.59134,-7.5249,-3.7481,-5.3435,-14.418,-5.4554,0.86263,2.1558
-8.6255,-12.087,-6.834,11.623,-0.71858,-8.2621,-3.3444,-5.8443,-14.854,-5.433,0.61051,1.9022
-9.3128,-12.888,-7.5438,12.344,-0.82262,-9.0132,-3.0311,-6.4508,-15.395,-5.5622,0.3073,1.6151
-9.8063,-13.641,-8.2114,12.95,-0.84083,-9.7119,-2.8154,-7.1628,-16.04,-5.8563,-0.04345,1.2957
-10.053,-14.291,-8.7733,13.405,-0.75466,-10.29,-2.6864,-7.9694,-16.759,-6.2852,-0.41531,0.95765
-10.079,-14.806,-9.1674,13.711,-0.59362,-10.695,-2.619,-8.8518,-17.515,-6.7771,-0.7623,0.62945
-9.9685,-15.177,-9.3483,13.905,-0.42252,-10.906,-2.5739,-9.7897,-18.256,-7.241,-1.0309,0.35088
-9.8373,-15.414,-9.3046,14.038,-0.31724,-10.933,-2.5082,-10.762,-18.923,-7.6012,-1.1775,0.16234
-9.7859,-15.548,-9.066,14.156,-0.33983,-10.821,-2.3894,-11.744,-19.467,-7.8231,-1.184,0.090619
-9.8822,-15.616,-8.6872,14.29,-0.52461,-10.623,-2.2036,-12.693,-19.861,-7.9178,-1.0646,0.13723
-10.164,-15.65,-8.2142,14.456,-0.87829,-10.378,-1.9571,-13.557,-20.098,-7.9243,-0.85828,0.27702
-10.641,-15.662,-7.6577,14.664,-1.3858,-10.086,-1.6666,-14.263,-20.185,-7.8822,-0.61129,0.4707
-11.29,-15.63,-6.9956,14.908,-2.0122,-9.7092,-1.3492,-14.74,-20.133,-7.8114,-0.35705,0.68383
-12.045,-15.517,-6.2082,15.162,-2.7028,-9.1973,-1.0177,-14.935,-19.96,-7.7081,-0.10821,0.89849
-12.811,-15.289,-5.3155,15.387,-3.3897,-8.5338,-0.68453,-14.855,-19.692,-7.5586,0.13726,1.111
-13.495,-14.945,-4.3794,15.549,-4.012,-7.7573,-0.36506,-14.576,-19.367,-7.359,0.38367,1.3216
-14.051,-14.523,-3.4661,15.645,-4.5428,-6.9492,-0.075521,-14.227,-19.025,-7.1293,0.62904,1.5251
-14.506,-14.088,-2.6034,15.702,-5.0115,-6.1925,0.17191,-13.936,-18.703,-6.917,0.86292,1.7085
-14.946,-13.696,-1.7632,15.763,-5.5087,-5.5317,0.37156,-13.795,-18.429,-6.7857,1.0679,1.8512
-15.471,-13.365,-0.87063,15.855,-6.1617,-4.9559,0.52395,-13.844,-18.228,-6.7924,1.2235,1.9299
-16.161,-13.065,0.1692,15.977,-7.0871,-4.4101,0.63606,-14.074,-18.116,-6.9517,1.3132,1.9279
-17.055,-12.74,1.4327,16.105,-8.3423,-3.8265,0.72206,-14.441,-18.096,-7.2358,1.3323,1.8467
-18.145,-12.346,2.9373,16.22,-9.8928,-3.1604,0.80083,-14.889,-18.142,-7.5697,1.2925,1.7106
-19.356,-11.87,4.6096,16.311,-11.596,-2.4181,0.88754,-15.369,-18.211,-7.8581,1.2188,1.56
-20.526,-11.335,6.2761,16.358,-13.217,-1.6611,0.98109,-15.858,-18.251,-8.0194,1.1398,1.4341
-21.418,-10.777,7.6898,16.317,-14.48,-0.98722,1.0544,-16.375,-18.219,-8.0077,1.0767,1.3566
-21.773,-10.232,8.6067,16.127,-15.163,-0.49139,1.0582,-16.97,-18.094,-7.8199,1.0357,1.3281
-21.431,-9.7187,8.9076,15.746,-15.183,-0.21968,0.94457,-17.706,-17.901,-7.5034,1.0023,1.3253
-20.482,-9.2256,8.7017,15.189,-14.657,-0.13268,0.70264,-18.652,-17.736,-7.1798,0.93095,1.2952
-19.26,-8.6979,8.3169,14.532,-13.863,-0.09658,0.39074,-19.898,-17.817,-7.0854,0.72491,1.138
-18.167,-8.0189,8.1781,13.877,-13.092,0.094126,0.15147,-21.592,-18.535,-7.6165,0.21838,0.68952
-17.534,-7.0111,8.7071,13.298,-12.531,0.67365,0.20967,-23.966,-20.507,-9.3943,-0.81916,-0.27578
-17.651,-5.4954,10.414,12.804,-12.362,1.905,0.85453,-27.276,-24.624,-13.411,-2.6477,-2.0117
-18.98,-3.4361,13.074,12.337,-13.25,4.4494,2.4397,-31.615,-32.073,-20.795,-5.5263,-4.7728
-22.154,-1.3373,9.5956,11.802,-15.196,5.3088,4.9878,-36.663,-41.221,-19.379,-9.6697,-8.7987
-23.443,-3.4572,8.6464,11.099,-14.921,4.2584,1.6937,-41.655,-39.721,-14.794,-14.561,-13.782
-20.735,-4.7665,4.9594,10.14,-11.249,1.9217,-1.3257,-45.662,-37.58,-9.4135,-16.667,-16.685
-16.739,-6.1644,-0.64595,8.8503,-5.3608,-1.2921,-4.8863,-47.696,-37.071,-4.3495,-14.23,-15.079
-13.667,-6.9824,-4.6539,7.1507,-0.69601,-3.1731,-8.2841,-46.59,-37.627,-2.3506,-13.445,-14.102
-13.135,-5.0918,-2.5407,5.314,-1.1204,-0.70839,-8.9694,-42.583,-41.402,-6.7101,-16.955,-17.34
-17.542,1.7629,10.608,9.4257,-10.304,9.4012,-3.7741,-64.731,-57.205,-26.609,-20.683,-21.247
-30.877,15.842,38.8,12.287,-31.106,30.295,10.603,-80.048,-90.808,-70.125,-30.224,-28.536
-54.504,38.954,84.37,13.537,-65.461,64.061,37.5,-94.462,-141.99,-137,-63.155,-60.702
-87.23,71.724,147.72,13.636,-113.77,111,78.477,-108.66,-208.51,-223.78,-105.86,-102.96
-124.53,113.13,225.51,11.301,-172.44,168.85,130.36,-118.58,-283.79,-322.68,-152.38,-149.22
-160.3,160.01,309.62,4.8731,-233.32,232.97,185.45,-118.97,-355.88,-421.75,-193.48,-190.22
-188.11,208.65,388.75,-7.1972,-287.4,297.03,236.12,-103.25,-409.25,-502.85,-217.37,-214.2
-201.17,256.99,452.38,-26.09,-326.46,353.41,278.06,-64.317,-427.83,-545.15,-212.59,-209.76
-194.34,303.79,494.07,-53.179,-344.62,397.3,308.17,3.3258,-397.73,-530.73,-169.75,-167.47
-165.06,349.07,512.07,-90.548,-340.01,428.24,323.58,101.75,-309.89,-445.74,-81.475,-79.817
-112.1,395.2,506.88,-140.54,-312.06,447.91,321.7,229.65,-160.32,-279.57,58.183,59.132
-34.106,445.24,478.62,-204.82,-259.25,458.6,299.9,382.63,51.119,-25.474,253.38,253.39
69.234,500.29,427.96,-283.9,-182.01,461.4,255.4,553.78,324.34,318.6,504.97,503.75
196.5,557.57,355.31,-376.23,-81.458,454.48,185.75,736.36,661.9,752.16,808.07,805.43
344.94,609.02,256.85,-476.62,42.66,431.67,89.914,924.71,1067.6,1271.2,1149.6,1145.7
509.66,641.37,125.11,-575.9,191.31,382.31,-30.24,1113.2,1541.2,1862.3,1507.6,1502.6
681.88,639.16,-47.022,-662.04,363.55,295,-168.82,1292.7,2069,2494.7,1851.6,1846
848.25,590.82,-259.44,-722.49,552.89,164.14,-315.84,1446.4,2616,3116.1,2145.7,2140
991.74,495.01,-498.14,-747.42,743.97,-3.9554,-458.4,1547.2,3122.7,3656.6,2355,2349.6
1093.7,362.96,-733.96,-732.62,912.89,-189.16,-583.13,1561.1,3512.9,4042.6,2454,2449.5
1138.1,215.45,-929.28,-680.35,1032.8,-362,-679.23,1457.2,3711.7,4214.6,2433.3,2430.3
1116,76.036,-1050.1,-598.18,1082.2,-493.06,-740.23,1221.5,3667.7,4143.1,2300.2,2298.8
1028.7,-35.84,-1077,-496.66,1052.4,-562.57,-763.69,869.22,3369.9,3834.9,2073.5,2073.6
887.81,-108.99,-1010.4,-387.19,949.24,-565.25,-750.43,445.8,2853.8,3329.9,1776.9,1778.3
712.49,-141.42,-867.77,-280.55,790.98,-509.4,-703.81,16.595,2194.5,2692.9,1435.2,1437.6
525.01,-139.06,-677.88,-185.55,602.94,-412.57,-629.55,-351.86,1490.1,2001,1073.9,1077
346.63,-113.04,-473.13,-108.11,411.79,-296.39,-535.69,-609.38,839.6,1332.9,720.1,723.6
194.65,-75.319,-282.97,-51.219,240.75,-181.67,-432.18,-732.77,322.63,757.46,403.1,406.61
80.721,-36.044,-129.01,-14.982,106.42,-84.399,-329.93,-727.79,-15.395,324.52,150.62,153.79
9.1426,-2.4192,-22.337,2.4899,16.756,-13.436,-239.14,-624.13,-169.89,56.04,-19.949,-17.352
-22.66,21.635,32.453,5.4372,-28.232,24.662,-167.26,-465.11,-173.52,-57.38,-107.22,-105.32
-25.869,35.319,49.203,-0.83153,-38.828,38.742,-116.94,-295.28,-82.549,-52.443,-124.69,-123.54
-11.805,39.301,42.126,-10.83,-27.722,36.8,-85.572,-149.54,42.24,18.552,-96.428,-95.915
8.5295,35.859,22.828,-19.666,-7.419,25.507,-67.345,-46.404,152.92,106.3,-49.814,-49.655
24.302,29.228,3.0434,-23.869,11.046,11.965,-56.039,-2.5554,222.97,176.02,-7.5518,-7.405
28.241,21.056,-9.6914,-22.623,19.918,1.0361,-46.868,11.34,246.64,209.75,17.278,17.646
21.567,10.011,-13.89,-13.11,17.893,-5.7543,-37.785,10.546,232.54,207.77,21.736,22.06
11.499,1.2832,-11.633,-2.8507,10.036,-8.5011,-27.778,3.553,194.75,179.99,10.906,11.065
1.3098,-0.58299,-6.4658,0.98102,2.5243,-5.3071,-18.242,-2.8883,150.15,138.11,-20.714,-19.946
-3.2129,-1.4154,-2.418,3.4474,-0.93027,-3.1068,-9.5392,-4.9925,115.76,96.876,-28.287,-27.854
-6.8055,-2.1503,-0.54884,5.3439,-3.9682,-3.0918,-0.95102,-3.2239,93.243,70.484,-29.968,-29.69
-9.2015,-3.0829,0.14556,6.7824,-6.094,-3.8103,5.5019,0.48362,79.343,52.549,-28.472,-28.265
-10.31,-4.0393,-0.061275,7.7846,-6.9821,-4.6911,7.2303,6.4066,79.889,42.423,-26.022,-25.819
-10.309,-4.8437,-0.83987,8.3276,-6.772,-5.6444,8.21,9.2226,88.19,44.238,-24.251,-24.052
-9.5042,-5.5759,-1.7232,8.4575,-5.8957,-6.5401,9.7351,10.259,82.168,42.222,-23.785,-23.643
-8.4242,-6.3038,-2.2814,8.3777,-4.9218,-7.1821,11.681,10.487,72.241,35.471,-24.502,-24.488
-7.6418,-6.9141,-2.2995,8.2914,-4.3112,-7.4823,13.919,10.408,62.609,28.409,-25.957,-26.141
-7.3686,-7.2659,-1.8069,8.2466,-4.2789,-7.4913,16.223,10.362,53.165,22.844,-27.658,-28.084
-7.5395,-7.3494,-0.9872,8.2127,-4.8237,-7.3491,18.286,10.52,44.539,19.474,-29.203,-29.873
-8.0994,-7.2793,-0.084476,8.1993,-5.8091,-7.2192,19.895,10.889,38.267,17.109,-30.35,-31.237
-8.9584,-7.1983,0.65798,8.2528,-6.9865,-7.227,21.032,11.382,34.033,15.334,-31.022,-32.073
-9.8727,-7.189,1.0353,8.3844,-8.0078,-7.4201,21.81,11.888,31.056,14.08,-31.246,-32.393
-10.501,-7.2422,0.92172,8.5297,-8.521,-7.7595,22.387,12.327,28.855,13.25,-31.09,-32.253
-10.542,-7.2821,0.29813,8.5696,-8.2775,-8.146,22.887,12.675,27.189,12.746,-30.619,-31.717
-9.8221,-7.2203,-0.75138,8.3886,-7.1876,-8.4705,23.373,12.96,25.97,12.497,-29.893,-30.852
-8.3568,-7.0053,-2.0649,7.9332,-5.3612,-8.6666,23.844,13.237,25.177,12.454,-28.973,-29.736
-6.3812,-6.6453,-3.4368,7.2436,-3.1191,-8.7342,24.26,13.565,24.785,12.577,-27.931,-28.471
-4.313,-6.2,-4.6485,6.4478,-0.92149,-8.72,24.586,13.979,24.728,12.818,-26.839,-27.169
-2.6108,-5.7526,-5.4959,5.7183,0.7735,-8.6688,24.818,14.479,24.897,13.126,-25.753,-25.926
-1.6287,-5.3776,-5.8139,5.2137,1.6234,-8.5874,24.995,15.03,25.159,13.455,-24.695,-24.795
-1.5565,-5.1136,-5.5023,5.0281,1.4537,-8.4444,25.177,15.58,25.401,13.784,-23.655,-23.772
-2.3926,-4.9497,-4.5657,5.1638,0.29263,-8.1979,25.42,16.088,25.571,14.116,-22.613,-22.82
-3.9097,-4.8327,-3.1449,5.5314,-1.6081,-7.8253,25.747,16.543,25.688,14.472,-21.559,-21.892
-5.684,-4.6958,-1.5011,5.9763,-3.8119,-7.3405,26.142,16.967,25.816,14.868,-20.513,-20.966
-7.2285,-4.4915,0.05492,6.3287,-5.8172,-6.7938,26.555,17.398,26.025,15.306,-19.517,-20.047
-8.1672,-4.2129,1.2626,6.4644,-7.2132,-6.2564,26.926,17.858,26.352,15.765,-18.62,-19.161
-8.3547,-3.8963,1.9991,6.3487,-7.8015,-5.7967,27.212,18.356,26.8,16.222,-17.85,-18.332
-7.8948,-3.6046,2.3072,6.0446,-7.6537,-5.4596,27.404,18.879,27.339,16.658,-17.199,-17.565
-7.0818,-3.4014,2.3471,5.6841,-7.0637,-5.2567,27.526,19.412,27.929,17.073,-16.624,-16.838
-6.2881,-3.3251,2.3088,5.4148,-6.403,-5.1676,27.623,19.94,28.531,17.49,-16.061,-16.108
-5.8185,-3.3742,2.3349,5.3396,-5.9646,-5.1524,27.74,20.45,29.12,17.94,-15.455,-15.341
-5.7997,-3.5098,2.4749,5.4771,-5.8744,-5.1733,27.908,20.935,29.684,18.453,-14.785,-14.523
-6.1656,-3.6761,2.6795,5.764,-6.0857,-5.2143,28.129,21.381,30.22,19.037,-14.078,-13.683
-6.7131,-3.8234,2.8281,6.0899,-6.4299,-5.2914,28.369,21.765,30.716,19.669,-13.398,-12.885
-7.1871,-3.9232,2.7761,6.3398,-6.6904,-5.4417,28.575,22.056,31.14,20.306,-12.82,-12.206
-7.3757,-3.9682,2.4196,6.4292,-6.6804,-5.6971,28.684,22.221,31.45,20.903,-12.402,-11.707
-7.186,-3.9618,1.7585,6.3245,-6.3143,-6.0568,28.649,22.235,31.616,21.44,-12.162,-11.412
-6.664,-3.9054,0.9185,6.0417,-5.6508,-6.4752,28.457,22.094,31.656,21.941,-12.072,-11.294
-5.951,-3.7924,0.10422,5.6311,-4.8717,-6.8727,28.132,21.818,31.646,22.466,-12.06,-11.275
-5.2122,-3.6144,-0.4904,5.1567,-4.1903,-7.1658,27.726,21.46,31.715,23.097,-12.036,-11.248
-4.5737,-3.371,-0.76378,4.6762,-3.7502,-7.3013,27.301,21.095,32.018,23.917,-11.916,-11.108
-4.0797,-3.0724,-0.74155,4.2246,-3.5681,-7.2754,26.91,20.812,32.703,24.995,-11.644,-10.785
-3.6817,-2.7301,-0.5552,3.8035,-3.5367,-7.1264,26.587,20.691,33.891,26.388,-11.212,-10.258
-3.2614,-2.346,-0.38478,3.383,-3.4726,-6.9097,26.337,20.792,35.658,28.129,-10.647,-9.5601
-2.6811,-1.9126,-0.3922,2.9169,-3.1868,-6.6722,26.146,21.142,38.02,30.224,-9.9925,-8.7527
-1.8516,-1.4244,-0.66155,2.3694,-2.5598,-6.4349,25.983,21.732,40.924,32.636,-9.29,-7.9046
-0.78842,-0.88845,-1.1619,1.738,-1.598,-6.1887,25.818,22.523,44.248,35.283,-8.5601,-7.0658
0.37672,-0.32459,-1.7502,1.0577,-0.44697,-5.9017,25.64,23.472,47.842,38.048,-7.8032,-6.2581
1.4407,0.2446,-2.2168,0.3855,0.64917,-5.535,25.461,24.574,51.581,40.817,-7.0102,-5.4787
2.2019,0.80629,-2.355,-0.22624,1.4258,-5.0595,25.311,25.874,55.395,43.507,-6.1769,-4.7142
2.525,1.3651,-2.0263,-0.7505,1.6826,-4.4637,25.223,27.458,59.269,46.085,-5.3109,-3.9538
2.3794,1.9448,-1.1995,-1.1973,1.3413,-3.7527,25.212,29.415,63.204,48.576,-4.4292,-3.1952
1.8466,2.5843,0.0479,-1.6133,0.45873,-2.9443,25.275,31.808,67.193,51.071,-3.5479,-2.4415
1.0992,3.3287,1.5655,-2.0678,-0.79886,-2.0655,25.384,34.653,71.225,53.725,-2.6724,-1.6952
0.35731,4.2135,3.1774,-2.63,-2.1982,-1.1512,25.496,37.907,75.284,56.715,-1.7954,-0.95322
-0.16838,5.2447,4.7231,-3.3432,-3.4909,-0.2392,25.571,41.474,79.356,60.16,-0.90066,-0.20561
-0.3312,6.3949,6.0883,-4.2089,-4.4704,0.63994,25.582,45.228,83.418,64.048,0.031058,0.56485
-0.081017,7.6271,7.2235,-5.1875,-5.0166,1.4729,25.536,49.061,87.448,68.21,1.0196,1.3827
0.53806,8.9408,8.1406,-6.2209,-5.1081,2.2638,25.47,52.927,91.426,72.393,2.0834,2.2773
1.4226,10.401,8.8836,-7.2678,-4.7995,3.0234,25.425,56.84,95.349,76.382,3.2335,3.2735
2.4542,12.124,9.4929,-8.3332,-4.1903,3.7571,25.424,60.813,99.217,80.07,4.4642,4.376
3.529,14.227,9.9826,-9.4761,-3.4045,4.4617,25.445,64.791,103.01,83.454,5.7471,5.5603
4.5704,16.744,10.343,-10.8,-2.5751,5.1287,25.427,68.623,106.68,86.601,7.0371,6.7774
5.5377,19.594,10.566,-12.43,-1.8288,5.7482,25.29,72.116,110.15,89.6,8.2905,7.9734
6.4293,22.605,10.692,-14.471,-1.2801,6.3196,24.962,75.128,113.35,92.541,9.4871,9.113
7.2776,25.607,10.814,-16.945,-1.0322,6.8705,24.41,77.639,116.27,95.496,10.644,10.195
8.1294,28.458,11.051,-19.719,-1.1495,7.4589,23.643,79.763,118.95,98.505,11.81,11.25
9.0072,31.058,11.479,-22.537,-1.6076,8.1471,22.709,81.692,121.47,101.58,13.052,12.333
9.8997,33.356,12.089,-25.153,-2.2691,8.9672,21.675,83.597,123.91,104.72,14.433,13.501
10.833,35.361,12.778,-27.468,-2.9103,9.9022,20.601,85.556,126.34,107.94,15.999,14.804
11.958,37.145,13.384,-29.546,-3.2814,10.89,19.525,87.537,128.78,111.23,17.773,16.275
13.533,38.818,13.732,-31.539,-3.1799,11.845,18.456,89.44,131.19,114.63,19.768,17.937
15.796,40.507,13.702,-33.577,-2.5222,12.699,17.384,91.169,133.56,118.15,21.988,19.808
18.813,42.324,13.295,-35.693,-1.3866,13.449,16.296,92.683,135.9,121.83,24.443,21.917
22.384,44.346,12.655,-37.839,0.0046159,14.187,15.194,94.027,138.27,125.68,27.158,24.305
26.038,46.614,12.027,-39.947,1.3572,15.107,14.106,95.316,140.79,129.72,30.178,27.033
29.18,49.137,11.657,-41.955,2.4005,16.451,13.077,96.694,143.56,133.97,33.569,30.17
31.347,51.877,11.699,-43.799,2.9762,18.426,12.154,98.28,146.63,138.47,37.402,33.781
32.432,54.743,12.165,-45.426,3.1087,21.052,11.36,100.12,150,143.24,41.732,37.906
32.742,57.639,12.931,-46.836,3.015,24.065,10.683,102.16,153.61,148.25,46.584,42.549
32.89,60.516,13.778,-48.113,3.0055,27.06,10.084,104.34,157.38,153.52,51.939,47.685
33.485,63.385,14.509,-49.401,3.3161,29.778,9.5269,106.54,161.26,159.05,57.753,53.288
34.825,66.292,15.076,-50.84,3.9926,32.239,8.9987,108.73,165.24,164.93,63.969,59.346
36.835,69.253,15.634,-52.54,4.8744,34.639,8.5116,110.89,169.36,171.29,70.519,65.851
39.199,72.222,16.449,-54.604,5.6448,37.19,8.0763,113.03,173.65,178.16,77.311,72.748
41.504,75.107,17.728,-57.143,5.9331,39.979,7.6721,115.11,178.1,185.47,84.216,79.895
43.421,77.841,19.491,-60.186,5.469,42.933,7.2373,117.09,182.65,193.01,91.087,87.084
44.901,80.426,21.57,-63.524,4.2148,45.893,6.6927,118.89,187.19,200.54,97.806,94.123
46.235,82.924,23.702,-66.788,2.3901,48.725,5.9827,120.44,191.62,207.88,104.33,100.92
47.803,85.434,25.628,-69.74,0.40985,51.369,5.1022,121.71,195.9,215,110.72,107.49
49.779,88.091,27.16,-72.4,-1.2018,53.83,4.0912,122.73,200.06,221.97,117.09,113.97
52.229,91.04,28.167,-75.013,-1.915,56.149,3.0036,123.57,204.21,228.91,123.57,120.53
55.443,94.38,28.577,-77.938,-1.3402,58.374,1.8771,124.3,208.5,235.98,130.23,127.27
59.727,98.113,28.389,-81.433,0.61872,60.523,0.71675,124.98,213.05,243.3,137.03,134.21
64.975,102.15,27.666,-85.468,3.7372,62.552,-0.50928,125.63,217.89,250.87,143.87,141.24
70.744,106.33,26.51,-89.795,7.6464,64.348,-1.8646,126.22,222.93,258.63,150.66,148.22
76.602,110.5,25.03,-94.169,12.044,65.778,-3.4277,126.7,228,266.41,157.27,155.04
82.325,114.51,23.332,-98.482,16.761,66.786,-5.2643,127.02,232.83,274.13,163.67,161.64
87.882,118.31,21.512,-102.76,21.676,67.422,-7.4001,127.17,237.29,281.82,169.85,168.02
93.245,121.92,19.692,-107.07,26.518,67.807,-9.813,127.2,241.36,289.65,175.87,174.26
98.211,125.39,18.041,-111.37,30.848,68.069,-12.451,127.18,245.16,297.81,181.8,180.48
102.53,128.75,16.701,-115.49,34.403,68.315,-15.264,127.19,248.81,306.38,187.71,186.75
106.21,131.95,15.689,-119.32,37.261,68.616,-18.232,127.25,252.41,315.25,193.62,193.08
109.62,134.88,14.893,-122.92,39.589,68.987,-21.377,127.37,255.95,324.18,199.47,199.41
113.09,137.39,14.151,-126.39,41.47,69.394,-24.749,127.5,259.36,332.89,205.19,205.58
116.62,139.38,13.337,-129.64,43.09,69.776,-28.4,127.63,262.6,341.21,210.74,211.47
119.95,140.86,12.408,-132.47,44.847,70.08,-32.352,127.77,265.63,349.1,216.09,217
123.04,141.94,11.386,-134.74,47.048,70.277,-36.578,127.92,268.5,356.61,221.27,222.18
125.96,142.77,10.303,-136.52,49.687,70.353,-40.99,128.11,271.27,363.85,226.31,227.08
128.78,143.44,9.1538,-137.95,52.584,70.302,-45.426,128.33,274,370.87,231.2,231.75
131.47,144,7.9009,-139.12,55.582,70.127,-49.688,128.51,276.65,377.69,235.91,236.2
134.04,144.46,6.5003,-140.1,58.599,69.837,-53.636,128.57,279.18,384.19,240.34,240.35
136.49,144.8,4.9412,-140.94,61.592,69.439,-57.276,128.41,281.48,390.24,244.4,244.14
138.84,145.04,3.2677,-141.68,64.514,68.945,-60.737,127.94,283.49,395.74,248.04,247.51
141.12,145.22,1.5765,-142.41,67.288,68.366,-64.193,127.12,285.19,400.7,251.29,250.47
143.35,145.39,-0.0098806,-143.19,69.828,67.718,-67.798,125.91,286.58,405.17,254.17,253.07
145.49,145.56,-1.3857,-144.09,72.059,67,-71.644,124.31,287.7,409.19,256.77,255.37
147.46,145.7,-2.503,-145.08,73.941,66.183,-75.743,122.33,288.56,412.74,259.12,257.43
149.17,145.76,-3.3913,-146.07,75.481,65.211,-80.03,119.97,289.19,415.8,261.26,259.3
150.53,145.66,-4.1507,-146.92,76.739,64.033,-84.397,117.19,289.6,418.33,263.16,260.97
151.54,145.34,-4.9204,-147.51,77.805,62.639,-88.743,113.98,289.79,420.37,264.76,262.44
152.24,144.81,-5.8324,-147.83,78.753,61.054,-93,110.31,289.74,421.95,266.02,263.64
152.69,144.14,-6.9615,-147.9,79.614,59.314,-97.149,106.2,289.48,423.13,266.9,264.52
152.91,143.31,-8.2913,-147.72,80.367,57.437,-101.2,101.68,289.02,423.96,267.41,265.04
152.89,142.23,-9.7192,-147.27,80.952,55.42,-105.15,96.737,288.39,424.47,267.55,265.18
152.58,140.75,-11.11,-146.51,81.308,53.24,-108.98,91.304,287.61,424.67,267.36,264.95
152,138.74,-12.372,-145.46,81.429,50.855,-112.62,85.233,286.68,424.53,266.86,264.36
151.24,136.13,-13.505,-144.16,81.378,48.204,-115.97,78.355,285.52,424,266.03,263.45
150.37,132.99,-14.578,-142.65,81.27,45.25,-118.96,70.583,284.04,423.07,264.85,262.21
149.48,129.6,-15.671,-140.97,81.206,42.019,-121.54,62.064,282.14,421.68,263.27,260.65
148.59,126.21,-16.82,-139.18,81.227,38.63,-123.7,53.225,279.69,419.76,261.24,258.75
147.68,122.88,-18,-137.27,81.299,35.258,-125.47,44.579,276.54,417.11,258.69,256.47
146.67,119.43,-19.147,-135.16,81.349,32.013,-126.93,36.462,272.54,413.41,255.55,253.71
145.44,115.57,-20.205,-132.72,81.292,28.833,-128.13,28.962,267.55,408.28,251.75,250.38
143.81,111.04,-21.177,-129.78,81.07,25.548,-129.11,22.029,261.5,401.42,247.23,246.37
141.63,105.74,-22.116,-126.15,80.675,22.079,-129.87,15.569,254.4,392.72,241.92,241.55
138.78,99.943,-23.094,-121.73,80.147,18.541,-130.36,9.4613,246.29,382.21,235.77,235.82
135.18,94.175,-24.167,-116.54,79.549,15.158,-130.5,3.5129,237.16,369.98,228.7,229.04
130.92,88.774,-25.348,-110.84,78.934,12.104,-130.27,-2.5732,227.02,356.06,220.71,221.17
126.31,83.725,-26.589,-105.05,78.296,9.4323,-129.65,-9.1731,215.95,340.61,211.91,212.27
121.76,78.92,-27.786,-99.609,77.543,7.1048,-128.68,-16.588,204.22,324.07,202.49,202.57
117.43,74.291,-28.804,-94.692,76.5,5.0451,-127.4,-24.786,192.32,307.15,192.7,192.36
113.04,69.734,-29.511,-90.099,74.981,3.1824,-125.82,-33.284,180.66,290.55,182.7,181.93
108.18,65.055,-29.828,-85.429,72.854,1.4747,-123.9,-41.453,169.31,274.53,172.56,171.42
102.51,59.985,-29.752,-80.279,70.061,-0.10084,-121.59,-48.926,157.93,258.94,162.22,160.83
95.984,54.309,-29.356,-74.444,66.638,-1.5819,-118.83,-55.657,146,243.33,151.57,150.08
88.877,48.036,-28.746,-68.081,62.724,-3.0278,-115.59,-61.742,133.04,227.17,140.54,139.04
81.667,41.488,-28.01,-61.654,58.533,-4.4711,-111.91,-67.282,118.96,210.07,129.13,127.68
74.725,35.128,-27.192,-55.624,54.278,-5.8725,-107.89,-72.349,104.35,191.97,117.44,116.08
68.181,29.27,-26.291,-50.212,50.089,-7.1428,-103.67,-76.97,90.284,173.2,105.57,104.36
62.041,23.952,-25.283,-45.412,45.998,-8.2073,-99.359,-81.124,77.521,154.37,93.628,92.65
56.38,19.061,-24.16,-41.149,42.005,-9.0472,-95.01,-84.762,66.014,136.09,81.699,81
51.362,14.488,-22.959,-37.344,38.209,-9.6947,-90.605,-87.844,55.249,118.68,69.832,69.414
47.031,10.253,-21.747,-33.857,34.806,-10.199,-86.101,-90.36,44.75,101.96,58.117,57.957
43.116,6.6141,-20.559,-30.371,31.825,-10.593,-81.467,-92.335,34.352,85.263,46.804,46.874
39.098,3.933,-19.349,-26.404,28.857,-10.875,-76.704,-93.816,24.325,68.464,36.358,36.611
34.465,2.2628,-18.032,-21.573,25.297,-11.032,-71.868,-94.865,15.409,52.984,27.289,27.63
29.048,1.2793,-16.536,-16.182,21.058,-11.055,-67.061,-95.546,8.3529,40.09,19.84,20.166
23.259,0.61637,-14.851,-11.294,16.7,-10.964,-62.375,-95.925,3.1088,29.363,13.894,14.135
17.771,0.051267,-13.016,-7.6302,12.681,-10.8,-57.845,-96.053,-1.0182,20.028,9.1336,9.2705
12.913,-0.51938,-11.106,-5.0277,9.0689,-10.612,-53.442,-95.96,-4.6526,12.408,5.229,5.2745
8.6682,-1.14,-9.2128,-3.039,5.8257,-10.439,-49.098,-95.652,-8.0988,6.9492,1.9252,1.9068
4.9732,-1.8242,-7.425,-1.3613,2.9791,-10.295,-44.76,-95.118,-11.42,2.9713,-0.94626,-0.99788
1.8551,-2.5633,-5.8285,0.12589,0.62266,-10.175,-40.443,-94.35,-14.556,-0.38965,-3.4864,-3.5445
-0.57079,-3.3335,-4.509,1.4299,-1.1319,-10.065,-36.254,-93.361,-17.426,-3.5542,-5.7562,-5.8037
-2.1669,-4.1064,-3.5463,2.513,-2.1912,-9.9555,-32.343,-92.191,-19.998,-6.6461,-7.7977,-7.8313
-2.8769,-4.8612,-2.9874,3.3454,-2.5151,-9.856,-28.821,-90.892,-22.291,-9.6577,-9.645,-9.6744
-2.8311,-5.5913,-2.81,3.9435,-2.184,-9.7901,-25.72,-89.511,-24.339,-12.52,-11.327,-11.369
-2.3664,-6.3077,-2.9067,4.3827,-1.4512,-9.7916,-23.019,-88.077,-26.154,-15.146,-12.871,-12.94
-1.91,-7.0375,-3.1088,4.7774,-0.68474,-9.8931,-20.681,-86.614,-27.728,-17.471,-14.311,-14.413
-1.8083,-7.8147,-3.2368,5.2396,-0.23095,-10.11,-18.666,-85.161,-29.054,-19.497,-15.69,-15.817
-2.2419,-8.6645,-3.1407,5.8421,-0.32492,-10.43,-16.932,-83.781,-30.151,-21.296,-17.046,-17.186
-3.2556,-9.5861,-2.7141,6.6042,-1.0818,-10.806,-15.433,-82.542,-31.069,-22.984,-18.411,-18.552
-4.8033,-10.542,-1.9127,7.494,-2.5017,-11.174,-14.126,-81.48,-31.877,-24.68,-19.794,-19.936
-6.7334,-11.466,-0.7909,8.4368,-4.4442,-11.474,-12.977,-80.575,-32.63,-26.465,-21.187,-21.345
-8.7666,-12.284,0.47344,9.3279,-6.6046,-11.679,-11.969,-79.757,-33.366,-28.365,-22.569,-22.773
-10.54,-12.949,1.6031,10.059,-8.5572,-11.817,-11.092,-78.938,-34.094,-30.343,-23.915,-24.198
-11.712,-13.461,2.2928,10.55,-9.8743,-11.97,-10.337,-78.043,-34.792,-32.303,-25.194,-25.581
-12.071,-13.864,2.3074,10.778,-10.259,-12.232,-9.6784,-77.015,-35.401,-34.097,-26.367,-26.864
-11.595,-14.217,1.5645,10.778,-9.631,-12.671,-9.077,-75.808,-35.825,-35.561,-27.385,-27.976
-10.457,-14.569,0.16424,10.63,-8.1341,-13.289,-8.4895,-74.387,-35.958,-36.57,-28.206,-28.863
-8.9542,-14.939,-1.6492,10.429,-6.0894,-14.025,-7.8883,-72.734,-35.734,-37.09,-28.816,-29.515
-7.4084,-15.312,-3.5726,10.244,-3.8942,-14.783,-7.2734,-70.866,-35.166,-37.194,-29.252,-29.98
-6.0622,-15.651,-5.3365,10.093,-1.9049,-15.471,-6.6678,-68.83,-34.344,-37.037,-29.593,-30.356
-5.0276,-15.904,-6.7594,9.9444,-0.35589,-16.022,-6.0991,-66.676,-33.39,-36.792,-29.936,-30.748
-4.31,-16.025,-7.7457,9.7408,0.64264,-16.396,-5.5805,-64.433,-32.407,-36.594,-30.358,-31.229
-3.8722,-15.991,-8.2613,9.4486,1.0628,-16.581,-5.1036,-62.104,-31.445,-36.495,-30.887,-31.816
-3.6828,-15.818,-8.3383,9.0855,0.95573,-16.588,-4.6447,-59.681,-30.505,-36.474,-31.496,-32.468
-3.7109,-15.558,-8.0958,8.711,0.47311,-16.454,-4.1797,-57.174,-29.567,-36.471,-32.126,-33.112
-3.8914,-15.276,-7.7173,8.3879,-0.16251,-16.242,-3.6949,-54.611,-28.619,-36.419,-32.707,-33.671
-4.1138,-15.018,-7.3867,8.1472,-0.7297,-16.022,-3.1876,-52.021,-27.656,-36.265,-33.177,-34.082
-4.2575,-14.795,-7.2229,7.9799,-1.0675,-15.844,-2.6594,-49.388,-26.665,-35.97,-33.49,-34.3
-4.2421,-14.594,-7.2448,7.8543,-1.1096,-15.715,-2.112,-46.633,-25.621,-35.503,-33.619,-34.308
-4.056,-14.391,-7.3777,7.7394,-0.89444,-15.602,-1.547,-43.637,-24.485,-34.847,-33.563,-34.115
-3.7537,-14.177,-7.4942,7.6195,-0.54303,-15.458,-0.96977,-40.285,-23.236,-33.99,-33.34,-33.759
-3.43,-13.966,-7.4695,7.496,-0.21051,-15.252,-0.39094,-36.518,-21.884,-32.936,-32.987,-33.295
-3.1859,-13.785,-7.2263,7.3822,-0.034224,-14.983,0.17394,-32.372,-20.462,-31.704,-32.549,-32.783
-3.0995,-13.658,-6.7533,7.2959,-0.097321,-14.673,0.70646,-27.99,-19.011,-30.328,-32.073,-32.274
-3.2066,-13.594,-6.0985,7.2519,-0.4127,-14.349,1.187,-23.611,-17.571,-28.861,-31.601,-31.804
-3.4932,-13.582,-5.3574,7.2559,-0.92379,-14.044,1.5951,-19.506,-16.178,-27.381,-31.171,-31.397
-3.9001,-13.602,-4.6604,7.3023,-1.5189,-13.796,1.9106,-15.88,-14.873,-25.986,-30.82,-31.073
-4.3397,-13.643,-4.1518,7.3755,-2.0592,-13.653,2.1226,-12.805,-13.693,-24.764,-30.574,-30.844
-4.7229,-13.694,-3.9504,7.4543,-2.419,-13.656,2.2426,-10.212,-12.654,-23.749,-30.435,-30.701
-4.9849,-13.746,-4.104,7.518,-2.5245,-13.813,2.3112,-7.9533,-11.735,-22.911,-30.372,-30.608
-5.0979,-13.777,-4.5665,7.5507,-2.3741,-14.082,2.386,-5.8896,-10.887,-22.162,-30.321,-30.502
-5.0667,-13.761,-5.2142,7.5422,-2.0295,-14.386,2.5197,-3.9448,-10.06,-21.39,-30.202,-30.306
-4.9127,-13.674,-5.8946,7.4853,-1.5826,-14.631,2.7394,-2.112,-9.2178,-20.499,-29.952,-29.96
-4.6527,-13.501,-6.4863,7.3724,-1.1092,-14.746,3.039,-0.41591,-8.3418,-19.425,-29.533,-29.43
-4.2829,-13.241,-6.937,7.1915,-0.63542,-14.702,3.3849,1.1298,-7.4183,-18.13,-28.946,-28.723
-3.7757,-12.904,-7.2617,6.9283,-0.13469,-14.513,3.734,2.543,-6.4187,-16.615,-28.215,-27.874
-3.0985,-12.513,-7.5112,6.5738,0.44026,-14.219,4.0538,3.8681,-5.3121,-14.911,-27.374,-26.93
-2.2478,-12.096,-7.7344,6.1351,1.1118,-13.87,4.3355,5.1575,-4.0836,-13.079,-26.45,-25.939
-1.279,-11.682,-7.9439,5.6417,1.8421,-13.507,4.5926,6.4522,-2.7535,-11.198,-25.465,-24.938
-0.31351,-11.289,-8.0964,5.1415,2.5263,-13.148,4.8477,7.7694,-1.3674,-9.3524,-24.442,-23.955
0.48623,-10.909,-8.0939,4.6883,3.0138,-12.777,5.1241,9.102,0.016942,-7.5997,-23.403,-22.999
0.95999,-10.509,-7.8106,4.3285,3.1507,-12.337,5.4402,10.424,1.3555,-5.965,-22.364,-22.057
0.99297,-10.049,-7.1451,4.0947,2.8322,-11.765,5.8087,11.7,2.6287,-4.4385,-21.335,-21.1
0.55172,-9.5099,-6.0828,4.0047,2.0499,-11.033,6.233,12.89,3.8341,-2.9922,-20.318,-20.1
-0.29228,-8.9177,-4.7358,4.0569,0.91418,-10.181,6.7028,13.951,4.9756,-1.6036,-19.309,-19.047
-1.3688,-8.3367,-3.3268,4.224,-0.36327,-9.3152,7.1912,14.841,6.052,-0.26955,-18.309,-17.956
-2.4535,-7.8402,-2.1156,4.4536,-1.5276,-8.5638,7.6655,15.526,7.0527,0.99707,-17.317,-16.858
-3.3364,-7.4741,-1.2961,4.6798,-2.3633,-8.0195,8.1041,15.994,7.9642,2.1815,-16.331,-15.783
-3.8829,-7.2359,-0.9207,4.8422,-2.7688,-7.7005,8.5015,16.242,8.7752,3.2778,-15.345,-14.744
-4.0656,-7.0832,-0.89033,4.9051,-2.7854,-7.55,8.8608,16.28,9.4807,4.2862,-14.361,-13.746
-3.9589,-6.9598,-1.0116,4.8681,-2.5634,-7.467,9.1815,16.123,10.083,5.2088,-13.389,-12.785
-3.6983,-6.8182,-1.0851,4.7634,-2.2869,-7.347,9.4546,15.795,10.592,6.0407,-12.443,-11.857
-3.417,-6.6279,-0.9803,4.6364,-2.0913,-7.1123,9.6724,15.329,11.025,6.7706,-11.539,-10.956
-3.1849,-6.3722,-0.67591,4.5211,-2.0065,-6.7326,9.8401,14.775,11.403,7.3891,-10.677,-10.079
-2.984,-6.0442,-0.25523,4.4199,-1.9505,-6.2304,9.9747,14.187,11.745,7.8999,-9.8485,-9.2193
-2.7313,-5.6467,0.13807,4.3038,-1.7839,-5.6707,10.094,13.62,12.063,8.3187,-9.0411,-8.3794
-2.3359,-5.189,0.35717,4.1276,-1.3928,-5.1362,10.202,13.108,12.345,8.6747,-8.2521,-7.574
-1.7603,-4.6875,0.30728,3.856,-0.75038,-4.6939,10.277,12.661,12.564,8.9971,-7.4899,-6.8263
-1.0678,-4.1669,0.005702,3.4875,0.047257,-4.3711,10.277,12.267,12.686,9.3013,-6.7794,-6.1679
-0.42784,-3.6537,-0.37495,3.0611,0.77142,-4.135,10.155,11.909,12.685,9.5843,-6.15,-5.6232
-0.059205,-3.1643,-0.54158,2.643,1.1101,-3.9022,9.8813,11.582,12.558,9.8314,-5.6236,-5.1982
-0.13774,-2.6985,-0.20761,2.2978,0.79584,-3.5701,9.457,11.297,12.329,10.029,-5.2069,-4.8774
-0.71421,-2.2403,0.76359,2.0609,-0.25782,-3.0643,8.9107,11.07,12.044,10.18,-4.8864,-4.6282
-1.675,-1.7662,2.2872,1.9227,-1.8874,-2.3693,8.2907,10.909,11.758,10.301,-4.6299,-4.41
-2.7577,-1.259,4.073,1.8291,-3.7098,-1.5324,7.6534,10.805,11.517,10.428,-4.3905,-4.1807
-3.6092,-0.71862,5.6993,1.6982,-5.2324,-0.64824,7.0514,10.734,11.351,10.602,-4.1177,-3.9025
-3.877,-0.16843,6.7545,1.4502,-5.9812,0.162,6.5263,10.661,11.268,10.852,-3.7718,-3.5495
-3.3311,0.34543,6.9714,1.0435,-5.6177,0.77644,6.0959,10.551,11.244,11.18,-3.3349,-3.1133
-1.9725,0.76399,6.2845,0.50002,-4.0653,1.1055,5.7483,10.37,11.231,11.55,-2.8249,-2.6153
-0.068421,1.0347,4.8603,-0.093254,-1.6163,1.1203,5.4511,10.104,11.166,11.904,-2.2851,-2.0965
1.9159,1.1342,3.1052,-0.61509,1.102,0.8858,5.1676,9.7592,11.005,12.183,-1.7631,-1.5978
3.4799,1.0876,1.5584,-0.95926,3.3588,0.55846,4.8727,9.3563,10.733,12.351,-1.2987,-1.1508
4.2602,0.97185,0.68732,-1.0784,4.5935,0.33041,4.5589,8.9232,10.366,12.412,-0.9107,-0.76748
4.1146,0.88967,0.745,-0.99876,4.5445,0.35031,4.2315,8.4801,9.9379,12.392,-0.59853,-0.44487
3.1176,0.92201,1.7189,-0.80181,3.2475,0.67151,3.8972,8.0319,9.4718,12.322,-0.35139,-0.17719
1.5295,1.0911,3.3513,-0.58477,1.0033,1.2351,3.5602,7.5755,8.9739,12.216,-0.16104,0.032074
-0.25569,1.3518,5.1962,-0.4201,-1.6508,1.8923,3.2238,7.0984,8.4368,12.068,-0.015498,0.17988
-1.8143,1.6104,6.7319,-0.32705,-4.0508,2.4571,2.8984,6.6044,7.8571,11.865,0.10298,0.27102
-2.8246,1.7621,7.5467,-0.26953,-5.627,2.7677,2.6056,6.1154,7.252,11.61,0.22007,0.32567
-3.1486,1.7327,7.4714,-0.19003,-6.0859,2.7411,2.3745,5.6693,6.6632,11.324,0.37268,0.38601
-2.8063,1.5139,6.6006,-0.061733,-5.4439,2.4027,2.232,5.3143,6.1472,11.049,0.59479,0.50109
-1.901,1.1711,5.221,0.083112,-3.9351,1.8811,2.1917,5.0858,5.7553,10.83,0.90373,0.70759
-0.6125,0.81635,3.6927,0.18032,-1.9209,1.35,2.2475,4.9946,5.5123,10.696,1.2908,1.0134
0.77439,0.55953,2.3438,0.18314,0.15078,0.95096,2.3692,5.0206,5.404,10.643,1.7205,1.3924
1.9455,0.46069,1.3936,0.086794,1.8424,0.74666,2.5057,5.1226,5.3785,10.632,2.1392,1.7922
2.6869,0.50672,0.90951,-0.073354,2.8802,0.71738,2.5945,5.257,5.3627,10.596,2.4908,2.1517
2.9036,0.62438,0.81195,-0.23186,3.1866,0.78427,2.5813,5.3954,5.2902,10.477,2.7335,2.4205
2.5627,0.72252,0.95274,-0.31053,2.7818,0.85322,2.4423,5.5321,5.1287,10.254,2.855,2.5762
1.693,0.73636,1.235,-0.24627,1.7483,0.87141,2.1968,5.6796,4.8941,9.9598,2.8741,2.6283
0.43277,0.65256,1.6381,-0.02247,0.28219,0.84592,1.8973,5.8578,4.6428,9.6658,2.8392,2.6187
-0.96576,0.51285,2.1529,0.3141,-1.3165,0.82751,1.6058,6.0746,4.4424,9.4461,2.8067,2.6005
-2.1901,0.39922,2.7303,0.65707,-2.7213,0.88055,1.3692,6.3157,4.3371,9.3416,2.8192,2.6165
-2.9313,0.39953,3.2752,0.87002,-3.6486,1.0504,1.2058,6.5431,4.3248,9.3447,2.8907,2.683
-2.9566,0.56646,3.6697,0.83813,-3.9012,1.3341,1.1059,6.7072,4.3607,9.4088,3.0054,2.7894
-2.1988,0.89223,3.8142,0.52149,-3.4121,1.6803,1.0426,6.7679,4.3842,9.478,3.1325,2.9113
-0.80994,1.3118,3.6726,-0.017966,-2.284,2.0131,0.98799,6.7116,4.3513,9.5171,3.2433,3.028
0.86377,1.728,3.2922,-0.63422,-0.79145,2.2648,0.92359,6.5521,4.2514,9.5178,3.3255,3.136
2.3896,2.0458,2.7891,-1.1544,0.68872,2.3943,0.84109,6.3238,4.1002,9.4895,3.3753,3.2394
3.399,2.2014,2.3112,-1.4454,1.7948,2.3955,0.73511,6.0583,3.9195,9.4387,3.3921,3.3421
3.6923,2.1785,1.996,-1.4553,2.283,2.2965,0.59787,5.7752,3.721,9.3591,3.3722,3.4388
3.2501,2.0063,1.9357,-1.2111,2.0672,2.1508,0.42225,5.4804,3.5012,9.2332,3.309,3.5132
2.1996,1.7413,2.1508,-0.78823,1.2148,2.0152,0.20905,5.1701,3.2483,9.039,3.1974,3.5437
0.79293,1.445,2.576,-0.27786,-0.063863,1.9233,-0.030362,4.8386,2.9475,8.7539,3.0349,3.5089
-0.63703,1.1704,3.0689,0.23115,-1.4471,1.8701,-0.28025,4.479,2.5871,8.3573,2.8207,3.3921
-1.7616,0.95606,3.4499,0.65845,-2.582,1.8193,-0.52742,4.0871,2.1621,7.8387,2.5552,3.1856
-2.3439,0.81708,3.5635,0.93624,-3.1884,1.729,-0.76489,3.6665,1.6803,7.2042,2.2452,2.8965
-2.2843,0.7418,3.3278,1.0226,-3.1299,1.5751,-0.98867,3.2323,1.1648,6.4826,1.91,2.551
-1.6288,0.7033,2.7492,0.92436,-2.428,1.357,-1.1932,2.8075,0.64821,5.7202,1.5803,2.1913
-0.56492,0.672,1.9072,0.7081,-1.2394,1.087,-1.3706,2.4155,0.16433,4.9666,1.2876,1.8625
0.61527,0.61984,0.92712,0.47926,0.18199,0.77946,-1.5134,2.0728,-0.2622,4.2593,1.0513,1.5983
1.605,0.52422,-0.045516,0.33825,1.5384,0.45063,-1.6173,1.7864,-0.62077,3.6218,0.87257,1.4109
2.1814,0.37534,-0.86817,0.34371,2.5627,0.12513,-1.6821,1.5529,-0.91426,3.0626,0.73699,1.2907
2.249,0.18259,-1.4228,0.50227,3.0826,-0.15937,-1.7137,1.3591,-1.1563,2.5705,0.62143,1.2115
1.8319,-0.023717,-1.6375,0.77497,3.046,-0.35765,-1.7243,1.1833,-1.3691,2.1138,0.50106,1.139
1.0548,-0.1987,-1.5026,1.0898,2.5122,-0.43147,-1.7312,1.0019,-1.5795,1.6527,0.35639,1.0405
0.11222,-0.29632,-1.0722,1.3619,1.6278,-0.3646,-1.7515,0.79764,-1.8095,1.1616,0.18025,0.89551
-0.78349,-0.28615,-0.44393,1.5226,0.58714,-0.16921,-1.7948,0.56896,-2.0639,0.64908,-0.017285,0.70424
-1.4649,-0.16767,0.27576,1.5486,-0.41698,0.11927,-1.8577,0.33369,-2.3217,0.16607,-0.21019,0.48901
-1.855,0.025406,1.0028,1.4748,-1.2422,0.45518,-1.9205,0.12486,-2.5396,-0.21149,-0.36555,0.28611
-1.9684,0.23649,1.6865,1.3742,-1.8196,0.796,-1.9513,-0.023271,-2.6699,-0.41272,-0.45686,0.13101
-1.8656,0.40936,2.2958,1.3149,-2.135,1.1093,-1.917,-0.094399,-2.6869,-0.40607,-0.47517,0.043171
-1.6062,0.50892,2.7954,1.3266,-2.1895,1.3713,-1.7997,-0.10407,-2.6044,-0.21922,-0.43338,0.017332
-1.2531,0.52877,3.1401,1.403,-1.9912,1.5639,-1.6107,-0.098596,-2.4734,0.068175,-0.36174,0.025468
-0.89519,0.4857,3.3018,1.526,-1.5918,1.6773,-1.3898,-0.13825,-2.3586,0.35691,-0.29537,0.02988
-0.63853,0.40509,3.307,1.6854,-1.1102,1.7176,-1.1881,-0.27246,-2.3088,0.56996,-0.25833,0.0025168
-0.58804,0.30391,3.2501,1.8911,-0.71387,1.7107,-1.0414,-0.51797,-2.3363,0.68066,-0.25326,-0.060371
-0.83768,0.18433,3.2637,2.1719,-0.57436,1.6945,-0.95119,-0.84949,-2.417,0.71827,-0.26411,-0.13904
-1.4462,0.043316,3.4605,2.5543,-0.8157,1.7049,-0.88648,-1.2058,-2.5084,0.7426,-0.27056,-0.20638
-2.3989,-0.11331,3.8845,3.0346,-1.4709,1.7645,-0.80344,-1.5081,-2.5698,0.80789,-0.26358,-0.24698
-3.5905,-0.26598,4.4981,3.567,-2.4671,1.8785,-0.67027,-1.6837,-2.5786,0.9336,-0.25234,-0.26645
-4.8435,-0.38644,5.2033,4.0735,-3.6461,2.035,-0.48443,-1.689,-2.5341,1.0965,-0.26089,-0.28835
-5.9481,-0.44675,5.8807,4.4655,-4.807,2.2091,-0.27585,-1.5251,-2.4543,1.2391,-0.31903,-0.34467
-6.7098,-0.42676,6.4299,4.6672,-5.757,2.3761,-0.095801,-1.2352,-2.3681,1.296,-0.45133,-0.46543
-6.994,-0.31563,6.7972,4.6325,-6.3534,2.5258,0.0050954,-0.88433,-2.3022,1.2274,-0.66616,-0.66853
-6.7549,-0.10966,6.9765,4.3538,-6.5262,2.667,0.00031032,-0.52808,-2.267,1.0364,-0.94933,-0.95073
-6.0411,0.18546,6.9884,3.8633,-6.2796,2.8135,-0.099966,-0.19053,-2.2485,0.77061,-1.2673,-1.2843
-4.9789,0.54602,6.8537,3.2298,-5.677,2.9636,-0.25373,0.13849,-2.2155,0.50076,-1.58,-1.6238
-3.7375,0.92458,6.5713,2.5497,-4.8123,3.0913,-0.40549,0.48687,-2.1394,0.29108,-1.8562,-1.9227
-2.4829,1.2563,6.1039,1.9243,-3.7723,3.1489,-0.50848,0.8775,-2.0143,0.16585,-2.0832,-2.1507
-1.333,1.4767,5.3817,1.4293,-2.6068,3.0803,-0.5429,1.3126,-1.8649,0.10817,-2.2673,-2.304
-0.33199,1.5406,4.3348,1.0929,-1.3295,2.837,-0.52426,1.7718,-1.7362,0.076346,-2.4276,-2.4045
0.54003,1.4339,2.9416,0.89832,0.043447,2.3963,-0.49663,2.2217,-1.6696,0.03007,-2.5849,-2.4871
1.3213,1.1755,1.2705,0.80796,1.4504,1.7771,-0.51057,2.6302,-1.6795,-0.047302,-2.7507,-2.5828
2.0086,0.81445,-0.50521,0.79108,2.7688,1.0462,-0.59436,2.9806,-1.7416,-0.13918,-2.9165,-2.7027
2.5331,0.41986,-2.1392,0.83372,3.8362,0.30702,-0.73427,3.2783,-1.8015,-0.20181,-3.0505,-2.8309
2.7942,0.06256,-3.3863,0.93224,4.4958,-0.33033,-0.87658,3.5473,-1.7978,-0.1831,-3.1073,-2.9307
2.7162,-0.2088,-4.0896,1.0846,4.6526,-0.78654,-0.95194,3.8135,-1.6854,-0.045626,-3.0493,-2.9623
2.2858,-0.38425,-4.2354,1.2895,4.3129,-1.0406,-0.9088,4.0868,-1.4548,0.21824,-2.8678,-2.9028
1.5551,-0.49231,-3.9448,1.5496,3.5822,-1.132,-0.73755,4.3546,-1.1294,0.58515,-2.5923,-2.7572
0.62285,-0.58243,-3.4067,1.871,2.6269,-1.1366,-0.47309,4.5906,-0.75525,1.0104,-2.2796,-2.5553
-0.38728,-0.69839,-2.7957,2.2501,1.622,-1.1274,-0.17676,4.7705,-0.38817,1.4416,-1.9909,-2.3393
-1.3442,-0.85319,-2.2162,2.6578,0.70815,-1.1363,0.092947,4.8835,-0.079862,1.8327,-1.7677,-2.1482
-2.125,-1.0146,-1.6874,3.0359,-0.031146,-1.1351,0.30713,4.9365,0.13447,2.154,-1.6207,-2.0028
-2.6359,-1.1136,-1.1683,3.3143,-0.56913,-1.0522,0.47793,4.9504,0.24503,2.3983,-1.5324,-1.8995
-2.8346,-1.0793,-0.60621,3.4392,-0.91769,-0.81846,0.6493,4.9534,0.26916,2.5789,-1.4691,-1.8129
-2.744,-0.88461,0.019697,3.4017,-1.1055,-0.41265,0.87387,4.9721,0.24409,2.7232,-1.3958,-1.7079
-2.4494,-0.56894,0.68079,3.2488,-1.163,0.11896,1.1887,5.0263,0.2125,2.8624,-1.2874,-1.5557
-2.0753,-0.22709,1.3089,3.0698,-1.1191,0.67663,1.6007,5.1239,0.2063,3.0206,-1.1362,-1.3483
-1.7508,0.030393,1.8218,2.963,-1.0055,1.1447,2.0853,5.2605,0.23665,3.2045,-0.9529,-1.102
-1.5734,0.12354,2.1529,2.9948,-0.86098,1.4356,2.5977,5.4209,0.2956,3.4081,-0.76336,-0.85
-1.587,0.034235,2.2834,3.1741,-0.7329,1.5235,3.0884,5.5849,0.36622,3.6119,-0.60097,-0.62877
-1.7877,-0.19076,2.2703,3.4577,-0.68127,1.4553,3.5183,5.7336,0.4326,3.7869,-0.49939,-0.46751
-2.1481,-0.46431,2.2411,3.777,-0.78036,1.3285,3.868,5.8539,0.48265,3.8975,-0.48563,-0.38308
-2.6402,-0.69846,2.3371,4.0703,-1.1003,1.2437,4.139,5.9404,0.50392,3.9078,-0.57406,-0.37925
-3.2389,-0.84243,2.6337,4.3031,-1.6697,1.2554,4.3438,5.9936,0.4785,3.7904,-0.76275,-0.44877
-3.9137,-0.90348,3.0906,4.4759,-2.4458,1.3461,4.4904,6.0167,0.38324,3.536,-1.0343,-0.57796
-4.6223,-0.94042,3.5691,4.6197,-3.3162,1.4381,4.5736,6.0117,0.19653,3.1611,-1.3599,-0.7517
-5.3097,-1.0316,3.8989,4.7813,-4.1286,1.4346,4.5792,5.9783,-0.093073,2.7087,-1.7034,-0.95507
-5.9058,-1.234,3.9495,4.9977,-4.7272,1.2694,4.5008,5.9138,-0.47441,2.2428,-2.0243,-1.1714
-6.3203,-1.5552,3.6649,5.2671,-4.982,0.93578,4.3521,5.8133,-0.91493,1.8319,-2.285,-1.3822
-6.4412,-1.9466,3.0558,5.5321,-4.798,0.48163,4.1633,5.6693,-1.3718,1.523,-2.4654,-1.574
-6.1582,-2.3228,2.1676,5.6936,-4.1197,-0.023542,3.963,5.4725,-1.8105,1.3174,-2.5776,-1.7484
-5.4161,-2.6002,1.0598,5.6561,-2.9604,-0.52503,3.7605,5.2178,-2.2179,1.1695,-2.6655,-1.9258
-4.2693,-2.7385,-0.19405,5.3812,-1.4478,-1.0021,3.5418,4.9139,-2.5969,1.0141,-2.784,-2.1359
-2.8968,-2.7608,-1.4958,4.9151,0.17795,-1.4632,3.2815,4.5917,-2.9503,0.80716,-2.9711,-2.3995
-1.5622,-2.7392,-2.7219,4.3788,1.6242,-1.9279,2.9612,4.3027,-3.2671,0.55165,-3.2307,-2.7152
-0.53842,-2.757,-3.7401,3.922,2.6231,-2.4085,2.5804,4.1032,-3.5223,0.29229,-3.5366,-3.0604
-0.028434,-2.8688,-4.4432,3.6646,3.0127,-2.8991,2.159,4.0315,-3.6883,0.08772,-3.8493,-3.404
-0.096464,-3.0798,-4.791,3.6539,2.798,-3.3766,1.7304,4.0907,-3.7488,-0.020146,-4.1343,-3.7218
-0.63282,-3.3494,-4.848,3.8526,2.1567,-3.8149,1.3303,4.2492,-3.7069,-0.022766,-4.3719,-4.0046
-1.3796,-3.6191,-4.7889,4.1637,1.3897,-4.2048,0.98453,4.4624,-3.5833,0.057997,-4.5576,-4.2563
-2.0155,-3.8479,-4.8467,4.4724,0.83611,-4.5647,0.70535,4.6973,-3.4065,0.18718,-4.6957,-4.4836
-2.2662,-4.0303,-5.2218,4.6851,0.77228,-4.9326,0.49515,4.9465,-3.2014,0.33632,-4.7924,-4.6847
-1.9986,-4.1852,-5.9984,4.7525,1.3209,-5.3399,0.35464,5.2217,-2.9824,0.49513,-4.85,-4.8467
-1.2651,-4.3326,-7.1033,4.6795,2.3983,-5.7851,0.28844,5.5377,-2.7523,0.673,-4.8662,-4.951
-0.28923,-4.4765,-8.3179,4.5189,3.7196,-6.2245,0.30492,5.8958,-2.5061,0.89174,-4.838,-4.9848
0.60791,-4.6047,-9.3444,4.352,4.8778,-6.5888,0.40921,6.2783,-2.2387,1.171,-4.7697,-4.9494
1.1224,-4.7,-9.9118,4.2563,5.4861,-6.8163,0.5924,6.6529,-1.954,1.5104,-4.6812,-4.8662
1.0781,-4.7505,-9.8814,4.2717,5.3233,-6.8849,0.82385,6.984,-1.6702,1.8773,-4.6069,-4.774
0.47647,-4.7522,-9.3032,4.3828,4.4084,-6.8215,1.0539,7.2461,-1.4161,2.2115,-4.5845,-4.7195
-0.52391,-4.7067,-8.3847,4.5323,2.9814,-6.6869,1.2297,7.4323,-1.2185,2.445,-4.6365,-4.7404
-1.6604,-4.6209,-7.3959,4.6552,1.4267,-6.5462,1.3173,7.5555,-1.0874,2.5327,-4.7555,-4.8486
-2.6347,-4.5044,-6.5828,4.7043,0.1598,-6.4406,1.3177,7.641,-1.0086,2.4728,-4.9034,-5.0227
-3.1941,-4.3609,-6.1185,4.6534,-0.51817,-6.372,1.2643,7.7118,-0.95104,2.3059,-5.0267,-5.2161
-3.1873,-4.1784,-6.0751,4.485,-0.51183,-6.3049,1.2032,7.7752,-0.88821,2.091,-5.0807,-5.3772
-2.557,-3.9278,-6.4317,4.1806,0.13373,-6.1882,1.1679,7.8198,-0.81831,1.8747,-5.0495,-5.4712
-1.3277,-3.5792,-7.1319,3.7295,1.3671,-5.9903,1.1642,7.825,-0.76958,1.6715,-4.9498,-5.4913
0.35642,-3.1295,-8.1135,3.1513,3.1149,-5.7261,1.1704,7.7774,-0.78547,1.4705,-4.8206,-5.4547
2.2132,-2.6218,-9.2611,2.508,5.1411,-5.4528,1.149,7.6848,-0.89881,1.2588,-4.7034,-5.388
3.8949,-2.1304,-10.375,1.8928,7.0427,-5.2323,1.0641,7.5779,-1.111,1.0402,-4.6295,-5.3163
5.0953,-1.7229,-11.217,1.4017,8.4091,-5.0827,0.89775,7.4969,-1.3888,0.83472,-4.6099,-5.2514
5.6135,-1.4259,-11.579,1.1003,8.9542,-4.9636,0.65684,7.4725,-1.6791,0.66269,-4.6413,-5.1981
5.3813,-1.2164,-11.329,1.0016,8.5673,-4.7994,0.36888,7.5116,-1.9326,0.5306,-4.7121,-5.1598
4.4822,-1.0406,-10.442,1.067,7.3333,-4.5173,0.073638,7.5979,-2.1191,0.43077,-4.8047,-5.1397
3.1445,-0.84482,-9.0273,1.2273,5.5219,-4.0782,-0.19024,7.7026,-2.2297,0.35328,-4.8953,-5.1344
1.6864,-0.59978,-7.3181,1.4061,3.5256,-3.4941,-0.39422,7.8012,-2.2663,0.2978,-4.9557,-5.1279
0.43955,-0.30734,-5.6256,1.5339,1.7604,-2.8257,-0.5213,7.8856,-2.2308,0.27522,-4.9588,-5.0916
-0.32036,0.0102,-4.2633,1.5543,0.57298,-2.1584,-0.55825,7.966,-2.1172,0.30182,-4.8836,-4.9903
-0.43667,0.328,-3.4509,1.4385,0.17515,-1.5635,-0.4824,8.0657,-1.909,0.39573,-4.7148,-4.7898
0.066744,0.63276,-3.2309,1.2036,0.58299,-1.0629,-0.25097,8.2127,-1.5813,0.57919,-4.4385,-4.4603
0.96182,0.92602,-3.4406,0.91548,1.5884,-0.62088,0.19903,8.4343,-1.1092,0.8802,-4.0406,-3.9799
1.877,1.223,-3.7602,0.66403,2.813,-0.16312,0.93799,8.7534,-0.47911,1.3259,-3.5089,-3.3373
2.4384,1.5676,-3.817,0.52111,3.8107,0.40649,2.0237,9.1873,0.30246,1.9295,-2.8413,-2.5405
2.4105,2.0804,-3.2819,0.50041,4.1858,1.2253,3.4847,9.748,1.21,2.6822,-2.0491,-1.6169
1.7593,3.0245,-1.9136,0.53927,3.7176,2.5088,5.302,10.445,2.2104,3.5591,-1.1503,-0.59948
0.62943,4.8212,0.38065,0.51113,2.426,4.5246,7.396,11.289,3.2769,4.5341,-0.15782,0.4843
-0.73422,7.8453,3.4892,0.25923,0.51833,7.4546,9.6344,12.293,4.3985,5.5909,0.92024,1.6234
-2.0808,11.989,7.2311,-0.36888,-1.7362,11.265,11.877,13.47,5.5786,6.7201,2.0779,2.8163
-3.2144,16.654,11.505,-1.4951,-4.1115,15.771,14.026,14.809,6.8211,7.9047,3.3039,4.0599
-4.0072,21.388,16.235,-3.1782,-6.4578,20.769,16.024,16.257,8.1118,9.1052,4.5738,5.3371
-4.3963,26.108,21.271,-5.378,-8.6753,26.072,17.829,17.707,9.4029,10.257,5.8508,6.6179
-4.376,30.863,26.379,-7.9732,-10.67,31.495,19.395,19.009,10.619,11.285,7.0914,7.8636
-3.9772,35.693,31.289,-10.838,-12.334,36.846,20.673,20.023,11.673,12.131,8.2653,9.046
-3.2484,40.613,35.817,-13.883,-13.553,41.922,21.618,20.674,12.499,12.774,9.3698,10.157
-2.2495,45.609,39.983,-17.041,-14.235,46.53,22.184,20.974,13.073,13.224,10.429,11.207
-1.0478,50.612,43.926,-20.241,-14.321,50.507,22.327,20.985,13.411,13.509,11.476,12.212
0.28803,55.522,47.402,-23.429,-13.822,53.772,22.011,20.758,13.544,13.648,12.531,13.177
1.6795,60.243,49.565,-26.579,-12.9,56.436,21.205,20.302,13.497,13.645,13.581,14.086
3.0148,64.715,50.22,-29.665,-11.888,58.861,19.882,19.597,13.287,13.49,14.586,14.912
4.132,68.901,50.517,-32.61,-11.154,61.478,18.012,18.621,12.929,13.182,15.498,15.632
4.8463,72.762,51.798,-35.278,-10.965,64.506,15.56,17.37,12.442,12.74,16.286,16.239
5.0155,76.266,54.694,-37.537,-11.485,67.867,12.529,15.859,11.849,12.188,16.938,16.74
4.6069,79.433,59.102,-39.342,-12.791,71.304,9.0248,14.13,11.164,11.553,17.459,17.142
3.7313,82.351,64.496,-40.751,-14.834,74.607,5.2587,12.263,10.395,10.853,17.863,17.456
2.631,85.133,70.338,-41.864,-17.398,77.729,1.4589,10.387,9.5487,10.107,18.18,17.693
1.6195,87.826,76.233,-42.77,-20.094,80.677,-2.1754,8.6554,8.6453,9.3415,18.451,17.873
0.98923,90.338,81.704,-43.516,-22.419,83.379,-5.4377,7.1963,7.73,8.601,18.723,18.023
0.92053,92.486,86.035,-44.118,-23.918,85.614,-8.1393,6.068,6.8681,7.9434,19.039,18.17
1.4309,94.088,88.415,-44.574,-24.319,87.047,-10.225,5.2568,6.128,7.4213,19.411,18.329
2.3898,94.965,88.219,-44.888,-23.52,87.34,-11.797,4.7074,5.5583,7.0612,19.81,18.493
3.5959,94.832,85.235,-45.081,-21.555,86.257,-13.009,4.3598,5.1746,6.853,20.169,18.632
4.8704,93.258,79.674,-45.178,-18.608,83.734,-13.973,4.175,4.9595,6.7582,20.398,18.693
6.1037,89.932,72.103,-45.125,-15.045,79.887,-14.727,4.1419,4.872,6.7261,20.419,18.621
7.2345,85.19,63.409,-44.697,-11.34,75.033,-15.256,4.2668,4.8663,6.7073,20.195,18.375
8.1942,79.939,54.643,-43.589,-7.9364,69.678,-15.522,4.5499,4.8986,6.6606,19.728,17.948
8.8773,74.806,46.635,-41.675,-5.1501,64.32,-15.498,4.965,4.9329,6.555,19.06,17.364
9.1604,69.832,39.771,-39.064,-3.1634,59.199,-15.186,5.4551,4.9423,6.3694,18.245,16.666
8.9371,64.784,34.084,-35.905,-2.0291,54.314,-14.627,5.9457,4.9071,6.0889,17.332,15.9
8.1443,59.407,29.366,-32.291,-1.6664,49.583,-13.882,6.3625,4.8084,5.6972,16.357,15.094
6.7849,53.539,25.349,-28.264,-1.8901,44.845,-13.006,6.6443,4.6148,5.1676,15.333,14.256
4.9439,47.195,22.11,-23.828,-2.4846,39.992,-12.044,6.75,4.2912,4.4585,14.257,13.373
2.7826,40.588,19.708,-19.004,-3.2457,35.14,-11.038,6.6599,3.7968,3.5147,13.114,12.421
0.52466,34.043,17.596,-13.941,-3.9853,30.496,-10.036,6.3736,3.0976,2.295,11.895,11.382
-1.5691,27.858,15.424,-9.0024,-4.544,26.095,-9.0842,5.9032,2.1812,0.79436,10.61,10.26
-3.2545,22.159,13.238,-4.6983,-4.8142,21.823,-8.2163,5.2676,1.0681,-0.93873,9.2831,9.0817
-4.3641,16.886,11.161,-1.4231,-4.7462,17.646,-7.454,4.4861,-0.18771,-2.8074,7.952,7.8927
-4.832,11.969,9.2613,0.74516,-4.3416,13.729,-6.8128,3.5746,-1.5129,-4.7002,6.6535,6.7391
-4.7009,7.6206,7.5562,1.9868,-3.6456,10.322,-6.3065,2.5421,-2.8416,-6.5356,5.4151,5.6539
-4.1238,4.3256,6.0304,2.5972,-2.7392,7.5783,-5.9448,1.3913,-4.14,-8.2917,4.2506,4.6508
-3.3298,2.3046,4.6506,2.888,-1.7269,5.4899,-5.7247,0.12353,-5.4141,-10.001,3.1636,3.7266
-2.5488,1.2008,3.3764,3.1034,-0.71752,3.9355,-5.6267,-1.2546,-6.6956,-11.717,2.1531,2.8701
-1.9446,0.47178,2.1703,3.3727,0.19217,2.7455,-5.6151,-2.7293,-8.0185,-13.475,1.2207,2.0725
-1.6007,-0.21862,1.0089,3.7273,0.92302,1.7598,-5.6501,-4.2815,-9.3976,-15.273,0.37703,1.3335
-1.5488,-0.96774,-0.10283,4.1522,1.4115,0.86903,-5.7033,-5.886,-10.818,-17.051,-0.35776,0.66209
-1.803,-1.7525,-1.1256,4.6312,1.6095,0.026728,-5.7671,-7.5089,-12.232,-18.726,-0.96069,0.071068
-2.3632,-2.5301,-2.002,5.1621,1.498,-0.76867,-5.8521,-9.1091,-13.578,-20.219,-1.4192,-0.43165
-3.184,-3.2789,-2.6914,5.7437,1.1105,-1.5049,-5.9746,-10.652,-14.797,-21.486,-1.7428,-0.84976
-4.1466,-3.9958,-3.2043,6.3518,0.54808,-2.1801,-6.144,-12.129,-15.861,-22.526,-1.9663,-1.2006
-5.068,-4.6814,-3.609,6.9307,-0.031289,-2.8098,-6.3567,-13.561,-16.787,-23.378,-2.1406,-1.5114
-5.7478,-5.3357,-4.0086,7.408,-0.45033,-3.4194,-6.598,-14.986,-17.624,-24.101,-2.3167,-1.8107
-6.0302,-5.9637,-4.5004,7.7245,-0.56382,-4.0329,-6.8453,-16.443,-18.429,-24.755,-2.5295,-2.1205
-5.8505,-6.5802,-5.1459,7.8584,-0.29979,-4.6684,-7.0729,-17.955,-19.248,-25.391,-2.7913,-2.4516
-5.2522,-7.2068,-5.9635,7.8336,0.32623,-5.3394,-7.2594,-19.533,-20.097,-26.051,-3.0963,-2.8061
-4.3714,-7.8601,-6.9361,7.7107,1.2229,-6.0541,-7.3956,-21.178,-20.95,-26.775,-3.432,-3.1821
-3.394,-8.5371,-8.0176,7.5649,2.2492,-6.8093,-7.4853,-22.865,-21.762,-27.609,-3.7866,-3.5781
-2.5055,-9.2145,-9.1343,7.4638,3.246,-7.585,-7.5379,-24.542,-22.497,-28.596,-4.153,-3.9924
-1.8532,-9.8679,-10.195,7.4596,4.0697,-8.349,-7.5606,-26.149,-23.159,-29.758,-4.5288,-4.423
-1.5227,-10.496,-11.12,7.5905,4.6263,-9.0734,-7.5578,-27.65,-23.803,-31.086,-4.9173,-4.8676
-1.5198,-11.126,-11.877,7.8769,4.9049,-9.7514,-7.5351,-29.063,-24.511,-32.523,-5.3244,-5.3219
-1.7655,-11.791,-12.504,8.3081,4.9853,-10.401,-7.5015,-30.44,-25.346,-33.979,-5.7524,-5.7781
-2.1269,-12.504,-13.083,8.8382,4.9965,-11.05,-7.4653,-31.828,-26.318,-35.353,-6.1937,-6.2222
-2.4762,-13.249,-13.681,9.404,5.0433,-11.708,-7.4257,-33.23,-27.377,-36.561,-6.6281,-6.6341
-2.7555,-13.984,-14.29,9.9554,5.1496,-12.35,-7.3664,-34.585,-28.422,-37.56,-7.0269,-6.9897
-3.0101,-14.667,-14.807,10.479,5.2419,-12.912,-7.2557,-35.788,-29.329,-38.33,-7.3601,-7.2651
-3.3678,-15.273,-15.067,10.999,5.1738,-13.322,-7.056,-36.728,-29.999,-38.882,-7.6061,-7.4406
-3.9747,-15.8,-14.927,11.563,4.7876,-13.534,-6.7415,-37.348,-30.393,-39.245,-7.7589,-7.5062
-4.9228,-16.263,-14.337,12.21,3.9985,-13.547,-6.3128,-37.677,-30.549,-39.459,-7.8299,-7.4667
-6.1965,-16.684,-13.381,12.945,2.8513,-13.414,-5.8019,-37.836,-30.566,-39.581,-7.8435,-7.344
-7.6593,-17.067,-12.241,13.714,1.5083,-13.211,-5.262,-37.979,-30.569,-39.674,-7.8274,-7.1708
-9.092,-17.389,-11.131,14.407,0.18417,-13.005,-4.7465,-38.224,-30.648,-39.793,-7.8008,-6.9791
-10.272,-17.604,-10.205,14.9,-0.92935,-12.825,-4.289,-38.586,-30.826,-39.961,-7.766,-6.7869
-11.053,-17.66,-9.5108,15.109,-1.7232,-12.65,-3.8918,-38.966,-31.045,-40.165,-7.7074,-6.5916
-11.41,-17.527,-8.9818,15.027,-2.1973,-12.417,-3.5313,-39.206,-31.199,-40.359,-7.5984,-6.3728
-11.427,-17.204,-8.4805,14.729,-2.4389,-12.054,-3.1753,-39.169,-31.19,-40.483,-7.4125,-6.1046
-11.239,-16.722,-7.8838,14.333,-2.5576,-11.51,-2.8053,-38.821,-30.983,-40.484,-7.1372,-5.7729
-10.96,-16.133,-7.1705,13.946,-2.6037,-10.789,-2.431,-38.262,-30.629,-40.336,-6.7837,-5.3891
-10.633,-15.488,-6.4436,13.627,-2.5299,-9.9513,-2.0878,-37.71,-30.238,-40.047,-6.3884,-4.9929
-10.231,-14.824,-5.8605,13.363,-2.2473,-9.0934,-1.8178,-37.406,-29.932,-39.664,-5.9998,-4.638
-9.6909,-14.138,-5.5269,13.082,-1.7161,-8.2988,-1.6465,-37.514,-29.792,-39.262,-5.6619,-4.3729
-8.968,-13.39,-5.43,12.694,-0.99005,-7.5971,-1.5712,-38.051,-29.84,-38.929,-5.4035,-4.2261
-8.0964,-12.526,-5.4297,12.141,-0.22169,-6.9526,-1.5689,-38.905,-30.048,-38.748,-5.2379,-4.205
-7.2332,-11.51,-5.2966,11.443,0.34737,-6.2905,-1.6171,-39.923,-30.37,-38.772,-5.1658,-4.3005
-6.6343,-10.356,-4.7894,10.698,0.43921,-5.5419,-1.7159,-40.998,-30.764,-39.007,-5.1778,-4.4915
-6.5468,-9.1381,-3.7543,10.04,-0.15572,-4.6819,-1.8947,-42.129,-31.214,-39.405,-5.2544,-4.7479
-7.0864,-7.9654,-2.1967,9.5704,-1.4783,-3.7381,-2.1988,-43.411,-31.731,-39.892,-5.371,-5.0359
-8.1762,-6.9279,-0.27308,9.3259,-3.3682,-2.7651,-2.6563,-44.991,-32.37,-40.414,-5.5117,-5.3323
-9.5637,-6.0389,1.7877,9.2623,-5.5051,-1.7972,-3.2401,-47.001,-33.255,-41.013,-5.695,-5.6505
-10.9,-5.2095,3.7881,9.2698,-7.5076,-0.80389,-3.8328,-49.512,-34.622,-41.898,-6.0043,-6.0722
-11.86,-4.2695,5.6708,9.2077,-9.0648,0.33367,-4.2096,-52.524,-36.847,-43.469,-6.611,-6.7717
-12.261,-3.0306,7.6981,8.9522,-10.094,1.854,-4.0766,-55.99,-40.441,-46.217,-7.7757,-8.0169
-12.163,-1.3443,10.96,8.4369,-11.096,4.3592,-3.176,-59.83,-45.943,-50.414,-9.8235,-10.146
-12.096,1.0915,9.7124,7.67,-10.577,6.2008,-1.3544,-63.927,-52.166,-54.389,-13.091,-13.517
-11.714,1.9006,6.2334,6.7174,-6.055,5.0402,-0.69627,-68.086,-51.267,-53.849,-17.667,-18.248
-7.5664,-1.9012,2.3268,5.6541,-2.1376,3.4179,-4.5968,-72.042,-49.312,-52.753,-22.165,-22.987
-4.5963,-3.347,-2.2307,4.5028,1.273,0.89371,-7.8888,-75.452,-48.373,-50.978,-22.634,-23.758
-3.3721,-4.7572,-5.6605,3.1732,3.5715,-1.1215,-11.902,-77.64,-49.294,-50.332,-20.15,-21.361
-4.3481,-4.2997,-4.8297,1.6272,2.6586,-0.1588,-14.618,-77.175,-53.03,-52.99,-21.102,-21.858
-9.6647,0.35122,4.1341,3.9548,-4.7071,6.7901,-13.041,-76.114,-60.888,-60.706,-25.732,-26.369
-21.663,11.369,25.104,9.6858,-21.236,23.053,-3.9859,-89.051,-77.97,-79.682,-25.299,-26.318
-41.11,30.436,61.6,11.267,-49.031,51.562,15.167,-101.18,-111.49,-119.79,-39.164,-38.309
-68.508,58.709,115.39,11.273,-89.373,93.425,46.249,-115.05,-164.74,-186.41,-74.58,-73.567
-101.86,96.326,184.51,9.1576,-140.65,147.07,89.399,-128.37,-235.96,-277.75,-119,-117.77
-136.35,141.42,262.74,3.5857,-197.28,208.14,141.2,-137.17,-316.59,-383.31,-165.35,-163.91
-165.06,189.9,340.99,-6.9411,-251.39,270.06,195.7,-136.06,-391.73,-484.41,-202.92,-201.48
-181.69,237.39,410.37,-23.393,-295.2,327.69,246.16,-118.22,-443.09,-559.36,-219.76,-218.68
-182.69,283.27,462.67,-46.267,-322.31,377.88,286.7,-76.377,-453.21,-587.5,-204.85,-204.38
-166.67,328.13,492.37,-76.231,-329.68,415.42,313.27,-4.6438,-408.61,-551.06,-148.95,-149.13
-132.43,371.69,499.44,-114.71,-315.95,439.65,323.42,99.709,-301.13,-436.47,-44.5,-45.155
-76.902,416.03,485.72,-164.42,-281.2,453.59,315.36,235.46,-127.72,-234.78,114.39,113.46
3.2586,464.14,451.94,-228.41,-224.17,459.83,286.96,397.79,111.6,59.032,330.94,329.79
110.12,516.9,396.81,-308.22,-143.3,458.25,235.52,579.88,416.64,446.56,603.7,602.17
244.34,570.61,316.58,-402.25,-36.451,444.8,158.49,774.07,788.79,925.32,924.43,922.19
404.02,615.84,203.96,-504.44,99.664,411.09,54.929,972.64,1229.4,1485.6,1276.5,1273.2
582.75,638.59,50.139,-604.32,266.36,345.96,-73.004,1167.7,1733.3,2105.1,1634.2,1629.8
768.83,624.32,-148.97,-688.87,459.51,239.9,-218.64,1347.6,2279.5,2743,1964.5,1959.2
945.47,564.12,-386.23,-745.66,666.94,91.464,-370.54,1492.8,2823.5,3339.2,2231.3,2225.5
1092.4,459.5,-639.56,-765.98,867.3,-87.89,-514.33,1573.4,3297.8,3821.1,2403,2397.3
1189.1,323.41,-874.14,-746.59,1032.7,-274.07,-636.07,1554.4,3624.3,4120,2460.3,2455.5
1219.1,177.04,-1051.3,-689.84,1135.5,-436.77,-725.36,1408.3,3734.2,4188.6,2400.5,2396.8
1174.7,43.368,-1140.8,-602.99,1157.2,-549.11,-776.49,1129.8,3589.7,4013.4,2235.3,2232.8
1060.9,-59.581,-1129.8,-496.65,1093.9,-595.69,-788.02,744.78,3197.6,3616.9,1985.3,1984
893.77,-122.8,-1025.8,-382.89,957.68,-575.59,-761.9,307.63,2610.3,3051.1,1675.1,1674.8
696.9,-146.55,-852.11,-273.49,772.11,-500.52,-702.76,-113.2,1915.1,2387.1,1329.5,1330
495.96,-138.06,-641.1,-178.1,566.27,-390.25,-617.68,-453.72,1214.4,1703,973.75,974.69
313.91,-108.25,-426.49,-102.63,368.45,-267.32,-515.97,-670.78,603.32,1073,634.49,635.5
166.69,-68.508,-237.01,-48.296,200.7,-152.33,-408.49,-750.56,150.41,557.51,339.01,339.67
61.659,-28.328,-91.395,-14.263,75.8,-59.859,-306.38,-707.97,-115.03,194.18,110.72,110.82
0.19107,3.5273,2.8483,0.59604,-2.6874,2.5378,-219.09,-578.89,-205.46,-7.8377,-37.063,-37.497
-21.667,23.506,45.751,3.345,-35.775,32.901,-152.28,-408.9,-165.75,-68.424,-105.42,-106.31
-24.042,33.159,56.03,-0.25615,-42.279,42.304,-106.36,-241.63,-55.102,-30.588,-110.06,-111.38
-15.412,33.955,45.643,-5.2207,-32.86,37.322,-77.318,-106.72,70.398,53.077,-76.278,-78.02
-3.4628,28.064,25.293,-8.6923,-16.383,24.139,-59.614,-24.314,169.37,136.51,-30.352,-32.448
5.9875,20.319,4.8024,-9.9045,-0.58264,9.8882,-48.514,8.4715,222.88,191.57,8.1031,5.7766
8.3338,12.301,-10.205,-8.9094,8.7328,0.37334,-40.28,17.305,232.07,209.26,24.279,22.592
7.6328,1.3253,-17.983,-2.9709,12.014,-7.1809,-33.186,13.007,209.82,194.66,25.51,24.038
4.4703,-1.7618,-19.521,0.58021,10.949,-10.622,-24.87,3.9711,171.86,160.56,1.3761,0.92053
1.234,-2.1131,-8.6813,2.1063,3.2728,-5.7798,-15.824,-3.289,130.22,118.83,-19.888,-19.614
0.13812,-2.5297,-6.3404,3.0211,2.32,-4.8099,-6.6873,-6.0917,98.736,79.771,-24.782,-24.449
-0.35763,-3.1148,-6.6182,3.548,2.0951,-5.5404,0.098696,-4.4859,77.902,57.481,-25.165,-24.696
-0.41655,-3.7851,-7.2547,3.8443,2.0522,-6.4803,0.89216,0.062043,66.044,42.286,-23.27,-22.653
-0.42316,-4.4501,-7.9899,4.0595,2.0139,-7.4091,1.5265,5.4274,67.531,36.233,-21.111,-20.367
-0.71809,-5.1229,-8.4082,4.3161,1.6387,-8.2777,3.2448,7.2429,66.055,35.409,-19.871,-19.028
-1.4873,-5.7535,-8.0747,4.6861,0.67161,-8.8022,5.177,7.9005,59.166,30.766,-19.81,-18.879
-2.7165,-6.2371,-6.8848,5.1733,-0.89782,-8.8259,7.1253,8.0696,50.963,24.47,-20.677,-19.657
-4.1902,-6.5136,-5.1093,5.7148,-2.8006,-8.4153,9.0644,8.0777,40.509,18.823,-22.036,-20.93
-5.5739,-6.5973,-3.2387,6.2094,-4.6139,-7.7736,10.943,8.0983,30.177,15.651,-23.436,-22.26
-6.5383,-6.5547,-1.7505,6.5625,-5.9319,-7.1349,12.667,8.1887,24.016,13.563,-24.514,-23.304
-6.8824,-6.4725,-0.93836,6.7267,-6.4909,-6.6802,14.161,8.3225,20.449,11.835,-25.069,-23.876
-6.616,-6.4281,-0.82611,6.7227,-6.2676,-6.4852,15.406,8.4425,18.075,10.532,-25.079,-23.952
-5.959,-6.4653,-1.1722,6.6268,-5.5192,-6.5087,16.433,8.5034,16.346,9.6615,-24.656,-23.619
-5.2532,-6.5799,-1.5863,6.5356,-4.6914,-6.6272,17.275,8.4898,14.995,9.1586,-23.974,-23.024
-4.8256,-6.7242,-1.7076,6.5246,-4.2219,-6.7006,17.949,8.4159,13.873,8.9326,-23.207,-22.325
-4.8652,-6.8338,-1.3485,6.6222,-4.3608,-6.638,18.453,8.3175,12.908,8.8884,-22.48,-21.651
-5.3708,-6.8644,-0.54984,6.8073,-5.1054,-6.44,18.788,8.2393,12.066,8.9336,-21.855,-21.085
-6.1851,-6.8202,0.4589,7.0304,-6.2435,-6.1986,18.97,8.2198,11.333,8.9851,-21.334,-20.649
-7.0728,-6.7542,1.3564,7.2415,-7.4495,-6.0531,19.04,8.2808,10.707,8.9834,-20.882,-20.324
-7.7975,-6.7404,1.8445,7.4066,-8.3834,-6.1271,19.062,8.426,10.188,8.9116,-20.45,-20.055
-8.1798,-6.8352,1.7536,7.507,-8.7836,-6.477,19.11,8.6484,9.7863,8.803,-19.993,-19.782
-8.1339,-7.0454,1.098,7.5298,-8.5478,-7.0681,19.244,8.9424,9.516,8.7285,-19.486,-19.456
-7.6768,-7.3195,0.059019,7.4622,-7.7585,-7.7829,19.49,9.3151,9.3891,8.7672,-18.928,-19.056
-6.908,-7.5663,-1.0936,7.2936,-6.6288,-8.462,19.841,9.79,9.4088,8.9741,-18.334,-18.593
-5.9697,-7.6948,-2.1118,7.0242,-5.4033,-8.9682,20.255,10.4,9.5612,9.3586,-17.732,-18.104
-4.9963,-7.6526,-2.8603,6.6676,-4.2691,-9.2417,20.672,11.17,9.8126,9.8826,-17.15,-17.637
-4.0786,-7.4425,-3.3383,6.2491,-3.3177,-9.3154,21.033,12.106,10.118,10.479,-16.604,-17.226
-3.2574,-7.1131,-3.6356,5.8002,-2.5589,-9.2826,21.3,13.185,10.438,11.082,-16.094,-16.88
-2.5463,-6.7331,-3.8672,5.3568,-1.9653,-9.2409,21.463,14.366,10.763,11.66,-15.602,-16.569
-1.9588,-6.3651,-4.1188,4.9559,-1.5101,-9.2467,21.545,15.606,11.119,12.229,-15.095,-16.241
-1.5199,-6.0437,-4.4086,4.6274,-1.1841,-9.2999,21.59,16.876,11.56,12.854,-14.541,-15.839
-1.2557,-5.7633,-4.6741,4.3803,-1.001,-9.3537,21.648,18.162,12.146,13.618,-13.92,-15.327
-1.1742,-5.4795,-4.7946,4.1932,-0.99421,-9.3356,21.756,19.471,12.916,14.589,-13.233,-14.701
-1.2538,-5.1328,-4.6448,4.0204,-1.198,-9.1759,21.922,20.819,13.872,15.799,-12.505,-13.997
-1.4482,-4.6833,-4.1568,3.8137,-1.622,-8.8394,22.125,22.212,14.975,17.23,-11.773,-13.272
-1.7021,-4.134,-3.3533,3.5458,-2.2385,-8.3411,22.32,23.627,16.147,18.825,-11.084,-12.587
-1.9644,-3.5238,-2.3323,3.2203,-2.9842,-7.7324,22.457,25.007,17.302,20.501,-10.473,-11.978
-2.1938,-2.9007,-1.2249,2.863,-3.7709,-7.0702,22.502,26.263,18.375,22.183,-9.9551,-11.447
-2.3542,-2.302,-0.162,2.5041,-4.4934,-6.3974,22.452,27.308,19.35,23.834,-9.5186,-10.96
-2.4069,-1.7509,0.73881,2.1635,-5.0391,-5.7439,22.337,28.094,20.274,25.473,-9.1261,-10.463
-2.3089,-1.2619,1.3857,1.8458,-5.3053,-5.1371,22.209,28.639,21.233,27.177,-8.7282,-9.9083
-2.0269,-0.84362,1.7355,1.5439,-5.2298,-4.6031,22.115,29.025,22.324,29.037,-8.2836,-9.2714
-1.5589,-0.49665,1.8167,1.2465,-4.8249,-4.1569,22.075,29.371,23.628,31.119,-7.7791,-8.5677
-0.95009,-0.2114,1.7299,0.94409,-4.192,-3.793,22.073,29.796,25.187,33.418,-7.2371,-7.846
-0.28863,0.033266,1.6178,0.63365,-3.4996,-3.4851,22.065,30.381,26.993,35.844,-6.7073,-7.1692
0.31451,0.26571,1.6233,0.32059,-2.9369,-3.1948,21.999,31.162,28.981,38.252,-6.246,-6.5908
0.75049,0.51101,1.857,0.01955,-2.6672,-2.8824,21.845,32.13,31.052,40.497,-5.894,-6.1373
0.93553,0.78025,2.3759,-0.24789,-2.7928,-2.5198,21.602,33.252,33.113,42.511,-5.6601,-5.8004
0.83152,1.0666,3.1674,-0.46071,-3.3301,-2.0998,21.309,34.504,35.126,44.345,-5.5141,-5.538
0.46029,1.3501,4.1437,-0.60801,-4.1985,-1.6394,21.027,35.897,37.144,46.158,-5.393,-5.2848
-0.097884,1.6066,5.1633,-0.69339,-5.2371,-1.1727,20.818,37.469,39.29,48.16,-5.2192,-4.9691
-0.72483,1.8179,6.0778,-0.73105,-6.247,-0.73688,20.722,39.252,41.709,50.533,-4.9268,-4.5348
-1.2934,1.9796,6.7816,-0.73933,-7.0444,-0.35956,20.739,41.219,44.487,53.348,-4.486,-3.9591
-1.6917,2.1044,7.2378,-0.7399,-7.5016,-0.053592,20.828,43.249,47.591,56.516,-3.9155,-3.2601
-1.8397,2.2228,7.4759,-0.76463,-7.5708,0.18509,20.919,45.132,50.852,59.813,-3.2752,-2.4912
-1.7054,2.3802,7.5815,-0.86268,-7.2951,0.38394,20.936,46.645,54.028,62.978,-2.6406,-1.7208
-1.3221,2.637,7.6902,-1.0953,-6.8097,0.60091,20.835,47.67,56.938,65.845,-2.0675,-1.0041
-0.7894,3.069,7.9699,-1.5136,-6.3171,0.91735,20.619,48.285,59.561,68.419,-1.561,-0.35795
-0.24808,3.7573,8.5737,-2.1321,-6.0314,1.412,20.335,48.776,62.046,70.856,-1.067,0.2499
0.16309,4.7655,9.5853,-2.9171,-6.1106,2.13,20.044,49.545,64.627,73.378,-0.49168,0.88747
0.35146,6.1125,10.984,-3.7997,-6.6081,3.0638,19.797,50.973,67.518,76.191,0.25862,1.6301
0.30541,7.7485,12.641,-4.708,-7.4518,4.1471,19.604,53.301,70.821,79.407,1.2377,2.53
0.10912,9.5542,14.344,-5.6103,-8.456,5.2638,19.432,56.533,74.494,83.01,2.4395,3.5976
-0.07809,11.392,15.842,-6.5463,-9.3732,6.2767,19.222,60.377,78.381,86.867,3.8074,4.8033
-0.074753,13.186,16.919,-7.6212,-9.9743,7.0811,18.924,64.361,82.301,90.784,5.2628,6.0947
0.26224,14.971,17.499,-8.96,-10.128,7.6582,18.513,68.099,86.128,94.592,6.7405,7.4213
0.99319,16.877,17.678,-10.647,-9.8422,8.0853,18.004,71.458,89.83,98.205,8.2137,8.7553
2.0766,19.077,17.653,-12.684,-9.2335,8.4969,17.435,74.525,93.457,101.62,9.703,10.102
3.3875,21.708,17.612,-15.001,-8.4542,9.0346,16.843,77.475,97.085,104.9,11.262,11.494
4.7847,24.776,17.649,-17.505,-7.6198,9.814,16.233,80.453,100.76,108.1,12.946,12.975
6.1964,28.087,17.744,-20.129,-6.7748,10.896,15.57,83.499,104.44,111.24,14.786,14.571
7.664,31.312,17.785,-22.839,-5.8987,12.236,14.785,86.557,108.02,114.31,16.775,16.286
9.3314,34.192,17.631,-25.613,-4.943,13.648,13.818,89.529,111.38,117.31,18.881,18.105
11.403,36.669,17.19,-28.415,-3.8835,14.886,12.666,92.356,114.45,120.32,21.08,20.029
14.065,38.868,16.481,-31.187,-2.768,15.816,11.404,95.072,117.33,123.5,23.391,22.098
17.34,40.987,15.661,-33.871,-1.7259,16.53,10.158,97.803,120.21,127.03,25.877,24.392
20.935,43.206,14.987,-36.428,-0.92156,17.29,9.0483,100.71,123.32,131.05,28.626,27.007
24.341,45.633,14.716,-38.837,-0.47055,18.381,8.1412,103.9,126.81,135.59,31.702,30.01
27.166,48.292,14.968,-41.089,-0.37349,19.978,7.4327,107.36,130.68,140.52,35.111,33.411
29.374,51.154,15.645,-43.212,-0.49532,22.074,6.8606,110.91,134.81,145.65,38.79,37.168
31.286,54.18,16.468,-45.291,-0.59439,24.486,6.3359,114.29,139.01,150.81,42.643,41.212
33.408,57.339,17.102,-47.474,-0.4068,26.946,5.7805,117.22,143.07,155.96,46.593,45.499
36.202,60.601,17.293,-49.947,0.24339,29.245,5.1581,119.59,146.91,161.18,50.636,50.029
39.907,63.92,16.977,-52.883,1.3668,31.326,4.4809,121.48,150.51,166.59,54.845,54.845
44.397,67.227,16.313,-56.363,2.8029,33.266,3.7898,123.02,153.96,172.29,59.332,59.989
49.13,70.463,15.613,-60.252,4.2824,35.206,3.1231,124.41,157.36,178.34,64.184,65.448
53.399,73.599,15.201,-64.18,5.5262,37.289,2.4958,125.79,160.82,184.74,69.413,71.144
56.782,76.635,15.274,-67.76,6.3497,39.611,1.8965,127.24,164.39,191.39,74.957,76.968
59.348,79.585,15.828,-70.849,6.7348,42.176,1.2968,128.73,168.04,198.2,80.731,82.844
61.519,82.471,16.686,-73.582,6.8412,44.86,0.66543,130.23,171.73,205.08,86.68,88.772
63.832,85.327,17.594,-76.229,6.9613,47.463,-0.019395,131.68,175.43,211.99,92.798,94.817
66.751,88.208,18.306,-79.053,7.4354,49.813,-0.76474,133.03,179.14,218.98,99.109,101.06
70.508,91.189,18.651,-82.237,8.5561,51.863,-1.5692,134.28,182.92,226.13,105.61,107.55
74.999,94.345,18.587,-85.844,10.496,53.682,-2.4382,135.45,186.82,233.49,112.25,114.22
79.824,97.739,18.228,-89.816,13.249,55.408,-3.3988,136.53,190.88,241.05,118.92,120.96
84.542,101.4,17.804,-94.001,16.578,57.176,-4.5024,137.51,195.07,248.65,125.51,127.59
88.898,105.3,17.544,-98.227,20.032,59.06,-5.8094,138.35,199.31,256.1,131.93,134.02
92.838,109.4,17.562,-102.38,23.135,61.024,-7.3662,139.03,203.53,263.22,138.16,140.19
96.398,113.62,17.805,-106.43,25.643,62.942,-9.1934,139.49,207.67,270,144.24,146.16
99.656,117.88,18.106,-110.35,27.64,64.68,-11.292,139.74,211.67,276.57,150.25,152.04
102.75,122.08,18.263,-114.13,29.415,66.168,-13.654,139.78,215.51,283.14,156.3,157.95
105.88,126.06,18.118,-117.75,31.28,67.414,-16.269,139.64,219.22,289.96,162.46,163.94
109.21,129.7,17.6,-121.2,33.425,68.467,-19.119,139.37,222.84,297.2,168.74,170.01
112.78,132.9,16.749,-124.47,35.847,69.388,-22.186,139,226.41,304.87,175.07,176.12
116.43,135.6,15.708,-127.49,38.37,70.231,-25.46,138.52,229.94,312.79,181.32,182.16
119.89,137.82,14.675,-130.19,40.746,71.019,-28.956,137.93,233.37,320.67,187.36,188.05
122.92,139.63,13.829,-132.54,42.772,71.751,-32.705,137.19,236.59,328.25,193.1,193.75
125.44,141.11,13.254,-134.54,44.376,72.391,-36.728,136.31,239.54,335.43,198.52,199.27
127.51,142.31,12.911,-136.26,45.612,72.889,-40.978,135.3,242.19,342.27,203.67,204.66
129.22,143.26,12.657,-137.73,46.613,73.192,-45.299,134.2,244.62,348.9,208.65,209.96
130.64,143.97,12.322,-138.95,47.574,73.258,-49.466,133.08,246.93,355.43,213.49,215.17
131.86,144.46,11.763,-139.88,48.748,73.062,-53.3,131.98,249.21,361.86,218.2,220.19
132.98,144.76,10.904,-140.49,50.325,72.596,-56.761,130.94,251.53,368.05,222.69,224.86
134.03,144.93,9.7347,-140.84,52.308,71.872,-59.935,129.96,253.88,373.82,226.86,229.05
135.18,145,8.2851,-141.11,54.616,70.921,-62.961,129,256.2,379.01,230.66,232.71
136.75,145.04,6.5773,-141.51,57.262,69.775,-65.994,128,258.4,383.56,234.03,235.87
139.01,145.05,4.604,-142.21,60.303,68.446,-69.187,126.91,260.36,387.53,236.98,238.57
141.97,145.04,2.35,-143.24,63.707,66.92,-72.67,125.66,261.99,391.01,239.53,240.87
145.34,145.01,-0.165,-144.52,67.333,65.18,-76.5,124.21,263.23,394.09,241.7,242.83
148.78,144.93,-2.8542,-145.87,70.986,63.249,-80.628,122.55,264.14,396.82,243.55,244.46
152,144.8,-5.5575,-147.12,74.451,61.195,-84.918,120.65,264.79,399.26,245.11,245.8
154.79,144.59,-8.0722,-148.14,77.506,59.1,-89.209,118.51,265.31,401.42,246.4,246.86
156.91,144.26,-10.224,-148.82,79.929,57.024,-93.384,116.1,265.77,403.26,247.39,247.66
158.19,143.72,-11.946,-149.12,81.57,54.961,-97.401,113.36,266.2,404.76,248.06,248.21
158.56,142.9,-13.315,-149.04,82.44,52.842,-101.28,110.23,266.57,405.87,248.4,248.53
158.18,141.66,-14.512,-148.64,82.758,50.554,-105.06,106.6,266.82,406.63,248.43,248.64
157.37,139.89,-15.741,-147.99,82.89,47.991,-108.75,102.39,266.88,407.06,248.2,248.56
156.56,137.47,-17.147,-147.1,83.163,45.098,-112.26,97.531,266.69,407.19,247.76,248.28
156.11,134.44,-18.768,-146,83.698,41.899,-115.5,91.982,266.21,407,247.12,247.8
156.02,131.03,-20.529,-144.75,84.402,38.502,-118.37,85.76,265.31,406.38,246.19,247.04
155.93,127.54,-22.282,-143.38,85.06,35.071,-120.84,78.92,263.8,405.15,244.79,245.87
155.48,124.05,-23.878,-141.9,85.452,31.762,-122.96,71.496,261.37,403.04,242.69,244.11
154.52,120.42,-25.235,-140.21,85.457,28.638,-124.81,63.443,257.79,399.74,239.66,241.55
153.1,116.43,-26.367,-138.19,85.121,25.625,-126.47,54.677,252.97,395.01,235.61,238.01
151.41,111.9,-27.37,-135.73,84.603,22.545,-127.97,45.26,247.01,388.69,230.61,233.42
149.59,106.84,-28.369,-132.83,84.075,19.243,-129.28,35.568,240.01,380.81,224.81,227.75
147.69,101.5,-29.466,-129.54,83.645,15.752,-130.35,26.233,232.04,371.4,218.32,221.03
145.69,96.27,-30.693,-125.91,83.335,12.332,-131.09,17.79,223.21,360.4,211.22,213.34
143.52,91.428,-31.997,-121.93,83.107,9.2829,-131.48,10.361,213.69,347.77,203.55,204.84
141.04,86.954,-33.274,-117.59,82.87,6.7314,-131.48,3.6709,203.74,333.7,195.38,195.77
138.1,82.723,-34.404,-112.86,82.518,4.639,-131.12,-2.6921,193.74,318.71,186.77,186.37
134.66,78.677,-35.296,-107.88,81.979,2.9135,-130.39,-9.0561,183.97,303.5,177.87,176.85
130.87,74.835,-35.902,-102.91,81.244,1.4717,-129.27,-15.579,174.5,288.62,168.77,167.33
126.98,71.188,-36.209,-98.216,80.327,0.2509,-127.67,-22.277,165.11,274.23,159.49,157.84
123.12,67.604,-36.219,-93.902,79.208,-0.79871,-125.49,-29.074,155.41,260.16,149.92,148.26
119.19,63.845,-35.933,-89.848,77.8,-1.7273,-122.62,-35.79,144.98,246.02,139.92,138.37
114.99,59.687,-35.352,-85.805,75.958,-2.5839,-119.04,-42.171,133.51,231.43,129.36,127.95
110.32,55.048,-34.489,-81.52,73.506,-3.4006,-114.89,-48.012,120.96,216.09,118.17,116.9
104.99,50.043,-33.37,-76.824,70.299,-4.1851,-110.39,-53.265,107.76,199.9,106.42,105.28
98.894,44.899,-32.035,-71.703,66.338,-4.9284,-105.73,-58.001,94.773,182.99,94.288,93.296
92.008,39.83,-30.554,-66.307,61.821,-5.6203,-101.02,-62.296,82.836,165.72,82.15,81.275
84.554,34.967,-29.044,-60.876,57.055,-6.2597,-96.23,-66.175,72.139,148.59,70.471,69.622
77.077,30.372,-27.624,-55.658,52.358,-6.856,-91.277,-69.645,62.272,131.98,59.609,58.706
70.213,26.045,-26.333,-50.85,48.038,-7.4186,-86.085,-72.732,52.687,115.98,49.684,48.726
64.312,21.932,-25.074,-46.549,44.268,-7.9417,-80.648,-75.484,43.082,100.3,40.659,39.729
59.292,17.949,-23.643,-42.714,40.924,-8.3961,-75.052,-77.948,33.571,84.612,32.497,31.709
54.747,14.03,-21.841,-39.173,37.618,-8.7406,-69.445,-80.155,24.671,69.27,25.236,24.674
50.14,10.253,-19.581,-35.646,33.876,-8.9474,-63.973,-82.113,16.995,55.304,18.943,18.619
45.022,6.9308,-16.96,-31.8,29.324,-9.0275,-58.707,-83.815,10.765,43.326,13.629,13.491
39.32,4.3899,-14.273,-27.367,23.895,-9.0397,-53.635,-85.256,5.7332,33.041,9.2025,9.1714
33.407,2.6149,-11.913,-22.327,18.134,-9.078,-48.698,-86.44,1.5001,23.901,5.4923,5.4913
27.698,1.3303,-10.198,-17.042,13.061,-9.2366,-43.844,-87.389,-2.2598,15.835,2.2965,2.2627
22.356,0.28529,-9.2267,-12.143,9.3606,-9.5704,-39.089,-88.135,-5.7548,9.1744,-0.57513,-0.68907
17.482,-0.65217,-8.8437,-8.1446,7.028,-10.068,-34.571,-88.701,-9.1069,3.928,-3.2731,-3.5034
13.287,-1.5316,-8.7251,-5.1871,5.6278,-10.655,-30.497,-89.091,-12.376,-0.40326,-5.8926,-6.2698
9.8991,-2.3669,-8.5272,-3.1105,4.5989,-11.226,-26.982,-89.274,-15.56,-4.3642,-8.466,-9.0196
7.2012,-3.1613,-8.0314,-1.6362,3.4948,-11.691,-23.983,-89.191,-18.588,-8.2394,-10.968,-11.726
4.9532,-3.9205,-7.2449,-0.50112,2.149,-12.03,-21.375,-88.763,-21.343,-12.066,-13.336,-14.321
3.0251,-4.6604,-6.3973,0.45996,0.69694,-12.3,-19.055,-87.925,-23.712,-15.75,-15.506,-16.723
1.4786,-5.4038,-5.8235,1.2926,-0.53605,-12.609,-16.974,-86.643,-25.633,-19.159,-17.439,-18.872
0.49027,-6.166,-5.8233,1.9604,-1.194,-13.059,-15.114,-84.93,-27.088,-22.19,-19.135,-20.75
0.24322,-6.9409,-6.5673,2.3983,-1.0275,-13.694,-13.458,-82.853,-28.098,-24.792,-20.623,-22.378
0.84586,-7.7023,-8.0544,2.5527,0.044141,-14.496,-11.97,-80.529,-28.711,-26.977,-21.944,-23.796
2.2567,-8.4163,-10.104,2.4149,1.9234,-15.394,-10.613,-78.104,-29.007,-28.805,-23.139,-25.05
4.2224,-9.0569,-12.39,2.0481,4.314,-16.293,-9.351,-75.716,-29.09,-30.356,-24.242,-26.177
6.29,-9.6176,-14.523,1.588,6.7321,-17.094,-8.1665,-73.451,-29.054,-31.686,-25.274,-27.201
7.9434,-10.113,-16.15,1.2031,8.6388,-17.716,-7.0531,-71.314,-28.948,-32.808,-26.239,-28.126
8.7927,-10.57,-17.051,1.0349,9.6258,-18.117,-6.0094,-69.233,-28.759,-33.699,-27.129,-28.948
8.6828,-11.008,-17.188,1.1516,9.5376,-18.303,-5.0311,-67.097,-28.426,-34.327,-27.933,-29.654
7.6867,-11.434,-16.685,1.5412,8.4981,-18.326,-4.1083,-64.807,-27.879,-34.671,-28.641,-30.234
6.0595,-11.844,-15.787,2.1352,6.8566,-18.262,-3.225,-62.323,-27.076,-34.735,-29.242,-30.678
4.1758,-12.239,-14.81,2.8396,5.0735,-18.196,-2.362,-59.666,-26.023,-34.543,-29.73,-30.988
2.4218,-12.625,-14.026,3.5566,3.5759,-18.198,-1.5034,-56.902,-24.777,-34.138,-30.1,-31.172
1.0769,-13.009,-13.579,4.1989,2.6379,-18.299,-0.64538,-54.108,-23.429,-33.582,-30.36,-31.259
0.26023,-13.385,-13.457,4.7013,2.3053,-18.474,0.20042,-51.347,-22.075,-32.946,-30.533,-31.288
-0.052199,-13.738,-13.52,5.0315,2.4026,-18.654,1.0141,-48.66,-20.789,-32.307,-30.658,-31.311
0.0047834,-14.047,-13.568,5.2006,2.6708,-18.767,1.7755,-46.068,-19.613,-31.735,-30.784,-31.371
0.20973,-14.3,-13.411,5.265,2.8755,-18.757,2.4668,-43.579,-18.554,-31.28,-30.959,-31.497
0.31095,-14.494,-12.924,5.3098,2.8225,-18.601,3.0757,-41.194,-17.602,-30.962,-31.209,-31.698
0.12325,-14.638,-12.086,5.4136,2.4001,-18.299,3.6009,-38.904,-16.735,-30.76,-31.532,-31.959
-0.39785,-14.747,-10.997,5.6151,1.6377,-17.891,4.052,-36.689,-15.929,-30.631,-31.902,-32.26
-1.1459,-14.845,-9.8641,5.902,0.71161,-17.462,4.4412,-34.529,-15.169,-30.536,-32.286,-32.582
-1.9063,-14.965,-8.9527,6.225,-0.11124,-17.127,4.7777,-32.401,-14.442,-30.446,-32.654,-32.912
-2.4369,-15.141,-8.4939,6.5224,-0.56688,-16.988,5.0715,-30.278,-13.74,-30.341,-32.982,-33.241
-2.5659,-15.387,-8.5908,6.7427,-0.49514,-17.09,5.3398,-28.115,-13.045,-30.194,-33.253,-33.563
-2.2694,-15.686,-9.1606,6.8619,0.085758,-17.398,5.6084,-25.871,-12.335,-29.973,-33.455,-33.871
-1.687,-15.999,-9.953,6.8915,0.96545,-17.804,5.904,-23.526,-11.594,-29.663,-33.586,-34.158
-1.0688,-16.277,-10.643,6.8746,1.8086,-18.171,6.2459,-21.106,-10.822,-29.275,-33.648,-34.42
-0.68527,-16.492,-10.957,6.8749,2.2824,-18.38,6.6414,-18.672,-10.032,-28.837,-33.642,-34.644
-0.74134,-16.65,-10.777,6.9622,2.1808,-18.377,7.0857,-16.298,-9.2353,-28.367,-33.558,-34.809
-1.3146,-16.786,-10.164,7.1921,1.4923,-18.198,7.5661,-14.043,-8.4324,-27.862,-33.381,-34.879
-2.321,-16.939,-9.3183,7.5799,0.40306,-17.945,8.0714,-11.948,-7.6127,-27.295,-33.093,-34.819
-3.5199,-17.127,-8.515,8.0796,-0.75614,-17.742,8.6035,-10.037,-6.7639,-26.619,-32.684,-34.598
-4.5785,-17.325,-8.0434,8.588,-1.6072,-17.682,9.1788,-8.3206,-5.8824,-25.801,-32.156,-34.208
-5.189,-17.479,-8.1042,8.9793,-1.8489,-17.798,9.8169,-6.7909,-4.9766,-24.832,-31.535,-33.671
-5.1837,-17.53,-8.7149,9.1531,-1.3707,-18.044,10.523,-5.4197,-4.0638,-23.731,-30.863,-33.036
-4.5979,-17.435,-9.6818,9.0745,-0.31091,-18.31,11.278,-4.164,-3.1609,-22.527,-30.184,-32.357
-3.6549,-17.18,-10.648,8.7875,0.98107,-18.448,12.049,-2.975,-2.2741,-21.247,-29.517,-31.67
-2.683,-16.779,-11.21,8.3962,2.0691,-18.318,12.804,-1.8085,-1.3915,-19.891,-28.846,-30.971
-1.9929,-16.262,-11.067,8.0186,2.5939,-17.829,13.528,-0.63139,-0.4837,-18.438,-28.125,-30.22
-1.7607,-15.649,-10.132,7.7324,2.4015,-16.959,14.228,0.57544,0.49021,-16.865,-27.296,-29.357
-1.9701,-14.944,-8.5496,7.5438,1.5826,-15.763,14.919,1.8159,1.5654,-15.158,-26.313,-28.321
-2.4373,-14.132,-6.6301,7.3938,0.41609,-14.351,15.614,3.0801,2.7562,-13.319,-25.16,-27.082
-2.8988,-13.196,-4.7326,7.1934,-0.74749,-12.859,16.305,4.3489,4.0463,-11.381,-23.864,-25.656
-3.1238,-12.132,-3.1538,6.8689,-1.6001,-11.418,16.959,5.6018,5.3946,-9.3985,-22.48,-24.103
-3.018,-10.954,-2.0435,6.4001,-1.9765,-10.118,17.524,6.8233,6.742,-7.444,-21.078,-22.51
-2.6743,-9.7031,-1.3429,5.8343,-1.9365,-8.9775,17.949,8.0045,8.0254,-5.5901,-19.72,-20.959
-2.3259,-8.4425,-0.78055,5.2686,-1.776,-7.9331,18.201,9.1394,9.1903,-3.8948,-18.441,-19.502
-2.2359,-7.2424,0.0025521,4.8084,-1.894,-6.8819,18.276,10.221,10.203,-2.3906,-17.248,-18.148
-2.5862,-6.1519,1.2552,4.52,-2.5757,-5.7424,18.193,11.242,11.056,-1.0806,-16.135,-16.881
-3.3897,-5.1758,3.0151,4.396,-3.8592,-4.4978,17.975,12.187,11.76,0.061106,-15.093,-15.676
-4.4608,-4.2828,5.1071,4.3518,-5.5296,-3.2013,17.641,13.04,12.335,1.0832,-14.122,-14.53
-5.4701,-3.4349,7.19,4.2596,-7.1925,-1.9553,17.204,13.781,12.807,2.0459,-13.225,-13.451
-6.0672,-2.6192,8.8615,4.0083,-8.4037,-0.87682,16.675,14.385,13.201,3.0023,-12.398,-12.45
-6.0148,-1.8585,9.8174,3.5551,-8.818,-0.059739,16.084,14.834,13.542,3.9857,-11.613,-11.519
-5.2722,-1.1989,9.9651,2.9445,-8.3079,0.45603,15.476,15.117,13.845,4.9964,-10.829,-10.628
-3.993,-0.68492,9.44,2.2873,-6.9943,0.68835,14.906,15.233,14.11,6.002,-10.004,-9.7373
-2.4556,-0.33521,8.5298,1.7073,-5.1895,0.70958,14.413,15.187,14.316,6.9532,-9.1168,-8.8166
-0.96971,-0.12867,7.5737,1.2868,-3.302,0.62315,14.003,14.991,14.434,7.8077,-8.1795,-7.8593
0.20842,-0.0092712,6.8736,1.0381,-1.7232,0.53835,13.654,14.666,14.443,8.5469,-7.231,-6.8852
0.93317,0.090792,6.6176,0.9197,-0.71823,0.54396,13.33,14.255,14.353,9.1914,-6.3185,-5.9308
1.175,0.21808,6.8391,0.8764,-0.38339,0.68579,12.996,13.8,14.201,9.7894,-5.4785,-5.0342
0.97596,0.3771,7.4283,0.87489,-0.68394,0.95248,12.623,13.342,14.033,10.391,-4.7316,-4.2238
0.40361,0.53513,8.2025,0.91464,-1.5068,1.2824,12.193,12.908,13.877,11.021,-4.0742,-3.5176
-0.46352,0.6445,8.9935,1.0167,-2.6923,1.5952,11.703,12.512,13.741,11.668,-3.4898,-2.9127
-1.5304,0.66497,9.6962,1.2048,-4.064,1.8274,11.169,12.163,13.613,12.293,-2.9552,-2.388
-2.6823,0.57978,10.28,1.492,-5.4536,1.9564,10.631,11.861,13.484,12.852,-2.4444,-1.9042
-3.7907,0.40131,10.762,1.8683,-6.7131,2.0011,10.143,11.606,13.352,13.321,-1.9327,-1.4107
-4.7193,0.16617,11.158,2.2906,-7.7118,2.0009,9.7523,11.39,13.224,13.708,-1.4034,-0.86385
-5.3325,-0.078555,11.433,2.6852,-8.3266,1.9848,9.4783,11.194,13.106,14.043,-0.85447,-0.25385
-5.5283,-0.29364,11.491,2.9706,-8.4495,1.9474,9.3006,10.982,12.994,14.348,-0.30564,0.39444
-5.2879,-0.46298,11.227,3.0947,-8.0347,1.8597,9.1716,10.714,12.877,14.624,0.21863,1.0275
-4.7027,-0.59796,10.615,3.0637,-7.1533,1.6985,9.0381,10.37,12.733,14.844,0.69654,1.5872
-3.961,-0.72881,9.7526,2.9458,-6.0062,1.4686,8.8604,9.9564,12.541,14.964,1.1172,2.0331
-3.2917,-0.88783,8.8334,2.8435,-4.8664,1.2035,8.6188,9.4973,12.275,14.94,1.4799,2.3523
-2.8818,-1.092,8.0513,2.8449,-3.981,0.94694,8.3069,9.0159,11.91,14.747,1.7833,2.5518
-2.8045,-1.3307,7.5222,2.9781,-3.4869,0.73616,7.9237,8.5213,11.434,14.387,2.0257,2.6533
-2.9959,-1.5615,7.25,3.1946,-3.3808,0.5971,7.4761,8.0113,10.862,13.888,2.2062,2.6837
-3.2964,-1.721,7.1532,3.3939,-3.5496,0.54202,6.9881,7.4827,10.241,13.307,2.3407,2.6789
-3.5414,-1.7511,7.1285,3.4775,-3.8376,0.57436,6.5006,6.933,9.6363,12.71,2.4575,2.6742
-3.6462,-1.6319,7.1076,3.3989,-4.1226,0.68716,6.0548,6.3686,9.1001,12.153,2.5907,2.6966
-3.6317,-1.3966,7.0799,3.1839,-4.3598,0.85964,5.672,5.7936,8.6414,11.659,2.7602,2.7516
-3.5838,-1.1177,7.07,2.912,-4.5705,1.0589,5.3441,5.2148,8.2182,11.212,2.9553,2.8174
-3.5896,-0.86861,7.1057,2.6736,-4.7925,1.2517,5.0412,4.644,7.7595,10.774,3.1408,2.8554
-3.6868,-0.6923,7.1945,2.5266,-5.0322,1.4156,4.7263,4.0975,7.2025,10.31,3.2669,2.8334
-3.8372,-0.59062,7.3075,2.4713,-5.2435,1.5398,4.3703,3.5959,6.5229,9.8012,3.2951,2.7342
-3.9339,-0.53107,7.3813,2.4541,-5.3346,1.6217,3.9585,3.1526,5.7416,9.2498,3.2131,2.5644
-3.8429,-0.46376,7.3339,2.3902,-5.2019,1.664,3.491,2.7699,4.9116,8.6741,3.0388,2.3482
-3.4632,-0.34327,7.0961,2.2034,-4.7777,1.6746,2.9819,2.4429,4.0991,8.1022,2.8151,2.1192
-2.7814,-0.15065,6.6471,1.867,-4.069,1.665,2.4582,2.1705,3.3659,7.5678,2.5974,1.9131
-1.8913,0.092487,6.034,1.4265,-3.1673,1.6452,1.9563,1.966,2.7577,7.1031,2.4368,1.7658
-0.96672,0.32925,5.3565,0.98895,-2.221,1.6165,1.5127,1.8557,2.2957,6.7318,2.3678,1.7012
-0.19713,0.48853,4.7282,0.67742,-1.3848,1.5676,1.1532,1.8646,1.9715,6.4631,2.3936,1.7321
0.27799,0.51298,4.2251,0.57735,-0.77348,1.4775,0.88394,1.9894,1.7538,6.2887,2.4914,1.8568
0.40709,0.38343,3.8656,0.70359,-0.43803,1.3274,0.69094,2.1928,1.5991,6.183,2.6224,2.0571
0.22621,0.12948,3.6263,1.0035,-0.36834,1.1193,0.54746,2.4213,1.4631,6.1073,2.7454,2.301
-0.17381,-0.18115,3.4862,1.386,-0.52087,0.8905,0.42715,2.6327,1.3143,6.0197,2.8324,2.552
-0.69946,-0.46826,3.4685,1.7638,-0.8584,0.70507,0.31474,2.8103,1.1394,5.8862,2.8764,2.7805
-1.3009,-0.67082,3.6374,2.0879,-1.3746,0.62819,0.20778,2.9579,0.93557,5.6848,2.8853,2.9673
-1.9822,-0.77073,4.0504,2.3595,-2.0852,0.69263,0.10878,3.083,0.6985,5.4049,2.8634,3.0964
-2.7698,-0.797,4.7022,2.616,-2.9944,0.87911,0.018427,3.1908,0.42011,5.0497,2.8088,3.1609
-3.6682,-0.80839,5.5033,2.9028,-4.0567,1.1224,-0.062226,3.2808,0.098361,4.6426,2.7145,3.1654
-4.6327,-0.86622,6.3009,3.2441,-5.1627,1.3374,-0.12764,3.3567,-0.2451,4.2281,2.5803,3.1294
-5.5671,-1.0102,6.9277,3.6306,-6.16,1.4504,-0.16905,3.43,-0.56493,3.8579,2.4195,3.0825
-6.3436,-1.246,7.2541,4.022,-6.8937,1.4223,-0.18113,3.5124,-0.81623,3.569,2.2565,3.0518
-6.8325,-1.5429,7.2248,4.3598,-7.2436,1.2589,-0.16778,3.6081,-0.97312,3.3677,2.1181,3.0508
-6.9345,-1.8405,6.8663,4.5799,-7.1479,1.007,-0.14201,3.7082,-1.0426,3.231,2.0239,3.0775
-6.6076,-2.0681,6.2678,4.6281,-6.6155,0.73573,-0.12229,3.7968,-1.0561,3.1188,1.9789,3.1167
-5.8869,-2.1707,5.5389,4.4796,-5.7224,0.50838,-0.12716,3.8594,-1.0564,2.9877,1.9684,3.1459
-4.8846,-2.1304,4.7632,4.1535,-4.5918,0.35536,-0.1731,3.8863,-1.0845,2.7979,1.9595,3.1399
-3.7621,-1.9738,3.972,3.7106,-3.363,0.2618,-0.27132,3.872,-1.1664,2.5223,1.9111,3.0788
-2.6867,-1.7614,3.1553,3.2342,-2.1642,0.17837,-0.42374,3.815,-1.3133,2.1578,1.7924,2.9549
-1.796,-1.5657,2.2997,2.8055,-1.102,0.050371,-0.62029,3.7203,-1.52,1.732,1.5993,2.778
-1.1793,-1.4449,1.4209,2.4847,-0.25707,-0.1521,-0.84043,3.6014,-1.7647,1.2976,1.3578,2.5717
-0.86403,-1.4194,0.56957,2.2973,0.32763,-0.4209,-1.0601,3.4804,-2.016,0.91756,1.1115,2.3637
-0.80418,-1.466,-0.18468,2.2268,0.65757,-0.71475,-1.2616,3.3831,-2.2425,0.6353,0.89992,2.1741
-0.89172,-1.5329,-0.77603,2.2201,0.78162,-0.97557,-1.4404,3.3283,-2.4243,0.45683,0.74058,2.0097
-0.99286,-1.5651,-1.1655,2.2107,0.77448,-1.1531,-1.6052,3.317,-2.5628,0.35202,0.62424,1.8664
-0.99304,-1.5316,-1.3557,2.1481,0.71593,-1.2275,-1.7699,3.3294,-2.678,0.27828,0.52379,1.7372
-0.83203,-1.4376,-1.3869,2.0175,0.67044,-1.2158,-1.9411,3.3327,-2.794,0.21162,0.41243,1.622
-0.51859,-1.3196,-1.316,1.8397,0.67087,-1.1584,-2.1086,3.2982,-2.9209,0.1627,0.28164,1.5318
-0.12538,-1.228,-1.1936,1.6597,0.71206,-1.097,-2.2459,3.214,-3.0481,0.16627,0.14769,1.4841
0.23211,-1.2063,-1.0529,1.5337,0.7569,-1.0587,-2.323,3.09,-3.1501,0.2523,0.042494,1.4925
0.42723,-1.2761,-0.91091,1.5193,0.75331,-1.0519,-2.3224,2.9535,-3.2056,0.42114,-0.0037451,1.5577
0.35967,-1.4329,-0.77924,1.6624,0.6578,-1.0734,-2.2487,2.839,-3.211,0.63789,0.022915,1.6658
-0.012006,-1.6585,-0.67654,1.9832,0.45802,-1.1205,-2.1275,2.7734,-3.1808,0.84328,0.11304,1.7928
-0.65397,-1.9381,-0.63435,2.4688,0.18327,-1.202,-1.9993,2.7613,-3.1515,0.9697,0.23356,1.9086
-1.4637,-2.2655,-0.68675,3.0731,-0.10605,-1.336,-1.9078,2.7752,-3.1728,0.95724,0.33559,1.9837
-2.3015,-2.6318,-0.84719,3.7231,-0.34717,-1.5335,-1.8873,2.7624,-3.2981,0.77102,0.37116,1.9967
-3.0383,-3.011,-1.0878,4.3335,-0.50791,-1.7811,-1.9516,2.6665,-3.566,0.41695,0.31365,1.9437
-3.5975,-3.3605,-1.3339,4.8282,-0.61009,-2.0382,-2.0896,2.4552,-3.9847,-0.051211,0.17036,1.8411
-3.9733,-3.6341,-1.4773,5.16,-0.7304,-2.2495,-2.2709,2.139,-4.5272,-0.54803,-0.022249,1.7186
-4.2191,-3.8016,-1.4049,5.3235,-0.9711,-2.3623,-2.4588,1.7739,-5.133,-0.99086,-0.21855,1.6051
-4.4145,-3.8611,-1.0452,5.353,-1.4077,-2.3409,-2.6254,1.4456,-5.7275,-1.3365,-0.38668,1.5162
-4.6175,-3.8362,-0.41316,5.3032,-2.0372,-2.1802,-2.7609,1.2398,-6.2503,-1.5983,-0.5209,1.4499
-4.8214,-3.7588,0.36704,5.219,-2.752,-1.9148,-2.8779,1.2052,-6.6806,-1.8399,-0.63869,1.3895
-4.9406,-3.6539,1.0755,5.1148,-3.3528,-1.6202,-3.0084,1.3286,-7.0424,-2.1412,-0.76825,1.312
-4.8399,-3.5373,1.4506,4.9741,-3.601,-1.3983,-3.1929,1.5411,-7.3888,-2.5653,-0.93526,1.1942
-4.4,-3.4201,1.2764,4.7668,-3.303,-1.3466,-3.4619,1.7556,-7.7745,-3.1346,-1.1543,1.0175
-3.582,-3.307,0.47311,4.4702,-2.3979,-1.5167,-3.8197,1.9102,-8.2337,-3.825,-1.4242,0.7712
-2.4605,-3.1929,-0.85574,4.0852,-1.0007,-1.884,-4.2379,1.9931,-8.7731,-4.5767,-1.7275,0.45787
-1.2105,-3.0668,-2.4492,3.6442,0.62675,-2.3524,-4.6632,2.0395,-9.3774,-5.3122,-2.0356,0.094364
-0.057123,-2.9248,-3.9799,3.2078,2.1585,-2.7976,-5.0395,2.1074,-10.022,-5.968,-2.3231,-0.2939
0.79687,-2.7773,-5.1697,2.8439,3.3101,-3.1235,-5.3301,2.2465,-10.686,-6.5091,-2.5823,-0.6843
1.245,-2.6406,-5.882,2.5965,3.932,-3.2998,-5.5332,2.4763,-11.354,-6.9374,-2.8293,-1.067
1.3215,-2.5221,-6.1527,2.4598,4.0562,-3.3631,-5.6825,2.7802,-12.023,-7.2859,-3.0969,-1.4474
1.186,-2.4154,-6.1537,2.3789,3.8694,-3.3872,-5.8314,3.1159,-12.693,-7.6,-3.4167,-1.8386
1.0505,-2.3057,-6.1134,2.2771,3.6278,-3.4424,-6.0266,3.434,-13.36,-7.9078,-3.7984,-2.2468
1.0878,-2.18,-6.2236,2.0975,3.5552,-3.566,-6.2803,3.7027,-13.998,-8.1957,-4.2171,-2.6585
1.3671,-2.0349,-6.5658,1.8318,3.7632,-3.7511,-6.5587,3.9265,-14.546,-8.4033,-4.6159,-3.0399
1.8396,-1.8773,-7.086,1.5202,4.218,-3.9517,-6.7964,4.1469,-14.923,-8.45,-4.9286,-3.3504
2.3693,-1.7188,-7.6278,1.2273,4.7668,-4.1022,-6.9325,4.4184,-15.067,-8.2773,-5.1094,-3.5635
2.799,-1.5667,-8.0134,1.0084,5.2151,-4.1447,-6.9448,4.7744,-14.97,-7.8836,-5.1531,-3.6813
3.0308,-1.418,-8.1337,0.88409,5.4342,-4.0506,-6.8579,5.2126,-14.685,-7.3283,-5.0936,-3.7322
3.0723,-1.2587,-7.9897,0.83138,5.4267,-3.8273,-6.724,5.7047,-14.304,-6.7086,-4.9838,-3.7556
3.0165,-1.0687,-7.6659,0.79419,5.2963,-3.5065,-6.5926,6.2151,-13.925,-6.1266,-4.8706,-3.7848
2.9772,-0.83122,-7.2694,0.71184,5.1655,-3.1246,-6.4894,6.7133,-13.619,-5.6617,-4.7794,-3.8365
3.0259,-0.54254,-6.8744,0.55145,5.1113,-2.7076,-6.4102,7.1809,-13.418,-5.3548,-4.7116,-3.9098
3.1572,-0.21658,-6.4979,0.3245,5.137,-2.2671,-6.3269,7.6137,-13.315,-5.2039,-4.6534,-3.9917
3.2936,0.11795,-6.1034,0.081859,5.1738,-1.8078,-6.2014,8.0198,-13.275,-5.1685,-4.5894,-4.0659
3.3228,0.42538,-5.6301,-0.11017,5.1088,-1.3393,-6.0037,8.4116,-13.253,-5.1831,-4.5146,-4.1219
3.1482,0.6686,-5.0295,-0.19459,4.8347,-0.8855,-5.7312,8.7958,-13.207,-5.1778,-4.4419,-4.1622
2.7283,0.81747,-4.2943,-0.13975,4.2998,-0.48161,-5.4185,9.1637,-13.106,-5.1045,-4.4004,-4.2043
2.0876,0.85966,-3.4587,0.055339,3.527,-0.1588,-5.1253,9.4882,-12.933,-4.9483,-4.4231,-4.2748
1.303,0.81311,-2.5739,0.36087,2.5949,0.077205,-4.9072,9.7314,-12.694,-4.7337,-4.5289,-4.3948
0.48263,0.72603,-1.6822,0.71805,1.6088,0.25477,-4.7846,9.8584,-12.413,-4.509,-4.7073,-4.5652
-0.25565,0.65418,-0.81883,1.0509,0.68112,0.42009,-4.7321,9.8511,-12.12,-4.3151,-4.9136,-4.7586
-0.80984,0.63003,-0.036954,1.2952,-0.080058,0.60337,-4.694,9.7134,-11.832,-4.1603,-5.0835,-4.9275
-1.1222,0.64452,0.5711,1.4313,-0.58003,0.78931,-4.6156,9.4676,-11.544,-4.0152,-5.1588,-5.0254
-1.1981,0.64673,0.88505,1.4954,-0.75271,0.91233,-4.4714,9.1456,-11.236,-3.8333,-5.1137,-5.0284
-1.1041,0.56211,0.80271,1.563,-0.58263,0.88436,-4.2728,8.78,-10.89,-3.5811,-4.9653,-4.9466
-0.94325,0.326,0.29596,1.715,-0.12048,0.64192,-4.053,8.3983,-10.5,-3.258,-4.7634,-4.8177
-0.81861,-0.081336,-0.55772,2.0004,0.52311,0.18566,-3.842,8.0226,-10.081,-2.8972,-4.5669,-4.6884
-0.80212,-0.61772,-1.5867,2.4149,1.2044,-0.41024,-3.6477,7.6723,-9.6551,-2.5435,-4.4192,-4.5942
-0.9193,-1.191,-2.5731,2.9033,1.7828,-1.0229,-3.4528,7.3661,-9.2459,-2.2344,-4.3359,-4.5478
-1.151,-1.6945,-3.3164,3.3833,2.1535,-1.5255,-3.2286,7.1201,-8.8691,-1.9881,-4.3085,-4.5418
-1.4475,-2.0461,-3.6909,3.7763,2.2698,-1.8314,-2.9568,6.9419,-8.5328,-1.8016,-4.318,-4.5592
-1.7486,-2.2136,-3.6774,4.0305,2.1451,-1.9197,-2.6446,6.8272,-8.239,-1.6559,-4.3489,-4.5849
-2.0053,-2.2157,-3.3573,4.1314,1.8376,-1.8331,-2.3252,6.7604,-7.9832,-1.5204,-4.3918,-4.61
-2.1977,-2.1041,-2.8672,4.1011,1.42,-1.6514,-2.043,6.7195,-7.7542,-1.3584,-4.439,-4.6287
-2.3438,-1.9386,-2.3341,3.9861,0.94785,-1.4546,-1.8308,6.6837,-7.5343,-1.1359,-4.4779,-4.6337
-2.4896,-1.7663,-1.8267,3.8416,0.44239,-1.2914,-1.6923,6.6401,-7.3049,-0.83185,-4.4898,-4.6139
-2.685,-1.6065,-1.35,3.7139,-0.10086,-1.168,-1.5979,6.5882,-7.0531,-0.44586,-4.4542,-4.5559
-2.9524,-1.4528,-0.87657,3.6267,-0.68294,-1.057,-1.4982,6.5407,-6.7774,0.004768,-4.3563,-4.4484
-3.2614,-1.2849,-0.39422,3.5754,-1.2685,-0.9225,-1.3476,6.5173,-6.4857,0.49678,-4.1936,-4.2878
-3.5213,-1.0871,0.051789,3.5297,-1.766,-0.74952,-1.128,6.5331,-6.1875,1.0127,-3.9801,-4.0847
-3.5974,-0.86159,0.35279,3.4448,-2.0378,-0.5621,-0.86061,6.5879,-5.8885,1.5439,-3.7467,-3.8671
-3.3581,-0.63057,0.37907,3.28,-1.9438,-0.41521,-0.60015,6.663,-5.5931,2.0846,-3.536,-3.6762
-2.7343,-0.42256,0.047248,3.0176,-1.4023,-0.36327,-0.41023,6.7325,-5.3087,2.6285,-3.3898,-3.5518
-1.7634,-0.25493,-0.62669,2.6721,-0.43989,-0.42625,-0.33103,6.7801,-5.0436,3.1722,-3.3314,-3.5135
-0.58942,-0.12636,-1.5187,2.2855,0.79743,-0.57492,-0.35775,6.8112,-4.7986,3.7224,-3.3545,-3.5505
0.57959,-0.020809,-2.4376,1.9113,2.0816,-0.74353,-0.44452,6.8499,-4.5628,4.2969,-3.4267,-3.6253
1.5334,0.07949,-3.1956,1.5981,3.1689,-0.86452,-0.53097,6.9255,-4.3205,4.9142,-3.5065,-3.6913
2.1103,0.17467,-3.6718,1.386,3.8654,-0.90729,-0.57362,7.0545,-4.0639,5.5769,-3.5642,-3.7141
2.2227,0.23422,-3.8424,1.3102,4.0685,-0.89576,-0.56343,7.2291,-3.8044,6.2584,-3.5944,-3.6876
1.8611,0.20693,-3.7649,1.4016,3.7757,-0.89156,-0.52276,7.4195,-3.5706,6.9083,-3.6148,-3.6358
1.0904,0.051115,-3.5303,1.6752,3.0691,-0.95432,-0.48713,7.5874,-3.395,7.4713,-3.6525,-3.6013
0.044107,-0.23518,-3.2109,2.111,2.0894,-1.105,-0.48424,7.7037,-3.2971,7.9082,-3.7291,-3.6254
-1.0934,-0.60433,-2.8373,2.6419,1.0072,-1.3128,-0.52066,7.758,-3.2719,8.2064,-3.8529,-3.7313
-2.1192,-0.97776,-2.4156,3.1605,-0.0062316,-1.5124,-0.5804,7.761,-3.289,8.3785,-4.019,-3.9159
-2.8553,-1.2795,-1.964,3.5512,-0.80504,-1.6407,-0.63387,7.737,-3.2991,8.4507,-4.2132,-4.1515
-3.1896,-1.4628,-1.5435,3.735,-1.2844,-1.673,-0.65216,7.7126,-3.2485,8.4512,-4.4152,-4.3956
-3.1077,-1.5224,-1.2617,3.7028,-1.3904,-1.6415,-0.61899,7.7057,-3.0947,8.4012,-4.6007,-4.6046
-2.7038,-1.4968,-1.2406,3.5179,-1.1319,-1.6225,-0.53508,7.7183,-2.8196,8.3132,-4.7446,-4.7465
-2.1497,-1.454,-1.5627,3.2891,-0.58501,-1.6995,-0.40921,7.7387,-2.4336,8.1931,-4.8273,-4.8089
-1.6329,-1.4654,-2.2292,3.1293,0.12433,-1.9207,-0.25027,7.75,-1.9691,8.0428,-4.8422,-4.8027
-1.2965,-1.5716,-3.1448,3.1149,0.85518,-2.2683,-0.057365,7.7412,-1.4636,7.8625,-4.7903,-4.7473
-1.2018,-1.754,-4.1339,3.2615,1.4908,-2.6519,0.18738,7.7174,-0.94187,7.6545,-4.6746,-4.6585
-1.3057,-1.9308,-4.9847,3.5153,1.9759,-2.9322,0.51823,7.7035,-0.40523,7.4264,-4.4992,-4.5348
-1.4619,-1.984,-5.5085,3.7638,2.3364,-2.968,0.97494,7.7369,0.1631,7.191,-4.2631,-4.3629
-1.4699,-1.8015,-5.5882,3.868,2.6494,-2.6617,1.5869,7.8541,0.7825,6.9599,-3.9699,-4.1276
-1.1691,-1.3123,-5.1959,3.7115,2.9677,-1.9732,2.3634,8.0782,1.4607,6.7414,-3.6286,-3.8242
-0.52909,-0.50084,-4.3803,3.2497,3.2708,-0.89382,3.2967,8.416,2.1929,6.5489,-3.2477,-3.4617
0.31111,0.60334,-3.2005,2.5358,3.4612,0.59622,4.3775,8.8656,2.9762,6.419,-2.824,-3.0515
1.0702,1.9586,-1.586,1.7059,3.3542,2.5441,5.6154,9.4283,3.8302,6.4228,-2.3332,-2.5901
1.4197,3.5625,0.71419,0.92172,2.6926,5.0029,7.0448,10.117,4.8069,6.6542,-1.7316,-2.0529
1.1003,5.5094,3.9553,0.29992,1.2344,8.0142,8.7174,10.955,5.9795,7.195,-0.96935,-1.3952
0.0032982,8.0196,8.2164,-0.14021,-1.1164,11.627,10.671,11.975,7.4174,8.0767,-0.011915,-0.56798
-1.7861,11.364,13.369,-0.48804,-4.2262,15.896,12.886,13.205,9.1635,9.2682,1.1492,0.46121
-3.9794,15.621,19.108,-0.91848,-7.7587,20.82,15.269,14.665,11.223,10.694,2.4915,1.6934
-6.1355,20.5,25.007,-1.6549,-11.261,26.247,17.674,16.341,13.555,12.266,3.9713,3.0946
-7.7803,25.609,30.615,-2.9243,-14.261,31.842,19.958,18.166,16.062,13.905,5.5383,4.6103
-8.5456,30.79,35.539,-4.8957,-16.37,37.169,22.012,19.999,18.577,15.541,7.1474,6.178
-8.2652,35.988,39.462,-7.618,-17.356,41.889,23.767,21.644,20.891,17.113,8.7602,7.7401
-7.0055,41.092,42.177,-10.996,-17.192,45.873,25.182,22.908,22.808,18.559,10.341,9.2508
-5.0385,46.011,43.791,-14.824,-16.086,49.186,26.241,23.678,24.216,19.822,11.858,10.683
-2.758,50.718,44.895,-18.839,-14.455,52.065,26.941,23.963,25.122,20.864,13.285,12.033
-0.54537,55.228,46.411,-22.788,-12.802,54.852,27.283,23.866,25.608,21.665,14.604,13.308
1.335,59.559,49.034,-26.488,-11.543,57.826,27.253,23.508,25.772,22.219,15.8,14.506
2.7501,63.723,52.668,-29.85,-10.902,61.028,26.814,22.959,25.685,22.523,16.858,15.605
3.6707,67.726,56.588,-32.867,-10.906,64.274,25.908,22.221,25.388,22.581,17.765,16.566
4.1793,71.589,60.145,-35.557,-11.41,67.343,24.471,21.265,24.911,22.422,18.519,17.356
4.4672,75.373,63.04,-37.952,-12.151,70.111,22.46,20.066,24.303,22.091,19.138,17.972
4.7416,79.183,65.22,-40.087,-12.852,72.552,19.881,18.633,23.626,21.639,19.656,18.453
5.1144,83.058,66.789,-41.973,-13.329,74.675,16.833,17.005,22.947,21.105,20.114,18.865
5.5677,86.79,67.955,-43.547,-13.538,76.462,13.495,15.248,22.305,20.491,20.545,19.266
5.9887,89.911,68.964,-44.713,-13.557,77.838,10.079,13.455,21.702,19.783,20.956,19.685
6.2304,91.986,70.003,-45.417,-13.522,78.705,6.7762,11.738,21.092,18.97,21.327,20.1
6.1763,92.889,71.148,-45.684,-13.563,79.023,3.7508,10.212,20.41,18.064,21.614,20.447
5.7969,92.764,72.365,-45.588,-13.752,78.845,1.1186,8.9623,19.605,17.091,21.773,20.65
5.1717,91.813,73.46,-45.227,-14.09,78.259,-1.0908,8.0038,18.674,16.083,21.777,20.65
4.4718,90.186,73.941,-44.698,-14.511,77.284,-2.9349,7.2924,17.666,15.074,21.627,20.433
3.9184,87.983,73.1,-44.091,-14.897,75.844,-4.4938,6.7609,16.661,14.097,21.34,20.02
3.7202,85.314,70.547,-43.478,-15.098,73.824,-5.8123,6.3526,15.737,13.179,20.931,19.449
3.99,82.315,66.557,-42.893,-14.95,71.196,-6.8891,6.0328,14.947,12.328,20.404,18.755
4.6863,79.125,61.634,-42.335,-14.303,68.079,-7.7034,5.7844,14.3,11.535,19.746,17.958
5.6547,75.829,56.085,-41.765,-13.068,64.644,-8.2452,5.5984,13.769,10.778,18.947,17.066
6.7542,72.424,50.073,-41.122,-11.263,60.995,-8.5328,5.4608,13.3,10.027,18.012,16.084
7.9322,68.827,43.767,-40.314,-8.9671,57.156,-8.6112,5.3455,12.842,9.2564,16.969,15.023
9.1882,64.913,37.355,-39.204,-6.266,53.109,-8.5324,5.2163,12.36,8.4445,15.859,13.912
10.496,60.594,31.029,-37.643,-3.2882,48.837,-8.3327,5.0342,11.84,7.5803,14.728,12.788
11.751,55.878,25.01,-35.557,-0.25745,44.356,-8.0263,4.762,11.276,6.6542,13.606,11.685
12.764,50.882,19.545,-33.011,2.5166,39.742,-7.6195,4.3676,10.65,5.6526,12.496,10.614
13.299,45.764,14.862,-30.15,4.7108,35.132,-7.1326,3.8295,9.9335,4.5595,11.385,9.5666
13.151,40.638,11.109,-27.104,6.0735,30.716,-6.6028,3.1459,9.1024,3.3672,10.25,8.5152
12.229,35.565,8.3542,-23.954,6.4894,26.665,-6.074,2.3386,8.149,2.0859,9.0794,7.4352
10.62,30.596,6.5801,-20.739,6.014,23.014,-5.5836,1.4484,7.0925,0.74851,7.8779,6.3191
8.5582,25.788,5.6456,-17.457,4.8631,19.595,-5.1565,0.51857,5.9734,-0.60447,6.6664,5.1841
6.319,21.173,5.2771,-14.097,3.3518,16.102,-4.8089,-0.4273,4.8382,-1.946,5.4758,4.0675
4.1123,16.696,5.1563,-10.675,1.8055,12.434,-4.5523,-1.4053,3.7208,-3.279,4.3357,3.0096
2.0473,12.263,5.0356,-7.2547,0.4733,9.0794,-4.3934,-2.4772,2.6284,-4.6369,3.2635,2.0355
0.14727,8.0453,4.7959,-3.9653,-0.53976,6.6143,-4.3296,-3.7368,1.5406,-6.0662,2.2609,1.147
-1.6142,4.5782,4.4547,-0.98382,-1.3044,4.9788,-4.3454,-5.2794,0.42191,-7.5986,1.3203,0.32913
-3.2797,2.1179,4.1278,1.5533,-2.0048,3.8148,-4.4156,-7.1607,-0.75876,-9.2259,0.43509,-0.43574
-4.9123,0.38213,3.9458,3.6459,-2.806,2.8902,-4.514,-9.3507,-2.0109,-10.889,-0.39141,-1.1544
-6.5796,-1.0017,3.975,5.4024,-3.7725,2.1156,-4.6258,-11.704,-3.3124,-12.49,-1.1429,-1.8161
-8.2703,-2.2386,4.1863,6.9169,-4.8638,1.4587,-4.75,-13.979,-4.6076,-13.9,-1.7932,-2.3942
-9.8435,-3.3889,4.469,8.2002,-5.9491,0.8952,-4.8947,-15.927,-5.8168,-15.004,-2.3161,-2.8568
-11.079,-4.4463,4.666,9.2053,-6.8327,0.39154,-5.0697,-17.387,-6.8586,-15.737,-2.6992,-3.1827
-11.777,-5.3936,4.6156,9.8853,-7.3042,-0.097006,-5.2825,-18.35,-7.6833,-16.116,-2.9532,-3.3749
-11.835,-6.2341,4.1926,10.236,-7.207,-0.62325,-5.5375,-18.951,-8.3021,-16.246,-3.1113,-3.4636
-11.286,-6.9976,3.3421,10.311,-6.4979,-1.2386,-5.8347,-19.408,-8.7868,-16.271,-3.2171,-3.4956
-10.292,-7.722,2.0963,10.203,-5.2745,-1.9757,-6.1668,-19.923,-9.2341,-16.32,-3.3106,-3.5178
-9.0956,-8.4241,0.5681,10.015,-3.7541,-2.8308,-6.5161,-20.615,-9.7129,-16.46,-3.4167,-3.5624
-7.9413,-9.0831,-1.0816,9.8227,-2.2081,-3.7583,-6.8591,-21.502,-10.246,-16.696,-3.5444,-3.6424
-7.0135,-9.6566,-2.6898,9.6611,-0.88176,-4.6866,-7.1781,-22.543,-10.818,-17,-3.6948,-3.7566
-6.4072,-10.114,-4.127,9.5368,0.066298,-5.5463,-7.4688,-23.704,-11.403,-17.348,-3.8709,-3.8983
-6.1254,-10.459,-5.3127,9.451,0.59279,-6.2932,-7.7382,-24.989,-11.984,-17.728,-4.0804,-4.0629
-6.0803,-10.721,-6.2237,9.4006,0.77445,-6.9132,-7.9931,-26.419,-12.561,-18.133,-4.3283,-4.2466
-6.107,-10.929,-6.9071,9.3634,0.78728,-7.4143,-8.2329,-27.978,-13.133,-18.545,-4.6056,-4.4415
-6.0106,-11.09,-7.4715,9.2926,0.85084,-7.8126,-8.4512,-29.572,-13.69,-18.927,-4.8854,-4.6314
-5.641,-11.185,-8.0333,9.1344,1.1428,-8.121,-8.6397,-31.037,-14.201,-19.227,-5.1308,-4.7932
-4.9648,-11.185,-8.6492,8.8604,1.7236,-8.3446,-8.7865,-32.184,-14.62,-19.399,-5.3082,-4.9033
-4.0922,-11.08,-9.2862,8.4906,2.51,-8.4824,-8.8757,-32.88,-14.903,-19.429,-5.4037,-4.9477
-3.2383,-10.888,-9.8353,8.0923,3.3032,-8.5314,-8.8919,-33.112,-15.037,-19.35,-5.431,-4.9316
-2.6432,-10.654,-10.154,7.7568,3.8572,-8.4907,-8.8283,-32.999,-15.056,-19.252,-5.428,-4.8806
-2.4916,-10.432,-10.122,7.5656,3.9668,-8.3631,-8.6914,-32.761,-15.038,-19.243,-5.4422,-4.8327
-2.854,-10.261,-9.6855,7.5585,3.5427,-8.1545,-8.4995,-32.641,-15.075,-19.434,-5.5116,-4.8249
-3.6618,-10.148,-8.8862,7.7177,2.643,-7.8729,-8.2765,-32.829,-15.243,-19.894,-5.6522,-4.881
-4.7239,-10.073,-7.8468,7.9745,1.4532,-7.5293,-8.0461,-33.416,-15.583,-20.635,-5.8558,-5.0075
-5.7844,-10.006,-6.7369,8.2381,0.2284,-7.1433,-7.8277,-34.395,-16.099,-21.601,-6.1002,-5.1953
-6.5984,-9.9315,-5.7338,8.4313,-0.77732,-6.7511,-7.6334,-35.702,-16.767,-22.695,-6.3635,-5.4273
-7.0014,-9.8649,-4.9873,8.5165,-1.3753,-6.4068,-7.4659,-37.237,-17.543,-23.797,-6.6336,-5.6852
-6.954,-9.8505,-4.5917,8.5065,-1.4866,-6.1746,-7.3157,-38.894,-18.381,-24.81,-6.9093,-5.9545
-6.5511,-9.9478,-4.5671,8.4592,-1.1597,-6.1152,-7.1662,-40.574,-19.248,-25.682,-7.1958,-6.2265
-5.9933,-10.214,-4.8607,8.4592,-0.55797,-6.2725,-7.0048,-42.206,-20.13,-26.413,-7.5005,-6.4998
-5.5184,-10.682,-5.3678,8.5877,0.089386,-6.6608,-6.8345,-43.748,-21.03,-27.034,-7.8293,-6.7796
-5.314,-11.339,-5.9671,8.89,0.56148,-7.2552,-6.6775,-45.17,-21.941,-27.58,-8.1838,-7.074
-5.4632,-12.12,-6.5575,9.3544,0.71254,-7.9901,-6.5665,-46.446,-22.84,-28.074,-8.5589,-7.3897
-5.9476,-12.926,-7.0773,9.9196,0.50666,-8.7713,-6.5273,-47.551,-23.69,-28.528,-8.9435,-7.727
-6.6704,-13.658,-7.4997,10.505,0.021345,-9.5054,-6.5642,-48.482,-24.459,-28.951,-9.3222,-8.078
-7.4727,-14.256,-7.8332,11.043,-0.57319,-10.134,-6.6539,-49.28,-25.145,-29.355,-9.6779,-8.4264
-8.1585,-14.705,-8.1491,11.486,-1.0513,-10.655,-6.7561,-50.029,-25.785,-29.759,-9.9947,-8.7516
-8.5437,-15.033,-8.588,11.804,-1.1812,-11.113,-6.8331,-50.832,-26.431,-30.176,-10.26,-9.0348
-8.5122,-15.287,-9.2961,11.986,-0.7937,-11.571,-6.8681,-51.771,-27.123,-30.593,-10.462,-9.2596
-8.0568,-15.508,-10.326,12.039,0.1383,-12.07,-6.8703,-52.866,-27.849,-30.941,-10.583,-9.4068
-7.2913,-15.709,-11.572,11.99,1.4558,-12.598,-6.8669,-54.075,-28.526,-31.099,-10.595,-9.4496
-6.4207,-15.872,-12.777,11.873,2.8435,-13.075,-6.8878,-55.331,-29.04,-30.938,-10.471,-9.3599
-5.6838,-15.942,-13.594,11.721,3.9236,-13.361,-6.9455,-56.593,-29.322,-30.401,-10.205,-9.133
-5.2932,-15.842,-13.688,11.559,4.3674,-13.283,-7.0148,-57.886,-29.446,-29.611,-9.8529,-8.8216
-5.3956,-15.481,-12.824,11.401,3.9879,-12.674,-7.0112,-59.311,-29.701,-28.962,-9.557,-8.5633
-6.0584,-14.752,-10.934,11.26,2.7805,-11.392,-6.7769,-61.005,-30.612,-29.136,-9.5487,-8.5873
-7.2931,-13.52,-8.129,11.145,0.8758,-9.3262,-6.1003,-63.083,-32.893,-31.068,-10.13,-9.1955
-9.1503,-11.604,-4.65,11.055,-1.6491,-6.3899,-4.7769,-65.584,-37.351,-35.714,-11.636,-10.725
-11.942,-8.8742,0.13161,10.972,-4.7887,-3.0768,-2.6391,-68.429,-44.559,-42.025,-14.376,-13.499
-13.756,-5.9575,4.9541,10.845,-6.7395,-1.1482,-0.81538,-71.41,-48.127,-38.871,-18.445,-17.651
-11.822,-6.2721,5.7285,10.59,-6.9355,-0.64044,-4.4072,-74.239,-45.839,-35.81,-22.799,-22.19
-10.372,-7.0108,2.5902,10.1,-5.4325,-2.6735,-7.2194,-76.596,-44.147,-32.147,-23.804,-23.445
-10.342,-8.5295,-1.7022,9.2788,-3.5255,-5.4914,-10.836,-77.922,-43.753,-29.931,-20.839,-20.708
-12.051,-9.4058,-2.9598,8.046,-3.6572,-6.1572,-13.418,-76.968,-44.813,-31.051,-20.392,-20.063
-16.607,-7.3497,2.8903,7.3322,-9.0665,-1.7087,-12.137,-74.262,-49.473,-37.008,-24.71,-24.151
-26.964,-0.35402,20.19,12.688,-23.539,10.654,-3.9934,-86.682,-65.321,-56.181,-25.245,-25.223
-46.008,13.552,53.893,14.829,-50.568,33.825,13.994,-99.225,-98.561,-97.029,-35.61,-34.319
-73.833,36.107,106.52,16.712,-91.02,70.08,44.647,-113.23,-149.58,-162.49,-69.929,-68.206
-108.12,67.905,175.59,17.574,-142.17,119.73,88.317,-126.52,-216.46,-251.48,-112.9,-110.87
-144.05,108.01,254.12,15.349,-198.17,180.03,140.64,-135.2,-292.82,-355.08,-157.98,-155.86
-175.31,153.95,332.77,7.8499,-251.64,244.43,195.1,-134.14,-366.54,-456.92,-195.53,-193.59
-196.25,203.16,402.98,-6.5405,-296.05,304.81,245.18,-116.95,-420.97,-536.73,-214.66,-213.08
-202.05,253.5,457.31,-28.929,-325.29,356.73,285.27,-76.591,-438.81,-573.6,-204.69,-203.45
-186.67,301.5,489.21,-60.383,-334.74,396.85,311.56,-7.1109,-406.11,-549.11,-155.94,-154.93
-146.77,347,496.22,-101.99,-320.77,423.4,321.66,94.532,-314,-449.27,-60.105,-59.195
-83.525,392.79,478.33,-155.09,-280.5,437.57,313.66,227.11,-157.96,-264.58,89.535,90.426
3.0747,441.56,438.31,-221.4,-217.45,441.73,285.51,385.15,63.732,11.106,297.09,297.91
113.03,494.53,378.66,-301.56,-132.83,437.32,234.69,561.32,350.96,380.71,561.96,562.49
245.56,549.39,297.57,-393.74,-25.998,422.79,158.71,749.06,705.03,842.81,876.59,876.48
398.3,598.3,189.52,-493.02,104.04,391.65,56.639,942.84,1128.8,1388.3,1225,1223.9
566.95,627.99,46.919,-591.11,258.94,333.41,-69.4,1136.1,1618.9,1996,1582.3,1580.2
743.74,623.19,-136.41,-676.55,438.35,237.73,-213.01,1317.8,2155.9,2627.7,1916.2,1913.2
915.85,572.79,-358.17,-737.03,634.94,100.82,-363.32,1468.3,2698.3,3226.3,2190.4,2187
1065.2,476.04,-601.52,-762.79,831.33,-68.983,-506.52,1558.6,3182.1,3721.7,2372.7,2369.2
1170.8,344.7,-835.35,-749.36,1001.6,-250.41,-628.92,1554.5,3531.1,4044.8,2442.2,2438.9
1214.6,199.6,-1021.9,-698.25,1117.6,-414.69,-719.98,1427.3,3675,4145.3,2394.1,2391.3
1186.5,63.705,-1128.7,-615.82,1157.7,-534.65,-773.7,1167.7,3571.3,4004.1,2238.5,2236.5
1087.2,-44.405,-1138.4,-511.84,1113.5,-592.82,-788.24,796.54,3219.3,3637.5,1995.5,1994.3
929.35,-114.42,-1053.1,-398.23,992.16,-585.05,-764.97,364.09,2664.5,3092.7,1689.1,1688.9
734.94,-144.9,-891.75,-287.02,814.09,-519.58,-708.01,-62.529,1988.6,2438.8,1344.9,1345.4
529.44,-141.61,-684.71,-188.06,607.24,-414.05,-624.17,-417.67,1291.8,1754.4,988.75,989.74
336.74,-114.87,-465.89,-107.78,400.63,-291.3,-522.66,-654.36,670.07,1115.6,647.53,648.56
175.75,-76.441,-265.93,-48.755,219.16,-173.3,-414.44,-754.27,195.44,585.93,348.47,349.15
58.187,-36.364,-107.28,-11.448,79.995,-75.932,-310.96,-728.61,-96.789,206.84,115.9,115.92
-11.818,-2.8741,-1.3481,5.3878,-9.2992,-7.4197,-222.22,-611.07,-211.44,-8.2972,-35.627,-36.37
-39.322,18.66,51.594,9.1099,-50.827,28.852,-154.24,-446.06,-186.93,-76.05,-106.82,-108.18
-37.649,29.322,63.58,4.1528,-55.783,42.151,-107.49,-276.87,-81.213,-39.839,-113.41,-115.12
-19.778,31.431,49.202,-4.4902,-38.106,38.868,-77.978,-135.39,46.291,44.211,-80.768,-82.6
0.59492,27.947,23.566,-11.592,-12.579,26.061,-60.164,-39.451,151.24,128.64,-35.423,-37.239
15.783,22.214,-1.0605,-14.554,8.1863,10.806,-49.171,-0.36671,211.97,184.97,2.7033,0.8831
22.03,15.569,-18.134,-13.443,20.361,-1.7783,-40.941,11.068,227.16,203.88,20.831,19.586
20.179,5.078,-26.858,-4.6553,24.059,-10.389,-33.884,8.3583,208.64,190.7,22.37,21.187
13.149,-3.909,-28.258,-0.59962,21.086,-14.739,-25.104,0.95128,173.07,158.27,3.9084,3.6098
4.2779,-4.6562,-20.695,1.2084,9.3647,-12.813,-15.779,-4.7681,133.45,117.63,-23.333,-24.18
1.9894,-5.1249,-15.16,2.4007,5.8332,-11.065,-6.17,-6.6764,101.65,75.098,-28.963,-29.943
0.74095,-5.8006,-14.866,3.0778,4.6094,-11.709,1.8805,-5.3367,79.688,52.846,-29.586,-30.526
0.62172,-6.5615,-14.883,3.3324,4.3143,-12.859,3.6104,-5.3331,66.126,36.635,-27.639,-28.489
1.3195,-7.3306,-15.888,3.3082,4.9775,-14.054,4.4812,-1.4769,65.262,29.272,-25.236,-25.97
2.318,-8.0795,-17.449,3.1735,6.1699,-15.209,6.2347,1.7099,64.916,27.586,-23.732,-24.368
3.0682,-8.7538,-18.651,3.0881,7.2481,-16.101,8.2034,2.7399,58.353,23.18,-23.504,-24.074
3.1102,-9.2526,-18.915,3.1796,7.3619,-16.54,10.259,3.0385,50.246,17.165,-24.325,-24.852
2.2952,-9.4993,-18.031,3.4934,6.2316,-16.457,12.41,3.1299,39.843,12.015,-25.744,-26.225
0.77102,-9.4831,-16.172,3.9707,4.2081,-15.92,14.568,3.2896,28.616,9.0016,-27.283,-27.692
-1.1267,-9.2452,-13.788,4.4929,1.8141,-15.095,16.552,3.6296,21.333,6.4614,-28.543,-28.857
-2.9529,-8.8504,-11.401,4.9297,-0.44142,-14.17,18.211,4.1217,16.953,4.1506,-29.288,-29.505
-4.2688,-8.3649,-9.4266,5.1718,-2.1176,-13.301,19.497,4.6716,13.954,2.3327,-29.456,-29.597
-4.7896,-7.8393,-8.0846,5.1579,-2.9294,-12.57,20.457,5.1958,11.729,1.1025,-29.11,-29.206
-4.4755,-7.2988,-7.3601,4.8924,-2.8405,-11.972,21.181,5.6559,9.9863,0.41317,-28.376,-28.453
-3.5272,-6.7439,-7.0371,4.4478,-2.0849,-11.438,21.767,6.0555,8.5681,0.14863,-27.394,-27.468
-2.3237,-6.1662,-6.8005,3.947,-1.0863,-10.866,22.288,6.4206,7.3971,0.17354,-26.295,-26.371
-1.3083,-5.5692,-6.3662,3.5248,-0.30915,-10.186,22.783,6.7753,6.4367,0.36532,-25.193,-25.269
-0.83454,-4.9825,-5.5718,3.2874,-0.11213,-9.3893,23.258,7.1286,5.6659,0.6348,-24.178,-24.247
-1.0564,-4.4586,-4.3999,3.2879,-0.64912,-8.5348,23.703,7.4763,5.0613,0.93426,-23.297,-23.356
-1.9237,-4.0519,-2.9449,3.5223,-1.8547,-7.7156,24.112,7.8128,4.59,1.2525,-22.558,-22.605
-3.2379,-3.7923,-1.3698,3.9347,-3.5088,-7.0186,24.48,8.1411,4.2141,1.6011,-21.926,-21.964
-4.7183,-3.6684,0.13622,4.4279,-5.32,-6.4911,24.81,8.476,3.9058,1.9993,-21.353,-21.38
-6.086,-3.6298,1.4204,4.8871,-7.007,-6.1272,25.104,8.8444,3.6602,2.4598,-20.789,-20.794
-7.152,-3.6081,2.4341,5.2172,-8.3857,-5.8729,25.37,9.2796,3.4946,2.9798,-20.209,-20.164
-7.8596,-3.5449,3.2472,5.3748,-9.4193,-5.6478,25.621,9.8068,3.4322,3.5362,-19.611,-19.483
-8.2619,-3.4108,3.9843,5.3743,-10.189,-5.3801,25.865,10.429,3.4816,4.0912,-19.011,-18.77
-8.4649,-3.2063,4.7288,5.2675,-10.809,-5.04,26.105,11.126,3.6289,4.6108,-18.425,-18.061
-8.5678,-2.9499,5.4655,5.1129,-11.341,-4.6519,26.334,11.862,3.8516,5.0909,-17.854,-17.371
-8.6163,-2.6654,6.0885,4.9498,-11.758,-4.2757,26.549,12.613,4.1413,5.5734,-17.265,-16.681
-8.587,-2.3743,6.4573,4.7854,-11.951,-3.9737,26.755,13.377,4.5174,6.133,-16.6,-15.933
-8.4098,-2.0921,6.4671,4.5994,-11.788,-3.7833,26.971,14.179,5.0188,6.8384,-15.802,-15.065
-8.0015,-1.8248,6.0936,4.3586,-11.183,-3.7092,27.214,15.055,5.6774,7.7133,-14.844,-14.043
-7.2967,-1.5668,5.3932,4.0275,-10.137,-3.7306,27.494,16.028,6.4936,8.7233,-13.758,-12.895
-6.2748,-1.3055,4.4792,3.5757,-8.7439,-3.8097,27.799,17.09,7.4255,9.7937,-12.623,-11.706
-4.9831,-1.0235,3.5027,2.9882,-7.1698,-3.8971,28.101,18.183,8.3954,10.84,-11.544,-10.585
-3.5463,-0.69718,2.64,2.2802,-5.6301,-3.9399,28.365,19.209,9.3091,11.793,-10.606,-9.6212
-2.1481,-0.30462,2.067,1.5048,-4.3571,-3.8923,28.571,20.055,10.083,12.618,-9.8472,-8.8528
-0.98577,0.15358,1.9137,0.74711,-3.549,-3.7287,28.72,20.648,10.671,13.322,-9.2493,-8.2569
-0.21426,0.64011,2.2062,0.1017,-3.3104,-3.4589,28.832,20.986,11.086,13.956,-8.7474,-7.7606
0.099831,1.0885,2.836,-0.35624,-3.6074,-3.1353,28.937,21.138,11.392,14.601,-8.2526,-7.2673
-0.0019896,1.4254,3.5838,-0.59007,-4.2667,-2.843,29.063,21.206,11.684,15.348,-7.6838,-6.692
-0.38949,1.5926,4.1958,-0.60325,-5.0299,-2.67,29.23,21.286,12.056,16.267,-6.9946,-5.9913
-0.8955,1.5624,4.4726,-0.42976,-5.6408,-2.6717,29.446,21.447,12.582,17.399,-6.1862,-5.1767
-1.3741,1.3442,4.3359,-0.1244,-5.928,-2.8518,29.703,21.724,13.297,18.748,-5.3055,-4.3074
-1.7398,0.98689,3.8493,0.24449,-5.8541,-3.1639,29.97,22.12,14.21,20.288,-4.4291,-3.4691
-1.9788,0.57244,3.1948,0.60513,-5.521,-3.5281,30.205,22.619,15.306,21.965,-3.6387,-2.7445
-2.1422,0.19804,2.6176,0.89815,-5.1385,-3.8501,30.357,23.188,16.564,23.705,-2.9927,-2.1864
-2.3247,-0.050782,2.3579,1.0917,-4.957,-4.0414,30.4,23.806,17.97,25.429,-2.5034,-1.7995
-2.6298,-0.12361,2.5839,1.1853,-5.1814,-4.0405,30.334,24.481,19.526,27.089,-2.1307,-1.538
-3.1218,-0.012328,3.3387,1.1986,-5.8968,-3.829,30.193,25.267,21.254,28.696,-1.796,-1.3208
-3.7819,0.25827,4.5194,1.1509,-7.0348,-3.4345,30.023,26.253,23.195,30.343,-1.4114,-1.0601
-4.4946,0.64588,5.9038,1.0438,-8.3884,-2.9177,29.868,27.533,25.4,32.177,-0.91083,-0.68881
-5.0736,1.1088,7.2241,0.85545,-9.6676,-2.3496,29.756,29.175,27.932,34.37,-0.26858,-0.17638
-5.321,1.626,8.2584,0.54884,-10.583,-1.7853,29.701,31.201,30.862,37.071,0.50115,0.47237
-5.0939,2.2082,8.9004,0.086235,-10.931,-1.2428,29.694,33.583,34.259,40.355,1.3574,1.229
-4.3555,2.8902,9.1785,-0.55811,-10.652,-0.70258,29.715,36.247,38.147,44.157,2.2485,2.0532
-3.1913,3.7143,9.226,-1.3917,-9.8439,-0.12959,29.728,39.09,42.46,48.242,3.1262,2.9008
-1.7867,4.7261,9.2243,-2.4063,-8.7326,0.50085,29.695,42.002,47.018,52.27,3.9577,3.7323
-0.37009,5.9917,9.344,-3.5924,-7.604,1.1956,29.591,44.885,51.587,55.942,4.7353,4.5243
0.85686,7.6256,9.6953,-4.9684,-6.7149,1.9529,29.413,47.681,55.967,59.128,5.4761,5.2775
1.7779,9.8048,10.299,-6.6194,-6.2212,2.7673,29.181,50.367,60.067,61.883,6.2115,6.0141
2.3959,12.719,11.087,-8.7266,-6.1549,3.6258,28.929,52.952,63.912,64.404,6.9724,6.766
2.8556,16.405,11.94,-11.522,-6.4408,4.5025,28.686,55.467,67.605,66.967,7.7784,7.5623
3.4495,20.557,12.723,-15.074,-6.9263,5.3622,28.462,57.953,71.271,69.838,8.6372,8.4218
4.5411,24.647,13.322,-19.04,-7.4094,6.1692,28.242,60.447,74.996,73.193,9.5494,9.3525
6.3325,28.302,13.664,-22.869,-7.6785,6.8977,27.996,62.976,78.788,77.043,10.516,10.353
8.6634,31.415,13.727,-26.25,-7.5651,7.5385,27.695,65.555,82.574,81.227,11.542,11.42
11.19,34.006,13.532,-29.158,-6.9743,8.1035,27.329,68.185,86.245,85.504,12.641,12.554
13.741,36.147,13.126,-31.705,-5.8774,8.6268,26.906,70.847,89.724,89.701,13.838,13.768
16.404,37.965,12.566,-34.064,-4.3046,9.1569,26.445,73.51,93.006,93.777,15.157,15.087
19.319,39.637,11.915,-36.383,-2.3673,9.7425,25.956,76.137,96.155,97.798,16.616,16.534
22.48,41.334,11.24,-38.696,-0.27522,10.417,25.429,78.696,99.279,101.85,18.216,18.114
25.708,43.171,10.617,-40.928,1.6959,11.199,24.832,81.154,102.49,105.98,19.951,19.818
28.739,45.178,10.125,-42.963,3.2654,12.1,24.125,83.486,105.87,110.18,21.822,21.631
31.307,47.327,9.8525,-44.713,4.2039,13.149,23.274,85.677,109.43,114.42,23.847,23.547
33.156,49.573,9.8755,-46.137,4.3854,14.401,22.273,87.734,113.14,118.67,26.061,25.575
34.084,51.87,10.242,-47.241,3.8322,15.919,21.147,89.681,116.91,122.92,28.497,27.737
34.061,54.166,10.946,-48.071,2.7249,17.717,19.948,91.564,120.65,127.23,31.177,30.063
33.332,56.422,11.911,-48.713,1.3635,19.714,18.733,93.434,124.31,131.65,34.094,32.587
32.431,58.639,12.982,-49.311,0.097503,21.744,17.532,95.331,127.89,136.26,37.223,35.335
32.058,60.871,13.964,-50.074,-0.75818,23.63,16.33,97.285,131.41,141.09,40.527,38.317
32.813,63.199,14.685,-51.25,-1.01,25.26,15.084,99.305,134.95,146.19,43.998,41.544
34.968,65.687,15.096,-53.038,-0.64832,26.634,13.763,101.39,138.58,151.59,47.674,45.043
38.432,68.316,15.302,-55.525,0.15369,27.875,12.364,103.49,142.39,157.34,51.64,48.875
42.829,70.963,15.496,-58.68,1.1233,29.182,10.912,105.56,146.41,163.47,55.984,53.11
47.563,73.472,15.818,-62.337,2.0188,30.743,9.4344,107.49,150.62,169.92,60.744,57.779
52.008,75.771,16.278,-66.2,2.739,32.659,7.9492,109.2,154.92,176.6,65.876,62.848
55.711,77.956,16.766,-69.902,3.3554,34.915,6.4683,110.66,159.22,183.38,71.294,68.239
58.564,80.271,17.127,-73.142,4.045,37.414,5.0046,111.9,163.48,190.2,76.942,73.898
60.99,82.985,17.242,-75.912,4.9572,40.023,3.5766,112.99,167.73,197.1,82.85,79.84
63.738,86.222,17.059,-78.611,6.1376,42.622,2.2059,114.02,172.05,204.18,89.112,86.13
67.368,89.872,16.579,-81.781,7.5976,45.126,0.90882,115.07,176.49,211.53,95.808,92.821
71.946,93.747,15.853,-85.683,9.4015,47.479,-0.31608,116.16,181.08,219.22,102.91,99.889
77.107,97.77,15.009,-90.159,11.628,49.672,-1.5006,117.29,185.78,227.21,110.26,107.2
82.369,101.93,14.251,-94.865,14.25,51.766,-2.709,118.42,190.52,235.4,117.58,114.55
87.395,106.19,13.797,-99.511,17.118,53.854,-4.0261,119.51,195.24,243.58,124.63,121.7
92.041,110.45,13.807,-103.94,20.103,55.988,-5.539,120.54,199.89,251.52,131.24,128.5
96.281,114.59,14.322,-108.1,23.194,58.146,-7.3249,121.51,204.44,259.05,137.42,134.91
100.11,118.57,15.263,-112.02,26.284,60.255,-9.4443,122.42,208.93,266.2,143.28,141
103.44,122.38,16.432,-115.73,28.87,62.223,-11.929,123.32,213.44,273.14,149,146.92
106.21,126.04,17.522,-119.21,30.412,63.971,-14.751,124.24,218.11,280.16,154.76,152.85
108.56,129.55,18.214,-122.46,31.061,65.455,-17.794,125.22,223.03,287.55,160.73,158.91
110.83,132.86,18.3,-125.53,31.586,66.646,-20.879,126.24,228.25,295.51,166.94,165.17
113.28,135.88,17.734,-128.45,32.662,67.516,-23.846,127.26,233.64,304.09,173.36,171.6
116.04,138.44,16.579,-131.17,34.529,68.045,-26.632,128.18,238.99,313.04,179.82,178.1
119.15,140.42,14.976,-133.58,37.12,68.256,-29.282,128.9,244.02,321.96,186.16,184.56
122.47,141.81,13.148,-135.67,40.161,68.228,-31.9,129.36,248.59,330.47,192.29,190.88
125.7,142.77,11.37,-137.43,43.244,68.084,-34.6,129.51,252.65,338.44,198.16,197.04
128.49,143.5,9.883,-138.82,46.047,67.95,-37.485,129.36,256.28,345.89,203.83,203.04
130.72,144.09,8.7916,-139.85,48.516,67.909,-40.65,128.93,259.58,352.96,209.33,208.87
132.49,144.55,8.0542,-140.61,50.693,67.977,-44.15,128.24,262.67,359.76,214.63,214.48
133.89,144.85,7.5755,-141.16,52.398,68.108,-47.938,127.3,265.59,366.29,219.65,219.72
134.95,145,7.2766,-141.55,53.441,68.221,-51.827,126.13,268.35,372.4,224.25,224.44
135.61,145.08,7.0476,-141.8,54.009,68.223,-55.588,124.76,270.89,377.93,228.33,228.53
135.82,145.18,6.7199,-141.97,54.413,68.02,-59.123,123.23,273.16,382.76,231.87,231.98
135.83,145.35,6.1296,-142.23,54.818,67.496,-62.509,121.57,275.1,386.92,234.9,234.89
136.2,145.63,5.1385,-142.77,55.497,66.523,-65.896,119.8,276.71,390.54,237.55,237.39
137.72,145.97,3.5974,-143.78,57.158,65.03,-69.391,117.91,278.03,393.76,239.96,239.63
141.08,146.33,1.361,-145.3,60.596,63.092,-73.017,115.92,279.14,396.7,242.25,241.73
146.4,146.65,-1.6147,-147.23,65.992,60.884,-76.748,113.82,280.11,399.46,244.5,243.77
153.01,146.85,-5.1992,-149.28,72.655,58.538,-80.54,111.57,281,402.07,246.72,245.73
159.73,146.85,-9.1277,-151.11,79.406,56.077,-84.367,109.1,281.8,404.48,248.82,247.56
165.46,146.58,-13.106,-152.43,85.253,53.45,-88.235,106.26,282.44,406.6,250.69,249.16
169.67,146.04,-16.876,-153.16,89.808,50.586,-92.164,102.9,282.84,408.32,252.18,250.43
172.42,145.22,-20.237,-153.4,93.147,47.437,-96.166,98.809,282.91,409.54,253.19,251.28
173.95,144.13,-23.091,-153.31,95.424,44.019,-100.24,93.855,282.61,410.22,253.64,251.69
174.54,142.7,-25.499,-153.03,96.65,40.43,-104.4,87.947,281.93,410.42,253.54,251.67
174.41,140.84,-27.571,-152.58,96.786,36.851,-108.59,81.109,280.92,410.24,252.98,251.28
173.78,138.55,-29.309,-151.91,96.038,33.47,-112.71,73.569,279.62,409.75,252.02,250.59
172.7,136.01,-30.648,-151.02,94.988,30.319,-116.58,65.755,278.05,408.91,250.7,249.64
171.21,133.42,-31.667,-149.93,94.263,27.189,-120,58.057,276.14,407.57,249.03,248.4
169.44,130.84,-32.616,-148.7,94.134,23.801,-122.85,50.59,273.77,405.49,246.94,246.81
167.54,128.13,-33.745,-147.38,94.519,20.167,-125.11,43.236,270.8,402.44,244.36,244.76
165.58,125.09,-35.164,-145.96,95.168,16.652,-126.85,35.836,267.02,398.14,241.16,242.09
163.59,121.59,-36.82,-144.43,95.785,13.58,-128.13,28.337,262.26,392.34,237.21,238.59
161.6,117.59,-38.538,-142.68,96.086,11.011,-129,20.839,256.3,384.84,232.36,234.01
159.57,113.13,-40.057,-140.57,95.857,8.875,-129.5,13.537,249.06,375.52,226.46,228.11
157.37,108.34,-41.103,-137.97,95.011,7.0977,-129.61,6.5583,240.52,364.27,219.49,220.78
154.83,103.29,-41.49,-134.73,93.602,5.6141,-129.37,-0.17852,230.75,351.05,211.54,212.16
151.73,98.07,-41.186,-130.74,91.779,4.3604,-128.76,-6.9985,219.92,336.08,202.83,202.63
147.91,92.772,-40.297,-125.95,89.669,3.2946,-127.79,-14.352,208.29,319.96,193.65,192.61
143.26,87.603,-39.014,-120.42,87.268,2.3953,-126.44,-22.527,196.32,303.5,184.21,182.45
137.79,82.832,-37.552,-114.37,84.473,1.6203,-124.67,-31.315,184.51,287.35,174.63,172.3
131.73,78.553,-36.1,-108.16,81.225,0.88149,-122.49,-40.022,173.07,271.72,164.86,162.18
125.45,74.515,-34.774,-102.19,77.602,0.088893,-119.91,-47.964,161.84,256.46,154.76,151.95
119.19,70.313,-33.579,-96.592,73.737,-0.79326,-116.96,-54.856,150.4,241.18,144.23,141.48
112.86,65.666,-32.422,-91.203,69.704,-1.7405,-113.7,-60.767,138.38,225.49,133.26,130.69
106.23,60.524,-31.178,-85.702,65.538,-2.696,-110.14,-65.896,125.6,209.19,121.93,119.6
99.08,55.03,-29.761,-79.884,61.295,-3.6052,-106.27,-70.442,112.18,192.38,110.41,108.34
91.38,49.4,-28.147,-73.751,57.014,-4.4434,-102.12,-74.557,98.626,175.25,98.862,97.009
83.313,43.789,-26.386,-67.439,52.652,-5.2275,-97.755,-78.357,85.718,158.03,87.344,85.616
75.267,38.235,-24.591,-61.1,48.165,-6.0056,-93.259,-81.925,74.023,140.89,75.82,74.083
67.673,32.725,-22.907,-54.888,43.683,-6.8245,-88.694,-85.299,63.421,123.95,64.225,62.374
60.867,27.29,-21.438,-49.022,39.493,-7.6971,-84.083,-88.456,53.269,107.14,52.68,50.73
55.043,22.002,-20.195,-43.795,35.808,-8.5911,-79.449,-91.319,42.906,90.029,41.653,39.788
50.175,16.849,-19.103,-39.432,32.603,-9.4409,-74.812,-93.793,32.221,72.646,31.806,30.257
45.939,11.901,-18.053,-35.896,29.577,-10.169,-70.182,-95.802,22.091,56.631,23.563,22.447
41.789,7.7493,-16.952,-32.778,26.181,-10.711,-65.553,-97.301,13.871,43.397,16.92,16.217
37.293,4.967,-15.745,-29.42,22.01,-11.039,-60.912,-98.277,7.9172,32.473,11.613,11.234
32.409,3.3713,-14.437,-25.251,17.422,-11.171,-56.25,-98.736,3.5139,22.991,7.3261,7.1675
27.312,2.4525,-13.083,-20.27,13.275,-11.154,-51.567,-98.709,-0.079086,15.083,3.7837,3.7537
22.231,1.829,-11.769,-15.258,10.014,-11.051,-46.887,-98.244,-3.2564,9.191,0.77061,0.7966
17.493,1.3002,-10.569,-11.12,7.5456,-10.922,-42.277,-97.407,-6.1704,4.9101,-1.872,-1.8433
13.4,0.78708,-9.5124,-8.1119,5.6335,-10.813,-37.856,-96.283,-8.8661,1.4609,-4.2614,-4.2677
10.058,0.2802,-8.5783,-5.993,4.09,-10.753,-33.749,-94.972,-11.364,-1.6629,-6.4849,-6.554
7.4186,-0.19575,-7.7037,-4.4623,2.7896,-10.741,-30.037,-93.584,-13.695,-4.6765,-8.604,-8.7583
5.3749,-0.60639,-6.8103,-3.3228,1.6448,-10.755,-26.734,-92.221,-15.902,-7.642,-10.652,-10.911
3.8163,-0.93081,-5.8409,-2.4674,0.59924,-10.759,-23.817,-90.957,-18.024,-10.55,-12.636,-13.02
2.6566,-1.1819,-4.7977,-1.8363,-0.35895,-10.735,-21.265,-89.836,-20.08,-13.36,-14.551,-15.077
1.8422,-1.4122,-3.7689,-1.3834,-1.1855,-10.702,-19.067,-88.861,-22.067,-16.025,-16.392,-17.079
1.3364,-1.7027,-2.9248,-1.0547,-1.7898,-10.724,-17.214,-88.006,-23.954,-18.493,-18.162,-19.02
1.0939,-2.1399,-2.4755,-0.78209,-2.0674,-10.899,-15.671,-87.212,-25.691,-20.711,-19.865,-20.889
1.0515,-2.7934,-2.5996,-0.49246,-1.9437,-11.327,-14.376,-86.398,-27.207,-22.617,-21.498,-22.661
1.1334,-3.6959,-3.3745,-0.12299,-1.4091,-12.066,-13.251,-85.485,-28.438,-24.16,-23.044,-24.295
1.2649,-4.8299,-4.739,0.36361,-0.53028,-13.104,-12.224,-84.418,-29.346,-25.331,-24.483,-25.753
1.3912,-6.1218,-6.5091,0.96574,0.56884,-14.356,-11.245,-83.187,-29.926,-26.178,-25.8,-27.017
1.4861,-7.4577,-8.438,1.6403,1.741,-15.687,-10.292,-81.832,-30.21,-26.802,-26.998,-28.101
1.5404,-8.7221,-10.291,2.3199,2.8417,-16.957,-9.3654,-80.432,-30.256,-27.317,-28.097,-29.055
1.5421,-9.8386,-11.899,2.9415,3.7457,-18.069,-8.4734,-79.087,-30.136,-27.821,-29.133,-29.945
1.4663,-10.788,-13.178,3.4712,4.3595,-18.987,-7.629,-77.896,-29.926,-28.371,-30.145,-30.831
1.277,-11.602,-14.106,3.914,4.6309,-19.73,-6.8423,-76.928,-29.694,-28.978,-31.159,-31.75
0.93526,-12.341,-14.706,4.3075,4.5508,-20.331,-6.117,-76.192,-29.489,-29.624,-32.188,-32.71
0.41879,-13.062,-15.021,4.6989,4.154,-20.817,-5.4497,-75.624,-29.336,-30.277,-33.238,-33.704
-0.25254,-13.79,-15.106,5.1151,3.5182,-21.198,-4.8308,-75.109,-29.236,-30.913,-34.322,-34.724
-0.999,-14.491,-15.013,5.5405,2.7564,-21.468,-4.2456,-74.503,-29.163,-31.522,-35.442,-35.757
-1.6926,-15.081,-14.782,5.9184,2.0016,-21.608,-3.6782,-73.676,-29.073,-32.1,-36.584,-36.785
-2.1907,-15.477,-14.455,6.1729,1.3869,-21.598,-3.1185,-72.538,-28.916,-32.645,-37.71,-37.781
-2.3829,-15.631,-14.092,6.2425,1.0234,-21.439,-2.5704,-71.065,-28.657,-33.165,-38.77,-38.712
-2.2288,-15.557,-13.779,6.1111,0.9757,-21.167,-2.0522,-69.292,-28.288,-33.673,-39.718,-39.551
-1.7734,-15.324,-13.602,5.8241,1.2418,-20.852,-1.588,-67.281,-27.803,-34.164,-40.527,-40.274
-1.1381,-15.033,-13.605,5.479,1.749,-20.566,-1.1913,-65.078,-27.188,-34.61,-41.177,-40.858
-0.48145,-14.779,-13.766,5.1923,2.3784,-20.355,-0.85581,-62.697,-26.422,-34.955,-41.658,-41.282
0.05671,-14.623,-14.004,5.0523,3.0107,-20.222,-0.55821,-60.12,-25.489,-35.142,-41.969,-41.543
0.39977,-14.567,-14.224,5.086,3.5653,-20.123,-0.27115,-57.322,-24.408,-35.15,-42.127,-41.663
0.54515,-14.562,-14.343,5.2509,4.0038,-19.993,0.024273,-54.295,-23.235,-34.994,-42.166,-41.691
0.53742,-14.536,-14.31,5.46,4.3031,-19.768,0.33394,-51.051,-22.04,-34.704,-42.127,-41.684
0.42302,-14.432,-14.081,5.6312,4.4317,-19.409,0.65485,-47.618,-20.887,-34.3,-42.044,-41.689
0.20343,-14.228,-13.604,5.7321,4.3378,-18.903,0.98373,-44.02,-19.809,-33.779,-41.93,-41.719
-0.18406,-13.945,-12.815,5.7952,3.9472,-18.254,1.3234,-40.262,-18.795,-33.121,-41.77,-41.749
-0.84125,-13.629,-11.658,5.8962,3.1776,-17.466,1.6865,-36.317,-17.807,-32.289,-41.528,-41.725
-1.8488,-13.331,-10.121,6.113,1.9775,-16.556,2.0906,-32.155,-16.8,-31.252,-41.162,-41.586
-3.2081,-13.09,-8.2647,6.4912,0.37475,-15.556,2.5517,-27.796,-15.741,-30.01,-40.649,-41.29
-4.816,-12.923,-6.2269,7.0217,-1.5019,-14.525,3.0775,-23.368,-14.622,-28.601,-39.995,-40.831
-6.4862,-12.828,-4.1883,7.6409,-3.4447,-13.523,3.6654,-19.092,-13.45,-27.104,-39.232,-40.236
-8.0021,-12.779,-2.3214,8.252,-5.2232,-12.601,4.3047,-15.198,-12.244,-25.614,-38.407,-39.548
-9.1824,-12.738,-0.74521,8.7548,-6.6468,-11.784,4.9776,-11.822,-11.028,-24.212,-37.566,-38.813
-9.9294,-12.665,0.49492,9.0766,-7.615,-11.078,5.6578,-8.976,-9.8252,-22.949,-36.745,-38.062
-10.252,-12.538,1.4179,9.1949,-8.1391,-10.48,6.3131,-6.5858,-8.666,-21.83,-35.96,-37.319
-10.254,-12.357,2.0816,9.1442,-8.323,-9.9854,6.9137,-4.5458,-7.5788,-20.812,-35.201,-36.587
-10.084,-12.143,2.5514,8.9991,-8.3063,-9.5856,7.4495,-2.7617,-6.5736,-19.796,-34.442,-35.851
-9.8815,-11.908,2.8638,8.8388,-8.1975,-9.2681,7.9396,-1.1671,-5.6323,-18.651,-33.636,-35.061
-9.7161,-11.651,3.001,8.713,-8.0265,-9.0258,8.4223,0.27443,-4.7085,-17.259,-32.739,-34.161
-9.5726,-11.367,2.8961,8.6285,-7.7391,-8.8665,8.9278,1.578,-3.7473,-15.578,-31.726,-33.114
-9.3726,-11.07,2.4775,8.5639,-7.24,-8.8136,9.4558,2.754,-2.7112,-13.665,-30.612,-31.926
-9.026,-10.796,1.7263,8.493,-6.4617,-8.888,9.9673,3.8214,-1.5967,-11.652,-29.445,-30.637
-8.4836,-10.6,0.71724,8.4025,-5.4178,-9.0794,10.404,4.8096,-0.43291,-9.6744,-28.279,-29.3
-7.7631,-10.512,-0.37339,8.2911,-4.2168,-9.3243,10.716,5.7521,0.73257,-7.8269,-27.148,-27.957
-6.9445,-10.514,-1.3042,8.1562,-3.0388,-9.5135,10.889,6.676,1.8544,-6.142,-26.055,-26.622
-6.1484,-10.53,-1.8402,7.9904,-2.0895,-9.5264,10.938,7.5924,2.9024,-4.5938,-24.968,-25.28
-5.5097,-10.463,-1.8302,7.7931,-1.5433,-9.2813,10.898,8.4984,3.8614,-3.1316,-23.842,-23.902
-5.1324,-10.235,-1.2522,7.5809,-1.495,-8.7713,10.798,9.375,4.7324,-1.7121,-22.656,-22.474
-5.0679,-9.8279,-0.20645,7.3868,-1.9517,-8.0639,10.652,10.194,5.5264,-0.31821,-21.426,-21.013
-5.3619,-9.2856,1.1398,7.2564,-2.878,-7.2666,10.469,10.926,6.2616,1.0419,-20.194,-19.552
-6.1066,-8.6913,2.6269,7.2527,-4.2422,-6.479,10.266,11.553,6.957,2.3495,-18.994,-18.126
-7.3909,-8.1295,4.153,7.4391,-6.005,-5.7574,10.073,12.063,7.6251,3.5883,-17.832,-16.751
-9.175,-7.6498,5.67,7.8361,-8.0603,-5.105,9.9185,12.452,8.2646,4.7491,-16.683,-15.418
-11.217,-7.2528,7.1417,8.3878,-10.196,-4.4895,9.8177,12.707,8.8571,5.8271,-15.516,-14.116
-13.124,-6.9001,8.5101,8.9628,-12.116,-3.8728,9.7663,12.819,9.3765,6.8183,-14.309,-12.838
-14.481,-6.5346,9.6928,9.3894,-13.511,-3.2344,9.7469,12.786,9.8071,7.7183,-13.075,-11.587
-14.983,-6.102,10.603,9.5122,-14.138,-2.5799,9.7404,12.625,10.157,8.5193,-11.846,-10.368
-14.516,-5.5732,11.178,9.2512,-13.889,-1.9358,9.7313,12.366,10.456,9.2059,-10.657,-9.1835
-13.197,-4.9628,11.404,8.6371,-12.837,-1.3396,9.703,12.049,10.735,9.7528,-9.5426,-8.0475
-11.345,-4.3259,11.329,7.8067,-11.233,-0.82321,9.6341,11.71,11.006,10.133,-8.5239,-6.9781
-9.3985,-3.7344,11.068,6.9527,-9.4504,-0.40291,9.5053,11.383,11.253,10.336,-7.6134,-5.9939
-7.7806,-3.2405,10.784,6.2522,-7.8866,-0.068949,9.3149,11.086,11.449,10.377,-6.8038,-5.1
-6.7772,-2.8508,10.645,5.8063,-6.8556,0.21609,9.09,10.827,11.569,10.297,-6.0663,-4.2874
-6.4853,-2.5282,10.779,5.6221,-6.514,0.50262,8.8747,10.604,11.601,10.153,-5.3581,-3.5334
-6.8348,-2.2261,11.226,5.6421,-6.8462,0.83186,8.7042,10.415,11.554,10.002,-4.637,-2.8088
-7.6272,-1.9261,11.924,5.7864,-7.6911,1.218,8.5835,10.258,11.448,9.8945,-3.8783,-2.0982
-8.5912,-1.6446,12.741,5.9771,-8.7898,1.6448,8.4836,10.141,11.312,9.8634,-3.0845,-1.4046
-9.4652,-1.4037,13.52,6.1451,-9.8644,2.0782,8.3572,10.067,11.174,9.9141,-2.2819,-0.74492
-10.073,-1.2009,14.154,6.2323,-10.717,2.4839,8.1651,10.046,11.063,10.03,-1.5037,-0.13575
-10.358,-1.0095,14.614,6.1993,-11.286,2.8432,7.8961,10.078,10.994,10.186,-0.76968,0.42137
-10.374,-0.80154,14.962,6.0387,-11.632,3.1607,7.5671,10.162,10.975,10.365,-0.078019,0.94038
-10.239,-0.56669,15.313,5.781,-11.892,3.4637,7.2076,10.284,10.994,10.558,0.58697,1.4453
-10.084,-0.31356,15.764,5.4851,-12.196,3.7763,6.8389,10.427,11.029,10.762,1.2388,1.9509
-10.006,-0.062839,16.324,5.2143,-12.592,4.0984,6.4665,10.569,11.05,10.972,1.8787,2.4506
-10.038,0.15768,16.889,5.0156,-13.01,4.399,6.0843,10.695,11.032,11.177,2.4987,2.9276
-10.14,0.31869,17.293,4.9087,-13.287,4.6256,5.6827,10.792,10.956,11.357,3.0868,3.3634
-10.195,0.39935,17.375,4.8793,-13.228,4.7268,5.2539,10.852,10.815,11.491,3.6392,3.7447
-10.049,0.39841,17.024,4.8793,-12.681,4.6721,4.795,10.867,10.601,11.553,4.1558,4.0651
-9.5686,0.33977,16.211,4.8417,-11.587,4.4689,4.3119,10.83,10.314,11.516,4.6347,4.3223
-8.7075,0.26697,15.015,4.7085,-10.014,4.1692,3.824,10.736,9.955,11.363,5.0683,4.5142
-7.5505,0.22482,13.64,4.4645,-8.1709,3.8583,3.3605,10.588,9.5303,11.083,5.4406,4.636
-6.3162,0.23483,12.377,4.1568,-6.3762,3.6253,2.9488,10.389,9.0466,10.681,5.728,4.6798
-5.301,0.2828,11.513,3.8863,-4.9844,3.5299,2.6022,10.143,8.5085,10.171,5.9051,4.6385
-4.7806,0.32716,11.233,3.768,-4.2808,3.5811,2.3156,9.858,7.9213,9.5816,5.9559,4.5132
-4.905,0.32478,11.564,3.8778,-4.3924,3.7474,2.0729,9.5425,7.3004,8.9512,5.884,4.3196
-5.6374,0.25722,12.382,4.2161,-5.2493,3.9836,1.8577,9.2102,6.6742,8.3161,5.7147,4.0858
-6.7702,0.14085,13.473,4.708,-6.6169,4.2558,1.6624,8.8739,6.0784,7.7005,5.4885,3.8525
-8.0337,0.01613,14.604,5.2433,-8.1926,4.5405,1.4896,8.5384,5.5414,7.1147,5.2479,3.6613
-9.2322,-0.082252,15.582,5.7343,-9.7186,4.809,1.3469,8.2,5.0735,6.5651,5.0252,3.5465
-10.301,-0.15705,16.298,6.1574,-11.049,5.0209,1.2419,7.8493,4.6681,6.0677,4.8445,3.5287
-11.265,-0.25286,16.741,6.55,-12.145,5.1362,1.1805,7.4894,4.3116,5.6511,4.7204,3.6124
-12.167,-0.42357,16.982,6.9693,-13.031,5.1403,1.169,7.1428,3.9926,5.3448,4.6607,3.7867
-13.011,-0.68898,17.118,7.441,-13.727,5.0561,1.213,6.8483,3.7057,5.1644,4.6675,4.0286
-13.734,-1.0125,17.205,7.9264,-14.201,4.938,1.3145,6.6426,3.4506,5.1016,4.7404,4.3114
-14.207,-1.3125,17.216,8.3263,-14.347,4.8427,1.4704,6.5428,3.2293,5.1322,4.8785,4.618
-14.265,-1.4985,17.063,8.5222,-14.036,4.7978,1.6722,6.5365,3.0444,5.2273,5.0792,4.9395
-13.786,-1.5129,16.656,8.4324,-13.199,4.7929,1.9094,6.587,2.8977,5.3612,5.3356,5.2766
-12.774,-1.3574,15.963,8.0537,-11.887,4.7939,2.1741,6.6536,2.793,5.5236,5.6305,5.6351
-11.393,-1.0915,15.049,7.4733,-10.278,4.7718,2.4643,6.7136,2.7387,5.7183,5.945,6.0237
-9.9253,-0.8055,14.063,6.8417,-8.6288,4.7199,2.7824,6.7754,2.7482,5.9634,6.2661,6.4517
-8.6793,-0.58159,13.187,6.316,-7.2111,4.655,3.1306,6.8732,2.8349,6.2828,6.593,6.9274
-7.8727,-0.46166,12.574,5.9967,-6.2289,4.6072,3.5085,7.0461,3.0059,6.6933,6.9364,7.4558
-7.5609,-0.43447,12.287,5.8916,-5.76,4.6066,3.912,7.3141,3.2576,7.1901,7.3111,8.0347
-7.6351,-0.44697,12.299,5.9247,-5.7425,4.6706,4.3292,7.6636,3.5733,7.7365,7.7242,8.649
-7.8844,-0.43263,12.506,5.9812,-6.0131,4.7963,4.7349,8.049,3.9236,8.2654,8.167,9.2665
-8.1045,-0.3486,12.782,5.9706,-6.3798,4.9608,5.0896,8.4092,4.2685,8.6932,8.614,9.8418
-8.2122,-0.20412,13.034,5.8815,-6.7127,5.1316,5.3514,8.692,4.5667,8.9521,9.0341,10.334
-8.296,-0.058122,13.26,5.7944,-7.0117,5.2853,5.498,8.8786,4.7905,9.0184,9.4102,10.73
-8.5543,0.01517,13.552,5.8412,-7.397,5.4243,5.5441,8.994,4.9405,8.926,9.7514,11.052
-9.1726,-0.032546,14.049,6.1352,-8.0207,5.5802,5.5386,9.095,5.0457,8.7498,10.088,11.35
-10.221,-0.20102,14.852,6.711,-8.9573,5.8039,5.5422,9.2397,5.1447,8.5708,10.445,11.666
-11.614,-0.44243,15.955,7.5014,-10.142,6.1453,5.5997,9.4554,5.2604,8.4376,10.823,12.008
-13.13,-0.68324,17.226,8.3587,-11.392,6.6267,5.7213,9.7254,5.3868,8.3507,11.184,12.343
-14.502,-0.85814,18.454,9.1184,-12.5,7.2173,5.8786,9.9996,5.4933,8.2719,11.473,12.615
-15.54,-0.9382,19.447,9.6701,-13.334,7.8298,6.0154,10.221,5.5435,8.1499,11.64,12.769
-16.203,-0.93474,20.134,9.9946,-13.9,8.353,6.0682,10.357,5.5148,7.9455,11.664,12.779
-16.592,-0.8796,20.583,10.147,-14.334,8.7109,5.9915,10.407,5.4099,7.6475,11.558,12.652
-16.872,-0.8007,20.953,10.21,-14.848,8.8981,5.7763,10.405,5.2545,7.2766,11.363,12.422
-17.17,-0.71005,21.395,10.239,-15.627,8.9595,5.4527,10.393,5.0839,6.8677,11.129,12.132
-17.509,-0.60659,21.975,10.239,-16.731,8.9388,5.0729,10.4,4.9238,6.4536,10.898,11.814
-17.808,-0.48855,22.636,10.171,-18.045,8.8486,4.6845,10.426,4.7735,6.0448,10.684,11.474
-17.928,-0.36781,23.189,9.9816,-19.299,8.6804,4.3067,10.44,4.6012,5.6207,10.473,11.09
-17.717,-0.27497,23.359,9.6419,-20.148,8.4257,3.9247,10.393,4.3534,5.1365,10.225,10.627
-17.016,-0.24705,22.897,9.1573,-20.258,8.071,3.5026,10.235,3.977,4.5429,9.8969,10.051
-15.709,-0.30599,21.635,8.5562,-19.339,7.5776,3.007,9.939,3.4428,3.8069,9.461,9.3515
-13.795,-0.44211,19.463,7.8683,-17.232,6.8959,2.4262,9.5109,2.7588,2.9219,8.9165,8.5528
-11.398,-0.6105,16.366,7.1081,-14.03,6.0077,1.7744,8.9816,1.9649,1.906,8.2858,7.7034
-8.689,-0.74485,12.496,6.2737,-10.037,4.9429,1.0773,8.3894,1.1117,0.78017,7.5978,6.8539
-5.8159,-0.79032,8.1149,5.3546,-5.554,3.7486,0.3495,7.7603,0.23462,-0.45239,6.8677,6.0308
-2.8863,-0.73954,3.4642,4.3443,-0.79322,2.4506,-0.41831,7.1002,-0.66033,-1.8146,6.0904,5.2257
0.015904,-0.63956,-1.2528,3.2501,3.997,1.0589,-1.2502,6.4021,-1.5888,-3.3333,5.252,4.4077
2.8,-0.55756,-5.7587,2.0985,8.5093,-0.38625,-2.1589,5.6621,-2.5623,-4.9973,4.3526,3.5518
5.3652,-0.53487,-9.6716,0.93095,12.551,-1.7849,-3.1253,4.89,-3.5632,-6.7246,3.4206,2.6617
7.6601,-0.56978,-12.704,-0.19657,16.147,-3.0198,-4.1011,4.1065,-4.5402,-8.3763,2.5069,1.7729
9.7284,-0.62552,-14.821,-1.2094,19.42,-4.0203,-5.0355,3.3319,-5.4279,-9.8131,1.6651,0.93734
11.651,-0.63284,-16.153,-2.0479,22.423,-4.7653,-5.9006,2.5767,-6.1758,-10.952,0.93023,0.20008
13.523,-0.50076,-16.897,-2.74,25.148,-5.2577,-6.6968,1.8437,-6.7666,-11.789,0.31198,-0.41466
15.515,-0.16352,-17.323,-3.4149,27.611,-5.528,-7.4342,1.1381,-7.214,-12.377,-0.19855,-0.90313
17.83,0.36851,-17.748,-4.2145,29.847,-5.6549,-8.1109,0.4775,-7.5456,-12.78,-0.6152,-1.2718
20.534,0.99932,-18.454,-5.182,31.901,-5.7551,-8.7041,-0.10508,-7.7859,-13.042,-0.94762,-1.5282
23.45,1.5835,-19.582,-6.225,33.872,-5.9457,-9.1784,-0.56802,-7.9503,-13.176,-1.2005,-1.678
26.213,1.9778,-21.094,-7.1644,35.839,-6.3078,-9.5048,-0.87438,-8.0419,-13.178,-1.3782,-1.7276
28.426,2.0866,-22.839,-7.8151,37.753,-6.8669,-9.6771,-1.0061,-8.0547,-13.046,-1.4896,-1.6871
29.823,1.8802,-24.639,-8.0557,39.463,-7.5919,-9.7161,-0.97195,-7.98,-12.796,-1.5496,-1.5722
30.363,1.3939,-26.345,-7.8669,40.817,-8.4143,-9.6586,-0.80429,-7.8169,-12.465,-1.575,-1.4036
30.226,0.71677,-27.85,-7.337,41.744,-9.2575,-9.542,-0.5464,-7.5799,-12.107,-1.58,-1.2046
29.719,-0.022239,-29.099,-6.6389,42.288,-10.059,-9.395,-0.23647,-7.2986,-11.772,-1.5712,-0.99711
29.159,-0.68206,-30.098,-5.9811,42.58,-10.783,-9.2378,0.10292,-7.0074,-11.48,-1.5458,-0.79788
28.785,-1.1566,-30.893,-5.5215,42.77,-11.416,-9.0829,0.46572,-6.7314,-11.214,-1.4926,-0.61564
28.72,-1.4177,-31.531,-5.3001,42.951,-11.961,-8.9353,0.85487,-6.4796,-10.925,-1.3963,-0.45177
28.963,-1.5146,-32.019,-5.2355,43.14,-12.418,-8.7942,1.271,-6.2489,-10.565,-1.2472,-0.30567
29.361,-1.5306,-32.328,-5.2132,43.271,-12.798,-8.6606,1.7028,-6.0375,-10.128,-1.0523,-0.18277
29.705,-1.5546,-32.442,-5.176,43.244,-13.121,-8.5476,2.1244,-5.8581,-9.6777,-0.84169,-0.099495
29.871,-1.6541,-32.399,-5.122,43.034,-13.405,-8.4833,2.5018,-5.7416,-9.3377,-0.66304,-0.079982
29.832,-1.8324,-32.295,-5.0613,42.751,-13.657,-8.5003,2.8056,-5.7258,-9.2386,-0.56238,-0.14461
29.597,-2.0268,-32.244,-5.0079,42.546,-13.874,-8.6161,3.0227,-5.8369,-9.4612,-0.56209,-0.29666
29.215,-2.1591,-32.34,-4.983,42.501,-14.038,-8.8174,3.16,-6.0734,-10.002,-0.64951,-0.51563
28.815,-2.1851,-32.612,-5.0071,42.635,-14.129,-9.0603,3.238,-6.4042,-10.777,-0.78403,-0.76356
28.617,-2.1037,-33.01,-5.1001,42.956,-14.128,-9.2884,3.2774,-6.7818,-11.662,-0.91893,-1.0028
28.847,-1.9386,-33.433,-5.2867,43.501,-14.04,-9.4601,3.2879,-7.1608,-12.537,-1.0258,-1.2152
29.616,-1.7171,-33.822,-5.5919,44.292,-13.895,-9.568,3.2652,-7.5134,-13.334,-1.1081,-1.411
30.835,-1.4603,-34.191,-6.0206,45.238,-13.74,-9.6388,3.1973,-7.8308,-14.045,-1.1963,-1.6216
32.246,-1.1806,-34.533,-6.5372,46.145,-13.598,-9.7156,3.0735,-8.1191,-14.7,-1.3282,-1.8809
33.489,-0.88689,-34.72,-7.0604,46.762,-13.438,-9.835,2.8933,-8.3879,-15.324,-1.5261,-2.2051
34.187,-0.58792,-34.514,-7.4778,46.817,-13.181,-10.009,2.6721,-8.6373,-15.903,-1.7806,-2.5791
34.031,-0.28698,-33.689,-7.6785,46.113,-12.735,-10.217,2.4449,-8.8453,-16.378,-2.0473,-2.9534
32.907,0.017606,-32.17,-7.5954,44.624,-12.044,-10.413,2.2639,-8.9686,-16.667,-2.2596,-3.257
30.982,0.32228,-30.077,-7.2419,42.486,-11.124,-10.545,2.1829,-8.9594,-16.707,-2.3534,-3.421
28.669,0.60602,-27.694,-6.7105,39.935,-10.072,-10.572,2.2325,-8.7919,-16.488,-2.2933,-3.4059
26.481,0.83305,-25.399,-6.1383,37.381,-9.0322,-10.484,2.4018,-8.4778,-16.06,-2.0859,-3.2159
24.856,0.97172,-23.549,-5.6432,35.324,-8.14,-10.294,2.6447,-8.0631,-15.511,-1.7737,-2.8942
23.929,1.0147,-22.321,-5.2815,34.002,-7.4642,-10.04,2.9023,-7.6119,-14.937,-1.4168,-2.5046
23.377,0.98781,-21.603,-5.0309,33.287,-6.9831,-9.7658,3.1255,-7.1879,-14.419,-1.0711,-2.1107
22.641,0.94191,-21.035,-4.8206,32.788,-6.5991,-9.5102,3.2867,-6.8411,-14.009,-0.77395,-1.7615
21.374,0.93151,-20.194,-4.5843,31.949,-6.1926,-9.2921,3.3808,-6.6005,-13.735,-0.53968,-1.4854
19.643,0.98833,-18.812,-4.2932,30.333,-5.6856,-9.107,3.4202,-6.4739,-13.601,-0.36703,-1.2925
17.753,1.1049,-16.917,-3.9546,28.135,-5.0839,-8.9383,3.4275,-6.4523,-13.596,-0.25035,-1.1801
16.017,1.2374,-14.837,-3.5966,26.054,-4.4842,-8.7719,3.4267,-6.516,-13.697,-0.18635,-1.1372
14.7,1.326,-13.057,-3.2608,24.621,-4.0367,-8.6045,3.4376,-6.6365,-13.859,-0.17005,-1.1468
14.031,1.3228,-12.021,-2.9974,24.078,-3.8828,-8.4425,3.47,-6.7763,-14.008,-0.19788,-1.1872
14.147,1.213,-11.995,-2.8538,24.478,-4.0914,-8.2953,3.522,-6.8887,-14.049,-0.2574,-1.2326
15.007,1.0198,-12.976,-2.8532,25.717,-4.6205,-8.1675,3.5835,-6.9222,-13.885,-0.32292,-1.2532
16.38,0.79155,-14.668,-2.9791,27.569,-5.3292,-8.0543,3.6446,-6.8351,-13.457,-0.35784,-1.2155
17.927,0.57938,-16.597,-3.178,29.688,-6.0335,-7.9429,3.701,-6.614,-12.781,-0.3251,-1.0961
19.353,0.41672,-18.339,-3.3849,31.572,-6.5843,-7.8187,3.7556,-6.284,-11.944,-0.2016,-0.88761
20.497,0.31086,-19.671,-3.5524,32.696,-6.9263,-7.6749,3.817,-5.8996,-11.073,0.0105,-0.60524
21.305,0.24494,-20.592,-3.6631,32.924,-7.1068,-7.5193,3.895,-5.5212,-10.285,0.28078,-0.28673
21.798,0.19133,-21.232,-3.7224,32.681,-7.2237,-7.376,3.9954,-5.1924,-9.643,0.55805,0.015923
22.028,0.13003,-21.72,-3.7456,32.56,-7.3473,-7.2691,4.1138,-4.9309,-9.1504,0.7857,0.2504
22.049,0.064701,-22.072,-3.7489,32.894,-7.4722,-7.2122,4.2338,-4.733,-8.7639,0.91793,0.37819
21.911,0.027257,-22.176,-3.7485,33.573,-7.5289,-7.2,4.3317,-4.5845,-8.4262,0.92804,0.38308
21.626,0.068595,-21.843,-3.7628,34.063,-7.4122,-7.2094,4.3918,-4.4691,-8.0923,0.81692,0.27309
21.108,0.24028,-20.894,-3.8101,33.712,-7.0126,-7.2039,4.4242,-4.3674,-7.7368,0.61054,0.079099
20.235,0.57528,-19.267,-3.9096,32.32,-6.2607,-7.1379,4.4743,-4.2498,-7.3417,0.3584,-0.14857
19.005,1.0779,-17.09,-4.0812,30.216,-5.1705,-6.9612,4.611,-4.0704,-6.8751,0.13002,-0.33908
17.626,1.7304,-14.657,-4.3471,27.847,-3.8456,-6.6267,4.8954,-3.7678,-6.2822,0.0066858,-0.41176
16.436,2.5179,-12.351,-4.731,25.544,-2.4392,-6.0995,5.3505,-3.2779,-5.4942,0.066564,-0.29156
15.74,3.4638,-10.552,-5.2552,23.487,-1.0891,-5.3612,5.9568,-2.5528,-4.4558,0.36663,0.072876
15.668,4.6635,-9.4862,-5.9347,21.68,0.14718,-4.4067,6.6781,-1.5795,-3.1553,0.92893,0.69579
16.123,6.3007,-9.0907,-6.7756,20.071,1.3245,-3.2352,7.4905,-0.38641,-1.6393,1.7339,1.5515
16.841,8.6077,-9.0203,-7.7765,18.658,2.6019,-1.851,8.3939,0.96508,-0.0046478,2.7329,2.5828
17.49,11.719,-8.7655,-8.9355,17.42,4.2136,-0.26762,9.404,2.3953,1.6302,3.8559,3.715
17.787,15.494,-7.8065,-10.26,16.197,6.4157,1.48,10.537,3.8189,3.1587,5.0233,4.8709
17.579,19.56,-5.8314,-11.771,14.689,9.3599,3.3302,11.801,5.1588,4.5156,6.1596,5.9828
16.876,23.593,-2.8725,-13.485,12.643,12.98,5.2066,13.19,6.3666,5.6925,7.2111,7.0135
15.799,27.467,0.81004,-15.399,10.036,17.092,7.0382,14.68,7.44,6.7362,8.1605,7.9622
14.505,31.209,4.9597,-17.485,7.0804,21.598,8.7687,16.22,8.4167,7.726,9.0304,8.8608
13.144,34.92,9.4728,-19.713,4.1297,26.521,10.352,17.729,9.3438,8.7361,9.8707,9.7591
11.875,38.719,14.424,-22.056,1.5534,31.833,11.744,19.097,10.242,9.7993,10.735,10.703
10.879,42.688,19.944,-24.459,-0.38233,37.299,12.892,20.207,11.093,10.892,11.657,11.716
10.295,46.828,25.805,-26.83,-1.5619,42.478,13.74,20.976,11.848,11.948,12.641,12.793
10.141,51.059,31.087,-29.085,-1.9869,46.905,14.238,21.375,12.456,12.883,13.664,13.9
10.298,55.266,34.855,-31.176,-1.7791,50.379,14.347,21.431,12.884,13.631,14.684,14.996
10.577,59.361,37.222,-33.092,-1.2585,53.136,14.042,21.199,13.123,14.157,15.659,16.042
10.762,63.293,39.189,-34.835,-0.89952,55.698,13.306,20.726,13.184,14.46,16.558,17.015
10.662,67.045,41.703,-36.402,-1.1294,58.516,12.113,20.029,13.08,14.56,17.357,17.896
10.176,70.611,45.186,-37.805,-2.1617,61.7,10.427,19.083,12.811,14.488,18.035,18.67
9.3181,73.991,49.541,-39.071,-3.9649,65.109,8.2238,17.847,12.372,14.282,18.577,19.319
8.2052,77.196,54.41,-40.241,-6.3208,68.572,5.5564,16.314,11.76,13.989,18.981,19.834
7.0034,80.241,59.432,-41.345,-8.9123,71.969,2.5857,14.551,10.995,13.658,19.264,20.227
5.8751,83.141,64.313,-42.37,-11.432,75.206,-0.4558,12.695,10.122,13.336,19.463,20.522
4.9271,85.891,68.834,-43.269,-13.678,78.205,-3.3188,10.902,9.2102,13.049,19.616,20.757
4.1734,88.481,72.901,-43.979,-15.571,80.924,-5.7901,9.3016,8.3384,12.803,19.757,20.96
3.5397,90.893,76.558,-44.45,-17.113,83.33,-7.7609,7.9671,7.5722,12.585,19.905,21.141
2.925,93.048,79.86,-44.663,-18.319,85.347,-9.2601,6.9165,6.9539,12.376,20.052,21.286
2.2893,94.675,82.714,-44.624,-19.208,86.832,-10.396,6.1217,6.4826,12.156,20.168,21.36
1.6848,95.227,84.826,-44.35,-19.792,87.615,-11.273,5.525,6.1259,11.909,20.2,21.312
1.2095,94.112,85.754,-43.838,-20.025,87.529,-11.95,5.0634,5.8394,11.635,20.092,21.099
0.95088,91.238,84.995,-43.035,-19.805,86.4,-12.441,4.6952,5.592,11.361,19.799,20.701
0.95234,87.214,82.281,-41.851,-19.042,84.111,-12.734,4.4154,5.3815,11.134,19.311,20.119
1.1982,82.789,77.858,-40.204,-17.723,80.729,-12.804,4.2502,5.2288,11.001,18.642,19.376
1.6152,78.315,72.259,-38.071,-15.925,76.521,-12.637,4.2298,5.154,10.97,17.824,18.496
2.0921,73.796,65.959,-35.485,-13.794,71.803,-12.233,4.3577,5.1502,11.002,16.884,17.502
2.5077,69.097,59.302,-32.469,-11.507,66.817,-11.611,4.5946,5.1714,11.018,15.843,16.407
2.7607,64.067,52.545,-29.007,-9.2245,61.693,-10.809,4.867,5.1441,10.933,14.71,15.223
2.7912,58.595,45.876,-25.103,-7.0732,56.468,-9.8848,5.0927,4.9949,10.684,13.489,13.957
2.5887,52.642,39.401,-20.9,-5.1506,51.117,-8.9077,5.208,4.6776,10.257,12.187,12.621
2.1875,46.271,33.168,-16.69,-3.5282,45.617,-7.9375,5.1817,4.1846,9.6769,10.821,11.234
1.6541,39.662,27.274,-12.761,-2.2352,40.035,-7.0127,5.0131,3.5377,8.9875,9.4048,9.8071
1.0667,33.111,22.036,-9.253,-1.2508,34.608,-6.1521,4.7182,2.7678,8.2232,7.9476,8.345
0.48722,26.945,17.842,-6.173,-0.5248,29.662,-5.3683,4.3139,1.8981,7.3959,6.4458,6.8355
-0.060511,21.363,14.703,-3.4949,-0.0089372,25.348,-4.68,3.8068,0.93891,6.4954,4.8898,5.2611
-0.5979,16.283,12.316,-1.2113,0.32496,21.447,-4.1113,3.1893,-0.10867,5.4996,3.2762,3.615
-1.1822,11.433,10.458,0.69011,0.48474,17.5,-3.6838,2.4431,-1.2471,4.3907,1.6156,1.913
-1.8889,6.8867,9.0285,2.2829,0.4666,13.308,-3.407,1.5478,-2.4787,3.1739,-0.066992,0.19463
-2.7844,3.3081,7.9531,3.6966,0.2649,9.4422,-3.2709,0.49062,-3.8047,1.8915,-1.7356,-1.4911
-3.8994,0.9797,7.1519,5.0513,-0.12149,6.6287,-3.2431,-0.72395,-5.2038,0.62204,-3.3518,-3.0958
-5.2156,-0.56133,6.5634,6.4042,-0.68793,4.8433,-3.2738,-2.0711,-6.6283,-0.54026,-4.8761,-4.5803
-6.6743,-1.7991,6.1653,7.748,-1.4226,3.6754,-3.3086,-3.5097,-8.0081,-1.5202,-6.2731,-5.9199
-8.1964,-2.9394,5.9653,9.0405,-2.3032,2.8412,-3.3077,-4.9968,-9.2833,-2.2934,-7.5181,-7.1077
-9.6913,-4.0192,5.9652,10.231,-3.2859,2.2212,-3.2613,-6.5101,-10.417,-2.8973,-8.6069,-8.1555
-11.056,-5.0239,6.1266,11.268,-4.2942,1.7642,-3.1886,-8.067,-11.424,-3.4192,-9.56,-9.0916
-12.186,-5.9363,6.3656,12.11,-5.2229,1.4288,-3.123,-9.723,-12.357,-3.949,-10.418,-9.9538
-13.001,-6.7495,6.5807,12.733,-5.9653,1.1674,-3.0909,-11.541,-13.274,-4.5453,-11.228,-10.779
-13.481,-7.4712,6.6884,13.148,-6.4478,0.9308,-3.0942,-13.545,-14.199,-5.2089,-12.028,-11.592
-13.666,-8.1272,6.6348,13.413,-6.6467,0.67395,-3.1062,-15.676,-15.109,-5.8831,-12.836,-12.402
-13.636,-8.7559,6.3804,13.603,-6.5715,0.35791,-3.0805,-17.796,-15.943,-6.4813,-13.652,-13.201
-13.458,-9.3899,5.8864,13.784,-6.2365,-0.047282,-2.9693,-19.729,-16.633,-6.9269,-14.459,-13.976
-13.167,-10.037,5.1267,13.978,-5.6507,-0.55429,-2.7424,-21.33,-17.132,-7.1816,-15.234,-14.71
-12.774,-10.676,4.1165,14.172,-4.8321,-1.1507,-2.3985,-22.526,-17.427,-7.2523,-15.957,-15.394
-12.292,-11.281,2.9247,14.341,-3.829,-1.8023,-1.9625,-23.331,-17.551,-7.1813,-16.616,-16.029
-11.751,-11.834,1.6566,14.472,-2.7244,-2.4698,-1.4736,-23.84,-17.575,-7.0353,-17.218,-16.625
-11.189,-12.342,0.41863,14.566,-1.6223,-3.1277,-0.97078,-24.203,-17.597,-6.879,-17.786,-17.205
-10.649,-12.829,-0.71039,14.631,-0.62968,-3.7735,-0.48394,-24.593,-17.719,-6.7705,-18.362,-17.802
-10.179,-13.32,-1.6842,14.678,0.15608,-4.4218,-0.028644,-25.175,-18.015,-6.7516,-18.995,-18.459
-9.8365,-13.829,-2.4742,14.722,0.65187,-5.0864,0.39849,-26.066,-18.512,-6.838,-19.718,-19.215
-9.6921,-14.353,-3.0565,14.78,0.79611,-5.7642,0.81988,-27.308,-19.178,-7.0142,-20.544,-20.091
-9.8061,-14.877,-3.4186,14.875,0.56865,-6.4335,1.2686,-28.867,-19.938,-7.2397,-21.453,-21.078
-10.192,-15.386,-3.5821,15.028,0.016656,-7.0668,1.7736,-30.646,-20.702,-7.4653,-22.407,-22.145
-10.789,-15.873,-3.6199,15.246,-0.73441,-7.6526,2.3465,-32.504,-21.39,-7.6552,-23.374,-23.25
-11.461,-16.338,-3.6555,15.518,-1.4969,-8.2086,2.9762,-34.288,-21.949,-7.8046,-24.337,-24.359
-12.035,-16.792,-3.8348,15.818,-2.0617,-8.7764,3.6351,-35.86,-22.37,-7.9431,-25.304,-25.453
-12.349,-17.247,-4.2763,16.116,-2.2531,-9.3996,4.2913,-37.121,-22.674,-8.1238,-26.297,-26.533
-12.309,-17.71,-5.0205,16.392,-1.9825,-10.097,4.9224,-38.025,-22.897,-8.3993,-27.34,-27.605
-11.92,-18.176,-6.0065,16.647,-1.2831,-10.848,5.5242,-38.574,-23.081,-8.7958,-28.438,-28.677
-11.295,-18.628,-7.0878,16.899,-0.30513,-11.589,6.1112,-38.821,-23.259,-9.2911,-29.568,-29.738
-10.615,-19.033,-8.0807,17.172,0.73155,-12.234,6.7108,-38.84,-23.436,-9.8028,-30.673,-30.751
-10.065,-19.357,-8.8218,17.473,1.6075,-12.702,7.354,-38.712,-23.572,-10.193,-31.672,-31.654
-9.79,-19.577,-9.2162,17.794,2.1627,-12.95,8.0678,-38.494,-23.589,-10.306,-32.499,-32.389
-9.8578,-19.699,-9.264,18.118,2.3258,-12.996,8.8693,-38.236,-23.401,-10.028,-33.128,-32.925
-10.257,-19.759,-9.0536,18.436,2.115,-12.91,9.7607,-37.998,-22.968,-9.355,-33.593,-33.284
-10.907,-19.806,-8.7191,18.744,1.6159,-12.789,10.727,-37.871,-22.337,-8.4088,-33.978,-33.541
-11.684,-19.875,-8.3799,19.026,0.94486,-12.717,11.734,-37.958,-21.64,-7.3793,-34.382,-33.795
-12.47,-19.962,-8.0877,19.243,0.20392,-12.72,12.742,-38.334,-21.048,-6.448,-34.886,-34.138
-13.188,-20.035,-7.7997,19.362,-0.55854,-12.758,13.708,-39,-20.709,-5.7129,-35.519,-34.62
-13.813,-20.049,-7.3958,19.371,-1.3565,-12.739,14.604,-39.874,-20.695,-5.171,-36.254,-35.23
-14.357,-19.963,-6.7431,19.281,-2.2312,-12.561,15.41,-40.825,-20.981,-4.7473,-37.022,-35.907
-14.826,-19.757,-5.7826,19.116,-3.1902,-12.161,16.107,-41.718,-21.456,-4.3429,-37.741,-36.558
-15.192,-19.437,-4.5934,18.897,-4.1594,-11.559,16.672,-42.467,-21.962,-3.8771,-38.334,-37.09
-15.381,-19.039,-3.3945,18.629,-4.9787,-10.86,17.076,-43.054,-22.349,-3.3071,-38.744,-37.427
-15.3,-18.619,-2.4712,18.306,-5.451,-10.22,17.287,-43.536,-22.535,-2.6266,-38.927,-37.518
-14.883,-18.227,-2.0595,17.913,-5.424,-9.7764,17.292,-44.028,-22.522,-1.8585,-38.858,-37.347
-14.138,-17.88,-2.2396,17.439,-4.8654,-9.5733,17.113,-44.675,-22.401,-1.0613,-38.546,-36.942
-13.178,-17.54,-2.8785,16.885,-3.8996,-9.517,16.83,-45.615,-22.356,-0.35265,-38.066,-36.397
-12.215,-17.103,-3.6421,16.277,-2.7878,-9.3668,16.603,-46.951,-22.673,0.055368,-37.594,-35.902
-11.534,-16.4,-4.0785,15.67,-1.8684,-8.7806,16.695,-48.736,-23.778,-0.18201,-37.433,-35.755
-11.451,-15.19,-3.7538,15.121,-1.528,-7.4288,17.49,-50.968,-26.267,-1.601,-37.986,-36.341
-12.344,-13.186,-2.7283,14.66,-2.3886,-5.2341,19.402,-53.613,-30.915,-5.1324,-39.665,-38.051
-14.756,-10.345,-2.7725,14.254,-4.5042,-4.0853,22.174,-56.607,-38.637,-12.645,-42.622,-41.03
-16.721,-8.9646,-1.7199,13.806,-4.6557,-3.4592,19.692,-59.823,-45.37,-13.498,-46.072,-44.417
-15.123,-10.188,-1.7067,13.184,-4.1027,-3.6477,12.959,-62.971,-43.227,-8.6562,-46.393,-44.247
-12.692,-10.571,-3.0612,12.267,-2.4359,-5.1808,9.5792,-65.506,-41.378,-1.8877,-39.144,-36.365
-11.177,-11.425,-4.4367,10.983,-1.0847,-6.9887,5.7653,-66.574,-41.074,3.9067,-34.13,-30.873
-11.837,-11.582,-2.878,9.3382,-2.6251,-6.7369,3.3341,-65.063,-42.145,4.7288,-35.273,-31.378
-16.387,-8.937,5.9022,8.6475,-10.198,-0.80244,5.468,-61.934,-46.744,-3.2202,-35.658,-33.423
-27.648,-1.0146,26.344,13.626,-26.949,14.585,15.588,-78.717,-62.977,-26.987,-34.939,-34.76
-47.112,14.242,61.654,15.511,-55.212,41.781,36.135,-90.254,-96.596,-73.693,-53.795,-51.321
-74.492,37.922,113.28,17.079,-95.433,80.829,68.527,-103.51,-148.33,-145.45,-92.373,-89.406
-107.93,70.446,179.74,17.502,-145.14,129.37,112.6,-116.95,-216.24,-240.05,-140.05,-137
-143.03,111,255.28,14.878,-198.86,185.64,163.7,-126.08,-293.25,-348.18,-189.33,-186.4
-173.78,156.71,330.87,7.3376,-250.27,246.59,215.1,-125.12,-366.97,-452.97,-230.24,-227.62
-193.83,204.79,396.2,-6.4499,-291.9,304.33,261.42,-107.49,-421.02,-533.98,-251.38,-249.29
-196.88,253.52,443.18,-27.509,-315.88,352.21,298.57,-66.27,-438.32,-570.89,-242,-240.58
-179.9,299.98,468.62,-57.145,-319.33,387.2,323.29,4.3197,-404.97,-545.9,-192.94,-192.16
-141.3,344.2,472.03,-97.317,-301.23,410.14,332.79,106.62,-312.12,-445.31,-96.761,-96.439
-79.693,389,454.94,-149.97,-262.03,423.76,324.5,239.27,-154.87,-259.86,52.385,52.505
6.0999,437.74,420.15,-216.67,-203.07,430.66,295.93,397.53,68.758,15.624,258.27,258.39
113.33,491.78,369.55,-297.6,-125.23,431.56,245.05,572.48,358.33,383.28,521.05,521.24
239.49,547.88,301.54,-389.95,-28.358,424.3,170.34,756.22,714.96,842.06,834.91,835.05
382.34,597.18,209.86,-487.22,88.95,402.49,71.095,942.55,1139.9,1385,1185.7,1185.5
536.58,625.9,84.827,-579.36,228.52,354.96,-51.129,1124.5,1629.1,1992.4,1549.4,1548.4
693.79,618.53,-81.44,-654.21,389.87,269.38,-190.72,1290.9,2164.2,2626.2,1892.6,1890.7
842.09,564.02,-287.53,-700.42,566.4,140.07,-337.36,1422.5,2703.7,3228.9,2178,2174.9
966.56,462.4,-517.25,-710.87,742.71,-25.179,-477.38,1491.1,3182.3,3729.7,2371.4,2367.6
1051.1,327.04,-739.93,-684.5,895.57,-204.21,-597.31,1464.1,3522.2,4058.4,2450.9,2446.7
1081.5,180.53,-918.01,-625.79,999.27,-366.62,-687.04,1316.1,3652.7,4162.9,2410.4,2406.2
1049.8,46.723,-1018.9,-542.81,1033.5,-483.94,-740.91,1042.9,3532.7,4022.9,2259.3,2255.5
956.49,-56.389,-1025.6,-445.1,990.1,-538.56,-756.98,670.19,3165,3654.3,2017.2,2014.3
811.95,-119.93,-940.54,-342.16,875.27,-527.6,-736.18,250.8,2598.6,3105.1,1709,1707.3
634.17,-144.1,-783.5,-242.54,707.85,-461.47,-682.15,-149.41,1918.4,2445,1361,1360.5
445.48,-136.1,-585.22,-153.41,514.29,-359.23,-601.25,-470.11,1225.5,1753.5,1000.8,1001.2
268.56,-106.86,-379.57,-80.456,322.91,-243.11,-502.28,-671.6,615.4,1108,656.47,657.08
122.46,-67.778,-196.21,-26.915,158.17,-133.28,-395.8,-742.03,157.98,573.69,355.56,356.03
18.859,-28.44,-55.264,1.2362,36.173,-44.133,-293.27,-696.39,-114.44,194.38,121.8,121.92
-35.279,3.5018,34.474,10.874,-36.848,16.733,-205.11,-569.13,-209.94,-16.183,-30.771,-31.048
-52.12,24.688,76.347,10.132,-66.678,48.99,-137.82,-403.28,-170.44,-79.938,-102.58,-103.22
-43.589,35.802,81.658,3.6435,-65.197,58.027,-92.573,-239.47,-57.194,-43.143,-109.12,-110.01
-22.747,37.817,63.567,-4.8015,-45.082,49.941,-64.345,-105.96,69.821,41.929,-76.018,-76.996
-0.584,32.619,33.452,-11.959,-18.588,32.733,-48.349,-24.36,169.05,129.06,-30.077,-31.082
16.971,24.859,1.7731,-15.799,6.0909,13.548,-39.683,7.6153,222.57,188.07,8.7528,7.5828
17.582,15.778,-9.057,-14.095,12.742,2.2295,-33.761,16.42,231.98,208.42,28.309,27.437
16.227,4.0119,-18.41,-1.9775,17.275,-6.2758,-28.459,12.384,210.17,195.28,30.498,29.402
5.8281,-0.73132,-20.109,0.88506,15.246,-9.9141,-20.891,3.5279,173.01,161.93,10.622,10.215
1.0915,-1.8149,-9.2448,2.5838,4.5304,-4.3209,-11.729,-3.3983,134.15,121.74,-11.426,-11.597
-1.3108,-2.6215,-7.2406,3.9058,2.7701,-3.1739,-1.4544,-5.9071,104.5,85.631,-15.73,-16.117
-3.1942,-3.5767,-6.9206,4.9946,1.1261,-4.3939,6.9076,-4.2557,84.021,63.317,-15.897,-16.306
-4.5424,-4.726,-6.5155,5.9221,-0.38821,-5.7289,7.7239,-0.76052,71.971,46.713,-13.967,-14.267
-5.5058,-5.8508,-6.5167,6.6995,-1.363,-6.7067,8.9921,4.5534,75.42,38.66,-11.945,-12.083
-6.1593,-6.8854,-6.95,7.2957,-1.9367,-7.6926,11.083,6.3681,76.759,40.44,-10.876,-10.856
-6.5493,-7.8515,-7.3712,7.6982,-2.2915,-8.5849,13.304,6.8546,69.415,36.34,-10.918,-10.771
-6.7803,-8.6813,-7.4797,7.9584,-2.6364,-9.1671,15.502,6.7655,60.596,28.912,-11.808,-11.586
-7.0103,-9.2796,-7.1567,8.1567,-3.1397,-9.3825,17.624,6.4534,50.879,21.198,-13.164,-12.923
-7.3667,-9.616,-6.4386,8.352,-3.8627,-9.2815,19.577,6.1255,40.111,15.473,-14.593,-14.378
-7.8775,-9.7212,-5.4682,8.5647,-4.7647,-8.9553,21.241,5.888,31.798,12.454,-15.759,-15.587
-8.4638,-9.6444,-4.4406,8.7771,-5.7159,-8.5023,22.541,5.7659,26.665,10.192,-16.45,-16.308
-8.9763,-9.4246,-3.5512,8.9416,-6.5316,-8.0109,23.473,5.7398,23.268,8.3797,-16.617,-16.476
-9.2595,-9.0849,-2.9405,9.0019,-7.0383,-7.5439,24.085,5.7821,20.808,7.0394,-16.344,-16.178
-9.2242,-8.6418,-2.6468,8.9226,-7.1523,-7.1254,24.452,5.8729,18.911,6.1018,-15.773,-15.58
-8.8956,-8.1161,-2.5871,8.7099,-6.929,-6.7398,24.656,5.998,17.38,5.4571,-15.042,-14.848
-8.4067,-7.5371,-2.5884,8.41,-6.551,-6.3469,24.765,6.1406,16.1,5.0008,-14.249,-14.104
-7.9388,-6.9348,-2.4587,8.0864,-6.2552,-5.9049,24.824,6.2803,14.997,4.6509,-13.456,-13.411
-7.6465,-6.3293,-2.0607,7.7918,-6.2375,-5.388,24.853,6.4018,14.017,4.3548,-12.696,-12.78
-7.6055,-5.7296,-1.3568,7.5518,-6.5868,-4.7961,24.862,6.5053,13.125,4.0954,-11.974,-12.181
-7.8019,-5.1454,-0.41114,7.3673,-7.2711,-4.1574,24.868,6.6087,12.323,3.8885,-11.273,-11.558
-8.1539,-4.5957,0.64065,7.2257,-8.1656,-3.5216,24.901,6.7404,11.638,3.7666,-10.562,-10.861
-8.5485,-4.1069,1.6388,7.1119,-9.1013,-2.9441,24.992,6.9256,11.105,3.755,-9.8106,-10.062
-8.8795,-3.7023,2.452,7.0136,-9.9185,-2.466,25.16,7.1742,10.747,3.852,-9.0027,-9.1749
-9.0775,-3.391,3.021,6.9233,-10.513,-2.0987,25.403,7.4778,10.559,4.0227,-8.1443,-8.2484
-9.1269,-3.1622,3.3752,6.837,-10.864,-1.8194,25.701,7.8157,10.508,4.2102,-7.2603,-7.3403
-9.0624,-2.9863,3.6106,6.7522,-11.022,-1.5822,26.019,8.1675,10.551,4.354,-6.3842,-6.4961
-8.9484,-2.8233,3.8384,6.6649,-11.076,-1.342,26.319,8.5253,10.646,4.4097,-5.549,-5.7374
-8.8493,-2.6403,4.1288,6.5709,-11.111,-1.0801,26.564,8.8974,10.765,4.363,-4.782,-5.063
-8.8028,-2.4275,4.4793,6.4681,-11.177,-0.81642,26.726,9.3057,10.904,4.2366,-4.1024,-4.4596
-8.8123,-2.204,4.8204,6.3589,-11.293,-0.59956,26.788,9.7773,11.082,4.0876,-3.5187,-3.9126
-8.8668,-2.0074,5.058,6.2536,-11.461,-0.4792,26.749,10.338,11.333,3.9925,-3.0244,-3.4103
-8.9678,-1.8732,5.1348,6.1697,-11.683,-0.4782,26.624,11.006,11.696,4.0255,-2.5943,-2.9399
-9.1303,-1.8152,5.0706,6.1237,-11.969,-0.58043,26.442,11.792,12.2,4.2347,-2.1914,-2.4865
-9.3486,-1.8171,4.9447,6.1146,-12.32,-0.7402,26.229,12.686,12.841,4.6255,-1.7858,-2.04
-9.5638,-1.8354,4.8346,6.1091,-12.701,-0.90476,25.993,13.656,13.577,5.1584,-1.3742,-1.6045
-9.6624,-1.8127,4.7656,6.042,-13.023,-1.0349,25.715,14.65,14.342,5.7663,-0.98236,-1.1999
-9.5119,-1.6954,4.7015,5.8377,-13.157,-1.1135,25.361,15.607,15.073,6.3854,-0.64763,-0.84917
-9.017,-1.4529,4.5741,5.445,-12.981,-1.1413,24.906,16.492,15.749,6.9865,-0.39331,-0.56184
-8.1642,-1.0873,4.3216,4.8647,-12.427,-1.1279,24.354,17.306,16.399,7.5897,-0.21008,-0.32365
-7.0324,-0.63281,3.9162,4.1544,-11.505,-1.083,23.745,18.081,17.095,8.2538,-0.053663,-0.098512
-5.7655,-0.14437,3.3706,3.4093,-10.305,-1.0143,23.143,18.863,17.92,9.0478,0.13902,0.15701
-4.5241,0.31863,2.7299,2.7298,-8.9657,-0.93168,22.601,19.683,18.931,10.019,0.42322,0.47467
-3.4382,0.70992,2.0575,2.1869,-7.6462,-0.85116,22.142,20.543,20.147,11.173,0.82331,0.86254
-2.5757,1.0089,1.4235,1.7987,-6.487,-0.78904,21.736,21.406,21.531,12.479,1.3239,1.3057
-1.9401,1.2225,0.89687,1.5288,-5.5886,-0.74706,21.314,22.196,23.004,13.882,1.8763,1.7751
-1.4969,1.3809,0.54142,1.3081,-5.0018,-0.70207,20.789,22.827,24.464,15.32,2.4149,2.2386
-1.2174,1.5321,0.41806,1.0706,-4.7475,-0.61029,20.097,23.233,25.83,16.744,2.8786,2.6715
-1.1074,1.7322,0.59232,0.77886,-4.8551,-0.42056,19.231,23.416,27.076,18.124,3.2337,3.0653
-1.1974,2.0264,1.125,0.42816,-5.3674,-0.089801,18.251,23.446,28.249,19.464,3.4903,3.4342
-1.5017,2.4322,2.0276,0.032036,-6.2883,0.39918,17.276,23.441,29.451,20.789,3.7052,3.8143
-1.9841,2.9355,3.2146,-0.39324,-7.5223,1.0226,16.436,23.521,30.798,22.141,3.9664,4.2555
-2.5511,3.5046,4.4999,-0.83684,-8.8629,1.7125,15.828,23.771,32.394,23.577,4.3625,4.8062
-3.0677,4.1131,5.6389,-1.2947,-10.036,2.3708,15.493,24.224,34.31,25.166,4.9507,5.4964
-3.3863,4.7568,6.395,-1.766,-10.768,2.8983,15.417,24.862,36.583,26.991,5.7381,6.3273
-3.3757,5.4502,6.6113,-2.2482,-10.853,3.2309,15.546,25.632,39.211,29.141,6.6857,7.2741
-2.9463,6.2071,6.2716,-2.7393,-10.208,3.3702,15.803,26.477,42.159,31.691,7.7309,8.2991
-2.0772,7.0404,5.5241,-3.2522,-8.9144,3.3947,16.111,27.364,45.367,34.68,8.8158,9.3673
-0.8397,7.9905,4.6573,-3.822,-7.228,3.4449,16.418,28.301,48.766,38.086,9.9079,10.455
0.5988,9.1381,4.0236,-4.4847,-5.5242,3.683,16.693,29.326,52.306,41.827,11.007,11.554
2.007,10.568,3.9268,-5.2447,-4.1898,4.2397,16.921,30.471,55.951,45.785,12.135,12.662
3.1515,12.319,4.5135,-6.0642,-3.5119,5.1687,17.087,31.726,59.664,49.851,13.321,13.782
3.8581,14.365,5.7231,-6.8895,-3.6126,6.4274,17.174,33.032,63.379,53.945,14.576,14.915
4.0472,16.661,7.3374,-7.6986,-4.433,7.8967,17.175,34.312,67.003,58.027,15.899,16.068
3.7355,19.177,9.096,-8.5386,-5.7797,9.4313,17.104,35.529,70.458,62.094,17.277,17.259
3.0202,21.891,10.791,-9.53,-7.4263,10.908,16.998,36.729,73.72,66.167,18.701,18.512
2.0648,24.738,12.296,-10.844,-9.1789,12.26,16.896,38.047,76.824,70.277,20.18,19.856
1.0929,27.6,13.571,-12.648,-10.866,13.482,16.816,39.65,79.849,74.448,21.73,21.303
0.36485,30.388,14.642,-15.012,-12.323,14.635,16.746,41.687,82.881,78.695,23.38,22.851
0.11452,33.084,15.568,-17.818,-13.403,15.826,16.647,44.223,85.991,83.034,25.163,24.491
0.47306,35.707,16.38,-20.793,-13.999,17.195,16.473,47.223,89.236,87.494,27.12,26.229
1.4406,38.267,17.052,-23.671,-14.031,18.869,16.185,50.563,92.659,92.114,29.295,28.105
2.9388,40.747,17.513,-26.314,-13.444,20.894,15.762,54.073,96.288,96.914,31.729,30.191
4.8774,43.12,17.681,-28.716,-12.226,23.169,15.196,57.593,100.12,101.85,34.445,32.571
7.1596,45.369,17.51,-30.948,-10.449,25.464,14.488,60.997,104.08,106.82,37.439,35.303
9.657,47.499,17.024,-33.093,-8.299,27.553,13.639,64.206,108.06,111.64,40.674,38.404
12.218,49.555,16.342,-35.211,-6.0568,29.342,12.649,67.188,111.9,116.12,44.083,41.828
14.707,51.63,15.662,-37.319,-4.0327,30.893,11.522,69.95,115.46,120.15,47.579,45.472
17.047,53.857,15.197,-39.395,-2.4831,32.357,10.277,72.542,118.67,123.73,51.081,49.206
19.229,56.356,15.113,-41.381,-1.5639,33.885,8.9585,75.042,121.59,127.04,54.558,52.935
21.318,59.156,15.482,-43.223,-1.3346,35.573,7.6283,77.546,124.35,130.36,58.062,56.662
23.366,62.167,16.276,-44.92,-1.7743,37.435,6.3486,80.131,127.14,134.02,61.731,60.507
25.275,65.223,17.381,-46.535,-2.7675,39.42,5.1603,82.828,130.13,138.3,65.758,64.67
26.836,68.171,18.628,-48.147,-4.0822,41.436,4.071,85.607,133.44,143.32,70.323,69.343
27.977,70.93,19.831,-49.793,-5.401,43.402,3.0582,88.393,137.12,149.02,75.525,74.624
28.905,73.487,20.824,-51.456,-6.4014,45.276,2.0834,91.091,141.12,155.2,81.335,80.472
30.011,75.876,21.498,-53.167,-6.8348,47.083,1.1087,93.617,145.36,161.68,87.593,86.719
31.697,78.146,21.809,-55.075,-6.5728,48.881,0.10932,95.913,149.76,168.39,94.066,93.153
34.223,80.338,21.787,-57.401,-5.6273,50.734,-0.9225,97.96,154.24,175.35,100.56,99.619
37.626,82.495,21.517,-60.287,-4.1494,52.673,-1.9833,99.771,158.78,182.59,106.96,106.07
41.694,84.686,21.129,-63.675,-2.3948,54.667,-3.0692,101.38,163.38,190.12,113.3,112.53
46.028,87.023,20.76,-67.292,-0.65336,56.634,-4.1859,102.81,168.01,197.89,119.6,119.06
50.169,89.608,20.517,-70.771,0.8263,58.475,-5.3552,104.05,172.61,205.81,125.92,125.68
53.782,92.466,20.461,-73.869,1.89,60.135,-6.6131,105.1,177.11,213.79,132.25,132.31
56.78,95.553,20.611,-76.593,2.5024,61.625,-8.0046,105.93,181.45,221.8,138.52,138.87
59.329,98.854,20.941,-79.173,2.7446,63.021,-9.5746,106.59,185.62,229.84,144.67,145.26
61.776,102.44,21.392,-81.96,2.785,64.428,-11.364,107.11,189.69,237.91,150.7,151.43
64.574,106.42,21.886,-85.302,2.8317,65.938,-13.406,107.6,193.77,246.02,156.64,157.44
68.152,110.79,22.365,-89.365,3.0752,67.597,-15.717,108.1,197.98,254.14,162.6,163.39
72.603,115.42,22.806,-93.973,3.635,69.387,-18.287,108.64,202.41,262.22,168.66,169.41
77.473,120.02,23.213,-98.697,4.5257,71.24,-21.073,109.13,207.06,270.24,174.9,175.61
82.12,124.31,23.588,-103.14,5.6701,73.056,-24.018,109.44,211.86,278.26,181.33,182.03
86.23,128.12,23.898,-107.15,6.9728,74.741,-27.076,109.41,216.69,286.38,187.87,188.62
89.874,131.41,24.083,-110.76,8.4114,76.226,-30.231,108.91,221.36,294.66,194.4,195.29
93.277,134.25,24.075,-114.12,10.061,77.478,-33.479,107.92,225.74,303.04,200.78,201.89
96.622,136.77,23.842,-117.34,12.033,78.494,-36.808,106.51,229.73,311.38,206.88,208.27
99.967,139.02,23.401,-120.5,14.382,79.283,-40.187,104.82,233.35,319.52,212.66,214.3
103.25,141.02,22.816,-123.58,17.019,79.853,-43.575,102.99,236.65,327.36,218.1,219.93
106.37,142.74,22.177,-126.56,19.697,80.221,-46.932,101.07,239.69,334.89,223.24,225.13
109.21,144.12,21.575,-129.35,22.106,80.415,-50.211,99.005,242.52,342.1,228.14,229.92
111.69,145.16,21.08,-131.84,24.02,80.474,-53.366,96.701,245.14,349,232.83,234.34
113.8,145.92,20.706,-133.93,25.411,80.449,-56.377,94.063,247.56,355.62,237.34,238.4
115.6,146.46,20.41,-135.63,26.465,80.389,-59.263,91.064,249.77,361.98,241.62,242.12
117.25,146.84,20.097,-137,27.502,80.329,-62.089,87.747,251.82,368.02,245.66,245.53
118.88,147.1,19.671,-138.1,28.825,80.295,-64.938,84.196,253.73,373.65,249.39,248.64
120.49,147.29,19.079,-138.96,30.538,80.303,-67.898,80.469,255.51,378.77,252.78,251.45
121.95,147.4,18.347,-139.59,32.459,80.366,-71.034,76.556,257.12,383.32,255.82,253.97
123.05,147.43,17.581,-140.01,34.214,80.474,-74.371,72.364,258.52,387.3,258.52,256.21
123.71,147.4,16.9,-140.21,35.497,80.581,-77.875,67.781,259.67,390.78,260.89,258.21
123.99,147.3,16.344,-140.25,36.291,80.589,-81.483,62.759,260.55,393.85,262.97,260
124.13,147.15,15.818,-140.18,36.851,80.378,-85.131,57.386,261.2,396.6,264.81,261.64
124.39,146.94,15.105,-140.11,37.541,79.843,-88.784,51.879,261.68,399.08,266.41,263.14
125.05,146.67,13.971,-140.12,38.707,78.921,-92.439,46.501,262.08,401.3,267.76,264.48
126.29,146.3,12.255,-140.26,40.597,77.598,-96.102,41.457,262.45,403.25,268.83,265.64
128.12,145.79,9.9291,-140.55,43.283,75.881,-99.773,36.835,262.79,404.85,269.57,266.54
130.4,145.06,7.0938,-140.9,46.63,73.792,-103.43,32.616,263.02,406.05,269.91,267.09
132.86,144.05,3.9362,-141.22,50.358,71.359,-107.04,28.695,263.01,406.76,269.83,267.2
135.2,142.73,0.67477,-141.41,54.158,68.626,-110.54,24.918,262.63,406.95,269.29,266.81
137.18,141.12,-2.4865,-141.39,57.748,65.665,-113.85,21.127,261.75,406.57,268.31,265.9
138.63,139.28,-5.3817,-141.14,60.882,62.567,-116.93,17.205,260.29,405.61,266.9,264.5
139.55,137.25,-7.8801,-140.66,63.391,59.423,-119.72,13.062,258.23,403.97,265.05,262.65
140.05,135.02,-9.8845,-139.9,65.272,56.291,-122.21,8.5731,255.49,401.45,262.73,260.39
140.29,132.52,-11.379,-138.79,66.726,53.18,-124.41,3.5484,252.01,397.81,259.92,257.76
140.44,129.69,-12.498,-137.12,68.062,50.079,-126.33,-2.2105,247.75,392.9,256.59,254.74
140.4,126.47,-13.508,-134.69,69.507,46.976,-127.94,-8.7878,242.72,386.74,252.74,251.32
139.58,122.8,-14.663,-131.38,70.992,43.849,-129.22,-16.077,236.97,379.44,248.37,247.42
137.34,118.65,-16.045,-127.28,72.077,40.646,-130.16,-23.835,230.56,371.07,243.43,242.93
133.8,113.97,-17.573,-122.54,72.349,37.317,-130.78,-31.764,223.51,361.57,237.8,237.62
129.67,108.77,-19.105,-117.28,71.812,33.883,-131.12,-39.554,215.81,350.79,231.34,231.25
125.53,103.1,-20.481,-111.73,70.671,30.444,-131.21,-46.946,207.44,338.59,223.94,223.66
121.49,97.159,-21.55,-106.22,68.998,27.102,-131.07,-53.823,198.49,325.03,215.66,214.88
117.25,91.264,-22.191,-100.98,66.716,23.904,-130.66,-60.218,189.16,310.49,206.73,205.23
112.41,85.768,-22.348,-95.916,63.745,20.817,-129.93,-66.213,179.69,295.58,197.44,195.1
106.73,80.825,-22.038,-90.827,60.111,17.764,-128.76,-71.856,170.15,280.87,188.01,184.87
100.23,76.288,-21.351,-85.52,55.965,14.743,-127.02,-77.144,160.41,266.56,178.52,174.72
93.128,71.835,-20.435,-79.919,51.544,11.896,-124.62,-82.055,150.19,252.46,168.93,164.63
85.701,67.172,-19.469,-74.042,47.12,9.4122,-121.54,-86.577,139.25,238.18,159.11,154.47
78.227,62.154,-18.623,-67.941,42.952,7.3593,-117.88,-90.719,127.48,223.38,148.97,144.08
70.939,56.778,-18.012,-61.679,39.237,5.6591,-113.81,-94.505,115.07,207.86,138.44,133.36
64.117,51.11,-17.685,-55.4,36.082,4.1946,-109.55,-97.963,102.49,191.69,127.54,122.33
58.144,45.238,-17.611,-49.423,33.492,2.8842,-105.22,-101.11,90.324,175.09,116.33,111.07
53.299,39.301,-17.678,-44.162,31.289,1.6959,-100.86,-103.95,78.97,158.39,104.89,99.731
49.435,33.508,-17.716,-39.866,28.92,0.62908,-96.398,-106.46,68.42,141.94,93.363,88.405
45.816,28.05,-17.546,-36.395,25.528,-0.31077,-91.754,-108.63,58.352,125.91,81.832,77.129
41.43,22.922,-17.058,-33.179,20.92,-1.1277,-86.865,-110.43,48.393,110.21,70.33,65.886
36.02,17.883,-16.251,-29.43,16.148,-1.8381,-81.724,-111.86,38.364,94.436,58.906,54.737
30.35,12.899,-15.225,-24.666,12.176,-2.4659,-76.386,-112.92,28.406,78.214,47.799,44.008
24.968,8.6336,-14.15,-19.212,9.2068,-3.0431,-70.957,-113.61,19.077,62.247,37.525,34.289
20.083,5.677,-13.218,-13.99,7.1094,-3.6039,-65.538,-113.91,11.168,48.125,28.617,26.077
15.905,3.815,-12.563,-9.6922,5.705,-4.17,-60.193,-113.86,5.0334,36.381,21.272,19.444
12.532,2.5836,-12.198,-6.4517,4.799,-4.7371,-54.947,-113.48,0.30331,26.276,15.326,14.116
9.8399,1.6876,-11.995,-4.0757,4.1452,-5.2726,-49.788,-112.81,-3.6286,17.432,10.466,9.7409
7.564,0.98461,-11.723,-2.3026,3.4524,-5.7301,-44.695,-111.89,-7.2021,10.46,6.3968,6.0225
5.4564,0.40053,-11.155,-0.91323,2.4609,-6.0664,-39.731,-110.75,-10.646,5.4987,2.8831,2.7512
3.3748,-0.11574,-10.17,0.25016,1.0449,-6.2664,-35.098,-109.41,-14.041,1.7119,-0.24516,-0.21222
1.2826,-0.60846,-8.8216,1.2968,-0.74729,-6.3571,-30.992,-107.89,-17.365,-1.6383,-3.1062,-2.9578
-0.76746,-1.1167,-7.3283,2.2855,-2.7124,-6.4091,-27.449,-106.18,-20.524,-4.8531,-5.778,-5.5439
-2.6256,-1.6689,-6.0049,3.2127,-4.5382,-6.5181,-24.367,-104.28,-23.395,-7.9919,-8.3075,-8.0097
-4.0737,-2.2751,-5.1595,4.0272,-5.8819,-6.7732,-21.626,-102.19,-25.876,-11.026,-10.716,-10.379
-4.901,-2.9249,-5.0001,4.665,-6.4683,-7.2216,-19.143,-99.926,-27.917,-13.898,-13.001,-12.654
-4.989,-3.5901,-5.5721,5.083,-6.176,-7.8485,-16.871,-97.5,-29.526,-16.542,-15.145,-14.817
-4.3583,-4.2355,-6.7493,5.2771,-5.0685,-8.5851,-14.784,-94.934,-30.752,-18.896,-17.122,-16.829
-3.1733,-4.8351,-8.289,5.2872,-3.3643,-9.343,-12.871,-92.242,-31.66,-20.912,-18.92,-18.654
-1.7096,-5.389,-9.9276,5.1913,-1.3861,-10.059,-11.13,-89.436,-32.313,-22.58,-20.552,-20.283
-0.28793,-5.9288,-11.459,5.0864,0.51378,-10.719,-9.5677,-86.529,-32.762,-23.939,-22.062,-21.751
0.81989,-6.5026,-12.762,5.0585,2.0408,-11.354,-8.1807,-83.547,-33.041,-25.076,-23.507,-23.13
1.4586,-7.1449,-13.785,5.1552,3.0161,-11.997,-6.9574,-80.53,-33.179,-26.098,-24.937,-24.498
1.5854,-7.8493,-14.506,5.379,3.3722,-12.65,-5.8777,-77.525,-33.204,-27.096,-26.371,-25.905
1.2368,-8.5608,-14.912,5.7014,3.1365,-13.268,-4.9172,-74.576,-33.145,-28.115,-27.788,-27.357
0.50569,-9.1995,-15.017,6.0824,2.4304,-13.782,-4.0493,-71.704,-33.025,-29.138,-29.142,-28.808
-0.47139,-9.7037,-14.867,6.4871,1.4528,-14.137,-3.2427,-68.913,-32.845,-30.096,-30.377,-30.181
-1.5308,-10.061,-14.54,6.8938,0.42477,-14.32,-2.4609,-66.182,-32.582,-30.9,-31.448,-31.399
-2.5068,-10.309,-14.128,7.2896,-0.45461,-14.365,-1.6658,-63.478,-32.191,-31.472,-32.335,-32.409
-3.2622,-10.506,-13.743,7.6595,-1.0415,-14.331,-0.82891,-60.768,-31.619,-31.759,-33.045,-33.199
-3.7126,-10.695,-13.47,7.9805,-1.27,-14.275,0.059816,-58.033,-30.836,-31.748,-33.613,-33.804
-3.8438,-10.89,-13.341,8.2257,-1.1675,-14.226,0.99096,-55.277,-29.837,-31.464,-34.086,-34.279
-3.7219,-11.076,-13.301,8.3773,-0.84927,-14.186,1.9402,-52.513,-28.665,-30.959,-34.519,-34.684
-3.4756,-11.225,-13.233,8.4329,-0.48985,-14.128,2.8705,-49.753,-27.399,-30.309,-34.958,-35.065
-3.2532,-11.313,-13.003,8.4087,-0.27097,-14.02,3.7355,-46.991,-26.132,-29.584,-35.436,-35.446
-3.1766,-11.33,-12.528,8.3356,-0.32627,-13.835,4.4888,-44.2,-24.94,-28.832,-35.966,-35.834
-3.3099,-11.296,-11.819,8.2525,-0.70005,-13.58,5.1008,-41.329,-23.837,-28.061,-36.538,-36.222
-3.6419,-11.256,-10.991,8.1956,-1.3295,-13.304,5.5733,-38.311,-22.786,-27.248,-37.121,-36.593
-4.0867,-11.263,-10.232,8.1853,-2.0545,-13.083,5.9411,-35.087,-21.718,-26.359,-37.674,-36.931
-4.498,-11.356,-9.7486,8.215,-2.659,-12.998,6.2575,-31.642,-20.572,-25.373,-38.154,-37.223
-4.7115,-11.537,-9.7105,8.2488,-2.929,-13.102,6.5712,-28.029,-19.327,-24.286,-38.53,-37.463
-4.603,-11.769,-10.2,8.2358,-2.7211,-13.405,6.9078,-24.364,-18.011,-23.113,-38.792,-37.652
-4.1388,-12.001,-11.191,8.1364,-2.0136,-13.879,7.2636,-20.79,-16.687,-21.873,-38.947,-37.793
-3.3953,-12.206,-12.549,7.9492,-0.92094,-14.469,7.617,-17.429,-15.423,-20.578,-39.018,-37.893
-2.5388,-12.386,-14.058,7.7196,0.33837,-15.103,7.9488,-14.353,-14.265,-19.234,-39.029,-37.952
-1.7722,-12.569,-15.471,7.5235,1.5094,-15.706,8.262,-11.583,-13.221,-17.839,-38.992,-37.965
-1.2652,-12.78,-16.579,7.4344,2.3833,-16.209,8.5835,-9.1114,-12.258,-16.39,-38.907,-37.911
-1.0879,-13.018,-17.265,7.485,2.8658,-16.568,8.951,-6.9166,-11.329,-14.896,-38.762,-37.771
-1.1758,-13.247,-17.537,7.6449,3.0175,-16.772,9.3924,-4.9714,-10.398,-13.377,-38.549,-37.528
-1.3599,-13.414,-17.532,7.8291,3.013,-16.843,9.9129,-3.2434,-9.4509,-11.869,-38.271,-37.181
-1.4542,-13.469,-17.446,7.9391,3.0366,-16.822,10.491,-1.6984,-8.4915,-10.419,-37.947,-36.746
-1.3518,-13.396,-17.435,7.9105,3.1882,-16.749,11.086,-0.30515,-7.5374,-9.074,-37.603,-36.25
-1.0784,-13.211,-17.525,7.741,3.4397,-16.645,11.651,0.95654,-6.6079,-7.8678,-37.259,-35.728
-0.77941,-12.953,-17.598,7.4874,3.637,-16.497,12.153,2.0916,-5.7157,-6.8115,-36.94,-35.217
-0.65557,-12.667,-17.426,7.2396,3.5514,-16.262,12.584,3.0946,-4.8697,-5.8883,-36.653,-34.753
-0.88046,-12.384,-16.774,7.0823,2.9741,-15.886,12.962,3.9638,-4.0742,-5.0563,-36.39,-34.346
-1.5246,-12.111,-15.521,7.0582,1.8277,-15.334,13.33,4.7137,-3.3285,-4.2563,-36.123,-33.987
-2.5082,-11.827,-13.74,7.1459,0.23585,-14.608,13.729,5.3814,-2.6277,-3.424,-35.81,-33.646
-3.6081,-11.484,-11.699,7.2649,-1.4966,-13.749,14.18,6.022,-1.9534,-2.5013,-35.403,-33.283
-4.5263,-11.039,-9.7706,7.3101,-2.9801,-12.842,14.676,6.6956,-1.2738,-1.4467,-34.866,-32.859
-4.9968,-10.475,-8.3047,7.2002,-3.8642,-11.991,15.185,7.4486,-0.55189,-0.24607,-34.182,-32.337
-4.8874,-9.8198,-7.5199,6.9161,-3.9469,-11.292,15.659,8.2993,0.24021,1.0851,-33.358,-31.694
-4.2484,-9.1367,-7.4389,6.507,-3.245,-10.791,16.055,9.2347,1.1119,2.5089,-32.417,-30.922
-3.29,-8.4973,-7.8804,6.0641,-1.9953,-10.473,16.348,10.219,2.0531,3.9786,-31.401,-30.029
-2.3022,-7.9455,-8.5253,5.6792,-0.58012,-10.267,16.524,11.204,3.0381,5.4508,-30.357,-29.052
-1.551,-7.486,-9.0318,5.4074,0.60266,-10.077,16.585,12.149,4.0338,6.8904,-29.327,-28.047
-1.1876,-7.0909,-9.1564,5.2469,1.2708,-9.8309,16.529,13.024,5.0006,8.2657,-28.352,-27.077
-1.211,-6.7153,-8.8248,5.1416,1.3321,-9.4965,16.356,13.812,5.8957,9.5453,-27.463,-26.202
-1.4968,-6.3114,-8.1179,5.006,0.87143,-9.0806,16.069,14.496,6.6816,10.702,-26.678,-25.455
-1.8678,-5.8455,-7.1991,4.7648,0.077786,-8.6096,15.68,15.061,7.3397,11.725,-25.985,-24.832
-2.1627,-5.3124,-6.2445,4.3857,-0.82153,-8.1187,15.222,15.486,7.8737,12.624,-25.345,-24.284
-2.2755,-4.7379,-5.4076,3.8893,-1.607,-7.6458,14.73,15.754,8.3059,13.431,-24.698,-23.74
-2.1661,-4.1685,-4.7949,3.3376,-2.1167,-7.2235,14.239,15.848,8.6687,14.188,-23.988,-23.132
-1.8576,-3.6553,-4.4508,2.8118,-2.2809,-6.8689,13.771,15.759,8.9918,14.935,-23.183,-22.416
-1.4158,-3.2373,-4.3631,2.3869,-2.1114,-6.5775,13.333,15.496,9.2963,15.701,-22.268,-21.576
-0.90501,-2.9314,-4.4872,2.1056,-1.6552,-6.3278,12.922,15.088,9.5958,16.493,-21.256,-20.614
-0.35017,-2.7281,-4.7654,1.9592,-0.96078,-6.0926,12.53,14.577,9.8998,17.296,-20.174,-19.561
0.25569,-2.5944,-5.1268,1.8903,-0.095105,-5.8513,12.141,14.013,10.216,18.075,-19.054,-18.457
0.90729,-2.485,-5.4791,1.8224,0.82375,-5.5938,11.742,13.435,10.55,18.781,-17.932,-17.348
1.5486,-2.3578,-5.715,1.7013,1.636,-5.3158,11.32,12.868,10.896,19.363,-16.846,-16.274
2.0658,-2.1893,-5.7315,1.5231,2.1762,-5.0134,10.871,12.324,11.236,19.785,-15.826,-15.268
2.308,-1.9813,-5.4497,1.3337,2.2964,-4.6826,10.399,11.812,11.537,20.039,-14.893,-14.348
2.1258,-1.7616,-4.8281,1.2091,1.8826,-4.324,9.9139,11.346,11.76,20.153,-14.055,-13.522
1.4171,-1.5751,-3.8713,1.2277,0.88642,-3.9462,9.4317,10.95,11.873,20.182,-13.313,-12.781
0.17545,-1.4657,-2.6389,1.4419,-0.63714,-3.5646,8.9714,10.641,11.871,20.193,-12.643,-12.12
-1.4686,-1.4511,-1.246,1.8498,-2.5038,-3.1917,8.5535,10.432,11.777,20.245,-12.015,-11.517
-3.2445,-1.5042,0.15101,2.3767,-4.4139,-2.8266,8.197,10.319,11.644,20.375,-11.394,-10.935
-4.7948,-1.5576,1.3805,2.8855,-6.0145,-2.4571,7.915,10.283,11.527,20.597,-10.74,-10.334
-5.7677,-1.5354,2.2851,3.2184,-6.9842,-2.0769,7.7101,10.298,11.468,20.896,-10.025,-9.6763
-5.921,-1.3914,2.753,3.2546,-7.1118,-1.7041,7.5688,10.326,11.475,21.239,-9.24,-8.9528
-5.207,-1.129,2.7475,2.9541,-6.3607,-1.382,7.4622,10.32,11.524,21.574,-8.4128,-8.1901
-3.8027,-0.79521,2.3287,2.3731,-4.9078,-1.1557,7.3509,10.233,11.558,21.834,-7.5982,-7.442
-2.0632,-0.45784,1.6505,1.6437,-3.1144,-1.0467,7.1964,10.03,11.506,21.954,-6.8618,-6.7717
-0.40136,-0.18127,0.92321,0.92934,-1.4126,-1.0424,6.9729,9.7013,11.308,21.88,-6.2594,-6.2303
0.84583,-0.0061832,0.35004,0.36939,-0.17011,-1.1054,6.676,9.2532,10.933,21.593,-5.8202,-5.8418
1.4963,0.06025,0.0596,0.03692,0.3987,-1.1932,6.3225,8.7078,10.393,21.11,-5.5426,-5.5984
1.5411,0.041238,0.063505,-0.076312,0.27539,-1.2764,5.9425,8.0907,9.7347,20.477,-5.3982,-5.4673
1.1338,-0.023822,0.25233,-0.045609,-0.35439,-1.3538,5.5693,7.4277,9.0187,19.746,-5.347,-5.3949
0.55433,-0.099603,0.4216,0.020461,-1.1472,-1.4526,5.23,6.7395,8.3027,18.963,-5.3447,-5.3272
0.12341,-0.17215,0.32995,0.021552,-1.707,-1.6209,4.9359,6.0394,7.6221,18.153,-5.3589,-5.2276
0.085684,-0.25306,-0.21576,-0.097987,-1.7201,-1.9067,4.6772,5.3355,6.9846,17.331,-5.3747,-5.0881
0.52245,-0.36818,-1.277,-0.32985,-1.065,-2.331,4.4264,4.6374,6.3775,16.507,-5.3932,-4.9274
1.332,-0.53822,-2.7412,-0.60757,0.15448,-2.8694,4.1511,3.9676,5.7847,15.692,-5.4206,-4.7753
2.2794,-0.76398,-4.357,-0.83843,1.6627,-3.4531,3.8299,3.3602,5.198,14.9,-5.4586,-4.656
3.1033,-1.0194,-5.8237,-0.95212,3.1215,-3.9939,3.4616,2.8504,4.6199,14.135,-5.5016,-4.5831
3.6316,-1.2568,-6.8954,-0.94027,4.2423,-4.4087,3.0591,2.458,4.0539,13.389,-5.5445,-4.5547
3.8285,-1.4222,-7.4476,-0.85997,4.858,-4.6469,2.6387,2.1774,3.4972,12.642,-5.5825,-4.5596
3.7599,-1.4741,-7.4862,-0.79868,4.9395,-4.6977,2.2132,1.978,2.9401,11.877,-5.612,-4.5898
3.531,-1.4002,-7.1098,-0.82529,4.5669,-4.5831,1.791,1.8165,2.3745,11.094,-5.6345,-4.6357
3.2358,-1.2208,-6.4531,-0.95719,3.8801,-4.3414,1.3802,1.6466,1.8031,10.31,-5.6485,-4.6892
2.9315,-0.97648,-5.6375,-1.1589,3.0362,-4.007,0.99244,1.4416,1.2412,9.5575,-5.6516,-4.7368
2.6387,-0.70986,-4.7549,-1.369,2.1788,-3.6051,0.63989,1.2068,0.71455,8.8687,-5.634,-4.7655
2.3617,-0.44956,-3.8742,-1.5356,1.4156,-3.1532,0.33314,0.98279,0.25395,8.2679,-5.5855,-4.7666
2.1131,-0.20714,-3.0465,-1.6378,0.81531,-2.668,0.078609,0.82277,-0.11311,7.7636,-5.4981,-4.7373
1.9217,0.01366,-2.3189,-1.6807,0.4206,-2.1728,-0.12119,0.7603,-0.37337,7.346,-5.3683,-4.682
1.8162,0.20553,-1.7366,-1.677,0.25689,-1.6993,-0.26596,0.7835,-0.53472,6.9893,-5.1962,-4.6098
1.8028,0.35364,-1.3265,-1.6336,0.31871,-1.2841,-0.35667,0.83942,-0.62313,6.6632,-4.9839,-4.5306
1.857,0.44106,-1.0744,-1.552,0.55032,-0.95775,-0.39547,0.86345,-0.67448,6.3438,-4.7351,-4.4485
1.9284,0.46047,-0.92452,-1.435,0.84843,-0.72864,-0.38922,0.80892,-0.72268,6.0191,-4.4538,-4.3675
1.9476,0.41989,-0.7934,-1.2886,1.0857,-0.58037,-0.3539,0.6595,-0.78942,5.6885,-4.1543,-4.2901
1.8375,0.33748,-0.59121,-1.1163,1.1404,-0.48265,-0.31382,0.42473,-0.88825,5.3552,-3.861,-4.2219
1.5323,0.23161,-0.24592,-0.91475,0.92225,-0.40673,-0.29605,0.12799,-1.0281,5.0163,-3.6062,-4.1729
1.0012,0.11539,0.27537,-0.67982,0.39519,-0.33443,-0.32265,-0.20559,-1.2187,4.6551,-3.4231,-4.1562
0.26634,-0.0034722,0.95034,-0.41777,-0.40939,-0.2607,-0.40509,-0.55725,-1.4676,4.2399,-3.3362,-4.1819
-0.5953,-0.11929,1.7041,-0.15009,-1.3913,-0.19269,-0.54198,-0.9169,-1.7753,3.7322,-3.3528,-4.25
-1.4653,-0.22567,2.4187,0.09134,-2.3932,-0.14326,-0.71879,-1.2782,-2.1335,3.1046,-3.4554,-4.3427
-2.2061,-0.31296,2.9594,0.27089,-3.2283,-0.12664,-0.90761,-1.6295,-2.5183,2.3562,-3.6022,-4.4221
-2.6863,-0.36996,3.2074,0.35495,-3.7202,-0.15085,-1.0755,-1.9483,-2.8949,1.5186,-3.7375,-4.4402
-2.8091,-0.39187,3.087,0.31969,-3.7413,-0.22353,-1.201,-2.2052,-3.2282,0.64572,-3.8137,-4.3623
-2.542,-0.38761,2.5852,0.16218,-3.2443,-0.35595,-1.2885,-2.374,-3.4947,-0.20374,-3.811,-4.189
-1.9334,-0.37572,1.7678,-0.09217,-2.2867,-0.55246,-1.3662,-2.4387,-3.6871,-0.98123,-3.7429,-3.9596
-1.1002,-0.36987,0.77561,-0.39573,-1.0296,-0.79352,-1.4662,-2.3956,-3.8092,-1.6525,-3.6415,-3.7307
-0.18658,-0.36517,-0.19981,-0.70093,0.29867,-1.0252,-1.6024,-2.2559,-3.8717,-2.201,-3.5367,-3.5475
0.67437,-0.33467,-0.95508,-0.98596,1.4581,-1.1732,-1.7629,-2.0495,-3.8946,-2.632,-3.4458,-3.4273
1.3795,-0.23882,-1.3259,-1.2601,2.2495,-1.1711,-1.9212,-1.8225,-3.9085,-2.9728,-3.3739,-3.3617
1.8601,-0.046269,-1.2287,-1.5441,2.555,-0.98555,-2.0563,-1.625,-3.9482,-3.26,-3.3195,-3.3296
2.0835,0.24687,-0.68366,-1.8475,2.3587,-0.62701,-2.1642,-1.4955,-4.0367,-3.5142,-3.2758,-3.3084
2.0536,0.6112,0.19308,-2.1606,1.744,-0.1454,-2.2549,-1.4491,-4.1699,-3.7255,-3.2281,-3.2778
1.8034,0.99137,1.2179,-2.4554,0.86866,0.38268,-2.3414,-1.4749,-4.3119,-3.8575,-3.154,-3.2192
1.3811,1.3179,2.19,-2.6884,-0.077625,0.8706,-2.4289,-1.5406,-4.4077,-3.8709,-3.0298,-3.1172
0.84083,1.5226,2.9425,-2.8081,-0.92014,1.2407,-2.5123,-1.6022,-4.4082,-3.7477,-2.8408,-2.9632
0.23925,1.5596,3.3837,-2.7748,-1.5386,1.4447,-2.579,-1.6148,-4.2845,-3.5031,-2.5879,-2.7582
-0.36095,1.423,3.5169,-2.5837,-1.8846,1.4789,-2.6151,-1.5422,-4.0341,-3.1789,-2.2858,-2.5115
-0.88994,1.155,3.427,-2.2775,-1.9746,1.3851,-2.6131,-1.3643,-3.6759,-2.8278,-1.9538,-2.2379
-1.2772,0.83539,3.2386,-1.9411,-1.8683,1.2343,-2.5794,-1.0815,-3.2431,-2.4942,-1.6077,-1.954
-1.4696,0.5588,3.0685,-1.6768,-1.6456,1.1019,-2.5362,-0.71163,-2.7724,-2.2035,-1.2568,-1.6752
-1.4561,0.40245,2.9934,-1.5673,-1.3908,1.0434,-2.5153,-0.28198,-2.2921,-1.9574,-0.90454,-1.4126
-1.2817,0.39796,3.0439,-1.6397,-1.1812,1.0802,-2.5458,0.17969,-1.8183,-1.741,-0.55187,-1.171
-1.0422,0.52102,3.2163,-1.8522,-1.0824,1.197,-2.6407,0.64955,-1.3569,-1.5363,-0.19745,-0.94892
-0.85733,0.70695,3.4879,-2.1131,-1.1412,1.3563,-2.7891,1.1083,-0.90951,-1.338,0.16346,-0.73739
-0.82414,0.88253,3.8204,-2.3275,-1.3687,1.5178,-2.9586,1.5394,-0.48248,-1.1628,0.53869,-0.52136
-0.97138,0.99598,4.1551,-2.4443,-1.7235,1.6499,-3.1117,1.9275,-0.092543,-1.0498,0.93409,-0.28504
-1.2414,1.0351,4.4173,-2.4775,-2.1127,1.7342,-3.2253,2.2589,0.23557,-1.0508,1.3457,-0.020229
-1.5158,1.0259,4.5398,-2.4887,-2.4201,1.7675,-3.3018,2.5261,0.47301,-1.2143,1.7564,0.26858
-1.6713,1.0099,4.4953,-2.5446,-2.5496,1.7608,-3.3619,2.7352,0.6035,-1.5641,2.1439,0.56813
-1.6328,1.0156,4.3134,-2.6755,-2.4612,1.7328,-3.4244,2.9097,0.63537,-2.0811,2.4947,0.86839
-1.3978,1.0474,4.0683,-2.8631,-2.1817,1.7004,-3.4896,3.0831,0.6028,-2.7044,2.8135,1.1727
-1.0245,1.0932,3.8418,-3.061,-1.7876,1.672,-3.5408,3.2813,0.55231,-3.3538,3.1188,1.496
-0.60291,1.1379,3.6863,-3.228,-1.3739,1.643,-3.5615,3.5028,0.52031,-3.9678,3.4256,1.8505
-0.22628,1.1667,3.607,-3.3432,-1.0261,1.5971,-3.5565,3.7137,0.5149,-4.5319,3.7291,2.2296
0.028025,1.1586,3.5696,-3.3972,-0.80351,1.508,-3.5574,3.8638,0.51302,-5.0814,4.0024,2.6023
0.10853,1.0863,3.5242,-3.3797,-0.73457,1.3461,-3.61,3.9141,0.4725,-5.6819,4.209,2.9243
-0.0066518,0.92339,3.4254,-3.2778,-0.8197,1.0859,-3.7514,3.856,0.34954,-6.3993,4.3228,3.1586
-0.30903,0.65497,3.2342,-3.0841,-1.0299,0.71223,-3.9928,3.7134,0.11404,-7.2724,4.3416,3.2936
-0.75389,0.28124,2.907,-2.8073,-1.3027,0.21753,-4.3173,3.5317,-0.23939,-8.2964,4.2894,3.3496
-1.2626,-0.18528,2.3925,-2.4754,-1.5468,-0.40148,-4.6915,3.3591,-0.6869,-9.4209,4.2072,3.3709
-1.7387,-0.72463,1.6472,-2.1279,-1.6636,-1.1434,-5.0836,3.2293,-1.1808,-10.563,4.139,3.4072
-2.0971,-1.314,0.6624,-1.7961,-1.5802,-1.9954,-5.4796,3.1503,-1.6641,-11.633,4.1186,3.4949
-2.2908,-1.9321,-0.51747,-1.4881,-1.2756,-2.9264,-5.8874,3.105,-2.0881,-12.564,4.1635,3.6481
-2.3194,-2.5628,-1.7996,-1.1852,-0.78398,-3.8878,-6.3285,3.067,-2.4231,-13.334,4.2755,3.8612
-2.2088,-3.1959,-3.0678,-0.86129,-0.17002,-4.8221,-6.8208,3.0225,-2.6592,-13.965,4.446,4.1217
-1.9747,-3.8195,-4.2159,-0.51788,0.51011,-5.6727,-7.3664,2.9877,-2.7983,-14.511,4.6631,4.4218
-1.6073,-4.4095,-5.1789,-0.20523,1.2297,-6.3942,-7.9493,3.0069,-2.8494,-15.036,4.9169,4.7628
-1.1047,-4.9281,-5.9422,0.0075383,1.9698,-6.9619,-8.5448,3.1307,-2.8301,-15.592,5.2005,5.1498
-0.52117,-5.3372,-6.5218,0.088363,2.6798,-7.3777,-9.1293,3.3877,-2.7638,-16.206,5.5101,5.5842
0.020275,-5.6192,-6.9268,0.068556,3.2623,-7.6614,-9.6847,3.7708,-2.6742,-16.866,5.8467,6.0617
0.35673,-5.7868,-7.1331,0.02815,3.5898,-7.8326,-10.199,4.2455,-2.5714,-17.514,6.2161,6.5746
0.3287,-5.875,-7.084,0.062111,3.5378,-7.8987,-10.668,4.7701,-2.4439,-18.06,6.6265,7.115
-0.17762,-5.9302,-6.7166,0.25225,3.0235,-7.8567,-11.093,5.3115,-2.2667,-18.429,7.0842,7.6736
-1.1875,-5.9993,-5.9983,0.64425,2.0411,-7.7047,-11.48,5.8518,-2.0197,-18.586,7.5915,8.2406
-2.6059,-6.1163,-4.9558,1.2264,0.67962,-7.4508,-11.83,6.3895,-1.7023,-18.557,8.1504,8.8102
-4.2224,-6.283,-3.6814,1.9181,-0.88388,-7.1111,-12.128,6.9376,-1.3321,-18.401,8.7696,9.3892
-5.7611,-6.4586,-2.3145,2.5842,-2.4206,-6.7005,-12.353,7.5159,-0.93258,-18.185,9.466,9.9988
-6.9612,-6.5663,-1.0065,3.0793,-3.71,-6.2287,-12.494,8.1383,-0.5243,-17.951,10.255,10.665
-7.6618,-6.5285,0.12106,3.3056,-4.6078,-5.7045,-12.566,8.8011,-0.1193,-17.718,11.139,11.404
-7.8628,-6.3115,1.008,3.2572,-5.0942,-5.1479,-12.614,9.4783,0.27673,-17.484,12.095,12.204
-7.7289,-5.9562,1.6692,3.0286,-5.2808,-4.594,-12.683,10.129,0.66138,-17.234,13.081,13.035
-7.5326,-5.5704,2.1841,2.7864,-5.3694,-4.0834,-12.793,10.715,1.0356,-16.941,14.052,13.856
-7.5505,-5.2832,2.6609,2.7069,-5.5672,-3.648,-12.926,11.217,1.4068,-16.571,14.977,14.638
-7.951,-5.1799,3.1904,2.8996,-5.9998,-3.2964,-13.034,11.648,1.7898,-16.092,15.845,15.376
-8.7236,-5.2552,3.8142,3.35,-6.6632,-3.0079,-13.063,12.046,2.2027,-15.484,16.67,16.081
-9.6907,-5.4145,4.5262,3.9214,-7.4461,-2.7359,-12.982,12.46,2.658,-14.742,17.466,16.778
-10.604,-5.5255,5.3056,4.4253,-8.2074,-2.4212,-12.783,12.931,3.1558,-13.868,18.248,17.48
-11.281,-5.4909,6.1645,4.7223,-8.8677,-2.0081,-12.48,13.48,3.6864,-12.859,19.029,18.194
-11.723,-5.2914,7.1936,4.7917,-9.4623,-1.4561,-12.085,14.116,4.245,-11.694,19.832,18.93
-12.17,-4.9762,8.5733,4.7356,-10.136,-0.74119,-11.6,14.846,4.848,-10.332,20.696,19.712
-13.044,-4.6252,10.539,4.7298,-11.082,0.14854,-11.005,15.685,5.538,-8.7338,21.675,20.583
-14.729,-4.3139,13.331,4.9571,-12.466,1.2232,-10.276,16.659,6.3686,-6.8975,22.82,21.593
-17.319,-4.0969,17.191,5.5526,-14.613,2.5119,-9.3912,17.792,7.3779,-4.8785,24.156,22.777
-21.136,-4.0001,22.186,6.5695,-18.63,4.076,-8.3476,19.089,8.5674,-2.7738,25.664,24.128
-27.312,-4.0125,27.645,7.9687,-24.951,5.9848,-7.1601,20.519,9.8986,-0.69156,27.27,25.586
-35.725,-4.0852,32.744,9.6457,-32.306,8.2785,-5.8592,22.022,11.306,1.2848,28.862,27.056
-44.766,-4.1455,37.611,11.487,-39.84,10.992,-4.4811,23.544,12.721,3.1164,30.329,28.433
-53.461,-4.1251,42.791,13.427,-47.398,14.202,-3.0557,25.068,14.098,4.8129,31.603,29.653
-61.796,-3.9882,48.652,15.483,-55.247,18.019,-1.5947,26.637,15.44,6.4232,32.691,30.719
-70.064,-3.739,55.414,17.753,-63.945,22.507,-0.08779,28.336,16.795,8.0172,33.671,31.7
-78.521,-3.4103,63.643,20.402,-73.924,27.581,1.4922,30.28,18.244,9.6602,34.654,32.706
-87.213,-3.0466,74.636,23.599,-84.829,32.991,3.1806,32.587,19.872,11.389,35.757,33.843
-95.715,-2.6865,88.03,27.372,-95.309,38.412,5.0157,35.36,21.743,13.206,37.061,35.195
-103.01,-2.3482,99.306,31.508,-103.65,43.51,7.0318,38.64,23.883,15.089,38.593,36.796
-108.18,-2.0251,105.59,35.657,-108.77,47.945,9.2572,42.375,26.29,17.016,40.343,38.646
-111.41,-1.6975,107.78,39.532,-110.95,51.495,11.695,46.408,28.947,18.985,42.277,40.723
-113.82,-1.3478,108.08,43.008,-111.75,54.268,14.305,50.541,31.852,21.018,44.378,43.001
-116.64,-0.96094,108.96,46.117,-113.19,56.689,17.011,54.63,35.032,23.163,46.645,45.475
-121.03,-0.51051,112.5,48.955,-116.98,59.204,19.714,58.644,38.545,25.494,49.1,48.162
-127.84,0.047914,119.89,51.598,-124.13,61.987,22.327,62.647,42.446,28.095,51.777,51.105
-136.91,0.76602,131.19,54.063,-134.56,65.119,24.834,66.72,46.72,31.019,54.699,54.347
-146.57,1.6907,144.84,56.304,-146.66,69.515,27.356,70.884,51.244,34.256,57.834,57.878
-155.06,2.8741,158.11,58.246,-158.02,76.989,30.208,75.066,55.785,37.699,61.06,61.578
-162.22,4.4021,169.37,59.87,-167.53,85.515,33.789,79.135,60.082,41.173,64.157,65.203
-169.03,6.4033,179.16,61.248,-175.93,92.443,38.237,82.962,63.929,44.478,66.84,68.426
-176.41,9.0182,188.56,62.601,-184.06,98.458,43.225,86.46,67.198,47.435,68.826,70.929
-184.19,12.342,197.76,64.641,-192.01,104.37,48.015,89.586,69.808,49.879,69.9,72.483
-193,16.354,207.49,69.169,-200.97,110.48,51.704,92.307,71.662,51.648,69.955,72.983
-204.28,20.852,219.55,77.239,-212.59,117.42,54.078,94.571,72.613,52.574,69.01,72.446
-217.72,25.552,234.79,85.214,-227.1,125.96,56.194,96.281,72.483,52.52,67.218,71.004
-231.07,30.283,251.89,90.353,-242.66,135.88,59.366,97.282,71.107,51.425,64.855,68.89
-240.78,35.004,267.19,92.333,-255.58,145.38,64.127,97.337,68.417,49.345,62.269,66.413
-242.88,39.68,275.65,90.108,-261.21,151.73,70.323,96.12,64.535,46.47,59.739,63.865
-234.02,44.268,272.61,82.606,-255.46,152.43,76.257,93.319,59.873,43.079,57.339,61.383
-212.44,48.776,255.67,69.44,-236.21,146.32,78.307,88.919,55.074,39.432,54.921,58.888
-178.81,53.249,225.76,50.949,-204.31,134.07,74.105,83.31,50.626,35.663,52.241,56.162
-136.39,57.697,187.01,28.332,-163.56,117.9,64.402,76.835,46.447,31.794,49.097,52.996
-90.359,62.065,145.38,3.694,-119.6,100.72,51.202,69.458,42.046,27.814,45.394,49.283
-46.303,66.284,106.6,-20.396,-78.127,85.08,36.496,60.963,37.04,23.738,41.135,45.015
-8.485,70.313,74.354,-41.714,-43.098,72.409,21.741,51.276,31.354,19.621,36.382,40.245
21.218,74.118,49.663,-59.049,-15.909,62.924,7.6059,40.593,25.128,15.529,31.24,35.054
43.31,77.651,31.56,-72.368,4.3249,56.066,-5.7036,29.359,18.617,11.532,25.873,29.569
59.843,80.894,17.84,-82.591,19.7,51.216,-18.202,18.228,12.151,7.7003,20.521,23.997
73.399,83.886,6.4312,-91.193,32.415,47.944,-30.033,8.0757,6.1066,4.091,15.475,18.633
86.234,86.678,-3.8032,-99.653,44.078,45.06,-41.287,-0.11824,0.78775,0.71892,10.978,13.763
99.558,89.266,-13.246,-108.69,55.434,40.999,-51.785,-5.8079,-3.7206,-2.4629,7.1369,9.5521
113.13,91.589,-21.927,-116.82,66.382,35.652,-60.748,-9.5281,-7.5961,-5.5396,3.9147,6.0042
125.6,93.559,-29.933,-119.59,76.339,30.318,-66.744,-12.655,-11.151,-8.5774,1.1974,3.017
135.68,95.078,-37.661,-121.02,84.938,25.62,-70.07,-16.348,-14.645,-11.58,-1.1393,0.45666
143.22,96.004,-45.651,-124.05,92.518,21.036,-73.27,-20.866,-18.171,-14.494,-3.2033,-1.8015
149,96.125,-54.296,-127.72,99.772,16.309,-77.291,-25.668,-21.654,-17.246,-5.0836,-3.8621
154.09,95.232,-63.733,-131.34,107.21,11.613,-81.647,-30.022,-24.939,-19.784,-6.8523,-5.807
159.48,93.272,-73.725,-134.57,115.06,6.8288,-85.787,-33.508,-27.87,-22.087,-8.563,-7.6929
165.62,90.403,-83.827,-137.43,123.34,1.459,-89.42,-36.058,-30.388,-24.158,-10.251,-9.5532
172.49,86.908,-93.77,-139.96,132,-4.4836,-92.418,-37.769,-32.511,-26.017,-11.94,-11.408
179.64,83.045,-103.63,-142.09,140.98,-10.558,-94.638,-38.798,-34.33,-27.704,-13.653,-13.279
186.52,78.941,-113.73,-143.6,150.22,-16.814,-95.871,-39.331,-35.971,-29.278,-15.413,-15.19
192.68,74.596,-124.47,-144.26,159.55,-23.733,-96.066,-39.596,-37.571,-30.803,-17.242,-17.171
197.79,69.937,-136.02,-143.91,168.75,-31.732,-95.484,-39.844,-39.243,-32.338,-19.157,-19.243
201.47,64.842,-148.01,-142.58,177.37,-40.787,-94.455,-40.314,-41.052,-33.907,-21.168,-21.407
203.35,59.209,-159.44,-140.43,184.68,-50.219,-93.179,-41.173,-43.005,-35.523,-23.27,-23.64
203.23,53.066,-168.89,-137.65,189.81,-58.879,-91.75,-42.469,-45.052,-37.17,-25.44,-25.895
201.17,46.617,-175.26,-134.39,192.19,-65.798,-90.202,-44.127,-47.105,-38.807,-27.636,-28.107
197.46,40.149,-178.38,-130.69,191.88,-70.753,-88.546,-46.003,-49.066,-40.387,-29.798,-30.208
192.48,33.89,-178.9,-126.49,189.35,-74.167,-86.795,-47.928,-50.859,-41.868,-31.865,-32.149
186.59,27.961,-177.68,-121.67,185.14,-76.698,-84.969,-49.758,-52.449,-43.227,-33.782,-33.906
180.12,22.391,-175.55,-116.24,179.77,-78.937,-83.088,-51.383,-53.836,-44.453,-35.519,-35.481
173.37,17.065,-173.21,-110.4,173.95,-81.217,-81.176,-52.748,-55.043,-45.548,-37.062,-36.89
166.65,11.744,-171.18,-104.53,168.54,-83.432,-79.242,-53.856,-56.089,-46.514,-38.414,-38.149
160.39,6.6841,-169.56,-98.999,164.18,-85.017,-77.269,-54.757,-56.982,-47.346,-39.575,-39.255
154.87,3.0034,-168.01,-93.976,160.94,-85.379,-75.209,-55.526,-57.711,-48.031,-40.532,-40.182
149.7,1.0599,-165.95,-89.389,158.32,-84.391,-72.989,-56.224,-58.26,-48.55,-41.263,-40.888
143.84,0.15019,-162.71,-84.958,155.28,-82.281,-70.55,-56.875,-58.615,-48.882,-41.739,-41.332
136.51,-0.34062,-157.55,-80.299,150.55,-79.247,-67.866,-57.469,-58.791,-49.019,-41.942,-41.492
128.01,-0.69394,-149.94,-75.096,143.09,-75.354,-64.969,-57.972,-58.809,-48.957,-41.872,-41.372
119.09,-1.0128,-139.8,-69.289,132.76,-70.628,-61.925,-58.33,-58.687,-48.691,-41.541,-40.996
110.04,-1.3175,-127.81,-63.18,120.46,-65.166,-58.826,-58.474,-58.437,-48.206,-40.973,-40.395
100.57,-1.5879,-115.05,-57.326,107.62,-59.186,-55.759,-58.331,-58.028,-47.474,-40.194,-39.597
90.398,-1.8011,-102.63,-52.159,95.494,-53.015,-52.758,-57.853,-57.409,-46.457,-39.228,-38.622
79.793,-1.9739,-91.389,-47.681,84.734,-46.995,-49.77,-57.023,-56.529,-45.119,-38.087,-37.482
69.377,-2.1763,-81.724,-43.578,75.369,-41.334,-46.68,-55.857,-55.357,-43.444,-36.764,-36.181
59.752,-2.5016,-73.634,-39.55,67.029,-35.991,-43.361,-54.379,-53.899,-41.43,-35.243,-34.721
50.997,-3.0093,-66.789,-35.501,59.149,-30.891,-39.75,-52.613,-52.194,-39.104,-33.509,-33.107
42.749,-3.6829,-60.637,-31.396,51.339,-26.413,-35.876,-50.576,-50.313,-36.528,-31.577,-31.36
34.962,-4.4285,-54.557,-27.091,43.687,-22.984,-31.87,-48.296,-48.342,-33.789,-29.498,-29.52
27.671,-5.12,-47.989,-22.428,36.511,-20.326,-27.93,-45.831,-46.367,-31,-27.37,-27.647
20.745,-5.6739,-40.648,-17.416,30.028,-17.967,-24.24,-43.287,-44.473,-28.275,-25.307,-25.806
13.997,-6.0996,-32.724,-12.264,24.015,-15.713,-20.906,-40.818,-42.733,-25.71,-23.419,-24.061
6.9706,-6.4847,-24.535,-7.2944,17.599,-13.573,-17.951,-38.584,-41.194,-23.358,-21.782,-22.466
-1.0729,-6.9302,-16.64,-2.8155,9.9133,-11.608,-15.346,-36.691,-39.869,-21.242,-20.425,-21.052
-10.316,-7.4878,-9.9265,0.99762,0.98146,-9.8537,-13.04,-35.148,-38.733,-19.341,-19.332,-19.831
-19.557,-8.1307,-4.6303,4.1156,-8.0566,-8.2878,-10.985,-33.879,-37.741,-17.623,-18.448,-18.787
-27.066,-8.7709,-0.3492,6.5999,-15.624,-6.8406,-9.1407,-32.757,-36.839,-16.056,-17.696,-17.887
-32.379,-9.3074,3.3131,8.5379,-21.006,-5.4429,-7.4781,-31.663,-35.983,-14.609,-17.002,-17.084
-36.36,-9.6767,6.5559,9.9952,-24.61,-4.0717,-5.9737,-30.519,-35.15,-13.262,-16.316,-16.343
-39.936,-9.8826,9.4093,11.017,-26.991,-2.7686,-4.6098,-29.308,-34.333,-12.006,-15.627,-15.645
-43.426,-9.9922,11.789,11.666,-28.349,-1.6189,-3.3744,-28.069,-33.543,-10.855,-14.962,-14.993
-46.433,-10.104,13.603,12.054,-28.64,-0.70481,-2.2599,-26.874,-32.789,-9.8403,-14.364,-14.403
-48.054,-10.301,14.837,12.343,-27.866,-0.062993,-1.2592,-25.789,-32.106,-9.0011,-13.874,-13.888
-47.867,-10.614,15.582,12.706,-26.392,0.3292,-0.36398,-24.858,-31.526,-8.373,-13.509,-13.449
-46.833,-11.001,15.993,13.255,-25.142,0.54057,0.43403,-24.087,-31.073,-7.9725,-13.268,-13.079
-46.472,-11.367,16.254,13.971,-25.258,0.65986,1.1389,-23.464,-30.756,-7.789,-13.131,-12.766
-47.399,-11.616,16.542,14.723,-27.049,0.76981,1.7493,-22.979,-30.572,-7.7832,-13.07,-12.498
-49.249,-11.697,17.009,15.389,-29.781,0.92795,2.2629,-22.645,-30.505,-7.8914,-13.056,-12.267
-51.616,-11.637,17.758,15.963,-32.843,1.1571,2.6841,-22.484,-30.535,-8.0365,-13.058,-12.065
-54.437,-11.533,18.832,16.564,-36.198,1.4477,3.0263,-22.511,-30.635,-8.1447,-13.051,-11.887
-57.781,-11.507,20.229,17.332,-40.059,1.7723,3.3102,-22.715,-30.774,-8.1661,-13.009,-11.724
-61.549,-11.636,21.927,18.35,-44.457,2.1068,3.5588,-23.05,-30.924,-8.0919,-12.917,-11.57
-65.339,-11.908,23.936,19.605,-48.963,2.4469,3.793,-23.447,-31.065,-7.9596,-12.768,-11.413
-68.626,-12.228,26.272,21.006,-52.877,2.8126,4.0288,-23.838,-31.195,-7.8384,-12.559,-11.243
-71.072,-12.478,28.814,22.42,-55.824,3.2375,4.2738,-24.19,-31.331,-7.7888,-12.29,-11.048
-72.624,-12.578,31.269,23.713,-57.923,3.7478,4.5232,-24.518,-31.492,-7.8365,-11.959,-10.81
-73.487,-12.518,33.4,24.8,-59.495,4.3411,4.7556,-24.868,-31.666,-7.9335,-11.551,-10.508
-74.101,-12.347,35.223,25.681,-60.873,4.9791,4.9322,-25.289,-31.804,-7.9601,-11.048,-10.113
-74.968,-12.133,36.919,26.42,-62.339,5.6039,5.006,-25.828,-31.835,-7.7771,-10.439,-9.6048
-76.395,-11.918,38.686,27.075,-64.039,6.1768,4.948,-26.556,-31.732,-7.3211,-9.7382,-8.992
-78.384,-11.678,40.736,27.648,-65.958,6.73,4.7837,-27.605,-31.6,-6.7049,-9.0175,-8.3443
-80.758,-11.307,43.432,28.079,-68.106,7.4212,4.6213,-29.194,-31.75,-6.2715,-8.4286,-7.8172
-83.388,-10.617,47.386,28.288,-70.818,8.6486,4.6589,-31.594,-32.729,-6.5909,-8.2146,-7.6613
-86.334,-9.3738,52.519,28.203,-75.176,11.424,5.19,-35.008,-35.288,-8.4691,-8.6908,-8.2002
-89.793,-7.413,55.413,27.767,-80.864,17.095,6.6379,-39.427,-40.253,-13.105,-10.196,-9.7835
-92.674,-4.9529,58.581,26.926,-79.998,17.563,9.4624,-44.557,-47.751,-20.686,-13.035,-12.736
-90.378,-4.8447,54.586,25.623,-74.725,11.534,9.8871,-49.939,-48.659,-16.163,-17.24,-17.125
-83.94,-6.8847,49.815,23.815,-68.726,9.9263,4.4961,-55.064,-46.607,-11.695,-21.141,-21.296
-77.679,-7.624,45.675,21.525,-63.548,8.0013,1.5077,-59.322,-45.468,-5.869,-19.903,-20.488
-73.557,-8.5066,43.398,19.032,-60.477,6.7113,-2.007,-61.892,-45.72,-1.061,-15.635,-16.657
-72.696,-7.7696,45.36,18.282,-61.351,8.4129,-4.2939,-61.462,-48.073,0.030207,-15.341,-16.082
-75.926,-2.9337,55.108,25.196,-68.648,16.39,-2.467,-60.607,-54.63,-6.8183,-19.528,-20.027
-85.476,8.517,76.529,27.414,-85.09,34.089,6.7639,-77.562,-71.579,-30.01,-21.406,-21.866
-104.64,28.572,112.68,27.665,-112.79,63.9,26.118,-90.478,-106.05,-77.614,-39.137,-38.117
-130.91,58.097,164.67,26.698,-151.92,106.07,57.366,-105.69,-161.79,-153.67,-74.896,-73.663
-161.42,96.61,230.75,24.344,-200.22,158.57,100.76,-121.43,-236.53,-253.08,-119.69,-118.23
-192.53,141.77,305.75,19.05,-253.14,217.56,152.27,-133.75,-319.8,-362.26,-166.34,-164.69
-218.85,190.21,381.46,8.9107,-303.95,279,205.34,-136.21,-395.49,-463.52,-203.98,-202.38
-234.18,238.19,448.44,-7.5595,-344.98,338.08,253.97,-120.14,-445.87,-537.8,-220.51,-219.33
-233.18,284.73,498.76,-31.675,-369.59,388.88,292.86,-76.931,-454.32,-563.71,-204.84,-204.39
-212.49,331.28,528.05,-64.781,-373.85,428.34,318.08,-1.2275,-407.54,-521.81,-147.77,-148.09
-170.6,378.28,535.73,-108.32,-356.78,456.59,327.14,108.12,-297.8,-400.69,-41.855,-42.774
-107.55,426.46,523.36,-163.65,-319.22,475.21,318.27,249.19,-122.46,-192.81,118.57,117.28
-23.856,477.21,492.22,-231.71,-261.94,485.41,289.49,416.2,118.49,106.51,336.47,334.88
80.882,530.42,441.1,-312.44,-184.03,486.32,238.1,601.46,425.08,498.83,610.32,608.25
207.89,582.23,364.78,-404.16,-82.289,473.43,161.53,797.12,798.81,981.44,931.92,929.02
357.42,623.71,254.36,-502.14,47.822,438.02,58.667,996.06,1240.8,1544.3,1284.6,1280.6
526,641.67,100.33,-597.5,209.43,368.94,-68.607,1190.4,1745.6,2164.6,1642.7,1637.4
704.58,622.42,-101.5,-678.22,400.07,257.39,-213.91,1367.9,2291.5,2801.6,1973,1966.9
877.7,557.55,-343.18,-732.18,607.86,103.27,-365.89,1508.3,2834,3395.1,2239.8,2233.4
1024.7,449.1,-600.97,-750.51,810.37,-80.414,-509.95,1582.4,3305.9,3873.5,2411.7,2405.9
1124,311.1,-838.47,-729.94,978.4,-268.45,-631.9,1556.5,3629.4,4168.7,2469.8,2465
1158.1,165.63,-1016.5,-673.35,1083.7,-430.39,-721.23,1404.6,3736.4,4233.9,2410.8,2407.4
1118.8,35.065,-1105.2,-588.2,1107.4,-540.32,-772.28,1122.9,3589.5,4055,2246.2,2244.2
1009.9,-64.432,-1092.9,-484.4,1045.8,-584.41,-783.82,737.46,3195.8,3653.7,1996.9,1995.9
846.61,-125.09,-987.9,-373.22,910.73,-563.2,-758,302.1,2607.6,3081.8,1687.3,1687.1
652.01,-147.17,-814.4,-265.92,726.06,-489.06,-699.46,-115.91,1912.2,2410.8,1342.4,1342.7
452.17,-137.75,-605.52,-171.52,521.31,-381.45,-615.07,-453.88,1211.8,1719.9,987.13,987.87
271.05,-107.75,-395.44,-95.843,325.45,-261.69,-513.86,-669.36,601.26,1084.4,647.64,648.5
126.26,-68.349,-212.57,-41.373,161.67,-149.23,-406.58,-748.44,148.98,565.65,350.42,351.15
26.379,-28.869,-74.969,-8.6516,43.612,-58.565,-304.43,-705.49,-115.7,201.12,118.96,119.3
-25.447,3.2126,11.016,4.9881,-25.205,2.5795,-217.02,-576.1,-205.15,-2.2878,-32.212,-32.427
-42.31,24.272,50.792,4.9939,-52.977,33.567,-150.07,-406.09,-164.55,-65.586,-103.01,-103.76
-37.296,35.252,58.972,-2.4206,-53.363,44.271,-104.02,-239.25,-53.337,-30.203,-108.89,-110.05
-19.746,37.472,46.306,-11.726,-37.238,39.716,-74.945,-104.52,72.157,52.717,-75.498,-76.93
1.2675,33.13,22.627,-19.099,-13.62,25.768,-57.378,-22.713,170.87,136.61,-29.538,-31.19
18.354,26.336,-1.3292,-22.279,8.6299,10.104,-46.546,11.085,224.05,192.2,9.0871,7.1371
19.45,18.251,-13.943,-20.225,13.664,0.51892,-38.594,20.236,232.88,209.98,27.532,26.045
18.382,6.7255,-23.995,-8.2893,19.028,-8.9214,-31.746,15.087,210.25,195.33,29.28,27.612
6.8449,-0.82689,-27.549,-3.8321,17.55,-13.925,-23.928,4.8166,172.05,161.48,9.3654,8.5631
2.8611,-2.1668,-16.813,-1.897,6.6019,-10.355,-15.403,-3.2028,130.41,121.08,-12.942,-13.83
0.57349,-2.9582,-15.245,-0.58294,5.112,-9.6458,-6.6453,-6.2942,99.619,80.577,-17.741,-18.992
-1.3815,-3.7753,-15.002,0.43925,3.5668,-10.519,-0.60447,-4.5412,79.559,57.128,-18.462,-19.833
-3.0289,-4.5966,-14.513,1.3531,1.9516,-11.302,-0.12515,1.855,68.605,42.717,-17.102,-18.44
-4.4299,-5.2501,-14.237,2.2274,0.52909,-11.896,1.0295,6.8685,72.397,39.262,-15.649,-16.877
-5.5544,-5.7601,-13.989,2.9568,-0.73752,-12.416,3.0261,8.2549,71.358,39.714,-15.195,-16.303
-6.3411,-6.2311,-13.466,3.4124,-1.8742,-12.69,5.035,8.5794,63.923,34.36,-15.932,-16.942
-6.7746,-6.6277,-12.529,3.5891,-2.9017,-12.581,6.9337,8.4866,55.59,27.064,-17.579,-18.527
-6.9263,-6.8334,-11.207,3.5739,-3.8029,-12.096,8.7446,8.3215,45.376,20.013,-19.671,-20.589
-6.9191,-6.79,-9.6686,3.4678,-4.537,-11.346,10.466,8.2809,34.542,15.694,-21.716,-22.62
-6.8651,-6.5364,-8.1595,3.355,-5.0754,-10.486,12.052,8.4477,28.032,13.363,-23.318,-24.211
-6.8325,-6.1673,-6.9059,3.2947,-5.4071,-9.6588,13.443,8.813,24.687,11.559,-24.28,-25.159
-6.842,-5.7766,-6.0478,3.3142,-5.5343,-8.9674,14.595,9.3251,22.776,10.209,-24.621,-25.477
-6.8824,-5.426,-5.6096,3.4076,-5.4766,-8.4544,15.498,9.9297,21.576,9.2718,-24.507,-25.327
-6.9323,-5.1394,-5.5077,3.544,-5.2839,-8.1068,16.17,10.586,20.726,8.635,-24.146,-24.919
-6.9793,-4.9077,-5.5824,3.6815,-5.0399,-7.8689,16.664,11.274,20.041,8.1987,-23.708,-24.422
-7.0297,-4.6992,-5.6454,3.7803,-4.8503,-7.6635,17.051,12.004,19.463,7.9098,-23.281,-23.927
-7.1075,-4.4771,-5.5338,3.8146,-4.8159,-7.4201,17.402,12.799,19.003,7.7535,-22.881,-23.452
-7.2443,-4.221,-5.1568,3.7832,-5.0048,-7.1018,17.76,13.676,18.691,7.7238,-22.482,-22.973
-7.4642,-3.9397,-4.5183,3.7101,-5.4298,-6.7183,18.136,14.631,18.543,7.8006,-22.052,-22.458
-7.7668,-3.6635,-3.7073,3.6324,-6.0413,-6.314,18.518,15.646,18.555,7.9477,-21.567,-21.879
-8.1168,-3.4235,-2.8613,3.5784,-6.7378,-5.9405,18.898,16.701,18.714,8.1323,-21.002,-21.211
-8.4475,-3.2341,-2.1189,3.5514,-7.3907,-5.6331,19.287,17.781,19.017,8.3467,-20.323,-20.424
-8.6785,-3.0864,-1.5801,3.5279,-7.8778,-5.4043,19.708,18.879,19.46,8.6127,-19.493,-19.498
-8.7406,-2.9556,-1.2846,3.4708,-8.1151,-5.2481,20.18,19.986,20.037,8.9636,-18.492,-18.435
-8.5963,-2.8158,-1.2128,3.3465,-8.0769,-5.1492,20.7,21.073,20.724,9.4176,-17.339,-17.274
-8.2478,-2.6493,-1.3044,3.1343,-7.7985,-5.0899,21.248,22.097,21.482,9.9598,-16.094,-16.078
-7.7333,-2.4467,-1.4856,2.8307,-7.357,-5.0534,21.791,23.014,22.262,10.541,-14.842,-14.921
-7.1164,-2.206,-1.6934,2.4509,-6.842,-5.0247,22.297,23.8,23.01,11.096,-13.668,-13.866
-6.4665,-1.9347,-1.896,2.0286,-6.3225,-4.9941,22.741,24.461,23.684,11.566,-12.629,-12.948
-5.8352,-1.6541,-2.107,1.6099,-5.8217,-4.9682,23.119,25.038,24.274,11.93,-11.743,-12.167
-5.236,-1.3979,-2.3867,1.2383,-5.3074,-4.9775,23.443,25.591,24.821,12.222,-10.979,-11.485
-4.6405,-1.2047,-2.8264,0.94093,-4.7058,-5.0715,23.744,26.188,25.415,12.522,-10.278,-10.835
-3.9954,-1.1039,-3.5108,0.71957,-3.9376,-5.2973,24.05,26.887,26.173,12.922,-9.5713,-10.152
-3.2537,-1.1015,-4.4729,0.55189,-2.9635,-5.6739,24.374,27.718,27.203,13.494,-8.8149,-9.3984
-2.4069,-1.1732,-5.6617,0.40032,-1.8186,-6.1763,24.695,28.685,28.562,14.254,-8.0063,-8.5776
-1.5036,-1.2728,-6.9437,0.22842,-0.61959,-6.7423,24.969,29.749,30.228,15.158,-7.1871,-7.7345
-0.64752,-1.3533,-8.1401,0.018869,0.45842,-7.2983,25.135,30.829,32.088,16.113,-6.4259,-6.9351
0.030438,-1.3864,-9.0793,-0.21775,1.2262,-7.7848,25.144,31.808,33.947,17.006,-5.792,-6.2404
0.41395,-1.3676,-9.6436,-0.45023,1.5349,-8.1663,24.976,32.565,35.593,17.749,-5.3293,-5.6847
0.44339,-1.3075,-9.7999,-0.64583,1.3279,-8.4283,24.654,33.022,36.882,18.326,-5.0389,-5.2658
0.14504,-1.2224,-9.6105,-0.78736,0.67524,-8.5774,24.235,33.178,37.807,18.807,-4.8781,-4.9487
-0.36433,-1.1339,-9.2239,-0.87674,-0.22981,-8.6468,23.784,33.102,38.505,19.329,-4.7787,-4.6803
-0.90467,-1.0675,-8.8428,-0.9268,-1.1192,-8.6927,23.359,32.909,39.207,20.044,-4.6712,-4.4055
-1.2803,-1.0414,-8.6654,-0.95448,-1.7253,-8.7704,22.999,32.717,40.164,21.081,-4.5055,-4.0809
-1.325,-1.0491,-8.8127,-0.98595,-1.8512,-8.8996,22.721,32.622,41.576,22.53,-4.2578,-3.6821
-0.93347,-1.05,-9.2846,-1.0671,-1.4085,-9.0447,22.526,32.69,43.539,24.435,-3.9286,-3.206
-0.087011,-0.9831,-9.9772,-1.2584,-0.42549,-9.129,22.388,32.948,46.019,26.776,-3.5365,-2.6687
1.1202,-0.79744,-10.738,-1.6039,0.94821,-9.0774,22.264,33.387,48.855,29.457,-3.1093,-2.0978
2.4768,-0.48071,-11.408,-2.0971,2.4454,-8.8559,22.113,33.975,51.825,32.319,-2.6722,-1.5187
3.7019,-0.064301,-11.835,-2.6756,3.7356,-8.4776,21.913,34.693,54.749,35.231,-2.2322,-0.93852
4.5321,0.39668,-11.888,-3.2476,4.5223,-7.9762,21.676,35.569,57.576,38.193,-1.7693,-0.33715
4.7952,0.85271,-11.489,-3.7293,4.6232,-7.3782,21.435,36.685,60.383,41.342,-1.2443,0.32409
4.4528,1.2784,-10.632,-4.0768,4.008,-6.6989,21.214,38.134,63.294,44.857,-0.62168,1.0793
3.6198,1.6728,-9.4021,-4.3008,2.803,-5.9554,21.01,39.976,66.381,48.826,0.10854,1.938
2.5467,2.0495,-7.9574,-4.4614,1.2638,-5.1742,20.784,42.213,69.619,53.18,0.92951,2.8833
1.548,2.432,-6.4809,-4.6453,-0.28839,-4.3826,20.496,44.822,72.926,57.728,1.8157,3.8885
0.90325,2.8552,-5.1243,-4.9397,-1.554,-3.5937,20.125,47.794,76.229,62.264,2.7564,4.9368
0.77963,3.363,-3.9695,-5.4158,-2.3331,-2.7991,19.69,51.148,79.516,66.675,3.7691,6.0327
1.2035,3.9946,-3.0314,-6.1191,-2.5645,-1.9808,19.24,54.904,82.84,70.977,4.8964,7.2014
2.0717,4.7739,-2.2918,-7.0599,-2.3129,-1.1352,18.826,59.039,86.279,75.273,6.1911,8.4815
3.1892,5.7157,-1.7277,-8.2118,-1.7267,-0.28853,18.479,63.467,89.9,79.688,7.6972,9.9136
4.3296,6.8533,-1.3158,-9.5291,-0.99106,0.51079,18.201,68.045,93.72,84.295,9.4359,11.53
5.308,8.2627,-1.026,-10.975,-0.28188,1.2185,17.967,72.61,97.695,89.072,11.398,13.339
6.0396,10.044,-0.81789,-12.542,0.27379,1.8178,17.735,77.005,101.72,93.877,13.542,15.322
6.5582,12.233,-0.64661,-14.246,0.62022,2.3239,17.446,81.107,105.68,98.496,15.799,17.424
6.9883,14.711,-0.47187,-16.086,0.76829,2.7724,17.041,84.846,109.45,102.72,18.085,19.569
7.4836,17.244,-0.25997,-18.024,0.76932,3.204,16.477,88.211,112.96,106.46,20.33,21.688
8.152,19.626,0.026484,-19.981,0.68498,3.6592,15.757,91.25,116.23,109.73,22.508,23.75
9.0083,21.779,0.43604,-21.877,0.56746,4.1836,14.936,94.048,119.34,112.72,24.66,25.792
10,23.77,1.0112,-23.672,0.45418,4.8267,14.108,96.689,122.4,115.65,26.89,27.92
11.094,25.794,1.7508,-25.404,0.37713,5.6273,13.364,99.216,125.5,118.74,29.332,30.272
12.327,28.085,2.5856,-27.191,0.3731,6.5979,12.764,101.61,128.71,122.13,32.101,32.973
13.777,30.747,3.3977,-29.164,0.47337,7.7276,12.314,103.82,132.01,125.83,35.264,36.098
15.496,33.656,4.0805,-31.358,0.67619,9.0045,11.986,105.81,135.38,129.77,38.833,39.666
17.457,36.604,4.5998,-33.628,0.92997,10.442,11.74,107.57,138.76,133.85,42.782,43.65
19.499,39.518,5.0189,-35.767,1.146,12.094,11.535,109.15,142.12,137.99,47.063,47.988
21.362,42.452,5.47,-37.674,1.2367,14.057,11.341,110.61,145.45,142.14,51.61,52.593
22.835,45.469,6.0928,-39.37,1.1601,16.434,11.131,111.99,148.74,146.3,56.347,57.38
23.916,48.603,6.9796,-40.938,0.94743,19.263,10.884,113.31,151.97,150.5,61.202,62.288
24.82,51.878,8.1461,-42.487,0.69777,22.461,10.58,114.56,155.15,154.81,66.13,67.309
25.866,55.308,9.5324,-44.129,0.5394,25.857,10.208,115.75,158.31,159.33,71.136,72.47
27.309,58.865,11.028,-45.949,0.57397,29.277,9.7675,116.9,161.49,164.13,76.269,77.808
29.214,62.464,12.52,-47.96,0.82873,32.588,9.2621,118.03,164.78,169.27,81.596,83.343
31.42,65.985,13.945,-50.08,1.2378,35.71,8.6997,119.2,168.24,174.79,87.175,89.07
33.615,69.33,15.319,-52.161,1.6597,38.621,8.0878,120.42,171.92,180.71,93.041,94.976
35.471,72.455,16.72,-54.08,1.9237,41.37,7.4339,121.7,175.82,187.04,99.193,101.06
36.783,75.362,18.234,-55.814,1.889,44.048,6.7454,123.01,179.93,193.74,105.6,107.31
37.532,78.066,19.891,-57.459,1.4975,46.739,6.0266,124.3,184.18,200.78,112.21,113.74
37.881,80.59,21.638,-59.189,0.79754,49.483,5.2758,125.53,188.51,208.07,118.96,120.33
38.108,82.966,23.363,-61.204,-0.071632,52.262,4.4853,126.64,192.88,215.52,125.8,127.05
38.534,85.27,24.948,-63.638,-0.92639,54.999,3.6436,127.65,197.28,223.08,132.7,133.86
39.457,87.664,26.315,-66.454,-1.5947,57.577,2.7395,128.59,201.72,230.73,139.63,140.7
41.092,90.362,27.427,-69.434,-1.9629,59.891,1.7639,129.51,206.24,238.5,146.53,147.52
43.493,93.426,28.266,-72.349,-1.9991,61.918,0.70921,130.47,210.88,246.43,153.39,154.25
46.542,96.671,28.822,-75.133,-1.7438,63.728,-0.43502,131.5,215.65,254.47,160.15,160.89
50.04,99.916,29.105,-77.869,-1.273,65.438,-1.6874,132.62,220.51,262.53,166.81,167.45
53.821,103.17,29.171,-80.69,-0.65188,67.157,-3.0802,133.79,225.38,270.51,173.37,173.97
57.765,106.53,29.114,-83.737,0.10325,68.929,-4.6605,134.98,230.18,278.42,179.82,180.47
61.799,110.11,29.029,-87.147,1.0529,70.731,-6.4865,136.12,234.88,286.42,186.19,186.97
66.019,113.91,28.956,-91.014,2.3591,72.494,-8.6147,137.17,239.44,294.73,192.5,193.5
70.694,117.85,28.864,-95.322,4.266,74.127,-11.079,138.1,243.9,303.51,198.8,200.06
75.949,121.8,28.663,-99.915,6.9406,75.534,-13.869,138.93,248.28,312.77,205.13,206.66
81.514,125.61,28.236,-104.55,10.26,76.623,-16.925,139.68,252.59,322.39,211.48,213.24
86.941,129.19,27.485,-109.03,13.892,77.331,-20.164,140.37,256.8,332.11,217.8,219.67
91.961,132.49,26.357,-113.23,17.599,77.66,-23.525,140.99,260.85,341.63,223.96,225.81
96.571,135.47,24.854,-117.14,21.341,77.687,-26.991,141.52,264.66,350.73,229.86,231.55
100.91,138.11,23.04,-120.81,25.18,77.54,-30.577,141.92,268.15,359.29,235.41,236.83
105.13,140.36,21.059,-124.34,29.13,77.344,-34.302,142.18,271.3,367.26,240.6,241.7
109.34,142.19,19.12,-127.74,33.052,77.196,-38.159,142.31,274.11,374.63,245.44,246.25
113.51,143.63,17.442,-130.94,36.674,77.153,-42.092,142.31,276.63,381.51,249.99,250.57
117.42,144.73,16.196,-133.77,39.691,77.244,-46.004,142.18,278.93,388.02,254.28,254.76
120.77,145.57,15.459,-136.1,41.833,77.476,-49.782,141.87,281.05,394.3,258.34,258.87
123.33,146.2,15.2,-137.9,42.972,77.841,-53.343,141.33,283,400.41,262.17,262.88
125.19,146.67,15.265,-139.23,43.295,78.31,-56.672,140.5,284.77,406.3,265.74,266.78
126.7,147.03,15.393,-140.23,43.325,78.828,-59.826,139.34,286.35,411.85,269.02,270.49
128.25,147.3,15.289,-141.06,43.688,79.314,-62.902,137.85,287.7,416.9,271.99,273.97
130.06,147.52,14.725,-141.84,44.835,79.671,-65.988,136.08,288.83,421.32,274.67,277.2
132.12,147.7,13.631,-142.62,46.861,79.793,-69.13,134.07,289.74,425.08,277.09,280.22
134.26,147.8,12.108,-143.37,49.521,79.574,-72.314,131.9,290.45,428.28,279.36,283.07
136.27,147.81,10.341,-144.05,52.428,78.933,-75.504,129.64,291.03,431.09,281.53,285.81
138.04,147.68,8.486,-144.58,55.289,77.858,-78.674,127.32,291.53,433.66,283.65,288.45
139.54,147.39,6.6118,-144.93,58,76.405,-81.84,124.95,292.01,436.05,285.67,290.92
140.86,146.95,4.7068,-145.11,60.575,74.666,-85.04,122.5,292.46,438.21,287.47,293.07
142.1,146.36,2.724,-145.19,63.048,72.707,-88.316,119.85,292.83,440,288.9,294.73
143.36,145.58,0.63332,-145.23,65.438,70.557,-91.691,116.81,293.03,441.29,289.78,295.77
144.7,144.6,-1.5408,-145.28,67.758,68.217,-95.159,113.18,292.95,441.96,290.01,296.1
146.07,143.37,-3.7228,-145.3,69.991,65.685,-98.68,108.77,292.48,441.97,289.55,295.7
147.33,141.83,-5.8197,-145.23,72.069,62.972,-102.19,103.46,291.57,441.34,288.49,294.65
148.34,139.95,-7.7538,-144.97,73.89,60.103,-105.62,97.342,290.19,440.13,286.96,293.02
148.97,137.71,-9.4803,-144.42,75.359,57.11,-108.89,90.56,288.35,438.42,285.1,290.92
149.16,135.14,-11.003,-143.51,76.434,54.019,-111.97,83.206,286.09,436.22,282.98,288.41
148.89,132.26,-12.385,-142.2,77.147,50.836,-114.82,75.21,283.41,433.46,280.6,285.51
148.19,129.05,-13.737,-140.45,77.599,47.533,-117.42,66.476,280.26,429.89,277.91,282.24
147.11,125.47,-15.173,-138.19,77.91,44.07,-119.74,57.092,276.55,425.17,274.81,278.56
145.61,121.45,-16.74,-135.36,78.156,40.443,-121.75,47.396,272.1,418.95,271.18,274.43
143.55,116.96,-18.372,-131.89,78.309,36.721,-123.4,37.852,266.72,410.92,266.91,269.79
140.73,111.96,-19.885,-127.71,78.232,33.029,-124.63,28.858,260.21,400.95,261.92,264.6
136.95,106.52,-21.06,-122.78,77.719,29.481,-125.39,20.635,252.46,389.05,256.15,258.8
132.26,100.75,-21.74,-117.18,76.553,26.122,-125.62,13.22,243.47,375.44,249.54,252.33
127.01,94.891,-21.901,-111.17,74.575,22.912,-125.29,6.516,233.42,360.5,242.12,245.11
121.6,89.197,-21.653,-105.17,71.74,19.749,-124.34,0.33301,222.55,344.75,233.92,237.07
116.15,83.914,-21.171,-99.459,68.169,16.561,-122.75,-5.602,211.2,328.65,225.06,228.19
110.49,79.128,-20.6,-94.094,64.118,13.429,-120.54,-11.651,199.77,312.46,215.7,218.57
104.39,74.721,-19.989,-88.919,59.864,10.606,-117.78,-18.197,188.53,296.28,206,208.36
97.782,70.447,-19.284,-83.704,55.599,8.3177,-114.59,-25.4,177.56,280.18,196.08,197.8
90.704,66.045,-18.36,-78.226,51.375,6.6083,-111.1,-32.936,166.69,264.22,186.02,187.12
83.176,61.336,-17.085,-72.311,47.108,5.3875,-107.39,-40.14,155.54,248.3,175.79,176.48
75.22,56.246,-15.406,-65.87,42.655,4.5378,-103.51,-46.535,143.67,232.14,165.37,165.92
67.072,50.805,-13.412,-59.025,37.969,3.9505,-99.481,-52.057,130.83,215.46,154.79,155.36
59.337,45.123,-11.34,-52.217,33.26,3.5181,-95.319,-56.875,117.1,198.27,144.1,144.72
52.705,39.361,-9.4903,-46.06,28.844,3.132,-91.05,-61.172,103.07,180.84,133.32,133.92
47.453,33.7,-8.0867,-40.96,24.754,2.6997,-86.686,-65.077,89.722,163.48,122.42,122.95
43.331,28.289,-7.1762,-36.87,20.734,2.1731,-82.227,-68.671,77.69,146.43,111.32,111.78
39.708,23.17,-6.6184,-33.325,16.662,1.5631,-77.678,-71.995,66.799,129.83,99.91,100.39
35.649,18.278,-6.1557,-29.675,12.763,0.92882,-73.037,-75.052,56.396,113.65,88.095,88.711
30.134,13.65,-5.5285,-25.37,9.3127,0.34332,-68.311,-77.823,45.917,97.533,75.871,76.671
22.928,9.5877,-4.5781,-20.192,6.2849,-0.14496,-63.522,-80.269,35.279,80.937,63.561,64.503
15.273,6.3697,-3.2934,-14.43,3.4329,-0.53217,-58.71,-82.353,25.162,64.495,51.974,52.987
8.5731,3.9705,-1.7897,-8.8749,0.60637,-0.84881,-53.911,-84.049,16.715,50.303,41.998,43.057
3.2048,2.2,-0.24578,-4.3061,-2.1377,-1.1314,-49.152,-85.369,10.4,39.237,33.94,35.058
-0.9311,0.89473,1.1644,-0.9669,-4.6053,-1.399,-44.477,-86.363,5.7039,30.288,27.519,28.695
-3.8985,-0.042156,2.3122,1.2986,-6.5749,-1.6478,-39.983,-87.107,1.9429,22.502,22.307,23.511
-5.7087,-0.67608,3.1269,2.7228,-7.878,-1.8632,-35.795,-87.681,-1.3328,16.08,17.985,19.172
-6.4113,-1.0715,3.5904,3.4995,-8.4435,-2.0356,-31.993,-88.147,-4.3727,11.419,14.359,15.487
-6.176,-1.3001,3.7333,3.7985,-8.3177,-2.1697,-28.574,-88.53,-7.3078,7.9649,11.301,12.348
-5.3258,-1.4349,3.6302,3.7925,-7.6741,-2.2836,-25.485,-88.816,-10.181,4.9655,8.7115,9.6766
-4.2683,-1.5399,3.383,3.6479,-6.7808,-2.4027,-22.669,-88.968,-12.961,2.099,6.5056,7.4041
-3.3481,-1.6636,3.0881,3.4938,-5.9134,-2.5574,-20.107,-88.94,-15.567,-0.68465,4.6043,5.4576
-2.7522,-1.8392,2.8073,3.4034,-5.2695,-2.7797,-17.822,-88.703,-17.921,-3.3757,2.9388,3.7608
-2.533,-2.0875,2.5599,3.4052,-4.9435,-3.0976,-15.849,-88.253,-19.979,-5.978,1.4582,2.2408
-2.6639,-2.4156,2.3296,3.5002,-4.94,-3.5248,-14.192,-87.612,-21.745,-8.5004,0.13843,0.83853
-3.047,-2.816,2.0708,3.6684,-5.1697,-4.0557,-12.811,-86.812,-23.239,-10.928,-1.0171,-0.48388
-3.5083,-3.2714,1.7089,3.8672,-5.4495,-4.6745,-11.632,-85.878,-24.475,-13.217,-1.9923,-1.7454
-3.8326,-3.7685,1.1435,4.0401,-5.5485,-5.3724,-10.581,-84.822,-25.458,-15.316,-2.7827,-2.956
-3.8347,-4.3101,0.26649,4.1411,-5.26,-6.1631,-9.6105,-83.636,-26.191,-17.207,-3.4181,-4.128
-3.4284,-4.9195,-0.99664,4.1611,-4.4687,-7.0761,-8.7096,-82.3,-26.687,-18.923,-3.965,-5.2789
-2.657,-5.6305,-2.6362,4.1365,-3.1922,-8.1303,-7.8864,-80.782,-26.972,-20.528,-4.5047,-6.4246
-1.6767,-6.4638,-4.5371,4.1324,-1.5811,-9.3035,-7.1477,-79.048,-27.074,-22.08,-5.0998,-7.567
-0.70483,-7.4027,-6.5,4.214,0.11929,-10.526,-6.4864,-77.075,-27.02,-23.594,-5.7694,-8.6865
0.042082,-8.3923,-8.2967,4.422,1.6303,-11.706,-5.8827,-74.863,-26.835,-25.042,-6.4898,-9.749
0.40463,-9.367,-9.7387,4.763,2.7113,-12.766,-5.3128,-72.446,-26.545,-26.377,-7.2159,-10.724
0.31913,-10.28,-10.728,5.2118,3.2192,-13.674,-4.7587,-69.875,-26.172,-27.564,-7.9097,-11.603
-0.17851,-11.113,-11.264,5.7206,3.13,-14.435,-4.2129,-67.201,-25.73,-28.604,-8.5577,-12.402
-0.98391,-11.867,-11.42,6.2345,2.5194,-15.072,-3.6752,-64.443,-25.218,-29.528,-9.1699,-13.149
-1.9662,-12.547,-11.294,6.7079,1.5301,-15.593,-3.1492,-61.603,-24.628,-30.379,-9.7686,-13.873
-2.9942,-13.155,-10.982,7.1136,0.34328,-15.994,-2.6396,-58.688,-23.956,-31.196,-10.376,-14.596
-3.948,-13.687,-10.559,7.4415,-0.85065,-16.262,-2.1523,-55.738,-23.223,-32.003,-11.009,-15.323
-4.7272,-14.139,-10.077,7.6955,-1.8837,-16.393,-1.6907,-52.816,-22.463,-32.786,-11.668,-16.048
-5.2578,-14.512,-9.585,7.8912,-2.6297,-16.402,-1.2509,-49.973,-21.709,-33.49,-12.34,-16.746
-5.4968,-14.819,-9.1499,8.0522,-3.0016,-16.329,-0.82022,-47.213,-20.972,-34.03,-13.002,-17.379
-5.437,-15.084,-8.8723,8.201,-2.9455,-16.238,-0.38339,-44.474,-20.236,-34.323,-13.635,-17.907
-5.1152,-15.332,-8.8563,8.3493,-2.4625,-16.197,0.067752,-41.652,-19.472,-34.326,-14.244,-18.308
-4.6116,-15.583,-9.1479,8.496,-1.6439,-16.255,0.52893,-38.638,-18.661,-34.063,-14.856,-18.587
-4.0427,-15.836,-9.6859,8.6344,-0.67665,-16.423,0.98702,-35.37,-17.809,-33.621,-15.508,-18.776
-3.5507,-16.084,-10.308,8.7668,0.1974,-16.668,1.43,-31.875,-16.946,-33.108,-16.224,-18.923
-3.2882,-16.318,-10.808,8.9143,0.74014,-16.931,1.8557,-28.277,-16.109,-32.607,-17.002,-19.073
-3.3874,-16.538,-11.011,9.112,0.77628,-17.144,2.272,-24.745,-15.328,-32.142,-17.808,-19.256
-3.9156,-16.745,-10.828,9.3897,0.24578,-17.255,2.69,-21.43,-14.611,-31.663,-18.587,-19.478
-4.8315,-16.936,-10.286,9.7501,-0.76132,-17.248,3.1158,-18.403,-13.944,-31.068,-19.282,-19.728
-5.9675,-17.101,-9.5196,10.159,-2.0103,-17.145,3.5503,-15.65,-13.286,-30.223,-19.845,-19.98
-7.0642,-17.224,-8.7441,10.547,-3.1781,-16.999,3.995,-13.097,-12.571,-29.008,-20.246,-20.197
-7.8482,-17.284,-8.1932,10.829,-3.9443,-16.872,4.4586,-10.65,-11.735,-27.359,-20.472,-20.339
-8.1198,-17.258,-8.0386,10.924,-4.0897,-16.809,4.9567,-8.2472,-10.741,-25.294,-20.528,-20.374
-7.8197,-17.127,-8.3218,10.787,-3.5721,-16.814,5.503,-5.8903,-9.5988,-22.909,-20.44,-20.287
-7.0511,-16.884,-8.9278,10.43,-2.5519,-16.85,6.1006,-3.6389,-8.3697,-20.344,-20.253,-20.091
-6.047,-16.537,-9.6122,9.9199,-1.3433,-16.842,6.739,-1.5689,-7.1302,-17.723,-20.015,-19.818
-5.0902,-16.109,-10.08,9.3629,-0.30524,-16.703,7.4003,0.27132,-5.9394,-15.12,-19.764,-19.503
-4.4157,-15.629,-10.096,8.863,0.28329,-16.365,8.0614,1.8743,-4.8196,-12.564,-19.519,-19.173
-4.1285,-15.126,-9.5867,8.4823,0.31567,-15.817,8.6915,3.2575,-3.7643,-10.069,-19.288,-18.851
-4.1669,-14.626,-8.6655,8.2133,-0.11606,-15.118,9.2534,4.4408,-2.7552,-7.6591,-19.078,-18.557
-4.3317,-14.133,-7.5778,7.9802,-0.77097,-14.369,9.714,5.4345,-1.7797,-5.3828,-18.896,-18.31
-4.3769,-13.62,-6.5976,7.6749,-1.3619,-13.668,10.063,6.2392,-0.83519,-3.2953,-18.744,-18.114
-4.1302,-13.037,-5.9256,7.2122,-1.6673,-13.07,10.32,6.8534,0.073063,-1.4383,-18.61,-17.953
-3.5845,-12.345,-5.6242,6.5797,-1.6168,-12.587,10.527,7.28,0.93462,0.17564,-18.482,-17.789
-2.8955,-11.547,-5.6122,5.8561,-1.3095,-12.196,10.72,7.5291,1.7371,1.5627,-18.347,-17.585
-2.2914,-10.703,-5.7215,5.1787,-0.94744,-11.866,10.907,7.6163,2.4666,2.7561,-18.208,-17.319
-1.9656,-9.9036,-5.7854,4.6811,-0.7291,-11.574,11.064,7.5618,3.1101,3.7916,-18.076,-16.997
-1.9989,-9.2276,-5.7247,4.4346,-0.7509,-11.31,11.154,7.3907,3.6623,4.7021,-17.96,-16.647
-2.3185,-8.7068,-5.5779,4.419,-0.95699,-11.072,11.15,7.1338,4.1328,5.5103,-17.851,-16.295
-2.7087,-8.3224,-5.4658,4.5304,-1.1611,-10.87,11.05,6.8278,4.545,6.2267,-17.722,-15.957
-2.8803,-8.0267,-5.5254,4.6189,-1.1243,-10.715,10.882,6.5121,4.925,6.8464,-17.542,-15.631
-2.5785,-7.7696,-5.8505,4.5421,-0.65131,-10.613,10.679,6.2221,5.2878,7.3582,-17.291,-15.308
-1.6933,-7.5141,-6.457,4.218,0.32189,-10.559,10.47,5.9883,5.638,7.7569,-16.976,-14.985
-0.32461,-7.2416,-7.251,3.6613,1.6805,-10.522,10.274,5.8291,5.9805,8.0564,-16.618,-14.662
1.2314,-6.9522,-8.0343,2.9894,3.1466,-10.445,10.109,5.76,6.3353,8.2923,-16.23,-14.324
2.575,-6.6638,-8.5571,2.3822,4.3611,-10.264,10.001,5.7976,6.7411,8.515,-15.804,-13.942
3.342,-6.4054,-8.6156,2.0141,5.0049,-9.9342,9.9662,5.9587,7.2349,8.7704,-15.32,-13.487
3.3299,-6.1995,-8.1457,1.985,4.9144,-9.4568,9.998,6.2519,7.8261,9.0809,-14.768,-12.954
2.5561,-6.0552,-7.2485,2.2862,4.1316,-8.8873,10.053,6.6704,8.4776,9.4373,-14.168,-12.381
1.229,-5.9626,-6.1313,2.8128,2.8607,-8.3107,10.07,7.1859,9.1126,9.8081,-13.56,-11.822
-0.34205,-5.8948,-5.0073,3.4148,1.3745,-7.7984,10.003,7.7634,9.6449,10.159,-12.989,-11.329
-1.8663,-5.8248,-4.0047,3.9589,-0.083949,-7.3729,9.8358,8.3611,10.02,10.467,-12.482,-10.925
-3.1606,-5.7406,-3.1223,4.3697,-1.3748,-7.0022,9.5918,8.9426,10.236,10.727,-12.042,-10.6
-4.1627,-5.6464,-2.2588,4.6353,-2.4801,-6.6271,9.3096,9.4801,10.335,10.941,-11.651,-10.322
-4.8894,-5.5483,-1.3045,4.7817,-3.4501,-6.1934,9.023,9.9491,10.37,11.11,-11.284,-10.061
-5.3807,-5.4422,-0.22934,4.8408,-4.3151,-5.6815,8.7469,10.328,10.377,11.23,-10.922,-9.7961
-5.6628,-5.3134,0.88472,4.8352,-5.0334,-5.1141,8.4769,10.598,10.371,11.296,-10.557,-9.5195
-5.7446,-5.1457,1.8697,4.7798,-5.5065,-4.5491,8.1935,10.746,10.344,11.303,-10.186,-9.2285
-5.6285,-4.9354,2.5443,4.6833,-5.6357,-4.0586,7.8683,10.768,10.285,11.249,-9.8164,-8.9241
-5.3223,-4.6971,2.7891,4.5532,-5.3741,-3.7024,7.4763,10.676,10.191,11.138,-9.4578,-8.6121
-4.8571,-4.4566,2.5933,4.4017,-4.7512,-3.5023,7.0064,10.495,10.072,10.976,-9.1243,-8.3042
-4.2927,-4.2348,2.0605,4.2454,-3.8706,-3.4344,6.4656,10.256,9.9428,10.769,-8.8285,-8.0168
-3.7049,-4.0354,1.3764,4.0974,-2.888,-3.4364,5.8767,9.9856,9.8191,10.525,-8.5791,-7.766
-3.167,-3.8441,0.76492,3.9583,-1.9769,-3.4281,5.2691,9.7068,9.7053,10.251,-8.3749,-7.5573
-2.7349,-3.6344,0.41939,3.8158,-1.2892,-3.336,4.6631,9.4307,9.5889,9.9513,-8.2113,-7.3899
-2.4359,-3.3753,0.44451,3.6487,-0.91709,-3.1161,4.0585,9.1661,9.4352,9.6174,-8.0874,-7.2646
-2.2651,-3.0421,0.8255,3.4348,-0.87523,-2.7633,3.4373,8.9209,9.1962,9.2358,-8.007,-7.1856
-2.1997,-2.6302,1.4504,3.165,-1.1183,-2.3101,2.7844,8.7076,8.8363,8.8048,-7.9692,-7.1531
-2.2293,-2.1658,2.1762,2.8569,-1.5813,-1.8106,2.1113,8.5383,8.3625,8.3516,-7.9555,-7.1503
-2.3721,-1.7021,2.8883,2.5599,-2.2044,-1.3217,1.4627,8.4247,7.835,7.9317,-7.9227,-7.1379
-2.6525,-1.2988,3.5239,2.337,-2.9251,-0.88741,0.90198,8.3764,7.3449,7.6073,-7.82,-7.07
-3.057,-0.99324,4.0597,2.2303,-3.662,-0.52854,0.48594,8.3865,6.9739,7.4185,-7.6101,-6.9142
-3.5096,-0.78372,4.4857,2.232,-4.3077,-0.24258,0.24176,8.4369,6.757,7.3631,-7.2917,-6.6713
-3.8826,-0.63372,4.7874,2.2839,-4.7384,-0.012641,0.15485,8.49,6.6686,7.3973,-6.9074,-6.3806
-4.0376,-0.49496,4.9469,2.3077,-4.8442,0.18176,0.17444,8.494,6.6345,7.4546,-6.5263,-6.1025
-3.8787,-0.33186,4.9633,2.2459,-4.5683,0.35999,0.23484,8.4009,6.5653,7.4725,-6.2122,-5.8887
-3.3867,-0.13178,4.8709,2.0829,-3.9317,0.54026,0.28277,8.1815,6.3942,7.4141,-5.9949,-5.7576
-2.627,0.098519,4.7401,1.8393,-3.0383,0.73799,0.29794,7.8327,6.1016,7.2753,-5.8619,-5.6913
-1.7412,0.33891,4.6591,1.5606,-2.0642,0.96044,0.29593,7.3756,5.7121,7.0747,-5.7732,-5.651
-0.92574,0.56012,4.7044,1.3084,-1.2238,1.2021,0.31209,6.8406,5.2667,6.8322,-5.6888,-5.6023
-0.38237,0.73017,4.9166,1.1479,-0.71356,1.4463,0.37692,6.2531,4.7918,6.5532,-5.5907,-5.5313
-0.25525,0.82445,5.2955,1.1276,-0.66149,1.6733,0.49816,5.6296,4.2866,6.2271,-5.4873,-5.4455
-0.59842,0.83413,5.8161,1.2649,-1.1102,1.8702,0.65812,4.9832,3.7321,5.838,-5.4012,-5.3615
-1.3865,0.76781,6.4462,1.5464,-2.0276,2.0339,0.82303,4.3288,3.1103,5.3764,-5.3532,-5.294
-2.5344,0.64521,7.1434,1.9362,-3.3186,2.1643,0.95602,3.682,2.417,4.8429,-5.3543,-5.2528
-3.9081,0.4858,7.8478,2.388,-4.8327,2.2571,1.0286,3.062,1.6658,4.2482,-5.4063,-5.2475
-5.3357,0.30022,8.4836,2.8565,-6.3773,2.3013,1.0283,2.4872,0.8853,3.6101,-5.5065,-5.2887
-6.6235,0.091672,8.9702,3.3028,-7.7444,2.2843,0.9599,1.9796,0.11314,2.95,-5.6509,-5.3859
-7.5803,-0.13351,9.2276,3.6861,-8.7423,2.1973,0.83893,1.5606,-0.61373,2.2832,-5.8365,-5.5418
-8.0462,-0.35533,9.1766,3.9522,-9.2182,2.0362,0.68225,1.2484,-1.2708,1.6132,-6.0598,-5.7477
-7.9217,-0.53916,8.7499,4.0389,-9.0736,1.803,0.50433,1.0491,-1.8527,0.93545,-6.3113,-5.9799
-7.1978,-0.6474,7.9195,3.9038,-8.2852,1.5071,0.32019,0.95464,-2.3703,0.24951,-6.5699,-6.1995
-5.9748,-0.65854,6.7282,3.5556,-6.9255,1.1665,0.14783,0.94637,-2.8434,-0.43402,-6.8063,-6.3621
-4.4486,-0.58261,5.2909,3.0616,-5.1624,0.80306,0.0039038,0.99489,-3.2916,-1.099,-6.9944,-6.4353
-2.8613,-0.46152,3.7625,2.5274,-3.2263,0.43476,-0.10411,1.0694,-3.7295,-1.7344,-7.1232,-6.4145
-1.4352,-0.35133,2.2959,2.0585,-1.3575,0.072348,-0.18093,1.1466,-4.1618,-2.3389,-7.199,-6.3258
-0.32003,-0.29641,1.0107,1.7244,0.24217,-0.27463,-0.23894,1.2161,-4.5838,-2.9171,-7.2393,-6.2168
0.42684,-0.3094,-0.01441,1.5412,1.4347,-0.58725,-0.29118,1.2764,-4.9887,-3.4766,-7.2647,-6.1393
0.82699,-0.36547,-0.73052,1.4774,2.1523,-0.83194,-0.34638,1.3228,-5.3801,-4.0293,-7.2941,-6.1353
0.9445,-0.41345,-1.101,1.4751,2.3944,-0.96627,-0.40606,1.3384,-5.7772,-4.5953,-7.3402,-6.2259
0.84522,-0.3996,-1.0989,1.4771,2.211,-0.95347,-0.46304,1.2954,-6.2036,-5.1987,-7.4052,-6.4064
0.57448,-0.29157,-0.72708,1.4465,1.6768,-0.77852,-0.50315,1.1679,-6.6675,-5.8588,-7.4796,-6.6488
0.16025,-0.091868,-0.046597,1.3753,0.87971,-0.46075,-0.51205,0.94568,-7.1515,-6.5813,-7.5488,-6.9142
-0.37437,0.16067,0.81657,1.2848,-0.075856,-0.05759,-0.48404,0.6416,-7.6192,-7.3545,-7.6041,-7.1681
-1.0046,0.40037,1.6999,1.22,-1.0737,0.34662,-0.42553,0.28851,-8.0337,-8.1489,-7.649,-7.3898
-1.7003,0.55532,2.4519,1.2376,-2.0008,0.66706,-0.34971,-0.072965,-8.3761,-8.9199,-7.6937,-7.5703
-2.4169,0.57466,2.9698,1.3809,-2.7597,0.84838,-0.26716,-0.41218,-8.6531,-9.6175,-7.7448,-7.7063
-3.0788,0.45029,3.2093,1.6527,-3.269,0.88171,-0.17958,-0.7223,-8.8965,-10.207,-7.7983,-7.7952
-3.5738,0.22125,3.1725,2.0024,-3.4584,0.80058,-0.080273,-1.019,-9.1528,-10.686,-7.8408,-7.8358
-3.7718,-0.041156,2.8937,2.3387,-3.2739,0.66114,0.040816,-1.3225,-9.4646,-11.088,-7.8566,-7.8298
-3.5698,-0.25966,2.4328,2.5609,-2.6998,0.51917,0.19052,-1.6331,-9.8485,-11.463,-7.8358,-7.7844
-2.9451,-0.37754,1.8699,2.5955,-1.7893,0.41277,0.36593,-1.9171,-10.28,-11.845,-7.7808,-7.7149
-1.9896,-0.37702,1.2918,2.428,-0.68195,0.3537,0.54992,-2.1107,-10.698,-12.233,-7.7069,-7.6453
-0.90427,-0.28466,0.77494,2.1144,0.4171,0.32748,0.71219,-2.1443,-11.021,-12.584,-7.6367,-7.6041
0.056735,-0.16061,0.37603,1.7615,1.2877,0.30321,0.81825,-1.9755,-11.186,-12.835,-7.5902,-7.6148
0.66221,-0.073341,0.13669,1.4848,1.7454,0.25103,0.84365,-1.6106,-11.172,-12.926,-7.5758,-7.6843
0.75922,-0.070339,0.090293,1.3664,1.6752,0.15899,0.78469,-1.1008,-11.013,-12.837,-7.5891,-7.7983
0.29631,-0.15964,0.2527,1.4349,1.0596,0.040548,0.65927,-0.51662,-10.776,-12.599,-7.6166,-7.9249
-0.66284,-0.31234,0.60145,1.6707,0.0011183,-0.070644,0.4999,0.085173,-10.528,-12.268,-7.64,-8.0228
-1.9339,-0.48325,1.0647,2.0221,-1.2815,-0.13682,0.34469,0.6829,-10.293,-11.894,-7.6375,-8.0499
-3.2371,-0.63251,1.5273,2.4193,-2.5,-0.13625,0.22765,1.2907,-10.049,-11.483,-7.5861,-7.9715
-4.2566,-0.73348,1.8505,2.7797,-3.3611,-0.076848,0.16784,1.9384,-9.7467,-11.008,-7.4667,-7.7708
-4.7152,-0.76992,1.9065,3.0136,-3.6228,0.0055961,0.16206,2.6443,-9.3565,-10.426,-7.272,-7.4568
-4.4547,-0.73369,1.6279,3.0445,-3.1569,0.066595,0.18695,3.3965,-8.8849,-9.7132,-7.0086,-7.0627
-3.5071,-0.62617,1.0515,2.8448,-2.0259,0.080777,0.20978,4.1552,-8.3734,-8.8831,-6.6948,-6.635
-2.116,-0.45867,0.33487,2.4604,-0.51389,0.062358,0.20103,4.8696,-7.876,-7.9928,-6.355,-6.2215
-0.671,-0.24864,-0.2758,2.0002,0.9485,0.065682,0.14279,5.497,-7.4378,-7.1261,-6.0134,-5.8623
0.42852,-0.013702,-0.51695,1.5941,1.9309,0.16564,0.032529,6.0169,-7.0788,-6.3654,-5.6895,-5.5837
0.89603,0.23187,-0.18853,1.3479,2.1311,0.42823,-0.11617,6.4356,-6.7861,-5.7607,-5.3926,-5.3922
0.60898,0.47534,0.78104,1.3187,1.4418,0.88354,-0.27666,6.7836,-6.5182,-5.3104,-5.1208,-5.2735
-0.38556,0.6998,2.3047,1.5126,-0.035442,1.5102,-0.41751,7.1023,-6.2227,-4.9663,-4.8657,-5.1988
-1.8779,0.88026,4.1552,1.8942,-2.0144,2.236,-0.51497,7.4242,-5.8668,-4.6611,-4.6234,-5.141
-3.5368,0.98805,6.0279,2.3959,-4.093,2.9563,-0.56388,7.7565,-5.463,-4.3472,-4.4054,-5.0907
-5.0064,1.0048,7.625,2.9287,-5.8614,3.564,-0.57972,8.0783,-5.0705,-4.0222,-4.2409,-5.0639
-6.0209,0.93637,8.7381,3.4017,-7.0177,3.9852,-0.58886,8.3542,-4.7727,-3.7274,-4.1655,-5.0926
-6.4852,0.81508,9.3166,3.7506,-7.4555,4.2068,-0.61185,8.5561,-4.6428,-3.5205,-4.2025,-5.2041
-6.4975,0.68608,9.499,3.9611,-7.3141,4.2838,-0.65052,8.6798,-4.7127,-3.4383,-4.3444,-5.399
-6.3142,0.58719,9.5683,4.0749,-6.9472,4.314,-0.68647,8.7479,-4.959,-3.4731,-4.5496,-5.6431
-6.2535,0.53132,9.8297,4.1739,-6.777,4.3919,-0.6918,8.7953,-5.3118,-3.5752,-4.7566,-5.8793
-6.5722,0.49919,10.476,4.352,-7.1109,4.5668,-0.64461,8.849,-5.6851,-3.6794,-4.9115,-6.0548
-7.3827,0.44664,11.509,4.6808,-8.0404,4.824,-0.53984,8.9152,-6.0119,-3.7359,-4.9917,-6.1443
-8.6315,0.32463,12.738,5.1798,-9.439,5.0916,-0.39003,8.9778,-6.2642,-3.7265,-5.0103,-6.1565
-10.108,0.1035,13.867,5.803,-11.008,5.2705,-0.21891,9.0072,-6.4525,-3.6624,-5.0047,-6.1216
-11.488,-0.20819,14.607,6.4456,-12.357,5.2841,-0.054548,8.9703,-6.6129,-3.5751,-5.018,-6.0747
-12.42,-0.55875,14.763,6.9674,-13.119,5.1149,0.075952,8.8404,-6.7929,-3.5054,-5.0835,-6.0423
-12.644,-0.86769,14.288,7.2357,-13.059,4.8052,0.15311,8.6051,-7.0353,-3.4926,-5.2154,-6.0357
-12.083,-1.0562,13.297,7.175,-12.155,4.433,0.17455,8.2732,-7.3611,-3.5627,-5.4047,-6.0486
-10.884,-1.0805,12.036,6.8019,-10.615,4.0802,0.16121,7.8756,-7.7563,-3.7185,-5.622,-6.0582
-9.3704,-0.95035,10.784,6.2223,-8.8189,3.8048,0.15155,7.4572,-8.173,-3.9399,-5.829,-6.0337
-7.9141,-0.72322,9.7579,5.5916,-7.1651,3.6248,0.18319,7.062,-8.5488,-4.1933,-5.9929,-5.9491
-6.8004,-0.47811,9.0394,5.0541,-5.9285,3.5158,0.2729,6.7179,-8.8352,-4.4442,-6.0973,-5.7964
-6.1519,-0.2852,8.5736,4.6925,-5.1988,3.4254,0.40921,6.4275,-9.0191,-4.6654,-6.1436,-5.5891
-5.9212,-0.18335,8.2178,4.5095,-4.9046,3.3,0.56185,6.1678,-9.1232,-4.8377,-6.1413,-5.3531
-5.9349,-0.17189,7.82,4.4441,-4.8739,3.1108,0.69999,5.9037,-9.1884,-4.9483,-6.0976,-5.1135
-5.9648,-0.21569,7.2852,4.4057,-4.8897,2.8655,0.80709,5.6078,-9.2485,-4.9922,-6.011,-4.8833
-5.8021,-0.25797,6.6032,4.3053,-4.745,2.601,0.88625,5.2794,-9.3135,-4.9738,-5.8714,-4.6605
-5.3148,-0.23931,5.8322,4.0771,-4.3052,2.3665,0.95575,4.9502,-9.3664,-4.9057,-5.6675,-4.4321
-4.4805,-0.12237,5.0594,3.698,-3.5487,2.2029,1.0384,4.672,-9.3746,-4.8007,-5.3965,-4.1849
-3.3976,0.0899,4.3668,3.2029,-2.5656,2.1254,1.1502,4.4938,-9.3083,-4.664,-5.0724,-3.9165
-2.2635,0.35475,3.8071,2.6803,-1.523,2.1168,1.2948,4.4401,-9.1569,-4.4906,-4.7247,-3.6394
-1.3114,0.60571,3.3883,2.2407,-0.6101,2.1325,1.463,4.498,-8.9377,-4.2717,-4.389,-3.3774
-0.72766,0.77512,3.0734,1.9731,0.021693,2.1159,1.635,4.62,-8.6943,-4.0089,-4.0961,-3.1566
-0.5974,0.81631,2.7996,1.9118,0.29818,2.0203,1.7842,4.7425,-8.4856,-3.7244,-3.8655,-2.9975
-0.89703,0.72047,2.5101,2.0288,0.22711,1.8304,1.8847,4.8134,-8.3648,-3.4578,-3.7035,-2.9113
-1.5122,0.52153,2.1832,2.2481,-0.11906,1.5707,1.9194,4.8167,-8.3582,-3.2515,-3.6062,-2.9008
-2.2634,0.28409,1.839,2.472,-0.62355,1.2947,1.8848,4.7788,-8.4543,-3.1326,-3.5658,-2.9653
-2.9422,0.080898,1.5244,2.6101,-1.1477,1.0618,1.7881,4.7528,-8.6084,-3.0967,-3.5759,-3.1028
-3.3604,-0.026995,1.2847,2.603,-1.558,0.91675,1.6413,4.7908,-8.7589,-3.1032,-3.6304,-3.3069
-3.3986,-0.0028679,1.1389,2.4358,-1.7531,0.88073,1.4587,4.918,-8.847,-3.0832,-3.7161,-3.5582
-3.0301,0.15826,1.0689,2.1359,-1.6794,0.95152,1.2587,5.1243,-8.8323,-2.9612,-3.8061,-3.819
-2.2977,0.4281,1.0213,1.7509,-1.3221,1.1059,1.0661,5.3737,-8.7003,-2.6841,-3.8616,-4.0368
-1.2682,0.75229,0.91864,1.3259,-0.67208,1.3023,0.90865,5.6211,-8.4645,-2.2447,-3.8447,-4.1594
-0.02543,1.0654,0.68087,0.90223,0.28001,1.487,0.80749,5.828,-8.1615,-1.6874,-3.7352,-4.1536
1.2924,1.3087,0.25781,0.52878,1.4837,1.603,0.7665,5.9754,-7.8395,-1.093,-3.5407,-4.0171
2.4841,1.4432,-0.33742,0.25924,2.7749,1.605,0.76914,6.0716,-7.5424,-0.54897,-3.2945,-3.7764
3.3359,1.453,-1.0109,0.13614,3.9064,1.4781,0.78602,6.1516,-7.2956,-0.11842,-3.0426,-3.4746
3.6766,1.3421,-1.5988,0.18583,4.6225,1.252,0.7876,6.2638,-7.1008,0.1776,-2.8302,-3.1571
3.3929,1.1301,-1.9073,0.42315,4.7166,0.9978,0.75408,6.4482,-6.9407,0.3584,-2.691,-2.862
2.4418,0.85266,-1.7705,0.84659,4.0709,0.80339,0.67932,6.7171,-6.7922,0.46454,-2.6435,-2.6166
0.89167,0.56125,-1.1098,1.423,2.6987,0.73907,0.57011,7.0508,-6.6392,0.53404,-2.6892,-2.4355
-1.0475,0.31406,0.0228,2.0794,0.77598,0.83258,0.4434,7.4091,-6.4761,0.58834,-2.8115,-2.3166
-3.0486,0.15808,1.4394,2.7089,-1.3707,1.0627,0.32277,7.7524,-6.3025,0.63379,-2.9754,-2.2376
-4.7426,0.11296,2.8576,3.1926,-3.3317,1.3685,0.23437,8.0598,-6.1126,0.67388,-3.1319,-2.1579
-5.8129,0.16437,3.9774,3.4406,-4.7232,1.6679,0.20201,8.3355,-5.8902,0.72116,-3.2278,-2.0305
-6.0859,0.26636,4.573,3.4352,-5.2946,1.8792,0.24219,8.602,-5.6123,0.80012,-3.2208,-1.8189
-5.5793,0.35494,4.5652,3.241,-4.991,1.9468,0.36158,8.8848,-5.2611,0.9389,-3.0905,-1.5096
-4.4877,0.37415,4.0476,2.9712,-3.951,1.8647,0.55881,9.1982,-4.837,1.1535,-2.8416,-1.1156
-3.1222,0.30245,3.2535,2.736,-2.4604,1.6846,0.8288,9.5373,-4.3646,1.4317,-2.4989,-0.67126
-1.8325,0.16307,2.4764,2.6047,-0.89079,1.4982,1.1647,9.8765,-3.891,1.725,-2.0996,-0.22227
-0.9106,0.012833,1.9735,2.5912,0.38652,1.3971,1.5558,10.173,-3.4767,1.9565,-1.6858,0.18457
-0.49195,-0.082663,1.8853,2.6572,1.1197,1.4361,1.9851,10.376,-3.1825,2.0447,-1.2992,0.51069
-0.53131,-0.076197,2.1978,2.7363,1.2457,1.6198,2.4304,10.449,-3.052,1.9335,-0.97363,0.73339
-0.91182,0.040914,2.7815,2.7803,0.82918,1.9155,2.8704,10.386,-3.0932,1.6168,-0.72575,0.85118
-1.5953,0.23547,3.5027,2.7975,-0.051049,2.2799,3.2947,10.221,-3.2658,1.1492,-0.54754,0.88502
-2.6306,0.45384,4.3155,2.8484,-1.3361,2.6873,3.7136,10.023,-3.4805,0.6403,-0.40539,0.87501
-4.0187,0.66198,5.2553,3.0003,-2.9378,3.1481,4.1632,9.8745,-3.6133,0.2334,-0.24621,0.87427
-5.6147,0.87859,6.38,3.2769,-4.6975,3.7147,4.7046,9.8489,-3.5362,0.070314,-0.0070318,0.94217
-7.1491,1.1793,7.7317,3.6279,-6.3981,4.4839,5.4189,9.9964,-3.1583,0.24918,0.37461,1.1368
-8.2903,1.6775,9.3335,3.928,-7.7979,5.6041,6.3959,10.34,-2.4567,0.79651,0.95006,1.5067
-8.7177,2.507,11.195,4.0043,-8.6816,7.2777,7.7161,10.888,-1.4749,1.6718,1.7494,2.081
-8.2396,3.8228,13.289,3.6931,-8.9334,9.7064,9.4214,11.646,-0.29056,2.8003,2.7735,2.8616
-6.8955,5.8104,15.499,2.9148,-8.5731,12.926,11.48,12.624,1.0224,4.1103,3.9911,3.8194
-4.9851,8.6796,17.626,1.7171,-7.7794,16.705,13.769,13.83,2.4146,5.5524,5.3419,4.8994
-2.9974,12.569,19.554,0.24589,-6.9297,20.73,16.11,15.266,3.861,7.098,6.7479,6.0335
-1.4255,17.319,21.478,-1.3398,-6.5342,24.828,18.328,16.933,5.3491,8.7233,8.1311,7.1601
-0.64893,22.407,23.835,-2.9606,-7.0759,28.997,20.307,18.822,6.8665,10.392,9.4337,8.2406
-0.89764,27.389,27.074,-4.6715,-8.779,33.315,21.996,20.897,8.392,12.049,10.632,9.2683
-2.1513,32.266,31.44,-6.642,-11.502,37.806,23.402,23.074,9.8903,13.622,11.735,10.265
-4.0484,37.23,36.899,-9.0518,-14.757,42.35,24.558,25.212,11.315,15.046,12.775,11.27
-5.9518,42.306,43.058,-11.962,-17.853,46.684,25.496,27.136,12.614,16.28,13.785,12.322
-7.1783,47.348,48.959,-15.301,-20.128,50.526,26.221,28.673,13.743,17.312,14.783,13.44
-7.244,52.208,53.264,-18.932,-21.153,53.755,26.706,29.702,14.667,18.151,15.771,14.619
-5.9995,56.827,55.255,-22.674,-20.784,56.526,26.904,30.176,15.365,18.812,16.727,15.821
-3.6475,61.206,55.486,-26.34,-19.15,59.185,26.766,30.13,15.83,19.303,17.619,16.99
-0.68771,65.347,55.258,-29.779,-16.675,62.044,26.238,29.671,16.065,19.621,18.411,18.068
2.2186,69.242,55.76,-32.88,-14.075,65.169,25.268,28.947,16.089,19.754,19.079,19.012
4.4774,72.882,57.462,-35.575,-12.147,68.356,23.788,28.074,15.931,19.688,19.624,19.813
5.7605,76.271,60.074,-37.837,-11.449,71.315,21.721,27.006,15.621,19.428,20.073,20.495
6.0333,79.432,63.102,-39.686,-12.121,73.851,19.026,25.501,15.179,19.003,20.464,21.098
5.4784,82.392,66.177,-41.184,-13.831,75.91,15.767,23.376,14.61,18.469,20.824,21.66
4.4336,85.162,68.942,-42.426,-15.905,77.534,12.12,20.773,13.914,17.886,21.157,22.196
3.2881,87.705,71.145,-43.494,-17.71,78.81,8.3128,18.069,13.104,17.292,21.451,22.708
2.3365,89.914,72.869,-44.374,-19.013,79.851,4.5411,15.591,12.212,16.702,21.691,23.187
1.7204,91.633,74.554,-44.956,-19.943,80.761,0.96011,13.488,11.29,16.118,21.872,23.622
1.4588,92.734,76.733,-45.207,-20.699,81.595,-2.292,11.785,10.394,15.542,22.003,24
1.4825,93.202,79.578,-45.225,-21.435,82.324,-5.1084,10.465,9.5712,14.984,22.091,24.291
1.7008,93.104,82.499,-45.112,-22.339,82.825,-7.4558,9.4934,8.842,14.459,22.135,24.454
2.0787,92.487,84.389,-44.901,-23.517,82.889,-9.377,8.8188,8.2066,13.985,22.119,24.45
2.6351,91.32,84.352,-44.596,-24.753,82.245,-10.948,8.373,7.6554,13.576,22.017,24.254
3.393,89.511,82.164,-44.218,-25.488,80.636,-12.232,8.0857,7.1834,13.239,21.817,23.875
4.3597,86.992,78.135,-43.825,-25.035,77.961,-13.25,7.9016,6.7982,12.966,21.521,23.35
5.5512,83.772,72.614,-43.496,-22.915,74.322,-13.993,7.7918,6.5178,12.736,21.149,22.736
6.9982,79.958,65.825,-43.266,-19.131,69.927,-14.431,7.7522,6.3603,12.519,20.73,22.091
8.7013,75.71,58.008,-43.022,-14.22,64.993,-14.542,7.7874,6.328,12.277,20.283,21.46
10.586,71.169,49.445,-42.464,-8.9755,59.728,-14.322,7.8899,6.3945,11.972,19.816,20.859
12.495,66.411,40.453,-41.262,-4.0233,54.334,-13.797,8.0294,6.5008,11.569,19.315,20.273
14.196,61.441,31.561,-39.295,0.26729,48.964,-13.01,8.1588,6.5654,11.036,18.749,19.659
15.38,56.241,23.523,-36.616,3.5967,43.714,-12.019,8.2303,6.5045,10.349,18.075,18.959
15.711,50.803,17.092,-33.279,5.7001,38.65,-10.895,8.2114,6.2554,9.4892,17.248,18.117
14.952,45.168,12.843,-29.34,6.4861,33.852,-9.7113,8.0937,5.7932,8.4537,16.24,17.093
13.08,39.437,10.822,-24.94,6.0464,29.417,-8.532,7.8898,5.1347,7.2569,15.048,15.879
10.309,33.757,10.231,-20.315,4.5065,25.415,-7.4084,7.6218,4.3295,5.9338,13.706,14.501
7.0345,28.278,10.139,-15.738,2.0453,21.723,-6.3774,7.3068,3.4404,4.5371,12.271,13.011
3.6441,23.08,10.262,-11.416,-0.96888,17.949,-5.4663,6.9477,2.5216,3.1254,10.812,11.471
0.40125,18.147,10.543,-7.4756,-3.9935,14.025,-4.6974,6.5339,1.6039,1.7491,9.3825,9.9408
-2.4537,13.457,10.748,-4.0427,-6.4576,10.65,-4.0894,6.0519,0.69534,0.4416,8.0138,8.4677
-4.5303,9.2354,10.594,-1.319,-7.9008,8.2616,-3.6511,5.5008,-0.20511,-0.77834,6.7202,7.0891
-5.3347,5.9647,9.8201,0.50368,-8.0354,6.5693,-3.3749,4.9034,-1.0906,-1.8994,5.5071,5.8336
-4.6052,3.8059,8.25,1.4472,-6.748,5.1295,-3.2363,4.3056,-1.9389,-2.9127,4.3797,4.7206
-2.6054,2.3757,5.882,1.7996,-4.173,3.6746,-3.2022,3.7598,-2.7201,-3.8129,3.3462,3.7566
-0.064605,1.2023,2.9416,1.9415,-0.8088,2.1207,-3.2429,3.3019,-3.4133,-4.603,2.4143,2.9343
2.1955,0.019081,-0.16442,2.1672,2.576,0.5033,-3.338,2.9328,-4.0225,-5.2961,1.5866,2.2338
3.6008,-1.2478,-2.9785,2.6337,5.2512,-1.0859,-3.4754,2.6199,-4.5776,-5.9137,0.85651,1.6266
3.9007,-2.5695,-5.1191,3.3876,6.7559,-2.5491,-3.6437,2.3139,-5.1227,-6.4792,0.20813,1.0807
3.0729,-3.886,-6.3366,4.4026,6.8909,-3.8115,-3.826,1.9711,-5.6939,-7.0117,-0.38117,0.56391
1.2402,-5.1459,-6.5496,5.6073,5.6811,-4.8327,-4.0017,1.5712,-6.2982,-7.5179,-0.93504,0.049468
-1.3138,-6.3197,-5.9009,6.8998,3.4136,-5.6124,-4.1519,1.1249,-6.9005,-7.9847,-1.4713,-0.47861
-4.1342,-7.3987,-4.757,8.153,0.64715,-6.2011,-4.2625,0.67111,-7.4282,-8.3763,-1.9966,-1.0217
-6.6884,-8.3864,-3.5598,9.2275,-1.9543,-6.69,-4.3192,0.26153,-7.7957,-8.6443,-2.5054,-1.5675
-8.5254,-9.2861,-2.6727,10.001,-3.8482,-7.162,-4.3012,-0.061008,-7.9401,-8.7489,-2.9817,-2.0937
-9.3957,-10.091,-2.2937,10.406,-4.7409,-7.6488,-4.1796,-0.27794,-7.8485,-8.6795,-3.4021,-2.5709
-9.2823,-10.778,-2.4124,10.461,-4.6375,-8.1295,-3.9222,-0.39538,-7.5633,-8.4621,-3.7413,-2.9653
-8.4025,-11.313,-2.8602,10.272,-3.7826,-8.5536,-3.5056,-0.43257,-7.1616,-8.1522,-3.98,-3.2462
-7.151,-11.661,-3.4307,9.9772,-2.5316,-8.8728,-2.9279,-0.40899,-6.7227,-7.8167,-4.1129,-3.3975
-5.9277,-11.804,-3.9789,9.6747,-1.2308,-9.0701,-2.2143,-0.33826,-6.3011,-7.5119,-4.1545,-3.4276
-4.9629,-11.757,-4.4559,9.392,-0.13379,-9.1751,-1.4104,-0.23006,-5.9156,-7.2688,-4.1356,-3.3698
-4.2983,-11.56,-4.891,9.1143,0.64291,-9.2511,-0.56845,-0.096351,-5.5575,-7.089,-4.0949,-3.2731
-3.8779,-11.269,-5.3396,8.8289,1.109,-9.3648,0.26566,0.044396,-5.2085,-6.9542,-4.0671,-3.1873
-3.6127,-10.949,-5.8378,8.5383,1.3528,-9.5576,1.0576,0.16931,-4.8573,-6.8428,-4.0733,-3.1493
-3.3939,-10.658,-6.396,8.2453,1.5032,-9.8363,1.7852,0.2585,-4.5074,-6.7431,-4.1184,-3.1753
-3.1007,-10.432,-7.0221,7.9402,1.7034,-10.183,2.4359,0.3028,-4.1739,-6.657,-4.1947,-3.2607
-2.6276,-10.291,-7.7248,7.6026,2.0705,-10.569,3.0034,0.30811,-3.8721,-6.5905,-4.2886,-3.388
-1.9265,-10.233,-8.4914,7.217,2.6525,-10.964,3.483,0.29522,-3.6063,-6.5425,-4.3861,-3.5366
-1.0348,-10.248,-9.2717,6.7897,3.4106,-11.336,3.8677,0.29382,-3.3644,-6.5006,-4.4774,-3.6912
-0.071841,-10.318,-9.9921,6.3565,4.2356,-11.658,4.1468,0.33,-3.1249,-6.4505,-4.5606,-3.8487
0.80036,-10.424,-10.59,5.9725,4.9868,-11.922,4.3075,0.41008,-2.8725,-6.3919,-4.6461,-4.0188
1.4306,-10.544,-11.046,5.6886,5.5419,-12.143,4.3406,0.51074,-2.6135,-6.3498,-4.7552,-4.2193
1.7236,-10.661,-11.388,5.5331,5.8358,-12.355,4.2454,0.58388,-2.3821,-6.3706,-4.9118,-4.4663
1.6563,-10.766,-11.67,5.5097,5.8718,-12.597,4.0336,0.57352,-2.2303,-6.5031,-5.1293,-4.7631
1.2674,-10.866,-11.94,5.6117,5.7045,-12.893,3.7289,0.43381,-2.2059,-6.7713,-5.4009,-5.0949
0.64399,-10.988,-12.216,5.8301,5.413,-13.244,3.3622,0.13904,-2.3271,-7.1518,-5.7004,-5.433
-0.084524,-11.162,-12.496,6.1409,5.0821,-13.633,2.9626,-0.31521,-2.5687,-7.5753,-5.9938,-5.7482
-0.75089,-11.396,-12.781,6.4839,4.8071,-14.03,2.5498,-0.91527,-2.8703,-7.955,-6.2565,-6.0266
-1.1716,-11.659,-13.092,6.7607,4.7016,-14.402,2.1302,-1.6315,-3.1639,-8.23,-6.4864,-6.2781
-1.1994,-11.874,-13.448,6.8646,4.8667,-14.711,1.7009,-2.4191,-3.4048,-8.3928,-6.7065,-6.534
-0.78831,-11.955,-13.831,6.7293,5.3279,-14.908,1.2619,-3.2208,-3.5829,-8.481,-6.9535,-6.8328
-0.025467,-11.828,-14.157,6.3619,5.9928,-14.94,0.82829,-3.9737,-3.7096,-8.5412,-7.2561,-7.1999
0.8946,-11.464,-14.313,5.844,6.6729,-14.771,0.43454,-4.6129,-3.7924,-8.5912,-7.6148,-7.6296
1.7423,-10.891,-14.222,5.2989,7.1666,-14.41,0.1231,-5.0716,-3.8137,-8.6001,-7.9926,-8.0787
2.3402,-10.192,-13.902,4.8444,7.3642,-13.919,-0.075259,-5.2863,-3.7239,-8.4896,-8.3218,-8.4748
2.6268,-9.4728,-13.464,4.5524,7.2995,-13.388,-0.15703,-5.2173,-3.4501,-8.152,-8.5231,-8.7356
2.6646,-8.8183,-13.044,4.4283,7.1056,-12.895,-0.14738,-4.8755,-2.9216,-7.4848,-8.5319,-8.7952
2.5929,-8.2481,-12.702,4.4136,6.9149,-12.459,-0.085876,-4.3351,-2.1076,-6.4456,-8.3284,-8.6338
2.551,-7.7022,-12.368,4.4099,6.7838,-12.01,4.0551e-05,-3.7201,-1.057,-5.1102,-7.9663,-8.3056
2.6108,-7.0552,-11.838,4.3188,6.6725,-11.38,0.12876,-3.1732,0.074831,-3.7045,-7.5868,-7.952
2.7461,-6.152,-10.831,4.0839,6.4711,-10.341,0.39675,-2.8311,1.0162,-2.6024,-7.4116,-7.7951
2.8455,-4.8597,-9.0869,3.7177,6.0554,-8.6525,0.99961,-2.8148,1.3928,-2.3064,-7.718,-8.1139
2.763,-3.1267,-6.51,3.3003,5.3634,-6.1204,2.2495,-3.2287,0.78901,-3.4488,-8.8022,-9.212
2.3595,-0.98484,-3.5301,2.9453,4.7827,-2.6859,4.6197,-4.1553,-1.2135,-6.9524,-10.945,-11.388
1.4979,1.6633,1.1407,2.746,4.1012,-0.99549,8.0593,-5.6164,-5.3207,-13.833,-14.367,-14.89
0.29576,0.80872,4.8343,2.7195,-0.012051,0.1392,4.4628,-7.4475,-10.059,-11.107,-18.847,-19.488
-1.7928,-1.8903,5.4938,2.7711,-2.5393,-0.71964,1.7697,-9.0816,-2.0798,-5.8224,-22.043,-22.632
-4.1121,-3.6066,3.396,2.6926,-3.0503,-3.2334,-1.1737,-9.4358,5.7882,1.4539,-20.064,-20.449
-5.9099,-5.2205,1.2238,2.1711,-2.9005,-5.3479,-3.8866,-7.2868,13.53,8.9167,-17.099,-17.328
-8.3493,-4.6356,3.4479,0.76816,-4.8707,-3.7082,-3.6673,-2.6351,21.337,13.22,-18.954,-18.613
-13.77,0.5798,14.338,1.3084,-12.35,5.1064,2.4891,-0.76625,18.324,5.3004,-23.366,-23.101
-25.623,12.629,37.535,9.5816,-28.751,23.786,16.826,-28.349,-4.4469,-24.231,-24.891,-24.476
-45.715,33.239,76.611,10.566,-56.851,54.263,40.828,-45.246,-46.472,-77.353,-52.026,-50.479
-73.023,63.186,132.64,9.8792,-97.454,97.301,75.81,-61.911,-109.14,-156.65,-93.198,-91.389
-105.13,101.84,202.96,6.96,-148.4,151.82,121.88,-75.244,-186.43,-256.44,-140.53,-138.76
-137.55,147.1,282,1.0688,-204.71,214.82,174.95,-80.433,-265.79,-361.99,-184.06,-182.86
-164.87,196.02,361.49,-8.9865,-259.42,280.76,228.71,-71.123,-331.55,-454.3,-212.74,-212.59
-181.55,245.72,429.77,-24.655,-302.79,340.38,276.83,-40.081,-366.18,-511.89,-215.69,-216.83
-182.23,293.19,477.95,-47.451,-327.55,386.82,313.79,19.34,-353.39,-514.03,-182.88,-185.46
-162.97,337.96,503.87,-79.227,-331.1,420.41,336.17,111.31,-281.26,-444.08,-105.95,-110.15
-121.86,382.65,507.14,-122.11,-312.35,442.84,342,236.1,-143.76,-291.45,21.189,15.3
-57.748,430.23,488.95,-177.72,-271.14,455.69,329.44,390.78,60.34,-49.857,202.38,194.95
31.19,482.41,450.12,-247.44,-206.88,460.52,295.85,568.63,330.31,285.23,439.09,430.43
145.95,537.68,388.36,-331.27,-118.29,455.92,237.93,761.67,666.1,713.54,728.4,719.03
286.35,589.07,298.28,-426.14,-2.8497,435.66,152.73,962.09,1069.1,1229.5,1060.1,1050.7
449.8,624.07,171.33,-525.33,142.44,389.88,39.803,1162.4,1538.9,1819.2,1414.3,1406.1
629.59,628.04,-0.65003,-618.63,318.3,307.28,-96.611,1353.6,2065.9,2454.6,1762.3,1756.3
813.66,589.03,-218.86,-693.97,519.27,180.63,-246.83,1521,2621.8,3088.2,2069.9,2066.9
984.65,503.18,-471.08,-740.25,730.59,13.449,-397.34,1641.5,3153.9,3654.9,2303.7,2303.6
1122,378.58,-729.63,-750.23,928.18,-176.8,-533.73,1683.4,3589.3,4082.3,2437.4,2439.7
1205.4,234.03,-956.29,-722.13,1083,-361.87,-643.45,1613.9,3850.7,4307.6,2457.9,2462.3
1220.2,92.758,-1113.2,-659.39,1168.6,-511.32,-717.86,1413.1,3878.1,4294.3,2366.7,2373
1161,-24.917,-1174.6,-569.62,1169.7,-602.01,-752.99,1087.1,3648.3,4040.4,2177.3,2185
1034.8,-106.35,-1133.7,-463.36,1086.2,-624.05,-748.81,673.15,3184.5,3578.8,1910.6,1918.8
859.33,-147.49,-1003.5,-352.46,933.35,-581.44,-708.36,232.99,2552.8,2969.3,1590.2,1598.1
658.93,-151.78,-810.81,-247.88,736.83,-489.08,-636.95,-163.88,1848.1,2287.1,1241.4,1248.7
457.8,-138.29,-589.17,-154.88,525.72,-368.56,-545.4,-459.3,1172.8,1611.3,886.34,882.14
277.89,-100.54,-371.39,-83.919,326.79,-240.98,-435.69,-620.66,613.92,1013.2,562.02,557.57
132.84,-58.314,-183.99,-32.562,160.36,-126.34,-322.7,-646.46,226.54,546.74,289.58,285.29
29.794,-21.244,-43.756,0.45079,38.434,-37.792,-218.63,-563.07,24.512,240,89.135,85.197
-30.584,5.2572,43.244,17.476,-35.556,18.963,-133.85,-414.69,-17.57,90.54,-31.034,-34.758
-53.27,19.787,80.582,21.673,-65.848,44.996,-74.111,-249.64,47.853,67.495,-77.783,-81.774
-47.479,23.741,78.867,16.929,-62.326,46.271,-39.196,-106.95,160.42,122.89,-70.68,-75.634
-24.366,20.003,52.14,7.3835,-37.571,31.219,-23.872,-7.2423,270.96,208.33,-34.405,-41.057
5.6613,12,14.234,-3.4565,-3.7093,8.4576,-20.119,49.773,353.31,289.31,9.6894,0.73646
34.812,3.1362,-23.656,-13.401,29.737,-14.719,-19.364,80.972,405.28,350.68,48.336,36.747
