7.4623,10.634,-5.7618,-7.0572,5.979,7.4026,-12.111,15.419,17.766,11.135,37.453,22.34
10.3,16.364,-2.659,-11.635,6.6368,11.385,-11.943,11.076,15.088,12.057,33.283,20.598
11.584,21.189,1.0914,-14.98,6.104,15.293,-12.162,6.3882,12.313,12.22,29.095,18.529
10.583,23.856,4.968,-16.086,4.1925,18.251,-12.737,1.53,9.6551,11.49,25.263,16.362
7.6333,23.208,7.4784,-14.504,1.7698,18.895,-13.202,-2.7809,7.6209,10.462,22.389,14.76
3.7997,18.789,7.1017,-10.502,0.12549,16.186,-12.999,-5.6056,6.741,10.029,20.992,14.365
0.31509,11.205,3.2112,-5.0023,0.22642,10.101,-11.861,-6.2449,7.2807,10.794,21.253,15.414
-1.8549,1.9891,-3.6266,0.70387,2.3331,1.724,-9.9849,-4.5909,9.105,12.706,22.998,17.677
-2.2336,-6.9036,-11.933,5.3442,6.0054,-7.1672,-7.8834,-1.2309,11.739,15.107,25.82,20.628
-0.87251,-13.697,-19.879,8.0294,10.355,-14.723,-6.0878,2.7416,14.565,17.138,29.2,23.634
1.7613,-17.272,-25.88,8.4548,14.404,-19.576,-4.8986,6.1231,17.025,18.184,32.543,26.072
1.8241,-5.3482,-11.925,2.1423,6.5979,-7.4252,-3.558,-0.2606,6.9069,5.3745,26.643,11.378
2.0031,-5.6006,-12.675,2.1912,6.9152,-7.8593,-3.2646,-0.44969,6.6404,4.9746,25.623,10.626
2.1252,-5.6977,-12.944,2.2237,7.09,-7.863,-2.988,-0.57389,6.4116,4.5501,24.332,9.9773
2.1577,-5.7505,-12.893,2.2875,7.1153,-7.6327,-2.7006,-0.62016,6.219,4.1357,22.824,9.4335
2.0913,-5.8393,-12.689,2.4043,7.0032,-7.3664,-2.394,-0.58382,6.0435,3.7373,21.112,8.9619
1.9326,-5.9813,-12.417,2.5621,6.7761,-7.1752,-2.0845,-0.47784,5.8516,3.328,19.174,8.4958
1.6985,-6.1318,-12.042,2.7269,6.4606,-7.0452,-1.8045,-0.33284,5.6062,2.8643,17.028,7.9502
1.417,-6.2224,-11.464,2.8632,6.0889,-6.885,-1.5859,-0.189,5.2806,2.3146,14.773,7.2516
1.1287,-6.2082,-10.65,2.9491,5.7119,-6.6265,-1.4433,-0.083442,4.8686,1.6826,12.535,6.3688
0.87908,-6.0923,-9.7132,2.9816,5.4018,-6.2906,-1.3659,-0.03708,4.387,1.0088,10.369,5.3333
0.70032,-5.9181,-8.8678,2.9746,5.2189,-5.9657,-1.32,-0.046016,3.8701,0.35146,8.2534,4.2354
0.59302,-5.7419,-8.2929,2.9531,5.173,-5.7348,-1.2614,-0.082098,3.3603,-0.24013,6.181,3.1887
0.52537,-5.6063,-8.0142,2.9464,5.2176,-5.6201,-1.1506,-0.10338,2.8965,-0.74365,4.2501,2.2761
0.44827,-5.5242,-7.8971,2.9778,5.2727,-5.5753,-0.96727,-0.06985,2.5042,-1.1682,2.6189,1.5178
0.31398,-5.4759,-7.73,3.0542,5.2525,-5.5101,-0.71763,0.04228,2.19,-1.5458,1.3501,0.87904
0.090766,-5.4185,-7.3216,3.1624,5.0866,-5.3286,-0.43251,0.23294,1.9418,-1.9152,0.36521,0.30241
-0.22926,-5.3082,-6.5737,3.2759,4.7379,-4.9703,-0.15484,0.48025,1.7372,-2.3034,-0.45762,-0.2639
-0.63083,-5.1244,-5.5177,3.3701,4.2144,-4.44,0.079241,0.75233,1.5569,-2.7129,-1.1987,-0.84905
-1.0812,-4.883,-4.3005,3.4342,3.5691,-3.8086,0.25776,1.0238,1.3969,-3.1216,-1.8818,-1.4548
-1.536,-4.6276,-3.1245,3.4723,2.8863,-3.1829,0.39957,1.2889,1.2715,-3.4936,-2.4948,-2.0624
-1.9462,-4.405,-2.1712,3.4942,2.2581,-2.663,0.54673,1.5645,1.2064,-3.7963,-3.017,-2.6467
-2.2698,-4.2412,-1.5451,3.5069,1.7588,-2.3069,0.74721,1.883,1.2251,-4.0128,-3.4365,-3.1881
-2.4831,-4.1292,-1.2512,3.5107,1.4245,-2.1104,1.0367,2.2794,1.3389,-4.1478,-3.7567,-3.6783
-2.5865,-4.0329,-1.1957,3.5006,1.2449,-2.004,1.4259,2.7783,1.5421,-4.2249,-3.9963,-4.1238
-2.6018,-3.8997,-1.2023,3.4693,1.1694,-1.8699,1.8963,3.388,1.8133,-4.2767,-4.1877,-4.5485
-2.5632,-3.6758,-1.0636,3.41,1.1258,-1.5788,2.4064,4.1003,2.1239,-4.3292,-4.3676,-4.9897
-2.5035,-3.328,-0.63053,3.3211,1.0515,-1.0457,2.9065,4.8949,2.4488,-4.3876,-4.5585,-5.4801
-2.4397,-2.8716,0.11224,3.2094,0.92756,-0.28248,3.3563,5.746,2.7756,-4.433,-4.7552,-6.0268
-2.3673,-2.3848,1.0338,3.0947,0.79334,0.5872,3.7418,6.6304,3.1101,-4.4305,-4.9256,-6.5999
-2.2708,-1.9944,1.9016,3.0123,0.72631,1.3605,4.083,7.5358,3.4735,-4.3434,-5.0259,-7.1394
-2.1398,-1.8353,2.4546,3.0055,0.79985,1.8169,4.4245,8.4584,3.8882,-4.1491,-5.0184,-7.5792
-1.9758,-2.0015,2.4768,3.105,1.048,1.7847,4.8084,9.3868,4.3568,-3.8516,-4.8897,-7.8788
-1.7873,-2.507,1.8588,3.3069,1.4581,1.1916,5.2443,10.288,4.8505,-3.4833,-4.6603,-8.0433
-1.582,-3.2774,0.6366,3.5681,1.986,0.087247,5.6979,11.113,5.3157,-3.0953,-4.3802,-8.118
-1.3665,-4.1765,-1.0114,3.8234,2.5702,-1.3694,6.1061,11.821,5.6995,-2.7391,-4.1107,-8.164
-1.1508,-5.058,-2.8213,4.0157,3.1431,-2.9583,6.4129,12.407,5.9788,-2.4479,-3.9031,-8.2293
-0.94815,-5.8105,-4.5254,4.1201,3.6472,-4.4592,6.6038,12.91,6.1761,-2.2252,-3.7811,-8.3234
-0.76941,-6.3778,-5.9138,4.1484,4.0512,-5.6951,6.7168,13.402,6.3542,-2.0469,-3.7352,-8.4047
-0.61625,-6.7521,-6.8623,4.1344,4.3587,-6.5519,6.8248,13.96,6.5895,-1.8742,-3.7312,-8.3934
-0.47882,-6.9553,-7.3379,4.1121,4.5953,-6.9888,7,14.626,6.9366,-1.6723,-3.7304,-8.2131
-0.34109,-7.0151,-7.3624,4.0948,4.7758,-7.0308,7.2793,15.379,7.4005,-1.4284,-3.7107,-7.8396
-0.19065,-6.9413,-6.9587,4.0661,4.8802,-6.7379,7.6448,16.132,7.9304,-1.1595,-3.6743,-7.3187
-0.026809,-6.718,-6.1507,3.9884,4.8706,-6.1734,8.0287,16.756,8.4379,-0.90542,-3.641,-6.7366
0.13837,-6.3238,-4.9999,3.829,4.7279,-5.3912,8.3406,17.145,8.8347,-0.70845,-3.6302,-6.1731
0.28661,-5.7703,-3.6271,3.5843,4.4711,-4.4513,8.5081,17.264,9.0697,-0.58974,-3.6443,-5.6753
0.40375,-5.1255,-2.2181,3.2854,4.1529,-3.4521,8.5093,17.152,9.145,-0.5393,-3.665,-5.2557
0.48904,-4.504,-1.0123,2.9838,3.8466,-2.549,8.3746,16.883,9.1017,-0.52327,-3.6618,-4.8972
0.55794,-4.0303,-0.2469,2.7308,3.6269,-1.9226,8.1602,16.525,8.9932,-0.50102,-3.6069,-4.5656
0.6354,-3.7934,-0.073264,2.5584,3.5478,-1.7067,7.9183,16.12,8.8617,-0.44192,-3.4859,-4.2299
0.74245,-3.8088,-0.49684,2.4683,3.6232,-1.9234,7.6762,15.677,8.7256,-0.33673,-3.3047,-3.882
0.88479,-4.0087,-1.3695,2.4322,3.8192,-2.4668,7.4294,15.175,8.5763,-0.20155,-3.0898,-3.5468
1.0493,-4.2702,-2.4334,2.405,4.0639,-3.1425,7.15,14.583,8.3857,-0.071493,-2.8822,-3.2721
1.2096,-4.4654,-3.3999,2.3468,4.2724,-3.7381,6.8093,13.88,8.1208,0.014368,-2.722,-3.1066
1.3365,-4.5088,-4.0348,2.2398,4.376,-4.0944,6.3995,13.073,7.7605,0.030113,-2.6341,-3.0769
1.4093,-4.3788,-4.2166,2.095,4.3427,-4.1404,5.9414,12.198,7.3063,-0.025283,-2.6184,-3.1775
1.4209,-4.1143,-3.9557,1.9449,4.187,-3.8925,5.4739,11.306,6.7852,-0.12587,-2.6509,-3.3722
1.377,-3.7925,-3.3757,1.8291,3.9617,-3.4368,5.0311,10.444,6.2386,-0.22845,-2.6915,-3.6071
1.2912,-3.4906,-2.6446,1.7734,3.7281,-2.8888,4.6205,9.6323,5.7023,-0.29243,-2.7003,-3.8312
1.1786,-3.2387,-1.8685,1.7724,3.5139,-2.3221,4.2151,8.854,5.1842,-0.3006,-2.6564,-4.0154
1.0486,-3.0011,-1.0463,1.7885,3.2954,-1.7319,3.7692,8.0579,4.6582,-0.26843,-2.5691,-4.1588
0.90254,-2.71,-0.13238,1.7718,3.0239,-1.0735,3.2518,7.1839,4.0781,-0.23521,-2.4718,-4.2778
0.73602,-2.3323,0.87769,1.6944,2.6661,-0.33839,2.6725,6.1975,3.4057,-0.24191,-2.4025,-4.3887
0.54593,-1.9165,1.9093,1.5757,2.2283,0.39405,2.0807,5.113,2.635,-0.31101,-2.3844,-4.4954
0.33581,-1.5752,2.8267,1.4727,1.7574,0.97889,1.5404,3.9851,1.7948,-0.44103,-2.4219,-4.5873
0.11617,-1.4202,3.4879,1.4442,1.3205,1.2799,1.0983,2.8771,0.93138,-0.61456,-2.5085,-4.6449
-0.098581,-1.5031,3.8025,1.5162,0.97309,1.2283,0.765,1.8315,0.086039,-0.80929,-2.6362,-4.6506
-0.29316,-1.7913,3.782,1.6706,0.73145,0.85523,0.51626,0.86124,-0.71665,-1.0061,-2.7994,-4.5984
-0.4531,-2.1801,3.5575,1.8551,0.56528,0.29529,0.3082,-0.043642,-1.4699,-1.1954,-2.9939,-4.5006
-0.56604,-2.5286,3.3431,2.0034,0.41098,-0.25098,0.094796,-0.90669,-2.1814,-1.3833,-3.2169,-4.3879
-0.62416,-2.706,3.3576,2.0577,0.19764,-0.58198,-0.15847,-1.7569,-2.8692,-1.5916,-3.4691,-4.3011
-0.6266,-2.6308,3.7445,1.9868,-0.12404,-0.55796,-0.46583,-2.6197,-3.5552,-1.8514,-3.7569,-4.2774
-0.57911,-2.292,4.5265,1.7929,-0.55936,-0.13866,-0.81881,-3.5081,-4.2577,-2.1886,-4.0883,-4.3368
-0.49144,-1.7462,5.6106,1.5084,-1.065,0.61078,-1.1918,-4.4176,-4.9874,-2.612,-4.4657,-4.4764
-0.3761,-1.096,6.8313,1.1835,-1.5664,1.5433,-1.5533,-5.3297,-5.7473,-3.1099,-4.8819,-4.6752
-0.24979,-0.45698,8.0083,0.87233,-1.9892,2.478,-1.8794,-6.2218,-6.5368,-3.6577,-5.3268,-4.905
-0.13342,0.075744,9.0081,0.61762,-2.289,3.2632,-2.1654,-7.0787,-7.3561,-4.2291,-5.796,-5.1433
-0.047097,0.45302,9.7922,0.44002,-2.47,3.8307,-2.4298,-7.9024,-8.2116,-4.8065,-6.2916,-5.3819
-0.002392,0.68025,10.419,0.33582,-2.5815,4.2132,-2.7058,-8.713,-9.1152,-5.3821,-6.8159,-5.6269
0.0023475,0.8056,10.998,0.28349,-2.6913,4.5142,-3.0224,-9.5402,-10.076,-5.9514,-7.3641,-5.8882
-0.017728,0.89737,11.626,0.25087,-2.8511,4.8523,-3.3865,-10.407,-11.085,-6.5032,-7.9186,-6.1663
-0.036851,1.0239,12.333,0.20142,-3.0741,5.3068,-3.7773,-11.318,-12.113,-7.0177,-8.4486,-6.4456
-0.026998,1.2294,13.054,0.10783,-3.3371,5.8736,-4.1548,-12.254,-13.116,-7.4812,-8.9195,-6.6976
0.027116,1.5034,13.677,-0.030388,-3.6072,6.4573,-4.4774,-13.184,-14.063,-7.9016,-9.3114,-6.8926
0.11459,1.7759,14.122,-0.18344,-3.8766,6.9285,-4.7231,-14.083,-14.957,-8.3099,-9.6349,-7.0132
0.19735,1.9558,14.372,-0.30571,-4.1737,7.2105,-4.9033,-14.941,-15.836,-8.7507,-9.9328,-7.0617
0.22315,1.9775,14.423,-0.35247,-4.5374,7.3179,-5.0578,-15.766,-16.762,-9.2719,-10.264,-7.059
0.14564,1.8178,14.258,-0.28989,-4.9753,7.3094,-5.2359,-16.567,-17.788,-9.9174,-10.676,-7.0336
-0.058756,1.489,13.893,-0.10245,-5.4509,7.2011,-5.4711,-17.345,-18.939,-10.708,-11.183,-7.0078
-0.38535,1.0253,13.471,0.20041,-5.9164,6.9479,-5.7634,-18.082,-20.184,-11.6,-11.747,-6.9864
-0.8082,0.48376,13.247,0.58168,-6.3501,6.546,-6.0729,-18.746,-21.436,-12.46,-12.285,-6.9539
-1.2927,-0.035661,13.469,0.98055,-6.7632,6.1195,-6.3304,-19.299,-22.57,-13.104,-12.693,-6.8844
-1.8064,-0.38299,14.249,1.3256,-7.1869,5.8885,-6.4656,-19.716,-23.479,-13.413,-12.906,-6.7599
-2.3242,-0.41325,15.547,1.5587,-7.663,6.0765,-6.4411,-19.992,-24.116,-13.4,-12.93,-6.5869
-2.8291,-0.081439,17.228,1.6565,-8.233,6.7747,-6.2692,-20.143,-24.505,-13.174,-12.832,-6.3957
-3.3069,0.51871,19.092,1.6342,-8.9109,7.8616,-6.0008,-20.197,-24.708,-12.863,-12.699,-6.2226
-3.7415,1.2034,20.922,1.5341,-9.6596,9.0906,-5.6922,-20.172,-24.784,-12.546,-12.593,-6.0888
-4.1141,1.7787,22.54,1.4107,-10.395,10.236,-5.3757,-20.075,-24.755,-12.241,-12.533,-5.9896
-4.4083,2.1076,23.812,1.3172,-11.024,11.183,-5.0463,-19.911,-24.612,-11.918,-12.487,-5.8979
-4.6188,2.1601,24.664,1.2885,-11.487,11.946,-4.6681,-19.681,-24.329,-11.532,-12.387,-5.7763
-4.7529,2.0461,25.071,1.3238,-11.785,12.548,-4.1894,-19.395,-23.881,-11.048,-12.154,-5.593
-4.8248,2.0039,24.978,1.377,-11.973,12.893,-3.5593,-19.056,-23.266,-10.455,-11.738,-5.333
-4.8468,2.3198,24.367,1.366,-12.145,12.97,-2.7376,-18.662,-22.501,-9.7708,-11.141,-5.0023
-4.8254,3.2218,23.728,1.208,-12.403,13.129,-1.6922,-18.2,-21.623,-9.0363,-10.419,-4.6224
-4.7583,4.8253,24.207,0.85115,-12.829,13.92,-0.38809,-17.657,-20.673,-8.3045,-9.6579,-4.2188
-4.632,7.1744,26.759,0.26369,-13.468,15.764,1.2219,-17.021,-19.682,-7.6177,-8.9356,-3.8062
-4.4245,10.322,31.378,-0.59188,-14.329,18.776,3.1882,-16.284,-18.661,-6.9911,-8.2876,-3.3809
-4.1161,14.322,37.191,-1.7612,-15.398,22.789,5.5515,-15.439,-17.603,-6.4091,-7.6988,-2.9185
-3.7047,19.105,42.981,-3.3018,-16.654,27.526,8.3246,-14.491,-16.498,-5.8337,-7.1194,-2.38
-3.2182,24.328,47.792,-5.2927,-18.062,32.663,11.446,-13.454,-15.355,-5.2184,-6.4912,-1.7195
-2.7119,29.434,51.27,-7.7749,-19.566,37.77,14.785,-12.368,-14.194,-4.524,-5.7719,-0.89011
-2.2503,33.94,53.497,-10.588,-21.1,42.287,18.255,-11.279,-13.041,-3.7269,-4.9409,0.15547
-1.8796,37.684,54.87,-13.368,-22.615,45.7,21.862,-10.232,-11.922,-2.8121,-3.9881,1.4645
-1.6084,40.872,56.081,-15.876,-24.117,47.983,25.659,-9.2564,-10.851,-1.7623,-2.896,3.0653
-1.4055,43.989,57.968,-18.191,-25.639,49.651,29.67,-8.359,-9.8364,-0.55811,-1.6347,4.9258
-1.2179,47.546,61.14,-20.564,-27.175,51.468,33.884,-7.5359,-8.8818,0.79973,-0.1824,6.9332
-1.0006,51.831,65.366,-23.218,-28.653,54.235,38.302,-6.7811,-7.987,2.2655,1.4312,8.946
-0.73871,56.852,69.823,-26.224,-29.997,58.461,42.933,-6.0925,-7.15,3.7627,3.1187,10.887
-0.44941,62.354,74.118,-29.473,-31.239,63.896,47.683,-5.469,-6.3628,5.2436,4.8058,12.797
-0.16779,67.882,78.814,-32.732,-32.576,69.793,52.25,-4.9052,-5.6081,6.7406,6.5144,14.828
0.071887,73.018,84.345,-35.748,-34.201,75.327,56.221,-4.3942,-4.8654,8.3624,8.3751,17.16
0.24983,77.55,89.325,-38.348,-36.063,79.856,59.297,-3.939,-4.1265,10.23,10.554,19.846
0.36636,81.469,92.945,-40.485,-38.013,83.384,61.37,-3.5659,-3.4137,12.366,13.105,22.7
0.43898,84.975,95.634,-42.252,-40.108,86.427,62.404,-3.3233,-2.7836,14.614,15.834,25.42
0.49276,88.439,98.626,-43.857,-42.605,89.707,62.271,-3.2606,-2.309,16.685,18.369,27.82
0.5493,92.294,103.75,-45.561,-45.73,94.095,60.753,-3.3996,-2.0452,18.345,20.427,29.871
0.6203,96.8,112.32,-47.592,-49.514,100.24,57.818,-3.7209,-2.0048,19.53,21.957,31.613
0.70914,101.82,124.21,-50.072,-53.757,108.06,53.75,-4.1757,-2.1596,20.305,23.069,33.132
0.81788,106.84,137.38,-52.954,-57.977,116.66,48.859,-4.712,-2.4648,20.752,23.927,34.557
0.9512,111.07,148.06,-55.949,-61.374,124.27,43.209,-5.2937,-2.8819,20.902,24.642,36.036
1.1118,113.74,152.89,-58.564,-63.071,128.72,36.684,-5.9015,-3.3875,20.732,25.193,37.676
1.2937,114.43,150.55,-60.349,-62.508,128.71,29.214,-6.5214,-3.9678,20.209,25.443,39.473
1.4801,113.15,141.78,-61.071,-59.664,124.54,20.974,-7.1353,-4.6116,19.308,25.244,41.281
1.6446,110.13,129.26,-60.628,-55.161,117.68,12.532,-7.7223,-5.3093,18.017,24.506,42.853
1.7524,105.71,116.97,-58.862,-50.232,109.89,4.9795,-8.2681,-6.0564,16.336,23.178,43.903
1.7662,100.43,108.03,-55.544,-46.183,102.49,-0.13163,-8.7713,-6.8546,14.324,21.229,44.162
1.661,94.958,103.29,-50.814,-43.629,96.028,-1.6723,-9.2432,-7.7113,12.138,18.728,43.385
1.4391,89.547,101.57,-45.7,-42.244,90.501,-0.79855,-9.7034,-8.6384,10.009,15.936,41.425
1.1351,83.841,100.63,-41.182,-41.087,85.578,-0.1255,-10.179,-9.6552,8.1297,13.249,38.36
0.80168,77.351,98.212,-37.17,-39.191,80.357,-0.35911,-10.706,-10.799,6.5553,10.952,34.542
0.48377,69.982,92.497,-33.209,-36.24,73.795,-0.95391,-11.333,-12.132,5.186,9.0496,30.443
0.1985,62.1,82.692,-29.118,-32.857,65.881,-1.574,-12.106,-13.741,3.8094,7.3192,26.384
-0.07008,54.332,72.33,-24.952,-29.696,57.591,-2.1603,-13.053,-15.711,2.1837,5.4722,22.431
-0.36244,47.084,63.956,-20.833,-26.73,49.613,-2.7465,-14.165,-18.087,0.14285,3.31,18.536
-0.72946,40.334,56.53,-16.871,-23.885,42.367,-3.3685,-15.392,-20.839,-2.3505,0.83446,14.647
-1.2184,33.98,49.66,-13.094,-21.356,36.043,-4.0337,-16.665,-23.855,-5.2378,-1.7542,10.673
-1.8595,28.034,43.751,-9.4838,-19.335,30.62,-4.736,-17.925,-26.976,-8.4188,-4.2248,6.5863
-2.6544,22.529,39.239,-6.1364,-17.858,26.15,-5.4916,-19.155,-30.069,-11.785,-6.4941,2.6966
-3.5711,17.46,36.39,-3.2896,-16.85,22.819,-6.3492,-20.377,-33.076,-15.232,-8.619,-0.47976
-4.5551,12.799,35.241,-1.0957,-16.187,20.826,-7.3676,-21.637,-35.982,-18.648,-10.677,-2.8178
-5.5471,8.6038,35.418,0.53175,-15.743,19.912,-8.5823,-22.977,-38.751,-21.91,-12.688,-4.5754
-6.4971,5.1901,35.911,1.8061,-15.428,18.94,-9.9802,-24.418,-41.305,-24.884,-14.6,-6.0133
-7.369,2.7944,35.059,2.9184,-15.178,16.621,-11.49,-25.958,-43.558,-27.438,-16.317,-7.2713
-8.1445,1.1494,32.482,3.9831,-14.928,13.185,-12.998,-27.564,-45.455,-29.472,-17.742,-8.4006
-8.8222,-0.23217,29.741,5.0505,-14.625,9.9055,-14.386,-29.165,-46.984,-30.958,-18.822,-9.404
-9.4098,-1.7143,27.269,6.1407,-14.236,7.0504,-15.585,-30.662,-48.174,-31.973,-19.566,-10.262
-9.9165,-3.4551,24.693,7.2559,-13.758,4.2354,-16.597,-31.951,-49.074,-32.671,-20.03,-10.956
-10.349,-5.4258,21.862,8.3698,-13.215,1.2757,-17.485,-32.964,-49.748,-33.21,-20.277,-11.484
-10.709,-7.462,18.948,9.4241,-12.652,-1.694,-18.322,-33.688,-50.251,-33.677,-20.352,-11.866
-10.988,-9.3444,16.312,10.347,-12.114,-4.367,-19.147,-34.168,-50.624,-34.093,-20.279,-12.132
-11.178,-10.884,14.285,11.083,-11.628,-6.4302,-19.953,-34.481,-50.886,-34.446,-20.077,-12.309
-11.282,-11.986,12.988,11.61,-11.204,-7.6822,-20.715,-34.726,-51.054,-34.719,-19.772,-12.412
-11.319,-12.669,12.346,11.946,-10.841,-8.0995,-21.399,-35.011,-51.143,-34.899,-19.401,-12.45
-11.322,-13.053,12.157,12.135,-10.537,-7.8435,-21.983,-35.442,-51.183,-34.991,-19.011,-12.43
-11.323,-13.303,12.175,12.223,-10.291,-7.2023,-22.453,-36.095,-51.203,-35.021,-18.656,-12.362
-11.328,-13.537,12.235,12.236,-10.111,-6.4833,-22.815,-36.957,-51.225,-35.025,-18.369,-12.25
-11.319,-13.754,12.325,12.173,-10.008,-5.8973,-23.088,-37.828,-51.24,-35.033,-18.124,-12.074
-11.257,-13.84,12.538,12.022,-9.9814,-5.4952,-23.285,-38.24,-51.184,-35.038,-17.79,-11.784
-11.098,-13.654,12.936,11.772,-10.003,-5.2025,-23.385,-37.44,-50.921,-34.982,-17.147,-11.308
-10.793,-13.118,13.477,11.403,-10.021,-4.9241,-23.356,-34.72,-50.18,-34.721,-15.991,-10.594
-10.288,-12.257,14.054,10.87,-9.9761,-4.6252,-23.37,-32.288,-48.733,-34.016,-14.464,-9.6556
-9.598,-11.201,14.565,10.127,-9.7983,-4.3219,-25.132,-48.027,-49.205,-33.814,-13.978,-8.646
-9.4572,-10.115,14.94,9.2231,-9.3707,-4.0277,-31.37,-56.417,-50.556,-34.867,-21.154,-8.2607
-13.574,-9.0681,15.112,8.5447,-8.5842,-3.7231,-32.853,-60.625,-52.982,-36.999,-26.955,-11.72
-18.494,-7.9928,15.024,9.9021,-8.6705,-3.3512,-32.254,-65.457,-56.528,-40.14,-28.546,-18.181
-20.716,-6.7777,15.043,17.373,-14.534,-2.8294,-31.062,-68.671,-59.781,-43.011,-29.775,-19.098
-21.708,-5.8134,16.952,20.77,-17.641,-2.0777,-29.076,-67.096,-60.456,-43.745,-29.308,-17.388
-20.518,-9.4917,21.965,17.587,-18.642,-1.0023,-24.937,-57.18,-55.606,-40.425,-25.425,-13.389
-16.141,-5.7072,26.215,10.199,-18.3,0.93282,-17.256,-34.311,-41.468,-31.092,-16.387,-6.225
-8.2578,7.2101,26.546,-0.079622,-16.334,8.9082,-5.2653,7.192,-13.317,-13.324,-1.0705,4.2792
2.8552,19.402,22.568,-11.553,-12.052,16.841,12.529,71.06,32.782,15.456,20.665,17.111
17.034,28.65,15.066,-23.052,-4.3668,17.802,36.702,156.07,97.525,56.374,48.646,31.19
34.702,34.827,5.5087,-34.425,8.8392,14.693,65.393,255.82,178,108.9,83.327,46.601
56.244,40.041,-4.6336,-46.673,29.259,9.0181,93.814,359.37,268.63,171.7,126.05,65.494
83.565,48.331,-13.702,-62.698,53.154,4.047,114.55,453.26,362.56,243.54,178.84,92.15
119.25,65.344,-21.214,-88.332,79.475,3.787,118.67,523.62,453.02,323.78,245.1,131.75
166.02,97.664,-32.42,-128.23,109.76,12.698,96.871,558.15,534.22,412.33,328.44,188.66
225.21,150.25,-54.792,-184.14,143.51,35.089,42.89,548.03,601.8,508.8,430.29,265.43
296.07,223.15,-57.439,-256.22,179.13,72.645,-44.096,489.91,652.89,612.03,550.19,362.04
375.5,312.23,-47.669,-341.13,214.68,123.02,-160.01,387.41,686.49,719.93,685.23,475.38
458.31,410,-32.261,-432.16,248.56,180.52,-296.43,250.98,703.87,829.14,829.41,599.39
537.55,505.59,-14.187,-520.21,279.54,237.38,-442,95.923,707.67,934.16,973.11,724.93
605.16,586.42,1.9518,-594.87,306.1,284.95,-584.57,-60.909,699.9,1026.1,1102.8,839.83
652.76,639.41,8.9768,-645.48,326.39,314.48,-713.13,-204.52,680.17,1092.5,1201.6,929.41
672.89,652.54,3.0603,-662.47,338.94,318.15,-819.12,-324.33,645.27,1118.3,1251.6,978.34
660.51,617.74,-17.949,-639.4,342.86,290.8,-896.52,-415.12,590.32,1089.4,1237.5,974.07
614.43,534.59,-53.281,-575.41,337.24,232.5,-941.64,-476.76,511.08,997.99,1151.6,910.95
538.07,412.62,-97.223,-476.74,320.85,150.46,-953.25,-513.16,406.74,846.5,997.96,793.21
439.3,270.45,-139.77,-356.29,292.53,58.265,-932.84,-529.64,281.59,649.38,793.26,635.08
329.23,131.22,-169.47,-231.04,252.13,-26.932,-884.72,-531.05,145.02,430.39,563.57,457.92
220.14,15.634,-177.27,-118,201.39,-89.402,-815.47,-521.74,9.7576,216.81,338.23,285.08
123.26,-62.902,-159.54,-30.201,144.1,-120.21,-732.63,-504.54,-110.78,32.819,142.92,136.33
46.812,-99.909,-119.42,25.99,85.817,-118.6,-643.34,-480.29,-204.85,-105.34,-5.4779,24.102
-5.1635,-100.54,-66.274,51.417,33.144,-91.937,-553.32,-448.3,-264.25,-191.1,-100.68,-47.697
-33.236,-77.883,-13.401,52.764,-7.2202,-53.672,-466.47,-407.17,-285.68,-226.57,-145.64,-82.355
-41.278,-48.242,25.641,41.161,-30.401,-18.945,-385.01,-356.23,-271.47,-220.31,-149.61,-87.574
-34.721,-25.672,42.283,27.273,-35.537,0.41701,-309.99,-296.5,-229.15,-184.8,-125.07,-72.844
-20.57,-17.582,35.066,16.812,-25.055,-0.31123,-242.19,-231.15,-170.01,-134.07,-85.628,-47.764
-5.1836,-23.167,10.13,11.66,-5.1998,-17.768,-182.84,-165.62,-106.74,-81.349,-44.057,-20.786
5.595,-35.317,-21.09,10.89,13.869,-42.924,-133.85,-105.77,-50.073,-37.401,-9.4644,1.7138
9.97,-36.859,-46.548,12.124,25.9,-64.028,-97.44,-54.203,-5.6553,-7.9569,13.293,15.889
10.865,-38.457,-58.686,14.052,30.443,-70.978,-74.256,-17.714,14.358,6.5739,23.215,20.741
6.1421,-39.137,-58.086,14.27,24.451,-69.504,-61.728,1.6582,18.32,9.5102,22.182,16.44
2.5057,-36.057,-36.285,13.946,11.478,-53.923,-53.153,10.157,16.517,5.2519,14.057,7.8138
2.4431,-32.629,-19.937,13.162,9.5767,-40.616,-45.717,13.019,13.569,-1.5127,3.9641,-0.37046
2.009,-29.894,-13.734,12.144,8.2797,-35.098,-39.549,13.179,11.301,-6.4957,-4.5483,-8.1614
1.8291,-27.765,-8.6994,11.142,6.9567,-30.806,-34.214,12.39,9.5726,-9.5328,-10.46,-12.758
1.9769,-26.225,-5.9009,10.334,5.9819,-27.195,-29.477,11.989,7.7347,-11.77,-11.642,-12.697
2.1466,-25.126,-5.0873,9.7602,5.3993,-24.907,-25.259,10.638,0.85903,-9.399,-8.5901,-13.184
2.2478,-24.408,-4.8282,9.3611,5.2264,-23.885,-21.433,14.315,1.9199,-7.9317,-8.7705,-14.871
2.2769,-23.995,-4.307,9.0589,5.1998,-23.728,-18.097,18.712,3.1819,-7.759,-9.3596,-16.476
2.2449,-23.555,-3.8011,8.8045,5.0914,-24.008,-15.8,22.113,3.7257,-7.7932,-9.6939,-17.404
2.1673,-22.8,-3.4928,8.5909,5.0339,-24.172,-13.925,24.867,3.9315,-7.8185,-9.7141,-17.79
2.0589,-21.853,-3.4564,8.4479,5.0502,-24.013,-11.893,27.385,4.1469,-7.7394,-9.5827,-18.025
1.9297,-21.09,-3.6082,8.4205,5.0763,-23.741,-9.8453,29.944,4.5984,-7.5319,-9.3817,-18.26
1.7808,-20.786,-3.7147,8.5421,5.0823,-23.643,-7.8575,32.681,5.3761,-7.2182,-9.0979,-18.409
1.6039,-21.007,-3.6525,8.8194,5.0622,-23.853,-5.9782,35.623,6.4535,-6.8434,-8.7177,-18.363
1.3878,-21.652,-3.399,9.2275,5.0039,-24.233,-4.2742,38.718,7.7316,-6.4469,-8.261,-18.083
1.1303,-22.53,-3.0023,9.7154,4.8967,-24.544,-2.7724,41.863,9.0934,-6.0459,-7.7649,-17.575
0.84685,-23.449,-2.5769,10.223,4.7512,-24.69,-1.4344,44.939,10.448,-5.6373,-7.2663,-16.851
0.56992,-24.296,-2.282,10.699,4.6044,-24.792,-0.20508,47.834,11.755,-5.2064,-6.7866,-15.945
0.34032,-25.054,-2.2882,11.115,4.5107,-25.065,0.94659,50.471,13.021,-4.7369,-6.3206,-14.921
0.19351,-25.757,-2.7364,11.457,4.5239,-25.693,2.0292,52.819,14.279,-4.2192,-5.8442,-13.854
0.14911,-26.423,-3.6769,11.716,4.6759,-26.745,3.0491,54.892,15.569,-3.654,-5.3348,-12.803
0.20846,-27.027,-5.0243,11.884,4.9616,-28.126,4.0234,56.751,16.923,-3.0532,-4.7895,-11.804
0.35908,-27.503,-6.5656,11.945,5.3389,-29.599,4.9813,58.493,18.358,-2.4355,-4.2284,-10.875
0.58187,-27.768,-8.0132,11.882,5.7387,-30.855,5.9558,60.225,19.875,-1.8188,-3.6848,-10.017
0.85813,-27.744,-9.079,11.678,6.0832,-31.61,6.9707,62.038,21.458,-1.2132,-3.1901,-9.2299
1.1758,-27.368,-9.5473,11.317,6.3058,-31.686,8.0241,63.976,23.083,-0.62001,-2.7641,-8.5119
1.5328,-26.6,-9.3254,10.784,6.3686,-31.031,9.0803,66.033,24.739,-0.033271,-2.4111,-7.868
1.9351,-25.451,-8.4577,10.079,6.2713,-29.72,10.077,68.173,26.459,0.56019,-2.1181,-7.3027
2.3898,-24.012,-7.105,9.2275,6.049,-27.954,10.953,70.363,28.338,1.1884,-1.8524,-6.8188
2.9009,-22.448,-5.494,8.2874,5.7613,-26.031,11.687,72.598,30.519,1.904,-1.5661,-6.4186
3.4699,-20.938,-3.8518,7.3318,5.4774,-24.247,12.312,74.902,33.109,2.786,-1.213,-6.0991
4.0964,-19.592,-2.3593,6.4219,5.2611,-22.784,12.901,77.308,36.067,3.9285,-0.76612,-5.8471
4.778,-18.408,-1.1363,5.5827,5.1537,-21.67,13.515,79.841,39.161,5.4117,-0.22519,-5.6426
5.5154,-17.266,-0.2445,4.7959,5.1619,-20.808,14.17,82.502,42.085,7.2422,0.39219,-5.4655
6.3229,-16.001,0.29182,4.022,5.2635,-20.026,14.829,85.286,44.645,9.2928,1.0662,-5.3002
7.2288,-14.52,0.44669,3.2397,5.4325,-19.139,15.435,88.193,46.818,11.352,1.7827,-5.1333
8.2536,-12.924,0.19637,2.469,5.6602,-18.062,15.942,91.236,48.704,13.278,2.5332,-4.951
9.3783,-11.463,-0.43374,1.757,5.949,-16.903,16.343,94.432,50.47,15.079,3.3214,-4.7402
10.532,-10.342,-1.3459,1.1423,6.2924,-15.918,16.668,97.788,52.299,16.848,4.176,-4.4916
11.631,-9.6068,-2.3874,0.636,6.6655,-15.296,16.962,101.29,54.339,18.679,5.1504,-4.2023
12.638,-9.1612,-3.3779,0.22012,7.0296,-15.023,17.279,104.91,56.672,20.606,6.3099,-3.8733
13.6,-8.8451,-4.1345,-0.15219,7.3425,-14.913,17.658,108.61,59.3,22.583,7.7136,-3.5088
14.619,-8.491,-4.4967,-0.55193,7.5666,-14.723,18.109,112.36,62.161,24.508,9.3915,-3.1164
15.783,-7.9631,-4.3574,-1.0586,7.6751,-14.242,18.608,116.14,65.149,26.293,11.32,-2.709
17.114,-7.1888,-3.7013,-1.7414,7.6582,-13.353,19.098,119.95,68.155,27.925,13.418,-2.3032
18.557,-6.1811,-2.6273,-2.6464,7.5308,-12.085,19.525,123.8,71.122,29.465,15.578,-1.9126
20.019,-5.0376,-1.3339,-3.7883,7.3387,-10.608,19.868,127.73,74.081,31.03,17.715,-1.5406
21.435,-3.9046,-0.069167,-5.1366,7.1545,-9.1747,20.155,131.8,77.144,32.753,19.79,-1.1771
22.788,-2.9199,0.93607,-6.6102,7.0615,-8.0109,20.45,136.06,80.433,34.747,21.789,-0.80072
24.096,-2.1604,1.5312,-8.1029,7.1308,-7.2283,20.81,140.51,84.011,37.047,23.713,-0.38481
25.389,-1.619,1.6896,-9.5371,7.4017,-6.7891,21.256,145.12,87.835,39.583,25.583,0.096334
26.693,-1.2193,1.5149,-10.908,7.8774,-6.5377,21.76,149.79,91.779,42.225,27.44,0.66479
28.031,-0.85653,1.1892,-12.288,8.5172,-6.2889,22.264,154.46,95.708,44.852,29.32,1.3394
29.417,-0.4427,0.87753,-13.795,9.2496,-5.9306,22.718,159.08,99.553,47.409,31.23,2.1366
30.863,0.066167,0.65527,-15.536,9.9972,-5.4723,23.098,163.68,103.34,49.915,33.155,3.0692
32.383,0.66649,0.49335,-17.551,10.718,-5.01,23.406,168.34,107.15,52.441,35.094,4.1474
33.998,1.3196,0.29491,-19.765,11.439,-4.6541,23.666,173.16,111.16,55.082,37.082,5.3853
35.732,1.975,-0.049776,-22.007,12.259,-4.4884,23.903,178.2,115.51,57.923,39.181,6.813
37.606,2.5996,-0.60541,-24.125,13.314,-4.5542,24.127,183.47,120.31,61.004,41.424,8.4815
39.625,3.2018,-1.3515,-26.084,14.736,-4.8267,24.331,188.89,125.52,64.289,43.786,10.444
41.761,3.841,-2.179,-27.96,16.582,-5.2018,24.491,194.35,130.91,67.688,46.185,12.712
43.957,4.6241,-2.9244,-29.862,18.773,-5.5192,24.579,199.78,136.16,71.099,48.54,15.209
46.144,5.6814,-3.4277,-31.87,21.103,-5.618,24.571,205.14,141.03,74.475,50.81,17.787
48.282,7.1235,-3.5909,-34.004,23.358,-5.3991,24.459,210.5,145.55,77.823,53.011,20.305
50.397,8.9933,-3.4152,-36.226,25.448,-4.8574,24.249,215.99,149.95,81.181,55.204,22.7
52.581,11.247,-3.0018,-38.468,27.421,-4.0762,23.961,221.74,154.53,84.603,57.48,24.98
54.958,13.793,-2.5215,-40.676,29.393,-3.1934,23.608,227.86,159.56,88.16,59.953,27.18
57.64,16.57,-2.1674,-42.837,31.459,-2.3582,23.185,234.37,165.17,91.926,62.718,29.335
60.679,19.594,-2.105,-44.987,33.641,-1.6895,22.656,241.14,171.37,95.947,65.825,31.486
64.038,22.902,-2.4269,-47.221,35.885,-1.2494,21.969,248,177.99,100.19,69.255,33.692
67.598,26.445,-3.1324,-49.695,38.116,-1.0392,21.081,254.82,184.78,104.56,72.928,36.034
71.213,30.032,-4.1422,-52.574,40.288,-1.0104,19.98,261.56,191.46,108.88,76.742,38.582
74.769,33.458,-5.3341,-55.885,42.405,-1.0832,18.713,268.33,197.83,113.08,80.624,41.345
78.223,36.631,-6.5784,-59.438,44.506,-1.1694,17.377,275.25,203.9,117.19,84.568,44.225
81.609,39.569,-7.7693,-62.969,46.657,-1.1968,16.09,282.51,209.9,121.36,88.624,47.087
84.999,42.315,-8.8486,-66.336,48.927,-1.1152,14.932,290.24,216.18,125.78,92.873,49.912
88.466,44.915,-9.8128,-69.539,51.348,-0.88134,13.91,298.46,223.06,130.62,97.383,52.82
92.05,47.44,-10.689,-72.653,53.876,-0.45307,12.959,307.04,230.68,135.94,102.16,55.915
95.745,50.013,-11.48,-75.791,56.409,0.18783,11.979,315.77,238.97,141.67,107.1,59.155
99.51,52.764,-12.133,-79.065,58.854,1.0097,10.894,324.42,247.65,147.58,112.03,62.403
103.29,55.751,-12.638,-82.513,61.186,1.9272,9.7023,332.9,256.33,153.46,116.82,65.572
107.04,58.9,-13.146,-86.039,63.454,2.8164,8.4712,341.23,264.7,159.13,121.43,68.672
110.73,62.021,-13.941,-89.452,65.744,3.5343,7.297,349.55,272.6,164.57,125.94,71.771
114.37,64.906,-15.277,-92.607,68.129,3.952,6.2525,357.97,280.05,169.89,130.51,74.93
118,67.461,-17.219,-95.519,70.636,4.0216,5.3551,366.56,287.25,175.35,135.35,78.208
121.7,69.776,-19.546,-98.333,73.23,3.8407,4.5626,375.25,294.47,181.21,140.65,81.66
125.54,72.084,-21.819,-101.23,75.837,3.6303,3.7965,383.84,302.01,187.62,146.39,85.261
129.53,74.622,-23.648,-104.36,78.37,3.6217,2.9807,392.08,310,194.39,152.25,88.875
133.6,77.468,-24.893,-107.76,80.776,3.9421,2.0772,399.79,318.34,200.93,157.87,92.362
137.68,80.486,-25.676,-111.35,83.059,4.568,1.0959,406.95,326.65,206.74,163.04,95.685
141.69,83.423,-26.282,-114.99,85.269,5.3423,0.074683,413.65,334.5,211.74,167.81,98.902
145.62,86.042,-27.025,-118.49,87.464,6.0334,-0.95415,420.06,341.59,216.23,172.33,102.1
149.49,88.191,-28.125,-121.73,89.685,6.431,-1.9808,426.23,347.89,220.58,176.84,105.3
153.25,89.847,-29.62,-124.66,91.945,6.45,-3.014,432.17,353.56,225.05,181.48,108.48
156.72,91.165,-31.367,-127.27,94.235,6.1899,-4.0745,437.73,358.78,229.67,186.22,111.54
159.75,92.432,-33.101,-129.66,96.5,5.9111,-5.2022,442.73,363.7,234.24,190.81,114.39
162.4,93.968,-34.521,-131.95,98.613,5.9346,-6.4603,447,368.43,238.44,194.98,116.98
164.92,96.01,-35.407,-134.3,100.44,6.5194,-7.9137,450.51,372.95,241.98,198.62,119.34
167.56,98.606,-35.71,-136.85,101.92,7.7598,-9.5848,453.33,377.22,244.78,201.86,121.57
170.45,101.56,-35.566,-139.62,103.15,9.5323,-11.414,455.58,381.09,246.99,204.91,123.81
173.47,104.49,-35.218,-142.4,104.25,11.541,-13.265,457.36,384.43,248.93,207.95,126.18
176.38,107.08,-34.893,-144.94,105.33,13.483,-14.993,458.77,387.11,250.96,211.03,128.69
178.96,109.18,-34.695,-147.1,106.36,15.206,-16.502,459.82,389.11,253.15,214.04,131.21
181.05,110.85,-34.589,-148.9,107.27,16.732,-17.769,460.5,390.45,255.17,216.74,133.57
182.59,112.29,-34.455,-150.4,107.93,18.17,-18.815,460.76,391.21,256.62,218.88,135.54
183.57,113.66,-34.165,-151.66,108.28,19.612,-19.688,460.49,391.44,257.41,220.37,137.04
184,115.05,-33.629,-152.65,108.31,21.097,-20.437,459.53,391.14,257.62,221.25,138.07
183.91,116.44,-32.822,-153.3,108.06,22.607,-21.1,457.66,390.25,257.32,221.67,138.74
183.34,117.66,-31.8,-153.54,107.58,24.07,-21.691,454.55,388.69,256.49,221.75,139.18
182.4,118.59,-30.696,-153.39,106.9,25.377,-22.213,449.97,386.43,255.21,221.64,139.48
181.31,119.17,-29.674,-152.95,106.03,26.427,-22.664,443.96,383.49,253.73,221.5,139.72
180.46,119.42,-28.839,-152.36,104.98,27.164,-23.043,436.9,379.96,252.36,221.4,139.94
180.04,119.37,-28.2,-151.73,103.78,27.585,-23.342,429.26,375.81,251.08,221.16,140.1
179.77,119.02,-27.663,-151.08,102.54,27.74,-23.554,421.22,370.9,249.58,220.45,140.09
179.1,118.39,-27.036,-150.24,101.29,27.72,-23.685,412.61,365.02,247.48,218.95,139.82
177.48,117.47,-26.026,-149,99.915,27.62,-23.756,403.06,357.95,244.46,216.47,139.17
174.58,116.29,-24.342,-147.12,98.214,27.495,-23.785,392.19,349.58,240.24,212.86,138.04
170.33,114.76,-21.949,-144.45,95.839,27.348,-23.775,379.73,339.96,234.67,208.09,136.34
164.74,112.78,-19.195,-140.88,92.491,27.157,-23.709,365.68,329.21,227.91,202.36,134.06
158.03,110.22,-16.457,-136.33,88.209,26.928,-23.564,350.32,317.49,220.43,196.12,131.26
150.6,107.04,-13.833,-130.84,83.327,26.722,-23.315,334.06,304.99,212.71,189.78,128.18
142.97,103.49,-11.255,-124.81,78.211,26.631,-22.953,317.32,291.9,205.02,183.57,125.08
135.55,99.965,-8.6819,-118.94,73.107,26.718,-22.481,300.44,278.38,197.37,177.5,122.03
128.56,96.804,-6.1456,-113.78,68.148,26.968,-21.917,283.56,264.42,189.53,171.31,118.83
121.9,93.964,-3.7375,-109.28,63.373,27.292,-21.29,266.65,249.93,181.13,164.56,115.17
115.3,91.111,-1.5649,-105.04,58.723,27.553,-20.632,249.61,234.92,171.81,156.84,110.78
108.46,87.873,0.29197,-100.5,54.027,27.602,-19.97,232.36,219.61,161.44,148.03,105.54
101.31,84.037,1.8284,-95.229,49.065,27.326,-19.325,214.99,204.37,150.46,138.48,99.58
94.015,79.627,3.1631,-89.155,43.728,26.678,-18.713,197.71,189.4,139.65,128.87,93.219
86.799,74.854,4.5272,-82.705,38.168,25.681,-18.134,180.78,174.76,129.51,119.68,86.897
79.675,69.955,6.1006,-76.413,32.793,24.411,-17.57,164.49,160.49,120.04,111.21,81.07
72.59,65.045,7.7947,-70.553,28.008,22.989,-16.974,149.04,146.66,111.11,103.72,75.97
65.691,60.1,9.3622,-65.146,23.887,21.581,-16.277,134.52,133.33,102.62,97.104,71.518
59.256,55.14,10.717,-60.167,20.144,20.37,-15.422,120.83,120.52,94.365,90.974,67.442
53.433,50.432,11.984,-55.611,16.315,19.445,-14.393,107.72,108.32,86.16,84.886,63.417
48.187,46.305,13.326,-51.388,12.173,18.709,-13.226,94.947,96.838,78.017,78.521,59.186
43.435,42.666,14.783,-47.245,8.4064,18.007,-11.992,82.407,86.159,70.226,71.742,54.687
39.096,39.061,16.218,-42.977,5.8026,17.195,-10.768,70.19,76.217,63.074,64.631,50.086
35.048,35.076,17.367,-38.655,4.1262,16.026,-9.6193,58.553,66.915,56.569,57.58,45.656
31.105,30.445,18.036,-34.387,2.9381,14.368,-8.5838,47.797,58.232,50.58,51.17,41.682
27.107,25.111,18.187,-30.078,2.0519,12.31,-7.6563,38.117,50.174,45.06,45.783,38.45
23.036,19.443,17.764,-25.645,1.3913,9.8443,-6.7927,29.512,42.688,39.977,41.395,36.114
19.02,13.997,16.648,-21.186,0.8576,6.8514,-5.9434,22.095,35.679,35.203,37.709,34.54
15.216,9.0846,14.831,-16.891,0.3094,3.3775,-5.0867,16.276,29.064,30.608,34.38,33.398
11.683,4.8334,12.586,-12.896,-0.37822,-0.22644,-4.2426,11.878,22.839,26.421,31.265,32.331
8.3981,1.3629,10.458,-9.2453,-1.2552,-3.4094,-3.4624,8.2986,17.376,23.296,28.633,31.055
5.455,-1.2164,9.0408,-5.9607,-2.3054,-5.649,-2.8053,5.2263,13.216,21.128,26.636,29.376
3.1205,-2.8505,8.7013,-3.1636,-3.4945,-6.6502,-2.3138,2.5659,10.14,18.974,24.757,27.216
1.4714,-3.5929,9.4923,-1.0946,-4.7852,-6.4334,-1.9994,0.26785,7.6391,16.317,22.46,24.64
0.28735,-3.6356,11.178,0.14951,-6.122,-5.3026,-1.8416,-1.7209,5.4641,13.322,19.642,21.854
-0.66607,-3.2661,13.331,0.77499,-7.4224,-3.7195,-1.7976,-3.4567,3.5249,10.399,16.558,19.116
-1.4978,-2.7794,15.497,1.0901,-8.5949,-2.1409,-1.8183,-4.9943,1.7685,7.7977,13.562,16.588
-2.228,-2.387,17.341,1.3105,-9.5641,-0.87399,-1.8655,-6.3817,0.14706,5.533,10.843,14.274
-2.8495,-2.1621,18.662,1.5254,-10.294,-0.0092971,-1.9239,-7.6502,-1.3743,3.5242,8.3661,12.082
-3.3636,-2.0576,19.42,1.7387,-10.8,0.53515,-2.0015,-8.81,-2.807,1.7361,6.0081,9.9417
-3.7865,-1.9845,19.768,1.9238,-11.149,0.90472,-2.1168,-9.8541,-4.1373,0.21576,3.7743,7.8653
-4.1399,-1.8916,19.942,2.0619,-11.417,1.2041,-2.2806,-10.768,-5.3402,-0.98733,1.8556,5.9412
-4.4382,-1.7945,20.07,2.1576,-11.647,1.4445,-2.4882,-11.539,-6.396,-1.891,0.41594,4.2572
-4.6838,-1.7576,20.12,2.2387,-11.834,1.565,-2.7208,-12.168,-7.2958,-2.5535,-0.57483,2.848
-4.8722,-1.8633,19.987,2.3466,-11.936,1.4764,-2.9467,-12.664,-8.0398,-3.0249,-1.2439,1.7068
-5.0016,-2.1866,19.534,2.5232,-11.905,1.0842,-3.1269,-13.041,-8.6328,-3.3387,-1.6985,0.81182
-5.0805,-2.7664,18.612,2.7939,-11.699,0.31909,-3.2268,-13.318,-9.0857,-3.5226,-2.007,0.13179
-5.1292,-3.5785,17.205,3.1563,-11.322,-0.80563,-3.2331,-13.515,-9.4189,-3.6095,-2.2185,-0.3776
-5.1762,-4.5296,15.476,3.5768,-10.83,-2.1637,-3.1624,-13.654,-9.6631,-3.638,-2.3772,-0.77268
-5.2473,-5.48,13.677,4.0009,-10.314,-3.5499,-3.0549,-13.757,-9.8551,-3.6466,-2.5231,-1.1118
-5.3594,-6.286,12.066,4.372,-9.8636,-4.7424,-2.9545,-13.841,-10.029,-3.6652,-2.6841,-1.4434
-5.5179,-6.842,10.853,4.6509,-9.5367,-5.5613,-2.8884,-13.917,-10.209,-3.7101,-2.87,-1.7946
-5.7203,-7.1068,10.152,4.8281,-9.3552,-5.9119,-2.8557,-13.985,-10.405,-3.7847,-3.0766,-2.1693
-5.956,-7.1078,9.953,4.9237,-9.3123,-5.8023,-2.8319,-14.036,-10.613,-3.8842,-3.2957,-2.5536
-6.21,-6.9247,10.141,4.9759,-9.3849,-5.3305,-2.7812,-14.061,-10.82,-4.0028,-3.5228,-2.9268
-6.4706,-6.6581,10.549,5.0251,-9.543,-4.6461,-2.6745,-14.055,-11.009,-4.137,-3.7611,-3.2729
-6.7339,-6.3945,11.035,5.0971,-9.7605,-3.8993,-2.5021,-14.026,-11.168,-4.2898,-4.021,-3.5893
-7.001,-6.1806,11.541,5.1939,-10.021,-3.2018,-2.2782,-13.987,-11.299,-4.4718,-4.3213,-3.8903
-7.27,-6.02,12.077,5.2968,-10.316,-2.6138,-2.0312,-13.958,-11.418,-4.6991,-4.6852,-4.2034
-7.5351,-5.8949,12.657,5.3822,-10.642,-2.1581,-1.7883,-13.951,-11.549,-4.9863,-5.1334,-4.5587
-7.792,-5.7962,13.245,5.439,-10.986,-1.8511,-1.5608,-13.965,-11.709,-5.3365,-5.6754,-4.9764
-8.0427,-5.7373,13.754,5.4759,-11.325,-1.7166,-1.3377,-13.984,-11.897,-5.7364,-6.3049,-5.4602
-8.2926,-5.739,14.086,5.5158,-11.621,-1.7686,-1.0925,-13.987,-12.095,-6.1597,-7.005,-5.9982
-8.5426,-5.8035,14.181,5.5796,-11.837,-1.9871,-0.79842,-13.961,-12.27,-6.5794,-7.7573,-6.5705
-8.7817,-5.9039,14.046,5.6732,-11.951,-2.3122,-0.44404,-13.909,-12.393,-6.9767,-8.5464,-7.1621
-8.983,-5.9952,13.746,5.7846,-11.961,-2.6584,-0.039753,-13.838,-12.448,-7.3438,-9.3476,-7.7695
-9.109,-6.0368,13.368,5.8911,-11.881,-2.9393,0.38867,-13.747,-12.438,-7.6803,-10.114,-8.3955
-9.1279,-6.0112,12.983,5.9708,-11.739,-3.0937,0.81365,-13.621,-12.374,-7.9906,-10.788,-9.0365
-9.0361,-5.9332,12.626,6.0166,-11.565,-3.1029,1.2196,-13.428,-12.271,-8.2838,-11.337,-9.6753
-8.865,-5.8456,12.282,6.0444,-11.389,-2.9935,1.6085,-13.13,-12.132,-8.5712,-11.775,-10.289
-8.6671,-5.8032,11.907,6.0885,-11.229,-2.8256,1.9944,-12.703,-11.952,-8.861,-12.145,-10.862
-8.4929,-5.8474,11.46,6.1807,-11.086,-2.6695,2.3899,-12.146,-11.721,-9.1555,-12.487,-11.389
-8.3743,-5.9822,10.944,6.3241,-10.953,-2.5834,2.7894,-11.489,-11.439,-9.4542,-12.83,-11.873
-8.311,-6.1692,10.4,6.4834,-10.817,-2.6025,3.1622,-10.783,-11.119,-9.7562,-13.198,-12.321
-8.2661,-6.3483,9.8677,6.6007,-10.666,-2.7375,3.4651,-10.079,-10.779,-10.055,-13.607,-12.739
-8.1806,-6.4736,9.3516,6.628,-10.481,-2.9827,3.666,-9.4052,-10.43,-10.323,-14.028,-13.123
-8.0076,-6.5394,8.7982,6.5562,-10.232,-3.3235,3.7704,-8.7561,-10.069,-10.498,-14.366,-13.444
-7.7407,-6.5791,8.1279,6.4232,-9.8945,-3.7381,3.827,-8.0923,-9.6775,-10.506,-14.496,-13.659
-7.4232,-6.6416,7.2921,6.2987,-9.4682,-4.1884,3.9083,-7.358,-9.2281,-10.312,-14.333,-13.727
-7.1312,-6.7632,6.3238,6.2548,-8.9886,-4.6106,4.0752,-6.5041,-8.693,-9.9577,-13.901,-13.637
-6.9344,-6.9493,5.3436,6.3335,-8.5122,-4.9214,4.3521,-5.5072,-8.0547,-9.5322,-13.31,-13.415
-6.8573,-7.1706,4.5298,6.5254,-8.0835,-5.0457,4.7214,-4.3736,-7.3101,-9.1074,-12.675,-13.109
-6.8678,-7.3795,4.0452,6.774,-7.7105,-4.9489,5.136,-3.1302,-6.4698,-8.7078,-12.061,-12.757
-6.9001,-7.5396,3.9313,7.0073,-7.3615,-4.6601,5.5441,-1.8085,-5.5525,-8.3194,-11.477,-12.371
-6.892,-7.6543,4.0539,7.1786,-6.9831,-4.2907,5.9169,-0.4326,-4.5763,-7.9064,-10.902,-11.933
-6.8122,-7.7792,4.1574,7.2884,-6.5244,-4.0251,6.2651,0.98408,-3.5522,-7.4296,-10.291,-11.41
-6.664,-8.0041,3.9676,7.3749,-5.9617,-4.0701,6.6301,2.4341,-2.4839,-6.8628,-9.601,-10.777
-6.4726,-8.4048,3.2857,7.4827,-5.3123,-4.5738,7.0497,3.9054,-1.3752,-6.202,-8.8177,-10.036
-6.2682,-8.9884,2.0648,7.6276,-4.637,-5.5513,7.5221,5.371,-0.24253,-5.467,-7.9686,-9.2342
-6.0706,-9.6698,0.44003,7.7791,-4.0242,-6.8543,7.9894,6.7872,0.87962,-4.6983,-7.1125,-8.4472
-5.8802,-10.299,-1.3052,7.8712,-3.5593,-8.2139,8.3594,8.1044,1.9483,-3.9483,-6.3173,-7.7485
-5.678,-10.725,-2.8264,7.8354,-3.2834,-9.3453,8.5546,9.2901,2.9367,-3.2658,-5.6328,-7.1805
-5.4344,-10.858,-3.8356,7.6348,-3.1603,-10.043,8.557,10.351,3.8569,-2.6768,-5.0702,-6.7393
-5.1239,-10.679,-4.218,7.2767,-3.079,-10.209,8.4213,11.339,4.763,-2.1709,-4.5977,-6.3779
-4.7391,-10.226,-4.0546,6.8079,-2.9039,-9.8497,8.2512,12.327,5.7286,-1.7073,-4.1577,-6.0262
-4.2931,-9.5846,-3.4932,6.3026,-2.5453,-9.0574,8.1552,13.376,6.8097,-1.2362,-3.6981,-5.6239
-3.8089,-8.8511,-2.5921,5.8216,-2.0183,-7.9737,8.2059,14.495,8.016,-0.72499,-3.1967,-5.1501
-3.3063,-8.0719,-1.3318,5.3693,-1.4432,-6.719,8.4161,15.635,9.3039,-0.17505,-2.6652,-4.6275
-2.7947,-7.2306,0.21632,4.9083,-0.95333,-5.3524,8.737,16.708,10.594,0.37904,-2.1354,-4.098
-2.2723,-6.3073,1.8133,4.4008,-0.59356,-3.9148,9.076,17.629,11.798,0.88618,-1.6409,-3.592
-1.7309,-5.341,3.1344,3.8392,-0.31267,-2.5295,9.3306,18.347,12.851,1.3016,-1.2031,-3.1153
-1.1683,-4.4538,3.8636,3.2594,-0.0161,-1.4576,9.4337,18.858,13.724,1.6059,-0.82319,-2.655
-0.60225,-3.8286,3.7522,2.738,0.38099,-1.0213,9.3806,19.189,14.432,1.8126,-0.48332,-2.1919
-0.070017,-3.6373,2.6929,2.368,0.92008,-1.4338,9.2182,19.372,15.012,1.9603,-0.15847,-1.7108
0.38905,-3.9481,0.78804,2.2128,1.5881,-2.674,9.0102,19.425,15.495,2.094,0.16857,-1.2073
0.75405,-4.6737,-1.6519,2.2653,2.3245,-4.4902,8.8079,19.344,15.893,2.2454,0.4985,-0.68987
1.0311,-5.5964,-4.1862,2.4455,3.0427,-6.4892,8.6318,19.111,16.187,2.4204,0.81695,-0.17878
1.2483,-6.4435,-6.3588,2.6344,3.656,-8.2481,8.4736,18.72,16.344,2.5984,1.1017,0.29737
1.4434,-6.9767,-7.817,2.7202,4.1029,-9.4215,8.3132,18.187,16.334,2.7435,1.3308,0.70839
1.6507,-7.0607,-8.4023,2.6363,4.3649,-9.8197,8.1401,17.563,16.158,2.826,1.4901,1.0316
1.8917,-6.6956,-8.1713,2.378,4.4695,-9.4452,7.9647,16.924,15.848,2.8429,1.5803,1.2608
2.1719,-6.0071,-7.339,1.9973,4.4739,-8.4933,7.8133,16.345,15.464,2.8241,1.6196,1.4095
2.4824,-5.193,-6.1834,1.5758,4.4351,-7.2948,7.7065,15.876,15.061,2.8184,1.6353,1.5049
2.8064,-4.4338,-4.9484,1.1873,4.385,-6.1747,7.6348,15.514,14.672,2.8688,1.6505,1.5761
3.1284,-3.8103,-3.7933,0.86344,4.329,-5.2938,7.5452,15.203,14.295,2.9913,1.674,1.6431
3.4419,-3.286,-2.7858,0.58531,4.2621,-4.589,7.3561,14.85,13.907,3.1683,1.6984,1.7118
3.7527,-2.7761,-1.9164,0.31253,4.183,-3.8776,7.0008,14.376,13.483,3.3603,1.7105,1.7766
4.0733,-2.2495,-1.1835,0.025644,4.1025,-3.081,6.476,13.755,13.011,3.5276,1.704,1.8293
4.4116,-1.7654,-0.68484,-0.25744,4.0494,-2.3334,5.8509,13.02,12.494,3.6487,1.6878,1.8704
4.7649,-1.4214,-0.58136,-0.50074,4.0692,-1.8519,5.2239,12.239,11.949,3.7243,1.6807,1.9097
5.1224,-1.2841,-0.98932,-0.67823,4.2092,-1.7724,4.6689,11.481,11.398,3.7702,1.6999,1.9563
5.4751,-1.3627,-1.9146,-0.78552,4.4974,-2.1061,4.2144,10.795,10.873,3.8089,1.7537,2.0122
5.8187,-1.6149,-3.243,-0.83528,4.9263,-2.7674,3.8518,10.205,10.408,3.8631,1.8417,2.0766
6.1439,-1.9618,-4.7604,-0.84802,5.4472,-3.6027,3.5554,9.7093,10.034,3.9474,1.9596,2.1501
6.4263,-2.3057,-6.1964,-0.84589,5.979,-4.4197,3.2968,9.2867,9.7713,4.0611,2.1024,2.2329
6.631,-2.5518,-7.2882,-0.85066,6.4294,-5.0327,3.0543,8.9019,9.6199,4.185,2.2651,2.32
6.7307,-2.6326,-7.8495,-0.8821,6.7207,-5.311,2.8155,8.5161,9.5589,4.2842,2.4373,2.3972
6.7171,-2.5257,-7.8181,-0.95314,6.8117,-5.2136,2.5755,8.0974,9.5452,4.3177,2.5961,2.4421
6.5983,-2.26,-7.2724,-1.0636,6.7068,-4.7954,2.3342,7.6273,9.5204,4.2535,2.701,2.4295
6.3913,-1.9068,-6.409,-1.1976,6.4492,-4.1907,2.0923,7.0996,9.4257,4.0833,2.7079,2.341
6.1176,-1.5562,-5.4815,-1.3278,6.1044,-3.5717,1.8458,6.5155,9.2197,3.8261,2.5996,2.1736
5.7969,-1.2842,-4.7126,-1.4237,5.7386,-3.0863,1.5839,5.8758,8.8914,3.515,2.4071,1.9386
5.4415,-1.1216,-4.2124,-1.4606,5.3997,-2.7962,1.2917,5.1773,8.4562,3.1755,2.1858,1.6509
5.0627,-1.0418,-3.9459,-1.4312,5.1059,-2.6547,0.95809,4.4151,7.9419,2.8119,1.9708,1.319
4.6816,-0.9723,-3.7699,-1.3582,4.8442,-2.5374,0.5837,3.5921,7.3762,2.4163,1.7596,0.94608
4.3267,-0.83012,-3.5158,-1.2901,4.5838,-2.3048,0.18105,2.7289,6.7841,1.9873,1.5322,0.53728
4.0184,-0.55641,-3.0593,-1.2741,4.2964,-1.8574,-0.22866,1.8651,6.1881,1.5403,1.2727,0.10244
3.7584,-0.13801,-2.3503,-1.3283,3.9681,-1.1655,-0.62094,1.0472,5.609,1.1002,0.97588,-0.34621
3.5312,0.38451,-1.4191,-1.4334,3.6012,-0.27339,-0.9741,0.31105,5.0629,0.68947,0.64475,-0.79634
3.3138,0.92966,-0.36624,-1.5458,3.2165,0.70771,-1.2741,-0.3297,4.5602,0.32209,0.28934,-1.2346
3.0877,1.4022,0.66296,-1.6185,2.8487,1.6292,-1.5183,-0.88616,4.103,0.0028764,-0.072807,-1.6447
2.8428,1.7204,1.519,-1.6154,2.5358,2.3506,-1.7154,-1.3877,3.6849,-0.2703,-0.41725,-2.0066
2.5754,1.8344,2.0877,-1.5161,2.3028,2.7786,-1.8809,-1.8694,3.2934,-0.50234,-0.71513,-2.2977
2.2842,1.7268,2.3123,-1.3149,2.1527,2.8779,-2.0271,-2.3577,2.9163,-0.6952,-0.93698,-2.4975
1.9703,1.4096,2.194,-1.0215,2.0705,2.6646,-2.156,-2.8597,2.5473,-0.84434,-1.0587,-2.5925
1.6402,0.91924,1.7768,-0.65967,2.0353,2.1894,-2.2592,-3.3611,2.1854,-0.94134,-1.0695,-2.5788
1.3088,0.30735,1.1262,-0.2623,2.0324,1.5171,-2.3225,-3.8352,1.8321,-0.98026,-0.97795,-2.4649
0.99704,-0.37238,0.31129,0.13814,2.0594,0.7086,-2.3325,-4.2516,1.4895,-0.96385,-0.80923,-2.2711
0.72453,-1.0777,-0.60317,0.51963,2.1214,-0.18644,-2.2824,-4.5836,1.1624,-0.90778,-0.59842,-2.0274
0.50221,-1.7827,-1.5576,0.87493,2.2237,-1.1218,-2.1752,-4.8145,0.85865,-0.84109,-0.38378,-1.7671
0.32978,-2.4659,-2.4905,1.2046,2.3631,-2.0367,-2.027,-4.9413,0.58749,-0.79993,-0.20199,-1.5218
0.19918,-3.0896,-3.3286,1.5028,2.5241,-2.8506,-1.8645,-4.9759,0.35472,-0.81526,-0.083489,-1.3174
0.10238,-3.595,-3.9894,1.7505,2.6803,-3.4789,-1.7196,-4.9431,0.15756,-0.90131,-0.046592,-1.1724
0.038619,-3.9183,-4.3977,1.9178,2.8006,-3.8533,-1.6184,-4.8753,-0.016069,-1.0519,-0.091144,-1.0969
0.016541,-4.0087,-4.5108,1.973,2.8594,-3.9342,-1.571,-4.8043,-0.18209,-1.2455,-0.19635,-1.0929
0.050202,-3.8474,-4.3348,1.8965,2.8499,-3.7205,-1.5652,-4.7512,-0.35164,-1.4545,-0.32783,-1.1527
0.15158,-3.4607,-3.9243,1.6941,2.7896,-3.2578,-1.5692,-4.7198,-0.526,-1.6555,-0.45387,-1.2594
0.32375,-2.9184,-3.364,1.3996,2.7144,-2.6342,-1.5466,-4.6987,-0.69899,-1.8388,-0.56157,-1.393
0.55792,-2.3133,-2.7395,1.0629,2.6613,-1.9512,-1.475,-4.67,-0.86378,-2.0086,-0.66087,-1.5358
0.8345,-1.7289,-2.1043,0.73411,2.6485,-1.2807,-1.3559,-4.6168,-1.0165,-2.1743,-0.77263,-1.6757
1.1252,-1.2132,-1.4658,0.44951,2.6687,-0.64047,-1.2099,-4.5243,-1.1524,-2.3416,-0.91133,-1.8041
1.3961,-0.77096,-0.80496,0.2251,2.6994,-0.0083993,-1.0624,-4.3778,-1.2603,-2.5082,-1.0754,-1.9107
1.616,-0.3798,-0.11943,0.057922,2.7235,0.63824,-0.93186,-4.1644,-1.3224,-2.6594,-1.2459,-1.9787
1.7696,-0.027478,0.53814,-0.064336,2.7426,1.2816,-0.82526,-3.8803,-1.3243,-2.7684,-1.3924,-1.9868
1.8657,0.26024,1.0494,-0.14913,2.7776,1.844,-0.74223,-3.5385,-1.2671,-2.8056,-1.4849,-1.9199
1.9277,0.42103,1.2522,-0.18934,2.8605,2.1959,-0.68008,-3.1697,-1.172,-2.7505,-1.5028,-1.7813
1.9744,0.37931,0.98918,-0.16494,3.0216,2.1871,-0.6341,-2.8145,-1.075,-2.6004,-1.4347,-1.5853
2.0053,0.070575,0.1629,-0.049764,3.2769,1.6944,-0.59809,-2.5107,-1.0151,-2.3726,-1.2801,-1.3415
1.9996,-0.53862,-1.2199,0.17928,3.6164,0.66905,-0.56636,-2.2842,-1.0191,-2.0995,-1.0546,-1.0526
1.9277,-1.4312,-3.0238,0.53112,4.0026,-0.82742,-0.53868,-2.1449,-1.0926,-1.8205,-0.79349,-0.72834
1.7654,-2.5247,-4.9869,0.99085,4.3768,-2.6087,-0.52534,-2.0873,-1.2179,-1.5716,-0.54679,-0.39506
1.506,-3.6749,-6.7668,1.517,4.6724,-4.3879,-0.54785,-2.0942,-1.3629,-1.3786,-0.36563,-0.094967
1.1623,-4.7038,-8.0346,2.0487,4.83,-5.8463,-0.63319,-2.1415,-1.4934,-1.2545,-0.28813,0.12673
0.76145,-5.4468,-8.5658,2.5199,4.8085,-6.7199,-0.80333,-2.2028,-1.5849,-1.1997,-0.32994,0.23751
0.33894,-5.7983,-8.282,2.8757,4.5949,-6.8679,-1.0647,-2.2547,-1.6302,-1.2054,-0.48226,0.22972
-0.064792,-5.7372,-7.246,3.0844,4.2115,-6.3022,-1.4046,-2.2837,-1.6426,-1.259,-0.71738,0.12277
-0.40831,-5.3233,-5.6419,3.1416,3.7133,-5.1773,-1.7962,-2.293,-1.6552,-1.3517,-0.9992,-0.047271
-0.65533,-4.6733,-3.7453,3.0667,3.178,-3.743,-2.2098,-2.3042,-1.7133,-1.4842,-1.2959,-0.24554
-0.78299,-3.9245,-1.8724,2.8956,2.6913,-2.2715,-2.6227,-2.3486,-1.8589,-1.6645,-1.5894,-0.45235
-0.7879,-3.2023,-0.32116,2.6699,2.3279,-0.99182,-3.0203,-2.4519,-2.1128,-1.8998,-1.8769,-0.66768
-0.68584,-2.6018,0.68062,2.428,2.1357,-0.060013,-3.3908,-2.6207,-2.4644,-2.187,-2.1612,-0.9037
-0.50463,-2.1835,1.0209,2.1986,2.1248,0.43992,-3.7214,-2.842,-2.8775,-2.5081,-2.4364,-1.1678
-0.27322,-1.9711,0.72763,1.998,2.2705,0.49769,-4.0036,-3.0906,-3.3065,-2.8322,-2.6815,-1.4483
-0.013359,-1.9512,-0.046087,1.8311,2.5264,0.18216,-4.2424,-3.3405,-3.711,-3.1245,-2.8715,-1.7191
0.26265,-2.0779,-1.0691,1.6942,2.8431,-0.37094,-4.4555,-3.5703,-4.0607,-3.361,-2.9928,-1.9573
0.54978,-2.281,-2.0973,1.5766,3.1828,-0.99568,-4.6561,-3.7659,-4.3359,-3.5374,-3.0476,-2.1548
0.84726,-2.4789,-2.9381,1.46,3.5214,-1.5389,-4.8387,-3.9197,-4.5253,-3.6667,-3.0497,-2.3183
1.1567,-2.5963,-3.4853,1.3214,3.8434,-1.8919,-4.9814,-4.0294,-4.6265,-3.7683,-3.0174,-2.4636
1.4796,-2.5891,-3.7171,1.1419,4.137,-2.0103,-5.0616,-4.0948,-4.6457,-3.8558,-2.9679,-2.6089
1.8133,-2.4619,-3.6839,0.919,4.3945,-1.9218,-5.0697,-4.1147,-4.597,-3.93,-2.9128,-2.768
2.1448,-2.2658,-3.4985,0.67174,4.6151,-1.7154,-5.0117,-4.0853,-4.4996,-3.9786,-2.8546,-2.9454
2.4502,-2.0762,-3.3163,0.43631,4.8076,-1.5118,-4.9023,-4.0037,-4.3741,-3.9828,-2.7857,-3.1341
2.703,-1.9634,-3.2922,0.25144,4.9872,-1.4229,-4.755,-3.8738,-4.2385,-3.9275,-2.6914,-3.3182
2.89,-1.9681,-3.5229,0.14049,5.1711,-1.5145,-4.5789,-3.7124,-4.1068,-3.8112,-2.5592,-3.4784
3.0189,-2.0859,-4.0052,0.10092,5.3685,-1.7856,-4.3818,-3.5484,-3.9888,-3.6504,-2.3893,-3.5994
3.1081,-2.2732,-4.6362,0.10848,5.5715,-2.1712,-4.1718,-3.4139,-3.8893,-3.4738,-2.199,-3.6742
3.1681,-2.4653,-5.252,0.13322,5.7519,-2.5648,-3.9567,-3.3306,-3.8071,-3.3105,-2.0171,-3.7059
3.1896,-2.5996,-5.6792,0.15561,5.8672,-2.8512,-3.7416,-3.3005,-3.7354,-3.1804,-1.8742,-3.705
3.1467,-2.6336,-5.7811,0.17327,5.8726,-2.9392,-3.527,-3.3061,-3.666,-3.0903,-1.7921,-3.6849
3.0106,-2.5554,-5.4948,0.19772,5.735,-2.7878,-3.3107,-3.317,-3.5943,-3.0368,-1.777,-3.6556
2.7663,-2.3878,-4.8516,0.24679,5.4497,-2.4206,-3.0888,-3.3062,-3.5181,-3.0103,-1.8195,-3.6191
2.4218,-2.1842,-3.9719,0.33676,5.0473,-1.9216,-2.859,-3.2549,-3.4404,-2.9966,-1.8997,-3.5688
2.0069,-2.0102,-3.0304,0.47562,4.5881,-1.412,-2.6217,-3.156,-3.3628,-2.9805,-1.9936,-3.4937
1.5654,-1.9228,-2.2041,0.65886,4.1444,-1.0121,-2.3797,-3.0154,-3.2844,-2.9482,-2.08,-3.3839
1.1423,-1.9519,-1.6222,0.87091,3.7773,-0.80384,-2.1374,-2.8526,-3.203,-2.8932,-2.145,-3.2345
0.77028,-2.0938,-1.3322,1.0924,3.5188,-0.80741,-1.9005,-2.6892,-3.1187,-2.8176,-2.184,-3.0481
0.45978,-2.3159,-1.2915,1.3084,3.3637,-0.98066,-1.6768,-2.5423,-3.0359,-2.7309,-2.2004,-2.8351
0.19828,-2.5694,-1.3924,1.5111,3.2751,-1.2397,-1.4772,-2.4265,-2.9649,-2.6467,-2.2019,-2.6121
-0.038238,-2.8033,-1.5126,1.6969,3.2022,-1.4926,-1.3135,-2.3484,-2.9188,-2.5771,-2.1949,-2.3986
-0.27062,-2.9784,-1.5662,1.8617,3.102,-1.6721,-1.1951,-2.3076,-2.9095,-2.5288,-2.1825,-2.213
-0.50784,-3.0764,-1.5287,2.0005,2.9553,-1.7522,-1.1241,-2.2995,-2.9346,-2.5006,-2.1637,-2.0696
-0.74693,-3.1037,-1.4315,2.1115,2.7695,-1.7474,-1.0926,-2.3201,-2.9828,-2.4842,-2.1358,-1.9757
-0.97772,-3.0859,-1.3367,2.1984,2.5703,-1.6988,-1.0849,-2.3698,-3.0371,-2.4695,-2.0971,-1.9301
-1.1889,-3.0527,-1.3028,2.2678,2.387,-1.6524,-1.0843,-2.4549,-3.0836,-2.4509,-2.0482,-1.924
-1.3737,-3.0218,-1.3522,2.323,2.237,-1.6345,-1.0792,-2.5859,-3.1206,-2.4305,-1.9907,-1.9415
-1.5344,-2.9917,-1.4521,2.363,2.1155,-1.6355,-1.0642,-2.7643,-3.1539,-2.4163,-1.9246,-1.9645
-1.6831,-2.9455,-1.5187,2.3858,1.9937,-1.6129,-1.0388,-2.9804,-3.1942,-2.4196,-1.8484,-1.9791
-1.8385,-2.8655,-1.4443,2.3932,1.8278,-1.5116,-1.007,-3.2158,-3.2522,-2.4534,-1.7637,-1.9823
-2.0192,-2.7448,-1.1397,2.3927,1.5774,-1.29,-0.97768,-3.4521,-3.3343,-2.5306,-1.6788,-1.9838
-2.2358,-2.5953,-0.57482,2.3974,1.2278,-0.94196,-0.9618,-3.6778,-3.439,-2.6598,-1.6097,-2.0018
-2.4853,-2.4475,0.19846,2.4239,0.80739,-0.50605,-0.96638,-3.8934,-3.5548,-2.8398,-1.5738,-2.0527
-2.7495,-2.3422,1.0557,2.4874,0.38456,-0.057873,-0.98959,-4.1046,-3.6658,-3.0562,-1.5813,-2.1404
-2.9978,-2.3118,1.8427,2.5927,0.043169,0.31882,-1.0205,-4.3209,-3.7553,-3.284,-1.6278,-2.2517
-3.192,-2.3607,2.4374,2.7266,-0.15071,0.57305,-1.0436,-4.5515,-3.8138,-3.4941,-1.6949,-2.3592
-3.2939,-2.4535,2.7921,2.8561,-0.17004,0.71142,-1.0453,-4.8001,-3.8411,-3.6627,-1.7566,-2.4298
-3.2745,-2.5265,2.9265,2.9358,-0.027336,0.78176,-1.0204,-5.062,-3.8464,-3.7769,-1.7891,-2.4352
-3.1262,-2.5186,2.8816,2.9234,0.23786,0.82991,-0.97548,-5.3292,-3.8458,-3.8371,-1.7811,-2.3629
-2.8691,-2.4026,2.6797,2.7978,0.57261,0.86417,-0.92613,-5.5942,-3.8591,-3.8555,-1.7383,-2.2223
-2.546,-2.2004,2.3206,2.5705,0.92248,0.84727,-0.88998,-5.8474,-3.9027,-3.8507,-1.6815,-2.0422
-2.2093,-1.9797,1.7992,2.2873,1.2448,0.71675,-0.87888,-6.0803,-3.9829,-3.8408,-1.6378,-1.8587
-1.9035,-1.831,1.1228,2.0156,1.5216,0.41762,-0.8945,-6.2858,-4.0903,-3.8368,-1.6299,-1.6994
-1.6535,-1.829,0.32225,1.8201,1.764,-0.071111,-0.92945,-6.4588,-4.2088,-3.8394,-1.6697,-1.5738
-1.4635,-1.9921,-0.54221,1.7338,1.9977,-0.71526,-0.97332,-6.598,-4.3192,-3.8406,-1.7571,-1.4762
-1.3276,-2.2593,-1.3526,1.7428,2.2273,-1.4012,-1.0187,-6.7072,-4.4091,-3.83,-1.8814,-1.3939
-1.2433,-2.5069,-1.9161,1.7963,2.4127,-1.9346,-1.0627,-6.7939,-4.4768,-3.8003,-2.0259,-1.3168
-1.2163,-2.6014,-2.0264,1.8353,2.4864,-2.1045,-1.1042,-6.8639,-4.5259,-3.7511,-2.1715,-1.2408
-1.2553,-2.4566,-1.5642,1.8201,2.3952,-1.7791,-1.1423,-6.9231,-4.5647,-3.6904,-2.3028,-1.1691
-1.3637,-2.0606,-0.54639,1.7426,2.1297,-0.96119,-1.1773,-6.9751,-4.6019,-3.634,-2.4141,-1.1112
-1.5333,-1.4732,0.88754,1.6215,1.7261,0.21664,-1.2133,-7.0249,-4.6477,-3.6016,-2.5113,-1.0795
-1.7421,-0.80812,2.5123,1.4916,1.2503,1.5339,-1.2594,-7.0807,-4.714,-3.6106,-2.6078,-1.0857
-1.9612,-0.20655,4.0516,1.392,0.77995,2.7374,-1.3258,-7.1533,-4.8128,-3.6684,-2.7165,-1.1339
-2.1669,0.20034,5.2281,1.3557,0.38821,3.5985,-1.4176,-7.2521,-4.9497,-3.7671,-2.8414,-1.2163
-2.3477,0.32541,5.8289,1.4048,0.13153,3.9629,-1.53,-7.3778,-5.1187,-3.8843,-2.973,-1.3132
-2.5006,0.14148,5.7598,1.5474,0.041174,3.7809,-1.6485,-7.5182,-5.3004,-3.9894,-3.0896,-1.4
-2.6218,-0.31783,5.0696,1.7749,0.12098,3.1091,-1.7542,-7.6498,-5.4696,-4.055,-3.1643,-1.457
-2.7012,-0.96531,3.9427,2.0608,0.35166,2.0973,-1.8332,-7.7472,-5.6068,-4.0668,-3.1765,-1.4767
-2.7239,-1.6766,2.6454,2.3664,0.70151,0.96547,-1.882,-7.7936,-5.7057,-4.0275,-3.1227,-1.4653
-2.6781,-2.3202,1.4238,2.652,1.1387,-0.050797,-1.908,-7.7857,-5.7733,-3.9546,-3.0201,-1.4364
-2.5623,-2.8026,0.41605,2.8908,1.6345,-0.78546,-1.9244,-7.7322,-5.8233,-3.8716,-2.9035,-1.4036
-2.3897,-3.1062,-0.33267,3.0761,2.1537,-1.1979,-1.9424,-7.6478,-5.8688,-3.7985,-2.8135,-1.3741
-2.1866,-3.2883,-0.81193,3.2201,2.6477,-1.3598,-1.9664,-7.5471,-5.9171,-3.7448,-2.7838,-1.349
-1.9864,-3.4408,-1.0599,3.3464,3.0666,-1.4068,-1.9931,-7.4425,-5.9701,-3.7083,-2.8307,-1.3262
-1.8198,-3.6525,-1.2097,3.483,3.3892,-1.5023,-2.0144,-7.3442,-6.0276,-3.6774,-2.9476,-1.3041
-1.7053,-3.9966,-1.4757,3.658,3.6384,-1.8154,-2.0199,-7.2596,-6.0898,-3.6351,-3.1072,-1.2812
-1.6431,-4.5216,-2.0658,3.8931,3.8687,-2.4728,-1.9985,-7.1911,-6.1556,-3.5647,-3.2718,-1.2559
-1.6155,-5.2306,-3.0662,4.1915,4.1317,-3.5013,-1.9399,-7.1359,-6.224,-3.4574,-3.4102,-1.2274
-1.5953,-6.056,-4.3849,4.5227,4.445,-4.7947,-1.8403,-7.0899,-6.2978,-3.3198,-3.5122,-1.2
-1.5583,-6.8546,-5.7739,4.8202,4.7784,-6.1219,-1.7068,-7.0531,-6.3876,-3.1767,-3.5941,-1.1858
-1.4946,-7.4439,-6.9083,5.0011,5.0634,-7.1883,-1.5551,-7.0292,-6.5074,-3.0646,-3.691,-1.2014
-1.4133,-7.6698,-7.4991,5.0024,5.2218,-7.7418,-1.3993,-7.0175,-6.6622,-3.0159,-3.8399,-1.2593
-1.3357,-7.4702,-7.4011,4.8115,5.1993,-7.6629,-1.2408,-7.0038,-6.8371,-3.0437,-4.0615,-1.3591
-1.2842,-6.8924,-6.656,4.4691,4.9872,-6.9894,-1.0633,-6.9599,-6.9983,-3.1335,-4.3502,-1.4854
-1.2693,-6.0615,-5.4532,4.0428,4.6243,-5.8808,-0.83709,-6.8549,-7.1082,-3.2495,-4.6729,-1.6149
-1.2844,-5.1236,-4.0482,3.5924,4.1771,-4.5628,-0.52701,-6.6722,-7.1427,-3.3488,-4.9772,-1.7259
-1.3102,-4.1888,-2.6741,3.1473,3.7119,-3.249,-0.098245,-6.4209,-7.1017,-3.3971,-5.2069,-1.8054
-1.3278,-3.2956,-1.4554,2.7052,3.2683,-2.0535,0.48126,-6.1333,-7.0063,-3.3792,-5.3186,-1.849
-1.3316,-2.4093,-0.35256,2.2489,2.8424,-0.95046,1.2412,-5.85,-6.887,-3.3002,-5.2946,-1.8554
-1.3335,-1.4519,0.82306,1.7656,2.3826,0.19944,2.2107,-5.6,-6.7685,-3.1776,-5.1441,-1.8218
-1.3571,-0.34646,2.3304,1.2555,1.7979,1.5912,3.422,-5.3867,-6.6581,-3.0275,-4.8949,-1.7387
-1.4269,0.9486,4.3938,0.72901,0.98468,3.4199,4.9157,-5.1832,-6.5403,-2.8522,-4.578,-1.5902
-1.559,2.4284,7.0781,0.20012,-0.12477,5.8176,6.7469,-4.9456,-6.38,-2.635,-4.2144,-1.3586
-1.752,4.0528,10.186,-0.31783,-1.5017,8.7634,8.9798,-4.6282,-6.1331,-2.3444,-3.8082,-1.0311
-1.9855,5.7702,13.347,-0.81456,-3.0027,12.037,11.644,-4.1971,-5.7569,-1.9417,-3.348,-0.60315
-2.2234,7.5556,16.292,-1.2864,-4.4456,15.329,14.662,-3.635,-5.2224,-1.3902,-2.8129,-0.074965
-2.4281,9.4653,18.963,-1.7448,-5.7192,18.427,17.888,-2.9396,-4.5189,-0.65859,-2.1821,0.55566
-2.5789,11.696,21.449,-2.2314,-6.8242,21.291,21.255,-2.1225,-3.6579,0.27758,-1.4441,1.2979
-2.6823,14.599,23.961,-2.84,-7.8501,23.974,24.789,-1.2067,-2.673,1.4362,-0.60158,2.1617
-2.7631,18.512,26.866,-3.7389,-8.9116,26.522,28.526,-0.22346,-1.613,2.8249,0.32644,3.1428
-2.8425,23.323,30.645,-5.1531,-10.07,29.015,32.475,0.79477,-0.52971,4.4315,1.3057,4.2199
-2.9213,28.306,35.224,-7.2162,-11.291,31.726,36.603,1.8186,0.53312,6.2148,2.2931,5.3755
-2.9763,32.791,39.352,-9.7562,-12.494,34.914,40.834,2.8202,1.5446,8.1124,3.2522,6.6248
-2.9656,36.652,42.24,-12.394,-13.654,38.233,45.045,3.768,2.4867,10.062,4.1716,8.0252
-2.8425,40.095,44.235,-14.912,-14.808,41.202,49.084,4.6245,3.3532,12.017,5.0752,9.6589
-2.5745,43.42,45.886,-17.357,-16.004,43.926,52.81,5.351,4.1479,13.948,6.0143,11.591
-2.1606,46.937,47.757,-19.884,-17.299,46.832,56.137,5.9158,4.8771,15.827,7.0441,13.812
-1.6369,50.936,50.413,-22.624,-18.788,50.397,59.034,6.3009,5.539,17.619,8.194,16.197
-1.0654,55.653,54.259,-25.637,-20.559,55.044,61.471,6.5031,6.1174,19.277,9.444,18.565
-0.50987,61.155,59.292,-28.9,-22.6,60.868,63.351,6.532,6.5852,20.755,10.726,20.789
-0.012483,67.148,65.084,-32.278,-24.781,67.386,64.465,6.4052,6.9166,22.025,11.956,22.849
0.41923,73.014,71.05,-35.528,-26.949,73.801,64.527,6.1415,7.0975,23.077,13.082,24.796
0.81432,78.251,76.778,-38.429,-29.015,79.555,63.34,5.7538,7.1287,23.906,14.103,26.69
1.2319,82.794,82.185,-40.932,-30.969,84.549,60.987,5.2488,7.0202,24.501,15.039,28.556
1.7417,86.882,87.252,-43.132,-32.815,88.955,57.752,4.6274,6.7822,24.838,15.895,30.366
2.3927,90.81,91.79,-45.146,-34.497,93.037,53.841,3.8901,6.4211,24.886,16.63,32.067
3.1805,94.872,95.779,-47.111,-35.897,97.191,49.218,3.043,5.9429,24.615,17.173,33.607
4.0381,99.345,99.494,-49.284,-36.861,101.8,43.667,2.1042,5.3558,24.012,17.438,34.981
4.8652,104.25,103,-52.089,-37.183,106.7,36.971,1.1073,4.6718,23.088,17.355,36.253
5.5783,108.84,105.65,-55.733,-36.641,110.92,29.081,0.10191,3.9109,21.872,16.889,37.562
6.1454,111.72,106.32,-59.549,-35.186,113.14,20.239,-0.85407,3.1021,20.401,16.065,39.032
6.5865,112.13,104.27,-62.371,-33.086,112.61,11.151,-1.7092,2.2804,18.713,14.972,40.576
6.9449,110.18,99.785,-63.445,-30.678,109.4,3.0518,-2.436,1.4746,16.85,13.73,41.741
7.242,106.24,93.681,-62.515,-28.098,104.1,-2.7193,-3.0421,0.6948,14.863,12.433,41.904
7.4428,100.64,86.638,-59.637,-25.373,97.295,-5.2415,-3.5713,-0.077401,12.82,11.118,40.746
7.4626,93.797,79.053,-55.106,-22.598,89.375,-4.4851,-4.0911,-0.88671,10.803,9.7865,38.429
7.2103,86.164,71.237,-49.502,-19.956,80.662,-2.2494,-4.6736,-1.7899,8.8997,8.4406,35.371
6.6372,78.092,63.555,-43.716,-17.627,71.59,-1.0583,-5.3757,-2.8343,7.1711,7.0907,31.93
5.7658,69.781,56.308,-38.487,-15.695,62.725,-1.2171,-6.2258,-4.0412,5.6188,5.731,28.275
4.689,61.425,49.694,-33.856,-14.158,54.524,-1.8834,-7.2239,-5.4063,4.1823,4.3175,24.474
3.5303,53.375,44.018,-29.468,-12.987,47.16,-2.6349,-8.3492,-6.9141,2.7543,2.7606,20.612
2.3795,46.119,39.65,-25.085,-12.135,40.837,-3.3903,-9.5728,-8.5571,1.2025,0.94484,16.788
1.2609,40.01,36.636,-20.693,-11.53,35.807,-4.143,-10.868,-10.345,-0.597,-1.2216,13.048
0.16296,34.888,34.577,-16.403,-11.089,31.868,-4.9069,-12.217,-12.295,-2.7153,-3.7525,9.3656
-0.92317,30.13,32.902,-12.299,-10.763,28.605,-5.7239,-13.611,-14.416,-5.1397,-6.5553,5.7269
-2.004,25.224,30.911,-8.3695,-10.515,26.239,-6.6414,-15.042,-16.674,-7.7629,-9.4378,2.2836
-3.0964,20.049,28.487,-4.7951,-10.291,24.847,-7.6828,-16.494,-18.99,-10.403,-12.169,-0.62204
-4.2114,14.783,26.221,-1.9798,-10.024,23.397,-8.846,-17.955,-21.263,-12.87,-14.586,-2.7717
-5.3264,9.9754,24.239,0.085856,-9.6723,20.955,-10.124,-19.427,-23.426,-15.058,-16.668,-4.3123
-6.3866,6.0947,22.257,1.759,-9.2384,17.401,-11.517,-20.934,-25.476,-16.983,-18.496,-5.5296
-7.3362,3.0499,20.026,3.2791,-8.7558,13.284,-13.007,-22.505,-27.46,-18.733,-20.149,-6.6048
-8.141,0.49653,17.502,4.6976,-8.2527,9.2238,-14.537,-24.142,-29.419,-20.38,-21.621,-7.5986
-8.788,-1.8217,14.79,6.0004,-7.7272,5.4598,-16.012,-25.818,-31.356,-21.941,-22.833,-8.5089
-9.2782,-4.0081,11.992,7.1843,-7.1492,1.9994,-17.347,-27.482,-33.221,-23.398,-23.716,-9.3182
-9.6259,-6.0556,9.1584,8.2621,-6.4841,-1.1208,-18.502,-29.09,-34.946,-24.73,-24.275,-10.022
-9.8616,-7.9028,6.3487,9.247,-5.7211,-3.7744,-19.474,-30.628,-36.47,-25.924,-24.597,-10.638
-10.029,-9.4838,3.693,10.141,-4.8917,-5.8068,-20.28,-32.12,-37.76,-26.948,-24.798,-11.201
-10.172,-10.767,1.4274,10.929,-4.0695,-7.12,-20.937,-33.606,-38.809,-27.764,-24.963,-11.741
-10.316,-11.767,-0.1796,11.573,-3.3459,-7.7304,-21.457,-35.083,-39.612,-28.342,-25.116,-12.27
-10.45,-12.525,-1.0076,12.022,-2.7927,-7.7692,-21.83,-36.418,-40.127,-28.65,-25.218,-12.765
-10.52,-13.05,-1.1672,12.232,-2.4378,-7.4304,-22.025,-37.242,-40.203,-28.597,-25.178,-13.165
-10.455,-13.292,-0.91203,12.197,-2.2655,-6.9074,-21.994,-36.924,-39.486,-27.945,-24.862,-13.384
-10.205,-13.173,-0.5063,11.952,-2.2294,-6.3593,-21.689,-34.745,-37.296,-26.199,-24.089,-13.333
-9.7617,-12.67,-0.128,11.548,-2.262,-5.9084,-21.274,-31.233,-33.283,-23.265,-22.732,-12.959
-9.1316,-11.873,0.16925,11.019,-2.2765,-5.6408,-22.577,-36.973,-35.117,-24.149,-21.415,-12.263
-8.3538,-10.987,0.4268,10.414,-2.1697,-5.5806,-29.855,-54.668,-46.671,-31.586,-23.43,-11.332
-8.002,-10.309,0.69756,10.113,-1.833,-5.6425,-32.004,-58.581,-48.803,-33.735,-27.91,-10.461
-11.902,-10.216,0.99715,12.046,-1.2099,-5.6003,-31.292,-62.976,-51.349,-35.769,-29.028,-11.429
-17.8,-11.326,1.3658,18.568,-0.55823,-5.1172,-30.074,-66.973,-54.127,-37.501,-29.941,-18.4
-20.299,-14.474,1.9423,22.06,-2.5746,-3.7926,-28.241,-68.034,-55.454,-37.822,-30.235,-20.497
-21.354,-16.419,2.9299,20.773,-14.174,-1.0904,-24.294,-61.756,-52.203,-34.768,-28.263,-18.717
-19.969,-9.7845,4.5328,16.466,-17.182,3.7038,-16.873,-42.111,-40.203,-25.792,-22.143,-13.737
-15.329,1.6769,6.8676,9.3138,-18.198,10.811,-5.2374,-3.2998,-15.27,-8.6153,-10.973,-6.1953
-7.0694,14.576,9.5351,-0.78729,-17.424,20.268,11.995,56.825,25.405,18.012,5.5026,2.9015
4.5279,27.782,11.409,-12.897,-14.454,28.475,36.017,135.69,82.08,54.1,27.744,13.318
18.799,39.453,11.557,-25.855,-8.4047,32.54,65.131,227.05,152.11,98.735,56.131,25.504
35.791,48.53,9.93,-39.39,2.2877,32.76,94.105,320.82,230.5,150.43,91.218,40.799
57.149,56.988,6.9123,-54.863,19.871,33.395,115.27,404.02,311.24,209.33,134.34,62.203
85.936,69.88,2.8747,-75.621,44.853,36.206,120.73,463.2,388.96,276.85,187.97,94.006
125.63,92.571,-5.5287,-106.32,73.374,40.531,102.98,487.12,459.82,352.35,256.81,140.76
178.46,130.08,-25.152,-151.2,105.75,51.311,54.352,468.91,520.46,435.92,344.35,206.52
244.87,185.82,-39.026,-212.49,142.92,72.165,-27.89,407.3,568.85,527.94,451.21,293.03
323.83,259.65,-45.028,-289.58,184.47,106.96,-141.06,306.96,604.75,628.1,576.1,398.92
412.3,348.54,-45.226,-378.98,228.79,153.7,-278.55,177.82,629.07,734.4,714.92,519.85
504.71,445.21,-41.922,-474.25,273.17,204.7,-431.01,33.344,643.9,842.93,860.59,648.37
593.13,538.74,-35.77,-565.98,314.67,253.63,-587.9,-111.8,651.25,947.08,1002.7,774
668.43,615.44,-31.503,-642.71,351.11,292.21,-738.73,-244.21,651.47,1036.5,1127.4,883.48
721.55,660.86,-37.28,-692.58,380.9,311.15,-873.73,-353.8,642.11,1097,1217.3,961.81
744.88,662.72,-57.55,-705.42,402.7,301.67,-983.87,-435.26,617.9,1112.7,1254.7,994.53
733.6,614.23,-94.064,-675.23,415.26,259.04,-1061.1,-488.35,572.27,1070.7,1225.9,971.44
686.78,517.47,-144.02,-602.6,416.75,185.52,-1099,-516.38,500.36,965.98,1126.4,890.4
608,384.83,-198.97,-495.9,404.57,91.544,-1094.9,-524.17,402.61,805.44,963.91,759.34
505.11,237.1,-246.55,-369.84,376.22,-6.1866,-1050.4,-517.06,285.69,607.28,757.65,595.44
389.28,97.81,-274.18,-242,330.97,-89.665,-971.84,-500.25,160.62,397.06,534.54,421.2
273.19,-13.341,-273.54,-128.6,271.45,-145.1,-868.7,-477.75,40.058,201.14,322.69,259.06
168.85,-85.251,-243.96,-41.003,203.97,-166.71,-751.69,-451.21,-64.306,40.462,145.09,126.25
85.257,-117,-192.66,16.062,136.93,-157.59,-630.94,-419.63,-143.38,-73.016,15.472,31.795
26.822,-116.18,-131.97,44.37,78.382,-127.68,-515,-380.39,-191.6,-136.91,-62.832,-23.835
-5.7041,-94.857,-74.996,50.406,33.626,-89.411,-410.39,-332.1,-207.57,-156.86,-95.6,-47.286
-16.085,-65.599,-30.888,42.534,6.4698,-53.234,-321.18,-276.44,-194.55,-144.2,-95.431,-49.031
-13.391,-38.484,-4.8714,28.627,-2.4167,-26.432,-249.02,-216.63,-160.26,-113.24,-76.236,-38.532
-4.4399,-19.559,4.5552,15.043,-2.3637,-12.383,-193.54,-156.9,-115.44,-76.622,-48.502,-23.477
4.0105,-10.73,3.3093,5.9818,1.3258,-9.9571,-152.79,-102.44,-70.009,-42.849,-21.715,-10.167
8.593,-11.228,-2.814,2.2997,5.3028,-14.92,-123.43,-57.184,-28.712,-17.2,-2.1867,-1.824
10.035,-19.196,-8.1766,2.8119,8.0269,-21.105,-101.51,-23.469,-1.8505,-2.309,8.1375,1.2699
9.5273,-22.318,-10.062,8.2835,9.3619,-24.529,-84.738,-2.6295,9.8148,3.0687,10.353,0.47903
6.4465,-24.132,-9.3168,9.5204,9.7385,-25.628,-71.297,7.7756,13.382,1.8786,5.8837,-10.099
1.0707,-24.329,-7.53,9.6753,6.1323,-24.549,-59.486,11.666,12.981,-2.6317,-1.2136,-12.491
0.2396,-22.002,-4.1692,9.4237,4.567,-21.112,-50.07,12.133,11.369,-6.534,-6.6214,-13.309
-0.13105,-19.484,-2.4138,8.9669,3.8489,-17.837,-42.901,11.298,9.7349,-9.2776,-9.947,-13.497
-0.3098,-17.948,-1.6756,8.6111,3.3836,-15.909,-36.873,10.462,6.415,-11.066,-8.4173,-13.517
-0.46143,-17.437,-1.5603,8.5397,3.1443,-15.398,-31.441,6.4244,-0.41352,-9.0844,-7.2146,-13.898
-0.68187,-17.729,-1.9875,8.7821,3.052,-15.927,-26.811,5.7543,0.6943,-8.1504,-7.1365,-14.6
-0.99587,-18.548,-2.7448,9.2817,3.0073,-17.057,-23.148,9.1898,2.0464,-8.1096,-7.4596,-15.405
-1.407,-19.636,-3.5145,9.9454,2.9144,-18.396,-20.439,12.518,2.7658,-8.2955,-7.9147,-16.205
-1.9075,-20.788,-4.0035,10.676,2.7095,-19.657,-18.336,15.337,3.0537,-8.5257,-8.3997,-16.956
-2.467,-21.873,-4.0448,11.393,2.3836,-20.674,-16.639,17.77,3.1706,-8.706,-8.8707,-17.603
-3.0332,-22.83,-3.629,12.038,1.9833,-21.371,-15.051,19.958,3.3069,-8.7745,-9.2752,-18.084
-3.5481,-23.642,-2.8834,12.575,1.585,-21.733,-13.243,21.968,3.5615,-8.7005,-9.5563,-18.371
-3.9624,-24.32,-2.0367,12.988,1.2621,-21.821,-11.134,23.824,3.9554,-8.4935,-9.6851,-18.473
-4.2425,-24.901,-1.3696,13.286,1.0675,-21.819,-8.9601,25.548,4.4596,-8.1978,-9.6729,-18.428
-4.3756,-25.453,-1.1456,13.496,1.0296,-21.999,-7.0019,27.179,5.0236,-7.8702,-9.5588,-18.29
-4.3733,-26.052,-1.5307,13.664,1.1478,-22.601,-5.3835,28.77,5.5998,-7.5569,-9.3901,-18.116
-4.2709,-26.732,-2.5244,13.824,1.3892,-23.7,-4.103,30.367,6.1605,-7.2809,-9.205,-17.95
-4.1143,-27.461,-3.9441,13.988,1.6953,-25.163,-3.1118,32.001,6.7086,-7.0392,-9.0214,-17.812
-3.9382,-28.141,-5.4859,14.137,2.0027,-26.734,-2.3498,33.692,7.2783,-6.811,-8.8326,-17.687
-3.7495,-28.653,-6.8286,14.23,2.2678,-28.133,-1.7482,35.449,7.924,-6.569,-8.6131,-17.531
-3.5288,-28.899,-7.7236,14.215,2.4783,-29.124,-1.2313,37.267,8.699,-6.2926,-8.3327,-17.294
-3.2433,-28.828,-8.0444,14.052,2.6444,-29.564,-0.72606,39.124,9.6328,-5.9774,-7.9754,-16.95
-2.8595,-28.434,-7.7923,13.71,2.7794,-29.409,-0.1769,40.983,10.715,-5.6381,-7.551,-16.514
-2.355,-27.732,-7.0762,13.175,2.8913,-28.695,0.44097,42.817,11.89,-5.3011,-7.0935,-16.035
-1.7302,-26.76,-6.0847,12.457,2.9896,-27.544,1.1155,44.629,13.066,-4.9906,-6.6458,-15.572
-1.0149,-25.601,-5.0494,11.607,3.0925,-26.188,1.8088,46.472,14.152,-4.7146,-6.242,-15.166
-0.26518,-24.392,-4.1892,10.707,3.2226,-24.922,2.4845,48.432,15.106,-4.4561,-5.8946,-14.821
0.4492,-23.285,-3.6481,9.8467,3.3941,-23.989,3.1332,50.587,15.975,-4.1735,-5.5905,-14.504
1.0658,-22.39,-3.4603,9.094,3.6038,-23.48,3.7771,52.958,16.875,-3.8119,-5.3003,-14.161
1.5536,-21.713,-3.5617,8.4736,3.832,-23.334,4.455,55.483,17.945,-3.3221,-4.993,-13.747
1.9279,-21.149,-3.8307,7.9599,4.0519,-23.386,5.2029,58.054,19.293,-2.6765,-4.6504,-13.25
2.2418,-20.524,-4.1325,7.4799,4.2403,-23.421,6.0378,60.569,20.958,-1.8783,-4.2732,-12.703
2.5566,-19.697,-4.3554,6.9483,4.3841,-23.239,6.9502,62.972,22.879,-0.96212,-3.8788,-12.161
2.9102,-18.635,-4.4378,6.3208,4.48,-22.72,7.9037,65.256,24.887,0.014653,-3.4929,-11.676
3.306,-17.424,-4.3789,5.6218,4.5307,-21.877,8.845,67.465,26.772,0.99064,-3.1369,-11.277
3.7254,-16.22,-4.2281,4.9289,4.5424,-20.857,9.7238,69.692,28.414,1.9292,-2.8171,-10.953
4.1491,-15.176,-4.057,4.3292,4.5239,-19.865,10.518,72.051,29.863,2.8397,-2.5188,-10.66
4.5677,-14.377,-3.9258,3.8738,4.4862,-19.061,11.246,74.648,31.322,3.7747,-2.2111,-10.335
4.9805,-13.816,-3.8574,3.555,4.4406,-18.496,11.952,77.531,33.04,4.8085,-1.8607,-9.9239
5.3983,-13.397,-3.8254,3.3124,4.3964,-18.096,12.681,80.674,35.2,6.0135,-1.4451,-9.4076
5.8536,-12.966,-3.7618,3.0572,4.358,-17.68,13.447,83.981,37.814,7.4408,-0.96019,-8.8097
6.399,-12.364,-3.5837,2.7057,4.3267,-17.036,14.226,87.34,40.703,9.1036,-0.4161,-8.1791
7.0867,-11.502,-3.2331,2.2083,4.3036,-16.023,14.972,90.677,43.602,10.964,0.17716,-7.5601
7.9414,-10.392,-2.7082,1.5671,4.2938,-14.656,15.647,94.002,46.32,12.943,0.82856,-6.9704
8.9485,-9.1436,-2.0659,0.83281,4.3065,-13.106,16.249,97.403,48.823,14.958,1.5825,-6.3999
10.064,-7.9033,-1.3974,0.080114,4.351,-11.606,16.81,101,51.21,16.95,2.525,-5.8229
11.238,-6.7935,-0.79349,-0.62265,4.4304,-10.335,17.377,104.89,53.646,18.89,3.7723,-5.2137
12.44,-5.8758,-0.31613,-1.2375,4.5381,-9.3607,17.984,109.09,56.295,20.772,5.4343,-4.5587
13.667,-5.146,0.012799,-1.7663,4.6614,-8.6508,18.635,113.51,59.267,22.6,7.5514,-3.8595
14.947,-4.5589,0.2028,-2.2439,4.7897,-8.1138,19.306,118.02,62.592,24.378,10.034,-3.1278
16.313,-4.0651,0.27522,-2.7222,4.9227,-7.6642,19.968,122.48,66.231,26.111,12.676,-2.3789
17.781,-3.6352,0.24642,-3.2561,5.0734,-7.2678,20.602,126.82,70.097,27.827,15.26,-1.6253
19.326,-3.2583,0.12251,-3.8995,5.263,-6.9387,21.208,131.08,74.095,29.584,17.66,-0.87572
20.894,-2.9245,-0.092193,-4.7092,5.5083,-6.7022,21.795,135.36,78.138,31.452,19.852,-0.13652
22.428,-2.6106,-0.38361,-5.76,5.8084,-6.5584,22.37,139.79,82.157,33.47,21.867,0.58376
23.897,-2.2762,-0.7211,-7.1643,6.1389,-6.4751,22.923,144.43,86.114,35.618,23.747,1.2734
25.311,-1.8705,-1.0628,-9.0613,6.4645,-6.4044,23.439,149.32,90.024,37.836,25.526,1.9248
26.722,-1.3387,-1.3673,-11.51,6.7638,-6.3053,23.906,154.44,93.951,40.087,27.231,2.5489
28.213,-0.62893,-1.603,-14.329,7.0451,-6.1531,24.326,159.77,97.994,42.385,28.904,3.1869
29.858,0.2912,-1.7532,-17.154,7.3371,-5.9331,24.711,165.32,102.27,44.783,30.636,3.9146
31.695,1.4125,-1.8116,-19.749,7.6699,-5.626,25.066,171.09,106.9,47.34,32.602,4.8412
33.71,2.6917,-1.7538,-22.12,8.0679,-5.1983,25.386,177.08,112.02,50.118,35.002,6.0998
35.853,4.1075,-1.5225,-24.381,8.5494,-4.6025,25.651,183.2,117.63,53.177,37.878,7.807
38.048,5.7055,-1.062,-26.641,9.1214,-3.7991,25.849,189.39,123.56,56.538,40.988,9.9742
40.214,7.5665,-0.37146,-28.962,9.7647,-2.7895,25.976,195.6,129.43,60.128,44.022,12.444
42.279,9.7293,0.46759,-31.348,10.436,-1.6361,26.048,201.83,134.92,63.796,46.849,14.971
44.202,12.142,1.3045,-33.75,11.101,-0.45614,26.09,208.14,139.91,67.407,49.508,17.381
45.982,14.673,1.9572,-36.101,11.774,0.60876,26.129,214.63,144.57,70.945,52.097,19.635
47.65,17.18,2.263,-38.344,12.521,1.4315,26.186,221.35,149.23,74.523,54.719,21.779
49.257,19.567,2.1305,-40.434,13.431,1.9354,26.27,228.34,154.29,78.321,57.467,23.879
50.859,21.802,1.5719,-42.338,14.59,2.1141,26.372,235.53,160.08,82.498,60.43,25.99
52.504,23.875,0.70399,-44.031,16.072,2.0301,26.481,242.86,166.72,87.124,63.697,28.138
54.23,25.757,-0.28293,-45.522,17.939,1.7934,26.584,250.28,174.07,92.15,67.331,30.328
56.069,27.434,-1.1751,-46.861,20.186,1.5321,26.677,257.78,181.72,97.412,71.316,32.565
58.057,28.949,-1.801,-48.122,22.663,1.3665,26.757,265.4,189.16,102.66,75.529,34.879
60.226,30.416,-2.086,-49.379,25.1,1.3776,26.831,273.26,196.07,107.64,79.791,37.307
62.579,31.965,-2.0701,-50.71,27.316,1.5716,26.9,281.47,202.45,112.26,83.971,39.825
65.084,33.676,-1.889,-52.229,29.311,1.872,26.964,290.07,208.59,116.62,88.046,42.321
67.703,35.56,-1.7347,-54.087,31.161,2.1649,27.008,298.99,214.94,120.93,92.07,44.687
70.429,37.598,-1.8123,-56.382,32.931,2.3715,27.014,308.03,221.85,125.44,96.095,46.914
73.296,39.738,-2.2995,-59.071,34.674,2.4821,26.966,316.98,229.45,130.28,100.14,49.08
76.358,41.943,-3.2742,-62.003,36.461,2.5355,26.86,325.72,237.64,135.47,104.18,51.275
79.653,44.208,-4.6499,-65.034,38.378,2.5872,26.707,334.24,246.13,140.96,108.22,53.562
83.166,46.544,-6.2012,-68.094,40.496,2.6928,26.523,342.64,254.58,146.66,112.26,55.963
86.824,48.965,-7.6504,-71.166,42.833,2.9141,26.322,351.05,262.72,152.38,116.28,58.468
90.53,51.5,-8.752,-74.252,45.337,3.3312,26.103,359.55,270.41,157.93,120.21,61.056
94.207,54.193,-9.3558,-77.345,47.901,4.0289,25.845,368.18,277.68,163.16,124,63.693
97.813,57.095,-9.4439,-80.444,50.399,5.0651,25.512,376.82,284.66,168.09,127.64,66.321
101.34,60.249,-9.1283,-83.565,52.737,6.4403,25.062,385.28,291.58,172.88,131.23,68.885
104.83,63.65,-8.6093,-86.736,54.908,8.075,24.457,393.36,298.67,177.7,134.88,71.367
108.33,67.228,-8.1339,-89.966,56.996,9.8195,23.673,400.93,306.01,182.72,138.72,73.811
111.93,70.825,-7.9808,-93.223,59.135,11.504,22.694,408.03,313.49,187.93,142.8,76.287
115.63,74.231,-8.4218,-96.455,61.427,12.989,21.511,414.75,320.83,193.23,147.07,78.845
119.39,77.266,-9.5939,-99.65,63.875,14.184,20.141,421.16,327.71,198.43,151.41,81.476
123.13,79.865,-11.367,-102.85,66.363,15.036,18.622,427.28,333.96,203.31,155.68,84.14
126.77,82.117,-13.378,-106.1,68.718,15.564,16.989,433.01,339.57,207.73,159.74,86.813
130.29,84.198,-15.218,-109.37,70.809,15.904,15.256,438.19,344.66,211.63,163.51,89.5
133.66,86.29,-16.599,-112.55,72.618,16.286,13.442,442.7,349.37,215.08,166.99,92.197
136.89,88.519,-17.404,-115.52,74.235,16.933,11.598,446.52,353.79,218.2,170.24,94.893
139.99,90.929,-17.664,-118.27,75.803,17.957,9.8057,449.74,358.02,221.19,173.37,97.59
142.99,93.457,-17.507,-120.83,77.455,19.336,8.1321,452.44,362.08,224.25,176.54,100.31
145.88,95.98,-17.098,-123.26,79.264,20.945,6.6174,454.7,365.91,227.48,179.85,103.06
148.6,98.358,-16.63,-125.53,81.194,22.616,5.2741,456.59,369.42,230.72,183.34,105.83
151.02,100.46,-16.305,-127.6,83.069,24.157,4.0933,458.09,372.49,233.67,186.82,108.51
153.05,102.21,-16.248,-129.39,84.657,25.382,3.0557,459.19,375.03,236.05,189.96,110.98
154.67,103.59,-16.449,-130.89,85.83,26.158,2.1415,459.85,377.01,237.82,192.5,113.16
155.88,104.68,-16.794,-132.11,86.603,26.461,1.3288,460.05,378.42,239.08,194.38,115
156.74,105.63,-17.113,-133.09,87.047,26.416,0.58398,459.74,379.29,239.94,195.74,116.55
157.28,106.61,-17.218,-133.92,87.225,26.294,-0.12583,458.84,379.59,240.5,196.72,117.85
157.53,107.7,-16.935,-134.68,87.213,26.392,-0.81525,457.18,379.32,240.81,197.44,118.98
157.48,108.8,-16.178,-135.37,87.102,26.887,-1.4802,454.47,378.46,240.88,197.97,120.01
157.17,109.75,-15.012,-135.92,86.976,27.748,-2.1089,450.4,376.99,240.69,198.37,120.98
156.66,110.42,-13.683,-136.22,86.872,28.741,-2.6933,444.83,374.89,240.15,198.62,121.91
156.05,110.7,-12.54,-136.13,86.77,29.523,-3.2401,438.06,372.11,239.16,198.71,122.76
155.3,110.45,-11.864,-135.53,86.614,29.786,-3.7777,430.58,368.58,237.63,198.58,123.41
154.28,109.55,-11.704,-134.36,86.299,29.376,-4.3518,422.73,364.2,235.42,198.15,123.78
152.85,108.02,-11.88,-132.62,85.674,28.357,-5.011,414.5,358.84,232.45,197.3,123.8
150.89,105.99,-12.091,-130.36,84.616,26.989,-5.7894,405.6,352.4,228.7,195.9,123.46
148.33,103.71,-12.029,-127.63,83.041,25.643,-6.6923,395.68,344.85,224.25,193.82,122.74
145.14,101.38,-11.458,-124.52,80.867,24.685,-7.6904,384.44,336.29,219.24,191,121.66
141.32,99.156,-10.289,-121.17,78.009,24.342,-8.7271,371.73,326.85,213.84,187.5,120.25
136.96,97.086,-8.6209,-117.81,74.447,24.608,-9.7372,357.64,316.66,208.09,183.4,118.55
132.21,95.15,-6.7013,-114.66,70.303,25.246,-10.668,342.46,305.75,201.97,178.84,116.62
127.18,93.267,-4.8407,-111.79,65.865,25.891,-11.492,326.6,294.12,195.41,173.84,114.5
122.02,91.261,-3.3239,-109,61.503,26.189,-12.211,310.44,281.74,188.3,168.39,112.24
116.9,88.896,-2.341,-105.9,57.495,25.903,-12.844,294.21,268.63,180.6,162.4,109.87
111.92,85.988,-1.9281,-102.11,53.854,25.005,-13.414,277.98,254.9,172.31,155.84,107.36
107.07,82.527,-1.947,-97.554,50.365,23.697,-13.931,261.67,240.77,163.5,148.71,104.69
102.22,78.687,-2.1384,-92.503,46.769,22.302,-14.391,245.21,226.52,154.36,141.15,101.77
97.218,74.72,-2.2155,-87.394,42.899,21.099,-14.778,228.55,212.38,145.21,133.38,98.548
91.937,70.831,-1.9339,-82.502,38.771,20.241,-15.073,211.79,198.45,136.36,125.62,95.06
86.33,67.111,-1.1388,-77.883,34.596,19.745,-15.259,195.17,184.72,127.92,118.1,91.491
80.523,63.548,0.19079,-73.497,30.6,19.52,-15.331,178.94,171.17,119.82,111,88.07
74.732,60.083,1.9235,-69.306,26.85,19.402,-15.291,163.36,157.78,111.91,104.43,84.908
69.117,56.665,3.8361,-65.284,23.319,19.201,-15.156,148.59,144.63,104.07,98.366,81.967
63.733,53.299,5.7287,-61.407,20.004,18.751,-14.952,134.66,131.84,96.264,92.644,79.126
58.582,50.042,7.4946,-57.64,16.891,17.972,-14.72,121.45,119.56,88.558,87.043,76.245
53.666,46.913,9.1175,-53.957,13.907,16.929,-14.506,108.69,107.96,81.096,81.372,73.191
48.998,43.796,10.636,-50.38,10.993,15.817,-14.362,96.154,97.142,74.049,75.522,69.866
44.608,40.499,12.095,-46.974,8.2583,14.828,-14.322,83.661,87.084,67.509,69.486,66.259
40.54,36.906,13.48,-43.731,6.0082,14.02,-14.393,71.254,77.675,61.441,63.38,62.464
36.785,33.022,14.652,-40.493,4.3917,13.282,-14.533,59.227,68.76,55.731,57.452,58.659
33.236,28.895,15.422,-37.065,3.2067,12.399,-14.667,48.036,60.205,50.258,51.976,54.992
29.72,24.587,15.72,-33.353,2.1629,11.173,-14.711,38.037,51.952,44.911,47.057,51.501
26.125,20.216,15.67,-29.408,1.0947,9.567,-14.617,29.261,44.037,39.603,42.577,48.131
22.493,15.99,15.492,-25.387,-0.031696,7.7624,-14.391,21.514,36.575,34.31,38.32,44.83
18.973,12.156,15.367,-21.473,-1.1895,6.0557,-14.086,14.832,29.703,29.181,34.116,41.628
15.683,8.8992,15.386,-17.788,-2.3502,4.6769,-13.774,9.4821,23.482,24.622,29.986,38.619
12.642,6.3087,15.563,-14.357,-3.4965,3.7056,-13.504,5.3681,18.033,21.01,26.154,35.854
9.8123,4.3688,15.845,-11.14,-4.6083,3.09,-13.289,2.098,13.632,18.243,22.804,33.258
7.2093,2.9528,16.119,-8.1583,-5.6483,2.6863,-13.094,-0.62892,10.287,15.837,19.872,30.701
4.9809,1.8633,16.244,-5.5654,-6.5659,2.3119,-12.852,-2.9734,7.6789,13.314,17.135,28.12
3.2862,0.91324,16.099,-3.5145,-7.3149,1.8129,-12.505,-5.0185,5.5136,10.495,14.38,25.549
2.1109,-0.018682,15.63,-2.0019,-7.8743,1.1123,-12.028,-6.8085,3.6363,7.6472,11.534,23.072
1.296,-0.97751,14.876,-0.88837,-8.2579,0.22501,-11.447,-8.3686,1.9803,5.2509,8.7385,20.731
0.67474,-1.9431,13.968,-0.020478,-8.5115,-0.75727,-10.83,-9.7214,0.51393,3.5219,6.277,18.479
0.14254,-2.851,13.089,0.69353,-8.698,-1.6995,-10.261,-10.897,-0.7837,2.3329,4.3539,16.2
-0.34731,-3.626,12.406,1.2869,-8.8761,-2.4725,-9.8033,-11.934,-1.9288,1.4648,2.96,13.833
-0.80967,-4.2198,11.998,1.7718,-9.0773,-3.001,-9.4752,-12.871,-2.9285,0.77125,1.9472,11.491
-1.2455,-4.6369,11.816,2.1679,-9.2928,-3.2857,-9.2418,-13.73,-3.7773,0.19819,1.1747,9.4294
-1.6488,-4.9331,11.726,2.5105,-9.4797,-3.3933,-9.0361,-14.513,-4.4622,-0.25223,0.57127,7.8416
-2.0104,-5.1901,11.563,2.8402,-9.5844,-3.4246,-8.7921,-15.204,-4.9744,-0.56515,0.11571,6.7525
-2.3239,-5.4756,11.204,3.1858,-9.5751,-3.4732,-8.4763,-15.781,-5.3236,-0.74581,-0.20446,6.0753
-2.5934,-5.8092,10.648,3.5514,-9.4666,-3.5817,-8.099,-16.233,-5.5449,-0.83215,-0.41966,5.6833
-2.8368,-6.151,10.049,3.9126,-9.325,-3.7211,-7.7032,-16.566,-5.6909,-0.88516,-0.58293,5.4405
-3.0781,-6.4249,9.6301,4.2306,-9.2389,-3.8141,-7.3459,-16.798,-5.8134,-0.96431,-0.75389,5.2238
-3.334,-6.5695,9.5344,4.4755,-9.2673,-3.7954,-7.0764,-16.95,-5.9433,-1.1046,-0.97403,4.9471
-3.6036,-6.5798,9.7447,4.6403,-9.406,-3.6645,-6.916,-17.039,-6.0855,-1.3079,-1.252,4.5743
-3.8685,-6.5036,10.124,4.7381,-9.6021,-3.4821,-6.8522,-17.082,-6.2259,-1.5481,-1.5656,4.1148
-4.1032,-6.4056,10.512,4.7896,-9.7953,-3.3256,-6.8475,-17.089,-6.3477,-1.7843,-1.8735,3.6171
-4.29,-6.3353,10.795,4.8153,-9.9482,-3.2507,-6.8549,-17.065,-6.437,-1.9768,-2.128,3.1526
-4.43,-6.3187,10.923,4.8368,-10.05,-3.2746,-6.828,-16.998,-6.4861,-2.1023,-2.2891,2.7803
-4.5434,-6.3618,10.901,4.877,-10.105,-3.3747,-6.7286,-16.861,-6.4917,-2.1612,-2.3367,2.5161
-4.658,-6.4519,10.775,4.9547,-10.127,-3.4922,-6.5354,-16.62,-6.4556,-2.1755,-2.2798,2.3312
-4.7924,-6.5532,10.627,5.0712,-10.134,-3.5414,-6.2572,-16.255,-6.3869,-2.1818,-2.1549,2.1729
-4.9451,-6.6107,10.556,5.2031,-10.149,-3.4316,-5.9409,-15.775,-6.3038,-2.2193,-2.017,1.9865
-5.0984,-6.5717,10.643,5.3127,-10.196,-3.1082,-5.6551,-15.211,-6.2257,-2.317,-1.9205,1.7324
-5.2294,-6.4229,10.89,5.3729,-10.273,-2.5915,-5.454,-14.604,-6.1609,-2.4805,-1.9004,1.3974
-5.3195,-6.2173,11.178,5.3907,-10.341,-1.9907,-5.3472,-13.984,-6.0982,-2.6854,-1.9596,1.0007
-5.3606,-6.071,11.288,5.4118,-10.324,-1.4791,-5.2943,-13.361,-6.0103,-2.8844,-2.0697,0.58766
-5.3604,-6.121,11.003,5.502,-10.146,-1.2411,-5.2255,-12.732,-5.8688,-3.0273,-2.1836,0.21102
-5.3446,-6.4697,10.207,5.7165,-9.7729,-1.4136,-5.0773,-12.09,-5.6607,-3.085,-2.2573,-0.09305
-5.3478,-7.1434,8.9453,6.0774,-9.2293,-2.0456,-4.8205,-11.428,-5.3968,-3.0627,-2.2683,-0.31948
-5.3963,-8.0874,7.3859,6.5667,-8.589,-3.0859,-4.4678,-10.745,-5.1087,-2.9965,-2.2246,-0.4919
-5.4899,-9.1944,5.7205,7.1363,-7.9239,-4.4063,-4.0617,-10.041,-4.8338,-2.9364,-2.1598,-0.64505
-5.5948,-10.35,4.0858,7.7237,-7.2579,-5.8526,-3.6546,-9.3149,-4.5978,-2.9254,-2.1173,-0.80428
-5.6558,-11.472,2.5459,8.2714,-6.5586,-7.3,-3.289,-8.5673,-4.4016,-2.9838,-2.1336,-0.97686
-5.6267,-12.523,1.1234,8.7426,-5.7739,-8.6811,-2.9844,-7.7957,-4.2191,-3.1045,-2.2268,-1.1568
-5.4988,-13.5,-0.15568,9.1284,-4.8842,-9.9768,-2.7343,-6.9973,-4.0088,-3.2606,-2.3943,-1.3329
-5.3068,-14.407,-1.2536,9.4421,-3.9336,-11.186,-2.5103,-6.1702,-3.7322,-3.4194,-2.6161,-1.4938
-5.1077,-15.241,-2.1503,9.7056,-3.0141,-12.296,-2.2721,-5.3169,-3.3705,-3.5561,-2.8611,-1.6324
-4.9492,-15.984,-2.8644,9.9334,-2.2145,-13.281,-1.9845,-4.4485,-2.9337,-3.662,-3.097,-1.7495
-4.848,-16.598,-3.4411,10.121,-1.5793,-14.105,-1.6322,-3.5855,-2.4571,-3.748,-3.3021,-1.8562
-4.7861,-17.023,-3.9192,10.241,-1.1058,-14.718,-1.2284,-2.7523,-1.9883,-3.8395,-3.4741,-1.9711
-4.7211,-17.192,-4.3002,10.256,-0.76386,-15.061,-0.8095,-1.9655,-1.5647,-3.9638,-3.6283,-2.1142
-4.605,-17.066,-4.5434,10.136,-0.51201,-15.091,-0.4181,-1.2207,-1.1941,-4.1323,-3.7858,-2.2986
-4.402,-16.66,-4.5926,9.8748,-0.30508,-14.814,-0.081626,-0.48835,-0.84567,-4.3297,-3.9574,-2.5243
-4.0991,-16.036,-4.4016,9.4902,-0.10234,-14.277,0.20133,0.27961,-0.46054,-4.5204,-4.1391,-2.78
-3.71,-15.279,-3.9402,9.0186,0.11734,-13.541,0.45993,1.1336,0.024837,-4.6649,-4.3162,-3.0502
-3.2749,-14.461,-3.1977,8.503,0.33864,-12.654,0.73747,2.1089,0.65289,-4.7356,-4.4697,-3.3223
-2.8521,-13.623,-2.2014,7.9848,0.5133,-11.635,1.0733,3.2124,1.4278,-4.7249,-4.5815,-3.5909
-2.5003,-12.781,-1.046,7.4981,0.59592,-10.5,1.4871,4.415,2.3111,-4.6452,-4.6403,-3.8579
-2.2564,-11.947,0.093972,7.0671,0.58166,-9.3099,1.9708,5.6555,3.2306,-4.521,-4.6442,-4.1286
-2.1211,-11.146,0.99096,6.7007,0.51076,-8.1941,2.4901,6.855,4.1005,-4.3776,-4.6011,-4.4077
-2.0561,-10.42,1.4229,6.3902,0.44796,-7.3247,2.9977,7.9436,4.8516,-4.2301,-4.5234,-4.6973
-2.0006,-9.8122,1.2429,6.1136,0.45534,-6.8536,3.4532,8.8878,5.4584,-4.0794,-4.4198,-4.9962
-1.9021,-9.3654,0.44448,5.852,0.56493,-6.8463,3.8415,9.7037,5.9476,-3.9145,-4.2911,-5.2986
-1.7426,-9.0945,-0.81014,5.6021,0.76275,-7.2459,4.176,10.445,6.3788,-3.722,-4.1348,-5.5933
-1.5456,-8.9676,-2.2259,5.3738,0.99139,-7.8781,4.4858,11.171,6.8116,-3.4974,-3.9538,-5.8675
-1.3619,-8.9078,-3.4597,5.1784,1.1688,-8.4985,4.7982,11.919,7.2784,-3.25,-3.7625,-6.1127
-1.2452,-8.82,-4.2138,5.0166,1.2204,-8.8683,5.1258,12.683,7.7749,-3.0019,-3.5866,-6.3305
-1.2272,-8.6222,-4.3111,4.8752,1.1127,-8.8199,5.4619,13.419,8.2662,-2.7797,-3.4585,-6.5315
-1.3036,-8.2688,-3.7295,4.7306,0.86659,-8.2921,5.7852,14.065,8.7041,-2.6043,-3.4049,-6.7278
-1.4362,-7.7618,-2.5885,4.558,0.5418,-7.343,6.067,14.574,9.0468,-2.4826,-3.4357,-6.9253
-1.5704,-7.1463,-1.1071,4.3418,0.20669,-6.136,6.284,14.934,9.2744,-2.4041,-3.5369,-7.1222
-1.6567,-6.4925,0.45117,4.083,-0.082473,-4.8829,6.4274,15.169,9.3939,-2.3469,-3.6737,-7.3102
-1.6638,-5.8704,1.8277,3.7971,-0.28224,-3.77,6.5035,15.316,9.432,-2.2873,-3.7984,-7.4758
-1.5787,-5.3321,2.8068,3.5064,-0.35594,-2.9132,6.5276,15.402,9.4225,-2.2081,-3.8648,-7.6001
-1.4032,-4.9059,3.2554,3.2304,-0.27986,-2.3589,6.5164,15.43,9.3941,-2.1017,-3.8416,-7.6618
-1.1506,-4.5987,3.158,2.9795,-0.056571,-2.1048,6.4831,15.387,9.3654,-1.9691,-3.7222,-7.6448
-0.84102,-4.4025,2.6105,2.7551,0.28328,-2.1147,6.4353,15.254,9.3438,-1.8173,-3.5259,-7.5456
-0.49546,-4.3023,1.7704,2.5532,0.6973,-2.3303,6.378,15.03,9.3288,-1.6565,-3.2885,-7.3773
-0.129,-4.2829,0.79898,2.3698,1.1554,-2.6846,6.3179,14.733,9.3157,-1.496,-3.0466,-7.1623
0.25105,-4.3312,-0.18098,2.2031,1.6526,-3.1161,6.266,14.403,9.2984,-1.3435,-2.8237,-6.9213
0.63937,-4.4345,-1.1012,2.0548,2.1948,-3.5795,6.2365,14.08,9.2699,-1.205,-2.6248,-6.6633
1.0248,-4.5802,-1.9308,1.9295,2.769,-4.045,6.2421,13.788,9.2221,-1.0862,-2.44,-6.385
1.3903,-4.7563,-2.6487,1.8339,3.3285,-4.4929,6.2895,13.524,9.1471,-0.98922,-2.2544,-6.0797
1.7198,-4.9492,-3.2374,1.7738,3.8173,-4.9114,6.3736,13.255,9.0383,-0.91048,-2.058,-5.7493
2.0071,-5.1384,-3.7011,1.7464,4.2073,-5.2923,6.4747,12.93,8.8916,-0.84162,-1.8518,-5.4055
2.2604,-5.2947,-4.0702,1.7366,4.5103,-5.6238,6.5611,12.493,8.7068,-0.77488,-1.6472,-5.0645
2.505,-5.3871,-4.384,1.7196,4.7635,-5.8871,6.5999,11.91,8.4886,-0.70692,-1.4601,-4.741
2.7745,-5.3952,-4.6728,1.6702,5.0081,-6.0652,6.5732,11.18,8.2484,-0.63804,-1.3056,-4.4452
3.0942,-5.3174,-4.95,1.574,5.2731,-6.1518,6.4853,10.336,8.0005,-0.56946,-1.1916,-4.182
3.4654,-5.1688,-5.2101,1.4322,5.5652,-6.1514,6.3554,9.435,7.7577,-0.50273,-1.1164,-3.9508
3.8615,-4.9731,-5.4306,1.26,5.8666,-6.072,6.2013,8.5323,7.5258,-0.44108,-1.0702,-3.748
4.2374,-4.7543,-5.5786,1.0802,6.1407,-5.9213,6.0269,7.6601,7.3015,-0.38897,-1.0401,-3.5683
4.5399,-4.5319,-5.6243,0.91572,6.3424,-5.7086,5.8189,6.8168,7.0719,-0.34938,-1.016,-3.4075
4.7195,-4.3217,-5.5633,0.78482,6.4326,-5.453,5.5549,5.97,6.818,-0.32131,-0.99417,-3.262
4.7465,-4.1377,-5.4365,0.69907,6.3985,-5.1892,5.2193,5.0738,6.52,-0.29926,-0.97492,-3.1282
4.636,-3.9926,-5.3274,0.661,6.2705,-4.9617,4.8148,4.0907,6.1631,-0.27479,-0.95574,-3.0015
4.4545,-3.8904,-5.3188,0.66098,6.114,-4.8049,4.3643,3.0113,5.7413,-0.23937,-0.92561,-2.8744
4.2806,-3.8186,-5.4361,0.67739,5.991,-4.7212,3.9014,1.861,5.2572,-0.18897,-0.86671,-2.7349
4.1488,-3.7468,-5.6217,0.68316,5.9234,-4.6699,3.4565,0.69284,4.7199,-0.12941,-0.76395,-2.5716
4.036,-3.6337,-5.7554,0.65692,5.8861,-4.5772,3.0444,-0.42924,4.1417,-0.078099,-0.61525,-2.3817
3.8912,-3.4443,-5.6953,0.59359,5.8218,-4.3618,2.6605,-1.4493,3.5363,-0.059167,-0.4366,-2.176
3.6687,-3.1661,-5.3205,0.50892,5.6655,-3.9669,2.2836,-2.3336,2.9181,-0.094844,-0.26049,-1.976
3.3422,-2.8166,-4.5699,0.43449,5.3685,-3.3807,1.8854,-3.0775,2.3015,-0.19807,-0.12813,-1.8078
2.9082,-2.4363,-3.4703,0.40434,4.9163,-2.6404,1.444,-3.7031,1.6979,-0.36895,-0.074864,-1.6941
2.3864,-2.0747,-2.1405,0.44013,4.3379,-1.8242,0.95646,-4.2454,1.1134,-0.59525,-0.1114,-1.6461
1.8201,-1.7752,-0.76942,0.54265,3.7034,-1.0326,0.44548,-4.7358,0.54905,-0.85676,-0.21395,-1.658
1.2717,-1.5666,0.4261,0.69254,3.109,-0.3671,-0.047523,-5.1883,0.0013382,-1.1328,-0.33685,-1.7084
0.80882,-1.456,1.2551,0.85693,2.6496,0.096225,-0.48185,-5.5997,-0.53881,-1.4109,-0.44027,-1.7705
0.48445,-1.4255,1.6063,0.99838,2.3889,0.32735,-0.83705,-5.9585,-1.0874,-1.6926,-0.51192,-1.8263
0.31924,-1.4378,1.4823,1.0857,2.3374,0.34943,-1.1213,-6.2556,-1.6646,-1.99,-0.57144,-1.8771
0.29508,-1.4526,0.99776,1.1045,2.4492,0.22627,-1.3657,-6.4885,-2.2868,-2.3161,-0.65971,-1.9416
0.36197,-1.4438,0.34092,1.0633,2.6382,0.039156,-1.609,-6.6618,-2.9594,-2.6748,-0.81963,-2.0451
0.45486,-1.4069,-0.2866,0.98931,2.8089,-0.13624,-1.8803,-6.7832,-3.6724,-3.0574,-1.0764,-2.204
0.51553,-1.3556,-0.73133,0.91743,2.8926,-0.24697,-2.1866,-6.859,-4.4017,-3.445,-1.4249,-2.415
0.51293,-1.3095,-0.93071,0.87497,2.8772,-0.27044,-2.5094,-6.8901,-5.1133,-3.8121,-1.8295,-2.6551
0.45118,-1.2798,-0.90856,0.87071,2.8057,-0.2077,-2.8108,-6.8726,-5.7717,-4.1334,-2.2373,-2.8911
0.35848,-1.2582,-0.72246,0.8929,2.7345,-0.064005,-3.0466,-6.8031,-6.3486,-4.3902,-2.5964,-3.0933
0.26742,-1.2141,-0.40807,0.91508,2.6856,0.17017,-3.1832,-6.6874,-6.8316,-4.5773,-2.8737,-3.247
0.20442,-1.1019,0.030646,0.90423,2.6402,0.52002,-3.211,-6.5479,-7.2289,-4.7059,-3.0649,-3.3572
0.18962,-0.87862,0.58188,0.82945,2.5749,1.0041,-3.1491,-6.4214,-7.5667,-4.8011,-3.1941,-3.4439
0.23607,-0.52694,1.1879,0.67293,2.4913,1.6063,-3.0362,-6.3497,-7.8793,-4.8922,-3.2997,-3.5304
0.34568,-0.070501,1.7485,0.43965,2.4143,2.2667,-2.915,-6.3653,-8.1982,-5.0003,-3.4148,-3.6313
0.50672,0.4303,2.1551,0.15846,2.3768,2.8966,-2.8155,-6.4796,-8.5421,-5.1308,-3.5521,-3.7453
0.69648,0.9004,2.3305,-0.12767,2.4036,3.4088,-2.7461,-6.679,-8.9132,-5.2735,-3.7004,-3.8557
0.88779,1.2772,2.2592,-0.37637,2.5006,3.7459,-2.6932,-6.931,-9.2996,-5.411,-3.8336,-3.939
1.0552,1.5324,1.998,-0.55816,2.6498,3.9004,-2.6321,-7.1983,-9.6842,-5.5289,-3.9265,-3.978
1.1781,1.6796,1.6662,-0.66263,2.8112,3.9253,-2.5426,-7.4542,-10.055,-5.6238,-3.971,-3.9724
1.2413,1.7603,1.416,-0.69756,2.931,3.9242,-2.4208,-7.6869,-10.407,-5.7051,-3.9824,-3.9404
1.2357,1.8185,1.3828,-0.68224,2.9601,4.0081,-2.2766,-7.8923,-10.742,-5.788,-3.9922,-3.9067
1.1589,1.8785,1.6297,-0.64012,2.8749,4.2439,-2.1237,-8.0613,-11.053,-5.8829,-4.0319,-3.8871
1.0142,1.9565,2.1285,-0.59471,2.6874,4.6332,-1.9746,-8.1785,-11.326,-5.9898,-4.1213,-3.8804
0.80861,2.0806,2.7944,-0.56205,2.4344,5.1305,-1.8429,-8.2314,-11.551,-6.1008,-4.2651,-3.8719
0.55117,2.2673,3.5374,-0.53852,2.1542,5.6654,-1.7467,-8.2226,-11.726,-6.2047,-4.4535,-3.8449
0.25365,2.4776,4.2798,-0.49857,1.8772,6.1513,-1.7037,-8.1724,-11.863,-6.2907,-4.6647,-3.7903
-0.068427,2.6221,4.9295,-0.408,1.6295,6.4923,-1.7208,-8.1111,-11.98,-6.3499,-4.8696,-3.7111
-0.39733,2.6044,5.3605,-0.23809,1.4397,6.5911,-1.7828,-8.0678,-12.091,-6.3765,-5.0362,-3.6154
-0.71727,2.3525,5.4402,0.030167,1.3381,6.3585,-1.8519,-8.0591,-12.2,-6.3679,-5.1361,-3.5058
-1.0169,1.8355,5.0783,0.4028,1.3476,5.7392,-1.8813,-8.085,-12.302,-6.3236,-5.1525,-3.378
-1.2873,1.0756,4.2677,0.86575,1.4746,4.7444,-1.8357,-8.1317,-12.391,-6.2474,-5.0885,-3.2288
-1.5182,0.15169,3.092,1.3804,1.7075,3.4665,-1.7097,-8.179,-12.471,-6.1501,-4.9709,-3.0651
-1.6955,-0.81827,1.6962,1.8891,2.0239,2.0558,-1.5325,-8.2081,-12.556,-6.052,-4.8433,-2.9063
-1.8022,-1.7114,0.24322,2.33,2.3992,0.67702,-1.3572,-8.2076,-12.663,-5.9785,-4.7509,-2.779
-1.8212,-2.432,-1.1224,2.6532,2.8131,-0.52635,-1.2372,-8.1753,-12.805,-5.9526,-4.7238,-2.7074
-1.7416,-2.9286,-2.2962,2.8343,3.2508,-1.4494,-1.2034,-8.1171,-12.984,-5.987,-4.7678,-2.702
-1.5666,-3.1995,-3.2196,2.8825,3.6997,-2.0447,-1.2521,-8.0447,-13.187,-6.0808,-4.8653,-2.7565
-1.3194,-3.2897,-3.8761,2.8377,4.1414,-2.337,-1.3492,-7.9714,-13.397,-6.2218,-4.9854,-2.8507
-1.0406,-3.275,-4.2844,2.7557,4.548,-2.4086,-1.4475,-7.9081,-13.595,-6.3906,-5.0965,-2.9585
-0.77814,-3.232,-4.4825,2.6874,4.8856,-2.3563,-1.5062,-7.8598,-13.764,-6.5647,-5.1761,-3.0573
-0.57386,-3.2068,-4.5089,2.6608,5.122,-2.2511,-1.5071,-7.8263,-13.899,-6.7258,-5.2189,-3.1354
-0.45092,-3.202,-4.3923,2.6736,5.2366,-2.1224,-1.4623,-7.8065,-14.007,-6.8663,-5.2394,-3.1947
-0.4081,-3.1837,-4.1527,2.6995,5.2285,-1.9632,-1.41,-7.8015,-14.111,-6.9922,-5.2657,-3.2472
-0.42275,-3.1081,-3.8103,2.7047,5.1201,-1.7529,-1.3951,-7.812,-14.233,-7.1155,-5.324,-3.3044
-0.46151,-2.9505,-3.3999,2.665,4.9535,-1.4849,-1.4438,-7.834,-14.383,-7.2425,-5.4205,-3.3667
-0.49366,-2.7212,-2.9806,2.5754,4.7792,-1.1833,-1.548,-7.8567,-14.545,-7.363,-5.5334,-3.4192
-0.50236,-2.4579,-2.6238,2.4492,4.6393,-0.89496,-1.6673,-7.8649,-14.683,-7.4507,-5.6185,-3.4347
-0.49125,-2.2063,-2.3863,2.3108,4.5529,-0.66405,-1.7433,-7.8428,-14.746,-7.4713,-5.6247,-3.3828
-0.48452,-2.0009,-2.2853,2.1861,4.5088,-0.50836,-1.7183,-7.7767,-14.688,-7.3952,-5.5169,-3.2424
-0.51846,-1.8487,-2.2884,2.092,4.4683,-0.40307,-1.5524,-7.6559,-14.484,-7.2099,-5.2906,-3.0122
-0.62802,-1.7233,-2.3159,2.0297,4.3773,-0.27566,-1.2297,-7.4732,-14.137,-6.9254,-4.9733,-2.7112
-0.83036,-1.5681,-2.246,1.9829,4.1805,-0.01215,-0.7519,-7.2249,-13.681,-6.5678,-4.6107,-2.3688
-1.1172,-1.3078,-1.9191,1.9236,3.8279,0.52939,-0.1226,-6.9115,-13.154,-6.1659,-4.2495,-2.011
-1.4607,-0.85822,-1.1449,1.8223,3.2744,1.4973,0.66806,-6.539,-12.586,-5.7355,-3.9214,-1.6516
-1.8289,-0.13383,0.25626,1.657,2.4798,3.005,1.651,-6.1184,-11.983,-5.2729,-3.6345,-1.2892
-2.2004,0.94192,2.3278,1.4164,1.4165,5.073,2.8768,-5.6636,-11.337,-4.7595,-3.3743,-0.91027
-2.5698,2.4212,4.8799,1.0986,0.085104,7.6208,4.4067,-5.1887,-10.634,-4.173,-3.1116,-0.49594
-2.9422,4.3216,7.6926,0.70626,-1.4772,10.546,6.3006,-4.7043,-9.8603,-3.4972,-2.814,-0.025618
-3.3229,6.6472,10.791,0.24199,-3.213,13.792,8.599,-4.215,-9.0107,-2.7227,-2.4516,0.52236
-3.708,9.4481,14.358,-0.2984,-5.0695,17.328,11.295,-3.7168,-8.0882,-1.8398,-2.0008,1.1732
-4.0783,12.874,18.533,-0.93427,-6.9987,21.131,14.302,-3.1975,-7.1032,-0.83026,-1.449,1.9591
-4.4062,17.112,23.382,-1.7163,-8.946,25.181,17.494,-2.6408,-6.0692,0.33709,-0.78981,2.9203
-4.6656,22.127,28.896,-2.7581,-10.857,29.476,20.812,-2.0332,-5.0011,1.7036,-0.019513,4.1
-4.839,27.43,34.777,-4.2606,-12.693,34.011,24.289,-1.3687,-3.9088,3.3076,0.86859,5.535
-4.9172,32.381,40.253,-6.4243,-14.442,38.555,27.951,-0.64954,-2.794,5.1614,1.8874,7.2477
-4.8956,36.704,44.557,-9.1856,-16.114,42.553,31.768,0.11466,-1.6507,7.2366,3.058,9.2411
-4.7758,40.527,47.509,-12.146,-17.737,45.688,35.714,0.90654,-0.47244,9.4723,4.411,11.488
-4.5672,44.149,49.426,-14.952,-19.356,48.203,39.799,1.6999,0.73831,11.812,5.988,13.923
-4.286,47.856,50.896,-17.536,-21.007,50.621,44.015,2.4619,1.9654,14.215,7.8415,16.462
-3.9492,51.838,52.665,-19.986,-22.684,53.515,48.239,3.1602,3.1805,16.646,10.02,19.028
-3.5664,56.172,55.382,-22.41,-24.343,57.325,52.224,3.7698,4.3485,19.047,12.513,21.566
-3.1344,60.843,59.241,-24.896,-25.955,62.159,55.732,4.2729,5.4305,21.332,15.186,24.029
-2.6463,65.753,63.912,-27.494,-27.522,67.713,58.656,4.6524,6.3894,23.412,17.794,26.379
-2.1085,70.722,68.861,-30.202,-29.064,73.426,60.995,4.8863,7.1926,25.222,20.113,28.588
-1.5499,75.518,73.677,-32.942,-30.595,78.742,62.729,4.9504,7.8152,26.739,22.054,30.652
-1.017,79.926,78.188,-35.58,-32.134,83.346,63.734,4.8264,8.2479,27.971,23.649,32.575
-0.55408,83.844,82.414,-37.985,-33.705,87.241,63.794,4.5103,8.4979,28.966,24.986,34.37
-0.17928,87.314,86.455,-40.108,-35.318,90.652,62.701,4.0137,8.5878,29.792,26.161,36.046
0.12515,90.474,90.379,-41.999,-36.931,93.87,60.432,3.3599,8.5445,30.509,27.245,37.608
0.40038,93.476,94.153,-43.756,-38.444,97.125,57.222,2.5759,8.3875,31.133,28.26,39.049
0.68965,96.463,97.66,-45.469,-39.714,100.54,53.345,1.6858,8.1221,31.625,29.175,40.358
1.024,99.517,100.71,-47.262,-40.598,104.03,48.851,0.71018,7.7416,31.929,29.936,41.54
1.4194,102.52,102.99,-49.311,-40.976,107.21,43.557,-0.32938,7.2379,31.99,30.495,42.63
1.8754,105.09,104.19,-51.72,-40.774,109.5,37.22,-1.4052,6.6166,31.777,30.832,43.678
2.3712,106.86,104.23,-54.352,-39.99,110.59,29.724,-2.4834,5.9009,31.282,30.948,44.653
2.8645,107.61,103.29,-56.892,-38.706,110.5,21.226,-3.5309,5.1268,30.505,30.836,45.35
3.2984,107.3,101.52,-59.016,-37.054,109.4,12.32,-4.5252,4.3298,29.458,30.451,45.457
3.6143,105.87,98.895,-60.375,-35.191,107.38,4.2104,-5.4622,3.5314,28.157,29.717,44.755
3.768,103.37,95.313,-60.492,-33.272,104.41,-1.596,-6.3605,2.7292,26.615,28.568,43.24
3.7393,99.962,90.847,-58.861,-31.421,100.42,-4.2333,-7.2578,1.8967,24.834,26.981,41.069
3.5336,95.798,85.877,-55.283,-29.681,95.406,-4.1954,-8.2017,0.99396,22.818,24.997,38.451
3.1739,90.808,80.853,-50.159,-28.008,89.555,-3.038,-9.2368,-0.013171,20.583,22.69,35.551
2.6911,84.817,75.974,-44.411,-26.289,83.207,-2.1703,-10.393,-1.1346,18.138,20.118,32.447
2.1176,77.794,71.159,-38.897,-24.401,76.64,-2.0233,-11.679,-2.3515,15.494,17.32,29.159
1.4843,69.967,66.173,-33.88,-22.297,69.914,-2.3421,-13.081,-3.6253,12.714,14.365,25.709
0.81274,61.703,60.763,-29.164,-20.072,62.914,-2.8314,-14.566,-4.9162,9.9427,11.383,22.155
0.10383,53.35,54.773,-24.517,-17.904,55.513,-3.3669,-16.103,-6.2048,7.3326,8.5159,18.574
-0.65831,45.173,48.228,-19.883,-15.93,47.697,-3.9139,-17.678,-7.5042,4.939,5.8445,15.016
-1.4907,37.368,41.401,-15.329,-14.199,39.639,-4.4702,-19.313,-8.8628,2.7073,3.3611,11.495
-2.4061,30.092,34.773,-10.951,-12.712,31.822,-5.0662,-21.06,-10.353,0.52996,1.0051,8.0439
-3.4113,23.478,28.818,-6.8494,-11.463,24.956,-5.758,-22.979,-12.049,-1.6863,-1.2818,4.8189
-4.4986,17.572,23.805,-3.19,-10.444,19.541,-6.597,-25.108,-14.009,-3.9709,-3.5141,2.0812
-5.6457,12.242,19.799,-0.14566,-9.6418,15.583,-7.5966,-27.441,-16.245,-6.2785,-5.6594,-0.033839
-6.8227,7.265,16.742,2.2988,-9.024,12.569,-8.7236,-29.925,-18.724,-8.527,-7.6733,-1.6264
-7.994,2.6815,14.471,4.333,-8.5469,9.5529,-9.9297,-32.491,-21.378,-10.657,-9.5347,-2.8915
-9.1149,-1.0456,12.687,6.1298,-8.1694,5.7839,-11.195,-35.088,-24.14,-12.669,-11.255,-3.9873
-10.136,-3.6115,11.045,7.7395,-7.8738,2.0929,-12.539,-37.69,-26.964,-14.612,-12.858,-5.0095
-11.014,-5.2679,9.4443,9.1193,-7.6696,-0.16645,-13.983,-40.286,-29.811,-16.534,-14.355,-6.0073
-11.72,-6.4259,8.0818,10.222,-7.5705,-1.2476,-15.503,-42.838,-32.61,-18.441,-15.725,-6.9962
-12.247,-7.3296,7.1071,11.045,-7.5681,-1.8504,-17.018,-45.276,-35.25,-20.292,-16.932,-7.9659
-12.604,-8.0662,6.473,11.63,-7.6286,-2.3035,-18.432,-47.505,-37.607,-22.029,-17.951,-8.8913
-12.82,-8.6644,6.0548,12.035,-7.7109,-2.6952,-19.68,-49.444,-39.593,-23.604,-18.785,-9.7462
-12.936,-9.15,5.754,12.318,-7.7867,-3.0249,-20.74,-51.062,-41.196,-24.997,-19.463,-10.515
-12.998,-9.551,5.5318,12.531,-7.8501,-3.2577,-21.622,-52.404,-42.48,-26.227,-20.03,-11.198
-13.047,-9.8805,5.4051,12.697,-7.9125,-3.3465,-22.359,-53.578,-43.546,-27.342,-20.554,-11.806
-13.1,-10.121,5.4179,12.811,-7.9913,-3.2541,-22.986,-54.688,-44.48,-28.375,-21.095,-12.342
-13.135,-10.227,5.5983,12.838,-8.0955,-2.978,-23.524,-55.739,-45.289,-29.292,-21.654,-12.783
-13.091,-10.142,5.9249,12.742,-8.2123,-2.5686,-23.965,-56.535,-45.874,-29.981,-22.106,-13.062
-12.895,-9.8469,6.3184,12.51,-8.2988,-2.1344,-24.267,-56.635,-46.031,-30.284,-22.223,-13.089
-12.501,-9.3909,6.6565,12.151,-8.2886,-1.816,-24.381,-55.328,-45.374,-29.925,-21.747,-12.778
-11.906,-8.8853,6.8091,11.686,-8.1137,-1.7361,-24.39,-52.289,-43.309,-28.413,-20.508,-12.102
-11.135,-8.4497,6.6862,11.127,-7.7195,-1.948,-25.286,-53.911,-43.012,-27.655,-19.102,-11.131
-10.306,-8.1492,6.2765,10.493,-7.0533,-2.4067,-30.477,-60.905,-48.006,-31.965,-21.254,-10.085
-10.436,-7.9523,5.6531,9.93,-6.0356,-2.9705,-33.248,-63.334,-49.538,-33.689,-27.036,-9.5668
-14.768,-7.7297,4.949,10.236,-4.6653,-3.4318,-32.821,-66.665,-51.744,-35.433,-28.57,-11.648
-18.734,-7.3281,4.3517,14.401,-4.2092,-3.5649,-31.827,-70.369,-54.572,-37.49,-29.761,-17.414
-21.077,-6.8895,4.1612,20.919,-11.441,-3.1708,-30.056,-72.273,-56.572,-39.14,-30.615,-19.187
-21.933,-8.5948,4.9227,21.406,-16.414,-2.0743,-26.834,-68.724,-54.881,-38.799,-30.054,-17.977
-20.351,-11.65,7.5844,17.621,-18,0.070607,-21.724,-55.161,-45.579,-34.021,-26.407,-14.022
-15.552,-2.2733,12.937,10.095,-17.966,4.6285,-12.804,-26.628,-24.574,-21.827,-17.67,-6.5922
-7.1672,10.893,19.073,-0.2109,-15.965,14.406,2.491,21.332,11.282,0.22031,-2.1388,4.0186
4.508,23.313,21.786,-11.98,-11.752,22.243,25.104,90.527,63.117,33.065,20.646,16.728
18.76,32.741,18.955,-24.131,-4.3346,25.413,53.317,177.78,129.31,76.097,49.938,30.521
35.765,39.203,11.223,-36.516,8.6235,24.149,83.353,274.37,205.68,127.84,84.934,45.514
57.162,45.112,0.093243,-50.564,28.444,20.07,109.6,367.72,286.59,187.07,126.36,63.823
85.505,55.002,-14.208,-69.575,52.9,16.456,122.88,443.92,366.38,252.88,177.29,89.535
124.08,74.848,-31.101,-98.433,81.202,17.619,113.25,490.25,440.44,324.03,241.09,127.78
175.67,110.94,-46.67,-141.91,113.93,28.811,74.374,497.3,505.1,401.49,320.76,183.86
241.45,167.1,-57.533,-202.48,151.14,51.442,3.3404,460.53,557.21,487.19,418.79,261.28
320.64,241.98,-62.904,-279.36,192.9,85.235,-98.484,381.14,595.77,581.63,535.18,359.75
410.16,331.43,-63.697,-368.75,238.41,128.35,-225.81,266.14,621.99,683.06,666.7,475.19
504.2,428.24,-61.664,-464.2,285.26,176.85,-370.61,127.32,637.81,787.28,806.7,600.02
594.64,522.21,-59.09,-556.74,329.95,224.94,-523.1,-20.745,644.88,887.32,944.96,723.66
672.06,600.41,-59.11,-635.29,369.27,264.38,-672.74,-163.27,643.57,973.1,1067.7,833.31
727.05,648.55,-66.654,-687.9,401.11,285.11,-808.9,-287.89,631.96,1031.7,1158.6,914.65
751.79,654.09,-86.42,-703.95,424.14,278.53,-921.7,-386.73,605.62,1048.9,1200.4,953.64
741.43,609.83,-120.56,-676.96,437.02,240.25,-1002.8,-457.12,558.76,1012.4,1179.2,939.48
695.18,517.31,-166.71,-607.15,437.82,172.01,-1046.4,-500.27,486.96,916.62,1089,868.52
616.75,388.32,-217.02,-502.42,424.07,83.261,-1050.1,-520.17,390.13,766.68,935.49,746.86
514.13,242.81,-259.63,-377.11,393.67,-10.314,-1015.4,-522.51,273.85,578.83,736.64,590.22
398.55,103.65,-282.58,-248.74,346.49,-91.271,-947.76,-512.68,148.46,377.07,518.8,420.5
282.62,-8.9759,-278.53,-133.81,285.52,-145.88,-855.39,-494.74,26.504,186.79,310.33,260.31
177.9,-82.845,-247.46,-44.233,216.76,-167.94,-747.97,-470.94,-80.07,28.401,134.72,127.43
92.924,-116.15,-196.04,14.648,147.86,-159.53,-635.12,-441.49,-161.9,-86.425,5.905,31.314
32.154,-115.95,-135.04,44.164,86.502,-129.34,-525.29,-405.28,-213.03,-155.14,-73.057,-27.147
-3.842,-94.518,-76.173,50.794,38.371,-89.43,-425.1,-360.92,-231.41,-182.02,-107.62,-53.151
-18.205,-64.81,-28.196,43.076,7.1458,-51.137,-338.83,-308.26,-219.47,-175.17,-107.93,-55.183
-18.667,-36.827,0.75211,28.983,-4.1153,-22.112,-268.12,-249.19,-184.35,-145.53,-86.544,-43.516
-11.699,-16.929,10.766,14.917,-5.615,-6.0075,-211.99,-187.65,-136.52,-105.63,-56.459,-27.698
-2.2507,-7.5465,10.742,5.4057,-2.6218,-1.8079,-167.66,-129.02,-87.052,-66.363,-28.053,-13.923
4.7605,-7.6096,6.1559,1.5489,1.6323,-5.6262,-132.87,-78.296,-43.816,-34.667,-7.1525,-4.8089
8.0031,-16,1.0186,2.1599,5.2779,-12.478,-106,-38.315,-11.575,-13.053,4.8034,-0.4079
8.7079,-20.212,-2.9812,8.1172,7.8568,-18.416,-85.326,-11.027,5.8156,-1.8539,8.922,0.36486
7.837,-23.007,-5.8922,9.7137,9.3052,-22.898,-69.308,4.4446,12.431,1.2059,6.7997,-10.131
1.4655,-23.911,-7.843,10.076,7.4021,-25.526,-56.556,11.521,13.607,-0.12322,1.3343,-12.139
0.82269,-21.843,-6.6445,10.056,5.6682,-24.824,-45.991,13.651,12.706,-2.9181,-3.426,-12.302
0.7252,-19.73,-6.6898,9.7964,5.4872,-23.307,-37.676,13.436,11.207,-6.1585,-7.6031,-12.123
0.77806,-18.75,-6.9966,9.5543,5.4673,-22.711,-31.613,12.691,9.783,-8.6858,-10.124,-11.518
0.82702,-18.695,-7.2117,9.4983,5.4987,-23.101,-27.233,11.79,5.7857,-9.552,-8.0551,-11.15
0.78269,-19.236,-7.3809,9.6558,5.4912,-24.037,-23.715,10.248,3.5359,-6.5273,-7.5325,-11.328
0.61491,-20.078,-7.5245,9.9794,5.413,-25.054,-20.66,13.803,5.2489,-5.8355,-7.8202,-11.926
0.34215,-20.967,-7.5965,10.389,5.263,-25.838,-17.956,17.624,6.3848,-5.7532,-8.3405,-12.722
0.0021178,-21.706,-7.4984,10.8,5.0457,-26.246,-15.236,20.622,6.9216,-5.9339,-8.8546,-13.529
-0.36102,-22.177,-7.1527,11.142,4.7682,-26.259,-12.383,22.997,7.1395,-6.2247,-9.2769,-14.229
-0.70223,-22.364,-6.56,11.376,4.4482,-25.939,-9.5418,25.048,7.266,-6.5083,-9.5831,-14.767
-0.98147,-22.334,-5.7892,11.497,4.1173,-25.405,-7.1404,27.003,7.4524,-6.707,-9.7561,-15.135
-1.1746,-22.211,-4.9335,11.53,3.8116,-24.805,-5.2892,29.006,7.7848,-6.7842,-9.781,-15.35
-1.2829,-22.114,-4.0772,11.513,3.5559,-24.266,-3.8386,31.137,8.2929,-6.7431,-9.6613,-15.439
-1.3303,-22.111,-3.289,11.487,3.3545,-23.857,-2.6147,33.407,8.9593,-6.6146,-9.4251,-15.429
-1.3482,-22.209,-2.6282,11.473,3.1999,-23.591,-1.4843,35.779,9.7333,-6.4342,-9.1122,-15.334
-1.3545,-22.365,-2.1512,11.475,3.0894,-23.464,-0.36257,38.202,10.557,-6.221,-8.7591,-15.158
-1.343,-22.522,-1.9157,11.476,3.0365,-23.478,0.78462,40.629,11.385,-5.9701,-8.3886,-14.894
-1.2874,-22.633,-1.9856,11.45,3.0696,-23.66,1.9528,43.034,12.202,-5.6588,-8.0074,-14.539
-1.1541,-22.678,-2.4252,11.371,3.2226,-24.06,3.1289,45.414,13.032,-5.2611,-7.6085,-14.095
-0.9159,-22.661,-3.2693,11.22,3.5206,-24.717,4.3095,47.776,13.916,-4.76,-7.179,-13.576
-0.56181,-22.613,-4.4843,10.994,3.9653,-25.62,5.4961,50.125,14.892,-4.1564,-6.7121,-13.003
-0.10156,-22.576,-5.9472,10.706,4.5258,-26.688,6.684,52.462,15.983,-3.4696,-6.2161,-12.402
0.43638,-22.568,-7.4575,10.376,5.1393,-27.784,7.8572,54.782,17.176,-2.7342,-5.7176,-11.805
1.0124,-22.549,-8.7751,10.01,5.7221,-28.719,8.9908,57.078,18.42,-1.9943,-5.2548,-11.249
1.5863,-22.416,-9.6717,9.5942,6.1897,-29.28,10.058,59.349,19.642,-1.2951,-4.8638,-10.767
2.1263,-22.049,-9.9895,9.1003,6.4801,-29.295,11.045,61.607,20.783,-0.66904,-4.564,-10.381
2.6154,-21.376,-9.7003,8.5109,6.5738,-28.722,11.961,63.874,21.853,-0.12127,-4.349,-10.092
3.0558,-20.427,-8.9336,7.8346,6.503,-27.676,12.849,66.183,22.95,0.3791,-4.1868,-9.8792
3.4682,-19.329,-7.9343,7.1082,6.3417,-26.413,13.775,68.57,24.245,0.89245,-4.0293,-9.7094
3.8859,-18.237,-6.96,6.3798,6.1764,-25.223,14.795,71.051,25.925,1.4881,-3.8302,-9.5453
4.3455,-17.24,-6.1867,5.6837,6.0718,-24.298,15.908,73.609,28.101,2.221,-3.5624,-9.3672
4.8772,-16.308,-5.6613,5.0223,6.0493,-23.65,17.031,76.195,30.716,3.1184,-3.2264,-9.1818
5.502,-15.329,-5.3021,4.3716,6.0856,-23.139,18.044,78.76,33.522,4.1757,-2.8436,-9.0136
6.2301,-14.189,-4.9702,3.7067,6.1299,-22.556,18.867,81.287,36.221,5.3602,-2.4406,-8.883
7.0538,-12.863,-4.5785,3.0255,6.1322,-21.706,19.499,83.823,38.644,6.6242,-2.0337,-8.7876
7.9336,-11.444,-4.1401,2.3529,6.0696,-20.485,20.005,86.454,40.811,7.9351,-1.6183,-8.6963
8.7988,-10.092,-3.7241,1.7263,5.9546,-18.97,20.482,89.275,42.868,9.3064,-1.1679,-8.5578
9.5793,-8.936,-3.3957,1.178,5.8252,-17.42,21.015,92.341,44.987,10.797,-0.64284,-8.3192
10.251,-8.0217,-3.1868,0.72015,5.7233,-16.106,21.655,95.643,47.288,12.474,-0.0065834,-7.9477
10.852,-7.3072,-3.0863,0.33269,5.6755,-15.128,22.392,99.104,49.806,14.368,0.75886,-7.4448
11.463,-6.6932,-3.0363,-0.037559,5.6829,-14.387,23.174,102.61,52.505,16.436,1.6474,-6.8448
12.172,-6.0596,-2.9419,-0.4591,5.7222,-13.671,23.927,106.08,55.326,18.568,2.6357,-6.1978
13.043,-5.3097,-2.701,-0.99312,5.7577,-12.769,24.595,109.48,58.225,20.628,3.6994,-5.5485
14.116,-4.4104,-2.2464,-1.6839,5.7564,-11.581,25.161,112.85,61.201,22.521,4.8337,-4.9206
15.395,-3.405,-1.5801,-2.5656,5.7012,-10.176,25.645,116.3,64.296,24.235,6.0718,-4.3102
16.827,-2.3895,-0.77951,-3.67,5.5982,-8.7548,26.085,119.93,67.569,25.84,7.4895,-3.6915
18.311,-1.466,0.026449,-5.0041,5.4761,-7.5246,26.509,123.82,71.07,27.452,9.1905,-3.0305
19.769,-0.70827,0.70186,-6.4967,5.3789,-6.6031,26.926,127.96,74.819,29.208,11.264,-2.2969
21.202,-0.14059,1.1641,-7.9995,5.3553,-5.992,27.325,132.33,78.799,31.228,13.714,-1.4664
22.67,0.2749,1.4372,-9.4003,5.4539,-5.5869,27.685,136.83,82.943,33.564,16.393,-0.51286
24.238,0.63622,1.6423,-10.726,5.7235,-5.2158,27.992,141.4,87.139,36.147,19.028,0.59225
25.928,1.0637,1.9046,-12.126,6.2073,-4.7244,28.252,145.99,91.274,38.813,21.388,1.8647
27.711,1.6378,2.2454,-13.774,6.9192,-4.0738,28.494,150.58,95.295,41.441,23.424,3.2827
29.538,2.3585,2.5479,-15.769,7.8186,-3.3686,28.764,155.22,99.237,44.018,25.237,4.7798
31.379,3.1562,2.6185,-18.069,8.8349,-2.7943,29.097,159.96,103.19,46.613,26.971,6.2731
33.239,3.9369,2.2745,-20.487,9.9371,-2.5316,29.508,164.86,107.27,49.317,28.747,7.7057
35.146,4.636,1.4034,-22.802,11.168,-2.6966,29.976,169.97,111.57,52.195,30.646,9.071
37.131,5.2573,0.013271,-24.905,12.6,-3.2989,30.456,175.29,116.12,55.261,32.708,10.405
39.202,5.8915,-1.7342,-26.841,14.259,-4.2202,30.889,180.76,120.92,58.464,34.925,11.767
41.343,6.7144,-3.5524,-28.738,16.085,-5.2336,31.215,186.31,125.86,61.713,37.253,13.212
43.518,7.9481,-5.1151,-30.72,17.951,-6.0722,31.398,191.86,130.78,64.925,39.634,14.788
45.689,9.7773,-6.158,-32.853,19.744,-6.5134,31.434,197.38,135.54,68.069,42.024,16.522
47.827,12.257,-6.5495,-35.115,21.418,-6.4358,31.345,202.86,140.07,71.171,44.402,18.404
49.922,15.274,-6.3072,-37.424,22.978,-5.8359,31.171,208.39,144.37,74.299,46.761,20.367
51.988,18.597,-5.5695,-39.686,24.442,-4.8189,30.951,214.04,148.59,77.531,49.108,22.302
54.053,21.989,-4.5478,-41.837,25.822,-3.5674,30.709,219.89,152.93,80.939,51.473,24.116
56.157,25.301,-3.4742,-43.864,27.14,-2.2832,30.45,226,157.54,84.558,53.915,25.773
58.349,28.487,-2.5501,-45.807,28.428,-1.1244,30.162,232.39,162.5,88.372,56.512,27.292
60.682,31.568,-1.9053,-47.761,29.703,-0.16577,29.827,239,167.76,92.314,59.357,28.715
63.188,34.583,-1.5763,-49.88,30.961,0.59863,29.442,245.74,173.25,96.298,62.535,30.081
65.857,37.563,-1.5196,-52.336,32.192,1.2239,29.019,252.52,178.9,100.26,66.077,31.422
68.638,40.537,-1.6557,-55.207,33.414,1.7768,28.589,259.31,184.66,104.16,69.936,32.77
71.472,43.517,-1.9083,-58.376,34.69,2.308,28.181,266.16,190.43,108,73.99,34.173
74.329,46.465,-2.2187,-61.603,36.109,2.8367,27.814,273.19,196.16,111.8,78.11,35.702
77.21,49.291,-2.5467,-64.702,37.76,3.3545,27.484,280.56,201.79,115.59,82.22,37.426
80.151,51.918,-2.8654,-67.623,39.683,3.849,27.161,288.39,207.41,119.45,86.316,39.366
83.205,54.362,-3.1587,-70.413,41.849,4.3303,26.8,296.69,213.22,123.46,90.435,41.463
86.423,56.74,-3.426,-73.181,44.168,4.8376,26.351,305.34,219.42,127.67,94.624,43.611
89.824,59.203,-3.6879,-76.063,46.532,5.4228,25.77,314.14,226.18,132.14,98.927,45.746
93.386,61.849,-3.9893,-79.169,48.858,6.1254,25.034,322.9,233.48,136.89,103.38,47.905
97.061,64.66,-4.3979,-82.524,51.116,6.9599,24.136,331.53,241.24,141.97,108.02,50.209
100.79,67.526,-4.9978,-86.007,53.337,7.9055,23.094,340.03,249.25,147.34,112.83,52.779
104.51,70.31,-5.8565,-89.398,55.583,8.8816,21.939,348.47,257.27,152.88,117.69,55.665
108.18,72.948,-6.982,-92.542,57.905,9.7588,20.692,356.95,265.05,158.37,122.43,58.805
111.81,75.483,-8.3052,-95.476,60.315,10.457,19.342,365.53,272.43,163.61,126.97,62.057
115.43,78.043,-9.7034,-98.384,62.789,11.043,17.845,374.17,279.39,168.59,131.38,65.278
119.12,80.782,-11.044,-101.46,65.296,11.707,16.162,382.75,286.06,173.43,135.86,68.399
122.98,83.823,-12.226,-104.84,67.816,12.653,14.302,391.07,292.66,178.32,140.54,71.442
127.04,87.197,-13.189,-108.54,70.343,14.005,12.349,398.97,299.4,183.4,145.45,74.498
131.31,90.798,-13.915,-112.49,72.874,15.747,10.419,406.38,306.41,188.72,150.52,77.687
135.7,94.389,-14.447,-116.55,75.408,17.727,8.6158,413.34,313.72,194.19,155.61,81.121
140.1,97.696,-14.926,-120.52,77.937,19.709,6.9958,419.96,321.15,199.66,160.57,84.833
144.39,100.53,-15.58,-124.23,80.435,21.436,5.5716,426.31,328.41,204.85,165.23,88.742
148.48,102.87,-16.62,-127.5,82.865,22.694,4.3242,432.34,335.19,209.55,169.56,92.681
152.27,104.86,-18.122,-130.29,85.179,23.375,3.2176,437.91,341.3,213.66,173.63,96.484
155.71,106.7,-19.967,-132.71,87.335,23.525,2.2111,442.87,346.73,217.25,177.59,100.06
158.79,108.54,-21.894,-135.02,89.287,23.337,1.2706,447.09,351.57,220.53,181.59,103.38
161.61,110.47,-23.62,-137.5,91.006,23.094,0.37498,450.55,355.96,223.73,185.66,106.49
164.35,112.42,-24.928,-140.27,92.476,23.097,-0.48484,453.34,360.01,227,189.77,109.49
167.1,114.3,-25.704,-143.14,93.703,23.568,-1.3115,455.57,363.81,230.31,193.73,112.44
169.79,116.02,-25.947,-145.74,94.71,24.557,-2.1081,457.33,367.36,233.53,197.32,115.36
172.27,117.54,-25.766,-147.87,95.536,25.924,-2.8808,458.7,370.58,236.42,200.45,118.19
174.39,118.82,-25.351,-149.52,96.224,27.414,-3.6399,459.71,373.37,238.81,203.18,120.82
176.15,119.81,-24.925,-150.81,96.818,28.749,-4.3979,460.34,375.64,240.66,205.56,123.19
177.57,120.46,-24.677,-151.79,97.338,29.7,-5.1712,460.51,377.3,242.01,207.6,125.25
178.63,120.77,-24.694,-152.5,97.774,30.147,-5.9817,460.12,378.34,242.94,209.24,126.98
179.27,120.82,-24.953,-152.91,98.087,30.095,-6.8566,458.99,378.75,243.51,210.5,128.42
179.39,120.69,-25.359,-153.04,98.226,29.648,-7.822,456.87,378.52,243.76,211.39,129.6
178.9,120.46,-25.757,-152.86,98.157,28.985,-8.8921,453.52,377.59,243.74,211.96,130.59
177.92,120.19,-25.959,-152.39,97.899,28.323,-10.058,448.75,375.91,243.47,212.23,131.41
176.81,119.96,-25.791,-151.76,97.529,27.859,-11.276,442.66,373.43,243.02,212.28,132.03
175.97,119.83,-25.17,-151.1,97.14,27.71,-12.471,435.61,370.13,242.37,212.11,132.45
175.39,119.8,-24.146,-150.48,96.759,27.889,-13.556,428,366,241.37,211.64,132.62
174.79,119.79,-22.833,-149.8,96.326,28.322,-14.472,419.93,361.01,239.79,210.71,132.52
173.76,119.66,-21.286,-148.87,95.72,28.894,-15.212,411.22,355.07,237.39,209.2,132.11
171.95,119.31,-19.469,-147.45,94.764,29.477,-15.816,401.49,348.07,234,206.97,131.32
169.12,118.68,-17.337,-145.43,93.182,29.962,-16.354,390.29,339.93,229.56,203.94,130.07
165.12,117.78,-14.966,-142.79,90.609,30.287,-16.883,377.34,330.66,224.12,200.08,128.33
160,116.64,-12.619,-139.64,86.791,30.432,-17.423,362.67,320.31,217.91,195.53,126.12
153.95,115.29,-10.532,-136.1,81.862,30.419,-17.955,346.64,308.95,211.19,190.47,123.53
147.34,113.69,-8.6852,-132.17,76.388,30.274,-18.428,329.85,296.71,204.09,185.05,120.66
140.55,111.73,-6.93,-127.74,71.037,29.976,-18.779,312.86,283.81,196.72,179.38,117.52
133.88,109.31,-5.1944,-122.8,66.144,29.522,-18.945,296.06,270.5,189.12,173.48,114.06
127.44,106.33,-3.4155,-117.72,61.65,29.136,-18.891,279.54,256.93,181.25,167.21,110.26
121.09,102.98,-1.3977,-113.04,57.286,29.239,-18.623,263.19,243.18,172.99,160.43,106.09
114.56,99.818,1.1071,-108.81,52.73,30.094,-18.187,246.8,229.28,164.26,153.01,101.57
107.7,97.464,4.2005,-104.62,47.684,31.629,-17.646,230.22,215.33,155.08,144.98,96.686
100.6,95.788,7.7773,-100.04,41.995,33.523,-17.057,213.46,201.45,145.64,136.53,91.469
93.504,94.006,11.54,-94.828,35.879,35.286,-16.455,196.66,187.68,136.29,127.99,86.087
86.535,91.353,15.001,-89.062,29.972,36.356,-15.861,180.08,174.05,127.29,119.68,80.859
79.682,87.445,17.607,-83.033,24.907,36.282,-15.262,164.02,160.64,118.67,111.89,76.097
72.981,82.285,19.006,-76.951,20.854,34.889,-14.621,148.71,147.56,110.35,104.82,71.891
66.541,76.16,19.238,-70.886,17.523,32.343,-13.913,134.25,134.93,102.32,98.461,68.073
60.463,69.541,18.693,-64.925,14.371,29.093,-13.156,120.57,122.79,94.527,92.576,64.334
54.793,62.952,17.896,-59.258,10.938,25.76,-12.409,107.44,111.19,86.91,86.793,60.375
49.541,56.824,17.261,-54.091,7.6538,22.983,-11.726,94.663,100.17,79.441,80.778,56.051
44.712,51.4,17.002,-49.504,5.4565,21.136,-11.127,82.176,89.809,72.257,74.39,51.451
40.311,46.739,17.181,-45.386,4.1315,20.109,-10.588,70.109,80.124,65.541,67.753,46.878
36.284,42.769,17.734,-41.5,3.0952,19.473,-10.055,58.732,71.089,59.325,61.211,42.769
32.462,39.253,18.433,-37.623,2.1213,18.691,-9.4776,48.328,62.675,53.506,55.149,39.298
28.625,35.655,18.981,-33.654,1.2006,17.161,-8.8284,39.056,54.872,47.992,49.765,36.207
24.651,31.211,19.212,-29.582,0.35904,14.529,-8.1266,30.892,47.664,42.754,45.016,33.236
20.641,25.458,19.116,-25.416,-0.41749,11.378,-7.4292,23.753,40.988,37.776,40.707,30.305
16.832,19.158,18.763,-21.213,-1.1814,8.7116,-6.7974,17.678,34.741,33.006,36.595,27.4
13.394,13.955,18.267,-17.14,-1.9886,6.7653,-6.2642,12.731,28.803,28.403,32.468,24.495
10.369,10.335,17.704,-13.493,-2.8618,5.2245,-5.8317,8.7686,23.091,24.109,28.244,21.536
7.7748,7.7127,17.066,-10.451,-3.7689,3.765,-5.4846,5.5262,17.766,20.572,24.139,18.424
5.6309,5.4918,16.289,-7.9004,-4.6319,2.2046,-5.2034,2.814,13.406,18.078,20.585,15.03
3.9153,3.3811,15.344,-5.6499,-5.3752,0.52155,-4.9678,0.52487,10.226,15.941,17.652,11.454
2.5797,1.373,14.285,-3.6279,-5.9706,-1.1594,-4.7589,-1.4173,7.7542,13.214,14.858,8.2161
1.5674,-0.36622,13.24,-1.915,-6.4412,-2.64,-4.5601,-3.0741,5.6173,10.053,11.817,5.7448
0.81257,-1.6728,12.373,-0.62667,-6.83,-3.7498,-4.3591,-4.4879,3.7118,7.2373,8.7041,3.9914
0.24585,-2.5024,11.837,0.23097,-7.1689,-4.4002,-4.1508,-5.6817,2.0316,5.0772,5.9658,2.7178
-0.18964,-2.9097,11.705,0.75588,-7.4674,-4.5757,-3.9374,-6.6685,0.57661,3.4794,3.858,1.7406
-0.52811,-2.9791,11.922,1.0528,-7.7186,-4.3093,-3.7303,-7.4666,-0.66736,2.2964,2.3646,0.95409
-0.78452,-2.7878,12.345,1.19,-7.9096,-3.675,-3.5487,-8.1093,-1.727,1.4147,1.321,0.30152
-0.965,-2.4087,12.824,1.2119,-8.0326,-2.7856,-3.4117,-8.6474,-2.6365,0.74313,0.55187,-0.24873
-1.0767,-1.9217,13.265,1.1568,-8.0944,-1.779,-3.3278,-9.1423,-3.433,0.2101,-0.05704,-0.71316
-1.1338,-1.4174,13.622,1.0637,-8.1196,-0.80955,-3.2901,-9.6533,-4.1508,-0.23134,-0.55617,-1.0964
-1.1579,-0.99492,13.862,0.97255,-8.1399,-0.039531,-3.2762,-10.224,-4.815,-0.60111,-0.95692,-1.3924
-1.1754,-0.75434,13.929,0.9237,-8.1749,0.37532,-3.2569,-10.869,-5.4372,-0.89741,-1.2552,-1.5869
-1.2112,-0.77959,13.734,0.95468,-8.2185,0.3183,-3.2043,-11.573,-6.0165,-1.109,-1.4469,-1.6651
-1.2829,-1.1117,13.208,1.0914,-8.2424,-0.24385,-3.1014,-12.291,-6.5445,-1.2294,-1.5373,-1.6224
-1.3982,-1.7261,12.352,1.3384,-8.2151,-1.2318,-2.9462,-12.966,-7.0114,-1.2669,-1.5447,-1.4723
-1.5572,-2.5294,11.276,1.6748,-8.1257,-2.4642,-2.7537,-13.542,-7.4115,-1.2471,-1.5006,-1.2473
-1.7566,-3.3795,10.177,2.0583,-7.9958,-3.7004,-2.5548,-13.989,-7.7486,-1.2096,-1.445,-0.99505
-1.9932,-4.1231,9.2738,2.4372,-7.8713,-4.7006,-2.3895,-14.316,-8.0374,-1.1984,-1.417,-0.76641
-2.2627,-4.6396,8.7214,2.7649,-7.7995,-5.29,-2.2927,-14.563,-8.2978,-1.2477,-1.442,-0.6012
-2.5576,-4.8789,8.5531,3.0163,-7.8062,-5.4054,-2.2781,-14.779,-8.5464,-1.369,-1.5209,-0.51504
-2.8653,-4.8772,8.6696,3.1966,-7.8803,-5.108,-2.3316,-15.001,-8.7905,-1.5465,-1.6293,-0.49557
-3.1686,-4.7431,8.8727,3.3386,-7.9734,-4.5658,-2.4189,-15.238,-9.0284,-1.7461,-1.7313,-0.5109
-3.448,-4.6149,8.9492,3.4874,-8.0184,-4.0034,-2.5038,-15.479,-9.2559,-1.9341,-1.8002,-0.52708
-3.6875,-4.607,8.7715,3.6788,-7.9641,-3.6217,-2.5675,-15.707,-9.4735,-2.0959,-1.8343,-0.52649
-3.8811,-4.7673,8.336,3.9211,-7.8046,-3.5242,-2.6146,-15.914,-9.6897,-2.2451,-1.8595,-0.51842
-4.0361,-5.0699,7.7185,4.1951,-7.5835,-3.696,-2.6664,-16.099,-9.9156,-2.4133,-1.9154,-0.53512
-4.1704,-5.4462,7.0215,4.4728,-7.3653,-4.044,-2.7463,-16.259,-10.157,-2.6274,-2.0333,-0.61336
-4.3058,-5.8319,6.3452,4.7364,-7.1973,-4.4648,-2.8704,-16.387,-10.405,-2.8918,-2.2216,-0.7733
-4.4602,-6.1946,5.753,4.9857,-7.0891,-4.8915,-3.0451,-16.469,-10.641,-3.1897,-2.467,-1.0109
-4.6402,-6.5317,5.245,5.2303,-7.0175,-5.299,-3.2664,-16.497,-10.843,-3.4938,-2.7443,-1.3051
-4.8363,-6.8544,4.7668,5.4791,-6.9438,-5.686,-3.5189,-16.466,-10.994,-3.7783,-3.0256,-1.6296
-5.0223,-7.1748,4.2517,5.7315,-6.8293,-6.059,-3.7777,-16.382,-11.088,-4.0265,-3.2878,-1.962
-5.1649,-7.5004,3.6629,5.9784,-6.6467,-6.4241,-4.0111,-16.247,-11.125,-4.2341,-3.5179,-2.2889
-5.2437,-7.8345,3.0144,6.2106,-6.3877,-6.7841,-4.1898,-16.053,-11.11,-4.4095,-3.7156,-2.6075
-5.2686,-8.1758,2.3686,6.4272,-6.0719,-7.1349,-4.2945,-15.791,-11.049,-4.5698,-3.8939,-2.9244
-5.2785,-8.5149,1.8155,6.635,-5.7509,-7.461,-4.3234,-15.445,-10.946,-4.7366,-4.0765,-3.2527
-5.3223,-8.8303,1.4353,6.8396,-5.4961,-7.7319,-4.291,-15.01,-10.805,-4.9279,-4.2917,-3.6073
-5.435,-9.0917,1.264,7.0384,-5.3692,-7.9108,-4.2221,-14.49,-10.622,-5.1521,-4.5635,-3.9976
-5.6244,-9.2733,1.2831,7.2223,-5.3918,-7.9739,-4.1376,-13.897,-10.392,-5.4066,-4.9031,-4.4218
-5.8718,-9.3669,1.4296,7.3818,-5.5367,-7.9278,-4.0434,-13.252,-10.112,-5.6805,-5.3043,-4.8653
-6.1404,-9.3846,1.6185,7.5122,-5.7439,-7.8066,-3.9272,-12.576,-9.7789,-5.9599,-5.7456,-5.3034
-6.387,-9.3463,1.7714,7.6106,-5.9474,-7.6502,-3.765,-11.881,-9.3979,-6.2312,-6.197,-5.7083
-6.5729,-9.266,1.8425,7.6733,-6.0982,-7.4834,-3.5302,-11.17,-8.9724,-6.4814,-6.6258,-6.054
-6.6741,-9.1487,1.8308,7.6973,-6.1729,-7.3092,-3.2019,-10.432,-8.5027,-6.6963,-6.9994,-6.3197
-6.6895,-8.9992,1.7738,7.6864,-6.1738,-7.1181,-2.7701,-9.6449,-7.9855,-6.8616,-7.2895,-6.4929
-6.6432,-8.8322,1.7278,7.6549,-6.1219,-6.9042,-2.2407,-8.7859,-7.4169,-6.9676,-7.4819,-6.5749
-6.5757,-8.6714,1.7458,7.6231,-6.0477,-6.6743,-1.6363,-7.8384,-6.7957,-7.0141,-7.5874,-6.5836
-6.5247,-8.538,1.8548,7.6067,-5.9775,-6.4462,-0.9941,-6.8007,-6.1241,-7.0093,-7.6374,-6.548
-6.5084,-8.4384,2.0424,7.6077,-5.9217,-6.2396,-0.35703,-5.6867,-5.4097,-6.9626,-7.6638,-6.4965
-6.5171,-8.3584,2.2594,7.6104,-5.8729,-6.0695,0.23694,-4.5232,-4.6656,-6.8806,-7.6825,-6.4491
-6.5205,-8.27,2.4352,7.5864,-5.8123,-5.9433,0.7649,-3.345,-3.9104,-6.7679,-7.6892,-6.4159
-6.4812,-8.1494,2.4979,7.5082,-5.7174,-5.8659,1.2249,-2.1868,-3.1631,-6.628,-7.6653,-6.3983
-6.3723,-7.9971,2.393,7.3662,-5.568,-5.8445,1.6359,-1.0748,-2.4347,-6.4645,-7.5879,-6.3905
-6.1915,-7.8393,2.1001,7.178,-5.3494,-5.884,2.0289,-0.019608,-1.7223,-6.2804,-7.4413,-6.3833
-5.9613,-7.7107,1.6387,6.9812,-5.0545,-5.9745,2.436,0.98731,-1.0108,-6.0785,-7.225,-6.3712
-5.7171,-7.6336,1.0764,6.8162,-4.6854,-6.0808,2.873,1.9709,-0.28063,-5.8625,-6.9564,-6.3574
-5.4894,-7.6077,0.53158,6.7078,-4.2528,-6.1461,3.3309,2.9623,0.48226,-5.6392,-6.6679,-6.3536
-5.2905,-7.6089,0.15301,6.6549,-3.7747,-6.1076,3.7738,3.9862,1.2798,-5.4198,-6.3979,-6.3776
-5.1121,-7.599,0.067463,6.6315,-3.2747,-5.9175,4.1522,5.0517,2.0997,-5.2184,-6.1786,-6.4477
-4.9337,-7.5426,0.31712,6.5987,-2.7819,-5.5652,4.4237,6.1514,2.9198,-5.0465,-6.0237,-6.5728
-4.7371,-7.4262,0.81716,6.523,-2.3242,-5.0972,4.572,7.2669,3.7184,-4.9063,-5.9236,-6.7424
-4.517,-7.2719,1.3656,6.3929,-1.9165,-4.6265,4.6158,8.375,4.4829,-4.7867,-5.8488,-6.9231
-4.2832,-7.1391,1.709,6.2242,-1.5511,-4.3155,4.6016,9.4504,5.2103,-4.6649,-5.7616,-7.0683
-4.0523,-7.1073,1.6182,6.0526,-1.2001,-4.3239,4.5814,10.466,5.9015,-4.5149,-5.6315,-7.1339
-3.8352,-7.2349,0.96038,5.9113,-0.83359,-4.7402,4.5859,11.396,6.5531,-4.3182,-5.4471,-7.0945
-3.6292,-7.5164,-0.23365,5.8068,-0.44546,-5.5307,4.6069,12.213,7.1535,-4.0714,-5.2189,-6.9502
-3.4192,-7.869,-1.7515,5.7107,-0.062629,-6.5357,4.6028,12.895,7.6846,-3.787,-4.9729,-6.7226
-3.1861,-8.1615,-3.2598,5.5749,0.27013,-7.5149,4.5242,13.429,8.1327,-3.4864,-4.7375,-6.4424
-2.9167,-8.2648,-4.4184,5.3578,0.51937,-8.2194,4.3456,13.823,8.5048,-3.188,-4.5291,-6.1318
-2.6107,-8.0974,-4.9911,5.0455,0.68552,-8.4608,4.0824,14.115,8.8392,-2.8985,-4.3451,-5.7932
-2.281,-7.6508,-4.8979,4.657,0.80072,-8.1577,3.7849,14.369,9.1995,-2.6091,-4.1651,-5.4072
-1.9498,-6.9882,-4.1874,4.2357,0.90109,-7.3496,3.5164,14.665,9.6548,-2.2987,-3.96,-4.9453
-1.6399,-6.2132,-2.9721,3.83,0.99341,-6.1721,3.3287,15.073,10.254,-1.9405,-3.7026,-4.3889
-1.3659,-5.4258,-1.3993,3.4727,1.0521,-4.8066,3.2417,15.634,11.005,-1.5126,-3.3788,-3.744
-1.1255,-4.6986,0.31192,3.1695,1.0624,-3.4292,3.2332,16.341,11.864,-1.0097,-2.9922,-3.0448
-0.89876,-4.0765,1.8514,2.9046,1.0614,-2.1945,3.2453,17.133,12.744,-0.45251,-2.5638,-2.3478
-0.65545,-3.5916,2.895,2.6564,1.1246,-1.2456,3.2104,17.917,13.538,0.11279,-2.124,-1.7192
-0.36965,-3.2791,3.2006,2.415,1.3261,-0.72507,3.085,18.583,14.152,0.62951,-1.7017,-1.2076
-0.032095,-3.1828,2.641,2.1913,1.7073,-0.76191,2.8708,19.027,14.54,1.0525,-1.3152,-0.81732
0.34603,-3.3395,1.229,2.0125,2.2625,-1.4138,2.609,19.168,14.716,1.365,-0.96926,-0.5157
0.73874,-3.7499,-0.84534,1.9046,2.9403,-2.6082,2.3574,18.968,14.732,1.5808,-0.65993,-0.26607
1.1158,-4.356,-3.2415,1.8733,3.6611,-4.1492,2.1667,18.447,14.648,1.7316,-0.38136,-0.053208
1.4526,-5.0414,-5.5625,1.8966,4.3422,-5.7733,2.0656,17.691,14.513,1.8479,-0.13295,0.1128
1.7364,-5.6565,-7.4451,1.932,4.9186,-7.1957,2.0563,16.822,14.35,1.9448,0.077151,0.20728
1.9681,-6.058,-8.6324,1.9326,5.3494,-8.1541,2.1206,15.956,14.161,2.0185,0.23414,0.20512
2.1581,-6.1489,-9.016,1.8642,5.6106,-8.476,2.2323,15.18,13.934,2.0531,0.32384,0.092429
2.3198,-5.9052,-8.6248,1.7148,5.6928,-8.1312,2.3731,14.537,13.656,2.0329,0.3412,-0.126
2.4621,-5.3743,-7.5922,1.4914,5.6091,-7.2303,2.5409,14.034,13.321,1.952,0.2949,-0.4246
2.5889,-4.6485,-6.1287,1.2131,5.4008,-5.9725,2.7474,13.649,12.932,1.8186,0.20528,-0.76229
2.7026,-3.8358,-4.4957,0.90948,5.1284,-4.5803,3.0053,13.337,12.504,1.6517,0.097399,-1.0942
2.8043,-3.0414,-2.9639,0.61654,4.8564,-3.2518,3.3171,13.038,12.048,1.4743,-0.0044344,-1.3837
2.8891,-2.3566,-1.7607,0.36931,4.6411,-2.1399,3.6705,12.691,11.573,1.3057,-0.077581,-1.6094
2.9419,-1.8566,-1.0359,0.1952,4.5197,-1.3571,4.0385,12.245,11.076,1.1545,-0.10161,-1.7643
2.9416,-1.6046,-0.86199,0.11543,4.5011,-1.0002,4.3915,11.671,10.543,1.0198,-0.062062,-1.8518
2.8699,-1.6469,-1.2398,0.14868,4.5648,-1.1379,4.7066,10.972,9.9532,0.89769,0.044392,-1.8796
2.7167,-1.992,-2.0834,0.30713,4.6705,-1.7546,4.9725,10.18,9.2887,0.78812,0.20504,-1.8573
2.4814,-2.585,-3.2136,0.5824,4.7704,-2.7187,5.1809,9.3424,8.5483,0.6916,0.38908,-1.7969
2.174,-3.306,-4.3923,0.9356,4.8214,-3.8164,5.3216,8.5085,7.7506,0.60461,0.55467,-1.7118
1.8183,-3.9977,-5.383,1.304,4.7942,-4.809,5.3861,7.7193,6.9307,0.52137,0.66568,-1.6156
1.4538,-4.5119,-6.0065,1.621,4.6805,-5.4861,5.3789,7.0103,6.1333,0.44126,0.7072,-1.5183
1.1283,-4.7518,-6.1774,1.8367,4.4966,-5.7118,5.3262,6.4168,5.4059,0.37389,0.68863,-1.421
0.88272,-4.6945,-5.9094,1.9302,4.2797,-5.4561,5.2713,5.9719,4.7888,0.3356,0.63437,-1.3151
0.73641,-4.3861,-5.2804,1.9121,4.0699,-4.7917,5.253,5.6935,4.3018,0.33838,0.57018,-1.1887
0.68014,-3.9127,-4.3779,1.8171,3.885,-3.8537,5.2777,5.5687,3.9311,0.37785,0.51105,-1.0359
0.67809,-3.3662,-3.2794,1.6906,3.7089,-2.788,5.3011,5.5455,3.6276,0.42767,0.45351,-0.86451
0.67922,-2.8223,-2.0766,1.5722,3.5081,-1.7207,5.238,5.5414,3.319,0.44595,0.37558,-0.6965
0.63733,-2.3394,-0.89834,1.4864,3.2631,-0.76257,5.0072,5.4685,2.9374,0.39391,0.24776,-0.55919
0.53022,-1.9731,0.088723,1.4472,2.9877,-0.028848,4.5817,5.2654,2.4486,0.25818,0.053943,-0.47019
0.3687,-1.7837,0.69773,1.4653,2.7318,0.36004,4.0115,4.9171,1.8655,0.060634,-0.18933,-0.4252
0.19302,-1.8185,0.7717,1.5448,2.5665,0.31787,3.3915,4.4512,1.2376,-0.15372,-0.43258,-0.39941
0.058537,-2.0776,0.25401,1.6717,2.5549,-0.15533,2.8098,3.9183,0.62379,-0.34203,-0.61656,-0.36273
0.014964,-2.4937,-0.77205,1.8082,2.7224,-0.95396,2.3171,3.3691,0.068332,-0.48334,-0.70143,-0.297
0.086923,-2.9461,-2.094,1.9017,3.0415,-1.8885,1.9216,2.8411,-0.40909,-0.58279,-0.68237,-0.20455
0.26412,-3.3011,-3.423,1.906,3.4376,-2.7359,1.6013,2.3546,-0.81072,-0.66288,-0.58705,-0.10594
0.5053,-3.4551,-4.4754,1.8007,3.8143,-3.2985,1.3202,1.9146,-1.1516,-0.75033,-0.46144,-0.030327
0.75389,-3.3634,-5.0501,1.5984,4.0858,-3.4526,1.0454,1.5163,-1.4501,-0.86533,-0.35137,-0.0029276
0.95901,-3.0468,-5.0738,1.3366,4.2029,-3.1786,0.7547,1.152,-1.7185,-1.0148,-0.28612,-0.033997
1.0931,-2.5775,-4.6012,1.0626,4.1647,-2.562,0.4417,0.81576,-1.9575,-1.1898,-0.26968,-0.11392
1.1575,-2.0498,-3.7777,0.81675,4.0094,-1.7568,0.11524,0.50296,-2.1563,-1.368,-0.28366,-0.21702
1.1744,-1.5453,-2.7846,0.62033,3.791,-0.92367,-0.20795,0.20574,-2.3014,-1.5219,-0.30022,-0.31287
1.1703,-1.1059,-1.7891,0.47039,3.5544,-0.17584,-0.51435,-0.09311,-2.3906,-1.6298,-0.29872,-0.37992
1.1623,-0.72919,-0.91762,0.3454,3.3252,0.44018,-0.80222,-0.42185,-2.4436,-1.6873,-0.27758,-0.41516
1.1554,-0.38859,-0.2471,0.21925,3.1144,0.92955,-1.0807,-0.8142,-2.5021,-1.7107,-0.25552,-0.43472
1.1472,-0.06428,0.19414,0.076543,2.9258,1.3167,-1.3592,-1.2967,-2.6163,-1.7298,-0.2625,-0.46335
1.1343,0.23611,0.41142,-0.078232,2.7607,1.6177,-1.6354,-1.8725,-2.8205,-1.7709,-0.32488,-0.51663
1.1146,0.47706,0.42966,-0.22096,2.6186,1.8289,-1.8943,-2.5108,-3.1099,-1.8422,-0.45103,-0.58636
1.0847,0.61031,0.2854,-0.31595,2.5027,1.9257,-2.1128,-3.1504,-3.4363,-1.9311,-0.62642,-0.64165
1.0369,0.59663,0.018787,-0.32958,2.4234,1.8722,-2.2688,-3.721,-3.728,-2.016,-0.82359,-0.64672
0.95887,0.43304,-0.31466,-0.24702,2.388,1.6676,-2.3494,-4.1735,-3.9263,-2.0824,-1.0198,-0.58212
0.83908,0.17458,-0.61294,-0.085151,2.3797,1.3963,-2.3636,-4.5033,-4.0144,-2.1334,-1.2094,-0.45617
0.67482,-0.077677,-0.73676,0.10953,2.3564,1.2064,-2.3403,-4.7507,-4.023,-2.1879,-1.4034,-0.30074
0.47791,-0.22624,-0.58101,0.28122,2.2791,1.2189,-2.3102,-4.9783,-4.0111,-2.2689,-1.618,-0.15674
0.27335,-0.22646,-0.1443,0.39028,2.142,1.4562,-2.2875,-5.2397,-4.0378,-2.3902,-1.8603,-0.05872
0.092945,-0.10301,0.45944,0.42743,1.9793,1.8362,-2.2659,-5.5599,-4.1419,-2.5532,-2.1222,-0.025934
-0.031853,0.067606,1.0419,0.41043,1.8524,2.2116,-2.2295,-5.9339,-4.3365,-2.7511,-2.3829,-0.059793
-0.0751,0.19376,1.4045,0.36864,1.8263,2.429,-2.1675,-6.3354,-4.6132,-2.9766,-2.6189,-0.14523
-0.021318,0.20669,1.4024,0.32604,1.9444,2.3837,-2.0836,-6.7305,-4.9501,-3.2247,-2.8133,-0.25668
0.12869,0.083846,0.99335,0.29202,2.2104,2.0525,-1.994,-7.0887,-5.3179,-3.4924,-2.961,-0.3713
0.35445,-0.1485,0.25234,0.26265,2.585,1.4956,-1.9197,-7.3903,-5.6862,-3.7759,-3.0692,-0.48273
0.62006,-0.43049,-0.65386,0.22839,3.0027,0.83183,-1.8768,-7.6278,-6.0263,-4.0684,-3.153,-0.60485
0.88689,-0.69258,-1.5272,0.18201,3.3991,0.19986,-1.87,-7.8028,-6.3137,-4.359,-3.2294,-0.76155
1.1299,-0.87626,-2.2059,0.11969,3.7349,-0.28134,-1.8923,-7.9206,-6.5302,-4.6366,-3.3122,-0.97312
1.349,-0.94228,-2.6091,0.033643,4.0051,-0.53728,-1.9289,-7.9843,-6.6677,-4.8936,-3.4115,-1.2494
1.5653,-0.87099,-2.7409,-0.091576,4.2302,-0.54773,-1.9635,-7.9905,-6.73,-5.1284,-3.5308,-1.5883
1.8032,-0.66918,-2.666,-0.26737,4.4372,-0.34937,-1.9845,-7.9294,-6.7297,-5.3409,-3.6639,-1.9753
2.0721,-0.37918,-2.4803,-0.48369,4.6456,-0.026636,-1.9858,-7.7884,-6.6837,-5.5272,-3.7939,-2.3834
2.357,-0.071208,-2.2902,-0.70568,4.863,0.31493,-1.9666,-7.5611,-6.6099,-5.6783,-3.8979,-2.7785
2.6229,0.17971,-2.1909,-0.88688,5.0855,0.57846,-1.9293,-7.2554,-6.5257,-5.7849,-3.9541,-3.1279
2.8277,0.31375,-2.2406,-0.98641,5.301,0.69409,-1.8755,-6.8948,-6.4442,-5.8413,-3.948,-3.4057
2.9356,0.29438,-2.4457,-0.97961,5.493,0.62564,-1.7992,-6.5085,-6.3687,-5.8446,-3.8758,-3.5962
2.9273,0.1102,-2.7675,-0.8609,5.6453,0.37261,-1.6865,-6.119,-6.2898,-5.7916,-3.7434,-3.6954
2.8024,-0.22171,-3.1402,-0.64369,5.7432,-0.028161,-1.5251,-5.739,-6.1915,-5.6808,-3.5653,-3.7151
2.5753,-0.65377,-3.488,-0.35879,5.774,-0.50641,-1.3177,-5.3779,-6.0661,-5.519,-3.3638,-3.6828
2.2704,-1.1181,-3.7402,-0.04756,5.7283,-0.97829,-1.0888,-5.0515,-5.9257,-5.325,-3.1685,-3.6349
1.9174,-1.5487,-3.8551,0.25064,5.6064,-1.3759,-0.87609,-4.7799,-5.7996,-5.1266,-3.0096,-3.6021
1.5476,-1.9036,-3.8454,0.51121,5.4282,-1.6688,-0.71256,-4.5777,-5.7171,-4.9489,-2.9082,-3.5972
1.1895,-2.1747,-3.7777,0.7304,5.2334,-1.8693,-0.61203,-4.4471,-5.692,-4.804,-2.8699,-3.6101
0.86516,-2.3828,-3.7348,0.921,5.0661,-2.0199,-0.56845,-4.3825,-5.7212,-4.6882,-2.8853,-3.6158
0.5855,-2.5573,-3.7701,1.099,4.9531,-2.1674,-0.56829,-4.3825,-5.7971,-4.5901,-2.9393,-3.5936
0.35009,-2.7099,-3.8807,1.2682,4.8904,-2.3277,-0.60554,-4.4581,-5.923,-4.5029,-3.019,-3.545
0.14949,-2.8196,-4.0035,1.4137,4.8458,-2.464,-0.68793,-4.6297,-6.1154,-4.4307,-3.1201,-3.4966
-0.031193,-2.8415,-4.0349,1.5098,4.7737,-2.4987,-0.83005,-4.9104,-6.3933,-4.3866,-3.2434,-3.4865
-0.20775,-2.7386,-3.8702,1.5401,4.6348,-2.3531,-1.0382,-5.2889,-6.7587,-4.3813,-3.3855,-3.543
-0.39557,-2.5146,-3.4492,1.5165,4.4131,-1.9956,-1.297,-5.7223,-7.1845,-4.4141,-3.5323,-3.6688
-0.6082,-2.2238,-2.784,1.4813,4.1237,-1.4646,-1.5697,-6.1482,-7.6179,-4.4735,-3.6602,-3.8373
-0.85356,-1.9412,-1.945,1.4861,3.8048,-0.84221,-1.8142,-6.5079,-8.0008,-4.5465,-3.7494,-4.0064
-1.1293,-1.7139,-1.0197,1.5629,3.4981,-0.20058,-2.0071,-6.7766,-8.2954,-4.6292,-3.796,-4.1384
-1.4209,-1.5494,-0.091674,1.7124,3.2318,0.41398,-2.1523,-6.9698,-8.5026,-4.7253,-3.8107,-4.2145
-1.706,-1.4472,0.74749,1.9144,3.0211,0.95752,-2.2693,-7.1314,-8.653,-4.837,-3.8083,-4.2365
-1.9628,-1.4227,1.3861,2.1417,2.8751,1.3667,-2.3759,-7.3105,-8.7883,-4.9558,-3.7972,-4.2202
-2.1791,-1.5081,1.702,2.3722,2.8019,1.553,-2.4771,-7.5435,-8.9431,-5.0634,-3.772,-4.1845
-2.3569,-1.7441,1.583,2.5979,2.8083,1.4165,-2.5622,-7.8381,-9.1347,-5.1369,-3.7127,-4.1396
-2.5106,-2.1712,0.95504,2.831,2.8969,0.87692,-2.6092,-8.1723,-9.3593,-5.1607,-3.5973,-4.0781
-2.6566,-2.8174,-0.17836,3.099,3.0636,-0.093281,-2.5935,-8.5061,-9.5945,-5.1303,-3.4161,-3.9796
-2.8005,-3.6746,-1.7105,3.4252,3.2992,-1.444,-2.4989,-8.7924,-9.8088,-5.0553,-3.1814,-3.8225
-2.9281,-4.673,-3.442,3.8034,3.5887,-3.0306,-2.3277,-8.9946,-9.9777,-4.9558,-2.9274,-3.5995
-3.0117,-5.6728,-5.1091,4.1857,3.9041,-4.6134,-2.1051,-9.0989,-10.091,-4.8585,-2.7016,-3.3286
-3.0298,-6.4905,-6.4261,4.4945,4.1947,-5.9017,-1.875,-9.1157,-10.153,-4.7889,-2.5494,-3.0518
-2.9829,-6.953,-7.1499,4.653,4.3937,-6.638,-1.683,-9.0669,-10.176,-4.7616,-2.4972,-2.8183
-2.8917,-6.955,-7.1523,4.6153,4.4449,-6.6804,-1.5539,-8.9699,-10.161,-4.773,-2.541,-2.6602
-2.7821,-6.4931,-6.4612,4.3824,4.3297,-6.0409,-1.4769,-8.8284,-10.094,-4.7999,-2.6472,-2.5775
-2.6717,-5.661,-5.2491,3.9971,4.073,-4.8708,-1.4053,-8.6323,-9.9505,-4.8073,-2.7628,-2.5402
-2.5662,-4.6105,-3.7776,3.5223,3.7281,-3.4108,-1.2727,-8.3734,-9.721,-4.761,-2.8355,-2.5048
-2.4659,-3.4956,-2.3124,3.0139,3.347,-1.9156,-1.0153,-8.0604,-9.4214,-4.6441,-2.8331,-2.4342
-2.3724,-2.4195,-1.0235,2.5027,2.9518,-0.55948,-0.58825,-7.7203,-9.0907,-4.4644,-2.7518,-2.3102
-2.2946,-1.4071,0.098944,1.993,2.5178,0.63268,0.031808,-7.386,-8.7708,-4.2464,-2.6104,-2.1348
-2.2492,-0.41487,1.2456,1.4786,1.9742,1.7839,0.86053,-7.0789,-8.4834,-4.0135,-2.435,-1.9226
-2.2583,0.63611,2.6726,0.96552,1.2253,3.1105,1.9209,-6.7941,-8.2209,-3.7719,-2.2424,-1.6898
-2.3409,1.8246,4.5588,0.47842,0.19796,4.8347,3.2475,-6.5038,-7.9479,-3.5067,-2.0331,-1.443
-2.5031,3.1958,6.9237,0.04369,-1.1042,7.056,4.8908,-6.1704,-7.6178,-3.1897,-1.7939,-1.1728
-2.7305,4.7481,9.6211,-0.33491,-2.5854,9.6814,6.9281,-5.7604,-7.1886,-2.7911,-1.5034,-0.85421
-2.9901,6.477,12.453,-0.6853,-4.1152,12.549,9.4236,-5.2512,-6.6319,-2.2855,-1.1366,-0.45163
-3.2395,8.4558,15.327,-1.0601,-5.6032,15.593,12.317,-4.6333,-5.9344,-1.6523,-0.66587,0.075183
-3.4381,10.892,18.281,-1.5291,-7.0236,18.816,15.453,-3.9078,-5.098,-0.86963,-0.061082,0.76529
-3.5553,14.12,21.45,-2.1895,-8.394,22.172,18.737,-3.0826,-4.1401,0.088165,0.70725,1.6508
-3.5747,18.472,25.123,-3.2112,-9.7449,25.556,22.171,-2.1785,-3.0939,1.2468,1.6562,2.7457
-3.4958,23.87,29.781,-4.9044,-11.094,29.012,25.801,-1.2338,-2.0039,2.616,2.7688,4.0332
-3.3306,29.525,35.387,-7.6374,-12.433,32.952,29.675,-0.29962,-0.91905,4.1748,3.9863,5.4704
-3.0942,34.602,40.395,-11.273,-13.741,37.396,33.821,0.57184,0.12273,5.8825,5.2455,7.0286
-2.794,38.874,43.623,-14.909,-15.006,41.185,38.201,1.3419,1.1072,7.722,6.5445,8.7389
-2.4273,42.536,45.366,-17.972,-16.213,43.789,42.654,1.9911,2.039,9.7276,7.9691,10.692
-1.9875,45.97,46.409,-20.591,-17.354,45.837,46.886,2.5153,2.931,11.952,9.6546,12.976
-1.4709,49.594,47.612,-23.045,-18.473,48.173,50.563,2.9118,3.7894,14.394,11.702,15.58
-0.88164,53.723,49.735,-25.55,-19.674,51.447,53.441,3.175,4.6099,16.95,14.08,18.359
-0.23265,58.518,53.372,-28.253,-21.052,56.12,55.431,3.2965,5.3759,19.445,16.59,21.113
0.45448,63.948,58.718,-31.2,-22.619,62.344,56.58,3.2678,6.0566,21.721,18.957,23.7
1.1536,69.753,65.345,-34.297,-24.28,69.713,57.034,3.0819,6.6094,23.687,20.995,26.076
1.8423,75.487,72.416,-37.326,-25.879,77.329,56.996,2.7342,6.994,25.322,22.657,28.249
2.5116,80.667,79.138,-40.046,-27.261,84.256,56.518,2.2269,7.1924,26.656,23.994,30.245
3.1719,84.965,84.938,-42.325,-28.314,89.866,55.305,1.5714,7.2196,27.756,25.101,32.086
3.8434,88.316,89.295,-44.181,-28.974,93.827,53.038,0.78768,7.1132,28.703,26.078,33.791
4.5322,90.93,91.836,-45.762,-29.237,96.104,49.764,-0.10051,6.9108,29.548,26.992,35.375
5.206,93.232,92.773,-47.316,-29.138,97.153,45.616,-1.073,6.6297,30.286,27.848,36.847
5.8009,95.59,92.78,-49.189,-28.703,97.811,40.536,-2.1171,6.2611,30.854,28.592,38.234
6.2696,97.719,92.177,-51.723,-27.913,98.538,34.375,-3.2252,5.7797,31.157,29.131,39.594
6.6263,98.594,90.415,-54.826,-26.755,98.745,27.11,-4.3885,5.1616,31.096,29.373,41.011
6.9316,97.788,86.981,-57.638,-25.284,97.527,19.021,-5.5894,4.4016,30.598,29.249,42.497
7.2265,95.942,82.487,-59.182,-23.59,94.929,10.876,-6.8012,3.5206,29.62,28.711,43.847
7.4843,93.568,77.75,-59.144,-21.734,91.491,3.9076,-7.9966,2.5585,28.151,27.709,44.626
7.6249,90.587,73.013,-57.778,-19.779,87.406,-0.83616,-9.1629,1.5562,26.22,26.198,44.39
7.5662,86.685,68.188,-55.343,-17.865,82.487,-3.2703,-10.314,0.53647,23.922,24.189,42.961
7.2638,81.715,63.155,-51.876,-16.187,76.515,-4.1161,-11.493,-0.50529,21.414,21.81,40.533
6.7196,75.856,57.945,-47.414,-14.874,69.626,-4.2663,-12.761,-1.5978,18.837,19.269,37.521
5.9666,69.464,52.807,-42.243,-13.934,62.365,-4.3963,-14.183,-2.7804,16.245,16.708,34.272
5.0482,62.83,48.069,-36.913,-13.283,55.286,-4.8204,-15.811,-4.0864,13.606,14.119,30.915
4.0092,56.17,43.94,-31.898,-12.818,48.737,-5.5645,-17.677,-5.5314,10.877,11.435,27.455
2.9021,49.725,40.452,-27.295,-12.443,42.94,-6.5536,-19.777,-7.1149,8.0656,8.6544,23.896
1.7821,43.695,37.491,-22.969,-12.091,37.932,-7.6891,-22.075,-8.8336,5.2294,5.8986,20.286
0.68379,38.085,34.84,-18.82,-11.723,33.58,-8.8458,-24.517,-10.7,2.4307,3.3354,16.686
-0.37811,32.714,32.194,-14.835,-11.334,29.841,-9.9235,-27.058,-12.751,-0.32624,1.052,13.125
-1.4007,27.388,29.345,-10.999,-10.948,26.853,-10.908,-29.688,-15.04,-3.102,-0.97792,9.6072
-2.4046,22.005,26.487,-7.3059,-10.588,24.423,-11.855,-32.426,-17.607,-5.969,-2.827,6.2102
-3.4273,16.53,23.878,-3.9314,-10.253,21.909,-12.827,-35.291,-20.44,-8.9426,-4.5434,3.184
-4.4851,11.155,21.474,-1.1844,-9.9005,18.823,-13.855,-38.283,-23.468,-11.953,-6.1281,0.79032
-5.5482,6.3767,19.09,0.90564,-9.4797,15.072,-14.936,-41.375,-26.589,-14.89,-7.5627,-0.96778
-6.5584,2.5457,16.571,2.5746,-8.9615,10.939,-16.055,-44.529,-29.715,-17.7,-8.8581,-2.294
-7.4644,-0.40095,13.867,4.016,-8.3618,6.9071,-17.202,-47.702,-32.799,-20.416,-10.075,-3.3899
-8.2421,-2.6996,11.07,5.2953,-7.7315,3.3633,-18.367,-50.831,-35.801,-23.077,-11.301,-4.3751
-8.8901,-4.5305,8.3612,6.4141,-7.1261,0.48225,-19.527,-53.835,-38.638,-25.6,-12.604,-5.2998
-9.4157,-5.9933,5.912,7.3698,-6.5807,-1.7043,-20.646,-56.631,-41.172,-27.783,-13.993,-6.1704
-9.8261,-7.1602,3.836,8.1776,-6.1044,-3.2571,-21.684,-59.157,-43.273,-29.469,-15.399,-6.971
-10.132,-8.1079,2.1887,8.8674,-5.6908,-4.2965,-22.607,-61.383,-44.892,-30.665,-16.704,-7.6844
-10.356,-8.9126,0.97707,9.4714,-5.3282,-4.9478,-23.393,-63.309,-46.071,-31.499,-17.814,-8.3079
-10.527,-9.6336,0.17947,10.014,-5.0038,-5.3037,-24.037,-64.952,-46.905,-32.11,-18.718,-8.8533
-10.674,-10.3,-0.22386,10.506,-4.7072,-5.4232,-24.548,-66.332,-47.498,-32.601,-19.474,-9.3326
-10.813,-10.904,-0.23443,10.938,-4.4469,-5.3431,-24.943,-67.467,-47.939,-33.018,-20.15,-9.7423
-10.951,-11.386,0.13608,11.285,-4.2673,-5.0843,-25.235,-68.357,-48.279,-33.367,-20.783,-10.059
-11.077,-11.636,0.81341,11.5,-4.2364,-4.6586,-25.426,-68.961,-48.512,-33.621,-21.344,-10.247
-11.147,-11.527,1.6511,11.531,-4.3985,-4.097,-25.503,-69.157,-48.541,-33.722,-21.723,-10.26
-11.079,-11.005,2.4832,11.335,-4.731,-3.4903,-25.441,-68.682,-48.129,-33.558,-21.725,-10.05
-10.782,-10.157,3.1983,10.892,-5.1285,-2.9864,-25.257,-67.225,-46.789,-32.894,-21.109,-9.5813
-10.181,-9.2078,3.7654,10.222,-5.4226,-2.717,-25.344,-66.338,-44.684,-31.765,-19.826,-8.8467
-9.2656,-8.4101,4.1467,9.4302,-5.4339,-2.7106,-27.937,-68.454,-47.691,-32.83,-19.297,-7.8934
-8.3152,-7.907,4.231,8.8479,-5.0203,-2.8685,-32.687,-69.389,-49.64,-34.144,-24.742,-6.8843
-9.7447,-7.6563,3.9777,9.5275,-4.0945,-2.9988,-32.805,-71.476,-51.674,-35.908,-28.362,-6.7774
-16.847,-7.4898,3.5496,14.176,-2.8455,-2.8264,-31.73,-74.464,-54.607,-38.61,-29.75,-12.921
-19.644,-7.5252,3.3038,20.297,-4.6522,-1.9986,-30.083,-76.54,-57.127,-41.164,-31.32,-17.838
-20.905,-9.0803,3.84,20.764,-14.041,-0.085203,-27.446,-74.619,-56.885,-41.658,-31.623,-17.054
-19.779,-10.292,6.4048,17.053,-16.697,3.5613,-23.261,-64.021,-50.641,-37.565,-28.706,-13.618
-15.478,-1.32,13.012,9.5466,-17.855,9.8177,-16.18,-38.755,-34.507,-26.378,-20.776,-6.8109
-7.9593,12.382,22.707,-0.67334,-17.302,18.603,-3.9567,5.9462,-4.6289,-6.1936,-6.731,3.1171
2.3171,25.422,30.104,-12.168,-14.606,27.205,14.938,71.682,41.375,24.057,13.772,15.128
15.206,35.537,32.089,-23.846,-8.8845,32.259,40.512,155.95,103.14,64.372,40.69,28.438
31.293,42.495,27.786,-35.516,1.5307,32.894,69.961,251.01,177.33,113.73,74.147,43.339
51.604,48.054,17.04,-48.608,19.081,29.583,97.188,344.78,258.56,170.86,115.08,61.883
77.927,56.231,0.78674,-66.298,44.15,24.553,113.6,423.35,340.53,235.45,165.35,88.027
113.59,73.115,-19.341,-93.274,72.839,23.664,110.11,473.72,417.06,306.58,227.41,126.86
161.95,105.87,-39.984,-134.46,105.83,31.786,79.213,486.01,483.14,384.7,304.75,183.03
225.19,159.64,-55.766,-192.54,144.07,50.506,16.841,455.05,536.38,471.07,399.93,259.18
303.47,232.04,-65.343,-267.27,187,81.085,-76.491,381.38,576.77,565.09,512.7,355.03
393.58,318.99,-70.09,-355.22,233.56,122.59,-196.17,271.3,605.28,665.07,640.59,467.42
489.34,413.81,-72.078,-449.94,281.98,168.83,-334.6,135.94,623.41,767.7,778.2,590.19
582.99,506.67,-73.009,-542.72,329.34,214.02,-482.17,-10.538,632.81,867.28,916.6,713.92
665.61,585.43,-75.649,-623.08,372.31,251.31,-628.25,-153.43,633.99,954.81,1042.9,826.16
727.79,636.47,-84.257,-679.59,407.97,272.16,-762.43,-280.03,625.05,1017.8,1140.9,912.32
760.8,647.25,-103.19,-701.65,434.07,268.04,-875.42,-381.85,601.28,1041.5,1192.4,957.63
758.25,609.84,-134.93,-682.02,448.63,233.48,-959.47,-455.3,556.6,1012.5,1182.3,950.4
717.71,524.58,-177.65,-619.53,449.65,169.4,-1008.9,-500.86,486.51,923.92,1102.8,885.88
641.89,401.52,-224.29,-520.44,435.09,84.469,-1020.8,-522.43,390.91,779.73,958.34,769.23
538.6,258.78,-264.03,-397.84,403.49,-6.5287,-995.66,-526.11,275.4,595.3,765.79,615.44
419.7,118.57,-285.73,-268.84,355.11,-86.8,-937.9,-517.45,150.29,394.18,550.62,445.9
298.92,2.1485,-281.95,-150.6,292.98,-142.55,-854.78,-500.64,28.102,201.8,340.58,283.05
189.09,-76.448,-251.59,-56.283,222.94,-166.87,-755.17,-478.18,-79.126,39.296,159.15,145.14
99.747,-113.8,-200.28,7.4543,152.66,-160.86,-648.01,-450.77,-161.81,-80.355,21.33,42.819
35.741,-116.02,-138.49,40.831,89.862,-132.03,-541.38,-417.92,-213.77,-153.07,-67.657,-21.374
-2.1844,-95.383,-78.385,49.743,40.452,-91.809,-441.83,-378.15,-232.9,-182.35,-111.04,-51.476
-16.549,-65.599,-29.823,42.785,7.9457,-52.721,-353.9,-330.41,-221.64,-176.81,-117.66,-56.164
-16.671,-37.226,-0.04594,28.064,-3.7368,-23.566,-279.86,-275.5,-187.06,-147.68,-99.771,-46.199
-9.7192,-16.9,10.229,12.779,-4.759,-7.4841,-219.97,-215.85,-139.54,-107.5,-70.773,-30.736
-1.4086,-7.3253,9.6108,2.9751,-1.4832,-3.0673,-172.93,-155.92,-90.135,-67.739,-40.976,-15.964
4.7269,-6.6227,4.7056,-0.66286,2.4776,-6.0154,-136.54,-101.31,-47.076,-35.58,-16.731,-5.5003
7.7535,-14.085,0.075019,0.079059,5.38,-11.738,-108.69,-55.897,-14.381,-13.748,-1.2024,-0.37252
8.3815,-18.933,-2.7155,6.1748,7.1207,-17.149,-87.627,-22.453,4.3014,-2.4127,5.3927,0.70933
7.3002,-21.925,-4.2228,8.2558,8.0074,-21.254,-72.118,-2.0251,11.746,0.95393,5.4391,-7.5829
1.0641,-22.741,-5.3779,8.6651,6.7688,-23.555,-60.825,8.0789,13.369,-0.21574,1.8182,-10.373
0.40951,-19.682,-4.3847,8.3902,5.0168,-21.685,-52.112,11.654,12.739,-3.2272,-2.7195,-10.907
0.32903,-16.707,-4.1548,7.7882,4.7997,-18.01,-44.764,11.798,11.309,-6.5761,-6.8468,-10.773
0.49674,-15.416,-4.7374,7.312,4.8852,-16.76,-38.343,10.767,9.8058,-9.1456,-10.665,-10.189
0.73869,-15.418,-5.5809,7.1815,5.1784,-17.415,-32.729,9.5551,6.011,-10.211,-9.638,-9.7791
0.92986,-16.311,-6.558,7.4085,5.5421,-19.285,-27.861,3.7876,1.1369,-7.2697,-8.2609,-9.7734
1.0061,-17.739,-7.4692,7.9006,5.8444,-21.688,-23.905,4.4249,2.7676,-6.4088,-7.8045,-10.059
0.94609,-19.298,-8.067,8.514,5.9793,-23.759,-20.77,7.639,4.1645,-6.1451,-7.7108,-10.52
0.75553,-20.6,-8.1129,9.1048,5.8835,-24.856,-18.178,10.591,4.9275,-6.1526,-7.7907,-11.103
0.46634,-21.428,-7.516,9.5823,5.5618,-24.931,-15.927,13.044,5.2781,-6.3029,-7.9716,-11.762
0.12942,-21.81,-6.4589,9.9285,5.0947,-24.358,-13.693,15.08,5.4443,-6.4875,-8.1904,-12.431
-0.20181,-21.945,-5.3541,10.181,4.6153,-23.648,-11.227,16.81,5.5803,-6.6243,-8.379,-13.034
-0.48785,-22.066,-4.6512,10.393,4.2576,-23.26,-8.6803,18.315,5.7565,-6.667,-8.4873,-13.52
-0.71069,-22.316,-4.6301,10.602,4.1027,-23.455,-6.4363,19.646,5.9764,-6.6078,-8.5036,-13.876
-0.87192,-22.701,-5.2855,10.814,4.1481,-24.212,-4.6807,20.84,6.2088,-6.4695,-8.4541,-14.122
-0.9889,-23.109,-6.3396,11.009,4.3122,-25.26,-3.3622,21.952,6.4262,-6.2897,-8.3827,-14.293
-1.0923,-23.393,-7.3729,11.159,4.4681,-26.241,-2.3652,23.068,6.6345,-6.1023,-8.3287,-14.413
-1.2181,-23.438,-7.9939,11.242,4.4914,-26.836,-1.6,24.295,6.8791,-5.9254,-8.3144,-14.486
-1.3904,-23.204,-7.9513,11.248,4.3045,-26.849,-1.009,25.729,7.2303,-5.7574,-8.3412,-14.506
-1.606,-22.739,-7.1776,11.184,3.9036,-26.267,-0.54767,27.415,7.7577,-5.5804,-8.3897,-14.453
-1.8291,-22.15,-5.7843,11.063,3.3588,-25.236,-0.16821,29.328,8.5093,-5.3675,-8.425,-14.299
-1.9997,-21.561,-4.0149,10.896,2.7848,-23.982,0.18582,31.371,9.4986,-5.092,-8.4076,-14.016
-2.0525,-21.06,-2.1852,10.685,2.2996,-22.729,0.57326,33.419,10.701,-4.7368,-8.3044,-13.592
-1.9402,-20.672,-0.62245,10.423,1.9923,-21.666,1.0415,35.363,12.054,-4.3001,-8.0975,-13.041
-1.6533,-20.357,0.4021,10.102,1.909,-20.942,1.6112,37.157,13.466,-3.7952,-7.788,-12.41
-1.2239,-20.041,0.7459,9.7239,2.0482,-20.618,2.2687,38.83,14.828,-3.2442,-7.3948,-11.752
-0.71409,-19.65,0.42205,9.303,2.3636,-20.634,2.9746,40.466,16.053,-2.6701,-6.9477,-11.107
-0.19213,-19.135,-0.45142,8.8621,2.782,-20.865,3.6845,42.185,17.113,-2.0893,-6.4748,-10.49
0.29145,-18.511,-1.7,8.4253,3.2313,-21.179,4.3684,44.098,18.059,-1.5096,-5.9929,-9.8968
0.71964,-17.867,-3.108,8.0075,3.6643,-21.48,5.0234,46.271,18.994,-0.92965,-5.5044,-9.3144
1.1102,-17.305,-4.4549,7.6073,4.0679,-21.74,5.6773,48.718,20.043,-0.33867,-5.0033,-8.7345
1.503,-16.864,-5.5569,7.2069,4.4489,-21.995,6.3807,51.401,21.326,0.28284,-4.4848,-8.1587
1.9409,-16.491,-6.2832,6.7775,4.8028,-22.243,7.1916,54.261,22.946,0.96136,-3.9539,-7.5969
2.4518,-16.085,-6.556,6.2883,5.0964,-22.375,8.156,57.248,24.967,1.7298,-3.4255,-7.0613
3.0347,-15.547,-6.3539,5.7215,5.2844,-22.219,9.2914,60.33,27.368,2.629,-2.9192,-6.5625
3.6555,-14.824,-5.7288,5.0858,5.3381,-21.64,10.575,63.492,30.014,3.7062,-2.4515,-6.1106
4.2562,-13.927,-4.815,4.417,5.2608,-20.643,11.938,66.721,32.71,5.0009,-2.033,-5.7186
4.7813,-12.918,-3.8113,3.7618,5.0886,-19.384,13.272,70,35.315,6.5209,-1.6656,-5.4003
5.2109,-11.886,-2.9282,3.1567,4.8842,-18.095,14.471,73.316,37.821,8.2331,-1.338,-5.1603
5.5746,-10.91,-2.3202,2.6167,4.7159,-16.961,15.487,76.676,40.318,10.094,-1.0183,-4.9864
5.9365,-10.037,-2.0417,2.1347,4.6305,-16.061,16.354,80.109,42.91,12.092,-0.65682,-4.849
6.369,-9.2657,-2.0418,1.6908,4.638,-15.363,17.151,83.662,45.655,14.243,-0.19857,-4.707
6.94,-8.5618,-2.1788,1.2628,4.7118,-14.761,17.949,87.383,48.561,16.545,0.40337,-4.5177
7.7092,-7.8793,-2.2569,0.83487,4.8002,-14.121,18.777,91.308,51.603,18.934,1.1841,-4.2486
8.7142,-7.1793,-2.0922,0.39933,4.8465,-13.332,19.603,95.452,54.745,21.298,2.1698,-3.8879
9.934,-6.4411,-1.5896,-0.044675,4.8132,-12.354,20.359,99.8,57.949,23.55,3.376,-3.4451
11.273,-5.6717,-0.7856,-0.49506,4.7017,-11.235,20.986,104.32,61.191,25.665,4.7948,-2.9433
12.626,-4.9083,0.1597,-0.95274,4.5565,-10.095,21.464,108.96,64.47,27.656,6.3888,-2.4081
13.963,-4.2091,1.0097,-1.429,4.452,-9.0963,21.825,113.68,67.815,29.551,8.12,-1.8598
15.355,-3.6325,1.5197,-1.9538,4.4697,-8.3899,22.133,118.43,71.27,31.4,9.9941,-1.3062
16.895,-3.2117,1.5068,-2.5849,4.6736,-8.0667,22.449,123.19,74.881,33.281,12.064,-0.73552
18.621,-2.9375,0.91204,-3.4193,5.0862,-8.1111,22.811,127.92,78.671,35.284,14.377,-0.11864
20.488,-2.7559,-0.16909,-4.5938,5.6782,-8.3973,23.218,132.65,82.61,37.474,16.886,0.57961
22.403,-2.5812,-1.5041,-6.2467,6.376,-8.7473,23.639,137.39,86.616,39.84,19.426,1.3902
24.283,-2.3172,-2.7958,-8.408,7.0858,-9.0059,24.024,142.18,90.586,42.283,21.792,2.3356
26.081,-1.8786,-3.7778,-10.904,7.723,-9.067,24.323,147.07,94.453,44.663,23.87,3.4232
27.786,-1.209,-4.287,-13.452,8.2349,-8.8585,24.504,152.07,98.219,46.885,25.684,4.6242
29.424,-0.28494,-4.2854,-15.877,8.612,-8.3367,24.564,157.18,101.95,48.926,27.337,5.8549
31.056,0.89586,-3.835,-18.183,8.8852,-7.5036,24.534,162.39,105.73,50.818,28.94,7.0072
32.762,2.3295,-3.0631,-20.464,9.1186,-6.4224,24.467,167.69,109.68,52.637,30.586,8.0336
34.621,4.0057,-2.1332,-22.812,9.4077,-5.2066,24.419,173.11,113.9,54.503,32.358,9.0091
36.694,5.8908,-1.2108,-25.259,9.883,-3.9864,24.435,178.67,118.49,56.56,34.341,10.112
38.99,7.9129,-0.42436,-27.776,10.705,-2.8725,24.538,184.41,123.43,58.933,36.615,11.545
41.435,9.9761,0.15696,-30.297,12.029,-1.9361,24.72,190.31,128.54,61.681,39.202,13.436
43.874,12.018,0.52432,-32.752,13.901,-1.2048,24.935,196.35,133.55,64.739,42.001,15.749
46.157,14.072,0.70864,-35.098,16.134,-0.67127,25.114,202.54,138.22,67.941,44.82,18.259
48.249,16.272,0.74447,-37.326,18.374,-0.30848,25.199,208.9,142.51,71.129,47.521,20.69
50.226,18.769,0.63964,-39.452,20.357,-0.084128,25.165,215.52,146.57,74.256,50.082,22.891
52.213,21.621,0.3707,-41.502,22.042,0.032094,25.021,222.46,150.64,77.388,52.573,24.876
54.312,24.737,-0.098959,-43.506,23.541,0.065791,24.809,229.73,155.01,80.644,55.108,26.742
56.594,27.907,-0.79276,-45.493,25.005,0.036668,24.576,237.22,159.91,84.13,57.815,28.599
59.1,30.911,-1.6953,-47.503,26.571,-0.039088,24.367,244.8,165.46,87.921,60.809,30.522
61.853,33.605,-2.7371,-49.575,28.327,-0.14124,24.21,252.36,171.62,92.045,64.147,32.541
64.85,35.952,-3.7953,-51.741,30.303,-0.2352,24.114,259.89,178.18,96.452,67.809,34.647
68.056,38.011,-4.7187,-54.025,32.479,-0.26356,24.058,267.47,184.85,101,71.688,36.814
71.394,39.913,-5.3703,-56.456,34.809,-0.15147,23.984,275.24,191.31,105.49,75.634,39.006
74.769,41.83,-5.672,-59.073,37.217,0.16616,23.817,283.32,197.4,109.75,79.528,41.163
78.112,43.911,-5.6325,-61.89,39.59,0.70844,23.496,291.79,203.15,113.76,83.33,43.225
81.423,46.232,-5.353,-64.868,41.829,1.4285,23.015,300.61,208.79,117.63,87.077,45.182
84.759,48.774,-5.0178,-67.943,43.91,2.2227,22.425,309.65,214.61,121.57,90.863,47.107
88.184,51.444,-4.8656,-71.076,45.908,2.9646,21.801,318.78,220.91,125.77,94.798,49.129
91.711,54.132,-5.1232,-74.263,47.948,3.5515,21.201,327.87,227.81,130.39,98.98,51.384
95.291,56.779,-5.9134,-77.511,50.118,3.9495,20.632,336.83,235.26,135.47,103.45,53.947
98.866,59.409,-7.1813,-80.816,52.413,4.2192,20.05,345.67,243.04,140.93,108.14,56.765
102.39,62.113,-8.6981,-84.157,54.735,4.5023,19.385,354.42,250.85,146.54,112.87,59.676
105.87,64.983,-10.16,-87.482,56.971,4.969,18.574,363.13,258.49,152.08,117.41,62.512
109.31,68.05,-11.324,-90.729,59.07,5.7443,17.583,371.78,265.81,157.35,121.65,65.193
112.77,71.272,-12.099,-93.875,61.072,6.8495,16.427,380.33,272.81,162.3,125.6,67.733
116.3,74.582,-12.542,-96.978,63.073,8.1995,15.165,388.65,279.55,167.03,129.4,70.206
119.97,77.92,-12.812,-100.16,65.164,9.6664,13.865,396.61,286.14,171.71,133.24,72.714
123.85,81.24,-13.074,-103.53,67.393,11.157,12.579,404.14,292.76,176.54,137.31,75.369
127.98,84.497,-13.43,-107.12,69.761,12.646,11.333,411.28,299.53,181.69,141.72,78.256
132.29,87.654,-13.911,-110.88,72.241,14.16,10.125,418.09,306.48,187.22,146.45,81.4
136.58,90.689,-14.527,-114.67,74.778,15.731,8.9326,424.6,313.49,192.96,151.37,84.737
140.68,93.61,-15.295,-118.4,77.284,17.34,7.7238,430.77,320.34,198.61,156.27,88.149
144.49,96.442,-16.202,-121.97,79.656,18.905,6.483,436.47,326.79,203.83,160.94,91.516
148.01,99.213,-17.189,-125.31,81.813,20.314,5.2198,441.56,332.73,208.46,165.26,94.765
151.29,101.93,-18.167,-128.37,83.737,21.498,3.9545,445.94,338.13,212.49,169.23,97.871
154.4,104.56,-19.039,-131.16,85.472,22.457,2.7112,449.62,343.06,216.06,172.95,100.85
157.3,107.03,-19.734,-133.72,87.066,23.249,1.5181,452.64,347.57,219.4,176.59,103.76
159.98,109.28,-20.237,-136.15,88.539,23.946,0.39539,455.11,351.75,222.71,180.29,106.64
162.44,111.25,-20.608,-138.52,89.87,24.611,-0.65135,457.11,355.64,226.17,184.09,109.52
164.8,112.95,-20.958,-140.83,91.028,25.285,-1.6276,458.7,359.22,229.71,187.84,112.35
167.11,114.4,-21.361,-142.97,92.007,25.99,-2.544,459.91,362.42,233.03,191.23,115.02
169.34,115.65,-21.793,-144.81,92.85,26.719,-3.4181,460.78,365.17,235.8,194.02,117.48
171.36,116.71,-22.174,-146.27,93.625,27.427,-4.2809,461.29,367.45,237.9,196.19,119.72
173.04,117.59,-22.482,-147.39,94.375,28.046,-5.1754,461.41,369.24,239.41,197.88,121.75
174.28,118.27,-22.794,-148.24,95.077,28.504,-6.1462,461.05,370.51,240.43,199.22,123.6
175,118.71,-23.197,-148.86,95.647,28.735,-7.2268,460.07,371.19,241.03,200.29,125.24
175.14,118.88,-23.741,-149.23,96.003,28.665,-8.4276,458.3,371.21,241.27,201.13,126.68
174.69,118.76,-24.437,-149.28,96.139,28.21,-9.7246,455.48,370.51,241.21,201.73,127.93
173.71,118.31,-25.228,-148.97,96.149,27.32,-11.055,451.4,369.06,240.87,202.12,128.99
172.39,117.56,-25.959,-148.29,96.151,26.062,-12.335,445.99,366.89,240.26,202.32,129.9
171.01,116.6,-26.45,-147.29,96.192,24.648,-13.491,439.5,364.01,239.33,202.35,130.66
169.84,115.59,-26.55,-146.09,96.205,23.401,-14.487,432.31,360.37,237.94,202.17,131.23
169.02,114.72,-26.092,-144.83,96.01,22.668,-15.332,424.66,355.84,235.92,201.65,131.54
168.26,114.11,-24.871,-143.55,95.347,22.705,-16.065,416.54,350.21,233.11,200.65,131.52
166.96,113.78,-22.734,-142.15,93.964,23.582,-16.739,407.67,343.41,229.42,198.99,131.09
164.65,113.65,-19.712,-140.43,91.691,25.139,-17.393,397.67,335.48,224.88,196.59,130.19
161.21,113.58,-16.11,-138.22,88.451,27.052,-18.04,386.16,326.56,219.67,193.41,128.8
156.74,113.36,-12.445,-135.46,84.292,28.943,-18.668,372.99,316.73,213.94,189.53,126.97
151.54,112.79,-9.191,-132.22,79.435,30.48,-19.247,358.29,306.05,207.77,185.08,124.81
145.9,111.69,-6.5516,-128.57,74.287,31.462,-19.736,342.48,294.57,201.17,180.2,122.43
140.05,109.98,-4.4811,-124.55,69.287,31.812,-20.086,326.09,282.38,194.12,174.96,119.83
134.13,107.66,-2.8691,-120.23,64.679,31.53,-20.249,309.62,269.66,186.66,169.34,116.97
128.19,104.72,-1.6387,-115.86,60.453,30.779,-20.203,293.39,256.56,178.78,163.31,113.76
122.17,101.19,-0.65417,-111.57,56.464,29.956,-19.954,277.46,243.22,170.48,156.84,110.22
116.01,97.525,0.34936,-107.13,52.507,29.464,-19.528,261.71,229.84,161.82,149.94,106.39
109.66,94.228,1.6024,-102.33,48.326,29.497,-18.939,245.99,216.54,152.96,142.63,102.29
103.19,90.962,3.1277,-97.302,43.742,29.828,-18.187,230.23,203.4,144.09,135.04,97.866
96.75,87.001,4.715,-92.05,38.861,29.922,-17.305,214.43,190.41,135.45,127.34,93.131
90.438,81.956,6.0268,-86.42,34.1,29.333,-16.362,198.7,177.52,127.15,119.74,88.25
84.222,75.84,6.7491,-80.383,29.92,27.7,-15.39,183.22,164.74,119.17,112.49,83.542
78.053,68.904,6.6712,-74.08,26.524,24.699,-14.362,168.21,152.15,111.4,105.79,79.257
71.963,61.462,5.7573,-67.629,23.778,20.309,-13.256,153.86,139.88,103.72,99.689,75.408
66.046,53.804,4.2018,-61.092,21.307,14.981,-12.104,140.3,128.06,96.076,94.045,71.791
60.381,46.239,2.3976,-54.621,18.651,9.4789,-10.986,127.48,116.79,88.515,88.598,68.119
55.014,39.175,0.82051,-48.545,15.577,4.633,-9.9923,115.23,106.14,81.177,83.066,64.179
49.99,33.028,-0.11736,-43.221,12.484,1.0411,-9.184,103.35,96.122,74.263,77.267,59.929
45.374,28.038,-0.18207,-38.772,10.059,-1.0837,-8.573,91.723,86.714,67.896,71.194,55.476
41.219,24.124,0.65114,-35.016,8.402,-1.8717,-8.1275,80.374,77.881,62.03,65.007,50.977
37.494,20.818,2.2227,-31.631,7.1674,-1.6904,-7.7975,69.443,69.589,56.535,58.966,46.592
34.063,17.293,4.2234,-28.322,6.0725,-0.94678,-7.5455,59.141,61.789,51.327,53.33,42.452
30.72,13.022,6.3108,-24.895,4.9947,0.020662,-7.3607,49.674,54.413,46.348,48.239,38.599
27.284,9.2995,8.2932,-21.226,3.8966,0.93348,-7.2557,41.141,47.389,41.503,43.651,34.976
23.701,7.2854,10.183,-17.138,2.758,1.6201,-7.257,33.483,40.66,36.665,39.389,31.496
20.089,6.2648,12.062,-12.951,1.5411,2.0639,-7.3998,26.537,34.2,31.765,35.207,28.089
16.64,5.573,13.975,-9.7377,0.18302,2.3551,-7.7184,20.182,28.011,26.892,30.847,24.707
13.483,5.0255,15.874,-7.6548,-1.3951,2.6101,-8.2254,14.485,22.102,22.362,26.243,21.291
10.66,4.6042,17.59,-6.2936,-3.2422,2.9189,-8.8891,9.652,16.564,18.542,21.85,17.755
8.191,4.2949,18.93,-5.3509,-5.2708,3.3172,-9.6207,5.7392,11.714,15.418,18.256,14.028
6.0903,4.044,19.82,-4.624,-7.2167,3.762,-10.289,2.5928,7.87,12.518,15.216,10.328
4.3553,3.7749,20.293,-3.9652,-8.8052,4.135,-10.765,0.042711,4.9494,9.4051,12.063,7.2092
2.9694,3.437,20.464,-3.2993,-9.9218,4.313,-10.965,-2.0168,2.6791,6.1829,8.6938,4.9672
1.8936,3.0341,20.547,-2.6216,-10.602,4.267,-10.876,-3.657,0.87673,3.4085,5.6429,3.4657
1.0495,2.5985,20.763,-1.9524,-10.96,4.0906,-10.554,-4.9379,-0.5537,1.4331,3.3417,2.4597
0.34472,2.1462,21.196,-1.2954,-11.135,3.9171,-10.103,-5.9166,-1.6765,0.13943,1.7562,1.7663
-0.27953,1.6604,21.829,-0.63797,-11.234,3.8131,-9.6205,-6.6479,-2.5437,-0.73698,0.6585,1.2719
-0.84121,1.1017,22.515,0.029015,-11.294,3.7379,-9.1664,-7.183,-3.1924,-1.3769,-0.125,0.90742
-1.341,0.41904,22.852,0.7054,-11.29,3.5457,-8.7498,-7.5682,-3.6493,-1.8621,-0.67537,0.63162
-1.7759,-0.4422,22.366,1.3901,-11.164,3.0207,-8.3477,-7.8445,-3.9395,-2.2188,-1.0214,0.42289
-2.1374,-1.524,20.878,2.0835,-10.875,1.9548,-7.9243,-8.0478,-4.0948,-2.4533,-1.1786,0.27495
-2.4072,-2.8292,18.513,2.7787,-10.406,0.24367,-7.4516,-8.2081,-4.1567,-2.5748,-1.1723,0.19001
-2.5591,-4.295,15.45,3.4486,-9.743,-2.0413,-6.9282,-8.3516,-4.1744,-2.6073,-1.0451,0.16665
-2.5718,-5.7876,11.885,4.0436,-8.8962,-4.6435,-6.3837,-8.5016,-4.1974,-2.5918,-0.85415,0.18876
-2.441,-7.1294,8.164,4.5048,-7.9254,-7.1794,-5.8689,-8.6776,-4.2641,-2.5781,-0.66114,0.22453
-2.1874,-8.1508,4.8174,4.7906,-6.9407,-9.2396,-5.4354,-8.8906,-4.3882,-2.608,-0.51916,0.23698
-1.8625,-8.744,2.3678,4.9001,-6.0726,-10.506,-5.117,-9.1382,-4.5548,-2.7016,-0.46062,0.1983
-1.5456,-8.895,1.087,4.8771,-5.4209,-10.843,-4.9206,-9.4043,-4.729,-2.8534,-0.49177,0.099308
-1.3215,-8.6802,0.92204,4.7912,-5.0149,-10.324,-4.8303,-9.6665,-4.8756,-3.0404,-0.59659,-0.05019
-1.2498,-8.2298,1.5755,4.7054,-4.8172,-9.1876,-4.8203,-9.9083,-4.9787,-3.2359,-0.74891,-0.22942
-1.3415,-7.6716,2.7226,4.6497,-4.7667,-7.7417,-4.8691,-10.13,-5.0524,-3.4226,-0.92649,-0.41863
-1.5539,-7.0828,4.1471,4.6099,-4.8307,-6.262,-4.9645,-10.352,-5.1364,-3.5998,-1.1211,-0.60833
-1.8113,-6.4803,5.6829,4.5423,-5.0179,-4.9228,-5.0997,-10.6,-5.2785,-3.78,-1.3413,-0.80085
-2.0438,-5.8571,7.1667,4.4078,-5.3452,-3.795,-5.2665,-10.893,-5.5108,-3.9801,-1.6066,-1.0049
-2.222,-5.2326,8.4635,4.2033,-5.8088,-2.9051,-5.449,-11.225,-5.8326,-4.2088,-1.9322,-1.2276
-2.3658,-4.6759,9.4633,3.9725,-6.3794,-2.301,-5.6238,-11.565,-6.2069,-4.4594,-2.3132,-1.4685
-2.5278,-4.2842,10.093,3.7927,-6.9985,-2.0359,-5.7657,-11.861,-6.5705,-4.7085,-2.7219,-1.7181
-2.7659,-4.1321,10.369,3.743,-7.583,-2.0935,-5.8542,-12.061,-6.856,-4.9252,-3.1198,-1.9624
-3.1175,-4.2308,10.422,3.8727,-8.061,-2.3651,-5.8724,-12.136,-7.0143,-5.0835,-3.4729,-2.1907
-3.5851,-4.5239,10.437,4.1855,-8.418,-2.6901,-5.8057,-12.082,-7.0295,-5.1739,-3.7603,-2.4002
-4.1328,-4.9174,10.517,4.6431,-8.689,-2.9115,-5.6433,-11.915,-6.9173,-5.2048,-3.9741,-2.5956
-4.7012,-5.325,10.645,5.1834,-8.9016,-2.9324,-5.3826,-11.658,-6.7123,-5.1958,-4.1165,-2.785
-5.2369,-5.7017,10.761,5.7449,-9.0428,-2.7474,-5.0326,-11.327,-6.4533,-5.1697,-4.1949,-2.9781
-5.7149,-6.0581,10.787,6.2893,-9.0739,-2.4476,-4.6115,-10.931,-6.1692,-5.1443,-4.2209,-3.1832
-6.1362,-6.455,10.606,6.8136,-8.9672,-2.2132,-4.1371,-10.467,-5.8711,-5.1264,-4.2057,-3.402
-6.5112,-6.9856,10.091,7.3447,-8.7199,-2.2757,-3.6203,-9.9264,-5.5502,-5.1084,-4.1548,-3.6262
-6.8457,-7.741,9.119,7.9173,-8.34,-2.8436,-3.0657,-9.2958,-5.1863,-5.0714,-4.0655,-3.8384
-7.136,-8.7653,7.6095,8.5465,-7.8361,-4.0239,-2.4784,-8.57,-4.7609,-4.9958,-3.9305,-4.0218
-7.3677,-10.017,5.6062,9.2096,-7.2262,-5.7642,-1.8703,-7.7591,-4.27,-4.8733,-3.7471,-4.1721
-7.5188,-11.362,3.3271,9.8493,-6.5468,-7.8397,-1.2622,-6.8903,-3.7283,-4.714,-3.526,-4.3037
-7.5699,-12.612,1.1126,10.397,-5.849,-9.906,-0.67884,-6.0014,-3.1661,-4.5439,-3.2925,-4.4446
-7.5186,-13.591,-0.705,10.801,-5.184,-11.615,-0.14203,-5.1314,-2.6187,-4.3956,-3.0813,-4.6238
-7.3853,-14.206,-1.9193,11.039,-4.5896,-12.735,0.33444,-4.3119,-2.1165,-4.2964,-2.9262,-4.8587
-7.2061,-14.451,-2.4819,11.12,-4.0867,-13.191,0.74486,-3.5631,-1.678,-4.2588,-2.8494,-5.1488
-7.0169,-14.382,-2.4595,11.069,-3.6832,-13.048,1.089,-2.8905,-1.3078,-4.2782,-2.8552,-5.4788
-6.8384,-14.068,-1.994,10.907,-3.3803,-12.463,1.3692,-2.2868,-0.99953,-4.3366,-2.93,-5.8276
-6.6636,-13.572,-1.2851,10.644,-3.172,-11.646,1.5871,-1.7357,-0.74082,-4.4123,-3.0508,-6.1796
-6.4616,-12.936,-0.54524,10.283,-3.0449,-10.783,1.7424,-1.2173,-0.51828,-4.4896,-3.1977,-6.5298
-6.1998,-12.191,0.082653,9.8271,-2.9805,-9.9738,1.8355,-0.70995,-0.31683,-4.564,-3.3612,-6.8796
-5.8657,-11.359,0.5657,9.2889,-2.9577,-9.2113,1.8743,-0.18809,-0.11521,-4.6378,-3.5406,-7.2261
-5.4746,-10.46,0.94718,8.6911,-2.9578,-8.4305,1.8807,0.37976,0.11799,-4.7118,-3.7375,-7.5552
-5.0629,-9.5148,1.3141,8.0663,-2.9716,-7.5593,1.8888,1.0292,0.42198,-4.78,-3.9497,-7.845
-4.6766,-8.5621,1.7864,7.4572,-2.9976,-6.5524,1.9379,1.794,0.8342,-4.8342,-4.1701,-8.0737
-4.3589,-7.6534,2.4734,6.9155,-3.0303,-5.4029,2.0637,2.6989,1.3781,-4.8701,-4.3894,-8.2256
-4.1387,-6.8428,3.4158,6.4912,-3.0531,-4.1458,2.2898,3.7518,2.0535,-4.8849,-4.5955,-8.2926
-4.022,-6.1793,4.5563,6.2154,-3.0413,-2.8608,2.6197,4.9364,2.833,-4.8677,-4.7718,-8.2741
-3.9873,-5.7094,5.711,6.0884,-2.9668,-1.6787,3.0348,6.2094,3.6702,-4.797,-4.8971,-8.1787
-3.9877,-5.4756,6.5487,6.0827,-2.8006,-0.78489,3.5057,7.5095,4.5177,-4.6482,-4.9503,-8.0237
-3.9667,-5.5099,6.7179,6.1593,-2.5069,-0.39494,4.0118,8.7782,5.3468,-4.4005,-4.9141,-7.827
-3.8814,-5.8363,6.0197,6.2888,-2.0451,-0.69694,4.5541,9.9823,6.1549,-4.0396,-4.7804,-7.5946
-3.7189,-6.4745,4.4184,6.4649,-1.3948,-1.7844,5.1523,11.122,6.9565,-3.561,-4.5538,-7.3208
-3.5009,-7.4242,2.0411,6.7003,-0.58273,-3.6012,5.8285,12.224,7.7653,-2.9735,-4.2527,-6.9999
-3.2733,-8.6364,-0.79692,7.0084,0.31724,-5.9277,6.5902,13.327,8.5801,-2.3017,-3.9057,-6.638
-3.0852,-9.9949,-3.6489,7.3832,1.2084,-8.4234,7.4209,14.46,9.3794,-1.5846,-3.5441,-6.2549
-2.9667,-11.332,-6.0609,7.7905,2.0017,-10.711,8.2796,15.628,10.125,-0.87134,-3.1971,-5.88
-2.9155,-12.476,-7.6998,8.1749,2.64,-12.474,9.1109,16.803,10.778,-0.21335,-2.8878,-5.5424
-2.8971,-13.303,-8.4282,8.4766,3.1041,-13.544,9.8624,17.925,11.313,0.34925,-2.6305,-5.2595
-2.8596,-13.772,-8.303,8.649,3.4054,-13.944,10.503,18.916,11.731,0.80275,-2.4277,-5.0308
-2.7516,-13.924,-7.5336,8.6686,3.5756,-13.863,11.03,19.703,12.058,1.1664,-2.2688,-4.8397
-2.5421,-13.842,-6.4275,8.5374,3.6634,-13.54,11.464,20.229,12.321,1.4827,-2.1343,-4.6624
-2.2312,-13.598,-5.3161,8.2776,3.7274,-13.132,11.819,20.461,12.529,1.7928,-2.0034,-4.4792
-1.8464,-13.225,-4.4717,7.9222,3.8167,-12.695,12.088,20.394,12.666,2.1126,-1.8631,-4.2821
-1.4314,-12.733,-4.0457,7.5065,3.9532,-12.258,12.235,20.051,12.696,2.4196,-1.7139,-4.0755
-1.0318,-12.139,-4.0448,7.061,4.1293,-11.829,12.219,19.484,12.58,2.6623,-1.5686,-3.8719
-0.68342,-11.474,-4.3609,6.6065,4.3171,-11.381,12.023,18.769,12.304,2.7913,-1.4442,-3.683
-0.40411,-10.782,-4.8344,6.1536,4.4819,-10.895,11.669,17.99,11.893,2.7952,-1.3508,-3.5101
-0.19253,-10.107,-5.3006,5.7102,4.5954,-10.397,11.22,17.221,11.405,2.7105,-1.2858,-3.3392
-0.033959,-9.4829,-5.6068,5.29,4.6456,-9.9057,10.754,16.502,10.906,2.5976,-1.2377,-3.1468
0.091714,-8.9086,-5.6304,4.9026,4.6329,-9.3809,10.333,15.835,10.442,2.5082,-1.1941,-2.9113
0.2039,-8.3423,-5.3034,4.5396,4.5606,-8.7492,9.9853,15.186,10.026,2.4682,-1.1465,-2.624
0.31673,-7.7323,-4.6339,4.1798,4.433,-7.9582,9.7056,14.511,9.6409,2.4786,-1.0883,-2.2912
0.43614,-7.0633,-3.7195,3.811,4.2643,-7.0254,9.4715,13.775,9.2555,2.5231,-1.0121,-1.9274
0.56038,-6.377,-2.7361,3.443,4.0845,-6.0509,9.2541,12.969,8.8394,2.5745,-0.90903,-1.547
0.68356,-5.7551,-1.8974,3.104,3.9342,-5.1864,9.02,12.105,8.3734,2.5991,-0.77465,-1.162
0.80048,-5.2804,-1.3946,2.8228,3.8525,-4.5766,8.7316,11.199,7.8517,2.5622,-0.61365,-0.78439
0.91054,-4.9972,-1.3378,2.6113,3.8623,-4.3037,8.3504,10.263,7.2803,2.4388,-0.44114,-0.43084
1.0185,-4.891,-1.7183,2.4558,3.9606,-4.3558,7.847,9.2935,6.6711,2.2262,-0.27885,-0.12314
1.1311,-4.8922,-2.409,2.3228,4.1174,-4.6297,7.2133,8.2815,6.0338,1.9488,-0.14708,0.11794
1.2524,-4.9003,-3.2028,2.1726,4.2842,-4.9671,6.4682,7.218,5.3688,1.6455,-0.055961,0.28357
1.3818,-4.812,-3.8724,1.9718,4.4085,-5.2014,5.6509,6.1037,4.6663,1.3441,-0.0022549,0.38099
1.5169,-4.5452,-4.2284,1.6995,4.4493,-5.1956,4.8091,4.9529,3.9126,1.0469,0.024889,0.42472
1.6565,-4.0568,-4.165,1.3522,4.3908,-4.869,3.9851,3.7936,3.1041,0.73542,0.034437,0.42517
1.8023,-3.3583,-3.6863,0.94873,4.2483,-4.2173,3.208,2.6642,2.2571,0.39063,0.027974,0.38655
1.9568,-2.5256,-2.9054,0.5308,4.0622,-3.3213,2.4916,1.6051,1.4097,0.0099385,0.000252,0.31177
2.121,-1.6826,-1.9873,0.14872,3.8789,-2.3163,1.8356,0.64721,0.6098,-0.39011,-0.057437,0.20605
2.2908,-0.93562,-1.0389,-0.16534,3.7237,-1.3062,1.2274,-0.19882,-0.10357,-0.78519,-0.15443,0.076328
2.4543,-0.2985,-0.044051,-0.41376,3.5898,-0.29674,0.64868,-0.947,-0.71453,-1.155,-0.29843,-0.069888
2.5912,0.29945,1.072,-0.6218,3.4535,0.76849,0.087199,-1.6302,-1.2324,-1.4861,-0.49157,-0.22274
2.6772,0.91753,2.3085,-0.81041,3.3006,1.9079,-0.45366,-2.2876,-1.6818,-1.7685,-0.72533,-0.36666
2.6957,1.5205,3.5157,-0.97634,3.1412,3.0273,-0.95393,-2.9517,-2.0901,-1.9922,-0.97838,-0.48039
2.6472,1.9837,4.4225,-1.0898,3.0104,3.9193,-1.3821,-3.6399,-2.4779,-2.149,-1.2213,-0.54213
2.549,2.1594,4.7384,-1.108,2.9643,4.3439,-1.7035,-4.3514,-2.8569,-2.2359,-1.4268,-0.53509
2.4253,1.9383,4.2574,-0.99543,3.0656,4.1157,-1.8925,-5.0716,-3.2316,-2.2589,-1.5814,-0.45049
2.2964,1.2831,2.9219,-0.74059,3.3519,3.1562,-1.9459,-5.7795,-3.6039,-2.2336,-1.6909,-0.2914
2.1732,0.24674,0.8648,-0.36234,3.8102,1.5338,-1.8888,-6.4551,-3.9738,-2.1827,-1.7762,-0.07647
2.0562,-1.0284,-1.5884,0.094061,4.3725,-0.51607,-1.7674,-7.0842,-4.3385,-2.131,-1.8628,0.16262
1.9363,-2.3375,-3.9887,0.56896,4.9355,-2.6254,-1.6324,-7.6598,-4.6919,-2.1001,-1.9699,0.39015
1.7995,-3.4625,-5.8893,1.0022,5.3891,-4.3875,-1.5237,-8.1825,-5.0275,-2.1056,-2.106,0.5751
1.635,-4.226,-6.9735,1.3428,5.6463,-5.4698,-1.4629,-8.6623,-5.3425,-2.157,-2.2703,0.69486
1.4422,-4.5312,-7.1198,1.5539,5.6646,-5.7046,-1.4561,-9.1177,-5.6413,-2.2587,-2.4582,0.73529
1.2364,-4.3808,-6.4039,1.6182,5.456,-5.132,-1.4976,-9.5735,-5.9346,-2.4109,-2.6658,0.6907
1.0452,-3.872,-5.0746,1.5455,5.0858,-3.9815,-1.5732,-10.055,-6.2367,-2.6095,-2.8912,0.56557
0.8984,-3.1715,-3.5024,1.3771,4.6564,-2.5973,-1.6638,-10.579,-6.5609,-2.847,-3.1314,0.37517
0.81622,-2.4684,-2.0793,1.176,4.2772,-1.3265,-1.7515,-11.155,-6.9158,-3.1137,-3.3802,0.14007
0.80011,-1.9144,-1.0967,1.0046,4.0312,-0.40835,-1.8241,-11.773,-7.3031,-3.3977,-3.6264,-0.12428
0.83141,-1.5781,-0.66431,0.90272,3.9486,0.080588,-1.8778,-12.416,-7.7168,-3.6853,-3.8551,-0.41354
0.87785,-1.4397,-0.6978,0.87808,4.0019,0.20741,-1.9165,-13.059,-8.1442,-3.9599,-4.0511,-0.72837
0.90612,-1.4234,-0.96633,0.91224,4.1204,0.12671,-1.949,-13.683,-8.5704,-4.2057,-4.2039,-1.0634
0.89477,-1.4435,-1.2103,0.97363,4.2218,0.0085595,-1.9842,-14.279,-8.9812,-4.4104,-4.3106,-1.4039
0.84062,-1.4441,-1.2648,1.0342,4.2479,-0.033084,-2.0232,-14.845,-9.3639,-4.5663,-4.3722,-1.7305
0.75601,-1.4179,-1.1115,1.0837,4.1902,0.023142,-2.0527,-15.377,-9.7076,-4.668,-4.3896,-2.0231
0.66024,-1.4034,-0.85619,1.1343,4.0897,0.116,-2.0468,-15.868,-10.006,-4.7126,-4.3632,-2.2628
0.57208,-1.4643,-0.67028,1.2092,4.0121,0.13441,-1.9787,-16.309,-10.261,-4.7023,-4.297,-2.4355
0.50609,-1.657,-0.72616,1.326,4.0148,-0.032897,-1.8361,-16.701,-10.486,-4.6483,-4.1999,-2.5366
0.47131,-1.9958,-1.1354,1.4835,4.1271,-0.44048,-1.6298,-17.059,-10.702,-4.5696,-4.0839,-2.5725
0.47193,-2.4336,-1.9043,1.6566,4.3426,-1.0541,-1.3925,-17.407,-10.93,-4.4885,-3.9597,-2.5575
0.50953,-2.8706,-2.9235,1.8014,4.6243,-1.7584,-1.1693,-17.773,-11.191,-4.4261,-3.8371,-2.5102
0.58302,-3.1842,-3.9974,1.8672,4.9195,-2.3899,-1.007,-18.184,-11.499,-4.3999,-3.7317,-2.4516
0.68425,-3.2686,-4.9005,1.8144,5.1732,-2.7806,-0.94293,-18.656,-11.864,-4.4239,-3.6678,-2.4044
0.79395,-3.07,-5.4339,1.6326,5.3323,-2.8021,-0.99558,-19.195,-12.28,-4.5076,-3.6745,-2.3885
0.88269,-2.6052,-5.4693,1.3516,5.352,-2.4054,-1.1583,-19.786,-12.728,-4.6539,-3.7746,-2.4155
0.91615,-1.9566,-4.9893,1.034,5.2098,-1.6476,-1.4035,-20.396,-13.17,-4.8589,-3.9759,-2.4847
0.86254,-1.2458,-4.101,0.75066,4.9171,-0.68202,-1.6933,-20.982,-13.563,-5.1132,-4.2692,-2.5863
0.70096,-0.58773,-2.9707,0.55021,4.5034,0.32181,-1.9907,-21.497,-13.878,-5.4058,-4.6344,-2.7077
0.42809,-0.04118,-1.7062,0.44037,3.9931,1.2835,-2.2696,-21.904,-14.109,-5.7252,-5.0461,-2.8406
0.060482,0.41406,-0.30347,0.39079,3.3985,2.2386,-2.5237,-22.181,-14.268,-6.0584,-5.4771,-2.9802
-0.36846,0.8509,1.2904,0.35601,2.734,3.2726,-2.7657,-22.318,-14.373,-6.3886,-5.8989,-3.1205
-0.81597,1.3336,3.051,0.30059,2.0321,4.4318,-3.0114,-22.322,-14.437,-6.695,-6.2817,-3.2486
-1.2397,1.8625,4.8173,0.2162,1.3474,5.6696,-3.258,-22.212,-14.456,-6.954,-6.5958,-3.3437
-1.6074,2.3654,6.3539,0.12315,0.74719,6.8531,-3.4747,-22.008,-14.418,-7.1402,-6.8151,-3.3819
-1.9045,2.7354,7.45,0.057445,0.28897,7.8207,-3.6106,-21.723,-14.308,-7.2323,-6.9217,-3.3437
-2.1347,2.8844,7.9994,0.050588,-0.0044574,8.455,-3.61,-21.356,-14.119,-7.2196,-6.91,-3.2224
-2.3141,2.7918,8.0586,0.11124,-0.1643,8.7589,-3.428,-20.9,-13.856,-7.1069,-6.7874,-3.0243
-2.4589,2.5395,7.8504,0.2162,-0.28037,8.9049,-3.0398,-20.339,-13.528,-6.9117,-6.5699,-2.7639
-2.5764,2.3254,7.641,0.31194,-0.4736,9.1671,-2.4389,-19.655,-13.137,-6.6559,-6.2759,-2.4551
-2.6653,2.441,7.5225,0.32763,-0.84455,9.682,-1.6248,-18.831,-12.676,-6.3562,-5.9224,-2.1068
-2.7247,3.1964,7.4213,0.19424,-1.4244,10.318,-0.58726,-17.86,-12.131,-6.0191,-5.5247,-1.7235
-2.7613,4.7887,7.421,-0.13292,-2.1776,11.006,0.70799,-16.753,-11.49,-5.6405,-5.0969,-1.309
-2.7854,7.2052,7.8971,-0.66074,-3.0553,12.04,2.326,-15.533,-10.749,-5.208,-4.6496,-0.86742
-2.7998,10.285,9.3535,-1.3765,-4.0396,13.905,4.3488,-14.232,-9.9163,-4.7046,-4.1855,-0.40137
-2.7953,13.874,12.225,-2.2881,-5.1424,16.936,6.8238,-12.878,-9.0117,-4.1139,-3.6986,0.093907
-2.7575,17.883,16.633,-3.4407,-6.3822,21.103,9.7206,-11.492,-8.0593,-3.4228,-3.1726,0.6374
-2.6802,22.221,22.228,-4.8965,-7.7592,26.057,12.95,-10.081,-7.0785,-2.6186,-2.5802,1.2729
-2.5728,26.727,28.364,-6.7061,-9.2502,31.358,16.397,-8.6408,-6.0749,-1.6811,-1.8775,2.08
-2.453,31.19,34.462,-8.8913,-10.812,36.666,19.979,-7.1656,-5.0402,-0.57712,-0.99888,3.1781
-2.3337,35.44,40.071,-11.438,-12.398,41.708,23.685,-5.6579,-3.9611,0.72982,0.14078,4.6963
-2.2143,39.423,44.78,-14.276,-13.974,46.137,27.528,-4.1372,-2.8336,2.2567,1.6165,6.6729
-2.0841,43.233,48.288,-17.254,-15.529,49.606,31.499,-2.6388,-1.6699,3.9873,3.4357,8.9506
-1.9314,47.068,50.588,-20.192,-17.087,52.106,35.62,-1.2035,-0.49456,5.8872,5.5123,11.252
-1.7496,51.132,52.067,-23,-18.687,54.139,39.936,0.13669,0.66551,7.9451,7.725,13.397
-1.5349,55.517,53.5,-25.687,-20.355,56.489,44.417,1.3668,1.7862,10.184,10.008,15.386
-1.2819,60.153,55.757,-28.308,-22.086,59.842,48.88,2.4847,2.8455,12.617,12.36,17.324
-0.98042,64.881,59.204,-30.927,-23.833,64.341,53.033,3.4904,3.8206,15.189,14.774,19.315
-0.61987,69.561,63.513,-33.588,-25.53,69.458,56.625,4.3743,4.6874,17.758,17.196,21.401
-0.19873,74.143,68.089,-36.272,-27.13,74.5,59.539,5.1133,5.4245,20.164,19.532,23.549
0.26986,78.624,72.521,-38.902,-28.637,79.076,61.735,5.6732,6.0141,22.294,21.685,25.684
0.76241,82.981,76.718,-41.409,-30.094,83.15,63.116,6.0175,6.4463,24.107,23.588,27.725
1.2572,87.153,80.819,-43.769,-31.563,86.9,63.49,6.1211,6.7199,25.62,25.212,29.611
1.7436,91.099,84.994,-45.969,-33.099,90.534,62.666,5.9792,6.8421,26.878,26.563,31.311
2.22,94.827,89.246,-47.978,-34.713,94.181,60.621,5.6118,6.8261,27.928,27.669,32.83
2.6847,98.376,93.39,-49.749,-36.343,97.954,57.564,5.0618,6.6885,28.799,28.563,34.21
3.1315,101.81,97.277,-51.267,-37.865,102.07,53.762,4.3849,6.4481,29.492,29.275,35.517
3.5542,105.23,100.89,-52.662,-39.132,106.75,49.303,3.6386,6.1233,29.974,29.813,36.812
3.956,108.67,104.16,-54.352,-39.995,111.84,44.064,2.8736,5.7282,30.184,30.155,38.097
4.3511,111.91,106.81,-56.855,-40.304,116.49,37.841,2.1291,5.2703,30.067,30.26,39.267
4.7487,114.38,108.4,-60.009,-39.948,119.54,30.525,1.4334,4.754,29.601,30.095,40.151
5.13,115.38,108.47,-62.813,-38.906,120.13,22.242,0.80805,4.1863,28.807,29.639,40.616
5.4438,114.5,106.69,-64.325,-37.292,118.16,13.551,0.26784,3.5785,27.724,28.876,40.595
5.6223,111.79,103.09,-64.035,-35.314,114.03,5.7024,-0.18567,2.94,26.374,27.781,40.008
5.608,107.56,98.006,-61.818,-33.178,108.37,0.32519,-0.57277,2.2655,24.749,26.317,38.721
5.3744,102.17,92.014,-57.948,-31.009,101.84,-1.8355,-0.93733,1.5278,22.825,24.452,36.626
4.9295,95.881,85.63,-53.013,-28.85,94.887,-1.694,-1.335,0.68704,20.609,22.185,33.79
4.3028,88.864,79.118,-47.698,-26.696,87.63,-0.93479,-1.8139,-0.28747,18.164,19.598,30.47
3.5264,81.237,72.497,-42.561,-24.53,79.969,-0.64241,-2.3972,-1.3982,15.583,16.854,26.915
2.6219,73.108,65.732,-37.794,-22.348,71.948,-0.94405,-3.0779,-2.6172,12.958,14.118,23.255
1.6023,64.666,58.924,-33.229,-20.212,63.859,-1.5299,-3.8292,-3.9034,10.377,11.482,19.555
0.47902,56.277,52.397,-28.657,-18.284,56.025,-2.1581,-4.622,-5.2266,7.9002,8.951,15.851
-0.7282,48.472,46.578,-24.055,-16.754,48.736,-2.7616,-5.4407,-6.5854,5.5317,6.4717,12.129
-1.9755,41.706,41.84,-19.548,-15.691,42.378,-3.36,-6.2921,-8.0111,3.2116,3.9709,8.3529
-3.2147,36.019,38.357,-15.27,-15.005,37.246,-3.9991,-7.2003,-9.5608,0.85969,1.3887,4.5693
-4.4266,31.032,36.045,-11.265,-14.576,33.196,-4.7354,-8.1948,-11.303,-1.5965,-1.301,0.98383
-5.6092,26.254,34.644,-7.4491,-14.33,29.888,-5.6197,-9.2966,-13.302,-4.2053,-4.0775,-2.1417
-6.759,21.271,33.669,-3.9678,-14.214,27.403,-6.6698,-10.507,-15.592,-6.9757,-6.8705,-4.718
-7.8752,15.861,32.443,-1.3176,-14.163,26.016,-7.8469,-11.806,-18.156,-9.8574,-9.5707,-6.8456
-8.9534,10.578,30.697,0.50164,-14.096,25.041,-9.0604,-13.155,-20.914,-12.732,-12.059,-8.6367
-9.9669,6.436,28.804,1.9172,-13.93,23.428,-10.217,-14.517,-23.751,-15.45,-14.252,-10.137
-10.857,3.5904,27.003,3.2262,-13.602,20.769,-11.273,-15.868,-26.552,-17.893,-16.134,-11.371
-11.55,1.5626,25.149,4.5145,-13.086,17.331,-12.248,-17.195,-29.216,-20.006,-17.736,-12.389
-11.99,-0.063212,23.007,5.7452,-12.392,13.696,-13.19,-18.487,-31.661,-21.782,-19.089,-13.249
-12.171,-1.5134,20.49,6.8477,-11.564,10.28,-14.133,-19.72,-33.819,-23.251,-20.21,-13.998
-12.143,-2.91,17.698,7.7894,-10.656,7.1433,-15.076,-20.858,-35.648,-24.479,-21.115,-14.655
-11.998,-4.3318,14.793,8.6014,-9.7148,4.1694,-15.975,-21.862,-37.143,-25.539,-21.83,-15.214
-11.838,-5.8314,11.881,9.3557,-8.7732,1.3015,-16.77,-22.707,-38.328,-26.469,-22.39,-15.658
-11.744,-7.4256,9.0151,10.117,-7.8482,-1.3819,-17.422,-23.394,-39.266,-27.273,-22.825,-15.981
-11.754,-9.0815,6.2469,10.901,-6.9509,-3.7153,-17.937,-23.964,-40.056,-27.98,-23.163,-16.198
-11.865,-10.709,3.7142,11.669,-6.1045,-5.5315,-18.354,-24.498,-40.827,-28.669,-23.449,-16.348
-12.049,-12.165,1.7011,12.339,-5.3645,-6.7325,-18.727,-25.083,-41.676,-29.41,-23.73,-16.472
-12.257,-13.274,0.49667,12.823,-4.8204,-7.3117,-19.086,-25.754,-42.594,-30.178,-24.032,-16.595
-12.42,-13.869,0.17382,13.05,-4.5573,-7.3286,-19.419,-26.396,-43.436,-30.859,-24.317,-16.702
-12.462,-13.861,0.60316,12.984,-4.6023,-6.8884,-19.66,-26.645,-43.966,-31.329,-24.483,-16.739
-12.327,-13.297,1.6037,12.631,-4.8939,-6.1407,-19.686,-25.912,-43.857,-31.464,-24.37,-16.623
-11.995,-12.357,2.9872,12.03,-5.2883,-5.2612,-19.348,-23.725,-42.538,-30.997,-23.771,-16.267
-11.472,-11.28,4.4983,11.254,-5.6056,-4.4019,-18.653,-21.226,-39.977,-29.573,-22.539,-15.601
-10.798,-10.252,5.8803,10.415,-5.6922,-3.6367,-19.513,-36.484,-44.451,-30.424,-21.769,-14.613
-10.491,-9.3115,7.0289,9.7487,-5.4456,-2.918,-28.527,-53.877,-48.34,-33.093,-25.716,-13.494
-13.425,-8.3318,7.9653,9.982,-4.8624,-2.0846,-31.03,-58.081,-50.746,-35.587,-28.532,-13.515
-17.965,-7.1447,8.8179,13.413,-4.6579,-0.93605,-30.614,-62.927,-53.901,-38.779,-30.275,-18.202
-20.658,-5.8671,9.9279,19.668,-9.6839,0.73177,-29.503,-66.387,-56.644,-41.547,-32.112,-21.281
-22.224,-5.9773,11.909,20.656,-16.244,3.2375,-27.362,-65.007,-56.969,-42.17,-32.512,-21.05
-21.317,-7.9313,15.565,16.841,-18.269,7.4439,-23.583,-54.56,-51.885,-38.546,-29.699,-17.731
-16.914,0.84944,21.031,9.2102,-18.88,14.909,-16.728,-30.046,-37.369,-28.394,-22.177,-11.16
-8.8937,14.311,26.598,-0.99295,-17.698,24.765,-4.5885,13.408,-9.2964,-9.6383,-8.7627,-1.9129
2.0594,26.424,29.501,-12.367,-14.378,31.041,14.396,77.442,34.883,18.835,11.237,9.4043
15.481,35.1,27.954,-23.898,-8.0639,32.989,40.28,159.68,94.958,56.834,37.874,22.31
31.63,40.632,21.545,-35.426,3.4807,30.112,70.222,253.48,167.81,103.45,70.805,36.926
51.457,45.41,9.9793,-48.365,22.331,24.446,98.032,347.82,248.24,158.34,110.04,54.665
77.175,53.738,-7.3916,-65.984,46.25,19.806,115.06,429.4,330.22,220.06,157.65,78.877
112.19,71.605,-25.661,-93.144,73.037,20.951,112.31,484.9,407.74,287.01,217.52,115.46
160.08,105.88,-39.509,-134.33,104.57,31.457,82.609,503.55,475.26,361.86,292.44,169.6
222.81,161.07,-48.567,-192,141.55,52.896,21.95,479.08,529.74,445.39,384.81,243.34
300.3,234.03,-53.747,-266.31,183.71,85.729,-69.643,411.23,571.34,537.56,495.38,336.79
390.03,321.3,-56.566,-354.16,230.03,127.74,-187.67,305.84,601.16,637.03,622.37,447.28
486.49,416.4,-58.945,-449.18,278.63,174.5,-324.37,173.81,620.54,740.16,760.34,568.64
581.62,509.51,-61.989,-542.51,326.9,220.43,-470.37,29.109,630.94,840.79,900.08,691.59
666,588.21,-67.222,-623.57,371.63,257.89,-615.52,-113.78,632.86,929.85,1028.5,804.05
730.02,638.88,-78.942,-680.97,409.59,277.82,-749.71,-242.44,624.53,995.08,1128.9,891.84
764.88,649.18,-101.27,-704.18,437.99,271.81,-863.57,-348.51,601.37,1022.1,1183.6,940.25
764.19,611.39,-136,-686.01,454.45,235.08,-949.07,-428.1,557.34,997.58,1176.9,937.29
725.46,525.8,-180.7,-625.15,456.68,169.1,-1000.2,-480.68,487.8,914.17,1101,877.56
651.27,402.55,-227.86,-527.65,442.53,82.86,-1014,-508.4,392.5,774.76,959.53,765.27
549.27,260.11,-266.61,-406.5,410.59,-8.6175,-990.7,-516.02,276.91,593.74,768.66,614.49
431.14,120.88,-286.36,-278.75,361.37,-88.33,-934.7,-509.55,151.45,394.1,553.63,446.17
310.42,5.5715,-280.42,-161.3,298.17,-142.64,-853.19,-494.34,28.807,201.36,342.53,282.95
199.85,-72.326,-248.45,-66.877,227.07,-165.15,-754.96,-473.81,-78.925,37.284,159.56,143.81
109.02,-109.57,-196.49,-1.8217,155.75,-157.55,-648.88,-448.74,-162.26,-84.278,20.274,40.309
43.012,-112.19,-134.72,33.69,91.882,-127.72,-542.95,-417.46,-215.17,-158.31,-69.76,-24.47
2.4204,-92.135,-74.735,45.028,41.463,-87.332,-443.71,-376.91,-235.38,-187.67,-113.7,-54.634
-14.382,-63.014,-25.512,40.351,8.1618,-48.993,-355.79,-324.91,-224.95,-181.5,-120.86,-58.935
-16.284,-36.129,2.3832,27.892,-3.9795,-21.291,-281.52,-263.6,-190.62,-152.13,-103.54,-48.333
-11.334,-18.516,12.121,14.938,-5.3538,-7.2182,-221.09,-199.26,-142.71,-111.95,-74.409,-32.418
-4.7192,-11.624,11.22,6.2412,-2.0613,-4.9556,-173.48,-138.51,-92.422,-71.561,-43.426,-17.143
1.6786,-12.934,4.7891,2.5501,2.416,-10.322,-136.69,-85.965,-48.339,-38.157,-17.558,-5.997
5.9327,-21.728,-2.2479,2.5705,6.1792,-17.697,-108.3,-43.796,-14.599,-15.009,-0.72724,-0.30393
7.8359,-24.251,-7.3686,6.8605,9.0189,-22.921,-86.598,-14.332,4.373,-2.7887,6.6403,1.0917
8.1057,-25.444,-10.677,8.7342,10.904,-26.046,-70.772,2.6891,11.766,0.8281,6.8374,-6.5349
2.0488,-24.494,-11.994,9.0175,9.4808,-26.612,-59.325,10.662,13.427,-0.17972,3.033,-10.658
1.3094,-21.824,-7.7482,8.6174,6.7872,-23.45,-50.432,13.162,12.814,-2.8177,-1.4437,-11.235
1.2546,-19.52,-6.7987,7.9583,6.3936,-20.587,-43.067,12.948,11.334,-6.0694,-5.663,-12.088
1.3648,-18.354,-6.0864,7.4231,6.168,-19.312,-36.843,12.022,9.6647,-9.0556,-9.7335,-11.931
1.4487,-18.302,-5.3897,7.2112,6.0167,-19.488,-31.477,11.148,6.3735,-11.069,-11.044,-11.311
1.4145,-19.061,-4.8256,7.3294,5.8936,-20.506,-26.817,8.5889,0.30209,-9.4555,-9.5502,-11.087
1.2436,-20.215,-4.456,7.6789,5.781,-21.656,-22.974,11.989,1.9136,-8.2829,-9.4261,-11.256
0.97348,-21.367,-4.2085,8.13,5.6588,-22.496,-19.908,16.13,3.4211,-8.1032,-9.6747,-11.62
0.66319,-22.283,-3.9656,8.5744,5.5163,-22.966,-17.432,19.578,4.2915,-8.1568,-9.9114,-12.057
0.37024,-22.912,-3.7487,8.9538,5.3797,-23.207,-15.39,22.433,4.7677,-8.2624,-10.085,-12.502
0.13643,-23.354,-3.7253,9.2653,5.3046,-23.438,-13.221,24.912,5.1034,-8.3251,-10.192,-12.887
-0.020443,-23.779,-4.0723,9.5416,5.3414,-23.896,-10.743,27.158,5.4766,-8.2817,-10.177,-13.138
-0.10712,-24.328,-4.8669,9.8215,5.5053,-24.762,-8.2365,29.246,5.9754,-8.1037,-9.9817,-13.197
-0.14789,-25.047,-6.0515,10.124,5.7695,-26.062,-5.9666,31.21,6.6093,-7.8027,-9.5921,-13.042
-0.17211,-25.874,-7.4456,10.441,6.0772,-27.636,-4.021,33.075,7.338,-7.4207,-9.0549,-12.699
-0.20105,-26.678,-8.7903,10.739,6.3624,-29.204,-2.369,34.883,8.1083,-7.0088,-8.4503,-12.223
-0.24113,-27.319,-9.8198,10.975,6.5669,-30.478,-0.95206,36.688,8.883,-6.6082,-7.8605,-11.686
-0.28652,-27.687,-10.336,11.109,6.6507,-31.244,0.26883,38.536,9.6528,-6.2396,-7.3451,-11.154
-0.32509,-27.732,-10.258,11.118,6.5981,-31.39,1.3119,40.449,10.432,-5.9038,-6.9308,-10.673
-0.34362,-27.468,-9.6324,11.003,6.4209,-30.92,2.1924,42.406,11.244,-5.5882,-6.6127,-10.259
-0.32821,-26.959,-8.6094,10.779,6.1556,-29.943,2.9377,44.356,12.112,-5.2753,-6.3656,-9.8991
-0.26675,-26.281,-7.3976,10.472,5.8525,-28.648,3.5909,46.239,13.046,-4.9504,-6.1593,-9.5643
-0.1534,-25.495,-6.2012,10.099,5.5621,-27.268,4.1993,48.014,14.045,-4.6073,-5.9724,-9.2279
0.0080051,-24.642,-5.1627,9.6701,5.3211,-26.011,4.795,49.671,15.1,-4.2502,-5.7957,-8.8786
0.20351,-23.75,-4.3379,9.1945,5.1433,-24.995,5.3778,51.251,16.197,-3.8885,-5.6283,-8.5213
0.41239,-22.835,-3.7224,8.6841,5.0199,-24.229,5.9184,52.811,17.329,-3.5278,-5.4737,-8.1714
0.61349,-21.894,-3.289,8.1547,4.9283,-23.644,6.3815,54.414,18.499,-3.163,-5.3377,-7.8515
0.79224,-20.908,-2.9922,7.6194,4.8433,-23.133,6.7498,56.103,19.71,-2.7812,-5.2223,-7.5855
0.94555,-19.858,-2.7649,7.0837,4.7451,-22.577,7.0312,57.887,20.976,-2.3698,-5.1188,-7.3877
1.0838,-18.73,-2.5388,6.5442,4.6256,-21.866,7.2537,59.754,22.326,-1.9222,-5.0047,-7.253
1.2312,-17.519,-2.2715,5.9891,4.4917,-20.919,7.4582,61.688,23.801,-1.435,-4.8473,-7.1566
1.4232,-16.237,-1.9596,5.4036,4.3649,-19.721,7.6954,63.692,25.441,-0.90153,-4.6116,-7.0578
1.6987,-14.924,-1.6313,4.78,4.276,-18.346,8.0216,65.8,27.272,-0.3093,-4.2689,-6.9122
2.0879,-13.643,-1.3285,4.1242,4.2544,-16.945,8.4925,68.068,29.3,0.35825,-3.8044,-6.6886
2.6007,-12.456,-1.0859,3.4545,4.3147,-15.68,9.1518,70.563,31.506,1.12,-3.2205,-6.3834
3.2209,-11.394,-0.90901,2.7934,4.4475,-14.634,10.018,73.343,33.852,1.9988,-2.5331,-6.0223
3.9078,-10.446,-0.75876,2.1617,4.6183,-13.788,11.073,76.442,36.304,3.0282,-1.7618,-5.6487
4.6039,-9.5706,-0.55645,1.5771,4.7794,-13.045,12.27,79.864,38.839,4.2583,-0.91764,-5.3025
5.2556,-8.7188,-0.21689,1.0506,4.8872,-12.283,13.543,83.577,41.458,5.753,0.0044341,-5.0016
5.8389,-7.8519,0.30687,0.57667,4.9197,-11.407,14.836,87.52,44.169,7.5666,1.0243,-4.7345
6.3756,-6.953,0.99249,0.1297,4.8836,-10.392,16.118,91.617,46.983,9.709,2.171,-4.4691
6.9225,-6.0373,1.7478,-0.32168,4.8111,-9.296,17.388,95.795,49.906,12.123,3.4788,-4.1714
7.545,-5.1522,2.4386,-0.79418,4.7477,-8.2416,18.648,100,52.936,14.693,4.9845,-3.821
8.2944,-4.3655,2.9317,-1.2828,4.7358,-7.3673,19.884,104.2,56.048,17.281,6.7186,-3.4152
9.201,-3.7412,3.1384,-1.7703,4.8007,-6.7771,21.063,108.37,59.197,19.775,8.6881,-2.9652
10.271,-3.3176,3.0449,-2.2433,4.9432,-6.5069,22.149,112.52,62.338,22.118,10.859,-2.4898
11.476,-3.0911,2.7201,-2.7059,5.14,-6.5162,23.118,116.69,65.445,24.315,13.152,-2.0109
12.739,-3.0133,2.2953,-3.1835,5.3531,-6.7043,23.955,120.9,68.532,26.411,15.459,-1.5478
13.977,-2.9994,1.9213,-3.7223,5.5441,-6.938,24.651,125.16,71.643,28.467,17.675,-1.1112
15.155,-2.9483,1.7176,-4.3854,5.6883,-7.0862,25.197,129.46,74.836,30.54,19.731,-0.70029
16.304,-2.7693,1.736,-5.244,5.7834,-7.0503,25.596,133.77,78.151,32.668,21.605,-0.30402
17.492,-2.4058,1.9523,-6.3586,5.8485,-6.7844,25.868,138.05,81.6,34.876,23.314,0.09464
18.778,-1.849,2.288,-7.7595,5.9176,-6.3004,26.05,142.27,85.153,37.179,24.887,0.51432
20.196,-1.1348,2.6494,-9.4387,6.0298,-5.6594,26.187,146.45,88.758,39.573,26.354,0.9711
21.745,-0.3277,2.9654,-11.353,6.2218,-4.9491,26.318,150.61,92.368,42.024,27.748,1.4765
23.408,0.50062,3.2027,-13.425,6.5271,-4.2567,26.463,154.82,95.969,44.481,29.108,2.0396
25.173,1.2893,3.3551,-15.553,6.9836,-3.6463,26.612,159.16,99.6,46.911,30.489,2.6751
27.055,2.0047,3.4281,-17.661,7.6438,-3.1488,26.738,163.7,103.34,49.32,31.965,3.411
29.087,2.6545,3.4254,-19.745,8.5761,-2.7659,26.801,168.49,107.27,51.739,33.618,4.2912
31.303,3.2892,3.3321,-21.871,9.847,-2.4889,26.772,173.52,111.48,54.207,35.515,5.3697
33.721,3.9904,3.1035,-24.119,11.498,-2.3198,26.643,178.77,115.99,56.755,37.674,6.7023
36.337,4.8531,2.6768,-26.529,13.545,-2.2727,26.442,184.15,120.75,59.411,40.06,8.3363
39.124,5.9656,1.999,-29.085,15.979,-2.3586,26.219,189.64,125.66,62.202,42.584,10.294
42.003,7.3823,1.0576,-31.713,18.726,-2.5681,26.035,195.2,130.54,65.136,45.146,12.544
44.87,9.1051,-0.10096,-34.324,21.619,-2.8644,25.929,200.85,135.22,68.192,47.682,14.981
47.676,11.106,-1.3748,-36.851,24.483,-3.1853,25.9,206.66,139.61,71.339,50.181,17.46
50.49,13.373,-2.6332,-39.277,27.228,-3.4547,25.911,212.69,143.75,74.567,52.679,19.866
53.459,15.932,-3.7533,-41.628,29.845,-3.6009,25.905,218.99,147.8,77.911,55.235,22.158
56.722,18.822,-4.6529,-43.968,32.355,-3.5761,25.833,225.58,152.01,81.424,57.926,24.353
60.334,22.064,-5.3051,-46.399,34.769,-3.3674,25.669,232.42,156.61,85.148,60.818,26.484
64.215,25.619,-5.7369,-49.053,37.079,-2.9983,25.421,239.4,161.77,89.098,63.956,28.578
68.171,29.349,-6.018,-52.057,39.274,-2.5198,25.121,246.45,167.55,93.258,67.335,30.646
72.005,33.046,-6.2467,-55.435,41.364,-1.9949,24.811,253.5,173.85,97.578,70.911,32.69
75.619,36.528,-6.5271,-59.026,43.401,-1.4805,24.53,260.57,180.43,101.97,74.615,34.719
79.044,39.71,-6.9324,-62.594,45.481,-1.0158,24.292,267.75,187.04,106.33,78.395,36.763
82.393,42.603,-7.4773,-66.004,47.709,-0.61546,24.089,275.16,193.45,110.58,82.234,38.879
85.788,45.286,-8.1258,-69.257,50.14,-0.25598,23.885,282.96,199.58,114.75,86.157,41.133
89.303,47.88,-8.8242,-72.423,52.721,0.13669,23.628,291.21,205.52,118.92,90.223,43.559
92.943,50.512,-9.5284,-75.588,55.304,0.66586,23.257,299.85,211.53,123.24,94.498,46.125
96.662,53.271,-10.202,-78.817,57.748,1.4035,22.727,308.67,217.9,127.87,99.024,48.767
100.4,56.189,-10.806,-82.133,60.018,2.3315,22.01,317.44,224.84,132.91,103.76,51.477
104.11,59.219,-11.346,-85.496,62.197,3.3321,21.102,326,232.35,138.38,108.6,54.313
107.77,62.244,-11.965,-88.807,64.414,4.2296,20.008,334.3,240.28,144.19,113.37,57.325
111.38,65.113,-12.931,-91.955,66.779,4.8546,18.753,342.38,248.37,150.13,117.96,60.498
114.97,67.718,-14.493,-94.897,69.351,5.1015,17.38,350.32,256.39,155.92,122.38,63.773
118.59,70.032,-16.734,-97.704,72.125,4.9656,15.927,358.19,264.13,161.37,126.68,67.11
122.33,72.123,-19.505,-100.53,75.048,4.5546,14.411,366.01,271.49,166.48,131.01,70.514
126.26,74.125,-22.492,-103.52,78.03,4.0626,12.832,373.77,278.5,171.37,135.51,74.016
130.38,76.209,-25.31,-106.74,80.959,3.7154,11.196,381.38,285.27,176.26,140.3,77.63
134.59,78.532,-27.599,-110.18,83.726,3.7154,9.5269,388.75,291.99,181.35,145.38,81.342
138.8,81.188,-29.107,-113.74,86.249,4.202,7.862,395.79,298.8,186.71,150.65,85.111
142.92,84.169,-29.774,-117.36,88.504,5.2184,6.242,402.43,305.79,192.31,155.89,88.883
146.92,87.361,-29.781,-120.98,90.516,6.6965,4.7069,408.69,312.9,197.96,160.92,92.609
150.78,90.583,-29.477,-124.53,92.338,8.4812,3.289,414.63,319.97,203.39,165.62,96.26
154.45,93.647,-29.219,-127.87,94.026,10.366,2.005,420.34,326.76,208.34,169.99,99.834
157.8,96.438,-29.221,-130.86,95.638,12.122,0.85554,425.83,333.05,212.7,174.14,103.33
160.8,98.951,-29.502,-133.48,97.23,13.57,-0.17027,431.03,338.7,216.51,178.26,106.71
163.54,101.29,-29.948,-135.89,98.821,14.706,-1.0954,435.78,343.71,219.93,182.44,109.93
166.22,103.62,-30.405,-138.35,100.35,15.72,-1.9596,439.94,348.14,223.14,186.53,112.91
168.96,106.1,-30.717,-141.04,101.69,16.897,-2.8117,443.41,352.08,226.25,190.27,115.61
171.76,108.78,-30.776,-143.92,102.78,18.433,-3.6914,446.25,355.59,229.25,193.51,118.07
174.53,111.51,-30.58,-146.75,103.65,20.285,-4.613,448.55,358.74,232.06,196.26,120.35
177.11,114.01,-30.242,-149.24,104.41,22.199,-5.559,450.44,361.54,234.6,198.65,122.52
179.37,116.04,-29.936,-151.22,105.12,23.869,-6.4878,451.95,363.98,236.79,200.81,124.63
181.18,117.52,-29.804,-152.68,105.82,25.096,-7.3582,453.03,366.03,238.59,202.85,126.68
182.5,118.47,-29.908,-153.65,106.47,25.824,-8.156,453.49,367.65,240.02,204.8,128.64
183.33,118.99,-30.229,-154.22,107,26.113,-8.9058,453.13,368.8,241.14,206.64,130.45
183.69,119.19,-30.682,-154.46,107.38,26.101,-9.6607,451.71,369.44,241.97,208.26,132.05
183.59,119.22,-31.146,-154.43,107.54,25.962,-10.473,449.1,369.49,242.53,209.56,133.4
183.05,119.22,-31.487,-154.23,107.44,25.858,-11.361,445.28,368.82,242.82,210.45,134.52
182.18,119.27,-31.595,-153.89,107.03,25.901,-12.3,440.36,367.38,242.83,210.95,135.44
181.25,119.4,-31.396,-153.45,106.37,26.13,-13.231,434.57,365.17,242.59,211.12,136.21
180.57,119.53,-30.867,-152.96,105.52,26.529,-14.09,428.1,362.24,242.13,211.07,136.86
180.17,119.6,-30.034,-152.46,104.57,27.052,-14.839,421.09,358.57,241.45,210.87,137.38
179.78,119.52,-28.951,-151.93,103.51,27.635,-15.474,413.54,354.03,240.46,210.48,137.73
178.98,119.24,-27.638,-151.23,102.31,28.224,-16.024,405.22,348.43,238.92,209.81,137.82
177.47,118.72,-26.051,-150.18,100.92,28.783,-16.529,395.79,341.63,236.55,208.59,137.56
175.04,117.92,-24.113,-148.63,99.286,29.281,-17.02,384.9,333.63,233.07,206.53,136.84
171.61,116.79,-21.787,-146.5,97.337,29.643,-17.504,372.46,324.56,228.44,203.44,135.59
167.17,115.23,-19.151,-143.73,94.966,29.727,-17.962,358.65,314.53,222.85,199.37,133.79
161.78,113.12,-16.456,-140.24,92.107,29.386,-18.353,343.82,303.64,216.65,194.63,131.52
155.59,110.33,-14.06,-135.93,88.765,28.571,-18.634,328.36,292,210.06,189.51,128.99
148.9,106.9,-12.166,-130.77,84.977,27.392,-18.776,312.65,279.74,203.15,184.16,126.4
142.06,103.05,-10.68,-125.05,80.791,26.095,-18.777,296.9,266.97,195.93,178.64,123.78
135.41,99.215,-9.3412,-119.38,76.291,24.977,-18.656,281.16,253.77,188.33,172.84,121
129.07,95.78,-7.932,-114.37,71.603,24.263,-18.444,265.39,240.2,180.25,166.6,117.85
122.84,92.798,-6.3768,-110.07,66.872,24.019,-18.173,249.54,226.38,171.53,159.72,114.16
116.43,90.002,-4.7267,-106.09,62.197,24.127,-17.862,233.58,212.48,162.1,152.07,109.84
109.71,87.029,-3.0797,-101.88,57.583,24.334,-17.508,217.58,198.66,152.15,143.7,104.83
102.86,83.602,-1.5169,-96.971,52.942,24.33,-17.094,201.65,185,142.19,134.9,99.221
96.069,79.605,-0.073818,-91.24,48.166,23.851,-16.604,185.93,171.55,132.64,126.09,93.263
89.393,75.105,1.2675,-85.032,43.235,22.823,-16.036,170.59,158.35,123.6,117.61,87.333
82.738,70.313,2.5775,-78.873,38.259,21.427,-15.405,155.81,145.44,114.95,109.74,81.794
76.066,65.473,3.971,-73.094,33.398,19.994,-14.737,141.72,132.87,106.57,102.66,76.846
69.462,60.763,5.5701,-67.78,28.789,18.827,-14.05,128.36,120.69,98.333,96.275,72.444
63.086,56.301,7.4223,-62.938,24.518,18.079,-13.351,115.66,109.05,90.191,90.239,68.3
57.094,52.233,9.4616,-58.554,20.557,17.708,-12.642,103.47,98.092,82.191,84.167,64.053
51.572,48.697,11.555,-54.533,16.646,17.497,-11.938,91.678,87.918,74.556,77.849,59.514
46.539,45.62,13.541,-50.661,12.488,17.16,-11.269,80.215,78.485,67.516,71.294,54.775
41.98,42.656,15.247,-46.774,8.6199,16.454,-10.67,69.117,69.688,61.101,64.656,50.057
37.843,39.324,16.52,-42.934,5.9667,15.257,-10.159,58.506,61.435,55.169,58.217,45.569
33.998,35.212,17.251,-39.216,4.4296,13.582,-9.7227,48.576,53.651,49.589,52.31,41.452
30.244,30.211,17.386,-35.462,3.5159,11.514,-9.3277,39.49,46.264,44.294,47.113,37.755
26.422,24.69,16.963,-31.483,2.9247,9.1736,-8.9364,31.296,39.222,39.195,42.561,34.456
22.545,19.333,16.142,-27.308,2.4988,6.7398,-8.527,24.048,32.522,34.18,38.451,31.504
18.79,14.69,15.159,-23.168,2.1304,4.4415,-8.1037,17.981,26.186,29.262,34.559,28.809
15.319,10.936,14.227,-19.313,1.7315,2.4761,-7.6896,13.165,20.318,24.821,30.751,26.211
12.177,7.9461,13.477,-15.837,1.2371,0.93787,-7.3115,9.2738,15.38,21.413,27.187,23.511
9.3425,5.4952,12.953,-12.66,0.61629,-0.17849,-6.9864,5.9676,11.742,18.884,24.28,20.572
6.8853,3.4322,12.645,-9.6186,-0.12713,-0.92645,-6.7169,3.0759,9.0259,16.461,21.996,17.467
4.9488,1.7594,12.506,-6.6897,-0.96526,-1.3779,-6.4901,0.51877,6.7475,13.679,19.744,14.476
3.5221,0.51948,12.469,-4.1922,-1.8589,-1.6373,-6.2796,-1.757,4.6932,10.67,17.113,11.88
2.4349,-0.35954,12.471,-2.4373,-2.7695,-1.8336,-6.0523,-3.7932,2.8083,7.8029,14.175,9.7873
1.5283,-1.0279,12.49,-1.311,-3.6704,-2.0574,-5.7811,-5.6225,1.0904,5.3168,11.263,8.1522
0.71586,-1.588,12.562,-0.5352,-4.5537,-2.3108,-5.4582,-7.2709,-0.45571,3.2699,8.6352,6.8641
-0.03745,-2.0522,12.766,0.058514,-5.4248,-2.515,-5.1024,-8.7602,-1.8338,1.6289,6.3735,5.8092
-0.74118,-2.3807,13.166,0.52656,-6.2841,-2.5597,-4.7519,-10.106,-3.0565,0.32717,4.4591,4.9029
-1.396,-2.5356,13.781,0.88166,-7.111,-2.3629,-4.446,-11.31,-4.1372,-0.70978,2.8609,4.1024
-2.0031,-2.5163,14.563,1.1382,-7.8664,-1.9105,-4.2069,-12.363,-5.0831,-1.5437,1.5605,3.4003
-2.5675,-2.3645,15.418,1.3278,-8.5129,-1.2608,-4.0317,-13.245,-5.8958,-2.213,0.53668,2.8036
-3.0957,-2.1537,16.225,1.4934,-9.031,-0.52542,-3.8981,-13.944,-6.5793,-2.7344,-0.24443,2.3159
-3.5895,-1.9709,16.862,1.6738,-9.4212,0.15784,-3.7794,-14.473,-7.1489,-3.1145,-0.82314,1.9284
-4.043,-1.8932,17.235,1.8897,-9.6965,0.65167,-3.6602,-14.867,-7.6339,-3.3646,-1.243,1.6186
-4.4456,-1.968,17.298,2.1388,-9.8781,0.84232,-3.5448,-15.179,-8.0741,-3.5096,-1.5506,1.3526
-4.7932,-2.2097,17.072,2.4037,-9.9933,0.65959,-3.4549,-15.461,-8.5093,-3.5878,-1.7912,1.0934
-5.0941,-2.6081,16.612,2.666,-10.068,0.091614,-3.4183,-15.747,-8.9664,-3.6407,-1.9995,0.81561
-5.3653,-3.1401,15.936,2.9189,-10.111,-0.80983,-3.4568,-16.035,-9.4502,-3.7002,-2.1929,0.5175
-5.6206,-3.7712,15.02,3.1678,-10.105,-1.9349,-3.5755,-16.292,-9.9407,-3.7805,-2.3731,0.21996
-5.8621,-4.4468,13.881,3.4201,-10.031,-3.1307,-3.7584,-16.467,-10.398,-3.8785,-2.5333,-0.046409
-6.0799,-5.085,12.685,3.6723,-9.8844,-4.2168,-3.9713,-16.519,-10.776,-3.9825,-2.6682,-0.25766
-6.2588,-5.5843,11.706,3.903,-9.7004,-5.0001,-4.1744,-16.435,-11.04,-4.0832,-2.7826,-0.40834
-6.3887,-5.8449,11.154,4.0759,-9.5381,-5.3098,-4.339,-16.246,-11.185,-4.1821,-2.8937,-0.51476
-6.4687,-5.8004,11.1,4.1526,-9.4594,-5.0626,-4.4571,-16,-11.237,-4.2919,-3.025,-0.60755
-6.505,-5.4485,11.508,4.1127,-9.4983,-4.3035,-4.5339,-15.746,-11.239,-4.4302,-3.1933,-0.71566
-6.5056,-4.8671,12.252,3.9716,-9.6414,-3.2001,-4.5709,-15.502,-11.228,-4.609,-3.3969,-0.85039
-6.4792,-4.2032,13.116,3.7843,-9.8284,-2.0042,-4.5582,-15.258,-11.219,-4.8272,-3.6133,-0.99971
-6.4389,-3.6294,13.839,3.6262,-9.9791,-0.98308,-4.48,-14.986,-11.208,-5.0696,-3.8092,-1.1371
-6.4028,-3.2824,14.202,3.561,-10.032,-0.34289,-4.3263,-14.664,-11.182,-5.3135,-3.9583,-1.2393
-6.3897,-3.2161,14.109,3.6133,-9.9752,-0.17697,-4.0994,-14.294,-11.134,-5.538,-4.0539,-1.3007
-6.4131,-3.3921,13.614,3.7639,-9.8432,-0.44997,-3.8126,-13.897,-11.065,-5.7302,-4.1096,-1.3374
-6.4761,-3.7085,12.892,3.9629,-9.6932,-1.0224,-3.484,-13.505,-10.981,-5.8856,-4.1501,-1.3789
-6.575,-4.0506,12.15,4.1569,-9.5674,-1.7089,-3.129,-13.139,-10.885,-6.0052,-4.1977,-1.4557
-6.7041,-4.334,11.522,4.3147,-9.475,-2.3452,-2.7558,-12.796,-10.77,-6.0916,-4.2645,-1.5891
-6.86,-4.5269,11.029,4.4395,-9.4024,-2.8326,-2.3651,-12.453,-10.62,-6.1487,-4.3514,-1.7866
-7.042,-4.6477,10.616,4.5652,-9.3345,-3.1474,-1.9543,-12.074,-10.42,-6.1826,-4.4538,-2.0418
-7.2532,-4.7558,10.208,4.7441,-9.265,-3.3257,-1.5215,-11.621,-10.157,-6.203,-4.5689,-2.3377
-7.5049,-4.9311,9.7249,5.0291,-9.1942,-3.4378,-1.0694,-11.072,-9.8264,-6.2195,-4.7022,-2.6534
-7.816,-5.2433,9.0958,5.4521,-9.1277,-3.5621,-0.60716,-10.428,-9.4337,-6.2381,-4.8674,-2.9719
-8.2023,-5.718,8.3146,6.0061,-9.08,-3.7568,-0.15216,-9.7112,-8.9949,-6.2606,-5.0805,-3.287
-8.6634,-6.322,7.5009,6.6422,-9.0729,-4.0352,0.2746,-8.9604,-8.5328,-6.2865,-5.3503,-3.6023
-9.1778,-6.977,6.8266,7.2883,-9.1244,-4.3615,0.65514,-8.2118,-8.0691,-6.3147,-5.6682,-3.9235
-9.7086,-7.595,6.3843,7.8795,-9.237,-4.6741,0.98453,-7.4891,-7.6175,-6.342,-6.0059,-4.2492
-10.217,-8.1155,6.1516,8.3764,-9.3972,-4.9298,1.2754,-6.8018,-7.1827,-6.3621,-6.3237,-4.5703
-10.672,-8.5181,6.0459,8.7646,-9.5881,-5.1274,1.5523,-6.1524,-6.7657,-6.3698,-6.5882,-4.8777
-11.055,-8.8056,5.9877,9.0395,-9.7984,-5.2921,1.8353,-5.5438,-6.3725,-6.3664,-6.7867,-5.1709
-11.349,-8.9833,5.9408,9.195,-10.02,-5.449,2.1267,-4.9805,-6.0172,-6.3618,-6.9313,-5.4632
-11.538,-9.0539,5.9179,9.2256,-10.234,-5.6088,2.4121,-4.4615,-5.7139,-6.3689,-7.0506,-5.7793
-11.604,-9.0253,5.9393,9.1346,-10.409,-5.7628,2.6766,-3.9719,-5.4615,-6.3946,-7.1722,-6.1419
-11.543,-8.9118,5.9905,8.9379,-10.5,-5.8831,2.9237,-3.4815,-5.2344,-6.4327,-7.3066,-6.5544
-11.364,-8.7235,6.0238,8.6578,-10.484,-5.9273,3.1804,-2.9538,-4.9876,-6.4644,-7.4417,-6.9914
-11.08,-8.4613,6.0132,8.3171,-10.371,-5.8423,3.489,-2.3605,-4.6764,-6.4683,-7.5513,-7.4117
-10.708,-8.1186,5.9837,7.9391,-10.192,-5.5618,3.8886,-1.696,-4.2779,-6.4319,-7.6137,-7.7855
-10.258,-7.6717,6.0203,7.5336,-9.9718,-5.0171,4.3985,-0.9809,-3.8044,-6.3579,-7.6309,-8.114
-9.7453,-7.0797,6.2515,7.0858,-9.7199,-4.1732,5.0125,-0.2527,-3.2982,-6.2606,-7.6317,-8.4263
-9.1833,-6.3296,6.733,6.5781,-9.429,-3.0726,5.7054,0.4551,-2.8106,-6.1571,-7.6548,-8.7568
-8.5862,-5.4845,7.3373,6.0212,-9.0812,-1.8665,6.4453,1.1317,-2.3771,-6.0562,-7.7248,-9.1209
-7.967,-4.6816,7.7986,5.4609,-8.6497,-0.80201,7.1992,1.7939,-2.0027,-5.9529,-7.8384,-9.5038
-7.3365,-4.0847,7.8265,4.9586,-8.1013,-0.1541,7.9363,2.4746,-1.6666,-5.8332,-7.9669,-9.8659
-6.7025,-3.8237,7.2052,4.5634,-7.4107,-0.13639,8.6313,3.2044,-1.338,-5.6838,-8.072,-10.164
-6.0732,-3.9492,5.8801,4.294,-6.5833,-0.82446,9.2693,3.9968,-0.9925,-5.501,-8.1227,-10.372
-5.4652,-4.4207,3.9954,4.1405,-5.6707,-2.1217,9.8457,4.8448,-0.61856,-5.292,-8.105,-10.486
-4.9054,-5.1228,1.8559,4.0777,-4.7587,-3.7824,10.364,5.7276,-0.21426,-5.0711,-8.0211,-10.518
-4.4213,-5.8961,-0.17029,4.0759,-3.9296,-5.4795,10.833,6.6231,0.21986,-4.8528,-7.8837,-10.477
-4.0235,-6.5751,-1.7706,4.1018,-3.221,-6.8934,11.268,7.5186,0.68505,-4.6469,-7.7104,-10.361
-3.6982,-7.028,-2.7812,4.1196,-2.6093,-7.7942,11.684,8.4163,1.1845,-4.4569,-7.5161,-10.157
-3.4176,-7.1835,-3.189,4.0983,-2.0363,-8.0768,12.102,9.33,1.7215,-4.2797,-7.3055,-9.8442
-3.1591,-7.0418,-3.0517,4.022,-1.4657,-7.7643,12.545,10.277,2.2981,-4.1063,-7.0697,-9.4053
-2.917,-6.6701,-2.442,3.896,-0.92539,-7.002,13.031,11.263,2.9136,-3.9247,-6.7913,-8.8402
-2.6972,-6.1744,-1.4949,3.7403,-0.48361,-6.0153,13.551,12.275,3.5623,-3.7239,-6.4552,-8.177
-2.5037,-5.6548,-0.45427,3.5746,-0.18073,-5.0319,14.057,13.273,4.2317,-3.4975,-6.0568,-7.4715
-2.3289,-5.173,0.40059,3.4044,0.00023701,-4.2055,14.467,14.2,4.902,-3.2451,-5.6022,-6.7832
-2.1559,-4.7567,0.86191,3.2247,0.10776,-3.6033,14.704,14.992,5.5497,-2.9704,-5.1042,-6.1456
-1.9698,-4.434,0.84212,3.0384,0.18744,-3.2639,14.736,15.609,6.1535,-2.6771,-4.5765,-5.5585
-1.7716,-4.2536,0.37797,2.8701,0.26915,-3.2279,14.585,16.044,6.6992,-2.367,-4.0315,-5.0007
-1.5795,-4.2553,-0.39038,2.7554,0.37088,-3.4885,14.309,16.325,7.1801,-2.0427,-3.4813,-4.4503
-1.4172,-4.4211,-1.2586,2.7132,0.50034,-3.9443,13.967,16.497,7.5938,-1.7102,-2.9388,-3.8982
-1.2997,-4.6622,-2.0051,2.7275,0.64576,-4.4157,13.6,16.595,7.9395,-1.3806,-2.4193,-3.3553
-1.2285,-4.8508,-2.4412,2.7535,0.77025,-4.7083,13.221,16.635,8.2154,-1.0684,-1.9394,-2.8479
-1.1918,-4.8712,-2.4607,2.7378,0.82835,-4.685,12.817,16.607,8.4193,-0.788,-1.5153,-2.4073
-1.167,-4.6653,-2.0775,2.642,0.79782,-4.3136,12.372,16.485,8.5506,-0.54911,-1.1583,-2.055
-1.126,-4.2544,-1.4264,2.457,0.69953,-3.6746,11.881,16.245,8.6139,-0.35191,-0.87088,-1.7923
-1.0435,-3.7312,-0.72195,2.2058,0.59092,-2.9365,11.356,15.88,8.6184,-0.18522,-0.64704,-1.5986
-0.90643,-3.2216,-0.18937,1.9328,0.53843,-2.3015,10.814,15.409,8.5748,-0.031909,-0.47644,-1.4399
-0.72103,-2.8335,0.012196,1.6858,0.58411,-1.9296,10.269,14.867,8.4902,0.12052,-0.3502,-1.2847
-0.51399,-2.618,-0.15441,1.4991,0.72367,-1.8752,9.7182,14.3,8.367,0.27252,-0.26354,-1.1164
-0.32556,-2.5591,-0.59052,1.3854,0.90675,-2.074,9.1496,13.75,8.2053,0.41434,-0.21412,-0.93568
-0.19406,-2.5906,-1.0987,1.335,1.0596,-2.3778,8.5485,13.245,8.008,0.53348,-0.19876,-0.75403
-0.13751,-2.6266,-1.4619,1.3185,1.1198,-2.6158,7.9024,12.791,7.7822,0.62031,-0.2119,-0.58345
-0.14457,-2.5885,-1.5298,1.2943,1.0634,-2.6554,7.204,12.37,7.5356,0.67028,-0.24608,-0.43015
-0.18281,-2.4279,-1.2669,1.2236,0.90911,-2.4394,6.4588,11.946,7.2731,0.68602,-0.29197,-0.29421
-0.21795,-2.1413,-0.74846,1.0878,0.70107,-1.9932,5.6928,11.477,6.9968,0.67943,-0.33685,-0.16982
-0.22796,-1.7717,-0.12271,0.89685,0.48832,-1.4108,4.9538,10.936,6.7123,0.67063,-0.36351,-0.04095
-0.20419,-1.3931,0.43885,0.68288,0.3156,-0.8254,4.2957,10.326,6.4339,0.68252,-0.35252,0.1206
-0.14588,-1.0808,0.79418,0.48418,0.21866,-0.36538,3.7621,9.6822,6.1833,0.73313,-0.28847,0.34486
-0.057368,-0.87999,0.8761,0.32889,0.21457,-0.1046,3.3718,9.0498,5.9797,0.82849,-0.16655,0.64551
0.050835,-0.78781,0.71595,0.22622,0.28808,-0.034125,3.1151,8.4649,5.8272,0.95745,0.0039562,1.0081
0.16226,-0.75976,0.43223,0.16646,0.39297,-0.07093,2.9579,7.9382,5.708,1.0904,0.20041,1.3925
0.2601,-0.73205,0.18269,0.12767,0.47169,-0.098826,2.8522,7.4541,5.5911,1.1859,0.39213,1.7439
0.33536,-0.65086,0.098383,0.084958,0.48518,-0.019596,2.7515,6.9831,5.4499,1.2081,0.54992,2.0105
0.39139,-0.49168,0.22788,0.019423,0.43549,0.20942,2.6312,6.4989,5.2789,1.1489,0.65763,2.1627
0.44096,-0.26437,0.52511,-0.074642,0.3662,0.56372,2.4944,5.9896,5.0947,1.0372,0.72053,2.2076
0.49795,-0.0082551,0.88062,-0.1874,0.33719,0.96383,2.3678,5.4572,4.9209,0.92297,0.76366,2.1875
0.56956,0.22015,1.175,-0.29698,0.38921,1.3076,2.2823,4.9076,4.7662,0.84645,0.81765,2.157
0.65359,0.36675,1.3194,-0.379,0.52402,1.5087,2.2496,4.3404,4.61,0.81461,0.8988,2.151
0.74044,0.39809,1.2641,-0.41668,0.71296,1.522,2.2501,3.7474,4.4053,0.79718,0.99635,2.1641
0.81737,0.30642,0.99679,-0.40505,0.91961,1.3416,2.241,3.1195,4.0989,0.74305,1.0762,2.1533
0.87272,0.10304,0.53816,-0.34773,1.1169,0.98913,2.1738,2.4579,3.6593,0.60669,1.0999,2.0674
0.89904,-0.18946,-0.060828,-0.25178,1.2912,0.50549,2.0176,1.7783,3.0933,0.36998,1.0443,1.8791
0.895,-0.5394,-0.72672,-0.12645,1.4394,-0.055044,1.7688,1.1059,2.4419,0.048319,0.90984,1.5969
0.86676,-0.90421,-1.3746,0.014115,1.5634,-0.62564,1.4463,0.46413,1.7605,-0.32008,0.71541,1.2535
0.82886,-1.228,-1.9201,0.14641,1.6672,-1.1283,1.0823,-0.13587,1.0977,-0.69284,0.48727,0.88651
0.80288,-1.4455,-2.2895,0.23722,1.7546,-1.4803,0.70765,-0.6986,0.48056,-1.0396,0.24937,0.52615
0.81131,-1.4975,-2.4297,0.2523,1.8247,-1.613,0.34356,-1.24,-0.08841,-1.3502,0.017291,0.19152
0.86827,-1.3529,-2.321,0.17084,1.869,-1.4934,0.0035351,-1.7771,-0.62542,-1.6345,-0.20428,-0.10981
0.97202,-1.0221,-1.9872,-0.0042895,1.8738,-1.1382,-0.30729,-2.3186,-1.154,-1.9161,-0.42142,-0.38133
1.1042,-0.55663,-1.4945,-0.24671,1.8268,-0.60939,-0.59175,-2.8612,-1.6929,-2.2193,-0.64737,-0.63471
1.2367,-0.035291,-0.93736,-0.51471,1.7264,0.0014958,-0.8581,-3.3913,-2.2462,-2.5559,-0.89369,-0.88156
1.3411,0.45373,-0.41788,-0.76151,1.586,0.59308,-1.1127,-3.8869,-2.7961,-2.9151,-1.158,-1.1219
1.401,0.82884,-0.022584,-0.94546,1.436,1.0731,-1.3515,-4.3193,-3.3035,-3.2632,-1.4181,-1.3377
1.4183,1.0359,0.19961,-1.0429,1.3173,1.3809,-1.5576,-4.6623,-3.7219,-3.5547,-1.6389,-1.4982
1.4135,1.0739,0.25792,-1.0613,1.2643,1.5156,-1.7091,-4.9058,-4.0185,-3.7495,-1.7891,-1.5749
1.4165,1.0079,0.22788,-1.0418,1.2846,1.5497,-1.7903,-5.0666,-4.193,-3.8303,-1.8582,-1.5559
1.4562,0.94391,0.22173,-1.0413,1.3543,1.5971,-1.7991,-5.1832,-4.2777,-3.8088,-1.8614,-1.4527
1.5534,0.97294,0.32467,-1.1055,1.4374,1.7473,-1.7439,-5.2934,-4.318,-3.7167,-1.8289,-1.2922
1.7196,1.1264,0.54189,-1.2507,1.5139,2.0147,-1.6332,-5.4081,-4.3432,-3.5853,-1.7881,-1.0996
1.9599,1.3666,0.79202,-1.4627,1.5937,2.3292,-1.4688,-5.5019,-4.3482,-3.4276,-1.7482,-0.88315
2.276,1.6101,0.94091,-1.7088,1.7099,2.5662,-1.2514,-5.5266,-4.2998,-3.236,-1.7001,-0.63288
2.6663,1.7718,0.85683,-1.9572,1.8986,2.6046,-0.98875,-5.4426,-4.1612,-2.9961,-1.6264,-0.33291
3.1201,1.8098,0.46266,-2.1913,2.1776,2.3883,-0.70551,-5.2434,-3.9175,-2.7035,-1.5151,0.023693
3.6067,1.7429,-0.23342,-2.4094,2.538,1.955,-0.43954,-4.9615,-3.5868,-2.374,-1.3677,0.42554
4.0751,1.6335,-1.1387,-2.6091,2.9468,1.4126,-0.22712,-4.6539,-3.2141,-2.0397,-1.199,0.84102
4.4728,1.552,-2.1038,-2.7759,3.3587,0.89528,-0.088293,-4.3778,-2.8559,-1.7369,-1.0298,1.2235
4.7783,1.5483,-2.9658,-2.8905,3.7282,0.52096,-0.016634,-4.1671,-2.5604,-1.4909,-0.87554,1.525
5.0161,1.6397,-3.5906,-2.9499,4.0165,0.36197,0.014748,-4.0246,-2.3542,-1.3096,-0.73893,1.717
5.2304,1.8148,-3.8998,-2.975,4.1946,0.43276,0.034997,-3.9307,-2.2379,-1.1882,-0.61238,1.8047
5.4342,2.0389,-3.8795,-2.9888,4.2444,0.69337,0.058759,-3.8578,-2.1915,-1.1169,-0.48774,1.8204
5.5832,2.2592,-3.5737,-2.9911,4.1633,1.0631,0.082812,-3.7829,-2.1828,-1.085,-0.36266,1.8018
5.5944,2.4174,-3.0611,-2.9528,3.9674,1.4488,0.093935,-3.6927,-2.1765,-1.0799,-0.24045,1.7727
5.3871,2.4682,-2.421,-2.8314,3.6823,1.781,0.077228,-3.5884,-2.1467,-1.091,-0.12925,1.7381
4.9171,2.3896,-1.709,-2.5927,3.3253,2.0311,0.020391,-3.486,-2.0874,-1.1157,-0.041977,1.685
4.192,2.1774,-0.96204,-2.2234,2.8977,2.1946,-0.081818,-3.4095,-2.0146,-1.1609,0.0052252,1.5892
3.2697,1.8316,-0.22822,-1.7317,2.3979,2.2576,-0.22027,-3.3759,-1.9526,-1.2352,0.00015211,1.4263
2.2405,1.3477,0.40949,-1.1382,1.8425,2.1765,-0.36678,-3.3816,-1.9157,-1.3346,-0.054907,1.1891
1.1985,0.71655,0.83344,-0.46533,1.2746,1.8842,-0.48047,-3.3998,-1.8971,-1.4363,-0.13902,0.89736
0.21723,-0.06801,0.92231,0.26703,0.75345,1.319,-0.5259,-3.3965,-1.8762,-1.5066,-0.22,0.59164
-0.65668,-0.99288,0.59793,1.0356,0.33209,0.46099,-0.49261,-3.3502,-1.8371,-1.5197,-0.26925,0.31408
-1.3992,-2.0074,-0.13538,1.804,0.033117,-0.63765,-0.40311,-3.2644,-1.7845,-1.4713,-0.27399,0.09104
-2.0066,-3.0221,-1.1748,2.5231,-0.16536,-1.8497,-0.30309,-3.1634,-1.7432,-1.3787,-0.24027,-0.072132
-2.4961,-3.9299,-2.3353,3.1436,-0.32472,-3.0036,-0.239,-3.076,-1.7444,-1.2683,-0.18658,-0.18419
-2.9007,-4.6354,-3.3976,3.6283,-0.51994,-3.9302,-0.23684,-3.0207,-1.8084,-1.1611,-0.13289,-0.25872
-3.2499,-5.0768,-4.1678,3.9579,-0.80164,-4.5041,-0.29429,-2.9963,-1.9335,-1.0647,-0.09296,-0.30733
-3.5509,-5.2388,-4.5241,4.1335,-1.1679,-4.6721,-0.38763,-2.9836,-2.0959,-0.975,-0.073916,-0.33958
-3.7877,-5.1527,-4.4377,4.1748,-1.5688,-4.4624,-0.48693,-2.9546,-2.2614,-0.88483,-0.079381,-0.36544
-3.9421,-4.8833,-3.9644,4.113,-1.9417,-3.9698,-0.57098,-2.8868,-2.3999,-0.79348,-0.11204,-0.39638
-4.0115,-4.5052,-3.2143,3.9822,-2.2379,-3.3171,-0.63604,-2.7738,-2.4986,-0.71103,-0.17512,-0.44445
-4.0073,-4.079,-2.3056,3.8102,-2.4355,-2.6078,-0.69641,-2.6273,-2.5657,-0.65492,-0.27269,-0.51975
-3.9431,-3.6352,-1.3267,3.6115,-2.5385,-1.8947,-0.77747,-2.4716,-2.6239,-0.6406,-0.40803,-0.62717
-3.825,-3.172,-0.33122,3.3847,-2.57,-1.1827,-0.90307,-2.3328,-2.6973,-0.67171,-0.57986,-0.76404
-3.6511,-2.6737,0.63846,3.1199,-2.557,-0.45984,-1.0818,-2.2285,-2.7972,-0.73815,-0.77945,-0.92128
-3.4152,-2.1384,1.5257,2.8115,-2.5133,0.26466,-1.3002,-2.1636,-2.9175,-0.82046,-0.99178,-1.0879
-3.114,-1.598,2.2496,2.4679,-2.4314,0.93845,-1.5269,-2.1342,-3.0388,-0.89871,-1.2002,-1.2544
-2.7513,-1.1157,2.7138,2.1132,-2.2864,1.4717,-1.7255,-2.1352,-3.1388,-0.95854,-1.3905,-1.416
-2.3387,-0.76693,2.8293,1.7815,-2.0452,1.7647,-1.8706,-2.1648,-3.2016,-0.99493,-1.552,-1.5734
-1.8971,-0.61351,2.5397,1.5072,-1.682,1.7408,-1.9569,-2.2234,-3.2239,-1.0122,-1.6789,-1.7326
-1.4544,-0.68308,1.8455,1.3152,-1.195,1.3734,-1.9984,-2.3094,-3.2165,-1.0214,-1.7715,-1.9014
-1.039,-0.95862,0.81591,1.213,-0.61044,0.69962,-2.0193,-2.4164,-3.1995,-1.0339,-1.8361,-2.0833
-0.66995,-1.3808,-0.42029,1.1879,0.026563,-0.18287,-2.0418,-2.5341,-3.1938,-1.0559,-1.8815,-2.2718
-0.35073,-1.863,-1.7038,1.21,0.67014,-1.137,-2.0775,-2.6513,-3.2096,-1.0843,-1.9151,-2.4495
-0.070198,-2.3142,-2.8812,1.243,1.2847,-2.0208,-2.1246,-2.7576,-3.2398,-1.1075,-1.9401,-2.5918
0.1869,-2.6626,-3.8334,1.2572,1.8452,-2.72,-2.1712,-2.844,-3.2618,-1.1091,-1.9561,-2.6773
0.42743,-2.872,-4.492,1.2392,2.3317,-3.1703,-2.2023,-2.9041,-3.2465,-1.0752,-1.9615,-2.6975
0.64276,-2.9471,-4.8398,1.196,2.7241,-3.3634,-2.2075,-2.9349,-3.1726,-1.0013,-1.9571,-2.6631
0.81083,-2.923,-4.9019,1.1484,3.0021,-3.34,-2.1856,-2.9374,-3.0375,-0.89647,-1.9489,-2.6013
0.9049,-2.8454,-4.7348,1.1198,3.1487,-3.1705,-2.1461,-2.9165,-2.861,-0.78031,-1.9492,-2.5464
0.90433,-2.7528,-4.4107,1.1256,3.1565,-2.9297,-2.1074,-2.8815,-2.6812,-0.67598,-1.9744,-2.528
0.80288,-2.6688,-4.0017,1.1684,3.0308,-2.6772,-2.089,-2.8457,-2.5408,-0.60154,-2.0388,-2.5609
0.61192,-2.6058,-3.5668,1.2413,2.7926,-2.4503,-2.1039,-2.8225,-2.4682,-0.56399,-2.145,-2.6402
0.35783,-2.5718,-3.1461,1.3347,2.4775,-2.2698,-2.1515,-2.8229,-2.4663,-0.55777,-2.2783,-2.7447
0.07407,-2.572,-2.76,1.4415,2.1309,-2.1422,-2.2196,-2.8549,-2.5142,-0.56863,-2.4094,-2.8481
-0.20884,-2.603,-2.4057,1.5573,1.7958,-2.0543,-2.2923,-2.9256,-2.5815,-0.58072,-2.5065,-2.9319
-0.46944,-2.6496,-2.0564,1.679,1.5012,-1.9715,-2.3568,-3.0404,-2.6423,-0.58323,-2.5487,-2.9927
-0.69397,-2.6877,-1.67,1.8008,1.2584,-1.8475,-2.4077,-3.2001,-2.6827,-0.57372,-2.5332,-3.0408
-0.87118,-2.6929,-1.2115,1.9131,1.0667,-1.6444,-2.4465,-3.3989,-2.7014,-0.55718,-2.474,-3.092
-0.98981,-2.6522,-0.68151,2.0046,0.924,-1.3544,-2.4785,-3.6229,-2.7047,-0.54236,-2.3952,-3.1592
-1.0405,-2.5761,-0.13323,2.0688,0.83807,-1.0133,-2.5088,-3.853,-2.6977,-0.5382,-2.3215,-3.247
-1.0193,-2.5003,0.3287,2.1084,0.83178,-0.69762,-2.5415,-4.0684,-2.6767,-0.55238,-2.271,-3.3495
-0.9287,-2.4748,0.57211,2.1345,0.93589,-0.50578,-2.5795,-4.2532,-2.6284,-0.59033,-2.2511,-3.4541
-0.77707,-2.5453,0.47243,2.1593,1.1742,-0.53037,-2.6279,-4.4012,-2.5348,-0.653,-2.2591,-3.5467
-0.57547,-2.7371,-0.048924,2.1911,1.5512,-0.83323,-2.6957,-4.5196,-2.3834,-0.7349,-2.2848,-3.6179
-0.33551,-3.0495,-0.99624,2.2322,2.0484,-1.4272,-2.7936,-4.6275,-2.1752,-0.82458,-2.3151,-3.6675
-0.069472,-3.4604,-2.2933,2.2821,2.6293,-2.2712,-2.9275,-4.7501,-1.9258,-0.90748,-2.3374,-3.7018
0.20783,-3.9348,-3.7956,2.3387,3.2456,-3.2764,-3.093,-4.9081,-1.6607,-0.97031,-2.3414,-3.7284
0.47816,-4.4293,-5.3144,2.3976,3.843,-4.3218,-3.2768,-5.109,-1.4074,-1.0064,-2.3228,-3.7514
0.72158,-4.894,-6.6485,2.4499,4.3677,-5.2741,-3.463,-5.3447,-1.1911,-1.0193,-2.2858,-3.7723
0.92016,-5.2782,-7.6234,2.4834,4.7741,-6.0133,-3.6396,-5.5929,-1.0294,-1.0213,-2.2435,-3.7919
1.0615,-5.5411,-8.1297,2.4882,5.0306,-6.4571,-3.8015,-5.8216,-0.92666,-1.027,-2.2124,-3.8119
1.1405,-5.6604,-8.1396,2.4617,5.1211,-6.5769,-3.9523,-5.9954,-0.87267,-1.0473,-2.207,-3.8368
1.1604,-5.6321,-7.6976,2.4077,5.0453,-6.3974,-4.1046,-6.0838,-0.84733,-1.0866,-2.237,-3.8755
1.1333,-5.4636,-6.899,2.3299,4.822,-5.9787,-4.278,-6.0726,-0.8306,-1.1425,-2.306,-3.9418
1.0783,-5.1682,-5.8697,2.2271,4.4928,-5.3938,-4.4906,-5.9702,-0.81083,-1.2069,-2.41,-4.0491
1.0196,-4.7636,-4.7516,2.0922,4.1174,-4.712,-4.7483,-5.805,-0.7851,-1.2687,-2.5369,-4.2028
0.98561,-4.2756,-3.6919,1.917,3.7631,-3.9985,-5.0396,-5.615,-0.75812,-1.3175,-2.6672,-4.3933
1.0073,-3.7445,-2.8245,1.701,3.493,-3.321,-5.3364,-5.4314,-0.73652,-1.346,-2.7781,-4.5954
1.1068,-3.2294,-2.2439,1.4606,3.3547,-2.7496,-5.5991,-5.2653,-0.72192,-1.3508,-2.8478,-4.7736
1.2842,-2.7948,-1.9799,1.2281,3.3663,-2.3375,-5.7859,-5.1049,-0.7091,-1.3331,-2.8629,-4.8955
1.5101,-2.485,-1.9858,1.0392,3.509,-2.092,-5.8712,-4.9276,-0.691,-1.3,-2.8252,-4.9487
1.7355,-2.3051,-2.1519,0.91792,3.7294,-1.9666,-5.8623,-4.7148,-0.66443,-1.2621,-2.7521,-4.9499
1.9103,-2.2331,-2.3512,0.87207,3.9564,-1.8917,-5.8003,-4.4621,-0.63025,-1.2269,-2.6676,-4.9341
1.9994,-2.2489,-2.4924,0.89966,4.1306,-1.8255,-5.737,-4.1793,-0.58878,-1.1937,-2.5894,-4.9333
1.9899,-2.3581,-2.557,0.9989,4.2264,-1.79,-5.7044,-3.8825,-0.53527,-1.1513,-2.5196,-4.9566
1.8891,-2.5976,-2.616,1.1751,4.2593,-1.8728,-5.6974,-3.5844,-0.45964,-1.0802,-2.4428,-4.984
1.7208,-3.0231,-2.8197,1.4397,4.2772,-2.1995,-5.6802,-3.2889,-0.35213,-0.96037,-2.3335,-4.9729
1.5198,-3.6809,-3.3453,1.8008,4.34,-2.8862,-5.6103,-2.993,-0.21075,-0.7816,-2.1715,-4.8792
1.3238,-4.5759,-4.3199,2.2505,4.4961,-3.9854,-5.462,-2.6916,-0.043234,-0.54924,-1.957,-4.681
1.1647,-5.6542,-5.7541,2.7608,4.7621,-5.4487,-5.2376,-2.3817,0.13862,-0.28236,-1.7134,-4.3909
1.0602,-6.8099,-7.5139,3.2875,5.1158,-7.1224,-4.9628,-2.0633,0.32636,-0.0057138,-1.4797,-4.051
1.0129,-7.9062,-9.3397,3.7781,5.5015,-8.7784,-4.675,-1.7409,0.51689,0.2577,-1.2962,-3.7168
1.0132,-8.8056,-10.913,4.1797,5.8483,-10.17,-4.4119,-1.4265,0.70818,0.48992,-1.1922,-3.4383
1.048,-9.4016,-11.958,4.4479,6.0939,-11.097,-4.2026,-1.1406,0.89369,0.67811,-1.1796,-3.2447
1.1068,-9.6468,-12.35,4.5579,6.204,-11.466,-4.0618,-0.90816,1.0607,0.81477,-1.2523,-3.1368
1.1841,-9.5658,-12.15,4.5135,6.1801,-11.323,-3.9864,-0.75,1.1943,0.89881,-1.3911,-3.0885
1.2776,-9.245,-11.57,4.347,6.0541,-10.834,-3.9572,-0.67399,1.2816,0.93621,-1.5702,-3.0611
1.3825,-8.8015,-10.87,4.1098,5.8734,-10.215,-3.9429,-0.66904,1.3203,0.93887,-1.7638,-3.0216
1.4887,-8.336,-10.25,3.8549,5.6834,-9.6514,-3.9088,-0.70643,1.3219,0.92,-1.952,-2.9559
1.5853,-7.8942,-9.7641,3.6197,5.5138,-9.2145,-3.83,-0.75002,1.3092,0.88636,-2.1255,-2.8734
1.6675,-7.4544,-9.3049,3.4126,5.3695,-8.8339,-3.7014,-0.77141,1.3044,0.83298,-2.2867,-2.8012
1.7392,-6.9435,-8.6718,3.2055,5.2297,-8.3294,-3.5416,-0.7629,1.3168,0.74614,-2.4448,-2.7724
1.8072,-6.2738,-7.7084,2.9469,5.0583,-7.5129,-3.3838,-0.74021,1.3367,0.61201,-2.6076,-2.8121
1.8718,-5.4089,-6.4125,2.6002,4.8257,-6.331,-3.2571,-0.73059,1.3434,0.4238,-2.7746,-2.9256
1.923,-4.419,-4.9558,2.1793,4.5296,-4.9426,-3.1704,-0.75297,1.3211,0.18851,-2.9326,-3.093
1.944,-3.4613,-3.5986,1.7503,4.2001,-3.6304,-3.1072,-0.80584,1.2703,-0.071946,-3.0568,-3.2766
1.9186,-2.7095,-2.5717,1.4005,3.8887,-2.6457,-3.0354,-0.87067,1.2054,-0.32876,-3.1193,-3.435
1.8387,-2.2875,-2.0113,1.1997,3.6458,-2.1304,-2.9227,-0.92375,1.1448,-0.55787,-3.1011,-3.5396
1.7079,-2.233,-1.9441,1.1742,3.5008,-2.1065,-2.7516,-0.94574,1.102,-0.74692,-3.0002,-3.5828
1.542,-2.4882,-2.2837,1.3003,3.4516,-2.4771,-2.527,-0.92619,1.0808,-0.89632,-2.8338,-3.5778
1.3655,-2.9187,-2.8445,1.5144,3.4677,-3.0489,-2.2748,-0.86484,1.073,-1.017,-2.6338,-3.5509
1.2068,-3.3545,-3.3962,1.7332,3.5056,-3.5913,-2.0337,-0.77104,1.0617,-1.1258,-2.4377,-3.5318
1.0906,-3.6442,-3.7423,1.8807,3.5274,-3.9159,-1.8413,-0.6598,1.031,-1.2379,-2.2771,-3.5407
1.0306,-3.7026,-3.7854,1.9136,3.5151,-3.9349,-1.7208,-0.54548,0.97527,-1.3602,-2.1683,-3.581
1.0246,-3.535,-3.5516,1.8338,3.4748,-3.6759,-1.6748,-0.43553,0.90377,-1.4882,-2.1068,-3.6378
1.0563,-3.2274,-3.1722,1.683,3.4303,-3.2605,-1.6892,-0.33022,0.83306,-1.611,-2.072,-3.6859
1.1019,-2.9086,-2.8315,1.5203,3.4112,-2.8612,-1.7456,-0.22808,0.77663,-1.7181,-2.0376,-3.7013
1.1398,-2.697,-2.7009,1.397,3.4386,-2.6425,-1.8336,-0.13223,0.73545,-1.806,-1.9847,-3.6705
1.1553,-2.6573,-2.8768,1.3369,3.5133,-2.7011,-1.9578,-0.052155,0.69593,-1.8797,-1.9106,-3.594
1.1407,-2.7841,-3.3367,1.3344,3.6111,-3.0247,-2.1355,-0.0010103,0.63431,-1.9499,-1.8303,-3.4842
1.0909,-3.0104,-3.9327,1.3659,3.6898,-3.4921,-2.3863,0.012725,0.52936,-2.0289,-1.7707,-3.3582
1.0011,-3.2387,-4.4428,1.4077,3.706,-3.9212,-2.7168,-0.006496,0.37608,-2.1239,-1.7584,-3.2298
0.87012,-3.3867,-4.6656,1.4494,3.6363,-4.1468,-3.1077,-0.037788,0.19386,-2.2307,-1.8044,-3.1033
0.70811,-3.4161,-4.4753,1.4898,3.4869,-4.0675,-3.5158,-0.04981,0.02224,-2.3321,-1.8977,-2.9723
0.53867,-3.3047,-3.8181,1.5184,3.2815,-3.6328,-3.8927,-0.015793,-0.095997,-2.4056,-2.0129,-2.826
0.39307,-3.0231,-2.7103,1.5125,3.0417,-2.84,-4.2072,0.072789,-0.13313,-2.4352,-2.1243,-2.6586
0.29982,-2.576,-1.2607,1.4573,2.7897,-1.7634,-4.4537,0.20579,-0.08228,-2.4137,-2.2131,-2.4727
0.27592,-2.0367,0.29729,1.3607,2.5617,-0.56044,-4.6411,0.36567,0.049102,-2.3401,-2.2677,-2.2746
0.32345,-1.5277,1.6313,1.2509,2.4088,0.53781,-4.7759,0.53712,0.24675,-2.2156,-2.2804,-2.0667
0.43125,-1.1873,2.4041,1.1693,2.385,1.261,-4.8529,0.70812,0.49209,-2.0441,-2.2446,-1.8444
0.57887,-1.1408,2.3457,1.1613,2.5353,1.368,-4.8552,0.86822,0.76472,-1.835,-2.1534,-1.597
0.741,-1.4711,1.3206,1.2649,2.8787,0.72207,-4.7602,1.0105,1.0484,-1.6019,-1.9996,-1.3133
0.89267,-2.1871,-0.59124,1.498,3.3927,-0.64836,-4.5496,1.1352,1.3361,-1.3582,-1.7793,-0.98683
1.0142,-3.2028,-3.0804,1.8459,4.0118,-2.5315,-4.2206,1.2478,1.6273,-1.1111,-1.4989,-0.62394
1.0957,-4.3459,-5.687,2.2582,4.6413,-4.5773,-3.794,1.3536,1.9195,-0.86327,-1.1774,-0.24728
1.1369,-5.4022,-7.9234,2.6595,5.1816,-6.3949,-3.3109,1.4506,2.2022,-0.62071,-0.84346,0.10744
1.144,-6.1801,-9.4023,2.9734,5.5517,-7.6609,-2.8184,1.5324,2.4605,-0.39557,-0.52563,0.40456
1.1222,-6.5685,-9.9381,3.1499,5.707,-8.1975,-2.3493,1.5967,2.6853,-0.20236,-0.24293,0.62528
1.0707,-6.5696,-9.5759,3.1845,5.6455,-8.0052,-1.9101,1.6537,2.8812,-0.052011,-0.0016503,0.77533
0.98398,-6.2935,-8.5419,3.1198,5.4052,-7.2625,-1.4842,1.723,3.0651,0.0498,0.20059,0.87579
0.85694,-5.9154,-7.17,3.0259,5.0521,-6.2807,-1.0519,1.8222,3.2532,0.098846,0.36548,0.94488
0.69174,-5.6042,-5.8154,2.9688,4.6624,-5.3912,-0.61106,1.9537,3.444,0.088225,0.48558,0.98495
0.50131,-5.4498,-4.754,2.9769,4.3026,-4.8027,-0.18702,2.0995,3.6121,0.0094384,0.54296,0.98146
0.30841,-5.4284,-4.0937,3.0269,4.0156,-4.5217,0.17279,2.2263,3.7176,-0.14062,0.51751,0.91073
0.13932,-5.4334,-3.7542,3.0622,3.8129,-4.3971,0.41817,2.2983,3.7244,-0.35272,0.40157,0.75141
0.014584,-5.3565,-3.573,3.0308,3.6801,-4.2583,0.52361,2.2915,3.618,-0.60586,0.20972,0.49542
-0.0571,-5.1533,-3.442,2.9147,3.5901,-4.0258,0.50591,2.2028,3.41,-0.87662,-0.025981,0.15455
-0.077759,-4.8454,-3.3208,2.7321,3.5189,-3.7072,0.4164,2.0493,3.1298,-1.1498,-0.2721,-0.24206
-0.054418,-4.4804,-3.1871,2.5183,3.4549,-3.3345,0.31356,1.8594,2.809,-1.4218,-0.50866,-0.65844
0.0048925,-4.0981,-3.0201,2.3049,3.3989,-2.9307,0.23712,1.6641,2.4709,-1.6949,-0.73397,-1.0638
0.090772,-3.7217,-2.808,2.1096,3.3541,-2.5093,0.19768,1.4914,2.1286,-1.9707,-0.96005,-1.4394
0.19084,-3.3622,-2.5509,1.9373,3.3171,-2.0841,0.1826,1.3645,1.7897,-2.2486,-1.2035,-1.7776
0.29009,-3.0288,-2.2594,1.7866,3.2779,-1.6764,0.17094,1.2992,1.4631,-2.524,-1.4744,-2.077
0.37283,-2.7356,-1.955,1.6584,3.2284,-1.3145,0.14848,1.3014,1.1617,-2.7839,-1.7667,-2.3361
0.42549,-2.5041,-1.6657,1.5607,3.1702,-1.029,0.1164,1.3645,0.90161,-3.0063,-2.0548,-2.5502
0.43899,-2.3584,-1.4196,1.5079,3.1148,-0.84636,0.092691,1.4709,0.6994,-3.1658,-2.3003,-2.7097
0.41066,-2.3159,-1.2369,1.5136,3.0768,-0.78034,0.10732,1.5979,0.56875,-3.2411,-2.4644,-2.8014
0.34465,-2.376,-1.125,1.5819,3.0653,-0.82473,0.19209,1.7232,0.51598,-3.223,-2.5229,-2.8129
0.24995,-2.5165,-1.0769,1.7026,3.0793,-0.95266,0.36669,1.8282,0.53502,-3.1181,-2.4756,-2.7397
0.13768,-2.7031,-1.0794,1.8546,3.1098,-1.128,0.62548,1.898,0.60279,-2.9483,-2.3484,-2.5913
0.019596,-2.9026,-1.1256,2.0116,3.1459,-1.3214,0.93221,1.9182,0.682,-2.7462,-2.1838,-2.3926
-0.0929,-3.0929,-1.2268,2.1466,3.1809,-1.5223,1.2276,1.8726,0.73001,-2.547,-2.0254,-2.1773
-0.19138,-3.266,-1.4158,2.2375,3.2138,-1.7414,1.4488,1.7428,0.71101,-2.3785,-1.9012,-1.9755
-0.27447,-3.4311,-1.7338,2.2772,3.2458,-2.0029,1.5538,1.5117,0.60658,-2.2515,-1.8161,-1.8024
-0.34944,-3.6123,-2.2004,2.2823,3.2759,-2.3273,1.5385,1.1728,0.42149,-2.1572,-1.7566,-1.6547
-0.42805,-3.8368,-2.782,2.2881,3.3004,-2.7138,1.4388,0.73796,0.18366,-2.0753,-1.704,-1.5177
-0.51841,-4.1126,-3.3922,2.3294,3.3193,-3.1333,1.313,0.24008,-0.063545,-1.9874,-1.6479,-1.3775
-0.62029,-4.4103,-3.9252,2.4207,3.339,-3.5322,1.2141,-0.27507,-0.27635,-1.8886,-1.5928,-1.2306
-0.72593,-4.6621,-4.2667,2.5481,3.3603,-3.82,1.1661,-0.76518,-0.42841,-1.7923,-1.5584,-1.0881
-0.82479,-4.7782,-4.2581,2.6713,3.3572,-3.8482,1.1532,-1.2065,-0.5223,-1.7288,-1.5735,-0.97198
-0.90641,-4.6623,-3.7212,2.7307,3.2792,-3.454,1.1275,-1.5993,-0.58638,-1.7343,-1.664,-0.90473
-0.96055,-4.2414,-2.5764,2.6732,3.0889,-2.5637,1.0356,-1.9598,-0.65743,-1.8335,-1.8383,-0.8967
-0.97787,-3.5323,-0.94858,2.4839,2.7984,-1.2578,0.85003,-2.3068,-0.76065,-2.0224,-2.079,-0.9389
-0.95331,-2.6699,0.83463,2.1991,2.4709,0.22456,0.58387,-2.6511,-0.90013,-2.2673,-2.3459,-1.0051
-0.89092,-1.8652,2.3518,1.894,2.1952,1.5332,0.28528,-2.9929,-1.0631,-2.5184,-2.5872,-1.0612
-0.80705,-1.3334,3.2036,1.6575,2.0578,2.3136,0.018701,-3.3241,-1.2303,-2.7317,-2.7555,-1.0765
-0.72825,-1.2308,3.1062,1.5648,2.1146,2.3218,-0.15844,-3.6314,-1.3852,-2.8835,-2.8231,-1.0318
-0.68297,-1.6113,2.0014,1.6534,2.3688,1.498,-0.21614,-3.9003,-1.5197,-2.9745,-2.7899,-0.92443
-0.69044,-2.4021,0.11331,1.9083,2.7641,-0.0070524,-0.16248,-4.1192,-1.6359,-3.0249,-2.6814,-0.76974
-0.75265,-3.4131,-2.107,2.2633,3.201,-1.8528,-0.03968,-4.2828,-1.7427,-3.0649,-2.5377,-0.59565
-0.85422,-4.3891,-4.1219,2.6181,3.5688,-3.6025,0.093272,-4.3893,-1.8468,-3.1213,-2.4017,-0.43385
-0.97128,-5.085,-5.4745,2.8692,3.7789,-4.8552,0.18372,-4.438,-1.9462,-3.2085,-2.3071,-0.30995
-1.0845,-5.3363,-5.9149,2.9464,3.785,-5.3471,0.2042,-4.4268,-2.0287,-3.3234,-2.2711,-0.23802
-1.1878,-5.1042,-5.4353,2.8387,3.5866,-5.0007,0.15991,-4.3528,-2.0764,-3.4505,-2.2923,-0.2194
-1.2891,-4.4871,-4.2279,2.596,3.2232,-3.9467,0.083791,-4.2123,-2.0732,-3.5693,-2.3532,-0.24416
-1.4036,-3.6874,-2.6196,2.3095,2.7627,-2.5068,0.022625,-4.0017,-2.0118,-3.6622,-2.4245,-0.29351
-1.5476,-2.9388,-0.98654,2.0797,2.2835,-1.0819,0.018293,-3.7203,-1.8988,-3.719,-2.4732,-0.34526
-1.733,-2.4219,0.36272,1.9803,1.8518,0.016477,0.088247,-3.3762,-1.7579,-3.7415,-2.476,-0.38365
-1.9625,-2.2005,1.2711,2.0291,1.5065,0.67383,0.21408,-2.9909,-1.6281,-3.7447,-2.4328,-0.40812
-2.2246,-2.2111,1.7397,2.1824,1.2525,0.96061,0.35013,-2.5974,-1.5556,-3.7514,-2.3698,-0.43344
-2.4923,-2.3151,1.9015,2.3599,1.0655,1.0464,0.45123,-2.2312,-1.5782,-3.7815,-2.3272,-0.48081
-2.7282,-2.3826,1.9529,2.4825,0.90707,1.0994,0.49566,-1.9192,-1.7112,-3.8419,-2.3379,-0.56699
-2.897,-2.3505,2.0372,2.5055,0.74938,1.2105,0.48731,-1.6754,-1.9444,-3.9268,-2.4138,-0.69877
-2.9807,-2.2301,2.1812,2.435,0.59308,1.3782,0.4464,-1.5027,-2.2507,-4.0236,-2.5442,-0.87192
-2.9895,-2.0856,2.3099,2.3193,0.46668,1.5307,0.40091,-1.3954,-2.5987,-4.1193,-2.702,-1.0693
-2.9578,-2.0094,2.2983,2.2259,0.40768,1.5551,0.37975,-1.3409,-2.9606,-4.2042,-2.8544,-1.2607
-2.9267,-2.0857,2.0393,2.2121,0.43921,1.3466,0.40381,-1.321,-3.3177,-4.2736,-2.9747,-1.4112
-2.9236,-2.3486,1.5064,2.299,0.55534,0.87252,0.47602,-1.3179,-3.6622,-4.3299,-3.0532,-1.4997
-2.9518,-2.7588,0.7761,2.4619,0.7206,0.20025,0.5779,-1.3193,-3.9966,-4.3826,-3.0994,-1.5298
-2.9944,-3.215,0.0013016,2.6403,0.88201,-0.52598,0.67691,-1.3195,-4.3273,-4.4452,-3.135,-1.5282
-3.0285,-3.5913,-0.6394,2.7661,0.98614,-1.1325,0.73987,-1.3173,-4.6591,-4.5325,-3.1818,-1.5326
-3.04,-3.7815,-0.99251,2.7923,0.99342,-1.4655,0.74434,-1.3146,-4.994,-4.6575,-3.252,-1.5765
-3.0309,-3.7325,-0.97222,2.7084,0.88698,-1.4361,0.68416,-1.316,-5.33,-4.8288,-3.3446,-1.6775
-3.0161,-3.4546,-0.5849,2.5376,0.67665,-1.0475,0.5696,-1.3271,-5.6616,-5.0457,-3.4477,-1.8306
-3.0124,-3.0081,0.08074,2.3203,0.39616,-0.38459,0.42272,-1.3539,-5.9789,-5.2962,-3.5451,-2.011
-3.0287,-2.4705,0.90182,2.0943,0.090373,0.43445,0.26854,-1.404,-6.2702,-5.5601,-3.6247,-2.1836
-3.0611,-1.9046,1.7814,1.8818,-0.20518,1.3147,0.12456,-1.4889,-6.5261,-5.8175,-3.6847,-2.318
-3.0974,-1.3454,2.6789,1.687,-0.48047,2.207,-0.0051975,-1.6211,-6.7428,-6.0565,-3.7354,-2.4
-3.1248,-0.80885,3.5916,1.5029,-0.74972,3.0888,-0.12658,-1.8073,-6.9215,-6.2744,-3.7942,-2.4333
-3.1377,-0.31171,4.5088,1.3223,-1.0333,3.9341,-0.24408,-2.0402,-7.0637,-6.4715,-3.8748,-2.4321
-3.1387,0.11378,5.3839,1.1502,-1.3379,4.699,-0.35154,-2.2969,-7.1666,-6.6447,-3.98,-2.4115
-3.135,0.42368,6.1438,1.0055,-1.65,5.3287,-0.43364,-2.5459,-7.2233,-6.7875,-4.1011,-2.3812
-3.133,0.58474,6.7219,0.90892,-1.9468,5.7802,-0.47406,-2.7583,-7.2267,-6.895,-4.2247,-2.3449
-3.1328,0.59794,7.0888,0.86678,-2.21,6.0444,-0.45967,-2.9148,-7.1736,-6.9651,-4.3394,-2.3014
-3.1255,0.50435,7.2594,0.86423,-2.4306,6.1541,-0.37859,-3.0061,-7.0636,-6.9924,-4.439,-2.2451
-3.0944,0.37227,7.2776,0.87114,-2.6027,6.1727,-0.2171,-3.0296,-6.8968,-6.965,-4.5208,-2.1676
-3.0213,0.27749,7.2043,0.85263,-2.7207,6.1788,0.041105,-2.9883,-6.6742,-6.8672,-4.5826,-2.0598
-2.8945,0.28805,7.1272,0.77745,-2.7875,6.2634,0.41432,-2.8909,-6.3988,-6.6867,-4.6203,-1.9135
-2.7163,0.45892,7.1657,0.62277,-2.8284,6.5321,0.92185,-2.7501,-6.0771,-6.4199,-4.6246,-1.7222
-2.5038,0.83162,7.4412,0.37707,-2.8907,7.0879,1.5824,-2.5788,-5.7189,-6.071,-4.5793,-1.4794
-2.2843,1.4331,8.0358,0.041674,-3.0287,7.9995,2.4119,-2.3877,-5.3364,-5.6482,-4.4623,-1.1769
-2.0861,2.2807,8.9722,-0.37245,-3.2864,9.2943,3.4226,-2.1847,-4.943,-5.1594,-4.2518,-0.80331
-1.9289,3.4035,10.219,-0.8543,-3.6878,10.973,4.6243,-1.9761,-4.5522,-4.6124,-3.9359,-0.34581
-1.8186,4.8721,11.712,-1.4052,-4.238,13.011,6.0258,-1.7685,-4.1754,-4.0185,-3.5178,0.20568
-1.7472,6.819,13.377,-2.0481,-4.9337,15.336,7.6354,-1.5684,-3.818,-3.3942,-3.0151,0.85025
-1.6986,9.4236,15.169,-2.8313,-5.7725,17.831,9.4632,-1.3788,-3.4771,-2.7577,-2.4538,1.5681
-1.6542,12.826,17.166,-3.8269,-6.7473,20.398,11.526,-1.193,-3.1405,-2.1196,-1.8583,2.3214
-1.5982,16.958,19.662,-5.1204,-7.8305,23.031,13.839,-0.9921,-2.7887,-1.4753,-1.2413,3.0702
-1.5211,21.453,22.933,-6.7773,-8.9718,25.783,16.383,-0.74852,-2.3987,-0.8075,-0.59868,3.795
-1.4202,25.861,26.764,-8.7949,-10.121,28.676,19.088,-0.436,-1.9495,-0.092874,0.085527,4.5082
-1.2974,29.95,30.61,-11.087,-11.251,31.712,21.942,-0.040714,-1.4273,0.69148,0.82986,5.2456
-1.1568,33.736,34.233,-13.528,-12.368,34.952,25.069,0.43131,-0.83011,1.5688,1.6514,6.0506
-1.0028,37.337,37.764,-16.004,-13.491,38.479,28.487,0.95486,-0.16716,2.5685,2.571,6.9673
-0.83927,40.836,41.358,-18.42,-14.628,42.299,32.036,1.4949,0.54678,3.731,3.6235,8.0487
-0.66791,44.239,45.011,-20.689,-15.748,46.317,35.665,2.0172,1.2978,5.0986,4.8635,9.362
-0.4862,47.507,48.614,-22.76,-16.793,50.392,39.476,2.4928,2.0726,6.6913,6.3498,10.962
-0.28443,50.626,52.06,-24.652,-17.716,54.359,43.581,2.8931,2.8528,8.4725,8.0968,12.829
-0.045302,53.664,55.272,-26.46,-18.515,57.991,47.968,3.188,3.6123,10.337,10.022,14.832
0.25381,56.754,58.192,-28.311,-19.217,61.081,52.442,3.353,4.3248,12.148,11.968,16.797
0.63738,60.005,60.749,-30.294,-19.83,63.626,56.728,3.3829,4.9771,13.809,13.801,18.624
1.1281,63.39,62.811,-32.404,-20.323,65.812,60.61,3.2989,5.5755,15.292,15.486,20.317
1.7442,66.729,64.282,-34.547,-20.625,67.823,63.854,3.1405,6.1379,16.62,17.066,21.942
2.5013,69.797,65.229,-36.605,-20.657,69.729,66.009,2.9482,6.6782,17.836,18.595,23.552
3.4178,72.465,65.829,-38.493,-20.364,71.516,66.486,2.7463,7.1922,18.97,20.09,25.163
4.519,74.752,66.16,-40.19,-19.762,73.157,64.82,2.5366,7.6551,20.04,21.535,26.76
5.8239,76.796,66.18,-41.717,-18.955,74.675,60.867,2.3015,8.0289,21.042,22.901,28.319
7.3099,78.784,66.048,-43.133,-18.085,76.22,54.896,2.0119,8.274,21.948,24.161,29.825
8.8818,80.876,66.191,-44.56,-17.246,78.132,47.466,1.6342,8.3565,22.701,25.295,31.272
10.371,83.1,66.782,-46.22,-16.45,80.644,39.059,1.135,8.2512,23.209,26.285,32.658
11.564,85.274,67.532,-48.435,-15.655,83.468,29.853,0.48816,7.9433,23.357,27.121,33.994
12.293,86.999,67.855,-51.463,-14.813,85.841,19.966,-0.31573,7.431,23.039,27.808,35.329
12.553,87.759,67.078,-55.079,-13.893,86.864,10.074,-1.2599,6.7286,22.206,28.381,36.764
12.601,87.097,64.687,-58.296,-12.887,85.811,1.3826,-2.3009,5.8682,20.911,28.865,38.377
12.892,84.833,60.577,-59.807,-11.809,82.358,-5.156,-3.3828,4.8926,19.277,29.222,40.067
13.675,81.111,55.128,-58.841,-10.701,76.753,-8.9788,-4.4587,3.8413,17.417,29.356,41.504
14.591,76.252,49.109,-55.483,-9.641,69.777,-9.3326,-5.511,2.7368,15.387,29.153,42.322
14.983,70.625,43.394,-50.408,-8.729,62.37,-5.8697,-6.5554,1.5807,13.219,28.503,42.301
14.434,64.55,38.619,-44.496,-8.0512,55.171,-2.6102,-7.6307,0.3625,10.983,27.297,41.362
12.903,58.252,35.003,-38.554,-7.6507,48.481,-1.9799,-8.783,-0.92849,8.8094,25.437,39.496
10.643,51.905,32.386,-33.064,-7.5181,42.528,-2.2323,-10.057,-2.3001,6.8272,22.931,36.772
8.0427,45.684,30.376,-28.066,-7.61,37.45,-2.5759,-11.493,-3.7636,5.0874,19.983,33.367
5.4443,39.723,28.445,-23.372,-7.875,33.174,-2.8813,-13.135,-5.3431,3.5527,16.945,29.519
3.0001,34.059,26.073,-18.85,-8.2702,29.525,-3.1446,-15.02,-7.0814,2.1289,14.088,25.465
0.67688,28.618,23.399,-14.499,-8.7589,26.493,-3.3899,-17.175,-9.0354,0.68575,11.456,21.402
-1.548,23.275,21.326,-10.376,-9.2968,24.302,-3.6629,-19.608,-11.261,-0.92451,8.9138,17.435
-3.5559,17.919,20.08,-6.5239,-9.8296,22.687,-4.0269,-22.302,-13.793,-2.8291,6.2675,13.554
-5.2356,12.618,19.283,-3.0462,-10.31,20.942,-4.5537,-25.221,-16.625,-5.0934,3.3637,9.6718
-6.688,7.9111,18.693,-0.22618,-10.719,18.816,-5.3088,-28.309,-19.699,-7.6989,0.21193,5.7422
-8.1133,4.4094,18.237,1.7647,-11.061,16.481,-6.3334,-31.502,-22.913,-10.547,-2.897,1.9395
-9.5157,2.0784,17.882,3.1483,-11.358,14.178,-7.6294,-34.731,-26.142,-13.488,-5.5438,-1.2922
-10.742,0.49453,17.568,4.2469,-11.622,12.024,-9.153,-37.937,-29.275,-16.369,-7.5763,-3.6529
-11.719,-0.70471,17.21,5.2344,-11.847,10.029,-10.824,-41.068,-32.242,-19.068,-9.1533,-5.2932
-12.47,-1.7202,16.731,6.1521,-11.999,8.1838,-12.546,-44.086,-35.018,-21.494,-10.458,-6.4869
-13.031,-2.6359,16.083,6.9833,-12.037,6.504,-14.221,-46.953,-37.577,-23.577,-11.558,-7.3791
-13.409,-3.4686,15.254,7.7005,-11.929,5.0055,-15.765,-49.634,-39.87,-25.259,-12.435,-8.0249
-13.598,-4.2037,14.244,8.2899,-11.659,3.7008,-17.123,-52.102,-41.833,-26.528,-13.049,-8.4637
-13.602,-4.8261,13.071,8.7624,-11.239,2.6177,-18.27,-54.349,-43.426,-27.438,-13.392,-8.7396
-13.461,-5.341,11.776,9.1502,-10.707,1.7925,-19.206,-56.389,-44.667,-28.101,-13.519,-8.8881
-13.242,-5.7774,10.446,9.4894,-10.124,1.2346,-19.94,-58.234,-45.617,-28.644,-13.526,-8.92
-13.015,-6.1719,9.2192,9.7949,-9.5645,0.90112,-20.482,-59.857,-46.339,-29.146,-13.489,-8.8222
-12.82,-6.539,8.2153,10.045,-9.0949,0.70097,-20.833,-61.165,-46.858,-29.609,-13.429,-8.5731
-12.649,-6.849,7.4752,10.189,-8.7463,0.51525,-20.985,-61.96,-47.129,-29.944,-13.299,-8.1602
-12.453,-7.0486,6.9655,10.175,-8.5014,0.23292,-20.911,-61.91,-47,-29.973,-13.001,-7.5888
-12.158,-7.1275,6.6318,9.9602,-8.303,-0.19514,-20.55,-60.503,-46.129,-29.37,-12.417,-6.8798
-11.688,-7.1654,6.4158,9.5374,-8.0732,-0.70501,-19.824,-57.688,-43.926,-27.492,-11.488,-6.0571
-10.984,-7.288,6.1653,8.989,-7.7182,-1.1435,-18.926,-58.998,-42.688,-24.967,-10.322,-5.1304
-10.071,-7.5377,5.6996,8.5347,-7.1199,-1.4702,-20.839,-63.729,-47.819,-29.534,-9.6271,-4.0763
-9.6123,-7.7077,5.0439,8.471,-6.1214,-1.7679,-29.734,-65.489,-49.376,-32.537,-17.078,-2.7994
-13.505,-7.3687,4.2923,9.3977,-4.6099,-1.8772,-30.652,-68.289,-51.518,-34.465,-25.958,-1.3545
-18.617,-6.1887,3.6985,13.554,-4.3375,-1.3769,-29.717,-71.705,-54.439,-36.891,-26.794,-6.4269
-20.828,-4.0717,4.7843,19.789,-12.679,0.16636,-28.061,-73.695,-56.645,-38.643,-26.922,-14.428
-21.386,-2.3457,11.335,19.38,-16.228,2.9992,-24.439,-70.299,-55.387,-38.085,-25.341,-12.138
-18.965,-5.0458,22.536,14.61,-18.044,7.4372,-17.71,-55.497,-46.979,-33.094,-20.568,-7.3824
-13.012,4.4995,32.19,6.1686,-18.296,15.211,-7.5182,-22.594,-27.494,-21.146,-11.281,-0.82943
-4.1512,19.154,37.903,-5.2317,-16.621,28.053,6.6618,32.384,6.4817,0.2397,3.3728,6.8888
6.7416,32.096,37.924,-17.641,-12.678,36.026,25.924,108.22,56.689,32.672,24.047,15.901
19.744,40.715,31.48,-29.334,-5.6688,36.962,50.837,198.76,122.2,75.998,51.417,27.27
36.427,44.902,18.814,-40.287,7.5411,31.285,79.345,293.83,199.39,128.61,86.405,42.593
58.843,47.71,-0.45865,-52.929,32.021,21.622,104.16,380.18,282.42,189.11,130.73,64.285
89.27,54.461,-24.32,-71.878,63.047,12.861,114.45,443.95,364.01,256.33,186.56,95.958
130.93,71.171,-47.855,-102.63,96.211,9.99,100.25,473.63,437.1,329.84,255.94,142.26
186.7,106.56,-66.805,-148.88,133.65,18.167,55.329,461.96,497.16,410.58,340.74,206.83
257.33,168.07,-77.535,-212.51,174.41,41.651,-21.703,406.93,542.94,498.71,443.18,291.94
340.22,246.17,-79.598,-292.28,216.89,79.846,-127.84,312.05,575.23,593.29,562.96,396.52
430.34,338.61,-74.725,-383.77,259.02,129.28,-256.59,186.01,595.66,692.41,696.41,516.13
521.28,437.94,-65.146,-479.83,298.73,184.49,-398.98,41.624,606.3,792.51,836.63,643.28
605.72,532.98,-53.478,-571.07,334.14,238.06,-544.82,-106.14,608.99,887.37,973.25,767.53
675.6,610.68,-44.166,-646.59,363.89,281.39,-683.96,-242.59,603.86,967.35,1092.3,875.87
722.77,657.23,-43.909,-694.78,387.25,305.07,-806.96,-356,587.94,1019.4,1177.2,953.56
739.99,660.04,-59.124,-705.29,403.62,299.49,-905.48,-439.94,555.71,1029.2,1210.9,986.32
722.48,611.69,-92.755,-672.02,411.82,258.74,-972.64,-494.16,501.64,985.06,1180.6,963.97
669.45,514.26,-141.53,-595.84,409.65,185.17,-1003.8,-522.56,423.34,882.89,1082.3,884.24
585.1,380.64,-195.79,-485.55,394.42,90.257,-997.4,-530.33,323.3,729.6,923.88,754.91
478.52,232.03,-242.09,-356.64,364.14,-8.3117,-955.82,-522.93,208.84,542.69,724.46,592.87
362.12,92.376,-267.49,-227.84,318.7,-91.721,-884.92,-505.85,90.528,346.14,510.09,420.27
249.04,-18.043,-264.16,-116.24,260.62,-145.48,-793.01,-483.32,-20.227,164.24,307.29,259.21
150.31,-87.924,-232.14,-32.917,195.38,-163.61,-689.23,-457.02,-113.28,15.942,137.13,126.72
73.117,-116.9,-179.3,18.828,130.65,-150.25,-582.25,-425.95,-180.76,-88.189,11.832,31.746
20.286,-113.66,-118.35,42.383,74.126,-117.39,-479.31,-387.9,-217.53,-146.22,-65.529,-25.241
-7.5053,-90.969,-62.06,45.221,30.095,-78.372,-385.7,-342.03,-222.38,-163.24,-99.447,-50.399
-15.502,-60.715,-17.534,35.568,4.3376,-42.422,-304.83,-289.77,-199.4,-149.28,-99.681,-52.898
-12.144,-32.231,3.5718,20.933,-3.2886,-14.492,-238.19,-232.85,-157.94,-116.87,-78.757,-41.996
-3.6218,-13.153,10.237,8.338,-2.9359,-0.40534,-185.43,-173.87,-109.76,-77.878,-49.242,-26.328
4.098,-5.3957,10.154,1.3911,0.34348,2.7094,-144.98,-117.72,-64.912,-41.947,-21.288,-12.305
8.4263,-7.6212,5.8912,-0.52045,3.9195,-1.3365,-114.35,-69.371,-28.253,-15.173,-1.2134,-2.9368
9.9902,-16.563,0.72081,1.3619,6.742,-7.7695,-91.124,-31.752,-3.4964,-0.36329,9.1264,1.564
9.5764,-20.539,-3.9382,7.3122,8.5434,-12.749,-73.459,-7.2118,8.7576,4.3436,11.305,2.2222
3.1939,-22.837,-7.8887,8.6134,9.5299,-17.141,-60.342,5.5253,13.063,2.5408,7.374,-7.0364
-0.67787,-22.012,-7.887,9.0611,4.8313,-19.214,-51.298,10.471,13.243,-1.9152,0.52268,-10.153
-1.423,-19.462,-4.1359,9.0597,3.813,-14.073,-44.507,11.206,11.737,-5.883,-5.164,-11.411
-1.6246,-17.997,-3.9758,8.887,3.4108,-12.322,-38.52,10.176,9.7808,-8.9534,-9.2003,-13.135
-1.5615,-17.59,-3.7078,8.7585,3.3347,-12.001,-33.207,8.9062,7.2056,-11.054,-9.1241,-14.364
-1.4323,-17.904,-3.3027,8.7727,3.4074,-12.18,-28.628,3.7069,-2.882,-9.2382,-7.8819,-15.525
-1.3619,-18.768,-2.8099,8.9782,3.4749,-12.777,-24.739,0.24545,-3.0481,-8.3782,-8.3974,-17.009
-1.3985,-20.052,-2.3458,9.3818,3.4967,-13.829,-21.342,2.6168,-1.8891,-8.6834,-9.431,-18.496
-1.5431,-21.549,-2.0417,9.9316,3.4899,-15.212,-18.433,5.0242,-1.2676,-9.088,-10.363,-19.666
-1.7609,-23.022,-1.9846,10.529,3.4871,-16.681,-15.917,6.9704,-1.0623,-9.3695,-11.013,-20.479
-1.9833,-24.293,-2.2059,11.069,3.524,-18.026,-13.53,8.5265,-1.0522,-9.5314,-11.479,-21.054
-2.1286,-25.286,-2.7042,11.478,3.6336,-19.165,-11.058,9.8038,-1.0724,-9.6115,-11.892,-21.504
-2.1387,-25.993,-3.4673,11.719,3.838,-20.116,-8.7039,10.89,-1.032,-9.6134,-12.277,-21.872
-2.0058,-26.453,-4.4607,11.799,4.1384,-20.931,-6.7259,11.854,-0.89509,-9.5202,-12.582,-22.151
-1.7709,-26.745,-5.6021,11.762,4.5087,-21.661,-5.1671,12.751,-0.65426,-9.3176,-12.734,-22.317
-1.4997,-26.978,-6.7596,11.679,4.8991,-22.358,-3.9497,13.63,-0.31048,-9.0041,-12.691,-22.342
-1.2542,-27.241,-7.7731,11.618,5.2495,-23.043,-2.9827,14.527,0.13508,-8.5941,-12.449,-22.218
-1.0719,-27.547,-8.4854,11.606,5.5057,-23.669,-2.1952,15.46,0.68011,-8.1158,-12.046,-21.959
-0.95676,-27.811,-8.7718,11.616,5.6308,-24.102,-1.5404,16.426,1.316,-7.6055,-11.543,-21.606
-0.8842,-27.896,-8.5645,11.587,5.6098,-24.167,-0.99312,17.393,2.0245,-7.0988,-11.01,-21.214
-0.81882,-27.694,-7.8741,11.46,5.4513,-23.744,-0.54128,18.312,2.7806,-6.6222,-10.503,-20.834
-0.73686,-27.185,-6.8007,11.21,5.1848,-22.855,-0.16736,19.132,3.5607,-6.1878,-10.044,-20.501
-0.63789,-26.446,-5.5221,10.859,4.8553,-21.666,0.16423,19.819,4.3474,-5.7926,-9.6249,-20.219
-0.53961,-25.622,-4.2508,10.464,4.5121,-20.418,0.50304,20.382,5.129,-5.4221,-9.2216,-19.971
-0.46242,-24.863,-3.1761,10.088,4.198,-19.342,0.89702,20.87,5.8962,-5.0585,-8.814,-19.734
-0.41628,-24.266,-2.4142,9.7735,3.94,-18.57,1.3778,21.361,6.6425,-4.6902,-8.4011,-19.5
-0.39783,-23.836,-1.982,9.5222,3.7434,-18.078,1.953,21.937,7.3668,-4.3172,-8.0013,-19.282
-0.39569,-23.477,-1.8052,9.2969,3.5923,-17.7,2.6057,22.658,8.0759,-3.9519,-7.6425,-19.109
-0.39587,-23.045,-1.7637,9.0463,3.4597,-17.212,3.3024,23.554,8.7881,-3.6119,-7.3488,-19.012
-0.38217,-22.427,-1.7474,8.7335,3.3257,-16.469,4.0083,24.624,9.5343,-3.3099,-7.1305,-19
-0.33411,-21.627,-1.6908,8.3521,3.1918,-15.516,4.7022,25.837,10.353,-3.046,-6.9807,-19.063
-0.22861,-20.748,-1.5772,7.9209,3.0814,-14.541,5.3869,27.153,11.283,-2.8072,-6.8782,-19.177
-0.04857,-19.91,-1.4253,7.4659,3.0235,-13.712,6.0861,28.546,12.349,-2.5727,-6.7962,-19.31
0.20658,-19.17,-1.2629,7.0044,3.0302,-13.075,6.8322,30.02,13.557,-2.323,-6.7126,-19.441
0.51726,-18.511,-1.1014,6.5419,3.085,-12.573,7.649,31.62,14.887,-2.0476,-6.6156,-19.553
0.85113,-17.874,-0.92694,6.076,3.1507,-12.114,8.5357,33.412,16.304,-1.7475,-6.5033,-19.644
1.1768,-17.202,-0.71288,5.6019,3.1895,-11.62,9.457,35.478,17.769,-1.4297,-6.3776,-19.715
1.4752,-16.469,-0.43768,5.1191,3.181,-11.061,10.348,37.885,19.282,-1.0971,-6.2382,-19.759
1.7429,-15.692,-0.099247,4.6356,3.1288,-10.453,11.136,40.673,20.906,-0.73805,-6.0792,-19.761
1.9887,-14.917,0.28087,4.1695,3.0549,-9.8442,11.782,43.819,22.783,-0.32377,-5.8871,-19.694
2.2285,-14.194,0.67022,3.7412,2.9858,-9.2776,12.296,47.238,25.102,0.19092,-5.6434,-19.524
2.4828,-13.555,1.0452,3.3617,2.9405,-8.7746,12.74,50.814,28.028,0.86757,-5.3288,-19.22
2.7763,-13.006,1.3964,3.0271,2.9286,-8.3349,13.203,54.469,31.587,1.7902,-4.9281,-18.754
3.135,-12.538,1.7193,2.7249,2.9547,-7.952,13.772,58.191,35.574,3.0724,-4.434,-18.099
3.58,-12.137,2.0034,2.443,3.021,-7.6219,14.508,62.022,39.619,4.835,-3.8478,-17.241
4.1189,-11.783,2.222,2.1735,3.1282,-7.3442,15.413,65.999,43.427,7.1112,-3.1756,-16.185
4.7423,-11.446,2.3231,1.9129,3.2764,-7.1223,16.412,70.12,46.92,9.7337,-2.4239,-14.958
5.433,-11.104,2.234,1.6604,3.4693,-6.9777,17.389,74.336,50.165,12.404,-1.5997,-13.609
6.1847,-10.765,1.8849,1.4167,3.7194,-6.963,18.251,78.58,53.262,14.915,-0.7174,-12.2
7.0174,-10.465,1.2382,1.1799,4.0475,-7.146,18.97,82.804,56.296,17.236,0.2038,-10.797
7.9795,-10.245,0.31349,0.94008,4.4705,-7.5596,19.571,87.01,59.351,19.436,1.1613,-9.4496
9.139,-10.106,-0.79576,0.67433,4.9844,-8.1585,20.108,91.242,62.514,21.595,2.1943,-8.1759
10.571,-9.9936,-1.9232,0.34856,5.557,-8.8126,20.639,95.556,65.852,23.745,3.3902,-6.9743
12.33,-9.8153,-2.858,-0.07779,6.1382,-9.3433,21.207,99.993,69.398,25.872,4.8727,-5.8461
14.405,-9.4794,-3.4017,-0.64815,6.6806,-9.5832,21.813,104.57,73.138,27.961,6.7781,-4.8087
16.678,-8.926,-3.4319,-1.4096,7.1624,-9.4271,22.42,109.28,77.024,30.048,9.1968,-3.8917
18.976,-8.1433,-2.9424,-2.4141,7.5989,-8.8591,22.963,114.09,80.993,32.204,12.059,-3.1211
21.179,-7.1746,-2.0534,-3.7122,8.0316,-7.9613,23.395,118.95,85,34.468,15.081,-2.5048
23.252,-6.107,-0.99111,-5.3324,8.4964,-6.8997,23.699,123.83,89.03,36.827,17.92,-2.0287
25.196,-5.0437,-0.036216,-7.2516,9.0003,-5.8745,23.898,128.68,93.091,39.244,20.408,-1.6607
27.017,-4.0716,0.54982,-9.3874,9.5351,-5.0554,24.033,133.45,97.2,41.681,22.581,-1.3583
28.743,-3.2419,0.60031,-11.639,10.114,-4.5393,24.15,138.13,101.37,44.104,24.556,-1.075
30.432,-2.5604,0.097063,-13.944,10.777,-4.3365,24.276,142.71,105.62,46.492,26.439,-0.768
32.151,-1.9844,-0.81971,-16.302,11.56,-4.3682,24.411,147.21,109.95,48.837,28.281,-0.40805
33.954,-1.4306,-1.8928,-18.728,12.455,-4.485,24.529,151.69,114.31,51.142,30.095,0.015889
35.87,-0.80224,-2.8316,-21.216,13.434,-4.5195,24.593,156.27,118.7,53.432,31.893,0.50152
37.899,-0.027389,-3.4075,-23.723,14.494,-4.3477,24.579,161.07,123.12,55.765,33.72,1.0457
40.019,0.91435,-3.5184,-26.191,15.685,-3.922,24.487,166.24,127.59,58.228,35.643,1.6536
42.181,1.995,-3.1918,-28.569,17.084,-3.2648,24.339,171.85,132.11,60.89,37.706,2.334
44.326,3.1709,-2.5399,-30.834,18.717,-2.4488,24.171,177.89,136.61,63.761,39.883,3.0876
46.414,4.4174,-1.7155,-32.998,20.528,-1.5791,24.021,184.22,141.02,66.793,42.093,3.9039
48.45,5.7412,-0.88942,-35.09,22.428,-0.76518,23.91,190.68,145.36,69.926,44.258,4.7788
50.488,7.1748,-0.22759,-37.147,24.369,-0.087992,23.834,197.15,149.75,73.129,46.344,5.7383
52.611,8.7672,0.14104,-39.186,26.34,0.41666,23.761,203.61,154.37,76.409,48.359,6.8525
54.899,10.577,0.15176,-41.212,28.331,0.75103,23.651,210.14,159.35,79.783,50.337,8.2264
57.405,12.667,-0.19181,-43.228,30.32,0.93812,23.467,216.87,164.69,83.264,52.32,9.9677
60.152,15.086,-0.83601,-45.251,32.303,1.0085,23.193,223.94,170.32,86.852,54.352,12.123
63.147,17.844,-1.7018,-47.335,34.307,0.99501,22.839,231.41,176.15,90.55,56.485,14.605
66.387,20.875,-2.7032,-49.575,36.38,0.93173,22.44,239.22,182.13,94.369,58.787,17.192
69.836,24.033,-3.7618,-52.076,38.575,0.85383,22.042,247.23,188.19,98.314,61.338,19.671
73.413,27.146,-4.8187,-54.901,40.931,0.79675,21.678,255.28,194.21,102.35,64.22,21.956
77.029,30.091,-5.8436,-58.003,43.457,0.7939,21.353,263.29,200.12,106.42,67.488,24.072
80.641,32.826,-6.8363,-61.227,46.122,0.87289,21.048,271.33,205.92,110.43,71.116,26.092
84.254,35.366,-7.8194,-64.41,48.844,1.0503,20.74,279.5,211.8,114.36,74.989,28.08
87.851,37.744,-8.8264,-67.46,51.522,1.3266,20.418,287.91,217.98,118.26,78.959,30.073
91.364,39.993,-9.8929,-70.355,54.081,1.6847,20.085,296.61,224.61,122.23,82.915,32.072
94.739,42.155,-11.053,-73.118,56.514,2.0975,19.739,305.53,231.7,126.38,86.821,34.055
98.003,44.284,-12.327,-75.808,58.862,2.5385,19.36,314.53,239.14,130.74,90.683,35.996
101.23,46.441,-13.704,-78.503,61.179,2.987,18.912,323.42,246.76,135.32,94.516,37.894
104.49,48.658,-15.147,-81.26,63.5,3.424,18.36,332.07,254.35,140.08,98.338,39.778
107.8,50.916,-16.621,-84.078,65.845,3.8254,17.694,340.45,261.76,144.97,102.2,41.711
111.12,53.151,-18.116,-86.896,68.216,4.1628,16.94,348.56,268.89,149.92,106.17,43.77
114.4,55.293,-19.615,-89.625,70.583,4.4153,16.144,356.48,275.68,154.83,110.32,46.02
117.56,57.304,-21.053,-92.197,72.882,4.5873,15.347,364.25,282.17,159.59,114.59,48.487
120.56,59.198,-22.327,-94.598,75.04,4.7142,14.566,371.9,288.44,164.13,118.82,51.158
123.43,61.022,-23.356,-96.868,77.019,4.8476,13.791,379.41,294.61,168.47,122.82,53.982
126.24,62.829,-24.132,-99.079,78.838,5.0316,12.996,386.72,300.78,172.71,126.48,56.854
129.07,64.661,-24.727,-101.3,80.56,5.2865,12.148,393.69,307.01,176.95,129.87,59.639
131.96,66.531,-25.259,-103.59,82.244,5.6108,11.21,400.19,313.27,181.27,133.1,62.243
134.9,68.423,-25.835,-105.94,83.919,6.0002,10.152,406.06,319.43,185.67,136.29,64.656
137.82,70.311,-26.513,-108.34,85.563,6.4705,8.9665,411.27,325.25,190.05,139.55,66.926
140.61,72.181,-27.286,-110.72,87.116,7.0675,7.6822,415.84,330.52,194.25,142.91,69.12
143.16,74.037,-28.089,-113.01,88.511,7.8495,6.3583,419.86,335.09,198.12,146.32,71.303
145.43,75.886,-28.815,-115.16,89.703,8.8385,5.0624,423.41,338.94,201.49,149.65,73.534
147.46,77.731,-29.348,-117.13,90.676,9.9782,3.8521,426.56,342.16,204.3,152.68,75.844
149.33,79.589,-29.594,-118.93,91.44,11.163,2.7675,429.34,344.85,206.54,155.24,78.189
151.08,81.504,-29.518,-120.6,92.016,12.317,1.8262,431.71,347.07,208.22,157.2,80.392
152.69,83.565,-29.129,-122.23,92.42,13.437,1.0246,433.57,348.87,209.4,158.53,82.204
154.06,85.902,-28.444,-123.98,92.657,14.578,0.34437,434.81,350.24,210.13,159.28,83.476
155.1,88.594,-27.467,-125.93,92.727,15.805,-0.23884,435.35,351.19,210.49,159.56,84.245
155.79,91.482,-26.238,-127.92,92.643,17.15,-0.74682,435.11,351.71,210.56,159.53,84.662
156.19,94.128,-24.881,-129.62,92.433,18.551,-1.1917,434.08,351.78,210.46,159.37,84.891
156.33,96.057,-23.593,-130.76,92.135,19.849,-1.5736,432.24,351.42,210.24,159.22,85.052
156.21,96.994,-22.584,-131.23,91.788,20.831,-1.8838,429.56,350.64,209.98,159.15,85.211
155.78,96.882,-22.016,-131.01,91.429,21.288,-2.1149,425.99,349.46,209.69,159.14,85.39
155,95.81,-21.978,-130.07,91.085,21.076,-2.2697,421.58,347.94,209.33,159.15,85.585
153.87,93.949,-22.454,-128.42,90.77,20.179,-2.3671,416.5,346.05,208.87,159.17,85.791
152.41,91.527,-23.314,-126.09,90.481,18.731,-2.4405,410.93,343.75,208.24,159.17,86.001
150.72,88.807,-24.325,-123.23,90.199,16.99,-2.5315,404.83,340.88,207.36,159.14,86.199
148.91,86.063,-25.201,-120.15,89.888,15.272,-2.6825,397.87,337.29,206.09,159.04,86.373
147.03,83.505,-25.683,-117.22,89.482,13.842,-2.9278,389.63,332.88,204.29,158.79,86.529
144.94,81.187,-25.598,-114.66,88.884,12.8,-3.2893,379.84,327.58,201.84,158.3,86.693
142.47,79.018,-24.903,-112.44,87.96,12.07,-3.7771,368.49,321.38,198.72,157.42,86.895
139.49,76.881,-23.667,-110.39,86.533,11.501,-4.3972,355.84,314.3,194.95,156.11,87.123
135.88,74.722,-22.026,-108.21,84.393,11.006,-5.1579,342.28,306.27,190.51,154.36,87.265
131.61,72.524,-20.142,-105.64,81.359,10.624,-6.0705,328.17,297.2,185.33,152.11,87.063
126.76,70.223,-18.164,-102.54,77.415,10.429,-7.1353,313.77,286.99,179.3,149.2,86.168
121.48,67.761,-16.187,-99.014,72.842,10.403,-8.3205,299.21,275.75,172.43,145.45,84.432
116.03,65.251,-14.23,-95.216,68.144,10.422,-9.5554,284.56,263.77,164.93,140.82,82.067
110.71,62.823,-12.266,-91.198,63.722,10.371,-10.757,269.81,251.4,157.12,135.53,79.399
105.7,60.365,-10.266,-86.933,59.66,10.266,-11.873,254.92,238.92,149.27,129.9,76.616
100.95,57.647,-8.183,-82.479,55.819,10.246,-12.892,239.87,226.47,141.58,124.21,73.768
96.169,54.755,-5.99,-78.038,51.984,10.466,-13.826,224.7,214.08,134.15,118.63,70.849
91.116,52.086,-3.7388,-73.85,47.957,10.945,-14.678,209.53,201.7,127.02,113.22,67.859
85.743,49.79,-1.5528,-70.042,43.635,11.535,-15.439,194.51,189.28,120.1,107.98,64.822
80.142,47.61,0.39637,-66.566,39.098,12.002,-16.089,179.81,176.77,113.23,102.87,61.768
74.472,45.118,1.9125,-63.225,34.622,12.105,-16.61,165.59,164.23,106.23,97.883,58.723
68.911,41.946,2.8301,-59.774,30.546,11.655,-16.992,151.99,151.83,99.077,92.986,55.719
63.588,37.939,3.087,-56.063,27.062,10.567,-17.241,139.07,139.81,91.942,88.171,52.79
58.526,33.226,2.7757,-52.118,24.093,8.9151,-17.377,126.77,128.36,85.126,83.416,49.985
53.702,28.158,2.1479,-48.067,21.323,6.9254,-17.43,114.94,117.59,78.886,78.672,47.4
49.134,23.164,1.5546,-44.035,18.346,4.9182,-17.436,103.4,107.47,73.296,73.874,45.176
44.888,18.609,1.3347,-40.108,14.999,3.2113,-17.423,92.03,97.899,68.24,68.978,43.386
41.019,14.703,1.689,-36.332,11.758,2.0251,-17.407,80.84,88.755,63.507,63.994,41.903
37.499,11.439,2.6113,-32.703,9.2759,1.4197,-17.382,69.928,79.947,58.904,58.996,40.459
34.202,8.6495,3.9329,-29.174,7.5895,1.2863,-17.326,59.497,71.439,54.305,54.106,38.797
30.939,6.1751,5.434,-25.668,6.3501,1.4188,-17.213,49.791,63.248,49.667,49.441,36.759
27.535,4.0774,6.9389,-22.114,5.2692,1.6381,-17.032,40.973,55.445,45.014,45.044,34.301
23.917,2.5616,8.385,-18.442,4.1963,1.8618,-16.801,33.027,48.11,40.4,40.867,31.483
20.175,1.6027,9.825,-14.514,3.063,2.0613,-16.557,25.809,41.273,35.896,36.809,28.427
16.514,0.95136,11.315,-10.516,1.8428,2.2111,-16.33,19.228,34.902,31.625,32.794,25.254
13.1,0.40409,12.796,-7.2783,0.54254,2.29,-16.114,13.45,28.93,27.765,28.859,22.036
10,-0.11963,14.111,-5.1209,-0.79669,2.2905,-15.866,8.7482,23.305,24.47,25.165,18.819
7.2814,-0.62636,15.139,-3.7076,-2.114,2.2241,-15.533,5.094,18.133,21.774,21.876,15.647
5.0428,-1.0994,15.861,-2.6987,-3.3542,2.1174,-15.082,2.2117,13.831,19.555,19.004,12.583
3.3144,-1.5317,16.318,-1.8989,-4.4811,1.9913,-14.513,-0.1365,10.653,17.514,16.359,9.7361
2.0467,-1.9391,16.556,-1.2096,-5.4691,1.8429,-13.851,-2.0947,8.2688,15.214,13.602,7.2579
1.1506,-2.3545,16.604,-0.58785,-6.2964,1.6493,-13.135,-3.7506,6.2717,12.368,10.526,5.2658
0.50797,-2.8112,16.494,-0.015336,-6.9525,1.3875,-12.399,-5.1606,4.4918,9.2742,7.4705,3.7729
-0.00652,-3.3297,16.26,0.5223,-7.4446,1.0452,-11.67,-6.3599,2.9022,6.5672,5.0503,2.7035
-0.47929,-3.913,15.923,1.0383,-7.7894,0.62273,-10.95,-7.3682,1.5146,4.5457,3.4486,1.9575
-0.93893,-4.5479,15.485,1.5381,-7.9994,0.12993,-10.223,-8.194,0.33877,3.1345,2.4638,1.4571
-1.3736,-5.2095,14.93,2.0167,-8.0776,-0.41168,-9.4663,-8.8435,-0.63036,2.1644,1.8547,1.1539
-1.7556,-5.8659,14.236,2.4619,-8.0242,-0.96739,-8.6702,-9.3316,-1.4184,1.4934,1.4546,1.0117
-2.0585,-6.483,13.404,2.8593,-7.849,-1.494,-7.8594,-9.6886,-2.0704,1.0096,1.1553,0.98556
-2.2705,-7.032,12.468,3.1984,-7.5801,-1.9531,-7.0846,-9.9558,-2.6381,0.62322,0.8851,1.0139
-2.4036,-7.4991,11.505,3.4805,-7.2652,-2.3261,-6.3968,-10.173,-3.1606,0.27163,0.60516,1.0323
-2.4967,-7.8952,10.596,3.725,-6.962,-2.6228,-5.8213,-10.366,-3.6491,-0.071325,0.31161,0.99921
-2.6072,-8.2603,9.7863,3.9686,-6.7218,-2.8799,-5.3498,-10.544,-4.0871,-0.39594,0.026561,0.91338
-2.7933,-8.6512,9.0629,4.2538,-6.5739,-3.1482,-4.9496,-10.703,-4.4442,-0.67232,-0.22288,0.80431
-3.0928,-9.1147,8.3892,4.6088,-6.5253,-3.473,-4.5834,-10.838,-4.6983,-0.87428,-0.42482,0.70707
-3.5124,-9.6542,7.7611,5.0321,-6.5748,-3.873,-4.2294,-10.959,-4.8539,-0.99944,-0.59187,0.64006
-4.0275,-10.22,7.2271,5.4926,-6.7205,-4.3264,-3.8892,-11.091,-4.9461,-1.0752,-0.75614,0.59713
-4.5945,-10.735,6.8497,5.9477,-6.9495,-4.777,-3.5806,-11.258,-5.0237,-1.1472,-0.95257,0.55432
-5.1668,-11.146,6.6554,6.3681,-7.2283,-5.1593,-3.3221,-11.465,-5.1229,-1.256,-1.2011,0.48429
-5.7134,-11.45,6.6196,6.75,-7.5125,-5.424,-3.1229,-11.69,-5.2478,-1.4181,-1.4997,0.36959
-6.2292,-11.686,6.6966,7.1108,-7.7728,-5.546,-2.9832,-11.888,-5.3775,-1.6234,-1.8295,0.20695
-6.7317,-11.897,6.8631,7.4707,-8.0115,-5.5158,-2.898,-12.015,-5.4819,-1.8467,-2.1642,0.0024178
-7.2446,-12.096,7.1403,7.8359,-8.2589,-5.3333,-2.8602,-12.05,-5.5386,-2.062,-2.4785,-0.23509
-7.7793,-12.269,7.5675,8.1938,-8.5505,-5.0131,-2.8575,-11.998,-5.5397,-2.2491,-2.7512,-0.4943
-8.3233,-12.391,8.1445,8.5216,-8.9001,-4.5951,-2.8731,-11.879,-5.4901,-2.3949,-2.9686,-0.75872
-8.8389,-12.447,8.7929,8.7951,-9.2822,-4.1531,-2.8903,-11.72,-5.405,-2.4972,-3.1266,-1.0108
-9.2707,-12.439,9.3751,8.9929,-9.637,-3.7813,-2.9003,-11.539,-5.3072,-2.5648,-3.2341,-1.2443
-9.56,-12.374,9.7486,9.0973,-9.8926,-3.5661,-2.904,-11.337,-5.2199,-2.6142,-3.311,-1.4708
-9.666,-12.269,9.8134,9.1009,-9.9927,-3.5581,-2.9057,-11.098,-5.1559,-2.6612,-3.381,-1.7117
-9.585,-12.145,9.5469,9.0126,-9.9186,-3.7558,-2.9057,-10.79,-5.1071,-2.7137,-3.4653,-1.9869
-9.3567,-12.019,9.0177,8.856,-9.699,-4.102,-2.8998,-10.383,-5.0496,-2.7717,-3.5807,-2.3109
-9.05,-11.888,8.3698,8.6585,-9.4001,-4.498,-2.8834,-9.8647,-4.9593,-2.8318,-3.7394,-2.6919
-8.7326,-11.731,7.7651,8.4397,-9.0966,-4.8328,-2.8542,-9.2437,-4.8187,-2.89,-3.9484,-3.128
-8.4411,-11.519,7.3121,8.2057,-8.8371,-5.0184,-2.8085,-8.543,-4.6175,-2.9408,-4.2051,-3.6038
-8.1687,-11.239,7.026,7.9521,-8.6247,-5.0143,-2.7367,-7.7836,-4.3437,-2.9763,-4.4939,-4.0896
-7.8744,-10.9,6.8406,7.6713,-8.4205,-4.8346,-2.622,-6.9744,-3.9812,-2.9866,-4.7875,-4.5457
-7.5084,-10.53,6.6546,7.3594,-8.1647,-4.5375,-2.4448,-6.1099,-3.5115,-2.9653,-5.0513,-4.9314
-7.0385,-10.164,6.3869,7.0187,-7.8006,-4.2034,-2.1907,-5.1788,-2.9207,-2.9129,-5.2541,-5.2174
-6.468,-9.8293,6.0181,6.6585,-7.299,-3.9099,-1.8575,-4.1757,-2.2089,-2.8388,-5.3776,-5.3976
-5.8393,-9.5435,5.581,6.296,-6.6783,-3.7124,-1.4574,-3.1088,-1.396,-2.7591,-5.4204,-5.4903
-5.2229,-9.3163,5.1168,5.9569,-6.0072,-3.6366,-1.0138,-1.9993,-0.52023,-2.6896,-5.3912,-5.5293
-4.6919,-9.1535,4.6444,5.669,-5.3788,-3.6824,-0.55158,-0.87436,0.38028,-2.6376,-5.2979,-5.547
-4.2932,-9.0542,4.1626,5.4515,-4.8684,-3.8337,-0.087927,0.24029,1.2806,-2.594,-5.1429,-5.5591
-4.0287,-9.0051,3.6637,5.3032,-4.5042,-4.067,0.37395,1.3268,2.1726,-2.5368,-4.9219,-5.5569
-3.8542,-8.9772,3.1418,5.1985,-4.2619,-4.3531,0.84149,2.3738,3.0569,-2.4418,-4.6306,-5.513
-3.6976,-8.9319,2.5931,5.0956,-4.0802,-4.6579,1.3283,3.3773,3.9338,-2.2956,-4.2682,-5.3968
-3.4906,-8.8384,2.016,4.9568,-3.8833,-4.9434,1.8508,4.3476,4.8033,-2.0989,-3.8409,-5.1935
-3.1971,-8.6914,1.4175,4.7713,-3.6057,-5.1762,2.4264,5.3111,5.6684,-1.8647,-3.3659,-4.915
-2.8294,-8.514,0.8284,4.5623,-3.2185,-5.3313,3.0675,6.3049,6.5329,-1.613,-2.874,-4.5983
-2.4421,-8.3421,0.32015,4.3731,-2.7454,-5.3914,3.7706,7.3627,7.3924,-1.3651,-2.407,-4.2936
-2.106,-8.2036,-0.0067897,4.2438,-2.2553,-5.3464,4.508,8.4986,8.2256,-1.139,-2.0083,-4.0435
-1.8758,-8.1082,-0.074377,4.1939,-1.8273,-5.1979,5.2323,9.7034,8.9997,-0.94477,-1.7105,-3.8678
-1.7658,-8.0506,0.12034,4.2155,-1.5064,-4.9675,5.8981,10.951,9.6867,-0.78096,-1.5259,-3.7598
-1.7447,-8.0171,0.49209,4.2768,-1.2821,-4.7024,6.4855,12.205,10.273,-0.63519,-1.4414,-3.6922
-1.7513,-7.9919,0.89289,4.3335,-1.1049,-4.4717,7.0084,13.427,10.765,-0.48811,-1.4225,-3.6298
-1.7223,-7.9654,1.1531,4.3468,-0.91449,-4.3516,7.5012,14.581,11.177,-0.31971,-1.4242,-3.5419
-1.6178,-7.9487,1.124,4.3044,-0.66197,-4.4106,7.9997,15.651,11.532,-0.11861,-1.4056,-3.4137
-1.4332,-7.9773,0.71864,4.2275,-0.32082,-4.6922,8.5247,16.646,11.855,0.11612,-1.3439,-3.2489
-1.1921,-8.0906,-0.057863,4.1559,0.10646,-5.1962,9.0698,17.599,12.162,0.37667,-1.2394,-3.067
-0.93215,-8.3008,-1.102,4.1213,0.58771,-5.8653,9.6017,18.548,12.453,0.65277,-1.1113,-2.894
-0.68889,-8.5743,-2.2384,4.1283,1.0697,-6.591,10.062,19.506,12.715,0.93135,-0.98606,-2.7544
-0.48526,-8.8352,-3.2709,4.1492,1.4944,-7.2377,10.381,20.439,12.917,1.1912,-0.88827,-2.6621
-0.3244,-8.989,-4.0391,4.1347,1.8177,-7.6795,10.495,21.267,13.034,1.4011,-0.8341,-2.6163
-0.19018,-8.9594,-4.4627,4.0368,2.0246,-7.8406,10.376,21.897,13.055,1.5345,-0.82298,-2.6002
-0.058153,-8.7273,-4.556,3.8354,2.1356,-7.7254,10.047,22.274,13.003,1.593,-0.83368,-2.5838
0.089199,-8.3425,-4.4082,3.5516,2.1958,-7.4156,9.5883,22.418,12.931,1.6146,-0.827,-2.5325
0.25416,-7.8921,-4.1371,3.2346,2.2499,-7.0267,9.1034,22.402,12.887,1.6496,-0.76385,-2.421
0.42603,-7.4458,-3.8378,2.9304,2.3148,-6.6464,8.6586,22.296,12.889,1.7258,-0.62815,-2.2462
0.58854,-7.0144,-3.5437,2.6548,2.3686,-6.2877,8.2441,22.123,12.908,1.8277,-0.43845,-2.0283
0.72764,-6.5512,-3.2211,2.3896,2.3658,-5.884,7.7859,21.856,12.882,1.9044,-0.24281,-1.8009
0.83761,-5.9881,-2.7991,2.0993,2.2631,-5.3383,7.1985,21.448,12.746,1.8971,-0.097588,-1.5925
0.92476,-5.2859,-2.2217,1.7539,2.0418,-4.599,6.4363,20.87,12.476,1.7727,-0.038839,-1.4126
1.0067,-4.4598,-1.4864,1.3447,1.72,-3.6987,5.5195,20.138,12.101,1.5415,-0.062541,-1.247
1.1055,-3.5688,-0.64888,0.88729,1.3515,-2.7315,4.5216,19.299,11.688,1.2502,-0.12763,-1.0637
1.2372,-2.691,0.19338,0.41644,1.0067,-1.8057,3.5375,18.413,11.311,0.95785,-0.17871,-0.82855
1.4053,-1.9031,0.93191,-0.019656,0.7484,-1.0127,2.6514,17.53,11.016,0.71281,-0.17066,-0.51928
1.6013,-1.2681,1.4858,-0.36924,0.61121,-0.40459,1.9201,16.679,10.814,0.54051,-0.08237,-0.1334
1.8135,-0.80859,1.8479,-0.60232,0.596,0.034846,1.3653,15.868,10.68,0.44136,0.081645,0.31305
2.0351,-0.47879,2.1026,-0.738,0.67618,0.39915,0.97859,15.097,10.57,0.39537,0.29799,0.79094
2.2669,-0.17924,2.3795,-0.83708,0.81426,0.81169,0.73309,14.363,10.433,0.37355,0.53589,1.2656
2.5121,0.17417,2.7596,-0.95871,0.98204,1.3416,0.58969,13.668,10.238,0.3536,0.76822,1.7046
2.7701,0.58598,3.1983,-1.1222,1.1747,1.948,0.50662,13.02,9.9823,0.33214,0.97828,2.0857
3.0329,0.97028,3.5205,-1.2985,1.4115,2.4838,0.45276,12.432,9.6918,0.32621,1.1636,2.4038
3.2822,1.1909,3.4913,-1.4262,1.7227,2.7433,0.41829,11.913,9.4093,0.36358,1.3389,2.6702
3.489,1.1154,2.92,-1.439,2.1269,2.524,0.41498,11.462,9.1686,0.46693,1.5307,2.9021
3.6202,0.66606,1.7342,-1.2934,2.6154,1.7017,0.46589,11.047,8.9719,0.63884,1.7584,3.1055
3.6517,-0.14461,0.0027351,-0.98717,3.1499,0.29929,0.5873,10.609,8.7809,0.85546,2.0141,3.2664
3.5808,-1.2097,-2.0713,-0.56204,3.6741,-1.5027,0.77286,10.081,8.5322,1.0742,2.2586,3.3574
3.425,-2.3578,-4.1841,-0.090119,4.1287,-3.4143,0.98973,9.4234,8.1684,1.2522,2.4383,3.3547
3.213,-3.4001,-6.0003,0.34953,4.4661,-5.1106,1.1907,8.6447,7.6675,1.3649,2.5112,3.2531
2.974,-4.179,-7.2473,0.69382,4.6616,-6.3148,1.3327,7.7949,7.0522,1.4116,2.4652,3.0688
2.7326,-4.6022,-7.7864,0.90869,4.7149,-6.8619,1.3876,6.938,6.3738,1.4078,2.3167,2.8306
2.506,-4.6495,-7.6127,0.98908,4.6337,-6.7235,1.3452,6.1211,5.6843,1.3687,2.0979,2.565
2.3012,-4.3656,-6.81,0.95138,4.4185,-6.0038,1.2113,5.3574,5.0128,1.2987,1.8408,2.288
2.1151,-3.8398,-5.5232,0.82577,4.0695,-4.895,1.005,4.6307,4.3617,1.1914,1.5694,2.0014
1.9412,-3.1782,-3.9486,0.64866,3.6087,-3.6145,0.75487,3.9122,3.7172,1.0389,1.2933,1.6981
1.78,-2.4781,-2.3134,0.45238,3.0894,-2.3495,0.49168,3.1813,3.0634,0.83855,1.0049,1.3696
1.6433,-1.8122,-0.84262,0.25762,2.5867,-1.2337,0.23817,2.4383,2.392,0.59415,0.68548,1.0159
1.5496,-1.2301,0.2696,0.075711,2.1783,-0.35379,0.0018671,1.7038,1.705,0.31403,0.32373,0.65102
1.5158,-0.7681,0.89191,-0.083343,1.9228,0.23408,-0.22197,1.0091,1.015,0.010557,-0.067464,0.29974
1.5506,-0.45087,0.98974,-0.20965,1.8447,0.50818,-0.43826,0.38252,0.34205,-0.30005,-0.45351,-0.012534
1.6525,-0.28125,0.63811,-0.29939,1.9284,0.49916,-0.64158,-0.16056,-0.28955,-0.60046,-0.79648,-0.26826
1.8068,-0.23027,0.0006666,-0.36084,2.1252,0.29324,-0.81781,-0.62141,-0.85804,-0.87648,-1.0704,-0.463
1.9844,-0.24173,-0.72042,-0.40857,2.3675,0.0098957,-0.95278,-1.0156,-1.3516,-1.1199,-1.2653,-0.60513
2.146,-0.2584,-1.3444,-0.45154,2.5877,-0.23871,-1.0372,-1.3651,-1.7727,-1.3283,-1.3845,-0.71229
2.254,-0.25014,-1.7591,-0.48726,2.7371,-0.38719,-1.0684,-1.6878,-2.1359,-1.5016,-1.4398,-0.80542
2.2838,-0.2245,-1.9403,-0.50466,2.7974,-0.43247,-1.0502,-1.9888,-2.4589,-1.6396,-1.4448,-0.90151
2.2282,-0.21703,-1.9441,-0.48906,2.7811,-0.42386,-0.98995,-2.2586,-2.7524,-1.7413,-1.4079,-1.0083
2.0952,-0.2712,-1.8784,-0.42552,2.7205,-0.43602,-0.89629,-2.4803,-3.0157,-1.8075,-1.3315,-1.1246
1.9023,-0.41603,-1.857,-0.30528,2.652,-0.53601,-0.77996,-2.6434,-3.241,-1.8442,-1.2167,-1.2462
1.6741,-0.64807,-1.951,-0.13376,2.5994,-0.74969,-0.65919,-2.7559,-3.4246,-1.8654,-1.073,-1.3744
1.44,-0.91957,-2.1537,0.062776,2.564,-1.0374,-0.56227,-2.8467,-3.5738,-1.8908,-0.92215,-1.5197
1.2274,-1.1425,-2.3764,0.24027,2.5225,-1.2918,-0.52022,-2.9546,-3.7048,-1.9386,-0.7938,-1.699
1.0533,-1.219,-2.4794,0.35193,2.4336,-1.3738,-0.55309,-3.1116,-3.8332,-2.0171,-0.7133,-1.9265
0.91923,-1.0777,-2.3283,0.36689,2.2513,-1.1672,-0.66216,-3.3304,-3.9667,-2.1224,-0.6907,-2.2058
0.81279,-0.7006,-1.8491,0.28168,1.9427,-0.62656,-0.83273,-3.6022,-4.1044,-2.2427,-0.71848,-2.5274
0.71575,-0.13167,-1.0591,0.12064,1.5065,0.20396,-1.0434,-3.9037,-4.2414,-2.367,-0.77807,-2.8708
0.6123,0.53288,-0.062942,-0.071921,0.984,1.1974,-1.2739,-4.208,-4.374,-2.4904,-0.85027,-3.2094
0.49432,1.1695,0.97742,-0.24431,0.45236,2.1783,-1.5077,-4.4937,-4.5016,-2.6141,-0.92109,-3.5173
0.36135,1.6612,1.8919,-0.35074,-0.0027353,2.9771,-1.7345,-4.7501,-4.6246,-2.7419,-0.98587,-3.7761
0.21531,1.9286,2.558,-0.36129,-0.3221,3.4862,-1.9507,-4.9757,-4.7401,-2.8747,-1.0506,-3.9782
0.055094,1.9505,2.9411,-0.26697,-0.49429,3.6916,-2.1583,-5.1725,-4.8386,-3.0081,-1.1266,-4.1263
-0.12225,1.7683,3.0989,-0.081667,-0.55106,3.6652,-2.3612,-5.3422,-4.9061,-3.1326,-1.2212,-4.2303
-0.31406,1.4673,3.1376,0.16201,-0.54097,3.5215,-2.5584,-5.4851,-4.9299,-3.2364,-1.3307,-4.302
-0.50606,1.1393,3.1369,0.42357,-0.49945,3.3556,-2.7407,-5.6047,-4.9052,-3.3097,-1.44,-4.3521
-0.67365,0.84289,3.0907,0.66893,-0.43369,3.195,-2.8923,-5.7117,-4.8413,-3.3488,-1.5283,-4.3897
-0.7889,0.58201,2.9064,0.88009,-0.32522,2.9848,-2.9965,-5.8248,-4.7621,-3.358,-1.5788,-4.4223
-0.82893,0.30916,2.4613,1.0557,-0.14107,2.6063,-3.0413,-5.9656,-4.7001,-3.3483,-1.5865,-4.4537
-0.78224,-0.04309,1.6614,1.2055,0.15199,1.9385,-3.0247,-6.1482,-4.6861,-3.3329,-1.5617,-4.4847
-0.65224,-0.51565,0.47494,1.3431,0.57132,0.94309,-2.9566,-6.3729,-4.7377,-3.3236,-1.5268,-4.5181
-0.45858,-1.0989,-1.0331,1.4816,1.103,-0.30504,-2.8586,-6.6261,-4.8543,-3.3282,-1.5101,-4.5633
-0.23503,-1.74,-2.6829,1.6257,1.6953,-1.6529,-2.7609,-6.8875,-5.0189,-3.3509,-1.5365,-4.6362
-0.02187,-2.3531,-4.2114,1.7637,2.2656,-2.9028,-2.6977,-7.1406,-5.2084,-3.3945,-1.6205,-4.7555
0.14748,-2.8288,-5.3453,1.8659,2.7226,-3.8391,-2.701,-7.382,-5.4057,-3.4638,-1.7643,-4.9379
0.26029,-3.0569,-5.8811,1.8921,2.9972,-4.2786,-2.7921,-7.6228,-5.6052,-3.5657,-1.961,-5.192
0.33092,-2.9612,-5.7397,1.8042,3.0656,-4.1268,-2.9727,-7.8806,-5.8112,-3.7062,-2.1999,-5.5109
0.394,-2.5273,-4.9819,1.5806,2.9553,-3.4113,-3.2222,-8.1662,-6.0291,-3.8852,-2.4694,-5.8687
0.48543,-1.8147,-3.7881,1.2299,2.7304,-2.2788,-3.5039,-8.4775,-6.2601,-4.0937,-2.76,-6.2239
0.6215,-0.94866,-2.4087,0.79631,2.4674,-0.95722,-3.7731,-8.797,-6.4956,-4.3154,-3.0616,-6.5296
0.78983,-0.090443,-1.0985,0.35257,2.2331,0.30886,-3.9879,-9.0981,-6.7181,-4.5318,-3.364,-6.7432
0.95739,0.60873,-0.056845,-0.022509,2.0717,1.3263,-4.1256,-9.3543,-6.9062,-4.7278,-3.6543,-6.8335
1.0887,1.057,0.6111,-0.27296,1.9983,1.9972,-4.197,-9.5473,-7.0418,-4.8954,-3.9135,-6.786
1.1614,1.2482,0.91137,-0.38545,1.9973,2.3263,-4.2447,-9.6731,-7.1177,-5.0345,-4.1191,-6.6063
1.1713,1.2447,0.94539,-0.38674,2.0278,2.3952,-4.319,-9.7451,-7.143,-5.1505,-4.2536,-6.3174
1.1267,1.129,0.84587,-0.32217,2.0404,2.3109,-4.45,-9.7901,-7.1413,-5.2492,-4.3091,-5.9484
1.0403,0.96281,0.70119,-0.23057,2.0011,2.1515,-4.6329,-9.8365,-7.141,-5.3311,-4.2889,-5.5232
0.92532,0.76966,0.52462,-0.1288,1.9102,1.9402,-4.8281,-9.8988,-7.1625,-5.3897,-4.2045,-5.0569
0.79541,0.53511,0.27,-0.010407,1.8087,1.6445,-4.9734,-9.9674,-7.2068,-5.4123,-4.0697,-4.5581
0.6643,0.21575,-0.13842,0.14557,1.7646,1.1939,-5.0053,-10.009,-7.2532,-5.3841,-3.8961,-4.0306
0.54223,-0.2357,-0.76338,0.3622,1.8421,0.52898,-4.8835,-9.9763,-7.2668,-5.2953,-3.6929,-3.477
0.43397,-0.82644,-1.5926,0.64965,2.0653,-0.32708,-4.6083,-9.8271,-7.2138,-5.1459,-3.4701,-2.9078
0.34015,-1.4897,-2.4952,0.99216,2.4009,-1.2281,-4.2246,-9.537,-7.0767,-4.9492,-3.2425,-2.3482
0.25946,-2.101,-3.2527,1.3498,2.7709,-1.9543,-3.8073,-9.1111,-6.8617,-4.7302,-3.0299,-1.8354
0.18908,-2.5405,-3.6591,1.6776,3.0873,-2.3327,-3.4306,-8.5829,-6.595,-4.5191,-2.8541,-1.4087
0.12411,-2.7519,-3.6124,1.9448,3.289,-2.3106,-3.1355,-8.0046,-6.3115,-4.34,-2.7317,-1.0987
0.058126,-2.7657,-3.1603,2.1453,3.3643,-1.9579,-2.9167,-7.4338,-6.0442,-4.201,-2.6695,-0.91937
-0.015262,-2.6887,-2.4972,2.2983,3.3475,-1.4596,-2.7332,-6.9237,-5.8189,-4.0928,-2.6629,-0.86541
-0.10052,-2.6727,-1.9146,2.4433,3.3047,-1.0868,-2.5293,-6.5157,-5.6553,-3.9951,-2.6989,-0.91499
-0.19813,-2.8699,-1.7362,2.629,3.3152,-1.1166,-2.2559,-6.2273,-5.5632,-3.8873,-2.7587,-1.0351
-0.30295,-3.3871,-2.2263,2.897,3.4465,-1.7348,-1.8882,-6.0524,-5.5408,-3.7578,-2.8218,-1.1891
-0.40551,-4.244,-3.4644,3.2624,3.7266,-2.9656,-1.4355,-5.9599,-5.5741,-3.6079,-2.8687,-1.3454
-0.4975,-5.3482,-5.2744,3.7015,4.1286,-4.6402,-0.93993,-5.9034,-5.6386,-3.4511,-2.8846,-1.4852
-0.57823,-6.5108,-7.267,4.1577,4.5748,-6.4201,-0.46055,-5.8356,-5.711,-3.3081,-2.8639,-1.6056
-0.65619,-7.5087,-8.9723,4.5641,4.9606,-7.9058,-0.053681,-5.7242,-5.7719,-3.1962,-2.8122,-1.7162
-0.74251,-8.1608,-9.9939,4.864,5.1891,-8.7858,0.24453,-5.5533,-5.8082,-3.1258,-2.7449,-1.8338
-0.83965,-8.3738,-10.123,5.0207,5.2053,-8.925,0.4278,-5.3243,-5.8151,-3.0969,-2.6831,-1.9761
-0.93449,-8.155,-9.3858,5.0197,5.0145,-8.3623,0.51905,-5.0539,-5.7957,-3.1018,-2.6471,-2.1543
-1.0035,-7.6081,-8.0187,4.873,4.6768,-7.2859,0.56279,-4.7614,-5.7571,-3.1246,-2.6486,-2.3651
-1.0288,-6.9093,-6.4048,4.6246,4.2819,-6.016,0.61101,-4.4624,-5.7056,-3.1463,-2.6869,-2.5877
-1.0122,-6.2525,-4.9654,4.3435,3.92,-4.914,0.70192,-4.168,-5.6467,-3.1513,-2.7501,-2.7913
-0.97453,-5.7791,-4.0225,4.0949,3.6573,-4.2266,0.8379,-3.8885,-5.5906,-3.1353,-2.8231,-2.9492
-0.94273,-5.5299,-3.6787,3.91,3.5196,-3.9991,0.97788,-3.6356,-5.5483,-3.107,-2.8966,-3.0527
-0.93674,-5.4463,-3.7984,3.7789,3.4869,-4.1063,1.0604,-3.4196,-5.5268,-3.0829,-2.9692,-3.1144
-0.96273,-5.4147,-4.1097,3.6686,3.5024,-4.3347,1.0465,-3.2445,-5.5262,-3.0761,-3.0452,-3.16
-1.0107,-5.3203,-4.334,3.5416,3.4961,-4.4608,0.9413,-3.1003,-5.5329,-3.0873,-3.1298,-3.216
-1.0563,-5.076,-4.2611,3.3587,3.4133,-4.313,0.77929,-2.9675,-5.5284,-3.1065,-3.226,-3.3014
-1.0681,-4.6299,-3.791,3.0857,3.2372,-3.8108,0.60389,-2.8212,-5.4949,-3.1219,-3.3334,-3.4225
-1.0217,-3.983,-2.9548,2.7147,2.9943,-2.9779,0.45608,-2.6355,-5.4241,-3.1255,-3.4486,-3.5707
-0.91222,-3.2097,-1.8955,2.2806,2.7401,-1.9384,0.36781,-2.3876,-5.3176,-3.1146,-3.5659,-3.7228
-0.75983,-2.4493,-0.82188,1.8555,2.5322,-0.89399,0.35514,-2.0698,-5.1851,-3.0908,-3.6786,-3.8492
-0.60197,-1.8578,0.049185,1.5208,2.4069,-0.065946,0.41098,-1.6953,-5.0429,-3.06,-3.7815,-3.928
-0.47638,-1.5437,0.55385,1.3322,2.3724,0.38435,0.50251,-1.3054,-4.9111,-3.0312,-3.873,-3.9574
-0.40415,-1.5293,0.62531,1.297,2.4156,0.40634,0.57945,-0.96267,-4.8098,-3.013,-3.954,-3.9553
-0.38202,-1.7523,0.30724,1.3742,2.5119,0.060817,0.5942,-0.73251,-4.7478,-3.0076,-4.0247,-3.9487
-0.38598,-2.1015,-0.27267,1.4978,2.6368,-0.51613,0.52571,-0.6554,-4.7194,-3.0097,-4.0812,-3.9584
-0.38337,-2.4653,-0.95829,1.6078,2.774,-1.1679,0.39231,-0.72962,-4.7031,-3.0053,-4.1124,-3.9863
-0.34906,-2.7683,-1.6169,1.6733,2.9202,-1.7674,0.24206,-0.90837,-4.668,-2.9772,-4.1041,-4.0143
-0.27816,-2.9793,-2.1663,1.6946,3.0779,-2.2388,0.12471,-1.1167,-4.5866,-2.9144,-4.0474,-4.0143
-0.18707,-3.0968,-2.5715,1.6877,3.2417,-2.5475,0.063946,-1.2873,-4.451,-2.8225,-3.9516,-3.9669
-0.1021,-3.1319,-2.8225,1.6683,3.3912,-2.6801,0.045586,-1.3848,-4.2809,-2.726,-3.8463,-3.8777
-0.044355,-3.1001,-2.918,1.6445,3.4996,-2.6424,0.025988,-1.4097,-4.114,-2.6578,-3.7696,-3.7762
-0.020465,-3.0172,-2.8688,1.6168,3.5499,-2.4622,-0.044721,-1.3841,-3.9804,-2.6404,-3.7497,-3.6988
-0.022637,-2.9005,-2.7029,1.5833,3.5453,-2.1855,-0.19646,-1.3326,-3.8866,-2.6701,-3.7882,-3.6668
-0.035947,-2.7719,-2.4554,1.5447,3.5048,-1.8638,-0.42387,-1.2714,-3.8137,-2.7171,-3.857,-3.6754
-0.049393,-2.6517,-2.1536,1.5047,3.449,-1.5388,-0.68959,-1.2064,-3.7302,-2.7428,-3.9124,-3.6982
-0.0651,-2.5513,-1.8081,1.4683,3.3844,-1.2318,-0.94273,-1.1424,-3.6176,-2.7219,-3.9192,-3.704
-0.098549,-2.4718,-1.4198,1.4403,3.3014,-0.9487,-1.1411,-1.0854,-3.481,-2.6539,-3.8695,-3.6737
-0.16843,-2.4103,-0.99929,1.4253,3.1872,-0.69485,-1.2669,-1.0436,-3.3489,-2.5629,-3.7874,-3.6101
-0.28337,-2.3675,-0.58477,1.4265,3.0405,-0.48803,-1.3306,-1.0244,-3.2569,-2.4873,-3.719,-3.535
-0.43434,-2.3506,-0.24311,1.4449,2.8788,-0.35868,-1.3622,-1.0308,-3.2287,-2.4629,-3.7138,-3.4777
-0.59632,-2.3706,-0.0532,1.479,2.7361,-0.34023,-1.3966,-1.0566,-3.2635,-2.5076,-3.8047,-3.4587
-0.73826,-2.4374,-0.077073,1.5255,2.6512,-0.45688,-1.4588,-1.0868,-3.3368,-2.6131,-3.9954,-3.4778
-0.83655,-2.5525,-0.33236,1.5814,2.6497,-0.71165,-1.5562,-1.1027,-3.412,-2.7496,-4.26,-3.5138
-0.88535,-2.704,-0.77663,1.6441,2.7307,-1.0752,-1.6772,-1.0896,-3.4574,-2.8798,-4.5538,-3.5353
-0.89818,-2.8653,-1.3098,1.7105,2.8654,-1.4834,-1.796,-1.0439,-3.4585,-2.9729,-4.8298,-3.5173
-0.90093,-3.0016,-1.7985,1.7762,3.006,-1.8505,-1.8832,-0.9761,-3.4233,-3.0164,-5.0545,-3.4547
-0.92094,-3.0815,-2.1146,1.8359,3.1011,-2.0949,-1.919,-0.90981,-3.3785,-3.0205,-5.2168,-3.3656
-0.9775,-3.0894,-2.1735,1.8871,3.1136,-2.1648,-1.9015,-0.87354,-3.3577,-3.0136,-5.3256,-3.2812
-1.0768,-3.0348,-1.9593,1.9336,3.0332,-2.0569,-1.8442,-0.88839,-3.3838,-3.0275,-5.3966,-3.2283
-1.2131,-2.9504,-1.5285,1.9864,2.8792,-1.818,-1.7663,-0.95938,-3.4564,-3.0797,-5.4415,-3.2154
-1.3734,-2.8807,-0.98715,2.0587,2.6912,-1.5249,-1.6844,-1.0767,-3.5515,-3.1642,-5.4651,-3.2298
-1.5429,-2.8601,-0.45213,2.1579,2.5116,-1.2543,-1.6118,-1.2254,-3.6358,-3.2582,-5.4642,-3.246
-1.7069,-2.8965,-0.017106,2.2784,2.3702,-1.0573,-1.5598,-1.3952,-3.6852,-3.3358,-5.4293,-3.2395
-1.8535,-2.9696,0.26339,2.4013,2.2781,-0.94831,-1.5365,-1.5839,-3.6965,-3.38,-5.351,-3.2001
-1.9775,-3.044,0.37315,2.5039,2.2309,-0.91223,-1.5422,-1.7919,-3.6843,-3.3869,-5.2253,-3.1366
-2.0814,-3.0925,0.32446,2.5721,2.2169,-0.92529,-1.5645,-2.0136,-3.6681,-3.3627,-5.0534,-3.0701
-2.1715,-3.1153,0.1433,2.6084,2.2242,-0.97811,-1.5791,-2.2342,-3.6595,-3.3182,-4.8396,-3.0201
-2.2507,-3.1398,-0.14289,2.6299,2.2462,-1.0823,-1.559,-2.4349,-3.6595,-3.2643,-4.593,-2.9933
-2.3128,-3.2029,-0.50745,2.6585,2.2859,-1.2553,-1.4869,-2.6026,-3.664,-3.2117,-4.3319,-2.9805
-2.3439,-3.3283,-0.91429,2.7067,2.3522,-1.497,-1.3653,-2.7372,-3.6735,-3.173,-4.0839,-2.9622
-2.3321,-3.5094,-1.3039,2.77,2.4431,-1.7776,-1.219,-2.8525,-3.6966,-3.1632,-3.8796,-2.9202
-2.28,-3.7104,-1.5962,2.8301,2.5328,-2.0433,-1.088,-2.9697,-3.7468,-3.1936,-3.7431,-2.8486
-2.21,-3.8824,-1.7203,2.8688,2.5814,-2.2363,-1.0102,-3.1088,-3.8328,-3.2653,-3.6823,-2.7577
-2.1554,-3.9894,-1.6523,2.8816,2.5602,-2.3199,-1.0035,-3.2815,-3.9511,-3.3658,-3.685,-2.6691
-2.1427,-4.0261,-1.4334,2.8801,2.4733,-2.2967,-1.0573,-3.4889,-4.0876,-3.4753,-3.7243,-2.6061
-2.1762,-4.0151,-1.1568,2.8834,2.3585,-2.2066,-1.1378,-3.7255,-4.2263,-3.5764,-3.7712,-2.5849
-2.2343,-3.9873,-0.93255,2.904,2.2708,-2.1036,-1.2026,-3.9844,-4.3585,-3.662,-3.8068,-2.6096
-2.2794,-3.9608,-0.84547,2.9393,2.2593,-2.0257,-1.2168,-4.2597,-4.4854,-3.7366,-3.8302,-2.6727
-2.2795,-3.9311,-0.92204,2.9742,2.3468,-1.9754,-1.1653,-4.5465,-4.6133,-3.8121,-3.8585,-2.7607
-2.2237,-3.8763,-1.1204,2.9916,2.5203,-1.9207,-1.0588,-4.842,-4.7474,-3.9016,-3.9207,-2.8631
-2.1239,-3.7741,-1.3507,2.9811,2.7365,-1.8182,-0.93058,-5.146,-4.8883,-4.0144,-4.0453,-2.9787
-2.0068,-3.6256,-1.5208,2.9458,2.9415,-1.6492,-0.82097,-5.4572,-5.0296,-4.1498,-4.2445,-3.1138
-1.9058,-3.474,-1.5839,2.9103,3.0956,-1.4489,-0.75549,-5.7677,-5.1552,-4.2929,-4.5019,-3.2714
-1.8528,-3.403,-1.5588,2.9217,3.1895,-1.3038,-0.7298,-6.0626,-5.2417,-4.4143,-4.7731,-3.4416
-1.8686,-3.505,-1.5143,3.0315,3.2417,-1.3173,-0.71126,-6.3288,-5.2685,-4.48,-5.0006,-3.6009
-1.9533,-3.8332,-1.5314,3.2646,3.2794,-1.5632,-0.65596,-6.5671,-5.2324,-4.4654,-5.1392,-3.7208
-2.0859,-4.368,-1.6671,3.5995,3.3226,-2.0508,-0.53081,-6.7978,-5.1573,-4.3692,-5.1782,-3.7792
-2.2331,-5.0171,-1.9382,3.974,3.3825,-2.7181,-0.32842,-7.0542,-5.0907,-4.2175,-5.1461,-3.7678
-2.3595,-5.6521,-2.3246,4.3122,3.4678,-3.4528,-0.06786,-7.366,-5.0854,-4.0535,-5.0921,-3.6916
-2.4339,-6.158,-2.7882,4.5547,3.5894,-4.1349,0.21639,-7.7432,-5.1735,-3.9181,-5.0584,-3.5647
-2.4338,-6.472,-3.2967,4.6762,3.7622,-4.6787,0.48894,-8.1657,-5.3517,-3.8324,-5.061,-3.4042
-2.3527,-6.5956,-3.8325,4.6865,4.0004,-5.0541,0.72352,-8.5952,-5.583,-3.7937,-5.0872,-3.2221
-2.2018,-6.5789,-4.3795,4.6185,4.3036,-5.2782,0.90674,-8.9872,-5.8142,-3.7849,-5.1084,-3.0228
-2.0048,-6.4878,-4.9047,4.5093,4.6458,-5.3885,1.0375,-9.3062,-6.0019,-3.7888,-5.0983,-2.8064
-1.7872,-6.368,-5.3483,4.3804,4.9781,-5.4141,1.1249,-9.5367,-6.1262,-3.7997,-5.0464,-2.5764
-1.5692,-6.2201,-5.6273,4.2258,5.2389,-5.3534,1.185,-9.6827,-6.1932,-3.8237,-4.9649,-2.3445
-1.3694,-6.0044,-5.6571,4.0213,5.3691,-5.1723,1.2366,-9.76,-6.2267,-3.8739,-4.8822,-2.132
-1.2132,-5.6737,-5.387,3.7489,5.33,-4.826,1.2956,-9.7845,-6.255,-3.9609,-4.8326,-1.9652
-1.1314,-5.2083,-4.8237,3.4143,5.1165,-4.2908,1.3692,-9.7652,-6.2985,-4.0867,-4.8433,-1.8677
-1.1413,-4.6212,-4.0229,3.0421,4.7595,-3.5775,1.4537,-9.703,-6.3643,-4.2422,-4.9242,-1.8512
-1.2292,-3.9387,-3.0573,2.6596,4.3145,-2.7222,1.5412,-9.5938,-6.4449,-4.4075,-5.0607,-1.909
-1.3534,-3.1834,-1.9901,2.2828,3.8394,-1.7666,1.6311,-9.4318,-6.5204,-4.5552,-5.2149,-2.0143
-1.4665,-2.3667,-0.85765,1.9085,3.372,-0.73492,1.7393,-9.2136,-6.5627,-4.6545,-5.3356,-2.1275
-1.5366,-1.4849,0.34872,1.5173,2.9162,0.3857,1.8974,-8.9403,-6.5424,-4.6771,-5.3725,-2.2081
-1.559,-0.51804,1.6987,1.0885,2.439,1.6531,2.1458,-8.6168,-6.435,-4.6047,-5.2914,-2.2268
-1.5552,0.55943,3.3177,0.61656,1.8787,3.1581,2.5253,-8.2469,-6.2239,-4.4318,-5.0803,-2.1721
-1.5644,1.761,5.3385,0.11886,1.1646,4.9936,3.0733,-7.8275,-5.8998,-4.1649,-4.7491,-2.0465
-1.627,3.0776,7.8097,-0.36974,0.24716,7.2208,3.8241,-7.3468,-5.4565,-3.8153,-4.3188,-1.8568
-1.7643,4.4883,10.613,-0.81354,-0.87082,9.8383,4.8107,-6.7866,-4.887,-3.3913,-3.8063,-1.6018
-1.965,5.9883,13.474,-1.1954,-2.1213,12.746,6.0652,-6.1297,-4.1837,-2.8945,-3.2135,-1.2671
-2.1875,7.6211,16.105,-1.5296,-3.3946,15.733,7.6163,-5.3687,-3.3432,-2.3217,-2.5309,-0.82812
-2.3784,9.4958,18.342,-1.8645,-4.5897,18.54,9.4855,-4.5125,-2.3717,-1.6693,-1.7468,-0.25762
-2.4905,11.772,20.176,-2.2779,-5.654,20.975,11.679,-3.5806,-1.2865,-0.93636,-0.85452,0.46914
-2.4945,14.6,21.714,-2.8703,-6.5886,22.996,14.164,-2.5973,-0.11192,-0.12075,0.14918,1.3764
-2.3814,18.016,23.132,-3.7549,-7.4247,24.699,16.873,-1.5823,1.1338,0.79064,1.2702,2.4987
-2.1601,21.874,24.634,-5.0379,-8.1948,26.247,19.77,-0.54522,2.4427,1.8344,2.5245,3.8945
-1.8532,25.881,26.393,-6.7796,-8.911,27.821,22.892,0.5143,3.8147,3.0728,3.9446,5.6465
-1.4897,29.757,28.535,-8.9425,-9.5677,29.608,26.285,1.5991,5.2464,4.5795,5.576,7.8276
-1.0968,33.358,31.124,-11.379,-10.161,31.803,29.935,2.7034,6.7174,6.3972,7.4595,10.422
-0.69082,36.692,34.113,-13.912,-10.707,34.565,33.797,3.8048,8.1834,8.4746,9.5915,13.266
-0.27604,39.88,37.358,-16.444,-11.239,37.918,37.84,4.8616,9.5803,10.645,11.881,16.104
0.14932,43.093,40.702,-18.983,-11.803,41.684,42.067,5.8192,10.842,12.709,14.165,18.746
0.58513,46.496,44.011,-21.586,-12.456,45.516,46.466,6.6257,11.924,14.565,16.294,21.137
1.0273,50.217,47.17,-24.296,-13.262,49.135,50.907,7.2485,12.827,16.238,18.228,23.343
1.4749,54.331,50.081,-27.116,-14.268,52.569,55.111,7.6836,13.583,17.837,20.013,25.47
1.9313,58.805,52.779,-29.986,-15.469,56.082,58.772,7.9468,14.231,19.458,21.701,27.595
2.4042,63.471,55.486,-32.812,-16.768,59.917,61.685,8.056,14.785,21.106,23.289,29.711
2.9033,68.116,58.499,-35.508,-18.04,64.166,63.632,8.0152,15.218,22.684,24.729,31.748
3.4413,72.604,62.089,-38.03,-19.221,68.831,64.201,7.8146,15.471,24.06,25.976,33.645
4.0307,76.905,66.48,-40.363,-20.329,73.85,62.958,7.4504,15.49,25.146,27.023,35.387
4.6728,81.056,71.789,-42.509,-21.396,79.127,59.806,6.9387,15.26,25.921,27.894,36.979
5.3404,85.099,77.907,-44.475,-22.418,84.558,55.007,6.3155,14.819,26.418,28.624,38.42
5.9731,89.061,84.334,-46.312,-23.333,89.994,48.911,5.6212,14.242,26.685,29.25,39.704
6.5043,93.005,90.161,-48.219,-24.045,95.136,41.746,4.8817,13.602,26.753,29.8,40.824
6.9041,97.036,94.5,-50.619,-24.453,99.592,33.61,4.1012,12.951,26.616,30.293,41.785
7.1985,101,96.971,-53.837,-24.485,103.06,24.607,3.2674,12.305,26.23,30.734,42.643
7.4394,104.07,97.618,-57.415,-24.115,105.32,15.073,2.3668,11.65,25.54,31.132,43.552
7.653,105.22,96.552,-60.269,-23.367,106,5.8364,1.3967,10.956,24.511,31.498,44.672
7.8169,104.04,93.778,-61.593,-22.306,104.61,-1.9556,0.37018,10.187,23.131,31.831,45.873
7.8804,100.82,89.281,-61.046,-21.021,100.89,-7.3512,-0.68874,9.3193,21.388,32.063,46.692
7.7938,96.104,83.271,-58.541,-19.609,95.023,-9.7489,-1.7537,8.3498,19.278,32.062,46.758
7.5235,90.335,76.334,-54.273,-18.154,87.599,-8.8365,-2.8034,7.2958,16.872,31.679,45.961
7.0563,83.693,69.193,-48.911,-16.713,79.309,-6.0464,-3.8269,6.1846,14.368,30.794,44.313
6.3971,76.173,62.309,-43.349,-15.317,70.702,-4.5565,-4.8254,5.0382,12.009,29.333,41.871
5.5627,67.91,55.792,-38.07,-13.994,62.268,-4.4786,-5.8125,3.8629,9.9345,27.302,38.763
4.5769,59.374,49.689,-33.066,-12.79,54.368,-4.8337,-6.8125,2.65,8.1148,24.818,35.231
3.4772,51.147,44.128,-28.22,-11.744,47.148,-5.2587,-7.8534,1.3865,6.4102,22.084,31.575
2.3168,43.591,39.196,-23.511,-10.849,40.656,-5.6337,-8.957,0.068516,4.6799,19.283,28.014
1.144,36.779,34.951,-18.986,-10.049,34.845,-5.9027,-10.129,-1.2899,2.8698,16.491,24.62
-0.014544,30.615,31.413,-14.681,-9.2874,29.705,-6.0592,-11.354,-2.6585,1.0283,13.692,21.392
-1.1451,24.951,28.395,-10.588,-8.5307,25.466,-6.1501,-12.609,-4.0038,-0.75484,10.852,18.319
-2.2402,19.578,25.429,-6.6724,-7.7783,22.291,-6.2618,-13.873,-5.3054,-2.4324,7.9996,15.351
-3.2999,14.136,22.246,-3.0367,-7.0519,19.596,-6.4894,-15.139,-6.5624,-4.0182,5.2646,12.357
-4.3198,8.4717,19.116,-0.045026,-6.3789,16.133,-6.9053,-16.411,-7.7902,-5.5509,2.843,9.2824
-5.2807,3.4193,16.2,2.1313,-5.7755,11.444,-7.5437,-17.703,-9.0146,-7.0568,0.87699,6.4725
-6.1561,-0.23257,13.395,3.7495,-5.2392,6.6327,-8.4038,-19.028,-10.264,-8.534,-0.62938,4.3987
-6.9265,-2.7411,10.667,5.0762,-4.7551,2.7212,-9.4638,-20.392,-11.562,-9.96,-1.7759,3.0764
-7.5832,-4.5791,8.0957,6.2239,-4.3106,-0.19532,-10.693,-21.792,-12.918,-11.309,-2.6835,2.2326
-8.1226,-5.988,5.7959,7.2133,-3.9077,-2.3095,-12.054,-23.217,-14.328,-12.572,-3.4494,1.6315
-8.5433,-7.045,3.892,8.0275,-3.5701,-3.7412,-13.503,-24.652,-15.777,-13.773,-4.1433,1.1347
-8.8518,-7.768,2.5114,8.641,-3.3429,-4.5504,-14.985,-26.084,-17.252,-14.976,-4.8173,0.6663
-9.0719,-8.1717,1.75,9.0445,-3.2802,-4.8042,-16.442,-27.522,-18.765,-16.285,-5.5143,0.18143
-9.244,-8.2924,1.6315,9.2592,-3.425,-4.6068,-17.818,-28.994,-20.352,-17.818,-6.2709,-0.35044
-9.4135,-8.1949,2.0889,9.3352,-3.7865,-4.0954,-19.061,-30.538,-22.058,-19.643,-7.1141,-0.95162
-9.6125,-7.9641,2.9735,9.3343,-4.3282,-3.4196,-20.125,-32.142,-23.881,-21.654,-8.0482,-1.6324
-9.8414,-7.6823,4.0872,9.3069,-4.9709,-2.7141,-20.969,-33.664,-25.676,-23.505,-9.028,-2.3768
-10.06,-7.3969,5.244,9.27,-5.6152,-2.066,-21.562,-34.74,-27.065,-24.727,-9.9242,-3.1264
-10.195,-7.097,6.3402,9.192,-6.1713,-1.4896,-21.874,-34.739,-27.404,-24.868,-10.521,-3.7835
-10.155,-6.7201,7.379,8.9968,-6.5779,-0.93319,-21.887,-32.944,-25.913,-23.424,-10.607,-4.2489
-9.8506,-6.1963,8.4226,8.5932,-6.8011,-0.32506,-21.712,-29.897,-22.828,-20.843,-10.175,-4.4729
-9.2223,-5.5061,9.499,7.921,-6.8153,0.3699,-22.422,-36.803,-26.851,-24.249,-9.7927,-4.4794
-8.3878,-4.7008,10.522,6.997,-6.5813,1.1209,-28.103,-54.84,-45.902,-31.718,-13.853,-4.3917
-8.7295,-3.8604,11.291,5.9583,-6.084,1.8422,-32.197,-58.876,-48.63,-34.108,-25.706,-5.0616
-15.304,-3.0145,11.595,5.2831,-5.7647,2.4314,-31.868,-63.491,-51.817,-37.025,-27.732,-11.715
-19.254,-2.0547,11.417,8.1377,-9.3254,2.829,-30.784,-67.391,-54.926,-39.612,-29.285,-18.728
-21.18,-0.64203,11.268,18.237,-16.668,3.0937,-28.967,-67.499,-55.617,-40.27,-29.389,-18.667
-21.384,0.52752,12.443,18.961,-18.137,3.503,-25.246,-59.891,-50.248,-36.846,-26.459,-15.395
-18.729,-5.4066,15.61,15.222,-18.181,4.8593,-18.833,-40.592,-34.876,-26.924,-19.19,-9.0652
-12.93,0.153,17.794,8.6845,-16.607,8.7044,-9.0033,-5.4509,-6.2669,-8.4109,-6.3326,-0.16877
-4.2102,9.7883,16.224,-0.68552,-12.751,12.682,5.8159,49.792,37.526,19.845,12.747,10.863
7.4334,19.553,11.321,-11.913,-5.7639,14.012,27.004,126.67,96.698,57.801,37.807,23.455
22.431,28.477,4.3247,-23.82,5.9816,14.286,53.732,220.8,169.22,104.44,68.629,37.384
41.783,36.217,-3.6305,-36.306,23.592,12.651,81.727,321.86,250.86,158.28,105.96,53.941
66.249,44.325,-11.741,-51.235,45.437,10.123,103.79,416.22,335.99,218.32,151.25,76.569
97.285,56.807,-19.419,-72.993,70.117,9.4445,112.52,489.59,418.78,285.71,207.4,109.78
138.3,79.428,-28.032,-106.54,98.258,14.012,100.52,529.45,493.9,361.8,279.06,157.73
191.16,117.78,-43.173,-153.65,129.61,27.665,60.778,527.02,556.82,447.32,368.55,223.58
255.86,174.96,-59.241,-215.29,163.27,53.717,-9.776,478.48,604.5,541.28,476.64,309.47
330.62,250.19,-57.263,-290.81,198.39,92.783,-109.76,385.84,636.43,641.86,601.38,414.58
411.82,339.71,-47.181,-376.47,233.78,142.39,-233.38,257.21,654.5,747.05,738.59,534.65
493.97,436.18,-34.019,-465.66,267.68,197.26,-371.4,105.98,661.7,853.27,881.61,662.41
569.97,529.27,-21.14,-549.39,298.21,250.11,-512.98,-51.429,660.53,953.81,1020.2,787.33
631.7,605.93,-10.571,-617.16,323.65,292.31,-647.49,-198.8,651.22,1037.8,1140,895.63
671.05,651.73,-8.2737,-658.13,342.56,314.73,-765.75,-323.45,630.5,1090.8,1223,971.42
681.25,654.29,-19.525,-663.19,353.62,309.43,-860.29,-418.37,592.37,1096.8,1251.2,999.57
658.35,607.03,-45.938,-627.41,355.51,272.34,-925.36,-482.74,531.08,1043.8,1211.1,969.84
602.51,512.1,-84.774,-552.2,347,205.87,-957.19,-520.44,444.21,928.06,1099,880.77
518.62,381.72,-128.8,-446.11,327.01,119.63,-954.63,-537.3,334.47,758.19,924.42,741.67
415.81,236.22,-167.95,-323.43,295.13,28.269,-919.64,-538.63,209.83,554,708.89,571.38
305.95,98.617,-192.5,-200.92,252.37,-52.435,-857.15,-528.12,82.15,342.01,481.26,393.8
201.26,-11.69,-196.17,-93.898,201.64,-109.58,-774.22,-508.01,-35.259,148.61,270.47,231.94
111.82,-83.602,-178.19,-12.95,147.67,-137.1,-678.91,-480.12,-130.67,-6.1857,98.829,102.58
43.739,-115.9,-143.41,37.511,96.126,-136.6,-579.1,-445.87,-196.32,-111.98,-21.807,13.416
-1.1485,-115.49,-100.27,58.464,52.043,-115.44,-481.69,-405.29,-229.05,-167.96,-90.37,-36.666
-23.763,-94.172,-57.496,56.612,17.084,-83.979,-392.02,-357.93,-229.91,-180.83,-114.32,-55.279
-28.378,-64.718,-19.15,43.932,2.3909,-51.66,-313.44,-304.35,-204.15,-162.01,-106.35,-53.043
-21.195,-37.267,-0.46348,28.473,-1.1856,-24.811,-247.18,-245.87,-160.7,-124.61,-80.323,-39.9
-9.9404,-17.927,6.0874,13.834,-1.1072,-8.2077,-192.69,-185.11,-110.49,-81.477,-48.249,-23.442
-0.42842,-8.8267,7.8219,4.1938,0.96058,-2.2423,-148.98,-126.72,-63.586,-43.167,-19.357,-9.11
5.4424,-9.0028,6.0268,0.60569,4.1328,-3.8268,-115.54,-75.417,-25.856,-14.913,0.89244,0.087511
8.2726,-17.037,0.87921,1.8962,7.2107,-10.627,-91.006,-34.947,-1.5322,0.24875,10.418,3.6919
9.0003,-20.597,-4.9643,8.6113,9.3603,-18.016,-72.965,-8.5415,9.3733,4.5356,11.202,1.7731
2.5223,-23.105,-8.1945,9.3632,9.0947,-22.365,-59.866,5.6311,12.86,2.734,6.7014,-6.9513
1.2721,-23.939,-7.7071,9.6085,6.2181,-23.533,-50.712,11.711,13.128,-1.0822,0.42074,-8.0606
1.1149,-21.904,-5.799,9.5533,5.8555,-20.438,-43.426,13.161,11.967,-4.6838,-4.4191,-8.1469
1.0919,-19.616,-5.4368,9.1433,5.5896,-17.777,-36.978,12.52,10.294,-7.8612,-8.3543,-7.5245
1.0793,-18.376,-5.0168,8.8321,5.3511,-16.559,-31.525,11.609,8.4949,-10.034,-7.0841,-6.8971
0.99278,-18.087,-4.531,8.8106,5.1205,-16.402,-27.03,9.4297,0.31799,-7.09,-5.1872,-6.7631
0.75357,-18.488,-4.1241,9.0594,4.8846,-16.922,-23.328,7.6959,-0.26263,-5.5824,-5.0533,-7.066
0.37543,-19.327,-3.895,9.5029,4.6416,-17.846,-20.147,11.041,1.2196,-5.2463,-5.4156,-7.6323
-0.088953,-20.359,-3.8416,10.053,4.3851,-18.92,-17.397,14.295,2.0966,-5.2208,-5.9722,-8.3267
-0.59373,-21.366,-3.8665,10.622,4.1022,-19.903,-15.054,16.859,2.4954,-5.3387,-6.5653,-9.0749
-1.0956,-22.175,-3.8438,11.131,3.785,-20.598,-12.876,18.869,2.6735,-5.4787,-7.1389,-9.8358
-1.5447,-22.669,-3.6909,11.512,3.4412,-20.879,-10.675,20.487,2.8177,-5.5696,-7.669,-10.577
-1.8894,-22.795,-3.3947,11.717,3.0963,-20.7,-8.6916,21.825,3.0222,-5.5868,-8.118,-11.273
-2.0913,-22.567,-2.9994,11.726,2.7842,-20.107,-7.0799,22.963,3.3058,-5.5356,-8.4493,-11.905
-2.1407,-22.061,-2.5764,11.555,2.5334,-19.224,-5.8029,23.97,3.6419,-5.4361,-8.6464,-12.46
-2.0606,-21.386,-2.1938,11.247,2.3532,-18.214,-4.7651,24.917,3.9919,-5.3111,-8.713,-12.929
-1.893,-20.638,-1.8902,10.857,2.2307,-17.216,-3.8898,25.875,4.3335,-5.1771,-8.6656,-13.299
-1.6777,-19.872,-1.6593,10.424,2.1392,-16.303,-3.1336,26.918,4.6758,-5.0411,-8.5277,-13.558
-1.4356,-19.104,-1.4561,9.9675,2.0548,-15.484,-2.4774,28.112,5.0574,-4.9009,-8.3282,-13.698
-1.1692,-18.327,-1.2167,9.4891,1.9701,-14.731,-1.9122,29.506,5.5296,-4.7481,-8.0958,-13.723
-0.87349,-17.528,-0.87449,8.9849,1.8936,-14.004,-1.4261,31.107,6.1373,-4.5729,-7.8504,-13.64
-0.54936,-16.698,-0.37381,8.4499,1.835,-13.265,-0.99553,32.884,6.9042,-4.368,-7.5949,-13.461
-0.20686,-15.841,0.30737,7.8851,1.7952,-12.49,-0.57983,34.781,7.83,-4.129,-7.3172,-13.193
0.1425,-14.993,1.1361,7.306,1.7715,-11.698,-0.12462,36.751,8.8945,-3.853,-7.0014,-12.843
0.49455,-14.223,2.0169,6.7439,1.7701,-10.96,0.42496,38.771,10.062,-3.5366,-6.6352,-12.429
0.85391,-13.607,2.7991,6.2353,1.8138,-10.389,1.104,40.833,11.284,-3.1755,-6.213,-11.979
1.2291,-13.193,3.2993,5.8044,1.9355,-10.089,1.9109,42.927,12.509,-2.7661,-5.7368,-11.527
1.6272,-12.971,3.346,5.4521,2.1634,-10.105,2.8038,45.02,13.7,-2.3078,-5.2196,-11.107
2.0519,-12.878,2.8356,5.157,2.5098,-10.419,3.7161,47.06,14.85,-1.8038,-4.686,-10.744
2.5033,-12.835,1.7667,4.889,2.9686,-10.974,4.5849,48.998,15.995,-1.2564,-4.1662,-10.452
2.9793,-12.796,0.24813,4.6251,3.5168,-11.702,5.3793,50.825,17.21,-0.66319,-3.6857,-10.223
3.475,-12.761,-1.5071,4.3581,4.1152,-12.53,6.1167,52.59,18.593,-0.01451,-3.2559,-10.032
3.982,-12.755,-3.2258,4.0948,4.7128,-13.39,6.8573,54.394,20.25,0.70489,-2.8733,-9.8414
4.4907,-12.781,-4.6476,3.8446,5.2548,-14.205,7.6813,56.355,22.27,1.5165,-2.526,-9.6169
4.9998,-12.806,-5.5709,3.6075,5.6867,-14.871,8.6582,58.566,24.698,2.4513,-2.2028,-9.334
5.5256,-12.767,-5.8572,3.3692,5.9593,-15.287,9.8192,61.071,27.479,3.5499,-1.8979,-8.9854
6.0995,-12.602,-5.4411,3.1069,6.044,-15.386,11.141,63.856,30.45,4.8525,-1.6103,-8.5848
6.7463,-12.273,-4.3681,2.8016,5.9523,-15.138,12.539,66.877,33.422,6.3791,-1.3386,-8.1613
7.4614,-11.781,-2.8298,2.4483,5.7405,-14.558,13.88,70.08,36.292,8.1222,-1.0761,-7.7394
8.2138,-11.163,-1.1432,2.0578,5.4916,-13.73,15.03,73.414,39.08,10.063,-0.80438,-7.3228
8.9822,-10.49,0.324,1.6518,5.2938,-12.834,15.919,76.842,41.867,12.186,-0.48899,-6.8948
9.7922,-9.8507,1.2356,1.2564,5.2305,-12.101,16.572,80.343,44.728,14.466,-0.076343,-6.4261
10.713,-9.332,1.3688,0.89608,5.3683,-11.729,17.081,83.92,47.698,16.846,0.50431,-5.8834
11.816,-8.9887,0.68387,0.58599,5.7341,-11.79,17.552,87.597,50.776,19.231,1.3348,-5.2418
13.124,-8.8154,-0.65139,0.32573,6.294,-12.195,18.061,91.407,53.931,21.521,2.5003,-4.4972
14.579,-8.7468,-2.3074,0.097713,6.9564,-12.728,18.621,95.368,57.117,23.659,4.076,-3.6727
16.052,-8.6916,-3.8963,-0.12741,7.5996,-13.152,19.196,99.485,60.297,25.646,6.0961,-2.8143
17.406,-8.5685,-5.0916,-0.38137,8.1141,-13.314,19.731,103.74,63.465,27.519,8.5065,-1.9783
18.573,-8.3216,-5.7148,-0.6917,8.4406,-13.18,20.184,108.12,66.657,29.33,11.147,-1.218
19.578,-7.9217,-5.7569,-1.0838,8.5864,-12.783,20.55,112.56,69.929,31.136,13.816,-0.57088
20.526,-7.3686,-5.3405,-1.5893,8.6154,-12.18,20.852,117.02,73.338,33.002,16.375,-0.045894
21.553,-6.6919,-4.6605,-2.2516,8.6222,-11.459,21.13,121.44,76.919,34.994,18.785,0.37925
22.767,-5.9394,-3.9257,-3.124,8.7031,-10.736,21.421,125.8,80.671,37.166,21.074,0.74685
24.2,-5.158,-3.302,-4.2621,8.9323,-10.088,21.743,130.12,84.558,39.525,23.271,1.0992
25.805,-4.3807,-2.8641,-5.7024,9.3449,-9.5172,22.093,134.44,88.514,42.012,25.376,1.4625
27.497,-3.6269,-2.5852,-7.4208,9.9314,-8.9607,22.445,138.82,92.483,44.526,27.394,1.8442
29.192,-2.9082,-2.3766,-9.3125,10.648,-8.357,22.765,143.31,96.459,47,29.377,2.2465
30.839,-2.2284,-2.1529,-11.246,11.439,-7.6845,23.017,147.94,100.5,49.448,31.425,2.6876
32.428,-1.5799,-1.8771,-13.147,12.264,-6.962,23.178,152.7,104.71,51.927,33.596,3.2145
33.983,-0.94401,-1.5689,-15.031,13.106,-6.2295,23.253,157.55,109.17,54.486,35.832,3.8876
35.54,-0.29921,-1.2916,-16.951,13.969,-5.5355,23.279,162.47,113.92,57.141,38.015,4.7483
37.127,0.36702,-1.1295,-18.945,14.854,-4.9294,23.318,167.42,118.91,59.88,40.066,5.7985
38.752,1.0508,-1.1611,-20.996,15.756,-4.4562,23.423,172.41,124,62.681,42,7.0196
40.408,1.7343,-1.4339,-23.045,16.685,-4.1474,23.615,177.46,129.03,65.528,43.891,8.4129
42.081,2.4001,-1.9421,-25.036,17.683,-4.0106,23.877,182.6,133.85,68.41,45.823,10.017
43.765,3.0525,-2.6177,-26.955,18.815,-4.0212,24.167,187.89,138.39,71.322,47.835,11.881
45.458,3.7383,-3.3437,-28.83,20.129,-4.1224,24.437,193.36,142.67,74.278,49.921,14.016
47.165,4.5579,-3.9849,-30.721,21.615,-4.2349,24.644,199.01,146.82,77.316,52.046,16.353
48.897,5.6546,-4.4263,-32.679,23.202,-4.2762,24.76,204.87,151.07,80.5,54.186,18.768
50.684,7.1745,-4.6027,-34.726,24.802,-4.1819,24.771,210.98,155.68,83.901,56.348,21.15
52.587,9.2001,-4.5136,-36.849,26.356,-3.9212,24.683,217.39,160.88,87.576,58.58,23.447
54.668,11.693,-4.218,-39.005,27.861,-3.5021,24.52,224.18,166.76,91.532,60.959,25.656
56.949,14.513,-3.815,-41.152,29.344,-2.9619,24.308,231.33,173.21,95.703,63.557,27.798
59.391,17.524,-3.4172,-43.257,30.825,-2.3505,24.066,238.76,179.95,99.95,66.402,29.892
61.942,20.673,-3.124,-45.317,32.297,-1.7117,23.792,246.34,186.62,104.12,69.469,31.938
64.586,23.969,-3.0025,-47.387,33.75,-1.0737,23.459,253.94,192.96,108.09,72.698,33.916
67.344,27.375,-3.0796,-49.568,35.2,-0.44829,23.025,261.53,198.88,111.87,76.033,35.804
70.237,30.78,-3.3439,-51.985,36.695,0.16426,22.45,269.2,204.54,115.54,79.452,37.606
73.253,34.061,-3.7522,-54.714,38.293,0.76738,21.7,277.12,210.18,119.2,82.963,39.366
76.351,37.155,-4.2384,-57.723,40.04,1.364,20.768,285.44,216.14,123.03,86.592,41.154
79.492,40.061,-4.7302,-60.882,41.954,1.9556,19.675,294.22,222.69,127.14,90.369,43.031
82.677,42.804,-5.1695,-64.045,44.039,2.5407,18.479,303.4,230.03,131.66,94.335,45.02
85.947,45.401,-5.5353,-67.133,46.293,3.1137,17.263,312.83,238.12,136.65,98.532,47.121
89.361,47.877,-5.858,-70.139,48.704,3.6728,16.099,322.31,246.74,142.08,102.97,49.344
92.948,50.279,-6.2182,-73.112,51.223,4.232,15.024,331.72,255.47,147.74,107.57,51.722
96.679,52.689,-6.7172,-76.124,53.769,4.8145,14.023,341,263.88,153.36,112.19,54.279
100.47,55.186,-7.4242,-79.234,56.267,5.425,13.044,350.16,271.71,158.71,116.66,56.98
104.23,57.794,-8.355,-82.453,58.689,6.0338,12.033,359.25,279.03,163.73,120.91,59.736
107.89,60.462,-9.5143,-85.714,61.063,6.5895,10.959,368.25,286.05,168.51,124.95,62.46
111.45,63.096,-10.934,-88.897,63.437,7.0527,9.8289,377.1,293.04,173.24,128.88,65.116
114.91,65.612,-12.648,-91.896,65.849,7.4199,8.6863,385.66,300.27,178.09,132.81,67.716
118.33,67.983,-14.628,-94.7,68.306,7.716,7.5903,393.82,307.85,183.18,136.87,70.291
121.79,70.245,-16.76,-97.397,70.792,7.9711,6.5933,401.53,315.74,188.52,141.17,72.878
125.33,72.49,-18.878,-100.12,73.286,8.2284,5.725,408.82,323.71,194,145.75,75.513
128.98,74.831,-20.821,-102.99,75.77,8.5677,4.9894,415.81,331.39,199.43,150.58,78.234
132.69,77.36,-22.466,-106.03,78.235,9.0834,4.3673,422.59,338.53,204.59,155.52,81.075
136.41,80.126,-23.713,-109.2,80.664,9.8267,3.8207,429.15,345,209.27,160.36,84.04
140.06,83.108,-24.451,-112.41,83.003,10.779,3.2993,435.31,350.85,213.39,164.93,87.086
143.55,86.202,-24.625,-115.56,85.152,11.874,2.7527,440.81,356.23,217.04,169.13,90.123
146.77,89.204,-24.362,-118.58,87.005,13.034,2.1453,445.45,361.25,220.46,173.02,93.069
149.66,91.851,-23.971,-121.36,88.523,14.18,1.4702,449.21,366,223.84,176.73,95.885
152.21,93.924,-23.775,-123.79,89.744,15.236,0.7495,452.2,370.46,227.22,180.31,98.577
154.44,95.347,-23.982,-125.8,90.738,16.126,0.021149,454.58,374.53,230.48,183.76,101.17
156.35,96.216,-24.657,-127.39,91.572,16.786,-0.68097,456.48,378.13,233.43,187.03,103.66
157.91,96.746,-25.738,-128.63,92.289,17.167,-1.3403,457.99,381.2,235.98,190.04,106.01
159.13,97.176,-27.052,-129.67,92.915,17.27,-1.9596,459.15,383.74,238.11,192.72,108.17
160.01,97.688,-28.347,-130.63,93.453,17.188,-2.5581,459.93,385.78,239.84,195.01,110.09
160.6,98.364,-29.364,-131.59,93.888,17.108,-3.1659,460.31,387.37,241.21,196.9,111.76
160.94,99.191,-29.909,-132.51,94.195,17.235,-3.8127,460.23,388.51,242.21,198.39,113.17
161.1,100.1,-29.907,-133.31,94.351,17.685,-4.5155,459.66,389.19,242.88,199.51,114.33
161.09,101.03,-29.381,-133.91,94.347,18.421,-5.2727,458.52,389.38,243.23,200.3,115.25
160.95,101.91,-28.439,-134.28,94.192,19.284,-6.0678,456.69,389.07,243.32,200.83,115.95
160.67,102.71,-27.272,-134.42,93.905,20.121,-6.8799,453.97,388.24,243.19,201.15,116.43
160.24,103.34,-26.123,-134.35,93.509,20.883,-7.6947,450.11,386.87,242.87,201.27,116.7
159.66,103.63,-25.187,-134.1,93.04,21.601,-8.5069,444.98,384.88,242.38,201.19,116.78
158.96,103.44,-24.544,-133.7,92.542,22.249,-9.31,438.73,382.24,241.67,200.9,116.68
158.12,102.81,-24.184,-133.12,92.065,22.652,-10.084,431.72,378.9,240.67,200.34,116.4
157.1,101.87,-24.002,-132.27,91.618,22.597,-10.798,424.25,374.89,239.19,199.44,115.94
155.85,100.76,-23.797,-130.99,91.144,22.063,-11.42,416.39,370.19,236.97,198.11,115.31
154.27,99.492,-23.315,-128.98,90.519,21.284,-11.937,407.95,364.7,233.82,196.29,114.5
152.24,98.07,-22.322,-126.1,89.579,20.635,-12.343,398.58,358.35,229.69,193.93,113.51
149.64,96.556,-20.679,-122.61,88.147,20.444,-12.636,387.94,351.09,224.74,191.04,112.3
146.47,95.132,-18.406,-119.1,86.062,20.828,-12.812,375.8,342.94,219.24,187.64,110.83
142.75,93.892,-15.683,-116.02,83.237,21.644,-12.878,362.2,333.95,213.38,183.79,109.06
138.5,92.692,-12.807,-113.35,79.699,22.571,-12.853,347.44,324.15,207.24,179.52,106.99
133.7,91.197,-10.098,-110.78,75.598,23.232,-12.769,331.98,313.53,200.78,174.82,104.63
128.37,89.051,-7.8152,-107.88,71.174,23.307,-12.66,316.19,302.11,193.92,169.66,101.97
122.57,86.034,-6.0981,-104.27,66.694,22.66,-12.562,300.33,289.89,186.58,164,99.027
116.46,82.167,-4.9516,-99.832,62.378,21.405,-12.513,284.45,276.93,178.68,157.82,95.823
110.3,77.704,-4.2544,-94.757,58.303,19.84,-12.543,268.5,263.35,170.19,151.13,92.394
104.32,73.016,-3.8118,-89.406,54.364,18.312,-12.664,252.34,249.29,161.15,144.01,88.796
98.515,68.407,-3.4221,-84.103,50.351,17.08,-12.862,235.86,234.96,151.77,136.58,85.113
92.758,64.009,-2.9246,-79.018,46.082,16.253,-13.093,219.09,220.61,142.43,128.99,81.431
86.913,59.802,-2.2205,-74.202,41.544,15.769,-13.299,202.2,206.43,133.46,121.46,77.809
80.937,55.741,-1.2847,-69.658,36.953,15.393,-13.413,185.49,192.52,124.95,114.22,74.254
74.862,51.857,-0.17505,-65.358,32.629,14.802,-13.38,169.3,178.85,116.81,107.47,70.731
68.785,48.212,0.98393,-61.216,28.741,13.719,-13.164,153.91,165.45,108.86,101.27,67.172
62.855,44.691,2.0791,-57.067,25.224,12.113,-12.77,139.45,152.37,101,95.517,63.509
57.222,40.913,3.077,-52.775,21.883,10.304,-12.255,125.82,139.75,93.236,90.03,59.707
51.98,36.554,4.0056,-48.514,18.511,8.7123,-11.707,112.81,127.66,85.683,84.588,55.782
47.178,31.713,4.892,-44.506,14.976,7.4817,-11.204,100.14,116.16,78.542,78.998,51.794
42.848,26.811,5.7299,-40.57,11.449,6.4907,-10.77,87.602,105.29,71.962,73.148,47.837
38.955,22.162,6.4821,-36.517,8.4743,5.5429,-10.37,75.181,95.025,65.948,67.049,44.029
35.357,17.802,7.0972,-32.344,6.4092,4.4875,-9.9364,63.104,85.328,60.381,60.872,40.486
31.836,13.666,7.5359,-28.129,5.1014,3.273,-9.4088,51.774,76.124,55.102,54.918,37.289
28.202,9.7898,7.805,-23.969,4.2276,1.9538,-8.7634,41.555,67.341,49.978,49.454,34.451
24.375,6.343,7.9758,-19.962,3.5283,0.65285,-8.0275,32.538,58.955,44.904,44.552,31.895
20.42,3.5106,8.1646,-16.161,2.8227,-0.49341,-7.2655,24.569,51.005,39.791,40.079,29.457
16.511,1.3621,8.4807,-12.505,1.9927,-1.3775,-6.5477,17.657,43.56,34.608,35.815,26.932
12.805,-0.16402,8.9862,-8.9001,0.98761,-1.9419,-5.9191,12.208,36.692,29.535,31.614,24.152
9.3326,-1.1948,9.6826,-5.587,-0.17336,-2.184,-5.3888,8.2494,30.435,25.071,27.617,21.081
6.209,-1.8653,10.521,-3.0693,-1.4214,-2.1443,-4.9395,5.256,24.773,21.576,24.238,17.892
3.7788,-2.2892,11.422,-1.4396,-2.6736,-1.8877,-4.5476,2.8351,19.782,18.829,21.633,14.885
2.1011,-2.5484,12.305,-0.42156,-3.8586,-1.4886,-4.1984,0.82035,15.715,16.376,19.432,12.284
0.94646,-2.6997,13.103,0.2435,-4.9282,-1.026,-3.888,-0.86578,12.66,13.851,17.162,10.131
0.12042,-2.7884,13.779,0.70274,-5.8614,-0.58331,-3.6224,-2.2767,10.349,11.068,14.641,8.3506
-0.49181,-2.8604,14.318,1.0386,-6.6679,-0.24327,-3.4142,-3.4569,8.4424,8.1246,12.018,6.8477
-0.97453,-2.9657,14.713,1.3114,-7.3785,-0.078003,-3.2773,-4.4486,6.7376,5.3968,9.5537,5.5634
-1.4032,-3.1539,14.953,1.5742,-8.0208,-0.13665,-3.2186,-5.294,5.1609,3.2188,7.4388,4.4729
-1.8366,-3.4602,15.019,1.8675,-8.5982,-0.43191,-3.2327,-6.0358,3.7035,1.6344,5.747,3.5568
-2.3019,-3.8871,14.909,2.2076,-9.0942,-0.92869,-3.3022,-6.7122,2.3738,0.5016,4.4528,2.7861
-2.7893,-4.3929,14.67,2.5798,-9.4954,-1.5419,-3.4029,-7.3545,1.1727,-0.33101,3.4726,2.1297
-3.2625,-4.8964,14.391,2.9438,-9.8059,-2.1491,-3.5116,-7.9844,0.087891,-0.9676,2.7105,1.5613
-3.6787,-5.3014,14.173,3.2496,-10.045,-2.6195,-3.6117,-8.609,-0.90053,-1.4761,2.087,1.0578
-4.0116,-5.5301,14.101,3.4589,-10.236,-2.8491,-3.6965,-9.2204,-1.8112,-1.9054,1.5451,0.59371
-4.2661,-5.549,14.218,3.5617,-10.407,-2.7917,-3.7686,-9.8015,-2.6557,-2.2932,1.045,0.13862
-4.4779,-5.38,14.516,3.5823,-10.581,-2.4701,-3.836,-10.334,-3.4391,-2.6661,0.55999,-0.33839
-4.6986,-5.0914,14.942,3.5703,-10.773,-1.9665,-3.9064,-10.807,-4.1616,-3.0361,0.076214,-0.86047
-4.9725,-4.7749,15.414,3.5829,-10.983,-1.3946,-3.9818,-11.221,-4.8209,-3.3995,-0.40728,-1.4352
-5.3156,-4.5155,15.844,3.6635,-11.195,-0.86478,-4.0577,-11.589,-5.4173,-3.7422,-0.8801,-2.0532
-5.7061,-4.3693,16.158,3.8246,-11.384,-0.4567,-4.1266,-11.937,-5.9582,-4.0474,-1.3257,-2.6938
-6.0926,-4.3526,16.314,4.0455,-11.527,-0.20655,-4.1806,-12.292,-6.4578,-4.3046,-1.7279,-3.3332
-6.4182,-4.4508,16.304,4.2864,-11.606,-0.11434,-4.2107,-12.669,-6.9311,-4.5114,-2.0749,-3.9496
-6.6499,-4.6404,16.147,4.515,-11.617,-0.16107,-4.2032,-13.063,-7.3842,-4.6704,-2.3613,-4.5254
-6.7968,-4.9086,15.873,4.7281,-11.573,-0.32724,-4.1387,-13.444,-7.8104,-4.7862,-2.5898,-5.0484
-6.9078,-5.2564,15.51,4.9523,-11.498,-0.60137,-3.9984,-13.765,-8.1935,-4.8639,-2.7706,-5.5126
-7.0466,-5.6848,15.065,5.2232,-11.418,-0.97768,-3.7743,-13.974,-8.5173,-4.9087,-2.9194,-5.9192
-7.2584,-6.1828,14.527,5.5595,-11.344,-1.4494,-3.4763,-14.037,-8.7709,-4.9251,-3.0545,-6.2728
-7.5458,-6.724,13.871,5.951,-11.264,-2.0021,-3.1284,-13.942,-8.9522,-4.915,-3.1915,-6.5755
-7.867,-7.2729,13.08,6.3622,-11.149,-2.6097,-2.7591,-13.704,-9.0669,-4.8786,-3.3396,-6.8247
-8.1567,-7.7937,12.151,6.749,-10.972,-3.2341,-2.3899,-13.357,-9.1243,-4.8164,-3.5019,-7.0121
-8.3595,-8.2604,11.113,7.0761,-10.72,-3.8296,-2.0281,-12.937,-9.1332,-4.7309,-3.6763,-7.1286
-8.4568,-8.662,10.021,7.3306,-10.409,-4.3502,-1.6646,-12.47,-9.0988,-4.628,-3.8572,-7.1708
-8.4729,-9.0019,8.9601,7.5234,-10.078,-4.7586,-1.2789,-11.971,-9.0234,-4.5178,-4.0378,-7.1442
-8.4601,-9.2953,8.0152,7.6825,-9.776,-5.0354,-0.84983,-11.439,-8.9094,-4.4129,-4.2117,-7.0639
-8.4746,-9.5609,7.2542,7.8405,-9.5446,-5.1846,-0.36902,-10.868,-8.7623,-4.3272,-4.3767,-6.9528
-8.5556,-9.8126,6.7124,8.0196,-9.4081,-5.2317,0.14909,-10.257,-8.5936,-4.2735,-4.5338,-6.8376
-8.7142,-10.052,6.3828,8.2221,-9.3675,-5.2173,0.66827,-9.6137,-8.4175,-4.2614,-4.6875,-6.7441
-8.9316,-10.269,6.2138,8.43,-9.4015,-5.1866,1.1435,-8.9507,-8.2428,-4.295,-4.8429,-6.6921
-9.1668,-10.449,6.1185,8.6139,-9.4719,-5.1827,1.5417,-8.2802,-8.0663,-4.3708,-5.0023,-6.6903
-9.3707,-10.588,5.9989,8.7484,-9.533,-5.2392,1.8599,-7.6045,-7.8717,-4.4768,-5.1635,-6.7354
-9.504,-10.692,5.7789,8.8226,-9.5456,-5.3729,2.1294,-6.9152,-7.6371,-4.5959,-5.3199,-6.8142
-9.5543,-10.773,5.435,8.8445,-9.4919,-5.5767,2.4031,-6.1968,-7.3443,-4.7097,-5.4631,-6.9083
-9.5405,-10.841,5.0058,8.8362,-9.3836,-5.8186,2.7366,-5.4342,-6.9863,-4.8038,-5.5845,-7.0013
-9.5015,-10.9,4.5713,8.8251,-9.2544,-6.0523,3.1669,-4.6202,-6.5688,-4.8711,-5.6793,-7.0845
-9.4738,-10.954,4.2127,8.8323,-9.1443,-6.2337,3.6988,-3.7616,-6.1081,-4.9122,-5.7475,-7.1573
-9.4745,-11.001,3.9758,8.8636,-9.0779,-6.3347,4.3011,-2.8815,-5.6286,-4.932,-5.797,-7.2234
-9.4973,-11.037,3.8563,8.907,-9.053,-6.3478,4.9182,-2.0158,-5.1556,-4.9354,-5.8398,-7.2844
-9.5169,-11.052,3.8092,8.9385,-9.0408,-6.2861,5.4949,-1.2024,-4.7052,-4.9213,-5.8837,-7.3343
-9.4963,-11.035,3.7656,8.9322,-8.9966,-6.18,6.0031,-0.46887,-4.2752,-4.8806,-5.9261,-7.3573
-9.3964,-10.977,3.6586,8.8666,-8.878,-6.0682,6.4536,0.17702,-3.8465,-4.7979,-5.9517,-7.3283
-9.1848,-10.873,3.4419,8.7275,-8.6612,-5.9842,6.8869,0.7485,-3.3944,-4.6577,-5.9363,-7.2213
-8.8482,-10.716,3.1006,8.5092,-8.348,-5.9469,7.3493,1.2744,-2.9035,-4.4526,-5.8557,-7.0206
-8.3989,-10.508,2.6522,8.2174,-7.9608,-5.9598,7.8693,1.7903,-2.3756,-4.1883,-5.6946,-6.728
-7.8727,-10.263,2.1408,7.8704,-7.5326,-6.016,8.4423,2.3279,-1.8295,-3.885,-5.454,-6.3643
-7.3169,-9.9955,1.6314,7.4931,-7.0972,-6.098,9.0281,2.9057,-1.2949,-3.5746,-5.1527,-5.9643
-6.7746,-9.7107,1.1955,7.1056,-6.6878,-6.1744,9.5603,3.5222,-0.80387,-3.2945,-4.8225,-5.5678
-6.2735,-9.3982,0.89126,6.716,-6.3267,-6.2041,9.9713,4.1587,-0.38087,-3.0753,-4.4979,-5.2059
-5.8203,-9.0384,0.74464,6.3213,-6.0153,-6.1483,10.219,4.7878,-0.032905,-2.9274,-4.2034,-4.8899
-5.3982,-8.6121,0.74283,5.911,-5.7304,-5.9822,10.299,5.385,0.25381,-2.8332,-3.9454,-4.6073
-4.9716,-8.1086,0.84265,5.4722,-5.4334,-5.6996,10.243,5.936,0.50842,-2.7565,-3.7107,-4.3323
-4.5057,-7.5335,0.98821,4.999,-5.0893,-5.3152,10.092,6.4407,0.76385,-2.6616,-3.4761,-4.0421
-3.99,-6.9116,1.1314,4.5001,-4.6851,-4.8613,9.888,6.9117,1.0454,-2.5311,-3.2232,-3.7313
-3.4453,-6.2805,1.2445,3.9988,-4.238,-4.3777,9.6514,7.3668,1.3638,-2.3708,-2.9483,-3.4156
-2.9109,-5.6764,1.3266,3.5228,-3.7897,-3.9007,9.3805,7.8201,1.713,-2.206,-2.6648,-3.1249
-2.4244,-5.1247,1.395,3.0928,-3.3916,-3.4567,9.0559,8.2768,2.0728,-2.0683,-2.3977,-2.889
-2.0074,-4.6396,1.4668,2.7194,-3.0769,-3.0643,8.6558,8.7316,2.4148,-1.9822,-2.1717,-2.7232
-1.6607,-4.23,1.5462,2.4039,-2.8455,-2.7404,8.1693,9.1725,2.7128,-1.953,-2.0021,-2.624
-1.3689,-3.9013,1.6164,2.1414,-2.6633,-2.5,7.6045,9.5827,2.952,-1.9635,-1.8895,-2.5746
-1.1088,-3.6491,1.6485,1.9206,-2.4804,-2.3473,6.9873,9.9431,3.1338,-1.9784,-1.8208,-2.5508
-0.85939,-3.4524,1.6209,1.7244,-2.2609,-2.2662,6.3547,10.234,3.2718,-1.9568,-1.7697,-2.5221
-0.60621,-3.2741,1.5378,1.5322,-2.0014,-2.2184,5.7443,10.436,3.3822,-1.87,-1.7013,-2.4586
-0.34124,-3.0699,1.433,1.3241,-1.7266,-2.1516,5.187,10.537,3.4752,-1.7137,-1.5841,-2.3481
-0.060251,-2.7998,1.3543,1.0851,-1.4667,-2.0144,4.7018,10.538,3.5523,-1.5088,-1.4063,-2.2067
0.23963,-2.4408,1.3417,0.80882,-1.2374,-1.7726,4.2936,10.453,3.6101,-1.2902,-1.1837,-2.0732
0.56065,-1.9935,1.4107,0.49943,-1.0311,-1.4195,3.9559,10.315,3.6469,-1.0906,-0.95384,-1.9923
0.90292,-1.4839,1.5493,0.17104,-0.82289,-0.97761,3.6749,10.162,3.6672,-0.92623,-0.75949,-1.9964
1.2623,-0.95353,1.7285,-0.15738,-0.5822,-0.48732,3.4368,10.031,3.685,-0.7918,-0.63193,-2.0929
1.6296,-0.44475,1.9223,-0.46819,-0.28765,0.0097604,3.2336,9.9447,3.7219,-0.66438,-0.58001,-2.2603
1.9894,0.010751,2.1214,-0.74861,0.058877,0.48294,3.0631,9.9029,3.7986,-0.51535,-0.58903,-2.4556
2.321,0.39443,2.3292,-0.99044,0.42591,0.91135,2.9239,9.877,3.9198,-0.32614,-0.62926,-2.6344
2.6014,0.69516,2.5369,-1.1886,0.76528,1.2733,2.8091,9.8114,4.0643,-0.099925,-0.66953,-2.77
2.8149,0.90287,2.6989,-1.3405,1.0409,1.5374,2.7073,9.6432,4.1899,0.13937,-0.68749,-2.8575
2.9614,1.0056,2.7343,-1.4444,1.2509,1.6618,2.6107,9.3357,4.2513,0.36129,-0.67099,-2.9045
3.0584,0.9888,2.5525,-1.4954,1.4301,1.6016,2.5255,8.9023,4.2212,0.54592,-0.61474,-2.9161
3.133,0.83638,2.0816,-1.4822,1.633,1.3199,2.4741,8.4056,4.1038,0.69295,-0.51883,-2.8861
3.2094,0.54145,1.3005,-1.3948,1.9067,0.80584,2.4842,7.9327,3.9327,0.81957,-0.38782,-2.7974
3.2995,0.12881,0.27178,-1.2425,2.268,0.10686,2.5711,7.5622,3.7594,0.94931,-0.22741,-2.6325
3.4014,-0.3296,-0.84674,-1.0629,2.6917,-0.6516,2.7255,7.339,3.6355,1.0983,-0.043142,-2.3841
3.5004,-0.73641,-1.8366,-0.90234,3.1172,-1.3023,2.9148,7.2619,3.5954,1.2664,0.15749,-2.0605
3.5739,-1.0153,-2.5002,-0.78903,3.4718,-1.7118,3.0918,7.2851,3.6443,1.4365,0.36438,-1.6854
3.5991,-1.1446,-2.7399,-0.72473,3.6999,-1.8345,3.2115,7.3334,3.7559,1.582,0.56692,-1.2912
3.5618,-1.1605,-2.5968,-0.68965,3.7846,-1.7247,3.2496,7.3288,3.8824,1.6791,0.75667,-0.90867
3.459,-1.1448,-2.2381,-0.64958,3.7519,-1.522,3.2157,7.2181,3.9725,1.7198,0.92957,-0.55662
3.2984,-1.198,-1.9059,-0.56604,3.6608,-1.4078,3.1492,6.9881,3.9905,1.7169,1.0883,-0.2365
3.0984,-1.4052,-1.8436,-0.41039,3.5839,-1.5437,3.0983,6.6608,3.9265,1.6953,1.244,0.067353
2.8881,-1.8021,-2.2076,-0.17682,3.5844,-2.0114,3.0927,6.2741,3.7953,1.6761,1.413,0.37966
2.7044,-2.3546,-2.998,0.11158,3.6948,-2.7759,3.129,5.8612,3.6246,1.6656,1.6085,0.72056
2.5793,-2.9579,-4.0472,0.40538,3.9047,-3.68,3.1767,5.4388,3.4427,1.6553,1.8314,1.0933
2.5267,-3.4655,-5.0703,0.64077,4.1617,-4.484,3.1929,5.0063,3.269,1.6295,2.0683,1.4812
2.537,-3.734,-5.761,0.75968,4.386,-4.9487,3.1392,4.5523,3.1136,1.5731,2.296,1.8562
2.5822,-3.6745,-5.8984,0.73118,4.4988,-4.9262,2.9975,4.0653,2.9803,1.4777,2.486,2.1923
2.6279,-3.2842,-5.4254,0.56361,4.4529,-4.4079,2.78,3.543,2.8688,1.3442,2.6067,2.4714
2.6446,-2.6543,-4.4719,0.30179,4.2525,-3.5228,2.5274,2.9924,2.7718,1.1808,2.6323,2.6811
2.6165,-1.9427,-3.3187,0.011964,3.9525,-2.5032,2.2956,2.4238,2.673,1.0018,2.5591,2.8136
2.5454,-1.3226,-2.3057,-0.23667,3.6413,-1.618,2.1374,1.8452,2.5504,0.82377,2.4174,2.8744
2.451,-0.92856,-1.709,-0.39086,3.4122,-1.081,2.082,1.2623,2.3886,0.66118,2.2611,2.8935
2.3658,-0.81338,-1.6452,-0.42832,3.3291,-0.97528,2.1191,0.67956,2.1879,0.5197,2.1357,2.9178
2.3225,-0.92401,-2.0384,-0.36919,3.3992,-1.2192,2.2003,0.10032,1.963,0.39126,2.0512,2.981
2.3391,-1.1169,-2.6322,-0.27596,3.5661,-1.5841,2.2586,-0.47565,1.7325,0.25749,1.982,3.0847
2.409,-1.2125,-3.072,-0.22894,3.7292,-1.7822,2.236,-1.0492,1.5096,0.10044,1.8878,3.2061
2.503,-1.0665,-3.0706,-0.28564,3.7886,-1.5961,2.108,-1.6136,1.3012,-0.086755,1.738,3.3214
2.5832,-0.63241,-2.5363,-0.45247,3.6912,-0.97053,1.8941,-2.1482,1.1113,-0.29589,1.5229,3.4164
2.6217,0.014022,-1.5874,-0.68443,3.4544,-0.021768,1.6473,-2.6219,0.94341,-0.50785,1.2539,3.4818
2.6126,0.70458,-0.48579,-0.90968,3.1565,1.0076,1.4276,-3.0075,0.79762,-0.70263,0.9553,3.5036
2.5701,1.2473,0.45579,-1.0606,2.9022,1.831,1.2753,-3.2968,0.66557,-0.86947,0.65632,3.468
2.5142,1.5018,0.96917,-1.0978,2.775,2.2249,1.1939,-3.5088,0.53009,-1.011,0.38297,3.3738
2.4555,1.424,0.91215,-1.0173,2.8037,2.1081,1.149,-3.6841,0.37184,-1.1389,0.15227,3.2419
2.3874,1.066,0.31288,-0.84432,2.9567,1.5526,1.0841,-3.8702,0.17837,-1.2659,-0.032843,3.1061
2.2921,0.54287,-0.63954,-0.62022,3.161,0.74179,0.94675,-4.104,-0.051555,-1.4005,-0.18566,2.9903
2.1524,-0.011318,-1.6666,-0.38696,3.3322,-0.098355,0.71339,-4.3995,-0.30968,-1.5461,-0.33162,2.893
1.963,-0.48663,-2.5048,-0.17492,3.4036,-0.77632,0.39784,-4.7453,-0.58255,-1.7016,-0.49734,2.7903
1.7341,-0.8218,-2.9913,0.0027486,3.3495,-1.1897,0.04199,-5.1092,-0.85494,-1.8628,-0.69868,2.6509
1.4878,-1.01,-3.1006,0.14829,3.1972,-1.3323,-0.30438,-5.4503,-1.1119,-2.0235,-0.93588,2.4513
1.2509,-1.0852,-2.9158,0.27203,3.0116,-1.2618,-0.60314,-5.7341,-1.3415,-2.1799,-1.1979,2.184
1.0452,-1.0949,-2.5461,0.38147,2.8483,-1.0606,-0.84008,-5.9457,-1.537,-2.3333,-1.4698,1.8574
0.8812,-1.0647,-2.0642,0.47144,2.715,-0.79257,-1.0276,-6.0941,-1.6994,-2.4908,-1.7381,1.4929
0.75737,-0.98698,-1.5132,0.52735,2.5809,-0.48029,-1.1963,-6.2074,-1.8379,-2.6604,-1.9908,1.1164
0.66398,-0.84864,-0.94143,0.53883,2.4173,-0.12858,-1.3766,-6.3183,-1.9657,-2.8436,-2.2163,0.75021
0.59068,-0.66046,-0.40961,0.5116,2.2262,0.24403,-1.5794,-6.4477,-2.0905,-3.0289,-2.3998,0.4048
0.53366,-0.46452,0.0095233,0.46829,2.0408,0.58864,-1.7903,-6.5962,-2.2087,-3.1913,-2.5242,0.079823
0.49897,-0.31673,0.23808,0.43536,1.9096,0.83385,-1.9779,-6.7476,-2.3071,-3.3006,-2.5757,-0.22669
0.4995,-0.25436,0.22267,0.42622,1.8762,0.92159,-2.1115,-6.8815,-2.3722,-3.3355,-2.5508,-0.51084
0.54617,-0.27766,-0.033878,0.43568,1.9584,0.84046,-2.175,-6.9851,-2.3987,-3.2941,-2.4596,-0.76528
0.63797,-0.35856,-0.46485,0.44787,2.1358,0.62944,-2.1732,-7.0572,-2.3943,-3.1939,-2.3228,-0.985
0.75676,-0.46326,-0.96299,0.45032,2.3565,0.35421,-2.1292,-7.1034,-2.3765,-3.0636,-2.1646,-1.1671
0.87099,-0.57373,-1.4229,0.44471,2.5612,0.073506,-2.073,-7.1274,-2.3648,-2.9291,-2.0059,-1.3084
0.94669,-0.69804,-1.7792,0.44961,2.7091,-0.18574,-2.0293,-7.1246,-2.3714,-2.8051,-1.8609,-1.4025
0.95987,-0.86374,-2.0219,0.49199,2.7912,-0.43178,-2.0098,-7.0841,-2.3966,-2.693,-1.7371,-1.4434
0.90422,-1.0987,-2.1853,0.5925,2.8256,-0.69065,-2.0133,-6.9958,-2.4296,-2.5847,-1.635,-1.432
0.79271,-1.41,-2.3185,0.75345,2.8419,-0.97978,-2.0307,-6.8593,-2.4542,-2.4691,-1.5495,-1.3793
0.65377,-1.7703,-2.4564,0.95391,2.864,-1.287,-2.0529,-6.6877,-2.4574,-2.3382,-1.4724,-1.3041
0.5242,-2.1186,-2.6055,1.1534,2.9012,-1.5658,-2.0755,-6.5029,-2.4376,-2.1943,-1.4009,-1.2285
0.44013,-2.3777,-2.7457,1.3038,2.9505,-1.7508,-2.1021,-6.3281,-2.407,-2.0531,-1.3452,-1.1718
0.42686,-2.4836,-2.8451,1.3662,3.0027,-1.7867,-2.1406,-6.1789,-2.3868,-1.9405,-1.3278,-1.1484
0.49018,-2.4115,-2.8783,1.3265,3.0461,-1.6551,-2.1994,-6.0576,-2.3959,-1.8825,-1.3739,-1.1673
0.6127,-2.1872,-2.8413,1.2021,3.0684,-1.3856,-2.2834,-5.9533,-2.441,-1.8944,-1.5014,-1.2329
0.75791,-1.8771,-2.7521,1.0356,3.0579,-1.0457,-2.3928,-5.8476,-2.5129,-1.9748,-1.7158,-1.3462
0.88157,-1.5628,-2.6367,0.87904,3.0072,-0.7145,-2.5228,-5.7236,-2.5898,-2.1061,-2.0102,-1.5037
0.94671,-1.3129,-2.513,0.77601,2.9159,-0.4541,-2.6641,-5.5733,-2.6471,-2.2601,-2.3658,-1.6982
0.93589,-1.1624,-2.3789,0.74843,2.7893,-0.28839,-2.8022,-5.4014,-2.6683,-2.4064,-2.7522,-1.919
0.85459,-1.1036,-2.2079,0.7906,2.6361,-0.19246,-2.9198,-5.2224,-2.6534,-2.5213,-3.1322,-2.1534
0.72475,-1.0907,-1.9531,0.87318,2.4652,-0.098556,-3.0013,-5.0561,-2.6229,-2.5951,-3.4681,-2.3879
0.57342,-1.0607,-1.5676,0.95768,2.2854,0.074932,-3.037,-4.9217,-2.612,-2.632,-3.7323,-2.6098
0.42343,-0.96708,-1.0365,1.0157,2.1077,0.37771,-3.0263,-4.8303,-2.6562,-2.6451,-3.9158,-2.8067
0.28791,-0.80892,-0.40176,1.0421,1.9486,0.79231,-2.9771,-4.7794,-2.7722,-2.6489,-4.0298,-2.9663
0.16762,-0.63645,0.23918,1.0567,1.8259,1.2328,-2.9025,-4.7507,-2.9468,-2.6531,-4.0981,-3.0775
0.050508,-0.53161,0.75709,1.096,1.751,1.5734,-2.8172,-4.7175,-3.1407,-2.6601,-4.1444,-3.1331
-0.084565,-0.57739,1.0234,1.2002,1.7258,1.6879,-2.7342,-4.6566,-3.3045,-2.6652,-4.1808,-3.132
-0.25833,-0.83069,0.94241,1.4001,1.7473,1.486,-2.6611,-4.5593,-3.3971,-2.6589,-4.2036,-3.0783
-0.47827,-1.3053,0.47797,1.7063,1.8162,0.93811,-2.5986,-4.4322,-3.3988,-2.6308,-4.1949,-2.9777
-0.72969,-1.9649,-0.3294,2.1029,1.9407,0.089447,-2.5422,-4.2918,-3.316,-2.5753,-4.1344,-2.8351
-0.97717,-2.7276,-1.3634,2.5492,2.1326,-0.94058,-2.4872,-4.1552,-3.1766,-2.4952,-4.0119,-2.6575
-1.1771,-3.4852,-2.4533,2.99,2.3956,-1.9823,-2.4349,-4.0327,-3.0198,-2.4025,-3.8387,-2.4584
-1.2976,-4.1354,-3.414,3.3728,2.7102,-2.8652,-2.3948,-3.9254,-2.8841,-2.3151,-3.6476,-2.2602
-1.3356,-4.6128,-4.0927,3.6644,3.0274,-3.4716,-2.383,-3.825,-2.7971,-2.2503,-3.4807,-2.0899
-1.3216,-4.9067,-4.4076,3.8623,3.2839,-3.766,-2.4163,-3.717,-2.7701,-2.2185,-3.3748,-1.9708
-1.3049,-5.0608,-4.3724,3.9951,3.4323,-3.7978,-2.5053,-3.5828,-2.7945,-2.2191,-3.3487,-1.9143
-1.3276,-5.1571,-4.0979,4.1089,3.4668,-3.6878,-2.6499,-3.4092,-2.8493,-2.2395,-3.3986,-1.9196
-1.4008,-5.2865,-3.7637,4.2435,3.4269,-3.5941,-2.8384,-3.1919,-2.9075,-2.2607,-3.5018,-1.9795
-1.4988,-5.5119,-3.5602,4.4109,3.3781,-3.6567,-3.0507,-2.9381,-2.946,-2.265,-3.6278,-2.0874
-1.5742,-5.8398,-3.62,4.5873,3.3849,-3.9419,-3.2645,-2.6683,-2.9513,-2.243,-3.7533,-2.2414
-1.5828,-6.2153,-3.9666,4.7271,3.484,-4.4126,-3.4598,-2.404,-2.9187,-2.1966,-3.8688,-2.4426
-1.503,-6.5471,-4.5056,4.7865,3.6726,-4.9432,-3.6229,-2.1577,-2.8473,-2.1361,-3.9797,-2.6895
-1.3415,-6.7488,-5.0658,4.7431,3.9143,-5.3733,-3.7494,-1.9304,-2.7365,-2.0751,-4.0987,-2.9728
-1.1251,-6.7698,-5.4694,4.602,4.1559,-5.5716,-3.8443,-1.7093,-2.5851,-2.0252,-4.2366,-3.2745
-0.88753,-6.6038,-5.596,4.3871,4.3484,-5.4766,-3.9192,-1.4772,-2.3975,-1.9936,-4.3955,-3.5719
-0.65637,-6.2829,-5.4154,4.1286,4.4643,-5.1067,-3.9865,-1.2248,-2.1818,-1.9826,-4.5671,-3.8443
-0.44537,-5.8689,-4.9902,3.8544,4.506,-4.5501,-4.054,-0.95708,-1.9496,-1.9884,-4.7332,-4.0765
-0.25356,-5.4427,-4.4543,3.587,4.5036,-3.9439,-4.1215,-0.69009,-1.7153,-2.0025,-4.8698,-4.2604
-0.070215,-5.0866,-3.9736,3.3417,4.5033,-3.4402,-4.1831,-0.44338,-1.4905,-2.0153,-4.9536,-4.3932
0.11553,-4.862,-3.6991,3.127,4.5485,-3.1629,-4.2312,-0.23325,-1.2796,-2.0201,-4.9685,-4.4762
0.30374,-4.7961,-3.7226,2.9482,4.6637,-3.1699,-4.2624,-0.061981,-1.079,-2.0142,-4.9095,-4.5133
0.47852,-4.8798,-4.0467,2.8139,4.8467,-3.4391,-4.28,0.080195,-0.87394,-1.9998,-4.7859,-4.5115
0.61329,-5.0785,-4.5839,2.7375,5.0707,-3.8834,-4.2965,0.20871,-0.64773,-1.983,-4.6195,-4.4826
0.68408,-5.3441,-5.1938,2.7302,5.2941,-4.3874,-4.3341,0.33509,-0.39068,-1.9749,-4.4411,-4.4448
0.68315,-5.6249,-5.7389,2.7894,5.4769,-4.8474,-4.4219,0.45984,-0.10588,-1.9884,-4.2845,-4.4205
0.62605,-5.8734,-6.1291,2.8935,5.5968,-5.1987,-4.5889,0.57116,0.19207,-2.0338,-4.1762,-4.4308
0.54597,-6.0548,-6.3389,3.0087,5.6561,-5.4214,-4.8546,0.64711,0.48222,-2.1121,-4.1264,-4.489
0.47676,-6.1549,-6.3991,3.1024,5.674,-5.5317,-5.2237,0.66646,0.74817,-2.2126,-4.1273,-4.5974
0.43496,-6.183,-6.3743,3.1573,5.6708,-5.5731,-5.6853,0.61471,0.98121,-2.3161,-4.1591,-4.7463
0.41185,-6.1684,-6.3352,3.1779,5.6591,-5.6015,-6.2167,0.49055,1.1789,-2.4042,-4.2025,-4.918
0.37932,-6.1477,-6.3312,3.187,5.64,-5.6637,-6.788,0.30956,1.3386,-2.4691,-4.2482,-5.0931
0.30489,-6.1504,-6.3697,3.2129,5.6055,-5.7773,-7.3671,0.096358,1.4523,-2.5164,-4.301,-5.2563
0.16751,-6.1861,-6.4106,3.2745,5.5423,-5.9208,-7.9257,-0.12364,1.5052,-2.5623,-4.3767,-5.4007
-0.032709,-6.2371,-6.38,3.37,5.4361,-6.0367,-8.4452,-0.32936,1.4816,-2.6256,-4.495,-5.5274
-0.27484,-6.2602,-6.1932,3.476,5.2765,-6.0442,-8.9196,-0.51187,1.3719,-2.7211,-4.6707,-5.6433
-0.5278,-6.1996,-5.7763,3.5561,5.0589,-5.8586,-9.3518,-0.67435,1.1816,-2.8545,-4.9052,-5.7543
-0.76515,-6.007,-5.0865,3.5761,4.783,-5.4176,-9.7446,-0.82762,0.93034,-3.0195,-5.1816,-5.8593
-0.9744,-5.6615,-4.1354,3.5186,4.4548,-4.7075,-10.093,-0.98513,0.64745,-3.1986,-5.4658,-5.9459
-1.1557,-5.1828,-3.0067,3.3913,4.0914,-3.7829,-10.386,-1.1586,0.36585,-3.3669,-5.7143,-5.9931
-1.3139,-4.6349,-1.851,3.224,3.7262,-2.7672,-10.609,-1.3537,0.11125,-3.4979,-5.8856,-5.9786
-1.4504,-4.112,-0.85246,3.0592,3.407,-1.8266,-10.747,-1.566,-0.10389,-3.5704,-5.9509,-5.8895
-1.5597,-3.7112,-0.18028,2.937,3.1852,-1.1243,-10.791,-1.7833,-0.28009,-3.5748,-5.9022,-5.7299
-1.6302,-3.5026,0.059381,2.8831,3.0977,-0.77391,-10.734,-1.9866,-0.42928,-3.5156,-5.7557,-5.5201
-1.6505,-3.5101,-0.14296,2.9015,3.1529,-0.80997,-10.581,-2.1542,-0.56515,-3.4092,-5.5473,-5.2895
-1.6183,-3.7092,-0.69512,2.9783,3.3253,-1.1827,-10.344,-2.2666,-0.69431,-3.277,-5.318,-5.065
-1.5463,-4.0424,-1.4351,3.0926,3.5647,-1.7792,-10.037,-2.3111,-0.81107,-3.1379,-5.0936,-4.8615
-1.4603,-4.4412,-2.1875,3.2269,3.8149,-2.464,-9.6748,-2.285,-0.89897,-3.0033,-4.8764,-4.6781
-1.3854,-4.8443,-2.818,3.3696,4.0335,-3.1223,-9.266,-2.1973,-0.93839,-2.8757,-4.651,-4.5032
-1.3318,-5.2104,-3.2676,3.5125,4.2045,-3.6884,-8.8197,-2.0655,-0.91548,-2.7485,-4.3953,-4.3219
-1.2881,-5.5257,-3.562,3.6485,4.3431,-4.1539,-8.3448,-1.9104,-0.82723,-2.6087,-4.0899,-4.1225
-1.2279,-5.8033,-3.7955,3.7721,4.4867,-4.557,-7.8487,-1.7505,-0.6817,-2.4446,-3.7259,-3.8985
-1.1232,-6.0711,-4.0921,3.8798,4.6771,-4.9605,-7.3365,-1.5999,-0.49554,-2.2548,-3.3116,-3.6498
-0.9586,-6.353,-4.5568,3.9677,4.9403,-5.4237,-6.8115,-1.4703,-0.28948,-2.0539,-2.8751,-3.3836
-0.73806,-6.6535,-5.2344,4.031,5.2739,-5.973,-6.2776,-1.3701,-0.082165,-1.87,-2.4582,-3.1123
-0.48483,-6.953,-6.0856,4.0635,5.6464,-6.5817,-5.7412,-1.3047,0.1143,-1.7357,-2.1051,-2.8494
-0.23504,-7.2127,-6.9874,4.0605,6.0063,-7.1697,-5.2139,-1.2761,0.29327,-1.6768,-1.8483,-2.605
-0.027614,-7.39,-7.7683,4.0221,6.2958,-7.6322,-4.7128,-1.286,0.44817,-1.7025,-1.6995,-2.3844
0.10712,-7.456,-8.273,3.9548,6.4664,-7.8855,-4.2569,-1.3375,0.56882,-1.801,-1.6477,-2.1899
0.15693,-7.4006,-8.4158,3.8668,6.4915,-7.8957,-3.8609,-1.4341,0.64257,-1.9431,-1.6668,-2.0221
0.13062,-7.2258,-8.19,3.7624,6.3728,-7.6736,-3.529,-1.5768,0.65659,-2.0932,-1.7277,-1.8832
0.051552,-6.9365,-7.6477,3.6383,6.1358,-7.2522,-3.2531,-1.7632,0.59807,-2.2243,-1.8109,-1.779
-0.055369,-6.5389,-6.8754,3.4881,5.8189,-6.6721,-3.0168,-1.988,0.45415,-2.3278,-1.9129,-1.7195
-0.17582,-6.0481,-5.971,3.3107,5.4616,-5.9749,-2.8038,-2.2451,0.21494,-2.415,-2.0457,-1.7164
-0.31091,-5.4937,-5.0215,3.1167,5.095,-5.2019,-2.6054,-2.5281,-0.12056,-2.5085,-2.2284,-1.7795
-0.47353,-4.9173,-4.0907,2.9266,4.733,-4.3934,-2.4228,-2.8306,-0.53944,-2.629,-2.4735,-1.9125
-0.68013,-4.3622,-3.219,2.763,4.3717,-3.5868,-2.2675,-3.1467,-1.0155,-2.7842,-2.7764,-2.1118
-0.94214,-3.859,-2.425,2.6412,3.9964,-2.8106,-2.1585,-3.4732,-1.5164,-2.9664,-3.1157,-2.3671
-1.2588,-3.4184,-1.7039,2.563,3.5919,-2.0792,-2.1169,-3.8106,-2.0144,-3.1595,-3.4637,-2.6656
-1.6121,-3.0328,-1.0324,2.5163,3.1528,-1.3943,-2.1552,-4.1633,-2.4928,-3.3475,-3.7971,-2.9965
-1.968,-2.6845,-0.38106,2.4804,2.6883,-0.7507,-2.2656,-4.5361,-2.9471,-3.5205,-4.102,-3.3525
-2.288,-2.3581,0.27215,2.4348,2.2211,-0.14399,-2.4132,-4.9274,-3.379,-3.6763,-4.3721,-3.7254
-2.5472,-2.0509,0.93125,2.3709,1.7786,0.42168,-2.5399,-5.3196,-3.7874,-3.8174,-4.6031,-4.0987
-2.7443,-1.7769,1.5773,2.2965,1.3832,0.92926,-2.5807,-5.6754,-4.1636,-3.9462,-4.787,-4.4413
-2.8928,-1.5571,2.1727,2.2277,1.0497,1.3544,-2.4868,-5.9475,-4.4955,-4.0633,-4.9129,-4.713
-3.0035,-1.4008,2.6786,2.1714,0.78402,1.682,-2.2449,-6.1008,-4.7793,-4.1698,-4.9747,-4.8803
-3.0748,-1.2892,3.0778,2.1136,0.57827,1.9226,-1.8777,-6.1328,-5.0279,-4.2717,-4.9756,-4.932
-3.0959,-1.1772,3.3886,2.022,0.40986,2.119,-1.4277,-6.0774,-5.2663,-4.3793,-4.9257,-4.8799
-3.0525,-1.0027,3.6713,1.859,0.24668,2.3519,-0.93632,-5.9882,-5.516,-4.4995,-4.8356,-4.747
-2.9315,-0.6885,4.0378,1.5948,0.055706,2.7587,-0.42208,-5.9124,-5.78,-4.6281,-4.7099,-4.5539
-2.7256,-0.13059,4.6324,1.2085,-0.1906,3.5371,0.13742,-5.8741,-6.04,-4.7471,-4.5446,-4.3112
-2.4397,0.81223,5.5258,0.68261,-0.50922,4.838,0.81179,-5.8677,-6.2667,-4.8306,-4.328,-4.0159
-2.0974,2.2803,6.5954,0.0067345,-0.90402,6.5525,1.7058,-5.8637,-6.4314,-4.8539,-4.0478,-3.6551
-1.7399,4.3036,7.6659,-0.79451,-1.3734,8.3895,2.9362,-5.8205,-6.5166,-4.8,-3.6997,-3.2161
-1.4118,6.7192,8.8033,-1.6377,-1.9243,10.257,4.6024,-5.6957,-6.5169,-4.6643,-3.291,-2.6963
-1.1419,9.2542,10.284,-2.4234,-2.5726,12.31,6.7542,-5.4559,-6.4359,-4.4523,-2.8396,-2.1082
-0.9302,11.716,12.338,-3.1245,-3.3238,14.739,9.3804,-5.0824,-6.2806,-4.1733,-2.3647,-1.4713
-0.75204,14.095,14.995,-3.8062,-4.1554,17.628,12.396,-4.5701,-6.054,-3.83,-1.875,-0.79646
-0.5766,16.517,18.098,-4.5627,-5.011,20.938,15.585,-3.9229,-5.7499,-3.4092,-1.3558,-0.069856
-0.38853,19.104,21.402,-5.4512,-5.8259,24.516,18.769,-3.1474,-5.3522,-2.8735,-0.76037,0.75984
-0.19963,21.879,24.63,-6.4733,-6.5575,28.07,21.994,-2.2483,-4.8392,-2.1575,-0.0037412,1.7901
-0.041788,24.744,27.479,-7.588,-7.2031,31.193,25.408,-1.2312,-4.1931,-1.1702,1.0387,3.1656
0.054032,27.552,29.692,-8.7414,-7.8009,33.511,29.102,-0.11695,-3.4146,0.18454,2.5149,5.05
0.07751,30.217,31.225,-9.9175,-8.4124,34.853,33.07,1.0406,-2.5347,1.9577,4.5328,7.5286
0.047329,32.779,32.368,-11.199,-9.0882,35.34,37.256,2.1528,-1.614,4.0885,7.0432,10.476
0.0069846,35.359,33.608,-12.767,-9.8212,35.374,41.605,3.1218,-0.72047,6.3924,9.7891,13.57
0.0098554,38.081,34.907,-14.787,-10.529,35.562,46.021,3.883,0.1033,8.6632,12.456,16.525
0.098687,40.986,35.443,-17.228,-11.126,36.342,50.346,4.4342,0.86277,10.803,14.88,19.252
0.28878,43.992,35.457,-19.853,-11.633,37.541,54.426,4.826,1.6022,12.851,17.081,21.814
0.5623,46.98,35.952,-22.425,-12.18,39.038,58.162,5.1233,2.3684,14.918,19.159,24.296
0.87532,49.94,37.439,-24.857,-12.926,41.266,61.507,5.3639,3.1733,17.083,21.19,26.749
1.1766,52.985,40.22,-27.183,-13.995,44.613,64.387,5.5442,3.9797,19.323,23.179,29.174
1.4293,56.296,44.378,-29.478,-15.448,49.105,66.618,5.6242,4.7146,21.51,25.068,31.545
1.627,60.048,49.623,-31.811,-17.262,54.471,67.846,5.547,5.2947,23.467,26.771,33.82
1.7964,64.344,55.533,-34.216,-19.336,60.389,67.629,5.2606,5.6554,25.059,28.208,35.949
1.9841,69.144,61.875,-36.679,-21.52,66.676,65.762,4.7353,5.7669,26.23,29.335,37.881
2.2363,74.25,68.572,-39.139,-23.665,73.185,62.519,3.9738,5.637,26.997,30.156,39.577
2.5789,79.379,75.444,-41.515,-25.651,79.676,58.43,3.0103,5.3011,27.398,30.717,41.022
3.0099,84.291,82.055,-43.742,-27.415,85.814,53.836,1.8995,4.8043,27.456,31.094,42.233
3.5023,88.86,87.835,-45.821,-28.975,91.239,48.717,0.70016,4.1852,27.172,31.348,43.26
4.0165,93.098,92.335,-47.887,-30.39,95.75,42.811,-0.53839,3.4668,26.546,31.476,44.179
4.5108,97.161,95.52,-50.214,-31.653,99.487,35.853,-1.78,2.6573,25.601,31.412,45.048
4.9476,101.18,97.752,-53.058,-32.585,102.77,27.761,-2.9969,1.761,24.373,31.084,45.829
5.2983,104.79,99.238,-56.329,-32.859,105.63,18.762,-4.16,0.79383,22.878,30.47,46.349
5.5457,106.9,99.474,-59.412,-32.24,107.4,9.5793,-5.2331,-0.20773,21.097,29.575,46.417
5.6849,106.55,97.563,-61.399,-30.855,107.07,1.458,-6.1785,-1.1932,19.016,28.396,45.948
5.7205,103.89,93.4,-61.478,-29.069,104.16,-4.0853,-6.9727,-2.1188,16.72,26.919,44.943
5.6593,99.786,87.861,-59.226,-27.11,99.044,-5.4658,-7.6245,-2.969,14.393,25.139,43.43
5.492,94.721,81.826,-54.922,-25.002,92.413,-2.516,-8.181,-3.7651,12.201,23.087,41.465
5.185,88.509,75.742,-49.563,-22.75,84.928,0.98405,-8.7156,-4.5577,10.204,20.82,39.151
4.7026,81.046,69.735,-44.075,-20.457,77.166,2.3085,-9.3042,-5.407,8.3709,18.403,36.614
4.0401,72.719,63.782,-38.822,-18.28,69.49,2.4067,-10.002,-6.3639,6.6456,15.909,33.952
3.2316,64.061,57.768,-33.833,-16.333,61.912,2.2387,-10.831,-7.4617,4.9856,13.402,31.215
2.3278,55.497,51.583,-29.052,-14.649,54.278,2.1049,-11.789,-8.7206,3.3756,10.937,28.412
1.3691,47.313,45.261,-24.412,-13.211,46.621,2.0597,-12.849,-10.159,1.8158,8.5607,25.529
0.37694,39.611,38.981,-19.861,-11.972,39.145,2.0832,-13.98,-11.805,0.299,6.3379,22.543
-0.63611,32.352,32.951,-15.396,-10.879,32.008,2.1216,-15.154,-13.694,-1.209,4.3423,19.427
-1.6565,25.51,27.368,-11.058,-9.8867,25.383,2.104,-16.364,-15.861,-2.7776,2.6129,16.152
-2.6705,19.142,22.365,-6.9095,-8.9729,19.674,1.9634,-17.628,-18.318,-4.5053,1.1213,12.745
-3.668,13.291,18.095,-3.1363,-8.1516,15.364,1.657,-18.98,-21.054,-6.497,-0.20973,9.4001
-4.64,7.9122,14.936,-0.16207,-7.4682,12.216,1.1738,-20.453,-24.029,-8.8207,-1.4628,6.4444
-5.5749,3.3372,12.967,1.8175,-6.973,9.3012,0.53102,-22.06,-27.171,-11.459,-2.6941,4.0807
-6.4559,0.22259,11.762,3.0649,-6.6855,6.4034,-0.23684,-23.776,-30.369,-14.287,-3.9225,2.2732
-7.2644,-1.4562,10.937,3.9255,-6.5785,4.1464,-1.0921,-25.542,-33.482,-17.11,-5.1318,0.87683
-7.9863,-2.2885,10.297,4.6273,-6.591,2.8336,-2.0055,-27.293,-36.377,-19.737,-6.2845,-0.24129
-8.6182,-2.809,9.7386,5.2857,-6.6568,2.1625,-2.9531,-28.984,-38.96,-22.057,-7.3463,-1.1761
-9.1687,-3.3193,9.2077,5.9349,-6.7301,1.7179,-3.9084,-30.622,-41.199,-24.074,-8.3098,-1.9972
-9.6546,-3.9199,8.6978,6.5598,-6.8017,1.2639,-4.8621,-32.258,-43.109,-25.87,-9.1992,-2.7586
-10.104,-4.5758,8.2603,7.1277,-6.9039,0.75519,-5.8522,-33.98,-44.733,-27.535,-10.056,-3.5011
-10.556,-5.1855,8.0001,7.6111,-7.0967,0.26527,-6.9413,-35.87,-46.109,-29.073,-10.917,-4.2525
-11.037,-5.6422,8.0407,7.9955,-7.4337,-0.092636,-8.1444,-37.951,-47.258,-30.399,-11.792,-5.0253
-11.534,-5.8754,8.459,8.2724,-7.9212,-0.23016,-9.3733,-40.117,-48.176,-31.43,-12.647,-5.806
-11.978,-5.864,9.2283,8.4285,-8.5,-0.11572,-10.458,-42.059,-48.837,-32.157,-13.391,-6.5457
-12.271,-5.6328,10.221,8.44,-9.0764,0.22988,-11.219,-43.233,-49.184,-32.594,-13.887,-7.1672
-12.349,-5.2384,11.277,8.2775,-9.5772,0.763,-11.491,-42.879,-49.094,-32.692,-13.976,-7.5927
-12.209,-4.7515,12.291,7.9226,-9.9697,1.4574,-11.114,-40.28,-48.275,-32.234,-13.54,-7.7727
-11.889,-4.2349,13.245,7.3886,-10.24,2.3258,-10.054,-37.946,-46.582,-31.106,-12.66,-7.7031
-11.433,-3.7177,14.179,6.7479,-10.372,3.3803,-9.3834,-51.212,-47.905,-32.032,-12.105,-7.4346
-11.075,-3.1649,15.085,6.195,-10.334,4.5603,-19.477,-57.782,-49.716,-33.771,-16.961,-7.147
-12.689,-2.4244,15.914,6.2777,-10.064,5.7741,-28.048,-61.68,-51.932,-36.214,-26.453,-7.9487
-17.244,-1.1568,16.715,8.8534,-9.5556,7.043,-28.459,-66.309,-55.134,-39.592,-28.295,-15.149
-20.38,1.198,17.667,16.283,-11.233,8.6068,-27.809,-69.684,-58.043,-42.688,-30.008,-20.058
-22.588,4.9695,19.535,20.186,-16.354,10.963,-26.141,-68.496,-58.196,-43.49,-30.475,-19.522
-22.554,5.1911,24.247,17.383,-18.459,14.772,-21.817,-58.52,-52.15,-39.409,-27.771,-15.938
-19.148,1.378,30.865,10.488,-19.342,20.341,-13.581,-34.502,-36.021,-27.757,-20.098,-8.9849
-12.121,13.744,35.436,0.48647,-18.659,27.905,-0.55936,8.6775,-6.2726,-6.6145,-6.3686,0.75158
-1.8891,26.974,36.416,-11.335,-16.072,34.518,18.377,72.944,39.263,24.763,13.849,12.463
10.976,37.366,33.539,-23.455,-11.26,37.8,43.284,155.72,100.36,66.231,40.625,25.76
26.256,43.797,27.112,-35.257,-2.878,36.076,72.203,250.03,174.13,116.86,74.068,41.09
44.564,47.839,17.402,-47.776,12.304,31.091,100.49,344.77,255.7,174.75,114.93,60.287
68.279,53.695,3.9192,-63.762,35.776,25.652,120.64,426.49,339.46,238.72,164.78,86.911
101.26,66.682,-14.572,-87.5,63.324,23.526,122.61,481.9,420.04,310.66,226.52,125.33
146.52,92.849,-35.91,-124.09,95.238,28.65,97.093,500.37,492.89,390.57,303.84,179.5
205.03,141.19,-50.062,-177.22,131.88,43.722,39.96,475.79,554.03,478.03,398.85,252.79
276.33,210.51,-55.088,-247.68,170.98,74.171,-48.798,407.84,600.34,572.53,511.74,346.03
358.61,296.61,-51.988,-333.01,210.41,120.54,-165.21,302.21,631.18,673.2,640.45,456.75
447.66,394.49,-42.302,-427.51,249.46,174.8,-301.77,169.63,648.78,778.28,780.47,579.61
536.86,493.89,-28.99,-522.47,287.7,230.59,-448.62,24.051,656.62,883.69,924.09,706.33
617.84,582.07,-19.419,-607.17,323.52,279.85,-595.26,-119.86,657.06,981.56,1059.7,825.53
681.32,645.09,-18.538,-670.08,354.67,312.23,-731.98,-249.42,649.56,1059.5,1171.5,923.09
718.51,669.68,-30.072,-700.33,378.92,318.36,-850.26,-356.1,630.03,1101.7,1241.1,983.63
722.68,646.33,-56.389,-690,394.12,292.81,-942.65,-436.08,592.17,1092.5,1250.9,993.6
690.82,573.09,-96.339,-636.71,398.12,235.77,-1002.9,-489.05,530.2,1021.6,1189.7,945.33
624.67,458.02,-144,-545.3,388.77,154.27,-1026.9,-517.18,441.72,888.96,1057.8,840.59
530.82,318.43,-189.44,-427.46,364.41,61.754,-1013.3,-524.69,329.92,707.02,868.57,691.58
419.78,176.42,-221.54,-299.48,324.75,-25.454,-964.69,-517.26,203.99,498.34,646.46,518.72
304.16,52.888,-231.55,-178.59,271.66,-92.918,-887.42,-500.47,76.795,289.98,420.99,345.64
196.35,-37.456,-216.13,-79.15,209.45,-131.15,-790.04,-478.3,-38.627,106.64,219.56,193.41
106.24,-88.924,-178.52,-9.4188,144.42,-138.76,-681.81,-452.22,-131.52,-34.664,61.507,75.927
39.634,-105,-127.43,29.899,84.447,-121.97,-571.63,-420.83,-194.58,-126.57,-44.597,-1.8896
-1.6803,-95.16,-74.195,44.695,36.882,-91.087,-467.3,-381.3,-224.6,-170.56,-100.3,-43.067
-19.263,-71.088,-27.261,43.324,6.6246,-56.805,-374.49,-332.33,-223,-174.59,-114.69,-55.728
-21.79,-43.777,-0.29396,32.834,-3.0358,-26.365,-295.82,-275.59,-195.6,-150.6,-101.27,-49.927
-15.7,-22.178,6.8285,19.356,-4.0005,-6.7672,-231.41,-214.57,-151.5,-112.09,-74.175,-35.057
-6.2086,-10.729,8.2256,8.6086,-1.8352,0.68245,-180.32,-154.04,-101.42,-71.593,-44.294,-18.408
1.7616,-7.9595,7.2066,2.8826,1.536,-0.49838,-141.07,-99.295,-55.214,-37.717,-18.86,-4.9357
6.2992,-15.555,3.6405,1.4428,5.0472,-7.576,-111.35,-54.076,-18.928,-14.115,-1.9068,3.0298
8.1238,-21.298,-1.8936,5.4108,7.878,-16.158,-88.701,-21.023,2.3237,-1.4147,6.0785,5.2942
8.1958,-23.395,-7.0772,8.7401,9.7403,-21.443,-71.246,-0.87062,11.197,2.5001,7.0409,0.5055
0.77357,-23.815,-10.199,9.3632,7.867,-24.079,-58.309,9.1795,13.45,1.0321,3.6839,-7.4045
-0.16814,-22.066,-6.9674,9.3425,5.9321,-21.894,-49.108,12.829,12.919,-2.446,-1.3508,-8.6221
-0.29879,-20.105,-7.1708,8.998,5.7642,-19.267,-41.787,13.101,11.393,-5.9143,-5.7178,-9.5412
-0.20476,-19.049,-7.3458,8.6421,5.7242,-18.249,-35.359,12.198,9.7353,-8.7685,-9.7181,-9.6744
-0.10107,-18.812,-7.0733,8.4666,5.6906,-18.186,-29.868,11.413,6.5795,-10.566,-9.7741,-9.4957
-0.10209,-19.067,-6.3854,8.4876,5.5544,-18.486,-25.451,8.1377,0.33385,-8.1033,-8.3418,-9.8415
-0.24052,-19.502,-5.3797,8.635,5.2823,-18.733,-21.98,9.6527,1.8063,-7.1089,-8.3067,-10.716
-0.48675,-19.852,-4.2085,8.8179,4.896,-18.634,-19.129,13.227,3.1981,-7.071,-8.7602,-11.888
-0.79195,-19.956,-3.0558,8.9641,4.4456,-18.146,-16.57,16.024,3.8662,-7.3453,-9.3627,-13.183
-1.1074,-19.797,-2.1153,9.0425,3.9994,-17.427,-14.088,17.922,4.0654,-7.7399,-9.9854,-14.488
-1.3924,-19.473,-1.5293,9.0634,3.624,-16.686,-11.49,19.158,4.0847,-8.1232,-10.549,-15.688
-1.6188,-19.13,-1.3331,9.0604,3.3606,-16.103,-9.0012,20.003,4.1414,-8.3952,-10.967,-16.664
-1.7706,-18.885,-1.4579,9.0641,3.2176,-15.782,-6.9288,20.691,4.359,-8.4891,-11.163,-17.347
-1.8414,-18.771,-1.7482,9.0811,3.1739,-15.709,-5.292,21.399,4.7727,-8.3931,-11.116,-17.749
-1.8357,-18.73,-1.9715,9.09,3.1794,-15.753,-3.99,22.237,5.3481,-8.162,-10.893,-17.944
-1.7743,-18.659,-1.8899,9.0566,3.1605,-15.721,-2.9373,23.255,6.0096,-7.8832,-10.615,-18.025
-1.6954,-18.477,-1.376,8.9604,3.0484,-15.45,-2.0832,24.462,6.6757,-7.6185,-10.38,-18.067
-1.6402,-18.178,-0.47706,8.8134,2.8198,-14.902,-1.3944,25.844,7.2952,-7.3803,-10.22,-18.111
-1.6304,-17.846,0.59755,8.6578,2.5147,-14.215,-0.83682,27.375,7.8681,-7.1407,-10.11,-18.155
-1.6534,-17.623,1.5448,8.5455,2.2219,-13.671,-0.36692,29.021,8.4368,-6.8504,-9.989,-18.161
-1.6655,-17.643,2.0563,8.5133,2.0523,-13.568,0.068572,30.734,9.0578,-6.4605,-9.7971,-18.076
-1.6117,-17.967,1.9095,8.5663,2.0987,-14.093,0.52465,32.465,9.7719,-5.9435,-9.4982,-17.86
-1.4525,-18.555,1.0514,8.6761,2.3962,-15.24,1.0452,34.178,10.589,-5.3022,-9.0896,-17.501
-1.1796,-19.27,-0.36285,8.7888,2.9059,-16.788,1.6506,35.878,11.487,-4.5668,-8.5988,-17.013
-0.81761,-19.921,-2.0093,8.8419,3.5251,-18.372,2.3314,37.608,12.418,-3.7847,-8.0787,-16.43
-0.41585,-20.324,-3.5075,8.785,4.1193,-19.604,3.0517,39.434,13.324,-3.0107,-7.592,-15.805
-0.033433,-20.372,-4.5508,8.598,4.5636,-20.213,3.7612,41.406,14.15,-2.2988,-7.1857,-15.198
0.28064,-20.066,-4.9958,8.2967,4.7848,-20.137,4.4117,43.534,14.883,-1.6911,-6.8704,-14.648
0.50686,-19.514,-4.8816,7.9221,4.7842,-19.536,4.9754,45.791,15.56,-1.2012,-6.614,-14.149
0.66506,-18.867,-4.3837,7.5181,4.6318,-18.704,5.4602,48.132,16.267,-0.8007,-6.3562,-13.651
0.80885,-18.264,-3.7402,7.1114,4.4334,-17.947,5.9146,50.52,17.114,-0.42651,-6.0375,-13.09
1.0056,-17.779,-3.1689,6.7015,4.2861,-17.483,6.4139,52.931,18.212,-0.011018,-5.6298,-12.411
1.3107,-17.391,-2.7843,6.2662,4.2451,-17.356,7.0282,55.348,19.649,0.48456,-5.1495,-11.6
1.7486,-16.995,-2.5529,5.7762,4.3119,-17.406,7.786,57.761,21.482,1.0582,-4.6449,-10.709
2.3074,-16.446,-2.3176,5.2101,4.4437,-17.342,8.6583,60.173,23.697,1.6845,-4.1706,-9.8243
2.9456,-15.646,-1.8977,4.568,4.5759,-16.906,9.5768,62.626,26.192,2.3473,-3.7615,-9.0274
3.6083,-14.61,-1.217,3.8799,4.654,-16.017,10.473,65.198,28.831,3.0639,-3.4183,-8.3635
4.2497,-13.466,-0.35759,3.1978,4.6638,-14.825,11.308,67.982,31.544,3.8828,-3.1073,-7.8303
4.8542,-12.384,0.48327,2.5744,4.6414,-13.639,12.083,71.051,34.363,4.867,-2.7735,-7.3836
5.4457,-11.5,1.0712,2.045,4.6558,-12.763,12.827,74.423,37.356,6.0842,-2.3566,-6.9576
6.0735,-10.87,1.2064,1.6217,4.7743,-12.372,13.585,78.05,40.545,7.5997,-1.8052,-6.4924
6.7862,-10.481,0.78287,1.2987,5.0343,-12.478,14.397,81.834,43.878,9.4571,-1.085,-5.9567
7.6053,-10.277,-0.17315,1.0604,5.4331,-12.963,15.289,85.666,47.268,11.644,-0.17648,-5.3539
8.5128,-10.204,-1.5015,0.88804,5.9344,-13.648,16.261,89.48,50.639,14.066,0.93525,-4.7111
9.4605,-10.214,-2.9485,0.76125,6.4832,-14.375,17.278,93.264,53.947,16.551,2.269,-4.0648
10.404,-10.254,-4.2358,0.65461,7.0196,-15.02,18.271,97.057,57.174,18.92,3.837,-3.4513
11.339,-10.25,-5.1326,0.53142,7.4879,-15.471,19.158,100.9,60.328,21.066,5.6112,-2.8996
12.316,-10.119,-5.5052,0.34507,7.8446,-15.62,19.872,104.84,63.443,22.986,7.5034,-2.4228
13.41,-9.7953,-5.336,0.052274,8.0655,-15.378,20.392,108.85,66.571,24.749,9.4122,-2.0124
14.675,-9.2642,-4.7234,-0.37437,8.1487,-14.741,20.752,112.92,69.785,26.437,11.302,-1.6418
16.094,-8.582,-3.8666,-0.947,8.1194,-13.838,21.021,117.01,73.159,28.115,13.234,-1.2777
17.58,-7.8535,-3.0175,-1.6696,8.0364,-12.894,21.275,121.1,76.749,29.833,15.306,-0.89576
19.032,-7.1757,-2.3937,-2.5319,7.9833,-12.097,21.559,125.2,80.557,31.653,17.554,-0.48911
20.4,-6.5904,-2.1026,-3.4922,8.0421,-11.507,21.876,129.32,84.509,33.674,19.861,-0.067279
21.696,-6.0766,-2.1211,-4.4954,8.2634,-11.065,22.198,133.49,88.479,35.954,22.016,0.35181
22.979,-5.5759,-2.3196,-5.5362,8.658,-10.648,22.485,137.74,92.349,38.385,23.871,0.75056
24.322,-5.0171,-2.5134,-6.7013,9.2091,-10.123,22.707,142.11,96.073,40.756,25.424,1.1194
25.785,-4.3321,-2.5344,-8.1454,9.8885,-9.3883,22.848,146.6,99.692,42.961,26.768,1.4618
27.4,-3.4829,-2.2953,-10.019,10.667,-8.4181,22.911,151.2,103.31,45.042,28.025,1.7979
29.165,-2.4856,-1.8195,-12.381,11.524,-7.2821,22.916,155.91,107.08,47.128,29.318,2.1636
31.056,-1.41,-1.2327,-15.125,12.455,-6.1279,22.899,160.74,111.15,49.363,30.77,2.6046
33.051,-0.35073,-0.72009,-18.005,13.492,-5.1324,22.905,165.7,115.67,51.866,32.495,3.1669
35.148,0.61771,-0.46372,-20.77,14.698,-4.4424,22.972,170.83,120.64,54.698,34.573,3.8906
37.36,1.4824,-0.57965,-23.309,16.149,-4.1246,23.118,176.12,125.93,57.838,36.986,4.8118
39.691,2.3129,-1.0727,-25.666,17.882,-4.1366,23.324,181.57,131.2,61.169,39.606,5.9668
42.105,3.2469,-1.8238,-27.967,19.852,-4.3291,23.544,187.17,136.17,64.533,42.26,7.3931
44.531,4.4323,-2.6233,-30.327,21.94,-4.4964,23.731,192.91,140.73,67.814,44.836,9.1172
46.905,5.9476,-3.2497,-32.788,24.014,-4.4597,23.854,198.81,145,71.016,47.327,11.133
49.204,7.7563,-3.5565,-35.299,25.991,-4.1318,23.911,204.92,149.28,74.251,49.808,13.391
51.464,9.7475,-3.518,-37.76,27.858,-3.525,23.928,211.33,153.94,77.698,52.396,15.815
53.746,11.828,-3.2157,-40.081,29.655,-2.7192,23.937,218.14,159.36,81.545,55.23,18.325
56.117,13.981,-2.7966,-42.212,31.442,-1.8355,23.961,225.44,165.74,85.91,58.438,20.85
58.637,16.267,-2.436,-44.155,33.265,-1.0093,23.994,233.15,172.96,90.754,62.068,23.329
61.343,18.761,-2.3041,-45.967,35.139,-0.35517,24.008,241.09,180.52,95.832,66.024,25.721
64.232,21.478,-2.5252,-47.75,37.055,0.05996,23.966,249.04,187.84,100.79,70.1,28.009
67.243,24.312,-3.1441,-49.638,39.008,0.21858,23.845,256.9,194.56,105.38,74.119,30.203
70.293,27.087,-4.1179,-51.749,41.017,0.14389,23.643,264.71,200.69,109.55,78.019,32.34
73.315,29.663,-5.337,-54.132,43.109,-0.10563,23.374,272.61,206.52,113.45,81.835,34.48
76.302,32.007,-6.6629,-56.758,45.299,-0.44139,23.054,280.79,212.45,117.27,85.652,36.686
79.296,34.177,-7.9655,-59.547,47.572,-0.75727,22.693,289.34,218.88,121.25,89.561,38.998
82.357,36.27,-9.1493,-62.417,49.877,-0.95174,22.29,298.24,226.08,125.55,93.635,41.411
85.531,38.39,-10.164,-65.309,52.149,-0.95436,21.838,307.33,234.06,130.29,97.909,43.879
88.825,40.609,-10.997,-68.204,54.338,-0.74468,21.331,316.45,242.6,135.5,102.36,46.354
92.207,42.966,-11.671,-71.131,56.435,-0.35262,20.761,325.48,251.27,141.09,106.9,48.826
95.624,45.47,-12.243,-74.149,58.465,0.16228,20.113,334.4,259.68,146.87,111.39,51.328
99.024,48.114,-12.803,-77.322,60.471,0.74691,19.367,343.26,267.59,152.55,115.69,53.89
102.38,50.887,-13.443,-80.668,62.49,1.3899,18.498,352.12,274.97,157.95,119.74,56.515
105.67,53.786,-14.2,-84.11,64.535,2.131,17.494,361.03,281.99,163.01,123.53,59.175
108.93,56.822,-15.013,-87.509,66.601,3.0261,16.362,369.96,288.9,167.83,127.14,61.835
112.18,60.022,-15.756,-90.756,68.665,4.0929,15.129,378.79,295.95,172.61,130.7,64.469
115.48,63.408,-16.315,-93.865,70.694,5.3036,13.832,387.31,303.3,177.54,134.33,67.059
118.86,66.98,-16.641,-96.95,72.654,6.6224,12.508,395.33,310.93,182.77,138.12,69.598
122.35,70.749,-16.764,-100.15,74.526,8.0475,11.184,402.79,318.63,188.27,142.09,72.086
125.97,74.736,-16.745,-103.53,76.312,9.6473,9.8834,409.78,326.08,193.9,146.19,74.537
129.68,78.908,-16.58,-107.12,78.03,11.521,8.618,416.44,333.05,199.41,150.36,76.991
133.46,83.08,-16.209,-110.84,79.695,13.683,7.3933,422.91,339.47,204.53,154.56,79.502
137.24,86.93,-15.705,-114.59,81.319,16.036,6.2082,429.16,345.35,209.1,158.7,82.107
140.89,90.172,-15.337,-118.21,82.916,18.408,5.0624,435.06,350.79,213.13,162.69,84.803
144.31,92.698,-15.446,-121.5,84.498,20.493,3.9637,440.37,355.89,216.82,166.49,87.56
147.39,94.562,-16.261,-124.27,86.076,21.871,2.9271,444.92,360.78,220.39,170.11,90.35
150.11,95.91,-17.762,-126.5,87.642,22.281,1.9679,448.71,365.51,224.03,173.63,93.157
152.5,96.963,-19.679,-128.32,89.165,21.865,1.0962,451.81,370.02,227.76,177.08,95.964
154.64,98.004,-21.621,-129.95,90.588,21.075,0.31599,454.37,374.2,231.36,180.49,98.747
156.56,99.286,-23.209,-131.6,91.838,20.447,-0.37331,456.49,377.94,234.53,183.78,101.47
158.29,100.91,-24.179,-133.32,92.848,20.404,-0.97636,458.25,381.15,237.13,186.85,104.1
159.84,102.8,-24.468,-135.04,93.578,21.105,-1.5013,459.68,383.84,239.17,189.64,106.61
161.17,104.72,-24.204,-136.6,94.032,22.392,-1.96,460.81,386.05,240.77,192.14,108.96
162.27,106.42,-23.599,-137.84,94.262,23.885,-2.3708,461.65,387.84,242.02,194.38,111.16
163.09,107.68,-22.857,-138.64,94.357,25.146,-2.7577,462.19,389.2,242.99,196.36,113.2
163.6,108.38,-22.209,-138.99,94.412,25.823,-3.1445,462.4,390.08,243.69,198.07,115.09
163.78,108.5,-21.905,-138.95,94.489,25.744,-3.5446,462.21,390.43,244.12,199.47,116.83
163.58,108.12,-22.088,-138.62,94.59,24.973,-3.9568,461.43,390.18,244.28,200.53,118.4
163.05,107.39,-22.736,-138.13,94.681,23.772,-4.3702,459.78,389.31,244.21,201.28,119.8
162.3,106.43,-23.727,-137.59,94.737,22.48,-4.7749,456.87,387.82,243.93,201.77,120.99
161.52,105.26,-24.903,-137.08,94.77,21.35,-5.1699,452.38,385.69,243.48,202.02,121.94
160.83,103.93,-26.066,-136.5,94.806,20.447,-5.5651,446.37,382.9,242.86,202.05,122.64
160.14,102.54,-26.986,-135.69,94.841,19.677,-5.9775,439.32,379.41,242.01,201.82,123.08
159.26,101.13,-27.494,-134.49,94.818,18.903,-6.4248,431.73,375.18,240.76,201.24,123.27
158.06,99.609,-27.606,-132.79,94.633,18.031,-6.9221,423.81,370.15,238.86,200.17,123.22
156.41,97.877,-27.42,-130.58,94.166,17.043,-7.4822,415.37,364.19,236.03,198.45,122.88
154.22,95.951,-26.904,-127.86,93.282,16.023,-8.1159,406.02,357.21,232.12,195.96,122.2
151.34,93.976,-25.881,-124.73,91.826,15.166,-8.83,395.31,349.15,227.19,192.74,121.11
147.71,92.128,-24.176,-121.35,89.63,14.7,-9.6247,382.89,340.02,221.46,188.86,119.52
143.4,90.511,-21.75,-118.02,86.566,14.76,-10.491,368.65,329.85,215.16,184.46,117.41
138.56,89.111,-18.755,-114.99,82.63,15.323,-11.406,352.84,318.66,208.46,179.6,114.76
133.38,87.82,-15.527,-112.3,78.029,16.232,-12.332,336.02,306.51,201.41,174.28,111.6
128.03,86.469,-12.434,-109.77,73.148,17.249,-13.224,318.81,293.55,194.02,168.48,107.99
122.62,84.88,-9.7095,-106.98,68.373,18.151,-14.053,301.64,279.99,186.24,162.12,103.97
117.16,82.909,-7.4271,-103.53,63.893,18.804,-14.824,284.7,265.98,177.94,155.18,99.596
111.59,80.473,-5.5482,-99.185,59.678,19.195,-15.555,267.87,251.6,168.99,147.67,94.937
105.88,77.576,-3.948,-94.105,55.558,19.415,-16.259,250.94,236.96,159.41,139.76,90.105
100.08,74.337,-2.4469,-88.738,51.299,19.61,-16.923,233.76,222.23,149.54,131.68,85.266
94.203,70.948,-0.87989,-83.533,46.706,19.902,-17.518,216.39,207.58,139.84,123.7,80.621
88.187,67.55,0.84234,-78.684,41.763,20.31,-18.001,199.07,193.13,130.61,116.03,76.309
82.051,64.131,2.7088,-74.138,36.705,20.688,-18.333,182.1,178.86,121.88,108.89,72.319
75.93,60.547,4.6053,-69.758,31.911,20.781,-18.487,165.76,164.73,113.49,102.34,68.493
69.969,56.694,6.353,-65.451,27.663,20.357,-18.462,150.24,150.82,105.26,96.308,64.631
64.24,52.664,7.8272,-61.203,23.993,19.352,-18.292,135.58,137.26,97.1,90.557,60.609
58.757,48.656,9.069,-57.024,20.717,17.928,-18.029,121.68,124.23,89.021,84.853,56.417
53.516,44.766,10.256,-52.894,17.528,16.4,-17.731,108.27,111.86,81.142,79.026,52.124
48.542,40.966,11.54,-48.825,14.137,15.08,-17.434,95.102,100.26,73.668,73.014,47.836
43.897,37.211,12.892,-44.941,10.623,14.109,-17.132,82.061,89.456,66.768,66.879,43.725
39.643,33.463,14.123,-41.316,7.6747,13.417,-16.781,69.298,79.374,60.448,60.814,39.998
35.752,29.634,15.079,-37.843,5.6766,12.793,-16.322,57.224,69.848,54.577,55.078,36.719
32.068,25.595,15.765,-34.347,4.2903,12.035,-15.717,46.311,60.749,49.001,49.854,33.738
28.398,21.281,16.298,-30.721,3.0919,11.059,-14.974,36.783,52.068,43.593,45.15,30.854
24.646,16.861,16.823,-26.965,1.8458,9.9563,-14.157,28.51,43.879,38.238,40.824,27.943
20.87,12.811,17.466,-23.178,0.44504,8.949,-13.359,21.219,36.264,32.874,36.665,24.957
17.211,9.6337,18.305,-19.494,-1.1566,8.2599,-12.664,14.829,29.262,27.624,32.5,21.879
13.773,7.4709,19.339,-16.013,-2.953,7.978,-12.105,9.5027,22.853,22.885,28.353,18.69
10.572,6.1016,20.478,-12.803,-4.8542,8.0166,-11.652,5.2686,17.013,19.045,24.525,15.388
7.6325,5.1898,21.563,-9.9344,-6.6852,8.1657,-11.245,1.8863,11.881,16.009,21.28,12.099
5.0886,4.4509,22.418,-7.4564,-8.2588,8.1809,-10.822,-0.90439,7.6853,13.269,18.5,9.1342
3.0813,3.705,22.907,-5.3891,-9.4673,7.8805,-10.349,-3.2665,4.3752,10.359,15.834,6.7726
1.5998,2.8829,22.988,-3.735,-10.315,7.221,-9.827,-5.296,1.6895,7.2377,12.996,5.0395
0.50644,2.0009,22.729,-2.4514,-10.887,6.3133,-9.2878,-7.0585,-0.55774,4.3777,9.9463,3.7868
-0.36147,1.1223,22.287,-1.448,-11.298,5.3515,-8.7813,-8.6068,-2.4457,2.2231,6.9715,2.8512
-1.1245,0.32119,21.83,-0.63875,-11.638,4.5065,-8.355,-9.9876,-4.0163,0.74756,4.4832,2.1153
-1.8437,-0.34888,21.469,0.026213,-11.947,3.8531,-8.0344,-11.24,-5.3079,-0.28944,2.6536,1.5089
-2.5327,-0.8783,21.225,0.57265,-12.208,3.3565,-7.8096,-12.392,-6.359,-1.0615,1.3727,0.99906
-3.176,-1.3044,21.018,1.0232,-12.379,2.91,-7.6396,-13.453,-7.205,-1.6425,0.4637,0.57914
-3.7471,-1.6891,20.714,1.4041,-12.426,2.4062,-7.4715,-14.418,-7.878,-2.0581,-0.19761,0.25233
-4.2242,-2.0843,20.215,1.7409,-12.344,1.8004,-7.2647,-15.275,-8.411,-2.33,-0.6859,0.013089
-4.6024,-2.5112,19.541,2.0514,-12.169,1.123,-7.0051,-16.011,-8.8373,-2.4938,-1.0551,-0.16148
-4.8961,-2.9613,18.792,2.3433,-11.958,0.43957,-6.7041,-16.617,-9.1889,-2.5975,-1.352,-0.3065
-5.1319,-3.4081,18.083,2.6156,-11.768,-0.18495,-6.3859,-17.086,-9.4875,-2.6885,-1.616,-0.45692
-5.3372,-3.8196,17.507,2.864,-11.641,-0.69674,-6.0769,-17.419,-9.7403,-2.7994,-1.8753,-0.637
-5.5311,-4.167,17.121,3.0852,-11.591,-1.0587,-5.7985,-17.632,-9.9428,-2.9413,-2.1435,-0.85578
-5.7208,-4.4319,16.937,3.2777,-11.609,-1.258,-5.5629,-17.761,-10.087,-3.1039,-2.4196,-1.1072
-5.9024,-4.6069,16.92,3.44,-11.664,-1.3085,-5.3698,-17.853,-10.166,-3.2645,-2.6889,-1.3736
-6.0646,-4.6913,17.006,3.5691,-11.72,-1.2411,-5.2076,-17.951,-10.18,-3.3971,-2.9284,-1.6315
-6.1953,-4.687,17.129,3.6602,-11.742,-1.0859,-5.0548,-18.08,-10.134,-3.483,-3.1135,-1.8589
-6.2899,-4.5985,17.238,3.7114,-11.715,-0.86196,-4.8852,-18.241,-10.037,-3.5163,-3.2266,-2.0414
-6.3556,-4.4402,17.304,3.7309,-11.638,-0.58215,-4.6773,-18.416,-9.9019,-3.5073,-3.2646,-2.1758
-6.4059,-4.2432,17.313,3.7392,-11.525,-0.26661,-4.4247,-18.577,-9.7446,-3.4797,-3.2409,-2.2719
-6.4516,-4.0543,17.258,3.7617,-11.389,0.048235,-4.1397,-18.695,-9.5829,-3.4638,-3.1828,-2.3483
-6.4972,-3.9286,17.13,3.82,-11.247,0.3057,-3.8515,-18.755,-9.4362,-3.4872,-3.1236,-2.4246
-6.5478,-3.9222,16.906,3.9301,-11.104,0.43251,-3.5943,-18.754,-9.3205,-3.565,-3.0906,-2.5113
-6.6163,-4.0879,16.543,4.1094,-10.955,0.3513,-3.39,-18.7,-9.2411,-3.6945,-3.0949,-2.6026
-6.7235,-4.4663,15.983,4.3799,-10.783,0.003183,-3.2359,-18.604,-9.1872,-3.8543,-3.1266,-2.6769
-6.8889,-5.07,15.181,4.759,-10.568,-0.6273,-3.1035,-18.47,-9.1365,-4.0142,-3.1583,-2.7046
-7.1179,-5.8678,14.128,5.2452,-10.296,-1.4962,-2.9518,-18.301,-9.0664,-4.1488,-3.1589,-2.6637
-7.394,-6.7879,12.864,5.8131,-9.9642,-2.5042,-2.7454,-18.098,-8.9649,-4.2483,-3.1104,-2.5547
-7.6868,-7.7409,11.465,6.4209,-9.5811,-3.5244,-2.4685,-17.871,-8.835,-4.3221,-3.0185,-2.4031
-7.9702,-8.6531,10.024,7.0276,-9.166,-4.4446,-2.1275,-17.631,-8.6905,-4.3927,-2.9108,-2.2515
-8.237,-9.4917,8.6245,7.6073,-8.7456,-5.1983,-1.7457,-17.39,-8.5466,-4.4848,-2.8281,-2.1434
-8.4984,-10.272,7.332,8.1565,-8.3493,-5.7803,-1.3525,-17.151,-8.4146,-4.6149,-2.809,-2.1095
-8.7735,-11.051,6.1774,8.6903,-7.9999,-6.247,-0.97189,-16.899,-8.2967,-4.7844,-2.8768,-2.1577
-9.0767,-11.896,5.1561,9.2295,-7.7068,-6.7017,-0.61209,-16.607,-8.1848,-4.9774,-3.0312,-2.274
-9.4099,-12.846,4.2348,9.782,-7.4652,-7.2568,-0.263,-16.237,-8.0629,-5.1661,-3.2508,-2.4306
-9.7594,-13.878,3.3696,10.334,-7.2645,-7.98,0.097046,-15.76,-7.9132,-5.319,-3.5022,-2.6008
-10.098,-14.905,2.5264,10.855,-7.0929,-8.8557,0.49214,-15.165,-7.7244,-5.4132,-3.7524,-2.7701
-10.394,-15.814,1.6976,11.31,-6.943,-9.788,0.93979,-14.463,-7.4943,-5.4408,-3.9784,-2.94
-10.62,-16.519,0.9118,11.671,-6.8128,-10.649,1.4471,-13.678,-7.2285,-5.4102,-4.172,-3.1235
-10.767,-16.984,0.229,11.923,-6.7072,-11.328,2.0095,-12.835,-6.9344,-5.3416,-4.3399,-3.3371
-10.843,-17.21,-0.2759,12.064,-6.6382,-11.754,2.6095,-11.953,-6.6197,-5.2598,-4.5019,-3.5955
-10.863,-17.213,-0.53681,12.1,-6.6203,-11.885,3.2149,-11.045,-6.291,-5.1875,-4.6823,-3.9078
-10.833,-17.007,-0.52189,12.033,-6.6569,-11.712,3.7853,-10.12,-5.9508,-5.138,-4.898,-4.2733
-10.742,-16.615,-0.25281,11.863,-6.7264,-11.269,4.2877,-9.1796,-5.5945,-5.1102,-5.1471,-4.6763
-10.566,-16.082,0.19441,11.589,-6.7782,-10.64,4.7116,-8.2192,-5.2084,-5.0888,-5.4069,-5.085
-10.282,-15.466,0.71453,11.222,-6.7521,-9.937,5.0727,-7.2312,-4.7742,-5.0527,-5.6418,-5.459
-9.8769,-14.812,1.2108,10.777,-6.6062,-9.2542,5.3986,-6.214,-4.2775,-4.9852,-5.82,-5.7647
-9.3578,-14.131,1.6241,10.27,-6.3394,-8.6318,5.7081,-5.1788,-3.7181,-4.8837,-5.9289,-5.9924
-8.7461,-13.407,1.9307,9.7121,-5.9898,-8.0559,6.0011,-4.1472,-3.1125,-4.7622,-5.9821,-6.1618
-8.0726,-12.617,2.1227,9.1116,-5.6072,-7.5008,6.2657,-3.1402,-2.4861,-4.643,-6.0143,-6.312
-7.3684,-11.77,2.191,8.4793,-5.2212,-6.9719,6.4918,-2.1666,-1.8616,-4.5433,-6.067,-6.4807
-6.6558,-10.907,2.1233,7.8289,-4.8308,-6.5118,6.6761,-1.2195,-1.2505,-4.4671,-6.1695,-6.6871
-5.9447,-10.083,1.9094,7.1746,-4.4161,-6.1688,6.8199,-0.2839,-0.65102,-4.4029,-6.3262,-6.9246
-5.2392,-9.3413,1.5524,6.5308,-3.9557,-5.9682,6.9254,0.65205,-0.048593,-4.3296,-6.5138,-7.1651
-4.5456,-8.7098,1.0726,5.916,-3.4365,-5.9056,6.9977,1.5901,0.57963,-4.2235,-6.6885,-7.3703
-3.8777,-8.2033,0.5082,5.3554,-2.8553,-5.9536,7.0517,2.5214,1.2577,-4.0659,-6.8026,-7.5079
-3.2575,-7.8245,-0.082403,4.8778,-2.2206,-6.07,7.1155,3.4309,2.0012,-3.8467,-6.8209,-7.5637
-2.7117,-7.5622,-0.61948,4.5055,-1.5619,-6.2036,7.2247,4.304,2.8089,-3.5661,-6.7325,-7.5458
-2.2624,-7.3879,-1.0121,4.2436,-0.92754,-6.3009,7.4071,5.1305,3.6599,-3.2333,-6.5527,-7.479
-1.9162,-7.2604,-1.1884,4.0737,-0.36936,-6.3178,7.6638,5.9059,4.5177,-2.8652,-6.3154,-7.3951
-1.6569,-7.1376,-1.1339,3.9575,0.082028,-6.2324,7.96,6.6309,5.3398,-2.482,-6.0574,-7.3199
-1.448,-6.9957,-0.91244,3.8507,0.43525,-6.0633,8.2355,7.312,6.0928,-2.1002,-5.8036,-7.2606
-1.2473,-6.8494,-0.65261,3.7247,0.73531,-5.8823,8.4334,7.961,6.7667,-1.7244,-5.5567,-7.1982
-1.0266,-6.756,-0.50848,3.5828,1.0393,-5.8063,8.526,8.5917,7.3777,-1.3446,-5.2976,-7.0905
-0.78163,-6.7908,-0.61063,3.4567,1.3859,-5.9575,8.5236,9.2112,7.9579,-0.94377,-4.9982,-6.8916
-0.52536,-7.0019,-1.0256,3.3818,1.7797,-6.4073,8.4614,9.8125,8.5379,-0.50934,-4.6399,-6.5761
-0.27074,-7.3753,-1.7371,3.3705,2.2011,-7.1354,8.3809,10.376,9.134,-0.041444,-4.2276,-6.1529
-0.020359,-7.8368,-2.6554,3.4035,2.6254,-8.031,8.3176,10.88,9.7461,0.44877,-3.7873,-5.654
0.23332,-8.2882,-3.6541,3.4432,3.0367,-8.9411,8.2963,11.324,10.363,0.947,-3.3504,-5.111
0.50215,-8.6522,-4.6195,3.4542,3.4325,-9.7427,8.3277,11.728,10.967,1.4414,-2.9395,-4.5407
0.7967,-8.8981,-5.4898,3.4168,3.8209,-10.389,8.4015,12.125,11.53,1.9207,-2.5614,-3.9442
1.1232,-9.0395,-6.2628,3.3295,4.2137,-10.904,8.4824,12.532,12.016,2.367,-2.2111,-3.3148
1.4825,-9.1113,-6.9737,3.2015,4.6166,-11.338,8.515,12.94,12.389,2.7525,-1.8797,-2.6512
1.8681,-9.1408,-7.6549,3.0426,5.021,-11.719,8.4348,13.3,12.616,3.0466,-1.5641,-1.9706
2.2618,-9.1241,-8.303,2.8552,5.4023,-12.02,8.1893,13.542,12.689,3.2323,-1.2687,-1.3116
2.6333,-9.0266,-8.8768,2.6352,5.7261,-12.161,7.7597,13.595,12.621,3.3202,-0.99649,-0.71607
2.9467,-8.8103,-9.3221,2.3818,5.9572,-12.066,7.1775,13.417,12.446,3.3432,-0.74143,-0.20375
3.174,-8.4712,-9.5922,2.1073,6.068,-11.707,6.5175,13.019,12.202,3.333,-0.49294,0.23423
3.3081,-8.0483,-9.6508,1.8301,6.043,-11.137,5.8673,12.453,11.923,3.3024,-0.24731,0.61737
3.3638,-7.5879,-9.4633,1.5506,5.882,-10.463,5.2906,11.8,11.628,3.2504,-0.011511,0.95573
3.3668,-7.0728,-8.9979,1.2439,5.6024,-9.7416,4.8101,11.144,11.33,3.1759,0.20165,1.2443
3.3397,-6.4137,-8.2391,0.90519,5.2353,-8.9276,4.4132,10.549,11.031,3.0827,0.37904,1.4689
3.2997,-5.5623,-7.1793,0.58252,4.8153,-7.9289,4.0667,10.047,10.734,2.9743,0.50954,1.6149
3.2676,-4.5738,-5.7928,0.29751,4.3709,-6.6667,3.7337,9.6359,10.436,2.8506,0.58529,1.6737
3.2742,-3.4859,-4.0605,-0.015603,3.9233,-5.0846,3.389,9.2907,10.135,2.7135,0.60553,1.6479
3.3496,-2.2596,-2.0531,-0.43692,3.4922,-3.1779,3.0291,8.9762,9.8312,2.5761,0.58447,1.5559
3.501,-0.8965,0.025744,-0.97602,3.103,-1.0623,2.6774,8.6662,9.5287,2.4657,0.55673,1.431
3.7011,0.47341,1.8866,-1.5598,2.7878,0.99271,2.375,8.3491,9.2264,2.4145,0.56982,1.3131
3.8968,1.6248,3.2364,-2.0699,2.5785,2.6367,2.1617,8.0284,8.9183,2.4445,0.66372,1.2338
4.0314,2.3321,3.8423,-2.3931,2.4964,3.56,2.055,7.7136,8.5919,2.5557,0.85169,1.2044
4.0688,2.4526,3.5855,-2.4595,2.5448,3.5893,2.0413,7.4093,8.2296,2.7215,1.1144,1.2148
4.0071,1.9726,2.5068,-2.2597,2.7063,2.7408,2.079,7.1072,7.8125,2.8876,1.4061,1.2409
3.8766,1.0171,0.81918,-1.8472,2.9459,1.2216,2.1056,6.7857,7.3279,2.9833,1.6659,1.2559
3.7239,-0.17843,-1.1346,-1.3253,3.219,-0.62373,2.0576,6.4183,6.7771,2.9544,1.836,1.2401
3.5946,-1.3349,-2.9726,-0.82141,3.4824,-2.4092,1.8989,5.9878,6.1784,2.7991,1.8852,1.1879
3.5225,-2.2019,-4.3812,-0.45063,3.7044,-3.7971,1.6391,5.4981,5.5631,2.5715,1.828,1.109
3.5283,-2.617,-5.1889,-0.28005,3.8697,-4.5449,1.3254,4.9772,4.965,2.3448,1.7174,1.0221
3.6207,-2.54,-5.3724,-0.31181,3.979,-4.5518,1.0187,4.4695,4.4131,2.1683,1.6166,0.94595
3.7968,-2.0564,-5.0127,-0.5054,4.0448,-3.9117,0.76987,4.0216,3.9281,2.0497,1.5677,0.89216
4.0384,-1.3291,-4.2493,-0.80977,4.0842,-2.8675,0.60257,3.667,3.5198,1.9595,1.5725,0.86077
4.3105,-0.52679,-3.2464,-1.168,4.1109,-1.6861,0.50232,3.4138,3.1849,1.8472,1.5938,0.8401
4.5679,0.22341,-2.1715,-1.5166,4.13,-0.57224,0.41526,3.2402,2.9061,1.6632,1.5735,0.81079
4.7678,0.84378,-1.1787,-1.7994,4.141,0.35009,0.26994,3.1017,2.6583,1.3804,1.463,0.75518
4.8812,1.2862,-0.39145,-1.9788,4.1456,1.0155,0.01976,2.951,2.4212,1.0085,1.2493,0.66914
4.8985,1.5088,0.099798,-2.0306,4.1542,1.3813,-0.3266,2.7587,2.1917,0.59512,0.96216,0.56891
4.8272,1.4754,0.23015,-1.9408,4.1854,1.4129,-0.71008,2.5244,1.987,0.20878,0.66237,0.48734
4.6859,1.1777,-0.036458,-1.7159,4.259,1.1016,-1.0511,2.2708,1.836,-0.08696,0.41651,0.46011
4.4988,0.65754,-0.69135,-1.3931,4.3865,0.48529,-1.2818,2.0269,1.7603,-0.25733,0.27149,0.50895
4.2922,-0.0022961,-1.6692,-1.0329,4.5645,-0.35789,-1.3687,1.8147,1.7609,-0.30724,0.23804,0.62971
4.0916,-0.71161,-2.8552,-0.69209,4.7787,-1.3362,-1.3199,1.644,1.8156,-0.27512,0.28968,0.79621
3.9154,-1.4053,-4.1145,-0.39824,5.0109,-2.3613,-1.1774,1.5177,1.8898,-0.21319,0.37814,0.97547
3.7661,-2.0479,-5.3236,-0.14554,5.2423,-3.3475,-0.99951,1.4411,1.957,-0.1638,0.45791,1.1462
3.629,-2.6151,-6.3816,0.082068,5.4494,-4.2109,-0.84226,1.4256,2.0116,-0.14412,0.50591,1.3044
3.4817,-3.0803,-7.2028,0.29094,5.6024,-4.8847,-0.74383,1.4827,2.0663,-0.14711,0.52385,1.4536
3.3047,-3.4205,-7.7157,0.47886,5.6689,-5.3275,-0.71768,1.6136,2.1358,-0.15512,0.52706,1.5912
3.0896,-3.6201,-7.8743,0.64051,5.6222,-5.5182,-0.75244,1.8018,2.2209,-0.15413,0.53015,1.703
2.8399,-3.6697,-7.667,0.76774,5.449,-5.4499,-0.81802,2.0152,2.3061,-0.14045,0.53862,1.768
2.5678,-3.566,-7.1156,0.85136,5.1524,-5.128,-0.87896,2.2156,2.3655,-0.1209,0.54802,1.7685
2.288,-3.3161,-6.2667,0.88569,4.7514,-4.5721,-0.91204,2.3689,2.3718,-0.11164,0.54808,1.6997
2.0135,-2.9389,-5.1823,0.87205,4.2778,-3.816,-0.91881,2.4555,2.3024,-0.13662,0.5276,1.5706
1.7546,-2.4675,-3.9428,0.82015,3.7738,-2.9116,-0.92371,2.4763,2.146,-0.22061,0.47812,1.3965
1.5194,-1.9501,-2.6575,0.74764,3.288,-1.9352,-0.95693,2.4537,1.9086,-0.37549,0.39833,1.1904
1.3146,-1.4465,-1.462,0.67761,2.8684,-0.98486,-1.0353,2.4241,1.6168,-0.58876,0.29858,0.96169
1.1442,-1.0169,-0.49071,0.63172,2.5517,-0.16359,-1.1562,2.4227,1.3109,-0.8274,0.20003,0.7192
1.008,-0.70507,0.15866,0.62217,2.3505,0.44684,-1.3047,2.4636,1.0286,-1.0565,0.12013,0.4683
0.90027,-0.52655,0.44403,0.64511,2.2458,0.80434,-1.4652,2.528,0.78522,-1.2576,0.057708,0.20381
0.81121,-0.46855,0.37823,0.6826,2.1909,0.91017,-1.6264,2.5709,0.5665,-1.4351,-0.009474,-0.089583
0.7302,-0.50359,0.021506,0.71624,2.1283,0.80351,-1.7778,2.5457,0.34068,-1.6081,-0.11005,-0.42463
0.6489,-0.60489,-0.51975,0.74347,2.0122,0.55266,-1.9032,2.4371,0.082,-1.7922,-0.25652,-0.79547
0.56215,-0.75463,-1.1085,0.78113,1.8342,0.23121,-1.981,2.2742,-0.20944,-1.9869,-0.43399,-1.1724
0.46853,-0.94592,-1.6348,0.85176,1.6359,-0.12293,-1.9964,2.1162,-0.50687,-2.1746,-0.6106,-1.5145
0.37158,-1.1686,-2.0503,0.96369,1.4848,-0.49881,-1.9552,2.0189,-0.77414,-2.3336,-0.75958,-1.7885
0.28051,-1.3696,-2.2956,1.0929,1.4153,-0.81685,-1.8903,2.0062,-0.98783,-2.4528,-0.8765,-1.9857
0.20824,-1.4357,-2.2325,1.1825,1.3926,-0.88834,-1.8525,2.061,-1.1482,-2.5382,-0.9832,-2.1265
0.1658,-1.2489,-1.7129,1.1702,1.3381,-0.53043,-1.8873,2.139,-1.2717,-2.6058,-1.1161,-2.2486
0.15541,-0.76899,-0.70519,1.0255,1.1885,0.29469,-2.0103,2.1985,-1.3721,-2.668,-1.3059,-2.3848
0.1663,-0.071711,0.64673,0.77124,0.93476,1.4493,-2.1976,2.224,-1.4475,-2.7254,-1.5603,-2.5447
0.17752,0.67536,2.0649,0.47864,0.62263,2.674,-2.3968,2.23,-1.4821,-2.7677,-1.8595,-2.7108
0.16719,1.2738,3.2225,0.2394,0.32905,3.6727,-2.5524,2.2464,-1.4581,-2.7838,-2.1659,-2.8485
0.12369,1.5622,3.8338,0.12946,0.1327,4.1999,-2.6289,2.2974,-1.3663,-2.7688,-2.4394,-2.9232
0.051862,1.4675,3.7405,0.18109,0.087547,4.1295,-2.6253,2.3877,-1.2113,-2.7265,-2.6512,-2.9168
-0.030707,1.0249,2.9717,0.37492,0.20485,3.4934,-2.5735,2.4985,-1.0101,-2.6679,-2.7919,-2.8362
-0.10596,0.36122,1.7463,0.65287,0.44642,2.4765,-2.5242,2.5945,-0.78776,-2.6064,-2.8708,-2.7105
-0.16726,-0.35097,0.40263,0.9433,0.73307,1.358,-2.525,2.6368,-0.56917,-2.5519,-2.9062,-2.5773
-0.22152,-0.95172,-0.72196,1.1862,0.97235,0.4115,-2.5999,2.5997,-0.36882,-2.5077,-2.913,-2.4677
-0.28011,-1.3442,-1.4084,1.3513,1.1017,-0.19114,-2.739,2.4848,-0.18341,-2.4697,-2.8922,-2.3943
-0.34823,-1.5231,-1.6208,1.4463,1.1262,-0.42387,-2.8989,2.3248,0.0079527,-2.4304,-2.8313,-2.3483
-0.42347,-1.5715,-1.4871,1.5111,1.1184,-0.39215,-3.0191,2.1722,0.23284,-2.3836,-2.7146,-2.3071
-0.50381,-1.6158,-1.1994,1.5988,1.164,-0.27692,-3.0487,2.0757,0.50783,-2.3313,-2.5386,-2.2502
-0.59321,-1.7545,-0.90673,1.749,1.2927,-0.24232,-2.9753,2.0565,0.82633,-2.2874,-2.3235,-2.1744
-0.69633,-2.0122,-0.68622,1.9677,1.4637,-0.35732,-2.8332,2.1022,1.1591,-2.2743,-2.1114,-2.0983
-0.80862,-2.3452,-0.57793,2.2216,1.6175,-0.60043,-2.6862,2.1768,1.4693,-2.3122,-1.9515,-2.0518
-0.91121,-2.6669,-0.59436,2.4502,1.7268,-0.89872,-2.5938,2.2398,1.732,-2.4056,-1.8779,-2.0589
-0.97239,-2.8861,-0.71159,2.5925,1.8029,-1.1606,-2.5829,2.2631,1.9471,-2.5377,-1.895,-2.1242
-0.9575,-2.9513,-0.89236,2.614,1.8776,-1.3196,-2.6383,2.2392,2.1375,-2.674,-1.9783,-2.2292
-0.84492,-2.8693,-1.115,2.5194,1.9876,-1.3641,-2.7141,2.1796,2.3355,-2.7773,-2.0891,-2.3408
-0.63809,-2.6915,-1.3738,2.3464,2.1599,-1.3284,-2.7585,2.1042,2.5641,-2.8241,-2.194,-2.4274
-0.36617,-2.4846,-1.6594,2.1462,2.3964,-1.262,-2.7388,2.0287,2.8232,-2.8142,-2.2801,-2.4744
-0.075447,-2.3055,-1.9416,1.9636,2.6685,-1.2052,-2.6543,1.9589,3.0874,-2.7682,-2.3585,-2.4883
0.18428,-2.1882,-2.1732,1.8242,2.9275,-1.1787,-2.5321,1.895,3.3167,-2.7156,-2.4542,-2.4899
0.37301,-2.1433,-2.3097,1.7354,3.1275,-1.185,-2.4109,1.8376,3.4754,-2.6804,-2.5892,-2.4995
0.46932,-2.1653,-2.3286,1.6926,3.2435,-1.2142,-2.3235,1.7936,3.549,-2.6729,-2.7656,-2.5256
0.47405,-2.2372,-2.2358,1.6862,3.2764,-1.2508,-2.2881,1.7732,3.5511,-2.6889,-2.9612,-2.5601
0.41057,-2.3329,-2.0601,1.7019,3.2481,-1.2767,-2.3077,1.7819,3.5086,-2.7138,-3.1378,-2.5857
0.32054,-2.4179,-1.8416,1.7192,3.1927,-1.2722,-2.3738,1.8132,3.4474,-2.7311,-3.2568,-2.5873
0.25294,-2.4529,-1.6177,1.7118,3.1452,-1.2166,-2.4726,1.8513,3.378,-2.7298,-3.2937,-2.5617
0.24796,-2.403,-1.4117,1.6539,3.1294,-1.0922,-2.5895,1.8771,3.2941,-2.7091,-3.2452,-2.5181
0.32218,-2.2526,-1.23,1.5331,3.1507,-0.8933,-2.7138,1.873,3.1831,-2.6806,-3.1283,-2.4706
0.4632,-2.0171,-1.0683,1.3609,3.1996,-0.63398,-2.8395,1.8328,3.0386,-2.6643,-2.9723,-2.4305
0.63737,-1.7436,-0.92401,1.1701,3.261,-0.35051,-2.963,1.7647,2.8678,-2.681,-2.807,-2.4018
0.80576,-1.4994,-0.80718,1.0038,3.326,-0.096955,-3.0793,1.6885,2.6885,-2.7447,-2.6533,-2.3836
0.93831,-1.3553,-0.74289,0.90289,3.3971,0.066575,-3.1837,1.6255,2.518,-2.8594,-2.5185,-2.3733
1.0191,-1.367,-0.76214,0.8968,3.4847,0.091384,-3.2758,1.5884,2.3663,-3.0187,-2.3995,-2.3717
1.0419,-1.5597,-0.88767,0.99872,3.5965,-0.043763,-3.3621,1.574,2.2311,-3.2067,-2.2894,-2.3838
1.0038,-1.9197,-1.1251,1.2024,3.7287,-0.32807,-3.4521,1.5631,2.0936,-3.3987,-2.1847,-2.4173
0.907,-2.3986,-1.4647,1.4819,3.8675,-0.72884,-3.5511,1.5293,1.93,-3.5678,-2.0868,-2.4788
0.76652,-2.9289,-1.8916,1.7959,3.9976,-1.209,-3.6537,1.448,1.7183,-3.6929,-1.999,-2.5696
0.61113,-3.4449,-2.4007,2.0978,4.1156,-1.7414,-3.7434,1.3044,1.4489,-3.7659,-1.9244,-2.682
0.47325,-3.9035,-3.0044,2.3502,4.2348,-2.3138,-3.7964,1.0989,1.125,-3.7941,-1.8666,-2.7987
0.37402,-4.291,-3.7135,2.5352,4.3735,-2.9207,-3.7903,0.84567,0.76362,-3.7956,-1.8312,-2.8967
0.31395,-4.6162,-4.4995,2.6583,4.535,-3.5462,-3.7121,0.56643,0.39112,-3.7924,-1.8262,-2.9558
0.27352,-4.8909,-5.2699,2.7417,4.6972,-4.1467,-3.5659,0.28426,0.034504,-3.8029,-1.8613,-2.9687
0.22149,-5.1124,-5.8846,2.8113,4.8182,-4.6473,-3.3749,0.016992,-0.28677,-3.8371,-1.9465,-2.9448
0.12805,-5.2543,-6.1972,2.883,4.8496,-4.9514,-3.1739,-0.22415,-0.56464,-3.8928,-2.0885,-2.9064
-0.021929,-5.2699,-6.0881,2.9525,4.7503,-4.9578,-2.9968,-0.43418,-0.79645,-3.9594,-2.2858,-2.8766
-0.22225,-5.1091,-5.4752,2.9958,4.4969,-4.5825,-2.8641,-0.61381,-0.98494,-4.0234,-2.5259,-2.8677
-0.44882,-4.7397,-4.3314,2.9807,4.0921,-3.7906,-2.7776,-0.77166,-1.1395,-4.0776,-2.787,-2.8757
-0.66849,-4.1648,-2.7238,2.8843,3.5726,-2.6256,-2.7219,-0.92224,-1.278,-4.1245,-3.0433,-2.8841
-0.84636,-3.4311,-0.84122,2.704,3.0097,-1.2203,-2.6716,-1.0798,-1.4242,-4.1758,-3.2705,-2.8726
-0.95042,-2.6305,1.0285,2.4597,2.4974,0.21831,-2.6004,-1.2549,-1.6008,-4.2456,-3.4479,-2.8252
-0.9568,-1.885,2.5626,2.1892,2.1315,1.4505,-2.4914,-1.4518,-1.8196,-4.3414,-3.5594,-2.7357
-0.85658,-1.3158,3.4816,1.9372,1.986,2.2613,-2.3441,-1.6688,-2.0766,-4.4579,-3.5944,-2.6081
-0.66038,-1.0122,3.621,1.7436,2.0916,2.5137,-2.1763,-1.9013,-2.3549,-4.5785,-3.5499,-2.4568
-0.3963,-1.0079,2.9804,1.6319,2.426,2.1834,-2.0198,-2.1453,-2.6355,-4.6835,-3.4315,-2.3035
-0.10028,-1.2739,1.7245,1.603,2.9207,1.3665,-1.909,-2.398,-2.9045,-4.7568,-3.2508,-2.171
0.1957,-1.7274,0.13064,1.6357,3.4842,0.25155,-1.867,-2.6559,-3.1533,-4.7905,-3.0221,-2.0765
0.47033,-2.2542,-1.4924,1.6948,4.0287,-0.93771,-1.895,-2.916,-3.3833,-4.7856,-2.7621,-2.0285
0.71218,-2.74,-2.886,1.7434,4.4913,-2.0048,-1.9725,-3.1766,-3.6056,-4.751,-2.4913,-2.0264
0.91702,-3.0985,-3.8959,1.7543,4.841,-2.8123,-2.067,-3.4386,-3.8415,-4.7001,-2.2344,-2.0627
1.0875,-3.2876,-4.4794,1.7156,5.0758,-3.2866,-2.1481,-3.7055,-4.1135,-4.6473,-2.0152,-2.1267
1.2326,-3.3112,-4.6764,1.6301,5.2126,-3.4254,-2.2007,-3.9827,-4.4375,-4.6046,-1.8492,-2.209
1.3622,-3.2063,-4.575,1.5109,5.2766,-3.2988,-2.2308,-4.2767,-4.8177,-4.5792,-1.7389,-2.3079
1.4813,-3.024,-4.2828,1.3762,5.2918,-3.0167,-2.2602,-4.5944,-5.2448,-4.5726,-1.6783,-2.4312
1.5865,-2.809,-3.8951,1.243,5.2752,-2.6758,-2.3146,-4.9414,-5.6992,-4.5809,-1.6613,-2.5915
1.6674,-2.5848,-3.4637,1.1212,5.2318,-2.3228,-2.41,-5.3212,-6.1584,-4.5993,-1.69,-2.7995
1.7097,-2.3504,-2.9875,1.0115,5.1544,-1.9513,-2.5478,-5.735,-6.6058,-4.6263,-1.775,-3.0592
1.7004,-2.0916,-2.4358,0.90817,5.0293,-1.5287,-2.7169,-6.1842,-7.0379,-4.6673,-1.9319,-3.3678
1.6323,-1.7998,-1.7961,0.80538,4.8459,-1.0369,-2.8992,-6.6706,-7.4643,-4.7331,-2.1742,-3.7181
1.5071,-1.4865,-1.1107,0.70361,4.607,-0.50001,-3.074,-7.1937,-7.9026,-4.8355,-2.5067,-4.0985
1.334,-1.1886,-0.474,0.61427,4.3341,0.014989,-3.2206,-7.7445,-8.3685,-4.9802,-2.9201,-4.4903
1.1259,-0.95951,0.005197,0.5605,4.063,0.42182,-3.3197,-8.2992,-8.8655,-5.1594,-3.3893,-4.8648
0.89485,-0.85342,0.2468,0.57117,3.8313,0.64381,-3.3551,-8.8197,-9.3792,-5.3484,-3.8739,-5.1828
0.64998,-0.90467,0.22688,0.66753,3.6617,0.63677,-3.3179,-9.2642,-9.8809,-5.5112,-4.3248,-5.402
0.3961,-1.1043,-0.01353,0.84896,3.5521,0.41152,-3.2107,-9.6049,-10.337,-5.6118,-4.6941,-5.4915
0.13283,-1.389,-0.36129,1.0887,3.4727,0.054093,-3.0481,-9.8413,-10.722,-5.6305,-4.9487,-5.4475
-0.1458,-1.6621,-0.64041,1.3451,3.3718,-0.28869,-2.8488,-10.001,-11.026,-5.5699,-5.0805,-5.294
-0.45076,-1.8368,-0.67203,1.5814,3.1913,-0.4711,-2.6257,-10.125,-11.254,-5.4496,-5.1078,-5.0663
-0.7942,-1.8772,-0.3581,1.781,2.893,-0.41461,-2.3799,-10.248,-11.416,-5.2946,-5.0643,-4.7913
-1.1812,-1.8105,0.27333,1.9528,2.4824,-0.13638,-2.1009,-10.385,-11.521,-5.1257,-4.9821,-4.4818
-1.6019,-1.7128,1.0812,2.1239,2.0117,0.26261,-1.7708,-10.527,-11.571,-4.9512,-4.8796,-4.1399
-2.0308,-1.6786,1.8658,2.3263,1.5611,0.63744,-1.3714,-10.644,-11.563,-4.764,-4.7564,-3.7606
-2.4372,-1.7838,2.4382,2.5838,1.2061,0.8539,-0.8937,-10.702,-11.492,-4.546,-4.6001,-3.3373
-2.7969,-2.0598,2.6787,2.9031,0.9914,0.83691,-0.345,-10.677,-11.362,-4.2801,-4.3964,-2.8708
-3.0992,-2.4823,2.5649,3.2696,0.92209,0.59122,0.24835,-10.569,-11.185,-3.9639,-4.1416,-2.379
-3.3455,-2.9794,2.1641,3.6484,0.96958,0.18838,0.844,-10.408,-10.988,-3.6168,-3.8476,-1.8979
-3.5429,-3.4596,1.5967,3.9916,1.0867,-0.27023,1.3929,-10.242,-10.803,-3.2772,-3.5407,-1.4739
-3.6975,-3.8455,0.9837,4.2532,1.2245,-0.69811,1.8546,-10.121,-10.663,-2.9895,-3.252,-1.1501
-3.8098,-4.1057,0.40331,4.4069,1.3499,-1.0576,2.2139,-10.072,-10.584,-2.7862,-3.0048,-0.95077
-3.8724,-4.2661,-0.12621,4.4596,1.4596,-1.3674,2.4892,-10.087,-10.561,-2.6737,-2.808,-0.87242
-3.8774,-4.3956,-0.6357,4.4493,1.5814,-1.6811,2.7231,-10.132,-10.568,-2.6325,-2.657,-0.88663
-3.8296,-4.5682,-1.1651,4.428,1.7503,-2.0497,2.9539,-10.17,-10.576,-2.6296,-2.5432,-0.95465
-3.7546,-4.8238,-1.7117,4.4374,1.9708,-2.4863,3.1859,-10.186,-10.572,-2.637,-2.4636,-1.0457
-3.6905,-5.1467,-2.2101,4.4911,2.2001,-2.9506,3.3783,-10.199,-10.567,-2.6418,-2.4228,-1.1472
-3.669,-5.4685,-2.5591,4.5718,2.3713,-3.3569,3.4645,-10.249,-10.584,-2.6463,-2.428,-1.2631
-3.7002,-5.698,-2.6674,4.644,2.4329,-3.6034,3.3948,-10.368,-10.645,-2.6602,-2.4807,-1.4041
-3.7696,-5.7616,-2.4898,4.6736,2.3734,-3.6123,3.1719,-10.563,-10.758,-2.6904,-2.5743,-1.5746
-3.8452,-5.6299,-2.0454,4.6395,2.2203,-3.3627,2.8549,-10.813,-10.914,-2.7354,-2.6964,-1.7659
-3.8937,-5.3218,-1.4148,4.5341,2.0224,-2.897,2.5327,-11.077,-11.096,-2.7856,-2.8331,-1.9585
-3.8938,-4.8888,-0.71515,4.3602,1.8263,-2.3023,2.2905,-11.307,-11.286,-2.8282,-2.9727,-2.1306
-3.8474,-4.3978,-0.063875,4.131,1.6565,-1.6821,2.1879,-11.461,-11.463,-2.852,-3.1094,-2.2643
-3.7838,-3.9147,0.45852,3.8715,1.5049,-1.1249,2.2509,-11.511,-11.61,-2.8487,-3.245,-2.3475
-3.7496,-3.4876,0.84294,3.6138,1.3328,-0.67521,2.4746,-11.457,-11.716,-2.8137,-3.3867,-2.3751
-3.7869,-3.1335,1.1763,3.383,1.0805,-0.31421,2.8334,-11.315,-11.773,-2.747,-3.5395,-2.3477
-3.9093,-2.828,1.6393,3.183,0.68417,0.047029,3.2958,-11.109,-11.779,-2.6514,-3.6969,-2.2685
-4.0923,-2.5036,2.4531,2.9918,0.094686,0.55858,3.8435,-10.859,-11.724,-2.528,-3.8359,-2.139
-4.2857,-2.0607,3.7649,2.7716,-0.69113,1.4013,4.4917,-10.567,-11.6,-2.3718,-3.9197,-1.9564
-4.4413,-1.3861,5.5392,2.4862,-1.6268,2.7326,5.3006,-10.22,-11.394,-2.1717,-3.9071,-1.7149
-4.5377,-0.38026,7.6123,2.1138,-2.6448,4.6271,6.3674,-9.7975,-11.099,-1.9141,-3.7661,-1.4077
-4.5846,1.0177,9.8922,1.6487,-3.7007,7.0588,7.7986,-9.2842,-10.717,-1.5902,-3.4871,-1.031
-4.61,2.8254,12.446,1.0943,-4.7938,9.9557,9.6633,-8.682,-10.258,-1.2009,-3.0868,-0.58654
-4.6378,5.0578,15.404,0.45282,-5.9492,13.258,11.939,-8.0125,-9.7411,-0.75694,-2.6015,-0.081407
-4.6699,7.8022,18.866,-0.28519,-7.1799,16.911,14.478,-7.3066,-9.1825,-0.27297,-2.0703,0.47371
-4.6803,11.266,22.908,-1.1563,-8.465,20.829,17.093,-6.5892,-8.5893,0.24057,-1.5181,1.0686
-4.6286,15.685,27.596,-2.2526,-9.758,24.901,19.726,-5.8701,-7.9572,0.78423,-0.94637,1.6982
-4.4863,21.006,32.824,-3.7566,-11.015,29.09,22.457,-5.146,-7.2743,1.3728,-0.33064,2.3674
-4.2541,26.625,38.012,-5.9077,-12.218,33.433,25.399,-4.411,-6.5282,2.0327,0.37269,3.0932
-3.9572,31.803,42.335,-8.7679,-13.373,37.726,28.662,-3.6659,-5.7113,2.795,1.2152,3.9045
-3.6243,36.278,45.439,-11.993,-14.51,41.451,32.308,-2.9166,-4.822,3.6908,2.246,4.8391
-3.2696,40.25,47.565,-15.134,-15.682,44.393,36.296,-2.1716,-3.8632,4.7536,3.5049,5.9427
-2.8908,44.083,49.243,-18.051,-16.948,46.901,40.438,-1.4355,-2.8402,6.0262,5.021,7.2694
-2.4793,48.095,51.145,-20.826,-18.358,49.574,44.463,-0.70745,-1.7603,7.564,6.8149,8.8818
-2.032,52.452,53.874,-23.548,-19.924,52.953,48.137,0.016797,-0.62865,9.4177,8.9022,10.837
-1.5565,57.162,57.677,-26.243,-21.609,57.316,51.354,0.73886,0.5509,11.589,11.279,13.145
-1.0675,62.128,62.379,-28.905,-23.341,62.616,54.122,1.4504,1.7711,13.988,13.881,15.723
-0.58127,67.209,67.594,-31.523,-25.053,68.572,56.496,2.1271,3.0126,16.449,16.56,18.401
-0.11108,72.245,72.946,-34.079,-26.707,74.746,58.48,2.7284,4.2361,18.819,19.132,21.01
0.33291,77.049,78.181,-36.531,-28.305,80.63,59.984,3.2049,5.3849,21.022,21.479,23.472
0.74409,81.439,83.168,-38.806,-29.882,85.829,60.864,3.5128,6.3986,23.032,23.573,25.783
1.124,85.303,87.834,-40.845,-31.456,90.204,60.869,3.628,7.2285,24.83,25.419,27.965
1.4901,88.647,92.065,-42.652,-32.971,93.839,59.622,3.5517,7.8475,26.397,27.013,30.023
1.8763,91.574,95.712,-44.296,-34.269,96.906,57.102,3.307,8.25,27.718,28.342,31.937
2.3191,94.224,98.647,-45.862,-35.149,99.566,53.674,2.9292,8.449,28.805,29.416,33.687
2.8331,96.678,100.71,-47.418,-35.463,101.87,49.508,2.4556,8.4689,29.706,30.298,35.295
3.3997,98.81,101.61,-49.024,-35.149,103.62,44.403,1.9168,8.3386,30.489,31.096,36.86
3.971,100.28,101.09,-50.754,-34.219,104.44,38.039,1.3314,8.0834,31.177,31.899,38.552
4.495,100.83,99.268,-52.691,-32.748,104.17,30.298,0.704,7.7201,31.682,32.678,40.523
4.9508,100.42,96.533,-54.858,-30.866,103.01,21.445,0.034914,7.258,31.841,33.251,42.693
5.3623,99.187,93.197,-57.073,-28.718,101.18,12.163,-0.67342,6.7025,31.53,33.39,44.57
5.7674,97.275,89.358,-58.822,-26.437,98.748,3.599,-1.4124,6.0577,30.711,32.944,45.478
6.1598,94.788,85.023,-59.346,-24.133,95.636,-3.0214,-2.1713,5.3251,29.401,31.87,45.022
6.4601,91.708,80.309,-58.029,-21.906,91.671,-6.9838,-2.9442,4.5015,27.642,30.21,43.217
6.5538,87.817,75.48,-54.812,-19.85,86.724,-8.1242,-3.735,3.5828,25.526,28.077,40.364
6.3533,82.859,70.752,-50.202,-18.044,80.873,-6.896,-4.5555,2.5669,23.194,25.642,36.9
5.8331,76.844,66.179,-44.897,-16.534,74.418,-4.9425,-5.4214,1.4571,20.78,23.086,33.213
5.0232,70.092,61.711,-39.475,-15.316,67.698,-4.0292,-6.3468,0.26543,18.336,20.514,29.503
3.9903,63,57.275,-34.287,-14.336,60.951,-4.1371,-7.3373,-0.98485,15.844,17.937,25.809
2.8338,55.844,52.799,-29.434,-13.51,54.309,-4.6543,-8.3862,-2.2605,13.266,15.307,22.125
1.674,48.78,48.198,-24.841,-12.753,47.828,-5.2867,-9.474,-3.5277,10.603,12.573,18.466
0.58758,41.893,43.408,-20.408,-12.005,41.506,-5.9041,-10.576,-4.7669,7.9107,9.7214,14.835
-0.42397,35.251,38.489,-16.119,-11.253,35.359,-6.4624,-11.676,-5.9812,5.3012,6.8421,11.184
-1.3762,28.944,33.65,-12.025,-10.524,29.571,-7.0159,-12.772,-7.1944,2.8961,4.13,7.509
-2.2754,23.1,29.161,-8.1839,-9.8683,24.55,-7.6831,-13.881,-8.4401,0.76692,1.7284,4.1076
-3.1441,17.781,25.247,-4.6916,-9.3214,20.651,-8.5844,-15.027,-9.7496,-1.1,-0.37894,1.4535
-4.0143,12.872,22.051,-1.7732,-8.8976,17.833,-9.7878,-16.227,-11.143,-2.7789,-2.3157,-0.37183
-4.896,8.2656,19.615,0.35945,-8.5887,15.678,-11.277,-17.485,-12.626,-4.3601,-4.2052,-1.6395
-5.7695,4.2655,17.885,1.7835,-8.3686,13.597,-12.952,-18.8,-14.182,-5.9189,-6.1122,-2.5988
-6.6007,1.358,16.703,2.801,-8.197,11.113,-14.681,-20.161,-15.779,-7.4986,-8.0292,-3.3771
-7.3544,-0.48972,15.833,3.6741,-8.0244,8.2967,-16.344,-21.557,-17.377,-9.0971,-9.8918,-4.0241
-8.0016,-1.7049,15.039,4.5175,-7.8056,5.7411,-17.875,-22.976,-18.939,-10.675,-11.611,-4.5566
-8.5244,-2.6317,14.169,5.3332,-7.5192,3.8436,-19.256,-24.408,-20.46,-12.19,-13.115,-4.989
-8.9238,-3.4136,13.218,6.0779,-7.185,2.5707,-20.505,-25.86,-21.975,-13.647,-14.388,-5.3515
-9.2213,-4.0725,12.311,6.7106,-6.8627,1.7566,-21.651,-27.368,-23.577,-15.132,-15.48,-5.6937
-9.4526,-4.594,11.609,7.2133,-6.625,1.2668,-22.715,-29.001,-25.399,-16.817,-16.501,-6.0736
-9.6541,-4.9764,11.183,7.5907,-6.5219,0.99109,-23.704,-30.845,-27.564,-18.898,-17.572,-6.5357
-9.8501,-5.2463,10.992,7.8621,-6.5608,0.81678,-24.611,-32.952,-30.085,-21.446,-18.765,-7.0885
-10.043,-5.4494,10.925,8.0493,-6.7096,0.6341,-25.412,-35.24,-32.745,-24.19,-20.026,-7.6888
-10.206,-5.6298,10.873,8.1636,-6.9114,0.36492,-26.063,-37.387,-35.097,-26.551,-21.16,-8.2461
-10.284,-5.8084,10.761,8.1957,-7.101,-0.0082756,-26.515,-38.787,-36.608,-28.087,-21.91,-8.6508
-10.205,-5.9687,10.559,8.1133,-7.2193,-0.43023,-26.751,-38.601,-36.729,-28.643,-22.063,-8.8181
-9.8931,-6.059,10.304,7.8707,-7.22,-0.78761,-26.854,-36.147,-34.742,-27.964,-21.458,-8.717
-9.2919,-6.0073,10.124,7.4323,-7.0667,-0.95819,-27.241,-34.539,-32.302,-26.062,-20.153,-8.3782
-8.4079,-5.7402,10.184,6.7975,-6.7111,-0.87091,-29.741,-50.795,-43.124,-29.302,-20.06,-7.9047
-7.6394,-5.1922,10.525,6.0068,-6.0497,-0.51541,-34.135,-57.086,-47.844,-32.846,-25.565,-7.6327
-9.9657,-4.3045,10.987,5.1541,-5.0347,0.1145,-35.322,-61.227,-50.675,-35.578,-28.3,-9.6183
-17.014,-2.9857,11.46,4.7338,-5.1304,1.0783,-35.505,-65.996,-54.296,-39.222,-30.352,-17.668
-19.599,-0.96619,12.915,8.8844,-12.302,2.4534,-34.695,-69.334,-57.188,-42.552,-32.326,-20.196
-20.795,2.5005,18.052,18.339,-16.767,4.2679,-32.907,-67.825,-56.734,-43.532,-32.796,-19.192
-19.83,4.8287,26.19,16.108,-18.546,6.7145,-29.658,-57.046,-49.45,-39.567,-29.949,-15.413
-15.792,1.3243,32.279,8.8453,-18.776,11.225,-22.805,-31.624,-31.481,-28.082,-21.832,-8.1862
-8.3639,13.621,33.87,-1.2693,-17.138,21.671,-9.806,13.387,0.58687,-7.3501,-7.245,1.9923
2.1065,25.21,30.53,-12.385,-13.183,28.493,10.5,79.755,48.598,23.459,13.961,14.091
15.083,33.314,22.967,-23.272,-5.9437,28.611,37.554,164.65,111.78,64.296,41.561,27.537
30.87,38.053,11.95,-33.818,6.7139,23.716,68.342,260.16,186.62,114.24,75.633,42.757
50.713,41.595,-3.3983,-45.326,26.796,15.813,96.864,354.29,267.74,172.01,117.1,61.725
76.544,47.888,-22.518,-61.175,51.501,8.5471,114.53,433.29,349.43,236.61,167.99,88.273
111.71,62.393,-41.211,-86.661,79.19,6.6486,111.88,484.18,426.8,308.17,231.03,127.16
159.34,92.062,-55.575,-125.87,110.68,15.436,80.958,496.98,495.66,386.8,309,182.15
221.02,144.15,-63.013,-181.33,146.09,38.657,17.485,466.32,552.75,471.39,403.59,255.7
296.41,216.92,-63.561,-254.31,184.98,76.617,-78.129,392.56,596.04,562.47,515.19,348.6
383.06,306.7,-59.92,-342.04,226.62,126.17,-200.87,281.97,625.21,660.31,642.21,458.88
476.34,406.6,-53.631,-438.42,269.85,181.34,-342.15,145.92,642.32,763.2,780.18,581.31
569.31,505.46,-46.99,-534.58,312.97,234.74,-491.65,-1.0819,650.59,866.64,921.21,707.47
653.14,590.49,-43.982,-619.61,353.57,278.18,-639.09,-144.13,652.01,962.28,1053.4,825.85
718.21,648.47,-49.493,-681.77,388.89,302.8,-775.01,-270.61,645.6,1037.5,1160.9,922.27
755.83,667.33,-67.895,-710.3,416.48,300.46,-890.93,-372.29,627.06,1076.7,1225.7,981.4
759.77,638.77,-101.47,-697.72,434.5,266.31,-979.26,-445.81,589.99,1064.7,1231.2,989.86
727.56,561.28,-148.49,-642.22,441.15,201.16,-1033.8,-491.7,528.49,992.21,1167.4,940.3
661.21,442.69,-201.64,-549.14,434.28,113.3,-1050.8,-513.42,440.44,859.96,1035.5,834.84
567.26,300.44,-249.08,-430.69,411.61,17.692,-1029.8,-516.46,329.65,680.86,849.41,685.9
455.95,157.78,-278.26,-303.5,371.86,-68.029,-974.32,-506.75,205.55,477.39,633.08,513.88
339.48,36.794,-280.25,-184.56,316.23,-128.9,-891.24,-489.18,80.727,275.91,415.08,342.21
229.72,-48.112,-253.25,-87.042,249.18,-156.96,-789.19,-466.45,-32.172,99.983,221.43,191.58
136.15,-93.097,-203.25,-17.766,178.01,-153.38,-677.41,-438.47,-122.79,-34.506,70.089,75.636
64.605,-103.65,-141.86,22.775,111.28,-127.36,-564.7,-402.8,-184.1,-121.04,-31.503,-0.79243
16.672,-90.509,-82.199,39.619,56.644,-91.279,-458.64,-357.06,-213.02,-161.61,-85.652,-40.692
-7.8592,-65.947,-34.361,40.88,17.821,-55.859,-364.91,-301.73,-210.86,-164.54,-101.34,-52.278
-14.48,-41.396,-4.4608,33.286,0.39719,-28.949,-286.54,-240.45,-183.39,-141.77,-90.516,-45.709
-11.003,-24.44,6.8544,22.355,-3.2995,-14.312,-223.73,-178.31,-139.77,-105.71,-65.526,-30.594
-3.6648,-16.964,6.4826,12.995,-0.96321,-10.879,-174.79,-120.65,-90.795,-67.314,-37.432,-14.492
3.1485,-16.267,-0.25198,7.1734,3.6439,-14.537,-137.38,-71.726,-44.613,-34.711,-14.202,-2.2077
7.4603,-23.178,-7.7912,4.7927,8.0135,-20.495,-109.37,-33.721,-9.2894,-12.179,0.3618,4.243
9.5309,-25.156,-12.273,6.4391,10.933,-24.796,-88.597,-8.427,7.5353,-0.70236,6.3802,4.8475
9.7959,-25.796,-12.9,9.3471,12.185,-26.559,-72.976,5.4104,13.207,2.4249,6.3813,-3.7107
3.6234,-25.312,-11.404,9.9224,11.709,-25.926,-61.403,11.436,13.928,0.39358,1.8148,-8.6778
1.2226,-23.661,-7.3876,9.882,6.7947,-23.36,-52.786,13.028,12.704,-3.6267,-4.0988,-9.8361
0.73363,-21.896,-5.0467,9.6344,5.9933,-20.933,-45.799,12.637,11.186,-7.055,-8.5917,-9.9029
0.5198,-20.753,-3.7094,9.392,5.4416,-19.385,-39.657,11.909,9.9517,-9.4086,-10.125,-9.4136
0.342,-20.388,-2.7099,9.2974,4.9964,-18.952,-34.038,10.604,7.1185,-9.7021,-8.1641,-9.1294
0.12548,-20.631,-2.145,9.3935,4.6616,-19.35,-29.019,8.5828,7.4772,-6.8452,-7.5369,-9.2706
-0.12356,-21.195,-2.0775,9.6376,4.4481,-20.189,-24.921,12.085,9.8324,-6.1591,-7.636,-9.7073
-0.35998,-21.816,-2.4191,9.9506,4.3506,-21.13,-21.802,15.683,11.206,-5.997,-8.0081,-10.311
-0.54042,-22.326,-3.0209,10.26,4.3528,-21.953,-19.371,18.4,11.786,-6.0855,-8.4601,-11.016
-0.63847,-22.677,-3.7518,10.517,4.4395,-22.564,-17.493,20.458,11.924,-6.2695,-8.8936,-11.748
-0.64559,-22.906,-4.4983,10.698,4.5955,-22.975,-16.009,22.185,11.911,-6.4346,-9.2323,-12.401
-0.5689,-23.084,-5.1591,10.803,4.7997,-23.27,-14.572,23.827,11.936,-6.5206,-9.4142,-12.891
-0.4268,-23.274,-5.6555,10.842,5.0257,-23.54,-12.86,25.524,12.091,-6.5154,-9.4174,-13.193
-0.24467,-23.512,-5.94,10.84,5.2428,-23.836,-10.872,27.333,12.392,-6.4427,-9.2717,-13.342
-0.053611,-23.802,-5.9977,10.817,5.4176,-24.149,-8.8316,29.258,12.805,-6.3458,-9.0414,-13.397
0.11038,-24.119,-5.8419,10.796,5.518,-24.412,-6.9787,31.269,13.267,-6.2673,-8.7934,-13.42
0.21367,-24.42,-5.5075,10.787,5.5203,-24.549,-5.4439,33.304,13.702,-6.2309,-8.5683,-13.463
0.23896,-24.644,-5.0428,10.786,5.4172,-24.523,-4.2343,35.263,14.041,-6.2343,-8.3724,-13.557
0.19645,-24.736,-4.5193,10.772,5.2244,-24.368,-3.2885,37.035,14.249,-6.2534,-8.19,-13.709
0.12305,-24.664,-4.0609,10.719,4.9912,-24.164,-2.5246,38.548,14.348,-6.2512,-7.9937,-13.9
0.068679,-24.437,-3.8302,10.61,4.7959,-23.996,-1.8578,39.797,14.417,-6.1904,-7.7527,-14.081
0.07725,-24.102,-3.9394,10.446,4.7109,-23.929,-1.2132,40.846,14.552,-6.0454,-7.4439,-14.194
0.17252,-23.724,-4.3807,10.237,4.7632,-23.99,-0.54049,41.792,14.833,-5.8106,-7.0639,-14.195
0.35195,-23.358,-5.0279,9.9957,4.9243,-24.165,0.17496,42.733,15.295,-5.505,-6.6359,-14.078
0.58709,-23.019,-5.6744,9.7312,5.124,-24.382,0.91285,43.755,15.936,-5.1656,-6.2051,-13.88
0.83228,-22.678,-6.0852,9.4482,5.2729,-24.522,1.6303,44.934,16.718,-4.8309,-5.8214,-13.655
1.0415,-22.287,-6.0631,9.1482,5.2914,-24.449,2.2821,46.331,17.597,-4.5211,-5.5177,-13.449
1.1861,-21.808,-5.515,8.8308,5.1391,-24.068,2.8392,47.987,18.554,-4.2289,-5.298,-13.273
1.2646,-21.23,-4.4901,8.4943,4.8327,-23.363,3.3014,49.888,19.609,-3.9235,-5.139,-13.103
1.3057,-20.575,-3.1747,8.1363,4.4423,-22.416,3.6987,51.961,20.814,-3.5638,-5.0007,-12.9
1.3628,-19.895,-1.8441,7.7554,4.0692,-21.392,4.0847,54.096,22.229,-3.1138,-4.8409,-12.629
1.4964,-19.246,-0.78992,7.3533,3.8167,-20.495,4.5184,56.187,23.905,-2.5525,-4.6289,-12.28
1.7492,-18.667,-0.24365,6.9344,3.7594,-19.891,5.0383,58.171,25.869,-1.8765,-4.3533,-11.875
2.1258,-18.166,-0.31139,6.5071,3.9207,-19.653,5.6469,60.05,28.107,-1.0956,-4.0225,-11.451
2.5885,-17.718,-0.93786,6.084,4.2646,-19.743,6.3192,61.895,30.574,-0.22344,-3.6579,-11.043
3.0722,-17.289,-1.9233,5.6827,4.7061,-20.026,7.0282,63.829,33.199,0.73293,-3.2816,-10.667
3.5121,-16.845,-2.9928,5.3205,5.1372,-20.322,7.7601,65.993,35.906,1.7791,-2.9031,-10.321
3.8682,-16.371,-3.8836,5.0053,5.4611,-20.46,8.514,68.504,38.642,2.9306,-2.5118,-9.9817
4.1384,-15.868,-4.4188,4.7295,5.6245,-20.339,9.3031,71.413,41.381,4.1999,-2.0824,-9.6129
4.3572,-15.333,-4.5391,4.4666,5.6292,-19.938,10.153,74.685,44.129,5.5871,-1.591,-9.1842
4.5894,-14.737,-4.2904,4.1761,5.5193,-19.279,11.092,78.195,46.894,7.0828,-1.0294,-8.6918
4.9169,-14.033,-3.7912,3.815,5.3591,-18.397,12.137,81.772,49.664,8.6828,-0.40352,-8.1618
5.4192,-13.191,-3.1916,3.3538,5.2145,-17.346,13.275,85.267,52.403,10.397,0.28107,-7.6282
6.1529,-12.223,-2.6238,2.7863,5.136,-16.21,14.457,88.619,55.087,12.244,1.0315,-7.1042
7.1357,-11.178,-2.1625,2.1284,5.1443,-15.084,15.627,91.88,57.73,14.234,1.8711,-6.5753
8.3341,-10.121,-1.8126,1.4112,5.2254,-14.038,16.751,95.184,60.396,16.351,2.8408,-6.0147
9.6552,-9.0934,-1.5152,0.67065,5.3366,-13.075,17.811,98.68,63.161,18.527,3.9981,-5.4059
10.97,-8.0961,-1.1657,-0.062324,5.4234,-12.122,18.779,102.45,66.072,20.641,5.405,-4.7566
12.183,-7.0954,-0.65604,-0.77639,5.4415,-11.06,19.606,106.48,69.125,22.589,7.0945,-4.0928
13.299,-6.0568,0.060832,-1.4859,5.3779,-9.8126,20.26,110.66,72.289,24.345,9.0414,-3.4414
14.414,-4.9807,0.93295,-2.22,5.2625,-8.4186,20.755,114.88,75.543,25.954,11.181,-2.8167
15.661,-3.9152,1.821,-3.0075,5.1592,-7.0294,21.149,119,78.894,27.487,13.448,-2.2175
17.133,-2.9365,2.5468,-3.8794,5.142,-5.8301,21.515,122.98,82.359,29.015,15.775,-1.6266
18.828,-2.1155,2.9544,-4.8862,5.2652,-4.9602,21.907,126.81,85.932,30.594,18.068,-1.0172
20.65,-1.4928,2.9625,-6.1161,5.5435,-4.479,22.338,130.54,89.577,32.264,20.214,-0.36769
22.471,-1.0673,2.5883,-7.6851,5.948,-4.3655,22.78,134.23,93.237,34.037,22.135,0.32642
24.213,-0.79447,1.9379,-9.666,6.4206,-4.5342,23.181,137.99,96.876,35.911,23.808,1.0524
25.856,-0.59377,1.1706,-11.982,6.9024,-4.8605,23.488,141.89,100.5,37.878,25.254,1.7908
27.433,-0.36515,0.44905,-14.415,7.3576,-5.2096,23.665,146,104.16,39.936,26.523,2.5295
29.012,-0.012818,-0.11165,-16.768,7.7856,-5.4609,23.718,150.36,107.98,42.088,27.688,3.2765
30.675,0.53253,-0.46901,-18.979,8.2215,-5.526,23.688,154.99,112.09,44.346,28.836,4.0645
32.484,1.2998,-0.63691,-21.082,8.7334,-5.3562,23.65,159.93,116.62,46.739,30.07,4.9484
34.474,2.2751,-0.6437,-23.131,9.4221,-4.9452,23.684,165.19,121.64,49.327,31.51,5.9952
36.641,3.4165,-0.50307,-25.171,10.419,-4.3274,23.841,170.77,127.02,52.168,33.296,7.2663
38.952,4.6878,-0.21896,-27.238,11.851,-3.5661,24.121,176.6,132.46,55.281,35.522,8.7889
41.331,6.0951,0.18273,-29.369,13.746,-2.736,24.475,182.64,137.63,58.594,38.114,10.524
43.674,7.6942,0.62672,-31.582,15.937,-1.9125,24.826,188.78,142.39,61.966,40.829,12.366
45.906,9.5503,0.99243,-33.86,18.163,-1.1738,25.115,194.99,146.85,65.277,43.448,14.208
48.038,11.66,1.1437,-36.132,20.29,-0.60532,25.32,201.28,151.32,68.502,45.923,16.015
50.157,13.894,0.96669,-38.319,22.367,-0.28167,25.462,207.74,156.12,71.719,48.342,17.841
52.392,16.069,0.40872,-40.383,24.508,-0.23079,25.584,214.49,161.53,75.063,50.836,19.77
54.872,18.128,-0.49398,-42.347,26.768,-0.40706,25.723,221.62,167.66,78.683,53.528,21.839
57.688,20.224,-1.6194,-44.269,29.119,-0.69799,25.891,229.16,174.35,82.708,56.512,24.006
60.842,22.618,-2.7968,-46.231,31.482,-0.96701,26.075,237,181.27,87.191,59.848,26.179
64.219,25.456,-3.8639,-48.339,33.766,-1.1076,26.246,245,188.01,92.043,63.52,28.283
67.647,28.63,-4.7226,-50.702,35.917,-1.0755,26.377,253.03,194.31,97.038,67.427,30.281
70.998,31.854,-5.3695,-53.359,37.945,-0.88873,26.456,261.01,200.18,101.91,71.431,32.166
74.237,34.881,-5.8796,-56.244,39.908,-0.60546,26.479,269.01,205.8,106.48,75.432,33.944
77.396,37.634,-6.3542,-59.25,41.882,-0.29018,26.45,277.14,211.47,110.73,79.394,35.631
80.549,40.173,-6.8701,-62.303,43.922,0.022011,26.37,285.51,217.49,114.76,83.337,37.253
83.772,42.62,-7.4485,-65.375,46.053,0.34528,26.237,294.14,224.11,118.76,87.316,38.844
87.124,45.097,-8.0511,-68.477,48.276,0.7351,26.048,302.96,231.39,122.91,91.405,40.449
90.614,47.703,-8.5997,-71.648,50.57,1.2587,25.807,311.85,239.24,127.37,95.669,42.14
94.198,50.5,-9.0142,-74.918,52.896,1.9592,25.527,320.75,247.43,132.25,100.14,44.019
97.796,53.497,-9.2623,-78.265,55.195,2.8296,25.222,329.62,255.65,137.6,104.8,46.166
101.34,56.622,-9.4052,-81.599,57.418,3.8088,24.91,338.48,263.61,143.36,109.57,48.539
104.79,59.736,-9.6109,-84.813,59.567,4.8024,24.598,347.36,271.17,149.3,114.32,51.018
108.17,62.698,-10.097,-87.844,61.707,5.7128,24.287,356.32,278.32,155.12,118.93,53.569
111.52,65.45,-11.013,-90.706,63.929,6.469,23.957,365.33,285.23,160.61,123.32,56.25
114.91,68.044,-12.343,-93.471,66.299,7.0471,23.577,374.26,292.12,165.75,127.53,59.083
118.4,70.582,-13.955,-96.228,68.83,7.4686,23.11,382.89,299.18,170.67,131.69,62.018
122.02,73.12,-15.736,-99.063,71.477,7.7709,22.529,391.04,306.5,175.63,135.95,64.991
125.78,75.605,-17.655,-102.04,74.173,7.9761,21.826,398.64,314.01,180.8,140.41,67.988
129.66,77.915,-19.73,-105.18,76.859,8.0765,21.022,405.76,321.54,186.28,145.09,71.05
133.57,79.949,-21.964,-108.38,79.51,8.0502,20.162,412.55,328.88,191.98,149.94,74.236
137.44,81.696,-24.29,-111.51,82.116,7.91,19.289,419.15,335.84,197.69,154.84,77.578
141.18,83.252,-26.547,-114.44,84.648,7.7469,18.424,425.63,342.31,203.13,159.64,81.049
144.74,84.794,-28.508,-117.19,87.05,7.7234,17.546,431.89,348.26,208.04,164.19,84.572
148.05,86.514,-29.971,-119.82,89.242,8.018,16.603,437.72,353.75,212.37,168.43,88.07
151.11,88.545,-30.829,-122.39,91.144,8.7619,15.54,442.9,358.9,216.24,172.4,91.505
153.94,90.911,-31.102,-124.92,92.701,10.007,14.323,447.31,363.82,219.9,176.24,94.876
156.58,93.526,-30.91,-127.41,93.892,11.725,12.956,450.97,368.52,223.6,180.12,98.2
159.01,96.234,-30.41,-129.8,94.734,13.828,11.478,453.98,372.91,227.44,184.1,101.49
161.2,98.869,-29.718,-132.05,95.269,16.171,9.9465,456.44,376.83,231.25,188.03,104.72
163.07,101.32,-28.879,-134.13,95.551,18.568,8.4116,458.4,380.14,234.62,191.56,107.74
164.59,103.57,-27.895,-136.05,95.631,20.837,6.9015,459.9,382.75,237.27,194.4,110.4
165.76,105.67,-26.758,-137.89,95.539,22.844,5.4284,460.93,384.66,239.2,196.49,112.57
166.59,107.73,-25.446,-139.73,95.287,24.529,4.004,461.51,385.92,240.51,197.95,114.31
167.1,109.81,-23.891,-141.58,94.887,25.928,2.6453,461.63,386.61,241.38,198.96,115.72
167.31,111.9,-22.012,-143.32,94.369,27.188,1.3712,461.29,386.79,241.91,199.67,116.94
167.22,113.88,-19.829,-144.72,93.779,28.467,0.19495,460.45,386.53,242.17,200.19,118.06
166.85,115.56,-17.521,-145.61,93.164,29.819,-0.88249,459.01,385.85,242.22,200.58,119.15
166.25,116.85,-15.343,-145.97,92.562,31.18,-1.8694,456.78,384.77,242.09,200.86,120.19
165.52,117.72,-13.507,-145.92,92.013,32.425,-2.7756,453.53,383.23,241.79,201.02,121.14
164.71,118.17,-12.154,-145.57,91.548,33.392,-3.6085,449.08,381.19,241.34,201.03,121.96
163.84,118.18,-11.35,-144.97,91.181,33.909,-4.3767,443.44,378.57,240.73,200.88,122.63
162.91,117.73,-11.082,-144.14,90.896,33.847,-5.0946,436.84,375.33,239.9,200.59,123.12
161.87,116.81,-11.251,-143.04,90.652,33.17,-5.7873,429.57,371.42,238.73,200.16,123.45
160.69,115.46,-11.68,-141.67,90.394,31.966,-6.4907,421.79,366.78,237,199.56,123.62
159.32,113.75,-12.165,-140,90.062,30.437,-7.245,413.38,361.29,234.45,198.69,123.59
157.72,111.74,-12.531,-138.02,89.589,28.836,-8.0789,404.03,354.8,230.88,197.38,123.33
155.79,109.52,-12.68,-135.66,88.884,27.395,-8.9931,393.34,347.2,226.38,195.47,122.75
153.36,107.16,-12.58,-132.78,87.773,26.261,-9.9522,381,338.54,221.18,192.83,121.74
150.27,104.69,-12.228,-129.27,85.996,25.482,-10.898,367.02,328.96,215.52,189.45,120.2
146.53,102.15,-11.619,-125.19,83.363,25.025,-11.775,351.74,318.57,209.46,185.39,118.14
142.16,99.6,-10.75,-120.89,79.881,24.811,-12.551,335.7,307.47,202.98,180.73,115.6
137.19,97.144,-9.6212,-116.8,75.736,24.739,-13.224,319.38,295.7,196,175.52,112.64
131.62,94.803,-8.2374,-113.12,71.205,24.714,-13.817,303.08,283.29,188.46,169.73,109.26
125.54,92.435,-6.6246,-109.62,66.559,24.677,-14.373,286.9,270.32,180.35,163.3,105.42
119.09,89.796,-4.8599,-105.84,61.983,24.609,-14.928,270.75,256.86,171.71,156.15,101.05
112.45,86.691,-3.0822,-101.42,57.524,24.484,-15.487,254.47,243.05,162.56,148.32,96.174
105.84,83.041,-1.4544,-96.27,53.103,24.201,-16.015,237.91,229.04,153.1,140.03,90.957
99.42,78.835,-0.10368,-90.587,48.607,23.613,-16.452,221.08,214.96,143.66,131.65,85.762
93.176,74.081,0.9152,-84.68,43.998,22.61,-16.741,204.13,200.97,134.57,123.47,80.958
87,68.836,1.6312,-78.807,39.332,21.191,-16.853,187.35,187.13,125.99,115.68,76.725
80.796,63.302,2.1516,-73.14,34.721,19.482,-16.791,171.03,173.42,117.84,108.38,72.981
74.531,57.831,2.6283,-67.798,30.324,17.675,-16.586,155.46,159.89,109.91,101.58,69.456
68.235,52.755,3.1941,-62.855,26.303,15.935,-16.284,140.8,146.64,102,95.201,65.84
62.05,48.176,3.9089,-58.283,22.627,14.308,-15.934,127.05,133.87,94.048,89.073,61.947
56.187,43.949,4.7453,-53.891,18.888,12.72,-15.576,114.02,121.73,86.245,83.017,57.79
50.79,39.817,5.6135,-49.451,14.744,11.063,-15.235,101.46,110.34,78.907,76.892,53.531
45.908,35.535,6.4096,-44.982,10.97,9.3009,-14.911,89.226,99.748,72.291,70.642,49.391
41.559,30.938,7.0646,-40.701,8.4227,7.4856,-14.59,77.281,89.898,66.428,64.327,45.582
37.694,25.963,7.574,-36.645,6.8764,5.7176,-14.256,65.772,80.693,61.13,58.144,42.214
34.166,20.729,8.0006,-32.69,5.8388,4.1164,-13.902,54.957,72.011,56.148,52.364,39.22
30.765,15.655,8.4572,-28.754,4.987,2.7996,-13.538,45.089,63.739,51.299,47.15,36.44
27.314,11.327,9.0679,-24.883,4.1317,1.8607,-13.183,36.256,55.801,46.475,42.421,33.74
23.729,8.0842,9.9304,-21.199,3.1609,1.3488,-12.852,28.348,48.171,41.606,37.939,31.025
20.042,5.8763,11.089,-17.765,2.0182,1.2619,-12.551,21.253,40.895,36.678,33.546,28.203
16.38,4.4655,12.524,-14.493,0.69124,1.5459,-12.278,15.142,34.068,31.848,29.361,25.168
12.876,3.6104,14.151,-11.24,-0.79318,2.0935,-12.021,10.282,27.77,27.457,25.618,21.88
9.6005,3.114,15.826,-8.1436,-2.3653,2.7542,-11.764,6.5247,22.019,23.705,22.331,18.447
6.7015,2.804,17.377,-5.6813,-3.9169,3.3649,-11.479,3.5028,16.906,20.503,19.359,15.1
4.4559,2.529,18.629,-4.0414,-5.3313,3.7896,-11.138,0.97622,12.679,17.666,16.543,12.047
2.8967,2.1891,19.454,-2.9796,-6.5259,3.9561,-10.729,-1.1691,9.4295,15.026,13.705,9.3803
1.8242,1.7544,19.827,-2.2212,-7.4773,3.8651,-10.27,-2.9989,6.9164,12.368,10.65,7.1239
1.0555,1.2481,19.829,-1.6207,-8.2116,3.5721,-9.8023,-4.5653,4.8373,9.429,7.4213,5.2921
0.47704,0.71601,19.594,-1.1195,-8.7733,3.1541,-9.3721,-5.9171,3.0282,6.2659,4.5191,3.8829
0.018317,0.19968,19.236,-0.69101,-9.1968,2.6797,-9.0069,-7.1007,1.439,3.4854,2.4024,2.8453
-0.3662,-0.27635,18.822,-0.31571,-9.498,2.1929,-8.7082,-8.1592,0.062362,1.5074,1.0312,2.0893
-0.70234,-0.70651,18.372,0.023366,-9.6821,1.7101,-8.4553,-9.1296,-1.1095,0.20668,0.1454,1.5258
-0.99902,-1.1025,17.875,0.33884,-9.755,1.2272,-8.2163,-10.033,-2.095,-0.66964,-0.45971,1.0946
-1.2555,-1.486,17.306,0.63822,-9.7286,0.7258,-7.963,-10.871,-2.9218,-1.2856,-0.9,0.76593
-1.4741,-1.8803,16.642,0.92749,-9.623,0.18441,-7.6824,-11.628,-3.623,-1.7298,-1.2397,0.52812
-1.6711,-2.3057,15.89,1.2171,-9.4642,-0.40935,-7.3832,-12.284,-4.2317,-2.0559,-1.5187,0.37151
-1.8764,-2.7753,15.077,1.5234,-9.2823,-1.0507,-7.0935,-12.831,-4.7792,-2.3051,-1.7673,0.27727
-2.1217,-3.2876,14.255,1.8603,-9.1119,-1.7123,-6.8543,-13.282,-5.2944,-2.5133,-2.0115,0.21384
-2.4275,-3.8153,13.498,2.2258,-8.9928,-2.3409,-6.7087,-13.674,-5.8031,-2.711,-2.2732,0.14143
-2.7947,-4.3027,12.904,2.5958,-8.9638,-2.8617,-6.6915,-14.06,-6.3263,-2.9196,-2.5666,0.023683
-3.2036,-4.6826,12.565,2.9311,-9.0448,-3.1986,-6.8159,-14.493,-6.8766,-3.1451,-2.8932,-0.15762
-3.6211,-4.9057,12.511,3.1957,-9.2247,-3.3041,-7.0637,-15.004,-7.4497,-3.3772,-3.2391,-0.39318
-4.0123,-4.9609,12.705,3.372,-9.4682,-3.1782,-7.3835,-15.595,-8.0235,-3.5958,-3.5783,-0.65076
-4.3535,-4.8729,13.077,3.4661,-9.7378,-2.8648,-7.6997,-16.237,-8.5658,-3.7831,-3.8827,-0.89147
-4.6388,-4.6868,13.566,3.5015,-10.009,-2.4327,-7.9306,-16.88,-9.0452,-3.933,-4.1313,-1.0873
-4.881,-4.4531,14.122,3.5109,-10.271,-1.9517,-8.0119,-17.469,-9.4411,-4.0534,-4.318,-1.2308
-5.104,-4.2177,14.704,3.5279,-10.523,-1.4757,-7.9245,-17.954,-9.7479,-4.1615,-4.453,-1.3353
-5.3295,-4.0154,15.271,3.578,-10.769,-1.0377,-7.708,-18.309,-9.9744,-4.276,-4.5576,-1.4265
-5.5661,-3.8658,15.779,3.6708,-11.006,-0.65532,-7.4383,-18.538,-10.139,-4.4101,-4.6524,-1.5294
-5.8018,-3.7724,16.18,3.7968,-11.22,-0.34032,-7.1788,-18.668,-10.263,-4.5651,-4.7463,-1.6582
-6.0062,-3.7294,16.416,3.9336,-11.38,-0.10613,-6.9481,-18.736,-10.356,-4.7281,-4.8326,-1.8099
-6.1437,-3.732,16.428,4.0593,-11.445,0.026453,-6.7216,-18.77,-10.416,-4.8738,-4.8915,-1.9638
-6.1936,-3.7887,16.168,4.1678,-11.384,0.028253,-6.4468,-18.775,-10.428,-4.9744,-4.8945,-2.087
-6.1621,-3.9231,15.607,4.2757,-11.186,-0.13247,-6.069,-18.735,-10.372,-5.011,-4.816,-2.1486
-6.0774,-4.1649,14.744,4.4133,-10.864,-0.47864,-5.562,-18.623,-10.242,-4.9838,-4.6506,-2.1371
-5.9709,-4.5348,13.597,4.6059,-10.449,-1.0133,-4.9428,-18.413,-10.044,-4.9145,-4.4214,-2.069
-5.8606,-5.0328,12.205,4.8586,-9.9715,-1.7139,-4.2651,-18.088,-9.7965,-4.8385,-4.1767,-1.9845
-5.7519,-5.6375,10.636,5.1576,-9.4593,-2.5333,-3.5968,-17.64,-9.5196,-4.7906,-3.9751,-1.9323
-5.6493,-6.3146,8.9805,5.4838,-8.9323,-3.4109,-2.996,-17.074,-9.2263,-4.7901,-3.8647,-1.9518
-5.5665,-7.0315,7.3332,5.8263,-8.4035,-4.2888,-2.496,-16.406,-8.92,-4.8346,-3.8691,-2.0612
-5.526,-7.7645,5.7679,6.1858,-7.8794,-5.1238,-2.0984,-15.662,-8.596,-4.9024,-3.9818,-2.2562
-5.5456,-8.4955,4.3395,6.565,-7.3664,-5.8899,-1.7779,-14.871,-8.2487,-4.966,-4.1735,-2.5146
-5.6254,-9.2019,3.0957,6.9559,-6.8756,-6.5724,-1.4967,-14.059,-7.8792,-5.0017,-4.4048,-2.8075
-5.743,-9.8543,2.0746,7.336,-6.4214,-7.1639,-1.2172,-13.243,-7.4981,-4.9994,-4.6397,-3.1114
-5.8647,-10.426,1.2857,7.6776,-6.0141,-7.6652,-0.91136,-12.431,-7.1218,-4.9633,-4.8528,-3.4161
-5.9596,-10.904,0.70481,7.9609,-5.6538,-8.0877,-0.56952,-11.612,-6.7671,-4.9094,-5.0335,-3.7252
-6.0123,-11.292,0.29354,8.1796,-5.3357,-8.4465,-0.2082,-10.775,-6.4451,-4.8583,-5.1823,-4.0479
-6.0292,-11.605,0.018465,8.341,-5.0614,-8.7523,0.13629,-9.9061,-6.158,-4.8263,-5.3106,-4.3908
-6.0359,-11.862,-0.14324,8.4628,-4.8404,-9.0115,0.42779,-9.0009,-5.8965,-4.8187,-5.4367,-4.7536
-6.0635,-12.083,-0.21143,8.5668,-4.681,-9.2337,0.64802,-8.0634,-5.6412,-4.8264,-5.5722,-5.1284
-6.1289,-12.286,-0.21187,8.6675,-4.578,-9.4295,0.80282,-7.1046,-5.3683,-4.8306,-5.7085,-5.4949
-6.2233,-12.464,-0.17741,8.7617,-4.5092,-9.6017,0.91863,-6.1408,-5.0577,-4.8111,-5.8163,-5.8226
-6.313,-12.593,-0.14423,8.8277,-4.445,-9.7349,1.0325,-5.19,-4.6995,-4.7562,-5.8589,-6.0818
-6.3529,-12.633,-0.14597,8.836,-4.3558,-9.8011,1.1793,-4.2685,-4.2955,-4.668,-5.811,-6.2581
-6.3057,-12.558,-0.2079,8.7655,-4.219,-9.7783,1.382,-3.3857,-3.8549,-4.5603,-5.6707,-6.3557
-6.1603,-12.376,-0.34184,8.6168,-4.0242,-9.6686,1.6466,-2.5413,-3.3868,-4.451,-5.4601,-6.3906
-5.9376,-12.122,-0.54015,8.4129,-3.7774,-9.4986,1.9606,-1.7277,-2.8941,-4.3531,-5.2166,-6.3812
-5.6787,-11.841,-0.77368,8.185,-3.5031,-9.2979,2.2947,-0.93718,-2.3757,-4.2715,-4.9816,-6.3452
-5.4233,-11.552,-0.99612,7.9522,-3.2389,-9.0771,2.6054,-0.17019,-1.8335,-4.2046,-4.791,-6.2998
-5.1929,-11.24,-1.1567,7.7124,-3.0228,-8.822,2.8457,0.56128,-1.2774,-4.1485,-4.6673,-6.2627
-4.9854,-10.877,-1.2183,7.45,-2.8753,-8.5109,2.9868,1.2402,-0.72101,-4.0982,-4.6133,-6.2462
-4.7825,-10.448,-1.1712,7.1523,-2.7868,-8.138,3.0367,1.8562,-0.1716,-4.0462,-4.6113,-6.2466
-4.5616,-9.9672,-1.0359,6.8207,-2.7176,-7.7264,3.0445,2.4141,0.37721,-3.9815,-4.6292,-6.245
-4.3087,-9.4739,-0.85252,6.4714,-2.6181,-7.3143,3.0822,2.933,0.94217,-3.8919,-4.6339,-6.2158
-4.024,-9.0031,-0.65814,6.1268,-2.4557,-6.9295,3.2128,3.4372,1.5382,-3.7676,-4.6036,-6.1422
-3.7209,-8.5659,-0.46526,5.8033,-2.2336,-6.5712,3.4621,3.9459,2.1662,-3.6051,-4.5355,-6.0279
-3.4203,-8.1484,-0.25796,5.5065,-1.9879,-6.2128,3.81,4.4681,2.8091,-3.4078,-4.4419,-5.893
-3.1412,-7.7297,-0.011169,5.2338,-1.7621,-5.823,4.2058,5.0034,3.4404,-3.1817,-4.3385,-5.7588
-2.8899,-7.303,0.27992,4.9819,-1.5748,-5.3936,4.5981,5.549,4.039,-2.9293,-4.231,-5.6312
-2.6541,-6.8879,0.58125,4.749,-1.4024,-4.956,4.9628,6.1062,4.6036,-2.6446,-4.108,-5.496
-2.4066,-6.5236,0.82446,4.5351,-1.1913,-4.5751,5.3103,6.6837,5.1553,-2.3136,-3.9434,-5.3239
-2.1203,-6.2517,0.93227,4.3395,-0.89068,-4.3235,5.6741,7.2937,5.7268,-1.9213,-3.7075,-5.0834
-1.7851,-6.0956,0.84551,4.159,-0.48741,-4.2538,6.0883,7.9411,6.3408,-1.4607,-3.3806,-4.7552
-1.4162,-6.0509,0.53778,3.9892,-0.01353,-4.3822,6.5655,8.6122,6.992,-0.94263,-2.9643,-4.3407
-1.0469,-6.0925,0.015728,3.828,0.4768,-4.6875,7.0881,9.2723,7.6433,-0.39824,-2.4839,-3.8612
-0.7118,-6.1909,-0.69065,3.6776,0.93895,-5.1258,7.6135,9.8789,8.2385,0.12843,-1.9804,-3.3486
-0.42926,-6.3216,-1.5399,3.5408,1.3554,-5.6474,8.0901,10.402,8.7262,0.59613,-1.4963,-2.8349
-0.1938,-6.4605,-2.4786,3.4138,1.7344,-6.2002,8.4762,10.836,9.08,0.98019,-1.0628,-2.3429
0.019668,-6.5755,-3.4297,3.2846,2.0946,-6.7239,8.7494,11.191,9.3068,1.2764,-0.69436,-1.8834
0.24104,-6.6269,-4.2936,3.1382,2.4487,-7.1472,8.9134,11.488,9.4433,1.4972,-0.39019,-1.4581
0.48932,-6.5747,-4.9634,2.9618,2.7938,-7.3948,8.9973,11.74,9.5436,1.6669,-0.13931,-1.0649
0.76424,-6.3876,-5.3413,2.7488,3.109,-7.4007,9.043,11.961,9.6625,1.813,0.073573,-0.70328
1.0465,-6.0479,-5.3493,2.4991,3.3571,-7.1214,9.0825,12.149,9.8371,1.955,0.26097,-0.3767
1.3048,-5.5534,-4.9422,2.2181,3.493,-6.5442,9.1174,12.292,10.071,2.0945,0.42703,-0.093677
1.5066,-4.9218,-4.1294,1.916,3.4815,-5.6943,9.1136,12.369,10.334,2.2149,0.56691,0.13462
1.6295,-4.1997,-2.9993,1.6105,3.318,-4.6474,9.0174,12.357,10.572,2.2909,0.67189,0.29905
1.6702,-3.4677,-1.7226,1.3274,3.0385,-3.537,8.7865,12.243,10.735,2.3026,0.73778,0.39848
1.6466,-2.8273,-0.52157,1.097,2.7142,-2.5331,8.4158,12.036,10.797,2.2479,0.77132,0.44364
1.5934,-2.3683,0.38646,0.94243,2.4297,-1.7913,7.9393,11.76,10.77,2.146,0.79057,0.45481
1.5501,-2.1342,0.8499,0.86797,2.2548,-1.3989,7.4073,11.442,10.692,2.0314,0.81911,0.45325
1.5488,-2.1042,0.82643,0.85243,2.2215,-1.35,6.8608,11.095,10.603,1.9403,0.87814,0.45215
1.6077,-2.2036,0.3923,0.85471,2.3196,-1.5547,6.3225,10.723,10.529,1.9002,0.98202,0.4542
1.7309,-2.3385,-0.29387,0.83105,2.5094,-1.8823,5.8065,10.323,10.475,1.9265,1.1395,0.4577
1.9107,-2.4353,-1.0554,0.75537,2.7435,-2.2142,5.3307,9.9039,10.441,2.0261,1.3575,0.46552
2.1301,-2.464,-1.7548,0.63054,2.9869,-2.4799,4.9188,9.4934,10.421,2.2015,1.6426,0.48926
2.3656,-2.4371,-2.3224,0.48446,3.2267,-2.6591,4.5904,9.1281,10.41,2.4482,1.9964,0.54438
2.5933,-2.3933,-2.7476,0.35401,3.4653,-2.7654,4.3453,8.8355,10.392,2.7429,2.4036,0.63846
2.7949,-2.3693,-3.0457,0.26619,3.7,-2.8264,4.1553,8.6149,10.34,3.0329,2.819,0.76088
2.9596,-2.3791,-3.2325,0.22663,3.9127,-2.8672,3.9692,8.4325,10.221,3.2459,3.1693,0.88277
3.086,-2.4099,-3.3256,0.21999,4.0803,-2.9016,3.7334,8.2355,10.01,3.3274,3.3842,0.96992
3.1821,-2.4348,-3.3553,0.22026,4.1927,-2.9334,3.4152,7.9756,9.7038,3.2806,3.443,1.003
3.2628,-2.432,-3.3684,0.20465,4.2616,-2.9643,3.0171,7.6291,9.325,3.1668,3.3954,0.99084
3.3424,-2.3957,-3.4173,0.16424,4.3153,-2.9996,2.5731,7.2031,8.9079,3.0577,3.3266,0.96432
3.4276,-2.3378,-3.5354,0.10691,4.3843,-3.0457,2.1302,6.7289,8.4829,2.9816,3.2949,0.95452
3.5143,-2.2767,-3.7198,0.051072,4.4857,-3.1025,1.7261,6.2448,8.0649,2.9128,3.2988,0.97291
3.5932,-2.224,-3.9316,0.011526,4.6152,-3.1528,1.3763,5.7803,7.6492,2.8033,3.2935,1.0082
3.6575,-2.1669,-4.1032,-0.013754,4.7489,-3.1548,1.0717,5.3477,7.2172,2.6162,3.2241,1.0339
3.7043,-2.0697,-4.1529,-0.043276,4.8509,-3.0494,0.78572,4.9437,6.7476,2.337,3.0496,1.0196
3.7288,-1.8921,-4.0101,-0.097982,4.8837,-2.7832,0.48832,4.5559,6.2288,1.9723,2.7549,0.94225
3.7201,-1.6154,-3.6492,-0.18644,4.8218,-2.339,0.16284,4.172,5.6682,1.5471,2.3567,0.79464
3.6665,-1.2623,-3.1146,-0.29627,4.6659,-1.7596,-0.18288,3.7865,5.0919,1.1018,1.902,0.58968
3.5665,-0.89906,-2.5196,-0.39758,4.4494,-1.148,-0.51856,3.4012,4.5352,0.68089,1.4538,0.35744
3.4327,-0.61404,-2.0102,-0.45521,4.2303,-0.63917,-0.8051,3.0215,4.0261,0.31608,1.0664,0.13403
3.2839,-0.48089,-1.7108,-0.44393,4.0685,-0.34932,-1.0123,2.652,3.5701,0.013755,0.76473,-0.054478
3.1349,-0.52739,-1.6785,-0.35832,3.9997,-0.32837,-1.1306,2.2961,3.1468,-0.24458,0.53712,-0.20251
2.9938,-0.72663,-1.8818,-0.21402,4.0225,-0.53947,-1.1699,1.9614,2.721,-0.48675,0.34685,-0.3276
2.865,-1.0139,-2.2158,-0.040945,4.1026,-0.87969,-1.1505,1.6651,2.2648,-0.7301,0.15542,-0.45925
2.7498,-1.3168,-2.5502,0.13031,4.1913,-1.2291,-1.0907,1.4368,1.7787,-0.9722,-0.056743,-0.61975
2.6437,-1.5867,-2.7909,0.2832,4.2491,-1.5017,-1.0014,1.313,1.2967,-1.1945,-0.2851,-0.80986
2.5357,-1.8133,-2.9186,0.41962,4.2625,-1.6756,-0.88458,1.3233,0.87174,-1.3717,-0.50837,-1.0094
2.4142,-2.0159,-2.9861,0.55239,4.2473,-1.7856,-0.73984,1.4752,0.54686,-1.4825,-0.69958,-1.19
2.28,-2.2213,-3.0827,0.69073,4.2377,-1.895,-0.57238,1.7422,0.33093,-1.5192,-0.83629,-1.3307
2.1532,-2.441,-3.2911,0.83072,4.2674,-2.0594,-0.3962,2.0692,0.19269,-1.4919,-0.9073,-1.4272
2.0646,-2.6612,-3.6569,0.95546,4.356,-2.302,-0.22862,2.3911,0.074576,-1.4249,-0.91424,-1.4906
2.0365,-2.846,-4.172,1.0431,4.5011,-2.6038,-0.081676,2.6593,-0.0793,-1.3468,-0.87019,-1.5373
2.068,-2.959,-4.7683,1.0784,4.6762,-2.9117,0.042476,2.8612,-0.29832,-1.2815,-0.79721,-1.5766
2.1312,-2.9805,-5.3286,1.0624,4.8338,-3.1592,0.14872,3.0193,-0.57485,-1.2425,-0.72152,-1.6081
2.1781,-2.9199,-5.7218,1.0169,4.9177,-3.2911,0.24189,3.1751,-0.87073,-1.2317,-0.66657,-1.626
2.1549,-2.8091,-5.8434,0.97897,4.8808,-3.2783,0.32055,3.3678,-1.1348,-1.2412,-0.64791,-1.6257
2.0211,-2.6869,-5.6392,0.98642,4.7012,-3.1175,0.37501,3.6206,-1.323,-1.2573,-0.67067,-1.6067
1.7653,-2.5788,-5.1024,1.0608,4.3859,-2.8182,0.3895,3.9361,-1.4137,-1.267,-0.73022,-1.5736
1.4076,-2.4837,-4.2599,1.1956,3.9618,-2.39,0.34682,4.2969,-1.4161,-1.2653,-0.8156,-1.5355
0.99062,-2.3748,-3.1694,1.3587,3.4637,-1.8406,0.23543,4.6688,-1.3666,-1.2587,-0.91456,-1.5047
0.56491,-2.2191,-1.9332,1.5073,2.9336,-1.1899,0.056927,5.0087,-1.3147,-1.2619,-1.0173,-1.4937
0.17808,-2.0042,-0.70573,1.6072,2.4252,-0.49044,-0.16825,5.2777,-1.3016,-1.2889,-1.1182,-1.5094
-0.12998,-1.7547,0.32209,1.6458,2.0011,0.16207,-0.40306,5.4541,-1.3432,-1.345,-1.2151,-1.5494
-0.33164,-1.5292,0.96301,1.6346,1.7223,0.64426,-0.60665,5.5408,-1.4276,-1.4223,-1.3092,-1.6007
-0.41654,-1.3971,1.0879,1.6006,1.6299,0.84412,-0.75196,5.5587,-1.5281,-1.5031,-1.4038,-1.6448
-0.39315,-1.4079,0.67305,1.5718,1.73,0.70402,-0.83798,5.5323,-1.6226,-1.5692,-1.5047,-1.6688
-0.28536,-1.5662,-0.18085,1.5623,1.9875,0.24909,-0.88909,5.4761,-1.7058,-1.6127,-1.6188,-1.6747
-0.1252,-1.8258,-1.2678,1.5674,2.3352,-0.4097,-0.94179,5.3923,-1.7875,-1.6394,-1.7499,-1.6795
0.054976,-2.1073,-2.3309,1.5683,2.6942,-1.1034,-1.0262,5.2791,-1.8797,-1.664,-1.893,-1.7049
0.22688,-2.3272,-3.1378,1.5431,2.9974,-1.6561,-1.152,5.1419,-1.9857,-1.7013,-2.0323,-1.7652
0.36898,-2.4236,-3.5451,1.4763,3.206,-1.9345,-1.3066,4.994,-2.098,-1.7604,-2.1478,-1.8622
0.47162,-2.3681,-3.5232,1.3607,3.3114,-1.8795,-1.4657,4.8497,-2.2056,-1.8439,-2.2261,-1.9878
0.54311,-2.1658,-3.1424,1.1953,3.3296,-1.5135,-1.6062,4.7166,-2.3036,-1.9497,-2.2675,-2.1323
0.60921,-1.8486,-2.5408,0.98341,3.2939,-0.92922,-1.7172,4.5946,-2.3977,-2.0719,-2.2855,-2.2887
0.70181,-1.4644,-1.8857,0.73373,3.2461,-0.25702,-1.8049,4.4783,-2.5038,-2.2029,-2.2994,-2.4533
0.84222,-1.0645,-1.3292,0.46225,3.2245,0.37718,-1.8899,4.3593,-2.6423,-2.3365,-2.3261,-2.6226
1.0291,-0.69262,-0.9673,0.19108,3.2504,0.8857,-2,4.2265,-2.8306,-2.471,-2.3743,-2.7908
1.2363,-0.38003,-0.81721,-0.05381,3.3195,1.2328,-2.1583,4.0685,-3.0732,-2.6089,-2.4434,-2.9487
1.4198,-0.14712,-0.82377,-0.24417,3.4041,1.4279,-2.3724,3.879,-3.3548,-2.7528,-2.5254,-3.0848
1.5319,-0.0075336,-0.89145,-0.35285,3.4653,1.5059,-2.6292,3.6631,-3.641,-2.8998,-2.61,-3.1863
1.5393,0.034123,-0.92755,-0.363,3.4712,1.5095,-2.8976,3.4393,-3.8869,-3.0389,-2.6888,-3.2412
1.4381,-0.0091522,-0.87542,-0.2798,3.4124,1.4782,-3.14,3.2331,-4.0532,-3.1536,-2.7599,-3.242
1.2538,-0.10571,-0.72626,-0.13139,3.3057,1.4434,-3.3294,3.0638,-4.1215,-3.2312,-2.8304,-3.1891
1.0276,-0.22169,-0.51129,0.046358,3.183,1.418,-3.4626,2.9328,-4.1017,-3.2685,-2.9133,-3.092
0.79623,-0.34297,-0.28509,0.22865,3.0747,1.3886,-3.5603,2.8197,-4.026,-3.2729,-3.0199,-2.967
0.57856,-0.48392,-0.11226,0.41062,2.9985,1.3169,-3.6525,2.6903,-3.9334,-3.2573,-3.1503,-2.8314
0.37357,-0.68043,-0.058561,0.60461,2.9587,1.1506,-3.759,2.5126,-3.8515,-3.2322,-3.2886,-2.6964
0.16852,-0.97495,-0.18044,0.83165,2.9527,0.83754,-3.8784,2.2706,-3.7863,-3.1978,-3.4064,-2.5625
-0.049213,-1.3993,-0.51022,1.1094,2.9749,0.34253,-3.9902,1.9676,-3.7253,-3.1443,-3.4752,-2.4221
-0.28286,-1.9581,-1.0413,1.4403,3.0181,-0.33511,-4.0681,1.619,-3.6501,-3.0598,-3.4794,-2.2695
-0.52221,-2.6171,-1.7212,1.8036,3.0725,-1.1501,-4.0964,1.2412,-3.5512,-2.9413,-3.427,-2.1099
-0.74504,-3.3031,-2.4583,2.157,3.1254,-2.0125,-4.0786,0.84488,-3.4365,-2.8007,-3.3479,-1.9628
-0.9233,-3.9191,-3.1431,2.4478,3.1653,-2.8047,-4.0377,0.43749,-3.3282,-2.6635,-3.2821,-1.8569
-1.0319,-4.3705,-3.6747,2.6295,3.1848,-3.4088,-4.0081,0.023204,-3.2506,-2.5602,-3.2666,-1.8192
-1.0566,-4.5906,-3.9835,2.6759,3.1839,-3.7365,-4.0222,-0.39159,-3.2201,-2.5136,-3.3219,-1.864
-0.99618,-4.5583,-4.0428,2.5875,3.1701,-3.7526,-4.096,-0.79611,-3.2337,-2.5309,-3.4453,-1.9857
-0.86008,-4.3015,-3.8685,2.3897,3.1571,-3.4828,-4.2179,-1.1766,-3.2671,-2.5983,-3.6108,-2.1601
-0.6628,-3.8841,-3.5044,2.1235,3.1591,-2.9954,-4.3502,-1.5148,-3.2855,-2.6866,-3.78,-2.3533
-0.41905,-3.3756,-2.9976,1.8269,3.1827,-2.362,-4.4458,-1.7958,-3.2607,-2.7622,-3.9181,-2.5357
-0.14009,-2.8178,-2.3804,1.5182,3.2213,-1.6302,-4.4722,-2.0198,-3.1878,-2.8021,-4.0086,-2.6923
0.16582,-2.2203,-1.6787,1.1937,3.2581,-0.82953,-4.4268,-2.2019,-3.0896,-2.802,-4.0561,-2.8251
0.48786,-1.5909,-0.93937,0.84572,3.2775,-0.002842,-4.3314,-2.3626,-3.0068,-2.7741,-4.0776,-2.9452
0.8062,-0.97394,-0.2484,0.48615,3.2777,0.76736,-4.2147,-2.5143,-2.976,-2.7359,-4.0867,-3.0621
1.0926,-0.45927,0.27504,0.15853,3.2775,1.3601,-4.0938,-2.6501,-3.0136,-2.6981,-4.081,-3.1743
1.3187,-0.15578,0.50783,-0.074072,3.3105,1.6485,-3.967,-2.7445,-3.1044,-2.6575,-4.0405,-3.2687
1.4659,-0.14498,0.36404,-0.15859,3.4117,1.5468,-3.8169,-2.7639,-3.2109,-2.5988,-3.9358,-3.327
1.5331,-0.43829,-0.17016,-0.0804,3.6008,1.0529,-3.6193,-2.6865,-3.2949,-2.5045,-3.7426,-3.3362
1.5371,-0.96608,-1.0243,0.12846,3.8726,0.2636,-3.3567,-2.513,-3.3319,-2.3658,-3.4537,-3.2971
1.5067,-1.6064,-2.0603,0.40652,4.1979,-0.66117,-3.0274,-2.2714,-3.3209,-2.1886,-3.0837,-3.2263
1.4694,-2.2362,-3.112,0.69234,4.5321,-1.5639,-2.6474,-2.0075,-3.2775,-1.9933,-2.6648,-3.1508
1.4379,-2.7735,-4.033,0.94614,4.8288,-2.3419,-2.2432,-1.7665,-3.2256,-1.8071,-2.2386,-3.0982
1.4057,-3.1981,-4.7423,1.1571,5.0535,-2.9712,-1.8426,-1.5768,-3.1857,-1.6539,-1.8455,-3.0882
1.3521,-3.548,-5.2514,1.3397,5.1939,-3.5004,-1.469,-1.4443,-3.1684,-1.5476,-1.5163,-3.1284
1.2535,-3.8958,-5.6559,1.5241,5.2615,-4.0202,-1.1403,-1.3599,-3.1746,-1.4921,-1.2705,-3.2159
1.091,-4.3114,-6.0823,1.7434,5.2809,-4.6202,-0.86788,-1.308,-3.2007,-1.4845,-1.1142,-3.341
0.85491,-4.8305,-6.6074,2.0216,5.2728,-5.3466,-0.65575,-1.2779,-3.2372,-1.5195,-1.0402,-3.4923
0.54549,-5.4297,-7.1999,2.3578,5.2399,-6.1607,-0.50138,-1.2688,-3.2736,-1.5901,-1.0299,-3.6616
0.17534,-6.0111,-7.7165,2.7164,5.1624,-6.9153,-0.40157,-1.2917,-3.3032,-1.6923,-1.0628,-3.8478
-0.23077,-6.4228,-7.9501,3.0329,5.0039,-7.3894,-0.35772,-1.3705,-3.3275,-1.8258,-1.1267,-4.0576
-0.64158,-6.5214,-7.708,3.239,4.7268,-7.376,-0.37335,-1.5309,-3.3551,-1.9911,-1.2225,-4.2992
-1.0284,-6.2372,-6.8883,3.291,4.3113,-6.7718,-0.44548,-1.7829,-3.3944,-2.1834,-1.3586,-4.5728
-1.371,-5.5929,-5.5198,3.185,3.7699,-5.6129,-0.5603,-2.1144,-3.449,-2.3906,-1.5415,-4.8627
-1.6577,-4.6854,-3.7481,2.9537,3.1486,-4.0521,-0.69887,-2.4985,-3.519,-2.5986,-1.7713,-5.1397
-1.8836,-3.6555,-1.7929,2.6499,2.51,-2.3156,-0.84703,-2.9062,-3.605,-2.7972,-2.0434,-5.3698
-2.0524,-2.6565,0.094883,2.3289,1.9112,-0.65641,-1.0003,-3.3177,-3.7075,-2.9827,-2.3505,-5.5254
-2.1772,-1.8198,1.6736,2.037,1.391,0.69953,-1.162,-3.725,-3.8274,-3.1554,-2.6799,-5.5914
-2.2752,-1.2302,2.7568,1.8059,0.96867,1.6009,-1.3367,-4.1285,-3.9628,-3.3159,-3.0116,-5.5663
-2.3564,-0.92178,3.2586,1.6511,0.65075,1.9932,-1.5247,-4.5291,-4.106,-3.4629,-3.3205,-5.4585
-2.415,-0.8763,3.2173,1.5702,0.43725,1.9191,-1.7168,-4.9241,-4.2468,-3.5925,-3.5827,-5.2814
-2.4288,-1.0269,2.7785,1.5416,0.32752,1.5033,-1.8936,-5.3035,-4.3726,-3.6998,-3.7832,-5.048
-2.3671,-1.2708,2.1456,1.5283,0.32281,0.91526,-2.0312,-5.6523,-4.4753,-3.7823,-3.9216,-4.7706
-2.2033,-1.4893,1.5198,1.4833,0.42215,0.33612,-2.1109,-5.9575,-4.5522,-3.8444,-4.0123,-4.462
-1.9298,-1.5676,1.0475,1.3614,0.6135,-0.061987,-2.1278,-6.2142,-4.6084,-3.8986,-4.0783,-4.1363
-1.5662,-1.4276,0.79526,1.1393,0.86919,-0.15945,-2.0924,-6.4262,-4.6528,-3.9616,-4.1397,-3.8059
-1.155,-1.0675,0.75972,0.83132,1.1525,0.058991,-2.0233,-6.6018,-4.6917,-4.0463,-4.2029,-3.4774
-0.74823,-0.56967,0.8906,0.48802,1.4315,0.49891,-1.937,-6.7486,-4.7243,-4.155,-4.258,-3.151
-0.39078,-0.062988,1.1064,0.17677,1.6883,1.0047,-1.8407,-6.8716,-4.7457,-4.2787,-4.2859,-2.8271
-0.11127,0.3304,1.3071,-0.043892,1.9169,1.4215,-1.7322,-6.9744,-4.7531,-4.4028,-4.2713,-2.5136
0.077193,0.53083,1.3939,-0.14139,2.1152,1.6374,-1.6021,-7.0624,-4.7505,-4.5136,-4.2124,-2.226
0.17125,0.51289,1.2957,-0.11153,2.2803,1.6014,-1.4382,-7.1429,-4.7474,-4.6022,-4.1212,-1.9821
0.17506,0.29989,0.99333,0.027815,2.4087,1.3248,-1.2324,-7.2255,-4.7567,-4.6669,-4.0188,-1.7951
0.10123,-0.050465,0.52932,0.24436,2.4989,0.87134,-0.9873,-7.3207,-4.7923,-4.7133,-3.9277,-1.6711
-0.032269,-0.46529,-0.006981,0.50025,2.5519,0.33456,-0.71729,-7.4366,-4.866,-4.7512,-3.8634,-1.6072
-0.20993,-0.87716,-0.51179,0.76298,2.5708,-0.19246,-0.44427,-7.5748,-4.9825,-4.7883,-3.8287,-1.5922
-0.42327,-1.2404,-0.90166,1.0147,2.5593,-0.64291,-0.18995,-7.7292,-5.1371,-4.8263,-3.8137,-1.6083
-0.66805,-1.5399,-1.1331,1.255,2.5196,-0.98645,0.029906,-7.8886,-5.3155,-4.8611,-3.8023,-1.6359
-0.94012,-1.7898,-1.2014,1.4942,2.4525,-1.2256,0.2082,-8.0429,-5.4993,-4.8868,-3.7812,-1.6596
-1.2359,-2.0203,-1.1298,1.7434,2.3579,-1.386,0.34635,-8.1905,-5.6726,-4.8997,-3.748,-1.673
-1.554,-2.258,-0.96037,2.0079,2.2373,-1.5041,0.45124,-8.3419,-5.8293,-4.9023,-3.7135,-1.6809
-1.8935,-2.5148,-0.74937,2.2864,2.0938,-1.6165,0.52907,-8.5191,-5.9767,-4.905,-3.6984,-1.6986
-2.2496,-2.786,-0.55857,2.5693,1.9311,-1.7491,0.57918,-8.748,-6.1356,-4.9246,-3.725,-1.7469
-2.6115,-3.0517,-0.44053,2.8374,1.7527,-1.9099,0.59288,-9.0474,-6.3319,-4.9789,-3.8079,-1.843
-2.9628,-3.283,-0.42406,3.0668,1.5629,-2.0893,0.55991,-9.4189,-6.5843,-5.0782,-3.9467,-1.9925
-3.2861,-3.4549,-0.50711,3.2403,1.3674,-2.2673,0.47891,-9.8438,-6.8927,-5.2206,-4.1263,-2.1849
-3.568,-3.5544,-0.6591,3.3532,1.1725,-2.42,0.36354,-10.29,-7.2347,-5.3914,-4.3236,-2.3973
-3.8012,-3.5764,-0.82673,3.4097,0.98252,-2.517,0.23836,-10.724,-7.5754,-5.5689,-4.5188,-2.6041
-3.9825,-3.5118,-0.93554,3.4121,0.78945,-2.5159,0.12755,-11.126,-7.8818,-5.733,-4.7038,-2.7873
-4.111,-3.3464,-0.89431,3.3561,0.56672,-2.3685,0.046585,-11.49,-8.134,-5.8722,-4.8824,-2.9421
-4.192,-3.0726,-0.62019,3.2386,0.27855,-2.0419,0.0035818,-11.821,-8.3263,-5.9871,-5.062,-3.074
-4.2391,-2.7085,-0.07952,3.0714,-0.094332,-1.5434,0.0080989,-12.121,-8.4589,-6.0854,-5.2432,-3.1896
-4.2702,-2.301,0.68697,2.8826,-0.53569,-0.92671,0.078778,-12.379,-8.5289,-6.1722,-5.4145,-3.2895
-4.2988,-1.9066,1.5779,2.7037,-1.0029,-0.27305,0.24398,-12.568,-8.5266,-6.2423,-5.5562,-3.3652
-4.3307,-1.5628,2.4783,2.5497,-1.4576,0.34457,0.53625,-12.664,-8.4396,-6.28,-5.6462,-3.4009
-4.3667,-1.2689,3.3129,2.4115,-1.8992,0.89461,0.98535,-12.655,-8.2593,-6.2642,-5.6661,-3.3768
-4.403,-0.98663,4.0768,2.2617,-2.3631,1.4009,1.6139,-12.552,-7.9863,-6.1749,-5.6007,-3.2721
-4.4296,-0.65868,4.8358,2.0687,-2.899,1.9338,2.4379,-12.372,-7.63,-5.9966,-5.438,-3.0685
-4.4326,-0.23172,5.6905,1.8098,-3.5411,2.5854,3.4719,-12.137,-7.2059,-5.7209,-5.1688,-2.7535
-4.4032,0.32652,6.7006,1.479,-4.2803,3.4347,4.7381,-11.854,-6.7299,-5.3471,-4.7866,-2.3216
-4.3422,1.0172,7.825,1.0876,-5.0554,4.512,6.2713,-11.523,-6.2124,-4.8817,-4.2875,-1.771
-4.2581,1.8162,8.9782,0.65693,-5.7869,5.7932,8.116,-11.13,-5.6541,-4.3341,-3.6707,-1.0994
-4.1624,2.6998,10.147,0.20887,-6.4341,7.2498,10.31,-10.661,-5.0468,-3.7111,-2.9413,-0.30532
-4.0657,3.6836,11.414,-0.24478,-7.0199,8.9087,12.846,-10.109,-4.378,-3.0167,-2.1129,0.60488
-3.978,4.8515,12.88,-0.7077,-7.6052,10.858,15.635,-9.4719,-3.6414,-2.2556,-1.2117,1.6106
-3.9062,6.3649,14.605,-1.2021,-8.2492,13.187,18.562,-8.7552,-2.8394,-1.4345,-0.27515,2.682
-3.8487,8.4606,16.613,-1.7743,-8.9825,15.896,21.601,-7.9684,-1.9825,-0.55585,0.65772,3.8006
-3.791,11.401,18.948,-2.5041,-9.7999,18.831,24.82,-7.1205,-1.0858,0.39279,1.5662,4.9839
-3.7073,15.305,21.733,-3.5096,-10.667,21.747,28.288,-6.2189,-0.16541,1.44,2.4631,6.2935
-3.568,19.927,25.098,-4.9374,-11.536,24.496,32.01,-5.2727,0.76254,2.6198,3.3939,7.8144
-3.3487,24.721,28.927,-6.9169,-12.36,27.109,35.92,-4.2969,1.6819,3.9581,4.4197,9.6116
-3.0356,29.227,32.714,-9.4627,-13.11,29.732,39.927,-3.3141,2.5772,5.4646,5.5962,11.684
-2.6278,33.308,35.929,-12.388,-13.777,32.528,43.92,-2.3514,3.4355,7.135,6.9555,13.947
-2.1397,37.073,38.513,-15.392,-14.39,35.589,47.758,-1.4357,4.2447,8.9558,8.4922,16.27
-1.5994,40.718,40.82,-18.278,-15.019,38.925,51.3,-0.59101,4.9903,10.899,10.153,18.527
-1.044,44.446,43.278,-21.031,-15.768,42.503,54.466,0.1643,5.6563,12.914,11.852,20.642
-0.50863,48.426,46.161,-23.721,-16.752,46.302,57.256,0.81669,6.228,14.931,13.504,22.598
-0.013297,52.773,49.531,-26.428,-18.063,50.341,59.701,1.3529,6.6933,16.878,15.059,24.41
0.44857,57.544,53.274,-29.218,-19.735,54.692,61.777,1.7523,7.0378,18.688,16.499,26.108
0.90713,62.724,57.147,-32.134,-21.679,59.433,63.319,1.9856,7.2415,20.305,17.815,27.718
1.398,68.133,60.889,-35.146,-23.63,64.458,63.985,2.023,7.2848,21.687,18.998,29.256
1.9427,73.405,64.452,-38.126,-25.303,69.416,63.384,1.8515,7.1621,22.814,20.044,30.735
2.5453,78.23,68.059,-40.945,-26.659,74.038,61.424,1.487,6.8934,23.69,20.963,32.152
3.2065,82.631,72.111,-43.573,-27.901,78.506,58.444,0.97891,6.5251,24.339,21.781,33.476
3.9405,86.787,77.161,-45.982,-29.305,83.239,54.749,0.39604,6.1151,24.812,22.537,34.662
4.7643,90.705,83.419,-48.019,-31.035,88.349,50.261,-0.19712,5.7114,25.169,23.267,35.693
5.6526,94.476,89.466,-49.596,-32.838,93.572,44.642,-0.76229,5.3304,25.439,23.974,36.601
6.5091,98.656,94.159,-51.077,-34.096,98.705,37.592,-1.2963,4.9513,25.586,24.624,37.435
7.2068,103.68,98.765,-53.44,-34.584,103.83,29.095,-1.822,4.5336,25.526,25.162,38.21
7.6687,108.62,103.94,-57.175,-34.487,108.93,19.54,-2.3687,4.0446,25.175,25.543,38.94
7.9264,111.88,108.32,-61.095,-33.816,113.15,9.7931,-2.9523,3.4804,24.495,25.747,39.676
8.1179,112.56,109.79,-63.775,-32.407,114.92,1.1807,-3.569,2.8655,23.508,25.764,40.45
8.4004,110.42,106.74,-64.492,-30.168,112.82,-5.0907,-4.2033,2.2316,22.277,25.575,41.121
8.8154,105.62,98.712,-62.999,-27.197,106.3,-8.38,-4.8422,1.5924,20.873,25.127,41.377
9.2269,98.529,86.534,-59.441,-23.763,95.872,-8.4785,-5.4858,0.93117,19.325,24.341,40.959
9.4104,89.686,72.275,-54.351,-20.226,82.913,-6.0047,-6.1482,0.20642,17.609,23.127,39.792
9.1953,79.697,58.463,-48.461,-16.95,69.283,-3.268,-6.8541,-0.62963,15.678,21.418,37.917
8.5366,69.175,46.812,-42.411,-14.222,56.737,-2.1351,-7.6321,-1.6105,13.535,19.227,35.392
7.4967,58.827,37.993,-36.63,-12.186,46.308,-2.1463,-8.5089,-2.7416,11.283,16.694,32.277
6.1814,49.408,32.176,-31.314,-10.818,38.24,-2.5739,-9.5036,-4.0014,9.1043,14.062,28.661
4.7022,41.363,29.042,-26.424,-9.9424,32.31,-3.1764,-10.627,-5.3574,7.1468,11.553,24.705
3.183,34.77,27.668,-21.841,-9.3211,28.127,-3.8821,-11.886,-6.7914,5.4547,9.2574,20.637
1.7237,29.409,26.622,-17.503,-8.7742,24.99,-4.6572,-13.288,-8.3201,3.9587,7.1089,16.673
0.32737,24.692,24.476,-13.384,-8.2459,22.071,-5.5316,-14.846,-9.9982,2.487,4.9316,12.905
-1.0264,19.798,20.639,-9.4055,-7.7916,19.386,-6.6012,-16.58,-11.902,0.80638,2.5259,9.2811
-2.2971,13.924,17.679,-5.4267,-7.4987,17.082,-7.9441,-18.499,-14.1,-1.2772,-0.2487,5.6869
-3.4642,7.6588,16.089,-1.8893,-7.3992,13.387,-9.5404,-20.588,-16.618,-3.8174,-3.39,2.0978
-4.5889,3.4731,14.806,0.40528,-7.4583,9.3894,-11.287,-22.788,-19.426,-6.6768,-6.6707,-1.2285
-5.7308,1.2183,13.659,1.8681,-7.6089,6.5555,-13.065,-25.003,-22.429,-9.5509,-9.6789,-3.8189
-6.8705,-0.24104,12.633,3.0884,-7.7808,4.7391,-14.777,-27.126,-25.492,-12.12,-12.088,-5.5414
-7.9414,-1.4374,11.671,4.2769,-7.9135,3.5112,-16.361,-29.076,-28.471,-14.224,-13.875,-6.7273
-8.8887,-2.5607,10.69,5.4583,-7.9555,2.5654,-17.778,-30.819,-31.229,-15.87,-15.213,-7.6746
-9.684,-3.6825,9.6041,6.6013,-7.8632,1.7009,-19.006,-32.371,-33.662,-17.123,-16.261,-8.4847
-10.318,-4.8403,8.3527,7.6743,-7.6092,0.78856,-20.03,-33.783,-35.72,-18.049,-17.103,-9.17
-10.795,-6.0667,6.9103,8.6654,-7.1936,-0.25857,-20.847,-35.12,-37.422,-18.735,-17.772,-9.7312
-11.14,-7.3954,5.2681,9.5834,-6.6482,-1.5013,-21.467,-36.449,-38.846,-19.316,-18.302,-10.176
-11.392,-8.8501,3.4388,10.445,-6.0333,-2.9627,-21.905,-37.82,-40.088,-19.957,-18.738,-10.515
-11.594,-10.424,1.4918,11.257,-5.4246,-4.604,-22.186,-39.238,-41.216,-20.779,-19.117,-10.749
-11.77,-12.053,-0.43233,11.999,-4.8932,-6.315,-22.33,-40.615,-42.225,-21.757,-19.442,-10.869
-11.914,-13.6,-2.1464,12.626,-4.4882,-7.9279,-22.35,-41.708,-43.005,-22.654,-19.662,-10.863
-11.997,-14.856,-3.4638,13.082,-4.2317,-9.2458,-22.233,-42.076,-43.347,-23.039,-19.664,-10.713
-11.983,-15.593,-4.2423,13.317,-4.121,-10.09,-21.936,-41.08,-42.908,-22.355,-19.286,-10.404
-11.83,-15.658,-4.4108,13.291,-4.1272,-10.372,-21.389,-38.152,-41.064,-20.072,-18.359,-9.928
-11.483,-15.07,-3.9801,12.971,-4.1831,-10.145,-20.606,-35.107,-37.505,-16.943,-16.876,-9.2819
-10.895,-14.058,-3.0664,12.385,-4.1658,-9.5724,-20.5,-45.675,-40.465,-18.299,-15.497,-8.479
-10.312,-13.015,-1.9342,11.861,-3.8918,-8.8237,-26.131,-56.368,-47.672,-29.906,-17.373,-7.5494
-11.967,-12.293,-0.92419,12.643,-3.1761,-7.9959,-31.072,-59.937,-49.551,-32.75,-25.795,-6.6069
-17.389,-11.997,-0.16848,16.739,-2.18,-7.032,-30.758,-64.173,-51.991,-35.061,-27.933,-6.8838
-20.23,-12.216,0.65148,21.159,-3.5936,-5.7239,-29.643,-67.743,-54.519,-36.901,-28.971,-15.656
-21.983,-13.604,2.1915,21.666,-14.22,-3.8243,-27.615,-67.984,-55.71,-37.107,-28.932,-18.404
-21.583,-14.15,5.5695,18.358,-17.279,-1.1153,-23.698,-60.244,-52.735,-33.901,-26.447,-15.603
-17.868,-6.1903,13.867,11.347,-18.404,2.9609,-16.744,-38.286,-41.505,-25.017,-20.126,-9.7983
-10.318,6.7808,26.484,1.2874,-17.839,11.163,-5.1275,2.8804,-17.805,-8.336,-8.8005,-2.3137
0.69459,20.496,34.116,-10.805,-15.268,24.156,12.46,64.668,21.318,17.522,8.4582,6.6614
14.136,33.237,34.931,-23.475,-9.9202,32.079,36.166,144.72,76.48,52.878,31.771,17.22
29.908,43.085,28.581,-35.74,-0.18543,34.133,64.28,236.5,145.48,97.183,60.814,29.677
49.419,49.664,15.327,-48.473,16.699,31.009,92.082,329.5,223.64,149.49,96.088,45.562
74.381,55.775,-2.6375,-64.27,42.075,25.64,111.4,410.74,304.81,208.43,139.98,67.788
107.46,66.885,-23.425,-87.014,70.805,21.238,112.18,466.94,382.56,273.46,196.3,100.84
151.62,89.506,-44.119,-121.66,103.03,22.236,86.895,487.07,451.13,345.73,267.63,150.48
210.11,131.65,-60.908,-171.95,140.4,33.148,31.862,464.65,506.98,426.61,357.16,221.25
284.05,196.22,-72.419,-239.24,183,56.125,-53.248,399.15,549.68,516.49,466.15,313.62
371.47,277.09,-79.489,-321.8,230.47,91.047,-165.25,296.09,580.54,614.33,592.51,424.64
467.78,369.94,-83.94,-414.95,281.04,134.65,-297.86,165.9,601.52,717.42,731.28,548.42
565.81,466.17,-87.054,-511.12,331.4,181.03,-442.5,21.981,614.34,820.57,873.9,675.89
656.37,554.57,-90.577,-600.23,377.89,223.64,-589.47,-121.5,619.44,915.53,1008.2,795.33
729.63,621.75,-97.91,-670.57,417.46,253.74,-728.69,-251.78,615.21,990.71,1118.9,893.04
776.49,653.86,-113.64,-710.48,448.02,261.84,-850.43,-359.34,597.89,1032,1188.9,954.6
789.91,639.94,-141.46,-710.87,467.93,240.71,-945.92,-439,562.24,1025.1,1202.1,967.32
766.13,576.23,-181.18,-667.9,475.31,188.69,-1008.2,-490.35,503.14,960.3,1148.1,923.63
705.73,469.06,-227.04,-584.88,467.72,111.8,-1032.9,-516.81,418.43,837.03,1026.5,824.48
614.19,334.27,-268.62,-472.33,442.76,23.153,-1019.3,-523.69,311.39,666.4,849.23,680.82
501.29,193.1,-294.22,-345.79,399.48,-60.531,-970.39,-516.45,190.85,469.63,638.82,511.91
379.5,66.58,-295.13,-222.05,339.69,-123.99,-892.2,-499.88,69.001,272.59,423.04,340.82
261.65,-29.151,-268.94,-115.36,268.47,-157.74,-793.21,-477.7,-41.685,98.944,228,188.84
158.67,-85.947,-220.34,-34.867,193.49,-160.09,-682.99,-451.58,-130.91,-35.004,72.587,70.673
78.013,-104.98,-159.27,16.107,123.24,-136.86,-570.9,-420.53,-191.72,-122.3,-34.145,-7.8433
22.873,-95.819,-97.319,39.834,64.942,-99.541,-464.95,-382.02,-220.88,-164.35,-92.61,-49.144
-6.245,-71.853,-44.346,43.177,22.066,-61.355,-370.96,-334.63,-219.3,-168.46,-110.57,-61.251
-14.925,-45.108,-7.1888,34.138,0.4745,-31.009,-292.04,-279.42,-192.2,-145.56,-100.17,-54.48
-12.228,-24.062,8.2628,20.635,-4.9045,-12.205,-228.54,-219.38,-148.5,-108.46,-74.449,-38.62
-3.6094,-12.607,10.301,9.4887,-2.9304,-5.675,-178.71,-159.19,-99.148,-69.211,-44.707,-21.169
4.5234,-10.253,4.7507,3.6169,1.8895,-8.7368,-140.12,-104.33,-53.952,-36.194,-19.13,-6.8333
8.9794,-18.848,-3.9445,2.459,6.8552,-16.817,-110.63,-58.677,-18.486,-13.239,-1.7535,2.1106
10.419,-26.507,-12.514,4.4793,10.95,-25.391,-88.197,-24.413,2.6178,-1.0175,7.0628,5.0115
9.9496,-29.004,-19.393,10.157,13.517,-32.598,-70.769,-3.0091,11.442,2.9657,8.6193,1.2766
5.9083,-30.925,-24.132,11.48,14.331,-38.287,-57.843,7.6143,13.767,1.5371,5.2268,-7.6019
1.6415,-31.359,-25.267,12.002,9.4798,-36.408,-48.675,11.362,13.269,-2.2154,-0.19089,-8.6658
0.96039,-30.859,-21.126,12.196,8.5491,-34.658,-41.329,11.54,11.724,-5.8383,-4.8596,-10.225
0.63084,-30.396,-19.006,12.271,8.1307,-34.51,-35.136,10.418,10.053,-8.7019,-9.0008,-10.926
0.38134,-30.31,-18.145,12.398,7.684,-34.197,-29.995,9.2429,7.5927,-10.465,-9.4846,-10.488
0.098697,-30.52,-17.805,12.633,7.1793,-33.496,-25.761,3.7893,1.7863,-7.2814,-7.6462,-10.357
-0.2451,-30.736,-17.547,12.922,6.6519,-32.305,-22.303,2.7181,2.7947,-6.2245,-7.4799,-10.816
-0.6244,-30.762,-16.949,13.18,6.1419,-30.942,-19.344,5.2911,3.904,-5.9983,-7.8449,-11.605
-1.0058,-30.6,-15.844,13.353,5.6719,-29.773,-16.755,7.481,4.2984,-6.0367,-8.3276,-12.474
-1.3595,-30.358,-14.391,13.439,5.2688,-28.942,-14.684,9.0291,4.2213,-6.1725,-8.7747,-13.294
-1.6599,-30.145,-12.896,13.467,4.9745,-28.463,-12.576,10.116,3.9428,-6.2818,-9.1402,-14
-1.8894,-30.024,-11.636,13.473,4.8069,-28.317,-10.358,10.947,3.6632,-6.2961,-9.4083,-14.55
-2.0465,-30.003,-10.73,13.479,4.7403,-28.456,-8.3351,11.671,3.5019,-6.2039,-9.5635,-14.913
-2.1491,-30.049,-10.131,13.491,4.7227,-28.784,-6.6366,12.373,3.5062,-6.0333,-9.6035,-15.089
-2.2247,-30.104,-9.6873,13.504,4.6981,-29.166,-5.2588,13.091,3.6699,-5.8305,-9.5537,-15.108
-2.2955,-30.105,-9.2428,13.498,4.6242,-29.461,-4.1584,13.829,3.9534,-5.6394,-9.4619,-15.025
-2.3682,-29.992,-8.7006,13.451,4.4832,-29.555,-3.2888,14.571,4.3024,-5.4887,-9.3779,-14.899
-2.431,-29.73,-8.0598,13.342,4.2868,-29.399,-2.6058,15.29,4.666,-5.3862,-9.3346,-14.779
-2.459,-29.316,-7.4092,13.159,4.0715,-29.013,-2.0651,15.967,5.0149,-5.3202,-9.3379,-14.689
-2.4247,-28.789,-6.8687,12.911,3.8838,-28.483,-1.62,16.606,5.3522,-5.2664,-9.3669,-14.624
-2.3094,-28.212,-6.5114,12.613,3.7609,-27.923,-1.2256,17.239,5.7105,-5.1981,-9.3816,-14.551
-2.1112,-27.639,-6.3236,12.286,3.7133,-27.43,-0.84789,17.917,6.1338,-5.0971,-9.336,-14.429
-1.8454,-27.08,-6.2082,11.933,3.718,-27.02,-0.47071,18.696,6.6557,-4.9617,-9.1947,-14.226
-1.5389,-26.484,-6.0148,11.543,3.7236,-26.614,-0.09583,19.619,7.2829,-4.808,-8.9513,-13.94
-1.2212,-25.757,-5.5925,11.088,3.6701,-26.07,0.2642,20.708,7.9884,-4.6642,-8.6341,-13.603
-0.9153,-24.801,-4.8592,10.538,3.5149,-25.248,0.59497,21.955,8.7159,-4.5564,-8.2888,-13.266
-0.6327,-23.57,-3.8496,9.8813,3.2542,-24.068,0.88879,23.343,9.4022,-4.4937,-7.9474,-12.975
-0.37201,-22.109,-2.7078,9.136,2.9286,-22.577,1.1538,24.873,10.01,-4.4583,-7.61,-12.736
-0.12008,-20.554,-1.6325,8.3516,2.6098,-20.958,1.4195,26.584,10.556,-4.4088,-7.2476,-12.517
0.14639,-19.074,-0.80893,7.5853,2.3761,-19.464,1.73,28.545,11.102,-4.2946,-6.8173,-12.26
0.45705,-17.78,-0.35479,6.8742,2.2855,-18.277,2.1271,30.819,11.731,-4.0752,-6.2836,-11.905
0.83932,-16.679,-0.28424,6.2219,2.3572,-17.424,2.6356,33.426,12.516,-3.7351,-5.634,-11.416
1.307,-15.703,-0.49709,5.604,2.5674,-16.786,3.2582,36.33,13.503,-3.2848,-4.8845,-10.793
1.8531,-14.758,-0.80792,4.9852,2.8581,-16.179,3.9773,39.452,14.712,-2.7525,-4.072,-10.074
2.4542,-13.763,-1.0129,4.3388,3.1542,-15.428,4.7602,42.708,16.139,-2.1705,-3.2411,-9.3198
3.0852,-12.681,-0.96528,3.6606,3.3862,-14.433,5.5657,46.037,17.756,-1.5636,-2.4302,-8.592
3.7359,-11.533,-0.62515,2.9716,3.5134,-13.216,6.3565,49.418,19.524,-0.94119,-1.6605,-7.9242
4.4158,-10.392,-0.067635,2.3079,3.538,-11.925,7.1126,52.856,21.412,-0.29627,-0.93437,-7.3112
5.142,-9.3582,0.55056,1.7045,3.5012,-10.761,7.8373,56.358,23.42,0.39202,-0.24239,-6.7202
5.9241,-8.5086,1.0491,1.1802,3.4643,-9.8943,8.5511,59.917,25.587,1.1561,0.42486,-6.1146
6.7597,-7.8673,1.288,0.73327,3.4867,-9.3931,9.2742,63.505,27.969,2.0401,1.0694,-5.4778
7.6427,-7.3903,1.22,0.34284,3.6086,-9.2076,10.009,67.076,30.603,3.0978,1.6855,-4.8227
8.5815,-6.9801,0.91494,-0.031861,3.8375,-9.1812,10.733,70.582,33.463,4.3865,2.263,-4.1821
9.6073,-6.5188,0.54254,-0.45033,4.1432,-9.0994,11.407,73.994,36.454,5.9571,2.7897,-3.593
10.757,-5.9107,0.31294,-0.97396,4.467,-8.7739,12.003,77.329,39.453,7.836,3.2563,-3.0838
12.048,-5.1234,0.38809,-1.6425,4.7418,-8.129,12.525,80.675,42.389,9.9984,3.6679,-2.6673
13.458,-4.2029,0.81338,-2.4667,4.9179,-7.2295,13.019,84.17,45.281,12.359,4.0565,-2.3363
14.927,-3.2511,1.5075,-3.4397,4.9796,-6.2289,13.557,87.947,48.227,14.81,4.4853,-2.0658
16.38,-2.3797,2.305,-4.5476,4.9483,-5.2941,14.195,92.07,51.34,17.269,5.0424,-1.8226
17.776,-1.6666,3.0234,-5.764,4.872,-4.5543,14.95,96.509,54.696,19.696,5.8323,-1.5768
19.135,-1.1333,3.5241,-7.0473,4.8094,-4.0682,15.796,101.16,58.296,22.069,6.9678,-1.3065
20.515,-0.74748,3.7476,-8.3588,4.8145,-3.8088,16.673,105.89,62.073,24.372,8.5503,-0.99605
21.963,-0.44797,3.7194,-9.6785,4.9257,-3.6809,17.527,110.57,65.93,26.615,10.623,-0.62952
23.487,-0.17335,3.5361,-10.989,5.1644,-3.561,18.327,115.14,69.802,28.836,13.11,-0.18366
25.053,0.12557,3.3329,-12.257,5.5416,-3.3413,19.075,119.6,73.679,31.094,15.79,0.37962
26.616,0.4884,3.2343,-13.45,6.0692,-2.9645,19.787,124,77.599,33.442,18.393,1.1171
28.155,0.9391,3.2973,-14.598,6.7683,-2.445,20.473,128.44,81.613,35.89,20.761,2.09
29.695,1.46,3.4643,-15.82,7.6611,-1.8729,21.122,132.96,85.74,38.39,22.904,3.3202
31.29,1.979,3.5618,-17.27,8.7475,-1.3985,21.717,137.61,89.966,40.873,24.918,4.7408
32.997,2.4003,3.3765,-19.024,9.9935,-1.1963,22.246,142.38,94.264,43.302,26.883,6.2177
34.84,2.6568,2.7454,-20.99,11.358,-1.4096,22.713,147.28,98.64,45.692,28.86,7.6549
36.805,2.745,1.5914,-22.976,12.831,-2.0933,23.137,152.32,103.16,48.098,30.924,9.0836
38.853,2.726,-0.043805,-24.862,14.442,-3.1789,23.547,157.55,107.93,50.596,33.191,10.657
40.934,2.7021,-1.9721,-26.652,16.215,-4.4775,23.966,163.03,113.08,53.263,35.802,12.576
42.999,2.7957,-3.8931,-28.405,18.13,-5.7235,24.397,168.8,118.63,56.152,38.822,14.963
44.997,3.1469,-5.4819,-30.176,20.084,-6.6503,24.813,174.89,124.43,59.253,42.11,17.741
46.895,3.9226,-6.4818,-32.012,21.91,-7.0564,25.168,181.22,130.17,62.469,45.363,20.628
48.692,5.3153,-6.7678,-33.945,23.45,-6.8435,25.412,187.7,135.52,65.655,48.369,23.325
50.429,7.5359,-6.3678,-35.989,24.627,-6.0362,25.516,194.2,140.34,68.71,51.1,25.701
52.176,10.78,-5.4525,-38.137,25.475,-4.7815,25.481,200.64,144.73,71.627,53.624,27.776
54.014,15.076,-4.2917,-40.372,26.118,-3.3066,25.342,207,148.92,74.476,56.023,29.64
56.022,20.023,-3.1727,-42.671,26.732,-1.8443,25.157,213.36,153.19,77.362,58.404,31.401
58.258,24.846,-2.311,-45.022,27.497,-0.57003,24.994,219.82,157.8,80.401,60.895,33.144
60.741,28.92,-1.7985,-47.419,28.551,0.42844,24.913,226.51,162.93,83.707,63.633,34.909
63.447,32.078,-1.5878,-49.844,29.952,1.1598,24.941,233.54,168.71,87.381,66.713,36.704
66.325,34.534,-1.4937,-52.278,31.665,1.7204,25.056,240.92,175.09,91.471,70.146,38.549
69.313,36.7,-1.2662,-54.743,33.606,2.2913,25.188,248.61,181.81,95.924,73.837,40.474
72.362,38.989,-0.73959,-57.313,35.678,3.0954,25.254,256.48,188.54,100.57,77.643,42.432
75.446,41.612,0.068702,-60.058,37.788,4.2417,25.202,264.45,194.99,105.17,81.456,44.317
78.561,44.49,0.95411,-62.956,39.886,5.613,25.038,272.56,201.11,109.58,85.255,46.09
81.715,47.316,1.5736,-65.873,42.005,6.8979,24.812,280.91,207.08,113.81,89.101,47.836
84.907,49.75,1.5439,-68.659,44.241,7.713,24.584,289.54,213.22,118.01,93.093,49.71
88.133,51.596,0.56338,-71.256,46.691,7.7772,24.385,298.41,219.87,122.4,97.308,51.845
91.398,52.866,-1.4942,-73.723,49.389,7.0391,24.205,307.38,227.18,127.14,101.74,54.279
94.727,53.769,-4.514,-76.189,52.287,5.6656,23.995,316.3,235.05,132.31,106.29,56.915
98.154,54.616,-8.1365,-78.787,55.277,3.9556,23.699,325.08,243.25,137.86,110.81,59.58
101.7,55.7,-11.858,-81.583,58.236,2.2588,23.265,333.7,251.47,143.66,115.19,62.135
105.34,57.18,-15.193,-84.54,61.073,0.90872,22.657,342.18,259.49,149.53,119.37,64.535
109.02,59.05,-17.811,-87.539,63.758,0.15805,21.854,350.57,267.19,155.29,123.35,66.823
112.7,61.199,-19.597,-90.464,66.325,0.12135,20.854,358.91,274.53,160.78,127.21,69.082
116.35,63.505,-20.664,-93.271,68.854,0.75155,19.681,367.2,281.57,165.98,131.06,71.403
120.02,65.896,-21.25,-95.997,71.436,1.8913,18.379,375.44,288.51,171,135.06,73.863
123.74,68.398,-21.644,-98.731,74.131,3.373,16.997,383.57,295.53,176.08,139.35,76.535
127.54,71.11,-22.119,-101.59,76.95,5.076,15.577,391.54,302.79,181.4,144.02,79.473
131.42,74.12,-22.744,-104.71,79.798,6.9376,14.138,399.23,310.31,187.02,148.99,82.674
135.36,77.456,-23.313,-108.24,82.439,8.9537,12.68,406.57,317.91,192.77,154.03,86.05
139.32,81.076,-23.566,-112.27,84.619,11.164,11.196,413.49,325.28,198.32,158.87,89.465
143.24,84.915,-23.346,-116.66,86.266,13.613,9.6935,419.98,332.11,203.39,163.34,92.801
147.04,88.915,-22.593,-121.11,87.477,16.299,8.1978,425.99,338.25,207.84,167.39,95.999
150.63,93.015,-21.351,-125.26,88.396,19.149,6.7592,431.46,343.73,211.71,171.11,99.073
153.93,97.109,-19.785,-128.89,89.149,22.028,5.4451,436.35,348.62,215.14,174.66,102.07
156.91,101.05,-18.134,-132.03,89.822,24.765,4.313,440.65,353.02,218.29,178.18,105.06
159.64,104.71,-16.651,-134.92,90.472,27.198,3.3924,444.43,357.01,221.29,181.76,108.07
162.26,108.04,-15.55,-137.78,91.144,29.207,2.6821,447.76,360.64,224.17,185.41,111.08
164.89,111.01,-14.966,-140.74,91.869,30.722,2.1521,450.72,363.96,226.93,188.99,114.02
167.58,113.55,-14.909,-143.68,92.645,31.73,1.7464,453.32,367.03,229.49,192.36,116.81
170.15,115.61,-15.238,-146.33,93.422,32.295,1.3925,455.5,369.87,231.83,195.37,119.38
172.32,117.2,-15.692,-148.46,94.12,32.542,1.0197,457.2,372.43,233.91,198.01,121.68
173.84,118.37,-15.982,-149.99,94.654,32.62,0.58189,458.32,374.61,235.74,200.27,123.68
174.65,119.2,-15.904,-150.98,94.978,32.641,0.069381,458.74,376.31,237.35,202.18,125.38
174.82,119.75,-15.437,-151.56,95.111,32.647,-0.4972,458.29,377.43,238.74,203.74,126.79
174.54,120.08,-14.766,-151.84,95.12,32.608,-1.0896,456.71,377.92,239.86,204.97,127.96
173.99,120.16,-14.188,-151.89,95.077,32.446,-1.6934,453.74,377.74,240.63,205.94,128.94
173.3,120,-13.921,-151.72,95.016,32.074,-2.3116,449.33,376.89,240.96,206.72,129.75
172.51,119.6,-13.996,-151.3,94.916,31.46,-2.954,443.74,375.39,240.84,207.3,130.41
171.6,119.04,-14.272,-150.64,94.719,30.739,-3.6315,437.4,373.24,240.34,207.6,130.89
170.51,118.44,-14.484,-149.78,94.363,30.236,-4.3619,430.63,370.39,239.45,207.49,131.12
169.23,117.88,-14.31,-148.78,93.821,30.271,-5.1725,423.51,366.76,238.1,206.87,131.03
167.77,117.37,-13.542,-147.68,93.109,30.937,-6.0859,415.91,362.26,236.15,205.71,130.63
166.18,116.79,-12.271,-146.39,92.273,32.063,-7.0986,407.55,356.81,233.44,204.05,129.98
164.5,115.93,-10.873,-144.75,91.376,33.272,-8.169,398.09,350.35,229.9,201.94,129.19
162.64,114.53,-9.8369,-142.56,90.489,34.087,-9.2214,387.21,342.93,225.62,199.45,128.34
160.41,112.35,-9.547,-139.64,89.69,34.05,-10.163,374.81,334.66,220.79,196.67,127.49
157.65,109.33,-10.143,-135.81,89.017,32.847,-10.914,361.03,325.67,215.67,193.74,126.65
154.3,105.6,-11.462,-131.09,88.417,30.413,-11.452,346.24,316.05,210.39,190.74,125.76
150.34,101.36,-13.067,-125.83,87.721,27.045,-11.816,330.9,305.8,204.92,187.6,124.73
145.79,96.768,-14.377,-120.62,86.636,23.363,-12.088,315.37,294.83,199.1,184.02,123.46
140.66,91.92,-14.897,-115.84,84.733,20.016,-12.331,299.83,282.99,192.71,179.71,121.87
134.95,86.966,-14.477,-111.5,81.539,17.326,-12.568,284.3,270.22,185.57,174.59,119.94
128.68,82.09,-13.449,-107.36,76.889,15.29,-12.776,268.69,256.7,177.65,168.72,117.61
121.94,77.407,-12.369,-103.07,71.339,13.772,-12.916,252.95,242.79,169.05,162.21,114.83
115.06,72.847,-11.542,-98.28,65.911,12.466,-12.946,237.1,228.92,160.11,155.21,111.55
108.36,68.249,-10.953,-92.745,61.195,10.997,-12.841,221.29,215.33,151.22,147.89,107.78
101.88,63.602,-10.408,-86.505,57.058,9.3215,-12.605,205.65,202.04,142.6,140.44,103.65
95.485,59.165,-9.6115,-80.086,53.06,7.7934,-12.278,190.3,188.93,134.32,133.03,99.293
89.097,55.278,-8.2518,-74.192,48.803,6.8319,-11.924,175.35,175.9,126.34,125.74,94.782
82.672,52.086,-6.0931,-69.124,43.993,6.6605,-11.604,160.9,162.9,118.54,118.61,90.155
76.163,49.49,-3.1307,-64.739,38.464,7.2339,-11.356,147.06,149.98,110.74,111.67,85.483
69.579,47.256,0.29345,-60.739,32.375,8.2845,-11.181,133.87,137.3,102.81,105.01,80.915
63.102,45.047,3.6743,-56.847,26.421,9.4187,-11.047,121.3,125.06,94.797,98.66,76.586
56.996,42.454,6.6185,-52.947,21.386,10.251,-10.909,109.2,113.47,86.936,92.626,72.472
51.436,39.137,8.8829,-49.126,17.448,10.529,-10.732,97.46,102.63,79.564,86.848,68.444
46.49,35.025,10.348,-45.455,14.282,10.161,-10.499,86.039,92.529,72.898,81.242,64.461
42.141,30.423,11.04,-41.82,11.455,9.2056,-10.212,74.97,83.057,66.917,75.705,60.573
38.275,25.839,11.14,-38.094,8.7126,7.817,-9.8891,64.349,74.062,61.432,70.154,56.782
34.694,21.639,10.971,-34.26,6.3843,6.2127,-9.5574,54.306,65.397,56.216,64.559,52.995
31.142,17.917,10.865,-30.377,4.9784,4.6243,-9.2485,44.974,56.998,51.084,58.958,49.12
27.381,14.581,10.99,-26.513,4.1638,3.2495,-8.9878,36.412,48.917,45.921,53.468,45.197
23.337,11.499,11.341,-22.724,3.3767,2.2063,-8.7871,28.642,41.293,40.7,48.269,41.468
19.229,8.5878,11.879,-19.049,2.4031,1.4991,-8.6417,21.933,34.277,35.484,43.533,38.221
15.413,5.9001,12.558,-15.479,1.2812,1.0574,-8.5349,16.702,27.949,30.537,39.346,35.454
12.089,3.6924,13.268,-11.937,0.12421,0.83574,-8.443,12.758,22.358,26.356,35.682,32.919
9.3085,2.2015,13.899,-8.5412,-0.9839,0.80423,-8.3422,9.5461,17.652,23.137,32.431,30.424
7.0666,1.3346,14.39,-5.7942,-2.0135,0.86215,-8.2124,6.7507,13.899,20.585,29.475,27.925
5.2974,0.78902,14.706,-3.9545,-2.9649,0.87045,-8.0375,4.2769,10.923,18.35,26.759,25.431
3.9082,0.31742,14.815,-2.7737,-3.844,0.74105,-7.8106,2.0985,8.4624,16.158,24.312,22.927
2.8192,-0.18866,14.734,-1.9309,-4.6628,0.47407,-7.5453,0.195,6.3154,13.738,22.158,20.356
1.9488,-0.7295,14.576,-1.2431,-5.4494,0.14382,-7.2805,-1.4644,4.3766,10.919,20.13,17.664
1.2008,-1.2533,14.505,-0.63786,-6.2394,-0.15098,-7.0626,-2.9206,2.615,7.9544,17.821,14.915
0.49956,-1.7079,14.623,-0.098833,-7.0439,-0.34806,-6.9176,-4.2159,1.0379,5.4149,14.921,12.357
-0.18099,-2.0804,14.896,0.37128,-7.8288,-0.45952,-6.8323,-5.3831,-0.33946,3.5704,11.734,10.236
-0.83372,-2.4167,15.177,0.78496,-8.5301,-0.56904,-6.7602,-6.4404,-1.5109,2.305,8.9294,8.6004
-1.4545,-2.8084,15.291,1.1874,-9.0905,-0.79402,-6.6463,-7.3955,-2.4864,1.426,6.8328,7.3645
-2.0582,-3.3455,15.123,1.6402,-9.4874,-1.2312,-6.4565,-8.2541,-3.2952,0.79753,5.3666,6.4266
-2.6685,-4.0623,14.652,2.1862,-9.7405,-1.9047,-6.1951,-9.0268,-3.9813,0.33302,4.3381,5.7016
-3.3003,-4.9082,13.977,2.8216,-9.9034,-2.7379,-5.9018,-9.7302,-4.5927,-0.029398,3.5789,5.1131
-3.9481,-5.7584,13.287,3.4916,-10.044,-3.5708,-5.6341,-10.383,-5.1667,-0.33647,2.9722,4.5942
-4.5842,-6.4588,12.798,4.1115,-10.218,-4.2171,-5.4429,-11,-5.72,-0.61975,2.4496,4.0972
-5.1672,-6.8869,12.654,4.6014,-10.45,-4.5336,-5.3544,-11.583,-6.2462,-0.89343,1.9809,3.599
-5.661,-6.9989,12.878,4.9207,-10.731,-4.4703,-5.3626,-12.125,-6.7251,-1.1561,1.56,3.096
-6.0543,-6.8418,13.381,5.0812,-11.038,-4.0825,-5.4359,-12.612,-7.1356,-1.3979,1.19,2.5949
-6.3629,-6.5294,14.019,5.1362,-11.343,-3.5055,-5.5338,-13.033,-7.4675,-1.6094,0.87138,2.1065
-6.612,-6.1964,14.636,5.1511,-11.621,-2.9061,-5.627,-13.384,-7.7282,-1.7885,0.59693,1.6427
-6.8126,-5.948,15.11,5.1719,-11.848,-2.429,-5.7102,-13.672,-7.9424,-1.9414,0.35054,1.2134
-6.954,-5.825,15.388,5.2076,-12.007,-2.151,-5.803,-13.912,-8.1453,-2.0803,0.11028,0.82267
-7.014,-5.7968,15.491,5.2324,-12.091,-2.0602,-5.9383,-14.124,-8.371,-2.2193,-0.14589,0.46533
-6.9758,-5.7849,15.5,5.2041,-12.112,-2.0719,-6.1481,-14.324,-8.6417,-2.3696,-0.4334,0.1285
-6.8402,-5.7083,15.516,5.0881,-12.096,-2.0757,-6.4521,-14.521,-8.9607,-2.5367,-0.75477,-0.20225
-6.6281,-5.5279,15.614,4.8784,-12.07,-1.9909,-6.8502,-14.709,-9.314,-2.7186,-1.0964,-0.53482
-6.3756,-5.2614,15.795,4.6039,-12.043,-1.7981,-7.3197,-14.873,-9.6753,-2.9076,-1.4316,-0.86633
-6.1214,-4.9631,15.987,4.314,-12.002,-1.5322,-7.8216,-14.995,-10.015,-3.0948,-1.7303,-1.185
-5.8891,-4.6897,16.083,4.0523,-11.917,-1.2557,-8.3163,-15.064,-10.313,-3.2765,-1.9703,-1.4759
-5.6752,-4.4787,15.998,3.8358,-11.764,-1.0332,-8.7807,-15.081,-10.56,-3.4581,-2.1458,-1.7275
-5.4524,-4.3383,15.707,3.6525,-11.537,-0.9109,-9.2106,-15.054,-10.767,-3.6528,-2.2693,-1.9363
-5.1916,-4.2545,15.252,3.4778,-11.252,-0.9076,-9.607,-14.992,-10.952,-3.8766,-2.3651,-2.1069
-4.8892,-4.2141,14.701,3.3027,-10.934,-1.0215,-9.9559,-14.89,-11.128,-4.1396,-2.4579,-2.2497
-4.5806,-4.2289,14.101,3.1534,-10.605,-1.243,-10.216,-14.727,-11.291,-4.4382,-2.5622,-2.3759
-4.3293,-4.3335,13.467,3.0842,-10.28,-1.5583,-10.329,-14.472,-11.414,-4.7529,-2.679,-2.4944
-4.1957,-4.5569,12.791,3.1461,-9.9689,-1.9357,-10.244,-14.097,-11.459,-5.0537,-2.8002,-2.6108
-4.2067,-4.8919,12.062,3.3552,-9.6746,-2.3149,-9.9557,-13.597,-11.393,-5.3112,-2.9183,-2.7275
-4.3401,-5.2914,11.287,3.682,-9.3991,-2.6224,-9.5117,-12.995,-11.201,-5.5085,-3.0349,-2.8448
-4.5335,-5.69,10.523,4.0625,-9.1411,-2.8078,-8.9891,-12.332,-10.899,-5.6481,-3.1624,-2.9623
-4.7157,-6.0328,9.8538,4.4216,-8.8991,-2.8712,-8.4534,-11.656,-10.523,-5.7481,-3.3182,-3.0806
-4.8425,-6.2982,9.3113,4.7046,-8.6762,-2.8782,-7.9326,-11.004,-10.119,-5.829,-3.5155,-3.2023
-4.9168,-6.5193,8.8377,4.9072,-8.482,-2.9565,-7.4143,-10.391,-9.7209,-5.9007,-3.7566,-3.3313
-4.9817,-6.7873,8.3166,5.081,-8.3252,-3.2581,-6.8612,-9.8064,-9.3456,-5.9596,-4.0332,-3.4717
-5.0933,-7.2133,7.6275,5.3041,-8.2049,-3.8981,-6.237,-9.2258,-8.9901,-5.9935,-4.3333,-3.6285
-5.2906,-7.8611,6.7104,5.6333,-8.1098,-4.8932,-5.5297,-8.6203,-8.6389,-5.9896,-4.6468,-3.808
-5.5784,-8.6935,5.6097,6.0691,-8.029,-6.1262,-4.7613,-7.9694,-8.2737,-5.9413,-4.9681,-4.0194
-5.9237,-9.5676,4.4922,6.5512,-7.9671,-7.3545,-3.9821,-7.2698,-7.8823,-5.8524,-5.2966,-4.2731
-6.2656,-10.28,3.6139,6.9793,-7.948,-8.2795,-3.2531,-6.5356,-7.4632,-5.739,-5.6363,-4.5783
-6.5352,-10.64,3.2205,7.2478,-8.0022,-8.6487,-2.6237,-5.79,-7.0241,-5.6258,-5.9939,-4.9391
-6.6809,-10.537,3.4372,7.2885,-8.1438,-8.3402,-2.113,-5.0515,-6.5749,-5.5384,-6.3726,-5.3488
-6.689,-9.9944,4.2064,7.107,-8.3545,-7.4054,-1.7009,-4.3203,-6.1179,-5.4917,-6.7635,-5.7859
-6.5882,-9.1705,5.2993,6.787,-8.5841,-6.0568,-1.3334,-3.5743,-5.6416,-5.4839,-7.1422,-6.2156
-6.433,-8.3016,6.4041,6.4542,-8.7672,-4.601,-0.94344,-2.7776,-5.1251,-5.4973,-7.4759,-6.6033
-6.2753,-7.6136,7.2551,6.218,-8.8458,-3.3389,-0.47633,-1.8992,-4.5497,-5.5064,-7.7361,-6.9286
-6.1404,-7.2406,7.7186,6.1261,-8.7877,-2.4747,0.088855,-0.92832,-3.9087,-5.486,-7.9054,-7.1876
-6.0204,-7.1871,7.7861,6.1563,-8.5918,-2.073,0.73258,0.11899,-3.2099,-5.4174,-7.9786,-7.3835
-5.8865,-7.3519,7.5231,6.2424,-8.2832,-2.0698,1.4051,1.2016,-2.4726,-5.2923,-7.9595,-7.5163
-5.7125,-7.5964,7.0312,6.3116,-7.9028,-2.3391,2.0501,2.2619,-1.7226,-5.1119,-7.8582,-7.58
-5.4933,-7.8151,6.409,6.3186,-7.4933,-2.7756,2.6291,3.2422,-0.98575,-4.8816,-7.6875,-7.5653
-5.2482,-7.9848,5.7059,6.266,-7.0862,-3.331,3.1359,4.1055,-0.28039,-4.6049,-7.4604,-7.4651
-5.0122,-8.1625,4.905,6.1975,-6.6918,-4.0035,3.5969,4.8525,0.38695,-4.2829,-7.1876,-7.2786
-4.8238,-8.4267,3.9428,6.1679,-6.299,-4.8134,4.0569,5.52,1.0192,-3.918,-6.8798,-7.0161
-4.7116,-8.8263,2.7607,6.2161,-5.8883,-5.7648,4.5528,6.1615,1.6213,-3.5208,-6.5513,-6.6999
-4.6829,-9.3651,1.3809,6.3518,-5.4514,-6.8182,5.0907,6.8224,2.1955,-3.1114,-6.222,-6.3605
-4.7211,-9.9986,-0.054288,6.5524,-5.0032,-7.8899,5.6382,7.5264,2.743,-2.7136,-5.9133,-6.0257
-4.7974,-10.643,-1.3254,6.7744,-4.5823,-8.864,6.1389,8.2764,3.2708,-2.3441,-5.6407,-5.7111
-4.8909,-11.197,-2.2228,6.9728,-4.2378,-9.6095,6.5409,9.0634,3.7953,-2.0047,-5.4087,-5.4169
-4.9995,-11.579,-2.6154,7.12,-4.0118,-10.014,6.8217,9.8744,4.3372,-1.684,-5.2113,-5.1341
-5.1327,-11.751,-2.4712,7.2092,-3.9236,-10.022,6.9939,10.69,4.9098,-1.3669,-5.0395,-4.8574
-5.2947,-11.721,-1.8396,7.2435,-3.9663,-9.654,7.0884,11.474,5.5048,-1.0459,-4.8893,-4.5946
-5.4707,-11.513,-0.83033,7.2202,-4.1156,-8.9796,7.1316,12.172,6.0885,-0.72905,-4.7656,-4.3672
-5.6246,-11.15,0.40029,7.1229,-4.3417,-8.0981,7.1279,12.719,6.6082,-0.43987,-4.6795,-4.2011
-5.7085,-10.644,1.6663,6.9297,-4.6092,-7.1179,7.0569,13.068,7.0117,-0.20846,-4.641,-4.1129
-5.6777,-10.021,2.7773,6.6315,-4.8688,-6.1567,6.8907,13.212,7.2706,-0.054521,-4.6484,-4.0978
-5.5067,-9.3477,3.5663,6.2467,-5.0559,-5.3428,6.6217,13.193,7.398,0.028703,-4.6809,-4.1244
-5.1984,-8.7198,3.9236,5.8184,-5.1083,-4.7912,6.2768,13.088,7.4471,0.075871,-4.7022,-4.1411
-4.7818,-8.2123,3.8371,5.3931,-4.995,-4.5498,5.9023,12.976,7.4883,0.13227,-4.6738,-4.0967
-4.2979,-7.8361,3.4144,4.9983,-4.734,-4.5631,5.5359,12.904,7.5791,0.23007,-4.5736,-3.9639
-3.7856,-7.5343,2.854,4.6326,-4.3839,-4.6905,5.1903,12.875,7.7428,0.37364,-4.406,-3.7518
-3.2726,-7.2154,2.3574,4.27,-4.013,-4.7706,4.8565,12.855,7.9626,0.5397,-4.1995,-3.4982
-2.7664,-6.8024,2.0429,3.8743,-3.6637,-4.6927,4.5178,12.795,8.1917,0.68972,-3.9921,-3.2469
-2.2526,-6.2725,1.9093,3.4236,-3.3281,-4.435,4.1648,12.657,8.3753,0.78884,-3.813,-3.0274
-1.7088,-5.669,1.8543,2.9277,-2.9495,-4.0579,3.8034,12.429,8.4747,0.82316,-3.6703,-2.8444
-1.1268,-5.0822,1.7335,2.4289,-2.4559,-3.6739,3.4524,12.126,8.4823,0.80689,-3.5483,-2.6802
-0.52841,-4.6121,1.4372,1.987,-1.8112,-3.4049,3.1334,11.776,8.4195,0.77495,-3.4142,-2.5047
0.037873,-4.3278,0.95237,1.6546,-1.0506,-3.3326,2.8576,11.401,8.3198,0.76499,-3.2329,-2.2925
0.51727,-4.2364,0.37334,1.4537,-0.27468,-3.4585,2.6154,10.999,8.2054,0.79756,-2.9845,-2.0388
0.87233,-4.2772,-0.14719,1.3648,0.39586,-3.6981,2.3761,10.544,8.0727,0.86429,-2.6754,-1.7657
1.0964,-4.3474,-0.47008,1.3362,0.87382,-3.9174,2.1007,9.9959,7.8944,0.93111,-2.3376,-1.515
1.2127,-4.3501,-0.52511,1.3085,1.132,-3.9989,1.765,9.3357,7.637,0.95677,-2.0153,-1.3308
1.2627,-4.2358,-0.33454,1.239,1.2005,-3.8991,1.3758,8.5873,7.2841,0.91709,-1.7473,-1.2413
1.2933,-4.0137,-0.0016141,1.113,1.1508,-3.658,0.96796,7.819,6.8475,0.8184,-1.5549,-1.2477
1.3464,-3.7306,0.32835,0.93985,1.0715,-3.3625,0.58375,7.1131,6.3604,0.69031,-1.4401,-1.3275
1.4541,-3.4376,0.52082,0.74028,1.0396,-3.0984,0.25068,6.5272,5.8573,0.56533,-1.3924,-1.4465
1.6318,-3.1621,0.50969,0.53233,1.0926,-2.9115,-0.029399,6.0709,5.3559,0.46079,-1.3986,-1.5735
1.8725,-2.8927,0.34,0.32056,1.2141,-2.7802,-0.27818,5.7051,4.8509,0.37263,-1.4503,-1.6918
2.1478,-2.5827,0.16136,0.095361,1.345,-2.6171,-0.52986,5.3609,4.3221,0.28065,-1.5457,-1.8021
2.4213,-2.1751,0.1627,-0.1586,1.4154,-2.3102,-0.81498,4.9695,3.7504,0.15994,-1.6871,-1.915
2.6634,-1.6392,0.48137,-0.4496,1.3825,-1.7842,-1.1453,4.4913,3.1303,-0.007719,-1.875,-2.0374
2.8574,-0.99992,1.1345,-0.76642,1.2548,-1.0471,-1.5076,3.9289,2.4731,-0.22663,-2.1027,-2.1631
2.9963,-0.3401,2.0067,-1.0732,1.0862,-0.19425,-1.8705,3.3193,1.8016,-0.48641,-2.3544,-2.274
3.0764,0.22704,2.8982,-1.3176,0.94408,0.62673,-2.1992,2.7101,1.1403,-0.76796,-2.6084,-2.3492
3.0951,0.59973,3.6096,-1.4505,0.87289,1.2659,-2.471,2.1381,0.50718,-1.0525,-2.843,-2.3737
3.0526,0.72398,4.0147,-1.4469,0.88176,1.6203,-2.6818,1.6178,-0.087922,-1.3283,-3.0431,-2.3415
2.9552,0.61007,4.0809,-1.3183,0.95746,1.6637,-2.8436,1.1417,-0.64169,-1.5927,-3.2031,-2.2548
2.8196,0.32208,3.8445,-1.1084,1.0823,1.4417,-2.9736,0.68755,-1.1555,-1.8505,-3.3264,-2.1221
2.6725,-0.053477,3.3757,-0.87309,1.2406,1.0383,-3.0826,0.22758,-1.6343,-2.1084,-3.4218,-1.9576
2.5428,-0.44221,2.749,-0.65629,1.4165,0.53383,-3.1717,-0.26124,-2.0845,-2.3692,-3.4994,-1.778
2.4469,-0.80527,2.0252,-0.47454,1.5907,-0.023374,-3.2341,-0.79005,-2.5128,-2.6273,-3.5646,-1.6003
2.3801,-1.1469,1.2437,-0.31566,1.7444,-0.62255,-3.2609,-1.3567,-2.9256,-2.8703,-3.6163,-1.4387
2.3192,-1.5038,0.42601,-0.15145,1.8669,-1.2731,-3.2458,-1.9512,-3.3309,-3.0837,-3.6478,-1.3033
2.2349,-1.9149,-0.40846,0.043914,1.9597,-1.9737,-3.1902,-2.5637,-3.74,-3.2573,-3.6542,-1.2005
2.1027,-2.3882,-1.2108,0.28109,2.0267,-2.69,-3.1066,-3.1906,-4.1664,-3.3912,-3.6405,-1.134
1.909,-2.8896,-1.8863,0.55201,2.0568,-3.3541,-3.0175,-3.8315,-4.6197,-3.4954,-3.6248,-1.1051
1.6538,-3.3523,-2.3166,0.83136,2.0213,-3.8757,-2.9492,-4.483,-5.0964,-3.5848,-3.6331,-1.1116
1.3527,-3.697,-2.4076,1.0827,1.8941,-4.1616,-2.9236,-5.133,-5.5745,-3.6712,-3.6894,-1.1463
1.0374,-3.8576,-2.1271,1.2704,1.6781,-4.1439,-2.9503,-5.7595,-6.0182,-3.7586,-3.8055,-1.1978
0.75128,-3.8054,-1.5108,1.3703,1.4124,-3.8039,-3.0228,-6.3333,-6.3898,-3.8428,-3.9767,-1.2538
0.53856,-3.5514,-0.63526,1.3737,1.1524,-3.1721,-3.122,-6.8247,-6.6643,-3.9167,-4.1835,-1.3058
0.43072,-3.13,0.41002,1.2822,0.94188,-2.3141,-3.2236,-7.2123,-6.8389,-3.976,-4.3989,-1.3515
0.43575,-2.5876,1.5178,1.1075,0.80153,-1.32,-3.3096,-7.4915,-6.935,-4.0225,-4.5967,-1.394
0.5361,-1.9896,2.5357,0.87436,0.73631,-0.30776,-3.3753,-7.6757,-6.9916,-4.0634,-4.758,-1.4369
0.69648,-1.4264,3.273,0.62223,0.74517,0.56978,-3.4285,-7.79,-7.0516,-4.108,-4.873,-1.4817
0.87594,-1.0028,3.5529,0.39887,0.82469,1.1394,-3.4816,-7.8601,-7.147,-4.1623,-4.9394,-1.526
1.0373,-0.81977,3.2639,0.25395,0.97015,1.253,-3.5415,-7.9025,-7.2892,-4.2259,-4.9586,-1.5621
1.1521,-0.9503,2.3952,0.23143,1.1742,0.83938,-3.6053,-7.9206,-7.4676,-4.2911,-4.9331,-1.5802
1.2021,-1.4088,1.0573,0.35545,1.4238,-0.064513,-3.6636,-7.911,-7.6586,-4.3457,-4.8652,-1.5761
1.1813,-2.1274,-0.52692,0.61405,1.6966,-1.3064,-3.7078,-7.8738,-7.8384,-4.3792,-4.7588,-1.5599
1.0948,-2.9628,-2.0683,0.9556,1.9581,-2.6446,-3.7342,-7.8179,-7.9943,-4.3868,-4.6207,-1.5551
0.95561,-3.7389,-3.2858,1.3062,2.1659,-3.8098,-3.7436,-7.7574,-8.1264,-4.3713,-4.461,-1.5906
0.77849,-4.3042,-3.9812,1.5989,2.2817,-4.5774,-3.7373,-7.7026,-8.2427,-4.3408,-4.2938,-1.691
0.57587,-4.5775,-4.0766,1.7984,2.2823,-4.8235,-3.7153,-7.6547,-8.3529,-4.307,-4.1385,-1.8702
0.35678,-4.566,-3.6176,1.9094,2.1681,-4.5575,-3.6766,-7.6049,-8.4627,-4.2814,-4.0195,-2.1299
0.12729,-4.3549,-2.7516,1.9681,1.9644,-3.9185,-3.6198,-7.5396,-8.57,-4.2726,-3.9613,-2.4623
-0.10742,-4.0712,-1.6851,2.0238,1.7162,-3.1192,-3.5453,-7.4478,-8.6658,-4.2825,-3.98,-2.8541
-0.33898,-3.836,-0.63265,2.1169,1.477,-2.3649,-3.4583,-7.3295,-8.7404,-4.3059,-4.0783,-3.2929
-0.55309,-3.7241,0.22237,2.2622,1.2947,-1.7971,-3.3701,-7.1995,-8.7915,-4.3327,-4.2445,-3.7709
-0.73264,-3.7485,0.75502,2.4442,1.1979,-1.4781,-3.2932,-7.0857,-8.83,-4.3539,-4.4575,-4.2864
-0.86545,-3.8723,0.91634,2.6267,1.1899,-1.402,-3.2317,-7.021,-8.8774,-4.3664,-4.6933,-4.8393
-0.95033,-4.0437,0.72639,2.7743,1.2523,-1.5271,-3.1763,-7.0298,-8.956,-4.373,-4.9291,-5.4248
-0.99641,-4.2336,0.24312,2.8739,1.3583,-1.8175,-3.1048,-7.1157,-9.0772,-4.3794,-5.1435,-6.0291
-1.0175,-4.451,-0.46263,2.9405,1.4869,-2.2594,-2.9918,-7.2587,-9.2355,-4.3905,-5.3203,-6.6312
-1.026,-4.7256,-1.3143,3.0057,1.6319,-2.8447,-2.8229,-7.4227,-9.4119,-4.4106,-5.457,-7.2096
-1.0302,-5.0755,-2.2326,3.0973,1.8017,-3.5459,-2.6046,-7.5698,-9.5829,-4.4442,-5.5693,-7.7454
-1.0312,-5.485,-3.1329,3.222,2.0051,-4.3022,-2.3649,-7.672,-9.7287,-4.4945,-5.6791,-8.2191
-1.0222,-5.9022,-3.922,3.3602,2.2344,-5.0207,-2.1441,-7.7178,-9.8383,-4.5628,-5.7967,-8.6126
-0.9908,-6.2521,-4.5064,3.4727,2.4609,-5.5957,-1.9818,-7.7145,-9.9104,-4.6473,-5.9126,-8.9149
-0.92601,-6.4602,-4.8144,3.5178,2.6487,-5.9383,-1.904,-7.6808,-9.9507,-4.7428,-5.9982,-9.1248
-0.82524,-6.4804,-4.8196,3.4704,2.7715,-6.0019,-1.9141,-7.6357,-9.9672,-4.8419,-6.0154,-9.2453
-0.69689,-6.3147,-4.5512,3.3343,2.8229,-5.7967,-1.9912,-7.5885,-9.9665,-4.9363,-5.9308,-9.279
-0.55668,-6.0106,-4.0855,3.1397,2.8148,-5.3862,-2.0994,-7.5373,-9.9538,-5.0204,-5.7335,-9.2314
-0.42007,-5.6379,-3.5252,2.9277,2.7709,-4.8633,-2.2021,-7.4746,-9.9337,-5.0932,-5.4426,-9.1176
-0.29391,-5.2566,-2.971,2.7304,2.718,-4.3159,-2.2769,-7.3941,-9.91,-5.1581,-5.1019,-8.9651
-0.17085,-4.8913,-2.498,2.5555,2.6801,-3.7965,-2.3265,-7.2945,-9.8857,-5.2212,-4.7623,-8.8091
-0.031068,-4.5278,-2.1449,2.3849,2.6744,-3.3135,-2.379,-7.1808,-9.8617,-5.2881,-4.4635,-8.6831
0.14668,-4.1406,-1.9201,2.192,2.7108,-2.8561,-2.4705,-7.0609,-9.8346,-5.3603,-4.221,-8.6069
0.36936,-3.732,-1.8192,1.9678,2.793,-2.4334,-2.6163,-6.9391,-9.7925,-5.4317,-4.0224,-8.5782
0.61931,-3.3501,-1.8365,1.7369,2.9188,-2.0893,-2.7943,-6.8116,-9.7146,-5.4883,-3.8359,-8.5733
0.85759,-3.0679,-1.9635,1.5471,3.0777,-1.8787,-2.9538,-6.6678,-9.5792,-5.5136,-3.6289,-8.5626
1.0388,-2.9426,-2.1805,1.4432,3.2478,-1.8335,-3.039,-6.499,-9.3764,-5.4955,-3.3877,-8.5322
1.1275,-2.9877,-2.4532,1.4446,3.3972,-1.9458,-3.014,-6.3076,-9.1192,-5.4338,-3.1281,-8.4992
1.1093,-3.1713,-2.7396,1.5404,3.4953,-2.1731,-2.8758,-6.11,-8.8431,-5.3408,-2.8908,-8.5055
0.99494,-3.4375,-3.0105,1.7013,3.5294,-2.4599,-2.6503,-5.9287,-8.5919,-5.234,-2.7233,-8.592
0.81855,-3.7345,-3.2667,1.8957,3.517,-2.7619,-2.3757,-5.7793,-8.3961,-5.1261,-2.6564,-8.7714
0.62628,-4.0294,-3.5323,2.0996,3.4986,-3.0561,-2.0876,-5.666,-8.2606,-5.0198,-2.6899,-9.0186
0.45898,-4.3026,-3.8277,2.2953,3.5137,-3.3322,-1.8139,-5.5871,-8.1686,-4.9128,-2.7951,-9.2859
0.33714,-4.5344,-4.1431,2.4666,3.5753,-3.5742,-1.5757,-5.5457,-8.0969,-4.8044,-2.9306,-9.5291
0.25716,-4.6957,-4.4292,2.5939,3.66,-3.7505,-1.3879,-5.553,-8.03,-4.6992,-3.0609,-9.7262
0.19884,-4.7538,-4.6128,2.6572,3.7202,-3.8199,-1.2576,-5.623,-7.9654,-4.606,-3.1689,-9.8793
0.13713,-4.6885,-4.6309,2.6457,3.7062,-3.7506,-1.1836,-5.7635,-7.9108,-4.5345,-3.2594,-10.004
0.050956,-4.5087,-4.4595,2.5692,3.5877,-3.5379,-1.1593,-5.9676,-7.877,-4.4921,-3.3526,-10.114
-0.073073,-4.2533,-4.1147,2.4597,3.3647,-3.2083,-1.1769,-6.2104,-7.8688,-4.4806,-3.471,-10.203
-0.23934,-3.974,-3.641,2.3589,3.0652,-2.812,-1.2312,-6.4524,-7.878,-4.4945,-3.6257,-10.241
-0.44114,-3.7155,-3.0979,2.3008,2.7359,-2.4053,-1.3184,-6.6519,-7.885,-4.5221,-3.8106,-10.181
-0.6586,-3.5012,-2.5335,2.3003,2.4269,-2.0197,-1.434,-6.7789,-7.8661,-4.5503,-4.0074,-9.9838
-0.86108,-3.3173,-1.9493,2.343,2.1763,-1.6301,-1.5721,-6.8273,-7.8042,-4.5691,-4.195,-9.6328
-1.0164,-3.1023,-1.2975,2.389,1.9984,-1.1614,-1.7288,-6.8161,-7.6963,-4.5743,-4.358,-9.1501
-1.103,-2.7859,-0.53004,2.3968,1.8841,-0.54479,-1.9043,-6.7792,-7.5524,-4.5665,-4.4886,-8.5884
-1.1173,-2.3533,0.33732,2.3484,1.8158,0.22052,-2.0981,-6.7509,-7.3874,-4.5471,-4.5857,-8.012
-1.0766,-1.873,1.1894,2.2596,1.7835,1.0345,-2.3012,-6.7527,-7.2126,-4.5137,-4.65,-7.4716
-1.0143,-1.4815,1.8241,2.1797,1.7946,1.7021,-2.4915,-6.7869,-7.0301,-4.4587,-4.6797,-6.9836
-0.9694,-1.3448,2.0071,2.181,1.8746,1.9876,-2.6368,-6.8394,-6.8331,-4.3712,-4.669,-6.5285
-0.97222,-1.6046,1.5504,2.3335,2.0575,1.6944,-2.7065,-6.888,-6.6097,-4.2422,-4.6108,-6.0701
-1.034,-2.3219,0.38599,2.6742,2.3679,0.73765,-2.6855,-6.9134,-6.3511,-4.0709,-4.502,-5.5827
-1.1446,-3.4377,-1.3916,3.1857,2.801,-0.80599,-2.5819,-6.9072,-6.0576,-3.8672,-4.348,-5.0695
-1.2766,-4.7777,-3.528,3.7985,3.3174,-2.6932,-2.4248,-6.8723,-5.7387,-3.6491,-4.1628,-4.5614
-1.3932,-6.1036,-5.6685,4.4132,3.8549,-4.577,-2.2515,-6.8165,-5.4069,-3.4357,-3.9647,-4.0999
-1.4605,-7.1922,-7.4588,4.9347,4.349,-6.1227,-2.0936,-6.7465,-5.0714,-3.2403,-3.7685,-3.7182
-1.4593,-7.9036,-8.6482,5.3005,4.7492,-7.1142,-1.968,-6.6642,-4.738,-3.0687,-3.5818,-3.4302
-1.393,-8.213,-9.1526,5.495,5.0273,-7.4899,-1.8738,-6.568,-4.4102,-2.9213,-3.4052,-3.2284
-1.2863,-8.2047,-9.0582,5.5479,5.1791,-7.3304,-1.7943,-6.4544,-4.0897,-2.7946,-3.2341,-3.0894
-1.1765,-8.0388,-8.5788,5.5209,5.2216,-6.8436,-1.705,-6.3219,-3.7739,-2.6835,-3.0624,-2.9822
-1.0994,-7.8928,-7.9949,5.4855,5.1876,-6.3145,-1.5852,-6.1752,-3.4565,-2.585,-2.8868,-2.8801
-1.0771,-7.8901,-7.5745,5.4915,5.1167,-5.9891,-1.4301,-6.0275,-3.1324,-2.5027,-2.7104,-2.7694
-1.1101,-8.0478,-7.4703,5.5454,5.0437,-5.9628,-1.2556,-5.8973,-2.8017,-2.4461,-2.5426,-2.6519
-1.1804,-8.2812,-7.6477,5.6162,4.9896,-6.1607,-1.0918,-5.7994,-2.4695,-2.4238,-2.3932,-2.5391
-1.2608,-8.4638,-7.9202,5.6611,4.958,-6.4076,-0.96723,-5.7359,-2.141,-2.4337,-2.2638,-2.4415
-1.3236,-8.4934,-8.0792,5.6479,4.9387,-6.5276,-0.89498,-5.6932,-1.8168,-2.4587,-2.1441,-2.3601
-1.3465,-8.3234,-7.9963,5.5581,4.9165,-6.4107,-0.86978,-5.6488,-1.4951,-2.4728,-2.0152,-2.2841
-1.3154,-7.9575,-7.6419,5.3829,4.8797,-6.0295,-0.87392,-5.5821,-1.1772,-2.4542,-1.859,-2.1964
-1.2249,-7.4354,-7.0654,5.1254,4.8264,-5.4263,-0.88671,-5.482,-0.87004,-2.3953,-1.6671,-2.0811
-1.0793,-6.8278,-6.375,4.8059,4.766,-4.6964,-0.89225,-5.3447,-0.5806,-2.3025,-1.4429,-1.9273
-0.89188,-6.2301,-5.7147,4.4636,4.7159,-3.9706,-0.8832,-5.1671,-0.30775,-2.1896,-1.1988,-1.7277
-0.68435,-5.7401,-5.228,4.1475,4.6945,-3.387,-0.86191,-4.9446,-0.039212,-2.0691,-0.95052,-1.476
-0.48254,-5.4224,-5.0139,3.8979,4.7123,-3.048,-0.84043,-4.6773,0.24215,-1.9488,-0.71344,-1.1685
-0.3105,-5.2828,-5.0897,3.7277,4.7657,-2.9827,-0.83848,-4.3794,0.54588,-1.8346,-0.50174,-0.81027
-0.18394,-5.2665,-5.3846,3.6175,4.8384,-3.1358,-0.87692,-4.0829,0.8638,-1.7331,-0.32942,-0.4192
-0.10408,-5.2838,-5.7748,3.5261,4.9105,-3.392,-0.96735,-3.8295,1.1702,-1.6527,-0.208,-0.02676
-0.054022,-5.246,-6.139,3.4106,4.9708,-3.6195,-1.102,-3.6533,1.4341,-1.5987,-0.13951,0.33162
-0.0033042,-5.093,-6.39,3.2435,5.0186,-3.7113,-1.2513,-3.5644,1.6359,-1.5699,-0.11002,0.63487
0.077466,-4.8013,-6.4728,3.0175,5.0555,-3.6049,-1.3726,-3.5431,1.7785,-1.5596,-0.093747,0.89075
0.20033,-4.3756,-6.3536,2.7408,5.0759,-3.2791,-1.425,-3.5471,1.8842,-1.5608,-0.068583,1.1312
0.35275,-3.8361,-6.017,2.4314,5.0628,-2.7427,-1.3825,-3.5278,1.9821,-1.5702,-0.029861,1.3921
0.5027,-3.2129,-5.4642,2.1123,4.9899,-2.0274,-1.2389,-3.4458,2.0968,-1.5872,0.008823,1.6967
0.61164,-2.5437,-4.7151,1.8066,4.8308,-1.1836,-1.0023,-3.28,2.2434,-1.6093,0.026646,2.0507
0.64783,-1.8695,-3.8138,1.5319,4.5691,-0.27066,-0.68079,-3.0304,2.4313,-1.6281,0.0090244,2.4489
0.59497,-1.2302,-2.8306,1.2978,4.2071,0.65408,-0.26774,-2.7115,2.6722,-1.627,-0.044275,2.8847
0.45501,-0.66018,-1.8537,1.1093,3.7673,1.5463,0.26826,-2.3413,2.9874,-1.5815,-0.11772,3.3616
0.24625,-0.18179,-0.97059,0.96931,3.2884,2.38,0.98506,-1.9291,3.4089,-1.4602,-0.18238,3.9056
-0.0013562,0.19802,-0.2447,0.87751,2.815,3.1427,1.9592,-1.4679,3.9737,-1.2256,-0.19971,4.5787
-0.25153,0.48848,0.30383,0.82568,2.3845,3.8312,3.2663,-0.93523,4.7109,-0.83448,-0.12655,5.4835
-0.46657,0.72353,0.71163,0.79017,2.0145,4.4762,4.9579,-0.30245,5.6288,-0.2429,0.077936,6.7465
-0.61259,0.98167,1.076,0.72555,1.6944,5.1856,7.0463,0.45059,6.7052,0.5775,0.44461,8.4669
-0.66652,1.3888,1.5402,0.57167,1.3857,6.1531,9.496,1.3242,7.888,1.6156,0.98837,10.634
-0.622,2.0934,2.2667,0.27467,1.0283,7.6218,12.206,2.2981,9.1093,2.8082,1.7059,13.077
-0.49072,3.2633,3.4161,-0.19977,0.55347,9.8279,15.03,3.3446,10.31,4.0617,2.5785,15.543
-0.29844,5.156,5.1134,-0.87853,-0.093991,12.857,17.874,4.4511,11.472,5.3053,3.5849,17.847
-0.077929,8.1764,7.3151,-1.8199,-0.92182,16.341,20.759,5.639,12.638,6.5429,4.7308,19.956
0.1374,12.525,9.6423,-3.134,-1.8645,19.619,23.79,6.9656,13.91,7.8764,6.0874,21.961
0.31603,17.462,11.656,-4.8531,-2.8093,22.445,27.079,8.5037,15.433,9.4854,7.8088,23.999
0.42974,21.787,13.335,-6.6912,-3.6758,24.731,30.688,10.306,17.373,11.562,10.087,26.172
0.4598,24.973,14.899,-8.1415,-4.4715,26.274,34.524,12.376,19.909,14.183,13.008,28.496
0.4103,27.126,16.549,-8.8444,-5.2651,27.236,38.277,14.66,23.218,17.176,16.353,30.934
0.31673,28.571,18.444,-8.7069,-6.115,28.205,41.624,17.087,27.386,20.181,19.673,33.493
-2.2132,22.744,18.904,-8.7214,-7.2633,26.634,47.89,27.587,36.001,24.732,22.88,39.743
-0.21465,32.61,26.704,-14.339,-10.138,35.941,49.609,29.094,34.718,23.122,23.09,41.095
2.9151,46.071,36.969,-22.363,-13.819,48.178,50.412,30.429,33.542,21.404,23.118,41.422
6.3757,60.189,47.56,-30.975,-17.558,60.721,50.979,32.132,33.663,20.544,23.539,41.242
9.2489,71.083,55.516,-37.771,-20.216,70.138,52.352,34.778,36.146,21.559,25.15,41.474
10.63,75.462,58.45,-40.602,-20.955,73.638,55.434,38.569,41.442,25.029,28.623,43.101
9.7502,72.194,55.998,-38.45,-19.919,70.533,60.459,43.066,49.078,30.693,34.066,46.663
6.2098,62.663,49.944,-31.749,-18.178,62.452,66.915,47.407,57.898,37.571,40.943,51.994
0.27157,49.599,42.756,-21.974,-16.862,52.016,74.014,50.939,66.799,44.629,48.482,58.459
-7.0399,35.478,35.885,-10.903,-16.269,41.205,81.249,53.753,75.362,51.423,56.176,65.41
