163.83,149.14,-0.15414,-158.75,79.461,75.247,-84.901,229.41,286.79,297.98,258.31,166.33
142.37,138.41,10.673,-142.28,63.164,75.756,-78.398,204.9,255.14,263.58,239.06,157.95
122.08,126.97,19.603,-126.17,48.433,74.841,-71.812,180.8,223.99,230.68,218.69,148.8
104.47,114.48,24.812,-111.1,36.957,71.373,-65.247,157.63,194.08,200.47,196.75,137.83
90.986,101.3,25.206,-97.964,30.018,64.989,-58.923,136.15,166.49,173.75,173.6,123.98
81.982,88.206,21.204,-87.27,27.577,56.357,-52.89,117.27,142.61,151.02,150.41,106.8
76.354,75.955,14.668,-78.707,28.108,46.884,-46.957,101.7,123.6,132.44,128.67,86.952
72.178,64.921,7.8948,-71.365,29.45,37.994,-40.945,89.421,109.7,117.62,109.7,66.328
67.817,55.054,2.475,-64.312,29.944,30.511,-34.959,79.542,99.841,105.56,94.393,47.514
62.648,46.123,-1.2029,-57.107,29.073,24.511,-29.419,70.547,91.848,94.829,83.009,32.952
57.115,37.959,-3.7508,-49.957,27.384,19.537,-24.847,60.863,83.219,83.873,74.762,23.993
32.71,7.2652,6.4066,-22.029,16.943,5.7051,-15.852,4.7594,8.0357,5.3445,18.678,2.3827
24.425,-0.084109,5.9005,-14.366,14.739,2.1548,-11.032,-8.408,-6.3249,-9.505,5.4851,-4.2755
18.079,-6.2312,5.1767,-8.3921,12.821,-1.0984,-7.0518,-19.189,-18.382,-21.707,-5.7999,-9.621
13.259,-11.283,4.4257,-3.7756,11.072,-3.8779,-3.8665,-27.909,-28.502,-31.803,-15.388,-13.855
9.4322,-15.369,3.8926,-0.15947,9.2977,-6.0588,-1.3237,-34.927,-36.976,-40.22,-23.485,-17.185
6.1501,-18.642,3.75,2.7608,7.3208,-7.6472,0.74562,-40.576,-44.054,-47.281,-30.297,-19.807
3.1537,-21.264,4.0124,5.1983,5.0905,-8.7721,2.4631,-45.159,-49.985,-53.237,-36.03,-21.879
0.37523,-23.385,4.5382,7.2747,2.7237,-9.6142,3.8902,-48.941,-55.035,-58.308,-40.888,-23.517
-2.1357,-25.128,5.1008,9.0477,0.44994,-10.335,5.0526,-52.143,-59.457,-62.689,-45.073,-24.804
-4.3084,-26.582,5.4837,10.546,-1.5022,-11.041,5.9697,-54.926,-63.448,-66.541,-48.768,-25.82
-6.1189,-27.807,5.5648,11.798,-3.0013,-11.777,6.67,-57.391,-67.125,-69.979,-52.121,-26.656
-7.6121,-28.842,5.3577,12.843,-4.0519,-12.529,7.1929,-59.581,-70.517,-73.063,-55.212,-27.41
-8.8836,-29.708,4.9919,13.726,-4.7791,-13.247,7.5839,-61.489,-73.584,-75.801,-58.06,-28.161
-10.038,-30.426,4.6443,14.497,-5.3748,-13.875,7.888,-63.079,-76.255,-78.173,-60.645,-28.947
-11.15,-31.022,4.4584,15.191,-6.0175,-14.38,8.14,-64.321,-78.475,-80.163,-62.938,-29.758
-12.248,-31.54,4.4883,15.837,-6.7976,-14.768,8.3581,-65.216,-80.241,-81.784,-64.928,-30.535
-13.318,-32.034,4.6821,16.458,-7.6797,-15.084,8.5429,-65.816,-81.622,-83.085,-66.62,-31.189
-14.309,-32.558,4.9084,17.064,-8.5179,-15.395,8.6838,-66.211,-82.74,-84.145,-68.034,-31.627
-15.142,-33.138,5.0178,17.653,-9.1234,-15.752,8.7679,-66.499,-83.73,-85.055,-69.207,-31.796
-15.75,-33.762,4.92,18.203,-9.3697,-16.161,8.7915,-66.759,-84.692,-85.888,-70.185,-31.709
-16.12,-34.375,4.6377,18.688,-9.2822,-16.576,8.7673,-67.037,-85.664,-86.684,-71.007,-31.438
-16.329,-34.913,4.2967,19.094,-9.0481,-16.925,8.7255,-67.34,-86.617,-87.437,-71.687,-31.078
-16.509,-35.323,4.0575,19.421,-8.9349,-17.151,8.7051,-67.64,-87.48,-88.117,-72.209,-30.714
-16.79,-35.59,4.0374,19.681,-9.1725,-17.235,8.7405,-67.884,-88.178,-88.683,-72.544,-30.393
-17.234,-35.733,4.2668,19.889,-9.8645,-17.199,8.8485,-68.023,-88.671,-89.114,-72.668,-30.124
-17.822,-35.796,4.6861,20.054,-10.963,-17.091,9.0217,-68.037,-88.975,-89.417,-72.563,-29.878
-18.472,-35.825,5.1794,20.18,-12.301,-16.967,9.2338,-67.946,-89.163,-89.629,-72.218,-29.608
-19.085,-35.853,5.6348,20.268,-13.653,-16.868,9.4495,-67.798,-89.326,-89.798,-71.639,-29.264
-19.577,-35.889,5.9924,20.319,-14.799,-16.81,9.6367,-67.64,-89.541,-89.959,-70.86,-28.811
-19.896,-35.926,6.2525,20.338,-15.565,-16.783,9.7773,-67.495,-89.833,-90.112,-69.954,-28.247
-20.029,-35.951,6.4495,20.338,-15.866,-16.766,9.8713,-67.361,-90.179,-90.223,-69.013,-27.593
-20.005,-35.955,6.6171,20.334,-15.711,-16.739,9.9304,-67.218,-90.522,-90.251,-68.126,-26.894
-19.877,-35.946,6.7652,20.345,-15.194,-16.694,9.9664,-67.042,-90.805,-90.176,-67.349,-26.202
-19.708,-35.94,6.8745,20.388,-14.465,-16.636,9.983,-66.823,-90.993,-90.005,-66.684,-25.563
-19.544,-35.952,6.9021,20.463,-13.691,-16.582,9.9761,-66.568,-91.095,-89.771,-66.083,-25.003
-19.399,-35.99,6.7955,20.55,-13.026,-16.552,9.9399,-66.318,-91.153,-89.515,-65.477,-24.518
-19.246,-36.041,6.5129,20.606,-12.57,-16.557,9.8699,-66.14,-91.236,-89.279,-64.822,-24.084
-19.03,-36.085,6.0454,20.579,-12.347,-16.597,9.764,-66.111,-91.415,-89.105,-64.133,-23.669
-18.705,-36.096,5.4283,20.43,-12.307,-16.659,9.6216,-66.286,-91.741,-89.029,-63.499,-23.262
-18.268,-36.065,4.7296,20.155,-12.341,-16.729,9.4434,-66.661,-92.228,-89.073,-63.04,-22.888
-17.755,-35.999,4.0193,19.791,-12.321,-16.811,9.2318,-67.174,-92.848,-89.227,-62.846,-22.599
-17.228,-35.923,3.345,19.405,-12.14,-16.926,8.9951,-67.724,-93.534,-89.44,-62.916,-22.447
-16.743,-35.868,2.7305,19.071,-11.745,-17.104,8.7509,-68.205,-94.2,-89.625,-63.147,-22.449
-16.337,-35.859,2.1834,18.846,-11.126,-17.364,8.5263,-68.53,-94.762,-89.681,-63.359,-22.562
-16.019,-35.909,1.6969,18.761,-10.293,-17.703,8.3484,-68.658,-95.166,-89.528,-63.377,-22.703
-15.785,-36.015,1.2528,18.813,-9.2728,-18.093,8.2324,-68.603,-95.413,-89.147,-63.091,-22.781
-15.643,-36.167,0.84054,18.975,-8.158,-18.497,8.1786,-68.436,-95.558,-88.591,-62.507,-22.736
-15.627,-36.349,0.48891,19.212,-7.1252,-18.868,8.1792,-68.259,-95.681,-87.965,-61.726,-22.558
-15.789,-36.545,0.28421,19.487,-6.4104,-19.157,8.2256,-68.165,-95.856,-87.384,-60.907,-22.284
-16.181,-36.738,0.3552,19.773,-6.2476,-19.313,8.3104,-68.198,-96.104,-86.929,-60.194,-21.978
-16.828,-36.912,0.83359,20.05,-6.8048,-19.291,8.431,-68.316,-96.362,-86.605,-59.657,-21.704
-17.71,-37.05,1.8138,20.302,-8.1417,-19.069,8.5956,-68.387,-96.469,-86.302,-59.255,-21.493
-18.76,-37.125,3.3307,20.513,-10.203,-18.655,8.8168,-68.192,-96.17,-85.79,-58.827,-21.326
-19.875,-37.107,5.3627,20.669,-12.854,-18.067,9.0901,-67.441,-95.114,-84.709,-58.097,-21.129
-20.954,-36.95,7.8477,20.759,-15.919,-17.299,9.3757,-65.756,-92.837,-82.541,-56.683,-20.762
-21.922,-36.599,10.68,20.778,-19.174,-16.292,9.6174,-62.587,-88.684,-78.498,-54.016,-19.994
-22.724,-35.97,13.674,20.706,-22.278,-14.947,9.7977,-57.022,-81.651,-71.257,-49.122,-18.427
-23.269,-34.942,16.539,20.477,-24.755,-13.169,9.9926,-47.479,-70.144,-58.472,-40.087,-15.258
-23.355,-33.328,18.936,19.919,-26.12,-10.934,10.371,-31.961,-51.961,-36.71,-23.496,-8.7442
-22.576,-30.854,20.558,18.664,-26.129,-8.357,11.109,-12.267,-26.227,-6.0792,2.314,3.7577
-20.035,-27.149,21.125,15.996,-24.992,-5.7328,12.302,-3.9382,-1.2913,13.884,20.358,19.041
-14.266,-21.764,20.273,10.749,-23.724,-3.4871,13.947,-23.323,-0.26616,-6.7185,1.1989,19.483
-10.551,-14.22,17.813,2.2386,-28.229,-2.0049,15.987,-33.6,-21.719,-30.629,-21.575,4.8554
-15.087,-4.0922,18.101,-6.7302,-34.932,-1.339,18.368,-6.5905,-12.697,-7.9131,-9.4832,3.504
-15.597,8.8958,36.679,-12.224,-39.976,-0.99359,21.096,39.197,38.641,50.06,29.589,19.37
-9.6678,24.764,50.477,-18.433,-41.799,-0.187,24.34,94.455,109.89,131.57,92.853,48.573
4.7708,43.145,55.41,-32.584,-37.207,1.4022,29.096,154.9,192.07,232.12,181.21,93.329
30.149,63.253,50.829,-56.057,-23.251,3.1991,41.092,223.65,288.92,352.01,293.54,155.59
67.936,84.025,34.956,-87.058,2.1652,4.0586,63.519,308.75,408.73,496.22,428.82,234.32
118.99,104.37,6.3678,-123.92,41.199,3.0275,63.59,417.91,556.5,668.69,586.12,325.79
184.15,123.43,-36.636,-165.58,96.983,-0.056654,58.635,555.7,731.04,865.53,761.16,425.13
263.25,140.9,-95.001,-212.01,168.38,-4.6493,54.643,720.98,925.17,1075.1,945.59,528.7
353.56,157.17,-165.96,-264.28,248.92,-10.057,50.844,905.31,1123.2,1282.7,1129,634.4
451.37,172.93,-243.54,-322.81,336.34,-15.721,42.93,1087.2,1301.3,1469.8,1298.5,739.02
551.55,188.72,-321.54,-384.84,425.82,-21.142,24.108,1231.9,1428.6,1612,1438.3,837.15
646.74,204.95,-392.34,-445.38,509.62,-25.967,-12.56,1301.7,1471.8,1683.5,1532.4,922.1
729,223.15,-448.29,-500.17,579.34,-30.36,-70.495,1270.4,1406.5,1663.7,1566.7,986.89
791.03,247.86,-483.42,-545.6,627.87,-35.266,-146.5,1131.5,1225.8,1543.6,1532.9,1025.3
826.82,283.9,-494.12,-577.7,650.5,-42.356,-230.95,897.55,941.36,1327.5,1430,1032.8
831.9,322.02,-479.75,-591.79,645.33,-50.244,-310.6,592.87,577.65,1029.6,1263.8,1007.5
803.39,342.96,-443.11,-583.07,612.72,-43.519,-373.18,243.8,163.23,668.97,1044.1,949.34
740.57,338.58,-389.8,-547.83,554.95,-22.634,-411,-127.13,-275.34,265.84,782.78,860.61
646.1,308.49,-327.02,-485.2,476.53,-5.557,-421.33,-501.51,-714.66,-158.77,494.06,745.21
527.22,253.62,-263.37,-398.24,385.03,-0.47507,-405.16,-860.73,-1131.8,-581.1,194.44,609.14
395.8,176.46,-209.07,-293.87,291.24,-11.544,-365.7,-1182.3,-1501.7,-973.68,-97.555,460.38
266.23,81.905,-174.47,-181.54,207.34,-40.381,-307.42,-1440.1,-1798.7,-1307.5,-363.15,308
151.21,-22.882,-164.53,-71.121,142.27,-85.537,-235.84,-1609.7,-2001.3,-1557.6,-585.88,160.85
58.249,-129.12,-176.11,29.057,100.67,-142.85,-157.82,-1676.2,-2098.8,-1709.2,-753.95,26.757
-11.178,-227.27,-201.76,113.3,79.72,-205.55,-81.346,-1641.4,-2095.6,-1762.6,-862.37,-87.812
-60.017,-308.54,-228.94,178.66,71.323,-264.2,-14.497,-1524.4,-2010.1,-1731.5,-913.8,-178.19
-93.647,-366.73,-237.34,224.55,66.346,-308.87,36.328,-1355.1,-1867,-1637.5,-917.36,-242.42
-117.61,-399.56,-223.5,252.23,58.046,-333.38,68.249,-1165,-1691,-1503.7,-885.51,-281.9
-135.5,-408.92,-204.38,264.52,44.28,-337.54,81.824,-980,-1501.1,-1349,-830.65,-301.08
-148.52,-400.09,-189.32,265.37,26.432,-325.53,79.826,-816.03,-1310,-1185.9,-760.91,-306.06
-156.17,-379.26,-178.56,258.98,9.294,-303.11,66.964,-679.29,-1129.7,-1021.9,-675.29,-302.55
-151.15,-349.34,-170.49,246.68,5.7643,-275.73,49.488,-570.52,-975.29,-876.14,-584.49,-291.14
-125.94,-317.45,-164.73,224.62,5.9992,-249.7,32.911,-485.33,-850.97,-765.45,-519.06,-260.87
-109.53,-297.52,-161.67,204.56,5.3851,-233.1,20.751,-415.56,-748.52,-681.37,-477.13,-228.49
-102.34,-288.56,-161.51,194.28,5.7049,-226.69,18.958,-355.83,-661.59,-612.05,-445.61,-212.5
-97.51,-283.91,-163.6,188.66,6.9983,-224.58,19.73,-304.32,-589.04,-553.01,-416.99,-204.34
-93.041,-280.21,-166.28,184.43,8.6384,-222.76,20.83,-259.92,-530.34,-503.82,-388.07,-198.28
-88.619,-276.32,-167.46,180.44,10.055,-219.89,21.099,-222.13,-482.8,-462.95,-358.02,-192.37
-84.286,-272.02,-166.34,176.29,10.994,-216.03,20.154,-191.99,-442.19,-426.05,-327.62,-185.92
-80.061,-267.49,-163.73,171.89,11.44,-211.9,18.216,-170.88,-404.09,-388.64,-298.43,-178.69
-75.883,-262.97,-160.58,167.31,11.47,-208.25,15.839,-156.78,-365.61,-349.88,-271.77,-170.7
-71.69,-258.67,-157.43,162.65,11.259,-205.33,13.508,-144.48,-326.79,-312.4,-248.12,-162.14
-67.502,-254.63,-154.65,157.99,11.091,-203.01,11.44,-132.87,-290.2,-278.86,-227.37,-153.24
-63.423,-250.84,-152.57,153.32,11.208,-201.12,9.6483,-123.32,-258.7,-250.57,-209.2,-144.15
-59.597,-247.22,-151.33,148.61,11.649,-199.55,8.0797,-116.03,-233.48,-227.57,-193.31,-134.87
-56.149,-243.69,-150.82,143.85,12.293,-198.14,6.7077,-110.57,-214.06,-209.19,-179.5,-125.33
-53.167,-240.14,-150.71,139.02,13,-196.73,5.5876,-106.5,-199.25,-194.51,-167.62,-115.62
-50.699,-236.38,-150.58,134.13,13.623,-195.15,4.8342,-103.51,-187.83,-182.7,-157.57,-106.05
-48.754,-232.2,-150.1,129.17,13.971,-193.27,4.5392,-101.38,-178.85,-173.08,-149.11,-97.089
-47.292,-227.3,-149.09,124.07,13.848,-190.95,4.6556,-99.904,-171.6,-165.08,-141.94,-89.159
-46.213,-221.41,-147.54,118.76,13.174,-188.04,4.9179,-98.874,-165.59,-158.26,-135.68,-82.462
-45.34,-214.32,-145.45,113.13,12.059,-184.31,4.9962,-98.066,-160.48,-152.28,-129.99,-76.994
-44.462,-205.86,-142.8,107.09,10.794,-179.57,4.8444,-97.277,-156.05,-146.93,-124.67,-72.592
-43.409,-195.97,-139.37,100.59,9.7341,-173.62,4.9214,-96.355,-152.16,-142.14,-119.67,-69.006
-42.133,-184.68,-134.81,93.716,9.1109,-166.35,6.1381,-95.224,-148.71,-137.86,-115.05,-65.944
-40.733,-172.19,-128.76,86.732,8.8262,-157.67,9.3629,-93.881,-145.61,-134.08,-110.94,-63.15
-39.406,-158.82,-120.86,79.993,8.4229,-147.53,14.808,-92.374,-142.74,-130.74,-107.38,-60.463
-38.346,-144.99,-110.74,73.775,7.2948,-135.83,22.208,-90.769,-139.98,-127.75,-104.34,-57.857
-37.649,-131.16,-98.204,68.145,4.9735,-122.61,31.456,-89.122,-137.23,-124.98,-101.67,-55.413
-37.28,-117.74,-83.343,62.975,1.3119,-108.04,42.816,-87.465,-134.41,-122.33,-99.169,-53.261
-37.11,-105.09,-66.801,58.076,-3.4884,-92.652,56.501,-85.804,-131.5,-119.74,-96.631,-51.496
-36.992,-93.467,-49.78,53.338,-8.9945,-77.238,71.887,-84.132,-128.5,-117.17,-93.934,-50.125
-36.842,-83.03,-33.632,48.792,-14.723,-62.703,87.224,-82.442,-125.44,-114.62,-91.049,-49.047
-36.668,-73.848,-19.322,44.573,-20.262,-49.746,100.38,-80.733,-122.32,-112.11,-88.034,-48.069
-36.543,-65.932,-7.371,40.823,-25.296,-38.798,109.56,-79.005,-119.12,-109.68,-84.997,-46.975
-36.533,-59.257,1.9185,37.613,-29.578,-30.126,113.37,-77.254,-115.8,-107.35,-82.052,-45.618
-36.649,-53.779,8.4834,34.927,-32.922,-23.854,111.06,-75.477,-112.31,-105.1,-79.285,-43.977
-36.841,-49.419,12.837,32.693,-35.224,-19.765,102.91,-73.669,-108.62,-102.92,-76.736,-42.152
-37.025,-46.046,16.118,30.829,-36.495,-17.202,90.203,-71.83,-104.72,-100.74,-74.399,-40.291
-37.123,-43.477,19.252,29.273,-36.906,-15.402,75.057,-69.949,-100.61,-98.522,-72.226,-38.523
-37.093,-41.511,22.288,27.979,-36.783,-13.876,60.144,-67.998,-96.318,-96.179,-70.143,-36.919
-36.926,-39.971,24.901,26.899,-36.521,-12.446,47.593,-65.93,-91.814,-93.65,-68.067,-35.495
-36.633,-38.716,26.971,25.978,-36.457,-11.088,38.044,-63.688,-87.072,-90.886,-65.914,-34.228
-36.219,-37.641,28.595,25.15,-36.772,-9.8172,30.978,-61.201,-82.047,-87.84,-63.603,-33.073
-35.698,-36.665,29.933,24.359,-37.463,-8.6347,25.511,-58.358,-76.673,-84.431,-61.041,-31.97
-35.11,-35.731,31.12,23.581,-38.389,-7.5154,20.852,-54.996,-70.846,-80.509,-58.096,-30.853
-34.501,-34.812,32.22,22.82,-39.336,-6.4166,16.549,-50.887,-64.419,-75.842,-54.577,-29.669
-33.882,-33.91,33.217,22.101,-40.088,-5.2918,12.637,-45.759,-57.204,-70.144,-50.228,-28.373
-33.215,-33.037,34.036,21.441,-40.481,-4.0972,9.4088,-39.319,-48.98,-63.116,-44.758,-26.926
-32.453,-32.199,34.611,20.849,-40.404,-2.7892,6.9415,-31.252,-39.498,-54.462,-37.886,-25.279
-31.589,-31.373,34.95,20.317,-39.814,-1.3112,5.0386,-21.2,-28.478,-43.86,-29.366,-23.352
-30.66,-30.496,35.162,19.82,-38.801,0.41996,3.4702,-8.7784,-15.618,-30.931,-18.96,-21.041
-29.721,-29.475,35.42,19.305,-37.621,2.5114,2.1022,6.3252,-0.63943,-15.259,-6.3747,-18.217
-28.805,-28.192,35.894,18.697,-36.613,5.0714,0.86442,24.14,16.624,3.5136,8.7459,-14.732
-27.892,-26.519,36.677,17.895,-36.053,8.1759,-0.32077,44.211,36.134,25.499,26.703,-10.414
-26.891,-24.319,37.764,16.786,-36.02,11.845,-1.5815,65.649,57.595,50.381,47.488,-5.0433
-25.658,-21.447,39.049,15.23,-36.368,16.043,-3.1065,87.496,80.506,77.37,70.558,1.658
-24.046,-17.75,40.369,13.059,-36.789,20.692,-5.1268,109.1,104.31,105.4,94.87,10.003
-21.938,-13.086,41.548,10.08,-36.951,25.703,-7.8608,130.24,128.55,133.48,119.24,20.244
-19.246,-7.3575,42.453,6.0913,-36.621,31.001,-11.415,151,153.02,161,142.79,32.447
-15.869,-0.53815,43.031,0.9244,-35.709,36.563,-15.69,171.65,177.69,187.8,165.22,46.434
-11.675,7.34,43.325,-5.501,-34.237,42.453,-20.378,192.48,202.64,213.95,186.73,61.861
-6.533,16.229,43.448,-13.147,-32.289,48.808,-25.11,213.59,227.86,239.5,207.72,78.347
-0.3942,26.111,43.524,-21.882,-29.985,55.756,-29.648,234.81,253.14,264.29,228.49,95.565
6.6901,36.998,43.62,-31.552,-27.451,63.276,-33.97,255.72,278.01,287.88,248.9,113.26
14.652,48.887,43.714,-42.045,-24.756,71.118,-38.216,275.83,301.88,309.78,268.48,131.24
23.511,61.697,43.734,-53.3,-21.887,78.869,-42.581,294.69,324.21,329.64,286.6,149.31
33.352,75.254,43.623,-65.267,-18.812,86.132,-47.216,312.07,344.7,347.38,302.86,167.24
44.213,89.308,43.386,-77.867,-15.566,92.683,-52.183,327.9,363.26,363.18,317.18,184.71
55.994,103.58,43.092,-90.979,-12.264,98.501,-57.456,342.23,379.95,377.35,329.79,201.3
68.428,117.75,42.852,-104.44,-9.0285,103.7,-62.95,355.07,394.84,390.16,341.06,216.64
81.115,131.5,42.78,-118.05,-5.9058,108.43,-68.569,366.37,407.96,401.72,351.31,230.57
93.638,144.5,42.954,-131.5,-2.8585,112.78,-74.238,376,419.29,412.08,360.72,243.13
105.71,156.47,43.395,-144.47,0.17949,116.78,-79.912,383.95,428.86,421.18,369.33,254.53
117.2,167.22,44.058,-156.63,3.2498,120.44,-85.56,390.31,436.79,429.03,377.08,265.03
128.1,176.69,44.835,-167.73,6.3856,123.73,-91.118,395.36,443.29,435.73,383.93,274.76
138.42,184.91,45.565,-177.62,9.6593,126.64,-96.446,399.45,448.63,441.44,389.94,283.73
148.15,192.01,46.075,-186.29,13.21,129.2,-101.35,402.91,453.11,446.42,395.26,291.88
157.17,198.12,46.229,-193.77,17.2,131.46,-105.67,406.02,456.99,450.9,400.1,299.12
165.33,203.42,45.983,-200.16,21.715,133.48,-109.38,408.93,460.43,455.09,404.64,305.48
172.53,208.05,45.401,-205.63,26.663,135.28,-112.55,411.67,463.5,459.02,408.97,311.03
178.88,212.17,44.627,-210.38,31.747,136.91,-115.32,414.12,466.16,462.66,413.04,315.9
184.63,215.86,43.832,-214.63,36.569,138.33,-117.85,416.16,468.31,465.87,416.71,320.15
190.06,219.16,43.158,-218.55,40.825,139.52,-120.21,417.7,469.9,468.53,419.86,323.82
195.41,222.03,42.68,-222.2,44.421,140.47,-122.47,418.71,470.88,470.56,422.4,326.93
200.69,224.42,42.393,-225.52,47.421,141.19,-124.61,419.22,471.26,471.98,424.32,329.48
205.63,226.28,42.22,-228.34,49.918,141.7,-126.54,419.3,471.07,472.84,425.69,331.5
209.73,227.61,42.05,-230.48,51.913,142.04,-128.2,418.99,470.32,473.19,426.56,333
212.45,228.45,41.798,-231.81,53.325,142.23,-129.49,418.29,468.98,473.05,426.98,333.97
213.47,228.83,41.462,-232.33,54.06,142.31,-130.37,417.1,466.98,472.39,426.97,334.4
212.77,228.8,41.139,-232.06,53.995,142.29,-130.81,415.27,464.19,471.1,426.56,334.29
210.52,228.37,41.003,-231.06,52.916,142.2,-130.78,412.56,460.44,469.02,425.73,333.66
206.94,227.5,41.224,-229.35,50.549,142.02,-130.26,408.73,455.55,465.97,424.45,332.52
202.2,226.12,41.894,-226.94,46.717,141.73,-129.25,403.56,449.36,461.78,422.65,330.92
196.41,224.16,42.982,-223.8,41.486,141.27,-127.76,396.88,441.7,456.28,420.2,328.84
189.56,221.52,44.339,-219.85,35.195,140.55,-125.8,388.49,432.36,449.3,416.96,326.22
181.63,218.15,45.75,-214.98,28.385,139.54,-123.35,378.12,421.1,440.67,412.78,322.9
172.65,213.98,46.994,-209.04,21.686,138.24,-120.41,365.48,407.66,430.15,407.49,318.56
162.78,208.96,47.896,-201.92,15.711,136.67,-116.95,350.32,391.8,417.5,400.93,312.79
152.28,203.04,48.344,-193.61,10.893,134.82,-112.92,332.64,373.43,402.5,392.83,305.04
141.37,196.14,48.308,-184.19,7.2458,132.63,-108.26,312.78,352.65,385.03,382.86,294.74
130.1,188.16,47.836,-173.8,4.3123,130,-102.94,291.44,329.72,365.12,370.65,281.48
118.39,179,47.058,-162.53,1.5112,126.75,-96.966,269.38,305.01,342.91,355.92,265.21
106.14,168.58,46.15,-150.47,-1.4404,122.75,-90.448,247.17,278.84,318.66,338.64,246.47
93.411,156.87,45.289,-137.78,-4.504,117.95,-83.567,225.04,251.42,292.61,319.06,226.3
80.457,143.98,44.604,-124.69,-7.5925,112.41,-76.55,202.95,222.9,264.86,297.59,205.83
67.799,130.13,44.136,-111.52,-10.692,106.3,-69.59,180.72,193.44,235.46,274.55,185.86
56.001,115.57,43.827,-98.559,-13.777,99.754,-62.783,158.23,163.41,204.53,250.13,166.67
45.371,100.53,43.524,-85.945,-16.74,92.781,-56.116,135.55,133.45,172.43,224.45,148.15
35.878,85.166,43.034,-73.639,-19.412,85.278,-49.502,112.92,104.39,139.94,197.62,130
27.326,69.652,42.198,-61.543,-21.62,77.116,-42.841,90.702,77.061,108.15,169.86,111.9
19.562,54.365,40.962,-49.675,-23.255,68.309,-36.085,69.225,52.006,78.145,141.53,93.537
12.549,39.922,39.412,-38.288,-24.351,59.151,-29.291,48.783,29.456,50.781,113.18,74.765
6.3136,26.972,37.755,-27.803,-25.098,50.187,-22.637,29.639,9.3894,26.518,85.632,55.722
0.86605,15.902,36.23,-18.599,-25.773,41.978,-16.389,12.08,-8.3323,5.4622,59.831,37.048
-3.8258,6.7156,35.008,-10.852,-26.605,34.811,-10.808,-3.5878,-23.868,-12.52,36.643,19.951
-7.8139,-0.84886,34.096,-4.5386,-27.659,28.61,-6.074,-17.112,-37.379,-27.694,16.59,5.7873
-11.135,-7.1197,33.333,0.47556,-28.789,23.053,-2.2545,-28.416,-49.051,-40.401,-0.23911,-4.7457
-13.795,-12.37,32.457,4.3703,-29.716,17.798,0.69331,-37.64,-59.099,-51.01,-14.105,-11.97
-15.789,-16.788,31.222,7.346,-30.171,12.676,2.9,-45.076,-67.742,-59.881,-25.441,-16.782
-17.172,-20.494,29.498,9.6168,-30.066,7.7647,4.5408,-51.052,-75.173,-67.324,-34.688,-20.048
-18.11,-23.581,27.337,11.397,-29.538,3.3078,5.7887,-55.866,-81.552,-73.587,-42.22,-22.346
-18.853,-26.126,24.96,12.874,-28.867,-0.47107,6.7807,-59.765,-87.016,-78.876,-48.344,-23.989
-19.631,-28.2,22.655,14.173,-28.328,-3.5045,7.6053,-62.959,-91.694,-83.375,-53.336,-25.133
-20.547,-29.867,20.623,15.344,-28.08,-5.8893,8.305,-65.625,-95.718,-87.25,-57.471,-25.88
-21.542,-31.187,18.883,16.377,-28.096,-7.8065,8.8926,-67.909,-99.211,-90.645,-61.012,-26.338
-22.437,-32.218,17.294,17.229,-28.171,-9.4393,9.3735,-69.921,-102.28,-93.67,-64.179,-26.636
-23.032,-33.021,15.658,17.869,-28.012,-10.923,9.7617,-71.726,-105.01,-96.399,-67.122,-26.91
-23.203,-33.66,13.833,18.299,-27.383,-12.329,10.084,-73.344,-107.44,-98.861,-69.906,-27.274
-22.956,-34.202,11.802,18.568,-26.216,-13.659,10.372,-74.761,-109.59,-101.05,-72.526,-27.788
-22.419,-34.701,9.6679,18.754,-24.616,-14.875,10.659,-75.951,-111.47,-102.96,-74.942,-28.445
-21.768,-35.197,7.5831,18.938,-22.794,-15.931,10.964,-76.902,-113.1,-104.55,-77.11,-29.18
-21.152,-35.703,5.6677,19.167,-20.979,-16.801,11.297,-77.64,-114.52,-105.87,-79.012,-29.902
-20.651,-36.217,3.9725,19.445,-19.363,-17.49,11.655,-78.224,-115.8,-106.99,-80.68,-30.517
-20.275,-36.723,2.4927,19.746,-18.069,-18.018,12.024,-78.738,-117.01,-108,-82.181,-30.956
-19.984,-37.199,1.2018,20.024,-17.143,-18.413,12.381,-79.259,-118.19,-109.03,-83.596,-31.193
-19.721,-37.622,0.075369,20.231,-16.553,-18.703,12.695,-79.833,-119.37,-110.11,-84.979,-31.244
-19.441,-37.967,-0.90528,20.331,-16.216,-18.93,12.94,-80.457,-120.52,-111.23,-86.335,-31.146
-19.122,-38.221,-1.7645,20.316,-16.016,-19.146,13.104,-81.078,-121.56,-112.31,-87.607,-30.933
-18.761,-38.387,-2.5444,20.209,-15.831,-19.402,13.193,-81.615,-122.41,-113.22,-88.695,-30.637
-18.366,-38.483,-3.3086,20.053,-15.553,-19.732,13.222,-81.992,-123.02,-113.85,-89.482,-30.292
-17.958,-38.533,-4.1316,19.895,-15.098,-20.146,13.192,-82.181,-123.36,-114.17,-89.879,-29.943
-17.553,-38.564,-5.0642,19.77,-14.418,-20.639,13.091,-82.21,-123.49,-114.21,-89.854,-29.632
-17.164,-38.597,-6.0938,19.694,-13.522,-21.185,12.899,-82.152,-123.52,-114.06,-89.433,-29.376
-16.797,-38.645,-7.1387,19.664,-12.482,-21.74,12.612,-82.088,-123.57,-113.84,-88.694,-29.158
-16.474,-38.715,-8.0963,19.677,-11.417,-22.249,12.247,-82.075,-123.7,-113.65,-87.743,-28.942
-16.229,-38.814,-8.9053,19.733,-10.454,-22.671,11.847,-82.128,-123.96,-113.54,-86.71,-28.707
-16.074,-38.947,-9.5757,19.833,-9.6505,-23.002,11.464,-82.226,-124.32,-113.51,-85.722,-28.458
-15.956,-39.123,-10.184,19.969,-8.9263,-23.274,11.146,-82.329,-124.71,-113.54,-84.874,-28.211
-15.758,-39.342,-10.841,20.114,-8.0814,-23.53,10.923,-82.396,-125.06,-113.57,-84.195,-27.973
-15.354,-39.597,-11.642,20.229,-6.9172,-23.798,10.801,-82.403,-125.32,-113.54,-83.634,-27.73
-14.688,-39.864,-12.605,20.275,-5.3619,-24.072,10.766,-82.357,-125.46,-113.43,-83.075,-27.462
-13.808,-40.113,-13.655,20.235,-3.5154,-24.325,10.79,-82.291,-125.5,-113.25,-82.391,-27.162
-12.855,-40.313,-14.656,20.12,-1.6155,-24.522,10.842,-82.253,-125.5,-113.03,-81.505,-26.853
-12.003,-40.44,-15.466,19.962,0.041527,-24.639,10.892,-82.283,-125.52,-112.84,-80.432,-26.576
-11.382,-40.483,-15.995,19.787,1.2129,-24.681,10.92,-82.396,-125.61,-112.72,-79.276,-26.379
-11.016,-40.439,-16.243,19.603,1.822,-24.676,10.917,-82.578,-125.78,-112.69,-78.196,-26.305
-10.811,-40.319,-16.311,19.39,2.0145,-24.669,10.876,-82.79,-126.01,-112.74,-77.348,-26.386
-10.595,-40.143,-16.371,19.118,2.1092,-24.704,10.796,-82.987,-126.25,-112.82,-76.831,-26.643
-10.201,-39.942,-16.597,18.768,2.4569,-24.813,10.677,-83.124,-126.43,-112.88,-76.65,-27.069
-9.5529,-39.752,-17.093,18.359,3.2823,-25.002,10.532,-83.168,-126.49,-112.86,-76.71,-27.627
-8.7123,-39.612,-17.848,17.954,4.581,-25.248,10.376,-83.113,-126.42,-112.75,-76.853,-28.249
-7.865,-39.55,-18.729,17.641,6.1247,-25.509,10.23,-82.985,-126.21,-112.58,-76.922,-28.847
-7.2375,-39.576,-19.533,17.496,7.5779,-25.737,10.103,-82.835,-125.94,-112.44,-76.835,-29.335
-6.9699,-39.679,-20.093,17.546,8.6563,-25.889,9.9933,-82.732,-125.68,-112.41,-76.63,-29.66
-7.0298,-39.832,-20.371,17.748,9.2488,-25.949,9.8888,-82.739,-125.53,-112.59,-76.45,-29.823
-7.2428,-40,-20.476,18.013,9.4595,-25.93,9.7793,-82.882,-125.52,-112.97,-76.476,-29.884
-7.4067,-40.151,-20.575,18.241,9.5245,-25.875,9.6627,-83.137,-125.62,-113.5,-76.818,-29.941
-7.3986,-40.252,-20.801,18.361,9.6387,-25.834,9.5511,-83.408,-125.72,-114.03,-77.447,-30.087
-7.2171,-40.268,-21.18,18.343,9.8255,-25.833,9.4748,-83.535,-125.61,-114.35,-78.171,-30.375
-6.9571,-40.155,-21.613,18.194,9.9343,-25.848,9.474,-83.317,-125.04,-114.19,-78.687,-30.804
-6.7374,-39.862,-21.893,17.925,9.7412,-25.815,9.5648,-82.537,-123.74,-113.25,-78.664,-31.31
-6.6125,-39.329,-21.798,17.523,9.0909,-25.652,9.7112,-80.961,-121.36,-111.23,-77.798,-31.744
-6.5025,-38.482,-21.202,16.918,7.9998,-25.274,9.8521,-78.251,-117.48,-107.66,-75.771,-31.854
-6.152,-37.215,-20.117,15.955,6.6781,-24.612,9.9776,-73.766,-111.31,-101.6,-72.018,-31.238
-5.0669,-35.371,-18.659,14.345,5.5168,-23.626,10.17,-66.246,-101.48,-91.171,-65.207,-29.241
-2.2672,-32.704,-17.019,11.553,5.1228,-22.321,10.552,-54.263,-86.112,-73.707,-52.584,-24.597
4.0724,-28.859,-15.442,6.6263,6.2651,-20.771,11.21,-42.758,-65.881,-52.389,-33.506,-15.578
13.389,-23.353,-14.145,-1.5819,7.9698,-19.122,12.176,-48.64,-54.023,-49.607,-26.526,-8.1282
11.932,-15.637,-12.71,-12.43,-6.3901,-17.54,13.467,-56.471,-61.645,-61.628,-39.946,-12.27
-3.0873,-5.2062,-5.0075,-21.198,-25.284,-16.082,15.12,-37.743,-54.373,-46.602,-36.574,-10.435
-6.5742,8.2302,17.72,-24.647,-31.716,-14.58,17.218,0.97371,-12.069,-0.85448,-9.8816,2.8048
0.80364,24.611,32.628,-29.032,-33.794,-12.679,19.942,52.802,53.682,69.351,38.076,26.371
17.424,43.476,38.559,-43.698,-27.961,-10.129,24.144,114.37,134.37,161.78,109.97,62.958
45.848,64.043,33.291,-69.564,-11.195,-7.2143,35.779,186.49,231.75,276.77,207.57,115.47
87.158,85.313,15.977,-103.14,17.332,-4.924,62.452,274.67,353.87,418.79,332.03,185.2
141.09,106.18,-13.218,-141.64,57.985,-4.4702,63.119,384.55,504.75,592.19,484.79,271.18
207.42,125.69,-55.098,-183.51,112.31,-6.4024,58.278,520.85,680.77,793.36,663.71,370
285.11,143.43,-110.73,-228.75,179.94,-10.254,54.484,684.47,876.74,1010.2,858.8,476.53
371.85,159.76,-179.24,-278.37,258.57,-15.155,50.743,867.65,1080.4,1227.2,1055.3,586.23
465.57,175.42,-256.59,-332.78,345.58,-20.461,42.62,1051.4,1268.5,1426.3,1238.5,695.35
562.03,190.99,-335.95,-390.25,435.49,-25.704,23.339,1204.3,1409.5,1583.7,1393.3,799.05
654.3,206.8,-408.67,-447.31,520.37,-30.555,-13.568,1289,1469,1672.4,1503.9,891.16
734.77,224.17,-466.2,-500.15,591.55,-35.284,-70.604,1275.9,1420.1,1669.6,1555.4,964.61
796.38,247.54,-501.75,-545,641.64,-41.455,-144.5,1153.5,1253.6,1564.2,1537.9,1012.5
833.35,282.72,-511.12,-577.84,665.65,-51.921,-226.98,932.24,980.31,1359.9,1448.5,1029.3
841.28,321.33,-493.89,-594.17,661.09,-59.335,-306.43,636.05,625.01,1071.6,1291.8,1012.3
817.16,343.91,-454.13,-589.27,628.14,-42.897,-371.06,291.93,216.29,718.55,1077.1,961.08
760,342.37,-399.26,-559.22,569.89,-19.713,-412.25,-77.426,-219.58,320.45,816.71,877.45
671.97,315.79,-337.85,-502.44,492.33,-4.458,-426.1,-453.84,-659.55,-102.6,525.19,765.54
559.52,264.54,-278.22,-421.09,403.7,-1.9014,-413.09,-819.07,-1080.9,-527.41,220.29,631.64
433.36,190.73,-228.52,-321.35,313.95,-14.815,-376.34,-1149.9,-1458.5,-926.43,-77.671,483.66
306.64,98.897,-196.07,-212.1,233.44,-44.45,-320.15,-1418.7,-1766.5,-1270.2,-348.47,330.42
191.46,-4.2592,-184.71,-102.77,169.98,-89.87,-249.85,-1599.4,-1982.8,-1533.2,-575.38,180.77
95.476,-110.44,-192.89,-1.3835,126.7,-147.57,-172.31,-1677.1,-2095.4,-1699.7,-747.43,43.001
21.074,-210.4,-215.61,86.352,102.56,-211.12,-95.823,-1653.7,-2107.1,-1767.9,-860.21,-75.704
-33.364,-295.15,-246.35,157.05,92.495,-270.84,-28.562,-1548,-2034.4,-1750.2,-916.18,-170.15
-71.739,-357.91,-274.8,209.19,88.621,-315.86,23.853,-1388.9,-1902.2,-1667.4,-923.9,-238.2
-98.874,-395.55,-286.3,242.9,82.506,-339.22,59.273,-1206.5,-1735.4,-1542.7,-895.65,-281.25
-118.92,-409.09,-274.29,260.05,69.79,-341.28,77.556,-1025.6,-1554.5,-1396.5,-844.16,-303.57
-134.12,-403.16,-249.45,264.27,51.834,-327.56,79.873,-862.26,-1373.9,-1243.5,-779.55,-310.88
-144.51,-384.19,-225.04,259.96,32.921,-304.91,70.013,-723.58,-1204,-1094.2,-706.45,-308.87
-139.19,-355.96,-205.16,249.44,23.084,-279.75,54.103,-610.64,-1054.6,-960.08,-629.58,-301.04
-103.92,-323.24,-189.9,227.59,22.493,-257.56,38.215,-520.16,-929.29,-851.02,-566.09,-282.97
-86.019,-300.63,-179.63,203.63,20.732,-242.81,25.527,-445.77,-822.47,-764.24,-521.97,-254.72
-82.299,-290.19,-175.29,191.26,18.976,-236.06,21.957,-382.06,-727.74,-690.26,-489.93,-234.68
-81.233,-285.01,-177.51,185.31,18.42,-233.33,23.119,-326.93,-644.18,-623.03,-463.04,-223.63
-79.863,-281.19,-183.46,181.31,18.9,-231.33,25.244,-279.53,-574.27,-562.41,-437.21,-216.41
-77.817,-277.38,-186.76,177.73,19.576,-228.72,26.805,-238.99,-518.26,-511.08,-410.49,-210.47
-75.311,-273.3,-184.6,174.06,19.713,-225.07,26.916,-205.61,-473,-469.16,-382.73,-204.83
-72.58,-269.08,-178.93,170.23,19.234,-220.69,25.513,-180.82,-434,-432.99,-355.23,-199.13
-69.71,-264.94,-172.6,166.25,18.493,-216.31,23.099,-164.81,-397.36,-398.67,-329.82,-193.22
-66.651,-260.97,-167.06,162.18,17.8,-212.56,20.375,-153.95,-361.29,-365.36,-307.59,-187.06
-63.342,-257.13,-162.6,158,17.321,-209.5,17.8,-144.02,-326.41,-334.33,-288.52,-180.58
-59.824,-253.28,-159.28,153.64,17.158,-206.89,15.513,-134.59,-294.41,-306.6,-272,-173.66
-56.265,-249.25,-157.16,149,17.328,-204.48,13.499,-126.53,-266.75,-282.44,-257.4,-166.17
-52.896,-244.92,-156.17,144.02,17.717,-202.15,11.74,-120.08,-243.9,-261.74,-244.27,-157.98
-49.914,-240.23,-155.94,138.7,18.125,-199.82,10.258,-115.06,-225.43,-244.09,-232.39,-149.08
-47.435,-235.17,-155.96,133.1,18.319,-197.46,9.0923,-111.22,-210.48,-228.95,-221.62,-139.61
-45.498,-229.7,-155.72,127.33,18.068,-195.03,8.2658,-108.32,-198.23,-215.77,-211.84,-129.9
-44.089,-223.77,-154.84,121.5,17.184,-192.45,7.7487,-106.14,-188.02,-204.12,-202.91,-120.43
-43.153,-217.27,-153.1,115.72,15.592,-189.56,7.4227,-104.46,-179.41,-193.73,-194.65,-111.63
-42.597,-210.09,-150.43,110.07,13.36,-186.12,7.1845,-103.08,-172.1,-184.47,-186.83,-103.74
-42.282,-202.13,-146.84,104.63,10.725,-181.86,7.2479,-101.8,-165.86,-176.28,-179.31,-96.79
-42.057,-193.3,-142.25,99.388,8.0586,-176.48,8.417,-100.52,-160.54,-169.1,-171.99,-90.637
-41.795,-183.53,-136.5,94.323,5.7032,-169.79,11.73,-99.152,-155.99,-162.91,-164.9,-85.132
-41.446,-172.78,-129.32,89.371,3.7465,-161.67,17.49,-97.697,-152.05,-157.58,-158.14,-80.173
-41.053,-161.07,-120.58,84.491,1.9684,-152.12,25.278,-96.169,-148.55,-152.99,-151.79,-75.701
-40.743,-148.51,-110.11,79.677,-0.023935,-141.16,34.84,-94.579,-145.29,-148.91,-145.82,-71.653
-40.67,-135.31,-97.735,74.944,-2.6179,-128.78,46.336,-92.91,-142.06,-145.09,-140.09,-67.926
-40.937,-121.81,-83.325,70.29,-6.0564,-114.97,59.937,-91.135,-138.72,-141.29,-134.44,-64.381
-41.529,-108.46,-67.049,65.664,-10.363,-99.717,75.273,-89.242,-135.18,-137.39,-128.75,-60.913
-42.307,-95.789,-49.815,60.996,-15.351,-83.397,91.111,-87.248,-131.45,-133.4,-123.03,-57.497
-43.065,-84.375,-33.399,56.299,-20.699,-67.105,105.58,-85.204,-127.62,-129.45,-117.43,-54.202
-43.633,-74.673,-19.562,51.72,-26.027,-52.586,116.72,-83.173,-123.77,-125.72,-112.19,-51.147
-43.951,-66.866,-8.9154,47.504,-30.951,-41.215,123.01,-81.21,-119.98,-122.33,-107.52,-48.439
-44.061,-60.827,-1.0688,43.863,-35.12,-33.159,123.6,-79.348,-116.28,-119.35,-103.58,-46.139
-44.068,-56.229,4.5713,40.887,-38.264,-27.74,118.39,-77.597,-112.66,-116.74,-100.39,-44.253
-44.074,-52.693,8.4956,38.54,-40.256,-24.169,108.09,-75.937,-109.06,-114.38,-97.916,-42.736
-44.15,-49.899,11.234,36.712,-41.194,-21.857,94.136,-74.32,-105.36,-112.12,-95.986,-41.497
-44.318,-47.625,13.442,35.265,-41.395,-20.375,78.665,-72.677,-101.45,-109.83,-94.401,-40.405
-44.541,-45.73,15.658,34.062,-41.265,-19.375,64.04,-70.938,-97.187,-107.39,-92.955,-39.319
-44.704,-44.133,17.978,32.975,-41.1,-18.585,51.903,-69.054,-92.496,-104.77,-91.496,-38.125
-44.608,-42.784,20.118,31.9,-40.98,-17.849,42.619,-67.001,-87.344,-101.98,-89.951,-36.778
-44.043,-41.647,21.755,30.777,-40.831,-17.128,35.612,-64.767,-81.749,-99.052,-88.311,-35.303
-42.914,-40.693,22.754,29.604,-40.554,-16.451,30.008,-62.314,-75.752,-95.954,-86.578,-33.758
-41.296,-39.89,23.189,28.426,-40.12,-15.844,25.073,-59.555,-69.353,-92.582,-84.736,-32.194
-39.397,-39.2,23.258,27.299,-39.579,-15.297,20.461,-56.349,-62.48,-88.736,-82.71,-30.636
-37.441,-38.571,23.197,26.254,-39.018,-14.771,16.228,-52.506,-54.98,-84.166,-80.39,-29.086
-35.582,-37.943,23.202,25.284,-38.494,-14.224,12.538,-47.792,-46.621,-78.622,-77.655,-27.521
-33.868,-37.249,23.376,24.354,-38.004,-13.611,9.4198,-41.927,-37.121,-71.879,-74.39,-25.905
-32.262,-36.429,23.723,23.416,-37.485,-12.883,6.8107,-34.564,-26.148,-63.711,-70.495,-24.194
-30.681,-35.44,24.17,22.421,-36.84,-11.995,4.633,-25.334,-13.414,-53.884,-65.888,-22.344
-29.031,-34.261,24.616,21.334,-35.978,-10.917,2.7929,-13.882,1.288,-42.13,-60.476,-20.316
-27.239,-32.885,24.977,20.123,-34.853,-9.6402,1.1625,0.027489,18.046,-28.162,-54.125,-18.055
-25.26,-31.293,25.237,18.748,-33.492,-8.1548,-0.41208,16.36,36.797,-11.738,-46.635,-15.468
-23.086,-29.435,25.459,17.151,-31.993,-6.4254,-2.0892,34.722,57.338,7.2417,-37.734,-12.383
-20.73,-27.215,25.761,15.249,-30.497,-4.3783,-4.0162,54.462,79.378,28.66,-27.094,-8.5342
-18.202,-24.498,26.259,12.93,-29.129,-1.9114,-6.3112,74.927,102.62,52.18,-14.384,-3.5535
-15.466,-21.126,27.002,10.053,-27.947,1.0749,-9.0343,95.677,126.79,77.32,0.66013,3.0244
-12.398,-16.936,27.927,6.4361,-26.905,4.6404,-12.161,116.53,151.7,103.56,18.154,11.709
-8.7677,-11.781,28.883,1.8592,-25.862,8.7775,-15.585,137.51,177.14,130.41,37.986,22.911
-4.2479,-5.5396,29.693,-3.922,-24.636,13.425,-19.165,158.66,202.88,157.44,59.799,36.711
1.5302,1.8862,30.248,-11.126,-23.085,18.527,-22.79,179.98,228.62,184.3,83.079,52.688
8.8873,10.58,30.557,-19.883,-21.147,24.104,-26.403,201.31,253.98,210.61,107.3,70.022
17.974,20.617,30.738,-30.184,-18.845,30.265,-30.001,222.42,278.55,236.05,132,87.84
28.667,32.03,30.935,-41.858,-16.239,37.135,-33.62,243.06,302.05,260.28,156.74,105.48
40.576,44.759,31.228,-54.595,-13.383,44.729,-37.323,263.06,324.24,283.04,181,122.54
53.187,58.588,31.596,-68.005,-10.28,52.863,-41.18,282.28,344.98,304.17,204.24,138.8
66.049,73.152,31.941,-81.715,-6.8503,61.169,-45.247,300.64,364.16,323.64,226,154.15
78.863,87.993,32.147,-95.434,-2.9611,69.222,-49.553,317.97,381.66,341.52,246.09,168.59
91.472,102.66,32.136,-108.97,1.4918,76.705,-54.103,333.99,397.34,357.93,264.56,182.29
103.8,116.8,31.909,-122.21,6.4888,83.497,-58.869,348.33,411.07,372.9,281.63,195.51
115.83,130.21,31.541,-135.07,11.854,89.665,-63.801,360.69,422.82,386.43,297.57,208.57
127.51,142.8,31.157,-147.44,17.32,95.363,-68.852,370.99,432.7,398.47,312.54,221.63
138.81,154.53,30.885,-159.2,22.637,100.73,-73.986,379.39,440.94,409.06,326.55,234.64
149.62,165.35,30.8,-170.22,27.654,105.82,-79.152,386.22,447.81,418.3,339.44,247.23
159.87,175.18,30.895,-180.35,32.355,110.57,-84.252,391.85,453.61,426.4,351.09,258.93
169.44,183.94,31.092,-189.5,36.816,114.91,-89.134,396.66,458.59,433.62,361.44,269.35
178.24,191.61,31.285,-197.59,41.123,118.74,-93.65,400.89,462.96,440.2,370.56,278.33
186.12,198.24,31.395,-204.62,45.29,122.04,-97.716,404.69,466.82,446.29,378.61,285.96
192.97,203.93,31.412,-210.63,49.226,124.87,-101.34,408.12,470.19,451.94,385.74,292.45
198.7,208.78,31.401,-215.69,52.746,127.31,-104.59,411.14,473.05,457.11,392.13,298.03
203.31,212.9,31.475,-219.89,55.633,129.43,-107.58,413.69,475.35,461.7,397.85,302.9
206.91,216.35,31.749,-223.33,57.738,131.3,-110.4,415.72,477.08,465.6,402.95,307.24
209.63,219.21,32.277,-226.11,59.035,132.92,-113.08,417.24,478.22,468.75,407.4,311.17
211.63,221.52,33.017,-228.31,59.618,134.31,-115.63,418.28,478.81,471.15,411.16,314.75
213.01,223.32,33.825,-229.99,59.672,135.44,-118.01,418.86,478.86,472.82,414.19,317.99
213.86,224.67,34.505,-231.18,59.429,136.31,-120.14,419.02,478.39,473.8,416.49,320.85
214.27,225.6,34.876,-231.93,59.125,136.92,-121.97,418.7,477.34,474.08,418.04,323.23
214.36,226.11,34.847,-232.25,58.945,137.25,-123.46,417.76,475.62,473.6,418.83,325
214.23,226.2,34.444,-232.18,58.964,137.26,-124.6,415.97,473.06,472.17,418.76,325.92
213.94,225.82,33.774,-231.74,59.116,136.92,-125.43,413.03,469.46,469.59,417.71,325.66
213.46,224.94,32.967,-230.96,59.228,136.14,-125.99,408.71,464.65,465.7,415.52,323.87
212.72,223.5,32.112,-229.81,59.104,134.83,-126.31,402.81,458.5,460.4,412.04,320.31
211.65,221.45,31.233,-228.29,58.626,132.92,-126.38,395.18,450.86,453.63,407.18,314.93
210.19,218.76,30.297,-226.35,57.795,130.4,-126.14,385.58,441.54,445.29,400.84,307.89
208.27,215.42,29.247,-223.92,56.702,127.36,-125.53,373.7,430.26,435.22,392.94,299.37
205.78,211.44,28.039,-220.88,55.446,123.91,-124.46,359.19,416.68,423.16,383.31,289.48
202.54,206.77,26.662,-217.05,54.069,120.15,-122.87,341.91,400.49,408.85,371.79,278.21
198.29,201.28,25.157,-212.21,52.554,116.1,-120.68,322.13,381.56,392.13,358.24,265.49
192.78,194.76,23.604,-206.05,50.87,111.67,-117.77,300.55,360.03,373.03,342.66,251.25
185.88,186.96,22.095,-198.35,49.011,106.72,-114.03,278.06,336.25,351.78,325.22,235.49
177.66,177.65,20.712,-189.06,46.921,101.07,-109.4,255.39,310.62,328.67,306.2,218.36
168.31,166.77,19.521,-178.36,44.401,94.62,-103.91,232.85,283.45,303.9,285.88,200.2
158.03,154.43,18.569,-166.61,41.179,87.378,-97.742,210.41,254.89,277.57,264.4,181.49
147.01,140.89,17.869,-154.22,37.091,79.46,-91.135,187.86,225.03,249.63,241.68,162.65
135.49,126.44,17.378,-141.54,32.179,70.994,-84.348,165.03,194.08,220.04,217.55,143.86
123.8,111.31,16.989,-128.87,26.661,62.059,-77.569,141.91,162.5,188.98,191.91,125.06
112.21,95.725,16.563,-116.35,20.848,52.762,-70.882,118.7,131.07,157.08,165.03,106.04
100.92,79.948,15.98,-104,15.108,43.386,-64.267,95.757,100.76,125.44,137.71,86.799
89.95,64.399,15.197,-91.76,9.8369,34.413,-57.642,73.501,72.454,95.368,111.1,67.746
79.189,49.614,14.266,-79.499,5.3776,26.338,-50.917,52.282,46.693,67.872,86.253,49.783
68.454,36.107,13.307,-67.182,1.8899,19.441,-44.045,32.384,23.656,43.419,63.777,33.902
57.558,24.206,12.456,-54.938,-0.7128,13.739,-37.053,14.061,3.2597,21.969,43.826,20.675
46.447,13.979,11.801,-43.068,-2.6826,9.0709,-30.051,-2.3956,-14.665,3.2474,26.335,10.094
35.369,5.2799,11.347,-31.961,-4.2461,5.2004,-23.22,-16.685,-30.274,-13.028,11.173,1.7757
24.975,-2.1318,10.997,-21.988,-5.4724,1.8772,-16.797,-28.625,-43.71,-27.065,-1.8096,-4.7471
16.085,-8.4723,10.602,-13.434,-6.3497,-1.1097,-11.048,-38.265,-55.141,-39.025,-12.792,-9.8781
9.1812,-13.876,10.049,-6.4396,-6.9544,-3.8802,-6.2018,-45.877,-64.781,-49.091,-21.98,-13.932
4.1577,-18.409,9.3258,-0.96473,-7.4832,-6.4399,-2.3632,-51.849,-72.883,-57.495,-29.607,-17.164
0.53398,-22.117,8.5328,3.1804,-8.1702,-8.712,0.52388,-56.574,-79.716,-64.524,-35.929,-19.78
-2.211,-25.063,7.8355,6.2637,-9.2135,-10.605,2.6429,-60.39,-85.538,-70.475,-41.213,-21.932
-4.4687,-27.343,7.3979,8.5559,-10.735,-12.071,4.2141,-63.559,-90.569,-75.611,-45.709,-23.71
-6.4775,-29.07,7.3184,10.285,-12.749,-13.13,5.4165,-66.261,-94.973,-80.13,-49.629,-25.157
-8.3496,-30.362,7.5871,11.625,-15.128,-13.855,6.3661,-68.601,-98.851,-84.153,-53.126,-26.302
-10.102,-31.332,8.0981,12.696,-17.616,-14.337,7.1366,-70.632,-102.26,-87.747,-56.291,-27.184
-11.7,-32.079,8.7118,13.587,-19.907,-14.667,7.7826,-72.382,-105.23,-90.942,-59.158,-27.869
-13.121,-32.69,9.3368,14.372,-21.776,-14.915,8.3493,-73.859,-107.78,-93.744,-61.716,-28.434
-14.411,-33.232,9.9802,15.127,-23.171,-15.119,8.8732,-75.058,-109.93,-96.135,-63.936,-28.945
-15.694,-33.754,10.737,15.925,-24.213,-15.289,9.379,-75.974,-111.66,-98.099,-65.793,-29.432
-17.107,-34.277,11.726,16.812,-25.106,-15.403,9.8797,-76.608,-113.02,-99.638,-67.28,-29.89
-18.731,-34.799,13.008,17.788,-26.024,-15.435,10.38,-76.995,-114.04,-100.8,-68.416,-30.291
-20.536,-35.296,14.513,18.797,-27.03,-15.372,10.888,-77.203,-114.82,-101.67,-69.248,-30.616
-22.363,-35.738,16.041,19.745,-28.065,-15.232,11.419,-77.334,-115.46,-102.4,-69.846,-30.871
-23.966,-36.095,17.332,20.53,-28.998,-15.057,11.992,-77.492,-116.09,-103.11,-70.304,-31.089
-25.117,-36.355,18.188,21.077,-29.721,-14.897,12.611,-77.76,-116.79,-103.9,-70.717,-31.312
-25.741,-36.527,18.539,21.378,-30.244,-14.783,13.255,-78.169,-117.61,-104.81,-71.145,-31.576
-25.968,-36.643,18.447,21.495,-30.699,-14.712,13.88,-78.688,-118.51,-105.78,-71.601,-31.894
-26.048,-36.75,18.058,21.533,-31.243,-14.658,14.427,-79.24,-119.42,-106.71,-72.044,-32.25
-26.209,-36.895,17.545,21.594,-31.957,-14.596,14.836,-79.725,-120.23,-107.49,-72.408,-32.588
-26.558,-37.103,17.026,21.742,-32.796,-14.536,15.055,-80.065,-120.86,-108.03,-72.637,-32.827
-27.058,-37.373,16.505,21.985,-33.556,-14.534,15.054,-80.228,-121.25,-108.3,-72.706,-32.888
-27.569,-37.678,15.879,22.286,-33.929,-14.683,14.828,-80.247,-121.44,-108.33,-72.633,-32.729
-27.9,-37.983,15.016,22.583,-33.63,-15.065,14.384,-80.198,-121.51,-108.2,-72.469,-32.363
-27.892,-38.261,13.809,22.826,-32.501,-15.712,13.761,-80.167,-121.56,-107.99,-72.283,-31.848
-27.492,-38.503,12.207,22.998,-30.556,-16.598,13.045,-80.225,-121.66,-107.79,-72.147,-31.252
-26.779,-38.722,10.238,23.123,-27.988,-17.659,12.353,-80.4,-121.87,-107.63,-72.116,-30.636
-25.935,-38.939,8.0189,23.244,-25.171,-18.813,11.794,-80.683,-122.21,-107.54,-72.214,-30.044
-25.161,-39.175,5.7329,23.395,-22.567,-19.967,11.444,-81.032,-122.65,-107.52,-72.413,-29.51
-24.601,-39.439,3.5828,23.576,-20.594,-21.016,11.332,-81.391,-123.16,-107.54,-72.658,-29.061
-24.285,-39.724,1.7226,23.75,-19.478,-21.869,11.439,-81.715,-123.69,-107.6,-72.888,-28.715
-24.137,-40.006,0.20791,23.859,-19.188,-22.476,11.695,-81.985,-124.23,-107.69,-73.077,-28.485
-24.018,-40.267,-1.0061,23.855,-19.45,-22.862,12,-82.215,-124.75,-107.85,-73.24,-28.377
-23.783,-40.5,-2.0254,23.728,-19.868,-23.104,12.258,-82.439,-125.29,-108.1,-73.415,-28.382
-23.325,-40.716,-2.9631,23.506,-20.077,-23.283,12.404,-82.695,-125.85,-108.46,-73.626,-28.486
-22.609,-40.936,-3.8985,23.251,-19.817,-23.447,12.42,-83.001,-126.44,-108.89,-73.853,-28.667
-21.696,-41.182,-4.8645,23.037,-18.962,-23.609,12.327,-83.341,-127.03,-109.33,-74.04,-28.896
-20.735,-41.46,-5.852,22.931,-17.546,-23.768,12.157,-83.662,-127.53,-109.67,-74.117,-29.138
-19.898,-41.758,-6.8166,22.971,-15.803,-23.915,11.938,-83.884,-127.87,-109.82,-74.045,-29.359
-19.318,-42.047,-7.6794,23.157,-14.102,-24.045,11.683,-83.939,-127.97,-109.72,-73.838,-29.532
-19.037,-42.283,-8.3585,23.434,-12.762,-24.161,11.393,-83.81,-127.81,-109.41,-73.571,-29.653
-18.99,-42.428,-8.8373,23.709,-11.873,-24.278,11.073,-83.55,-127.47,-108.98,-73.366,-29.74
-19.003,-42.46,-9.2046,23.866,-11.288,-24.412,10.721,-83.276,-127.07,-108.57,-73.338,-29.826
-18.853,-42.389,-9.617,23.819,-10.74,-24.583,10.326,-83.117,-126.76,-108.34,-73.554,-29.952
-18.374,-42.243,-10.203,23.542,-9.9908,-24.801,9.8817,-83.17,-126.65,-108.36,-73.998,-30.151
-17.544,-42.058,-10.987,23.083,-8.9353,-25.056,9.3969,-83.461,-126.78,-108.67,-74.573,-30.441
-16.486,-41.864,-11.876,22.532,-7.6384,-25.314,8.8955,-83.936,-127.1,-109.2,-75.134,-30.823
-15.409,-41.676,-12.712,21.991,-6.3025,-25.533,8.4197,-84.459,-127.44,-109.81,-75.531,-31.282
-14.519,-41.496,-13.339,21.537,-5.1959,-25.67,8.0408,-84.841,-127.59,-110.27,-75.652,-31.781
-13.947,-41.306,-13.649,21.202,-4.5478,-25.692,7.8449,-84.872,-127.27,-110.33,-75.424,-32.265
-13.698,-41.072,-13.607,20.959,-4.4373,-25.58,7.8722,-84.352,-126.19,-109.7,-74.784,-32.643
-13.642,-40.743,-13.257,20.731,-4.7458,-25.325,8.0565,-83.074,-124.04,-108.04,-73.595,-32.778
-13.548,-40.242,-12.697,20.396,-5.2147,-24.914,8.2541,-80.75,-120.37,-104.79,-71.529,-32.465
-13.128,-39.457,-12.037,19.79,-5.5651,-24.321,8.3712,-76.829,-114.42,-98.929,-67.849,-31.412
-12.037,-38.229,-11.373,18.687,-5.5679,-23.513,8.4685,-70.197,-104.85,-88.45,-60.967,-29.155
-9.7418,-36.324,-10.779,16.721,-4.9663,-22.455,8.7328,-59.383,-89.789,-70.507,-47.847,-24.728
-5.0531,-33.401,-10.332,13.204,-3.2889,-21.148,9.3552,-47.893,-70.04,-48.458,-27.233,-16.279
3.5744,-28.957,-10.109,6.9593,-0.35729,-19.645,10.452,-51.627,-59.182,-46.328,-18.051,-5.4699
8.9,-22.318,-9.9806,-2.7963,-4.5791,-18.064,12.071,-59.281,-66.219,-59.858,-34.843,-6.2041
-2.098,-12.742,-7.8043,-13.048,-23.218,-16.537,14.215,-42.718,-55.843,-44.554,-34.741,-10.395
-8.8531,0.28294,8.0342,-18.5,-31.201,-15.116,16.868,-5.9742,-11.435,2.2014,-8.587,-2.2442
-4.724,16.687,27.832,-22.469,-35.438,-13.688,20.103,44.473,55.228,73.283,39.188,16.701
7.5718,35.769,38.005,-34.057,-33.673,-12.048,24.685,105.15,135.64,165.66,110.76,47.312
30.285,56.517,39.063,-56.068,-22.529,-10.162,35.725,175.94,230.7,278.7,207.78,92.771
65.545,77.921,28.637,-86.381,0.46013,-8.4169,61.349,261.52,347.83,416.24,330.73,155.51
114.27,99.002,5.7656,-122.81,36.45,-7.5258,64.012,367.87,492.4,583.2,479.64,236.11
176.42,118.87,-29.939,-163.72,86.021,-8.0523,59.101,500.61,663.12,778.07,651.85,332.64
250.85,137.03,-78.889,-208.34,149.11,-9.9945,55.038,662.03,855.74,990.8,839.08,440.48
334.83,153.73,-140.52,-257.05,223.6,-12.916,51.363,845.3,1059.1,1207,1029.8,553.83
425.91,169.72,-212.08,-310.39,306.75,-16.378,44.165,1031.8,1250.6,1408.8,1211.9,667.37
521.09,185.78,-288.52,-367.39,393.92,-20.12,27.621,1190.3,1399.1,1572.3,1371.2,775.47
614.58,202.4,-363.08,-425.14,478.38,-24.041,-4.1942,1283.7,1469.7,1670,1490.8,871.78
699.43,220.71,-428.17,-480.06,552.73,-28.409,-55.151,1281.3,1433.9,1678.1,1554.7,949.56
768.94,244.72,-476.08,-528.55,610.23,-34.547,-124.53,1169.9,1280.5,1584.2,1551.5,1002.2
817.08,280.29,-499.79,-566.63,645.41,-45.741,-205.84,957.51,1018.3,1390.6,1476.8,1024.5
838.69,320.1,-495.9,-589.64,654.67,-54.832,-287.99,666.76,670.7,1110.9,1333.7,1013.2
829.7,344.05,-467.3,-592.43,637.02,-38.331,-358.62,325,266.24,764.06,1130.9,967.63
787.99,343.4,-421.13,-570.51,594.26,-16.556,-407.91,-43.936,-168.17,370.05,880.27,888.8
714.38,317.75,-365.49,-521.72,530.62,-3.5139,-430.56,-421.24,-609.08,-51.028,596.25,779.95
613.59,267.7,-308.36,-447.46,452.39,-3.7437,-425.79,-788.8,-1034,-476.51,295.79,646.97
494.36,195.08,-258.07,-352.8,367.61,-20.524,-396.02,-1123.8,-1418.3,-879.65,-2.3762,498.18
368.27,104.01,-222.69,-245.6,285.52,-55.139,-345.45,-1398.5,-1735.9,-1231.4,-279.39,343.27
247.3,1.0069,-207.34,-134.98,214.89,-105.41,-279.52,-1586.4,-1963.5,-1505.3,-518.26,191.91
140.98,-105.54,-211.58,-29.583,161.22,-165.92,-204.88,-1671.4,-2087.5,-1683.7,-705.71,52.878
54.676,-206.32,-230.38,63.655,125.53,-228.9,-129.14,-1654.6,-2108.8,-1762.9,-834.37,-66.53
-10.56,-292.28,-256.45,140.16,105.2,-284.82,-59.838,-1553.8,-2043.1,-1753.4,-904.62,-161.25
-57.201,-356.34,-280.26,197.76,94.149,-324.19,-2.6689,-1397.4,-1914.8,-1675.8,-923.92,-229.39
-89.844,-395.1,-289.88,236.37,85.056,-341.61,39.506,-1215.4,-1748.8,-1553.4,-903.9,-272.6
-113.17,-409.55,-277.31,257.77,73.323,-338.56,65.752,-1032.9,-1565.9,-1406.8,-857.01,-295.29
-130.3,-404.36,-249.44,265.24,58.439,-321.39,76.063,-866.16,-1380.5,-1251,-793.74,-303.24
-142.49,-386.13,-221.7,262.94,42.304,-297.44,72.208,-723.17,-1203.4,-1095.9,-718.96,-301.97
-149.01,-359.51,-200.97,254.58,27.587,-272.86,58.876,-606.15,-1046.7,-953.7,-634.49,-293.49
-138.75,-327.94,-187.18,238.73,20.151,-252.51,42.682,-513.47,-916.6,-838.36,-561.59,-268.76
-110.87,-304.06,-179.5,214.63,18.833,-239.97,28.613,-438.86,-808.03,-748.45,-512.56,-234.66
-96.387,-292.5,-177.25,198.11,17.434,-234.54,21.412,-375.92,-713.83,-673.53,-478.38,-215.91
-91.917,-286.86,-178.23,190.26,15.175,-232.14,22.068,-321.67,-632.22,-607.01,-450.13,-207.27
-90.167,-282.77,-178.4,185.79,12.153,-229.92,24.326,-274.86,-564.5,-548.47,-423.03,-201.78
-88.833,-278.66,-175.45,182.33,8.6337,-226.69,26.355,-234.75,-510.12,-499.59,-395.1,-196.91
-87.283,-274.16,-170.32,179.06,5.2709,-222.18,26.796,-201.98,-465.7,-459.26,-366.43,-191.84
-85.311,-269.51,-165.05,175.73,2.7073,-216.98,25.424,-178.19,-426.75,-423.26,-338.56,-186.33
-82.894,-265.09,-160.75,172.34,1.1831,-212.16,22.897,-163.2,-389.48,-388.1,-313.17,-180.34
-80.17,-261.14,-157.53,168.95,0.57335,-208.36,20.042,-152.94,-352.39,-353.74,-290.9,-173.95
-77.365,-257.66,-155.12,165.61,0.59168,-205.5,17.352,-143.46,-316.46,-321.78,-271.38,-167.16
-74.657,-254.47,-153.31,162.31,0.96426,-203.27,14.969,-134.5,-283.71,-293.26,-253.92,-159.93
-72.095,-251.4,-151.99,159.01,1.5455,-201.4,12.896,-126.85,-255.84,-268.53,-237.97,-152.21
-69.593,-248.33,-151.13,155.65,2.3404,-199.74,11.137,-120.75,-233.35,-247.61,-223.35,-143.96
-66.981,-245.1,-150.7,152.1,3.4272,-198.19,9.7023,-116.12,-215.75,-230.22,-210.1,-135.3
-64.093,-241.53,-150.65,148.15,4.8407,-196.64,8.5888,-112.76,-202.06,-215.87,-198.4,-126.43
-60.889,-237.42,-150.8,143.61,6.4951,-194.96,7.8257,-110.45,-191.28,-203.93,-188.34,-117.69
-57.491,-232.58,-150.93,138.34,8.1837,-193.03,7.4139,-108.92,-182.57,-193.74,-179.89,-109.37
-54.126,-226.86,-150.8,132.36,9.6495,-190.72,7.1921,-107.86,-175.32,-184.8,-172.83,-101.71
-51.015,-220.12,-150.2,125.78,10.676,-187.87,6.9657,-106.98,-169.09,-176.75,-166.84,-94.802
-48.289,-212.26,-148.98,118.78,11.15,-184.3,6.8522,-106.02,-163.64,-169.47,-161.56,-88.634
-45.983,-203.23,-146.97,111.57,11.069,-179.78,7.5566,-104.82,-158.83,-162.95,-156.64,-83.072
-44.065,-193.03,-143.95,104.28,10.517,-174.04,10.2,-103.34,-154.54,-157.21,-151.85,-77.917
-42.481,-181.65,-139.53,97.013,9.6158,-166.82,15.362,-101.59,-150.69,-152.24,-147.03,-72.979
-41.174,-169.15,-133.31,89.829,8.442,-157.97,22.621,-99.658,-147.15,-147.9,-142.11,-68.173
-40.085,-155.65,-125.01,82.789,6.9296,-147.49,31.445,-97.615,-143.78,-144.03,-137.1,-63.564
-39.15,-141.45,-114.58,75.967,4.8718,-135.49,41.878,-95.53,-140.46,-140.48,-132.05,-59.317
-38.312,-127,-102.01,69.441,2.0561,-122.1,54.399,-93.441,-137.13,-137.1,-127.01,-55.606
-37.553,-112.85,-87.36,63.298,-1.5909,-107.46,69.312,-91.354,-133.75,-133.81,-122.04,-52.517
-36.901,-99.575,-70.916,57.632,-5.9504,-91.86,85.898,-89.267,-130.34,-130.58,-117.18,-50.009
-36.422,-87.61,-53.448,52.515,-10.76,-75.901,102.14,-87.182,-126.95,-127.43,-112.53,-47.916
-36.179,-77.196,-36.225,47.974,-15.725,-60.499,115.61,-85.117,-123.61,-124.43,-108.17,-46.02
-36.188,-68.371,-20.716,43.979,-20.594,-46.72,124.49,-83.096,-120.33,-121.65,-104.25,-44.141
-36.391,-61.043,-8.0813,40.464,-25.152,-35.46,127.72,-81.144,-117.11,-119.14,-100.89,-42.229
-36.667,-55.083,1.2046,37.361,-29.187,-27.153,124.94,-79.281,-113.93,-116.92,-98.168,-40.35
-36.88,-50.361,7.4637,34.637,-32.479,-21.643,116.56,-77.515,-110.72,-114.93,-96.098,-38.628
-36.938,-46.726,11.625,32.284,-34.849,-18.264,103.7,-75.838,-107.43,-113.09,-94.589,-37.165
-36.813,-43.987,14.706,30.302,-36.229,-16.19,88.159,-74.217,-104,-111.28,-93.476,-36.002
-36.543,-41.933,17.283,28.677,-36.723,-14.79,72.215,-72.604,-100.39,-109.43,-92.553,-35.111
-36.205,-40.377,19.467,27.377,-36.614,-13.727,57.989,-70.942,-96.551,-107.47,-91.637,-34.411
-35.888,-39.178,21.224,26.365,-36.281,-12.856,46.598,-69.183,-92.459,-105.4,-90.606,-33.789
-35.652,-38.241,22.573,25.595,-36.078,-12.112,38.024,-67.286,-88.109,-103.25,-89.425,-33.146
-35.488,-37.502,23.568,25.01,-36.197,-11.467,31.592,-65.203,-83.498,-101.02,-88.138,-32.435
-35.299,-36.914,24.23,24.535,-36.601,-10.936,26.407,-62.867,-78.607,-98.711,-86.832,-31.676
-34.942,-36.44,24.534,24.096,-37.058,-10.582,21.626,-60.173,-73.378,-96.238,-85.572,-30.94
-34.308,-36.04,24.453,23.64,-37.267,-10.468,16.854,-56.972,-67.666,-93.425,-84.349,-30.296
-33.373,-35.669,24.018,23.143,-37.006,-10.575,12.46,-53.069,-61.234,-90.001,-83.037,-29.758
-32.197,-35.273,23.342,22.606,-36.208,-10.783,8.9768,-48.212,-53.76,-85.633,-81.425,-29.266
-30.87,-34.794,22.582,22.039,-34.931,-10.914,6.3831,-42.084,-44.879,-79.967,-79.273,-28.692
-29.463,-34.181,21.874,21.443,-33.289,-10.806,4.3429,-34.272,-34.236,-72.634,-76.37,-27.882
-28.008,-33.394,21.31,20.795,-31.425,-10.348,2.5972,-24.318,-21.502,-63.272,-72.541,-26.694
-26.492,-32.391,20.948,20.041,-29.512,-9.4863,1.0146,-11.792,-6.4827,-51.519,-67.625,-25.027
-24.859,-31.116,20.824,19.094,-27.725,-8.2007,-0.49798,3.5226,10.845,-37.049,-61.401,-22.822
-23.01,-29.481,20.946,17.833,-26.181,-6.4967,-2.0659,21.425,30.294,-19.673,-53.556,-20.021
-20.824,-27.36,21.279,16.105,-24.909,-4.3926,-3.8711,41.254,51.503,0.56656,-43.7,-16.51
-18.181,-24.593,21.753,13.727,-23.851,-1.9023,-6.1335,62.15,74.039,23.362,-31.449,-12.078
-14.958,-20.992,22.29,10.48,-22.903,0.9918,-9.0402,83.427,97.539,48.226,-16.548,-6.4062
-10.996,-16.365,22.848,6.1353,-21.939,4.3694,-12.624,104.76,121.81,74.68,1.0747,0.89665
-6.1171,-10.523,23.456,0.50579,-20.835,8.4061,-16.676,126.18,146.83,102.4,21.376,10.229
-0.22001,-3.3036,24.208,-6.4814,-19.483,13.387,-20.802,147.86,172.59,131.22,44.31,21.913
6.6002,5.4197,25.202,-14.763,-17.828,19.656,-24.647,169.95,198.99,160.87,69.824,36.095
14.052,15.72,26.469,-24.194,-15.888,27.462,-28.082,192.33,225.69,190.83,97.664,52.622
21.87,27.59,27.93,-34.632,-13.713,36.746,-31.232,214.63,252.11,220.27,127.11,70.967
30.114,40.9,29.422,-45.975,-11.345,47.028,-34.377,236.37,277.64,248.3,156.98,90.339
39.177,55.358,30.775,-58.141,-8.8197,57.575,-37.799,257.15,301.77,274.28,185.98,109.94
49.471,70.518,31.905,-70.989,-6.1873,67.69,-41.669,276.79,324.23,297.96,213.11,129.17
61,85.866,32.849,-84.268,-3.5054,76.922,-46.002,295.31,344.94,319.41,237.93,147.69
73.196,100.94,33.737,-97.66,-0.82581,85.092,-50.693,312.78,363.86,338.85,260.42,165.32
85.265,115.41,34.73,-110.88,1.7856,92.25,-55.575,329.16,380.97,356.49,280.85,182.05
96.677,129.08,35.944,-123.75,4.2278,98.573,-60.494,344.23,396.25,372.48,299.53,197.96
107.32,141.86,37.402,-136.13,6.4281,104.27,-65.357,357.6,409.66,386.87,316.64,213.23
117.39,153.72,39,-147.97,8.4386,109.48,-70.154,368.99,421.18,399.64,332.17,227.97
127.2,164.59,40.528,-159.21,10.467,114.27,-74.937,378.35,430.94,410.84,346,242.09
136.94,174.42,41.749,-169.74,12.793,118.62,-79.751,385.9,439.13,420.57,357.99,255.27
146.54,183.16,42.497,-179.38,15.623,122.52,-84.555,391.99,446.03,429.02,368.19,267.15
155.66,190.81,42.737,-187.94,18.994,125.96,-89.198,397.04,451.91,436.45,376.81,277.47
163.87,197.4,42.582,-195.3,22.778,128.97,-93.48,401.39,457.02,443.13,384.21,286.22
170.87,203.02,42.241,-201.44,26.721,131.59,-97.251,405.27,461.52,449.23,390.76,293.61
176.67,207.77,41.941,-206.54,30.503,133.85,-100.49,408.77,465.47,454.82,396.72,299.94
181.55,211.77,41.848,-210.82,33.831,135.75,-103.31,411.85,468.86,459.89,402.21,305.47
185.93,215.15,42.023,-214.55,36.567,137.3,-105.88,414.45,471.63,464.33,407.16,310.35
190.23,218,42.415,-217.93,38.788,138.52,-108.36,416.51,473.77,468.05,411.47,314.61
194.64,220.4,42.89,-221.03,40.716,139.46,-110.83,418.04,475.27,471.04,415.04,318.24
198.99,222.38,43.264,-223.79,42.554,140.14,-113.23,419.09,476.17,473.33,417.87,321.21
202.81,223.98,43.374,-226.09,44.349,140.61,-115.38,419.74,476.52,474.99,420.05,323.52
205.66,225.2,43.147,-227.8,46.008,140.92,-117.13,420.04,476.34,476.09,421.7,325.22
207.47,226.05,42.646,-228.91,47.418,141.11,-118.4,419.98,475.58,476.65,422.91,326.38
208.43,226.55,42.046,-229.48,48.491,141.22,-119.21,419.45,474.15,476.6,423.7,327.06
208.75,226.7,41.558,-229.61,49.099,141.24,-119.6,418.26,471.92,475.85,424.01,327.29
208.48,226.49,41.321,-229.35,49.06,141.13,-119.62,416.18,468.72,474.24,423.72,327.09
207.55,225.92,41.341,-228.68,48.251,140.84,-119.33,413.02,464.42,471.65,422.61,326.34
205.85,224.91,41.502,-227.52,46.722,140.31,-118.7,408.61,458.94,467.96,420.46,324.82
203.29,223.39,41.609,-225.74,44.696,139.48,-117.72,402.81,452.14,463.09,417.1,322.23
199.79,221.25,41.458,-223.21,42.49,138.31,-116.3,395.38,443.83,456.94,412.4,318.23
195.44,218.39,40.894,-219.83,40.402,136.69,-114.46,385.93,433.72,449.33,406.3,312.61
190.48,214.67,39.857,-215.56,38.616,134.52,-112.22,373.96,421.4,439.97,398.73,305.25
185.09,209.97,38.413,-210.42,37.124,131.67,-109.61,359.04,406.48,428.5,389.55,296.08
179.32,204.21,36.736,-204.4,35.742,128.06,-106.58,341.11,388.69,414.57,378.54,285.06
172.98,197.34,35.053,-197.49,34.192,123.7,-102.96,320.67,368.1,398,365.48,272.18
165.79,189.39,33.545,-189.64,32.21,118.68,-98.556,298.71,345.08,378.86,350.24,257.53
157.5,180.35,32.257,-180.76,29.676,113.11,-93.253,276.19,320.19,357.47,332.94,241.4
148.05,170.21,31.07,-170.81,26.705,107.06,-87.157,253.69,293.86,334.16,313.89,224.22
137.68,158.9,29.75,-159.86,23.636,100.42,-80.642,231.29,266.28,309.11,293.45,206.41
126.91,146.37,28.067,-148.12,20.862,93.019,-74.18,208.78,237.45,282.27,271.87,188.31
116.28,132.65,25.927,-135.94,18.608,84.74,-68.076,185.93,207.41,253.52,249.15,170.02
106.04,118,23.439,-123.61,16.839,75.664,-62.358,162.69,176.55,222.9,225.1,151.51
96.089,102.74,20.887,-111.26,15.31,66.136,-56.829,139.29,145.62,190.91,199.52,132.63
86.044,87.213,18.602,-98.805,13.684,56.637,-51.216,116.17,115.61,158.51,172.4,113.19
75.521,71.679,16.815,-86.068,11.659,47.562,-45.301,93.716,87.397,126.91,144.21,93.164
64.339,56.399,15.58,-72.951,9.101,39.073,-39.029,72.12,61.487,97.188,116.09,72.837
52.74,41.737,14.793,-59.647,6.1339,31.14,-32.544,51.417,38.021,69.986,89.571,53.089
41.442,28.176,14.259,-46.726,3.0532,23.711,-26.13,31.671,16.915,45.528,65.938,35.215
31.305,16.19,13.791,-34.929,0.12953,16.84,-20.116,13.178,-1.9497,23.78,45.752,20.271
22.804,6.0682,13.283,-24.791,-2.5357,10.708,-14.745,-3.4961,-18.627,4.6461,28.828,8.5339
15.845,-2.1629,12.749,-16.427,-5.0112,5.5118,-10.087,-17.758,-33.124,-11.944,14.605,-0.37699
10.004,-8.6943,12.301,-9.6264,-7.4425,1.3452,-6.0659,-29.315,-45.48,-26.066,2.5081,-7.0663
4.8417,-13.837,12.076,-4.0619,-9.9542,-1.8533,-2.5808,-38.308,-55.828,-37.866,-7.8687,-12.08
0.089649,-17.934,12.146,0.5633,-12.595,-4.2607,0.41963,-45.172,-64.403,-47.584,-16.768,-15.843
-4.3277,-21.288,12.479,4.4594,-15.325,-6.0988,2.9494,-50.433,-71.505,-55.542,-24.344,-18.69
-8.367,-24.131,12.942,7.7576,-18.025,-7.5732,5.0347,-54.573,-77.465,-62.107,-30.741,-20.896
-11.955,-26.599,13.346,10.537,-20.535,-8.8361,6.7264,-57.984,-82.598,-67.646,-36.135,-22.678
-15.034,-28.75,13.53,12.854,-22.686,-9.9749,8.0752,-60.941,-87.16,-72.472,-40.728,-24.19
-17.582,-30.59,13.423,14.756,-24.354,-11.027,9.1173,-63.595,-91.314,-76.8,-44.722,-25.515
-19.622,-32.108,13.069,16.298,-25.492,-12.013,9.8908,-65.988,-95.124,-80.726,-48.279,-26.673
-21.23,-33.308,12.576,17.54,-26.139,-12.95,10.456,-68.102,-98.581,-84.252,-51.507,-27.641
-22.52,-34.224,12.038,18.552,-26.394,-13.857,10.884,-69.894,-101.64,-87.342,-54.462,-28.388
-23.607,-34.922,11.48,19.404,-26.361,-14.744,11.23,-71.334,-104.27,-89.961,-57.176,-28.901
-24.569,-35.483,10.851,20.16,-26.119,-15.62,11.511,-72.418,-106.47,-92.116,-59.667,-29.21
-25.425,-35.983,10.07,20.856,-25.712,-16.488,11.726,-73.183,-108.28,-93.862,-61.946,-29.389
-26.137,-36.465,9.091,21.49,-25.175,-17.332,11.881,-73.712,-109.78,-95.309,-64.027,-29.532
-26.647,-36.938,7.9447,22.037,-24.551,-18.105,11.999,-74.119,-111.1,-96.598,-65.934,-29.72
-26.918,-37.388,6.739,22.463,-23.909,-18.74,12.105,-74.517,-112.33,-97.874,-67.711,-29.99
-26.972,-37.801,5.6118,22.758,-23.331,-19.194,12.209,-74.982,-113.57,-99.241,-69.412,-30.323
-26.881,-38.174,4.6611,22.946,-22.884,-19.475,12.314,-75.537,-114.84,-100.74,-71.096,-30.663
-26.727,-38.519,3.895,23.077,-22.583,-19.647,12.421,-76.167,-116.15,-102.36,-72.801,-30.956
-26.558,-38.851,3.2211,23.195,-22.377,-19.798,12.533,-76.833,-117.47,-104.02,-74.539,-31.184
-26.359,-39.173,2.4873,23.32,-22.155,-19.995,12.651,-77.498,-118.74,-105.63,-76.287,-31.381
-26.064,-39.469,1.5594,23.429,-21.797,-20.267,12.77,-78.121,-119.93,-107.1,-77.978,-31.606
-25.609,-39.712,0.39841,23.477,-21.224,-20.613,12.876,-78.667,-120.99,-108.34,-79.513,-31.905
-24.99,-39.872,-0.911,23.429,-20.434,-21.007,12.947,-79.109,-121.87,-109.31,-80.796,-32.281
-24.296,-39.943,-2.2086,23.287,-19.495,-21.418,12.967,-79.443,-122.58,-110,-81.77,-32.688
-23.679,-39.944,-3.3497,23.105,-18.52,-21.819,12.921,-79.685,-123.16,-110.48,-82.452,-33.041
-23.274,-39.917,-4.2725,22.959,-17.621,-22.191,12.802,-79.869,-123.64,-110.8,-82.926,-33.253
-23.106,-39.914,-5.0057,22.904,-16.831,-22.536,12.611,-80.027,-124.08,-111.07,-83.309,-33.266
-23.058,-39.979,-5.6582,22.948,-16.018,-22.875,12.362,-80.187,-124.51,-111.36,-83.712,-33.074
-22.937,-40.128,-6.3831,23.053,-14.939,-23.238,12.086,-80.363,-124.95,-111.71,-84.209,-32.72
-22.594,-40.351,-7.2892,23.17,-13.434,-23.637,11.828,-80.555,-125.4,-112.14,-84.811,-32.283
-22.019,-40.611,-8.359,23.263,-11.591,-24.049,11.639,-80.753,-125.84,-112.6,-85.451,-31.851
-21.354,-40.86,-9.4341,23.325,-9.7401,-24.423,11.563,-80.937,-126.25,-113.03,-86.006,-31.495
-20.83,-41.053,-10.282,23.372,-8.3364,-24.699,11.624,-81.086,-126.6,-113.33,-86.342,-31.237
-20.655,-41.162,-10.696,23.428,-7.7848,-24.837,11.823,-81.19,-126.86,-113.45,-86.374,-31.051
-20.918,-41.181,-10.574,23.498,-8.297,-24.821,12.137,-81.259,-127.07,-113.39,-86.103,-30.87
-21.547,-41.123,-9.948,23.559,-9.8132,-24.664,12.519,-81.314,-127.24,-113.22,-85.609,-30.621
-22.347,-41.015,-8.9692,23.579,-12.021,-24.398,12.919,-81.386,-127.41,-113.01,-85.005,-30.261
-23.084,-40.893,-7.85,23.53,-14.46,-24.065,13.298,-81.493,-127.59,-112.83,-84.386,-29.8
-23.573,-40.792,-6.7878,23.412,-16.657,-23.707,13.638,-81.633,-127.78,-112.71,-83.798,-29.296
-23.752,-40.738,-5.9103,23.262,-18.241,-23.351,13.945,-81.772,-127.93,-112.6,-83.239,-28.831
-23.701,-40.746,-5.2794,23.15,-19.011,-23.018,14.238,-81.854,-127.96,-112.43,-82.672,-28.472
-23.591,-40.818,-4.9306,23.156,-18.986,-22.725,14.532,-81.82,-127.82,-112.14,-82.051,-28.246
-23.579,-40.941,-4.8778,23.332,-18.397,-22.501,14.83,-81.641,-127.49,-111.68,-81.347,-28.135
-23.734,-41.087,-5.0769,23.678,-17.57,-22.379,15.119,-81.338,-127.03,-111.09,-80.568,-28.093
-24.008,-41.222,-5.4443,24.124,-16.727,-22.391,15.372,-80.985,-126.51,-110.44,-79.76,-28.071
-24.257,-41.305,-5.9386,24.54,-15.89,-22.553,15.551,-80.68,-126.05,-109.83,-78.998,-28.039
-24.29,-41.308,-6.5884,24.786,-14.954,-22.864,15.603,-80.508,-125.74,-109.34,-78.35,-28
-23.97,-41.216,-7.4225,24.772,-13.839,-23.299,15.482,-80.498,-125.58,-109.01,-77.853,-27.995
-23.313,-41.037,-8.3939,24.504,-12.578,-23.802,15.166,-80.594,-125.5,-108.78,-77.479,-28.089
-22.465,-40.79,-9.3758,24.065,-11.307,-24.299,14.678,-80.655,-125.3,-108.49,-77.129,-28.334
-21.604,-40.492,-10.218,23.558,-10.175,-24.7,14.081,-80.48,-124.74,-107.9,-76.649,-28.723
-20.834,-40.142,-10.806,23.051,-9.2679,-24.921,13.435,-79.84,-123.52,-106.71,-75.843,-29.167
-20.161,-39.708,-11.083,22.556,-8.5862,-24.899,12.768,-78.477,-121.31,-104.56,-74.47,-29.495
-19.517,-39.125,-11.036,22.031,-8.0942,-24.587,12.09,-76.045,-117.66,-100.9,-72.201,-29.46
-18.797,-38.283,-10.675,21.39,-7.7947,-23.947,11.465,-71.937,-111.85,-94.805,-68.449,-28.72
-17.85,-37.017,-10.027,20.48,-7.7298,-22.949,11.082,-64.974,-102.61,-84.366,-61.989,-26.721
-16.406,-35.09,-9.1698,19.017,-7.8543,-21.585,11.215,-53.528,-88.083,-66.61,-50.336,-22.339
-13.834,-32.168,-8.2702,16.461,-7.8105,-19.909,12.077,-40.32,-68.25,-42.667,-31.3,-13.738
-8.6437,-27.799,-7.5681,11.817,-6.9084,-18.046,13.737,-41.995,-54.442,-34.169,-16.229,-3.2399
-1.3045,-21.424,-7.1426,3.8617,-8.4358,-16.168,16.166,-54.422,-60.927,-51.493,-26.956,-3.658
-4.8348,-12.453,-5.265,-6.503,-22.952,-14.393,19.302,-42.58,-57.549,-47.334,-36.467,-8.8262
-11.707,-0.43643,8.7966,-14.195,-31.97,-12.655,23.071,-7.4763,-18.94,-7.9094,-20.69,-2.694
-10.091,14.742,28.589,-18.364,-37.789,-10.698,27.393,41.962,44.751,57.643,17.178,14.845
-1.3572,32.793,40.566,-26.614,-38.52,-8.3263,32.451,101.31,123.19,145.59,78.126,44.049
16.354,53.074,44.021,-44.311,-31.077,-5.8157,40.629,169.36,215.84,255.1,165.3,88.004
45.501,74.649,36.068,-70.989,-12.583,-4.0167,59.02,250.55,329.55,389.47,280.5,149.08
88.001,96.33,14.652,-104.73,19.316,-3.833,66.327,352.09,470.42,553.82,424.6,227.28
145.11,116.86,-21.506,-143.84,66.393,-5.4817,61.818,480.86,637.9,747.47,595.85,320.09
217.03,135.44,-72.664,-187.13,129.44,-8.3996,57.279,640,828.44,960.77,786.25,423.49
301.34,152.17,-137,-234.68,204.92,-11.892,53.741,823.32,1032.2,1179.1,982.63,533.51
393.55,167.95,-210.05,-287.34,287.76,-15.587,48.567,1012.7,1227.6,1385,1171.3,646.33
489.61,183.74,-286.04,-344.76,373.97,-19.331,36.192,1177.1,1383.8,1554.9,1337.9,756.47
584.16,200.05,-358.88,-403.97,457.42,-23.158,10.065,1278.9,1465.7,1661.3,1466.1,856.66
671.08,217.66,-421.98,-460.93,531.72,-27.555,-34.606,1286.6,1443.8,1680.2,1540.3,939.04
744.56,239.91,-467.98,-512.13,591.02,-33.883,-98.366,1185.7,1304.7,1598.1,1548.5,996.51
799.05,272.73,-489.62,-554.09,629.46,-44.188,-176.38,982.78,1055.1,1415.4,1485.8,1023.9
829.1,311.9,-484.01,-582.7,642.68,-50.556,-258.99,699.21,716.78,1144.6,1354.6,1018.5
829.91,340.21,-454.51,-593.11,629.44,-35.133,-333.95,361.8,317.64,803.99,1162.2,979.73
798.31,347.77,-407.85,-580.45,591.35,-13.844,-390.31,-5.3097,-115.07,413.25,919.07,908.35
734.01,331.67,-351.72,-541.38,532.18,-0.80637,-421.33,-382.76,-557.33,-7.5003,637.59,806.62
640.66,290.73,-294.59,-475.75,457.93,-1.574,-424.99,-752.41,-986.34,-435.63,333.68,679.03
526.06,225.69,-246.27,-387.36,376.87,-19.405,-402.76,-1092.1,-1377.5,-844.13,27.343,532.77
401.12,140.03,-216.97,-283.35,298.46,-55.074,-358.25,-1374.3,-1704.5,-1203.1,-259.02,377.31
277.62,39.807,-211.45,-172.62,230.83,-106.15,-296.61,-1572.2,-1943.1,-1485.1,-505.05,223.22
165.82,-66.95,-224.92,-64.178,178.35,-167.16,-224.28,-1667.9,-2078.3,-1671.8,-696.69,80.481
72.72,-170.99,-248.18,34.223,141.44,-230.04,-148.6,-1660.7,-2109.9,-1758.6,-827.96,-43.001
1.2028,-262.91,-271.64,116.98,117.37,-284.94,-76.776,-1567.1,-2052.7,-1755.7,-900.55,-142.17
-50.128,-334.95,-284.16,181.04,100.7,-322.83,-14.949,-1415.2,-1930.4,-1683.2,-922.24,-215.03
-85.818,-382.67,-276.69,225.74,85.536,-339.5,32.503,-1235.4,-1768,-1564.1,-904.4,-262.59
-111.16,-405.51,-252.59,252.36,69.003,-336.89,63.231,-1053.4,-1586,-1418.8,-859.2,-288.58
-129.89,-406.46,-225.05,263.78,51.289,-320.44,76.831,-885.99,-1399.1,-1262.6,-796.86,-298.57
-143.63,-391.29,-202.45,264.08,33.799,-296.31,75.275,-741.32,-1218.4,-1105.2,-721.61,-298.24
-152.54,-364.26,-186.07,257.39,18.346,-270.19,63.285,-622.17,-1057,-958.42,-633.66,-288.57
-152.58,-327.43,-175.49,243.68,7.3278,-248.07,47.16,-527.49,-923.4,-838.71,-556.67,-258.58
-131.92,-298.63,-170.54,218.58,4.1248,-235.37,32.046,-451.33,-813.15,-746.52,-505.95,-223.13
-109.14,-285.85,-170.71,198.14,6.8863,-230.49,21.647,-386.88,-718.32,-670.94,-471.38,-206.9
-98.807,-280.39,-173.95,188.69,10.665,-228.36,20.837,-330.94,-636.16,-604.62,-443.08,-200.34
-93.847,-276.75,-176.59,183.84,12.766,-226.16,22.241,-282.53,-567.76,-546.59,-415.98,-196.29
-90.095,-273.13,-176.28,180.28,13.173,-222.95,23.649,-240.92,-512.76,-498.15,-388.09,-192.58
-86.448,-269.19,-173.63,176.89,12.996,-218.82,23.938,-206.55,-467.97,-458.03,-359.63,-188.59
-82.7,-265.08,-170.45,173.35,12.904,-214.51,22.88,-181.13,-428.97,-421.99,-332.34,-184.22
-78.815,-261.08,-167.58,169.58,12.94,-210.84,20.955,-165.05,-392.09,-386.83,-308,-179.51
-74.816,-257.35,-164.79,165.62,12.929,-208.12,18.768,-154.66,-356.05,-352.91,-287.18,-174.55
-70.812,-253.92,-161.73,161.55,12.743,-206.15,16.683,-145.52,-321.89,-322.01,-269.37,-169.33
-66.992,-250.69,-158.48,157.43,12.384,-204.6,14.827,-136.95,-291.23,-295.02,-253.71,-163.74
-63.524,-247.54,-155.48,153.28,11.972,-203.25,13.217,-129.61,-265.17,-271.98,-239.48,-157.66
-60.472,-244.32,-153.24,149.06,11.672,-201.99,11.849,-123.64,-243.86,-252.57,-226.35,-151
-57.799,-240.93,-152.03,144.69,11.656,-200.75,10.718,-118.91,-226.72,-236.29,-214.25,-143.79
-55.442,-237.23,-151.79,140.16,12.093,-199.42,9.8196,-115.22,-212.9,-222.57,-203.31,-136.15
-53.367,-233.14,-152.16,135.52,13.08,-197.93,9.1528,-112.39,-201.61,-210.9,-193.61,-128.31
-51.578,-228.58,-152.73,130.93,14.469,-196.22,8.7024,-110.25,-192.2,-200.81,-185.06,-120.52
-50.106,-223.49,-153.1,126.5,15.856,-194.24,8.3859,-108.59,-184.22,-191.86,-177.38,-113.03
-48.953,-217.77,-152.98,122.28,16.789,-191.89,8.0697,-107.16,-177.33,-183.7,-170.22,-106
-48.046,-211.28,-152.21,118.17,17.016,-188.95,7.7268,-105.73,-171.28,-176.12,-163.32,-99.506
-47.212,-203.82,-150.68,113.92,16.612,-185.17,7.6885,-104.14,-165.94,-169.09,-156.6,-93.563
-46.227,-195.21,-148.26,109.23,15.918,-180.29,8.8359,-102.33,-161.22,-162.71,-150.2,-88.172
-44.919,-185.34,-144.76,103.83,15.311,-174.15,12.172,-100.34,-157.06,-157.14,-144.33,-83.369
-43.271,-174.22,-139.89,97.633,14.888,-166.67,17.921,-98.26,-153.38,-152.46,-139.15,-79.187
-41.436,-161.93,-133.28,90.711,14.287,-157.82,25.734,-96.207,-150.07,-148.6,-134.68,-75.589
-39.665,-148.59,-124.52,83.311,12.87,-147.54,35.54,-94.237,-146.96,-145.33,-130.74,-72.429
-38.197,-134.39,-113.27,75.771,10.085,-135.74,47.655,-92.343,-143.9,-142.35,-127.12,-69.496
-37.183,-119.77,-99.49,68.452,5.7423,-122.42,62.193,-90.466,-140.75,-139.35,-123.58,-66.576
-36.65,-105.39,-83.46,61.654,0.060352,-107.7,78.354,-88.538,-137.47,-136.15,-120.02,-63.509
-36.514,-92.029,-65.847,55.552,-6.4323,-91.924,94.356,-86.522,-134.05,-132.72,-116.45,-60.228
-36.622,-80.28,-47.708,50.203,-13.076,-75.714,108.15,-84.428,-130.55,-129.21,-112.95,-56.784
-36.818,-70.451,-30.401,45.599,-19.243,-60.044,117.96,-82.302,-127.02,-125.81,-109.64,-53.327
-36.999,-62.542,-15.35,41.702,-24.443,-46.108,122.47,-80.198,-123.49,-122.68,-106.63,-50.039
-37.128,-56.356,-3.7484,38.461,-28.373,-34.976,120.94,-78.163,-119.96,-119.91,-103.92,-47.067
-37.199,-51.601,3.7863,35.797,-30.948,-27.151,113.47,-76.225,-116.38,-117.45,-101.5,-44.481
-37.201,-47.973,7.7127,33.609,-32.307,-22.32,101.02,-74.389,-112.73,-115.19,-99.296,-42.273
-37.102,-45.196,9.6439,31.785,-32.786,-19.581,85.411,-72.619,-108.92,-113,-97.232,-40.394
-36.873,-43.042,11.211,30.229,-32.793,-18.001,69.231,-70.849,-104.9,-110.72,-95.238,-38.773
-36.508,-41.344,12.999,28.877,-32.648,-16.966,54.996,-68.995,-100.6,-108.28,-93.262,-37.34
-36.016,-39.984,14.825,27.692,-32.497,-16.182,43.944,-66.979,-95.962,-105.66,-91.275,-36.032
-35.407,-38.879,16.388,26.655,-32.343,-15.547,35.851,-64.751,-90.963,-102.86,-89.272,-34.803
-34.661,-37.966,17.51,25.74,-32.115,-15.045,29.73,-62.269,-85.579,-99.881,-87.262,-33.629
-33.722,-37.192,18.116,24.905,-31.715,-14.687,24.499,-59.476,-79.81,-96.69,-85.255,-32.514
-32.519,-36.498,18.191,24.095,-31.053,-14.474,19.447,-56.299,-73.64,-93.165,-83.242,-31.483
-31.016,-35.821,17.768,23.259,-30.095,-14.37,14.606,-52.635,-67.024,-89.136,-81.156,-30.564
-29.251,-35.113,16.946,22.366,-28.894,-14.317,10.431,-48.351,-59.862,-84.416,-78.879,-29.77
-27.353,-34.351,15.907,21.414,-27.597,-14.243,7.0115,-43.232,-51.958,-78.819,-76.245,-29.088
-25.499,-33.542,14.895,20.434,-26.385,-14.077,4.0692,-36.926,-42.998,-72.129,-73.053,-28.466
-23.832,-32.712,14.146,19.466,-25.397,-13.762,1.4262,-28.926,-32.575,-64.084,-69.072,-27.825
-22.393,-31.858,13.798,18.524,-24.644,-13.264,-0.8672,-18.622,-20.255,-54.346,-64.064,-27.077
-21.086,-30.923,13.834,17.573,-23.995,-12.566,-2.7353,-5.5203,-5.7511,-42.52,-57.796,-26.14
-19.702,-29.788,14.114,16.503,-23.219,-11.646,-4.2778,10.505,10.991,-28.216,-50.064,-24.933
-17.995,-28.287,14.455,15.151,-22.089,-10.458,-5.7746,29.015,29.778,-11.141,-40.713,-23.345
-15.786,-26.241,14.728,13.336,-20.495,-8.9345,-7.5555,49.138,50.276,8.8146,-29.628,-21.208
-13.043,-23.494,14.944,10.919,-18.514,-6.9855,-9.8502,70.01,72.173,31.557,-16.696,-18.246
-9.9028,-19.931,15.28,7.8428,-16.393,-4.4714,-12.67,91.117,95.304,56.828,-1.7473,-14.039
-6.6314,-15.483,15.995,4.1483,-14.464,-1.191,-15.792,112.33,119.63,84.238,15.433,-8.0141
-3.4976,-10.104,17.292,-0.080201,-13.009,3.08,-18.915,133.72,145.09,113.27,34.974,0.44242
-0.58331,-3.7373,19.188,-4.8417,-12.13,8.4893,-21.867,155.41,171.46,143.24,56.745,11.723
2.3662,3.7371,21.502,-10.342,-11.722,15.003,-24.698,177.37,198.24,173.36,80.282,25.743
5.9422,12.518,23.947,-17.024,-11.545,22.399,-27.611,199.34,224.82,202.8,104.92,41.936
10.942,22.843,26.264,-25.452,-11.343,30.384,-30.825,220.94,250.56,230.77,130.01,59.476
18.163,34.876,28.316,-36.034,-10.904,38.732,-34.452,241.76,274.98,256.69,155,77.578
28.027,48.549,30.108,-48.68,-10.092,47.335,-38.469,261.58,297.94,280.32,179.47,95.707
40.089,63.47,31.77,-62.667,-8.8687,56.137,-42.747,280.41,319.5,301.75,203.07,113.6
53.069,78.985,33.472,-76.96,-7.3342,65.071,-47.124,298.44,339.85,321.31,225.59,131.19
65.604,94.42,35.336,-90.753,-5.7018,74.025,-51.478,315.77,359.09,339.41,246.91,148.47
76.832,109.31,37.349,-103.69,-4.1649,82.854,-55.776,332.28,377.1,356.29,266.95,165.44
86.52,123.46,39.352,-115.78,-2.7319,91.357,-60.094,347.53,393.57,371.97,285.55,182.11
95.093,136.85,41.099,-127.21,-1.1744,99.268,-64.579,360.94,408.13,386.29,302.53,198.4
103.41,149.45,42.382,-138.26,0.8507,106.33,-69.366,372.08,420.54,399.03,317.73,214.21
112.27,161.13,43.142,-149.19,3.5939,112.42,-74.501,380.95,430.83,410.11,331.14,229.32
122.01,171.7,43.486,-159.99,7.0525,117.56,-79.887,387.89,439.28,419.59,342.95,243.44
132.25,181.01,43.643,-170.3,10.954,121.93,-85.291,393.4,446.27,427.67,353.47,256.18
142.18,189.03,43.859,-179.66,14.897,125.69,-90.428,397.96,452.18,434.65,362.99,267.16
151.11,195.91,44.303,-187.83,18.545,128.97,-95.095,401.92,457.29,440.77,371.66,276.21
158.93,201.84,44.994,-194.93,21.759,131.78,-99.258,405.45,461.74,446.24,379.53,283.41
166.04,207.03,45.81,-201.26,24.635,134.14,-103.02,408.61,465.6,451.15,386.58,289.03
172.9,211.6,46.547,-207.08,27.438,136.05,-106.5,411.38,468.87,455.57,392.81,293.5
179.68,215.6,46.993,-212.44,30.435,137.56,-109.78,413.7,471.54,459.5,398.27,297.26
186.14,219.04,46.996,-217.22,33.709,138.74,-112.85,415.58,473.63,462.93,403.04,300.67
191.93,221.86,46.502,-221.24,37.165,139.64,-115.65,417.01,475.17,465.83,407.13,303.94
196.8,224.06,45.559,-224.42,40.699,140.28,-118.14,418.02,476.2,468.19,410.5,307.08
200.79,225.63,44.285,-226.78,44.285,140.66,-120.27,418.62,476.72,470.01,413.08,309.98
204.06,226.64,42.831,-228.46,47.848,140.76,-122.05,418.81,476.71,471.3,414.83,312.48
206.75,227.16,41.348,-229.6,51.19,140.6,-123.49,418.54,476.13,472.07,415.73,314.42
208.94,227.28,39.957,-230.3,54.09,140.22,-124.57,417.71,474.89,472.28,415.82,315.69
210.66,227.06,38.719,-230.62,56.411,139.67,-125.28,416.17,472.87,471.88,415.12,316.28
211.82,226.54,37.627,-230.56,58.125,138.97,-125.57,413.72,469.97,470.73,413.64,316.16
212.23,225.68,36.619,-230.06,59.254,138.09,-125.41,410.17,466.05,468.64,411.32,315.31
211.57,224.42,35.624,-228.97,59.785,137.02,-124.73,405.3,461.03,465.43,408.08,313.58
209.56,222.65,34.604,-227.15,59.609,135.69,-123.5,398.9,454.77,460.9,403.8,310.71
206.17,220.25,33.569,-224.49,58.562,134.04,-121.7,390.73,447.11,454.87,398.33,306.33
201.64,217.11,32.563,-220.98,56.556,131.99,-119.37,380.42,437.75,447.14,391.53,300.1
196.36,213.12,31.635,-216.66,53.66,129.45,-116.52,367.58,426.33,437.47,383.22,291.75
190.6,208.23,30.819,-211.59,50.07,126.31,-113.2,351.85,412.43,425.55,373.26,281.24
184.38,202.35,30.116,-205.74,46.051,122.5,-109.38,333.23,395.71,411.09,361.47,268.71
177.57,195.42,29.484,-198.99,41.865,117.99,-105.01,312.19,376.09,393.9,347.7,254.4
169.94,187.37,28.834,-191.2,37.744,112.82,-100.08,289.63,353.77,373.92,331.87,238.58
161.41,178.14,28.049,-182.29,33.895,107,-94.612,266.46,329.18,351.31,314.05,221.59
152.06,167.72,27.023,-172.29,30.493,100.55,-88.711,243.31,302.8,326.4,294.51,203.84
142.1,156.15,25.706,-161.39,27.628,93.47,-82.524,220.41,275.03,299.58,273.67,185.76
131.77,143.53,24.134,-149.81,25.243,85.832,-76.191,197.66,246.11,271.16,251.95,167.75
121.17,129.99,22.405,-137.74,23.138,77.744,-69.812,174.9,216.23,241.29,229.57,150.01
110.31,115.61,20.646,-125.28,21.046,69.333,-63.44,152.06,185.7,210.06,206.55,132.53
99.13,100.51,18.968,-112.45,18.745,60.701,-57.074,129.21,155.04,177.73,182.83,115.18
87.666,84.809,17.449,-99.269,16.143,51.912,-50.686,106.55,124.98,144.85,158.47,97.728
76.062,68.814,16.135,-85.848,13.291,43.036,-44.25,84.347,96.254,112.41,133.79,80.04
64.599,53.031,15.048,-72.422,10.327,34.237,-37.778,62.807,69.483,81.615,109.41,62.285
53.613,38.123,14.183,-59.357,7.3914,25.823,-31.349,42.18,45.011,53.556,86.102,45.11
43.392,24.728,13.512,-47.073,4.5497,18.18,-25.128,22.797,22.932,28.905,64.58,29.487
34.097,13.247,12.981,-35.92,1.764,11.604,-19.359,5.0748,3.1873,7.7833,45.315,16.237
25.757,3.7609,12.532,-26.106,-1.0623,6.1786,-14.272,-10.559,-14.333,-10.101,28.462,5.6557
18.302,-3.8915,12.138,-17.681,-4.0042,1.818,-9.9624,-23.812,-29.721,-25.206,13.926,-2.4623
11.61,-9.9919,11.832,-10.574,-7.0658,-1.6277,-6.3704,-34.637,-43.051,-37.961,1.472,-8.5707
5.5719,-14.848,11.701,-4.6425,-10.191,-4.3089,-3.3649,-43.234,-54.412,-48.709,-9.1874,-13.164
0.14649,-18.751,11.824,0.2722,-13.304,-6.3739,-0.8325,-49.953,-63.946,-57.714,-18.325,-16.675
-4.6339,-21.95,12.186,4.3177,-16.309,-7.9818,1.2959,-55.18,-71.855,-65.203,-26.161,-19.443
-8.7096,-24.636,12.635,7.621,-19.047,-9.2945,3.0675,-59.276,-78.389,-71.39,-32.862,-21.705
-12.033,-26.935,12.922,10.292,-21.289,-10.444,4.523,-62.55,-83.826,-76.489,-38.562,-23.613
-14.587,-28.918,12.816,12.432,-22.8,-11.504,5.6944,-65.251,-88.431,-80.713,-43.399,-25.254
-16.403,-30.617,12.207,14.134,-23.443,-12.492,6.6052,-67.567,-92.424,-84.272,-47.538,-26.679
-17.58,-32.049,11.146,15.487,-23.256,-13.406,7.2794,-69.624,-95.966,-87.353,-51.165,-27.928
-18.275,-33.234,9.791,16.575,-22.44,-14.259,7.7514,-71.491,-99.151,-90.098,-54.46,-29.044
-18.674,-34.195,8.3271,17.466,-21.292,-15.084,8.0686,-73.189,-102.02,-92.587,-57.547,-30.071
-18.945,-34.96,6.8882,18.209,-20.096,-15.916,8.2877,-74.705,-104.56,-94.849,-60.465,-31.04
-19.191,-35.559,5.5219,18.824,-19.04,-16.778,8.4647,-76.013,-106.78,-96.889,-63.18,-31.953
-19.422,-36.024,4.19,19.311,-18.168,-17.672,8.6448,-77.102,-108.67,-98.714,-65.625,-32.79
-19.567,-36.387,2.8067,19.656,-17.401,-18.59,8.8554,-77.994,-110.29,-100.35,-67.753,-33.519
-19.522,-36.682,1.2995,19.845,-16.597,-19.505,9.1014,-78.743,-111.71,-101.86,-69.569,-34.119
-19.206,-36.937,-0.33533,19.883,-15.635,-20.369,9.3655,-79.424,-113.01,-103.3,-71.143,-34.585
-18.612,-37.17,-2.0124,19.794,-14.469,-21.122,9.6202,-80.099,-114.28,-104.73,-72.586,-34.925
-17.823,-37.394,-3.5822,19.633,-13.164,-21.711,9.846,-80.798,-115.52,-106.16,-74.011,-35.147
-17.006,-37.621,-4.8838,19.475,-11.877,-22.115,10.045,-81.507,-116.71,-107.58,-75.472,-35.249
-16.368,-37.864,-5.7977,19.405,-10.824,-22.352,10.24,-82.169,-117.77,-108.9,-76.926,-35.22
-16.081,-38.133,-6.2769,19.485,-10.196,-22.46,10.46,-82.706,-118.59,-110.02,-78.244,-35.054
-16.213,-38.43,-6.3514,19.731,-10.062,-22.487,10.717,-83.044,-119.11,-110.84,-79.262,-34.762
-16.693,-38.74,-6.1113,20.1,-10.325,-22.468,10.997,-83.15,-119.3,-111.33,-79.848,-34.378
-17.35,-39.032,-5.6709,20.506,-10.799,-22.419,11.268,-83.045,-119.2,-111.51,-79.955,-33.946
-17.997,-39.265,-5.1229,20.855,-11.357,-22.335,11.494,-82.795,-118.9,-111.46,-79.631,-33.499
-18.527,-39.405,-4.5032,21.084,-12.021,-22.206,11.652,-82.489,-118.53,-111.29,-78.997,-33.044
-18.953,-39.444,-3.7977,21.19,-12.916,-22.017,11.743,-82.203,-118.16,-111.13,-78.197,-32.571
-19.387,-39.405,-2.9798,21.222,-14.161,-21.762,11.798,-81.993,-117.87,-111.04,-77.361,-32.068
-19.964,-39.337,-2.0475,21.255,-15.78,-21.449,11.873,-81.886,-117.69,-111.08,-76.578,-31.537
-20.763,-39.299,-1.0378,21.356,-17.691,-21.095,12.02,-81.886,-117.61,-111.25,-75.889,-30.993
-21.778,-39.334,-0.02529,21.562,-19.741,-20.735,12.264,-81.97,-117.63,-111.51,-75.3,-30.464
-22.928,-39.456,0.89107,21.873,-21.739,-20.417,12.595,-82.095,-117.7,-111.78,-74.786,-29.976
-24.087,-39.643,1.6089,22.257,-23.476,-20.198,12.965,-82.207,-117.76,-111.96,-74.318,-29.55
-25.115,-39.854,2.0367,22.664,-24.739,-20.134,13.305,-82.265,-117.76,-111.98,-73.88,-29.197
-25.88,-40.046,2.0984,23.04,-25.34,-20.26,13.542,-82.264,-117.67,-111.81,-73.475,-28.913
-26.288,-40.194,1.7406,23.347,-25.165,-20.582,13.616,-82.231,-117.52,-111.51,-73.11,-28.681
-26.319,-40.305,0.95407,23.579,-24.222,-21.079,13.496,-82.209,-117.33,-111.14,-72.785,-28.461
-26.046,-40.405,-0.19646,23.762,-22.666,-21.708,13.189,-82.225,-117.15,-110.79,-72.48,-28.205
-25.612,-40.529,-1.5625,23.94,-20.774,-22.411,12.735,-82.276,-116.98,-110.49,-72.176,-27.868
-25.174,-40.694,-2.9472,24.146,-18.873,-23.105,12.196,-82.332,-116.84,-110.24,-71.877,-27.441
-24.84,-40.9,-4.1728,24.379,-17.241,-23.702,11.639,-82.355,-116.69,-110,-71.62,-26.958
-24.624,-41.121,-5.1414,24.599,-16.031,-24.132,11.123,-82.312,-116.54,-109.74,-71.467,-26.492
-24.441,-41.322,-5.8542,24.741,-15.24,-24.385,10.702,-82.202,-116.39,-109.46,-71.478,-26.123
-24.162,-41.469,-6.388,24.742,-14.732,-24.515,10.413,-82.056,-116.26,-109.17,-71.678,-25.907
-23.693,-41.545,-6.8429,24.579,-14.329,-24.59,10.273,-81.935,-116.21,-108.93,-72.056,-25.861
-23.037,-41.553,-7.2836,24.283,-13.937,-24.65,10.269,-81.91,-116.31,-108.8,-72.562,-25.964
-22.293,-41.514,-7.7012,23.921,-13.587,-24.695,10.354,-82.038,-116.6,-108.81,-73.133,-26.181
-21.609,-41.452,-8.0089,23.567,-13.385,-24.7,10.459,-82.325,-117.07,-108.97,-73.71,-26.481
-21.123,-41.37,-8.0739,23.272,-13.44,-24.619,10.529,-82.706,-117.65,-109.19,-74.235,-26.849
-20.924,-41.248,-7.7625,23.054,-13.837,-24.402,10.555,-83.041,-118.16,-109.35,-74.652,-27.27
-21.033,-41.043,-6.9762,22.898,-14.629,-24.017,10.576,-83.127,-118.35,-109.26,-74.901,-27.709
-21.388,-40.702,-5.6727,22.764,-15.789,-23.458,10.63,-82.737,-117.94,-108.71,-74.908,-28.103
-21.845,-40.173,-3.8802,22.59,-17.157,-22.733,10.701,-81.642,-116.61,-107.42,-74.555,-28.355
-22.191,-39.401,-1.7168,22.302,-18.461,-21.828,10.725,-79.607,-114.03,-105.03,-73.632,-28.335
-22.189,-38.315,0.59209,21.811,-19.42,-20.691,10.668,-76.287,-109.69,-100.93,-71.73,-27.853
-21.633,-36.801,2.7311,20.997,-19.828,-19.265,10.615,-70.966,-102.69,-93.891,-68.023,-26.582
-20.349,-34.672,4.3729,19.664,-19.603,-17.526,10.792,-62.211,-91.419,-81.629,-60.805,-23.836
-18.052,-31.658,5.2622,17.429,-18.757,-15.534,11.465,-48.91,-74.006,-61.606,-47.068,-18.149
-13.868,-27.397,5.2186,13.531,-17.286,-13.451,12.813,-39.314,-53.334,-40.45,-27.117,-8.1345
-6.5711,-21.444,4.1468,6.7744,-15.732,-11.517,14.905,-49.578,-47.172,-43.169,-21.314,-0.55202
-3.8822,-13.289,2.6264,-3.2302,-22.139,-9.9187,17.74,-53.573,-57.953,-56.252,-36.28,-5.2591
-11.275,-2.4245,7.4235,-12.848,-30.993,-8.5956,21.284,-29.523,-44.601,-38.357,-34.223,-7.6175
-12.512,11.497,27.846,-17.838,-37.715,-7.1746,25.48,12.577,3.5197,10.295,-8.4341,2.643
-6.542,28.44,42.359,-23.046,-41.046,-5.2643,30.287,66.828,72.952,83.5,38.495,24.13
7.6961,47.836,48.703,-36.621,-37.53,-2.9622,36.49,130.14,157.32,179.85,109.79,58.401
32.57,68.687,44.859,-60.087,-24.062,-1.0318,49.412,204.03,260,301.04,209.11,108.49
69.988,89.832,28.663,-91.371,1.7326,-0.4877,66.242,294.18,388.54,452.13,339.18,176.1
121.39,110.18,-1.4846,-128.61,41.828,-1.8804,64.402,406.42,544.81,635.65,500.79,260.78
187.52,128.96,-46.462,-170.42,98.054,-4.9381,59.451,545.7,725.02,844.66,688.48,359.93
267.08,146,-105.68,-216.3,169.29,-8.9286,55.53,712.19,923.16,1064.8,888.27,469.28
356.08,161.88,-176.13,-266.9,249.41,-13.22,51.669,897.12,1124.3,1279.4,1084,583.76
451.04,177.41,-252.56,-322.75,335.24,-17.429,43.565,1079.4,1303.2,1469,1261.8,697.45
548.08,193.11,-328.81,-382.15,422.24,-21.335,24.995,1224.8,1428.1,1609.9,1408,803.49
640.94,209.28,-397.35,-441.16,503.51,-24.956,-10.219,1295.4,1465.8,1676.9,1508,894.94
722.38,227.46,-450.62,-495.61,571.44,-28.699,-65.495,1264.2,1392.7,1650.3,1548.9,965.45
785.31,252.54,-482.62,-541.65,619.44,-33.485,-138.62,1124.4,1203.2,1522,1521.7,1009.6
823.72,288.82,-489.7,-575.28,642.82,-40.754,-221.25,889.36,910.69,1297.3,1424.1,1023.6
832.99,325.53,-471.45,-592.04,639.19,-46.429,-301.46,583.85,541.04,991.27,1260.2,1005
809.97,345.66,-431.66,-587.25,608.53,-33.356,-367.55,234.24,123.19,623.43,1038.9,953.26
753.56,342.51,-377.79,-556.95,553.39,-12.711,-411.19,-137.28,-316.62,214.13,772.36,869.24
665.89,314.61,-318.79,-499.56,479.19,-0.33791,-428.21,-512.58,-755.26,-215.02,475.71,756.02
553.48,261.98,-263,-417.31,393.76,-1.0281,-418.19,-872.94,-1169.5,-638.69,167.51,619.39
427.08,186.71,-217.78,-316.51,306.51,-17.124,-383.57,-1194.9,-1533.7,-1027.4,-130.81,467.82
299.67,93.449,-189.51,-206.14,227.23,-49.849,-328.73,-1451.1,-1822.2,-1351.3,-397.68,311.57
183.32,-10.786,-181.7,-95.769,164.19,-98.315,-259.41,-1617.2,-2014.9,-1587.3,-615.64,161.14
86.399,-117.28,-193.3,6.3158,121.87,-158.27,-182.51,-1679.8,-2103.5,-1724.5,-774.74,25.647
12.25,-216.55,-219.05,93.97,99.592,-221.64,-105.91,-1642.9,-2094.6,-1766.5,-873.44,-88.089
-40.53,-299.82,-249.33,163.49,90.981,-278.12,-37.645,-1526.5,-2006.7,-1728.6,-917.37,-176.12
-76.713,-360.73,-270.9,213.57,86.936,-318.71,15.912,-1359.9,-1864.4,-1632.6,-916.86,-237.67
-102.02,-396.49,-274.6,244.97,80.175,-338.99,51.523,-1173.3,-1691.4,-1500.2,-884.11,-275.21
-120.79,-408.23,-262.23,260.24,67.814,-339.71,69.372,-991.25,-1506.8,-1350,-830.58,-293.69
-135.07,-400.7,-242.03,263.18,51.001,-325.24,71.739,-829.23,-1324,-1194.8,-764.04,-299.03
-144.54,-379.85,-220.93,257.96,33.003,-301.8,62.6,-693.88,-1154,-1043.7,-684.99,-295.42
-134.7,-347.93,-202.12,245.31,23.635,-275.85,47.696,-585.81,-1007.5,-910.5,-601.27,-278.53
-96.952,-313.62,-186.76,219.29,22.402,-253.23,32.739,-500.26,-885.99,-804.9,-537.19,-240.76
-83.477,-293.61,-175.63,197.11,19.059,-238.74,21.253,-429.22,-782.51,-720.88,-494.53,-210.42
-82.476,-285.38,-169.3,187.79,15.492,-232.3,20.802,-367.71,-691.77,-648.95,-462.89,-197.72
-83.123,-281.32,-167.59,183.62,13.032,-229.68,22.848,-314.54,-613.98,-585.22,-435.17,-191.59
-83.153,-278.03,-168.81,180.76,11.583,-227.65,24.962,-269.02,-550.55,-530.61,-407.95,-186.73
-82.368,-274.46,-169.92,178.07,10.43,-224.87,26.097,-230.4,-499.89,-485.85,-380.12,-181.55
-81.008,-270.44,-168.72,175.27,8.9425,-220.94,25.677,-199.15,-458.05,-448.28,-352.24,-175.65
-79.37,-266.2,-165.59,172.29,7.0589,-216.23,24,-176.55,-420.68,-413.46,-325.75,-169.02
-77.653,-262.07,-162.08,169.21,5.1419,-211.68,21.689,-162.24,-384.52,-378.8,-301.93,-161.8
-75.916,-258.29,-159.11,166.1,3.524,-208.06,19.211,-152.1,-348.76,-345,-281.24,-154.15
-74.112,-254.95,-156.78,163.02,2.3589,-205.49,16.807,-142.34,-314.61,-313.83,-263.44,-146.23
-72.17,-251.99,-154.98,159.98,1.7281,-203.69,14.605,-133.17,-283.95,-286.36,-248.06,-138.19
-70.056,-249.29,-153.63,156.96,1.7052,-202.34,12.708,-125.57,-258.18,-262.94,-234.68,-130.15
-67.769,-246.7,-152.72,153.88,2.3189,-201.18,11.17,-119.72,-237.63,-243.45,-222.99,-122.22
-65.322,-244.06,-152.2,150.66,3.5079,-200.08,9.9609,-115.43,-221.71,-227.45,-212.75,-114.5
-62.74,-241.17,-151.97,147.18,5.1161,-198.9,9.0377,-112.42,-209.45,-214.33,-203.8,-107.03
-60.097,-237.81,-151.87,143.35,6.9061,-197.56,8.4385,-110.42,-199.84,-203.48,-196.01,-99.879
-57.512,-233.77,-151.72,139.09,8.587,-195.92,8.1705,-109.11,-192.03,-194.3,-189.17,-93.157
-55.09,-228.82,-151.33,134.34,9.8769,-193.84,8.0738,-108.15,-185.33,-186.25,-182.96,-87.009
-52.832,-222.7,-150.52,129,10.597,-191.12,7.9522,-107.24,-179.29,-178.93,-177,-81.554
-50.632,-215.11,-149.11,122.91,10.748,-187.49,7.8022,-106.12,-173.68,-172.12,-170.97,-76.835
-48.357,-205.75,-146.9,115.88,10.516,-182.66,7.9306,-104.67,-168.44,-165.81,-164.75,-72.804
-45.938,-194.37,-143.58,107.84,10.18,-176.38,9.0131,-102.92,-163.65,-160.09,-158.44,-69.356
-43.424,-181.01,-138.79,98.964,9.9371,-168.56,11.876,-100.98,-159.38,-155.07,-152.27,-66.38
-40.957,-166.01,-132.24,89.69,9.7096,-159.26,16.917,-98.984,-155.61,-150.77,-146.54,-63.79
-38.719,-150.14,-123.74,80.631,9.1001,-148.59,24.044,-97.042,-152.25,-147.1,-141.45,-61.518
-36.883,-134.3,-113.06,72.351,7.5857,-136.59,33.219,-95.175,-149.12,-143.86,-137.05,-59.48
-35.561,-119.24,-100.07,65.143,4.7894,-123.28,44.656,-93.339,-146.03,-140.79,-133.24,-57.569
-34.784,-105.41,-84.829,59,0.64675,-108.75,58.406,-91.469,-142.85,-137.69,-129.82,-55.674
-34.49,-92.99,-67.806,53.739,-4.5826,-93.228,73.735,-89.524,-139.52,-134.48,-126.57,-53.732
-34.554,-82.08,-50.008,49.159,-10.434,-77.273,89.011,-87.519,-136.07,-131.23,-123.35,-51.743
-34.832,-72.73,-32.864,45.12,-16.402,-61.79,102.3,-85.512,-132.57,-128.1,-120.1,-49.756
-35.202,-64.938,-17.818,41.561,-22.036,-47.923,111.85,-83.573,-129.09,-125.24,-116.87,-47.823
-35.58,-58.622,-5.9006,38.462,-26.954,-36.696,116.27,-81.763,-125.68,-122.73,-113.79,-45.969
-35.922,-53.627,2.4581,35.812,-30.844,-28.634,114.79,-80.114,-122.31,-120.55,-110.99,-44.196
-36.213,-49.757,7.5311,33.592,-33.512,-23.562,107.55,-78.621,-118.96,-118.61,-108.58,-42.506
-36.452,-46.799,10.331,31.772,-34.968,-20.74,95.596,-77.239,-115.55,-116.75,-106.58,-40.921
-36.64,-44.548,12.162,30.312,-35.453,-19.271,80.837,-75.891,-111.99,-114.84,-104.88,-39.48
-36.764,-42.825,13.825,29.152,-35.365,-18.469,65.753,-74.487,-108.2,-112.77,-103.3,-38.214
-36.787,-41.49,15.407,28.219,-35.079,-17.956,52.542,-72.954,-104.09,-110.46,-101.66,-37.126
-36.639,-40.44,16.705,27.434,-34.811,-17.563,42.184,-71.251,-99.62,-107.93,-99.845,-36.177
-36.236,-39.603,17.549,26.727,-34.594,-17.23,34.413,-69.36,-94.775,-105.18,-97.84,-35.3
-35.505,-38.929,17.884,26.043,-34.336,-16.947,28.368,-67.268,-89.555,-102.23,-95.724,-34.426
-34.41,-38.375,17.734,25.343,-33.897,-16.729,23.196,-64.933,-83.96,-99.034,-93.585,-33.504
-32.975,-37.902,17.177,24.61,-33.152,-16.596,18.44,-62.269,-77.975,-95.486,-91.46,-32.509
-31.284,-37.466,16.341,23.84,-32.043,-16.547,14.223,-59.137,-71.528,-91.42,-89.262,-31.433
-29.458,-37.016,15.388,23.05,-30.594,-16.547,10.881,-55.35,-64.485,-86.63,-86.808,-30.263
-27.624,-36.505,14.492,22.256,-28.902,-16.516,8.4476,-50.67,-56.64,-80.89,-83.879,-28.975
-25.881,-35.887,13.807,21.465,-27.094,-16.351,6.6667,-44.792,-47.715,-73.928,-80.286,-27.516
-24.277,-35.122,13.44,20.672,-25.298,-15.951,5.2899,-37.337,-37.383,-65.433,-75.906,-25.802
-22.796,-34.175,13.447,19.844,-23.615,-15.229,4.1757,-27.845,-25.282,-55.025,-70.683,-23.719
-21.361,-32.996,13.831,18.914,-22.111,-14.114,3.2343,-15.886,-11.125,-42.286,-64.567,-21.127
-19.852,-31.504,14.552,17.783,-20.828,-12.55,2.3613,-1.223,5.2405,-26.848,-57.454,-17.863
-18.157,-29.581,15.541,16.324,-19.805,-10.502,1.4096,15.98,23.774,-8.5333,-49.149,-13.733
-16.2,-27.079,16.727,14.387,-19.089,-7.9646,0.19224,35.111,44.238,12.532,-39.369,-8.4896
-13.923,-23.828,18.053,11.786,-18.717,-4.9534,-1.4998,55.351,66.267,35.916,-27.768,-1.8189
-11.213,-19.654,19.494,8.296,-18.669,-1.4753,-3.8584,76.022,89.498,61.013,-13.988,6.6542
-7.8502,-14.387,21.058,3.6754,-18.837,2.5111,-6.9776,96.79,113.66,87.246,2.2618,17.319
-3.5484,-7.8878,22.763,-2.2613,-19.03,7.121,-10.737,117.67,138.62,114.22,21.111,30.485
1.9267,-0.074504,24.6,-9.5684,-19.01,12.532,-14.769,138.86,164.29,141.7,42.445,46.222
8.6416,9.0667,26.503,-18.168,-18.546,18.923,-18.656,160.54,190.49,169.45,65.893,64.2
16.46,19.493,28.355,-27.905,-17.467,26.386,-22.192,182.61,216.84,197.05,90.904,83.681
25.148,31.128,30.037,-38.593,-15.708,34.86,-25.447,204.72,242.8,223.9,116.84,103.77
34.543,43.867,31.464,-50.038,-13.311,44.131,-28.642,226.37,267.82,249.35,143.06,123.73
44.595,57.571,32.605,-62.059,-10.404,53.873,-31.998,247.17,291.51,272.98,168.94,143.08
55.262,72.028,33.495,-74.494,-7.1717,63.698,-35.644,266.93,313.74,294.67,193.92,161.55
66.381,86.913,34.224,-87.181,-3.8159,73.187,-39.587,285.66,334.52,314.51,217.55,178.98
77.637,101.81,34.914,-99.945,-0.53122,81.972,-43.752,303.42,353.88,332.75,239.61,195.35
88.687,116.29,35.682,-112.63,2.5265,89.83,-48.043,320.19,371.78,349.55,260.03,210.74
99.348,130.09,36.596,-125.14,5.2859,96.731,-52.397,335.74,388.07,364.98,278.89,225.24
109.7,143.07,37.648,-137.46,7.7995,102.78,-56.813,349.69,402.54,378.97,296.3,238.9
120.02,155.18,38.768,-149.58,10.237,108.13,-61.336,361.68,415.01,391.45,312.31,251.72
130.59,166.33,39.849,-161.35,12.817,112.89,-66.042,371.62,425.51,402.39,326.9,263.63
141.33,176.36,40.79,-172.46,15.701,117.14,-70.974,379.7,434.21,411.88,340.05,274.58
151.74,185.11,41.515,-182.46,18.921,120.91,-76.068,386.3,441.42,420.17,351.75,284.48
161.09,192.55,41.988,-191.03,22.42,124.28,-81.108,391.86,447.48,427.54,362.03,293.27
168.91,198.78,42.214,-198.06,26.16,127.28,-85.795,396.76,452.7,434.29,371.01,300.89
175.18,203.98,42.23,-203.73,30.123,129.94,-89.914,401.21,457.26,440.6,378.83,307.36
180.26,208.36,42.079,-208.34,34.209,132.24,-93.44,405.25,461.24,446.53,385.65,312.73
184.64,212.09,41.802,-212.26,38.208,134.17,-96.517,408.78,464.63,451.99,391.58,317.11
188.83,215.34,41.432,-215.79,41.943,135.69,-99.369,411.67,467.35,456.84,396.73,320.59
193.15,218.18,40.991,-219.13,45.37,136.85,-102.19,413.85,469.38,460.98,401.17,323.27
197.74,220.67,40.486,-222.32,48.557,137.68,-105.09,415.37,470.75,464.34,404.89,325.24
202.44,222.77,39.9,-225.27,51.602,138.26,-108.06,416.29,471.51,466.97,407.9,326.6
206.87,224.44,39.206,-227.79,54.541,138.63,-110.95,416.73,471.71,468.93,410.15,327.46
210.56,225.63,38.4,-229.68,57.309,138.83,-113.54,416.74,471.37,470.29,411.64,327.91
213.14,226.29,37.534,-230.84,59.751,138.88,-115.61,416.31,470.48,471.07,412.35,328
214.51,226.46,36.714,-231.28,61.622,138.78,-117.05,415.33,468.94,471.22,412.28,327.77
214.68,226.17,36.066,-231.07,62.611,138.53,-117.83,413.59,466.62,470.62,411.41,327.22
213.69,225.43,35.683,-230.26,62.424,138.09,-118.01,410.78,463.3,469.08,409.67,326.31
211.54,224.22,35.592,-228.87,60.898,137.44,-117.64,406.59,458.79,466.38,406.96,324.98
208.29,222.5,35.747,-226.86,58.075,136.53,-116.78,400.74,452.87,462.35,403.16,323.14
204.03,220.18,36.038,-224.18,54.19,135.29,-115.43,393.06,445.37,456.85,398.12,320.63
198.94,217.21,36.318,-220.77,49.6,133.69,-113.59,383.33,436.06,449.78,391.76,317.2
193.23,213.52,36.439,-216.62,44.726,131.71,-111.23,371.29,424.64,441.02,384.06,312.48
187.14,209.11,36.295,-211.74,40.019,129.35,-108.39,356.64,410.74,430.34,375.01,306.04
180.79,203.92,35.849,-206.11,35.926,126.59,-105.12,339.21,394.05,417.47,364.59,297.48
174.16,197.86,35.145,-199.65,32.758,123.37,-101.44,319.21,374.38,402.12,352.72,286.62
167.02,190.79,34.267,-192.23,30.506,119.6,-97.32,297.34,351.92,384.14,339.26,273.59
159.04,182.51,33.307,-183.66,28.751,115.16,-92.649,274.58,327.18,363.69,324.18,258.71
149.88,172.86,32.329,-173.8,26.862,109.98,-87.319,251.79,300.84,341.18,307.55,242.45
139.43,161.75,31.361,-162.64,24.405,104.03,-81.315,229.38,273.47,317.12,289.59,225.33
127.97,149.27,30.398,-150.43,21.41,97.372,-74.808,207.29,245.28,291.82,270.55,207.81
116.17,135.65,29.405,-137.66,18.205,90.063,-68.134,185.2,216.22,265.28,250.58,190.24
104.77,121.25,28.323,-124.9,15.07,82.146,-61.63,162.77,186.22,237.28,229.65,172.78
94.169,106.4,27.078,-112.51,12.094,73.625,-55.475,139.85,155.45,207.62,207.55,155.42
84.319,91.287,25.591,-100.55,9.2483,64.521,-49.67,116.57,124.54,176.51,184.1,137.97
74.927,76.055,23.808,-88.863,6.5128,54.953,-44.114,93.318,94.438,144.68,159.41,120.16
65.663,60.879,21.74,-77.196,3.9363,45.197,-38.678,70.631,66.128,113.35,133.99,101.69
56.299,46.122,19.483,-65.419,1.6008,35.68,-33.258,49.057,40.357,83.834,108.83,82.406
46.782,32.316,17.212,-53.629,-0.45289,26.881,-27.81,29.068,17.499,57.129,85.109,62.663
37.291,19.993,15.111,-42.181,-2.2549,19.155,-22.381,11.005,-2.4064,33.682,63.818,43.537
28.212,9.449,13.288,-31.557,-3.8564,12.594,-17.111,-4.9097,-19.528,13.447,45.427,26.545
19.997,0.67149,11.73,-22.146,-5.2417,7.0486,-12.2,-18.554,-34.126,-3.8989,29.831,12.804
12.991,-6.5685,10.322,-14.115,-6.2988,2.2598,-7.8446,-29.917,-46.48,-18.733,16.548,2.4847
7.3288,-12.557,8.9069,-7.4312,-6.9025,-1.9891,-4.1723,-39.129,-56.86,-31.362,5.0117,-4.9669
2.9226,-17.528,7.3635,-1.9624,-7.0366,-5.8002,-1.2001,-46.448,-65.529,-42.008,-5.1992,-10.315
-0.46275,-21.641,5.6721,2.4541,-6.8478,-9.1635,1.1446,-52.2,-72.731,-50.863,-14.283,-14.229
-3.1208,-25.004,3.9378,5.9819,-6.604,-12.01,2.9745,-56.708,-78.702,-58.139,-22.271,-17.198
-5.3328,-27.709,2.3579,8.7815,-6.6044,-14.275,4.4057,-60.263,-83.669,-64.101,-29.158,-19.558
-7.3219,-29.854,1.1425,11.006,-7.0882,-15.949,5.5407,-63.121,-87.86,-69.056,-35.001,-21.523
-9.2211,-31.543,0.42464,12.787,-8.164,-17.087,6.4637,-65.507,-91.497,-73.321,-39.952,-23.226
-11.059,-32.877,0.20283,14.229,-9.7702,-17.804,7.2368,-67.603,-94.77,-77.17,-44.23,-24.741
-12.774,-33.949,0.34488,15.401,-11.685,-18.239,7.8977,-69.537,-97.811,-80.786,-48.059,-26.102
-14.262,-34.833,0.65373,16.352,-13.598,-18.516,8.4616,-71.368,-100.68,-84.237,-51.605,-27.324
-15.448,-35.583,0.95717,17.123,-15.221,-18.718,8.9325,-73.092,-103.35,-87.501,-54.939,-28.412
-16.336,-36.232,1.1738,17.766,-16.378,-18.883,9.3241,-74.655,-105.76,-90.495,-58.032,-29.37
-17.027,-36.794,1.3205,18.337,-17.045,-19.018,9.6693,-75.984,-107.84,-93.118,-60.806,-30.205
-17.68,-37.275,1.4705,18.899,-17.349,-19.122,10.007,-77.014,-109.52,-95.283,-63.188,-30.928
-18.437,-37.675,1.7042,19.49,-17.504,-19.194,10.357,-77.724,-110.8,-96.952,-65.15,-31.544
-19.364,-37.993,2.078,20.114,-17.722,-19.238,10.707,-78.153,-111.74,-98.159,-66.73,-32.043
-20.428,-38.228,2.5984,20.735,-18.126,-19.259,11.025,-78.397,-112.47,-99.01,-68.023,-32.404
-21.514,-38.382,3.1992,21.289,-18.712,-19.269,11.288,-78.576,-113.13,-99.66,-69.157,-32.606
-22.468,-38.47,3.7524,21.714,-19.383,-19.281,11.492,-78.792,-113.84,-100.27,-70.247,-32.644
-23.167,-38.518,4.1252,21.985,-20.006,-19.312,11.655,-79.104,-114.65,-100.95,-71.348,-32.539
-23.567,-38.56,4.2433,22.118,-20.488,-19.37,11.81,-79.511,-115.55,-101.76,-72.419,-32.331
-23.71,-38.625,4.1203,22.161,-20.803,-19.449,11.982,-79.965,-116.48,-102.65,-73.356,-32.075
-23.703,-38.722,3.8426,22.171,-20.988,-19.531,12.182,-80.396,-117.35,-103.54,-74.054,-31.826
-23.672,-38.849,3.525,22.202,-21.105,-19.594,12.397,-80.743,-118.08,-104.32,-74.476,-31.618
-23.726,-39.001,3.2595,22.289,-21.215,-19.634,12.596,-80.974,-118.63,-104.93,-74.666,-31.455
-23.917,-39.17,3.0824,22.446,-21.359,-19.662,12.74,-81.101,-119.02,-105.36,-74.713,-31.3
-24.228,-39.351,2.9666,22.663,-21.527,-19.706,12.801,-81.169,-119.29,-105.65,-74.693,-31.096
-24.585,-39.534,2.8375,22.909,-21.655,-19.798,12.766,-81.232,-119.5,-105.87,-74.638,-30.794
-24.882,-39.708,2.6064,23.147,-21.641,-19.961,12.645,-81.331,-119.72,-106.06,-74.541,-30.39
-25.03,-39.856,2.2107,23.336,-21.396,-20.2,12.471,-81.485,-119.96,-106.26,-74.387,-29.935
-24.976,-39.956,1.6434,23.447,-20.894,-20.498,12.285,-81.682,-120.23,-106.46,-74.168,-29.511
-24.733,-39.996,0.95859,23.471,-20.185,-20.822,12.13,-81.889,-120.51,-106.65,-73.884,-29.189
-24.365,-39.974,0.24613,23.419,-19.379,-21.134,12.037,-82.056,-120.75,-106.82,-73.534,-28.997
-23.96,-39.91,-0.41212,23.322,-18.605,-21.404,12.026,-82.141,-120.93,-106.98,-73.114,-28.911
-23.59,-39.839,-0.97893,23.214,-17.956,-21.615,12.102,-82.129,-121.03,-107.14,-72.616,-28.875
-23.285,-39.796,-1.4656,23.122,-17.463,-21.769,12.253,-82.04,-121.06,-107.33,-72.034,-28.825
-23.035,-39.805,-1.9054,23.059,-17.1,-21.875,12.448,-81.92,-121.05,-107.56,-71.368,-28.717
-22.802,-39.868,-2.323,23.018,-16.807,-21.936,12.641,-81.821,-121.05,-107.85,-70.641,-28.531
-22.539,-39.966,-2.7215,22.978,-16.508,-21.95,12.788,-81.781,-121.09,-108.16,-69.921,-28.281
-22.199,-40.066,-3.0876,22.913,-16.141,-21.919,12.856,-81.814,-121.18,-108.47,-69.324,-28.012
-21.767,-40.134,-3.3983,22.802,-15.678,-21.849,12.842,-81.906,-121.3,-108.72,-68.997,-27.785
-21.274,-40.146,-3.6275,22.646,-15.141,-21.761,12.765,-82.015,-121.41,-108.89,-69.073,-27.658
-20.799,-40.102,-3.7548,22.474,-14.601,-21.679,12.661,-82.089,-121.44,-108.95,-69.603,-27.654
-20.441,-40.019,-3.7816,22.329,-14.146,-21.624,12.557,-82.092,-121.39,-108.9,-70.519,-27.758
-20.262,-39.924,-3.7441,22.244,-13.843,-21.608,12.463,-82.028,-121.26,-108.78,-71.654,-27.931
-20.245,-39.838,-3.7129,22.217,-13.698,-21.637,12.373,-81.946,-121.12,-108.68,-72.803,-28.132
-20.295,-39.767,-3.7701,22.209,-13.66,-21.71,12.27,-81.92,-121.07,-108.7,-73.803,-28.334
-20.282,-39.698,-3.9694,22.163,-13.651,-21.811,12.132,-82.012,-121.2,-108.93,-74.579,-28.531
-20.105,-39.616,-4.296,22.036,-13.606,-21.904,11.938,-82.244,-121.52,-109.41,-75.142,-28.731
-19.748,-39.499,-4.6566,21.815,-13.497,-21.946,11.678,-82.566,-121.97,-110.06,-75.545,-28.944
-19.283,-39.335,-4.9215,21.524,-13.349,-21.907,11.376,-82.851,-122.39,-110.75,-75.82,-29.165
-18.826,-39.114,-4.9892,21.209,-13.234,-21.799,11.082,-82.919,-122.54,-111.23,-75.951,-29.358
-18.47,-38.826,-4.8212,20.907,-13.214,-21.657,10.84,-82.561,-122.13,-111.2,-75.844,-29.461
-18.22,-38.447,-4.4438,20.623,-13.249,-21.489,10.632,-81.567,-120.84,-110.31,-75.309,-29.392
-17.964,-37.922,-3.9381,20.306,-13.159,-21.242,10.386,-79.691,-118.3,-108.14,-74.006,-29.028
-17.509,-37.156,-3.4097,19.851,-12.723,-20.82,10.057,-76.518,-113.95,-104.03,-71.324,-28.159
-16.634,-36.012,-2.9564,19.098,-11.838,-20.116,9.7156,-71.171,-106.77,-96.705,-66.087,-26.358
-15.101,-34.315,-2.6635,17.819,-10.564,-19.058,9.564,-62.033,-95.065,-83.763,-55.956,-22.687
-12.495,-31.853,-2.6369,15.638,-8.9787,-17.654,9.8693,-49.398,-77.423,-63.478,-37.894,-15.3
-7.7434,-28.374,-3.0388,11.858,-6.8428,-16.053,10.886,-47.654,-60.229,-48.022,-19.583,-4.1309
1.0234,-23.571,-3.9981,5.2787,-3.9516,-14.518,12.839,-59.347,-62.021,-58.031,-27.281,-0.65792
7.1646,-17.06,-4.8902,-5.0444,-11.75,-13.257,15.922,-48.74,-65.436,-59.505,-38.408,-7.2302
-4.3865,-8.3656,2.2894,-16.346,-26.033,-12.149,20.27,-15.051,-36.177,-28.462,-24.164,-5.0164
-9.3715,3.0483,24.948,-22.246,-33.995,-10.642,25.899,33.129,21.197,28.83,11.618,9.4619
-3.9968,17.628,39.497,-24.836,-38.044,-8.1294,32.663,91.753,96.554,109.79,69.585,35.124
9.8855,35.415,45.251,-35.252,-34.464,-4.6482,41.887,159.96,189.16,215.4,153.8,74.586
34.389,55.751,39.861,-57.241,-20.428,-1.2911,59.664,242.21,305.96,350.08,268.1,130.75
71.098,77.347,21.961,-87.675,5.8516,0.24644,67.578,345.22,452.08,519.04,415.26,204.99
121.42,98.712,-9.5148,-124.02,46.133,-1.1251,63.672,475.33,623.51,719.57,593.47,296.56
187.05,118.66,-55.665,-165.24,102.59,-5.1543,59.265,635.97,815.78,939.3,791.55,402.38
268.44,136.73,-116.42,-211.78,175.5,-10.813,55.869,820.53,1020.7,1162.3,992.48,517.4
361.85,153.38,-189.08,-265.23,259.49,-17.212,51.449,1010.6,1217.4,1370.8,1181.6,635.42
461.98,169.48,-268.02,-326.04,349.86,-23.735,40.675,1175.6,1375.6,1543.1,1345.6,749.17
563.48,185.85,-346.2,-390.44,440.77,-29.857,16.437,1277.9,1460.8,1653,1469.6,851.09
658.55,203.69,-415.62,-452.29,524.11,-35.482,-27.173,1286,1443.6,1676.8,1538.8,934.13
739.13,226.68,-468.6,-507.05,592.11,-41.656,-91.385,1185.3,1309.5,1600.1,1541.7,992.02
798.51,261.12,-498.87,-551.23,638.4,-50.783,-170.85,982.33,1063.6,1422.2,1472.9,1019.7
831.39,302.71,-502.61,-581.03,658.35,-60.448,-254.79,699.03,727.1,1154.2,1334.6,1014.2
833.56,334.16,-480.1,-592.01,649.52,-51.022,-330.51,362.46,328.28,814.37,1134.6,974.15
801.85,344.54,-436.12,-579.36,612.2,-27.595,-387.23,-3.4564,-104.96,422.9,884.3,900.27
735.25,330.38,-378.07,-539.34,549.52,-8.7349,-418.52,-379.74,-548.14,0.31705,597.85,795.08
636.81,290.66,-314.65,-471.22,467.76,-1.5725,-422.51,-748.56,-978.32,-430.33,292.15,663.53
515.04,226.09,-255.81,-378.85,376.43,-10,-400.57,-1088.1,-1370.9,-841.36,-12.572,513.41
383.2,140.09,-211.87,-270.49,286.93,-35.899,-355.95,-1371.5,-1699.3,-1202.1,-294.55,354.97
255.99,38.879,-189.83,-156.62,209.86,-78.413,-293.53,-1572,-1939.5,-1484.7,-534.33,199.49
145.04,-69.167,-189.64,-47.348,151.7,-134.11,-219.88,-1671.2,-2076.6,-1671.3,-718.6,57.287
56.172,-174.3,-206.21,49.575,113.99,-197.05,-142.77,-1667.5,-2110.8,-1758.4,-842.22,-63.89
-10.144,-266.64,-233.06,129.35,94.116,-258.2,-69.882,-1577,-2056.9,-1756.9,-907.93,-159.51
-57.087,-338.18,-260.54,189.88,85.527,-306.55,-7.8726,-1428,-1938.7,-1686.9,-924.49,-228.35
-89.747,-384.63,-273.2,231.14,79.682,-334.01,38.361,-1251.1,-1780.7,-1571.1,-903.74,-272.27
-113.18,-405.98,-261.75,254.79,70.2,-339.56,66.53,-1071.8,-1603,-1429.6,-857.72,-295.55
-130.71,-405.83,-236.19,263.9,55.366,-327.96,77.214,-906.98,-1420,-1277.2,-796.4,-303.89
-143.54,-390.18,-210.88,262.54,36.995,-305.85,73.484,-764.56,-1242.4,-1123.1,-724.94,-302.88
-150.53,-363.03,-191.3,254.49,19.248,-279.38,60.473,-646.58,-1081.6,-977.63,-645.19,-295.26
-137.99,-326.93,-177.48,237.53,12.505,-254.18,44.425,-551.34,-946.36,-855.99,-573.6,-274.24
-111.19,-299.22,-168.91,211.87,11.079,-236.81,30.122,-473.49,-833.74,-761.01,-523.19,-242.06
-100.1,-286.93,-165.23,196.06,9.1969,-229.26,21.833,-406.68,-736.52,-683.34,-487.83,-221.8
-96.467,-281.69,-165.38,189.09,7.6676,-226.68,21.966,-348.04,-651.82,-615.53,-459.3,-212.07
-94.201,-278.23,-167.06,185.17,6.4048,-224.77,24.014,-297.3,-580.84,-556.07,-432.61,-206.28
-91.964,-274.81,-167.32,182.1,4.865,-221.89,26.145,-253.91,-523.68,-506.19,-405.32,-201.68
-89.705,-271.11,-164.96,179.23,2.8916,-217.82,27.123,-217.59,-477.47,-465.12,-376.95,-197.36
-87.543,-267.33,-161.25,176.4,0.83249,-213.3,26.539,-189.38,-437.93,-429.02,-348.87,-193.06
-85.477,-263.8,-157.68,173.62,-0.90337,-209.34,24.752,-170.2,-401.17,-394.39,-323.35,-188.75
-83.4,-260.75,-154.8,170.93,-2.0782,-206.49,22.385,-158.01,-365.37,-361.01,-301.89,-184.52
-81.197,-258.19,-152.62,168.36,-2.546,-204.63,19.916,-148.11,-331.15,-330.46,-284.49,-180.41
-78.813,-255.99,-151.17,165.87,-2.1985,-203.4,17.564,-138.52,-300.01,-303.61,-270.34,-176.4
-76.243,-253.93,-150.44,163.34,-1.0054,-202.48,15.384,-129.95,-273.17,-280.52,-258.54,-172.38
-73.496,-251.78,-150.41,160.66,0.93223,-201.65,13.389,-122.95,-251.07,-260.89,-248.42,-168.14
-70.617,-249.35,-150.89,157.68,3.373,-200.75,11.596,-117.53,-233.44,-244.31,-239.6,-163.48
-67.71,-246.49,-151.61,154.35,5.9713,-199.64,10.026,-113.49,-219.49,-230.31,-231.9,-158.25
-64.906,-243.06,-152.27,150.61,8.3541,-198.24,8.7314,-110.62,-208.36,-218.37,-225.21,-152.43
-62.293,-238.96,-152.61,146.48,10.229,-196.47,7.8072,-108.64,-199.24,-208,-219.32,-146.16
-59.852,-234.08,-152.46,141.94,11.477,-194.26,7.2385,-107.27,-191.48,-198.83,-213.85,-139.75
-57.467,-228.31,-151.76,136.92,12.176,-191.47,6.8174,-106.2,-184.65,-190.58,-208.26,-133.51
-54.989,-221.5,-150.42,131.34,12.543,-187.91,6.3673,-105.18,-178.51,-183.15,-202.07,-127.69
-52.324,-213.5,-148.25,125.07,12.819,-183.34,6.1006,-104,-172.98,-176.51,-195.08,-122.31
-49.493,-204.13,-144.88,118.03,13.1,-177.52,6.8414,-102.58,-168.07,-170.67,-187.5,-117.22
-46.653,-193.3,-139.92,110.27,13.19,-170.28,9.6601,-100.93,-163.77,-165.6,-179.85,-112.23
-44.024,-181.02,-132.96,102.01,12.639,-161.54,14.965,-99.138,-160.02,-161.18,-172.7,-107.21
-41.793,-167.48,-123.71,93.575,10.99,-151.31,22.452,-97.287,-156.66,-157.24,-166.4,-102.16
-40.038,-152.98,-112.02,85.27,8.0135,-139.63,31.9,-95.444,-153.52,-153.56,-160.99,-97.121
-38.723,-137.87,-97.954,77.262,3.8059,-126.57,43.5,-93.625,-150.38,-149.94,-156.2,-92.169
-37.747,-122.57,-81.841,69.629,-1.258,-112.27,57.489,-91.798,-147.09,-146.21,-151.54,-87.315
-37.012,-107.57,-64.373,62.464,-6.6702,-96.939,73.409,-89.911,-143.58,-142.29,-146.58,-82.498
-36.452,-93.473,-46.635,55.898,-11.951,-80.953,89.715,-87.923,-139.87,-138.22,-141.03,-77.63
-36.034,-80.906,-29.974,50.086,-16.737,-64.958,104.3,-85.834,-136.04,-134.09,-134.96,-72.668
-35.739,-70.359,-15.812,45.138,-20.787,-50.025,115.25,-83.684,-132.2,-130.06,-128.67,-67.674
-35.551,-62.032,-5.3801,41.079,-23.948,-37.666,121.05,-81.534,-128.43,-126.28,-122.57,-62.808
-35.454,-55.796,0.8494,37.846,-26.162,-29.122,120.77,-79.448,-124.75,-122.84,-116.99,-58.282
-35.419,-51.286,3.8273,35.316,-27.494,-24.291,114.4,-77.47,-121.16,-119.78,-112.09,-54.288
-35.408,-48.065,5.4211,33.337,-28.153,-21.914,102.89,-75.61,-117.59,-117.06,-107.84,-50.927
-35.389,-45.741,6.9246,31.766,-28.444,-20.746,88.004,-73.831,-113.96,-114.55,-104.12,-48.183
-35.356,-44.022,8.6158,30.494,-28.663,-20.08,72.177,-72.051,-110.17,-112.13,-100.8,-45.938
-35.322,-42.712,10.335,29.444,-29.016,-19.615,57.85,-70.168,-106.12,-109.67,-97.824,-44.016
-35.287,-41.69,11.908,28.562,-29.579,-19.234,46.416,-68.086,-101.75,-107.05,-95.15,-42.246
-35.216,-40.883,13.233,27.806,-30.293,-18.895,37.92,-65.738,-97.008,-104.23,-92.769,-40.509
-35.042,-40.246,14.256,27.146,-31.005,-18.583,31.618,-63.072,-91.896,-101.18,-90.639,-38.757
-34.688,-39.746,14.952,26.556,-31.531,-18.294,26.578,-60.018,-86.403,-97.859,-88.648,-37.005
-34.1,-39.349,15.338,26.015,-31.73,-18.017,22.055,-56.469,-80.513,-94.171,-86.621,-35.297
-33.276,-39.017,15.491,25.513,-31.549,-17.728,17.799,-52.265,-74.165,-89.97,-84.345,-33.677
-32.272,-38.698,15.544,25.038,-31.03,-17.391,14.067,-47.214,-67.242,-85.065,-81.586,-32.167
-31.185,-38.334,15.666,24.576,-30.294,-16.955,11.083,-41.081,-59.552,-79.235,-78.145,-30.751
-30.108,-37.861,16.002,24.101,-29.49,-16.367,8.7326,-33.563,-50.819,-72.235,-73.892,-29.366
-29.08,-37.214,16.627,23.567,-28.747,-15.571,6.7743,-24.264,-40.693,-63.765,-68.78,-27.917
-28.058,-36.33,17.532,22.901,-28.125,-14.513,5.0404,-12.706,-28.798,-53.484,-62.809,-26.285
-26.932,-35.148,18.642,22.025,-27.599,-13.14,3.4488,1.5027,-14.784,-41.026,-55.968,-24.34
-25.577,-33.614,19.868,20.869,-27.084,-11.395,1.9408,18.47,1.5328,-26.056,-48.145,-21.925
-23.905,-31.671,21.136,19.387,-26.489,-9.2182,0.44038,37.827,20.117,-8.3624,-39.061,-18.832
-21.874,-29.244,22.407,17.53,-25.755,-6.5467,-1.1508,58.769,40.709,12.039,-28.27,-14.765
-19.463,-26.206,23.666,15.205,-24.872,-3.3163,-2.9415,80.391,62.894,34.856,-15.252,-9.3252
-16.623,-22.364,24.916,12.231,-23.863,0.53672,-5.0309,102.07,86.23,59.56,0.4194,-2.0497
-13.22,-17.458,26.164,8.3203,-22.766,5.0655,-7.486,123.56,110.38,85.528,18.867,7.4544
-8.9729,-11.217,27.416,3.0993,-21.61,10.3,-10.33,144.91,135.12,112.21,39.764,19.308
-3.4574,-3.4416,28.662,-3.7832,-20.386,16.23,-13.554,166.25,160.36,139.17,62.354,33.239
3.7445,5.8916,29.864,-12.488,-19.014,22.78,-17.137,187.67,185.97,166.13,85.691,48.662
12.824,16.597,30.949,-22.893,-17.342,29.81,-21.059,209.06,211.74,192.77,109,64.93
23.613,28.357,31.835,-34.676,-15.184,37.156,-25.294,230.15,237.29,218.71,131.94,81.562
35.558,40.863,32.481,-47.417,-12.405,44.719,-29.777,250.58,262.19,243.48,154.56,98.33
47.837,53.909,32.91,-60.63,-9.0076,52.506,-34.407,270.03,286.01,266.7,176.96,115.19
59.678,67.365,33.209,-73.8,-5.16,60.567,-39.082,288.36,308.48,288.15,199.01,132.17
70.665,81.089,33.466,-86.508,-1.1262,68.842,-43.739,305.57,329.48,307.88,220.31,149.18
80.794,94.862,33.727,-98.566,2.8599,77.08,-48.361,321.73,349,326.07,240.39,166.06
90.299,108.39,33.989,-110.02,6.6614,84.907,-52.967,336.83,367.01,342.92,258.97,182.55
99.453,121.4,34.25,-121.02,10.202,92.009,-57.588,350.69,383.4,358.53,276.08,198.4
108.46,133.66,34.547,-131.75,13.407,98.253,-62.255,363.02,398.01,372.84,291.92,213.39
117.47,145.08,34.958,-142.28,16.202,103.67,-66.989,373.51,410.67,385.74,306.71,227.37
126.59,155.6,35.555,-152.64,18.562,108.39,-71.803,382.07,421.33,397.1,320.55,240.25
135.89,165.21,36.369,-162.73,20.551,112.52,-76.7,388.85,430.13,406.92,333.32,251.94
145.23,173.91,37.365,-172.35,22.311,116.18,-81.657,394.19,437.32,415.32,344.84,262.32
154.15,181.66,38.458,-181.18,23.984,119.45,-86.599,398.47,443.24,422.5,354.92,271.32
162.02,188.44,39.538,-188.88,25.657,122.39,-91.398,402.03,448.2,428.75,363.56,278.97
168.39,194.23,40.508,-195.25,27.361,125.04,-95.907,405.15,452.45,434.34,370.9,285.41
173.26,199.08,41.305,-200.33,29.148,127.4,-100.02,407.96,456.16,439.47,377.2,290.91
177.03,203.11,41.911,-204.33,31.117,129.48,-103.69,410.52,459.38,444.22,382.77,295.73
180.26,206.5,42.321,-207.6,33.328,131.29,-106.95,412.76,462.08,448.57,387.84,300.14
183.46,209.44,42.519,-210.47,35.772,132.85,-109.82,414.64,464.24,452.43,392.55,304.3
186.9,212.09,42.463,-213.17,38.454,134.2,-112.33,416.12,465.83,455.74,396.92,308.25
190.65,214.54,42.109,-215.82,41.416,135.35,-114.5,417.2,466.85,458.42,400.83,311.95
194.61,216.79,41.436,-218.41,44.668,136.3,-116.35,417.87,467.31,460.46,404.13,315.29
198.63,218.74,40.483,-220.9,48.124,136.99,-117.89,418.12,467.16,461.82,406.69,318.11
202.53,220.29,39.34,-223.17,51.585,137.37,-119.18,417.88,466.36,462.48,408.46,320.29
206.1,221.35,38.134,-225.09,54.78,137.4,-120.23,417.04,464.8,462.4,409.46,321.73
209.02,221.85,37.001,-226.52,57.406,137.11,-121.05,415.41,462.34,461.5,409.7,322.43
210.92,221.77,36.037,-227.27,59.181,136.53,-121.59,412.75,458.81,459.7,409.16,322.37
211.42,221.09,35.26,-227.19,59.907,135.68,-121.78,408.8,454.02,456.88,407.72,321.51
210.34,219.73,34.603,-226.14,59.544,134.54,-121.57,403.33,447.78,452.89,405.22,319.69
207.66,217.61,33.951,-224.01,58.221,133.03,-120.9,396.1,439.91,447.62,401.5,316.61
203.56,214.6,33.202,-220.73,56.147,131.09,-119.73,386.94,430.25,440.96,396.49,311.98
198.27,210.58,32.327,-216.28,53.529,128.66,-117.99,375.61,418.64,432.78,390.15,305.65
192.11,205.51,31.377,-210.72,50.555,125.74,-115.64,361.87,404.87,422.92,382.44,297.7
185.36,199.4,30.445,-204.18,47.411,122.33,-112.62,345.54,388.74,411.13,373.25,288.31
178.2,192.26,29.609,-196.78,44.245,118.39,-108.97,326.63,370.11,397.16,362.41,277.61
170.58,184.02,28.886,-188.56,41.09,113.83,-104.7,305.55,349.01,380.74,349.75,265.52
162.34,174.59,28.215,-179.45,37.84,108.48,-99.859,283.03,325.69,361.76,335.22,251.84
153.29,163.8,27.484,-169.38,34.355,102.2,-94.471,259.91,300.59,340.24,318.97,236.44
143.36,151.61,26.574,-158.32,30.63,94.973,-88.569,236.79,274.2,316.44,301.33,219.45
132.68,138.11,25.427,-146.42,26.84,86.935,-82.228,213.92,246.85,290.7,282.66,201.36
121.63,123.63,24.089,-134,23.186,78.351,-75.577,191.22,218.73,263.39,263.21,182.84
110.51,108.58,22.71,-121.37,19.772,69.571,-68.767,168.54,189.97,234.86,243.05,164.45
99.437,93.394,21.48,-108.7,16.603,60.96,-61.9,145.82,160.9,205.47,222.08,146.38
88.322,78.375,20.537,-95.967,13.65,52.794,-54.995,123.15,132.1,175.71,200.07,128.52
77.007,63.718,19.898,-83.092,10.866,45.165,-48.021,100.73,104.36,146.14,176.89,110.53
65.433,49.58,19.468,-70.071,8.217,37.986,-40.951,78.828,78.405,117.39,152.61,92.133
53.768,36.179,19.113,-57.096,5.6931,31.111,-33.825,57.77,54.706,90.039,127.76,73.418
42.424,23.813,18.743,-44.576,3.2368,24.5,-26.779,37.905,33.435,64.579,103.29,55.119
31.899,12.81,18.367,-33.024,0.68706,18.287,-20.028,19.592,14.536,41.349,80.299,38.468
22.559,3.4083,18.069,-22.883,-2.1513,12.714,-13.807,3.153,-2.1684,20.526,59.6,24.483
14.552,-4.3328,17.937,-14.395,-5.3796,7.9736,-8.3152,-11.186,-16.901,2.1213,41.446,13.41
7.8485,-10.541,17.985,-7.5557,-8.9308,4.1089,-3.6673,-23.347,-29.892,-13.971,25.633,4.8148
2.3151,-15.468,18.132,-2.166,-12.58,1.0164,0.1222,-33.414,-41.346,-27.909,11.811,-1.961
-2.2343,-19.397,18.235,2.0736,-16.019,-1.4812,3.1314,-41.6,-51.42,-39.856,-0.29169,-7.4719
-5.9893,-22.568,18.175,5.4606,-18.951,-3.5613,5.4854,-48.18,-60.219,-49.982,-10.817,-12.06
-9.1075,-25.151,17.9,8.2252,-21.172,-5.3598,7.3083,-53.43,-67.823,-58.467,-19.86,-15.903
-11.698,-27.252,17.415,10.514,-22.601,-6.963,8.7024,-57.594,-74.311,-65.507,-27.559,-19.097
-13.822,-28.949,16.747,12.415,-23.273,-8.4204,9.7492,-60.889,-79.801,-71.31,-34.129,-21.726
-15.513,-30.318,15.905,13.99,-23.289,-9.7613,10.509,-63.51,-84.455,-76.092,-39.832,-23.872
-16.789,-31.434,14.878,15.287,-22.773,-11.004,11.017,-65.646,-88.467,-80.083,-44.925,-25.62
-17.664,-32.365,13.653,16.345,-21.831,-12.156,11.3,-67.475,-92.039,-83.507,-49.613,-27.059
-18.151,-33.164,12.222,17.188,-20.556,-13.213,11.404,-69.144,-95.334,-86.562,-54.023,-28.286
-18.277,-33.872,10.6,17.836,-19.055,-14.169,11.403,-70.75,-98.454,-89.388,-58.21,-29.401
-18.104,-34.52,8.8365,18.312,-17.473,-15.023,11.382,-72.329,-101.43,-92.055,-62.178,-30.49
-17.732,-35.127,7.021,18.645,-15.985,-15.779,11.409,-73.857,-104.25,-94.572,-65.901,-31.6
-17.293,-35.693,5.2766,18.871,-14.761,-16.455,11.517,-75.272,-106.83,-96.903,-69.321,-32.719
-16.91,-36.208,3.717,19.024,-13.907,-17.085,11.705,-76.501,-109.11,-98.999,-72.367,-33.774
-16.657,-36.653,2.4013,19.128,-13.424,-17.695,11.942,-77.5,-111.05,-100.83,-74.971,-34.66
-16.534,-37.011,1.3214,19.195,-13.206,-18.293,12.179,-78.268,-112.66,-102.4,-77.109,-35.286
-16.477,-37.271,0.42491,19.222,-13.1,-18.864,12.363,-78.854,-113.98,-103.75,-78.827,-35.636
-16.407,-37.434,-0.34779,19.201,-12.981,-19.382,12.465,-79.34,-115.11,-104.97,-80.229,-35.767
-16.272,-37.516,-1.03,19.132,-12.79,-19.823,12.492,-79.801,-116.13,-106.13,-81.438,-35.778
-16.085,-37.547,-1.6099,19.037,-12.547,-20.162,12.48,-80.284,-117.07,-107.26,-82.549,-35.744
-15.932,-37.571,-2.0314,18.965,-12.351,-20.377,12.469,-80.777,-117.95,-108.35,-83.595,-35.681
-15.934,-37.637,-2.2229,18.982,-12.336,-20.455,12.493,-81.225,-118.71,-109.33,-84.551,-35.545
-16.186,-37.788,-2.1469,19.141,-12.612,-20.408,12.56,-81.558,-119.3,-110.15,-85.358,-35.267
-16.695,-38.039,-1.8443,19.454,-13.192,-20.282,12.661,-81.732,-119.68,-110.75,-85.946,-34.796
-17.373,-38.373,-1.4423,19.879,-13.958,-20.144,12.768,-81.765,-119.89,-111.14,-86.261,-34.142
-18.061,-38.744,-1.1118,20.338,-14.706,-20.057,12.834,-81.726,-119.98,-111.35,-86.271,-33.364
-18.597,-39.091,-0.99769,20.74,-15.237,-20.056,12.805,-81.707,-120.06,-111.47,-85.975,-32.541
-18.882,-39.365,-1.1581,21.022,-15.432,-20.145,12.651,-81.782,-120.2,-111.58,-85.4,-31.729
-18.927,-39.542,-1.5496,21.17,-15.303,-20.315,12.382,-81.971,-120.44,-111.72,-84.598,-30.944
-18.847,-39.632,-2.0592,21.223,-14.969,-20.546,12.047,-82.243,-120.75,-111.89,-83.637,-30.178
-18.799,-39.669,-2.5618,21.249,-14.611,-20.82,11.711,-82.527,-121.07,-112.08,-82.585,-29.424
-18.909,-39.694,-2.9733,21.314,-14.383,-21.117,11.431,-82.747,-121.34,-112.22,-81.505,-28.707
-19.204,-39.746,-3.284,21.45,-14.339,-21.425,11.241,-82.85,-121.51,-112.3,-80.442,-28.084
-19.604,-39.849,-3.562,21.647,-14.403,-21.74,11.145,-82.833,-121.58,-112.27,-79.43,-27.639
-19.967,-40.01,-3.9111,21.868,-14.425,-22.063,11.126,-82.737,-121.59,-112.15,-78.492,-27.456
-20.176,-40.22,-4.3977,22.077,-14.282,-22.393,11.145,-82.633,-121.61,-111.94,-77.644,-27.581
-20.201,-40.456,-5.0039,22.254,-13.945,-22.721,11.159,-82.585,-121.69,-111.69,-76.898,-27.983
-20.104,-40.692,-5.645,22.404,-13.481,-23.036,11.13,-82.633,-121.86,-111.46,-76.264,-28.566
-19.994,-40.907,-6.2246,22.545,-13.006,-23.328,11.045,-82.774,-122.11,-111.29,-75.75,-29.201
-19.961,-41.088,-6.6785,22.697,-12.624,-23.581,10.918,-82.971,-122.4,-111.18,-75.357,-29.775
-20.04,-41.233,-6.9894,22.865,-12.393,-23.783,10.775,-83.168,-122.64,-111.13,-75.07,-30.217
-20.198,-41.342,-7.1789,23.036,-12.299,-23.92,10.646,-83.305,-122.79,-111.09,-74.857,-30.508
-20.345,-41.418,-7.2867,23.179,-12.277,-23.979,10.544,-83.342,-122.79,-111.01,-74.67,-30.669
-20.379,-41.46,-7.3451,23.256,-12.239,-23.946,10.469,-83.268,-122.64,-110.83,-74.451,-30.733
-20.237,-41.465,-7.3571,23.242,-12.133,-23.809,10.413,-83.105,-122.39,-110.54,-74.163,-30.73
-19.942,-41.432,-7.2902,23.143,-11.972,-23.571,10.367,-82.903,-122.09,-110.17,-73.806,-30.673
-19.594,-41.365,-7.0941,22.999,-11.834,-23.253,10.325,-82.719,-121.83,-109.76,-73.432,-30.566
-19.321,-41.272,-6.7345,22.864,-11.814,-22.894,10.284,-82.602,-121.66,-109.4,-73.122,-30.416
-19.209,-41.162,-6.2213,22.777,-11.963,-22.529,10.238,-82.579,-121.6,-109.16,-72.957,-30.247
-19.268,-41.04,-5.607,22.745,-12.256,-22.186,10.183,-82.642,-121.64,-109.05,-72.992,-30.102
-19.438,-40.898,-4.9578,22.738,-12.614,-21.877,10.122,-82.727,-121.68,-109.02,-73.229,-30.03
-19.626,-40.718,-4.3141,22.708,-12.963,-21.596,10.067,-82.712,-121.55,-108.95,-73.599,-30.062
-19.745,-40.469,-3.6623,22.599,-13.281,-21.314,10.045,-82.43,-121.03,-108.62,-73.954,-30.175
-19.741,-40.108,-2.9376,22.368,-13.611,-20.985,10.071,-81.683,-119.84,-107.77,-74.068,-30.282
-19.594,-39.591,-2.0644,21.991,-14.026,-20.551,10.123,-80.25,-117.66,-106.06,-73.639,-30.227
-19.293,-38.868,-1.0215,21.449,-14.569,-19.958,10.159,-77.83,-114.02,-103.06,-72.281,-29.804
-18.765,-37.87,0.098556,20.69,-15.176,-19.173,10.174,-73.879,-108.23,-97.926,-69.399,-28.763
-17.777,-36.485,1.073,19.558,-15.638,-18.2,10.254,-67.284,-99.004,-88.984,-63.817,-26.708
-15.753,-34.514,1.5964,17.678,-15.591,-17.088,10.542,-56.307,-84.395,-73.346,-52.999,-22.733
-11.48,-31.648,1.3868,14.314,-14.61,-15.938,11.146,-42.969,-63.895,-50.768,-34.114,-14.866
-4.7754,-27.479,0.34359,8.3818,-14.192,-14.888,12.09,-44.413,-48.018,-39.933,-19.677,-3.6941
-3.8045,-21.564,-1.0382,-0.49035,-23.209,-14.072,13.355,-56.411,-54.357,-55.167,-33.435,-3.66
-10.351,-13.534,1.3919,-9.7388,-31.617,-13.526,14.923,-42.842,-55.734,-51.91,-38.076,-9.3506
-11.815,-3.1577,20.402,-15.99,-35.262,-13.079,16.82,-6.7502,-21.163,-14.396,-16.303,-2.1617
-6.1389,9.6813,35.535,-21.165,-35.636,-12.359,19.158,43.123,40.422,48.931,26.718,16.315
7.1941,25.036,40.827,-31.363,-30.235,-11.039,22.472,102.84,118.61,135.31,92.848,46.619
30.878,42.804,36.119,-50.617,-15.869,-9.1895,30.307,172.3,213.79,245.4,184.42,91.891
67.291,62.495,20.073,-78.77,10.087,-7.4736,55.691,256.64,333.57,383.73,303.14,154.38
117.31,83.112,-7.2984,-113.99,48.911,-6.9387,63.79,362.59,482.4,555.17,450.84,234.4
180.09,103.41,-46.456,-154.34,100.72,-8.3339,59.018,496.2,656.62,756.72,626.54,330.08
253.49,122.41,-98.01,-198.56,163.66,-11.546,54.8,659.51,851.7,976.12,821.5,437.39
335.35,139.88,-161.06,-246.84,236.2,-15.932,51.259,844.76,1056.9,1197.3,1020.9,551.32
424.45,156.39,-232.67,-300.08,317.04,-20.897,44.802,1032.8,1249.5,1402.2,1209.6,666.72
517.98,172.78,-308.11,-357.73,401.85,-25.971,29.373,1192.1,1397.8,1567.3,1372.1,777.18
610.48,189.64,-380.97,-416.61,484.4,-30.828,-1.4857,1285,1467.4,1665.6,1491.6,875.27
695.23,207.76,-443.47,-472.68,557.67,-35.665,-51.915,1280.8,1430.2,1673.6,1552.7,953.61
765.3,229.97,-487.35,-522.28,614.49,-41.793,-121.13,1167.2,1275.2,1579.3,1544.5,1005.5
814.18,261.99,-506.15,-561.65,648.63,-51.472,-202.51,953,1011.4,1384.6,1463.4,1025.9
836.49,302.9,-498.24,-586.36,656.47,-58.75,-284.78,661.54,662.19,1103,1313.1,1011.7
828.59,334.46,-467.28,-591.63,637.87,-45.119,-355.32,319.86,255.98,753.52,1102.5,962.23
788.92,341.84,-419.8,-573.22,595.32,-22.64,-404.42,-48.742,-180.28,356.02,844.09,878.76
718.29,322.94,-363.07,-528.66,532.77,-6.8617,-426.91,-425.75,-622.8,-68.783,553.13,765.03
620.44,278.47,-304.64,-458.32,455.54,-3.8325,-422.1,-793.1,-1048.4,-497.16,247.71,627.68
502.7,209.94,-252.75,-366,370.7,-17.096,-392.37,-1128.1,-1431.9,-901.05,-51.966,475.77
375.89,121.1,-215.7,-258.87,287.09,-47.867,-341.85,-1403.2,-1746.9,-1250.5,-325.99,319.42
252.5,18.348,-198.6,-146.4,213.85,-94.4,-275.84,-1591.8,-1970.6,-1519.5,-557.6,168.33
143.33,-89.816,-200.48,-38.271,157.12,-152.43,-200.88,-1677.8,-2090.5,-1691.8,-735.16,30.942
54.75,-193.49,-216.39,57.566,118.51,-215.33,-124.51,-1661.6,-2108.6,-1765.4,-853.33,-86.024
-11.932,-282.68,-240.37,136.02,96.321,-273.53,-54.434,-1561,-2041.1,-1752.1,-913.9,-178.1
-59.297,-349.69,-262.66,194.96,85.164,-316.12,3.2386,-1404.7,-1912.2,-1672.5,-925,-243.75
-92.151,-391.08,-266.23,234.59,77.378,-336.49,45.133,-1223.2,-1746.7,-1549.4,-898.62,-284.69
-115.51,-407.82,-246.39,256.84,66.962,-335.81,70.059,-1042,-1565,-1403,-847.48,-305.27
-132.77,-404.39,-220.49,265,52.276,-320.13,78.308,-877.92,-1381.5,-1248.3,-782.06,-311.34
-145.31,-386.98,-199.57,263.24,35.029,-296.12,72.512,-739.03,-1207.3,-1095.6,-707.52,-308.62
-152.9,-359.47,-184.56,255.36,18.171,-269.63,58.018,-626.55,-1053.4,-956.71,-628.59,-300.24
-148.91,-325.64,-174.29,240.33,7.679,-247,41.246,-536.45,-925.34,-844.16,-563.48,-281.3
-125.49,-300.8,-168.07,216.51,5.6611,-233.66,25.302,-461.69,-817.54,-755.79,-518.75,-253.75
-108.21,-289.39,-165.3,199.45,5.0487,-228.35,17.426,-396.53,-723,-681.45,-486.47,-234.77
-101.11,-284.2,-164.93,191.4,4.2268,-226.26,17.505,-339.14,-640.18,-614.68,-459.3,-224.25
-97.348,-280.72,-165.43,187.01,3.537,-224.38,18.765,-289.61,-571.08,-555.19,-433.02,-217.4
-94.288,-277.36,-165.4,183.76,3.2301,-221.65,19.867,-247.4,-515.7,-505.23,-405.63,-211.86
-91.181,-273.78,-164.37,180.76,3.3752,-218.01,19.824,-212.4,-470.85,-464.34,-377.02,-206.67
-87.833,-270.11,-162.75,177.72,3.9331,-214.07,18.579,-185.73,-432.06,-428.57,-348.61,-201.47
-84.242,-266.59,-161.05,174.52,4.8086,-210.59,16.708,-168.02,-395.53,-394.3,-322.45,-196.11
-80.496,-263.32,-159.42,171.12,5.8864,-207.95,14.775,-156.64,-359.73,-361.08,-299.82,-190.6
-76.706,-260.24,-157.83,167.54,7.0565,-206.04,13.036,-146.92,-325.42,-330.31,-280.84,-184.95
-72.949,-257.21,-156.3,163.82,8.2393,-204.54,11.538,-137.55,-294.27,-302.96,-264.94,-179.14
-69.265,-254.13,-154.94,159.99,9.4033,-203.17,10.27,-129.4,-267.57,-279.3,-251.42,-173.12
-65.697,-250.92,-153.92,156.06,10.557,-201.81,9.2316,-122.86,-245.7,-259.19,-239.68,-166.81
-62.302,-247.51,-153.32,152,11.723,-200.35,8.4462,-117.8,-228.15,-242.27,-229.25,-160.17
-59.122,-243.85,-153.08,147.78,12.908,-198.73,7.9386,-113.94,-214.06,-227.99,-219.77,-153.26
-56.172,-239.86,-153.02,143.35,14.077,-196.9,7.6995,-111.05,-202.57,-215.83,-210.99,-146.23
-53.461,-235.42,-152.9,138.67,15.11,-194.8,7.6612,-108.91,-193.01,-205.29,-202.72,-139.3
-51.028,-230.37,-152.42,133.72,15.805,-192.3,7.6917,-107.3,-184.89,-196.01,-194.83,-132.64
-48.923,-224.5,-151.33,128.48,15.947,-189.21,7.6736,-106.01,-177.89,-187.7,-187.21,-126.29
-47.159,-217.6,-149.38,122.91,15.418,-185.32,7.7011,-104.81,-171.79,-180.18,-179.81,-120.15
-45.66,-209.49,-146.38,116.93,14.264,-180.42,8.3083,-103.52,-166.44,-173.37,-172.61,-114.07
-44.273,-200.02,-142.26,110.39,12.652,-174.39,10.441,-102.05,-161.73,-167.24,-165.64,-107.93
-42.817,-189.1,-136.94,103.16,10.753,-167.19,14.773,-100.4,-157.59,-161.8,-158.98,-101.69
-41.175,-176.69,-130.31,95.187,8.6681,-158.82,21.2,-98.626,-153.9,-157,-152.75,-95.463
-39.358,-162.91,-122.17,86.657,6.4238,-149.21,29.486,-96.837,-150.56,-152.74,-147.04,-89.417
-37.526,-148.1,-112.22,78.04,3.9957,-138.24,39.817,-95.096,-147.41,-148.84,-141.83,-83.737
-35.935,-132.84,-100.21,69.974,1.3194,-125.78,52.477,-93.397,-144.31,-145.07,-136.96,-78.522
-34.834,-117.88,-86.119,62.999,-1.6821,-111.77,67.129,-91.675,-141.11,-141.25,-132.16,-73.747
-34.354,-103.93,-70.445,57.324,-5.0109,-96.406,82.534,-89.853,-137.76,-137.3,-127.16,-69.302
-34.439,-91.506,-54.308,52.811,-8.4942,-80.319,97.03,-87.901,-134.25,-133.26,-121.89,-65.071
-34.851,-80.822,-39.118,49.115,-11.832,-64.656,109.01,-85.846,-130.67,-129.31,-116.47,-61.004
-35.245,-71.876,-26.089,45.854,-14.799,-50.841,116.97,-83.767,-127.11,-125.63,-111.2,-57.135
-35.315,-64.525,-15.855,42.745,-17.33,-39.928,119.76,-81.756,-123.63,-122.35,-106.4,-53.558
-34.924,-58.578,-8.3689,39.683,-19.453,-32.109,116.87,-79.882,-120.27,-119.52,-102.25,-50.363
-34.182,-53.833,-3.1115,36.736,-21.297,-26.86,108.57,-78.163,-116.98,-117.07,-98.809,-47.586
-33.393,-50.1,0.69113,34.065,-23.109,-23.407,95.975,-76.547,-113.67,-114.83,-95.947,-45.186
-32.905,-47.192,3.9156,31.81,-25.213,-21.055,81.043,-74.924,-110.2,-112.6,-93.463,-43.061
-32.931,-44.932,7.2716,30.021,-27.835,-19.307,66.294,-73.167,-106.46,-110.2,-91.141,-41.096
-33.431,-43.158,10.993,28.648,-30.887,-17.878,53.815,-71.174,-102.37,-107.54,-88.82,-39.212
-34.123,-41.735,14.811,27.579,-33.922,-16.647,44.371,-68.894,-97.885,-104.56,-86.424,-37.384
-34.613,-40.564,18.203,26.692,-36.343,-15.581,37.478,-66.314,-93.026,-101.3,-83.938,-35.642
-34.593,-39.582,20.697,25.898,-37.641,-14.688,32.092,-63.413,-87.799,-97.743,-81.375,-34.025
-33.983,-38.752,22.084,25.169,-37.591,-13.981,27.207,-60.125,-82.182,-93.843,-78.724,-32.557
-32.939,-38.056,22.504,24.525,-36.362,-13.45,22.361,-56.318,-76.075,-89.461,-75.931,-31.218
-31.757,-37.463,22.375,23.992,-34.469,-13.019,17.861,-51.812,-69.309,-84.393,-72.891,-29.951
-30.725,-36.922,22.219,23.572,-32.576,-12.544,14.204,-46.391,-61.664,-78.409,-69.466,-28.671
-30.001,-36.355,22.451,23.221,-31.261,-11.868,11.457,-39.81,-52.901,-71.282,-65.538,-27.282
-29.528,-35.685,23.207,22.839,-30.798,-10.901,9.371,-31.768,-42.791,-62.819,-61.049,-25.69
-29.025,-34.853,24.304,22.292,-31.032,-9.6871,7.6737,-21.94,-31.101,-52.826,-55.999,-23.813
-28.11,-33.83,25.345,21.459,-31.454,-8.39,6.16,-9.9884,-17.659,-41.08,-50.391,-21.571
-26.517,-32.611,25.926,20.275,-31.467,-7.1853,4.6782,4.3534,-2.3359,-27.304,-44.15,-18.871
-24.237,-31.191,25.818,18.735,-30.716,-6.1407,3.1065,21.131,14.955,-11.176,-37.059,-15.586
-21.455,-29.538,25.081,16.868,-29.234,-5.1712,1.3415,40.028,34.246,7.6161,-28.731,-11.527
-18.362,-27.573,24.042,14.68,-27.272,-4.0839,-0.71149,60.4,55.483,29.259,-18.641,-6.4297
-15.016,-25.16,23.112,12.107,-25.053,-2.6546,-3.1468,81.535,78.502,53.655,-6.2093,0.045075
-11.294,-22.124,22.582,8.9935,-22.747,-0.6801,-6.0595,102.93,103.03,80.342,9.0302,8.2604
-6.9089,-18.271,22.529,5.0915,-20.498,1.996,-9.5298,124.37,128.74,108.55,27.228,18.483
-1.5169,-13.413,22.838,0.11865,-18.316,5.4617,-13.577,145.78,155.28,137.4,48.061,30.732
5.131,-7.4057,23.271,-6.1607,-16.044,9.7196,-18.101,167.2,182.25,166.05,70.759,44.721
13.097,-0.15716,23.587,-13.87,-13.494,14.706,-22.885,188.56,209.25,193.89,94.384,59.983
22.251,8.372,23.669,-23,-10.599,20.366,-27.7,209.72,235.83,220.48,118.18,76.096
32.301,18.198,23.576,-33.412,-7.429,26.735,-32.402,230.39,261.55,245.55,141.72,92.792
42.866,29.334,23.503,-44.876,-4.1309,33.91,-36.974,250.32,286.04,268.92,164.81,109.92
53.61,41.767,23.677,-57.121,-0.87106,41.929,-41.5,269.32,309.05,290.46,187.2,127.34
64.34,55.386,24.243,-69.888,2.2116,50.643,-46.117,287.31,330.43,310.15,208.56,144.83
75,69.903,25.208,-82.937,5.0513,59.687,-50.957,304.33,350.14,328.08,228.63,162.08
85.59,84.85,26.467,-96.037,7.6751,68.587,-56.095,320.42,368.2,344.45,247.33,178.73
96.106,99.673,27.864,-108.95,10.18,76.91,-61.516,335.51,384.59,359.48,264.83,194.49
106.52,113.88,29.258,-121.48,12.688,84.401,-67.127,349.35,399.26,373.34,281.42,209.17
116.78,127.19,30.555,-133.48,15.312,91.034,-72.799,361.61,412.11,386.08,297.31,222.72
126.79,139.53,31.7,-144.89,18.136,96.971,-78.424,372,423.1,397.64,312.52,235.26
136.43,150.97,32.668,-155.72,21.222,102.44,-83.922,380.49,432.3,407.95,326.82,246.91
145.56,161.56,33.452,-165.92,24.599,107.61,-89.237,387.26,439.88,416.98,339.89,257.72
154.05,171.25,34.057,-175.41,28.245,112.48,-94.311,392.64,446.1,424.77,351.45,267.65
161.83,179.94,34.496,-184,32.069,116.94,-99.078,397.02,451.24,431.44,361.38,276.59
168.93,187.54,34.778,-191.58,35.954,120.86,-103.47,400.73,455.54,437.21,369.77,284.45
175.45,194.07,34.894,-198.17,39.833,124.18,-107.42,404.03,459.23,442.31,376.83,291.27
181.51,199.64,34.817,-203.85,43.711,126.91,-110.9,407.05,462.43,446.94,382.87,297.2
187.23,204.39,34.525,-208.79,47.618,129.14,-113.91,409.82,465.17,451.24,388.19,302.47
192.65,208.49,34.04,-213.14,51.536,130.97,-116.52,412.3,467.47,455.25,393.02,307.3
197.75,212.07,33.456,-217.02,55.361,132.48,-118.78,414.41,469.28,458.92,397.48,311.82
202.48,215.21,32.931,-220.48,58.901,133.75,-120.77,416.1,470.57,462.13,401.55,316.05
206.71,217.95,32.641,-223.56,61.906,134.85,-122.52,417.33,471.33,464.8,405.14,319.89
210.28,220.29,32.715,-226.21,64.113,135.8,-124.05,418.13,471.54,466.85,408.15,323.24
213,222.21,33.187,-228.38,65.298,136.62,-125.31,418.52,471.18,468.26,410.54,326.03
214.69,223.72,33.988,-230.03,65.345,137.32,-126.27,418.47,470.23,469.03,412.28,328.25
215.3,224.81,34.986,-231.11,64.28,137.9,-126.89,417.91,468.58,469.14,413.38,329.92
214.87,225.49,36.04,-231.6,62.252,138.34,-127.15,416.67,466.11,468.53,413.84,331.08
213.48,225.73,37.053,-231.46,59.465,138.65,-127.03,414.48,462.69,467.06,413.62,331.71
211.14,225.46,37.974,-230.6,56.12,138.81,-126.53,411.11,458.16,464.58,412.67,331.68
207.84,224.56,38.79,-228.89,52.433,138.77,-125.62,406.37,452.44,460.92,410.92,330.8
203.56,222.91,39.497,-226.18,48.649,138.47,-124.27,400.12,445.44,455.93,408.25,328.84
198.35,220.35,40.087,-222.39,44.987,137.81,-122.44,392.19,437,449.51,404.55,325.64
192.26,216.76,40.54,-217.46,41.507,136.68,-120.14,382.27,426.86,441.47,399.64,321.19
185.29,212.06,40.826,-211.4,38.049,134.96,-117.38,369.95,414.68,431.58,393.34,315.61
177.38,206.18,40.909,-204.22,34.373,132.55,-114.19,354.85,400.06,419.51,385.42,308.94
168.53,199.06,40.76,-195.97,30.378,129.37,-110.57,336.87,382.74,404.94,375.64,301.05
158.92,190.71,40.36,-186.77,26.152,125.34,-106.52,316.37,362.63,387.62,363.82,291.6
148.85,181.18,39.702,-176.83,21.856,120.44,-102.01,294.13,339.93,367.5,349.86,280.12
138.59,170.58,38.792,-166.38,17.632,114.66,-97.021,271.04,315.06,344.75,333.82,266.21
128.26,159.01,37.654,-155.54,13.599,108.06,-91.575,247.78,288.49,319.74,315.93,249.81
117.84,146.54,36.325,-144.32,9.874,100.78,-85.715,224.66,260.62,292.84,296.47,231.46
107.3,133.19,34.84,-132.7,6.5789,92.967,-79.528,201.67,231.73,264.37,275.64,212.15
96.66,119,33.204,-120.66,3.8307,84.757,-73.124,178.7,202.1,234.5,253.49,192.81
86.004,104.02,31.393,-108.22,1.7153,76.203,-66.597,155.72,172.15,203.48,229.97,173.92
75.403,88.414,29.392,-95.423,0.25094,67.322,-59.983,132.88,142.53,171.77,205.15,155.41
64.852,72.483,27.233,-82.321,-0.64491,58.184,-53.257,110.43,114.01,140.16,179.33,136.91
54.351,56.746,25,-69.065,-1.1437,48.986,-46.369,88.678,87.223,109.65,153.05,118.06
44.115,41.857,22.784,-56.025,-1.4398,40.01,-39.32,67.78,62.516,81.147,127,98.732
34.675,28.425,20.644,-43.809,-1.6923,31.527,-32.26,47.786,39.9,55.202,101.76,79.264
26.618,16.84,18.595,-33.055,-2.0259,23.726,-25.523,28.741,19.213,31.973,77.787,60.514
20.194,7.192,16.638,-24.122,-2.5534,16.727,-19.507,10.855,0.31821,11.37,55.426,43.446
15.214,-0.67108,14.776,-16.976,-3.3653,10.603,-14.447,-5.4267,-16.796,-6.758,35.009,28.597
11.289,-7.0234,13.023,-11.325,-4.4923,5.376,-10.319,-19.584,-32.03,-22.526,16.839,15.981
8.0676,-12.146,11.386,-6.8297,-5.8745,1.0109,-6.9301,-31.297,-45.283,-36.019,1.1155,5.3992
5.334,-16.275,9.8609,-3.211,-7.3649,-2.5791,-4.0698,-40.601,-56.554,-47.358,-12.142,-3.2796
2.9758,-19.602,8.4408,-0.2614,-8.7714,-5.5117,-1.5891,-47.809,-65.969,-56.736,-23.099,-10.117
0.90647,-22.297,7.1244,2.1948,-9.9212,-7.9122,0.58305,-53.346,-73.755,-64.414,-32.061,-15.254
-0.98479,-24.518,5.9175,4.3252,-10.715,-9.8958,2.46,-57.625,-80.195,-70.688,-39.394,-18.979
-2.8154,-26.41,4.827,6.2753,-11.153,-11.558,4.0294,-61.003,-85.589,-75.861,-45.475,-21.641
-4.6462,-28.08,3.8596,8.135,-11.317,-12.97,5.2852,-63.766,-90.214,-80.214,-50.657,-23.542
-6.4463,-29.595,3.0198,9.9219,-11.332,-14.186,6.2468,-66.13,-94.299,-83.998,-55.238,-24.898
-8.1311,-30.985,2.2998,11.6,-11.298,-15.243,6.9593,-68.242,-97.998,-87.401,-59.425,-25.854
-9.6291,-32.254,1.6687,13.121,-11.271,-16.175,7.4825,-70.179,-101.39,-90.541,-63.318,-26.532
-10.916,-33.393,1.0803,14.447,-11.276,-17.005,7.8774,-71.963,-104.5,-93.456,-66.92,-27.052
-12.005,-34.391,0.50363,15.563,-11.345,-17.741,8.1966,-73.577,-107.29,-96.129,-70.179,-27.524
-12.923,-35.233,-0.050314,16.47,-11.526,-18.379,8.4771,-74.988,-109.73,-98.517,-73.044,-28.026
-13.707,-35.91,-0.52858,17.18,-11.871,-18.909,8.738,-76.169,-111.81,-100.59,-75.494,-28.586
-14.405,-36.431,-0.85991,17.72,-12.424,-19.327,8.9832,-77.119,-113.52,-102.35,-77.547,-29.187
-15.08,-36.822,-0.98346,18.136,-13.199,-19.642,9.2062,-77.867,-114.92,-103.83,-79.246,-29.777
-15.8,-37.133,-0.87252,18.492,-14.188,-19.874,9.3995,-78.463,-116.06,-105.1,-80.636,-30.278
-16.617,-37.418,-0.54967,18.851,-15.346,-20.046,9.5631,-78.97,-117.04,-106.22,-81.754,-30.613
-17.538,-37.722,-0.090622,19.258,-16.582,-20.177,9.7089,-79.445,-117.93,-107.25,-82.624,-30.738
-18.522,-38.066,0.39531,19.723,-17.776,-20.283,9.8571,-79.929,-118.77,-108.25,-83.274,-30.668
-19.501,-38.444,0.81253,20.228,-18.813,-20.368,10.026,-80.434,-119.59,-109.21,-83.733,-30.483
-20.422,-38.832,1.1321,20.749,-19.643,-20.42,10.225,-80.938,-120.36,-110.12,-84.03,-30.296
-21.278,-39.198,1.4057,21.263,-20.309,-20.431,10.449,-81.39,-121.04,-110.93,-84.187,-30.219
-22.105,-39.519,1.7235,21.759,-20.925,-20.411,10.682,-81.74,-121.59,-111.58,-84.218,-30.329
-22.958,-39.784,2.1506,22.236,-21.61,-20.387,10.904,-81.961,-121.98,-112.04,-84.12,-30.646
-23.881,-39.992,2.6906,22.694,-22.426,-20.394,11.091,-82.064,-122.2,-112.28,-83.876,-31.124
-24.867,-40.15,3.2879,23.132,-23.347,-20.45,11.225,-82.086,-122.29,-112.32,-83.469,-31.671
-25.851,-40.263,3.8547,23.533,-24.272,-20.554,11.292,-82.076,-122.3,-112.21,-82.888,-32.186
-26.723,-40.333,4.3042,23.868,-25.066,-20.688,11.295,-82.074,-122.26,-112.03,-82.138,-32.596
-27.377,-40.366,4.5878,24.108,-25.624,-20.824,11.255,-82.099,-122.21,-111.83,-81.245,-32.869
-27.764,-40.368,4.7206,24.242,-25.916,-20.925,11.206,-82.15,-122.17,-111.67,-80.25,-33.01
-27.911,-40.346,4.7804,24.283,-26.002,-20.954,11.182,-82.202,-122.11,-111.52,-79.204,-33.038
-27.914,-40.314,4.8695,24.272,-26,-20.883,11.213,-82.225,-122.02,-111.35,-78.15,-32.967
-27.891,-40.291,5.0559,24.263,-26.03,-20.71,11.314,-82.198,-121.89,-111.11,-77.123,-32.806
-27.927,-40.301,5.328,24.3,-26.163,-20.464,11.478,-82.125,-121.74,-110.79,-76.159,-32.572
-28.029,-40.358,5.5896,24.396,-26.397,-20.196,11.675,-82.047,-121.6,-110.42,-75.298,-32.302
-28.124,-40.459,5.702,24.519,-26.651,-19.965,11.855,-82.02,-121.53,-110.1,-74.587,-32.05
-28.093,-40.569,5.5534,24.601,-26.796,-19.805,11.965,-82.097,-121.57,-109.91,-74.059,-31.869
-27.83,-40.641,5.1119,24.569,-26.708,-19.733,11.967,-82.295,-121.72,-109.91,-73.715,-31.777
-27.301,-40.627,4.431,24.381,-26.307,-19.749,11.85,-82.58,-121.95,-110.07,-73.52,-31.74
-26.545,-40.501,3.6062,24.047,-25.581,-19.853,11.638,-82.881,-122.15,-110.33,-73.404,-31.691
-25.648,-40.271,2.722,23.617,-24.568,-20.042,11.37,-83.11,-122.25,-110.56,-73.293,-31.563
-24.695,-39.975,1.8234,23.156,-23.328,-20.308,11.081,-83.194,-122.16,-110.67,-73.133,-31.332
-23.748,-39.666,0.91588,22.725,-21.927,-20.637,10.79,-83.107,-121.86,-110.62,-72.902,-31.033
-22.837,-39.399,-0.019836,22.359,-20.421,-21.01,10.503,-82.878,-121.4,-110.42,-72.603,-30.736
-21.97,-39.212,-1.0098,22.069,-18.858,-21.409,10.225,-82.579,-120.87,-110.14,-72.263,-30.507
-21.141,-39.118,-2.0681,21.845,-17.283,-21.812,9.9593,-82.304,-120.39,-109.85,-71.928,-30.367
-20.336,-39.113,-3.1802,21.664,-15.757,-22.192,9.7176,-82.138,-120.03,-109.64,-71.66,-30.295
-19.552,-39.174,-4.2878,21.502,-14.361,-22.518,9.512,-82.13,-119.86,-109.56,-71.535,-30.25
-18.809,-39.267,-5.288,21.338,-13.197,-22.749,9.3529,-82.278,-119.86,-109.63,-71.626,-30.199
-18.141,-39.347,-6.0591,21.15,-12.358,-22.85,9.2489,-82.526,-119.95,-109.82,-71.972,-30.134
-17.584,-39.369,-6.5052,20.926,-11.899,-22.811,9.2097,-82.76,-120,-110.03,-72.548,-30.061
-17.161,-39.298,-6.5895,20.661,-11.817,-22.664,9.247,-82.819,-119.82,-110.11,-73.25,-29.984
-16.865,-39.117,-6.3364,20.363,-12.039,-22.454,9.3642,-82.522,-119.16,-109.86,-73.904,-29.892
-16.66,-38.817,-5.8113,20.039,-12.441,-22.208,9.5407,-81.672,-117.77,-109.02,-74.266,-29.738
-16.477,-38.372,-5.0999,19.677,-12.889,-21.906,9.731,-80.042,-115.3,-107.23,-74.021,-29.406
-16.216,-37.724,-4.3055,19.22,-13.269,-21.5,9.8958,-77.283,-111.23,-103.94,-72.741,-28.675
-15.72,-36.772,-3.5575,18.541,-13.473,-20.932,10.051,-72.733,-104.63,-98.081,-69.757,-27.16
-14.705,-35.36,-3.0125,17.399,-13.359,-20.167,10.287,-65.101,-93.963,-87.646,-63.765,-24.159
-12.56,-33.275,-2.8302,15.346,-12.683,-19.208,10.732,-52.795,-77.227,-69.746,-52.121,-18.261
-7.961,-30.239,-3.1232,11.593,-11.117,-18.117,11.477,-40.017,-55.689,-47.342,-33.206,-7.5923
-0.61172,-25.907,-3.8273,5.0154,-10.534,-17.005,12.547,-44.611,-44.349,-44.341,-23.717,3.0841
-0.031446,-19.895,-3.9762,-4.6512,-21.121,-15.989,13.928,-54.906,-54.324,-58.791,-37.645,-0.37321
-8.4382,-11.825,3.4022,-14.397,-30.337,-15.086,15.617,-38.317,-48.495,-45.156,-37.215,-6.3851
-10.619,-1.3652,24.55,-20.346,-35.374,-14.13,17.663,-0.60174,-5.7702,0.37156,-12.976,1.6629
-5.0121,11.751,37.395,-24.577,-36.913,-12.836,20.22,50.431,60.64,70.439,32.414,21.977
8.4882,27.652,41.632,-34.197,-31.944,-11.068,24.013,111.42,141.47,162.48,101.64,55.047
32.445,46.136,35.474,-53.667,-17.283,-9.1563,33.87,183.13,238.46,276.63,196.3,103.78
69.13,66.483,17.426,-82.312,9.5159,-7.9499,60.405,270.99,359.64,417.19,316.47,169.76
119.75,87.518,-12.89,-117.93,49.849,-8.3546,63.384,380.68,509.3,588.63,462.61,252.22
184.2,107.96,-56.032,-158.65,104.13,-10.63,58.44,516.94,684.4,787.85,633.66,348.1
260.79,126.92,-112.42,-203.6,170.63,-14.263,54.453,680.65,879.53,1003.1,822.72,452.89
347.17,144.24,-180.78,-253.42,247.08,-18.542,50.738,863.88,1082,1219.2,1017.6,562.27
441.34,160.53,-257.21,-309.16,331.41,-22.935,43.193,1047.8,1268.8,1418.5,1204.5,672.36
539.15,176.56,-334.9,-369.59,418.77,-27.001,25.581,1201.3,1409.3,1578,1367.4,778.15
633.67,192.99,-404.96,-430.39,501.67,-30.432,-8.5062,1287.7,1469.7,1670.8,1489.1,873.32
717,211.11,-459.08,-486.8,571.56,-33.461,-62.492,1277,1422.9,1674.1,1553.8,950.89
781.65,235.22,-491.45,-534.84,621.19,-37.277,-134.16,1157.3,1258.7,1575.5,1550.5,1004.2
821.52,271.44,-498.97,-570.58,645.84,-44.523,-215.87,937.9,987.32,1377.3,1475.1,1027.8
832.28,312.69,-481.47,-589.68,643.36,-54.393,-296.41,642.73,633.11,1093.4,1331.3,1018.6
811.15,339.46,-442.65,-587.68,613.97,-44.493,-364.17,299.04,224.9,743,1127.7,975.82
757.14,342.16,-389.49,-560.7,560.05,-21.655,-410.18,-70.204,-210.85,345.92,876.43,900.3
671.9,319.49,-329.77,-506.82,486.3,-5.0286,-429.46,-446.81,-651.15,-77.535,591.29,794.96
560.76,271.49,-270.73,-427.39,399.44,-0.31027,-421.43,-812.6,-1073.3,-504.19,288.74,665.07
433.33,199.66,-219.92,-327.66,308.39,-10.728,-388.78,-1144.4,-1452.3,-906.4,-11.992,518.39
302.71,108.24,-185.31,-216.27,224.25,-38.056,-335.92,-1414.3,-1762,-1254.4,-290.53,364.39
182.73,4.1091,-172.37,-103.38,157.22,-81.669,-268.22,-1596.3,-1979.9,-1521.9,-528.69,212.74
83.551,-103.94,-180.82,1.4644,113.29,-138.28,-192.22,-1675.2,-2093.8,-1692.5,-713.59,72.145
8.896,-206.03,-205.53,91.18,91.31,-201.69,-115.67,-1652.9,-2106.3,-1764.1,-839.18,-50.188
-43.53,-292.54,-237.93,161.88,83.337,-262.38,-46.655,-1548,-2034.2,-1748.7,-906.53,-148.96
-79.349,-356.38,-264.56,212.61,79.75,-309.56,8.7143,-1389.3,-1902.4,-1667.3,-923.05,-221.5
-104.52,-394.58,-271.19,244.55,73.23,-335.95,47.854,-1207.1,-1735.8,-1543,-900.31,-268.53
-123.26,-408.46,-256.75,260.35,60.944,-340.99,70.558,-1026.2,-1554.7,-1396,-851.08,-293.86
-137.44,-402.74,-233.83,263.69,43.967,-329.28,77.37,-862.47,-1372.9,-1240.3,-785.96,-303.22
-146.66,-383.64,-212.66,258.71,26.236,-307.32,70.79,-722.98,-1200.1,-1084.9,-708.98,-302.51
-136.29,-354.19,-195.55,246.8,22.084,-281.42,56.35,-608.7,-1046.7,-941.81,-623.06,-294.43
-99.269,-319.36,-182.4,221.63,20.967,-257.07,40.494,-516.99,-918.09,-825.84,-552.19,-269.85
-86.373,-296.42,-173.54,198.32,17.368,-240.09,26.32,-442.12,-809.7,-735.73,-505.36,-233.42
-84.649,-286.72,-169.64,188.16,14.492,-232.61,21.021,-378.71,-715.36,-661.13,-472.28,-213.44
-84.202,-282.19,-170.62,183.52,12.915,-230.03,21.742,-324.16,-633.69,-595.72,-444.45,-204.62
-83.117,-278.76,-174.23,180.29,12.163,-228.12,23.511,-277.14,-566,-538.92,-417.48,-199.12
-81.26,-275.17,-175.9,177.21,11.557,-225.34,25.184,-236.66,-511.62,-491.68,-389.65,-194.31
-78.835,-271.25,-173.49,173.88,10.767,-221.44,25.822,-203.19,-467.24,-452.16,-361.32,-189.49
-76.043,-267.21,-168.84,170.2,10.067,-217.07,25.079,-178.55,-428.56,-416.12,-334.36,-184.61
-72.981,-263.27,-164.26,166.19,9.9023,-213.15,23.208,-162.94,-392.11,-380.97,-310.62,-179.77
-69.688,-259.53,-160.59,161.95,10.39,-210.14,20.746,-152.19,-356.78,-347.56,-290.61,-175.03
-66.25,-255.95,-157.92,157.62,11.369,-207.85,18.181,-142.26,-323.42,-317.44,-273.68,-170.25
-62.799,-252.45,-156.25,153.31,12.681,-205.95,15.797,-133.18,-293.27,-291.04,-258.84,-165.15
-59.416,-248.97,-155.61,149.02,14.303,-204.23,13.693,-125.63,-267.17,-268.16,-245.3,-159.43
-56.064,-245.4,-155.85,144.64,16.299,-202.6,11.878,-119.65,-245.35,-248.44,-232.69,-152.9
-52.651,-241.65,-156.71,139.95,18.693,-200.98,10.35,-115.03,-227.48,-231.51,-221.01,-145.66
-49.135,-237.57,-157.81,134.73,21.371,-199.36,9.1379,-111.57,-212.99,-217.07,-210.43,-138.16
-45.594,-233.06,-158.77,128.88,24.084,-197.73,8.306,-109.07,-201.26,-204.9,-201.1,-131.05
-42.207,-227.99,-159.21,122.4,26.5,-196.05,7.8956,-107.35,-191.73,-194.74,-192.94,-124.9
-39.175,-222.26,-158.8,115.47,28.278,-194.21,7.8452,-106.18,-183.94,-186.29,-185.64,-119.93
-36.646,-215.72,-157.37,108.23,29.15,-192.01,8.0074,-105.32,-177.48,-179.2,-178.76,-115.92
-34.662,-208.16,-155,100.81,28.993,-189.18,8.281,-104.51,-172.02,-173.16,-171.93,-112.4
-33.14,-199.31,-152.04,93.258,27.861,-185.37,8.7994,-103.55,-167.31,-167.89,-164.98,-108.84
-31.897,-188.95,-148.74,85.67,26.026,-180.24,10.154,-102.34,-163.15,-163.24,-158.02,-104.87
-30.736,-176.97,-144.93,78.222,24.026,-173.53,13.321,-100.86,-159.4,-159.07,-151.34,-100.37
-29.551,-163.5,-139.97,71.179,22.431,-165.2,18.799,-99.189,-155.92,-155.26,-145.22,-95.492
-28.388,-148.91,-133.37,64.808,21.271,-155.37,26.244,-97.383,-152.54,-151.67,-139.77,-90.448
-27.429,-133.83,-124.96,59.281,19.903,-144.17,35.388,-95.475,-149.09,-148.1,-134.87,-85.389
-26.916,-119.01,-114.45,54.638,17.434,-131.53,46.466,-93.45,-145.44,-144.4,-130.27,-80.308
-27.041,-105.19,-101.46,50.785,13.215,-117.37,59.755,-91.287,-141.56,-140.51,-125.7,-75.096
-27.855,-92.91,-85.818,47.544,7.1235,-101.79,74.873,-88.995,-137.51,-136.48,-121,-69.709
-29.24,-82.389,-67.961,44.71,-0.4609,-85.377,90.471,-86.627,-133.42,-132.47,-116.21,-64.283
-30.952,-73.576,-49.174,42.108,-8.9086,-69.25,104.66,-84.268,-129.43,-128.68,-111.56,-59.129
-32.701,-66.28,-31.239,39.638,-17.593,-54.687,115.68,-82.007,-125.62,-125.25,-107.34,-54.587
-34.263,-60.289,-15.549,37.3,-25.963,-42.553,122.19,-79.912,-122.03,-122.27,-103.78,-50.868
-35.547,-55.434,-2.7735,35.164,-33.431,-33.135,123.5,-78.012,-118.63,-119.72,-101,-48.003
-36.627,-51.572,6.8005,33.328,-39.313,-26.334,119.56,-76.289,-115.34,-117.5,-98.929,-45.866
-37.65,-48.553,13.104,31.858,-43.018,-21.822,110.81,-74.679,-112.04,-115.43,-97.372,-44.237
-38.677,-46.206,16.613,30.762,-44.382,-19.078,98.102,-73.077,-108.6,-113.34,-96.048,-42.862
-39.624,-44.362,18.639,29.986,-43.884,-17.488,82.997,-71.364,-104.89,-111.07,-94.702,-41.516
-40.403,-42.878,20.533,29.423,-42.587,-16.514,67.736,-69.439,-100.84,-108.53,-93.185,-40.063
-41.011,-41.648,22.617,28.951,-41.608,-15.806,54.524,-67.243,-96.392,-105.71,-91.495,-38.478
-41.426,-40.601,24.56,28.465,-41.42,-15.193,44.442,-64.758,-91.529,-102.66,-89.745,-36.826
-41.556,-39.694,26.097,27.904,-41.792,-14.628,37.181,-61.982,-86.25,-99.402,-88.062,-35.206
-41.287,-38.891,27.142,27.249,-42.247,-14.13,31.682,-58.877,-80.55,-95.917,-86.497,-33.687
-40.524,-38.161,27.681,26.505,-42.358,-13.726,26.795,-55.349,-74.384,-92.117,-84.981,-32.288
-39.219,-37.473,27.709,25.678,-41.837,-13.408,21.878,-51.27,-67.677,-87.86,-83.338,-30.974
-37.385,-36.803,27.241,24.776,-40.577,-13.133,17.218,-46.499,-60.322,-82.984,-81.359,-29.683
-35.133,-36.134,26.369,23.821,-38.672,-12.847,13.393,-40.864,-52.17,-77.322,-78.863,-28.333
-32.659,-35.453,25.292,22.841,-36.404,-12.49,10.442,-34.076,-42.991,-70.664,-75.711,-26.838
-30.194,-34.726,24.289,21.852,-34.154,-11.986,8.0573,-25.73,-32.454,-62.745,-71.779,-25.111
-27.909,-33.886,23.641,20.829,-32.288,-11.248,5.9998,-15.327,-20.207,-53.228,-66.941,-23.059
-25.842,-32.816,23.531,19.685,-31.032,-10.202,4.1597,-2.415,-5.9553,-41.747,-61.032,-20.581
-23.89,-31.367,23.975,18.288,-30.372,-8.7892,2.4693,13.194,10.461,-27.974,-53.834,-17.56
-21.876,-29.371,24.824,16.49,-30.057,-6.9468,0.82439,31.23,29.011,-11.709,-45.066,-13.828
-19.622,-26.667,25.837,14.157,-29.706,-4.5852,-0.928,51.001,49.49,7.0516,-34.411,-9.1288
-16.993,-23.123,26.78,11.18,-28.977,-1.5984,-2.9567,71.718,71.601,28.109,-21.601,-3.084
-13.886,-18.643,27.504,7.4583,-27.689,2.0956,-5.389,92.84,95.068,51.129,-6.4985,4.772
-10.205,-13.187,27.985,2.8957,-25.84,6.5163,-8.2509,114.16,119.68,75.769,10.861,14.866
-5.8425,-6.7625,28.317,-2.6025,-23.573,11.611,-11.45,135.71,145.26,101.74,30.315,27.38
-0.67422,0.57784,28.666,-9.1162,-21.114,17.281,-14.836,157.57,171.57,128.76,51.621,42.082
5.463,8.776,29.195,-16.709,-18.726,23.414,-18.304,179.7,198.23,156.44,74.441,58.353
12.784,17.817,29.991,-25.447,-16.604,29.905,-21.873,201.8,224.66,184.16,98.278,75.423
21.529,27.769,31.008,-35.413,-14.774,36.652,-25.675,223.38,250.19,211.12,122.47,92.658
31.848,38.757,32.083,-46.66,-13.062,43.544,-29.871,243.95,274.25,236.57,146.31,109.7
43.639,50.881,33.006,-59.119,-11.167,50.477,-34.537,263.23,296.58,260.09,169.23,126.39
56.474,64.11,33.614,-72.526,-8.785,57.392,-39.601,281.27,317.24,281.65,190.91,142.68
69.729,78.216,33.844,-86.477,-5.6956,64.292,-44.879,298.36,336.47,301.53,211.33,158.49
82.823,92.8,33.74,-100.54,-1.825,71.207,-50.162,314.78,354.54,320.14,230.72,173.75
95.384,107.39,33.413,-114.32,2.7275,78.128,-55.292,330.57,371.47,337.76,249.38,188.44
107.27,121.57,32.96,-127.52,7.7486,84.971,-60.213,345.35,387.08,354.35,267.45,202.55
118.5,134.99,32.423,-139.96,13.061,91.563,-64.993,358.54,400.99,369.7,284.8,216.03
129.2,147.38,31.786,-151.57,18.606,97.662,-69.793,369.71,412.96,383.51,301.03,228.83
139.48,158.55,31.016,-162.3,24.365,103.03,-74.787,378.75,422.93,395.59,315.68,240.86
149.33,168.35,30.107,-172.15,30.242,107.52,-80.055,385.93,431.08,405.94,328.46,252.04
158.67,176.78,29.105,-181.09,36.019,111.16,-85.514,391.64,437.73,414.78,339.36,262.26
167.43,183.98,28.114,-189.11,41.448,114.1,-90.932,396.32,443.24,422.39,348.61,271.39
175.59,190.17,27.264,-196.3,46.371,116.55,-96.049,400.29,447.93,429.12,356.62,279.32
183.21,195.59,26.67,-202.76,50.754,118.7,-100.69,403.76,452.04,435.23,363.79,286.03
190.39,200.44,26.389,-208.58,54.652,120.67,-104.83,406.79,455.68,440.85,370.43,291.64
197.11,204.86,26.419,-213.82,58.119,122.55,-108.53,409.39,458.89,446,376.69,296.37
203.19,208.88,26.717,-218.47,61.145,124.41,-111.88,411.56,461.65,450.63,382.54,300.49
208.32,212.53,27.219,-222.43,63.651,126.28,-114.93,413.3,463.91,454.67,387.9,304.23
212.16,215.74,27.871,-225.62,65.533,128.14,-117.68,414.64,465.68,458.08,392.64,307.74
214.58,218.47,28.647,-227.99,66.689,129.95,-120.04,415.64,466.95,460.87,396.7,311.07
215.71,220.66,29.561,-229.57,66.984,131.66,-121.95,416.36,467.71,463.06,400.06,314.15
215.85,222.3,30.64,-230.5,66.257,133.18,-123.38,416.81,467.94,464.7,402.74,316.86
215.25,223.44,31.889,-230.94,64.429,134.43,-124.39,416.91,467.56,465.75,404.79,319.07
214.03,224.11,33.276,-231.02,61.571,135.36,-125.04,416.47,466.41,466.14,406.2,320.71
212.25,224.37,34.742,-230.8,57.872,135.92,-125.4,415.19,464.3,465.74,406.94,321.75
210.05,224.27,36.2,-230.3,53.583,136.15,-125.51,412.78,461.1,464.38,406.93,322.22
207.54,223.81,37.517,-229.46,49.047,136.07,-125.37,409.1,456.7,461.97,406.07,322.16
204.8,222.94,38.526,-228.17,44.761,135.74,-124.89,404.12,451.06,458.44,404.27,321.6
201.74,221.53,39.069,-226.18,41.398,135.14,-123.92,397.79,444.14,453.75,401.53,320.51
198.28,219.38,39.05,-223.26,39.592,134.2,-122.32,389.94,435.77,447.85,397.82,318.79
194.34,216.27,38.492,-219.19,39.38,132.78,-120.04,380.17,425.64,440.56,393.07,316.19
189.74,212.01,37.552,-213.89,39.872,130.74,-117.17,367.9,413.34,431.61,387.09,312.33
184.16,206.5,36.474,-207.37,39.758,127.94,-113.85,352.62,398.44,420.65,379.55,306.79
177.19,199.68,35.509,-199.69,38.18,124.32,-110.16,334.26,380.68,407.31,370.07,299.19
168.61,191.56,34.832,-190.9,35.03,119.84,-106.05,313.38,360.08,391.32,358.32,289.31
158.47,182.14,34.481,-181.07,30.611,114.5,-101.42,290.96,336.97,372.67,344.18,277.13
147.12,171.42,34.356,-170.32,25.299,108.29,-96.197,267.95,311.84,351.56,327.8,262.83
135.11,159.46,34.249,-158.8,19.462,101.24,-90.401,244.89,285.08,328.3,309.51,246.8
123.01,146.35,33.918,-146.77,13.485,93.393,-84.194,221.86,256.9,303.12,289.74,229.54
111.25,132.3,33.178,-134.46,7.8074,84.829,-77.815,198.71,227.4,276.1,268.83,211.56
100,117.52,31.978,-122.05,2.9429,75.694,-71.452,175.31,196.81,247.23,246.98,193.3
89.154,102.2,30.427,-109.52,-0.67449,66.279,-65.157,151.71,165.68,216.7,224.21,175.02
78.348,86.49,28.73,-96.661,-3.0369,57.009,-58.839,128.28,134.94,185.08,200.51,156.86
67.003,70.566,27.072,-83.176,-4.6447,48.275,-52.315,105.54,105.62,153.39,176,138.82
54.444,54.721,25.551,-68.816,-6.0907,40.226,-45.395,83.91,78.486,122.85,151.07,120.86
40.589,39.408,24.153,-53.759,-7.6099,32.721,-37.994,63.519,53.843,94.373,126.35,102.86
26.999,25.214,22.788,-38.997,-9.1245,25.491,-30.296,44.215,31.55,68.33,102.47,84.73
15.99,12.708,21.34,-26.018,-10.532,18.38,-22.868,25.765,11.295,44.661,79.803,66.466
8.299,2.2664,19.73,-15.782,-11.767,11.523,-16.418,8.1846,-7.1402,23.176,58.47,48.356
3.2026,-6.0438,17.946,-8.2712,-12.761,5.2934,-11.322,-8.0821,-23.766,3.8005,38.562,31.178
-0.19012,-12.432,16.051,-2.9088,-13.445,0.04857,-7.4708,-22.34,-38.45,-13.384,20.323,16.067
-2.4994,-17.262,14.152,0.95523,-13.798,-4.0938,-4.5017,-34.076,-51.074,-28.249,4.1443,3.9136
-4.1578,-20.93,12.364,3.8539,-13.872,-7.2587,-2.0551,-43.242,-61.655,-40.765,-9.6343,-5.1468
-5.5098,-23.781,10.773,6.1781,-13.787,-9.6753,0.10434,-50.183,-70.359,-51.059,-20.923,-11.627
-6.8221,-26.073,9.4225,8.1833,-13.702,-11.559,2.0635,-55.401,-77.464,-59.409,-29.933,-16.239
-8.2478,-27.968,8.3274,9.9978,-13.772,-13.061,3.8051,-59.38,-83.296,-66.172,-37.072,-19.593
-9.809,-29.548,7.4847,11.647,-14.108,-14.277,5.282,-62.518,-88.172,-71.73,-42.81,-22.117
-11.428,-30.852,6.8795,13.099,-14.739,-15.258,6.474,-65.111,-92.359,-76.427,-47.578,-24.096
-12.986,-31.907,6.4766,14.319,-15.611,-16.041,7.4013,-67.354,-96.044,-80.53,-51.715,-25.718
-14.373,-32.746,6.2155,15.298,-16.593,-16.664,8.1115,-69.352,-99.332,-84.202,-55.458,-27.108
-15.511,-33.414,6.0148,16.056,-17.526,-17.163,8.6641,-71.15,-102.26,-87.51,-58.95,-28.34
-16.358,-33.957,5.7881,16.635,-18.256,-17.577,9.1177,-72.754,-104.85,-90.461,-62.265,-29.446
-16.916,-34.416,5.4579,17.086,-18.67,-17.938,9.52,-74.162,-107.08,-93.035,-65.421,-30.428
-17.228,-34.826,4.9718,17.462,-18.724,-18.273,9.8997,-75.371,-108.99,-95.231,-68.407,-31.279
-17.374,-35.215,4.3207,17.806,-18.453,-18.593,10.264,-76.388,-110.59,-97.082,-71.197,-32.002
-17.446,-35.602,3.5528,18.151,-17.974,-18.9,10.599,-77.235,-111.95,-98.661,-73.761,-32.618
-17.526,-35.99,2.7618,18.507,-17.451,-19.188,10.881,-77.949,-113.13,-100.07,-76.075,-33.153
-17.67,-36.368,2.049,18.868,-17.03,-19.445,11.082,-78.577,-114.19,-101.4,-78.124,-33.621
-17.893,-36.712,1.4762,19.208,-16.779,-19.672,11.19,-79.159,-115.17,-102.73,-79.904,-34.007
-18.159,-36.999,1.0402,19.498,-16.662,-19.882,11.206,-79.717,-116.11,-104.05,-81.418,-34.275
-18.392,-37.221,0.67749,19.713,-16.563,-20.103,11.144,-80.258,-117.01,-105.35,-82.677,-34.394
-18.513,-37.391,0.29431,19.846,-16.345,-20.362,11.019,-80.772,-117.84,-106.57,-83.695,-34.363
-18.486,-37.539,-0.19198,19.915,-15.918,-20.679,10.848,-81.242,-118.58,-107.68,-84.491,-34.229
-18.337,-37.695,-0.81317,19.957,-15.3,-21.054,10.65,-81.642,-119.2,-108.63,-85.076,-34.066
-18.152,-37.88,-1.5322,20.009,-14.611,-21.468,10.446,-81.95,-119.68,-109.41,-85.459,-33.947
-18.043,-38.096,-2.2614,20.105,-14.04,-21.884,10.262,-82.153,-120.03,-110.02,-85.646,-33.914
-18.108,-38.332,-2.9098,20.262,-13.771,-22.264,10.123,-82.266,-120.27,-110.47,-85.652,-33.964
-18.383,-38.572,-3.4286,20.477,-13.905,-22.583,10.045,-82.334,-120.47,-110.79,-85.515,-34.058
-18.816,-38.801,-3.8247,20.721,-14.412,-22.833,10.023,-82.416,-120.71,-111.04,-85.295,-34.145
-19.281,-39.009,-4.1404,20.948,-15.135,-23.022,10.035,-82.572,-121.05,-111.27,-85.064,-34.181
-19.647,-39.185,-4.4264,21.109,-15.849,-23.169,10.049,-82.827,-121.51,-111.52,-84.866,-34.136
-19.841,-39.33,-4.7279,21.187,-16.342,-23.303,10.038,-83.163,-122.05,-111.79,-84.692,-33.988
-19.886,-39.453,-5.0779,21.211,-16.479,-23.459,9.9957,-83.515,-122.6,-112.06,-84.467,-33.726
-19.868,-39.577,-5.4826,21.246,-16.23,-23.661,9.942,-83.788,-123.05,-112.27,-84.053,-33.343
-19.861,-39.721,-5.9253,21.355,-15.626,-23.905,9.9106,-83.898,-123.3,-112.33,-83.303,-32.844
-19.883,-39.89,-6.3842,21.567,-14.705,-24.162,9.9284,-83.8,-123.29,-112.21,-82.112,-32.237
-19.904,-40.069,-6.833,21.859,-13.519,-24.39,10.001,-83.511,-123.03,-111.89,-80.476,-31.539
-19.888,-40.228,-7.2228,22.174,-12.169,-24.543,10.123,-83.104,-122.61,-111.42,-78.501,-30.785
-19.827,-40.335,-7.4776,22.445,-10.837,-24.583,10.29,-82.684,-122.11,-110.87,-76.382,-30.026
-19.748,-40.376,-7.5129,22.623,-9.7874,-24.484,10.511,-82.345,-121.66,-110.33,-74.344,-29.333
-19.719,-40.358,-7.2635,22.698,-9.3219,-24.243,10.796,-82.145,-121.3,-109.89,-72.579,-28.773
-19.834,-40.304,-6.6976,22.694,-9.6983,-23.887,11.14,-82.08,-121.03,-109.54,-71.2,-28.389
-20.172,-40.24,-5.8207,22.648,-11.031,-23.451,11.52,-82.089,-120.79,-109.24,-70.21,-28.176
-20.751,-40.176,-4.6776,22.59,-13.228,-22.971,11.908,-82.082,-120.49,-108.91,-69.524,-28.089
-21.497,-40.106,-3.3563,22.526,-15.985,-22.48,12.272,-81.98,-120.06,-108.46,-69.011,-28.054
-22.275,-40.016,-1.98,22.444,-18.868,-22.011,12.578,-81.757,-119.5,-107.87,-68.557,-28.004
-22.959,-39.894,-0.68327,22.342,-21.422,-21.611,12.782,-81.449,-118.85,-107.17,-68.099,-27.896
-23.498,-39.745,0.41942,22.242,-23.306,-21.327,12.843,-81.134,-118.22,-106.44,-67.635,-27.719
-23.947,-39.588,1.2569,22.196,-24.363,-21.188,12.736,-80.899,-117.71,-105.79,-67.214,-27.499
-24.416,-39.448,1.8182,22.268,-24.645,-21.191,12.463,-80.791,-117.37,-105.31,-66.899,-27.273
-24.994,-39.348,2.1678,22.502,-24.366,-21.306,12.059,-80.792,-117.19,-105.04,-66.73,-27.086
-25.69,-39.293,2.4222,22.893,-23.797,-21.483,11.581,-80.812,-117.05,-104.92,-66.699,-26.973
-26.429,-39.264,2.676,23.37,-23.16,-21.661,11.096,-80.705,-116.78,-104.82,-66.755,-26.957
-27.049,-39.206,2.9507,23.805,-22.579,-21.768,10.666,-80.299,-116.15,-104.54,-66.816,-27.044
-27.329,-39.039,3.2233,24.037,-22.086,-21.729,10.315,-79.425,-114.9,-103.8,-66.768,-27.202
-27.062,-38.66,3.4847,23.913,-21.676,-21.481,10.024,-77.891,-112.71,-102.23,-66.431,-27.343
-26.139,-37.955,3.7548,23.328,-21.339,-20.985,9.7728,-75.394,-109.11,-99.224,-65.479,-27.28
-24.54,-36.793,4.036,22.212,-21.038,-20.222,9.591,-71.314,-103.21,-93.714,-63.259,-26.684
-22.206,-35.009,4.2478,20.445,-20.654,-19.191,9.5789,-64.377,-93.494,-83.615,-58.362,-24.95
-18.799,-32.359,4.1976,17.72,-19.916,-17.92,9.8544,-52.807,-77.874,-65.803,-47.864,-20.839
-13.375,-28.49,3.6209,13.367,-18.353,-16.49,10.5,-39.927,-57.001,-42.594,-29.432,-12.142
-5.2171,-22.917,2.3016,6.355,-15.966,-15.05,11.562,-43.913,-45.174,-38.574,-19.422,-0.3983
-1.1838,-15.058,0.38889,-3.5661,-20.313,-13.774,13.069,-55.281,-55.407,-55.527,-35.374,-0.63493
-8.5021,-4.3319,0.3801,-13.263,-30.594,-12.753,15.052,-39.743,-51.058,-44.787,-36.439,-7.6022
-11.181,9.6701,15.659,-18.711,-34.515,-11.87,17.546,-2.6572,-9.5702,-0.78806,-12.069,-1.628
-5.3384,26.961,33.574,-23.628,-35.346,-10.842,20.645,47.942,56.041,68.117,33.64,16.404
8.5006,46.981,41.17,-36.677,-30.939,-9.5056,25.109,108.49,136.17,158.96,103.05,46.248
32.75,68.649,39.659,-60.328,-18.346,-8.1209,36.107,179.09,231.8,271.38,198.1,90.901
69.457,90.618,26.886,-92.098,5.3742,-7.3072,61.474,264.64,350.49,409.3,319.93,152.78
119.59,111.56,1.2359,-129.47,42.674,-7.5833,64.029,371.28,497.19,577.75,469.83,232.44
182.99,130.54,-38.474,-170.66,94.634,-8.9774,59.185,504.75,669.91,775.07,646.05,328.08
258.21,147.46,-92.198,-215.07,159.45,-11.14,55.181,666.91,864.05,990.3,839.17,435.31
342.93,163.04,-157.78,-263.48,234.09,-13.7,51.599,850.31,1067.7,1208,1034.8,548.47
434.9,178.29,-231.26,-316.71,316.4,-16.399,44.516,1036.3,1257.9,1410.1,1218.9,662.03
530.62,193.86,-307.26,-373.71,402.27,-19.048,27.826,1193.6,1403.3,1572.8,1377.2,770.09
624.06,209.92,-378.65,-431.28,485.32,-21.582,-4.8415,1285.1,1469.6,1669.3,1493.8,866.45
707.99,227.23,-437.24,-485.56,557.73,-24.195,-57.441,1280.5,1429.2,1676.5,1554,944.84
775.25,249.13,-475.75,-532.89,611.71,-27.473,-128.61,1167,1271.2,1582.3,1546.8,999.18
819.7,280.88,-489.58,-569.48,641.58,-32.687,-210.84,952.49,1004.9,1388,1467.9,1024.3
836.67,317.97,-478.08,-591.07,644.85,-40.404,-292.46,660,653.72,1106.9,1320.3,1016.9
822.88,343.73,-444.66,-592.99,621.72,-37.153,-361.26,317,246.41,758.05,1112.8,975.47
776.56,348.34,-395.44,-570.93,574.24,-18.065,-408.07,-52.544,-189.82,361.83,857.73,900.85
698.45,329.1,-337.8,-522.35,506.21,-2.4271,-428.14,-429.78,-631.25,-60.957,570.19,795.95
593.18,285.08,-279.61,-448.04,423.66,1.3948,-421.02,-796.55,-1055.1,-487.19,267.56,666.23
470,217.31,-229.32,-352.92,335.31,-10.087,-389.14,-1130.1,-1436.6,-889.85,-30.885,519.53
341.74,129.64,-195.12,-245.27,251.99,-38.478,-336.7,-1403,-1749.8,-1239.8,-305.74,365.32
221.5,28.566,-181.99,-134.73,183.69,-83.134,-269.17,-1588.7,-1972.1,-1510.9,-540.05,213.36
118.82,-77.565,-189.28,-30.054,135.57,-140.52,-193.24,-1671.7,-2090.7,-1686.3,-721.51,72.491
37.887,-179.6,-212.02,62.246,107.41,-203.59,-116.61,-1653.1,-2107.4,-1762.6,-844.03,-49.92
-21.629,-268.84,-241.57,138.05,94.622,-262.5,-47.084,-1550.8,-2038.4,-1751.1,-908.79,-148.48
-63.261,-338.35,-264.88,195.33,89.233,-307.8,9.0624,-1393.2,-1907.8,-1672.1,-923.68,-220.63
-92.195,-384.06,-270.73,233.86,83.339,-333.92,48.383,-1210.4,-1740.9,-1549.1,-900.76,-267.34
-113.15,-405.22,-259.31,255.2,72.819,-340.26,70.198,-1027.4,-1558.1,-1402.5,-852.84,-292.71
-128.94,-404.83,-239.57,262.59,57.81,-329.99,75.8,-860.79,-1373.7,-1247.3,-790.28,-302.56
-140.36,-388.61,-219.51,260.3,40.651,-308.52,68.61,-718.34,-1198.6,-1092.7,-717.63,-302.63
-142.86,-359.58,-202.22,251.36,27.4,-281.98,54.183,-602.14,-1043.9,-950.41,-637.31,-295.96
-116.46,-321.44,-188.22,231.12,24.164,-256.51,38.748,-510.13,-915.41,-834.71,-567.99,-276.91
-92.005,-294.27,-177.74,204.18,20.055,-238.8,25.799,-435.88,-807.5,-744.42,-520.22,-244.65
-86.266,-282.78,-171.02,189.67,14.794,-230.75,21.378,-373.29,-713.54,-669.32,-486.56,-222.53
-86.081,-277.92,-167.65,183.6,10.018,-227.78,23.064,-319.61,-632.27,-603.25,-459.03,-211.86
-86.47,-274.62,-166.12,180.16,6.1687,-225.77,26.162,-273.48,-565.19,-545.85,-433.03,-205.55
-86.292,-271.2,-164.66,177.3,3.2102,-223.09,29.182,-234,-511.57,-498.36,-406.46,-200.43
-85.359,-267.33,-162.35,174.35,1.0705,-219.4,30.784,-201.68,-467.93,-459.26,-379.14,-195.45
-83.71,-263.19,-159.49,171.16,-0.2029,-215.13,30.534,-178.01,-429.95,-424.46,-352.41,-190.31
-81.455,-259.1,-156.8,167.71,-0.50955,-211.05,28.801,-162.87,-394.17,-390.81,-328.1,-185.03
-78.737,-255.3,-154.76,164.08,0.17564,-207.72,26.224,-152.27,-359.27,-358.11,-307.25,-179.7
-75.687,-251.9,-153.49,160.38,1.7762,-205.28,23.337,-142.33,-325.95,-327.6,-289.75,-174.38
-72.382,-248.87,-152.91,156.64,4.1652,-203.56,20.429,-133.04,-295.57,-300.14,-274.84,-169.07
-68.827,-246.07,-152.92,152.84,7.2106,-202.32,17.621,-125.25,-269.22,-276.05,-261.68,-163.65
-64.99,-243.3,-153.38,148.83,10.767,-201.34,15.006,-119.13,-247.33,-255.4,-249.72,-157.99
-60.871,-240.31,-154.13,144.43,14.629,-200.41,12.681,-114.49,-229.6,-238.06,-238.69,-152
-56.573,-236.9,-155.01,139.55,18.502,-199.4,10.678,-111.1,-215.4,-223.64,-228.59,-145.67
-52.314,-232.91,-155.82,134.17,22.041,-198.19,9.0296,-108.77,-204,-211.63,-219.5,-139.1
-48.372,-228.24,-156.37,128.39,24.918,-196.67,7.8463,-107.28,-194.75,-201.47,-211.41,-132.39
-44.958,-222.79,-156.49,122.34,26.901,-194.73,7.1458,-106.36,-187.11,-192.66,-204.08,-125.62
-42.122,-216.38,-156.01,116.09,27.937,-192.23,6.794,-105.73,-180.64,-184.82,-197.12,-118.82
-39.763,-208.81,-154.79,109.54,28.16,-188.97,6.8613,-105.11,-175.05,-177.71,-190.07,-111.98
-37.714,-199.84,-152.65,102.53,27.768,-184.77,7.9822,-104.3,-170.12,-171.25,-182.66,-105.14
-35.849,-189.3,-149.39,94.968,26.813,-179.44,11.108,-103.19,-165.74,-165.45,-174.9,-98.457
-34.146,-177.2,-144.77,86.979,25.121,-172.86,16.661,-101.79,-161.79,-160.28,-167.08,-92.198
-32.668,-163.77,-138.46,78.928,22.428,-164.95,24.327,-100.17,-158.18,-155.68,-159.61,-86.65
-31.517,-149.47,-130.13,71.279,18.584,-155.63,33.785,-98.407,-154.74,-151.5,-152.79,-82.004
-30.768,-134.88,-119.52,64.431,13.673,-144.86,45.099,-96.563,-151.32,-147.52,-146.64,-78.244
-30.421,-120.6,-106.62,58.567,8.0263,-132.63,58.481,-94.642,-147.76,-143.57,-140.93,-75.164
-30.388,-107.16,-91.742,53.647,2.1359,-119.02,73.741,-92.64,-144.01,-139.55,-135.3,-72.438
-30.517,-94.892,-75.458,49.487,-3.467,-104.23,89.756,-90.568,-140.07,-135.49,-129.48,-69.739
-30.659,-83.956,-58.557,45.869,-8.3496,-88.595,104.53,-88.468,-136.07,-131.53,-123.42,-66.837
-30.731,-74.393,-42.048,42.634,-12.285,-72.671,115.96,-86.395,-132.09,-127.82,-117.34,-63.648
-30.732,-66.224,-27.235,39.708,-15.278,-57.339,122.47,-84.399,-128.22,-124.47,-111.59,-60.224
-30.709,-59.472,-15.581,37.081,-17.486,-43.937,123.26,-82.508,-124.5,-121.54,-106.47,-56.722
-30.707,-54.109,-7.9668,34.758,-19.109,-33.881,118.36,-80.731,-120.9,-118.99,-102.14,-53.341
-30.74,-49.994,-3.7809,32.725,-20.34,-27.61,108.53,-79.06,-117.37,-116.75,-98.621,-50.267
-30.783,-46.887,-1.2863,30.94,-21.371,-24.208,95.119,-77.476,-113.86,-114.72,-95.801,-47.635
-30.787,-44.525,0.90913,29.353,-22.381,-22.367,80.02,-75.946,-110.29,-112.77,-93.541,-45.497
-30.717,-42.685,3.2388,27.927,-23.508,-21.206,65.396,-74.423,-106.59,-110.8,-91.692,-43.821
-30.578,-41.21,5.6033,26.652,-24.825,-20.317,52.939,-72.852,-102.66,-108.72,-90.125,-42.494
-30.424,-40.003,7.8387,25.542,-26.349,-19.546,43.26,-71.18,-98.445,-106.46,-88.748,-41.339
-30.338,-39.012,9.8821,24.62,-28.042,-18.846,36.03,-69.36,-93.857,-103.96,-87.506,-40.165
-30.386,-38.212,11.752,23.902,-29.814,-18.197,30.488,-67.337,-88.83,-101.17,-86.362,-38.838
-30.573,-37.578,13.49,23.381,-31.519,-17.588,25.818,-65.047,-83.303,-98.009,-85.268,-37.323
-30.827,-37.071,15.104,23.024,-32.959,-17.003,21.451,-62.413,-77.231,-94.386,-84.144,-35.679
-31.014,-36.637,16.561,22.771,-33.933,-16.418,17.305,-59.34,-70.563,-90.2,-82.857,-33.998
-30.997,-36.204,17.82,22.552,-34.308,-15.8,13.622,-55.699,-63.21,-85.333,-81.249,-32.354
-30.696,-35.696,18.898,22.296,-34.104,-15.1,10.509,-51.28,-54.989,-79.623,-79.165,-30.772
-30.135,-35.038,19.895,21.956,-33.502,-14.244,7.8552,-45.746,-45.594,-72.809,-76.463,-29.214
-29.422,-34.147,20.973,21.498,-32.781,-13.13,5.5343,-38.602,-34.614,-64.52,-73.018,-27.601
-28.676,-32.94,22.272,20.891,-32.207,-11.635,3.4991,-29.269,-21.635,-54.287,-68.708,-25.837
-27.914,-31.329,23.818,20.08,-31.914,-9.6486,1.7182,-17.218,-6.3558,-41.611,-63.392,-23.824
-27,-29.241,25.495,18.976,-31.841,-7.1222,0.083085,-2.2301,11.222,-26.11,-56.888,-21.465
-25.691,-26.619,27.099,17.462,-31.766,-4.1198,-1.6301,15.348,30.77,-7.6791,-48.975,-18.64
-23.774,-23.417,28.448,15.406,-31.434,-0.80142,-3.7482,34.643,51.734,13.404,-39.415,-15.172
-21.17,-19.571,29.474,12.66,-30.708,2.6759,-6.6528,54.662,73.563,36.564,-27.996,-10.798
-17.902,-14.977,30.232,9.0457,-29.627,6.2634,-10.642,74.705,95.91,61.145,-14.554,-5.1664
-13.949,-9.5061,30.855,4.3646,-28.321,10.04,-15.695,94.534,118.72,86.646,1.0454,2.1006
-9.1463,-3.0433,31.469,-1.5677,-26.89,14.141,-21.349,114.31,142.13,112.82,18.956,11.28
-3.2153,4.4884,32.118,-8.8673,-25.325,18.688,-26.964,134.4,166.31,139.59,39.363,22.452
4.121,13.136,32.745,-17.56,-23.508,23.772,-32.145,155.04,191.21,166.83,62.377,35.509
12.99,22.948,33.23,-27.589,-21.261,29.466,-36.879,176.19,216.49,194.17,87.841,50.224
23.264,33.98,33.457,-38.822,-18.419,35.851,-41.372,197.5,241.58,220.98,115.17,66.3
34.588,46.247,33.363,-51.047,-14.895,42.969,-45.846,218.49,265.85,246.56,143.37,83.355
46.509,59.648,32.963,-63.981,-10.732,50.761,-50.425,238.81,288.89,270.38,171.3,100.92
58.61,73.927,32.35,-77.303,-6.1003,59.026,-55.1,258.36,310.55,292.31,197.93,118.47
70.568,88.688,31.68,-90.702,-1.261,67.438,-59.779,277.23,330.89,312.5,222.57,135.58
82.175,103.43,31.121,-103.91,3.5013,75.622,-64.36,295.5,349.95,331.23,244.93,151.93
93.336,117.65,30.805,-116.72,7.951,83.224,-68.805,313.02,367.63,348.63,265.05,167.38
104.07,130.89,30.789,-129,11.966,89.984,-73.178,329.32,383.69,364.64,283.12,181.94
114.49,142.91,31.058,-140.71,15.563,95.781,-77.627,343.76,397.84,379.05,299.4,195.74
124.77,153.65,31.552,-151.82,18.866,100.66,-82.315,355.89,409.91,391.7,314.08,208.97
135.08,163.24,32.206,-162.38,22.037,104.81,-87.301,365.68,419.97,402.56,327.3,221.75
145.37,171.87,32.978,-172.31,25.165,108.49,-92.426,373.48,428.29,411.8,339.15,234.02
155.28,179.7,33.861,-181.49,28.178,111.99,-97.308,379.83,435.27,419.76,349.75,245.52
164.23,186.85,34.855,-189.68,30.893,115.51,-101.54,385.31,441.33,426.85,359.22,255.94
171.8,193.31,35.93,-196.73,33.213,119.06,-104.92,390.36,446.76,433.43,367.75,265.07
177.95,199.07,37.001,-202.63,35.26,122.57,-107.5,395.16,451.72,439.71,375.48,272.92
182.96,204.16,37.95,-207.55,37.264,125.85,-109.48,399.66,456.19,445.71,382.5,279.7
187.23,208.63,38.685,-211.73,39.373,128.8,-111.14,403.7,460.08,451.33,388.82,285.68
191.08,212.58,39.185,-215.39,41.597,131.36,-112.67,407.08,463.25,456.37,394.42,291.16
194.7,216.03,39.492,-218.67,43.854,133.52,-114.22,409.7,465.65,460.69,399.26,296.28
198.12,219,39.674,-221.58,46.044,135.3,-115.81,411.58,467.25,464.2,403.33,301.08
201.27,221.45,39.778,-224.12,48.103,136.7,-117.42,412.8,468.1,466.91,406.66,305.49
204.08,223.38,39.813,-226.26,50.009,137.76,-118.96,413.46,468.25,468.86,409.28,309.39
206.52,224.82,39.76,-227.98,51.748,138.48,-120.38,413.58,467.7,470.11,411.19,312.68
208.53,225.82,39.602,-229.32,53.275,138.92,-121.63,413.1,466.41,470.68,412.41,315.3
210.08,226.45,39.331,-230.27,54.503,139.1,-122.69,411.88,464.32,470.51,412.92,317.25
211.08,226.74,38.957,-230.82,55.334,139.06,-123.53,409.71,461.27,469.51,412.66,318.53
211.4,226.68,38.498,-230.91,55.699,138.81,-124.09,406.39,457.15,467.51,411.56,319.13
210.93,226.24,37.975,-230.45,55.587,138.35,-124.26,401.78,451.8,464.32,409.45,318.94
209.59,225.31,37.415,-229.35,55.033,137.66,-123.93,395.74,445.08,459.81,406.15,317.71
207.33,223.8,36.851,-227.5,54.068,136.67,-122.96,388.11,436.78,453.84,401.51,315.05
204.09,221.54,36.314,-224.79,52.674,135.31,-121.29,378.65,426.68,446.27,395.45,310.59
199.8,218.41,35.829,-221.09,50.789,133.49,-118.93,367.03,414.47,436.93,387.95,304.17
194.41,214.28,35.392,-216.32,48.36,131.13,-115.94,352.86,399.82,425.58,379.01,295.94
187.92,209.09,34.978,-210.48,45.375,128.19,-112.42,335.92,382.44,411.94,368.57,286.18
180.39,202.83,34.551,-203.57,41.865,124.65,-108.41,316.37,362.21,395.76,356.53,275.03
171.83,195.48,34.087,-195.6,37.882,120.52,-103.94,294.84,339.28,376.93,342.74,262.35
162.21,187.02,33.582,-186.54,33.518,115.81,-98.951,272.3,314.1,355.6,327.13,247.87
151.58,177.39,33.032,-176.34,28.929,110.51,-93.403,249.59,287.26,332.12,309.7,231.55
140.16,166.57,32.411,-165.07,24.326,104.58,-87.299,227.19,259.33,306.91,290.59,213.75
128.35,154.56,31.67,-153,19.915,97.965,-80.761,205.12,230.64,280.29,270,195.23
116.54,141.52,30.761,-140.48,15.826,90.654,-74.008,183.2,201.34,252.33,248.22,176.72
104.98,127.64,29.668,-127.8,12.082,82.714,-67.26,161.24,171.59,222.97,225.57,158.62
93.646,113.05,28.417,-115.09,8.6285,74.279,-60.638,139.19,141.76,192.27,202.36,140.9
82.337,97.81,27.072,-102.24,5.3939,65.508,-54.132,117.23,112.48,160.66,178.84,123.28
70.795,81.951,25.71,-89.043,2.3415,56.54,-47.642,95.622,84.495,129.05,155.26,105.41
58.93,65.716,24.396,-75.419,-0.51577,47.503,-41.072,74.632,58.472,98.669,131.92,87.153
47.045,49.682,23.154,-61.583,-3.1313,38.563,-34.414,54.414,34.806,70.638,109.25,68.777
35.807,34.644,21.955,-48.122,-5.4356,29.963,-27.809,35.094,13.639,45.617,87.782,51.07
25.868,21.304,20.734,-35.759,-7.3491,21.999,-21.513,16.89,-5.0587,23.748,68.024,35.115
17.557,10.027,19.423,-25.028,-8.8189,14.921,-15.804,0.18672,-21.396,4.8302,50.27,21.762
10.886,0.82855,17.984,-16.145,-9.8583,8.8584,-10.869,-14.56,-35.525,-11.464,34.534,11.23
5.6695,-6.5061,16.428,-9.0458,-10.558,3.8025,-6.7626,-27.032,-47.634,-25.453,20.609,3.1552
1.6096,-12.296,14.813,-3.4838,-11.072,-0.34318,-3.4243,-37.191,-57.951,-37.401,8.2303,-3.0736
-1.6466,-16.883,13.23,0.87582,-11.588,-3.7125,-0.72833,-45.252,-66.703,-47.528,-2.7957,-8.0163
-4.4286,-20.573,11.774,4.3635,-12.279,-6.4483,1.4682,-51.558,-74.092,-56.023,-12.55,-12.041
-6.9611,-23.601,10.501,7.2328,-13.24,-8.695,3.2854,-56.465,-80.293,-63.08,-21.058,-15.336
-9.3236,-26.127,9.3952,9.6343,-14.442,-10.591,4.8002,-60.303,-85.477,-68.915,-28.364,-18.005
-11.474,-28.245,8.3653,11.638,-15.726,-12.25,6.05,-63.364,-89.829,-73.775,-34.569,-20.12
-13.309,-30.01,7.2932,13.279,-16.845,-13.749,7.0511,-65.902,-93.55,-77.925,-39.829,-21.751
-14.734,-31.465,6.0895,14.587,-17.547,-15.12,7.8155,-68.116,-96.829,-81.598,-44.325,-22.971
-15.705,-32.656,4.7305,15.608,-17.662,-16.364,8.3638,-70.131,-99.808,-84.961,-48.242,-23.886
-16.261,-33.635,3.2619,16.409,-17.154,-17.474,8.7315,-72.001,-102.57,-88.095,-51.741,-24.626
-16.515,-34.462,1.7742,17.069,-16.14,-18.437,8.9677,-73.726,-105.12,-91.006,-54.949,-25.324
-16.615,-35.189,0.36967,17.665,-14.849,-19.245,9.1251,-75.271,-107.43,-93.657,-57.948,-26.071
-16.693,-35.855,-0.86796,18.248,-13.542,-19.9,9.2474,-76.597,-109.48,-96.001,-60.779,-26.899
-16.828,-36.479,-1.8979,18.832,-12.417,-20.416,9.3609,-77.682,-111.23,-98.017,-63.445,-27.79
-17.04,-37.064,-2.7311,19.397,-11.561,-20.821,9.4749,-78.543,-112.71,-99.728,-65.921,-28.699
-17.299,-37.598,-3.4134,19.907,-10.962,-21.151,9.5845,-79.238,-113.99,-101.2,-68.167,-29.581
-17.548,-38.061,-3.989,20.322,-10.562,-21.437,9.6747,-79.843,-115.16,-102.52,-70.154,-30.397
-17.73,-38.427,-4.471,20.608,-10.299,-21.689,9.7297,-80.425,-116.29,-103.75,-71.882,-31.124
-17.816,-38.671,-4.8384,20.753,-10.152,-21.899,9.743,-81.02,-117.42,-104.95,-73.383,-31.758
-17.825,-38.786,-5.0509,20.772,-10.158,-22.052,9.7244,-81.623,-118.53,-106.09,-74.706,-32.317
-17.823,-38.791,-5.0685,20.709,-10.398,-22.133,9.6988,-82.191,-119.57,-107.14,-75.881,-32.841
-17.91,-38.727,-4.8665,20.628,-10.951,-22.139,9.6987,-82.662,-120.47,-108.02,-76.897,-33.374
-18.188,-38.653,-4.4425,20.6,-11.85,-22.075,9.7518,-82.976,-121.14,-108.67,-77.707,-33.934
-18.724,-38.628,-3.8183,20.679,-13.069,-21.951,9.8701,-83.105,-121.58,-109.08,-78.263,-34.489
-19.52,-38.69,-3.0379,20.892,-14.518,-21.778,10.047,-83.066,-121.79,-109.28,-78.558,-34.97
-20.502,-38.843,-2.1635,21.224,-16.06,-21.56,10.263,-82.924,-121.88,-109.36,-78.649,-35.306
-21.548,-39.061,-1.2702,21.632,-17.534,-21.308,10.497,-82.769,-121.92,-109.4,-78.638,-35.473
-22.524,-39.3,-0.43823,22.058,-18.785,-21.044,10.73,-82.683,-122.01,-109.51,-78.641,-35.496
-23.331,-39.519,0.25707,22.455,-19.702,-20.805,10.949,-82.711,-122.19,-109.71,-78.747,-35.428
-23.929,-39.691,0.75328,22.797,-20.235,-20.633,11.154,-82.854,-122.44,-110,-78.995,-35.314
-24.341,-39.812,1.0068,23.085,-20.403,-20.56,11.348,-83.069,-122.73,-110.34,-79.367,-35.17
-24.632,-39.897,1.0013,23.336,-20.282,-20.602,11.536,-83.29,-122.98,-110.65,-79.794,-34.996
-24.872,-39.965,0.75499,23.57,-19.981,-20.758,11.709,-83.447,-123.12,-110.86,-80.174,-34.787
-25.103,-40.03,0.31962,23.792,-19.607,-21.01,11.85,-83.495,-123.13,-110.92,-80.405,-34.552
-25.317,-40.092,-0.23253,23.991,-19.227,-21.32,11.934,-83.426,-123.02,-110.83,-80.41,-34.311
-25.458,-40.136,-0.82886,24.131,-18.86,-21.643,11.939,-83.272,-122.83,-110.62,-80.17,-34.081
-25.451,-40.142,-1.4146,24.175,-18.478,-21.936,11.856,-83.084,-122.63,-110.35,-79.721,-33.859
-25.246,-40.1,-1.964,24.108,-18.033,-22.179,11.695,-82.906,-122.48,-110.09,-79.14,-33.619
-24.854,-40.022,-2.4803,23.953,-17.485,-22.379,11.482,-82.764,-122.41,-109.91,-78.519,-33.334
-24.349,-39.944,-2.9808,23.768,-16.822,-22.557,11.246,-82.658,-122.4,-109.82,-77.938,-32.997
-23.844,-39.91,-3.4738,23.629,-16.076,-22.73,11.015,-82.571,-122.43,-109.8,-77.46,-32.631
-23.446,-39.951,-3.9401,23.591,-15.316,-22.894,10.809,-82.477,-122.45,-109.84,-77.125,-32.286
-23.204,-40.062,-4.3345,23.66,-14.623,-23.023,10.643,-82.35,-122.41,-109.89,-76.947,-32.014
-23.093,-40.196,-4.6046,23.788,-14.07,-23.081,10.528,-82.176,-122.29,-109.93,-76.915,-31.857
-23.025,-40.29,-4.7107,23.888,-13.707,-23.035,10.467,-81.964,-122.1,-109.94,-76.988,-31.832
-22.901,-40.283,-4.6344,23.877,-13.561,-22.868,10.456,-81.742,-121.88,-109.92,-77.108,-31.921
-22.667,-40.155,-4.3777,23.714,-13.639,-22.583,10.477,-81.55,-121.68,-109.9,-77.209,-32.07
-22.345,-39.925,-3.9613,23.424,-13.923,-22.204,10.507,-81.419,-121.55,-109.89,-77.236,-32.207
-22.012,-39.642,-3.4206,23.072,-14.374,-21.775,10.521,-81.357,-121.52,-109.93,-77.16,-32.266
-21.755,-39.356,-2.7979,22.733,-14.933,-21.342,10.505,-81.328,-121.55,-110.01,-76.981,-32.22
-21.62,-39.086,-2.1262,22.454,-15.52,-20.946,10.463,-81.247,-121.53,-110.06,-76.717,-32.087
-21.594,-38.81,-1.415,22.235,-16.051,-20.597,10.419,-80.989,-121.29,-109.95,-76.37,-31.909
-21.611,-38.472,-0.6484,22.035,-16.442,-20.271,10.394,-80.398,-120.58,-109.47,-75.886,-31.714
-21.572,-37.999,0.20153,21.791,-16.629,-19.912,10.376,-79.299,-119.13,-108.38,-75.124,-31.479
-21.373,-37.32,1.1485,21.434,-16.583,-19.44,10.323,-77.488,-116.62,-106.33,-73.841,-31.116
-20.918,-36.373,2.1616,20.899,-16.312,-18.777,10.21,-74.656,-112.6,-102.85,-71.654,-30.468
-20.117,-35.1,3.139,20.117,-15.858,-17.867,10.1,-70.199,-106.32,-97.045,-67.92,-29.293
-18.831,-33.409,3.9025,18.964,-15.257,-16.704,10.156,-62.878,-96.436,-87.129,-61.342,-27.177
-16.74,-31.131,4.2201,17.16,-14.451,-15.346,10.583,-50.838,-80.957,-70.159,-49.258,-23.23
-12.959,-27.956,3.8525,14.094,-13.14,-13.917,11.519,-36.521,-59.851,-46.858,-29.353,-15.636
-5.9748,-23.395,2.6582,8.6115,-11.425,-12.579,13.006,-38.017,-45.389,-38.523,-15.899,-4.0746
-0.77976,-16.769,1.0182,-0.44095,-17.9,-11.474,15.017,-52.27,-53.835,-54.978,-30.776,-0.20679
-8.2888,-7.2977,2.7849,-11.047,-29.135,-10.638,17.502,-40.627,-53.244,-48.91,-36.299,-7.546
-12.188,5.6609,20.4,-17.378,-35.44,-9.939,20.427,-5.3211,-15.453,-8.6204,-15.015,-5.0885
-7.7403,22.227,36.342,-20.934,-38.464,-9.1526,23.842,44.02,48.176,57.232,27.948,10.411
4.5593,41.751,43.447,-31.343,-35.234,-8.1734,28.384,103.68,127.07,145.52,94.376,37.471
27.063,63.017,41.419,-52.477,-22.618,-7.2136,38.191,173.53,221.5,255.93,186.45,78.648
61.863,84.704,27.864,-82.167,1.8895,-6.767,60.974,258.22,338.84,392.3,304.97,136.41
110.09,105.63,1.5783,-118.03,39.721,-7.294,64.793,363.9,484.25,559.78,450.45,211.6
171.9,124.89,-37.932,-158.32,91.605,-8.8766,59.865,496.54,655.69,756.96,621.33,303.15
246.09,142.15,-90.663,-202.12,156.58,-11.209,55.622,658.38,848.92,973.03,810.1,407.93
329.65,157.83,-155.12,-249.69,231.36,-13.906,52.049,842.1,1053,1192.5,1004.3,521.09
419.94,172.85,-227.83,-301.69,313.8,-16.698,45.56,1029.1,1245.4,1397.2,1190.7,637.09
514.44,188.02,-303.7,-357.58,399.71,-19.409,30.368,1188.5,1395.2,1563.6,1354.5,749.4
607.91,203.75,-375.85,-414.91,482.76,-21.943,0.25941,1283,1468.1,1664.9,1479.1,850.66
693.64,220.61,-436.26,-470.29,555.88,-24.392,-49.254,1281.9,1435.8,1677.8,1549,933.72
764.7,241.07,-477.57,-520.12,612.13,-27.105,-117.98,1172.1,1286.4,1589.4,1552.7,992.29
814.6,270.09,-494.8,-560.53,645.69,-30.829,-199.37,960.87,1027.4,1400.7,1485.6,1021.6
837.99,306.88,-486.67,-587.14,653.17,-36.749,-281.98,670.96,681.09,1124,1349.6,1018.6
830.97,337.34,-455.94,-595.11,634.03,-39.463,-353.27,329.68,276.18,778.11,1152.6,981.83
791.52,349.1,-408.54,-579.84,590.18,-25.068,-403.68,-38.968,-159.7,383.29,905.72,911.47
720.31,337.62,-352.04,-538.31,525.8,-7.2251,-427.98,-416.1,-602.34,-39.686,623.13,809.61
621.65,301.31,-294.1,-470.61,447.03,1.148,-425.01,-783.72,-1028.8,-467.62,321.56,681.19
503.91,240.54,-242,-380.92,361.68,-4.7745,-396.72,-1119.3,-1414.4,-873.25,20.131,534.17
378.53,158.47,-203.14,-276.86,278.82,-27.812,-347.17,-1395.3,-1733.1,-1227,-261.19,378.59
257.42,61.002,-183.85,-167.54,207.1,-68.46,-281.88,-1585.1,-1961.5,-1502.2,-504.24,224.88
150.06,-44.064,-185.78,-61.499,152.05,-123.6,-207.52,-1672.1,-2086.1,-1681.4,-695.24,82.362
61.989,-147.96,-204.67,34.488,115.69,-186.34,-131.48,-1657,-2108,-1761.1,-826.92,-41.49
-5.1304,-241.89,-232.16,115.66,96.554,-247.19,-61.135,-1557.6,-2043,-1752,-899.64,-141.43
-53.118,-318.25,-255.4,179.18,88.867,-296.51,-2.695,-1402.2,-1915.1,-1674.8,-920.7,-214.93
-86.239,-371.85,-260.36,224.06,84.476,-327.49,39.76,-1221,-1749.5,-1552.6,-901.72,-262.77
-109.54,-400.76,-246.65,251.08,76.542,-338.18,64.932,-1039.1,-1566.5,-1405.9,-855.32,-288.86
-126.98,-406.79,-225.67,262.89,62.336,-331.06,73.8,-873.08,-1380.2,-1249.6,-791.72,-299
-140.45,-395.08,-205.51,263.55,43.205,-310.99,69.251,-730.87,-1201.1,-1092.7,-713.74,-298.86
-150.01,-369.94,-188.24,257.28,22.74,-283.3,56.287,-614.46,-1041.6,-947.15,-622.13,-289.15
-151.13,-332.23,-174.1,244.42,7.6642,-254.21,41.248,-521.71,-909.44,-828.95,-545.32,-259.63
-135.74,-299.18,-163.63,221.09,0.12326,-233.24,29.946,-446.4,-799.97,-737.57,-496.08,-223.02
-121.11,-283.87,-157.37,201.8,-4.6849,-224.09,29.523,-382.47,-706.11,-662.31,-462.16,-205.01
-114.65,-277.97,-155.02,192.8,-7.4563,-221.25,32.76,-327.3,-625.92,-596.66,-433.82,-197.47
-111.26,-274.72,-155.17,188.43,-8.2784,-219.69,35.859,-279.87,-560,-540,-406.5,-192.64
-108.1,-271.73,-156.09,185.5,-7.7672,-217.35,37.989,-239.25,-507.05,-493.1,-378.66,-188.04
-104.33,-268.43,-156.4,182.86,-6.6916,-213.88,38.113,-205.69,-463.44,-453.9,-350.7,-183.02
-100.02,-264.87,-155.7,180.1,-5.5189,-209.8,36.162,-180.71,-424.71,-417.88,-324.02,-177.44
-95.524,-261.2,-154.51,177.03,-4.3209,-205.96,32.752,-164.82,-387.13,-381.72,-299.92,-171.34
-91.179,-257.53,-153.27,173.58,-3.0118,-202.88,28.68,-154.6,-349.38,-345.89,-278.84,-164.81
-87.059,-253.84,-152.09,169.73,-1.5423,-200.63,24.587,-145.36,-312.86,-312.6,-260.53,-157.98
-82.978,-250.07,-151.02,165.48,0.10232,-198.97,20.86,-136.4,-280.05,-283.39,-244.54,-150.96
-78.646,-246.18,-150.14,160.84,1.9747,-197.68,17.689,-128.72,-252.78,-258.9,-230.54,-143.87
-73.887,-242.12,-149.59,155.84,4.1703,-196.57,15.105,-122.69,-231.34,-239.03,-218.29,-136.85
-68.791,-237.82,-149.45,150.49,6.7332,-195.5,13.021,-118.17,-214.9,-223.22,-207.68,-130.04
-63.686,-233.18,-149.7,144.82,9.5397,-194.32,11.385,-114.91,-202.25,-210.64,-198.54,-123.55
-58.953,-228.04,-150.14,138.9,12.293,-192.83,10.269,-112.63,-192.31,-200.42,-190.65,-117.48
-54.865,-222.25,-150.44,132.88,14.647,-190.85,9.6983,-111.08,-184.23,-191.8,-183.62,-111.87
-51.543,-215.66,-150.22,126.92,16.316,-188.19,9.5047,-109.96,-177.43,-184.18,-176.97,-106.66
-48.98,-208.13,-149.13,121.16,17.121,-184.65,9.5183,-109,-171.54,-177.18,-170.2,-101.72
-47.06,-199.57,-146.93,115.59,17.051,-180.02,9.892,-107.95,-166.33,-170.61,-163.01,-96.865
-45.576,-189.9,-143.41,110.03,16.302,-174.12,11.323,-106.65,-161.66,-164.46,-155.39,-91.986
-44.289,-179.02,-138.39,104.16,15.176,-166.81,14.806,-105.02,-157.47,-158.81,-147.62,-87.066
-43.021,-166.78,-131.66,97.689,13.838,-158.02,20.673,-103.08,-153.66,-153.73,-140.09,-82.189
-41.723,-153.15,-123.03,90.492,12.149,-147.69,28.372,-100.92,-150.15,-149.24,-133.17,-77.496
-40.471,-138.34,-112.29,82.697,9.7546,-135.85,37.472,-98.642,-146.82,-145.28,-127.08,-73.128
-39.409,-122.93,-99.387,74.732,6.3356,-122.55,48.137,-96.321,-143.54,-141.75,-121.86,-69.172
-38.697,-107.84,-84.466,67.18,1.7968,-107.9,60.761,-94.014,-140.24,-138.52,-117.36,-65.642
-38.461,-94.081,-67.953,60.564,-3.7059,-92.151,75.341,-91.739,-136.86,-135.48,-113.37,-62.483
-38.764,-82.41,-50.642,55.168,-9.8379,-75.933,90.934,-89.503,-133.41,-132.54,-109.67,-59.597
-39.575,-73.068,-33.721,50.995,-16.164,-60.368,105.74,-87.31,-129.95,-129.69,-106.08,-56.888
-40.761,-65.829,-18.581,47.821,-22.204,-46.783,117.83,-85.18,-126.52,-126.94,-102.55,-54.306
-42.098,-60.235,-6.3968,45.319,-27.488,-36.095,125.73,-83.14,-123.19,-124.36,-99.138,-51.865
-43.339,-55.822,2.3124,43.162,-31.652,-28.466,128.59,-81.213,-119.96,-121.99,-95.942,-49.623
-44.297,-52.246,7.9075,41.12,-34.557,-23.46,126.16,-79.409,-116.82,-119.86,-93.068,-47.645
-44.917,-49.3,11.426,39.107,-36.331,-20.405,118.73,-77.712,-113.69,-117.9,-90.575,-45.971
-45.262,-46.874,13.974,37.166,-37.3,-18.641,107.19,-76.084,-110.44,-116.01,-88.454,-44.59
-45.453,-44.902,16.197,35.398,-37.814,-17.651,92.973,-74.465,-106.96,-114.05,-86.643,-43.433
-45.571,-43.326,18.212,33.889,-38.098,-17.087,78.019,-72.792,-103.12,-111.92,-85.05,-42.39
-45.595,-42.081,19.858,32.649,-38.205,-16.753,64.245,-71.006,-98.838,-109.56,-83.568,-41.353
-45.389,-41.095,20.955,31.615,-38.059,-16.548,52.845,-69.064,-94.066,-106.96,-82.104,-40.257
-44.771,-40.295,21.429,30.684,-37.545,-16.415,44.019,-66.942,-88.794,-104.13,-80.597,-39.112
-43.605,-39.615,21.321,29.76,-36.593,-16.312,37.275,-64.618,-83.035,-101.07,-79.032,-37.97
-41.887,-39.008,20.753,28.799,-35.233,-16.207,31.834,-62.057,-76.804,-97.743,-77.409,-36.888
-39.762,-38.454,19.89,27.815,-33.589,-16.075,26.943,-59.185,-70.097,-94.031,-75.707,-35.884
-37.464,-37.945,18.912,26.86,-31.846,-15.9,22.268,-55.886,-62.832,-89.736,-73.842,-34.92
-35.218,-37.462,17.998,25.978,-30.181,-15.657,18.092,-52,-54.837,-84.608,-71.661,-33.91
-33.145,-36.959,17.287,25.16,-28.703,-15.306,14.786,-47.314,-45.849,-78.364,-68.964,-32.735
-31.227,-36.351,16.853,24.341,-27.419,-14.789,12.308,-41.54,-35.54,-70.701,-65.524,-31.248
-29.345,-35.53,16.71,23.413,-26.249,-14.04,10.393,-34.291,-23.568,-61.311,-61.104,-29.298
-27.364,-34.392,16.834,22.275,-25.087,-12.986,8.8232,-25.12,-9.6103,-49.868,-55.43,-26.733
-25.219,-32.86,17.203,20.875,-23.867,-11.557,7.4702,-13.576,6.5236,-36.036,-48.158,-23.412
-22.932,-30.902,17.807,19.214,-22.6,-9.694,6.2484,0.63188,24.846,-19.531,-38.864,-19.217
-20.571,-28.509,18.627,17.315,-21.352,-7.368,5.0683,17.41,45.153,-0.21381,-27.107,-14.036
-18.18,-25.676,19.625,15.169,-20.208,-4.5897,3.8143,36.178,67.049,21.812,-12.578,-7.7345
-15.728,-22.355,20.744,12.69,-19.227,-1.4015,2.3413,56.078,90.044,46.179,4.7173,-0.11031
-13.081,-18.435,21.935,9.7013,-18.425,2.1603,0.4887,76.358,113.7,72.317,24.397,9.0818
-10.002,-13.738,23.168,5.9492,-17.761,6.1108,-1.88,96.621,137.74,99.58,45.858,20.021
-6.1961,-8.0535,24.434,1.1578,-17.136,10.534,-4.8142,116.83,162.05,127.38,68.602,32.692
-1.4092,-1.2185,25.725,-4.8669,-16.417,15.552,-8.221,137.18,186.6,155.25,92.498,46.874
4.4449,6.7979,27.022,-12.138,-15.472,21.26,-11.886,157.89,211.29,182.8,117.76,62.267
11.212,15.853,28.279,-20.455,-14.208,27.653,-15.6,178.96,235.84,209.7,144.6,78.635
18.534,25.688,29.43,-29.478,-12.585,34.613,-19.289,200.15,259.84,235.53,172.73,95.838
26.05,36.072,30.413,-38.871,-10.606,41.968,-23.028,221.03,282.84,259.87,201.18,113.76
33.665,46.935,31.194,-48.473,-8.2989,49.582,-26.946,241.21,304.52,282.38,228.59,132.23
41.647,58.397,31.785,-58.403,-5.7185,57.384,-31.103,260.51,324.76,302.9,253.81,150.94
50.45,70.658,32.251,-68.97,-2.95,65.324,-35.43,278.95,343.58,321.49,276.26,169.43
60.356,83.802,32.7,-80.416,-0.10904,73.3,-39.755,296.64,361.06,338.37,295.99,187.04
71.169,97.619,33.256,-92.654,2.6713,81.109,-43.903,313.57,377.17,353.81,313.35,203.03
82.263,111.59,34.018,-105.26,5.2593,88.48,-47.793,329.5,391.83,367.99,328.77,216.88
92.99,125.08,35.02,-117.74,7.5601,95.164,-51.472,343.95,404.89,381.01,342.55,228.55
103.06,137.65,36.213,-129.74,9.5729,101.04,-55.113,356.5,416.24,392.85,354.81,238.49
112.57,149.13,37.479,-141.14,11.433,106.14,-58.955,366.94,425.9,403.47,365.55,247.4
121.86,159.57,38.678,-151.94,13.377,110.6,-63.211,375.41,434.01,412.86,374.81,255.92
131.2,169.08,39.703,-162.14,15.633,114.61,-67.946,382.26,440.84,421.12,382.72,264.39
140.54,177.72,40.523,-171.66,18.304,118.31,-72.992,387.96,446.66,428.43,389.53,272.78
149.49,185.48,41.177,-180.31,21.352,121.81,-77.99,392.93,451.75,434.98,395.56,280.81
157.61,192.35,41.75,-187.95,24.646,125.13,-82.574,397.44,456.3,440.97,401.07,288.18
164.69,198.33,42.32,-194.56,28.006,128.19,-86.545,401.58,460.4,446.49,406.2,294.73
170.82,203.46,42.919,-200.23,31.22,130.93,-89.921,405.3,464.03,451.58,410.93,300.46
176.29,207.87,43.517,-205.18,34.12,133.27,-92.871,408.5,467.13,456.18,415.17,305.49
181.44,211.7,44.043,-209.63,36.654,135.21,-95.607,411.11,469.66,460.24,418.74,309.93
186.55,215.08,44.408,-213.77,38.899,136.78,-98.289,413.1,471.58,463.67,421.55,313.85
191.7,218.1,44.538,-217.66,40.994,138.05,-100.95,414.53,472.91,466.46,423.56,317.26
196.71,220.75,44.399,-221.2,43.046,139.05,-103.48,415.46,473.68,468.62,424.78,320.14
201.09,222.95,44.018,-224.18,45.056,139.83,-105.73,415.97,473.89,470.18,425.29,322.47
204.32,224.57,43.478,-226.34,46.896,140.37,-107.56,416.06,473.54,471.15,425.16,324.23
206.11,225.5,42.894,-227.53,48.354,140.65,-108.93,415.63,472.54,471.48,424.41,325.43
206.53,225.66,42.357,-227.72,49.22,140.59,-109.9,414.47,470.75,471.04,422.98,326.03
205.85,225.01,41.896,-227.03,49.38,140.11,-110.57,412.28,467.97,469.62,420.76,326
204.3,223.57,41.453,-225.59,48.849,139.14,-111.04,408.78,464.06,467.02,417.58,325.17
202.06,221.37,40.923,-223.48,47.751,137.61,-111.29,403.8,458.88,463.11,413.33,323.34
199.15,218.41,40.209,-220.7,46.244,135.54,-111.19,397.21,452.37,457.82,407.97,320.25
195.46,214.74,39.278,-217.17,44.447,133.01,-110.5,388.9,444.41,451.14,401.54,315.65
190.79,210.38,38.17,-212.76,42.427,130.17,-108.99,378.66,434.84,442.95,394.08,309.45
184.95,205.38,36.957,-207.32,40.277,127.15,-106.55,366.15,423.38,433.03,385.49,301.71
177.94,199.73,35.679,-200.82,38.185,124.03,-103.18,351.02,409.63,420.97,375.54,292.61
169.95,193.39,34.339,-193.26,36.333,120.74,-99.007,333.15,393.22,406.31,363.81,282.36
161.19,186.18,32.94,-184.69,34.671,117.1,-94.147,312.84,373.89,388.68,349.89,271.05
151.77,177.87,31.524,-175.15,32.888,112.84,-88.749,290.84,351.68,368,333.48,258.56
141.76,168.23,30.171,-164.68,30.634,107.72,-82.987,268.04,326.9,344.55,314.6,244.69
131.29,157.12,28.957,-153.45,27.728,101.57,-77.059,245.08,300.01,318.92,293.55,229.29
120.6,144.59,27.909,-141.72,24.197,94.362,-71.138,222.19,271.48,291.65,270.85,212.45
110.01,130.87,26.984,-129.81,20.221,86.211,-65.317,199.33,241.66,263.07,246.97,194.57
99.729,116.27,26.083,-117.97,16.05,77.307,-59.595,176.35,210.87,233.23,222.26,176.21
89.832,101.12,25.09,-106.28,11.955,67.883,-53.911,153.2,179.5,202.17,196.9,157.82
80.228,85.722,23.92,-94.668,8.2064,58.229,-48.169,130.03,148.19,170.22,171.12,139.61
70.746,70.45,22.54,-83.004,5.0552,48.727,-42.263,107.15,117.74,138.2,145.36,121.53
61.222,55.762,20.972,-71.242,2.6763,39.804,-36.11,84.944,88.973,107.33,120.33,103.49
51.585,42.157,19.269,-59.505,1.0969,31.789,-29.705,63.768,62.485,78.791,96.83,85.533
41.919,30.022,17.486,-48.089,0.1694,24.815,-23.187,43.859,38.538,53.233,75.46,68.07
32.509,19.51,15.664,-37.366,-0.36394,18.822,-16.878,25.352,17.079,30.703,56.408,51.789
23.825,10.543,13.82,-27.682,-0.74772,13.623,-11.203,8.3543,-2.099,10.874,39.478,37.373
16.387,2.8971,11.939,-19.294,-1.1172,8.9728,-6.4995,-6.9752,-19.209,-6.6297,24.308,25.179
10.525,-3.6779,9.9665,-12.331,-1.4902,4.622,-2.8665,-20.428,-34.385,-22.034,10.608,15.158
6.2127,-9.3892,7.8469,-6.7603,-1.8247,0.41118,-0.18366,-31.846,-47.689,-35.41,-1.7108,6.9863
3.1485,-14.363,5.5909,-2.3962,-2.0848,-3.6421,1.7749,-41.211,-59.151,-46.76,-12.563,0.26805
0.93362,-18.65,3.327,1.0297,-2.2856,-7.3536,3.2387,-48.669,-68.822,-56.12,-21.82,-5.3134
-0.80183,-22.258,1.2578,3.7808,-2.498,-10.514,4.3935,-54.481,-76.817,-63.622,-29.452,-9.9554
-2.3332,-25.204,-0.45496,6.0593,-2.8005,-13.038,5.3653,-58.962,-83.329,-69.502,-35.575,-13.777
-3.7954,-27.544,-1.7706,7.9945,-3.1867,-14.977,6.2169,-62.433,-88.612,-74.079,-40.413,-16.874
-5.1774,-29.378,-2.7597,9.6607,-3.5187,-16.449,6.9532,-65.186,-92.945,-77.711,-44.246,-19.341
-6.3976,-30.833,-3.54,11.106,-3.6228,-17.569,7.5479,-67.459,-96.592,-80.742,-47.37,-21.27
-7.4191,-32.029,-4.2013,12.375,-3.4495,-18.425,7.9841,-69.425,-99.771,-83.446,-50.073,-22.749
-8.3009,-33.059,-4.757,13.52,-3.1406,-19.068,8.2825,-71.187,-102.63,-85.993,-52.59,-23.868
-9.1725,-33.986,-5.1416,14.59,-2.9718,-19.519,8.5007,-72.79,-105.24,-88.446,-55.069,-24.71
-10.176,-34.835,-5.2549,15.615,-3.2395,-19.791,8.7115,-74.238,-107.63,-90.789,-57.552,-25.355
-11.41,-35.611,-5.0225,16.598,-4.1572,-19.911,8.9768,-75.51,-109.8,-92.977,-59.999,-25.864
-12.894,-36.302,-4.4427,17.517,-5.7891,-19.926,9.3315,-76.582,-111.73,-94.973,-62.333,-26.283
-14.559,-36.896,-3.5949,18.339,-8.0362,-19.889,9.7757,-77.45,-113.43,-96.773,-64.473,-26.641
-16.271,-37.388,-2.6089,19.032,-10.674,-19.849,10.274,-78.137,-114.91,-98.403,-66.362,-26.948
-17.888,-37.781,-1.6175,19.586,-13.422,-19.844,10.766,-78.689,-116.23,-99.902,-67.984,-27.203
-19.308,-38.087,-0.72361,20.02,-16.005,-19.897,11.191,-79.151,-117.41,-101.3,-69.378,-27.404
-20.507,-38.327,0.0013484,20.379,-18.184,-20.018,11.514,-79.555,-118.49,-102.6,-70.638,-27.561
-21.522,-38.52,0.50673,20.718,-19.768,-20.201,11.742,-79.916,-119.45,-103.8,-71.89,-27.709
-22.417,-38.682,0.76557,21.085,-20.668,-20.428,11.908,-80.228,-120.27,-104.88,-73.247,-27.9
-23.239,-38.829,0.80084,21.504,-20.96,-20.674,12.05,-80.467,-120.93,-105.82,-74.766,-28.177
-24.007,-38.974,0.69383,21.977,-20.89,-20.913,12.191,-80.601,-121.39,-106.6,-76.417,-28.555
-24.72,-39.138,0.53902,22.491,-20.738,-21.124,12.333,-80.605,-121.67,-107.19,-78.1,-29.006
-25.366,-39.341,0.37591,23.017,-20.656,-21.296,12.468,-80.486,-121.78,-107.64,-79.68,-29.466
-25.901,-39.588,0.1701,23.518,-20.599,-21.43,12.58,-80.295,-121.82,-107.99,-81.049,-29.862
-26.246,-39.858,-0.13753,23.943,-20.408,-21.528,12.647,-80.115,-121.86,-108.34,-82.17,-30.141
-26.301,-40.108,-0.57277,24.231,-19.927,-21.592,12.643,-80.031,-121.98,-108.8,-83.103,-30.29
-25.984,-40.286,-1.1156,24.334,-19.063,-21.621,12.546,-80.096,-122.23,-109.39,-83.982,-30.336
-25.278,-40.355,-1.7266,24.234,-17.822,-21.617,12.358,-80.311,-122.6,-110.11,-84.95,-30.334
-24.265,-40.311,-2.3676,23.966,-16.322,-21.587,12.105,-80.627,-123.04,-110.9,-86.084,-30.351
-23.117,-40.184,-2.9962,23.6,-14.783,-21.543,11.824,-80.964,-123.48,-111.66,-87.356,-30.451
-22.046,-40.012,-3.5542,23.218,-13.481,-21.494,11.552,-81.239,-123.82,-112.29,-88.633,-30.683
-21.232,-39.827,-3.9714,22.879,-12.662,-21.444,11.319,-81.394,-124.02,-112.77,-89.735,-31.061
-20.765,-39.641,-4.1881,22.601,-12.47,-21.387,11.139,-81.418,-124.08,-113.08,-90.51,-31.56
-20.622,-39.445,-4.1794,22.364,-12.891,-21.31,11.007,-81.352,-124.03,-113.27,-90.902,-32.125
-20.685,-39.226,-3.9735,22.129,-13.759,-21.201,10.906,-81.269,-123.93,-113.41,-90.987,-32.696
-20.79,-38.977,-3.6509,21.859,-14.796,-21.065,10.809,-81.25,-123.87,-113.56,-90.945,-33.232
-20.793,-38.714,-3.3214,21.546,-15.696,-20.923,10.687,-81.35,-123.9,-113.76,-90.99,-33.726
-20.619,-38.472,-3.0878,21.22,-16.209,-20.809,10.524,-81.576,-124.02,-114.01,-91.282,-34.178
-20.289,-38.296,-3.0203,20.941,-16.206,-20.752,10.317,-81.886,-124.21,-114.27,-91.864,-34.588
-19.895,-38.222,-3.1484,20.775,-15.701,-20.768,10.082,-82.205,-124.37,-114.49,-92.651,-34.94
-19.551,-38.263,-3.4647,20.767,-14.835,-20.855,9.8409,-82.457,-124.46,-114.61,-93.475,-35.221
-19.336,-38.406,-3.9278,20.919,-13.822,-20.997,9.609,-82.591,-124.42,-114.57,-94.153,-35.431
-19.263,-38.615,-4.4707,21.187,-12.872,-21.174,9.3913,-82.603,-124.26,-114.38,-94.561,-35.587
-19.286,-38.841,-5.0242,21.488,-12.112,-21.362,9.1814,-82.531,-124.02,-114.06,-94.676,-35.717
-19.322,-39.038,-5.5448,21.732,-11.566,-21.542,8.9667,-82.442,-123.78,-113.68,-94.552,-35.841
-19.283,-39.168,-6.0276,21.842,-11.18,-21.701,8.734,-82.403,-123.6,-113.32,-94.292,-35.965
-19.109,-39.217,-6.4944,21.786,-10.861,-21.847,8.4791,-82.448,-123.53,-113.03,-94,-36.078
-18.791,-39.191,-6.9668,21.584,-10.516,-21.999,8.2167,-82.558,-123.55,-112.82,-93.736,-36.164
-18.366,-39.11,-7.4418,21.295,-10.087,-22.18,7.9886,-82.654,-123.54,-112.63,-93.499,-36.217
-17.913,-38.995,-7.8795,20.996,-9.572,-22.395,7.8548,-82.599,-123.35,-112.34,-93.222,-36.243
-17.522,-38.845,-8.2052,20.748,-9.0172,-22.608,7.8551,-82.216,-122.74,-111.74,-92.784,-36.24
-17.259,-38.626,-8.3187,20.569,-8.486,-22.732,7.9631,-81.298,-121.43,-110.52,-91.996,-36.158
-17.132,-38.263,-8.1139,20.422,-8.0457,-22.643,8.0882,-79.588,-119.07,-108.28,-90.585,-35.871
-17.071,-37.641,-7.5098,20.211,-7.7914,-22.208,8.1544,-76.699,-115.15,-104.4,-88.16,-35.164
-16.918,-36.606,-6.5005,19.784,-7.8608,-21.311,8.1985,-71.907,-108.84,-97.78,-84.116,-33.725
-16.422,-34.954,-5.2195,18.904,-8.3578,-19.903,8.3909,-63.824,-98.68,-86.354,-77.346,-31.042
-15.14,-32.408,-3.9693,17.159,-9.1537,-18.042,8.9399,-51.078,-82.703,-67.417,-65.663,-26.063
-12.059,-28.598,-3.1513,13.776,-9.6803,-15.94,9.9702,-40.143,-62.04,-45.188,-47.14,-17.21
-5.7964,-23.091,-3.032,7.5413,-10.105,-13.906,11.497,-48.446,-51.699,-43.801,-33.372,-8.2356
-4.0422,-15.464,-2.912,-1.8993,-19.739,-12.171,13.468,-54.896,-60.833,-57.73,-41.843,-10.246
-11.223,-5.4074,4.2226,-11.094,-30.169,-10.659,15.808,-33.403,-51.659,-43.335,-42.661,-11.618
-12.611,7.2375,24.298,-16.465,-37.687,-8.9265,18.47,7.0737,-7.5221,2.4277,-21.484,-1.6557
-7.44,22.512,39.199,-21.805,-41.561,-6.5032,21.622,60.157,59.359,72.869,19.56,18.727
5.2456,40.321,46.75,-33.67,-38.633,-3.4898,26.667,122.74,142.02,166.36,83.438,51.251
28.077,60.286,44.167,-54.689,-25.724,-0.82432,41.384,195.98,243.49,284.41,174.34,99.011
63.571,81.56,28.743,-84.133,-0.19693,0.21174,64.044,285.28,371.61,432.18,296.2,163.83
113.41,102.87,-1.0212,-120.31,39.687,-1.0635,62.479,396.24,528.12,613.09,451.99,245.52
177.6,122.89,-45.307,-161.14,94.918,-4.2807,57.546,533.85,708.19,820.93,639.03,342.1
253.54,140.9,-103.02,-205.01,163.74,-8.551,53.685,698.75,906.27,1041.4,843.9,450.1
336.99,157.18,-171.3,-251.97,240.21,-13.196,49.397,882.74,1108.5,1257.8,1047.7,564.96
426.15,172.63,-245.59,-303.19,322.38,-17.816,40.232,1065.9,1290.5,1451.4,1234.3,680.74
519.2,188.07,-320.72,-358.95,406.66,-22.1,20.77,1215.1,1421,1598.9,1389.1,789.94
611.2,203.87,-389.97,-416.97,486.87,-25.968,-13.95,1292.8,1466.6,1674.8,1497.3,885.05
695.41,220.91,-445.7,-473.13,556.29,-29.862,-67.1,1270.2,1402.5,1658.2,1545,959.4
764.78,242.98,-481.14,-523.13,608.72,-34.84,-137.71,1138.6,1221.3,1539.5,1523.1,1007.3
812.86,276.32,-491.75,-562.75,639.12,-42.249,-219.13,909.83,935.14,1323,1429.4,1024.5
834.28,315.24,-476.74,-587.52,644.22,-47.601,-299.92,608.25,569.28,1023.4,1267.8,1008.4
825.26,341.85,-439.89,-592.88,623.34,-35.177,-368.01,260.54,152.69,660.01,1047.2,958.21
784.17,347.53,-388.45,-574.79,578.65,-14.371,-414.3,-110.72,-288.04,252.88,779.56,875.1
712.33,329.81,-331.02,-530.84,514.78,-0.84306,-433.97,-487.19,-729.34,-176.62,479.96,762.3
614.41,287.12,-275.92,-461.41,438.05,-0.73686,-426.36,-850.19,-1147.5,-603.27,167.81,625.69
498.37,219.83,-231,-370.37,355.95,-17.222,-393.92,-1176.2,-1516.5,-997.28,-133.88,473.76
374.4,131.63,-203.03,-264.73,276.72,-51.148,-341.12,-1437.8,-1810.2,-1328.3,-402.27,316.82
253.34,29.352,-195.09,-153.48,207.85,-100.56,-273.77,-1609.9,-2008.1,-1572.3,-619.99,165.44
144.95,-78.293,-205.25,-45.819,154.35,-160.64,-198.74,-1678.7,-2101.6,-1717.4,-778.19,28.769
56.307,-181.71,-227.9,50.373,118.74,-223.54,-123.68,-1647.5,-2096.8,-1766.3,-876.26,-86.543
-9.9284,-271.59,-253.75,129.7,99.714,-279.13,-56.173,-1535.6,-2012,-1733.4,-919.96,-176.6
-56.14,-340.7,-269.94,189.68,90.385,-318.36,-1.4383,-1371.9,-1871.5,-1640.3,-919.21,-240.32
-87.85,-385.3,-267.93,230.33,82.402,-337.12,38.298,-1186.5,-1699.4,-1509.1,-885.89,-279.62
-110.5,-405.28,-250.78,253.41,71.181,-336.75,62.407,-1003.9,-1514.6,-1358.7,-831.52,-299.06
-127.5,-403.89,-227.82,262.04,56.265,-321.77,71.031,-840.36,-1330.4,-1202.1,-764.7,-304.7
-140.05,-386.58,-206.64,260.27,39.267,-297.75,66.201,-703.06,-1157.5,-1048.3,-687.9,-302.07
-145.07,-355.02,-190.21,251.04,23.352,-270.2,52.846,-593.04,-1007.6,-911.09,-608.68,-292.2
-115.66,-313.72,-178.87,227.59,17.624,-245.98,37.274,-505.94,-883.75,-802.49,-547.47,-267.05
-83.139,-287.98,-172.46,197.01,19.043,-232.11,21.55,-433.97,-779.35,-717.1,-506.07,-236.76
-76.868,-278.62,-170.71,183.47,19.421,-227.15,16.571,-371.87,-688.66,-644.93,-475.35,-219.41
-77.03,-274.84,-172.5,178.8,19.201,-225.32,18.15,-318.16,-611.25,-581.46,-448.59,-210.47
-77.366,-272.05,-175.1,176.29,18.87,-223.37,20.225,-272.17,-548.04,-527.13,-422.19,-204.4
-76.849,-269.05,-175.37,174.09,18.21,-220.34,22.015,-233.16,-497.36,-482.4,-394.68,-199.02
-75.56,-265.78,-172.67,171.74,17.034,-216.43,22.741,-201.54,-455.29,-444.47,-366.43,-193.54
-73.769,-262.47,-168.59,169.14,15.478,-212.45,22.21,-178.57,-417.46,-408.91,-339.14,-187.69
-71.712,-259.25,-164.54,166.27,13.821,-209.1,20.805,-164.05,-380.68,-373.55,-314.56,-181.39
-69.545,-256.06,-161,163.09,12.263,-206.52,19.018,-154.42,-344.28,-339.56,-293.27,-174.6
-67.344,-252.73,-158.02,159.59,10.887,-204.44,17.164,-145.69,-309.64,-308.61,-274.8,-167.3
-65.161,-249.16,-155.63,155.8,9.7047,-202.61,15.364,-137.2,-278.7,-281.4,-258.27,-159.47
-63.075,-245.35,-153.87,151.79,8.6916,-200.86,13.668,-129.71,-252.7,-257.95,-242.98,-151.14
-61.203,-241.34,-152.68,147.69,7.8112,-199.09,12.143,-123.62,-231.82,-237.98,-228.58,-142.39
-59.656,-237.19,-151.85,143.68,7.0506,-197.17,10.865,-118.91,-215.44,-221.15,-215.07,-133.48
-58.484,-232.95,-151.09,139.91,6.4125,-195.05,9.8612,-115.45,-202.65,-207.13,-202.62,-124.79
-57.641,-228.56,-150.12,136.49,5.8559,-192.68,9.1296,-113.03,-192.59,-195.57,-191.41,-116.72
-56.992,-223.89,-148.73,133.37,5.2732,-189.99,8.6495,-111.4,-184.54,-186.08,-181.48,-109.48
-56.381,-218.67,-146.73,130.31,4.5437,-186.81,8.3191,-110.25,-177.9,-178.21,-172.66,-103.01
-55.691,-212.59,-143.9,126.99,3.5914,-182.94,8.0374,-109.26,-172.23,-171.51,-164.67,-97.052
-54.864,-205.34,-140.02,123.07,2.3857,-178.18,7.9954,-108.16,-167.23,-165.62,-157.22,-91.314
-53.868,-196.63,-134.89,118.29,0.91242,-172.33,8.9228,-106.8,-162.76,-160.35,-150.13,-85.624
-52.692,-186.31,-128.32,112.47,-0.84061,-165.29,11.816,-105.14,-158.77,-155.6,-143.42,-79.999
-51.356,-174.34,-120.14,105.57,-2.8791,-156.96,17.094,-103.29,-155.23,-151.36,-137.16,-74.616
-49.913,-160.82,-110.22,97.739,-5.1886,-147.26,24.463,-101.39,-152.1,-147.58,-131.45,-69.696
-48.433,-146.07,-98.47,89.273,-7.7156,-136.1,33.702,-99.537,-149.27,-144.17,-126.35,-65.387
-46.966,-130.69,-85.008,80.656,-10.35,-123.42,45.053,-97.777,-146.6,-140.99,-121.83,-61.72
-45.545,-115.55,-70.215,72.451,-12.932,-109.21,58.841,-96.075,-143.94,-137.91,-117.8,-58.637
-44.212,-101.63,-54.919,65.156,-15.3,-93.754,74.658,-94.363,-141.18,-134.82,-114.16,-56.045
-43.034,-89.658,-40.451,59.067,-17.365,-77.905,90.847,-92.588,-138.28,-131.68,-110.77,-53.862
-42.097,-79.898,-28.21,54.233,-19.135,-63.057,105.14,-90.735,-135.26,-128.52,-107.51,-52.008
-41.46,-72.148,-18.891,50.478,-20.69,-50.517,115.67,-88.834,-132.18,-125.45,-104.32,-50.38
-41.095,-65.956,-12.25,47.48,-22.103,-40.839,121.17,-86.937,-129.08,-122.59,-101.21,-48.858
-40.854,-60.845,-7.5549,44.847,-23.398,-33.838,120.92,-85.1,-126.02,-120.02,-98.225,-47.344
-40.507,-56.47,-4.0816,42.233,-24.54,-28.996,114.88,-83.369,-123.01,-117.8,-95.452,-45.804
-39.843,-52.662,-1.3317,39.458,-25.476,-25.766,103.76,-81.775,-120.04,-115.88,-92.955,-44.28
-38.782,-49.397,0.96525,36.571,-26.199,-23.656,89.036,-80.319,-117.11,-114.2,-90.768,-42.855
-37.419,-46.698,2.9485,33.781,-26.783,-22.252,72.977,-78.968,-114.15,-112.62,-88.883,-41.594
-35.98,-44.548,4.732,31.316,-27.37,-21.237,58.189,-77.653,-111.1,-110.99,-87.253,-40.509
-34.717,-42.874,6.4556,29.308,-28.102,-20.396,46.355,-76.274,-107.84,-109.19,-85.794,-39.548
-33.796,-41.575,8.2517,27.769,-29.04,-19.611,37.638,-74.724,-104.25,-107.15,-84.399,-38.624
-33.231,-40.546,10.176,26.633,-30.119,-18.836,31.229,-72.901,-100.2,-104.83,-82.971,-37.662
-32.893,-39.692,12.173,25.789,-31.153,-18.065,26.052,-70.704,-95.593,-102.23,-81.443,-36.62
-32.567,-38.926,14.084,25.118,-31.894,-17.298,21.239,-68.028,-90.343,-99.324,-79.782,-35.494
-32.029,-38.173,15.703,24.505,-32.107,-16.528,16.627,-64.78,-84.401,-96.043,-77.979,-34.289
-31.126,-37.374,16.849,23.859,-31.665,-15.741,12.767,-60.887,-77.745,-92.271,-76.002,-33.005
-29.822,-36.488,17.461,23.123,-30.621,-14.932,9.9681,-56.297,-70.359,-87.856,-73.784,-31.628
-28.202,-35.492,17.641,22.261,-29.221,-14.093,7.8695,-50.944,-62.2,-82.629,-71.217,-30.14
-26.407,-34.368,17.626,21.244,-27.818,-13.196,5.9528,-44.673,-53.147,-76.407,-68.159,-28.525
-24.559,-33.1,17.702,20.047,-26.738,-12.184,3.9114,-37.18,-42.981,-68.951,-64.429,-26.757
-22.713,-31.663,18.097,18.647,-26.138,-10.989,1.6829,-27.98,-31.384,-59.969,-59.821,-24.784
-20.87,-30.017,18.888,17.036,-25.928,-9.5598,-0.64156,-16.508,-18.056,-49.115,-54.089,-22.514
-18.981,-28.104,19.975,15.215,-25.801,-7.8755,-2.9635,-2.3059,-2.7845,-36.039,-46.934,-19.819
-16.953,-25.84,21.136,13.167,-25.368,-5.915,-5.3073,14.708,14.498,-20.47,-38.02,-16.536
-14.646,-23.106,22.13,10.821,-24.311,-3.6101,-7.8302,34.055,33.71,-2.3083,-27.037,-12.463
-11.911,-19.745,22.785,8.035,-22.504,-0.84527,-10.727,54.867,54.657,18.339,-13.814,-7.363
-8.6327,-15.564,23.08,4.5943,-20.054,2.499,-14.115,76.33,77.117,41.19,1.6047,-0.98285
-4.7429,-10.363,23.173,0.2426,-17.28,6.5205,-17.956,97.977,100.91,65.875,18.979,6.9169
-0.19787,-3.9839,23.362,-5.2456,-14.622,11.327,-22.046,119.68,125.86,92.009,37.996,16.54
4.9795,3.6497,23.977,-11.961,-12.503,17.069,-26.109,141.5,151.77,119.19,58.4,28.051
10.61,12.512,25.232,-19.796,-11.188,23.889,-29.935,163.52,178.28,146.94,80.051,41.565
16.382,22.481,27.126,-28.503,-10.697,31.777,-33.506,185.62,204.84,174.65,102.87,57.066
22.068,33.352,29.45,-37.827,-10.793,40.435,-36.985,207.43,230.77,201.62,126.7,74.241
27.772,44.887,31.876,-47.619,-11.05,49.297,-40.612,228.42,255.45,227.19,151.18,92.396
34.006,56.879,34.078,-57.881,-11.017,57.783,-44.582,248.22,278.55,250.94,175.72,110.65
41.45,69.221,35.846,-68.715,-10.403,65.601,-48.963,266.77,300.06,272.81,199.7,128.3
50.552,81.891,37.153,-80.174,-9.1423,72.827,-53.673,284.33,320.24,293.03,222.61,145.01
61.204,94.864,38.15,-92.102,-7.3553,79.763,-58.496,301.27,339.4,311.98,244.26,160.76
72.685,108.02,39.09,-104.12,-5.3,86.709,-63.155,317.8,357.69,329.96,264.61,175.82
83.957,121.11,40.193,-115.82,-3.2856,93.787,-67.449,333.78,374.97,347.06,283.66,190.48
94.27,133.87,41.526,-126.97,-1.4992,100.86,-71.348,348.65,390.87,363.08,301.27,204.97
103.56,146.04,42.969,-137.64,0.13556,107.58,-74.993,361.7,404.93,377.69,317.16,219.22
112.32,157.43,44.285,-148.01,1.9452,113.59,-78.614,372.5,416.91,390.6,331.07,232.93
121.19,167.89,45.229,-158.23,4.3765,118.64,-82.414,381.05,426.81,401.72,342.92,245.66
130.64,177.3,45.64,-168.26,7.8146,122.7,-86.462,387.72,434.88,411.16,352.86,257.04
140.71,185.59,45.493,-177.86,12.389,125.9,-90.646,393,441.48,419.21,361.24,266.99
150.91,192.73,44.908,-186.67,17.852,128.48,-94.73,397.37,446.96,426.22,368.54,275.63
160.5,198.8,44.108,-194.39,23.659,130.63,-98.482,401.17,451.62,432.5,375.15,283.17
169.01,203.95,43.333,-200.96,29.228,132.51,-101.78,404.58,455.65,438.24,381.36,289.83
176.4,208.36,42.737,-206.54,34.184,134.2,-104.63,407.64,459.09,443.5,387.26,295.71
182.95,212.17,42.326,-211.38,38.453,135.67,-107.14,410.28,461.95,448.24,392.8,300.88
189.03,215.49,41.977,-215.71,42.213,136.89,-109.42,412.42,464.18,452.36,397.83,305.34
194.89,218.37,41.527,-219.67,45.755,137.82,-111.57,414.01,465.76,455.77,402.19,309.09
200.5,220.83,40.853,-223.25,49.28,138.47,-113.64,415.04,466.67,458.42,405.72,312.15
205.56,222.87,39.936,-226.33,52.754,138.88,-115.58,415.53,466.91,460.31,408.35,314.6
209.58,224.46,38.857,-228.75,55.906,139.1,-117.28,415.51,466.46,461.42,410.07,316.59
212.26,225.54,37.755,-230.39,58.4,139.17,-118.65,414.96,465.26,461.75,410.94,318.24
213.62,226.05,36.749,-231.24,60.04,139.04,-119.6,413.77,463.22,461.23,410.98,319.62
213.89,225.97,35.89,-231.38,60.813,138.65,-120.09,411.74,460.16,459.73,410.19,320.73
213.37,225.29,35.139,-230.94,60.832,137.9,-120.11,408.57,455.88,457.07,408.48,321.47
212.29,224.03,34.394,-230.02,60.273,136.74,-119.63,404.01,450.22,453.05,405.72,321.66
210.78,222.23,33.534,-228.66,59.344,135.15,-118.58,397.88,443.06,447.49,401.75,320.99
208.88,219.86,32.457,-226.83,58.239,133.13,-116.87,390.08,434.3,440.28,396.47,319.09
206.56,216.89,31.127,-224.44,57.106,130.69,-114.44,380.42,423.76,431.33,389.81,315.57
203.75,213.19,29.588,-221.33,56.04,127.78,-111.32,368.59,411.21,420.51,381.68,310.16
200.35,208.61,27.941,-217.35,55.099,124.37,-107.64,354.18,396.28,407.62,371.91,302.74
196.22,203,26.298,-212.31,54.279,120.39,-103.5,336.93,378.69,392.41,360.2,293.33
191.21,196.2,24.739,-206.07,53.457,115.78,-98.936,317.02,358.33,374.7,346.23,282.07
185.08,188.09,23.295,-198.52,52.38,110.52,-93.869,295.16,335.42,354.41,329.8,269.04
177.65,178.63,21.975,-189.64,50.741,104.59,-88.214,272.38,310.46,331.69,310.98,254.31
168.8,167.86,20.789,-179.5,48.308,98.062,-81.955,249.55,284.08,306.87,290.22,238.06
158.64,155.88,19.765,-168.32,44.994,90.992,-75.211,227.1,256.76,280.34,268.21,220.61
147.52,142.9,18.933,-156.41,40.854,83.469,-68.212,205.01,228.76,252.45,245.67,202.47
135.85,129.13,18.291,-144.12,36.063,75.556,-61.185,183.07,200.18,223.44,223.05,184.08
124.06,114.79,17.784,-131.72,30.866,67.297,-54.26,161.01,171.16,193.49,200.37,165.73
112.43,100.05,17.308,-119.4,25.533,58.753,-47.455,138.73,142.07,162.92,177.23,147.4
101.13,85.113,16.755,-107.22,20.316,50.082,-40.731,116.29,113.53,132.34,153.26,128.83
90.157,70.238,16.071,-95.109,15.423,41.57,-34.044,94.004,86.325,102.67,128.45,109.64
79.389,55.777,15.303,-82.954,10.998,33.59,-27.421,72.291,61.122,74.918,103.45,89.628
68.581,42.117,14.576,-70.634,7.0945,26.461,-21.006,51.597,38.353,49.875,79.437,69.16
57.485,29.59,14.027,-58.169,3.6623,20.329,-15.044,32.258,18.141,27.897,57.631,49.522
46.079,18.418,13.729,-45.833,0.60363,15.137,-9.7722,14.476,0.3676,8.9215,38.751,32.379
34.803,8.7114,13.658,-34.163,-2.1281,10.712,-5.3214,-1.5871,-15.189,-7.361,22.864,18.71
24.475,0.4876,13.718,-23.762,-4.4606,6.8719,-1.6943,-15.71,-28.738,-21.31,9.5848,8.4112
15.833,-6.3189,13.784,-15.03,-6.2546,3.4912,1.2054,-27.655,-40.44,-33.226,-1.5948,0.76892
9.154,-11.847,13.742,-8.0475,-7.4371,0.50935,3.5216,-37.335,-50.438,-43.345,-11.075,-4.9905
4.249,-16.282,13.517,-2.6423,-8.0961,-2.1006,5.3973,-44.915,-58.904,-51.878,-19.108,-9.4595
0.68693,-19.814,13.09,1.4702,-8.4811,-4.3593,6.9487,-50.763,-66.057,-59.044,-25.88,-13.034
-2.0012,-22.621,12.497,4.5873,-8.9253,-6.2899,8.2625,-55.303,-72.138,-65.07,-31.579,-15.969
-4.2039,-24.855,11.812,6.9685,-9.729,-7.9145,9.4007,-58.912,-77.376,-70.171,-36.406,-18.433
-6.1777,-26.649,11.119,8.8183,-11.05,-9.253,10.4,-61.893,-81.974,-74.526,-40.56,-20.521
-8.0422,-28.118,10.492,10.289,-12.857,-10.328,11.265,-64.465,-86.092,-78.283,-44.248,-22.267
-9.8135,-29.362,9.989,11.495,-14.972,-11.179,11.97,-66.775,-89.839,-81.564,-47.686,-23.682
-11.46,-30.465,9.6308,12.532,-17.138,-11.875,12.47,-68.895,-93.27,-84.467,-51.057,-24.803
-12.953,-31.484,9.3835,13.48,-19.067,-12.521,12.737,-70.84,-96.387,-87.063,-54.456,-25.711
-14.28,-32.453,9.1874,14.403,-20.49,-13.22,12.778,-72.591,-99.161,-89.389,-57.841,-26.51
-15.429,-33.376,9.0038,15.336,-21.228,-14.028,12.644,-74.114,-101.56,-91.448,-61.066,-27.282
-16.395,-34.244,8.8086,16.287,-21.23,-14.926,12.409,-75.374,-103.55,-93.226,-63.957,-28.061
-17.207,-35.043,8.5583,17.243,-20.568,-15.857,12.145,-76.354,-105.15,-94.711,-66.381,-28.822
-17.935,-35.769,8.2026,18.185,-19.418,-16.763,11.915,-77.054,-106.41,-95.916,-68.294,-29.507
-18.681,-36.433,7.7389,19.098,-18.076,-17.602,11.772,-77.512,-107.4,-96.886,-69.747,-30.043
-19.544,-37.051,7.2352,19.973,-16.958,-18.337,11.767,-77.798,-108.25,-97.694,-70.872,-30.386
-20.584,-37.636,6.7904,20.795,-16.493,-18.931,11.933,-78.006,-109.07,-98.429,-71.854,-30.54
-21.777,-38.191,6.4723,21.54,-16.962,-19.345,12.267,-78.232,-109.95,-99.177,-72.878,-30.575
-23.011,-38.701,6.2808,22.168,-18.388,-19.563,12.724,-78.544,-110.96,-100,-74.072,-30.598
-24.114,-39.145,6.1506,22.635,-20.519,-19.616,13.224,-78.968,-112.08,-100.93,-75.468,-30.709
-24.912,-39.499,5.9849,22.909,-22.903,-19.588,13.679,-79.476,-113.25,-101.92,-76.991,-30.958
-25.292,-39.754,5.6929,22.994,-25.015,-19.584,14.022,-80,-114.35,-102.9,-78.483,-31.322
-25.246,-39.923,5.2114,22.94,-26.367,-19.687,14.227,-80.45,-115.27,-103.75,-79.745,-31.71
-24.868,-40.038,4.5056,22.835,-26.609,-19.928,14.306,-80.746,-115.91,-104.35,-80.589,-31.979
-24.302,-40.141,3.5679,22.778,-25.652,-20.299,14.285,-80.845,-116.24,-104.63,-80.897,-31.991
-23.692,-40.264,2.4361,22.848,-23.738,-20.764,14.18,-80.759,-116.29,-104.59,-80.652,-31.663
-23.13,-40.414,1.2175,23.07,-21.328,-21.271,13.994,-80.543,-116.18,-104.3,-79.953,-31.021
-22.627,-40.571,0.051926,23.399,-18.835,-21.753,13.722,-80.282,-116.03,-103.9,-78.982,-30.181
-22.112,-40.695,-0.97716,23.725,-16.445,-22.142,13.372,-80.066,-115.97,-103.52,-77.954,-29.297
-21.448,-40.75,-1.8896,23.909,-14.183,-22.389,12.965,-79.96,-116.09,-103.3,-77.051,-28.503
-20.524,-40.72,-2.7613,23.846,-12.085,-22.483,12.537,-79.989,-116.39,-103.3,-76.39,-27.874
-19.352,-40.619,-3.6374,23.518,-10.274,-22.462,12.121,-80.125,-116.85,-103.52,-75.99,-27.419
-18.103,-40.483,-4.477,23.003,-8.8994,-22.383,11.735,-80.304,-117.34,-103.9,-75.794,-27.099
-17.018,-40.35,-5.1642,22.428,-8.0587,-22.291,11.386,-80.454,-117.79,-104.35,-75.702,-26.858
-16.267,-40.247,-5.5728,21.903,-7.7821,-22.193,11.072,-80.537,-118.13,-104.79,-75.618,-26.671
-15.878,-40.173,-5.6281,21.481,-8.0672,-22.079,10.786,-80.565,-118.36,-105.18,-75.478,-26.554
-15.769,-40.104,-5.3248,21.151,-8.8819,-21.937,10.51,-80.592,-118.54,-105.51,-75.266,-26.545
-15.831,-40.007,-4.7139,20.881,-10.13,-21.763,10.221,-80.673,-118.74,-105.8,-75.003,-26.662
-16,-39.864,-3.8805,20.654,-11.643,-21.564,9.9009,-80.836,-118.99,-106.06,-74.73,-26.881
-16.298,-39.688,-2.9138,20.492,-13.232,-21.357,9.5493,-81.06,-119.28,-106.3,-74.496,-27.149
-16.815,-39.521,-1.8792,20.454,-14.769,-21.166,9.184,-81.289,-119.56,-106.49,-74.344,-27.414
-17.634,-39.414,-0.81736,20.603,-16.207,-21.014,8.8358,-81.452,-119.76,-106.62,-74.301,-27.649
-18.772,-39.411,0.22656,20.965,-17.548,-20.921,8.5362,-81.494,-119.84,-106.69,-74.373,-27.856
-20.144,-39.528,1.1718,21.517,-18.776,-20.901,8.306,-81.405,-119.79,-106.7,-74.55,-28.065
-21.584,-39.749,1.9043,22.186,-19.833,-20.959,8.149,-81.22,-119.65,-106.68,-74.811,-28.312
-22.876,-40.028,2.324,22.862,-20.627,-21.077,8.0534,-81.012,-119.5,-106.67,-75.14,-28.628
-23.807,-40.295,2.4077,23.42,-21.072,-21.209,7.9972,-80.861,-119.41,-106.73,-75.535,-29.023
-24.243,-40.484,2.2405,23.767,-21.143,-21.293,7.9589,-80.819,-119.45,-106.9,-76.007,-29.477
-24.2,-40.557,1.99,23.878,-20.901,-21.28,7.9308,-80.879,-119.6,-107.16,-76.559,-29.951
-23.836,-40.516,1.8403,23.807,-20.486,-21.162,7.9317,-80.949,-119.74,-107.44,-77.16,-30.4
-23.369,-40.387,1.9265,23.652,-20.056,-20.977,8.001,-80.864,-119.69,-107.59,-77.726,-30.793
-22.967,-40.19,2.3041,23.487,-19.711,-20.77,8.1658,-80.409,-119.18,-107.35,-78.119,-31.113
-22.673,-39.909,2.9447,23.326,-19.437,-20.536,8.4025,-79.341,-117.89,-106.42,-78.145,-31.345
-22.388,-39.486,3.7466,23.107,-19.122,-20.213,8.6442,-77.379,-115.47,-104.37,-77.551,-31.425
-21.897,-38.826,4.5559,22.701,-18.629,-19.716,8.8422,-74.098,-111.36,-100.53,-75.97,-31.183
-20.943,-37.803,5.2021,21.942,-17.886,-18.967,9.0386,-68.668,-104.64,-93.682,-72.76,-30.26
-19.268,-36.264,5.5343,20.626,-16.916,-17.926,9.3776,-59.492,-93.741,-81.513,-66.571,-27.979
-16.529,-34.023,5.4164,18.453,-15.742,-16.618,10.03,-45.408,-76.677,-61.26,-54.744,-23.007
-11.837,-30.836,4.6915,14.839,-14.164,-15.152,11.102,-35.627,-55.687,-39.271,-36.7,-13.411
-3.9723,-26.372,3.2464,8.7048,-12.673,-13.713,12.614,-47.499,-47.946,-42.103,-30.529,-3.5755
-0.84641,-20.199,1.7343,-0.82997,-20.777,-12.466,14.536,-51.375,-58.421,-56.055,-42.567,-6.6511
-9.3668,-11.804,7.2077,-11.18,-30.431,-11.4,16.82,-25.406,-46.464,-37.939,-37.516,-9.356
-11.478,-0.6854,27.749,-17.061,-37.118,-10.252,19.458,18.353,0.36693,10.876,-10.288,0.1312
-5.9009,13.494,41.425,-21.142,-40.159,-8.6772,22.636,73.352,69.059,84.034,37.808,20.118
7.8381,30.708,46.892,-32.241,-36.124,-6.6457,27.675,136.27,153.78,180.78,110.09,51.985
32.323,50.407,41.95,-53.557,-21.828,-4.7153,42.109,209.51,258.86,303.93,209.96,98.983
69.493,71.55,24.787,-83.273,4.8821,-3.8416,64.42,300.02,392.22,459.41,340.95,163.62
120.19,92.845,-5.0791,-119.27,44.974,-4.7708,62.599,414.8,554.1,648.93,505.44,246.78
184.38,113.1,-47.696,-160.01,99.271,-7.5618,57.684,558.94,739.2,863.33,698.38,347.12
260.94,131.66,-103.07,-205.08,167.07,-11.698,53.886,731.23,941,1086.5,904.03,460.44
347.2,148.67,-169.97,-255.59,244.48,-16.542,49.628,920.31,1143,1300.7,1103.8,580.06
441.27,164.84,-244.99,-312.65,329.62,-21.557,40.347,1102.1,1318.6,1486.5,1282.5,698.15
539.71,180.88,-322.56,-374.4,418.09,-26.25,20.126,1240.5,1435.4,1620.2,1425.7,806.85
635.33,197.53,-394.55,-435.83,502.77,-30.264,-16.675,1298.2,1461.5,1677.3,1518.7,899.19
719.76,216.66,-452.52,-492.08,575.16,-33.747,-73.039,1251,1375,1639.3,1548.6,968.93
785.33,242.87,-490.02,-539.39,627.44,-37.685,-146.65,1096.5,1172.7,1499.2,1507.7,1010.4
825.88,279.63,-503.09,-573.95,654.35,-43.992,-229.38,851.21,869.71,1263.5,1395.3,1019.3
836.74,317.77,-490.87,-591.34,653.61,-51.538,-309.15,540.4,492.76,948.54,1217.1,993.15
814.78,340.66,-456.29,-586.74,625.42,-43.795,-374.11,188.97,70.54,574.07,983.13,931.88
758.89,339.25,-405.26,-556.13,571.96,-22.807,-415.85,-182.49,-371.2,160.62,706.23,837.54
671.2,311.85,-345.07,-498,497.61,-6.8096,-430.46,-556.14,-809.28,-269.84,402.59,714.48
558.24,258.91,-283.73,-414.7,409.48,-2.9245,-418.11,-912.49,-1219.7,-691.3,92.525,569.62
430.73,182.78,-229.81,-312.62,317.46,-14.692,-381.72,-1227.5,-1576.2,-1073.7,-201.15,412.36
301.79,88.486,-191.32,-200.95,232.52,-43.532,-325.82,-1474.8,-1853.1,-1387.6,-457.49,253.76
183.81,-16.596,-173.09,-89.621,162.94,-88.281,-256.13,-1630.9,-2032.1,-1611,-661.6,104.9
85.497,-123.5,-175.2,12.668,114.09,-145.19,-179.55,-1683.5,-2107.2,-1735.1,-806.19,-25.189
10.253,-222.56,-193.97,99.675,87.213,-207.58,-103.9,-1637,-2087.1,-1765.7,-891.27,-130.77
-43.565,-304.8,-222.01,168.03,75.741,-265.88,-36.907,-1513.1,-1991.9,-1719.5,-923.3,-209.53
-80.757,-363.97,-244.29,216.93,71.158,-310,15.789,-1342.7,-1846.1,-1618.7,-913.24,-262.25
-106.83,-397.8,-242.86,247.47,65.941,-333.53,51.74,-1156.9,-1672.7,-1484.7,-873.61,-292.42
-126.02,-408.05,-222.33,262.15,55.715,-336.14,70.93,-978.99,-1489.6,-1334.6,-815.64,-305.4
-140.36,-399.82,-200.71,264.61,39.952,-322.44,74.614,-822.28,-1309.2,-1180.3,-746.42,-307.07
-150,-378.85,-185.28,259.09,21.123,-298.84,65.979,-691.77,-1142.3,-1030.6,-666.98,-301.94
-149.12,-347.21,-174.69,247.41,10.596,-271.3,50.714,-587.27,-998.67,-899.32,-588.83,-288.35
-123.1,-313.41,-167.12,224.83,7.2995,-246.41,35.202,-503.67,-878.97,-795.3,-531.24,-258.93
-104.68,-293.31,-162.14,203.27,3.3849,-231.28,22.469,-433.14,-776.43,-712.19,-491.89,-232.56
-98.916,-284.81,-159.71,192.74,0.63731,-225.53,19.966,-371.2,-686.37,-640.94,-461.49,-219.25
-96.448,-280.63,-159.16,187.61,-0.77523,-223.55,21.812,-317.17,-609.26,-577.98,-433.93,-212.17
-94.334,-277.39,-159.15,184.2,-1.2983,-221.72,24.431,-270.79,-546.39,-524.18,-406.1,-207.21
-91.917,-274.04,-158.61,181.24,-1.3168,-218.92,26.393,-231.45,-496.06,-479.96,-377.01,-202.89
-89.127,-270.51,-157.37,178.39,-1.0032,-215.29,26.667,-199.64,-454.3,-442.34,-347.56,-198.67
-86.039,-267.04,-155.95,175.56,-0.39464,-211.56,25.283,-176.73,-416.71,-406.84,-319.7,-194.36
-82.764,-263.87,-154.74,172.75,0.45697,-208.43,22.947,-162.27,-380.12,-371.27,-294.93,-189.85
-79.406,-261.02,-153.83,169.9,1.4427,-206.09,20.37,-152.05,-343.76,-336.65,-273.54,-185.15
-76.045,-258.36,-153.11,166.95,2.4568,-204.39,17.924,-142.29,-308.93,-304.68,-255.08,-180.3
-72.699,-255.71,-152.47,163.79,3.4591,-203.08,15.703,-133.13,-277.61,-276.44,-239.02,-175.43
-69.327,-252.93,-151.88,160.35,4.4818,-201.94,13.717,-125.49,-251.28,-252.42,-224.97,-170.67
-65.884,-249.94,-151.32,156.57,5.5785,-200.84,12.009,-119.59,-230.29,-232.68,-212.63,-166.22
-62.41,-246.68,-150.82,152.44,6.7546,-199.65,10.616,-115.26,-214.03,-216.86,-201.81,-162.25
-59.069,-243.09,-150.37,147.99,7.9237,-198.28,9.5286,-112.22,-201.5,-204.3,-192.35,-158.83
-56.089,-239.12,-149.93,143.33,8.9259,-196.65,8.7546,-110.21,-191.73,-194.24,-184.1,-155.83
-53.639,-234.66,-149.37,138.58,9.6056,-194.62,8.2884,-108.94,-183.87,-185.96,-176.88,-152.96
-51.741,-229.56,-148.52,133.87,9.8921,-192.06,8.0045,-108.11,-177.3,-178.85,-170.42,-149.84
-50.267,-223.66,-147.1,129.15,9.8233,-188.76,7.804,-107.41,-171.59,-172.49,-164.42,-146.18
-49.001,-216.75,-144.77,124.28,9.5009,-184.53,7.958,-106.59,-166.47,-166.66,-158.59,-141.74
-47.732,-208.66,-141.19,119.01,9.001,-179.19,9.2681,-105.5,-161.82,-161.29,-152.71,-136.3
-46.345,-199.25,-136.07,113.16,8.286,-172.65,12.635,-104.09,-157.6,-156.43,-146.7,-129.71
-44.869,-188.55,-129.15,106.74,7.1912,-164.87,18.312,-102.42,-153.79,-152.1,-140.64,-121.97
-43.446,-176.7,-120.15,99.899,5.5023,-155.79,25.993,-100.59,-150.33,-148.27,-134.73,-113.34
-42.239,-163.91,-108.86,92.913,3.0636,-145.34,35.477,-98.683,-147.12,-144.86,-129.17,-104.33
-41.33,-150.39,-95.346,85.974,-0.15282,-133.46,46.862,-96.755,-144.03,-141.7,-124.11,-95.564
-40.685,-136.31,-80.004,79.143,-4.0377,-120.16,60.273,-94.806,-140.91,-138.65,-119.61,-87.599
-40.198,-121.89,-63.592,72.417,-8.3793,-105.59,75.38,-92.823,-137.68,-135.61,-115.61,-80.757
-39.764,-107.59,-47.111,65.842,-12.909,-90.088,90.99,-90.792,-134.31,-132.55,-111.95,-75.087
-39.333,-94.055,-31.661,59.582,-17.338,-74.24,105.2,-88.716,-130.84,-129.5,-108.47,-70.411
-38.921,-81.99,-18.283,53.853,-21.39,-59.013,116.07,-86.613,-127.31,-126.53,-105.01,-66.418
-38.589,-71.866,-7.7748,48.837,-24.857,-45.688,122.16,-84.514,-123.78,-123.74,-101.54,-62.76
-38.408,-63.793,-0.40956,44.61,-27.65,-35.426,122.68,-82.455,-120.28,-121.19,-98.153,-59.166
-38.42,-57.594,4.3557,41.142,-29.834,-28.594,117.6,-80.466,-116.83,-118.91,-94.989,-55.531
-38.611,-52.95,7.7095,38.336,-31.584,-24.556,107.61,-78.567,-113.43,-116.91,-92.191,-51.928
-38.901,-49.515,10.721,36.061,-33.093,-22.236,94.12,-76.759,-110.07,-115.11,-89.823,-48.531
-39.148,-46.971,13.779,34.18,-34.456,-20.752,79.167,-75.009,-106.69,-113.4,-87.871,-45.507
-39.185,-45.052,16.756,32.567,-35.631,-19.615,64.988,-73.258,-103.21,-111.65,-86.254,-42.937
-38.876,-43.554,19.411,31.129,-36.496,-18.618,53.121,-71.42,-99.518,-109.74,-84.861,-40.816
-38.18,-42.331,21.6,29.822,-36.95,-17.701,43.928,-69.396,-95.473,-107.57,-83.582,-39.086
-37.169,-41.287,23.297,28.639,-36.974,-16.856,36.934,-67.089,-90.948,-105.06,-82.327,-37.673
-35.987,-40.363,24.552,27.595,-36.632,-16.075,31.36,-64.394,-85.818,-102.14,-81.024,-36.495
-34.778,-39.519,25.442,26.691,-36.033,-15.339,26.493,-61.197,-79.982,-98.715,-79.599,-35.462
-33.612,-38.721,26.042,25.895,-35.289,-14.624,21.982,-57.383,-73.342,-94.681,-77.953,-34.472
-32.452,-37.934,26.418,25.14,-34.478,-13.904,17.952,-52.834,-65.808,-89.925,-75.955,-33.425
-31.173,-37.116,26.62,24.332,-33.633,-13.158,14.659,-47.431,-57.291,-84.346,-73.463,-32.249
-29.631,-36.235,26.677,23.389,-32.739,-12.371,12.108,-41.026,-47.672,-77.844,-70.339,-30.908
-27.754,-35.267,26.611,22.267,-31.763,-11.536,10.092,-33.38,-36.761,-70.289,-66.451,-29.4
-25.568,-34.203,26.453,20.97,-30.69,-10.65,8.3895,-24.111,-24.267,-61.448,-61.64,-27.727
-23.187,-33.035,26.262,19.528,-29.535,-9.7057,6.8755,-12.693,-9.7921,-50.975,-55.669,-25.86
-20.739,-31.738,26.121,17.973,-28.314,-8.693,5.5067,1.3582,7.0289,-38.413,-48.195,-23.716
-18.299,-30.248,26.092,16.309,-27.014,-7.5775,4.2546,18.189,26.388,-23.279,-38.788,-21.141
-15.855,-28.45,26.181,14.487,-25.578,-6.2674,3.0359,37.343,48.158,-5.2412,-27.012,-17.923
-13.302,-26.181,26.327,12.386,-23.923,-4.6025,1.6826,57.842,71.868,15.713,-12.563,-13.798
-10.455,-23.243,26.442,9.8134,-21.986,-2.3965,-0.039696,78.671,96.876,39.211,4.5894,-8.474
-7.0835,-19.446,26.468,6.5309,-19.762,0.49519,-2.3737,99.207,122.64,64.621,24.164,-1.6844
-2.9289,-14.64,26.426,2.2835,-17.338,4.1377,-5.467,119.31,148.85,91.282,45.669,6.7578
2.2788,-8.7351,26.416,-3.1639,-14.865,8.5227,-9.2509,139.21,175.44,118.68,68.588,16.911
8.8079,-1.6854,26.569,-10.003,-12.505,13.6,-13.414,159.27,202.37,146.45,92.531,28.703
16.886,6.5442,26.986,-18.364,-10.358,19.304,-17.579,179.74,229.47,174.23,117.23,41.981
26.614,15.994,27.685,-28.293,-8.4095,25.553,-21.569,200.52,256.27,201.55,142.42,56.582
37.855,26.689,28.592,-39.697,-6.5186,32.249,-25.502,221.21,282.1,227.79,167.67,72.35
50.174,38.587,29.571,-52.298,-4.4521,39.284,-29.664,241.25,306.26,252.35,192.37,89.09
62.956,51.543,30.48,-65.674,-1.9613,46.566,-34.296,260.21,328.37,274.84,215.83,106.52
75.65,65.304,31.217,-79.38,1.1295,54.025,-39.448,277.95,348.34,295.25,237.54,124.3
87.911,79.54,31.742,-93.051,4.8548,61.594,-44.976,294.6,366.38,313.85,257.35,142.04
99.576,93.905,32.082,-106.42,9.0887,69.205,-50.636,310.39,382.72,331.06,275.42,159.48
110.59,108.11,32.311,-119.27,13.595,76.813,-56.195,325.41,397.53,347.21,292.04,176.4
120.95,121.94,32.522,-131.5,18.134,84.381,-61.497,339.49,410.81,362.43,307.41,192.69
130.77,135.23,32.769,-143.08,22.564,91.813,-66.524,352.19,422.44,376.57,321.5,208.23
140.22,147.77,33.032,-154.1,26.886,98.868,-71.406,363.04,432.27,389.38,334.11,222.84
149.5,159.3,33.227,-164.63,31.199,105.2,-76.361,371.85,440.33,400.6,345.03,236.35
158.65,169.59,33.264,-174.62,35.593,110.52,-81.562,378.76,446.76,410.14,354.24,248.59
167.51,178.49,33.109,-183.89,40.031,114.75,-86.987,384.2,451.84,418.13,361.92,259.51
175.8,186.03,32.804,-192.22,44.329,118.02,-92.37,388.65,455.91,424.86,368.44,269.18
183.27,192.38,32.46,-199.48,48.238,120.57,-97.332,392.58,459.27,430.69,374.18,277.73
189.79,197.72,32.198,-205.67,51.562,122.66,-101.61,396.25,462.14,435.94,379.46,285.35
195.35,202.26,32.079,-210.87,54.245,124.46,-105.18,399.74,464.6,440.78,384.43,292.2
199.99,206.11,32.059,-215.19,56.397,126.08,-108.19,402.92,466.63,445.24,389.13,298.39
203.73,209.37,32.004,-218.71,58.248,127.53,-110.87,405.64,468.16,449.26,393.46,304.04
206.67,212.04,31.753,-221.5,60.046,128.77,-113.4,407.77,469.11,452.71,397.28,309.18
208.94,214.15,31.194,-223.63,61.921,129.75,-115.82,409.25,469.45,455.53,400.45,313.85
210.65,215.73,30.315,-225.23,63.825,130.41,-118.09,410.13,469.13,457.68,402.91,317.99
211.86,216.85,29.194,-226.39,65.555,130.71,-120.07,410.45,468.15,459.17,404.62,321.52
212.59,217.54,27.962,-227.21,66.885,130.63,-121.69,410.22,466.45,460.02,405.62,324.3
212.9,217.85,26.757,-227.76,67.688,130.16,-122.9,409.38,463.95,460.24,405.93,326.2
212.96,217.8,25.681,-228.08,67.988,129.36,-123.69,407.69,460.51,459.75,405.55,327.14
212.97,217.42,24.779,-228.2,67.946,128.32,-124.09,404.86,456,458.43,404.46,327.13
213.04,216.68,24.034,-228.08,67.831,127.14,-124.16,400.55,450.25,456.11,402.6,326.22
213.1,215.51,23.388,-227.56,67.944,125.87,-123.91,394.58,443.17,452.63,399.91,324.47
212.79,213.77,22.771,-226.34,68.469,124.52,-123.24,386.88,434.67,447.88,396.31,321.87
211.59,211.29,22.153,-224.06,69.351,123.04,-121.97,377.43,424.68,441.77,391.74,318.35
209.11,207.91,21.59,-220.46,70.31,121.37,-119.88,366.15,413.02,434.19,386.15,313.72
205.23,203.5,21.228,-215.45,70.854,119.45,-116.85,352.82,399.45,425.02,379.44,307.73
199.88,198.03,21.265,-209.11,70.234,117.24,-112.89,337.24,383.67,414.09,371.48,300.08
192.87,191.49,21.871,-201.57,67.629,114.72,-108.13,319.36,365.48,401.18,362.15,290.56
184.02,183.9,23.096,-192.92,62.555,111.82,-102.67,299.46,344.84,386.05,351.29,279.07
173.36,175.26,24.827,-183.25,55.123,108.43,-96.628,278.16,321.94,368.54,338.78,265.63
161.35,165.5,26.807,-172.72,45.922,104.33,-90.137,256.14,297.16,348.6,324.51,250.3
148.68,154.57,28.71,-161.54,35.714,99.286,-83.38,233.94,270.95,326.37,308.45,233.22
135.99,142.43,30.245,-149.92,25.348,93.084,-76.537,211.77,243.66,302.07,290.62,214.72
123.6,129.15,31.245,-137.97,15.86,85.723,-69.726,189.6,215.55,275.96,271.15,195.33
111.57,114.85,31.714,-125.68,8.2259,77.51,-62.963,167.37,186.85,248.24,250.22,175.69
99.799,99.786,31.774,-112.96,2.8247,69.037,-56.163,145.09,157.98,219.12,228.04,156.37
88.051,84.267,31.573,-99.673,-0.63126,60.926,-49.18,122.96,129.55,189.01,204.84,137.66
75.916,68.674,31.207,-85.687,-2.8535,53.528,-41.854,101.29,102.33,158.64,180.96,119.55
62.846,53.445,30.701,-70.966,-4.6576,46.829,-34.082,80.432,76.973,128.95,156.82,101.85
48.643,39.052,30.008,-55.856,-6.3962,40.555,-25.96,60.668,53.862,100.85,132.91,84.311
34.452,25.953,29.043,-41.321,-7.8503,34.363,-17.97,42.115,33.045,74.86,109.74,66.789
22.504,14.52,27.72,-28.634,-8.7758,27.998,-10.91,24.775,14.328,51.147,87.675,49.468
13.995,4.937,25.99,-18.602,-9.1654,21.415,-5.3532,8.6492,-2.5685,29.645,66.978,32.989
8.4787,-2.8435,23.872,-11.197,-9.1665,14.824,-1.3073,-6.1558,-17.869,10.271,47.769,18.278
4.9599,-9.0588,21.477,-5.8686,-8.9978,8.6107,1.5797,-19.406,-31.687,-7.0187,30.119,6.0839
2.5971,-14.03,18.991,-1.9602,-8.8937,3.1603,3.6899,-30.855,-44.043,-22.245,14.108,-3.391
0.81299,-18.068,16.636,1.0661,-9.0368,-1.3004,5.2991,-40.393,-54.926,-35.456,-0.16774,-10.466
-0.7424,-21.418,14.587,3.5737,-9.5001,-4.7558,6.5754,-48.11,-64.357,-46.746,-12.654,-15.707
-2.2296,-24.25,12.912,5.7624,-10.227,-7.3537,7.6145,-54.247,-72.408,-56.255,-23.399,-19.669
-3.6727,-26.663,11.565,7.7129,-11.063,-9.3161,8.4713,-59.094,-79.203,-64.159,-32.548,-22.787
-5.0327,-28.707,10.439,9.4436,-11.814,-10.858,9.1766,-62.933,-84.908,-70.673,-40.307,-25.356
-6.2711,-30.412,9.431,10.959,-12.32,-12.14,9.7445,-66.009,-89.719,-76.046,-46.895,-27.554
-7.3774,-31.808,8.4761,12.272,-12.5,-13.267,10.182,-68.531,-93.838,-80.539,-52.523,-29.475
-8.3636,-32.929,7.5418,13.401,-12.361,-14.299,10.501,-70.665,-97.457,-84.404,-57.393,-31.16
-9.2447,-33.818,6.6037,14.369,-11.98,-15.267,10.727,-72.541,-100.73,-87.846,-61.683,-32.638
-10.03,-34.524,5.6384,15.192,-11.467,-16.182,10.894,-74.249,-103.76,-91.014,-65.544,-33.953
-10.725,-35.099,4.6367,15.889,-10.941,-17.044,11.036,-75.84,-106.61,-93.986,-69.096,-35.175
-11.345,-35.598,3.6168,16.484,-10.511,-17.838,11.169,-77.323,-109.29,-96.788,-72.425,-36.377
-11.908,-36.067,2.619,17.004,-10.252,-18.542,11.298,-78.672,-111.77,-99.405,-75.593,-37.605
-12.43,-36.541,1.6838,17.475,-10.191,-19.137,11.415,-79.845,-114.01,-101.81,-78.629,-38.858
-12.914,-37.037,0.83221,17.917,-10.301,-19.63,11.506,-80.811,-115.99,-103.97,-81.519,-40.078
-13.357,-37.554,0.064088,18.34,-10.507,-20.068,11.55,-81.566,-117.71,-105.87,-84.206,-41.165
-13.76,-38.073,-0.62639,18.755,-10.716,-20.512,11.529,-82.137,-119.19,-107.55,-86.612,-41.999
-14.139,-38.573,-1.2388,19.166,-10.843,-20.997,11.435,-82.565,-120.48,-109.03,-88.671,-42.479
-14.51,-39.025,-1.7687,19.575,-10.835,-21.507,11.288,-82.897,-121.61,-110.36,-90.354,-42.565
-14.878,-39.407,-2.2178,19.97,-10.683,-21.998,11.137,-83.171,-122.62,-111.57,-91.68,-42.289
-15.226,-39.702,-2.5952,20.331,-10.435,-22.422,11.053,-83.407,-123.51,-112.66,-92.699,-41.733
-15.535,-39.908,-2.9,20.634,-10.186,-22.74,11.102,-83.602,-124.25,-113.6,-93.468,-40.986
-15.794,-40.036,-3.1007,20.868,-10.06,-22.918,11.324,-83.739,-124.85,-114.36,-94.044,-40.12
-16.02,-40.112,-3.1386,21.036,-10.171,-22.932,11.715,-83.795,-125.29,-114.94,-94.463,-39.175
-16.243,-40.162,-2.9579,21.152,-10.589,-22.778,12.223,-83.763,-125.61,-115.35,-94.736,-38.161
-16.494,-40.215,-2.5435,21.238,-11.314,-22.479,12.758,-83.664,-125.86,-115.63,-94.848,-37.06
-16.793,-40.29,-1.941,21.319,-12.265,-22.088,13.213,-83.54,-126.1,-115.83,-94.756,-35.834
-17.124,-40.394,-1.2451,21.412,-13.283,-21.671,13.506,-83.437,-126.4,-115.98,-94.397,-34.444
-17.429,-40.515,-0.5636,21.513,-14.163,-21.29,13.606,-83.377,-126.76,-116.1,-93.715,-32.877
-17.631,-40.624,0.020196,21.601,-14.718,-20.985,13.539,-83.361,-127.17,-116.18,-92.7,-31.16
-17.681,-40.682,0.46089,21.653,-14.857,-20.77,13.36,-83.361,-127.54,-116.19,-91.402,-29.364
-17.595,-40.665,0.74265,21.659,-14.616,-20.646,13.125,-83.334,-127.82,-116.11,-89.914,-27.589
-17.454,-40.569,0.87607,21.628,-14.152,-20.603,12.875,-83.23,-127.93,-115.89,-88.323,-25.955
-17.371,-40.418,0.91047,21.586,-13.69,-20.626,12.641,-83.018,-127.83,-115.52,-86.687,-24.582
-17.454,-40.251,0.92874,21.565,-13.462,-20.693,12.443,-82.706,-127.54,-114.99,-85.028,-23.552
-17.769,-40.115,1.0056,21.597,-13.635,-20.776,12.294,-82.35,-127.14,-114.34,-83.368,-22.88
-18.308,-40.043,1.1566,21.691,-14.252,-20.854,12.19,-82.047,-126.75,-113.66,-81.76,-22.487
-18.969,-40.046,1.3179,21.824,-15.206,-20.924,12.102,-81.894,-126.45,-113.04,-80.294,-22.245
-19.578,-40.11,1.3736,21.947,-16.265,-21.004,11.991,-81.953,-126.33,-112.56,-79.068,-22.048
-19.97,-40.211,1.2151,22.014,-17.152,-21.12,11.826,-82.222,-126.38,-112.26,-78.154,-21.872
-20.065,-40.33,0.7971,22.012,-17.636,-21.297,11.601,-82.631,-126.54,-112.12,-77.558,-21.757
-19.91,-40.467,0.15135,21.981,-17.602,-21.543,11.331,-83.072,-126.7,-112.07,-77.216,-21.757
-19.637,-40.64,-0.6405,21.989,-17.072,-21.851,11.044,-83.43,-126.74,-112.01,-77.005,-21.897
-19.395,-40.864,-1.4881,22.101,-16.189,-22.202,10.771,-83.621,-126.58,-111.84,-76.789,-22.162
-19.28,-41.142,-2.3205,22.347,-15.148,-22.575,10.534,-83.625,-126.2,-111.51,-76.483,-22.511
-19.296,-41.458,-3.1007,22.701,-14.104,-22.946,10.337,-83.495,-125.67,-111.03,-76.084,-22.897
-19.356,-41.772,-3.83,23.087,-13.106,-23.291,10.165,-83.338,-125.1,-110.47,-75.669,-23.286
-19.315,-42.035,-4.5361,23.402,-12.118,-23.594,9.9924,-83.269,-124.64,-109.94,-75.357,-23.676
-19.052,-42.206,-5.2453,23.551,-11.092,-23.839,9.7925,-83.362,-124.36,-109.54,-75.257,-24.101
-18.527,-42.271,-5.9522,23.496,-10.035,-24.021,9.5547,-83.619,-124.28,-109.32,-75.424,-24.611
-17.824,-42.241,-6.6047,23.266,-9.0292,-24.139,9.3007,-83.953,-124.3,-109.25,-75.832,-25.241
-17.106,-42.139,-7.1076,22.939,-8.2094,-24.193,9.0843,-84.204,-124.25,-109.22,-76.373,-25.972
-16.544,-41.971,-7.3439,22.596,-7.7183,-24.171,8.9559,-84.163,-123.89,-109.02,-76.872,-26.724
-16.233,-41.717,-7.203,22.277,-7.6403,-24.039,8.9143,-83.614,-122.95,-108.4,-77.118,-27.367
-16.146,-41.324,-6.6101,21.965,-7.951,-23.735,8.8948,-82.342,-121.13,-107.03,-76.873,-27.732
-16.133,-40.72,-5.5524,21.586,-8.526,-23.183,8.8312,-80.106,-118.11,-104.53,-75.828,-27.593
-15.967,-39.822,-4.1114,21.026,-9.2104,-22.315,8.755,-76.509,-113.38,-100.22,-73.483,-26.633
-15.389,-38.542,-2.4999,20.137,-9.8682,-21.1,8.8483,-70.75,-106.03,-92.834,-68.869,-24.32
-14.083,-36.762,-1.0717,18.688,-10.319,-19.578,9.3601,-61.388,-94.53,-79.933,-59.992,-19.549
-11.393,-34.312,-0.26358,16.224,-10.163,-17.891,10.444,-47.873,-77.126,-58.987,-43.682,-10.193
-5.666,-30.932,-0.4446,11.803,-8.9731,-16.264,12.092,-39.443,-56.414,-37.92,-22.461,3.1454
0.72136,-26.257,-1.3911,4.0691,-13.936,-14.867,14.176,-49.913,-48.579,-42.8,-21.012,5.7162
-6.4042,-19.823,2.2005,-6.2216,-26.888,-13.62,16.51,-52.67,-57.586,-55.421,-37.123,-3.8777
-11.12,-11.112,22.722,-13.515,-34.934,-12.102,18.927,-27.591,-45.531,-35.28,-30.227,-1.5599
-7.5313,0.3419,39.071,-17.336,-39.719,-9.7521,21.428,15.358,0.80181,15.089,0.91496,14.777
3.6855,14.81,47.084,-26.274,-37.851,-6.3667,24.526,70.266,69.511,89.729,53.847,43.258
25.097,32.199,44.243,-44.887,-26.117,-2.5467,30.833,134.66,155.22,187.85,131.25,86.582
58.752,51.928,29.052,-71.989,-2.3787,0.30328,50.756,211.34,263.03,312.2,235.63,146.96
105.78,72.961,1.3311,-105.85,34.47,0.65046,64.171,306.87,400.9,468.62,369.62,224.43
166.67,94.033,-39.201,-145.17,85.911,-2.2204,59.757,427.21,567.23,658.79,534.63,316.9
240.78,114.01,-93.076,-188.82,153.35,-7.8386,55.003,577.26,755.95,873.81,725.31,420.51
324.51,132.28,-159.37,-236.42,231.55,-15.115,51.215,755.24,960.72,1098,927.29,530.65
414,149.03,-234.22,-288.38,316.01,-22.998,45.446,947.24,1163.7,1313.5,1123.9,642.97
507.78,164.94,-312.63,-344.6,403.63,-30.484,32.213,1126,1336,1499.1,1299.9,752.12
601.7,180.75,-387.51,-403.1,488.25,-36.589,5.2438,1253.7,1443.9,1629.2,1439.8,851.45
689.06,197.25,-450.12,-460.33,562.87,-40.88,-40.337,1294.7,1455.9,1678.4,1527.9,934.06
762.25,216.7,-492.93,-512.31,620.47,-44.102,-105.19,1228.8,1353,1629.3,1551.6,993.5
814.09,244.69,-511.45,-554.88,654.99,-48.167,-184.2,1057.9,1135.7,1477.9,1504.2,1024.5
838.76,284.48,-504.56,-583.44,662.79,-54.717,-267.22,800.72,821.96,1233,1385.9,1023.3
832.17,322.8,-474.01,-593.02,643.28,-56.18,-341.29,482.99,438.74,911.85,1203.2,988.35
792.32,341.46,-424.6,-578.92,598.3,-38.866,-395.91,128.61,14.011,534.28,966.55,919.78
720.11,334.1,-364.01,-538.13,531.84,-17.174,-424.73,-243.36,-427.51,120.34,689.21,820.18
620.36,300.63,-301.33,-470.9,450.31,-4.1348,-425.99,-615.87,-863.02,-308.31,387.59,694.69
501.94,242.18,-245.06,-381.39,362.15,-4.0705,-401.65,-968.62,-1268.1,-725.88,81.389,550.76
376.38,161.7,-202.13,-276.98,276.56,-19.065,-355.88,-1275.7,-1616.1,-1102.6,-208.07,397.46
255.19,64.548,-176.86,-166.59,201.65,-49.934,-293.97,-1509.4,-1881.7,-1409.6,-461.36,244.32
147.36,-41.789,-170.12,-58.914,142.13,-95.941,-221.97,-1648.1,-2047.8,-1625.7,-664.14,100.25
58.347,-148.19,-180.23,38.651,102.21,-153.95,-146.62,-1683.4,-2110.7,-1742.8,-808.62,-27.23
-9.8529,-244.72,-203.84,120.66,81.063,-217.16,-75,-1623.8,-2080.9,-1767.3,-894.01,-132.39
-58.623,-322.47,-232.17,183.98,72.534,-275,-13.463,-1493.1,-1979.6,-1716.5,-926.23,-211.8
-92.19,-375.78,-245.04,227.93,68.593,-316.68,33.691,-1322.2,-1831.3,-1612.5,-916.04,-265.15
-115.73,-403.53,-232.86,253.97,62.058,-336.62,64.558,-1140,-1658.3,-1476.7,-876.04,-295.5
-133.09,-408.77,-212.18,265.13,49.779,-336.15,78.778,-967.34,-1477.7,-1326.6,-817.84,-308.26
-145.95,-397.35,-194.95,265.32,32.515,-320.74,77.696,-815.83,-1301.9,-1174.8,-749.69,-309.53
-154.19,-375.24,-182.34,258.6,13.88,-296.72,65.507,-689.61,-1141.9,-1031.7,-675.33,-304.08
-152.52,-345.34,-172.64,246.35,5.3523,-269.82,48.631,-588.2,-1004.8,-909.48,-604.5,-290.76
-131.78,-315.81,-165.23,225.46,1.0144,-246.48,32.368,-506.32,-889.17,-812.07,-550.77,-262.63
-115.55,-298.43,-160.43,206.87,-2.697,-232.84,20.282,-436.23,-787.9,-732.05,-512.7,-235.79
-108.53,-290.55,-158.42,197.26,-4.5591,-227.66,18.813,-374.05,-696.98,-661.08,-482.96,-220.61
-104.53,-286.25,-158.6,192.08,-4.8164,-225.68,19.933,-319.82,-617.97,-596.19,-456.17,-211.46
-101.11,-282.8,-159.59,188.42,-4.0727,-223.76,21.455,-273.53,-553.25,-539.29,-429.26,-204.3
-97.568,-279.3,-160.07,185.17,-2.8549,-220.92,22.106,-234.38,-501.63,-492.36,-400.88,-197.53
-93.786,-275.66,-159.57,181.97,-1.456,-217.24,21.241,-202.54,-459.13,-453.51,-371.17,-190.55
-89.826,-272.07,-158.49,178.7,0.064825,-213.4,18.971,-179.21,-421.26,-418.3,-341.48,-183.21
-85.739,-268.73,-157.36,175.33,1.7525,-210.14,15.848,-164.4,-384.64,-383.74,-313.68,-175.58
-81.5,-265.7,-156.39,171.85,3.6485,-207.75,12.484,-154.69,-348.43,-350.19,-289.05,-167.82
-77.05,-262.9,-155.59,168.22,5.7621,-206.09,9.2801,-146.01,-313.93,-319.27,-267.88,-160.05
-72.372,-260.14,-154.91,164.38,8.058,-204.83,6.4222,-137.68,-283.1,-291.95,-249.8,-152.28
-67.564,-257.25,-154.34,160.29,10.435,-203.68,3.9879,-130.47,-257.25,-268.5,-234.38,-144.41
-62.824,-254.1,-153.87,155.88,12.732,-202.46,2.0248,-124.66,-236.5,-248.78,-221.22,-136.34
-58.359,-250.58,-153.49,151.13,14.788,-201.03,0.58147,-120.15,-220.13,-232.35,-209.96,-128.14
-54.288,-246.58,-153.18,145.95,16.52,-199.32,-0.27845,-116.74,-207.14,-218.62,-200.25,-120.09
-50.631,-242.01,-152.9,140.25,17.92,-197.28,-0.4813,-114.21,-196.65,-206.93,-191.69,-112.62
-47.368,-236.71,-152.55,133.95,18.996,-194.87,-0.063106,-112.36,-187.98,-196.75,-183.92,-106.06
-44.485,-230.52,-151.95,127.06,19.695,-191.95,0.6622,-110.98,-180.68,-187.72,-176.65,-100.53
-41.981,-223.23,-150.81,119.69,19.911,-188.29,1.2485,-109.85,-174.48,-179.68,-169.7,-95.891
-39.854,-214.67,-148.81,112.01,19.537,-183.59,1.5665,-108.78,-169.18,-172.58,-163.04,-91.852
-38.085,-204.73,-145.55,104.23,18.543,-177.56,1.981,-107.61,-164.66,-166.45,-156.75,-88.116
-36.645,-193.47,-140.61,96.543,17.009,-170.01,3.1246,-106.24,-160.75,-161.24,-150.96,-84.459
-35.493,-181.04,-133.7,89.144,15.075,-160.94,5.6336,-104.63,-157.25,-156.81,-145.79,-80.766
-34.569,-167.7,-124.75,82.157,12.823,-150.45,9.8931,-102.78,-153.96,-152.94,-141.3,-77.02
-33.793,-153.72,-113.79,75.596,10.192,-138.62,15.858,-100.74,-150.68,-149.37,-137.45,-73.257
-33.092,-139.36,-100.79,69.379,7.0236,-125.5,23.321,-98.592,-147.3,-145.89,-134.11,-69.511
-32.42,-124.89,-85.852,63.406,3.1842,-111.18,32.308,-96.406,-143.76,-142.33,-131.09,-65.772
-31.792,-110.62,-69.336,57.644,-1.3297,-95.856,42.871,-94.225,-140.09,-138.63,-128.15,-61.985
-31.293,-96.977,-52.003,52.188,-6.3724,-79.908,54.321,-92.071,-136.34,-134.85,-125.08,-58.103
-31.042,-84.531,-35.012,47.224,-11.697,-64.026,65.136,-89.961,-132.56,-131.12,-121.69,-54.144
-31.127,-73.805,-19.78,42.924,-17.012,-49.344,73.95,-87.917,-128.8,-127.56,-117.95,-50.232
-31.543,-65.085,-7.6301,39.346,-22.009,-37.294,79.886,-85.957,-125.05,-124.29,-113.96,-46.568
-32.176,-58.332,0.82042,36.431,-26.401,-28.847,82.082,-84.096,-121.29,-121.37,-109.92,-43.349
-32.844,-53.263,6.1768,34.046,-29.979,-23.779,79.925,-82.325,-117.45,-118.75,-106.06,-40.693
-33.382,-49.5,9.8187,32.064,-32.657,-20.996,73.718,-80.608,-113.47,-116.33,-102.56,-38.61
-33.718,-46.684,12.869,30.402,-34.46,-19.407,64.573,-78.889,-109.25,-113.98,-99.49,-37.018
-33.903,-44.529,15.802,29.03,-35.514,-18.306,53.976,-77.093,-104.71,-111.54,-96.835,-35.775
-34.058,-42.842,18.667,27.944,-36.016,-17.323,43.529,-75.151,-99.788,-108.92,-94.526,-34.718
-34.286,-41.505,21.348,27.136,-36.21,-16.299,34.522,-73.011,-94.427,-106.02,-92.466,-33.706
-34.601,-40.452,23.7,26.568,-36.345,-15.22,27.472,-70.645,-88.615,-102.8,-90.56,-32.652
-34.903,-39.641,25.635,26.164,-36.602,-14.157,22.144,-68.043,-82.375,-99.224,-88.732,-31.531
-35.008,-39.022,27.127,25.813,-37.02,-13.199,17.967,-65.209,-75.786,-95.264,-86.921,-30.352
-34.715,-38.524,28.187,25.399,-37.505,-12.385,14.392,-62.144,-68.926,-90.881,-85.066,-29.129
-33.896,-38.059,28.843,24.829,-37.897,-11.696,11.069,-58.833,-61.83,-86.015,-83.086,-27.86
-32.565,-37.543,29.149,24.067,-38.06,-11.088,7.8294,-55.219,-54.417,-80.567,-80.858,-26.52
-30.857,-36.913,29.184,23.131,-37.907,-10.524,4.5176,-51.153,-46.44,-74.362,-78.212,-25.056
-28.925,-36.126,29.019,22.06,-37.376,-9.9872,0.96358,-46.347,-37.484,-67.122,-74.929,-23.376
-26.848,-35.158,28.682,20.872,-36.391,-9.4578,-2.8106,-40.348,-27.031,-58.428,-70.764,-21.358
-24.6,-33.995,28.14,19.552,-34.878,-8.9126,-6.4915,-32.608,-14.55,-47.772,-65.473,-18.85
-22.076,-32.63,27.328,18.048,-32.786,-8.3299,-9.7462,-22.57,0.30817,-34.615,-58.833,-15.677
-19.147,-31.052,26.211,16.281,-30.12,-7.6877,-12.533,-9.822,17.615,-18.503,-50.606,-11.617
-15.695,-29.232,24.829,14.158,-26.954,-6.9485,-15.126,5.6975,37.128,0.78142,-40.506,-6.3636
-11.63,-27.112,23.305,11.57,-23.43,-6.0441,-17.929,23.577,58.367,23.089,-28.204,0.51308
-6.8789,-24.59,21.814,8.3911,-19.751,-4.8752,-21.266,43.055,80.776,47.902,-13.415,9.531
-1.3741,-21.517,20.525,4.4686,-16.139,-3.3276,-25.229,63.367,103.92,74.489,3.9844,21.123
4.9399,-17.694,19.561,-0.38009,-12.786,-1.2813,-29.628,84.01,127.59,102.15,23.881,35.349
12.086,-12.871,18.963,-6.3516,-9.7995,1.4069,-34.103,104.8,151.78,130.35,45.932,51.705
20.049,-6.786,18.697,-13.62,-7.1703,4.9198,-38.356,125.75,176.54,158.71,69.659,69.293
28.809,0.76799,18.681,-22.285,-4.7669,9.4338,-42.302,146.88,201.85,186.85,94.565,87.231
38.347,9.8506,18.843,-32.326,-2.405,14.996,-46.065,168.1,227.41,214.32,120.17,104.96
48.592,20.348,19.169,-43.578,0.041716,21.459,-49.888,189.12,252.73,240.57,146.02,122.28
59.344,32.037,19.716,-55.74,2.5711,28.58,-54.005,209.56,277.23,265.12,171.57,139.28
70.27,44.674,20.58,-68.429,5.075,36.174,-58.535,229.18,300.48,287.72,196.3,156.07
81.019,58.033,21.836,-81.253,7.4223,44.152,-63.424,247.96,322.27,308.38,219.76,172.73
91.326,71.878,23.494,-93.883,9.5391,52.443,-68.482,266.1,342.54,327.36,241.72,189.17
101.07,85.925,25.466,-106.1,11.447,60.912,-73.482,283.89,361.32,344.94,262.1,205.18
110.28,99.853,27.586,-117.79,13.252,69.333,-78.283,301.44,378.56,361.28,280.92,220.46
119.08,113.36,29.651,-128.94,15.101,77.447,-82.869,318.51,394.09,376.36,298.13,234.75
127.62,126.23,31.482,-139.59,17.141,85.057,-87.333,334.44,407.69,389.97,313.66,247.87
136,138.35,32.957,-149.77,19.491,92.076,-91.796,348.5,419.23,401.89,327.39,259.78
144.22,149.68,34.025,-159.49,22.228,98.502,-96.341,360.19,428.76,412.03,339.26,270.5
152.2,160.2,34.691,-168.71,25.374,104.36,-100.95,369.52,436.54,420.5,349.38,280.07
159.8,169.9,35.002,-177.36,28.903,109.66,-105.51,376.86,442.87,427.52,357.96,288.48
166.89,178.71,35.023,-185.34,32.73,114.37,-109.81,382.75,448.13,433.42,365.28,295.74
173.36,186.57,34.814,-192.57,36.726,118.42,-113.71,387.67,452.61,438.52,371.65,301.92
179.16,193.36,34.395,-198.99,40.739,121.72,-117.17,391.97,456.51,443.06,377.31,307.19
184.34,199.02,33.743,-204.58,44.637,124.19,-120.25,395.79,459.91,447.18,382.5,311.72
189.03,203.59,32.81,-209.38,48.351,125.85,-123.06,399.11,462.79,450.9,387.34,315.73
193.38,207.18,31.581,-213.5,51.876,126.82,-125.72,401.86,465.09,454.19,391.89,319.34
197.57,209.99,30.124,-217.07,55.219,127.27,-128.26,403.99,466.76,456.98,396.11,322.63
201.68,212.22,28.58,-220.21,58.379,127.44,-130.69,405.5,467.82,459.27,399.94,325.6
205.67,214.02,27.097,-222.95,61.4,127.49,-132.93,406.48,468.3,461.06,403.28,328.18
209.41,215.47,25.739,-225.27,64.39,127.53,-134.89,407.01,468.27,462.39,406.07,330.33
212.7,216.6,24.47,-227.13,67.445,127.57,-136.48,407.16,467.75,463.31,408.3,332
215.39,217.44,23.228,-228.49,70.521,127.58,-137.66,406.92,466.72,463.82,409.97,333.2
217.39,217.98,22.031,-229.36,73.372,127.51,-138.39,406.13,465.12,463.96,411.12,333.94
218.61,218.2,21.026,-229.78,75.574,127.31,-138.68,404.54,462.81,463.67,411.77,334.25
218.87,218.05,20.44,-229.71,76.63,126.96,-138.51,401.83,459.63,462.89,411.96,334.15
217.94,217.48,20.485,-229.05,76.119,126.47,-137.86,397.73,455.42,461.46,411.69,333.58
215.56,216.37,21.25,-227.62,73.802,125.86,-136.69,392.06,450.06,459.22,410.92,332.39
211.55,214.64,22.65,-225.25,69.717,125.11,-134.95,384.74,443.44,456.03,409.61,330.38
206.01,212.21,24.457,-221.8,64.209,124.21,-132.64,375.64,435.47,451.74,407.69,327.32
199.29,209.01,26.378,-217.26,57.84,123.1,-129.79,364.49,425.94,446.19,405.13,323.07
191.87,204.97,28.162,-211.69,51.233,121.71,-126.49,350.91,414.56,439.14,401.83,317.54
184.11,199.99,29.659,-205.14,44.914,119.99,-122.84,334.58,400.95,430.31,397.67,310.57
176.08,193.93,30.849,-197.65,39.176,117.8,-118.92,315.48,384.79,419.31,392.44,301.87
167.6,186.63,31.814,-189.18,34.006,114.94,-114.74,294.14,365.89,405.82,385.81,291.03
158.39,177.92,32.68,-179.65,29.139,111.13,-110.27,271.49,344.36,389.61,377.41,277.7
148.17,167.73,33.531,-169.01,24.225,106.2,-105.4,248.54,320.62,370.71,366.84,261.9
136.81,156.09,34.35,-157.29,19.011,100.2,-100.01,225.89,295.23,349.37,353.81,244.13
124.5,143.25,35.009,-144.73,13.535,93.398,-94.053,203.69,268.65,325.94,338.31,225.23
111.82,129.56,35.322,-131.72,8.2556,86.135,-87.546,181.75,241.16,300.7,320.58,206.01
99.463,115.39,35.118,-118.74,3.79,78.586,-80.658,159.83,212.83,273.74,301.08,186.97
87.933,101,34.298,-106.11,0.50344,70.751,-73.622,137.79,183.8,245.08,280.22,168.17
77.237,86.466,32.878,-93.809,-1.6321,62.568,-66.605,115.72,154.47,214.88,258.31,149.35
66.93,71.784,30.986,-81.537,-2.9339,54.045,-59.634,93.866,125.54,183.63,235.51,130.1
56.414,57.041,28.826,-68.945,-3.8331,45.345,-52.614,72.62,97.85,152.13,211.94,110.02
45.41,42.617,26.615,-55.986,-4.6962,36.751,-45.423,52.322,72.08,121.34,187.67,89.012
34.437,29.132,24.513,-43.2,-5.7076,28.553,-38.039,33.185,48.533,92.029,162.83,67.623
24.622,17.175,22.599,-31.546,-6.8799,20.965,-30.656,15.329,27.183,64.691,137.55,47.285
16.753,7.0356,20.874,-21.771,-8.1305,14.116,-23.679,-1.0812,7.8508,39.567,112.07,29.616
10.834,-1.3349,19.286,-14.004,-9.3294,8.0808,-17.521,-15.741,-9.613,16.824,86.742,15.388
6.4559,-8.1753,17.765,-7.9257,-10.335,2.8954,-12.374,-28.298,-25.256,-3.3614,62.083,4.3786
3.1526,-13.758,16.268,-3.1,-11.058,-1.4443,-8.1605,-38.564,-39.055,-20.822,38.79,-4.0347
0.51559,-18.314,14.81,0.83959,-11.513,-4.9888,-4.6629,-46.641,-50.992,-35.504,17.656,-10.42
-1.7859,-22.019,13.473,4.1433,-11.822,-7.8277,-1.6575,-52.846,-61.113,-47.536,-0.62443,-15.202
-3.9894,-25.013,12.381,6.9625,-12.174,-10.07,1.0003,-57.569,-69.547,-57.224,-15.698,-18.716
-6.2346,-27.41,11.652,9.3836,-12.766,-11.821,3.3561,-61.167,-76.497,-64.981,-27.665,-21.248
-8.5756,-29.309,11.353,11.459,-13.746,-13.17,5.3895,-63.934,-82.215,-71.238,-36.965,-23.039
-10.999,-30.8,11.478,13.225,-15.173,-14.193,7.0751,-66.114,-86.969,-76.394,-44.18,-24.291
-13.44,-31.972,11.942,14.715,-17.003,-14.959,8.4265,-67.899,-91.014,-80.78,-49.874,-25.176
-15.802,-32.914,12.603,15.966,-19.107,-15.541,9.5011,-69.427,-94.554,-84.64,-54.533,-25.827
-17.988,-33.713,13.29,17.019,-21.31,-16.009,10.383,-70.783,-97.725,-88.128,-58.537,-26.337
-19.942,-34.447,13.852,17.931,-23.443,-16.424,11.164,-72.009,-100.6,-91.315,-62.153,-26.76
-21.671,-35.167,14.191,18.767,-25.361,-16.819,11.928,-73.116,-103.2,-94.218,-65.531,-27.12
-23.243,-35.897,14.288,19.591,-26.957,-17.197,12.738,-74.1,-105.53,-96.829,-68.719,-27.434
-24.742,-36.631,14.187,20.448,-28.171,-17.547,13.615,-74.948,-107.57,-99.131,-71.694,-27.712
-26.215,-37.344,13.968,21.351,-29.019,-17.859,14.533,-75.649,-109.33,-101.12,-74.391,-27.97
-27.661,-38.003,13.7,22.275,-29.598,-18.143,15.424,-76.207,-110.85,-102.8,-76.732,-28.216
-29.042,-38.578,13.423,23.171,-30.023,-18.424,16.194,-76.646,-112.16,-104.23,-78.664,-28.448
-30.309,-39.054,13.142,23.988,-30.343,-18.731,16.757,-77.011,-113.31,-105.46,-80.176,-28.647
-31.415,-39.432,12.84,24.687,-30.528,-19.09,17.061,-77.349,-114.37,-106.56,-81.313,-28.782
-32.338,-39.729,12.5,25.258,-30.525,-19.508,17.102,-77.689,-115.33,-107.59,-82.144,-28.829
-33.081,-39.973,12.12,25.721,-30.308,-19.972,16.93,-78.04,-116.21,-108.55,-82.737,-28.781
-33.667,-40.191,11.701,26.108,-29.889,-20.452,16.624,-78.388,-116.98,-109.45,-83.146,-28.659
-34.119,-40.4,11.247,26.451,-29.316,-20.911,16.282,-78.707,-117.61,-110.23,-83.395,-28.52
-34.456,-40.603,10.771,26.759,-28.674,-21.31,15.989,-78.966,-118.1,-110.86,-83.483,-28.444
-34.705,-40.792,10.314,27.031,-28.104,-21.611,15.809,-79.142,-118.43,-111.3,-83.382,-28.505
-34.918,-40.957,9.9621,27.258,-27.797,-21.787,15.772,-79.23,-118.63,-111.54,-83.054,-28.734
-35.19,-41.093,9.8308,27.449,-27.942,-21.822,15.867,-79.243,-118.73,-111.59,-82.466,-29.09
-35.63,-41.204,10.024,27.628,-28.663,-21.725,16.038,-79.213,-118.79,-111.53,-81.615,-29.486
-36.306,-41.296,10.573,27.821,-29.95,-21.527,16.211,-79.18,-118.86,-111.42,-80.551,-29.823
-37.194,-41.374,11.41,28.037,-31.64,-21.275,16.32,-79.19,-118.99,-111.32,-79.372,-30.045
-38.182,-41.436,12.384,28.256,-33.46,-21.01,16.33,-79.269,-119.23,-111.24,-78.198,-30.152
-39.137,-41.475,13.339,28.454,-35.113,-20.757,16.248,-79.413,-119.55,-111.19,-77.131,-30.181
-39.989,-41.493,14.181,28.629,-36.376,-20.526,16.105,-79.577,-119.9,-111.09,-76.216,-30.176
-40.761,-41.496,14.897,28.818,-37.14,-20.319,15.946,-79.689,-120.19,-110.88,-75.441,-30.165
-41.538,-41.499,15.541,29.079,-37.427,-20.129,15.814,-79.675,-120.35,-110.49,-74.758,-30.155
-42.382,-41.51,16.175,29.454,-37.363,-19.949,15.737,-79.502,-120.32,-109.92,-74.123,-30.142
-43.28,-41.523,16.823,29.94,-37.13,-19.777,15.729,-79.189,-120.12,-109.22,-73.517,-30.115
-44.136,-41.524,17.431,30.473,-36.896,-19.619,15.786,-78.81,-119.83,-108.49,-72.959,-30.073
-44.788,-41.494,17.867,30.934,-36.757,-19.492,15.896,-78.468,-119.55,-107.83,-72.489,-30.035
-45.065,-41.415,17.982,31.186,-36.703,-19.415,16.046,-78.252,-119.38,-107.34,-72.162,-30.044
-44.845,-41.28,17.687,31.136,-36.656,-19.4,16.211,-78.204,-119.37,-107.07,-72.019,-30.16
-44.137,-41.086,17.024,30.776,-36.538,-19.437,16.353,-78.297,-119.51,-106.99,-72.068,-30.436
-43.109,-40.843,16.174,30.197,-36.327,-19.5,16.432,-78.444,-119.71,-107.04,-72.266,-30.892
-42.043,-40.568,15.392,29.545,-36.056,-19.563,16.425,-78.531,-119.85,-107.15,-72.533,-31.493
-41.206,-40.29,14.885,28.965,-35.768,-19.605,16.336,-78.465,-119.85,-107.25,-72.784,-32.159
-40.727,-40.048,14.722,28.559,-35.463,-19.619,16.182,-78.214,-119.66,-107.3,-72.97,-32.789
-40.561,-39.882,14.783,28.363,-35.055,-19.616,15.985,-77.823,-119.33,-107.28,-73.097,-33.307
-40.532,-39.823,14.816,28.354,-34.379,-19.622,15.762,-77.396,-118.97,-107.23,-73.228,-33.697
-40.428,-39.874,14.577,28.468,-33.313,-19.664,15.529,-77.061,-118.7,-107.23,-73.457,-33.999
-40.113,-40.008,13.979,28.619,-31.928,-19.737,15.306,-76.912,-118.62,-107.35,-73.863,-34.279
-39.605,-40.169,13.168,28.732,-30.531,-19.79,15.1,-76.973,-118.76,-107.61,-74.476,-34.598
-39.062,-40.291,12.468,28.758,-29.544,-19.753,14.896,-77.177,-119.04,-108,-75.258,-34.986
-38.695,-40.317,12.237,28.68,-29.318,-19.591,14.673,-77.387,-119.34,-108.43,-76.119,-35.441
-38.655,-40.21,12.712,28.508,-29.987,-19.332,14.418,-77.423,-119.45,-108.77,-76.944,-35.927
-38.955,-39.95,13.927,28.251,-31.42,-19.021,14.123,-77.103,-119.17,-108.82,-77.602,-36.377
-39.464,-39.523,15.741,27.914,-33.294,-18.654,13.763,-76.247,-118.27,-108.37,-77.942,-36.693
-39.952,-38.914,17.907,27.486,-35.236,-18.147,13.282,-74.632,-116.51,-107.17,-77.769,-36.732
-40.187,-38.085,20.136,26.955,-36.905,-17.351,12.654,-71.884,-113.53,-104.85,-76.79,-36.303
-39.996,-36.961,22.167,26.306,-37.967,-16.081,11.967,-67.3,-108.69,-100.68,-74.517,-35.153
-39.266,-35.406,23.844,25.51,-38.134,-14.159,11.469,-59.617,-100.89,-93.313,-70.012,-32.942
-37.873,-33.197,25.16,24.472,-37.34,-11.492,11.484,-47.294,-88.396,-80.268,-61.318,-29.059
-35.598,-30.013,26.186,22.939,-35.787,-8.1975,12.243,-32.02,-69.698,-59.518,-45.369,-22.108
-31.942,-25.444,26.881,20.346,-33.783,-4.6927,13.813,-26.562,-49.087,-40.842,-26.757,-10.744
-25.528,-19.07,26.826,15.655,-31.098,-1.6367,16.137,-40.356,-44.288,-48.317,-31.238,-4.4736
-16.876,-10.574,25.219,7.8629,-29.227,0.36265,19.085,-43.379,-54.235,-57.081,-41.708,-10.254
-18.114,0.18943,24.544,-1.4792,-37.187,1.2368,22.5,-16.158,-38.151,-31.502,-26.83,-7.1419
-20.421,13.241,40.728,-8.3593,-46.175,1.8446,26.262,29.243,12.949,23.533,10.097,8.0005
-17.029,28.586,54.713,-14.426,-51.126,3.5276,30.382,85.37,83.945,101.85,69.464,34.145
-6.1,46.193,60.891,-25.869,-48.541,6.6614,35.768,148.21,168.05,200.69,152.9,74.205
14.465,65.762,58.599,-45.544,-36.858,9.9088,47.817,220.22,269.49,321.21,260.15,130.72
46.3,86.489,45.468,-72.953,-14.856,11.235,65.41,308.61,396.97,469.44,391.49,204.17
91.081,107.14,19.222,-106.99,19.667,9.475,63.882,420.25,553.67,649.83,547.76,292.92
151.31,126.54,-22.614,-146.95,70.922,5.0304,58.821,559.81,736.1,857.39,726.19,393.57
230.25,144.12,-82.721,-193.24,144.82,-0.84053,54.767,726.81,937.23,1078.2,917.47,501.92
327.48,160.19,-159.61,-247.81,232.47,-7.2079,50.835,911.69,1140.3,1294.4,1108.8,614.42
434.66,175.46,-241.86,-312.04,322.83,-13.605,42.484,1092,1318.1,1484.4,1285.7,726.51
541.6,190.48,-320.21,-381.46,412.35,-19.516,22.216,1233.3,1436.9,1622.3,1431.6,831.25
639.38,205.76,-387.92,-447.49,493.24,-24.476,-17.692,1299.2,1464.1,1681.8,1529.6,920.61
720.29,223.19,-438.54,-504.81,558.43,-28.672,-80.222,1264.3,1378.3,1644.4,1565.4,986.83
777.86,248.28,-467.93,-550.1,601.78,-33.128,-160.25,1122.2,1177.4,1504.7,1530.5,1023.5
807.02,286.4,-473.52,-579.47,618.51,-39.309,-246.07,885.3,877.09,1270.7,1424.3,1026.6
803.84,324.82,-454.4,-588.29,606.1,-46.643,-323.52,578.05,503.5,958.75,1253.1,994.33
765.53,343.9,-412.58,-572.06,564.9,-42.439,-380.77,227.13,84.557,588.65,1027.5,927.4
691.48,337.8,-353.89,-527.76,498.13,-22.464,-411.6,-145.18,-354.58,180.28,760.76,828.63
584.8,306.45,-287.48,-455.58,411.62,-4.3046,-414.78,-520.64,-791.06,-245.16,468.28,703.22
453.81,250.52,-223.23,-359.8,313.67,2.7096,-392.32,-880.09,-1201.3,-662.98,167.67,558.67
312.79,172.37,-171,-248.52,215.27,-5.5044,-347.79,-1199.7,-1559.4,-1045,-122.34,404.08
179.97,76.745,-140.5,-132.27,126.96,-30.831,-285.68,-1452.6,-1840.6,-1363.4,-383.99,249.1
70.579,-29.172,-136.27,-21.776,72.344,-72.942,-211.6,-1615,-2025.6,-1595.7,-602.38,102.87
-9.9587,-136.29,-153.92,74.316,45.503,-128.89,-132.46,-1673.7,-2106.8,-1730.3,-766.75,-26.912
-65.343,-234.53,-181.69,150.93,33.347,-192.32,-56.225,-1632.3,-2090.7,-1769.1,-872.1,-134.42
-102.47,-314.74,-198.87,206.71,29.782,-253.32,8.8198,-1511.2,-1996.7,-1727.2,-920.75,-216.22
-127.34,-370.99,-194.41,243.04,30.485,-301.46,55.791,-1340.7,-1850.3,-1627.1,-921.72,-271.8
-144.27,-401.7,-182.15,262.65,29.679,-330.26,82.458,-1152.2,-1675.8,-1492,-887.77,-303.75
-156.09,-409.22,-174.06,268.97,22.562,-338.93,90.937,-969.9,-1492.1,-1341,-831.84,-317.1
-164.02,-399.01,-169.99,265.81,7.3103,-330.67,85.101,-808.08,-1313.1,-1188,-763.82,-317.93
-167.47,-377.28,-166.57,256.99,-8.4011,-310.5,70.018,-671.98,-1149.7,-1043.7,-687.84,-311.58
-160.95,-347.03,-161.98,243.37,-15.128,-283.7,51.817,-562.72,-1010.2,-920.03,-611.86,-299.31
-145.96,-316.06,-156.72,224.54,-19.097,-255.78,37.491,-477.12,-893.38,-821.47,-553.1,-276.53
-136.05,-297.6,-152.3,210.16,-21.131,-235.42,37.911,-407.76,-791.76,-740.87,-512.5,-252.73
-130.42,-289.33,-149.86,202.23,-21.054,-226.76,42.937,-349.27,-700.7,-669.59,-481.81,-237.44
-125.6,-284.84,-149.81,197.27,-18.895,-224.25,42.14,-299.21,-621.41,-604.19,-454.83,-227.75
-120.24,-281.14,-151.58,193.31,-14.944,-222.85,39.127,-255.99,-556.36,-546.41,-428.15,-220.51
-114.16,-277.26,-154.09,189.56,-9.6214,-220.71,36.733,-219.09,-504.53,-498.56,-400.32,-214.25
-107.62,-273.05,-156.54,185.71,-3.3015,-217.61,34.482,-189.75,-462.12,-459.22,-371.54,-208.34
-100.93,-268.71,-158.67,181.61,3.6831,-214.12,31.064,-169.54,-424.78,-424.19,-343.35,-202.52
-94.312,-264.51,-160.58,177.17,10.916,-211.04,26.206,-156.48,-389.39,-390.23,-317.67,-196.65
-87.826,-260.58,-162.29,172.35,17.9,-208.9,20.906,-145.31,-355.2,-357.4,-295.61,-190.66
-81.304,-256.89,-163.68,167.12,24.258,-207.7,16.031,-134.78,-323.17,-327.32,-277.13,-184.51
-74.416,-253.33,-164.64,161.51,29.971,-207.11,11.776,-126.15,-294.59,-301.04,-261.71,-178.25
-66.868,-249.81,-165.2,155.48,35.383,-206.7,8.1042,-119.7,-270.31,-278.77,-248.84,-171.95
-58.724,-246.25,-165.62,148.95,40.893,-206.29,5.0091,-115.05,-250.41,-260.23,-238.15,-165.77
-50.53,-242.53,-166.23,141.76,46.536,-205.85,2.5093,-111.74,-234.34,-244.79,-229.33,-159.87
-42.982,-238.53,-167.34,133.77,51.9,-205.35,0.62479,-109.43,-221.28,-231.7,-222,-154.41
-36.485,-234.06,-169.02,124.92,56.509,-204.71,-0.5385,-107.88,-210.48,-220.33,-215.7,-149.42
-31.069,-228.86,-171.01,115.3,60.194,-203.83,-0.81604,-106.91,-201.4,-210.22,-209.97,-144.86
-26.528,-222.66,-172.71,105.16,63.037,-202.63,-0.25707,-106.38,-193.69,-201.14,-204.34,-140.54
-22.556,-215.14,-173.54,94.794,65.179,-201.09,0.67098,-106.15,-187.09,-192.95,-198.48,-136.2
-18.836,-206.05,-173.28,84.5,66.78,-199.22,1.3688,-106.04,-181.4,-185.6,-192.25,-131.55
-15.123,-195.32,-172.14,74.606,68.025,-197,1.6976,-105.91,-176.42,-179.03,-185.75,-126.4
-11.307,-183.1,-170.52,65.475,69.097,-194.44,2.0618,-105.62,-171.96,-173.17,-179.31,-120.75
-7.4412,-169.79,-168.86,57.428,70.16,-191.5,2.9336,-105.07,-167.86,-167.9,-173.27,-114.78
-3.6881,-155.9,-167.46,50.61,71.354,-188.14,4.5429,-104.23,-163.94,-163.09,-167.85,-108.82
-0.18718,-141.86,-166.44,44.947,72.781,-184.29,6.8899,-103.09,-160.1,-158.59,-163.05,-103.16
3.0789,-127.99,-165.7,40.212,74.445,-179.89,9.8397,-101.7,-156.27,-154.24,-158.65,-97.967
6.2757,-114.54,-164.95,36.158,76.196,-174.84,13.185,-100.11,-152.44,-149.98,-154.32,-93.235
9.5879,-101.82,-163.87,32.6,77.741,-169.04,16.659,-98.414,-148.65,-145.79,-149.74,-88.871
13.118,-90.17,-162.21,29.435,78.73,-162.39,19.948,-96.679,-144.98,-141.72,-144.78,-84.772
16.893,-79.922,-159.92,26.602,78.883,-154.8,22.741,-94.976,-141.48,-137.9,-139.56,-80.889
20.863,-71.215,-157.16,24.052,78.092,-146.2,24.811,-93.354,-138.17,-134.43,-134.39,-77.217
24.911,-63.995,-154.18,21.741,76.46,-136.52,26.063,-91.832,-135.04,-131.37,-129.62,-73.784
28.824,-58.1,-151.27,19.641,74.243,-125.65,26.507,-90.396,-132.01,-128.7,-125.48,-70.615
32.321,-53.352,-148.67,17.744,71.761,-113.48,26.168,-89.002,-128.98,-126.34,-122.04,-67.712
35.155,-49.59,-146.53,16.051,69.339,-99.923,25.01,-87.587,-125.83,-124.15,-119.16,-65.035
37.213,-46.661,-144.84,14.561,67.283,-85.268,22.975,-86.083,-122.47,-121.99,-116.6,-62.498
38.491,-44.414,-143.47,13.263,65.844,-70.56,20.136,-84.436,-118.84,-119.74,-114.11,-59.992
38.967,-42.704,-142.19,12.161,65.144,-57.602,16.769,-82.621,-114.94,-117.31,-111.51,-57.413
38.531,-41.417,-140.7,11.299,65.094,-47.87,13.245,-80.634,-110.78,-114.68,-108.76,-54.709
37.084,-40.472,-138.62,10.748,65.398,-41.508,9.7995,-78.476,-106.38,-111.88,-105.92,-51.904
34.699,-39.814,-135.54,10.543,65.662,-37.662,6.4719,-76.14,-101.76,-108.92,-103.1,-49.091
31.685,-39.383,-131.13,10.636,65.523,-35.364,3.2189,-73.593,-96.934,-105.78,-100.39,-46.389
28.531,-39.096,-125.39,10.894,64.736,-33.93,-0.0076053,-70.775,-91.848,-102.39,-97.808,-43.888
25.732,-38.858,-118.74,11.153,63.191,-32.956,-3.2917,-67.588,-86.403,-98.618,-95.278,-41.62
23.593,-38.573,-111.7,11.278,60.895,-32.205,-6.747,-63.88,-80.427,-94.276,-92.635,-39.552
22.169,-38.173,-104.46,11.192,57.918,-31.531,-10.385,-59.429,-73.681,-89.148,-89.64,-37.628
21.289,-37.616,-96.794,10.889,54.348,-30.843,-14.014,-53.929,-65.877,-82.998,-86.055,-35.789
20.628,-36.894,-88.282,10.42,50.299,-30.088,-17.344,-47.009,-56.698,-75.603,-81.691,-33.975
19.826,-36.009,-78.727,9.8667,45.953,-29.237,-20.189,-38.26,-45.845,-66.745,-76.432,-32.124
18.63,-34.96,-68.275,9.2938,41.571,-28.268,-22.561,-27.288,-33.061,-56.195,-70.195,-30.156
16.978,-33.727,-57.429,8.7096,37.435,-27.156,-24.626,-13.82,-18.154,-43.714,-62.9,-27.967
15.059,-32.243,-46.843,8.0343,33.726,-25.866,-26.605,2.1739,-1.0358,-29.072,-54.411,-25.419
13.261,-30.394,-37.173,7.0973,30.471,-24.354,-28.679,20.406,18.244,-12.101,-44.527,-22.299
12.066,-28.005,-28.894,5.6619,27.567,-22.566,-30.95,40.338,39.505,7.2404,-33.005,-18.283
11.886,-24.853,-22.122,3.4692,24.899,-20.427,-33.415,61.361,62.48,28.834,-19.617,-12.918
12.92,-20.681,-16.611,0.2874,22.412,-17.832,-35.992,82.983,86.879,52.428,-4.2187,-5.6986
15.143,-15.245,-11.931,-4.0488,20.102,-14.633,-38.584,104.92,112.41,77.683,13.204,3.7847
18.424,-8.3822,-7.7048,-9.6252,18.005,-10.653,-41.155,127.04,138.77,104.19,32.518,15.668
22.715,-0.059889,-3.7215,-16.479,16.195,-5.7508,-43.781,149.24,165.56,131.45,53.443,29.731
28.194,9.6371,0.058276,-24.655,14.803,0.084744,-46.625,171.32,192.3,158.87,75.585,45.465
35.218,20.591,3.5634,-34.216,13.989,6.7052,-49.865,192.99,218.51,185.79,98.516,62.275
44.031,32.721,6.7166,-45.169,13.891,13.908,-53.597,213.96,243.83,211.64,121.87,79.674
54.409,45.966,9.5273,-57.327,14.555,21.593,-57.782,234.12,268.06,236.04,145.38,97.311
65.606,60.187,12.103,-70.272,15.89,29.799,-62.27,253.51,291.15,258.82,168.81,114.89
76.758,75.086,14.574,-83.475,17.699,38.589,-66.879,272.26,313.07,279.99,191.8,132.17
87.288,90.225,16.992,-96.471,19.778,47.891,-71.488,290.4,333.73,299.62,213.85,149
97.007,105.12,19.298,-108.95,22.012,57.437,-76.066,307.78,352.88,317.74,234.42,165.37
106.03,119.38,21.353,-120.79,24.414,66.835,-80.643,323.97,370.2,334.36,253.11,181.39
114.65,132.72,23.012,-131.98,27.075,75.707,-85.254,338.51,385.42,349.49,269.83,197.23
123.2,145,24.201,-142.63,30.078,83.797,-89.899,351.11,398.44,363.19,284.77,212.95
131.91,156.17,24.945,-152.83,33.42,90.998,-94.537,361.72,409.37,375.56,298.25,228.34
140.79,166.21,25.352,-162.59,37,97.327,-99.087,370.55,418.46,386.65,310.57,242.83
149.64,175.1,25.575,-171.8,40.644,102.86,-103.44,377.9,426.02,396.54,321.88,255.73
158.04,182.84,25.75,-180.25,44.162,107.68,-107.52,384.12,432.38,405.32,332.21,266.57
165.6,189.46,25.964,-187.75,47.383,111.84,-111.26,389.48,437.77,413.1,341.58,275.35
172.13,195.03,26.231,-194.21,50.189,115.35,-114.68,394.13,442.39,420,350.06,282.43
177.69,199.7,26.515,-199.72,52.537,118.26,-117.83,398.15,446.32,426.1,357.73,288.32
182.56,203.63,26.761,-204.44,54.475,120.61,-120.79,401.55,449.61,431.48,364.71,293.49
187.06,207.03,26.944,-208.61,56.088,122.52,-123.58,404.33,452.29,436.14,371.1,298.29
191.38,210.05,27.097,-212.39,57.431,124.11,-126.18,406.52,454.39,440.12,376.96,302.9
195.5,212.78,27.298,-215.82,58.529,125.55,-128.56,408.19,455.95,443.46,382.33,307.35
199.25,215.24,27.633,-218.83,59.457,126.94,-130.65,409.45,457.02,446.25,387.24,311.57
202.41,217.36,28.133,-221.31,60.356,128.33,-132.38,410.37,457.62,448.58,391.65,315.42
204.89,219.06,28.763,-223.18,61.335,129.66,-133.71,411.01,457.73,450.49,395.51,318.76
206.67,220.33,29.455,-224.44,62.339,130.85,-134.61,411.32,457.28,452.02,398.76,321.53
207.72,221.15,30.173,-225.13,63.109,131.82,-135.05,411.22,456.17,453.1,401.36,323.73
207.9,221.58,30.948,-225.3,63.255,132.56,-135.02,410.53,454.29,453.64,403.31,325.44
207,221.63,31.867,-224.93,62.373,133.06,-134.51,409.03,451.49,453.49,404.59,326.76
204.7,221.31,33.013,-223.91,60.153,133.34,-133.5,406.51,447.67,452.49,405.2,327.75
200.72,220.58,34.408,-222.08,56.484,133.42,-132.03,402.75,442.72,450.47,405.11,328.34
194.92,219.33,35.978,-219.25,51.509,133.28,-130.13,397.52,436.46,447.25,404.3,328.3
187.41,217.45,37.575,-215.23,45.613,132.91,-127.86,390.51,428.69,442.64,402.73,327.29
178.65,214.79,39.026,-209.92,39.335,132.24,-125.27,381.36,419.12,436.41,400.28,324.95
169.19,211.17,40.205,-203.3,33.228,131.16,-122.41,369.63,407.42,428.34,396.79,321.06
159.36,206.4,41.073,-195.4,27.711,129.55,-119.3,355.03,393.32,418.18,392.01,315.52
149.11,200.28,41.685,-186.22,22.938,127.28,-115.9,337.58,376.65,405.75,385.66,308.33
138.18,192.67,42.147,-175.72,18.719,124.25,-112.15,317.78,357.49,390.99,377.47,299.46
126.3,183.52,42.555,-163.9,14.598,120.47,-107.95,296.47,336.13,373.93,367.25,288.91
113.47,172.86,42.939,-150.9,10.145,116.04,-103.16,274.5,312.97,354.75,354.97,276.69
99.961,160.86,43.254,-137.1,5.3546,111.04,-97.696,252.41,288.36,333.64,340.79,262.93
86.234,147.8,43.414,-123.05,0.63093,105.53,-91.579,230.41,262.53,310.74,324.94,247.87
72.818,134.05,43.347,-109.26,-3.6704,99.519,-84.96,208.43,235.62,286.08,307.62,231.79
60.182,119.95,43.028,-96.028,-7.4713,92.996,-78.086,186.37,207.79,259.62,288.87,214.97
48.568,105.68,42.492,-83.386,-10.861,85.975,-71.191,164.16,179.37,231.44,268.66,197.63
37.904,91.257,41.823,-71.131,-13.965,78.482,-64.411,141.88,150.81,201.87,246.95,179.96
27.95,76.608,41.123,-58.991,-16.888,70.559,-57.765,119.71,122.71,171.53,223.86,162.02
18.559,61.758,40.47,-46.828,-19.684,62.289,-51.19,97.865,95.646,141.23,199.75,143.78
9.8761,46.982,39.895,-34.841,-22.336,53.821,-44.599,76.493,70.075,111.76,175.14,125.12
2.2621,32.823,39.364,-23.6,-24.768,45.363,-37.946,55.729,46.297,83.736,150.53,105.96
-3.9833,19.927,38.795,-13.793,-26.868,37.152,-31.27,35.788,24.488,57.591,126.18,86.513
-8.8324,8.7891,38.096,-5.8344,-28.525,29.418,-24.711,17.09,4.7665,33.675,102.23,67.539
-12.496,-0.40584,37.2,0.29888,-29.671,22.359,-18.472,0.24042,-12.778,12.308,78.81,50.193
-15.285,-7.7587,36.105,4.9256,-30.323,16.132,-12.76,-14.206,-28.11,-6.2827,56.403,35.379
-17.504,-13.521,34.871,8.4336,-30.595,10.826,-7.7224,-26.029,-41.288,-22.054,35.778,23.316
-19.404,-17.98,33.597,11.146,-30.66,6.4406,-3.425,-35.414,-52.479,-35.183,17.702,13.686
-21.154,-21.413,32.369,13.289,-30.689,2.8757,0.13399,-42.787,-61.924,-46.014,2.5693,5.9978
-22.82,-24.073,31.212,15.01,-30.791,-0.0414,3.0076,-48.615,-69.899,-54.962,-9.7132,-0.17395
-24.373,-26.179,30.074,16.401,-30.968,-2.5092,5.2832,-53.298,-76.682,-62.432,-19.585,-5.144
-25.711,-27.909,28.842,17.519,-31.126,-4.6964,7.0626,-57.151,-82.532,-68.777,-27.614,-9.1553
-26.72,-29.382,27.406,18.4,-31.136,-6.6957,8.4392,-60.407,-87.669,-74.281,-34.341,-12.415
-27.35,-30.668,25.716,19.084,-30.919,-8.5148,9.4829,-63.231,-92.252,-79.153,-40.196,-15.1
-27.657,-31.808,23.828,19.629,-30.49,-10.119,10.239,-65.728,-96.377,-83.523,-45.463,-17.349
-27.788,-32.832,21.888,20.11,-29.94,-11.499,10.741,-67.956,-100.08,-87.451,-50.291,-19.265
-27.919,-33.765,20.063,20.595,-29.384,-12.701,11.024,-69.939,-103.37,-90.951,-54.722,-20.915
-28.181,-34.626,18.458,21.13,-28.9,-13.812,11.139,-71.679,-106.24,-94.022,-58.745,-22.348
-28.619,-35.424,17.071,21.723,-28.499,-14.903,11.146,-73.165,-108.69,-96.671,-62.331,-23.609
-29.189,-36.157,15.818,22.351,-28.124,-16.002,11.106,-74.39,-110.75,-98.929,-65.477,-24.737
-29.787,-36.821,14.588,22.967,-27.687,-17.098,11.07,-75.372,-112.46,-100.86,-68.216,-25.771
-30.294,-37.412,13.298,23.523,-27.119,-18.156,11.076,-76.168,-113.91,-102.53,-70.614,-26.74
-30.63,-37.932,11.938,23.983,-26.417,-19.126,11.144,-76.864,-115.2,-104.02,-72.748,-27.65
-30.778,-38.388,10.571,24.34,-25.655,-19.954,11.271,-77.552,-116.42,-105.41,-74.685,-28.488
-30.78,-38.792,9.2984,24.612,-24.963,-20.589,11.433,-78.29,-117.62,-106.72,-76.459,-29.222
-30.703,-39.162,8.2048,24.834,-24.469,-21.008,11.597,-79.084,-118.79,-107.97,-78.069,-29.821
-30.6,-39.507,7.3218,25.038,-24.246,-21.235,11.738,-79.89,-119.91,-109.13,-79.487,-30.267
-30.497,-39.834,6.6228,25.24,-24.291,-21.34,11.853,-80.638,-120.89,-110.15,-80.668,-30.561
-30.4,-40.137,6.0516,25.438,-24.533,-21.411,11.951,-81.256,-121.67,-110.96,-81.57,-30.709
-30.315,-40.407,5.5575,25.619,-24.858,-21.515,12.045,-81.702,-122.21,-111.53,-82.164,-30.722
-30.253,-40.629,5.1129,25.769,-25.138,-21.674,12.136,-81.974,-122.5,-111.85,-82.438,-30.61
-30.21,-40.793,4.7127,25.877,-25.25,-21.874,12.214,-82.113,-122.6,-111.95,-82.395,-30.392
-30.153,-40.89,4.3607,25.937,-25.104,-22.082,12.265,-82.181,-122.59,-111.88,-82.048,-30.087
-30.031,-40.921,4.0647,25.946,-24.66,-22.261,12.279,-82.233,-122.53,-111.71,-81.426,-29.71
-29.818,-40.901,3.8421,25.915,-23.947,-22.377,12.255,-82.307,-122.49,-111.47,-80.581,-29.278
-29.531,-40.856,3.7141,25.869,-23.061,-22.401,12.198,-82.41,-122.49,-111.19,-79.584,-28.817
-29.209,-40.817,3.6843,25.835,-22.14,-22.32,12.127,-82.53,-122.53,-110.9,-78.522,-28.362
-28.883,-40.807,3.7185,25.821,-21.341,-22.149,12.059,-82.644,-122.6,-110.6,-77.482,-27.948
-28.573,-40.834,3.7576,25.816,-20.811,-21.927,12.012,-82.728,-122.69,-110.29,-76.513,-27.588
-28.307,-40.892,3.7651,25.799,-20.665,-21.704,11.995,-82.766,-122.77,-109.92,-75.618,-27.271
-28.141,-40.959,3.7642,25.758,-20.961,-21.517,12.004,-82.756,-122.8,-109.49,-74.749,-26.966
-28.136,-41.009,3.821,25.69,-21.681,-21.383,12.032,-82.708,-122.78,-108.97,-73.843,-26.649
-28.307,-41.014,3.9861,25.596,-22.706,-21.308,12.068,-82.65,-122.69,-108.41,-72.876,-26.318
-28.576,-40.955,4.2433,25.465,-23.825,-21.29,12.101,-82.617,-122.56,-107.85,-71.885,-25.999
-28.795,-40.824,4.5148,25.28,-24.785,-21.324,12.112,-82.644,-122.41,-107.39,-70.958,-25.737
-28.832,-40.627,4.7199,25.033,-25.364,-21.393,12.083,-82.746,-122.25,-107.07,-70.195,-25.581
-28.659,-40.389,4.8409,24.761,-25.473,-21.472,11.998,-82.91,-122.1,-106.91,-69.655,-25.565
-28.392,-40.157,4.9437,24.543,-25.193,-21.528,11.855,-83.09,-121.92,-106.87,-69.339,-25.698
-28.245,-39.99,5.1462,24.479,-24.756,-21.536,11.67,-83.225,-121.66,-106.86,-69.193,-25.958
-28.414,-39.937,5.5508,24.647,-24.434,-21.485,11.473,-83.258,-121.3,-106.8,-69.128,-26.298
-28.981,-40.018,6.1785,25.05,-24.415,-21.381,11.294,-83.157,-120.8,-106.64,-69.065,-26.654
-29.847,-40.206,6.9451,25.6,-24.722,-21.237,11.145,-82.933,-120.2,-106.35,-68.968,-26.964
-30.76,-40.442,7.6977,26.141,-25.234,-21.062,11.036,-82.635,-119.55,-106,-68.868,-27.181
-31.431,-40.651,8.3005,26.508,-25.786,-20.857,10.994,-82.336,-118.93,-105.63,-68.853,-27.287
-31.68,-40.775,8.7005,26.607,-26.265,-20.606,11.052,-82.105,-118.41,-105.31,-69.028,-27.3
-31.503,-40.788,8.9437,26.443,-26.667,-20.299,11.229,-81.986,-118.02,-105.08,-69.469,-27.261
-31.046,-40.692,9.1556,26.098,-27.069,-19.94,11.509,-81.966,-117.75,-104.93,-70.177,-27.208
-30.521,-40.504,9.4924,25.685,-27.57,-19.563,11.854,-81.965,-117.49,-104.76,-71.067,-27.162
-30.123,-40.236,10.08,25.297,-28.229,-19.222,12.219,-81.844,-117.06,-104.44,-71.98,-27.114
-29.958,-39.885,10.962,24.983,-29.026,-18.947,12.565,-81.426,-116.2,-103.83,-72.712,-27.03
-29.984,-39.424,12.081,24.725,-29.84,-18.708,12.85,-80.518,-114.63,-102.69,-73.048,-26.858
-29.995,-38.79,13.279,24.427,-30.459,-18.419,13.023,-78.896,-111.99,-100.71,-72.769,-26.514
-29.666,-37.886,14.33,23.934,-30.626,-17.97,13.057,-76.24,-107.75,-97.324,-71.6,-25.843
-28.649,-36.579,15.015,23.053,-30.12,-17.256,13.001,-71.961,-101.02,-91.433,-69.058,-24.526
-26.653,-34.701,15.191,21.575,-28.841,-16.2,12.992,-64.908,-90.314,-80.902,-64.067,-21.865
-23.398,-32.052,14.797,19.218,-26.819,-14.792,13.2,-53.374,-73.629,-62.591,-54.244,-16.297
-18.322,-28.389,13.779,15.499,-24.102,-13.124,13.738,-38.842,-51.322,-38.068,-36.659,-5.5144
-10.451,-23.4,11.998,9.6019,-20.613,-11.408,14.638,-36.557,-35.603,-29.873,-21.798,5.373
-2.0622,-16.695,9.3158,0.78195,-18.5,-9.912,15.881,-50.587,-43.396,-48.338,-33.851,0.61197
-3.9338,-7.8012,6.4786,-9.8641,-26.355,-8.8116,17.447,-44.462,-46.933,-44.935,-39.284,-5.3517
-10.825,3.781,11.641,-18.33,-32.3,-8.0208,19.378,-12.598,-12.702,-5.1716,-18.534,3.471
-9.1505,18.415,32.183,-22.894,-35.369,-7.1652,21.805,34.353,49.758,60.977,23.594,24.341
0.38523,36.071,43.006,-29.774,-34.626,-5.87,25.142,92.487,127.48,149.18,88.78,58.286
18.969,56.138,45.421,-46.474,-27.124,-4.2328,32.243,161.64,219.64,258.36,178.94,108.34
48.718,77.512,37.869,-73.21,-10.022,-2.9898,55.808,246.43,333.72,391.94,295.01,175.71
91.231,98.886,18.302,-107.12,19.412,-3.0439,64.116,352.56,476.1,555.35,438.48,259.05
147.97,119.09,-15.404,-146.29,63.993,-4.7184,59.211,485.15,645.68,748.31,609.3,354.95
220.11,137.48,-65.138,-190.34,125.43,-7.5685,54.951,646.68,838.07,961.36,800.73,458.93
307.24,154.23,-130.2,-240.35,201.48,-10.953,51.403,830.08,1042.4,1179.9,999.13,567.11
405.72,170.01,-205.78,-297.57,286.98,-14.504,44.956,1017.2,1236.5,1386,1189.3,676.05
508.82,185.43,-284.52,-360.2,375.84,-18.035,29.429,1178.2,1389.5,1556.1,1355.6,780.92
608.42,200.89,-358.35,-422.8,461.3,-21.398,-2.3521,1277.5,1467.2,1662.4,1481.2,875.53
696.65,217.47,-419.44,-480.33,536.43,-24.653,-55.223,1284.4,1440.8,1680.8,1550.8,953.04
766.46,238.91,-461.48,-529.41,594.03,-28.291,-127.67,1183.7,1297.7,1597.9,1553.3,1006.8
811.91,271.54,-480.3,-566.66,627.83,-33.48,-211.29,980.26,1044.8,1414.6,1483.8,1031.3
828.46,311.41,-474.31,-587.97,634.04,-41.719,-293.59,694.82,704.01,1143.6,1344.8,1023.3
812.93,339.61,-445.15,-588.63,611.69,-43.894,-361.79,355.15,303.47,803.5,1144.4,981.75
763.52,344.73,-397.59,-564.22,562.45,-26.52,-406.91,-13.538,-129.55,414.16,894.51,907.63
680.69,324.73,-338.44,-512.19,490.38,-7.4954,-424.68,-391.6,-571.22,-4.4646,609.92,804.1
568.61,279.64,-275.45,-433.42,401.93,1.5948,-415.24,-760.88,-998.78,-430.22,308.08,676.57
436.89,210.84,-217.77,-333.16,306.36,-3.8169,-381.48,-1098.9,-1387.7,-836.94,8.3305,532.58
300.57,122.13,-176.35,-220.5,216.06,-26.274,-327.64,-1377.9,-1711.7,-1195.7,-270.11,380.9
176.32,19.926,-160.12,-106.38,143.51,-65.828,-258.85,-1571.2,-1947.5,-1479.4,-510.45,230.49
75.633,-87.295,-168.91,-0.73633,99.099,-119.6,-181.44,-1662,-2080.4,-1669,-699.95,89.474
1.3225,-189.98,-194.5,89.501,78.761,-181.8,-103.22,-1650.7,-2110.2,-1759.1,-831.35,-35.144
-50.399,-278.84,-224.74,160.79,70.868,-243.62,-32.753,-1554.9,-2051.8,-1759,-904.32,-137.74
-85.849,-346.6,-242.12,212.26,66.065,-294.85,22.826,-1402.5,-1929.1,-1688.5,-925.54,-214.77
-110.89,-389.45,-236.93,244.91,58.803,-327.77,60.302,-1223.8,-1767.6,-1571.1,-906.6,-265.89
-129.4,-407.61,-220.73,261.25,47.266,-340.15,79.874,-1043.5,-1588,-1427.5,-860.64,-294.29
-142.94,-405.06,-206.24,264.96,32.222,-334.61,83.224,-877.16,-1404.8,-1273.6,-799.07,-305.61
-151.29,-388.1,-195.53,260.28,17.75,-316.31,73.766,-731.06,-1228.2,-1120.1,-728.39,-306.02
-144.8,-360.92,-186.71,249.53,17.494,-291.21,57.234,-607.31,-1069.5,-978.15,-651.47,-299.69
-110.72,-327,-178.98,227.74,17.007,-265.05,40.34,-508.27,-936.05,-860.91,-582.87,-282.19
-93.414,-301.21,-172.8,203.62,14.742,-244.19,27.629,-431.2,-824.51,-768.75,-533.65,-249.03
-88.848,-288.97,-169.06,191.18,13.218,-233.26,24.09,-368.99,-728.05,-692.09,-498.54,-224.6
-86.716,-283.29,-168.14,185.24,12.537,-229.29,25.458,-316.68,-644.44,-623.84,-470.1,-212.61
-84.629,-279.39,-169.14,181.31,12.257,-227.3,27.619,-271.61,-574.88,-562.97,-443.7,-205.46
-82.207,-275.53,-169.96,177.84,11.99,-224.89,29.084,-232.62,-519.02,-511.49,-416.99,-199.68
-79.442,-271.32,-169.07,174.36,11.569,-221.45,29.24,-200.4,-473.68,-469.25,-389.28,-194.06
-76.395,-266.96,-166.76,170.78,11.049,-217.3,27.883,-176.75,-434.5,-432.44,-361.29,-188.24
-73.181,-262.83,-164.06,167.18,10.55,-213.28,25.355,-161.45,-397.47,-396.76,-334.67,-182.14
-69.984,-259.22,-161.53,163.68,10.11,-210.03,22.452,-149.94,-360.54,-361.18,-310.93,-175.83
-67.018,-256.17,-159.21,160.38,9.6744,-207.6,19.746,-138.94,-324.21,-327.39,-290.65,-169.35
-64.418,-253.48,-157.06,157.23,9.183,-205.73,17.4,-129.17,-290.46,-297.09,-273.55,-162.74
-62.164,-250.88,-155.08,154.1,8.6667,-204.12,15.372,-121.34,-261.29,-271.08,-259,-156
-60.097,-248.12,-153.41,150.77,8.2807,-202.61,13.59,-115.35,-237.55,-249.48,-246.41,-149.14
-58.018,-245.02,-152.2,147.02,8.2385,-201.11,12.035,-110.88,-218.9,-231.87,-235.33,-142.27
-55.81,-241.44,-151.54,142.71,8.6811,-199.57,10.722,-107.62,-204.43,-217.5,-225.44,-135.66
-53.508,-237.29,-151.33,137.85,9.5655,-197.95,9.6804,-105.33,-193.12,-205.56,-216.56,-129.63
-51.273,-232.47,-151.34,132.53,10.647,-196.12,8.9481,-103.8,-184.1,-195.36,-208.52,-124.43
-49.289,-226.89,-151.24,126.95,11.574,-193.92,8.5119,-102.79,-176.7,-186.4,-201.15,-120.12
-47.65,-220.41,-150.7,121.3,12.048,-191.15,8.232,-102.05,-170.42,-178.37,-194.31,-116.51
-46.297,-212.93,-149.5,115.65,11.993,-187.61,7.9604,-101.37,-164.94,-171.16,-187.87,-113.24
-45.06,-204.39,-147.45,109.98,11.592,-183.08,7.8156,-100.56,-160.09,-164.74,-181.78,-109.9
-43.738,-194.78,-144.36,104.17,11.165,-177.41,8.4105,-99.548,-155.75,-159.1,-176.01,-106.25
-42.204,-184.08,-139.98,98.05,10.902,-170.5,10.666,-98.31,-151.88,-154.2,-170.56,-102.18
-40.459,-172.3,-134.04,91.512,10.67,-162.25,15.112,-96.895,-148.39,-149.92,-165.35,-97.766
-38.62,-159.43,-126.21,84.549,10.047,-152.58,21.699,-95.359,-145.18,-146.09,-160.25,-93.18
-36.868,-145.52,-116.13,77.265,8.5314,-141.39,30.363,-93.74,-142.14,-142.54,-155.15,-88.617
-35.366,-130.82,-103.62,69.872,5.7738,-128.71,41.296,-92.047,-139.16,-139.1,-149.96,-84.223
-34.207,-115.76,-88.811,62.627,1.7243,-114.64,54.506,-90.276,-136.16,-135.7,-144.67,-80.036
-33.395,-101.03,-72.185,55.805,-3.3451,-99.396,69.102,-88.432,-133.09,-132.35,-139.35,-75.987
-32.868,-87.427,-54.645,49.652,-8.9467,-83.382,83.268,-86.542,-129.95,-129.13,-134.12,-71.96
-32.54,-75.644,-37.442,44.352,-14.54,-67.308,95.14,-84.65,-126.78,-126.14,-129.1,-67.896
-32.323,-66.081,-21.956,39.987,-19.663,-52.301,103.27,-82.8,-123.61,-123.44,-124.39,-63.857
-32.161,-58.747,-9.361,36.524,-23.978,-39.695,106.47,-81.018,-120.42,-121.02,-120.05,-59.998
-32.044,-53.34,-0.3185,33.847,-27.28,-30.397,104.09,-79.304,-117.21,-118.81,-116.09,-56.483
-32.004,-49.415,5.276,31.801,-29.508,-24.371,96.446,-77.642,-113.92,-116.69,-112.48,-53.395
-32.083,-46.545,8.4367,30.238,-30.79,-20.821,84.751,-75.997,-110.48,-114.55,-109.16,-50.72
-32.306,-44.392,10.669,29.03,-31.447,-18.788,70.815,-74.329,-106.86,-112.32,-106.09,-48.373
-32.66,-42.718,12.989,28.065,-31.879,-17.56,56.889,-72.598,-102.99,-109.98,-103.24,-46.248
-33.085,-41.368,15.508,27.254,-32.385,-16.735,44.998,-70.766,-98.847,-107.56,-100.58,-44.268
-33.489,-40.245,17.892,26.533,-33.057,-16.127,35.976,-68.801,-94.431,-105.15,-98.105,-42.409
-33.776,-39.287,19.848,25.865,-33.83,-15.662,29.4,-66.666,-89.731,-102.76,-95.778,-40.696
-33.885,-38.465,21.252,25.239,-34.573,-15.316,24.371,-64.291,-84.734,-100.38,-93.566,-39.171
-33.785,-37.763,22.105,24.657,-35.155,-15.082,20.163,-61.586,-79.423,-97.884,-91.414,-37.857
-33.468,-37.18,22.467,24.124,-35.475,-14.94,16.504,-58.451,-73.76,-95.089,-89.261,-36.73
-32.931,-36.71,22.432,23.639,-35.481,-14.853,13.432,-54.809,-67.681,-91.781,-87.038,-35.717
-32.191,-36.338,22.125,23.197,-35.173,-14.759,10.901,-50.595,-61.073,-87.748,-84.672,-34.711
-31.284,-36.031,21.704,22.792,-34.607,-14.595,8.6609,-45.694,-53.738,-82.788,-82.05,-33.588
-30.263,-35.733,21.346,22.406,-33.88,-14.311,6.4637,-39.862,-45.379,-76.697,-79.019,-32.24
-29.17,-35.357,21.195,21.994,-33.09,-13.882,4.2275,-32.715,-35.623,-69.232,-75.388,-30.594
-28.008,-34.783,21.324,21.477,-32.287,-13.273,2.0272,-23.778,-24.069,-60.12,-70.948,-28.623
-26.732,-33.865,21.712,20.745,-31.442,-12.407,-0.044274,-12.603,-10.423,-49.065,-65.483,-26.315
-25.252,-32.467,22.264,19.689,-30.456,-11.162,-2.0118,1.0401,5.4334,-35.791,-58.772,-23.639
-23.481,-30.495,22.859,18.237,-29.214,-9.4176,-4.0427,17.006,23.415,-20.102,-50.566,-20.516
-21.367,-27.915,23.414,16.362,-27.659,-7.1013,-6.3713,34.788,43.274,-1.9423,-40.577,-16.816
-18.926,-24.745,23.944,14.068,-25.846,-4.1899,-9.2007,53.745,64.707,18.617,-28.52,-12.369
-16.218,-21.004,24.558,11.349,-23.934,-0.67681,-12.619,73.372,87.455,41.419,-14.177,-6.989
-13.282,-16.642,25.405,8.1366,-22.121,3.4686,-16.546,93.402,111.32,66.259,2.5322,-0.47613
-10.077,-11.486,26.594,4.2496,-20.573,8.3203,-20.756,113.76,136.14,92.856,21.523,7.3793
-6.4379,-5.2311,28.143,-0.62834,-19.378,13.979,-24.993,134.45,161.7,120.77,42.594,16.797
-2.0652,2.4962,29.975,-6.9101,-18.524,20.528,-29.106,155.38,187.66,149.34,65.475,27.975
3.4451,12.003,31.943,-14.975,-17.912,27.975,-33.106,176.34,213.58,177.77,89.822,41.022
10.465,23.373,33.884,-24.953,-17.379,36.199,-37.126,196.95,238.96,205.25,115.17,55.85
19.095,36.373,35.668,-36.577,-16.739,44.969,-41.327,216.84,263.38,231.18,140.91,72.125
29.01,50.53,37.227,-49.288,-15.83,54.021,-45.794,235.84,286.65,255.36,166.42,89.313
39.583,65.335,38.552,-62.508,-14.551,63.141,-50.492,254.04,308.77,277.86,191.22,106.84
50.226,80.396,39.658,-75.802,-12.86,72.177,-55.3,271.71,329.83,298.94,215.06,124.25
60.742,95.433,40.551,-88.891,-10.742,80.98,-60.093,289.08,349.83,318.79,237.86,141.24
71.351,110.16,41.223,-101.65,-8.1706,89.336,-64.825,306.13,368.54,337.42,259.52,157.64
82.324,124.21,41.674,-114.04,-5.0848,96.953,-69.561,322.46,385.57,354.68,279.82,173.34
93.62,137.18,41.928,-126.01,-1.3944,103.54,-74.423,337.43,400.55,370.28,298.42,188.23
104.9,148.76,42.02,-137.46,2.9403,108.95,-79.497,350.44,413.22,384.06,315,202.19
115.84,158.91,41.989,-148.3,7.7753,113.23,-84.766,361.26,423.65,395.99,329.42,215.15
126.29,167.83,41.871,-158.53,12.808,116.63,-90.09,370.03,432.15,406.22,341.78,227.06
136.27,175.79,41.698,-168.18,17.743,119.44,-95.258,377.16,439.12,415.03,352.33,237.96
145.88,183.05,41.483,-177.31,22.373,121.93,-100.07,383.12,444.95,422.71,361.4,247.95
155.26,189.79,41.216,-185.92,26.658,124.25,-104.42,388.26,449.96,429.54,369.33,257.16
164.53,196.03,40.864,-193.98,30.717,126.43,-108.3,392.78,454.35,435.66,376.38,265.72
173.65,201.72,40.399,-201.34,34.658,128.48,-111.77,396.78,458.2,441.16,382.79,273.67
182.34,206.74,39.835,-207.83,38.462,130.35,-114.91,400.25,461.52,446.04,388.68,281.04
190.08,210.99,39.247,-213.25,42.003,132.02,-117.79,403.2,464.29,450.3,394.07,287.79
196.35,214.44,38.776,-217.52,45.126,133.48,-120.43,405.65,466.51,453.94,398.94,293.89
200.95,217.16,38.594,-220.7,47.664,134.75,-122.84,407.62,468.15,456.99,403.23,299.32
203.97,219.24,38.843,-223,49.421,135.86,-124.97,409.19,469.22,459.48,406.9,304.01
205.71,220.83,39.569,-224.64,50.214,136.8,-126.78,410.39,469.74,461.44,409.91,307.92
206.47,222.05,40.683,-225.83,49.991,137.58,-128.27,411.2,469.69,462.84,412.26,310.96
206.54,222.96,41.977,-226.7,48.892,138.18,-129.43,411.54,469.02,463.62,413.9,313.09
206.12,223.62,43.179,-227.3,47.151,138.58,-130.31,411.23,467.62,463.67,414.79,314.31
205.26,223.99,44.046,-227.58,44.945,138.76,-130.92,410.03,465.36,462.85,414.85,314.67
203.97,223.99,44.446,-227.38,42.433,138.71,-131.28,407.68,462.09,461.01,414.06,314.17
202.24,223.48,44.381,-226.56,39.981,138.38,-131.35,403.93,457.67,458.03,412.39,312.82
200.1,222.32,43.935,-224.95,38.177,137.71,-131.06,398.57,451.96,453.83,409.86,310.55
197.55,220.39,43.199,-222.47,37.392,136.62,-130.38,391.37,444.81,448.32,406.51,307.24
194.53,217.61,42.228,-219.08,37.397,135.04,-129.29,382.08,436.03,441.39,402.33,302.77
190.88,213.97,41.08,-214.81,37.552,132.94,-127.81,370.4,425.32,432.89,397.26,296.99
186.4,209.48,39.844,-209.72,37.267,130.32,-125.97,356.08,412.37,422.59,391.16,289.79
180.85,204.15,38.632,-203.81,36.246,127.19,-123.77,339.11,396.92,410.24,383.8,281.09
174.02,197.94,37.532,-197.05,34.447,123.53,-121.18,319.79,378.84,395.6,374.93,270.83
165.85,190.76,36.566,-189.31,31.971,119.3,-118.12,298.75,358.21,378.52,364.36,258.93
156.53,182.47,35.679,-180.55,28.979,114.4,-114.51,276.67,335.23,359.01,352.02,245.28
146.47,172.94,34.762,-170.82,25.63,108.72,-110.32,254.09,310.15,337.16,337.94,229.84
136.12,162.14,33.705,-160.28,22.056,102.15,-105.56,231.26,283.19,313.15,322.28,212.77
125.82,150.1,32.455,-149.16,18.395,94.677,-100.36,208.23,254.56,287.13,305.22,194.59
115.66,136.97,31.032,-137.61,14.867,86.421,-94.844,184.99,224.53,259.27,286.92,176.06
105.54,122.9,29.5,-125.73,11.752,77.642,-89.141,161.62,193.55,229.83,267.5,157.89
95.268,108.05,27.914,-113.46,9.2024,68.645,-83.31,138.3,162.28,199.26,247.05,140.44
84.628,92.573,26.309,-100.71,7.1191,59.683,-77.346,115.29,131.57,168.29,225.61,123.64
73.395,76.695,24.725,-87.382,5.2473,50.924,-71.186,92.84,102.24,137.77,203.32,107.22
61.495,60.838,23.219,-73.543,3.3712,42.482,-64.752,71.153,74.959,108.6,180.53,90.893
49.279,45.633,21.839,-59.605,1.431,34.468,-58.01,50.411,50.107,81.519,157.77,74.564
37.629,31.751,20.584,-46.347,-0.48085,26.976,-51.02,30.834,27.785,56.944,135.58,58.431
27.556,19.658,19.378,-34.612,-2.2083,20.055,-43.942,12.712,7.8905,34.97,114.28,42.937
19.583,9.4825,18.112,-24.876,-3.656,13.718,-36.999,-3.607,-9.7566,15.477,93.922,28.654
13.554,1.068,16.715,-17.091,-4.8684,7.9904,-30.438,-17.792,-25.316,-1.7236,74.464,16.136
8.9089,-5.8852,15.201,-10.85,-6.0131,2.926,-24.456,-29.66,-38.904,-16.801,55.956,5.7589
5.024,-11.692,13.659,-5.6649,-7.2903,-1.423,-19.143,-39.276,-50.637,-29.899,38.655,-2.4081
1.4406,-16.6,12.193,-1.171,-8.8319,-5.0546,-14.493,-46.923,-60.675,-41.16,22.94,-8.613
-2.0432,-20.768,10.857,2.8,-10.641,-8.0254,-10.465,-52.989,-69.225,-50.751,9.1215,-13.285
-5.4074,-24.285,9.6347,6.2721,-12.588,-10.426,-7.0301,-57.851,-76.517,-58.865,-2.7161,-16.867
-8.5194,-27.212,8.4684,9.2248,-14.46,-12.357,-4.1655,-61.819,-82.776,-65.716,-12.735,-19.708
-11.236,-29.61,7.3076,11.664,-16.026,-13.914,-1.8274,-65.128,-88.197,-71.532,-21.247,-22.03
-13.463,-31.547,6.1346,13.634,-17.103,-15.201,0.057108,-67.939,-92.928,-76.524,-28.594,-23.947
-15.17,-33.094,4.954,15.205,-17.593,-16.327,1.5788,-70.353,-97.07,-80.869,-35.073,-25.502
-16.399,-34.319,3.7773,16.457,-17.486,-17.388,2.8295,-72.43,-100.69,-84.695,-40.903,-26.721
-17.236,-35.288,2.62,17.466,-16.86,-18.434,3.8865,-74.2,-103.81,-88.083,-46.22,-27.646
-17.793,-36.059,1.5022,18.307,-15.847,-19.463,4.7961,-75.674,-106.47,-91.075,-51.079,-28.358
-18.174,-36.683,0.44391,19.039,-14.597,-20.433,5.5685,-76.857,-108.7,-93.694,-55.46,-28.966
-18.462,-37.203,-0.53667,19.697,-13.258,-21.287,6.1914,-77.764,-110.52,-95.958,-59.306,-29.58
-18.702,-37.65,-1.4219,20.288,-11.966,-21.976,6.6583,-78.439,-112.01,-97.903,-62.575,-30.269
-18.896,-38.041,-2.1901,20.789,-10.854,-22.463,6.9908,-78.96,-113.27,-99.594,-65.289,-31.046
-19.014,-38.379,-2.8065,21.163,-10.061,-22.728,7.2391,-79.425,-114.39,-101.13,-67.548,-31.86
-19.039,-38.656,-3.2101,21.379,-9.7366,-22.769,7.4618,-79.921,-115.49,-102.6,-69.503,-32.628
-19.004,-38.861,-3.3181,21.44,-10.001,-22.6,7.7015,-80.498,-116.6,-104.1,-71.292,-33.276
-18.987,-38.991,-3.0579,21.383,-10.904,-22.258,7.9741,-81.147,-117.73,-105.65,-72.997,-33.771
-19.072,-39.051,-2.4169,21.27,-12.377,-21.803,8.2773,-81.821,-118.83,-107.22,-74.629,-34.14
-19.302,-39.059,-1.4736,21.157,-14.22,-21.314,8.6028,-82.457,-119.84,-108.74,-76.149,-34.442
-19.655,-39.033,-0.39247,21.081,-16.131,-20.868,8.9422,-83.004,-120.69,-110.13,-77.498,-34.738
-20.057,-38.988,0.60898,21.049,-17.769,-20.517,9.2829,-83.435,-121.36,-111.31,-78.623,-35.047
-20.41,-38.931,1.3079,21.046,-18.838,-20.294,9.6072,-83.745,-121.82,-112.23,-79.483,-35.337
-20.641,-38.868,1.5446,21.052,-19.179,-20.209,9.8955,-83.946,-122.11,-112.88,-80.051,-35.529
-20.724,-38.804,1.2903,21.062,-18.827,-20.254,10.134,-84.051,-122.25,-113.28,-80.309,-35.536
-20.677,-38.747,0.6709,21.081,-17.985,-20.398,10.319,-84.076,-122.28,-113.46,-80.261,-35.308
-20.54,-38.71,-0.10496,21.121,-16.924,-20.602,10.455,-84.036,-122.22,-113.49,-79.938,-34.857
-20.366,-38.706,-0.87238,21.189,-15.848,-20.831,10.552,-83.951,-122.1,-113.4,-79.406,-34.255
-20.207,-38.75,-1.5807,21.287,-14.861,-21.08,10.618,-83.842,-121.94,-113.25,-78.755,-33.601
-20.095,-38.852,-2.2671,21.411,-13.982,-21.384,10.654,-83.736,-121.76,-113.05,-78.068,-32.99
-20.008,-39.011,-3.0024,21.551,-13.14,-21.788,10.661,-83.651,-121.58,-112.81,-77.41,-32.475
-19.869,-39.211,-3.8579,21.685,-12.174,-22.31,10.647,-83.591,-121.39,-112.49,-76.813,-32.064
-19.587,-39.427,-4.8757,21.784,-10.933,-22.917,10.638,-83.554,-121.2,-112.1,-76.301,-31.737
-19.122,-39.626,-6.0342,21.821,-9.4319,-23.546,10.667,-83.532,-121.02,-111.62,-75.902,-31.474
-18.525,-39.779,-7.2255,21.783,-7.9078,-24.12,10.769,-83.524,-120.87,-111.09,-75.641,-31.273
-17.925,-39.872,-8.2695,21.683,-6.7225,-24.57,10.969,-83.541,-120.77,-110.55,-75.523,-31.147
-17.489,-39.909,-8.9687,21.555,-6.2,-24.839,11.27,-83.602,-120.76,-110.07,-75.53,-31.096
-17.349,-39.917,-9.1845,21.444,-6.4977,-24.897,11.648,-83.729,-120.84,-109.7,-75.626,-31.103
-17.54,-39.931,-8.9017,21.387,-7.5568,-24.749,12.052,-83.931,-121.02,-109.47,-75.773,-31.14
-17.974,-39.981,-8.2466,21.396,-9.116,-24.444,12.412,-84.198,-121.24,-109.37,-75.936,-31.173
-18.482,-40.079,-7.4436,21.453,-10.777,-24.067,12.661,-84.484,-121.44,-109.33,-76.08,-31.166
-18.885,-40.215,-6.728,21.529,-12.115,-23.719,12.755,-84.714,-121.54,-109.23,-76.161,-31.081
-19.071,-40.365,-6.2638,21.601,-12.81,-23.478,12.691,-84.808,-121.44,-108.98,-76.129,-30.889
-19.03,-40.498,-6.1086,21.669,-12.739,-23.375,12.504,-84.716,-121.11,-108.5,-75.943,-30.579
-18.841,-40.588,-6.2343,21.748,-11.992,-23.401,12.233,-84.437,-120.57,-107.82,-75.584,-30.172
-18.615,-40.617,-6.56,21.857,-10.824,-23.53,11.918,-84.034,-119.89,-107.05,-75.077,-29.707
-18.45,-40.582,-6.9715,22,-9.5503,-23.725,11.594,-83.614,-119.22,-106.31,-74.498,-29.235
-18.404,-40.495,-7.339,22.164,-8.4376,-23.942,11.311,-83.292,-118.69,-105.75,-73.954,-28.802
-18.479,-40.372,-7.5596,22.317,-7.6563,-24.131,11.13,-83.149,-118.4,-105.43,-73.56,-28.453
-18.627,-40.227,-7.5882,22.411,-7.3017,-24.242,11.096,-83.192,-118.34,-105.36,-73.402,-28.234
-18.787,-40.061,-7.4166,22.401,-7.4179,-24.231,11.217,-83.341,-118.42,-105.44,-73.505,-28.184
-18.911,-39.856,-7.0312,22.259,-8,-24.073,11.457,-83.44,-118.43,-105.53,-73.806,-28.317
-18.982,-39.58,-6.4024,21.981,-8.9861,-23.778,11.753,-83.292,-118.1,-105.41,-74.139,-28.591
-18.988,-39.192,-5.5048,21.584,-10.265,-23.368,12.039,-82.687,-117.1,-104.84,-74.231,-28.889
-18.896,-38.644,-4.344,21.084,-11.69,-22.844,12.269,-81.398,-115.04,-103.45,-73.707,-29.015
-18.647,-37.861,-2.9787,20.464,-13.066,-22.174,12.45,-79.126,-111.35,-100.62,-72.065,-28.694
-18.125,-36.726,-1.5451,19.631,-14.114,-21.306,12.65,-75.352,-105.14,-95.275,-68.545,-27.571
-17.091,-35.055,-0.25202,18.359,-14.518,-20.197,12.961,-69.053,-94.933,-85.329,-61.72,-25.104
-15.014,-32.565,0.6786,16.207,-14.012,-18.825,13.444,-58.555,-78.739,-67.773,-48.805,-20.18
-10.776,-28.85,1.0756,12.408,-12.424,-17.203,14.11,-44.705,-57.054,-44.77,-27.921,-10.726
-3.45,-23.374,0.84237,5.9135,-10.253,-15.407,14.933,-42.518,-43.306,-39.804,-15.375,1.5299
1.4289,-15.522,0.036587,-3.5991,-13.925,-13.59,15.895,-55.373,-52.62,-56.17,-31.55,1.524
-4.3911,-4.7588,-0.46459,-13.569,-26.298,-11.947,17.022,-46.174,-49.952,-45.377,-35.309,-6.0795
-9.9082,9.1317,5.5041,-20.15,-31.929,-10.6,18.466,-12.47,-8.6498,-0.65709,-11.882,-0.9174
-7.0208,25.912,25.631,-24.599,-33.949,-9.4848,20.521,35.753,57.069,68.943,33.237,16.695
3.3252,44.969,38.074,-33.745,-31.809,-8.399,23.537,94.242,135.45,159.38,101.87,46.371
22.786,65.491,41.666,-52.613,-22.866,-7.2544,28.808,162.21,226.48,269.47,196.04,91.134
53.867,86.55,35.66,-80.834,-4.0377,-6.297,45.543,244.13,337.68,403.14,316.74,153.21
98.439,107.13,17.855,-116.1,27.579,-5.9989,65.036,346.75,476.08,566.49,464.75,232.74
157.24,126.31,-13.512,-156.38,73.704,-6.6783,61.88,476.52,642.56,759.78,638.19,327.76
229.61,143.71,-59.861,-200.69,133.82,-8.2387,57.455,636.74,833.57,973.61,828.54,434.35
314.13,159.65,-121.08,-249.59,206.21,-10.315,54.132,820.83,1038,1192.7,1022.6,547.47
408.86,174.88,-193.99,-304.17,288.78,-12.604,49.946,1010.4,1233.4,1398.1,1207.2,661.69
509.16,189.98,-272.09,-363.44,376.24,-14.984,39.202,1174.8,1388.6,1565.7,1367.7,770.63
607.23,205.14,-346.76,-423.36,461.14,-17.457,13.299,1277.3,1468.6,1667.8,1487.9,867.55
694.79,220.91,-409.6,-479.39,536,-20.144,-34.588,1286.7,1444.6,1681,1552.6,946.01
764.61,239.86,-454.38,-527.87,593.69,-23.362,-103.68,1188.1,1303.9,1592.8,1550.5,1000.1
810.91,267.73,-476.73,-565.29,628.2,-27.933,-185.54,986.65,1053,1404.3,1476.9,1024.8
829.46,305.35,-474.02,-587.75,636,-35.966,-268.36,703.11,713.63,1128.6,1334.6,1017.1
817.34,336.55,-447.35,-590.89,616.51,-42.687,-340.04,364.72,313.91,784.52,1132,975.59
772.9,346.42,-402.33,-570.41,571.49,-28.585,-391.36,-3.5807,-118.68,392.09,881.03,900.92
696.49,331.35,-346.45,-523.47,504.48,-9.1446,-416.82,-381.99,-560.01,-28.387,596.36,795.87
591.68,291.15,-286.47,-450.35,421.04,1.5495,-414.96,-752.15,-987.43,-454.33,294.96,665.87
466.53,226.95,-229.47,-355.46,329.55,-1.7963,-387.74,-1091.7,-1377,-859.24,-4.3106,518.86
333.75,142.17,-185.12,-246.8,241.26,-22.732,-339.01,-1373.2,-1703,-1214.3,-282.24,364.43
208.4,42.783,-164.44,-134.24,168.22,-62.075,-273.69,-1569.7,-1941.9,-1492.9,-521.44,212.43
102.92,-63.273,-171.14,-27.344,119.54,-116.57,-197.95,-1663.9,-2077.9,-1676.7,-708.54,71.716
22.857,-166.9,-197.22,66.385,95.309,-179.38,-119.17,-1655.3,-2109.7,-1760.8,-836.34,-50.471
-33.42,-258.94,-229.63,142.36,87.162,-241.38,-45.54,-1560.6,-2051.6,-1754.7,-905.42,-148.96
-71.622,-331.68,-254.1,198.83,85.12,-293.01,14.575,-1408,-1927.8,-1678.9,-923.5,-221.21
-98.105,-380.37,-258.62,236.27,80.882,-326.78,55.171,-1227.9,-1763.7,-1556.9,-902.54,-268
-117.72,-404.14,-244.03,256.74,69.831,-339.83,75.589,-1045.4,-1580.6,-1410.1,-855.33,-293.29
-133,-406.03,-223.22,263.65,51.976,-334.37,79.102,-877.11,-1393.4,-1254.1,-792.41,-302.96
-144.43,-391.82,-204.65,261.23,30.896,-315.85,70.62,-730.83,-1213.1,-1098.8,-718.5,-302.86
-147.79,-365.55,-188.72,252.69,17.266,-290.43,55.91,-609.38,-1052.2,-955.73,-635.24,-295.98
-128.26,-329.51,-175.14,234.76,11.223,-263.54,40.749,-513.08,-918.77,-839.04,-562.52,-276.49
-109.14,-300.23,-164.78,210.42,5.196,-241.65,30.15,-436.93,-808.39,-747.91,-512.65,-244.47
-103.08,-286.54,-158.74,195.79,0.90584,-230.42,29.18,-373.99,-713.69,-672.31,-477.51,-222.67
-101.28,-280.78,-157.17,189.03,-0.99024,-226.74,31.573,-320.2,-632.23,-605.76,-448.54,-212.06
-99.724,-277.25,-158.56,185.13,-0.8369,-225.04,34.097,-273.56,-564.71,-547.53,-421.03,-205.78
-97.368,-273.9,-160.51,182.05,0.42209,-222.75,35.478,-233.04,-510.27,-498.86,-392.88,-200.7
-94.241,-270.27,-160.95,179.1,1.739,-219.24,34.972,-199.51,-465.52,-458.38,-363.91,-195.75
-90.671,-266.47,-159.8,176.05,2.8104,-214.94,32.597,-175.26,-426.05,-421.84,-335.51,-190.61
-86.906,-262.77,-158.32,172.82,4.0173,-210.86,28.805,-160.2,-388.1,-385.94,-309.69,-185.21
-83.005,-259.4,-157.2,169.39,5.6469,-207.77,24.433,-148.96,-350.51,-351.17,-287.62,-179.54
-78.917,-256.36,-156.39,165.76,7.6439,-205.78,20.265,-138.25,-314.69,-319.56,-269.3,-173.59
-74.589,-253.55,-155.67,161.94,9.8139,-204.52,16.69,-129.03,-282.79,-292.1,-254.12,-167.27
-70.047,-250.8,-154.96,157.94,12.018,-203.57,13.798,-121.85,-256.19,-268.88,-241.41,-160.46
-65.426,-247.95,-154.29,153.74,14.203,-202.66,11.561,-116.42,-234.97,-249.49,-230.57,-153.09
-60.927,-244.86,-153.78,149.32,16.312,-201.66,9.9065,-112.37,-218.34,-233.39,-221.08,-145.22
-56.762,-241.41,-153.49,144.61,18.215,-200.49,8.7551,-109.37,-205.25,-219.94,-212.54,-137.08
-53.1,-237.42,-153.35,139.57,19.732,-199.02,8.0688,-107.22,-194.81,-208.6,-204.66,-128.99
-50.02,-232.72,-153.14,134.19,20.711,-197.14,7.7936,-105.72,-186.3,-198.89,-197.22,-121.28
-47.513,-227.1,-152.6,128.46,21.072,-194.72,7.783,-104.66,-179.22,-190.4,-190.09,-114.14
-45.496,-220.35,-151.44,122.37,20.794,-191.62,7.9878,-103.83,-173.17,-182.83,-183.16,-107.58
-43.869,-212.32,-149.39,115.95,19.893,-187.65,8.7952,-103,-167.88,-175.94,-176.37,-101.46
-42.562,-202.89,-146.15,109.27,18.412,-182.6,11.076,-102.01,-163.17,-169.6,-169.71,-95.595
-41.543,-192.1,-141.37,102.51,16.421,-176.29,15.566,-100.75,-158.87,-163.79,-163.21,-89.859
-40.795,-180.14,-134.75,95.832,14.016,-168.6,22.195,-99.203,-154.9,-158.47,-156.95,-84.278
-40.281,-167.25,-126.12,89.383,11.275,-159.5,30.465,-97.415,-151.14,-153.62,-151.05,-78.989
-39.925,-153.69,-115.46,83.18,8.2069,-148.99,40.181,-95.469,-147.51,-149.18,-145.54,-74.148
-39.643,-139.66,-102.8,77.15,4.7353,-137.08,51.522,-93.447,-143.94,-145.05,-140.41,-69.836
-39.382,-125.41,-88.287,71.228,0.7549,-123.81,64.695,-91.407,-140.38,-141.1,-135.56,-66.005
-39.147,-111.33,-72.23,65.426,-3.7758,-109.27,79.465,-89.388,-136.82,-137.27,-130.89,-62.519
-38.999,-97.932,-55.23,59.872,-8.7612,-93.701,94.745,-87.416,-133.25,-133.53,-126.3,-59.244
-39.017,-85.797,-38.27,54.737,-13.967,-77.557,108.67,-85.518,-129.74,-129.94,-121.77,-56.119
-39.252,-75.364,-22.711,50.153,-19.097,-61.722,119.28,-83.715,-126.31,-126.57,-117.38,-53.184
-39.692,-66.8,-9.9137,46.16,-23.895,-47.521,125.12,-82.017,-122.99,-123.5,-113.28,-50.534
-40.27,-60.004,-0.53719,42.717,-28.183,-36.261,125.59,-80.41,-119.75,-120.76,-109.62,-48.259
-40.874,-54.718,5.8548,39.742,-31.832,-28.486,120.76,-78.861,-116.55,-118.34,-106.51,-46.396
-41.368,-50.645,10.35,37.149,-34.717,-23.73,111.38,-77.324,-113.31,-116.17,-103.98,-44.934
-41.619,-47.508,13.908,34.876,-36.718,-21.01,98.688,-75.755,-109.97,-114.12,-101.93,-43.819
-41.533,-45.08,16.939,32.891,-37.785,-19.419,84.35,-74.127,-106.44,-112.1,-100.24,-42.978
-41.096,-43.187,19.417,31.188,-38.007,-18.39,70.22,-72.43,-102.69,-109.99,-98.726,-42.314
-40.382,-41.706,21.221,29.772,-37.628,-17.649,57.787,-70.666,-98.678,-107.74,-97.241,-41.71
-39.531,-40.556,22.365,28.638,-36.981,-17.09,47.711,-68.831,-94.369,-105.29,-95.685,-41.039
-38.675,-39.676,22.996,27.755,-36.356,-16.66,39.873,-66.895,-89.722,-102.6,-94.028,-40.19
-37.858,-39.009,23.274,27.056,-35.886,-16.322,33.734,-64.806,-84.698,-99.65,-92.287,-39.103
-36.991,-38.488,23.279,26.44,-35.5,-16.052,28.629,-62.482,-79.275,-96.363,-90.494,-37.785
-35.896,-38.045,22.994,25.807,-34.982,-15.85,23.99,-59.837,-73.426,-92.653,-88.665,-36.298
-34.407,-37.621,22.354,25.079,-34.084,-15.728,19.574,-56.783,-67.11,-88.398,-86.748,-34.733
-32.472,-37.17,21.332,24.227,-32.651,-15.691,15.493,-53.215,-60.231,-83.461,-84.641,-33.195
-30.181,-36.658,20,23.269,-30.701,-15.713,11.888,-48.966,-52.607,-77.678,-82.199,-31.757
-27.726,-36.053,18.553,22.236,-28.415,-15.734,8.7286,-43.74,-43.946,-70.842,-79.261,-30.442
-25.322,-35.304,17.266,21.159,-26.061,-15.656,5.9088,-37.112,-33.849,-62.654,-75.653,-29.214
-23.135,-34.343,16.405,20.041,-23.906,-15.353,3.3876,-28.534,-21.917,-52.738,-71.213,-27.982
-21.233,-33.088,16.134,18.855,-22.128,-14.683,1.1815,-17.442,-7.8291,-40.659,-65.785,-26.628
-19.563,-31.455,16.464,17.545,-20.766,-13.522,-0.73261,-3.4758,8.5539,-26.022,-59.196,-25.033
-17.975,-29.374,17.267,16.027,-19.725,-11.789,-2.4804,13.276,27.128,-8.5918,-51.238,-23.077
-16.276,-26.787,18.36,14.198,-18.852,-9.4608,-4.2738,32.217,47.58,11.59,-41.664,-20.629
-14.314,-23.626,19.614,11.942,-18.043,-6.5485,-6.3497,52.49,69.524,34.206,-30.223,-17.518
-12.025,-19.796,21.013,9.1388,-17.3,-3.0417,-8.8963,73.345,92.628,58.758,-16.71,-13.502
-9.4226,-15.15,22.645,5.6661,-16.713,1.1411,-11.966,94.333,116.7,84.727,-1.0015,-8.2531
-6.546,-9.5084,24.634,1.3984,-16.394,6.1553,-15.421,115.33,141.65,111.67,16.933,-1.3695
-3.4056,-2.6991,27.04,-3.7879,-16.401,12.162,-18.993,136.39,167.36,139.23,37.075,7.5713
0.059568,5.368,29.788,-9.9978,-16.698,19.208,-22.463,157.6,193.56,166.97,59.361,18.889
4.0167,14.654,32.671,-17.298,-17.136,27.132,-25.81,178.88,219.79,194.37,83.595,32.633
8.7395,25.015,35.413,-25.707,-17.482,35.593,-29.222,199.95,245.43,220.76,109.32,48.452
14.555,36.284,37.778,-35.199,-17.484,44.228,-32.964,220.48,269.96,245.54,135.76,65.634
21.74,48.344,39.642,-45.697,-16.957,52.814,-37.221,240.24,293.08,268.4,162.04,83.316
30.408,61.13,41.017,-57.054,-15.836,61.297,-41.986,259.23,314.72,289.33,187.36,100.76
40.403,74.553,42.018,-69.038,-14.179,69.716,-47.086,277.62,334.97,308.59,211.2,117.52
51.28,88.418,42.791,-81.339,-12.13,78.073,-52.285,295.57,353.88,326.49,233.33,133.5
62.44,102.39,43.448,-93.628,-9.8505,86.221,-57.39,312.96,371.36,343.25,253.7,148.85
73.368,116.03,44.023,-105.64,-7.4394,93.849,-62.31,329.29,387.17,358.87,272.37,163.78
83.826,128.9,44.474,-117.22,-4.8834,100.59,-67.082,343.88,401.04,373.19,289.41,178.42
93.883,140.71,44.717,-128.35,-2.058,106.21,-71.846,356.21,412.87,386.02,304.84,192.74
103.81,151.36,44.678,-139.12,1.217,110.71,-76.77,366.17,422.74,397.26,318.7,206.57
113.87,160.91,44.336,-149.59,5.0914,114.27,-81.947,374.05,430.92,406.98,331.02,219.67
124.17,169.53,43.745,-159.72,9.5904,117.19,-87.307,380.34,437.75,415.4,341.89,231.8
134.51,177.34,43.022,-169.36,14.554,119.75,-92.614,385.56,443.56,422.8,351.48,242.82
144.5,184.41,42.31,-178.29,19.677,122.1,-97.578,390.09,448.58,429.48,359.96,252.66
153.79,190.71,41.719,-186.35,24.647,124.29,-102,394.14,452.96,435.59,367.56,261.33
162.26,196.22,41.286,-193.46,29.268,126.27,-105.86,397.76,456.73,441.2,374.42,268.92
169.99,200.97,40.958,-199.68,33.504,127.98,-109.24,400.92,459.88,446.25,380.64,275.52
177.15,205.03,40.616,-205.13,37.453,129.4,-112.28,403.55,462.38,450.65,386.22,281.24
183.82,208.52,40.128,-209.92,41.26,130.53,-115.07,405.63,464.25,454.33,391.12,286.17
189.96,211.54,39.398,-214.13,45.025,131.44,-117.65,407.19,465.5,457.26,395.28,290.38
195.42,214.17,38.409,-217.78,48.742,132.16,-119.98,408.31,466.19,459.47,398.64,293.94
200.06,216.42,37.232,-220.87,52.292,132.75,-121.99,409.08,466.36,461.04,401.21,296.92
203.82,218.28,36.008,-223.39,55.479,133.22,-123.63,409.49,466,462.02,402.99,299.36
206.74,219.75,34.9,-225.38,58.092,133.54,-124.91,409.41,465.05,462.4,403.97,301.28
208.88,220.81,34.04,-226.86,59.984,133.71,-125.83,408.58,463.36,462.1,404.08,302.64
210.33,221.45,33.478,-227.84,61.113,133.71,-126.44,406.61,460.73,460.96,403.25,303.32
211.09,221.65,33.167,-228.33,61.537,133.52,-126.82,403.19,456.98,458.8,401.39,303.15
211.11,221.36,32.995,-228.24,61.372,133.11,-126.97,398.18,451.98,455.49,398.42,301.93
210.2,220.53,32.841,-227.46,60.722,132.46,-126.85,391.58,445.65,450.92,394.33,299.49
208.12,219.07,32.634,-225.79,59.64,131.56,-126.32,383.44,437.93,445.04,389.11,295.76
204.7,216.88,32.378,-223.07,58.143,130.4,-125.18,373.7,428.69,437.76,382.76,290.74
199.95,213.86,32.148,-219.17,56.228,128.96,-123.32,362.09,417.71,428.89,375.19,284.55
194.03,209.91,32.05,-214.05,53.813,127.2,-120.74,348.21,404.66,418.17,366.21,277.22
187.03,204.88,32.172,-207.74,50.688,125.01,-117.55,331.73,389.22,405.29,355.55,268.61
178.92,198.65,32.539,-200.23,46.606,122.21,-113.85,312.7,371.13,389.95,342.92,258.35
169.61,191.07,33.092,-191.53,41.461,118.61,-109.69,291.63,350.34,372,328.13,246
159.13,182.08,33.701,-181.68,35.407,114.06,-105.03,269.34,327.04,351.47,311.14,231.32
147.73,171.67,34.206,-170.82,28.825,108.5,-99.821,246.62,301.59,328.61,292.12,214.63
135.79,159.93,34.467,-159.16,22.207,101.97,-94.054,223.96,274.43,303.72,271.45,196.83
123.72,147.09,34.411,-146.99,16.027,94.659,-87.787,201.5,245.94,277.12,249.6,178.93
111.78,133.42,34.042,-134.54,10.652,86.839,-81.147,179.21,216.48,249.06,227.16,161.54
100.03,119.15,33.419,-121.89,6.2584,78.791,-74.28,157.07,186.44,219.8,204.65,144.74
88.337,104.35,32.593,-109.01,2.7718,70.684,-67.306,135.16,156.38,189.72,182.44,128.22
76.443,89.02,31.576,-95.729,-0.069631,62.532,-60.275,113.66,126.93,159.35,160.71,111.62
64.032,73.143,30.349,-81.848,-2.5122,54.239,-53.169,92.805,98.779,129.41,139.51,94.684
50.998,56.954,28.903,-67.341,-4.6562,45.723,-45.936,72.814,72.423,100.64,118.85,77.522
37.897,41.05,27.27,-52.606,-6.5279,37.036,-38.582,53.785,48.138,73.669,98.781,60.642
25.984,26.288,25.532,-38.581,-8.186,28.422,-31.287,35.697,25.97,48.905,79.439,44.795
16.325,13.438,23.787,-26.345,-9.7134,20.264,-24.437,18.509,5.8454,26.513,61.019,30.621
9.0865,2.8673,22.107,-16.496,-11.156,12.929,-18.431,2.3207,-12.315,6.5164,43.748,18.424
3.8012,-5.5086,20.499,-8.9617,-12.501,6.6218,-13.444,-12.525,-28.535,-11.095,27.842,8.183
-0.12389,-12.046,18.914,-3.2759,-13.699,1.3562,-9.4046,-25.546,-42.792,-26.337,13.503,-0.29703
-3.1715,-17.158,17.293,1.0848,-14.707,-2.9653,-6.121,-36.383,-55.078,-39.265,0.88913,-7.2436
-5.6738,-21.188,15.619,4.5292,-15.508,-6.4709,-3.3971,-44.999,-65.47,-50.027,-9.9256,-12.856
-7.8275,-24.384,13.931,7.3188,-16.115,-9.283,-1.0894,-51.657,-74.141,-58.869,-19.001,-17.327
-9.7298,-26.921,12.314,9.6084,-16.568,-11.51,0.87663,-56.759,-81.337,-66.107,-26.523,-20.868
-11.424,-28.937,10.862,11.498,-16.932,-13.25,2.5252,-60.707,-87.325,-72.069,-32.745,-23.692
-12.932,-30.551,9.6393,13.067,-17.267,-14.591,3.8697,-63.837,-92.355,-77.057,-37.925,-25.962
-14.266,-31.862,8.6568,14.381,-17.602,-15.618,4.9438,-66.404,-96.639,-81.318,-42.294,-27.77
-15.417,-32.948,7.8627,15.487,-17.9,-16.408,5.7995,-68.59,-100.35,-85.03,-46.053,-29.174
-16.352,-33.864,7.1611,16.413,-18.072,-17.036,6.4856,-70.512,-103.6,-88.308,-49.386,-30.246
-17.03,-34.645,6.4461,17.177,-18.013,-17.567,7.0324,-72.238,-106.5,-91.23,-52.465,-31.1
-17.431,-35.317,5.6401,17.793,-17.656,-18.054,7.4571,-73.799,-109.08,-93.842,-55.428,-31.873
-17.583,-35.891,4.7189,18.283,-17.015,-18.526,7.7772,-75.195,-111.4,-96.168,-58.359,-32.685
-17.56,-36.373,3.7186,18.672,-16.185,-18.989,8.0197,-76.404,-113.43,-98.211,-61.267,-33.596
-17.461,-36.762,2.7175,18.982,-15.32,-19.429,8.2189,-77.402,-115.17,-99.965,-64.1,-34.591
-17.38,-37.06,1.8014,19.231,-14.581,-19.827,8.4064,-78.179,-116.61,-101.44,-66.771,-35.581
-17.38,-37.28,1.0276,19.431,-14.085,-20.17,8.6015,-78.762,-117.79,-102.66,-69.192,-36.433
-17.471,-37.45,0.40364,19.595,-13.862,-20.453,8.8078,-79.21,-118.76,-103.71,-71.308,-37.013
-17.619,-37.603,-0.11212,19.729,-13.85,-20.681,9.0156,-79.606,-119.6,-104.67,-73.123,-37.256
-17.757,-37.769,-0.58611,19.84,-13.926,-20.865,9.2084,-80.019,-120.4,-105.62,-74.686,-37.192
-17.823,-37.963,-1.0743,19.933,-13.961,-21.021,9.3679,-80.487,-121.18,-106.61,-76.063,-36.935
-17.782,-38.18,-1.5996,20.014,-13.859,-21.166,9.4803,-81.004,-121.97,-107.62,-77.296,-36.621
-17.647,-38.404,-2.1551,20.094,-13.59,-21.323,9.5415,-81.526,-122.71,-108.62,-78.381,-36.348
-17.471,-38.617,-2.7231,20.184,-13.184,-21.509,9.559,-81.994,-123.37,-109.54,-79.277,-36.146
-17.326,-38.812,-3.2925,20.3,-12.713,-21.74,9.5491,-82.358,-123.89,-110.3,-79.923,-35.983
-17.27,-38.996,-3.8685,20.454,-12.253,-22.024,9.529,-82.598,-124.25,-110.85,-80.277,-35.794
-17.302,-39.174,-4.4711,20.638,-11.843,-22.357,9.5085,-82.728,-124.46,-111.19,-80.341,-35.528
-17.363,-39.345,-5.1236,20.815,-11.465,-22.724,9.4864,-82.8,-124.59,-111.34,-80.178,-35.185
-17.357,-39.494,-5.8322,20.942,-11.048,-23.101,9.4538,-82.878,-124.7,-111.39,-79.893,-34.815
-17.211,-39.61,-6.5717,20.983,-10.521,-23.454,9.4005,-83.017,-124.86,-111.41,-79.593,-34.494
-16.917,-39.694,-7.2946,20.942,-9.8523,-23.746,9.3216,-83.235,-125.11,-111.44,-79.356,-34.291
-16.533,-39.76,-7.9557,20.854,-9.0817,-23.956,9.2217,-83.511,-125.45,-111.52,-79.208,-34.237
-16.157,-39.834,-8.531,20.774,-8.2948,-24.094,9.1164,-83.79,-125.8,-111.6,-79.119,-34.315
-15.857,-39.938,-9.0208,20.752,-7.5477,-24.194,9.0241,-84.015,-126.12,-111.65,-79.019,-34.468
-15.647,-40.084,-9.4487,20.814,-6.8104,-24.3,8.9548,-84.149,-126.34,-111.62,-78.82,-34.624
-15.501,-40.268,-9.8521,20.954,-6.0191,-24.43,8.905,-84.19,-126.45,-111.49,-78.445,-34.717
-15.399,-40.469,-10.252,21.143,-5.1936,-24.58,8.8637,-84.171,-126.46,-111.27,-77.854,-34.717
-15.343,-40.651,-10.62,21.338,-4.4823,-24.724,8.8231,-84.137,-126.39,-110.96,-77.069,-34.628
-15.356,-40.773,-10.869,21.492,-4.1078,-24.823,8.7843,-84.126,-126.28,-110.61,-76.166,-34.471
-15.47,-40.798,-10.873,21.567,-4.2748,-24.833,8.7569,-84.148,-126.14,-110.24,-75.253,-34.259
-15.719,-40.708,-10.522,21.549,-5.1026,-24.719,8.7536,-84.19,-125.96,-109.86,-74.434,-33.978
-16.121,-40.511,-9.7702,21.454,-6.5913,-24.472,8.7838,-84.218,-125.74,-109.47,-73.777,-33.607
-16.67,-40.242,-8.6605,21.319,-8.612,-24.118,8.8485,-84.198,-125.45,-109.05,-73.305,-33.139
-17.331,-39.952,-7.3165,21.195,-10.916,-23.704,8.9382,-84.1,-125.09,-108.6,-72.997,-32.602
-18.034,-39.695,-5.9115,21.121,-13.172,-23.284,9.0351,-83.911,-124.67,-108.12,-72.8,-32.051
-18.679,-39.51,-4.6238,21.112,-15.045,-22.897,9.1177,-83.641,-124.22,-107.63,-72.652,-31.545
-19.172,-39.403,-3.5856,21.157,-16.287,-22.554,9.1679,-83.322,-123.78,-107.14,-72.484,-31.116
-19.462,-39.353,-2.8454,21.23,-16.819,-22.247,9.1772,-82.996,-123.38,-106.72,-72.242,-30.765
-19.579,-39.321,-2.3542,21.311,-16.765,-21.949,9.1499,-82.703,-123.05,-106.38,-71.887,-30.463
-19.621,-39.267,-1.9784,21.397,-16.406,-21.638,9.1024,-82.46,-122.78,-106.14,-71.41,-30.171
-19.709,-39.169,-1.5409,21.495,-16.069,-21.301,9.0588,-82.245,-122.53,-105.96,-70.84,-29.853
-19.929,-39.016,-0.89493,21.602,-15.986,-20.938,9.043,-81.994,-122.21,-105.77,-70.231,-29.493
-20.279,-38.804,-0.00075303,21.692,-16.208,-20.563,9.0716,-81.605,-121.68,-105.45,-69.632,-29.095
-20.656,-38.522,1.057,21.71,-16.621,-20.194,9.1475,-80.951,-120.76,-104.83,-69.048,-28.673
-20.895,-38.148,2.1319,21.593,-17.037,-19.834,9.2562,-79.876,-119.24,-103.69,-68.4,-28.23
-20.848,-37.638,3.1096,21.291,-17.314,-19.456,9.371,-78.177,-116.84,-101.74,-67.488,-27.72
-20.445,-36.931,3.9577,20.771,-17.429,-18.99,9.4736,-75.536,-113.12,-98.459,-65.934,-27.011
-19.687,-35.932,4.6963,19.999,-17.45,-18.348,9.5829,-71.369,-107.36,-92.908,-63.051,-25.828
-18.567,-34.506,5.3184,18.887,-17.421,-17.454,9.7664,-64.541,-98.301,-83.213,-57.474,-23.644
-16.912,-32.46,5.7196,17.205,-17.256,-16.283,10.116,-53.275,-84.031,-66.326,-46.455,-19.367
-14.072,-29.518,5.677,14.439,-16.689,-14.901,10.705,-38.247,-63.546,-42.234,-26.819,-10.927
-8.6324,-25.304,4.9113,9.5984,-15.583,-13.482,11.56,-33.443,-45.057,-30.018,-9.1137,2.2469
-3.1172,-19.34,3.3811,1.5643,-18.698,-12.259,12.664,-47.837,-48.038,-46.842,-21.423,8.9108
-8.0768,-11.104,2.9913,-8.4294,-29.065,-11.379,13.99,-45.999,-54.735,-48.598,-34.41,0.40888
-12.836,-0.15042,15.579,-15.526,-35.38,-10.746,15.533,-16.489,-27.005,-13.553,-19.189,-2.9841
-10.072,13.727,34.396,-19.414,-38.791,-10.018,17.351,29.166,31.106,48.882,18.529,8.7131
-0.12658,30.39,43.504,-27.442,-37.103,-8.8794,19.752,86.051,106.42,134,79.109,32.643
19.2,49.346,43.915,-44.92,-27.529,-7.4226,24.719,152.46,196.34,240.47,165.68,70.296
50.291,69.798,33.311,-71.475,-7.3317,-6.2812,43.989,231.78,307.14,371.19,280.25,124.51
94.894,90.711,10.106,-105.23,25.959,-6.2772,63.127,330.65,445.73,531.79,424.27,196.47
153.88,110.95,-26.812,-144.56,74.423,-7.7954,59.623,455.54,611.8,722.86,596.76,285.09
226.56,129.63,-78.085,-188.15,137.96,-10.534,55.108,610.65,801.6,935.44,789.58,387.3
310.08,146.56,-142.55,-235.67,212.53,-13.908,51.541,791.61,1006.2,1154.8,988.19,498.79
401.39,162.3,-216.41,-287.77,295.22,-17.471,46.221,982.19,1204.8,1363.2,1177.8,614.48
497.6,177.74,-293.89,-344.47,382.24,-20.883,33.415,1153.1,1367.2,1538,1343.7,727.86
593.45,193.52,-367.39,-403.49,467.05,-23.865,5.9746,1267.2,1458.9,1652.4,1470.2,831.42
681.83,210.14,-428.62,-460.91,542.03,-26.432,-41.58,1291.7,1450.1,1682.1,1542.4,918.07
755.26,229.57,-470.69,-512.75,599.83,-29.102,-109.24,1209.4,1325.4,1612.3,1549.2,981.69
806.95,257.19,-489.31,-554.97,634.62,-32.947,-190.36,1022.9,1088.6,1441.6,1485.1,1017.4
831.6,295.54,-483.21,-583.16,643.23,-39.666,-273.51,750.51,759.43,1181,1351.8,1021.7
825.55,330.51,-454.35,-592.57,625.15,-45.12,-345.77,418.56,365.49,848.18,1156.5,992.86
786.91,346.6,-407.51,-578.76,581.93,-32.518,-397.28,52.684,-65.289,462.94,910.45,930.61
716.06,339.12,-349.25,-538.73,516.86,-12.357,-422.53,-326.23,-508.2,45.403,627.56,836.52
616.71,306.83,-287.16,-472.32,435.39,0.30653,-420.4,-699.6,-940.29,-382.3,324.65,714.55
496.77,249.64,-229.92,-383.04,345.56,-0.55053,-393.05,-1045.7,-1337.1,-793.91,21.203,571.47
367.89,169.97,-187.26,-277.99,257.93,-18.209,-344.56,-1337.5,-1672.2,-1160,-262.01,416.63
243.19,73.318,-167.03,-166.38,183.39,-53.346,-280.25,-1547.5,-1921.1,-1452.7,-505.99,260.7
133.77,-32.558,-170.25,-57.619,128.86,-103.77,-206.38,-1656.8,-2067.6,-1652.1,-696.87,113.94
46.124,-138.61,-191.28,40.403,96.6,-164.49,-129.88,-1662.5,-2110.3,-1751.8,-828.07,-15.351
-18.549,-235.36,-220.07,122.14,81.858,-227.39,-57.889,-1579.4,-2062.3,-1760.1,-900.71,-121.54
-63.519,-314.35,-239.8,184.72,75.72,-282.14,2.7456,-1434.3,-1946.9,-1696.2,-922.33,-201.73
-94.427,-369.89,-237.41,227.77,69.871,-319.93,46.761,-1257.6,-1788.9,-1583,-904.46,-255.96
-116.57,-400.23,-221.46,252.92,59.785,-337.16,72.265,-1075.5,-1609.5,-1441.7,-859.66,-287.32
-133.17,-407.49,-205.09,263.31,45.017,-335.62,80.495,-905.68,-1423.9,-1288.1,-798.49,-301.16
-145.27,-396.95,-192.43,262.95,27.478,-320.07,74.876,-756.81,-1243.3,-1132.3,-725.56,-303.54
-151.52,-373.84,-182.43,255.7,13.8,-295.96,60.761,-632,-1079.7,-984.6,-641.55,-298.87
-135.52,-339.2,-174.2,240.23,13.247,-268.29,44.492,-532.14,-942.47,-860.76,-566.46,-284.83
-104.33,-305.57,-168.01,213.2,12.881,-244.01,31.13,-453.12,-828.91,-764.42,-515.01,-255.67
-92.976,-288.5,-164.51,194.6,11.85,-230.81,25.479,-387.86,-731.59,-686.1,-479.41,-229.86
-89.629,-281.73,-163.99,186.66,11.713,-226.46,26.57,-332.17,-647.47,-617.93,-450.61,-216.41
-87.436,-278.05,-165.79,182.49,12.523,-224.85,29.133,-284.23,-577.31,-558.16,-423.65,-209.07
-84.997,-274.84,-168.21,179.34,13.821,-223.03,31.366,-242.89,-520.81,-508.01,-396.38,-203.76
-82.21,-271.52,-169.44,176.47,15.115,-220.3,32.147,-208.35,-474.94,-466.8,-368.62,-198.92
-79.209,-268.18,-169.02,173.69,16.111,-216.99,31.197,-182.24,-435.35,-430.68,-341.57,-193.96
-76.111,-265.04,-167.66,170.95,16.759,-213.81,28.83,-165.16,-398.05,-395.82,-316.75,-188.65
-72.949,-262.14,-165.99,168.12,17.15,-211.24,25.776,-153.54,-361.1,-361.49,-294.99,-182.89
-69.697,-259.31,-164.21,165.05,17.417,-209.29,22.699,-142.93,-325.18,-329.24,-276.21,-176.67
-66.31,-256.35,-162.35,161.56,17.674,-207.7,19.909,-133.15,-292.28,-300.34,-259.89,-170.03
-62.779,-253.13,-160.47,157.58,17.995,-206.27,17.453,-125.11,-264.14,-275.3,-245.44,-163.05
-59.184,-249.63,-158.69,153.09,18.398,-204.9,15.307,-118.9,-241.34,-254.16,-232.45,-155.85
-55.71,-245.85,-157.15,148.18,18.807,-203.55,13.456,-114.22,-223.38,-236.59,-220.65,-148.57
-52.603,-241.81,-155.91,143,19.073,-202.13,11.898,-110.75,-209.26,-222.04,-209.93,-141.35
-50.065,-237.49,-154.91,137.75,19.067,-200.51,10.646,-108.22,-197.99,-209.9,-200.23,-134.33
-48.146,-232.79,-153.93,132.58,18.76,-198.54,9.7271,-106.42,-188.78,-199.57,-191.51,-127.59
-46.724,-227.51,-152.77,127.5,18.23,-196.09,9.1099,-105.14,-181.11,-190.63,-183.69,-121.14
-45.558,-221.39,-151.32,122.41,17.602,-193.03,8.6512,-104.15,-174.59,-182.8,-176.59,-114.94
-44.396,-214.13,-149.56,117.09,16.986,-189.25,8.2643,-103.26,-168.99,-175.91,-170.06,-108.92
-43.078,-205.47,-147.4,111.38,16.465,-184.58,8.2723,-102.3,-164.08,-169.83,-163.93,-102.95
-41.592,-195.28,-144.49,105.21,16.045,-178.8,9.6583,-101.16,-159.72,-164.45,-158.07,-96.971
-40.062,-183.61,-140.34,98.652,15.581,-171.76,13.475,-99.802,-155.77,-159.65,-152.43,-90.992
-38.659,-170.64,-134.52,91.812,14.765,-163.36,19.777,-98.27,-152.12,-155.31,-147.01,-85.128
-37.488,-156.6,-126.73,84.738,13.225,-153.61,28.028,-96.632,-148.67,-151.29,-141.8,-79.541
-36.538,-141.71,-116.74,77.412,10.683,-142.53,38.134,-94.948,-145.33,-147.48,-136.79,-74.381
-35.702,-126.35,-104.4,69.871,7.0793,-130.06,50.488,-93.249,-142.03,-143.76,-132.02,-69.758
-34.867,-111.15,-89.798,62.351,2.5917,-116.18,65.291,-91.532,-138.71,-140.08,-127.49,-65.72
-33.991,-96.979,-73.46,55.288,-2.4291,-101.08,81.726,-89.784,-135.37,-136.47,-123.21,-62.264
-33.116,-84.665,-56.39,49.133,-7.5594,-85.292,97.857,-88.002,-132,-132.98,-119.18,-59.336
-32.334,-74.612,-39.841,44.141,-12.384,-69.766,111.49,-86.198,-128.63,-129.72,-115.38,-56.838
-31.734,-66.721,-25.015,40.298,-16.553,-55.554,120.93,-84.391,-125.28,-126.74,-111.83,-54.627
-31.359,-60.595,-12.967,37.409,-19.832,-43.535,125.02,-82.602,-121.95,-124.07,-108.56,-52.544
-31.186,-55.791,-4.504,35.207,-22.132,-34.266,123.22,-80.838,-118.62,-121.67,-105.61,-50.453
-31.136,-51.956,0.25887,33.439,-23.517,-27.888,115.71,-79.097,-115.25,-119.45,-103.01,-48.3
-31.108,-48.856,2.3463,31.909,-24.185,-24.031,103.39,-77.372,-111.79,-117.33,-100.74,-46.123
-31.001,-46.351,3.3442,30.492,-24.402,-21.949,87.95,-75.649,-108.19,-115.21,-98.766,-44.033
-30.746,-44.337,4.2703,29.138,-24.394,-20.874,71.805,-73.917,-104.38,-113.01,-96.997,-42.147
-30.312,-42.725,5.3463,27.846,-24.305,-20.269,57.391,-72.161,-100.33,-110.71,-95.356,-40.539
-29.709,-41.425,6.4474,26.638,-24.207,-19.849,46.042,-70.364,-95.996,-108.28,-93.78,-39.218
-28.975,-40.366,7.4264,25.539,-24.131,-19.49,37.692,-68.507,-91.355,-105.74,-92.243,-38.141
-28.157,-39.5,8.1957,24.568,-24.072,-19.156,31.493,-66.545,-86.385,-103.03,-90.751,-37.242
-27.304,-38.801,8.722,23.733,-24.003,-18.861,26.437,-64.404,-81.042,-100.09,-89.336,-36.449
-26.455,-38.244,9.0246,23.03,-23.893,-18.628,21.774,-61.956,-75.248,-96.8,-87.986,-35.694
-25.653,-37.794,9.1797,22.45,-23.729,-18.458,17.403,-59.033,-68.871,-93.015,-86.621,-34.916
-24.937,-37.396,9.3113,21.966,-23.532,-18.307,13.77,-55.437,-61.731,-88.555,-85.078,-34.059
-24.331,-36.988,9.5631,21.548,-23.341,-18.097,11.073,-50.944,-53.616,-83.232,-83.126,-33.08
-23.841,-36.51,10.062,21.16,-23.2,-17.742,9.064,-45.287,-44.277,-76.846,-80.508,-31.957
-23.43,-35.918,10.889,20.757,-23.142,-17.168,7.4418,-38.128,-33.45,-69.157,-77.006,-30.691
-23.03,-35.176,12.064,20.299,-23.173,-16.317,6.0514,-29.079,-20.852,-59.9,-72.473,-29.291
-22.544,-34.244,13.555,19.732,-23.27,-15.144,4.8373,-17.742,-6.2774,-48.776,-66.83,-27.752
-21.876,-33.063,15.289,18.993,-23.396,-13.616,3.7587,-3.8319,10.366,-35.476,-60.018,-26.028
-20.955,-31.53,17.188,18.003,-23.518,-11.692,2.7447,12.656,29.032,-19.748,-51.926,-24.031
-19.746,-29.493,19.193,16.656,-23.624,-9.3086,1.6928,31.339,49.535,-1.4802,-42.346,-21.624
-18.229,-26.744,21.267,14.804,-23.713,-6.3635,0.48874,51.538,71.59,19.232,-30.971,-18.62
-16.357,-23.035,23.377,12.244,-23.777,-2.7247,-0.96979,72.551,94.88,42.077,-17.441,-14.759
-14.008,-18.12,25.475,8.7196,-23.777,1.7253,-2.7567,93.883,119.1,66.602,-1.39,-9.7166
-10.963,-11.823,27.497,3.9635,-23.632,7.0313,-4.9151,115.31,144,92.311,17.463,-3.1707
-6.9171,-4.0906,29.375,-2.246,-23.231,13.15,-7.4682,136.81,169.35,118.75,39.224,5.0856
-1.5716,5.0193,31.075,-10.017,-22.46,20.003,-10.43,158.41,194.88,145.5,63.712,15.086
5.2275,15.379,32.61,-19.296,-21.25,27.555,-13.804,180.1,220.27,172.23,90.387,26.736
13.351,26.827,34.026,-29.846,-19.594,35.793,-17.588,201.69,245.11,198.54,118.35,39.897
22.387,39.156,35.345,-41.272,-17.553,44.625,-21.778,222.91,268.98,223.99,146.5,54.392
31.865,52.109,36.54,-53.121,-15.21,53.771,-26.368,243.47,291.53,248.13,173.75,69.93
41.511,65.405,37.546,-65.018,-12.637,62.817,-31.309,263.18,312.63,270.65,199.27,86.059
51.296,78.793,38.312,-76.762,-9.8968,71.379,-36.491,281.98,332.25,291.44,222.62,102.25
61.258,92.088,38.846,-88.318,-7.0697,79.237,-41.778,299.89,350.49,310.58,243.76,118.08
71.343,105.18,39.216,-99.751,-4.2564,86.36,-47.064,316.85,367.37,328.26,262.86,133.37
81.423,118.03,39.519,-111.17,-1.5495,92.834,-52.297,332.64,382.82,344.61,280.22,148.19
91.408,130.55,39.847,-122.69,1.0051,98.767,-57.467,346.86,396.69,359.68,296.08,162.77
101.34,142.63,40.25,-134.34,3.432,104.21,-62.606,359.17,408.82,373.45,310.58,177.34
111.37,154.03,40.718,-146.03,5.8307,109.15,-67.789,369.42,419.18,385.85,323.8,191.98
121.55,164.42,41.187,-157.39,8.3568,113.54,-73.104,377.75,427.87,396.85,335.75,206.5
131.68,173.56,41.558,-167.91,11.18,117.31,-78.583,384.45,435.09,406.5,346.47,220.5
141.27,181.33,41.733,-177.14,14.434,120.48,-84.152,389.93,441.12,414.96,355.98,233.47
149.91,187.77,41.65,-184.88,18.177,123.09,-89.628,394.52,446.21,422.44,364.34,245
157.45,193.09,41.308,-191.24,22.362,125.23,-94.799,398.49,450.56,429.17,371.66,254.94
164.03,197.56,40.772,-196.51,26.832,127.04,-99.515,401.97,454.33,435.32,378.03,263.43
169.93,201.45,40.151,-201.04,31.354,128.64,-103.72,405.03,457.57,440.97,383.55,270.86
175.44,205.01,39.565,-205.14,35.702,130.13,-107.43,407.68,460.3,446.15,388.31,277.61
180.81,208.36,39.088,-209.01,39.757,131.55,-110.7,409.89,462.5,450.79,392.38,283.96
186.24,211.57,38.713,-212.79,43.543,132.89,-113.58,411.67,464.16,454.83,395.83,289.99
191.87,214.6,38.376,-216.52,47.162,134.1,-116.1,413.02,465.25,458.21,398.72,295.61
197.63,217.42,38.011,-220.14,50.679,135.14,-118.25,413.96,465.76,460.89,401.11,300.68
203.24,219.93,37.606,-223.53,54.026,136,-119.99,414.53,465.65,462.87,403,305.11
208.19,222.05,37.22,-226.46,56.969,136.71,-121.32,414.66,464.86,464.13,404.38,308.9
211.91,223.69,36.945,-228.71,59.178,137.28,-122.23,414.25,463.29,464.63,405.19,312.06
213.97,224.77,36.848,-230.11,60.35,137.71,-122.75,413.06,460.75,464.26,405.28,314.58
214.24,225.22,36.944,-230.58,60.304,137.94,-122.94,410.78,457.04,462.85,404.47,316.37
212.83,224.98,37.191,-230.1,59.015,137.9,-122.81,407.11,451.97,460.21,402.53,317.2
209.97,224,37.504,-228.69,56.598,137.49,-122.38,401.77,445.35,456.15,399.29,316.8
205.97,222.28,37.778,-226.43,53.274,136.64,-121.63,394.58,437.03,450.56,394.68,314.84
201.14,219.81,37.914,-223.38,49.323,135.32,-120.5,385.33,426.82,443.33,388.75,311.03
195.81,216.63,37.833,-219.63,45.082,133.49,-118.93,373.8,414.48,434.36,381.58,305.15
190.25,212.74,37.483,-215.25,40.953,131.15,-116.87,359.75,399.74,423.48,373.19,297.06
184.58,208.05,36.831,-210.23,37.348,128.23,-114.29,343.08,382.37,410.45,363.47,286.75
178.78,202.43,35.867,-204.47,34.519,124.6,-111.16,323.95,362.3,395.01,352.18,274.38
172.64,195.65,34.618,-197.79,32.424,120.15,-107.43,302.89,339.71,376.96,339,260.28
165.82,187.52,33.151,-190,30.763,114.78,-103.03,280.67,314.95,356.25,323.7,244.98
157.96,177.9,31.56,-180.89,29.149,108.54,-97.898,258.01,288.53,333.03,306.26,228.96
148.79,166.75,29.939,-170.38,27.305,101.55,-92.064,235.35,260.85,307.63,286.94,212.59
138.38,154.22,28.349,-158.65,25.153,94.007,-85.668,212.8,232.14,280.35,266.2,195.96
127.16,140.54,26.811,-146.06,22.774,86.056,-78.957,190.23,202.56,251.43,244.44,179.03
115.75,126.07,25.306,-133.13,20.303,77.766,-72.187,167.47,172.31,221.01,221.81,161.65
104.61,111.12,23.789,-120.27,17.831,69.153,-65.512,144.47,141.87,189.39,198.36,143.72
93.95,95.979,22.219,-107.69,15.359,60.238,-58.954,121.4,112.02,157.21,174.17,125.14
83.716,80.855,20.594,-95.414,12.819,51.114,-52.436,98.551,83.662,125.51,149.67,105.83
73.745,65.981,18.986,-83.365,10.115,42.011,-45.848,76.32,57.545,95.44,125.6,85.895
63.84,51.652,17.525,-71.456,7.1625,33.293,-39.112,55.069,34.081,67.941,102.8,65.857
53.85,38.208,16.353,-59.675,3.9347,25.345,-32.239,35.131,13.339,43.466,81.848,46.806
43.767,25.945,15.553,-48.135,0.4881,18.414,-25.374,16.803,-4.8377,22.022,62.971,30.042
33.786,15.025,15.094,-37.077,-3.0281,12.519,-18.789,0.35709,-20.691,3.3484,46.04,16.397
24.289,5.4655,14.833,-26.805,-6.4036,7.5058,-12.801,-13.984,-34.462,-12.885,30.754,5.918
15.706,-2.7992,14.569,-17.607,-9.428,3.1677,-7.6365,-26.109,-46.363,-26.951,16.827,-1.8943
8.3419,-9.8399,14.121,-9.6849,-11.955,-0.64351,-3.3696,-36.07,-56.582,-39.054,4.1083,-7.697
2.2818,-15.703,13.41,-3.1234,-13.936,-3.9783,0.05629,-44.088,-65.3,-49.353,-7.3832,-12.073
-2.5917,-20.438,12.486,2.1242,-15.429,-6.8281,2.7615,-50.479,-72.697,-58.012,-17.529,-15.463
-6.503,-24.14,11.492,6.2138,-16.568,-9.1942,4.8812,-55.57,-78.947,-65.201,-26.222,-18.188
-9.6819,-26.958,10.568,9.3552,-17.507,-11.124,6.5399,-59.659,-84.225,-71.113,-33.456,-20.475
-12.296,-29.065,9.7783,11.753,-18.356,-12.699,7.8412,-62.994,-88.705,-75.964,-39.355,-22.484
-14.433,-30.633,9.0923,13.575,-19.135,-14.01,8.8642,-65.775,-92.553,-79.984,-44.16,-24.313
-16.118,-31.816,8.4155,14.949,-19.779,-15.134,9.6667,-68.158,-95.917,-83.399,-48.175,-26.003
-17.361,-32.746,7.638,15.984,-20.184,-16.133,10.291,-70.254,-98.914,-86.395,-51.701,-27.539
-18.194,-33.538,6.6822,16.776,-20.261,-17.044,10.774,-72.133,-101.61,-89.103,-54.964,-28.876
-18.687,-34.275,5.537,17.417,-19.982,-17.879,11.148,-73.829,-104.05,-91.589,-58.073,-29.963
-18.936,-34.999,4.2697,17.974,-19.394,-18.62,11.445,-75.348,-106.23,-93.865,-61.038,-30.779
-19.043,-35.713,3.0053,18.489,-18.606,-19.232,11.69,-76.671,-108.14,-95.914,-63.811,-31.355
-19.098,-36.388,1.8827,18.971,-17.768,-19.688,11.894,-77.773,-109.75,-97.715,-66.342,-31.757
-19.172,-36.988,1.0083,19.416,-17.021,-19.989,12.061,-78.641,-111.08,-99.263,-68.599,-32.044
-19.312,-37.49,0.42317,19.816,-16.472,-20.174,12.185,-79.295,-112.16,-100.58,-70.563,-32.229
-19.535,-37.893,0.093935,20.166,-16.154,-20.309,12.261,-79.787,-113.07,-101.73,-72.232,-32.294
-19.822,-38.208,-0.071053,20.464,-16.039,-20.454,12.283,-80.184,-113.87,-102.76,-73.618,-32.215
-20.13,-38.45,-0.18092,20.705,-16.071,-20.645,12.268,-80.547,-114.64,-103.74,-74.752,-32.005
-20.424,-38.631,-0.31637,20.887,-16.22,-20.887,12.255,-80.914,-115.42,-104.68,-75.681,-31.716
-20.701,-38.759,-0.50389,21.017,-16.507,-21.162,12.3,-81.3,-116.21,-105.58,-76.45,-31.419
-20.996,-38.846,-0.72266,21.118,-16.976,-21.441,12.445,-81.699,-117,-106.43,-77.091,-31.186
-21.358,-38.913,-0.9311,21.22,-17.651,-21.693,12.7,-82.089,-117.73,-107.21,-77.613,-31.057
-21.817,-38.988,-1.0886,21.353,-18.502,-21.891,13.024,-82.432,-118.36,-107.88,-78.009,-31.028
-22.369,-39.097,-1.1651,21.536,-19.461,-22.016,13.348,-82.691,-118.83,-108.43,-78.254,-31.048
-22.993,-39.26,-1.1485,21.782,-20.442,-22.065,13.591,-82.839,-119.15,-108.84,-78.311,-31.032
-23.672,-39.488,-1.0557,22.101,-21.356,-22.061,13.696,-82.868,-119.33,-109.09,-78.14,-30.896
-24.392,-39.784,-0.93514,22.504,-22.1,-22.061,13.641,-82.794,-119.42,-109.2,-77.728,-30.594
-25.12,-40.139,-0.8557,22.985,-22.565,-22.126,13.425,-82.65,-119.47,-109.17,-77.111,-30.144
-25.79,-40.522,-0.88854,23.513,-22.645,-22.29,13.069,-82.473,-119.56,-109.03,-76.369,-29.621
-26.31,-40.89,-1.0836,24.03,-22.282,-22.546,12.626,-82.29,-119.7,-108.82,-75.599,-29.113
-26.613,-41.189,-1.4427,24.471,-21.51,-22.855,12.182,-82.109,-119.89,-108.55,-74.876,-28.681
-26.689,-41.374,-1.9049,24.78,-20.485,-23.163,11.829,-81.917,-120.11,-108.24,-74.228,-28.336
-26.604,-41.43,-2.3575,24.937,-19.464,-23.414,11.644,-81.689,-120.31,-107.87,-73.645,-28.044
-26.467,-41.372,-2.6723,24.96,-18.734,-23.562,11.675,-81.414,-120.46,-107.46,-73.088,-27.749
-26.384,-41.242,-2.755,24.886,-18.513,-23.576,11.927,-81.111,-120.57,-107,-72.522,-27.407
-26.408,-41.09,-2.5799,24.76,-18.879,-23.451,12.35,-80.832,-120.68,-106.55,-71.944,-27.005
-26.517,-40.951,-2.1973,24.605,-19.734,-23.212,12.838,-80.635,-120.82,-106.16,-71.382,-26.558
-26.623,-40.838,-1.7147,24.425,-20.844,-22.901,13.256,-80.561,-121.03,-105.87,-70.889,-26.086
-26.603,-40.746,-1.2596,24.209,-21.904,-22.567,13.494,-80.616,-121.27,-105.7,-70.508,-25.604
-26.364,-40.66,-0.93747,23.954,-22.631,-22.248,13.51,-80.764,-121.52,-105.63,-70.256,-25.115
-25.89,-40.57,-0.80278,23.676,-22.837,-21.971,13.334,-80.933,-121.68,-105.6,-70.11,-24.612
-25.254,-40.468,-0.85612,23.406,-22.476,-21.752,13.039,-81.034,-121.68,-105.53,-70.017,-24.086
-24.586,-40.351,-1.057,23.185,-21.659,-21.602,12.696,-80.988,-121.44,-105.36,-69.91,-23.528
-24.016,-40.221,-1.3391,23.041,-20.612,-21.527,12.342,-80.759,-120.99,-105.04,-69.734,-22.943
-23.628,-40.083,-1.6323,22.983,-19.57,-21.524,11.98,-80.383,-120.39,-104.6,-69.462,-22.356
-23.425,-39.947,-1.8993,22.99,-18.675,-21.586,11.6,-79.963,-119.78,-104.14,-69.121,-21.814
-23.317,-39.816,-2.1621,23.007,-17.939,-21.7,11.192,-79.641,-119.33,-103.76,-68.787,-21.378
-23.155,-39.681,-2.4846,22.961,-17.283,-21.847,10.752,-79.535,-119.13,-103.61,-68.558,-21.108
-22.8,-39.528,-2.916,22.792,-16.62,-22.006,10.284,-79.681,-119.2,-103.71,-68.5,-21.024
-22.203,-39.34,-3.4387,22.477,-15.919,-22.149,9.8175,-80.001,-119.41,-104.01,-68.623,-21.096
-21.423,-39.108,-3.957,22.043,-15.228,-22.246,9.4036,-80.312,-119.53,-104.35,-68.865,-21.257
-20.596,-38.818,-4.3324,21.543,-14.653,-22.269,9.0961,-80.366,-119.24,-104.47,-69.098,-21.428
-19.855,-38.45,-4.4382,21.032,-14.303,-22.19,8.9185,-79.894,-118.23,-104.07,-69.128,-21.524
-19.271,-37.963,-4.2028,20.53,-14.243,-21.973,8.8488,-78.614,-116.11,-102.75,-68.671,-21.43
-18.809,-37.285,-3.6308,19.995,-14.451,-21.573,8.8437,-76.174,-112.4,-99.955,-67.298,-20.948
-18.307,-36.294,-2.8092,19.306,-14.808,-20.93,8.8902,-71.973,-106.31,-94.709,-64.265,-19.7
-17.465,-34.813,-1.9041,18.235,-15.108,-19.997,9.0369,-64.827,-96.45,-85.11,-58.099,-16.905
-15.804,-32.594,-1.1462,16.405,-15.063,-18.754,9.3704,-53.087,-80.829,-68.189,-45.886,-10.932
-12.443,-29.302,-0.79955,13.181,-14.278,-17.246,9.9624,-39.763,-59.7,-45.206,-25.138,0.32526
-5.8886,-24.497,-1.0978,7.5417,-12.295,-15.602,10.849,-42.529,-46.179,-38.203,-10.721,12.681
1.8941,-17.637,-2.0706,-1.4592,-11.881,-14.018,12.061,-54.787,-55.254,-54.963,-26.905,11.068
-2.1727,-8.1451,-2.5701,-12.228,-24.393,-12.667,13.66,-40.502,-52.497,-47.746,-34.609,0.15827
-10.131,4.3971,6.9121,-19.563,-32.048,-11.543,15.748,-3.5343,-12.291,-6.2015,-14.039,2.2843
-8.0972,20.016,28.295,-22.916,-35.908,-10.366,18.447,47.151,52.641,60.81,28.511,19.141
1.8379,38.234,39.875,-30.867,-35.237,-8.7496,22.195,107.03,131.78,149.97,94.441,48.811
21.283,58.22,42.55,-49.646,-26.904,-6.6268,30.384,175.27,225.49,260.98,186.17,93.889
52.501,79.027,34.187,-77.871,-8.1529,-4.5905,56.009,256.69,341.12,398,304.87,156.67
96.832,99.694,13.573,-112.82,23.089,-3.6865,64.733,358.64,484.19,566.23,451.31,236.96
155.13,119.31,-20.374,-152.77,68.908,-4.6709,60.137,488,653.5,763.71,623.81,331.61
227.79,137.33,-69.004,-197.07,130.63,-7.4383,56.005,647.43,845.01,979.12,814.16,435.64
313.57,153.87,-132.14,-246.32,206.13,-11.305,52.695,830.16,1047.9,1197,1009.3,544.23
409.12,169.56,-206.35,-301.38,291.36,-15.662,46.871,1018.2,1240.3,1399.8,1195.6,653.38
509.54,185.06,-285.35,-360.99,381.12,-20.132,32.69,1180.7,1391.8,1564.8,1358.5,758.65
607.68,200.68,-361.27,-421.14,468.21,-24.437,3.5963,1280.5,1468,1665.4,1481.5,854.48
695.71,217.06,-425.85,-477.47,544.89,-28.57,-45.027,1286.2,1440.3,1678.2,1549.2,934.54
766.47,237,-471.91,-526.44,603.59,-33.211,-112.83,1183.6,1295.8,1590.2,1550.5,992.49
814.04,266.27,-494.23,-564.57,638.4,-40.189,-193.34,978.96,1041.3,1402.1,1480.6,1023
833.85,304.58,-490.52,-587.82,646.14,-50.681,-275.67,694.01,698.65,1126.1,1341.8,1022.8
822.5,335.55,-462.57,-591.57,626.2,-49.999,-347.83,355.91,296.46,781.17,1142,990.25
777.88,345.05,-415.75,-571.28,580.09,-29.679,-400.21,-11.055,-137.6,387.45,892.87,925.63
700.24,329.45,-357.18,-523.99,511.37,-9.8912,-427.05,-387.61,-579.35,-34.466,608.99,830.82
593.74,288.39,-294.74,-450.12,426.08,-0.47799,-426.71,-755.79,-1006.1,-461.63,307.32,709.91
467.66,222.96,-237.36,-354.47,333.31,-6.0055,-400.78,-1093.8,-1393.7,-867.05,6.9369,569.52
335.7,136.88,-194.94,-245.56,245.03,-29.029,-352.98,-1374.8,-1716.3,-1221.4,-272.56,418.27
212.54,36.514,-175.23,-133.48,173.14,-69.235,-288.61,-1572.2,-1950.5,-1498,-513.41,265.63
108.92,-69.965,-178.87,-27.478,124.25,-123.31,-214.48,-1668,-2081.4,-1679.1,-702.19,120.7
28.98,-173.42,-200.13,65.528,97.75,-185.42,-138.44,-1660.9,-2109.1,-1760.5,-831.89,-8.4113
-28.695,-264.68,-230.65,141.29,86.876,-247.12,-68.31,-1567.5,-2048.7,-1752.9,-903.13,-115.2
-68.706,-336.02,-257.92,197.93,82.587,-298.03,-9.9253,-1416,-1924.6,-1677.1,-923.32,-195.85
-96.616,-382.89,-265.76,235.56,76.841,-329.73,33.555,-1237,-1761.8,-1556.5,-904.03,-250.23
-117.05,-404.82,-251.33,256.1,65.526,-339.9,60.814,-1055.9,-1580.5,-1411.5,-857.88,-281.67
-132.55,-405.24,-228.85,262.97,49.044,-332.04,71.885,-889.33,-1394.6,-1256.6,-795.51,-295.69
-143.67,-389.9,-209.1,260.42,30.463,-312.15,68.868,-745.2,-1214.4,-1100.7,-721.84,-298.1
-144.81,-362.01,-193.6,251.31,19.581,-286.32,56.535,-625.96,-1052.4,-954.39,-638.55,-291.07
-116.25,-324.37,-181.61,230.67,17.884,-260.19,41.132,-530.58,-917.65,-834.18,-565.93,-264.57
-93.689,-296.12,-173.13,203.85,14.603,-240.61,26.362,-453.62,-806.57,-741.11,-516.52,-222.75
-88.355,-283.83,-168.58,189.66,11.328,-231.32,19.098,-388.66,-711.77,-664.95,-482.01,-201.02
-87.464,-278.72,-167.8,183.68,9.1211,-228.14,20.31,-332.59,-630.7,-598.84,-453.72,-193.69
-86.753,-275.42,-169.16,180.22,7.841,-226.3,22.455,-284.29,-563.83,-541.74,-426.93,-189.95
-85.338,-272.17,-170,177.27,7.0042,-223.85,24.388,-242.82,-510.08,-494.34,-399.7,-186.53
-83.198,-268.61,-168.7,174.21,6.3083,-220.45,25.06,-208.33,-465.98,-454.71,-371.95,-182.67
-80.518,-264.91,-165.87,170.89,5.8538,-216.55,24.075,-182.32,-427.15,-418.32,-344.9,-178.28
-77.482,-261.33,-162.8,167.31,5.8978,-212.95,21.856,-165.39,-389.8,-381.77,-320.12,-173.43
-74.205,-257.99,-160.17,163.53,6.5421,-210.13,19.066,-154.13,-352.42,-345.55,-298.48,-168.23
-70.737,-254.87,-158.15,159.61,7.7363,-208.07,16.184,-143.85,-316.05,-312,-279.93,-162.72
-67.086,-251.86,-156.76,155.54,9.4277,-206.5,13.437,-134.05,-282.97,-282.74,-263.98,-156.93
-63.252,-248.83,-156.02,151.26,11.612,-205.21,10.949,-125.79,-255.05,-258.4,-250.13,-150.86
-59.269,-245.67,-155.9,146.67,14.27,-204.05,8.8302,-119.35,-232.86,-238.86,-238.06,-144.56
-55.224,-242.29,-156.29,141.7,17.309,-202.9,7.1591,-114.53,-215.81,-223.48,-227.62,-138.23
-51.245,-238.59,-156.99,136.29,20.555,-201.68,5.959,-111.06,-202.86,-211.39,-218.72,-132.16
-47.465,-234.4,-157.81,130.43,23.771,-200.33,5.2825,-108.71,-192.97,-201.69,-211.24,-126.67
-44.004,-229.54,-158.48,124.14,26.673,-198.76,5.1663,-107.21,-185.23,-193.58,-204.95,-121.9
-40.959,-223.77,-158.76,117.47,28.973,-196.84,5.3831,-106.27,-178.94,-186.47,-199.42,-117.76
-38.386,-216.87,-158.39,110.52,30.427,-194.38,5.5006,-105.55,-173.53,-179.91,-194.18,-113.97
-36.278,-208.68,-157.21,103.4,30.906,-191.15,5.3572,-104.75,-168.66,-173.69,-188.84,-110.1
-34.561,-199.14,-155.16,96.194,30.449,-186.92,5.4033,-103.68,-164.13,-167.78,-183.27,-105.82
-33.121,-188.31,-152.15,89.011,29.275,-181.48,6.688,-102.24,-159.91,-162.29,-177.53,-100.92
-31.856,-176.32,-147.92,81.967,27.704,-174.67,10.233,-100.48,-156.02,-157.35,-171.87,-95.464
-30.73,-163.39,-142.03,75.213,25.896,-166.43,16.136,-98.522,-152.44,-153.02,-166.49,-89.659
-29.796,-149.76,-134.14,68.928,23.615,-156.75,23.934,-96.465,-149.07,-149.22,-161.48,-83.841
-29.169,-135.68,-124.05,63.245,20.356,-145.61,33.496,-94.387,-145.81,-145.8,-156.75,-78.333
-28.966,-121.52,-111.62,58.198,15.684,-133.03,45.179,-92.326,-142.55,-142.59,-152.17,-73.378
-29.232,-107.72,-96.845,53.722,9.4672,-119.04,59.347,-90.291,-139.23,-139.44,-147.55,-69.1
-29.923,-94.804,-79.952,49.712,1.939,-103.81,75.541,-88.284,-135.87,-136.3,-142.8,-65.501
-30.935,-83.259,-61.566,46.084,-6.3704,-87.689,92.041,-86.31,-132.51,-133.19,-137.92,-62.504
-32.162,-73.395,-42.804,42.818,-14.796,-71.364,106.56,-84.378,-129.21,-130.16,-133,-59.994
-33.529,-65.289,-25.125,39.937,-22.691,-55.845,117.15,-82.497,-125.97,-127.3,-128.19,-57.86
-34.98,-58.815,-10.018,37.453,-29.514,-42.358,122.41,-80.673,-122.79,-124.65,-123.67,-56.008
-36.447,-53.741,1.2922,35.338,-34.87,-32.026,121.55,-78.904,-119.62,-122.23,-119.61,-54.359
-37.831,-49.809,8.2778,33.537,-38.561,-25.31,114.63,-77.183,-116.39,-120.02,-116.08,-52.84
-39.018,-46.781,11.793,31.998,-40.624,-21.625,102.55,-75.505,-113.05,-117.92,-113.13,-51.395
-39.911,-44.447,13.821,30.693,-41.332,-19.77,87.112,-73.858,-109.54,-115.85,-110.67,-49.986
-40.462,-42.642,15.769,29.613,-41.127,-18.738,70.869,-72.221,-105.82,-113.69,-108.56,-48.596
-40.692,-41.246,17.748,28.75,-40.482,-18.012,56.412,-70.563,-101.85,-111.37,-106.61,-47.221
-40.672,-40.175,19.414,28.079,-39.776,-17.415,45.098,-68.848,-97.578,-108.83,-104.65,-45.866
-40.477,-39.364,20.616,27.552,-39.224,-16.903,36.791,-67.041,-92.949,-106.07,-102.58,-44.544
-40.134,-38.745,21.411,27.098,-38.887,-16.458,30.612,-65.101,-87.906,-103.09,-100.37,-43.271
-39.593,-38.238,21.928,26.633,-38.695,-16.055,25.602,-62.969,-82.38,-99.845,-98.075,-42.052
-38.756,-37.763,22.264,26.077,-38.499,-15.666,21.082,-60.561,-76.307,-96.269,-95.737,-40.884
-37.551,-37.255,22.461,25.394,-38.133,-15.271,16.937,-57.756,-69.61,-92.225,-93.366,-39.748
-35.989,-36.68,22.518,24.588,-37.489,-14.852,13.484,-54.411,-62.201,-87.532,-90.914,-38.618
-34.163,-36.027,22.424,23.702,-36.552,-14.398,10.853,-50.351,-53.966,-81.991,-88.286,-37.463
-32.201,-35.3,22.182,22.78,-35.386,-13.9,8.795,-45.361,-44.75,-75.395,-85.348,-36.238
-30.201,-34.489,21.829,21.834,-34.093,-13.348,6.9977,-39.14,-34.341,-67.532,-81.972,-34.878
-28.196,-33.545,21.44,20.82,-32.789,-12.708,5.2711,-31.313,-22.451,-58.143,-78.033,-33.289
-26.155,-32.37,21.126,19.639,-31.59,-11.917,3.5369,-21.448,-8.8089,-46.94,-73.4,-31.342
-23.989,-30.813,21.013,18.139,-30.57,-10.888,1.7669,-9.1572,6.7905,-33.61,-67.925,-28.891
-21.581,-28.696,21.189,16.145,-29.718,-9.5252,-0.068547,5.7187,24.404,-17.877,-61.435,-25.779
-18.814,-25.85,21.653,13.5,-28.905,-7.7358,-2.0355,22.937,43.891,0.40243,-53.726,-21.841
-15.603,-22.17,22.302,10.116,-27.915,-5.4359,-4.2383,41.867,64.94,21.141,-44.568,-16.883
-11.915,-17.645,22.98,5.9993,-26.525,-2.5654,-6.7783,61.759,87.198,44.014,-33.72,-10.668
-7.7773,-12.356,23.549,1.2276,-24.599,0.90167,-9.6862,82.072,110.39,68.54,-20.912,-2.9231
-3.2522,-6.4184,23.952,-4.1056,-22.129,4.9579,-12.879,102.59,134.36,94.229,-5.8414,6.649
1.6504,0.11553,24.225,-9.9722,-19.234,9.5867,-16.197,123.35,159.04,120.67,11.805,18.33
7.0619,7.324,24.48,-16.491,-16.129,14.785,-19.508,144.45,184.25,147.49,32.256,32.286
13.286,15.425,24.857,-23.955,-13.075,20.569,-22.795,165.9,209.67,174.25,55.469,48.404
20.749,24.702,25.46,-32.742,-10.312,26.944,-26.152,187.48,234.76,200.44,80.956,66.207
29.836,35.369,26.322,-43.123,-7.979,33.852,-29.716,208.83,258.98,225.5,107.77,84.969
40.601,47.425,27.388,-55.041,-6.0713,41.14,-33.581,229.53,281.87,248.95,134.74,103.96
52.556,60.61,28.536,-68.064,-4.439,48.59,-37.757,249.35,303.24,270.57,160.84,122.6
64.881,74.482,29.635,-81.582,-2.8434,55.999,-42.167,268.21,323.1,290.38,185.47,140.55
76.902,88.585,30.581,-95.079,-1.0315,63.257,-46.69,286.22,341.6,308.61,208.51,157.61
88.333,102.57,31.334,-108.24,1.1933,70.367,-51.197,303.46,358.86,325.58,230.16,173.72
99.174,116.19,31.908,-120.89,3.9078,77.397,-55.581,319.88,374.9,341.55,250.7,188.95
109.5,129.22,32.347,-132.86,7.0625,84.375,-59.783,335.15,389.6,356.61,270.25,203.39
119.32,141.41,32.686,-143.99,10.562,91.21,-63.825,348.81,402.71,370.63,288.7,217.05
128.49,152.46,32.937,-154.07,14.335,97.682,-67.811,360.49,414.1,383.42,305.69,229.86
136.9,162.17,33.103,-163,18.318,103.52,-71.885,370.1,423.77,394.8,320.92,241.66
144.59,170.5,33.202,-170.86,22.404,108.55,-76.147,377.88,431.87,404.73,334.25,252.31
151.7,177.61,33.281,-177.85,26.442,112.74,-80.582,384.22,438.65,413.34,345.81,261.78
158.51,183.79,33.408,-184.26,30.272,116.18,-85.052,389.54,444.42,420.84,355.87,270.15
165.24,189.33,33.636,-190.36,33.784,119.06,-89.366,394.17,449.42,427.49,364.75,277.6
172.06,194.51,33.978,-196.33,36.962,121.55,-93.386,398.28,453.78,433.52,372.68,284.3
178.97,199.44,34.396,-202.18,39.862,123.78,-97.081,401.88,457.57,439.03,379.76,290.31
185.77,204.15,34.811,-207.79,42.543,125.84,-100.5,404.9,460.75,444.02,386.03,295.68
192.06,208.51,35.147,-212.93,44.992,127.76,-103.71,407.28,463.32,448.43,391.45,300.38
197.39,212.36,35.374,-217.34,47.123,129.54,-106.72,409.01,465.24,452.18,396.05,304.44
201.54,215.55,35.538,-220.87,48.838,131.14,-109.5,410.13,466.55,455.22,399.84,307.91
204.52,218.02,35.739,-223.49,50.063,132.52,-111.99,410.72,467.29,457.59,402.89,310.85
206.51,219.78,36.07,-225.29,50.76,133.66,-114.12,410.83,467.49,459.3,405.28,313.33
207.66,220.89,36.553,-226.39,50.927,134.54,-115.84,410.47,467.14,460.39,407.08,315.36
208.09,221.44,37.111,-226.9,50.618,135.14,-117.14,409.51,466.19,460.84,408.28,316.94
207.88,221.54,37.601,-226.91,49.963,135.47,-118.04,407.73,464.51,460.54,408.81,318.06
207.13,221.23,37.865,-226.48,49.15,135.51,-118.58,404.79,461.93,459.33,408.5,318.64
205.95,220.54,37.779,-225.67,48.361,135.2,-118.77,400.34,458.23,457,407.12,318.58
204.44,219.44,37.288,-224.49,47.701,134.49,-118.6,394.14,453.19,453.38,404.42,317.68
202.66,217.82,36.415,-222.9,47.16,133.28,-118,386.02,446.6,448.32,400.26,315.68
200.59,215.56,35.268,-220.81,46.62,131.45,-116.88,375.8,438.21,441.65,394.62,312.33
198.13,212.47,34.008,-218.08,45.906,128.93,-115.15,363.25,427.74,433.14,387.52,307.45
195.08,208.42,32.809,-214.51,44.853,125.69,-112.76,348.15,414.84,422.51,379.03,300.98
191.12,203.26,31.777,-209.85,43.368,121.85,-109.7,330.4,399.22,409.41,369.13,292.97
185.88,196.89,30.909,-203.81,41.463,117.54,-105.94,310.28,380.73,393.59,357.74,283.44
178.94,189.22,30.107,-196.15,39.248,112.89,-101.43,288.5,359.47,375.01,344.72,272.41
170.13,180.19,29.238,-186.75,36.91,107.91,-96.132,265.97,335.83,353.9,330.01,259.84
159.73,169.79,28.223,-175.77,34.651,102.56,-90.081,243.48,310.36,330.69,313.68,245.81
148.4,158.14,27.101,-163.62,32.527,96.767,-83.43,221.42,283.57,305.88,295.91,230.56
136.66,145.41,26.021,-150.79,30.299,90.495,-76.439,199.76,255.77,279.78,276.98,214.45
124.71,131.83,25.177,-137.69,27.495,83.739,-69.383,178.25,227.06,252.44,257.07,197.87
112.52,117.61,24.717,-124.55,23.677,76.523,-62.448,156.58,197.52,223.81,236.28,181.11
100.12,102.95,24.684,-111.52,18.671,68.891,-55.702,134.58,167.34,193.93,214.55,164.24
87.651,88.004,25.015,-98.655,12.616,60.905,-49.118,112.32,136.99,163.21,191.83,147.19
75.328,72.936,25.566,-85.956,5.8949,52.648,-42.633,90.093,107.2,132.48,168.18,129.77
63.32,57.899,26.157,-73.363,-0.98776,44.234,-36.201,68.334,78.781,102.79,144,111.89
51.66,43.115,26.615,-60.767,-7.5105,35.856,-29.834,47.542,52.427,75.061,120.08,93.667
40.24,28.95,26.831,-48.098,-13.228,27.822,-23.619,28.157,28.574,49.829,97.444,75.599
28.938,15.918,26.784,-35.5,-17.85,20.514,-17.708,10.5,7.3958,27.268,76.932,58.455
17.889,4.5492,26.532,-23.47,-21.275,14.23,-12.282,-5.2116,-11.117,7.3545,58.934,42.988
7.6776,-4.834,26.147,-12.743,-23.565,9.0532,-7.4933,-18.816,-27.071,-9.973,43.358,29.654
-0.9025,-12.239,25.666,-3.9125,-24.885,4.8539,-3.4365,-30.227,-40.622,-24.766,29.839,18.526
-7.4503,-17.923,25.059,2.8635,-25.488,1.3936,-0.13534,-39.499,-51.975,-37.12,17.973,9.3798
-12.155,-22.231,24.247,7.8129,-25.669,-1.5674,2.4471,-46.852,-61.389,-47.232,7.4616,1.8734
-15.45,-25.481,23.147,11.322,-25.648,-4.2093,4.3983,-52.617,-69.159,-55.402,-1.8642,-4.3046
-17.698,-27.931,21.711,13.766,-25.525,-6.6324,5.8408,-57.15,-75.59,-61.986,-10.082,-9.3862
-19.144,-29.791,19.958,15.446,-25.33,-8.864,6.9074,-60.776,-80.973,-67.352,-17.251,-13.551
-20.002,-31.237,17.974,16.603,-25.074,-10.883,7.7165,-63.763,-85.564,-71.842,-23.463,-16.962
-20.479,-32.413,15.892,17.432,-24.746,-12.65,8.3557,-66.322,-89.574,-75.746,-28.859,-19.769
-20.74,-33.425,13.851,18.082,-24.293,-14.135,8.8793,-68.6,-93.154,-79.28,-33.603,-22.105
-20.851,-34.328,11.944,18.637,-23.623,-15.33,9.3178,-70.679,-96.395,-82.565,-37.838,-24.079
-20.78,-35.133,10.199,19.117,-22.629,-16.256,9.6915,-72.583,-99.329,-85.633,-41.66,-25.778
-20.455,-35.829,8.581,19.503,-21.24,-16.956,10.02,-74.303,-101.96,-88.456,-45.124,-27.274
-19.848,-36.41,7.0264,19.775,-19.475,-17.492,10.319,-75.816,-104.27,-90.986,-48.251,-28.625
-19.022,-36.885,5.4857,19.941,-17.475,-17.922,10.597,-77.111,-106.26,-93.194,-51.036,-29.884
-18.13,-37.282,3.9625,20.042,-15.489,-18.295,10.849,-78.187,-107.95,-95.079,-53.454,-31.078
-17.364,-37.633,2.5209,20.126,-13.805,-18.642,11.065,-79.062,-109.39,-96.667,-55.476,-32.197
-16.889,-37.958,1.2543,20.236,-12.66,-18.979,11.238,-79.757,-110.61,-97.997,-57.099,-33.185
-16.776,-38.255,0.23265,20.376,-12.166,-19.317,11.373,-80.304,-111.66,-99.115,-58.367,-33.961
-16.968,-38.504,-0.54162,20.516,-12.255,-19.667,11.475,-80.735,-112.59,-100.07,-59.364,-34.462
-17.298,-38.677,-1.1396,20.596,-12.703,-20.047,11.556,-81.09,-113.45,-100.92,-60.203,-34.682
-17.56,-38.762,-1.6751,20.57,-13.196,-20.478,11.626,-81.413,-114.28,-101.72,-61.003,-34.683
-17.603,-38.776,-2.2569,20.436,-13.45,-20.968,11.704,-81.744,-115.1,-102.53,-61.861,-34.565
-17.413,-38.774,-2.9508,20.256,-13.309,-21.514,11.812,-82.101,-115.92,-103.38,-62.823,-34.427
-17.118,-38.833,-3.764,20.146,-12.778,-22.098,11.967,-82.474,-116.72,-104.23,-63.882,-34.328
-16.932,-39.022,-4.6477,20.223,-12.006,-22.688,12.177,-82.82,-117.48,-105.05,-64.987,-34.274
-17.031,-39.377,-5.5112,20.555,-11.227,-23.243,12.438,-83.092,-118.16,-105.79,-66.074,-34.227
-17.459,-39.877,-6.2486,21.123,-10.668,-23.709,12.732,-83.255,-118.78,-106.42,-67.08,-34.134
-18.138,-40.458,-6.7781,21.834,-10.447,-24.042,13.033,-83.311,-119.36,-106.96,-67.961,-33.947
-18.907,-41.036,-7.0837,22.555,-10.534,-24.221,13.304,-83.298,-119.95,-107.45,-68.693,-33.657
-19.572,-41.54,-7.2287,23.156,-10.774,-24.264,13.51,-83.268,-120.59,-107.93,-69.273,-33.294
-19.963,-41.926,-7.3241,23.548,-10.97,-24.222,13.628,-83.272,-121.32,-108.44,-69.723,-32.923
-20.001,-42.188,-7.4682,23.707,-10.965,-24.158,13.655,-83.335,-122.11,-108.96,-70.09,-32.62
-19.737,-42.341,-7.6974,23.68,-10.706,-24.119,13.607,-83.445,-122.91,-109.42,-70.444,-32.436
-19.318,-42.408,-7.98,23.551,-10.253,-24.121,13.512,-83.559,-123.66,-109.76,-70.863,-32.375
-18.92,-42.41,-8.2489,23.406,-9.7379,-24.154,13.401,-83.627,-124.27,-109.94,-71.396,-32.389
-18.668,-42.361,-8.4464,23.299,-9.3029,-24.2,13.299,-83.62,-124.73,-109.96,-72.048,-32.416
-18.591,-42.271,-8.5501,23.24,-9.0254,-24.235,13.22,-83.557,-125.04,-109.88,-72.771,-32.416
-18.622,-42.15,-8.5776,23.203,-8.888,-24.245,13.16,-83.499,-125.26,-109.79,-73.489,-32.397
-18.633,-42.012,-8.5748,23.148,-8.7965,-24.221,13.105,-83.53,-125.49,-109.8,-74.135,-32.396
-18.502,-41.873,-8.5901,23.04,-8.6326,-24.149,13.031,-83.712,-125.8,-109.96,-74.695,-32.456
-18.167,-41.754,-8.6454,22.873,-8.3056,-24.018,12.904,-84.059,-126.22,-110.29,-75.206,-32.588
-17.655,-41.669,-8.7243,22.667,-7.7943,-23.817,12.696,-84.524,-126.72,-110.72,-75.733,-32.77
-17.067,-41.618,-8.7914,22.456,-7.1669,-23.567,12.399,-85.017,-127.23,-111.13,-76.319,-32.949
-16.531,-41.588,-8.8232,22.276,-6.553,-23.322,12.034,-85.427,-127.65,-111.43,-76.946,-33.076
-16.132,-41.549,-8.8205,22.142,-6.0567,-23.146,11.642,-85.67,-127.92,-111.54,-77.535,-33.126
-15.877,-41.471,-8.8158,22.043,-5.6698,-23.07,11.257,-85.714,-128,-111.45,-77.97,-33.108
-15.697,-41.334,-8.8692,21.949,-5.2806,-23.084,10.888,-85.59,-127.93,-111.21,-78.157,-33.049
-15.5,-41.131,-9.0308,21.821,-4.775,-23.161,10.53,-85.377,-127.74,-110.9,-78.067,-32.98
-15.228,-40.873,-9.2909,21.635,-4.134,-23.264,10.185,-85.166,-127.52,-110.6,-77.756,-32.917
-14.893,-40.583,-9.552,21.395,-3.4643,-23.336,9.8719,-85.029,-127.31,-110.37,-77.333,-32.862
-14.57,-40.276,-9.6452,21.125,-2.9695,-23.3,9.6248,-84.975,-127.11,-110.19,-76.924,-32.806
-14.363,-39.959,-9.3836,20.858,-2.8802,-23.076,9.4811,-84.942,-126.86,-110.01,-76.616,-32.734
-14.359,-39.62,-8.6219,20.625,-3.3675,-22.62,9.4662,-84.784,-126.41,-109.72,-76.421,-32.632
-14.6,-39.242,-7.2955,20.44,-4.4702,-21.935,9.5723,-84.306,-125.58,-109.13,-76.244,-32.475
-15.056,-38.794,-5.4276,20.293,-6.0746,-21.052,9.7487,-83.287,-124.11,-108,-75.886,-32.212
-15.623,-38.226,-3.1151,20.142,-7.9695,-19.978,9.9319,-81.485,-121.69,-105.97,-75.02,-31.742
-16.132,-37.456,-0.51316,19.906,-9.9431,-18.668,10.119,-78.566,-117.89,-102.45,-73.163,-30.886
-16.389,-36.365,2.1624,19.461,-11.834,-17.063,10.427,-73.908,-111.98,-96.368,-69.532,-29.35
-16.207,-34.796,4.6276,18.641,-13.469,-15.144,11.061,-66.275,-102.68,-85.661,-62.668,-26.616
-15.351,-32.56,6.5385,17.178,-14.555,-12.987,12.201,-53.949,-88.056,-67.359,-49.829,-21.61
-13.213,-29.431,7.5127,14.566,-14.704,-10.802,13.921,-40.093,-67.441,-43.767,-28.9,-12.344
-8.2635,-25.139,7.1891,9.8313,-14.151,-8.8973,16.198,-42.925,-50.63,-37.997,-13.65,0.446
-3.0766,-19.368,5.7374,1.7342,-20.502,-7.5223,18.957,-54.684,-55.238,-54.09,-27.047,3.1585
-9.2534,-11.764,9.358,-8.7622,-30.699,-6.566,22.119,-39.225,-56.31,-45.855,-35.329,-5.0412
-12.774,-1.9605,30.138,-16.274,-37.692,-5.3899,25.642,-1.5889,-22.794,-4.4796,-16.84,-2.5742
-8.6772,10.372,45.137,-19.843,-41.129,-3.2402,29.545,49.316,37.916,62.307,23.358,13.161
3.1741,25.418,51.146,-27.754,-37.689,-0.017289,34.162,109.62,116.46,152.64,86.633,40.591
25.239,43.029,46.087,-45.58,-24.457,3.3596,42.059,179.7,214.5,267.96,176.68,82.325
59.502,62.571,28.928,-72.381,0.46479,5.2605,60.211,265.07,340.64,413.31,296.79,141.06
107.3,82.977,-0.77168,-106.16,38.639,4.2405,65.778,372.51,497.59,592.57,449.83,218.17
169.61,103.06,-44.15,-145.64,92.782,-0.042929,61.004,507.88,678.71,800.17,634.27,313.45
246.49,121.92,-102.35,-190.35,163.6,-6.7715,56.578,672.46,878.87,1021.8,838.13,424.35
335.23,139.27,-173.43,-241.01,244.27,-14.759,53.067,857.86,1085.7,1240.6,1042.6,544.94
431.65,155.44,-251.86,-298.51,331.57,-22.965,47.397,1044.6,1274,1437.8,1230.9,666.68
531.36,170.99,-331.33,-360.95,421.53,-30.34,33.505,1200.7,1411.9,1590.2,1387.6,780.49
627.55,186.42,-403.7,-423.13,506.87,-35.941,3.9229,1288.4,1466.1,1672.1,1497.4,878.59
712.56,202.76,-460.64,-480.34,579.17,-39.665,-46.824,1277.8,1410.8,1662,1546.8,954.59
779.22,223.27,-495.98,-529.29,630.8,-42.734,-117.93,1157.8,1237.8,1549.7,1526.7,1003
821.46,254.16,-506.44,-566.59,656.59,-47.322,-201.16,938.28,958.68,1338.8,1434.6,1019.7
834.45,295.19,-491.58,-587.96,654.34,-54.207,-283.97,643,598.11,1043.6,1274.4,1001.8
814.64,329.39,-454.03,-588.47,624.21,-52.11,-353.62,298.93,184.88,683.62,1055,948.55
760.32,340.49,-399.44,-563.55,568.31,-32.221,-400.94,-70.907,-254.51,279.24,788.62,860.78
673.04,324.58,-335.63,-510.85,491.2,-11.762,-421.39,-448.1,-696.53,-148.42,490.48,742.01
559.14,282.42,-271.63,-431.9,400.6,-1.2183,-414.64,-814.34,-1117.4,-574.95,179.69,598.86
430.06,215.9,-216.92,-332.59,307.4,-4.6973,-383.14,-1146.5,-1491.1,-971.4,-121.55,441.08
299.99,128.83,-179.88,-221.88,223.3,-24.253,-330.99,-1416.9,-1791.3,-1307.5,-391.05,280.44
181.71,27.27,-164.61,-109.64,156.55,-60.229,-263.47,-1599.5,-1997.5,-1558.6,-611.39,128.62
83.396,-80.599,-169.76,-4.7757,111.24,-111.02,-186.94,-1679,-2100.1,-1711.6,-773.01,-5.0959
7.9078,-185,-190.92,85.925,86.645,-172.17,-108.73,-1656.8,-2103.6,-1767.8,-874.37,-114.86
-46.293,-275.84,-220.57,158.3,76.337,-235.24,-36.805,-1551.3,-2025.2,-1741,-920.43,-198.08
-83.676,-345.04,-240.99,210.86,72.175,-288.98,20.943,-1391.3,-1889.4,-1652,-920.76,-255.03
-109.76,-388.62,-233.49,244.46,66.428,-324.11,59.384,-1207.2,-1720.7,-1523.6,-887.46,-288.7
-128.95,-407.14,-211.44,261.63,54.824,-337.51,78.385,-1024.7,-1539.7,-1375.3,-832.65,-304.21
-143.36,-404.98,-193.11,266.11,37.584,-331.95,81.004,-860.5,-1360.5,-1221.3,-765.65,-307.47
-153.3,-388.38,-180.71,262.13,17.813,-312.79,71.629,-722.44,-1193.9,-1071.2,-689.95,-303.48
-156.85,-361.22,-171.19,252.78,5.3148,-285.23,55.882,-611.46,-1048.5,-937.22,-612.61,-292.66
-145.47,-327.17,-163.35,235.83,0.59026,-254.74,40.134,-522.97,-926.29,-829.38,-551.87,-267.64
-128.14,-301.29,-157.6,214.5,-3.5758,-231.92,31.187,-449.41,-821.02,-743.5,-509.92,-239.88
-118.01,-289.05,-154.56,200.99,-6.0936,-222.27,33.14,-385.44,-726.84,-670.07,-478.47,-223.86
-111.94,-283.48,-153.97,193.96,-6.9134,-219.5,36.357,-329.55,-643.59,-604.18,-451.04,-215.14
-107.09,-279.77,-154.6,189.47,-6.6568,-217.92,38.41,-281.41,-574.1,-546.41,-424.09,-209.13
-102.63,-276.16,-155.13,185.81,-5.9447,-215.48,38.844,-240.24,-518.57,-498.52,-396.05,-203.96
-98.452,-272.21,-154.92,182.35,-5.1223,-211.99,37.753,-206.18,-473.73,-459.05,-367.09,-198.93
-94.591,-268.03,-154.11,178.89,-4.2421,-208.15,35.216,-180.7,-435.16,-423.8,-338.77,-193.79
-91.012,-263.91,-153.09,175.38,-3.2453,-204.78,31.545,-164.29,-399.12,-389.52,-313.1,-188.51
-87.578,-260.13,-152.02,171.89,-2.1331,-202.23,27.395,-153.19,-364.04,-356.29,-291.16,-183.12
-84.16,-256.82,-150.91,168.5,-0.99429,-200.38,23.345,-142.86,-330.57,-325.74,-272.82,-177.63
-80.742,-253.92,-149.8,165.32,0.090223,-198.92,19.696,-133.21,-300.08,-298.84,-257.38,-172.02
-77.425,-251.25,-148.84,162.37,1.1672,-197.57,16.542,-125.24,-273.67,-275.83,-244.13,-166.21
-74.325,-248.59,-148.23,159.6,2.4076,-196.15,13.866,-119.09,-251.8,-256.54,-232.56,-160.1
-71.473,-245.75,-148.04,156.88,3.9297,-194.59,11.601,-114.51,-234.17,-240.51,-222.36,-153.67
-68.843,-242.55,-148.12,154.05,5.6193,-192.84,9.729,-111.18,-220.03,-227.13,-213.34,-146.98
-66.431,-238.89,-148.14,150.98,7.1308,-190.81,8.3521,-108.81,-208.52,-215.7,-205.34,-140.19
-64.297,-234.63,-147.63,147.59,8.0459,-188.34,7.5409,-107.13,-198.88,-205.66,-198.17,-133.44
-62.521,-229.63,-146.08,143.84,8.0521,-185.21,7.1676,-105.86,-190.53,-196.54,-191.58,-126.86
-61.106,-223.72,-143.04,139.67,7.048,-181.15,7.0596,-104.74,-183.1,-188.11,-185.33,-120.46
-59.963,-216.74,-138.15,135.03,5.149,-175.92,7.3135,-103.56,-176.41,-180.26,-179.21,-114.14
-58.968,-208.56,-131.29,129.88,2.6181,-169.32,8.4794,-102.2,-170.43,-173.05,-173.07,-107.84
-58.043,-199.11,-122.45,124.25,-0.24317,-161.24,11.416,-100.61,-165.15,-166.56,-166.88,-101.54
-57.186,-188.43,-111.73,118.25,-3.2186,-151.62,16.654,-98.852,-160.53,-160.85,-160.72,-95.295
-56.458,-176.6,-99.325,112.04,-6.2394,-140.51,24.014,-96.982,-156.45,-155.87,-154.73,-89.231
-55.918,-163.77,-85.518,105.76,-9.3267,-128.02,33.179,-95.072,-152.72,-151.5,-149.05,-83.491
-55.577,-150.08,-70.681,99.489,-12.489,-114.29,44.275,-93.167,-149.15,-147.5,-143.75,-78.18
-55.377,-135.73,-55.235,93.213,-15.684,-99.465,57.666,-91.273,-145.56,-143.67,-138.77,-73.329
-55.249,-121.03,-39.79,86.879,-18.847,-83.794,73.136,-89.369,-141.83,-139.82,-133.99,-68.888
-55.157,-106.48,-25.399,80.435,-21.944,-67.806,89.223,-87.424,-137.97,-135.91,-129.29,-64.77
-55.077,-92.739,-13.47,73.887,-25.013,-52.671,103.66,-85.434,-134.04,-132,-124.59,-60.936
-54.94,-80.514,-4.7039,67.318,-28.108,-40.1,114.41,-83.432,-130.15,-128.25,-119.97,-57.412
-54.631,-70.326,1.7163,60.907,-31.186,-31.188,120.11,-81.476,-126.39,-124.81,-115.62,-54.254
-54.062,-62.322,7.0552,54.905,-34.067,-25.51,120.09,-79.616,-122.78,-121.79,-111.73,-51.48
-53.24,-56.281,11.904,49.561,-36.525,-21.868,114.56,-77.868,-119.28,-119.19,-108.43,-49.06
-52.241,-51.782,16.304,45.025,-38.373,-19.288,104.45,-76.21,-115.78,-116.91,-105.71,-46.94
-51.144,-48.391,20.146,41.303,-39.475,-17.228,91.11,-74.591,-112.14,-114.81,-103.45,-45.073
-49.985,-45.766,23.359,38.294,-39.815,-15.421,76.253,-72.948,-108.27,-112.71,-101.43,-43.436
-48.779,-43.676,25.944,35.854,-39.561,-13.754,61.854,-71.214,-104.06,-110.5,-99.454,-42.009
-47.564,-41.983,27.977,33.853,-39.042,-12.204,49.559,-69.325,-99.448,-108.08,-97.372,-40.758
-46.401,-40.602,29.591,32.192,-38.611,-10.783,40.057,-67.224,-94.408,-105.42,-95.118,-39.627
-45.331,-39.474,30.931,30.794,-38.504,-9.4938,33.083,-64.869,-88.927,-102.5,-92.721,-38.556
-44.327,-38.541,32.098,29.58,-38.755,-8.317,27.865,-62.22,-83.014,-99.311,-90.262,-37.495
-43.291,-37.737,33.118,28.477,-39.21,-7.2356,23.549,-59.213,-76.676,-95.781,-87.816,-36.406
-42.093,-37.006,33.934,27.43,-39.599,-6.2614,19.551,-55.744,-69.896,-91.786,-85.398,-35.264
-40.626,-36.3,34.438,26.405,-39.643,-5.4227,15.812,-51.67,-62.587,-87.152,-82.936,-34.043
-38.853,-35.588,34.533,25.394,-39.158,-4.7318,12.546,-46.823,-54.574,-81.699,-80.305,-32.718
-36.828,-34.846,34.189,24.407,-38.099,-4.1622,9.7485,-40.995,-45.587,-75.251,-77.347,-31.263
-34.678,-34.05,33.478,23.459,-36.565,-3.6449,7.2064,-33.912,-35.271,-67.628,-73.923,-29.643
-32.54,-33.162,32.566,22.541,-34.763,-3.0762,4.766,-25.175,-23.219,-58.579,-69.926,-27.813
-30.503,-32.13,31.66,21.612,-32.938,-2.3295,2.4186,-14.322,-9.0169,-47.779,-65.254,-25.713
-28.571,-30.883,30.934,20.601,-31.29,-1.2797,0.20664,-0.93131,7.5956,-34.836,-59.788,-23.252
-26.652,-29.348,30.469,19.414,-29.884,0.16212,-1.9014,15.137,26.633,-19.389,-53.356,-20.3
-24.593,-27.453,30.231,17.954,-28.623,2.024,-4.0602,33.531,47.8,-1.2491,-45.72,-16.662
-22.235,-25.138,30.102,16.132,-27.299,4.2739,-6.5097,53.443,70.549,19.474,-36.563,-12.046
-19.451,-22.348,29.937,13.865,-25.699,6.8509,-9.4947,73.97,94.268,42.36,-25.525,-6.0451
-16.165,-19.024,29.628,11.064,-23.702,9.7125,-13.15,94.502,118.5,66.832,-12.264,1.8394
-12.34,-15.08,29.178,7.628,-21.334,12.903,-17.37,114.85,143.08,92.387,3.4763,12.067
-7.9854,-10.383,28.736,3.4606,-18.748,16.623,-21.794,135.17,168.05,118.74,21.824,24.854
-3.2048,-4.7329,28.562,-1.4979,-16.177,21.246,-25.997,155.73,193.53,145.77,42.751,40.02
1.7973,2.1349,28.903,-7.275,-13.867,27.217,-29.756,176.71,219.41,173.25,66.02,57.02
6.8302,10.498,29.842,-13.923,-11.971,34.807,-33.139,198,245.32,200.71,91.096,75.131
11.912,20.552,31.247,-21.572,-10.466,43.839,-36.411,219.23,270.65,227.39,117.14,93.702
17.333,32.292,32.863,-30.395,-9.1895,53.668,-39.852,239.9,294.8,252.5,143.18,112.3
23.497,45.436,34.457,-40.464,-7.9726,63.488,-43.612,259.64,317.36,275.51,168.33,130.71
30.669,59.471,35.928,-51.609,-6.7461,72.691,-47.674,278.28,338.22,296.35,192,148.82
38.803,73.807,37.31,-63.421,-5.5525,81.013,-51.917,295.88,357.42,315.26,213.98,166.51
47.552,87.948,38.721,-75.391,-4.5014,88.47,-56.217,312.57,375.01,332.66,234.35,183.57
56.425,101.57,40.286,-87.078,-3.7112,95.217,-60.514,328.36,390.98,348.87,253.35,199.74
65.02,114.52,42.073,-98.215,-3.2514,101.42,-64.829,343.05,405.22,364.03,271.24,214.82
73.18,126.71,44.045,-108.73,-3.0838,107.18,-69.24,356.22,417.58,378.02,288.17,228.76
81.015,138.09,46.058,-118.73,-3.0293,112.46,-73.827,367.49,427.99,390.65,304.09,241.65
88.805,148.63,47.905,-128.37,-2.7985,117.21,-78.625,376.71,436.56,401.73,318.77,253.61
96.823,158.31,49.385,-137.8,-2.0814,121.37,-83.577,384.04,443.53,411.25,331.96,264.64
105.18,167.15,50.361,-147.04,-0.64606,124.93,-88.518,389.86,449.23,419.34,343.48,274.6
113.75,175.17,50.801,-156.01,1.5925,127.96,-93.222,394.62,454,426.28,353.34,283.28
122.24,182.38,50.773,-164.5,4.5488,130.52,-97.494,398.72,458.13,432.37,361.68,290.61
130.31,188.84,50.421,-172.35,8.0019,132.71,-101.25,402.39,461.77,437.85,368.75,296.67
137.74,194.57,49.908,-179.45,11.686,134.57,-104.55,405.71,464.99,442.84,374.78,301.7
144.55,199.62,49.358,-185.84,15.385,136.14,-107.53,408.63,467.72,447.35,379.95,305.96
151.04,204.01,48.836,-191.67,18.969,137.4,-110.38,411.01,469.89,451.25,384.35,309.66
157.62,207.74,48.353,-197.11,22.382,138.35,-113.18,412.78,471.45,454.47,388.03,312.93
164.57,210.83,47.898,-202.17,25.611,139.04,-115.93,413.94,472.42,456.99,391.02,315.8
171.83,213.3,47.45,-206.76,28.644,139.51,-118.52,414.54,472.85,458.84,393.41,318.28
178.94,215.2,46.988,-210.67,31.423,139.83,-120.82,414.68,472.8,460.13,395.27,320.34
185.2,216.61,46.505,-213.78,33.856,140.03,-122.73,414.39,472.31,460.92,396.64,321.96
189.96,217.61,46.014,-216.04,35.859,140.15,-124.2,413.64,471.33,461.24,397.53,323.1
192.96,218.27,45.562,-217.49,37.353,140.23,-125.27,412.29,469.77,461.02,397.89,323.8
194.24,218.61,45.219,-218.2,38.223,140.25,-125.96,410.08,467.44,460.13,397.64,324.07
193.97,218.6,45.051,-218.19,38.32,140.18,-126.27,406.67,464.15,458.4,396.64,323.93
192.23,218.11,45.088,-217.37,37.531,139.97,-126.2,401.71,459.68,455.57,394.75,323.32
189,216.97,45.297,-215.56,35.85,139.52,-125.71,394.88,453.85,451.43,391.82,321.99
184.28,214.93,45.574,-212.53,33.403,138.7,-124.76,385.92,446.46,445.82,387.75,319.57
178.2,211.78,45.767,-208.1,30.437,137.38,-123.35,374.67,437.35,438.64,382.52,315.61
171.04,207.3,45.709,-202.18,27.288,135.42,-121.46,360.96,426.28,429.79,376.11,309.88
163.12,201.36,45.278,-194.84,24.317,132.7,-119.12,344.72,412.98,419.19,368.5,302.39
154.61,193.95,44.428,-186.23,21.802,129.2,-116.31,326.06,397.2,406.71,359.6,293.31
145.54,185.14,43.202,-176.51,19.831,124.96,-112.99,305.39,378.82,392.25,349.33,282.76
135.79,175.05,41.719,-165.78,18.256,120.1,-109.09,283.43,357.92,375.77,337.63,270.7
125.28,163.83,40.123,-154.16,16.764,114.75,-104.54,260.96,334.83,357.34,324.5,256.98
114.06,151.61,38.533,-141.81,15.036,108.97,-99.296,238.57,309.99,337.12,310.02,241.52
102.36,138.53,37.008,-128.99,12.93,102.81,-93.37,216.51,283.85,315.3,294.3,224.55
90.561,124.74,35.544,-116.03,10.536,96.202,-86.872,194.69,256.67,292,277.39,206.64
79.126,110.41,34.101,-103.26,8.0388,89.087,-79.994,172.82,228.51,267.17,259.26,188.46
68.463,95.712,32.638,-90.893,5.543,81.372,-72.966,150.65,199.38,240.71,239.77,170.48
58.744,80.783,31.139,-79.003,3.039,73.001,-65.979,128.03,169.47,212.61,218.77,152.78
49.83,65.799,29.619,-67.498,0.47305,63.994,-59.125,105.08,139.28,183.13,196.23,135.1
41.38,51.006,28.117,-56.21,-2.1728,54.512,-52.386,82.104,109.65,152.97,172.46,117.03
33.064,36.792,26.677,-45.051,-4.8424,44.904,-45.675,59.661,81.54,123.18,148.12,98.264
24.795,23.661,25.32,-34.169,-7.412,35.658,-38.886,38.434,55.723,94.947,124.21,78.977
16.842,12.096,24.014,-24.006,-9.7145,27.243,-31.978,19.087,32.621,69.18,101.59,60.058
9.7214,2.3883,22.659,-15.11,-11.565,19.93,-25.06,2.0577,12.267,46.299,80.775,42.855
3.8895,-5.4345,21.116,-7.8439,-12.792,13.758,-18.429,-12.523,-5.5554,26.239,61.777,28.389
-0.48861,-11.554,19.251,-2.2431,-13.283,8.6159,-12.461,-24.766,-21.149,8.6537,44.363,16.877
-3.5197,-16.266,16.985,1.9138,-13.014,4.3355,-7.4242,-34.906,-34.788,-6.8444,28.307,7.9108
-5.4458,-19.897,14.34,4.9532,-12.055,0.7401,-3.383,-43.228,-46.69,-20.545,13.553,0.88163
-6.5482,-22.753,11.444,7.2004,-10.554,-2.3359,-0.26237,-50.022,-57.022,-32.623,0.19511,-4.7507
-7.1248,-25.085,8.5064,8.9324,-8.7164,-5.0379,2.0676,-55.564,-65.927,-43.18,-11.646,-9.3631
-7.4913,-27.069,5.7381,10.36,-6.8243,-7.4822,3.7619,-60.09,-73.543,-52.298,-21.932,-13.184
-7.9288,-28.809,3.2751,11.619,-5.206,-9.7517,4.9975,-63.798,-80.012,-60.078,-30.752,-16.346
-8.5581,-30.345,1.162,12.763,-4.0707,-11.898,5.9409,-66.851,-85.497,-66.674,-38.287,-18.933
-9.2665,-31.684,-0.63663,13.784,-3.2893,-13.932,6.6941,-69.392,-90.172,-72.278,-44.756,-21.014
-9.8261,-32.82,-2.2152,14.65,-2.4384,-15.818,7.2808,-71.541,-94.213,-77.094,-50.364,-22.664
-10.101,-33.757,-3.6729,15.345,-1.187,-17.483,7.6946,-73.394,-97.774,-81.306,-55.279,-23.976
-10.14,-34.518,-5.0481,15.892,0.33851,-18.857,7.9567,-75.023,-100.97,-85.056,-59.634,-25.068
-10.131,-35.143,-6.2792,16.348,1.5917,-19.903,8.1342,-76.469,-103.89,-88.436,-63.527,-26.071
-10.315,-35.686,-7.2187,16.783,1.9474,-20.62,8.319,-77.744,-106.55,-91.491,-67.032,-27.091
-10.894,-36.202,-7.6905,17.262,1.0156,-21.032,8.5949,-78.839,-108.97,-94.231,-70.199,-28.19
-11.952,-36.729,-7.5635,17.815,-1.2179,-21.16,9.0136,-79.734,-111.14,-96.654,-73.061,-29.371
-13.406,-37.273,-6.816,18.424,-4.4171,-21.017,9.5809,-80.425,-113.07,-98.766,-75.64,-30.594
-15.028,-37.809,-5.5796,19.031,-8.023,-20.634,10.253,-80.942,-114.76,-100.61,-77.958,-31.795
-16.523,-38.3,-4.1407,19.566,-11.389,-20.094,10.945,-81.338,-116.27,-102.23,-80.039,-32.911
-17.628,-38.722,-2.8712,19.977,-13.895,-19.533,11.549,-81.676,-117.63,-103.72,-81.898,-33.896
-18.193,-39.072,-2.1138,20.26,-15.064,-19.106,11.976,-81.998,-118.89,-105.13,-83.536,-34.741
-18.217,-39.362,-2.0877,20.448,-14.686,-18.931,12.186,-82.312,-120.04,-106.46,-84.932,-35.467
-17.814,-39.602,-2.8469,20.6,-12.886,-19.072,12.201,-82.593,-121.04,-107.71,-86.05,-36.108
-17.15,-39.788,-4.2671,20.761,-10.088,-19.54,12.079,-82.793,-121.84,-108.81,-86.849,-36.674
-16.368,-39.909,-6.0755,20.942,-6.8621,-20.294,11.864,-82.86,-122.41,-109.71,-87.305,-37.141
-15.551,-39.952,-7.9655,21.112,-3.6654,-21.247,11.579,-82.768,-122.74,-110.36,-87.432,-37.467
-14.707,-39.919,-9.7383,21.207,-0.67976,-22.283,11.23,-82.537,-122.87,-110.78,-87.288,-37.617
-13.789,-39.829,-11.355,21.157,2.1021,-23.288,10.846,-82.235,-122.9,-111.04,-86.963,-37.584
-12.749,-39.716,-12.863,20.924,4.6947,-24.165,10.477,-81.956,-122.97,-111.27,-86.562,-37.387
-11.601,-39.623,-14.289,20.525,7.0743,-24.848,10.183,-81.787,-123.19,-111.59,-86.17,-37.058
-10.431,-39.593,-15.619,20.028,9.2277,-25.314,10.006,-81.775,-123.6,-112.06,-85.84,-36.631
-9.3451,-39.654,-16.838,19.526,11.156,-25.584,9.9494,-81.922,-124.2,-112.7,-85.577,-36.141
-8.416,-39.81,-17.98,19.108,12.799,-25.716,9.9859,-82.193,-124.93,-113.44,-85.336,-35.616
-7.6837,-40.038,-19.105,18.832,13.999,-25.765,10.07,-82.529,-125.67,-114.22,-85.039,-35.078
-7.1894,-40.293,-20.177,18.714,14.593,-25.757,10.161,-82.863,-126.32,-114.93,-84.591,-34.542
-6.9729,-40.522,-20.97,18.73,14.534,-25.692,10.235,-83.122,-126.76,-115.49,-83.914,-34.008
-7.0511,-40.685,-21.192,18.836,13.88,-25.561,10.293,-83.246,-126.94,-115.81,-82.965,-33.473
-7.4081,-40.766,-20.73,18.991,12.705,-25.362,10.348,-83.208,-126.83,-115.89,-81.756,-32.929
-8.01,-40.773,-19.709,19.17,11.063,-25.104,10.411,-83.019,-126.5,-115.77,-80.345,-32.379
-8.8173,-40.731,-18.352,19.365,9.0126,-24.801,10.482,-82.732,-126.05,-115.52,-78.823,-31.832
-9.7824,-40.667,-16.848,19.57,6.6517,-24.466,10.552,-82.421,-125.59,-115.27,-77.289,-31.294
-10.839,-40.592,-15.319,19.775,4.1248,-24.114,10.613,-82.16,-125.2,-115.06,-75.829,-30.761
-11.907,-40.51,-13.851,19.963,1.6114,-23.765,10.667,-81.994,-124.94,-114.92,-74.509,-30.214
-12.91,-40.419,-12.519,20.121,-0.70224,-23.442,10.725,-81.919,-124.77,-114.8,-73.369,-29.64
-13.787,-40.325,-11.392,20.25,-2.6582,-23.171,10.795,-81.893,-124.63,-114.64,-72.426,-29.043
-14.512,-40.243,-10.526,20.369,-4.1448,-22.979,10.881,-81.851,-124.44,-114.37,-71.687,-28.461
-15.073,-40.195,-9.9649,20.501,-5.0942,-22.884,10.977,-81.746,-124.16,-113.98,-71.154,-27.958
-15.464,-40.198,-9.7326,20.66,-5.4807,-22.893,11.067,-81.581,-123.8,-113.5,-70.819,-27.607
-15.675,-40.253,-9.8208,20.842,-5.3367,-23,11.123,-81.414,-123.44,-113.01,-70.67,-27.461
-15.707,-40.345,-10.173,21.026,-4.7641,-23.18,11.107,-81.328,-123.15,-112.62,-70.685,-27.53
-15.58,-40.445,-10.682,21.185,-3.9175,-23.394,10.985,-81.398,-123.02,-112.4,-70.838,-27.78
-15.338,-40.524,-11.22,21.292,-2.9707,-23.596,10.734,-81.642,-123.03,-112.36,-71.115,-28.145
-15.042,-40.557,-11.685,21.326,-2.093,-23.747,10.366,-82.004,-123.14,-112.44,-71.513,-28.546
-14.756,-40.526,-12.025,21.277,-1.4291,-23.839,9.9369,-82.356,-123.19,-112.51,-72.022,-28.912
-14.523,-40.42,-12.234,21.146,-1.0542,-23.891,9.5372,-82.52,-123,-112.4,-72.606,-29.197
-14.341,-40.225,-12.33,20.936,-0.91826,-23.914,9.2414,-82.309,-122.38,-111.92,-73.177,-29.384
-14.159,-39.914,-12.333,20.645,-0.86376,-23.876,9.0533,-81.553,-121.11,-110.86,-73.591,-29.468
-13.906,-39.448,-12.232,20.263,-0.74807,-23.7,8.9019,-80.09,-118.96,-109,-73.624,-29.417
-13.528,-38.766,-11.962,19.76,-0.57571,-23.286,8.7096,-77.685,-115.57,-105.94,-72.925,-29.132
-12.984,-37.784,-11.418,19.077,-0.51589,-22.529,8.4859,-73.836,-110.29,-100.95,-70.888,-28.394
-12.215,-36.382,-10.506,18.101,-0.7891,-21.35,8.3666,-67.472,-101.93,-92.463,-66.33,-26.763
-11.038,-34.395,-9.236,16.601,-1.4613,-19.738,8.5485,-57.018,-88.631,-77.812,-56.855,-23.288
-8.875,-31.588,-7.8039,14.105,-2.18,-17.786,9.1765,-44.691,-69.582,-56.489,-39.881,-16.008
-4.1611,-27.635,-6.5707,9.6655,-2.207,-15.706,10.296,-46.013,-53.385,-44.894,-26.567,-5.223
3.0832,-22.079,-5.7484,1.9165,-5.0281,-13.75,11.882,-57.167,-57.387,-57.859,-37.842,-4.9733
-1.1241,-14.341,-3.4325,-8.8068,-21.732,-12.053,13.878,-44.893,-59.439,-54.909,-40.75,-10.535
-10.366,-3.8102,11.815,-17.149,-31.761,-10.468,16.241,-9.8943,-27.029,-18.423,-18.813,-2.8113
-9.2845,9.9121,31.27,-20.388,-38.276,-8.5922,19.003,39.478,33.146,44.113,24.385,16.488
-0.40378,26.724,42.829,-26.857,-38.944,-6.1202,22.688,98.898,109.97,129.47,90.859,47.998
17.751,45.95,45.173,-43.6,-30.457,-3.3121,31.124,167.34,202.78,237.32,182.11,94.577
47.427,66.576,35.614,-69.685,-10.351,-1.1172,56.537,249.39,319.03,371.44,298.51,157.84
90.424,87.529,12.907,-102.81,23.026,-0.67738,64.376,352.1,464.69,537.52,441.32,237.67
148.21,107.81,-23.549,-141.71,71.153,-2.5439,59.62,482.1,637.05,734.89,610.93,332.22
221.42,126.68,-74.29,-185.79,135.27,-6.3581,55.326,642.54,831.62,953.1,801.42,437.72
307.87,143.93,-138.83,-235.18,212.48,-11.305,51.806,826.83,1038.5,1176.3,999.86,549.35
402.92,159.93,-213.76,-290.3,297.9,-16.69,45.627,1016.3,1234.9,1385.4,1191,662.75
502.45,175.35,-293.05,-350.05,387.45,-21.966,30.915,1179.7,1389,1556.4,1358.1,772.34
600.51,190.73,-368.82,-410.79,474.24,-26.614,1.1612,1279.8,1465.9,1661.6,1483.8,870.92
689.46,206.81,-432.48,-468.35,550.49,-30.467,-48.316,1285.3,1436.9,1677.5,1552.1,950.91
761.89,226.01,-477.01,-519.17,608.67,-34.183,-117.24,1182.2,1290.2,1591.2,1551.9,1005.3
811.45,254.33,-497.92,-559.58,642.95,-39.481,-198.89,977.18,1033.8,1404.3,1479.2,1028.7
833.15,294.4,-493.28,-585.23,650.15,-48.649,-281.73,692.38,690.46,1129.6,1337,1017.7
823.31,330.12,-464.37,-591.22,629.68,-52.561,-353.09,355.03,288.84,786.07,1134.1,971.12
779.8,343.75,-416.22,-572.85,583.05,-34.385,-403.26,-10.943,-143.98,393.91,882.6,890.26
703.02,331.24,-356.71,-527.17,514.14,-13.107,-426.97,-386.81,-584.44,-26.61,596.99,778.86
597.49,293.12,-294.64,-454.63,429.52,-1.121,-423.33,-755,-1010.2,-452.91,294.39,643.51
472.68,230.63,-238.52,-360,338.43,-2.5589,-394.57,-1093.7,-1396.8,-858.36,-5.9108,493.03
341.97,147.04,-196.12,-251.7,251.96,-19.914,-344.8,-1375.9,-1718.6,-1213.9,-284.2,337.21
219.26,48.15,-173.34,-139.65,180.28,-54.173,-279.33,-1574.5,-1952.3,-1492.9,-523.17,185.42
114.74,-58.196,-171.93,-32.977,129.08,-103.91,-204.64,-1671.4,-2083.5,-1677.5,-710.2,45.784
32.895,-162.92,-189.12,61.303,99.435,-164.54,-128.26,-1665.3,-2112.3,-1763,-838.62,-74.935
-26.789,-256.61,-218.65,138.59,86.702,-228.01,-57.855,-1572.8,-2053.6,-1759.4,-908.64,-171.73
-68.169,-330.98,-249.58,196.65,82.914,-283.9,0.38344,-1422.2,-1931.4,-1686.8,-927.13,-242.17
-96.631,-380.84,-266.16,235.52,79.634,-322.75,42.982,-1244.2,-1771.1,-1568.4,-905.62,-287.16
-117.09,-405.42,-260.19,257.21,71.186,-340.14,68.762,-1064.5,-1593.7,-1425.3,-857.18,-310.59
-132.6,-408.08,-240.88,265.12,56.352,-337.74,77.977,-899.96,-1414.5,-1273.7,-793.27,-318.14
-144.22,-394.94,-220.62,263.36,37.383,-321.1,73.018,-758.46,-1244.7,-1124.8,-720.79,-315.69
-150.56,-371.65,-203,255.65,22.18,-296.79,59.054,-641.54,-1093.7,-989.37,-644.09,-307.39
-139.25,-340.65,-187.8,241.36,16.836,-270.64,42.549,-546.96,-965.98,-877.55,-578.1,-291.25
-116.95,-311.41,-175.28,218.82,10.321,-248.22,26.688,-469.3,-856.73,-788.08,-531.19,-265.23
-107.68,-295.18,-166.44,202.26,4.181,-235.04,17.671,-402.69,-759.15,-712.08,-497.22,-243.94
-105.2,-287.92,-162.01,194.32,-0.15002,-230.02,17.549,-344.66,-671.52,-642.96,-469.07,-231.15
-104.13,-283.75,-161.28,190.05,-2.5542,-227.86,19.167,-294.75,-596.72,-579.92,-442.42,-222.73
-102.77,-280.15,-162.21,186.99,-3.4463,-225.51,21.268,-252.03,-536.35,-525.7,-415.02,-216.13
-100.62,-276.42,-162.65,184.28,-3.4599,-222.04,22.708,-216.05,-488.02,-481.34,-386.21,-210.21
-97.652,-272.59,-161.6,181.59,-3.1134,-217.55,22.826,-187.89,-447.35,-443.83,-356.77,-204.45
-94.11,-268.88,-159.55,178.76,-2.6388,-212.86,21.7,-168.61,-410,-408.64,-328.58,-198.6
-90.31,-265.42,-157.3,175.68,-2.0741,-208.85,19.826,-155.87,-373.23,-373.72,-303.44,-192.54
-86.51,-262.14,-155.18,172.27,-1.404,-205.81,17.718,-144.72,-337.06,-340.35,-281.99,-186.22
-82.793,-258.9,-153.22,168.53,-0.60676,-203.57,15.663,-134.22,-303.29,-310.33,-263.83,-179.67
-79.052,-255.55,-151.49,164.51,0.35439,-201.79,13.723,-125.51,-273.82,-284.46,-248.22,-172.89
-75.113,-251.99,-150.17,160.23,1.5329,-200.22,11.886,-118.82,-249.45,-262.72,-234.48,-165.87
-70.929,-248.16,-149.42,155.69,2.9699,-198.68,10.189,-113.76,-229.81,-244.63,-222.12,-158.58
-66.673,-243.95,-149.28,150.9,4.6404,-197,8.7274,-109.94,-213.98,-229.51,-210.86,-151.05
-62.663,-239.28,-149.52,145.91,6.4054,-195.02,7.596,-107.08,-201.06,-216.66,-200.54,-143.38
-59.195,-234.07,-149.66,140.79,8.0089,-192.58,6.8362,-105,-190.41,-205.52,-191.1,-135.75
-56.44,-228.22,-149.11,135.68,9.1292,-189.48,6.3998,-103.52,-181.6,-195.72,-182.5,-128.36
-54.418,-221.6,-147.26,130.64,9.4941,-185.52,6.155,-102.48,-174.31,-187.05,-174.68,-121.3
-53.022,-214.08,-143.69,125.67,9.0116,-180.48,6.0874,-101.68,-168.31,-179.39,-167.55,-114.52
-52.048,-205.52,-138.21,120.58,7.7602,-174.21,6.6783,-100.93,-163.37,-172.7,-161.04,-107.81
-51.267,-195.83,-130.8,115.13,5.8265,-166.6,8.9947,-100.08,-159.24,-166.93,-155.1,-100.95
-50.528,-184.95,-121.4,109.12,3.1873,-157.62,13.831,-99.044,-155.69,-161.97,-149.62,-93.844
-49.809,-172.88,-109.89,102.52,-0.26404,-147.21,20.933,-97.777,-152.46,-157.64,-144.48,-86.547
-49.188,-159.65,-96.261,95.444,-4.6053,-135.38,29.761,-96.299,-149.35,-153.7,-139.51,-79.296
-48.778,-145.42,-80.815,88.154,-9.754,-122.18,40.318,-94.656,-146.16,-149.88,-134.55,-72.414
-48.656,-130.52,-64.147,80.979,-15.402,-107.72,53.003,-92.902,-142.82,-146,-129.51,-66.199
-48.838,-115.55,-47.067,74.233,-21.082,-92.206,67.936,-91.083,-139.3,-141.94,-124.41,-60.844
-49.282,-101.32,-30.609,68.156,-26.322,-76.066,84.26,-89.238,-135.68,-137.76,-119.34,-56.4
-49.894,-88.624,-16.056,62.857,-30.771,-60.21,100.06,-87.404,-132.05,-133.61,-114.48,-52.806
-50.536,-77.896,-4.649,58.288,-34.253,-46.074,113.1,-85.615,-128.5,-129.68,-110.02,-49.938
-51.06,-69.17,3.1245,54.283,-36.766,-35.041,121.57,-83.9,-125.08,-126.15,-106.13,-47.665
-51.339,-62.216,8.0489,50.637,-38.47,-27.577,124.32,-82.278,-121.77,-123.11,-102.91,-45.868
-51.3,-56.734,11.592,47.192,-39.61,-23.071,121,-80.75,-118.54,-120.56,-100.4,-44.437
-50.925,-52.444,14.742,43.893,-40.4,-20.474,112.12,-79.295,-115.3,-118.4,-98.532,-43.26
-50.239,-49.105,17.71,40.786,-40.962,-18.914,98.939,-77.866,-111.92,-116.46,-97.13,-42.224
-49.301,-46.507,20.359,37.96,-41.329,-17.862,83.38,-76.393,-108.29,-114.52,-95.958,-41.226
-48.162,-44.468,22.535,35.479,-41.488,-17.046,67.772,-74.804,-104.32,-112.41,-94.775,-40.195
-46.84,-42.846,24.144,33.356,-41.398,-16.341,54.163,-73.047,-99.964,-110.03,-93.406,-39.119
-45.313,-41.541,25.148,31.552,-41.019,-15.708,43.517,-71.097,-95.236,-107.4,-91.782,-38.027
-43.574,-40.486,25.586,30.016,-40.342,-15.149,35.603,-68.942,-90.182,-104.56,-89.93,-36.954
-41.666,-39.633,25.571,28.702,-39.415,-14.665,29.549,-66.564,-84.842,-101.53,-87.91,-35.903
-39.685,-38.936,25.278,27.572,-38.347,-14.234,24.432,-63.902,-79.22,-98.237,-85.75,-34.835
-37.728,-38.345,24.886,26.589,-37.255,-13.822,19.706,-60.853,-73.235,-94.532,-83.401,-33.69
-35.853,-37.804,24.537,25.701,-36.228,-13.397,15.438,-57.277,-66.719,-90.197,-80.73,-32.413
-34.08,-37.25,24.315,24.854,-35.289,-12.935,11.971,-52.988,-59.428,-85.001,-77.558,-30.971
-32.392,-36.62,24.245,24.003,-34.41,-12.4,9.3408,-47.739,-51.057,-78.733,-73.701,-29.353
-30.749,-35.864,24.304,23.109,-33.523,-11.743,7.3017,-41.184,-41.28,-71.177,-69.032,-27.569
-29.093,-34.942,24.435,22.147,-32.55,-10.913,5.6175,-32.918,-29.793,-62.106,-63.487,-25.637
-27.358,-33.84,24.57,21.093,-31.426,-9.8781,4.1383,-22.511,-16.328,-51.248,-57.026,-23.561
-25.508,-32.546,24.677,19.929,-30.143,-8.627,2.7529,-9.6238,-0.74998,-38.288,-49.577,-21.297
-23.552,-31.052,24.796,18.639,-28.773,-7.1464,1.3471,5.8328,16.939,-22.923,-40.963,-18.718
-21.53,-29.322,25.026,17.193,-27.438,-5.4043,-0.21407,23.561,36.58,-4.9599,-30.891,-15.573
-19.461,-27.284,25.46,15.53,-26.259,-3.3527,-2.0972,42.902,57.857,15.558,-18.991,-11.473
-17.289,-24.826,26.125,13.532,-25.29,-0.94767,-4.5087,63.06,80.356,38.29,-4.9226,-5.8721
-14.869,-21.797,26.963,11.02,-24.495,1.8394,-7.6755,83.383,103.67,62.666,11.514,1.9182
-11.985,-18.022,27.86,7.7693,-23.763,5.0354,-11.762,103.51,127.49,88.07,30.303,12.578
-8.3787,-13.314,28.703,3.5397,-22.939,8.7014,-16.722,123.38,151.67,114,51.222,26.423
-3.7982,-7.4895,29.425,-1.8756,-21.87,12.955,-22.223,143.14,176.15,140.13,73.913,43.042
1.9528,-0.40802,30.013,-8.6028,-20.434,17.945,-27.807,162.95,200.88,166.21,97.928,61.405
8.9706,7.9922,30.486,-16.668,-18.56,23.782,-33.173,182.86,225.68,191.95,122.74,80.389
17.249,17.678,30.867,-26.014,-16.232,30.458,-38.287,202.72,250.2,216.94,147.66,99.168
26.731,28.549,31.169,-36.538,-13.477,37.825,-43.283,222.26,273.98,240.72,171.91,117.28
37.352,40.47,31.397,-48.1,-10.346,45.63,-48.334,241.2,296.63,262.95,194.73,134.57
48.954,53.271,31.562,-60.491,-6.8861,53.584,-53.568,259.43,317.86,283.49,215.62,151.07
61.177,66.718,31.692,-73.415,-3.1431,61.413,-59.031,276.94,337.54,302.41,234.47,166.82
73.502,80.514,31.83,-86.526,0.81022,68.903,-64.691,293.8,355.6,319.93,251.51,181.8
85.475,94.339,32.022,-99.528,4.8505,75.931,-70.466,309.92,371.99,336.25,267.18,196.01
96.88,107.92,32.3,-112.24,8.8377,82.466,-76.282,324.99,386.62,351.4,281.92,209.53
107.75,121.08,32.664,-124.62,12.691,88.55,-82.097,338.55,399.42,365.32,296.06,222.59
118.3,133.68,33.083,-136.64,16.434,94.254,-87.882,350.26,410.37,377.86,309.67,235.42
128.76,145.65,33.493,-148.31,20.16,99.637,-93.58,360.01,419.6,388.93,322.61,248.05
139.18,156.86,33.824,-159.54,23.971,104.71,-99.078,367.96,427.28,398.51,334.61,260.21
149.41,167.18,34.023,-170.15,27.918,109.44,-104.22,374.46,433.67,406.72,345.39,271.39
159.06,176.48,34.084,-179.86,31.967,113.78,-108.87,379.9,439.04,413.82,354.85,281.11
167.74,184.65,34.068,-188.45,35.989,117.67,-112.94,384.62,443.63,420.1,363.03,289.15
175.2,191.67,34.092,-195.79,39.773,121.12,-116.44,388.89,447.62,425.81,370.11,295.62
181.5,197.61,34.287,-201.95,43.099,124.12,-119.43,392.8,451.12,431.11,376.28,300.84
186.88,202.59,34.73,-207.12,45.835,126.68,-122.01,396.31,454.11,436.02,381.72,305.16
191.63,206.74,35.391,-211.52,48.007,128.85,-124.29,399.32,456.56,440.45,386.55,308.89
195.93,210.21,36.145,-215.31,49.762,130.66,-126.39,401.7,458.41,444.28,390.8,312.26
199.84,213.16,36.834,-218.62,51.267,132.16,-128.37,403.39,459.64,447.45,394.51,315.38
203.29,215.7,37.334,-221.48,52.612,133.42,-130.26,404.41,460.26,449.94,397.69,318.29
206.14,217.88,37.606,-223.89,53.779,134.49,-132,404.82,460.31,451.81,400.38,320.94
208.23,219.71,37.701,-225.77,54.674,135.41,-133.53,404.67,459.77,453.11,402.6,323.21
209.5,221.14,37.719,-227.07,55.192,136.19,-134.76,403.91,458.61,453.88,404.33,324.98
209.96,222.09,37.758,-227.76,55.264,136.8,-135.64,402.32,456.69,454.09,405.5,326.12
209.71,222.46,37.862,-227.82,54.868,137.14,-136.17,399.51,453.79,453.6,406.03,326.51
208.86,222.16,38.007,-227.29,54.014,137.09,-136.36,395.04,449.69,452.23,405.79,326.03
207.5,221.12,38.122,-226.18,52.739,136.54,-136.22,388.56,444.19,449.79,404.76,324.53
205.58,219.29,38.117,-224.45,51.096,135.42,-135.75,379.99,437.19,446.12,402.93,321.85
202.98,216.62,37.926,-222,49.148,133.73,-134.9,369.4,428.65,441.11,400.41,317.89
199.52,213.1,37.513,-218.66,46.959,131.54,-133.59,356.86,418.52,434.68,397.26,312.66
194.99,208.74,36.876,-214.27,44.614,128.98,-131.75,342.32,406.66,426.73,393.47,306.26
189.29,203.53,36.033,-208.71,42.255,126.11,-129.37,325.7,392.85,417.1,388.9,298.79
182.45,197.44,35.022,-201.95,40.046,122.94,-126.47,307.04,376.88,405.58,383.24,290.25
174.62,190.39,33.899,-194,38.02,119.38,-123.1,286.69,358.63,391.98,376.1,280.47
165.87,182.23,32.739,-184.9,35.964,115.27,-119.29,265.31,338.18,376.16,367.07,269.1
156.23,172.78,31.626,-174.71,33.547,110.45,-115.02,243.64,315.79,358.13,355.77,255.78
145.8,161.94,30.63,-163.57,30.55,104.77,-110.21,222.17,291.8,337.99,342.03,240.35
134.82,149.72,29.8,-151.73,26.929,98.19,-104.81,201.01,266.46,315.91,325.91,223.12
123.58,136.28,29.147,-139.48,22.745,90.777,-98.831,180,239.9,292.02,307.64,204.83
112.29,121.8,28.633,-127.03,18.126,82.64,-92.417,158.83,212.18,266.37,287.53,186.33
101.1,106.53,28.169,-114.52,13.299,73.91,-85.772,137.31,183.51,239,265.78,168.05
90.108,90.761,27.63,-102.02,8.5914,64.758,-79.082,115.43,154.36,210.06,242.52,150
79.434,74.973,26.894,-89.589,4.3677,55.462,-72.437,93.475,125.52,180.01,217.9,131.88
69.115,59.768,25.88,-77.313,0.91287,46.418,-65.813,72.003,97.936,149.64,192.32,113.39
59.058,45.695,24.591,-65.263,-1.6654,38.035,-59.112,51.67,72.416,119.96,166.41,94.425
49.068,33.066,23.105,-53.507,-3.4658,30.582,-52.219,33.004,49.368,91.884,140.85,75.284
39.047,21.96,21.542,-42.182,-4.7286,24.131,-45.061,16.229,28.771,66.017,116.19,56.75
29.28,12.325,19.998,-31.593,-5.6949,18.585,-37.663,1.2918,10.333,42.563,92.648,39.84
20.466,4.0612,18.504,-22.166,-6.4845,13.745,-30.225,-11.961,-6.2927,21.481,70.202,25.283
13.297,-2.964,17,-14.248,-7.0884,9.3719,-23.146,-23.624,-21.354,2.6625,48.777,13.237
7.9962,-8.9105,15.366,-7.933,-7.4486,5.2591,-16.907,-33.702,-34.951,-13.968,28.516,3.4424
4.3183,-13.944,13.477,-3.055,-7.5291,1.3013,-11.816,-42.19,-47.077,-28.453,9.8911,-4.4853
1.8223,-18.208,11.279,0.6861,-7.3437,-2.4759,-7.8823,-49.158,-57.711,-40.865,-6.4785,-10.88
0.080146,-21.809,8.8346,3.6003,-6.9534,-5.9516,-4.908,-54.774,-66.888,-51.354,-20.187,-16.008
-1.2371,-24.814,6.3119,5.9293,-6.4451,-8.9961,-2.6462,-59.268,-74.725,-60.153,-31.249,-20.109
-2.3372,-27.272,3.9149,7.8269,-5.9035,-11.545,-0.8914,-62.889,-81.405,-67.545,-40.021,-23.406
-3.322,-29.233,1.8003,9.3815,-5.3902,-13.617,0.50377,-65.871,-87.143,-73.819,-46.995,-26.092
-4.2262,-30.77,0.031822,10.656,-4.9336,-15.285,1.6432,-68.412,-92.136,-79.227,-52.648,-28.304
-5.0546,-31.979,-1.4139,11.711,-4.5246,-16.639,2.5998,-70.654,-96.541,-83.966,-57.381,-30.132
-5.8028,-32.968,-2.6145,12.616,-4.1216,-17.767,3.4203,-72.679,-100.46,-88.174,-61.495,-31.643
-6.4685,-33.837,-3.6607,13.434,-3.6749,-18.736,4.1291,-74.515,-103.96,-91.942,-65.191,-32.914
-7.0642,-34.657,-4.6171,14.216,-3.1666,-19.585,4.7383,-76.156,-107.06,-95.323,-68.576,-34.021
-7.6265,-35.458,-5.497,14.99,-2.6442,-20.325,5.2576,-77.58,-109.79,-98.351,-71.684,-35.023
-8.2078,-36.234,-6.26,15.763,-2.2202,-20.95,5.7018,-78.769,-112.15,-101.04,-74.504,-35.951
-8.8599,-36.949,-6.8321,16.516,-2.0361,-21.447,6.0946,-79.717,-114.16,-103.38,-77.007,-36.817
-9.6124,-37.562,-7.1383,17.215,-2.2109,-21.805,6.4678,-80.434,-115.86,-105.37,-79.162,-37.615
-10.464,-38.045,-7.1332,17.828,-2.7989,-22.023,6.852,-80.951,-117.28,-107.02,-80.951,-38.324
-11.378,-38.393,-6.8221,18.336,-3.7738,-22.111,7.2649,-81.313,-118.47,-108.36,-82.398,-38.902
-12.294,-38.63,-6.2641,18.738,-5.0463,-22.086,7.7073,-81.571,-119.5,-109.43,-83.571,-39.303
-13.142,-38.791,-5.5538,19.046,-6.501,-21.975,8.1714,-81.778,-120.42,-110.31,-84.572,-39.499
-13.877,-38.915,-4.7868,19.285,-8.0256,-21.798,8.6493,-81.98,-121.26,-111.06,-85.484,-39.503
-14.49,-39.024,-4.0267,19.479,-9.5199,-21.568,9.1338,-82.201,-122.04,-111.74,-86.328,-39.362
-15.009,-39.128,-3.2989,19.652,-10.897,-21.291,9.6168,-82.439,-122.75,-112.36,-87.055,-39.133
-15.476,-39.222,-2.6116,19.821,-12.091,-20.976,10.09,-82.664,-123.35,-112.92,-87.569,-38.869
-15.918,-39.302,-1.9826,19.992,-13.07,-20.647,10.545,-82.83,-123.8,-113.39,-87.766,-38.601
-16.334,-39.365,-1.4499,20.165,-13.822,-20.343,10.97,-82.903,-124.09,-113.72,-87.564,-38.34
-16.702,-39.416,-1.0667,20.339,-14.335,-20.109,11.339,-82.876,-124.24,-113.87,-86.926,-38.076
-16.995,-39.465,-0.88614,20.509,-14.574,-19.987,11.623,-82.773,-124.27,-113.84,-85.881,-37.782
-17.193,-39.516,-0.93852,20.671,-14.501,-20.005,11.789,-82.64,-124.23,-113.65,-84.53,-37.422
-17.289,-39.563,-1.2112,20.814,-14.098,-20.17,11.814,-82.524,-124.17,-113.34,-83.013,-36.964
-17.275,-39.59,-1.6469,20.918,-13.384,-20.461,11.693,-82.455,-124.1,-112.94,-81.467,-36.391
-17.136,-39.577,-2.1679,20.964,-12.405,-20.834,11.453,-82.437,-124,-112.47,-79.986,-35.715
-16.873,-39.527,-2.7096,20.953,-11.237,-21.236,11.143,-82.446,-123.87,-111.93,-78.599,-34.975
-16.535,-39.466,-3.2372,20.911,-10.003,-21.624,10.825,-82.443,-123.68,-111.31,-77.286,-34.234
-16.223,-39.434,-3.7337,20.884,-8.8947,-21.971,10.553,-82.396,-123.44,-110.63,-76.003,-33.555
-16.048,-39.467,-4.1716,20.909,-8.1344,-22.258,10.364,-82.303,-123.17,-109.95,-74.714,-32.985
-16.086,-39.579,-4.496,20.999,-7.9111,-22.467,10.272,-82.196,-122.93,-109.32,-73.419,-32.531
-16.358,-39.755,-4.6339,21.139,-8.3179,-22.575,10.27,-82.14,-122.79,-108.81,-72.157,-32.158
-16.828,-39.964,-4.5249,21.3,-9.33,-22.569,10.338,-82.196,-122.78,-108.47,-71.005,-31.806
-17.43,-40.171,-4.1492,21.456,-10.818,-22.457,10.442,-82.394,-122.93,-108.32,-70.048,-31.426
-18.089,-40.349,-3.5413,21.596,-12.575,-22.271,10.557,-82.71,-123.17,-108.34,-69.348,-31.014
-18.742,-40.487,-2.7874,21.727,-14.346,-22.056,10.669,-83.069,-123.42,-108.44,-68.905,-30.603
-19.345,-40.588,-2.0107,21.866,-15.868,-21.858,10.778,-83.375,-123.56,-108.54,-68.668,-30.249
-19.87,-40.667,-1.342,22.03,-16.929,-21.711,10.891,-83.549,-123.5,-108.53,-68.559,-30.007
-20.3,-40.732,-0.88071,22.226,-17.426,-21.634,11.006,-83.55,-123.21,-108.33,-68.508,-29.91
-20.627,-40.785,-0.66389,22.448,-17.392,-21.627,11.114,-83.388,-122.71,-107.94,-68.474,-29.946
-20.854,-40.818,-0.65913,22.676,-16.977,-21.673,11.199,-83.115,-122.07,-107.4,-68.446,-30.067
-20.992,-40.819,-0.78722,22.883,-16.389,-21.744,11.251,-82.811,-121.4,-106.81,-68.447,-30.202
-21.046,-40.78,-0.96711,23.038,-15.814,-21.813,11.262,-82.556,-120.79,-106.26,-68.522,-30.301
-21.004,-40.706,-1.1633,23.112,-15.339,-21.863,11.227,-82.414,-120.32,-105.87,-68.738,-30.362
-20.836,-40.62,-1.4002,23.089,-14.942,-21.889,11.141,-82.414,-120.06,-105.71,-69.166,-30.445
-20.528,-40.552,-1.7232,22.977,-14.539,-21.894,10.999,-82.54,-119.97,-105.8,-69.851,-30.639
-20.106,-40.523,-2.1346,22.804,-14.057,-21.875,10.813,-82.727,-119.99,-106.1,-70.782,-31.023
-19.622,-40.53,-2.5588,22.607,-13.478,-21.824,10.61,-82.856,-119.95,-106.48,-71.87,-31.613
-19.12,-40.537,-2.8612,22.404,-12.817,-21.742,10.421,-82.772,-119.66,-106.71,-72.951,-32.344
-18.616,-40.479,-2.8959,22.193,-12.088,-21.637,10.246,-82.288,-118.85,-106.52,-73.801,-33.071
-18.123,-40.276,-2.5523,21.951,-11.322,-21.476,10.042,-81.187,-117.2,-105.55,-74.147,-33.587
-17.641,-39.839,-1.7892,21.63,-10.609,-21.163,9.7545,-79.19,-114.31,-103.36,-73.657,-33.654
-17.137,-39.06,-0.66082,21.152,-10.112,-20.556,9.4181,-75.865,-109.59,-99.253,-71.868,-33.032
-16.512,-37.798,0.66566,20.385,-10.023,-19.522,9.2318,-70.466,-102.06,-91.994,-67.945,-31.452
-15.553,-35.851,1.9204,19.089,-10.428,-17.996,9.5132,-61.78,-90.244,-79.322,-60.174,-28.423
-13.733,-32.954,2.7718,16.806,-11.107,-16.056,10.508,-48.944,-72.543,-58.844,-45.654,-22.798
-9.8043,-28.798,2.8799,12.714,-11.497,-13.961,12.264,-36.752,-50.972,-36.722,-25.942,-12.912
-4.1973,-23.091,2.0506,5.8203,-13.367,-12.075,14.657,-39.582,-39.44,-37.369,-23.192,-3.4982
-6.8564,-15.59,1.2312,-3.4365,-24.32,-10.631,17.436,-51.138,-48.162,-52.822,-38.32,-6.9067
-13.025,-6.1117,9.3361,-11.627,-33.288,-9.4483,20.316,-39.38,-44.628,-38.71,-32.332,-9.4811
-12.453,5.5022,29.68,-16.867,-39.77,-7.8503,23.117,-3.8569,-4.022,8.6261,-1.9095,0.95984
-5.0893,19.384,43.384,-23.261,-41.758,-5.0814,25.966,46.193,61.852,81.066,50.758,22.678
10.748,35.566,48.922,-36.609,-35.996,-1.0785,29.805,106.52,141.69,174.65,127.49,57.223
37.708,53.815,43.406,-59.075,-19.389,3.0742,38.877,176.82,236.04,288.45,228.35,107.43
77.949,73.51,25.133,-89.732,10.103,5.5488,60.23,262.07,353.08,426.69,353.25,174.56
132.49,93.696,-6.4194,-126.95,53.438,4.8836,63.799,368.53,498.76,595.04,503.31,257.99
200.64,113.37,-51.676,-169.08,111.51,0.87538,58.646,501.84,671.66,792.17,677.31,355.4
279.61,131.88,-110.81,-215.2,182.01,-5.5483,54.193,664.21,866.97,1007.4,867.3,463.17
366.5,149.26,-181.65,-265.82,260.75,-13.182,50.299,848.24,1072.2,1225,1060.5,576.96
459.72,165.99,-259.26,-321.74,346.08,-21.051,43.087,1034.7,1263.1,1425.6,1242.5,691.45
555.6,182.44,-337.13,-381.47,433.28,-28.288,25.813,1192.2,1407.3,1584.4,1397.4,799.6
647.7,198.52,-406.96,-440.84,514.97,-34.225,-8.953,1284.1,1470.3,1674.2,1508.7,893.8
728.25,214.7,-460.83,-495.45,582.93,-38.998,-65.184,1280.5,1425.5,1672.6,1561.3,966.87
789.69,234.28,-493.1,-541.38,630.13,-43.981,-139.9,1168.6,1263.7,1569.2,1545.4,1012.6
825.83,265.83,-500.53,-574.61,651.79,-51.262,-223.93,955.84,995.04,1367.4,1458.2,1026.5
832.28,308.42,-482.81,-590.73,645.93,-57.646,-304.43,664.59,643.03,1081.2,1304,1006.1
806.44,337.46,-443.26,-585.18,613.17,-46.529,-368.4,322.23,235.72,729.59,1092.2,950.83
747.8,339.38,-388.33,-554.32,556.31,-23.751,-407.45,-47.362,-200.63,332.06,834.54,862.38
658.74,314.71,-325.86,-496.87,480.07,-6.3856,-418.47,-425.43,-642.67,-91.292,545.67,744.56
545.49,264.94,-264.3,-414.97,391.5,-1.1573,-402.84,-793.68,-1067.1,-517.13,242.88,603.98
418.28,192.17,-212.81,-314.32,300.36,-11.265,-364.2,-1128.7,-1448,-917.58,-54.177,449.83
289.82,100.52,-179.6,-203.29,217.74,-37.934,-306.9,-1402,-1759.1,-1263,-326.09,292.67
172.4,-3.492,-168.45,-91.482,152.04,-80.377,-236.11,-1587.3,-1978.1,-1527.9,-556.5,142.62
74.826,-111.26,-177.52,12.044,107.89,-135.74,-158.3,-1669.6,-2093.3,-1696.5,-733.84,7.9548
0.67275,-212.76,-201.49,100.37,84.544,-198.34,-81.006,-1650.5,-2106.9,-1766.5,-852.38,-105.34
-51.83,-298.22,-230.73,169.59,74.582,-258.82,-12.011,-1547.7,-2034.6,-1749.4,-913.25,-193.6
-87.994,-360.56,-247.01,218.78,68.794,-306.26,42.031,-1389.5,-1901,-1665.7,-924.24,-255.72
-113.64,-397.07,-238.4,249.26,60.599,-333.29,77.624,-1206.2,-1731.3,-1539.1,-897.54,-293.57
-132.67,-409.47,-217.23,263.9,47.664,-339.16,94.667,-1022.8,-1546.9,-1390.3,-846.26,-311.68
-146.56,-402.88,-198.09,266.48,30.77,-328.2,95.268,-855.89,-1362.8,-1234.9,-781.08,-316.01
-155.19,-383.85,-184.56,261.16,13.264,-306.61,83.664,-713.14,-1190.2,-1083.4,-706.8,-312.19
-154.33,-356.44,-175.13,250.5,8.2712,-280.37,65.752,-596.37,-1039.7,-947.84,-627.94,-303.23
-133.28,-325.49,-168.77,231.71,8.9478,-255.15,47.765,-503.9,-914.45,-838.44,-562.82,-285.57
-114.54,-303.69,-165.44,211.24,8.1432,-237.8,38.254,-429.81,-808.14,-751.54,-517.86,-261.26
-105.88,-293.28,-165.08,199.43,7.5869,-230.35,41.775,-368.07,-714.44,-677.47,-485.23,-243.26
-100.81,-288.16,-166.66,193.2,7.2859,-227.74,42.199,-315.52,-632.79,-610.82,-457.78,-232.3
-96.918,-284.56,-167.87,189.09,6.6482,-225.78,39.06,-270.32,-565.2,-551.84,-431.41,-224.78
-93.659,-281.1,-166.76,185.74,5.436,-222.96,36.866,-231.46,-511.17,-502.59,-404.2,-218.62
-90.872,-277.45,-163.71,182.67,3.8695,-219.22,36.397,-199.62,-467.21,-462.19,-376.04,-212.86
-88.351,-273.68,-160.28,179.69,2.275,-215.18,36.171,-176.46,-428.9,-426.55,-348.36,-207.07
-85.864,-270.02,-157.32,176.74,0.85785,-211.61,34.386,-161.55,-392.58,-392.06,-323.14,-201.05
-83.31,-266.61,-154.92,173.8,-0.29705,-208.82,30.941,-150.52,-356.72,-358.27,-301.41,-194.71
-80.808,-263.45,-152.99,170.89,-1.1765,-206.66,27.126,-140.31,-321.99,-326.59,-282.99,-188.03
-78.584,-260.44,-151.45,168.03,-1.8031,-204.85,23.772,-131.32,-290,-298.06,-267.12,-180.91
-76.754,-257.48,-150.21,165.18,-2.192,-203.16,20.993,-124.07,-262.14,-273.06,-253.08,-173.2
-75.207,-254.47,-149.23,162.27,-2.3048,-201.48,18.649,-118.39,-238.92,-251.56,-240.41,-164.77
-73.683,-251.35,-148.45,159.22,-2.0545,-199.74,16.598,-113.97,-220,-233.3,-228.9,-155.59
-71.96,-248.06,-147.86,155.96,-1.3745,-197.95,14.771,-110.52,-204.72,-217.83,-218.45,-145.94
-69.963,-244.55,-147.44,152.47,-0.29599,-196.1,13.132,-107.88,-192.41,-204.72,-208.95,-136.38
-67.737,-240.7,-147.12,148.77,1.0193,-194.1,11.647,-105.97,-182.52,-193.62,-200.22,-127.53
-65.376,-236.37,-146.68,144.85,2.3256,-191.78,10.348,-104.69,-174.61,-184.26,-192.1,-119.76
-62.955,-231.33,-145.76,140.65,3.4136,-188.85,9.31,-103.92,-168.29,-176.44,-184.47,-113
-60.501,-225.24,-143.92,136.01,4.2203,-184.96,8.6986,-103.48,-163.22,-169.96,-177.35,-106.82
-57.999,-217.78,-140.68,130.73,4.8215,-179.77,9.0872,-103.16,-159.08,-164.63,-170.84,-100.74
-55.413,-208.65,-135.79,124.57,5.29,-173.09,11.544,-102.75,-155.61,-160.23,-165.05,-94.43
-52.724,-197.69,-129.22,117.37,5.5304,-164.9,16.743,-102.11,-152.56,-156.52,-159.95,-87.852
-49.966,-184.92,-120.92,109.07,5.2388,-155.31,24.251,-101.14,-149.73,-153.23,-155.38,-81.173
-47.248,-170.59,-110.66,99.827,4.0182,-144.41,33.37,-99.812,-146.94,-150.12,-151.07,-74.666
-44.757,-155.1,-98.174,90.041,1.5632,-132.19,43.967,-98.152,-144.09,-146.96,-146.72,-68.591
-42.695,-139,-83.498,80.321,-2.1924,-118.66,56.349,-96.229,-141.12,-143.63,-142.16,-63.124
-41.203,-123.01,-67.088,71.334,-7.019,-103.92,70.715,-94.137,-138.03,-140.13,-137.34,-58.331
-40.299,-107.91,-49.863,63.565,-12.437,-88.271,86.522,-91.985,-134.88,-136.57,-132.42,-54.188
-39.878,-94.384,-33.11,57.175,-17.847,-72.333,102.19,-89.871,-131.74,-133.08,-127.63,-50.619
-39.753,-82.832,-18.277,52.033,-22.69,-57.138,115.61,-87.866,-128.65,-129.84,-123.23,-47.528
-39.738,-73.31,-6.5884,47.871,-26.579,-43.967,124.96,-85.995,-125.61,-126.93,-119.42,-44.839
-39.704,-65.642,1.4397,44.426,-29.356,-33.834,129.1,-84.23,-122.56,-124.35,-116.26,-42.504
-39.625,-59.551,6.2621,41.515,-31.087,-26.986,127.57,-82.505,-119.4,-121.99,-113.69,-40.492
-39.564,-54.757,9.0962,39.035,-32.018,-22.895,120.59,-80.741,-116.01,-119.72,-111.57,-38.766
-39.624,-51.003,11.325,36.924,-32.515,-20.665,109.08,-78.874,-112.32,-117.39,-109.74,-37.26
-39.87,-48.066,13.835,35.116,-32.945,-19.438,94.666,-76.876,-108.28,-114.9,-108.04,-35.896
-40.265,-45.762,16.758,33.537,-33.545,-18.603,79.485,-74.744,-103.89,-112.21,-106.41,-34.607
-40.664,-43.943,19.747,32.117,-34.367,-17.822,65.532,-72.494,-99.189,-109.36,-104.78,-33.365
-40.885,-42.503,22.419,30.818,-35.318,-16.972,53.913,-70.126,-94.23,-106.34,-103.11,-32.175
-40.794,-41.367,24.576,29.634,-36.252,-16.069,44.752,-67.619,-89.03,-103.16,-101.33,-31.059
-40.359,-40.488,26.2,28.583,-37.055,-15.187,37.623,-64.915,-83.585,-99.739,-99.342,-30.029
-39.636,-39.827,27.366,27.692,-37.686,-14.39,31.955,-61.939,-77.843,-95.974,-97.07,-29.078
-38.721,-39.342,28.166,26.964,-38.164,-13.697,27.215,-58.605,-71.714,-91.744,-94.484,-28.173
-37.708,-38.975,28.686,26.384,-38.51,-13.09,23.018,-54.812,-65.076,-86.926,-91.577,-27.266
-36.659,-38.656,29,25.908,-38.729,-12.543,19.228,-50.402,-57.745,-81.39,-88.363,-26.297
-35.59,-38.309,29.183,25.462,-38.804,-12.037,15.9,-45.087,-49.446,-74.966,-84.835,-25.196
-34.481,-37.86,29.297,24.966,-38.694,-11.554,13.064,-38.429,-39.8,-67.382,-80.93,-23.888
-33.286,-37.242,29.385,24.344,-38.296,-11.055,10.678,-29.824,-28.322,-58.267,-76.504,-22.286
-31.931,-36.391,29.457,23.541,-37.462,-10.456,8.7012,-18.597,-14.557,-47.152,-71.36,-20.285
-30.306,-35.251,29.479,22.514,-36.054,-9.6252,7.0844,-4.2453,1.809,-33.547,-65.264,-17.762
-28.279,-33.764,29.376,21.223,-33.996,-8.411,5.7201,13.22,20.812,-17.078,-57.972,-14.575
-25.747,-31.867,29.069,19.62,-31.303,-6.689,4.4427,33.105,42.139,2.3593,-49.26,-10.566
-22.704,-29.493,28.56,17.642,-28.132,-4.4003,3.0624,54.31,65.209,24.511,-38.953,-5.56
-19.257,-26.566,27.983,15.212,-24.808,-1.5523,1.3708,75.843,89.372,48.824,-26.941,0.62137
-15.572,-23.011,27.576,12.237,-21.762,1.8314,-0.85973,97.112,114.12,74.634,-13.164,8.1591
-11.823,-18.749,27.608,8.6359,-19.403,5.784,-3.8155,117.99,139.18,101.36,2.4331,17.264
-8.1839,-13.712,28.284,4.4014,-17.97,10.44,-7.5135,138.68,164.45,128.62,19.917,28.203
-4.8306,-7.8429,29.675,-0.38895,-17.448,16.005,-11.739,159.47,189.91,156.11,39.336,41.238
-1.8648,-1.0849,31.673,-5.6337,-17.566,22.641,-16.185,180.47,215.43,183.51,60.619,56.453
0.8195,6.6423,34.029,-11.323,-17.909,30.331,-20.688,201.52,240.72,210.41,83.471,73.565
3.6005,15.462,36.427,-17.62,-18.105,38.824,-25.302,222.32,265.39,236.3,107.34,91.934
6.9999,25.526,38.604,-24.851,-17.948,47.755,-30.179,242.57,289.09,260.79,131.5,110.8
11.47,36.953,40.439,-33.372,-17.392,56.827,-35.41,262.14,311.58,283.71,155.26,129.53
17.327,49.713,41.971,-43.392,-16.519,65.859,-40.974,281.04,332.72,305.08,178.17,147.63
24.843,63.546,43.344,-54.805,-15.516,74.733,-46.78,299.3,352.43,325.01,200.07,164.76
34.205,77.984,44.716,-67.152,-14.631,83.337,-52.744,316.83,370.57,343.6,221.08,180.71
45.137,92.508,46.172,-79.812,-14.03,91.52,-58.807,333.24,386.9,360.8,241.32,195.47
56.79,106.7,47.686,-92.32,-13.654,99.08,-64.928,347.92,401.16,376.4,260.74,209.23
68.381,120.3,49.12,-104.53,-13.174,105.79,-71.093,360.35,413.19,390.21,279.04,222.24
79.663,133.13,50.278,-116.5,-12.103,111.47,-77.352,370.33,423.04,402.12,295.76,234.66
90.748,145.04,50.962,-128.3,-9.9718,116.08,-83.775,378.08,430.95,412.18,310.54,246.48
101.87,155.87,51.03,-139.85,-6.4546,119.73,-90.332,384.09,437.3,420.66,323.35,257.53
113.2,165.52,50.434,-150.96,-1.4208,122.63,-96.81,388.92,442.5,427.88,334.42,267.62
124.63,173.97,49.236,-161.33,5.0124,124.98,-102.88,393.08,446.92,434.19,344.18,276.64
135.68,181.31,47.591,-170.69,12.451,126.96,-108.26,396.88,450.81,439.86,353,284.64
145.87,187.71,45.693,-178.95,20.283,128.66,-112.88,400.43,454.29,445.03,361.15,291.71
155.04,193.37,43.727,-186.27,27.848,130.09,-116.85,403.65,457.37,449.72,368.71,297.93
163.43,198.45,41.834,-192.96,34.689,131.24,-120.36,406.4,459.97,453.88,375.65,303.36
171.46,203.07,40.105,-199.35,40.645,132.1,-123.57,408.58,462.03,457.46,381.9,307.98
179.55,207.28,38.574,-205.6,45.84,132.75,-126.58,410.16,463.51,460.43,387.42,311.83
187.87,211.05,37.214,-211.63,50.654,133.24,-129.39,411.22,464.44,462.82,392.18,314.97
196.17,214.31,35.95,-217.18,55.424,133.63,-131.95,411.84,464.83,464.69,396.2,317.48
203.73,217.01,34.721,-221.88,60.131,133.95,-134.19,412.11,464.69,466.08,399.53,319.47
209.77,219.1,33.536,-225.46,64.452,134.21,-136.04,412.06,464,467.03,402.18,321.04
213.87,220.59,32.501,-227.87,67.975,134.42,-137.42,411.64,462.73,467.52,404.19,322.29
216.04,221.53,31.801,-229.22,70.29,134.58,-138.28,410.74,460.79,467.49,405.52,323.32
216.45,221.97,31.629,-229.64,71.002,134.72,-138.59,409.15,458.07,466.84,406.12,324.17
215.28,221.94,32.09,-229.26,69.834,134.83,-138.36,406.65,454.44,465.46,405.9,324.79
212.62,221.45,33.147,-228.13,66.758,134.86,-137.61,403.01,449.75,463.19,404.75,324.96
208.63,220.42,34.612,-226.22,62.041,134.75,-136.43,398.01,443.81,459.88,402.59,324.32
203.52,218.76,36.199,-223.47,56.171,134.37,-134.91,391.42,436.38,455.32,399.36,322.43
197.54,216.31,37.599,-219.81,49.703,133.6,-133.1,382.93,427.17,449.29,395,318.97
190.99,212.89,38.573,-215.13,43.19,132.27,-131.05,372.15,415.86,441.52,389.38,313.82
184.11,208.31,39.006,-209.39,37.205,130.26,-128.76,358.68,402.14,431.72,382.41,306.97
177.08,202.46,38.934,-202.62,32.321,127.45,-126.18,342.38,385.83,419.67,373.96,298.43
169.86,195.31,38.496,-194.9,28.894,123.78,-123.23,323.53,366.95,405.26,363.94,288.16
162.23,186.94,37.851,-186.28,26.774,119.29,-119.84,302.88,345.73,388.49,352.3,276.07
153.86,177.41,37.083,-176.74,25.264,114.06,-115.93,281.31,322.54,369.51,338.98,262.21
144.49,166.79,36.169,-166.26,23.519,108.14,-111.47,259.52,297.73,348.46,323.97,246.84
134.16,155.09,35.007,-154.95,21.229,101.54,-106.45,237.75,271.49,325.37,307.23,230.36
123.36,142.37,33.479,-143.1,18.763,94.208,-100.97,215.97,243.91,300.17,288.69,213.15
112.76,128.75,31.513,-131.11,16.603,86.096,-95.194,193.98,215.09,272.7,268.34,195.47
102.84,114.42,29.128,-119.28,14.928,77.25,-89.272,171.68,185.29,243,246.18,177.4
93.636,99.599,26.446,-107.7,13.639,67.814,-83.283,149.16,155.04,211.41,222.4,158.94
84.894,84.462,23.65,-96.282,12.537,58.004,-77.21,126.67,125.09,178.7,197.39,140.02
76.29,69.208,20.912,-84.82,11.465,48.069,-70.986,104.55,96.178,145.86,171.7,120.54
67.63,54.132,18.327,-73.201,10.37,38.278,-64.577,83.052,68.932,113.94,145.98,100.44
58.904,39.685,15.906,-61.494,9.2837,28.934,-58.037,62.31,43.757,83.748,120.85,80.02
50.263,26.41,13.627,-49.999,8.2669,20.364,-51.492,42.406,20.886,55.856,96.829,60.096
41.931,14.765,11.498,-39.155,7.3459,12.85,-45.067,23.543,0.45136,30.659,74.264,41.919
34.117,4.9717,9.5761,-29.373,6.4873,6.5436,-38.816,6.1405,-17.484,8.451,53.419,26.497
26.989,-2.9997,7.9328,-20.914,5.6224,1.4356,-32.715,-9.2463,-32.938,-10.606,34.524,14.097
20.681,-9.3507,6.6038,-13.857,4.6913,-2.6056,-26.732,-22.183,-46.043,-26.565,17.768,4.3612
15.272,-14.362,5.5582,-8.129,3.6591,-5.7766,-20.92,-32.584,-57.047,-39.719,3.2199,-3.2693
10.748,-18.336,4.7063,-3.5473,2.4934,-8.2906,-15.484,-40.726,-66.272,-50.518,-9.2317,-9.2751
6.9803,-21.558,3.9368,0.13187,1.1502,-10.339,-10.717,-47.07,-74.052,-59.453,-19.84,-14.01
3.7812,-24.26,3.1685,3.1516,-0.39965,-12.056,-6.8263,-52.084,-80.685,-66.957,-28.901,-17.75
0.97695,-26.597,2.3895,5.7033,-2.1296,-13.503,-3.8139,-56.15,-86.408,-73.376,-36.674,-20.73
-1.5528,-28.64,1.6634,7.9056,-3.9583,-14.693,-1.5196,-59.538,-91.395,-78.949,-43.36,-23.15
-3.8794,-30.406,1.0907,9.8203,-5.7966,-15.643,0.26421,-62.418,-95.766,-83.828,-49.116,-25.167
-6.0533,-31.892,0.74715,11.486,-7.5887,-16.419,1.7104,-64.888,-99.595,-88.09,-54.072,-26.895
-8.1173,-33.11,0.64049,12.946,-9.2934,-17.116,2.9357,-66.998,-102.93,-91.772,-58.335,-28.414
-10.094,-34.106,0.70282,14.253,-10.827,-17.814,4.0083,-68.784,-105.81,-94.898,-61.992,-29.771
-11.964,-34.945,0.80472,15.458,-12.048,-18.545,4.9572,-70.269,-108.27,-97.495,-65.109,-30.98
-13.676,-35.699,0.79303,16.59,-12.826,-19.315,5.7806,-71.467,-110.31,-99.601,-67.736,-32.024
-15.171,-36.417,0.55522,17.657,-13.133,-20.103,6.4644,-72.392,-111.97,-101.28,-69.913,-32.864
-16.426,-37.116,0.082541,18.645,-13.081,-20.86,7.0059,-73.076,-113.3,-102.6,-71.681,-33.464
-17.468,-37.782,-0.5077,19.536,-12.903,-21.505,7.4245,-73.584,-114.36,-103.7,-73.086,-33.812
-18.375,-38.389,-1.0164,20.319,-12.878,-21.956,7.7523,-74.008,-115.26,-104.67,-74.189,-33.922
-19.241,-38.915,-1.2592,20.998,-13.244,-22.165,8.0171,-74.443,-116.1,-105.62,-75.069,-33.832
-20.126,-39.358,-1.1637,21.581,-14.097,-22.155,8.2334,-74.956,-116.95,-106.59,-75.808,-33.597
-21.017,-39.729,-0.81031,22.075,-15.351,-22.019,8.4044,-75.575,-117.85,-107.59,-76.473,-33.291
-21.829,-40.046,-0.38963,22.476,-16.757,-21.874,8.5272,-76.279,-118.78,-108.58,-77.087,-32.994
-22.449,-40.319,-0.10508,22.774,-17.991,-21.804,8.6015,-77.01,-119.69,-109.5,-77.615,-32.774
-22.791,-40.543,-0.077975,22.963,-18.771,-21.839,8.6372,-77.689,-120.49,-110.28,-77.969,-32.658
-22.844,-40.701,-0.31071,23.048,-18.948,-21.961,8.6585,-78.233,-121.09,-110.81,-78.047,-32.629
-22.67,-40.774,-0.72008,23.05,-18.538,-22.127,8.6958,-78.592,-121.46,-111.03,-77.766,-32.623
-22.379,-40.76,-1.1927,23.009,-17.71,-22.299,8.769,-78.763,-121.59,-110.93,-77.092,-32.561
-22.096,-40.681,-1.6181,22.972,-16.715,-22.444,8.8734,-78.797,-121.56,-110.57,-76.049,-32.367
-21.917,-40.582,-1.9101,22.982,-15.796,-22.537,8.9831,-78.779,-121.47,-110.07,-74.715,-32.002
-21.873,-40.513,-2.049,23.06,-15.093,-22.57,9.0686,-78.794,-121.43,-109.56,-73.205,-31.476
-21.915,-40.508,-2.1077,23.191,-14.615,-22.554,9.1147,-78.893,-121.5,-109.12,-71.651,-30.843
-21.94,-40.568,-2.2086,23.321,-14.295,-22.524,9.1279,-79.084,-121.69,-108.79,-70.166,-30.181
-21.851,-40.664,-2.4356,23.39,-14.06,-22.513,9.1314,-79.332,-121.92,-108.56,-68.829,-29.557
-21.622,-40.751,-2.7771,23.357,-13.885,-22.539,9.1511,-79.581,-122.11,-108.34,-67.674,-29.01
-21.309,-40.784,-3.1426,23.217,-13.796,-22.596,9.2019,-79.782,-122.2,-108.09,-66.702,-28.555
-21.009,-40.741,-3.4258,23.002,-13.837,-22.669,9.2801,-79.914,-122.17,-107.78,-65.883,-28.193
-20.81,-40.624,-3.5603,22.76,-14.034,-22.739,9.3681,-79.987,-122.04,-107.44,-65.161,-27.919
-20.757,-40.462,-3.5357,22.541,-14.371,-22.792,9.4437,-80.038,-121.86,-107.14,-64.485,-27.72
-20.843,-40.292,-3.3817,22.38,-14.791,-22.816,9.4877,-80.11,-121.69,-106.94,-63.831,-27.582
-21.017,-40.147,-3.1494,22.292,-15.208,-22.802,9.486,-80.236,-121.57,-106.88,-63.23,-27.496
-21.191,-40.04,-2.9062,22.267,-15.526,-22.743,9.4282,-80.428,-121.53,-106.96,-62.761,-27.464
-21.266,-39.972,-2.7339,22.275,-15.653,-22.648,9.3076,-80.678,-121.56,-107.15,-62.512,-27.498
-21.161,-39.927,-2.7094,22.277,-15.532,-22.534,9.1221,-80.961,-121.63,-107.37,-62.537,-27.612
-20.832,-39.885,-2.8714,22.235,-15.149,-22.418,8.8748,-81.244,-121.72,-107.58,-62.822,-27.806
-20.283,-39.826,-3.2017,22.12,-14.532,-22.311,8.5733,-81.496,-121.78,-107.71,-63.283,-28.066
-19.553,-39.738,-3.6415,21.919,-13.721,-22.219,8.2336,-81.699,-121.8,-107.77,-63.809,-28.371
-18.709,-39.627,-4.1315,21.648,-12.749,-22.147,7.8807,-81.86,-121.75,-107.8,-64.311,-28.7
-17.85,-39.506,-4.6439,21.346,-11.649,-22.101,7.5416,-82.007,-121.67,-107.85,-64.76,-29.038
-17.082,-39.393,-5.1829,21.062,-10.466,-22.089,7.2311,-82.173,-121.6,-108,-65.196,-29.384
-16.454,-39.294,-5.7637,20.823,-9.2391,-22.12,6.9445,-82.385,-121.56,-108.28,-65.706,-29.749
-15.906,-39.199,-6.3964,20.614,-7.9319,-22.198,6.6655,-82.65,-121.58,-108.71,-66.377,-30.158
-15.301,-39.094,-7.0771,20.396,-6.4494,-22.321,6.3838,-82.948,-121.64,-109.24,-67.254,-30.629
-14.554,-38.967,-7.7766,20.147,-4.7477,-22.478,6.1159,-83.223,-121.69,-109.78,-68.312,-31.155
-13.717,-38.817,-8.4242,19.881,-2.9426,-22.643,5.9155,-83.373,-121.59,-110.19,-69.446,-31.704
-12.963,-38.638,-8.8983,19.635,-1.315,-22.771,5.8606,-83.259,-121.17,-110.31,-70.488,-32.23
-12.497,-38.414,-9.0351,19.44,-0.22149,-22.8,6.0039,-82.715,-120.22,-109.92,-71.233,-32.673
-12.463,-38.098,-8.6566,19.294,0.015156,-22.647,6.3146,-81.56,-118.45,-108.82,-71.455,-32.955
-12.886,-37.617,-7.6127,19.153,-0.81686,-22.22,6.6791,-79.582,-115.52,-106.7,-70.889,-32.95
-13.645,-36.872,-5.8348,18.935,-2.7775,-21.421,6.9931,-76.438,-110.91,-103.06,-69.144,-32.454
-14.485,-35.738,-3.3967,18.518,-5.7455,-20.168,7.2748,-71.471,-103.7,-96.919,-65.458,-31.112
-15.062,-34.056,-0.56,17.736,-9.3654,-18.413,7.6843,-63.449,-92.437,-86.338,-58.16,-28.217
-14.989,-31.603,2.2357,16.324,-12.949,-16.192,8.4092,-50.943,-75.307,-68.517,-44.167,-22.303
-13.708,-28.063,4.4457,13.778,-15.457,-13.674,9.5413,-37.104,-53.506,-45.795,-23.535,-12.053
-10.018,-23,5.5126,9.109,-16.131,-11.163,11.065,-37.349,-40.189,-40.61,-17.368,-5.6083
-5.2485,-15.875,5.0975,1.1681,-19.421,-8.9969,12.902,-50.478,-48.206,-56.34,-34.62,-10.663
-9.6828,-6.1345,4.9521,-8.4476,-30.308,-7.3265,14.95,-42.119,-46.341,-46.065,-32.947,-8.869
-13.015,6.6195,17.208,-14.5,-36.965,-5.928,17.137,-8.9537,-7.2047,-1.7645,-5.0096,5.0662
-9.7636,22.41,35.897,-18.482,-40.581,-4.3215,19.541,39.115,57.795,67.693,45.342,30.08
0.12602,40.772,47.152,-28.687,-39.196,-2.2825,22.831,98.355,136.74,158.08,119.38,68.864
19.234,60.876,49.883,-48.376,-30.465,-0.25963,30.833,168.85,229.7,268.09,216.57,123.82
50.007,81.758,41.464,-76.144,-11.742,0.84997,56.1,255.24,344.74,401.72,336.21,194.87
94.497,102.43,19.421,-110.62,19.782,0.39654,63.667,362.81,488.34,565.27,479.82,279.76
154.91,122.01,-18.584,-151.06,68.285,-1.5625,58.687,496.46,659.51,759.12,647.63,375.06
232.56,140.01,-73.527,-197.09,138.16,-4.4861,54.351,658.32,853.61,973.72,833.38,476.95
323.75,156.57,-142.53,-248.62,220.7,-7.8761,50.633,841.14,1058.6,1193.5,1025.5,582.61
420.86,172.25,-218.35,-305.23,306.23,-11.443,43.84,1026.7,1251.1,1399.3,1210.2,689.35
518.79,187.52,-294.53,-364.72,392.39,-14.982,28.118,1185.1,1399.6,1566.7,1372.1,792.47
612.49,202.61,-365.05,-423.43,473.61,-18.4,-2.9163,1280.3,1469.7,1668.1,1493.9,885.49
695.89,218.16,-422.72,-478.1,542.99,-21.893,-53.696,1281.9,1433.7,1680.2,1560.2,961.28
762.71,236.84,-461.01,-525.87,593.83,-26.043,-123.48,1175.7,1280.5,1590.5,1559.8,1013.1
807.28,264.75,-475.55,-563.33,621.43,-31.978,-205.31,967.51,1019.1,1400.9,1488.2,1035.7
824.91,303.45,-464.81,-586.24,623.72,-40.384,-287.66,679.15,672.77,1124.4,1348.5,1025.9
811.95,335.58,-431.08,-589.66,600.64,-39.082,-357.91,338.15,269.68,780.05,1149.2,982.98
766.21,344.72,-380.61,-568.91,553.86,-20.084,-406.61,-30.956,-163.79,387.67,902.05,908.2
688.25,327.87,-322.24,-521.26,487.06,-3.2603,-428.56,-409,-604.49,-32.518,620.85,804.76
582.86,285.75,-264.63,-447.55,406.32,2.2201,-423.08,-777.75,-1029.8,-457.95,321.8,677.93
459.57,220.04,-216.1,-352.84,320.2,-7.0483,-392.74,-1114.2,-1414.9,-862.14,23.444,534.91
331.21,134.43,-185.13,-245.3,239.37,-32.92,-341.87,-1390.1,-1733.3,-1216.4,-255.14,384.19
210.71,34.876,-177.38,-134.23,174.17,-75.37,-275.79,-1578.7,-1962,-1494.5,-497.05,234.59
107.77,-70.869,-191.3,-28.256,130.21,-131.45,-200.82,-1664.3,-2087.4,-1678.1,-689.39,94.191
27.355,-173.91,-218.89,65.588,106.53,-194.52,-124.32,-1648.4,-2110,-1762.2,-824.28,-30.173
-30.429,-265.13,-247.92,142.29,96.378,-254.9,-53.979,-1548.7,-2045.4,-1756.4,-900.25,-133.04
-69.779,-336.73,-265.91,199.3,90.745,-302.95,3.7767,-1393.5,-1917.8,-1680.9,-923.12,-210.76
-96.786,-383.96,-267.86,236.77,83.106,-332.39,45.492,-1212.6,-1753,-1559.5,-904.45,-262.57
-116.52,-406.19,-257.22,257.14,70.874,-341.85,70.447,-1030.7,-1572.2,-1413.7,-857.78,-291.31
-131.74,-406.9,-240.04,264.25,54.733,-334.02,79.182,-863.56,-1390.1,-1259.3,-794.57,-302.63
-143.16,-392.3,-221.05,262.31,37.051,-314.24,73.9,-717.75,-1217.4,-1107.1,-719.84,-302.88
-148.07,-367.38,-203.09,254.55,22.969,-288.96,59.614,-595.61,-1064.3,-968.04,-634.77,-295.57
-130.89,-334.78,-187.83,238.78,18.897,-264.23,43.056,-498.96,-935.6,-853.98,-560.32,-272.92
-104.88,-306.72,-176.48,214.3,16.664,-245.45,28.945,-423.86,-826.69,-763.68,-509.67,-236.3
-94.46,-292.15,-169.86,197.28,14.298,-235.56,22.319,-362.93,-731.04,-687.76,-474.19,-214.52
-90.932,-285.55,-168.1,189.08,13.057,-231.73,22.903,-311.35,-647.04,-619.9,-444.98,-204.91
-88.53,-281.49,-169.88,184.32,13.182,-229.71,25.065,-266.61,-576.56,-559.57,-417.24,-199.19
-85.86,-277.8,-172.06,180.54,14.107,-227.36,27.041,-227.87,-519.82,-508.71,-388.92,-194.33
-82.866,-273.91,-171.7,176.94,15.049,-224.03,27.572,-196.28,-473.86,-466.87,-359.94,-189.42
-79.768,-269.85,-168.73,173.35,15.583,-219.82,26.334,-173.92,-434.33,-430.09,-331.76,-184.15
-76.72,-265.86,-164.87,169.81,15.678,-215.41,23.758,-160.13,-397.34,-394.28,-306.17,-178.44
-73.741,-262.12,-161.31,166.4,15.423,-211.51,20.676,-149.94,-361.21,-358.83,-283.99,-172.26
-70.754,-258.63,-158.41,163.14,15.005,-208.33,17.768,-140.22,-326.6,-325.65,-264.94,-165.61
-67.672,-255.31,-156.23,159.97,14.745,-205.74,15.278,-131.5,-295.05,-296.32,-248.41,-158.54
-64.49,-252.04,-154.82,156.76,14.895,-203.54,13.18,-124.38,-267.86,-271.43,-233.94,-151.12
-61.319,-248.71,-154.08,153.39,15.364,-201.59,11.408,-118.83,-245.51,-250.92,-221.27,-143.44
-58.37,-245.22,-153.8,149.75,15.747,-199.81,9.959,-114.63,-227.6,-234.19,-210.28,-135.68
-55.874,-241.5,-153.63,145.8,15.578,-198.06,8.885,-111.54,-213.29,-220.4,-200.86,-128.07
-54.005,-237.42,-153.13,141.55,14.545,-196.22,8.2339,-109.32,-201.71,-208.72,-192.83,-120.91
-52.818,-232.88,-151.94,137.04,12.568,-194.17,7.9857,-107.76,-192.19,-198.5,-185.94,-114.42
-52.222,-227.78,-149.85,132.31,9.8001,-191.76,8.0287,-106.67,-184.23,-189.37,-179.92,-108.75
-52.006,-221.96,-146.88,127.39,6.5692,-188.83,8.2886,-105.85,-177.53,-181.21,-174.52,-103.88
-51.898,-215.28,-143.22,122.25,3.2972,-185.21,8.982,-105.13,-171.88,-174,-169.54,-99.639
-51.651,-207.6,-139,116.85,0.41786,-180.71,10.804,-104.39,-167.11,-167.76,-164.84,-95.747
-51.109,-198.8,-134.14,111.18,-1.7282,-175.13,14.649,-103.54,-163.05,-162.41,-160.33,-91.87
-50.236,-188.83,-128.36,105.35,-3.011,-168.31,20.773,-102.49,-159.5,-157.81,-155.88,-87.705
-49.115,-177.75,-121.17,99.48,-3.5794,-160.12,28.635,-101.21,-156.22,-153.73,-151.38,-83.061
-47.913,-165.62,-112.07,93.713,-3.8189,-150.47,37.718,-99.672,-152.98,-149.93,-146.74,-77.932
-46.828,-152.53,-100.62,88.087,-4.1872,-139.28,48.009,-97.874,-149.62,-146.19,-141.86,-72.501
-45.997,-138.62,-86.617,82.518,-5.0108,-126.48,59.821,-95.863,-146.06,-142.39,-136.73,-67.089
-45.391,-124.16,-70.634,76.811,-6.3954,-112,73.363,-93.729,-142.34,-138.53,-131.42,-62.043
-44.791,-109.66,-54.522,70.752,-8.29,-96.055,88.199,-91.598,-138.58,-134.68,-126.14,-57.626
-43.892,-95.905,-40.441,64.254,-10.583,-79.552,102.93,-89.591,-134.96,-130.99,-121.13,-53.943
-42.493,-83.632,-29.116,57.478,-13.16,-64.069,115.56,-87.792,-131.57,-127.6,-116.6,-50.933
-40.627,-73.312,-19.965,50.844,-15.928,-50.982,124.35,-86.227,-128.45,-124.58,-112.65,-48.435
-38.533,-65.037,-12.326,44.852,-18.78,-40.753,128.31,-84.861,-125.55,-121.9,-109.26,-46.283
-36.537,-58.609,-6.0106,39.857,-21.528,-33.176,127.1,-83.629,-122.77,-119.49,-106.34,-44.372
-34.922,-53.711,-1.102,35.959,-23.972,-27.848,120.91,-82.452,-119.97,-117.24,-103.78,-42.66
-33.854,-50.006,2.478,33.059,-26.025,-24.319,110.46,-81.262,-117.05,-115.04,-101.48,-41.127
-33.344,-47.196,5.1369,30.964,-27.722,-22.106,97.046,-80.012,-113.91,-112.8,-99.349,-39.734
-33.246,-45.036,7.3828,29.457,-29.084,-20.745,82.482,-78.673,-110.48,-110.44,-97.329,-38.408
-33.295,-43.341,9.4768,28.33,-30.023,-19.876,68.642,-77.238,-106.74,-107.93,-95.381,-37.072
-33.188,-41.975,11.334,27.408,-30.375,-19.269,56.771,-75.708,-102.67,-105.26,-93.495,-35.68
-32.692,-40.847,12.715,26.566,-30.012,-18.807,47.204,-74.081,-98.286,-102.44,-91.675,-34.237
-31.738,-39.9,13.484,25.749,-28.964,-18.433,39.618,-72.346,-93.601,-99.456,-89.927,-32.789
-30.438,-39.099,13.728,24.963,-27.462,-18.1,33.411,-70.469,-88.623,-96.276,-88.24,-31.394
-29.014,-38.418,13.701,24.236,-25.868,-17.758,27.959,-68.389,-83.333,-92.828,-86.572,-30.092
-27.679,-37.822,13.683,23.585,-24.539,-17.354,22.858,-66.012,-77.664,-88.982,-84.818,-28.891
-26.543,-37.258,13.875,22.99,-23.695,-16.854,18.198,-63.187,-71.49,-84.545,-82.836,-27.76
-25.572,-36.656,14.336,22.385,-23.358,-16.248,14.418,-59.707,-64.615,-79.274,-80.475,-26.639
-24.628,-35.935,15.003,21.682,-23.37,-15.535,11.725,-55.292,-56.783,-72.883,-77.608,-25.46
-23.551,-35.022,15.755,20.801,-23.473,-14.709,9.9273,-49.611,-47.713,-65.049,-74.144,-24.165
-22.245,-33.861,16.492,19.702,-23.439,-13.742,8.7015,-42.296,-37.116,-55.459,-69.995,-22.713
-20.721,-32.418,17.2,18.394,-23.157,-12.575,7.7832,-32.994,-24.762,-43.816,-65.029,-21.064
-19.073,-30.686,17.97,16.92,-22.651,-11.128,6.9951,-21.447,-10.5,-29.875,-59.038,-19.157
-17.422,-28.661,18.943,15.33,-22.021,-9.3107,6.2154,-7.5734,5.7281,-13.473,-51.736,-16.872
-15.868,-26.328,20.241,13.649,-21.398,-7.0234,5.3527,8.4981,23.884,5.4355,-42.795,-14.007
-14.437,-23.627,21.926,11.845,-20.906,-4.1572,4.3368,26.453,43.849,26.769,-31.895,-10.261
-13.067,-20.432,23.984,9.8124,-20.623,-0.57895,3.122,45.875,65.457,50.323,-18.788,-5.2242
-11.617,-16.528,26.315,7.3725,-20.531,3.8789,1.6899,66.345,88.526,75.795,-3.3291,1.6039
-9.9168,-11.627,28.76,4.2847,-20.528,9.3993,0.038463,87.514,112.85,102.8,14.502,10.727
-7.8026,-5.4034,31.159,0.26879,-20.484,16.113,-1.8444,109.12,138.18,130.85,34.599,22.447
-5.1224,2.4137,33.405,-4.9682,-20.316,23.985,-4.0089,130.96,164.14,159.35,56.717,36.622
-1.7139,11.945,35.459,-11.681,-20.017,32.747,-6.5511,152.84,190.32,187.64,80.437,52.62
2.6269,23.079,37.337,-20.005,-19.625,41.963,-9.5949,174.56,216.26,215.06,105.15,69.575
8.1382,35.474,39.085,-29.859,-19.183,51.204,-13.256,195.92,241.56,241.11,130.12,86.72
15.008,48.647,40.741,-40.919,-18.699,60.16,-17.591,216.76,265.94,265.45,154.64,103.58
23.243,62.115,42.319,-52.712,-18.134,68.668,-22.545,237.01,289.19,287.97,178.19,119.95
32.605,75.523,43.801,-64.771,-17.407,76.668,-27.928,256.66,311.15,308.69,200.52,135.79
42.702,88.674,45.148,-76.745,-16.409,84.153,-33.492,275.64,331.66,327.67,221.6,151.09
53.167,101.47,46.302,-88.447,-15.024,91.115,-39.058,293.78,350.53,344.96,241.49,165.84
63.786,113.85,47.194,-99.848,-13.143,97.513,-44.577,310.68,367.53,360.57,260.24,180
74.498,125.69,47.751,-111.02,-10.664,103.27,-50.083,325.92,382.55,374.47,277.84,193.61
85.304,136.92,47.914,-122.04,-7.4985,108.33,-55.634,339.24,395.57,386.74,294.18,206.78
96.184,147.49,47.663,-132.95,-3.5891,112.7,-61.278,350.63,406.73,397.51,309.11,219.64
107.07,157.38,47.024,-143.71,1.0612,116.45,-67.038,360.33,416.27,406.94,322.47,232.18
117.85,166.6,46.072,-154.2,6.3422,119.66,-72.886,368.66,424.44,415.23,334.17,244.19
128.39,175.1,44.917,-164.28,12.024,122.42,-78.731,375.89,431.49,422.55,344.25,255.29
138.6,182.84,43.676,-173.76,17.82,124.77,-84.439,382.2,437.57,429.04,352.92,265.1
148.41,189.74,42.439,-182.52,23.499,126.76,-89.891,387.66,442.79,434.8,360.42,273.4
157.8,195.77,41.259,-190.49,28.947,128.38,-95.024,392.3,447.21,439.88,366.99,280.2
166.76,200.9,40.147,-197.61,34.153,129.67,-99.83,396.12,450.84,444.27,372.78,285.68
175.27,205.19,39.096,-203.88,39.15,130.68,-104.33,399.13,453.7,447.97,377.85,290.14
183.2,208.72,38.093,-209.3,43.939,131.47,-108.53,401.42,455.83,450.97,382.22,293.92
190.39,211.62,37.132,-213.9,48.464,132.1,-112.41,403.08,457.25,453.26,385.9,297.31
196.67,214.01,36.218,-217.75,52.612,132.61,-115.9,404.18,458.02,454.88,388.9,300.52
201.95,216,35.368,-220.93,56.245,133.06,-118.97,404.78,458.14,455.85,391.22,303.63
206.24,217.71,34.616,-223.54,59.216,133.46,-121.58,404.9,457.64,456.19,392.86,306.61
209.54,219.2,34.013,-225.68,61.382,133.83,-123.73,404.46,456.45,455.91,393.79,309.35
211.84,220.44,33.612,-227.31,62.63,134.15,-125.43,403.29,454.51,454.95,393.9,311.72
213.02,221.3,33.432,-228.33,62.907,134.35,-126.72,401.14,451.67,453.21,393.09,313.57
212.88,221.56,33.431,-228.5,62.24,134.3,-127.61,397.72,447.76,450.55,391.19,314.69
211.27,221.01,33.502,-227.61,60.766,133.87,-128.13,392.73,442.57,446.81,388.07,314.8
208.36,219.48,33.495,-225.61,58.726,132.95,-128.28,385.92,435.88,441.79,383.6,313.55
204.62,216.94,33.268,-222.65,56.409,131.41,-128.04,376.98,427.4,435.33,377.63,310.52
200.6,213.48,32.727,-219.03,54.056,129.16,-127.39,365.6,416.85,427.18,370.08,305.35
196.66,209.19,31.862,-214.99,51.786,126.15,-126.34,351.53,403.91,417.13,360.86,297.84
192.8,204.08,30.738,-210.57,49.591,122.3,-124.91,334.72,388.36,404.96,349.91,288.01
188.71,198.08,29.468,-205.58,47.356,117.63,-123.1,315.47,370.12,390.53,337.24,276.12
183.9,190.99,28.175,-199.67,44.931,112.19,-120.88,294.53,349.35,373.84,322.92,262.56
177.84,182.61,26.949,-192.4,42.212,106.09,-118.13,272.79,326.48,355.07,307.13,247.83
170.09,172.81,25.833,-183.45,39.217,99.538,-114.71,251,302.01,334.49,290.13,232.36
160.53,161.61,24.815,-172.79,36.095,92.719,-110.43,229.53,276.41,312.37,272.11,216.42
149.56,149.24,23.847,-160.77,33.103,85.762,-105.17,208.38,249.92,288.86,253.2,200.13
137.95,136,22.871,-148,30.491,78.683,-99.005,187.36,222.65,264,233.37,183.51
126.38,122.14,21.869,-135.02,28.299,71.403,-92.208,166.28,194.72,237.79,212.53,166.52
115.02,107.76,20.887,-122.1,26.221,63.811,-85.14,145.06,166.39,210.34,190.66,149.11
103.7,92.938,20.027,-109.26,23.729,55.878,-78.057,123.78,138.1,181.94,167.85,131.21
92.236,77.856,19.393,-96.451,20.354,47.746,-71.069,102.64,110.44,153.09,144.39,112.77
80.618,62.961,19.032,-83.724,15.926,39.711,-64.176,81.833,83.928,124.44,120.82,93.838
69.108,48.873,18.896,-71.326,10.66,32.097,-57.338,61.557,58.994,96.707,97.802,74.755
58.16,36.129,18.856,-59.648,5.0589,25.144,-50.537,42.014,35.936,70.519,76.04,56.296
48.206,24.974,18.775,-49.022,-0.29273,18.981,-43.804,23.497,14.978,46.381,56.109,39.509
39.398,15.354,18.569,-39.524,-4.9276,13.662,-37.214,6.4302,-3.7119,24.633,38.377,25.251
31.519,7.0426,18.229,-30.95,-8.5623,9.1807,-30.835,-8.7048,-20.041,5.4619,22.969,13.817
24.145,-0.20676,17.784,-23,-11.076,5.4581,-24.689,-21.552,-34.034,-11.099,9.7868,4.9545
16.969,-6.5645,17.263,-15.508,-12.508,2.3442,-18.789,-32.033,-45.842,-25.157,-1.4192,-1.8524
10.089,-12.097,16.663,-8.5727,-13.059,-0.33889,-13.22,-40.351,-55.714,-36.939,-10.955,-7.1357
3.9991,-16.803,15.961,-2.4805,-13.018,-2.746,-8.1899,-46.873,-63.943,-46.751,-19.112,-11.33
-0.83626,-20.681,15.116,2.5169,-12.647,-4.9808,-3.9715,-52.009,-70.831,-54.942,-26.149,-14.758
-4.3727,-23.781,14.091,6.3683,-12.169,-7.0992,-0.73549,-56.131,-76.665,-61.864,-32.293,-17.651
-6.9171,-26.209,12.863,9.2094,-11.788,-9.1231,1.5634,-59.55,-81.704,-67.831,-37.738,-20.179
-8.8245,-28.107,11.436,11.256,-11.673,-11.05,3.1404,-62.504,-86.167,-73.095,-42.637,-22.456
-10.334,-29.625,9.8443,12.721,-11.919,-12.856,4.2463,-65.151,-90.213,-77.828,-47.081,-24.55
-11.573,-30.901,8.1532,13.789,-12.531,-14.495,5.0697,-67.574,-93.938,-82.123,-51.115,-26.488
-12.602,-32.043,6.453,14.607,-13.414,-15.916,5.7122,-69.798,-97.386,-86.019,-54.76,-28.278
-13.444,-33.115,4.8383,15.294,-14.386,-17.089,6.2158,-71.814,-100.56,-89.526,-58.04,-29.912
-14.108,-34.139,3.3737,15.926,-15.221,-18.031,6.6038,-73.603,-103.44,-92.638,-60.98,-31.376
-14.605,-35.105,2.0693,16.548,-15.701,-18.808,6.9063,-75.139,-106.01,-95.349,-63.604,-32.66
-14.966,-35.992,0.88526,17.18,-15.678,-19.509,7.161,-76.403,-108.23,-97.652,-65.925,-33.754
-15.24,-36.79,-0.23754,17.831,-15.131,-20.199,7.3985,-77.39,-110.08,-99.557,-67.94,-34.656
-15.473,-37.495,-1.3485,18.501,-14.168,-20.906,7.6295,-78.124,-111.59,-101.1,-69.641,-35.364
-15.679,-38.105,-2.4697,19.165,-12.982,-21.619,7.8453,-78.653,-112.8,-102.35,-71.031,-35.876
-15.835,-38.615,-3.5889,19.775,-11.756,-22.308,8.0293,-79.05,-113.78,-103.39,-72.134,-36.207
-15.9,-39.016,-4.6638,20.276,-10.607,-22.932,8.1684,-79.384,-114.61,-104.32,-73.002,-36.395
-15.844,-39.306,-5.636,20.62,-9.5922,-23.445,8.2574,-79.704,-115.37,-105.2,-73.703,-36.502
-15.663,-39.495,-6.4545,20.791,-8.735,-23.801,8.2987,-80.027,-116.09,-106.04,-74.307,-36.6
-15.369,-39.608,-7.0968,20.804,-8.0375,-23.974,8.3023,-80.339,-116.76,-106.85,-74.864,-36.756
-14.978,-39.681,-7.5775,20.702,-7.4636,-23.982,8.2857,-80.616,-117.37,-107.58,-75.393,-37.007
-14.501,-39.748,-7.9385,20.539,-6.9448,-23.886,8.2719,-80.832,-117.88,-108.21,-75.876,-37.335
-13.969,-39.834,-8.229,20.37,-6.429,-23.763,8.2842,-80.98,-118.28,-108.71,-76.281,-37.659
-13.452,-39.948,-8.4826,20.238,-5.9322,-23.669,8.3393,-81.07,-118.57,-109.09,-76.576,-37.86
-13.056,-40.087,-8.7018,20.178,-5.546,-23.624,8.4409,-81.126,-118.79,-109.38,-76.749,-37.825
-12.89,-40.239,-8.857,20.208,-5.3969,-23.627,8.5781,-81.18,-118.96,-109.62,-76.809,-37.508
-13.031,-40.387,-8.8961,20.326,-5.5992,-23.662,8.7288,-81.256,-119.13,-109.83,-76.781,-36.951
-13.496,-40.51,-8.7659,20.512,-6.2164,-23.712,8.868,-81.365,-119.3,-110.05,-76.685,-36.267
-14.23,-40.589,-8.4424,20.732,-7.2297,-23.761,8.9766,-81.498,-119.46,-110.26,-76.526,-35.59
-15.122,-40.619,-7.9551,20.947,-8.5275,-23.802,9.046,-81.638,-119.58,-110.43,-76.291,-35.031
-16.038,-40.613,-7.3913,21.135,-9.9378,-23.839,9.0785,-81.761,-119.63,-110.53,-75.972,-34.642
-16.877,-40.605,-6.8704,21.301,-11.286,-23.887,9.0811,-81.854,-119.57,-110.53,-75.584,-34.403
-17.603,-40.639,-6.497,21.48,-12.443,-23.967,9.0595,-81.911,-119.4,-110.41,-75.167,-34.236
-18.243,-40.751,-6.3185,21.712,-13.348,-24.095,9.0151,-81.94,-119.16,-110.17,-74.778,-34.045
-18.863,-40.956,-6.3085,22.028,-14.012,-24.267,8.946,-81.954,-118.88,-109.86,-74.458,-33.762
-19.529,-41.243,-6.3828,22.435,-14.512,-24.458,8.8497,-81.965,-118.61,-109.52,-74.23,-33.368
-20.278,-41.576,-6.4393,22.918,-14.955,-24.634,8.7256,-81.985,-118.39,-109.2,-74.09,-32.89
-21.096,-41.907,-6.4027,23.44,-15.413,-24.76,8.576,-82.021,-118.24,-108.93,-74.027,-32.38
-21.907,-42.194,-6.2561,23.951,-15.87,-24.823,8.4073,-82.076,-118.15,-108.74,-74.019,-31.882
-22.584,-42.413,-6.0499,24.389,-16.208,-24.825,8.2309,-82.146,-118.08,-108.62,-74.035,-31.418
-22.989,-42.562,-5.8825,24.707,-16.266,-24.789,8.0617,-82.219,-118.02,-108.56,-74.035,-30.992
-23.039,-42.657,-5.8518,24.883,-15.938,-24.742,7.9148,-82.278,-117.91,-108.5,-73.979,-30.604
-22.763,-42.725,-5.9989,24.941,-15.254,-24.706,7.8019,-82.312,-117.74,-108.41,-73.84,-30.267
-22.305,-42.787,-6.2744,24.933,-14.387,-24.684,7.7289,-82.321,-117.53,-108.28,-73.606,-30.005
-21.875,-42.844,-6.5518,24.918,-13.604,-24.662,7.6961,-82.315,-117.3,-108.1,-73.281,-29.851
-21.651,-42.874,-6.6845,24.922,-13.167,-24.62,7.6986,-82.321,-117.12,-107.91,-72.891,-29.826
-21.706,-42.841,-6.573,24.929,-13.232,-24.541,7.7273,-82.368,-117.03,-107.77,-72.484,-29.937
-21.971,-42.712,-6.2089,24.887,-13.784,-24.422,7.771,-82.479,-117.08,-107.71,-72.128,-30.174
-22.284,-42.477,-5.6683,24.737,-14.66,-24.267,7.8218,-82.648,-117.25,-107.75,-71.898,-30.506
-22.484,-42.149,-5.0566,24.458,-15.629,-24.087,7.8822,-82.832,-117.47,-107.86,-71.847,-30.881
-22.498,-41.763,-4.4369,24.079,-16.504,-23.883,7.9698,-82.939,-117.61,-107.95,-71.979,-31.234
-22.363,-41.35,-3.7881,23.671,-17.197,-23.642,8.1102,-82.844,-117.47,-107.88,-72.205,-31.498
-22.185,-40.925,-3.0156,23.305,-17.719,-23.334,8.3143,-82.395,-116.82,-107.45,-72.33,-31.617
-22.054,-40.46,-1.9993,23.012,-18.131,-22.905,8.555,-81.418,-115.37,-106.43,-72.05,-31.545
-21.98,-39.881,-0.65434,22.757,-18.487,-22.283,8.7748,-79.692,-112.75,-104.44,-70.973,-31.214
-21.859,-39.061,1.0108,22.429,-18.793,-21.381,8.9365,-76.873,-108.4,-100.93,-68.574,-30.489
-21.468,-37.827,2.8518,21.834,-19.003,-20.125,9.0808,-72.331,-101.35,-94.803,-63.977,-29.088
-20.46,-35.951,4.5812,20.682,-19.028,-18.483,9.3358,-64.882,-90.033,-83.95,-55.372,-26.379
-18.261,-33.139,5.8126,18.508,-18.724,-16.509,9.8525,-53.006,-72.555,-65.532,-39.632,-20.964
-13.743,-29.017,6.1388,14.536,-17.82,-14.379,10.721,-39.7,-50.892,-43.331,-18.53,-11.354
-6.1057,-23.133,5.2741,7.6781,-16.62,-12.36,11.941,-41.369,-41.189,-41.803,-16.495,-4.3867
-3.894,-15.02,3.5827,-2.203,-23.032,-10.693,13.458,-53.776,-52.623,-57.023,-34.372,-8.7334
-11.041,-4.3087,5.8649,-11.738,-31.644,-9.4013,15.211,-41.674,-45.102,-43.022,-29.936,-8.8988
-12.274,9.1419,24.091,-17.467,-37.256,-8.1778,17.178,-6.1504,0.51276,3.5482,-0.32911,2.429
-6.5133,25.178,39.33,-22.983,-39.633,-6.5837,19.446,43.594,68.463,74.787,51.487,24.315
6.7238,43.389,46.568,-34.826,-35.978,-4.5289,22.553,103.3,148.25,167.2,127.72,59.058
29.781,63.175,44.54,-55.541,-23.528,-2.5837,29.739,172.11,240.72,280,229.32,109.78
65.093,83.752,30.642,-84.433,0.26313,-1.714,53.149,254.4,353.61,417.27,356.7,177.86
114.9,104.15,2.7625,-120.26,38.186,-2.5887,63.87,357,493.63,584.71,510.46,262.14
180.45,123.4,-40.515,-161.67,93.205,-5.0925,59.402,486.67,661.54,781.4,687.85,359.32
260,140.94,-98.968,-207.55,163.9,-8.5609,55.023,646.64,853.58,997.05,879.32,465.25
349,156.99,-169.43,-257.92,243.33,-12.375,51.465,830.38,1057.8,1216.1,1071.6,576.17
443.86,172.27,-246.23,-313.39,328.4,-16.144,45.53,1019.2,1250.8,1419,1251,687.74
540.77,187.46,-322.59,-372.82,414.56,-19.577,30.81,1181.7,1400.6,1580.6,1402.5,793.85
633.64,202.83,-390.54,-432.39,494.71,-22.565,-0.16648,1280.5,1471.8,1673.2,1510.1,887.42
715.21,219.22,-442.47,-487.77,561.27,-25.391,-51.938,1284.9,1436.4,1674,1559.3,961.4
778.34,240.12,-473.15,-535.13,607.94,-28.705,-122.83,1181.1,1283.6,1572.3,1540.2,1009.5
816.96,272.19,-480.07,-570.44,630.44,-33.483,-205.07,975.04,1022.4,1371.4,1450.1,1027.1
826.49,312.07,-463.2,-589.2,626.75,-40.118,-286.83,687.99,675.69,1085.5,1293.2,1011.5
803.87,340.05,-425.11,-586.67,596.77,-39.201,-355.45,347.13,271.74,733.72,1078.9,962.53
747.99,344.62,-371.36,-558.9,542.37,-21.812,-401.81,-22.583,-162.46,336.07,819.6,881.5
660.74,324.14,-309.97,-504.25,467.84,-4.3229,-421.3,-401.33,-603.18,-86.981,529.96,771.66
548.12,278.76,-249.88,-424.6,380.21,2.6364,-413.67,-770.63,-1027.8,-512.14,227.41,638.38
420.4,209.98,-200.2,-325.49,289.33,-5.0504,-381.54,-1107.8,-1412,-912.12,-68.647,489.31
290.51,121.64,-169.45,-215.17,206.46,-29.133,-329.09,-1385.3,-1730.3,-1258,-338.94,333.99
171.28,19.933,-161.96,-103.08,140.4,-69.433,-261.64,-1576.5,-1959.8,-1524.3,-566.99,182.56
72.48,-87.01,-175.43,1.7388,98.61,-123.52,-185.53,-1665,-2086.1,-1694.9,-741.15,44.211
-1.6261,-189.78,-201.78,92.029,79.368,-185.74,-108.05,-1651.4,-2109.4,-1766.8,-856.15,-73.945
-53.099,-278.89,-226.41,163.3,71.555,-246.85,-36.939,-1552.8,-2044.6,-1751.2,-913.95,-167.4
-87.999,-346.79,-234.62,214.27,65.951,-296.63,20.46,-1397,-1915.9,-1668.6,-923.06,-234.55
-112.49,-389.68,-227.17,246.26,57.865,-328.16,59.048,-1213.8,-1748.6,-1542.3,-895.8,-276.86
-130.58,-407.94,-214.64,262.22,46.104,-339.9,77.984,-1028.5,-1564.2,-1393.5,-844.92,-298.61
-143.89,-405.61,-203.77,265.88,31.451,-334.48,80.166,-857.89,-1378,-1237.9,-780.54,-305.68
-152.31,-388.96,-195.34,261.26,17.516,-316.64,70.486,-710.73,-1202.1,-1087,-706.78,-303.84
-149.42,-362.76,-188.33,251.12,17.675,-292.01,54.763,-590.85,-1048.2,-952.87,-628.02,-295.66
-120.9,-330.63,-182.33,232.26,18.566,-266.36,38.842,-497.83,-921.02,-845.39,-563.04,-274.58
-101.61,-305.75,-177.74,210.2,17.106,-246.13,26.357,-424.58,-814.06,-760.15,-518.26,-244.95
-95.318,-293.59,-175.25,197.64,15.974,-235.52,22.4,-363.63,-720.09,-687.06,-485.78,-226.21
-92.31,-287.9,-175.2,191.4,15.491,-231.52,23.815,-311.41,-637.89,-620.32,-458.4,-216.57
-89.804,-284.19,-176.71,187.42,15.35,-229.59,26.465,-266.27,-569.57,-560.31,-432.11,-210.51
-87.195,-280.78,-177.84,184.15,15.311,-227.6,28.467,-227.6,-515,-509.85,-405.1,-205.61
-84.331,-277.26,-177.39,181.06,15.341,-224.98,28.723,-196.47,-470.88,-468.85,-377.3,-200.96
-81.162,-273.7,-175.72,178,15.532,-221.9,27.152,-174.59,-432.9,-433.62,-349.97,-196.26
-77.732,-270.37,-173.61,174.98,15.938,-218.87,24.486,-161.17,-397.54,-400.45,-324.92,-191.38
-74.214,-267.42,-171.35,172.05,16.472,-216.28,21.678,-151.61,-363.38,-368.42,-303.25,-186.29
-70.869,-264.85,-168.9,169.22,16.948,-214.2,19.231,-142.58,-330.91,-338.54,-284.93,-180.9
-67.907,-262.49,-166.19,166.45,17.21,-212.43,17.223,-134.19,-301.17,-311.7,-269.29,-175.08
-65.384,-260.13,-163.41,163.69,17.22,-210.76,15.575,-127.05,-275.09,-288.18,-255.54,-168.68
-63.22,-257.59,-160.9,160.88,17.054,-209.04,14.201,-121.27,-253.09,-267.95,-243.11,-161.63
-61.291,-254.78,-158.98,157.98,16.819,-207.16,13.037,-116.73,-235.01,-250.74,-231.66,-153.94
-59.53,-251.61,-157.78,154.98,16.58,-205.05,12.012,-113.25,-220.29,-236.1,-221.03,-145.78
-57.951,-248.02,-157.13,151.85,16.34,-202.66,11.086,-110.65,-208.29,-223.5,-211.16,-137.4
-56.594,-243.93,-156.64,148.55,16.035,-199.91,10.303,-108.75,-198.4,-212.43,-201.96,-129.02
-55.473,-239.25,-155.81,145.02,15.52,-196.74,9.7544,-107.33,-190.14,-202.54,-193.32,-120.89
-54.558,-233.85,-154.13,141.15,14.608,-193.03,9.67,-106.18,-183.14,-193.59,-185.14,-113.19
-53.807,-227.55,-151.22,136.82,13.137,-188.57,10.704,-105.07,-177.11,-185.52,-177.36,-105.99
-53.175,-220.19,-146.81,131.96,11.014,-183.16,13.862,-103.85,-171.81,-178.33,-170.04,-99.314
-52.631,-211.67,-140.73,126.53,8.2009,-176.62,19.569,-102.41,-167.1,-172.06,-163.31,-93.078
-52.151,-201.99,-132.81,120.57,4.6953,-168.87,27.253,-100.75,-162.83,-166.67,-157.34,-87.207
-51.732,-191.22,-122.88,114.19,0.54025,-159.89,36.328,-98.918,-158.89,-162.04,-152.16,-81.657
-51.39,-179.46,-110.83,107.52,-4.1477,-149.62,46.815,-97.006,-155.17,-157.95,-147.65,-76.405
-51.148,-166.79,-96.753,100.74,-9.1513,-138.01,59.039,-95.071,-151.54,-154.18,-143.51,-71.401
-51.015,-153.22,-81.033,93.966,-14.163,-125.08,73.067,-93.141,-147.92,-150.47,-139.3,-66.577
-50.973,-138.82,-64.33,87.266,-18.848,-110.88,88.233,-91.216,-144.26,-146.7,-134.7,-61.895
-50.978,-123.86,-47.474,80.697,-22.928,-95.568,103.09,-89.292,-140.56,-142.84,-129.57,-57.396
-50.978,-108.93,-31.522,74.328,-26.255,-79.438,115.86,-87.377,-136.88,-138.99,-124.11,-53.198
-50.921,-94.822,-17.892,68.243,-28.828,-63.211,125,-85.496,-133.28,-135.32,-118.72,-49.445
-50.763,-82.333,-8.0022,62.515,-30.77,-48.371,129.45,-83.681,-129.81,-131.99,-113.83,-46.239
-50.469,-71.939,-2.0316,57.188,-32.262,-36.79,128.72,-81.955,-126.48,-129.06,-109.74,-43.614
-50.019,-63.723,1.4912,52.29,-33.474,-29.292,122.95,-80.327,-123.26,-126.55,-106.53,-41.529
-49.414,-57.466,4.2371,47.848,-34.525,-25.054,112.92,-78.781,-120.08,-124.34,-104.09,-39.898
-48.677,-52.812,6.9678,43.902,-35.479,-22.686,99.989,-77.285,-116.86,-122.3,-102.18,-38.621
-47.846,-49.388,9.7295,40.488,-36.352,-21.198,85.917,-75.799,-113.49,-120.27,-100.51,-37.604
-46.971,-46.875,12.335,37.621,-37.128,-20.1,72.415,-74.285,-109.89,-118.15,-98.85,-36.763
-46.082,-45.026,14.6,35.283,-37.766,-19.197,60.662,-72.716,-106.01,-115.87,-97.085,-36.015
-45.167,-43.654,16.392,33.411,-38.206,-18.425,51.123,-71.079,-101.84,-113.44,-95.209,-35.286
-44.164,-42.621,17.625,31.916,-38.39,-17.77,43.694,-69.365,-97.423,-110.89,-93.295,-34.52
-42.988,-41.823,18.261,30.694,-38.29,-17.233,37.93,-67.55,-92.81,-108.24,-91.429,-33.698
-41.58,-41.174,18.335,29.652,-37.93,-16.815,33.195,-65.586,-88.032,-105.47,-89.658,-32.837
-39.945,-40.601,17.965,28.707,-37.382,-16.514,28.817,-63.39,-83.062,-102.5,-87.955,-31.965
-38.158,-40.038,17.343,27.799,-36.728,-16.322,24.421,-60.845,-77.79,-99.183,-86.219,-31.108
-36.339,-39.432,16.666,26.891,-36.013,-16.217,20.16,-57.786,-72.021,-95.349,-84.306,-30.268
-34.6,-38.745,16.081,25.971,-35.193,-16.156,16.377,-53.989,-65.488,-90.79,-82.063,-29.421
-32.981,-37.956,15.644,25.04,-34.149,-16.067,13.213,-49.153,-57.882,-85.272,-79.361,-28.518
-31.412,-37.056,15.329,24.093,-32.733,-15.865,10.629,-42.891,-48.901,-78.533,-76.099,-27.498
-29.727,-36.03,15.047,23.101,-30.824,-15.463,8.5305,-34.753,-38.292,-70.287,-72.178,-26.297
-27.742,-34.853,14.703,22.006,-28.377,-14.792,6.8091,-24.299,-25.892,-60.234,-67.474,-24.837
-25.357,-33.478,14.27,20.739,-25.488,-13.8,5.3484,-11.251,-11.648,-48.087,-61.8,-23.006
-22.617,-31.838,13.845,19.237,-22.44,-12.447,4.0254,4.3444,4.3962,-33.617,-54.9,-20.62
-19.682,-29.841,13.621,17.441,-19.64,-10.706,2.7037,22.066,22.13,-16.69,-46.469,-17.38
-16.725,-27.37,13.795,15.274,-17.487,-8.5539,1.2267,41.262,41.413,2.6913,-36.214,-12.832
-13.817,-24.292,14.472,12.617,-16.221,-5.9879,-0.57255,61.268,62.108,24.384,-23.934,-6.3779
-10.883,-20.477,15.615,9.317,-15.833,-3.0164,-2.8421,81.584,84.081,48.126,-9.5725,2.5719
-7.7261,-15.819,17.082,5.2182,-16.073,0.35877,-5.6705,101.96,107.2,73.579,6.7828,14.286
-4.11,-10.24,18.708,0.21294,-16.542,4.1765,-9.0513,122.39,131.3,100.37,24.989,28.481
0.16298,-3.6718,20.374,-5.7415,-16.813,8.5484,-12.882,142.93,156.17,128.09,44.942,44.447
5.1957,3.9799,22.024,-12.645,-16.539,13.67,-17.006,163.65,181.52,156.19,66.608,61.402
10.995,12.862,23.642,-20.495,-15.526,19.795,-21.282,184.46,207.02,184.06,89.953,78.774
17.55,23.15,25.221,-29.324,-13.785,27.154,-25.622,205.21,232.38,211.05,114.8,96.255
24.939,34.958,26.753,-39.186,-11.518,35.81,-29.994,225.73,257.33,236.71,140.71,113.68
33.341,48.205,28.231,-50.08,-9.0343,45.532,-34.387,245.89,281.63,260.84,167,130.91
42.867,62.546,29.645,-61.842,-6.613,55.792,-38.776,265.67,305.05,283.47,192.91,147.8
53.31,77.432,30.99,-74.133,-4.3895,65.918,-43.139,284.96,327.26,304.69,217.79,164.25
64.173,92.305,32.277,-86.605,-2.3592,75.318,-47.485,303.45,347.89,324.49,241.19,180.21
74.987,106.77,33.535,-99.074,-0.45621,83.65,-51.877,320.58,366.54,342.73,262.83,195.67
85.529,120.61,34.795,-111.5,1.3967,90.862,-56.411,335.77,382.96,359.21,282.53,210.58
95.806,133.74,36.072,-123.86,3.2903,97.114,-61.196,348.64,397.09,373.81,300.19,224.89
105.95,146.1,37.365,-136.04,5.3224,102.66,-66.308,359.24,409.1,386.55,315.8,238.43
116.07,157.56,38.651,-147.8,7.548,107.74,-71.74,367.92,419.28,397.63,329.44,251
126.1,167.99,39.9,-158.88,9.9321,112.48,-77.35,375.16,427.98,407.31,341.3,262.32
135.77,177.26,41.081,-169,12.367,116.9,-82.866,381.4,435.52,415.91,351.65,272.13
144.72,185.35,42.177,-177.99,14.724,120.98,-87.993,386.95,442.12,423.66,360.8,280.28
152.69,192.33,43.186,-185.81,16.887,124.67,-92.539,391.97,447.93,430.74,369.06,286.88
159.64,198.34,44.108,-192.56,18.767,127.97,-96.463,396.48,453.02,437.23,376.67,292.27
165.71,203.61,44.93,-198.44,20.336,130.87,-99.837,400.46,457.41,443.14,383.77,296.89
171.12,208.28,45.631,-203.66,21.662,133.41,-102.78,403.87,461.1,448.43,390.35,301.17
176.12,212.47,46.201,-208.37,22.889,135.58,-105.42,406.7,464.11,453.01,396.33,305.36
180.83,216.17,46.659,-212.64,24.164,137.39,-107.82,408.95,466.44,456.86,401.56,309.46
185.24,219.32,47.044,-216.42,25.542,138.84,-110.02,410.68,468.1,459.98,405.92,313.33
189.19,221.86,47.393,-219.6,26.949,139.93,-111.99,411.93,469.1,462.39,409.33,316.78
192.48,223.71,47.711,-222.07,28.218,140.66,-113.7,412.68,469.44,464.11,411.78,319.65
194.94,224.88,47.961,-223.78,29.202,141.04,-115.09,412.84,469.03,465.12,413.24,321.84
196.52,225.4,48.056,-224.72,29.88,141.09,-116.14,412.2,467.79,465.31,413.71,323.24
197.28,225.3,47.885,-224.96,30.383,140.8,-116.87,410.48,465.57,464.51,413.12,323.67
197.39,224.64,47.351,-224.55,30.916,140.15,-117.31,407.38,462.23,462.53,411.42,322.88
197.02,223.47,46.414,-223.61,31.632,139.14,-117.45,402.69,457.67,459.22,408.57,320.69
196.24,221.85,45.106,-222.22,32.553,137.77,-117.22,396.26,451.8,454.47,404.59,316.98
195.09,219.85,43.52,-220.43,33.578,136.09,-116.47,388,444.51,448.2,399.54,311.78
193.47,217.5,41.788,-218.25,34.525,134.11,-115.03,377.76,435.65,440.32,393.45,305.17
191.25,214.76,40.049,-215.6,35.176,131.85,-112.76,365.33,425,430.69,386.24,297.22
188.17,211.54,38.425,-212.32,35.324,129.29,-109.59,350.61,412.34,419.16,377.77,287.97
183.93,207.65,36.995,-208.15,34.827,126.42,-105.46,333.7,397.47,405.58,367.84,277.43
178.12,202.94,35.781,-202.79,33.655,123.24,-100.34,314.97,380.35,389.85,356.24,265.55
170.54,197.22,34.74,-196.03,31.922,119.75,-94.264,294.95,361.03,371.94,342.85,252.21
161.37,190.37,33.782,-187.78,29.852,115.91,-87.474,274.15,339.68,351.92,327.62,237.35
151.25,182.28,32.819,-178.18,27.679,111.57,-80.335,252.91,316.48,329.86,310.67,221.04
140.84,172.84,31.817,-167.49,25.475,106.51,-73.195,231.38,291.61,305.83,292.22,203.63
130.42,162.03,30.828,-156.06,23.098,100.57,-66.23,209.57,265.27,279.91,272.54,185.63
119.92,149.96,29.959,-144.16,20.288,93.736,-59.444,187.45,237.73,252.26,251.89,167.52
109.17,136.89,29.305,-131.99,16.852,86.208,-52.745,165.1,209.43,223.2,230.44,149.52
98.116,123.16,28.882,-119.74,12.793,78.302,-46.012,142.72,180.91,193.34,208.31,131.54
86.921,109.14,28.615,-107.58,8.335,70.299,-39.132,120.64,152.81,163.47,185.71,113.4
75.858,95.169,28.372,-95.66,3.8238,62.389,-32.031,99.251,125.75,134.51,163.05,95.101
65.199,81.537,28.033,-84.131,-0.39879,54.701,-24.723,78.87,100.2,107.21,140.9,77.029
55.082,68.449,27.519,-73.027,-4.0728,47.326,-17.421,59.693,76.438,82.046,119.84,59.959
45.494,55.98,26.793,-62.278,-7.0368,40.298,-10.591,41.78,54.533,59.164,100.17,44.636
36.351,44.102,25.851,-51.763,-9.2325,33.582,-4.7843,25.134,34.431,38.489,81.908,31.395
27.621,32.788,24.726,-41.421,-10.716,27.129,-0.29759,9.8224,16.073,19.898,64.885,20.16
19.406,22.116,23.496,-31.359,-11.652,20.959,2.9501,-3.9593,-0.53072,3.3187,48.968,10.684
11.961,12.308,22.269,-21.902,-12.269,15.195,5.2467,-15.982,-15.321,-11.274,34.186,2.7382
5.6048,3.6552,21.14,-13.515,-12.781,10.004,6.8858,-26.142,-28.272,-23.923,20.697,-3.8502
0.52614,-3.6339,20.137,-6.5803,-13.326,5.4985,8.0852,-34.538,-39.453,-34.737,8.6675,-9.234
-3.3278,-9.5389,19.214,-1.2056,-13.944,1.6776,8.9883,-41.414,-49.035,-43.899,-1.8378,-13.579
-6.1704,-14.217,18.272,2.777,-14.6,-1.5437,9.6849,-47.058,-57.249,-51.638,-10.875,-17.066
-8.2359,-17.902,17.225,5.6671,-15.232,-4.2608,10.227,-51.727,-64.337,-58.197,-18.592,-19.868
-9.7258,-20.815,16.069,7.7683,-15.799,-6.5261,10.642,-55.62,-70.509,-63.792,-25.183,-22.132
-10.826,-23.122,14.911,9.3352,-16.31,-8.3581,10.945,-58.877,-75.927,-68.597,-30.864,-23.959
-11.716,-24.944,13.915,10.564,-16.804,-9.7874,11.153,-61.601,-80.693,-72.732,-35.837,-25.42
-12.541,-26.38,13.197,11.592,-17.308,-10.885,11.289,-63.87,-84.875,-76.281,-40.267,-26.572
-13.369,-27.517,12.745,12.496,-17.802,-11.749,11.383,-65.752,-88.523,-79.312,-44.262,-27.474
-14.189,-28.437,12.418,13.307,-18.208,-12.481,11.459,-67.314,-91.689,-81.9,-47.881,-28.191
-14.934,-29.204,12.014,14.025,-18.429,-13.161,11.532,-68.617,-94.424,-84.13,-51.149,-28.782
-15.525,-29.862,11.357,14.634,-18.395,-13.838,11.607,-69.714,-96.782,-86.097,-54.085,-29.292
-15.902,-30.437,10.367,15.119,-18.097,-14.525,11.677,-70.644,-98.809,-87.885,-56.701,-29.75
-16.037,-30.938,9.0914,15.469,-17.588,-15.198,11.722,-71.43,-100.54,-89.55,-59.002,-30.177
-15.95,-31.364,7.6911,15.687,-16.956,-15.813,11.714,-72.087,-102,-91.104,-60.988,-30.571
-15.712,-31.716,6.3717,15.797,-16.296,-16.333,11.637,-72.622,-103.2,-92.51,-62.671,-30.903
-15.428,-32,5.2829,15.845,-15.681,-16.753,11.49,-73.039,-104.14,-93.708,-64.087,-31.133
-15.187,-32.228,4.456,15.878,-15.122,-17.109,11.291,-73.341,-104.84,-94.645,-65.289,-31.235
-14.993,-32.415,3.8093,15.923,-14.531,-17.456,11.062,-73.531,-105.31,-95.303,-66.321,-31.22
-14.76,-32.564,3.2012,15.972,-13.721,-17.825,10.82,-73.623,-105.58,-95.704,-67.199,-31.126
-14.378,-32.673,2.5086,15.995,-12.529,-18.213,10.576,-73.639,-105.69,-95.894,-67.911,-30.996
-13.807,-32.731,1.6987,15.969,-10.956,-18.582,10.348,-73.607,-105.68,-95.925,-68.427,-30.85
-13.111,-32.738,0.85462,15.889,-9.2095,-18.882,10.16,-73.551,-105.58,-95.843,-68.718,-30.69
-12.434,-32.7,0.141,15.772,-7.6358,-19.066,10.037,-73.491,-105.44,-95.686,-68.769,-30.502
-11.932,-32.63,-0.26684,15.644,-6.5999,-19.096,9.9937,-73.438,-105.28,-95.485,-68.603,-30.265
-11.711,-32.541,-0.25542,15.523,-6.3609,-18.958,10.03,-73.402,-105.15,-95.274,-68.277,-29.964
-11.782,-32.436,0.17822,15.41,-6.9799,-18.661,10.12,-73.392,-105.07,-95.084,-67.876,-29.59
-12.053,-32.318,0.91744,15.282,-8.2926,-18.255,10.217,-73.41,-105.07,-94.937,-67.485,-29.157
-12.363,-32.186,1.7634,15.108,-9.9602,-17.819,10.264,-73.453,-105.14,-94.836,-67.16,-28.707
-12.546,-32.039,2.5075,14.862,-11.571,-17.432,10.215,-73.502,-105.27,-94.759,-66.913,-28.31
-12.498,-31.876,3.0059,14.543,-12.751,-17.151,10.047,-73.525,-105.38,-94.658,-66.717,-28.025
-12.217,-31.699,3.2174,14.186,-13.261,-16.997,9.7734,-73.483,-105.42,-94.471,-66.508,-27.866
-11.809,-31.505,3.1912,13.852,-13.064,-16.963,9.4279,-73.338,-105.34,-94.14,-66.208,-27.787
-11.445,-31.295,3.0359,13.613,-12.356,-17.023,9.0543,-73.069,-105.09,-93.629,-65.742,-27.691
-11.277,-31.074,2.8992,13.526,-11.479,-17.137,8.6887,-72.68,-104.67,-92.938,-65.064,-27.463
-11.365,-30.855,2.9267,13.607,-10.727,-17.253,8.35,-72.212,-104.13,-92.107,-64.182,-27.007
-11.651,-30.656,3.1793,13.82,-10.178,-17.33,8.0425,-71.736,-103.55,-91.21,-63.166,-26.283
-11.987,-30.502,3.5809,14.096,-9.6993,-17.35,7.7685,-71.333,-103,-90.34,-62.124,-25.326
-12.215,-30.407,3.9779,14.352,-9.1316,-17.325,7.5393,-71.062,-102.56,-89.578,-61.165,-24.241
-12.255,-30.374,4.2674,14.535,-8.4546,-17.27,7.3708,-70.934,-102.24,-88.967,-60.352,-23.183
-12.146,-30.39,4.4775,14.633,-7.8362,-17.179,7.2724,-70.911,-102,-88.497,-59.679,-22.313
-12.021,-30.43,4.7474,14.669,-7.5648,-17.025,7.2423,-70.922,-101.77,-88.121,-59.097,-21.746
-12.034,-30.46,5.2465,14.677,-7.9226,-16.784,7.2707,-70.9,-101.47,-87.778,-58.546,-21.495
-12.293,-30.451,6.0984,14.679,-9.0692,-16.444,7.3426,-70.802,-101.05,-87.418,-57.988,-21.463
-12.829,-30.388,7.3383,14.685,-10.987,-16.02,7.4375,-70.626,-100.52,-87.009,-57.391,-21.488
-13.607,-30.277,8.9029,14.703,-13.488,-15.54,7.5311,-70.397,-99.905,-86.531,-56.722,-21.423
-14.553,-30.14,10.647,14.747,-16.252,-15.047,7.6003,-70.153,-99.265,-85.974,-55.936,-21.186
-15.573,-30,12.392,14.829,-18.898,-14.577,7.6294,-69.917,-98.637,-85.327,-55.001,-20.781
-16.565,-29.862,13.991,14.953,-21.08,-14.155,7.615,-69.676,-98.01,-84.572,-53.913,-20.281
-17.445,-29.704,15.395,15.106,-22.596,-13.778,7.5734,-69.365,-97.29,-83.656,-52.685,-19.793
-18.165,-29.468,16.663,15.259,-23.433,-13.411,7.5472,-68.856,-96.273,-82.452,-51.31,-19.403
-18.72,-29.067,17.932,15.373,-23.731,-12.978,7.5915,-67.96,-94.646,-80.717,-49.708,-19.136
-19.116,-28.381,19.331,15.392,-23.695,-12.36,7.7296,-66.415,-91.979,-78.036,-47.661,-18.918
-19.324,-27.241,20.896,15.216,-23.494,-11.389,7.9172,-63.834,-87.672,-73.706,-44.744,-18.575
-19.232,-25.404,22.524,14.668,-23.195,-9.8742,8.0727,-59.568,-80.803,-66.49,-40.161,-17.806
-18.628,-22.512,24.021,13.459,-22.759,-7.6256,8.163,-52.431,-69.87,-54.168,-32.391,-16.074
-17.173,-18.065,25.193,11.125,-22.083,-4.5087,8.257,-40.441,-52.649,-33.329,-18.574,-12.223
-14.309,-11.459,25.9,6.9308,-21.04,-0.54163,8.4901,-22.336,-27.684,-2.6398,4.9382,-3.8489
-8.9688,-2.1248,26.015,-0.1265,-19.448,3.989,8.9787,-5.7647,-1.5152,23.515,33.513,10.666
-0.097101,10.236,25.3,-10.678,-16.964,8.5183,9.7769,-12.068,2.9773,11.354,37.017,20.388
6.6511,25.46,23.321,-23.102,-15.489,12.367,10.893,-34.309,-19.979,-23.143,0.35254,10.497
-1.1885,42.946,19.731,-32.846,-25.38,14.988,12.317,-24.034,-16.945,-13.241,-14.963,0.63605
-8.9805,61.865,17.24,-36.663,-32.594,16.176,14.047,13.724,31.762,39.271,10.135,8.756
-5.616,81.379,30.943,-38.729,-36.568,16.221,16.122,64.941,101.07,116.47,61.551,30.787
5.8883,100.73,46.196,-49.962,-36.521,15.847,18.985,123.46,178.02,209.96,137.25,66.783
27.221,119.22,53.031,-74.45,-29.539,15.729,26.304,187.84,263.68,317.27,235.57,119.46
60.791,136.23,51.962,-108.1,-12.61,15.919,54.132,263.28,365.98,443.24,355.02,189.44
107.76,151.4,40.477,-146.59,16.882,15.958,62.952,358.73,493.41,595.3,496.32,274.23
167.89,164.82,15.594,-187.23,61.037,15.551,58.123,481.69,650.26,775.07,658.71,369.21
239.91,177.06,-26.007,-229.28,120.86,14.877,53.988,633.86,833.64,975.17,835.85,469.64
321.91,188.92,-86.286,-273.69,194.14,14.232,50.26,809.89,1031.5,1183.6,1018.5,572.72
412.28,200.99,-161.5,-321.62,277.37,13.587,43.161,995,1223.4,1384.2,1196.4,676.46
508.15,213.24,-241.43,-373.15,366.25,12.528,27.392,1161.3,1380.9,1553.8,1355.9,777.26
603.49,225.2,-317.55,-426.63,453.44,10.435,-2.5842,1273.1,1470.1,1665.6,1481.1,869.69
690.67,236.83,-383.23,-478.96,530.93,6.7145,-50.845,1298.7,1461.4,1695.8,1557.1,947.22
762.42,249.97,-432.56,-526.39,591.57,1.0659,-117.29,1219.7,1339.5,1630.1,1572.5,1003.3
812.7,270.17,-460.75,-565.01,629.74,-6.3683,-196.56,1036.2,1107.1,1466.3,1521.2,1032.6
836.84,303.41,-464.45,-590.77,641.87,-14.908,-278.45,764.39,782.23,1213.2,1403.4,1031.9
831.3,338,-443.26,-599.28,626.73,-21.726,-351.09,430.59,391.76,887.15,1224.6,999.84
793.86,355.29,-400.21,-586.24,585.39,-17.838,-405.2,62.412,-36.183,507.58,994.92,937.14
724.58,350.52,-342.16,-548.51,521.23,-3.668,-434.68,-317.36,-476.41,94.892,726.94,845.9
627.02,322.47,-278.96,-485.52,440.14,8.1722,-437.16,-689.46,-906.42,-329.18,435.84,730.02
509.12,270.11,-219.99,-400.38,350.83,8.4859,-413.6,-1032.9,-1303.6,-740.12,138.77,595.31
382.5,194.86,-175.78,-299.71,264.13,-8.9164,-367.66,-1322.4,-1643.3,-1110.6,-146.25,449.32
259.82,101.71,-158.37,-192.17,190.78,-46.423,-305.06,-1531.6,-1900.6,-1413.1,-401.92,300.56
151.86,-1.5735,-169.53,-86.302,138.06,-101.17,-232.9,-1640.3,-2056,-1624.9,-613.02,157.4
64.649,-106.15,-196.83,10.892,107.58,-165.45,-158.54,-1644.2,-2104.2,-1734.9,-768.04,27.294
-0.68354,-203.39,-223.78,94.408,94.358,-228.65,-90.388,-1557.9,-2057.3,-1748.6,-861.99,-83.084
-46.841,-285.76,-235.82,161.05,89.231,-281.36,-35.324,-1409.1,-1939,-1684.7,-898.64,-168.54
-78.759,-347.47,-228.9,209.16,83.55,-317.46,7.5558,-1228.5,-1774.7,-1567.4,-888.99,-226.93
-101.4,-384.83,-212.53,238.73,72.899,-334.37,38.44,-1042.1,-1585.7,-1418.5,-845.1,-260.28
-118.1,-396.55,-197.51,251.73,57.509,-333.07,55.492,-866.54,-1385.2,-1252.8,-756.7,-273.83
-128.86,-383.19,-186.11,249.56,40.115,-316.66,57.747,-709.09,-1181.8,-1072.9,-600.89,-264.94
-103.96,-339.8,-176.46,215.45,29.309,-287.69,47.775,-575.47,-996.14,-889.26,-471.78,-167.96
-45.972,-274.62,-167.78,148.8,31.809,-249.42,31.1,-474.87,-851.47,-749.83,-415.79,-86.246
-38.953,-243.98,-160.76,127,31.551,-220.87,6.4968,-402.08,-742.19,-657.1,-388.96,-84.948
-41.27,-237.3,-156.38,128.9,29.221,-211.09,3.1492,-344.41,-655.1,-588.7,-366.74,-97.534
-43.689,-235.11,-154.66,131.09,27.017,-208.89,8.2593,-294.86,-583.66,-533.3,-342.33,-106.13
-45.147,-232.09,-154.36,130.72,25.637,-207.39,10.111,-250.73,-525.13,-486.99,-313.71,-108.63
-45.634,-227.1,-153.92,127.97,24.949,-204.49,10.692,-211.98,-476.57,-446.39,-280.79,-106.11
-45.293,-220.15,-152.55,123.25,24.437,-200.34,10.47,-180.9,-433.7,-405.05,-245.64,-100.05
-44.279,-211.53,-150.45,117.01,23.743,-195.9,9.453,-158.28,-390.68,-355.49,-211.75,-91.878
-42.752,-201.53,-148.16,109.68,22.885,-191.95,7.842,-136.53,-341.91,-299.18,-182,-82.903
-40.897,-190.5,-145.84,101.8,22.035,-188.66,5.9602,-116.85,-288.91,-247.52,-157.71,-74.149
-38.911,-178.95,-143.5,93.854,21.291,-185.89,4.0539,-103.89,-241.81,-207.86,-138.81,-66.262
-36.963,-167.43,-141.2,86.227,20.652,-183.46,2.2409,-95.62,-206.86,-179.99,-124.46,-59.521
-35.167,-156.28,-139.03,79.129,20.086,-181.16,0.57736,-89.995,-182.87,-160.85,-113.67,-53.952
-33.566,-145.52,-137.04,72.623,19.58,-178.81,-0.85177,-85.93,-166.45,-147.49,-105.52,-49.456
-32.148,-135.01,-135.16,66.699,19.143,-176.18,-1.9121,-82.887,-154.82,-137.79,-99.303,-45.891
-30.88,-124.58,-133.18,61.34,18.778,-173,-2.4513,-80.61,-146.15,-130.42,-94.488,-43.123
-29.73,-114.21,-130.65,56.55,18.472,-168.92,-2.3231,-78.954,-139.3,-124.52,-90.649,-41.026
-28.674,-104.07,-126.86,52.338,18.205,-163.47,-1.5213,-77.779,-133.55,-119.53,-87.441,-39.466
-27.687,-94.454,-120.85,48.673,17.947,-156.19,-0.45221,-76.896,-128.44,-115.07,-84.58,-38.279
-26.74,-85.647,-111.92,45.47,17.628,-146.67,0.24153,-76.068,-123.61,-110.86,-81.848,-37.261
-25.806,-77.852,-100.38,42.601,17.125,-134.89,0.47334,-75.057,-118.82,-106.66,-79.094,-36.201
-24.865,-71.099,-87.772,39.928,16.324,-121.39,0.81409,-73.683,-113.9,-102.36,-76.236,-34.939
-23.903,-65.243,-75.823,37.325,15.162,-107.25,1.7903,-71.865,-108.76,-97.878,-73.239,-33.422
-22.91,-60.024,-65.279,34.697,13.589,-93.492,3.6839,-69.633,-103.38,-93.223,-70.091,-31.701
-21.881,-55.154,-55.754,31.993,11.525,-80.584,6.6959,-67.114,-97.791,-88.433,-66.777,-29.884
-20.821,-50.399,-46.367,29.203,8.8738,-68.514,10.904,-64.494,-92.054,-83.574,-63.274,-28.075
-19.726,-45.622,-36.462,26.344,5.6207,-57.161,16.262,-61.952,-86.243,-78.719,-59.561,-26.362
-18.585,-40.776,-25.997,23.442,1.9008,-46.578,22.685,-59.595,-80.385,-73.932,-55.645,-24.817
-17.387,-35.872,-15.477,20.521,-2.0091,-36.998,29.861,-57.396,-74.425,-69.233,-51.555,-23.498
-16.149,-30.928,-5.5801,17.622,-5.7907,-28.665,37.016,-55.201,-68.203,-64.572,-47.326,-22.425
-14.934,-25.951,3.2058,14.812,-9.1917,-21.642,43.161,-52.798,-61.482,-59.827,-42.978,-21.56
-13.834,-20.94,10.756,12.193,-12.068,-15.747,47.536,-50,-54.02,-54.856,-38.513,-20.817
-12.92,-15.889,17.263,9.8669,-14.366,-10.614,49.729,-46.71,-45.636,-49.563,-33.935,-20.092
-12.2,-10.779,23.017,7.8864,-16.09,-5.8102,49.63,-42.931,-36.263,-43.922,-29.261,-19.294
-11.629,-5.5618,28.126,6.206,-17.288,-0.96129,47.383,-38.752,-25.953,-37.973,-24.536,-18.37
-11.138,-0.12802,32.454,4.6805,-18.062,4.1486,43.298,-34.318,-14.857,-31.773,-19.812,-17.303
-10.671,5.6794,35.866,3.1076,-18.583,9.546,37.784,-29.778,-3.1623,-25.355,-15.126,-16.107
-10.192,12.014,38.447,1.2881,-19.062,15.131,31.414,-25.225,8.9724,-18.699,-10.461,-14.827
-9.6918,18.939,40.451,-0.92744,-19.696,20.762,24.979,-20.652,21.475,-11.731,-5.738,-13.522
-9.1792,26.341,42.153,-3.615,-20.621,26.268,19.131,-15.962,34.357,-4.3382,-0.83802,-12.26
-8.6514,33.898,43.732,-6.7616,-21.858,31.411,13.922,-11.033,47.655,3.5689,4.3337,-11.1
-8.0623,41.142,45.231,-10.266,-23.289,35.872,8.9123,-5.7857,61.357,12,9.7738,-10.085
4.248,76.013,76.641,-45.864,-41.18,55.702,-17.595,59.587,129.44,79.725,79.125,29.381
-9.3048,76.013,90.105,-38.77,-54.598,62.488,-19.375,75.445,151.97,97.021,82.895,32.295
-17.95,76.917,99.565,-34.483,-63.483,67.635,-21.155,87.112,170.42,113.14,87.757,38.126
-19.299,79.146,103.05,-34.503,-65.635,70.313,-24.945,93.219,182.95,125.28,92.559,45.369
-13.008,82.91,100.44,-39.21,-60.812,70.577,-31.396,94.639,190.03,132.81,96.61,52.19
-0.8729,87.88,93.181,-47.621,-50.658,69.105,-39.786,93.92,194.03,137.28,100.09,56.883
14.178,93.253,83.412,-57.935,-37.732,66.716,-48.608,94.129,198.16,141.47,103.85,58.305
29.534,98.218,72.931,-68.479,-24.272,64.025,-56.419,97.589,205.07,147.97,108.8,56.193
43.816,102.41,62.751,-78.36,-11.49,61.371,-62.552,105,215.79,157.96,115.32,51.224
56.914,106.03,53.179,-87.517,0.40396,58.907,-67.397,115.28,229.49,170.79,123.03,44.784
