-15.508,-41.537,-22.064,30.178,5.6036,-32.732,205.39,218.17,115.85,20.484,36.934,-4.9993
-24.079,-31.648,-3.5777,29.892,-7.7509,-18.237,188.71,198.79,103.89,11.222,35.366,-9.5365
-26.998,-22.124,8.8911,26.822,-15.269,-6.9791,173.62,182.66,94.309,1.7891,35.204,-13.666
-21.713,-13.199,12.556,19.756,-14.267,-0.4934,161.2,171.67,88.631,-7.3503,37.445,-16.79
-9.8769,-5.1153,8.8282,9.6887,-6.2549,1.8134,151.69,165.82,87.12,-14.971,42.317,-18.085
4.3001,1.4832,1.2739,-0.85728,4.8801,1.4296,144.17,163.03,88.441,-19.677,48.992,-17.104
16.764,5.6159,-7.0335,-9.2911,15.545,-0.57521,136.94,160.13,90.1,-20.609,55.855,-14.207
25.545,6.5575,-14.849,-14.247,24.085,-3.9277,128.41,154.32,89.562,-17.848,61.205,-10.476
31.102,4.5308,-22.41,-16.086,30.805,-8.633,117.84,144.37,85.347,-12.588,63.877,-7.2567
35.26,0.94965,-30.127,-16.447,36.813,-14.199,105.59,130.94,77.534,-7.0686,63.455,-5.6158
39.418,-2.086,-37.298,-17.069,42.487,-19.238,92.716,116.03,67.572,-3.9658,60.218,-5.852
15.231,-8.4024,-18.743,-3.3061,20.219,-14.077,78.211,101.2,45.34,-19.311,32.141,-6.1179
15.377,-8.185,-18.637,-3.2953,20.097,-14.273,64.945,90.257,38.93,-21.354,29.937,-6.1573
14.855,-8.2834,-18.008,-2.9887,19.244,-14.684,52.888,79.539,33.385,-23.44,27.202,-6.1552
13.706,-8.6793,-16.994,-2.3508,17.797,-15.209,42.042,69.111,28.467,-25.459,23.986,-5.9481
12.134,-9.3779,-15.878,-1.3931,16.022,-15.817,32.147,58.866,23.913,-27.234,20.36,-5.4903
10.485,-10.383,-15.063,-0.21198,14.357,-16.564,22.923,48.681,19.536,-28.625,16.422,-4.9012
9.1737,-11.652,-14.971,1.0089,13.356,-17.525,14.214,38.582,15.263,-29.606,12.268,-4.4181
8.5928,-13.069,-15.906,2.0352,13.504,-18.722,6.0049,28.79,11.106,-30.275,7.9621,-4.2985
9.0223,-14.479,-17.939,2.6467,15.015,-20.097,-1.6329,19.618,7.1085,-30.812,3.5467,-4.7198
10.534,-15.748,-20.87,2.7115,17.759,-21.534,-8.6252,11.314,3.3121,-31.408,-0.91705,-5.7094
12.921,-16.818,-24.274,2.2416,21.323,-22.903,-14.944,3.9724,-0.24482,-32.195,-5.3108,-7.127
15.722,-17.713,-27.638,1.3953,25.127,-24.11,-20.614,-2.4588,-3.5298,-33.212,-9.4645,-8.7041
18.391,-18.495,-30.513,0.42356,28.573,-25.11,-25.696,-8.1159,-6.5338,-34.393,-13.201,-10.126
20.474,-19.203,-32.616,-0.41172,31.181,-25.89,-30.26,-13.142,-9.2818,-35.59,-16.389,-11.128
21.671,-19.834,-33.817,-0.91034,32.658,-26.444,-34.378,-17.639,-11.823,-36.618,-18.983,-11.589
21.811,-20.354,-34.081,-0.96676,32.888,-26.756,-38.113,-21.655,-14.212,-37.344,-21.039,-11.569
20.837,-20.743,-33.442,-0.5549,31.891,-26.824,-41.534,-25.197,-16.489,-37.751,-22.705,-11.289
18.812,-21.015,-32.021,0.30501,29.803,-26.676,-44.691,-28.249,-18.658,-37.948,-24.166,-11.036
15.923,-21.211,-30.031,1.5529,26.866,-26.362,-47.604,-30.77,-20.676,-38.114,-25.58,-11.043
12.466,-21.368,-27.735,3.0669,23.418,-25.934,-50.245,-32.707,-22.453,-38.417,-27.029,-11.39
8.8109,-21.49,-25.365,4.6507,19.831,-25.418,-52.554,-34.009,-23.89,-38.945,-28.506,-11.984
5.3689,-21.552,-23.106,6.0583,16.47,-24.817,-54.476,-34.662,-24.932,-39.692,-29.926,-12.611
2.5521,-21.517,-21.12,7.0561,13.676,-24.135,-55.996,-34.731,-25.606,-40.582,-31.167,-13.026
0.71272,-21.376,-19.569,7.4959,11.759,-23.403,-57.159,-34.363,-26.035,-41.506,-32.113,-13.061
0.028483,-21.155,-18.552,7.3648,10.881,-22.679,-58.063,-33.774,-26.399,-42.357,-32.697,-12.686
0.41832,-20.899,-18.067,6.7916,10.942,-22.034,-58.819,-33.186,-26.865,-43.061,-32.906,-11.994
1.5545,-20.666,-18.013,6.0116,11.613,-21.529,-59.508,-32.769,-27.526,-43.59,-32.77,-11.137
2.9416,-20.505,-18.215,5.3025,12.481,-21.197,-60.162,-32.608,-28.372,-43.968,-32.349,-10.271
4.0276,-20.46,-18.457,4.9166,13.157,-21.041,-60.762,-32.705,-29.315,-44.262,-31.726,-9.5191
4.3561,-20.553,-18.535,5.0211,13.354,-21.039,-61.264,-33.008,-30.245,-44.56,-31.008,-8.9468
3.7291,-20.772,-18.335,5.6498,12.938,-21.152,-61.626,-33.454,-31.081,-44.947,-30.309,-8.5535
2.2857,-21.061,-17.874,6.6792,11.984,-21.33,-61.828,-33.992,-31.795,-45.469,-29.723,-8.2804
0.44644,-21.336,-17.304,7.8541,10.774,-21.523,-61.865,-34.587,-32.403,-46.105,-29.294,-8.0435
-1.23,-21.515,-16.874,8.8639,9.7303,-21.703,-61.744,-35.222,-32.94,-46.76,-29.006,-7.7831
-2.2221,-21.571,-16.859,9.4395,9.2786,-21.877,-61.469,-35.898,-33.442,-47.289,-28.798,-7.5073
-2.189,-21.537,-17.467,9.4318,9.6972,-22.083,-61.04,-36.641,-33.926,-47.549,-28.604,-7.2987
-1.0262,-21.478,-18.741,8.8465,11.04,-22.352,-60.454,-37.49,-34.387,-47.457,-28.377,-7.2808
1.1017,-21.438,-20.502,7.8319,13.111,-22.669,-59.72,-38.49,-34.808,-47.017,-28.1,-7.5637
3.726,-21.411,-22.362,6.6354,15.462,-22.953,-58.858,-39.667,-35.17,-46.313,-27.787,-8.1974
6.1643,-21.353,-23.811,5.5461,17.477,-23.077,-57.894,-41.02,-35.465,-45.484,-27.467,-9.1437
7.702,-21.21,-24.355,4.8288,18.531,-22.905,-56.849,-42.512,-35.691,-44.663,-27.173,-10.273
7.7583,-20.927,-23.632,4.6616,18.15,-22.318,-55.73,-44.068,-35.855,-43.937,-26.926,-11.387
6.0574,-20.457,-21.493,5.0989,16.126,-21.235,-54.518,-45.59,-35.958,-43.309,-26.714,-12.268
2.7505,-19.759,-18.012,6.0624,12.577,-19.597,-53.17,-46.956,-35.981,-42.69,-26.486,-12.741
-1.6198,-18.791,-13.429,7.3611,7.9324,-17.361,-51.619,-48.035,-35.881,-41.909,-26.152,-12.714
-6.2796,-17.514,-8.056,8.7296,2.8479,-14.483,-49.784,-48.694,-35.586,-40.759,-25.61,-12.195
-10.424,-15.882,-2.1984,9.8799,-1.9518,-10.951,-47.593,-48.816,-35.015,-39.063,-24.789,-11.281
-13.437,-13.843,3.7809,10.567,-5.872,-6.8387,-45.001,-48.324,-34.104,-36.731,-23.687,-10.117
-15.101,-11.338,9.3911,10.657,-8.6763,-2.3047,-41.996,-47.189,-32.814,-33.782,-22.371,-8.8581
-15.651,-8.32,14.356,10.17,-10.682,2.5223,-38.581,-45.429,-31.126,-30.317,-20.943,-7.6293
-15.619,-4.7796,19.004,9.2677,-12.729,7.6204,-34.751,-43.096,-29.03,-26.476,-19.483,-6.4693
-15.612,-0.76347,24.022,8.1942,-15.79,12.984,-30.481,-40.27,-26.528,-22.375,-18.013,-5.2734
-16.107,3.6318,29.879,7.175,-20.392,18.503,-25.734,-37.062,-23.653,-18.058,-16.488,-3.8043
-17.301,8.2933,36.566,6.3335,-26.217,23.992,-20.491,-33.616,-20.485,-13.454,-14.79,-1.7954
-19.062,13.129,43.736,5.6507,-32.318,29.289,-14.768,-30.089,-17.144,-8.4077,-12.752,0.91199
-20.991,18.083,50.929,4.9835,-37.782,34.315,-8.648,-26.621,-13.757,-2.7948,-10.2,4.2788
-22.598,23.146,57.708,4.1432,-42.111,39.068,-2.2937,-23.308,-10.434,3.3709,-7.0172,8.0698
-23.531,28.348,63.675,3.0091,-45.206,43.614,4.0637,-20.178,-7.2449,9.9188,-3.1983,11.945
-23.74,33.742,68.608,1.6069,-47.268,48.057,10.172,-17.19,-4.2173,16.586,1.1447,15.581
-23.502,39.332,72.675,0.08829,-48.714,52.47,15.822,-14.24,-1.3394,23.116,5.8045,18.761
-23.267,44.987,76.409,-1.3661,-50.055,56.834,20.891,-11.212,1.4112,29.353,10.519,21.422
-23.408,50.441,80.389,-2.6343,-51.669,61.021,25.321,-8.0337,4.0363,35.284,15.024,23.638
-24.001,55.402,84.846,-3.6827,-53.582,64.844,29.094,-4.7008,6.5078,40.996,19.119,25.572
-24.771,59.676,89.41,-4.572,-55.45,68.121,32.202,-1.2808,8.7824,46.544,22.702,27.401
-25.193,63.21,93.258,-5.4649,-56.727,70.716,34.649,2.1079,10.818,51.874,25.76,29.253
-24.72,66.065,95.645,-6.6011,-56.884,72.556,36.45,5.3168,12.577,56.905,28.332,31.176
-23.039,68.356,96.244,-8.2172,-55.621,73.648,37.619,8.194,14.028,61.672,30.466,33.143
-20.242,70.19,95.155,-10.458,-53.027,74.081,38.139,10.623,15.146,66.375,32.202,35.092
-16.811,71.635,92.831,-13.328,-49.6,74.015,37.955,12.559,15.929,71.366,33.577,36.967
-13.44,72.724,89.963,-16.678,-46.078,73.647,37.007,14.032,16.401,76.991,34.632,38.739
-10.781,73.5,87.235,-20.201,-43.169,73.161,35.276,15.118,16.598,83.225,35.421,40.414
-9.2207,74.028,85.077,-23.532,-41.308,72.69,32.801,15.887,16.545,89.455,36.007,42.04
-8.7581,74.404,83.541,-26.436,-40.55,72.295,29.662,16.382,16.255,94.896,36.465,43.689
-9.0095,74.726,82.363,-28.941,-40.589,71.977,25.977,16.633,15.741,99.236,36.883,45.419
-9.3458,75.072,81.109,-31.323,-40.853,71.677,21.904,16.67,15.039,102.79,37.36,47.244
-9.108,75.481,79.341,-33.958,-40.653,71.277,17.624,16.528,14.201,106.16,37.986,49.129
-7.8287,75.937,76.764,-37.11,-39.375,70.627,13.312,16.239,13.282,109.85,38.825,51.007
-5.4004,76.376,73.392,-40.716,-36.735,69.601,9.1111,15.836,12.331,113.98,39.896,52.807
-2.133,76.704,69.578,-44.341,-32.961,68.164,5.1292,15.374,11.402,118.36,41.169,54.468
1.362,76.832,65.819,-47.428,-28.753,66.404,1.4566,14.93,10.557,122.58,42.572,55.948
4.4189,76.702,62.491,-49.618,-24.96,64.491,-1.8113,14.576,9.874,126.3,44.006,57.225
6.562,76.302,59.734,-50.877,-22.115,62.605,-4.5737,14.355,9.4304,129.4,45.367,58.313
7.6789,75.661,57.476,-51.446,-20.203,60.864,-6.7442,14.263,9.2876,131.94,46.585,59.28
8.0775,74.833,55.497,-51.712,-18.776,59.28,-8.2773,14.257,9.465,134.09,47.637,60.232
8.3324,73.879,53.527,-52.048,-17.271,57.77,-9.1904,14.257,9.926,136.07,48.544,61.268
8.9721,72.87,51.336,-52.642,-15.297,56.198,-9.5667,14.151,10.581,138.04,49.364,62.445
10.208,71.865,48.863,-53.389,-12.802,54.467,-9.5361,13.813,11.308,140.06,50.185,63.781
11.829,70.893,46.339,-53.941,-10.12,52.619,-9.2397,13.116,11.977,142.1,51.119,65.288
13.287,69.907,44.262,-53.844,-7.8612,50.856,-8.7922,11.971,12.485,144.08,52.295,66.987
13.937,68.769,43.193,-52.612,-6.6903,49.443,-8.2533,10.358,12.79,145.88,53.818,68.895
13.297,67.26,43.48,-49.753,-7.0618,48.541,-7.6196,8.3378,12.929,147.39,55.729,71.003
11.219,65.135,45.08,-44.976,-9.0263,48.1,-6.8449,6.0167,12.976,148.59,57.924,73.238
7.9263,62.205,47.526,-38.745,-12.192,47.871,-5.8847,3.4869,12.96,149.56,60.122,75.415
3.952,58.417,50.045,-32.388,-15.827,47.5,-4.7409,0.78443,12.833,150.37,61.895,77.187
-0.0059452,53.872,51.796,-26.997,-19.055,46.64,-3.4791,-2.1074,12.484,151.07,62.791,78.051
-3.2886,48.759,52.133,-22.647,-21.134,45.039,-2.2085,-5.2201,11.795,151.6,62.472,77.478
-5.5716,43.25,50.837,-18.798,-21.729,42.609,-1.0368,-8.5574,10.684,151.77,60.815,75.183
-7.0437,37.454,48.172,-14.866,-21.072,39.452,-0.030966,-12.073,9.1288,151.38,57.921,71.3
-8.2581,31.451,44.762,-10.517,-19.875,35.81,0.79328,-15.686,7.1553,150.33,54.008,66.237
-9.7913,25.334,41.311,-5.7936,-19.018,31.974,1.4535,-19.314,4.8032,148.63,49.248,60.406
-12.019,19.23,38.352,-1.0633,-19.166,28.177,1.9687,-22.909,2.0973,146.31,43.688,54.113
-15.059,13.279,36.111,3.2601,-20.482,24.522,2.3305,-26.464,-0.95897,143.41,37.34,47.576
-18.697,7.6038,34.413,7.028,-22.569,20.957,2.4888,-29.994,-4.3711,139.93,30.328,40.962
-22.361,2.2671,32.689,10.281,-24.62,17.308,2.3651,-33.503,-8.1335,135.84,22.928,34.415
-25.282,-2.7176,30.241,12.974,-25.729,13.373,1.8947,-36.962,-12.21,131.15,15.498,28.105
-26.753,-7.3056,26.628,14.937,-25.28,9.06,1.0726,-40.309,-16.511,125.94,8.3561,22.243
-26.372,-11.349,21.936,16.031,-23.173,4.5203,-0.032279,-43.462,-20.882,120.49,1.6891,17.059
-24.212,-14.668,16.72,16.268,-19.791,0.13999,-1.3013,-46.328,-25.113,115.17,-4.4691,12.749
-20.808,-17.192,11.68,15.846,-15.81,-3.6676,-2.6037,-48.813,-28.98,110.41,-10.128,9.3711
-16.993,-18.998,7.374,15.09,-11.991,-6.6801,-3.8285,-50.83,-32.313,106.46,-15.176,6.8256
-13.664,-20.243,4.1284,14.354,-8.978,-8.8989,-4.912,-52.329,-35.04,103.34,-19.378,4.9475
-11.521,-21.095,2.0195,13.917,-7.1545,-10.465,-5.859,-53.337,-37.198,100.9,-22.561,3.5717
-10.896,-21.698,0.92375,13.916,-6.5944,-11.573,-6.7422,-53.973,-38.915,98.898,-24.743,2.5232
-11.755,-22.159,0.62988,14.343,-7.148,-12.401,-7.6682,-54.411,-40.35,97.198,-26.112,1.6284
-13.825,-22.548,0.94357,15.084,-8.5644,-13.064,-8.7227,-54.819,-41.64,95.874,-26.915,0.76845
-16.666,-22.9,1.7083,15.993,-10.53,-13.596,-9.9228,-55.292,-42.849,95.201,-27.368,-0.083025
-19.701,-23.208,2.7613,16.91,-12.649,-13.977,-11.207,-55.831,-43.958,95.55,-27.625,-0.88379
-22.279,-23.436,3.888,17.668,-14.474,-14.177,-12.461,-56.368,-44.899,97.257,-27.784,-1.5871
-23.816,-23.548,4.8251,18.109,-15.612,-14.195,-13.571,-56.816,-45.607,100.47,-27.91,-2.1952
-23.982,-23.532,5.3269,18.134,-15.806,-14.073,-14.47,-57.134,-46.06,104.96,-28.056,-2.7737
-22.829,-23.419,5.2345,17.751,-14.995,-13.898,-15.167,-57.35,-46.301,110.05,-28.271,-3.426
-20.762,-23.28,4.5096,17.097,-13.361,-13.778,-15.738,-57.559,-46.424,114.8,-28.597,-4.2402
-18.398,-23.194,3.2794,16.422,-11.318,-13.801,-16.291,-57.873,-46.539,118.56,-29.046,-5.2319
-16.431,-23.209,1.8783,16.001,-9.4472,-13.971,-16.909,-58.366,-46.723,121.29,-29.569,-6.3156
-15.457,-23.308,0.77855,16.005,-8.3347,-14.189,-17.615,-59.029,-47.002,123.45,-30.065,-7.3246
-15.754,-23.41,0.39297,16.421,-8.3442,-14.297,-18.374,-59.765,-47.349,125.66,-30.42,-8.0727
-17.162,-23.407,0.87172,17.062,-9.4315,-14.167,-19.126,-60.413,-47.713,128.31,-30.556,-8.4292
-19.129,-23.2,2.0272,17.643,-11.148,-13.769,-19.809,-60.776,-48.035,131.43,-30.465,-8.3731
-20.905,-22.733,3.4203,17.881,-12.823,-13.171,-20.352,-60.628,-48.252,134.72,-30.214,-7.9991
-21.796,-21.997,4.5462,17.566,-13.82,-12.494,-20.636,-59.702,-48.286,137.8,-29.911,-7.4699
-21.403,-21.027,5.0304,16.625,-13.745,-11.837,-20.438,-57.684,-48.004,140.4,-29.651,-6.9343
-19.74,-19.89,4.7647,15.153,-12.56,-11.226,-19.384,-54.256,-47.192,142.47,-29.444,-6.4543
-17.19,-18.655,3.9432,13.394,-10.574,-10.593,-16.939,-49.293,-45.52,144.1,-29.191,-5.9757
-14.31,-17.363,2.9775,11.645,-8.2991,-9.7984,-12.499,-43.553,-42.592,145.45,-28.674,-5.3536
-11.607,-15.984,2.306,10.124,-6.2419,-8.6925,-6.1853,-40.661,-38.399,146.65,-27.592,-4.4147
-9.409,-14.417,2.189,8.8783,-4.7254,-7.1908,-1.9311,-45.592,-34.817,147.79,-25.611,-3.0196
-7.8397,-12.505,2.6297,7.7861,-3.8178,-5.3056,-6.4481,-50.949,-35.642,149.35,-22.467,-1.0908
-6.8367,-10.083,3.4498,6.6255,-3.3923,-3.1216,-12.647,-48.995,-38.639,153.23,-18.269,1.3692
-6.1691,-7.0154,4.4309,5.1974,-3.2729,-0.73643,-11.938,-39.744,-38.018,161.07,-14.734,4.0473
-5.4232,-3.2216,5.4451,3.3937,-3.3619,1.8128,-3.4704,-22.539,-31.2,171.34,-15.806,4.9996
-3.9569,1.3201,6.5022,1.0503,-3.6276,4.6237,12.629,0.49597,-16.123,182.62,-15.359,0.18367
-1.2743,6.5738,7.6981,-2.197,-4.0144,7.9404,34.307,36.172,7.7476,195.18,-9.7812,-1.4291
0.83552,12.21,9.081,-4.8694,-4.4801,12.008,66.562,92.893,38.502,210.33,-0.79016,1.6094
0.32908,15.94,10.488,-8.0404,-5.1198,16.727,118.97,158.6,73.502,229.83,12.905,7.429
1.7766,19.689,11.47,-13.458,-6.1147,21.315,180.74,222.44,109,254.86,32.442,16.942
6.0229,27.254,11.384,-19.945,-6.9022,24.511,238.29,271.7,139.49,285.04,58.727,31.181
13.824,34.709,9.6389,-27.437,-4.4323,25.786,276.99,292.02,159.31,318.45,92.077,51.139
26.576,42.112,6.0532,-36.708,4.1231,26.176,285.2,271.88,165.64,352.34,131.2,77.025
45.451,52.017,1.1473,-49.796,19.285,26.986,258.79,206.94,159.78,385.09,174.24,107.49
71.592,68.09,-5.116,-69.788,39.709,29.754,200.48,101.75,144.39,419.11,221.92,142.08
106.05,93.659,-16.716,-99.244,62.519,36.913,115.91,-33.115,116.89,457.44,277.84,183.22
147.96,130.15,-21.298,-137.89,85.976,50.834,9.8068,-183.67,75.43,501.28,345.77,233.37
194.56,176.19,-19.483,-183.94,110.08,71.934,-116.45,-334.49,32.152,555.85,429.03,293.5
245.56,228.58,-14.944,-236.68,135.44,98.76,-265.18,-477.59,-2.6686,626.75,530.9,363.6
302.71,283.72,-12.099,-294.55,163.68,127.92,-440.6,-610.15,-26.744,716.75,653.15,442.99
367.19,337.54,-16.332,-355.26,198.65,152.53,-645.97,-734.57,-43.547,824.36,793.45,529.94
439.09,386.48,-34.394,-416.52,244.15,166.64,-880.39,-859.18,-59.874,943.48,945.16,620.79
516.76,427.8,-73.387,-476.2,300.61,168.98,-1136.5,-991.66,-82.243,1064.4,1099.1,710.58
597.71,458.86,-133.38,-532.17,366.13,159.4,-1400.6,-1133.3,-115.45,1175.4,1245,793.93
678.63,478,-201.82,-581.86,437.96,138.33,-1654.8,-1278,-161.53,1265.3,1372.8,865.66
755.1,485.09,-272.69,-622.85,511.43,107.56,-1881.1,-1413.9,-217.91,1326.8,1474,921.53
822.61,480.46,-344.3,-653.18,581.28,69.849,-2063.4,-1525.7,-278.14,1356.8,1542.4,958.3
877.04,464.12,-412.88,-671.13,643.66,27.658,-2190.5,-1598.8,-333.44,1355.9,1574.1,973.5
914.9,435.19,-476.82,-674.75,695.78,-18.271,-2257.2,-1624,-377.67,1327.5,1567.6,965.49
933.76,391.79,-536.28,-661.94,735.76,-68.914,-2264,-1600.9,-410.9,1274.7,1523.3,933.83
931.86,331.68,-592.08,-630.56,762.9,-126.06,-2216.9,-1539.7,-435.51,1198.6,1442.2,879.21
907.84,253.55,-644.49,-579.08,776.56,-190.91,-2125.3,-1459.6,-455.67,1095.8,1325.4,803.27
861.19,158.51,-691.4,-507.63,775.43,-261.96,-1999.6,-1381.9,-484.02,960.03,1172.5,708.42
792.21,51.183,-728.1,-418.97,757.78,-334.34,-1849.2,-1322.4,-533.07,785.3,983.76,598.09
702.52,-60.095,-748.62,-319.04,722.12,-400.72,-1682.3,-1286.3,-606.23,570.98,762.34,477.26
597.09,-164.21,-747.67,-216.27,668.68,-452.6,-1505.8,-1266.6,-697.34,326.86,518.56,353.06
485.07,-249.69,-722.72,-119.75,600.7,-482.55,-1325.6,-1247.1,-791.03,74.443,270.97,233.97
377.27,-307.68,-674.8,-37.693,523.65,-486.62,-1147.6,-1208.2,-867.03,-156.99,43.051,128.48
281.56,-334.48,-608.46,24.032,444.07,-465.52,-977.84,-1138.1,-906.99,-338.7,-142.86,43.641
202.13,-332.24,-531.04,63.412,368.19,-424.17,-822.16,-1039.4,-900.82,-451.71,-271.32,-16.013
140.85,-307.65,-450.03,82.541,299.11,-370.08,-683.62,-920.86,-849.84,-492.38,-338.04,-50.092
96.789,-269.45,-371.14,86.065,237.87,-311.19,-563.7,-792.71,-764.91,-471.66,-350.98,-64.196
66.369,-226.15,-298.69,79.772,185.33,-254.09,-462.48,-665.06,-660.73,-409.46,-326.82,-65.401
45.107,-184.23,-235.11,69.263,140.9,-203.12,-377.89,-545.59,-550.76,-327.75,-284.21,-60.599
28.112,-147.6,-180.86,58.846,103.9,-160.55,-306.77,-439.06,-445.52,-245.15,-238.2,-55.251
10.948,-118.01,-135.66,50.979,72.206,-126.82,-246.54,-348.4,-352.53,-172.68,-197.89,-52.203
-6.9512,-96.171,-97.873,34.065,41.956,-100.79,-195.89,-275.05,-276.02,-110.19,-166.63,-51.491
-21.324,-81.47,-66.615,25.239,15.936,-80.704,-154.37,-218.29,-216.83,-64.506,-143.98,-41.632
-28.984,-71.014,-43.659,26.067,-0.34276,-65.254,-121.6,-175.59,-172.89,-52.399,-127.96,-28.872
-27.244,-62.516,-29.044,26.582,-8.2309,-53.811,-96.814,-143.62,-140.61,-57.917,-116.06,-28.354
-18.098,-55.28,-21.055,25.306,-10.134,-45.772,-78.727,-118.98,-116.62,-49.657,-105.64,-28.055
-10.724,-49.282,-18.277,22.674,-7.2146,-40.471,-65.836,-98.801,-98.142,-39.137,-95.672,-27.304
-6.0693,-43.833,-20.304,19.417,1.6835,-38.042,-57.088,-81.21,-83.016,-32.631,-86.307,-26.47
-1.4413,-38.274,-29.14,16.028,14.624,-38.621,-53.085,-65.841,-69.872,-31.906,-77.872,-25.872
3.5324,-34.369,-36.413,12.829,21.563,-37.481,-49.734,-56.644,-58.031,-27.681,-71.012,-25.645
8.2089,-32.035,-37.949,10.084,25.676,-35.419,-44.556,-51.775,-48.285,-20.866,-66.443,-25.721
11.739,-30.506,-38.495,8.0001,28.268,-33.948,-39.772,-45.099,-45.144,-15.609,-62.767,-25.859
13.437,-29.401,-38.171,6.6985,29.187,-32.828,-35.894,-39.26,-43.63,-11.828,-59.233,-25.751
13.029,-28.549,-36.685,6.2029,28.248,-31.775,-32.792,-34.889,-40.691,-9.111,-56.046,-25.177
10.727,-27.878,-34.121,6.4405,25.616,-30.689,-30.316,-31.843,-37.296,-7.0914,-53.211,-24.102
7.1299,-27.361,-30.881,7.2443,21.824,-29.606,-28.381,-29.926,-33.989,-5.5678,-50.631,-22.689
3.0545,-26.983,-27.531,8.3727,17.61,-28.622,-26.942,-28.961,-31.016,-4.4924,-48.262,-21.221
-0.6911,-26.719,-24.602,9.5577,13.696,-27.817,-25.944,-28.754,-28.471,-3.8814,-46.096,-19.974
-3.5561,-26.52,-22.406,10.562,10.595,-27.209,-25.285,-29.073,-26.325,-3.7229,-44.114,-19.122
-5.3603,-26.324,-20.987,11.224,8.5228,-26.75,-24.821,-29.674,-24.452,-3.9303,-42.266,-18.69
-6.2006,-26.069,-20.237,11.491,7.4326,-26.352,-24.399,-30.342,-22.687,-4.3511,-40.494,-18.571
-6.2992,-25.715,-19.997,11.412,7.1389,-25.924,-23.912,-30.942,-20.899,-4.8141,-38.754,-18.58
-5.9166,-25.256,-20.05,11.097,7.4016,-25.402,-23.326,-31.43,-19.043,-5.183,-37.048,-18.534
-5.2862,-24.718,-20.16,10.658,7.9236,-24.772,-22.677,-31.848,-17.162,-5.3918,-35.432,-18.326
-4.4994,-24.149,-20.197,10.158,8.4711,-24.079,-22.038,-32.274,-15.358,-5.4544,-34.007,-17.962
-3.489,-23.604,-20.21,9.5968,9.0263,-23.41,-21.481,-32.775,-13.731,-5.4487,-32.878,-17.546
-2.2065,-23.121,-20.319,8.9332,9.6946,-22.852,-21.051,-33.376,-12.338,-5.4783,-32.095,-17.222
-0.76964,-22.706,-20.522,8.1411,10.477,-22.432,-20.753,-34.054,-11.165,-5.6336,-31.616,-17.1
0.54187,-22.328,-20.606,7.2687,11.158,-22.083,-20.562,-34.772,-10.151,-5.9742,-31.302,-17.204
1.3639,-21.942,-20.24,6.4533,11.368,-21.685,-20.448,-35.517,-9.2267,-6.5354,-30.959,-17.475
1.3581,-21.524,-19.168,5.8775,10.764,-21.136,-20.394,-36.329,-8.3603,-7.3431,-30.404,-17.805
0.33989,-21.094,-17.373,5.6997,9.2205,-20.427,-20.404,-37.295,-7.5706,-8.4189,-29.533,-18.079
-1.627,-20.716,-15.112,5.9994,6.9219,-19.654,-20.49,-38.5,-6.9094,-9.7599,-28.365,-18.219
-4.2222,-20.465,-12.825,6.7563,4.3,-18.983,-20.653,-39.967,-6.4167,-11.308,-27.026,-18.205
-6.9638,-20.393,-10.988,7.8546,1.8717,-18.573,-20.856,-41.616,-6.078,-12.935,-25.702,-18.063
-9.3634,-20.5,-9.9659,9.1007,0.083682,-18.506,-21.023,-43.267,-5.8028,-14.462,-24.561,-17.85
-11.047,-20.728,-9.926,10.254,-0.76424,-18.75,-21.046,-44.689,-5.4385,-15.698,-23.7,-17.628
-11.792,-20.987,-10.807,11.07,-0.5498,-19.186,-20.822,-45.675,-4.8156,-16.5,-23.108,-17.46
-11.491,-21.182,-12.352,11.358,0.65767,-19.654,-20.281,-46.101,-3.8057,-16.802,-22.672,-17.404
-10.112,-21.254,-14.203,11.025,2.625,-20.013,-19.413,-45.968,-2.37,-16.626,-22.226,-17.501
-7.7486,-21.179,-16.021,10.102,5.0214,-20.19,-18.266,-45.387,-0.5701,-16.07,-21.608,-17.759
-4.7226,-20.963,-17.555,8.7377,7.4912,-20.183,-16.932,-44.531,1.4656,-15.264,-20.709,-18.134
-1.5836,-20.637,-18.631,7.1747,9.6746,-20.032,-15.504,-43.561,3.601,-14.315,-19.467,-18.523
0.99266,-20.249,-19.089,5.7186,11.179,-19.769,-14.034,-42.56,5.7415,-13.247,-17.845,-18.782
2.368,-19.858,-18.785,4.6859,11.618,-19.387,-12.505,-41.5,7.855,-11.993,-15.811,-18.768
2.1406,-19.514,-17.651,4.3226,10.761,-18.861,-10.837,-40.274,9.973,-10.434,-13.347,-18.394
0.32177,-19.239,-15.782,4.7033,8.6926,-18.175,-8.9261,-38.752,12.169,-8.4776,-10.485,-17.678
-2.6148,-19.008,-13.478,5.6745,5.841,-17.362,-6.7185,-36.865,14.515,-6.1353,-7.3295,-16.754
-5.8595,-18.761,-11.221,6.9001,2.8971,-16.535,-4.257,-34.649,17.025,-3.5448,-4.07,-15.845
-8.5269,-18.418,-9.547,7.9888,0.60204,-15.86,-1.679,-32.236,19.633,-0.92053,-0.93327,-15.191
-9.9704,-17.917,-8.7772,8.6337,-0.57741,-15.462,0.8487,-29.786,22.232,1.5516,1.8891,-14.946
-10.025,-17.239,-8.7501,8.7149,-0.72197,-15.309,3.2272,-27.397,24.755,3.8176,4.31,-15.084
-9.0497,-16.419,-8.9197,8.3204,-0.40488,-15.218,5.4942,-25.041,27.274,6.0038,6.3659,-15.377
-7.7619,-15.526,-8.7712,7.6578,-0.29029,-14.975,7.8183,-22.567,30.027,8.3793,8.1733,-15.501
-6.8986,-14.627,-8.0855,6.9165,-0.63435,-14.436,10.422,-19.767,33.388,11.219,9.8421,-15.194
-6.7686,-13.752,-6.9985,6.182,-1.1357,-13.587,13.495,-16.475,37.764,14.617,11.388,-14.394
-6.8836,-12.883,-6.0109,5.4094,-1.273,-12.539,17.135,-12.637,43.406,18.382,12.699,-13.271
-6.1916,-11.957,-5.8045,4.4401,-0.55899,-11.49,21.337,-8.3404,50.161,22.104,13.595,-12.171
-3.8994,-10.895,-6.878,3.0773,1.3656,-10.648,26.017,-3.7698,57.41,25.372,13.971,-11.466
0.12857,-9.6213,-9.3179,1.2234,4.8033,-10.135,31.059,0.86922,64.404,27.955,13.887,-11.387
5.3242,-8.0894,-12.724,-0.97575,9.5359,-9.8823,36.39,5.4501,70.696,29.834,13.559,-11.91
10.452,-6.3198,-16.061,-3.1012,14.331,-9.5855,42.044,10.003,76.273,31.127,13.286,-12.746
13.894,-4.403,-17.881,-4.6013,17.384,-8.7943,48.185,14.732,81.433,32.049,13.387,-13.435
14.261,-2.4599,-16.957,-5.0413,17.252,-7.1004,55.051,19.948,86.562,32.88,14.114,-13.515
11.07,-0.57947,-12.787,-4.3097,13.451,-4.321,62.835,25.946,91.927,33.88,15.549,-12.722
5.0153,1.2123,-5.8045,-2.6749,6.5902,-0.60848,71.541,32.889,97.545,35.165,17.538,-11.1
-2.2955,2.9366,2.7197,-0.68558,-1.7792,3.568,80.919,40.743,103.22,36.658,19.705,-8.978
-8.9794,4.6235,11.074,1.0368,-9.6505,7.6179,90.555,49.305,108.66,38.135,21.584,-6.8235
-13.528,6.2867,17.711,2.0318,-15.216,11.1,100.09,58.286,113.69,39.359,22.814,-5.0615
-15.316,7.9159,21.838,2.1581,-17.52,13.898,109.41,67.438,118.25,40.201,23.302,-3.9213
-14.855,9.4764,23.683,1.5978,-16.953,16.205,118.66,76.643,122.45,40.701,23.249,-3.3524
-13.355,10.907,24.33,0.72612,-15.032,18.355,128.09,85.906,126.38,41.022,23.04,-3.0522
-11.819,12.137,25.264,-0.035985,-13.623,20.643,137.92,95.25,130.04,41.34,23.082,-2.6102
-10.806,13.115,27.466,-0.34335,-14.056,23.151,148.06,104.59,133.28,41.755,23.663,-1.7161
-10.694,13.839,30.769,-0.054084,-16.611,25.705,158.06,113.67,135.93,42.258,24.869,-0.31205
-11.574,14.366,34.444,0.69688,-20.671,28.054,167.27,122.12,137.93,42.755,26.57,1.3824
-13.202,14.787,37.922,1.5662,-24.984,30.071,175.15,129.64,139.32,43.11,28.457,2.9878
-15.024,15.189,40.86,2.2148,-28.486,31.76,181.57,136.09,140.21,43.178,30.155,4.136
-16.552,15.619,43.164,2.5241,-31.024,33.173,186.7,141.55,140.69,42.844,31.37,4.6062
-17.761,16.065,45.075,2.6483,-33.098,34.383,190.88,146.17,140.84,42.061,32.016,4.3875
-19.027,16.472,47.002,2.9066,-35.196,35.483,194.38,150.1,140.68,40.861,32.216,3.6696
-20.897,16.77,49.365,3.6225,-37.724,36.56,197.35,153.39,140.14,39.335,32.202,2.7751
-23.865,16.919,52.448,4.9852,-41.163,37.659,199.81,155.99,139.15,37.572,32.186,2.0524
-28.004,16.937,56.158,6.9417,-45.642,38.749,201.71,157.84,137.59,35.63,32.25,1.76
-32.723,16.886,59.976,9.1496,-50.581,39.732,203.03,158.87,135.46,33.529,32.314,1.9809
-36.959,16.844,63.142,11.069,-54.921,40.466,203.77,159.12,132.78,31.265,32.165,2.6063
-39.546,16.869,64.92,12.162,-57.57,40.82,203.96,158.68,129.59,28.82,31.545,3.3921
-39.583,16.982,64.826,12.089,-57.744,40.723,203.68,157.69,125.93,26.163,30.26,4.0491
-36.781,17.158,62.788,10.809,-55.206,40.179,202.97,156.3,121.84,23.27,28.273,4.3392
-31.629,17.331,59.175,8.5922,-50.404,39.265,201.91,154.66,117.4,20.157,25.719,4.1523
-25.217,17.427,54.678,5.9298,-44.352,38.101,200.53,152.9,112.69,16.908,22.871,3.5376
-18.877,17.388,50.097,3.3872,-38.267,36.816,198.85,151.08,107.86,13.669,20.075,2.6764
-13.787,17.218,46.109,1.4319,-33.178,35.522,196.81,149.21,102.96,10.597,17.677,1.8125
-10.621,16.971,43.077,0.30294,-29.673,34.292,194.35,147.18,97.957,7.7979,15.938,1.1682
-9.4484,16.74,41.04,-0.0025203,-27.832,33.168,191.34,144.85,92.675,5.304,14.988,0.8774
-9.9831,16.602,39.873,0.35807,-27.284,32.171,187.7,142.04,86.876,3.078,14.807,0.94266
-11.858,16.592,39.452,1.1669,-27.461,31.306,183.35,138.62,80.327,1.0449,15.248,1.2495
-14.629,16.689,39.628,2.1893,-27.875,30.57,178.23,134.54,72.93,-0.87688,16.084,1.6194
-17.62,16.836,40.079,3.1822,-28.207,29.937,172.3,129.81,64.876,-2.7463,17.087,1.8814
-19.987,16.962,40.331,3.8982,-28.222,29.356,165.55,124.56,56.726,-4.5749,18.099,1.9317
-21.091,17.016,39.976,4.1097,-27.713,28.752,157.98,118.98,49.216,-6.3224,19.046,1.7625
-20.723,16.989,38.823,3.6527,-26.544,28.033,149.63,113.28,42.853,-7.9191,19.904,1.4594
-18.93,16.907,36.826,2.4686,-24.614,27.111,140.57,107.6,37.705,-9.2925,20.642,1.1797
-15.825,16.811,33.954,0.63696,-21.807,25.924,130.86,102.01,33.533,-10.373,21.205,1.1138
-11.68,16.724,30.191,-1.6186,-18.088,24.459,120.59,96.469,30.019,-11.114,21.538,1.4358
-6.9992,16.627,25.652,-3.9587,-13.633,22.764,109.86,90.923,26.902,-11.514,21.623,2.2404
-2.4028,16.464,20.643,-6.0079,-8.8514,20.923,98.843,85.29,24.013,-11.643,21.507,3.4913
1.5986,16.169,15.587,-7.4811,-4.2561,19.017,87.735,79.483,21.247,-11.659,21.284,5.0106
4.7312,15.702,10.855,-8.2811,-0.26253,17.083,76.731,73.399,18.538,-11.781,21.069,6.5261
6.961,15.062,6.6197,-8.4945,2.9569,15.099,65.993,66.928,15.83,-12.224,20.968,7.7637
8.4368,14.278,2.8612,-8.305,5.4438,13.007,55.63,59.987,13.075,-13.122,21.052,8.5514
9.3682,13.379,-0.46412,-7.8924,7.2639,10.74,45.702,52.551,10.229,-14.476,21.352,8.8838
9.8597,12.373,-3.2491,-7.3664,8.3505,8.2615,36.226,44.689,7.261,-16.145,21.862,8.9193
9.8262,11.251,-5.2286,-6.749,8.5583,5.6184,27.209,36.58,4.162,-17.872,22.531,8.915
9.0989,10.001,-6.1688,-5.9973,7.8494,2.966,18.663,28.491,0.96711,-19.371,23.276,9.1176
7.6394,8.6141,-6.0859,-5.0595,6.3825,0.51107,10.622,20.729,-2.2366,-20.417,23.973,9.6486
5.6413,7.0748,-5.3262,-3.9412,4.489,-1.6179,3.1346,13.547,-5.323,-20.921,24.479,10.442
3.5089,5.3668,-4.5032,-2.7445,2.6893,-3.4585,-3.7576,7.0824,-8.1686,-20.952,24.641,11.272
1.8122,3.4979,-4.3198,-1.664,1.6467,-5.1745,-10.052,1.3337,-10.702,-20.701,24.325,11.843
1.1705,1.5308,-5.3219,-0.939,1.955,-6.9346,-15.8,-3.8148,-12.931,-20.412,23.448,11.917
2.0141,-0.41811,-7.697,-0.75913,3.8898,-8.8087,-21.099,-8.5426,-14.931,-20.294,22.021,11.404
4.3514,-2.2184,-11.203,-1.1663,7.2732,-10.743,-26.061,-13.038,-16.811,-20.454,20.16,10.412
7.7189,-3.7811,-15.254,-2.0217,11.515,-12.61,-30.777,-17.456,-18.68,-20.863,18.063,9.2251
11.34,-5.0972,-19.126,-3.0489,15.795,-14.282,-35.305,-21.89,-20.617,-21.391,15.941,8.1993
14.394,-6.2393,-22.184,-3.9209,19.316,-15.706,-39.682,-26.375,-22.665,-21.893,13.947,7.6128
16.266,-7.323,-24.054,-4.3559,21.529,-16.913,-43.946,-30.896,-24.838,-22.299,12.108,7.5431
16.704,-8.4502,-24.686,-4.1964,22.249,-17.985,-48.149,-35.404,-27.124,-22.663,10.305,7.841
15.87,-9.6721,-24.326,-3.45,21.607,-18.993,-52.346,-39.818,-29.488,-23.14,8.3039,8.2089
14.261,-10.986,-23.393,-2.2815,19.923,-19.965,-56.571,-44.024,-31.866,-23.898,5.8386,8.3235
12.542,-12.347,-22.33,-0.96023,17.69,-20.908,-60.825,-47.895,-34.174,-25.034,2.7475,7.9474
11.405,-13.686,-21.55,0.20981,15.76,-21.837,-65.076,-51.327,-36.332,-26.536,-0.92806,7.0086
11.365,-14.924,-21.499,0.95051,15.182,-22.791,-69.276,-54.271,-38.286,-28.297,-4.9468,5.629
12.593,-16.005,-22.588,1.0601,16.565,-23.807,-73.376,-56.749,-40.02,-30.148,-8.9759,4.0811
15.093,-16.928,-25.015,0.47147,19.826,-24.916,-77.323,-58.831,-41.546,-31.905,-12.726,2.6714
18.771,-17.756,-28.683,-0.70318,24.49,-26.143,-81.082,-60.612,-42.902,-33.441,-16.042,1.5938
23.221,-18.588,-33.241,-2.1905,30.01,-27.512,-84.659,-62.189,-44.143,-34.739,-18.931,0.83484
27.764,-19.514,-38.226,-3.6357,35.802,-29.024,-88.126,-63.656,-45.337,-35.906,-21.513,0.18867
31.732,-20.569,-43.203,-4.6988,41.247,-30.631,-91.597,-65.082,-46.541,-37.11,-23.941,-0.63529
34.555,-21.721,-47.769,-5.1312,45.723,-32.225,-95.147,-66.492,-47.763,-38.495,-26.307,-1.8697
35.754,-22.892,-51.456,-4.8213,48.603,-33.662,-98.72,-67.848,-48.952,-40.087,-28.587,-3.5769
35.052,-23.991,-53.718,-3.8134,49.438,-34.805,-102.09,-69.053,-50.014,-41.786,-30.649,-5.6167
32.606,-24.955,-54.275,-2.293,48.312,-35.589,-104.95,-69.995,-50.857,-43.42,-32.323,-7.7031
29.131,-25.769,-53.561,-0.53439,45.927,-36.052,-107.04,-70.591,-51.432,-44.839,-33.479,-9.5155
25.651,-26.46,-52.606,1.1782,43.248,-36.33,-108.29,-70.823,-51.753,-45.969,-34.074,-10.814
22.899,-27.072,-52.264,2.6299,41.029,-36.591,-108.78,-70.722,-51.88,-46.814,-34.161,-11.511
20.911,-27.639,-52.577,3.7221,39.549,-36.933,-108.66,-70.329,-51.883,-47.423,-33.866,-11.674
19.261,-28.17,-52.899,4.4791,38.601,-37.327,-108.05,-69.656,-51.808,-47.852,-33.334,-11.466
17.506,-28.651,-52.51,5.0296,37.65,-37.634,-106.96,-68.679,-51.661,-48.157,-32.69,-11.072
15.394,-29.051,-51.077,5.5691,36.109,-37.68,-105.4,-67.377,-51.42,-48.395,-32.026,-10.642
12.883,-29.334,-48.574,6.2857,33.668,-37.332,-103.36,-65.78,-51.071,-48.627,-31.414,-10.253
9.9686,-29.467,-45.133,7.2623,30.352,-36.561,-100.96,-63.996,-50.624,-48.914,-30.923,-9.9095
6.6319,-29.431,-41.092,8.424,26.442,-35.445,-98.331,-62.183,-50.125,-49.294,-30.618,-9.5691
3.0808,-29.229,-36.916,9.5743,22.359,-34.143,-95.633,-60.489,-49.631,-49.765,-30.547,-9.1623
-0.18199,-28.889,-33.049,10.487,18.573,-32.834,-92.957,-58.994,-49.19,-50.277,-30.74,-8.6323
-2.6201,-28.451,-29.866,10.998,15.535,-31.674,-90.315,-57.683,-48.814,-50.758,-31.203,-7.9765
-3.941,-27.96,-27.617,11.061,13.545,-30.759,-87.65,-56.453,-48.475,-51.129,-31.898,-7.2605
-4.1954,-27.465,-26.352,10.755,12.651,-30.111,-84.861,-55.144,-48.106,-51.328,-32.729,-6.5883
-3.7021,-26.994,-25.933,10.244,12.657,-29.678,-81.852,-53.593,-47.624,-51.303,-33.544,-6.0492
-2.8766,-26.538,-26.103,9.6968,13.237,-29.349,-78.584,-51.694,-46.955,-51.024,-34.167,-5.6829
-2.059,-26.043,-26.56,9.213,14.047,-28.995,-75.099,-49.431,-46.067,-50.485,-34.463,-5.4873
-1.4009,-25.425,-27.003,8.7788,14.813,-28.521,-71.505,-46.897,-44.992,-49.72,-34.376,-5.4517
-0.82543,-24.603,-27.241,8.2823,15.411,-27.898,-67.924,-44.25,-43.828,-48.798,-33.945,-5.5728
-0.097827,-23.521,-27.268,7.5722,15.908,-27.145,-64.455,-41.652,-42.699,-47.787,-33.27,-5.8356
1.007,-22.147,-27.178,6.5321,16.446,-26.289,-61.145,-39.208,-41.705,-46.716,-32.45,-6.1828
2.556,-20.465,-27.008,5.1365,17.089,-25.327,-57.994,-36.934,-40.88,-45.548,-31.538,-6.5086
4.3959,-18.448,-26.638,3.4684,17.717,-24.205,-54.962,-34.76,-40.18,-44.187,-30.506,-6.6914
6.1769,-16.059,-25.826,1.6942,18.032,-22.83,-51.992,-32.568,-39.512,-42.528,-29.285,-6.6497
7.4655,-13.262,-24.33,0.00040648,17.687,-21.094,-49.021,-30.235,-38.758,-40.516,-27.865,-6.3898
7.9257,-10.047,-22.024,-1.4845,16.464,-18.902,-45.997,-27.673,-37.811,-38.172,-26.362,-6.0117
7.4754,-6.431,-18.953,-2.745,14.38,-16.179,-42.879,-24.847,-36.595,-35.58,-24.981,-5.6621
6.3417,-2.4626,-15.329,-3.8798,11.707,-12.884,-39.641,-21.761,-35.07,-32.835,-23.912,-5.4583
4.9949,1.7869,-11.463,-5.0578,8.8863,-9.0215,-36.255,-18.427,-33.23,-29.994,-23.238,-5.423
3.9774,6.2223,-7.674,-6.4514,6.4021,-4.6625,-32.694,-14.841,-31.086,-27.053,-22.918,-5.4652
3.7117,10.737,-4.184,-8.176,4.6372,0.032135,-28.94,-10.984,-28.675,-23.956,-22.799,-5.4118
4.3782,15.238,-1.0705,-10.27,3.7681,4.8306,-25.016,-6.8557,-26.058,-20.638,-22.635,-5.0669
5.8776,19.677,1.7224,-12.709,3.7105,9.5143,-21.002,-2.4976,-23.32,-17.068,-22.1,-4.2675
7.8539,24.067,4.3724,-15.424,4.1307,13.975,-17.034,1.9989,-20.552,-13.271,-20.852,-2.9188
9.7832,28.47,7.2021,-18.316,4.5291,18.228,-13.267,6.5256,-17.836,-9.3177,-18.63,-1.0096
11.115,32.963,10.611,-21.252,4.3784,22.328,-9.8275,10.999,-15.219,-5.3062,-15.345,1.3915
11.424,37.572,14.863,-24.076,3.283,26.288,-6.7779,15.375,-12.696,-1.3286,-11.11,4.1595
10.543,42.222,19.892,-26.664,1.1181,30.061,-4.1373,19.626,-10.238,2.5434,-6.2146,7.1436
8.6447,46.741,25.309,-29.009,-1.9011,33.565,-1.9229,23.72,-7.8248,6.268,-1.061,10.189
6.2018,50.932,30.561,-31.277,-5.2672,36.715,-0.17953,27.598,-5.4732,9.8384,3.9538,13.154
3.8302,54.656,35.124,-33.732,-8.3484,39.435,1.0279,31.171,-3.2294,13.283,8.5445,15.928
2.0741,57.86,38.637,-36.54,-10.615,41.673,1.6507,34.34,-1.1505,16.652,12.589,18.454
1.2334,60.547,40.981,-39.592,-11.833,43.414,1.6942,37.035,0.72009,19.989,16.109,20.725
1.3195,62.742,42.278,-42.546,-12.127,44.681,1.2245,39.263,2.3645,23.301,19.191,22.768
2.1506,64.475,42.787,-45.081,-11.843,45.527,0.33294,41.088,3.7849,26.529,21.896,24.626
3.4823,65.788,42.755,-47.09,-11.298,46.001,-0.91433,42.554,4.9844,29.545,24.201,26.318
5.107,66.716,42.268,-48.66,-10.589,46.117,-2.5075,43.603,5.9474,32.188,26.027,27.832
6.9328,67.281,41.209,-49.967,-9.5914,45.842,-4.4804,44.07,6.6342,34.334,27.321,29.136
8.9959,67.495,39.344,-51.178,-8.0767,45.118,-6.8663,43.783,6.9955,35.931,28.103,30.211
11.374,67.379,36.492,-52.416,-5.868,43.915,-9.6522,42.689,7.0074,37.029,28.468,31.071
14.088,66.984,32.662,-53.751,-2.9477,42.284,-12.75,40.899,6.7109,37.774,28.579,31.774
17.056,66.398,28.093,-55.205,0.50689,40.353,-15.994,38.656,6.2245,38.38,28.646,32.417
20.128,65.721,23.188,-56.734,4.1686,38.292,-19.17,36.251,5.7182,39.059,28.891,33.11
23.124,65.02,18.368,-58.216,7.6648,36.265,-22.066,33.923,5.3598,39.959,29.495,33.947
25.846,64.311,13.969,-59.488,10.663,34.391,-24.535,31.797,5.2639,41.116,30.556,34.983
28.073,63.567,10.234,-60.407,12.893,32.749,-26.511,29.866,5.4676,42.469,32.071,36.236
29.571,62.758,7.3627,-60.923,14.175,31.387,-27.99,28.032,5.9418,43.906,33.955,37.71
30.159,61.867,5.5104,-61.099,14.473,30.34,-28.991,26.182,6.6253,45.31,36.074,39.416
29.83,60.901,4.679,-61.08,13.94,29.618,-29.525,24.263,7.4585,46.606,38.292,41.378
28.843,59.861,4.6529,-61.025,12.901,29.169,-29.6,22.307,8.3922,47.781,40.52,43.616
27.668,58.738,5.0417,-61.016,11.774,28.877,-29.249,20.392,9.3751,48.875,42.717,46.147
26.716,57.491,5.3965,-61.004,10.942,28.582,-28.544,18.588,10.34,49.935,44.868,48.982
26.097,56.047,5.3631,-60.825,10.631,28.146,-27.586,16.918,11.209,50.966,46.928,52.127
25.622,54.311,4.8285,-60.239,10.82,27.487,-26.476,15.386,11.922,51.91,48.793,55.501
24.977,52.193,3.9732,-58.943,11.26,26.603,-25.284,14.005,12.464,52.652,50.283,58.771
23.877,49.661,3.1753,-56.541,11.568,25.572,-24.041,12.809,12.86,53.067,51.188,61.276
22.178,46.759,2.8277,-52.627,11.369,24.525,-22.748,11.816,13.137,53.067,51.33,62.317
19.891,43.582,3.1807,-47.128,10.428,23.582,-21.406,11.008,13.283,52.636,50.617,61.568
17.065,40.206,4.2547,-40.742,8.7186,22.776,-20.029,10.331,13.257,51.815,49.08,59.137
13.707,36.64,5.814,-34.517,6.4296,22.002,-18.641,9.7091,13.003,50.677,46.844,55.343
9.9001,32.838,7.4202,-28.936,3.9055,21.038,-17.283,9.0536,12.461,49.286,44.075,50.52
5.9329,28.738,8.6219,-23.899,1.5115,19.627,-16.002,8.274,11.563,47.672,40.926,44.983
2.1133,24.296,9.2255,-19.144,-0.5709,17.608,-14.833,7.3122,10.256,45.838,37.523,39.089
-1.5675,19.506,9.4419,-14.403,-2.4802,15.024,-13.793,6.1774,8.5288,43.79,33.989,33.271
-5.461,14.415,9.7901,-9.4497,-4.6298,12.155,-12.867,4.955,6.4459,41.557,30.468,27.991
-9.9686,9.1593,10.832,-4.1782,-7.5138,9.4279,-12.027,3.7697,4.1351,39.201,27.112,23.637
-15.239,3.9524,12.871,1.3016,-11.465,7.2005,-11.261,2.7179,1.7393,36.802,24.05,20.397
-21.058,-0.98245,15.744,6.6756,-16.418,5.5547,-10.597,1.8007,-0.64801,34.424,21.338,18.236
-26.896,-5.5035,18.821,11.577,-21.754,4.2606,-10.11,0.90587,-3.0213,32.093,18.952,16.914
-32.102,-9.5661,21.278,15.746,-26.509,2.9411,-9.8779,-0.13766,-5.4441,29.795,16.821,16.06
-36.202,-13.168,22.525,19.069,-29.918,1.3133,-9.9291,-1.4535,-7.9756,27.512,14.87,15.295
-39.064,-16.297,22.508,21.533,-31.791,-0.65183,-10.203,-3.032,-10.592,25.266,13.058,14.373
-40.879,-18.924,21.678,23.212,-32.494,-2.7322,-10.569,-4.7306,-13.159,23.127,11.388,13.229
-42.05,-21.01,20.726,24.266,-32.709,-4.5914,-10.879,-6.3576,-15.487,21.167,9.8797,11.912
-43.042,-22.531,20.261,24.896,-33.093,-5.9518,-11.044,-7.7789,-17.431,19.395,8.516,10.491
-44.151,-23.502,20.565,25.27,-33.956,-6.7088,-11.063,-8.986,-18.966,17.711,7.1976,9.0123
-45.341,-23.993,21.508,25.477,-35.158,-6.9578,-11.023,-10.097,-20.195,15.93,5.7566,7.51
-46.263,-24.128,22.632,25.538,-36.262,-6.9489,-11.051,-11.3,-21.287,13.854,4.029,6.0247
-46.525,-24.061,23.362,25.438,-36.802,-6.9804,-11.252,-12.764,-22.4,11.36,1.9444,4.6408
-45.943,-23.939,23.256,25.155,-36.462,-7.2663,-11.677,-14.572,-23.615,8.47,-0.41864,3.4983
-44.594,-23.865,22.185,24.695,-35.168,-7.8551,-12.308,-16.682,-24.914,5.3553,-2.8466,2.7179
-42.758,-23.879,20.374,24.114,-33.126,-8.6429,-13.075,-18.963,-26.207,2.2657,-5.0849,2.3141
-40.813,-23.956,18.246,23.493,-30.757,-9.4592,-13.89,-21.254,-27.378,-0.58211,-6.9661,2.1721
-39.09,-24.052,16.192,22.912,-28.506,-10.167,-14.677,-23.442,-28.338,-3.0885,-8.4848,2.072
-37.742,-24.134,14.421,22.422,-26.66,-10.717,-15.391,-25.494,-29.049,-5.2849,-9.7711,1.7562
-36.742,-24.202,12.942,22.05,-25.287,-11.163,-16.024,-27.458,-29.531,-7.2926,-11,1.0171
-35.976,-24.284,11.639,21.8,-24.291,-11.621,-16.592,-29.423,-29.84,-9.2496,-12.299,-0.24844
-35.357,-24.412,10.373,21.668,-23.509,-12.208,-17.116,-31.473,-30.039,-11.243,-13.685,-2.0085
-34.9,-24.608,9.0698,21.653,-22.82,-12.967,-17.607,-33.638,-30.172,-13.266,-15.033,-4.0679
-34.709,-24.885,7.7585,21.762,-22.194,-13.861,-18.053,-35.867,-30.239,-15.217,-16.079,-6.0869
-34.835,-25.242,6.5032,21.996,-21.651,-14.813,-18.423,-38.057,-30.21,-16.964,-16.509,-7.6867
-35.134,-25.66,5.2968,22.313,-21.125,-15.759,-18.696,-40.081,-30.066,-18.427,-16.108,-8.6083
-35.242,-26.095,4.0202,22.599,-20.4,-16.667,-18.88,-41.816,-29.813,-19.636,-14.882,-8.8275
-34.714,-26.473,2.5139,22.688,-19.202,-17.508,-18.99,-43.125,-29.452,-20.695,-13.073,-8.5497
-33.219,-26.707,0.68186,22.419,-17.342,-18.248,-18.995,-43.819,-28.921,-21.694,-11.051,-8.1152
-30.694,-26.724,-1.4661,21.717,-14.789,-18.85,-18.754,-43.626,-28.049,-22.62,-9.1696,-7.8613
-27.363,-26.487,-3.8287,20.623,-11.694,-19.292,-17.962,-42.205,-26.534,-23.311,-7.6442,-7.9861
-23.683,-25.996,-6.2099,19.283,-8.4094,-19.57,-16.139,-39.238,-24.005,-23.477,-6.4985,-8.4679
-20.321,-25.269,-8.2866,17.897,-5.4815,-19.668,-12.665,-34.683,-20.222,-22.755,-5.5796,-9.0673
-18.04,-24.306,-9.6508,16.636,-3.5433,-19.546,-7.0598,-29.456,-15.582,-20.758,-4.5784,-9.4037
-17.328,-23.063,-9.9832,15.575,-3.0135,-19.148,-0.30558,-26.572,-12.112,-17.173,-3.0951,-9.0827
-18.027,-21.449,-9.2377,14.657,-3.8131,-18.427,2.4361,-27.934,-13.576,-12.043,-0.8966,-7.8196
-19.348,-19.341,-7.7064,13.662,-5.3666,-17.382,-2.0515,-27.529,-19.033,-6.7721,1.3748,-5.5749
-20.138,-16.601,-5.9566,12.18,-6.7835,-16.074,-5.0492,-19.326,-20.826,-6.0696,0.017862,-3.3477
-19.17,-13.068,-4.6798,9.7088,-7.1259,-14.603,-0.46874,-6.0041,-15.241,-11.091,-7.2177,-4.1907
-15.545,-8.5453,-4.4739,5.8847,-5.7541,-13.047,12.319,4.6992,-1.9817,-10.157,-8.6477,-4.4777
-9.1324,-2.8705,-5.6307,0.6326,-2.5935,-11.401,30.074,35.94,17.688,-0.995,-6.6797,-1.6766
-0.52291,3.8656,-8.0392,-5.7179,1.7636,-9.5286,51.396,100.66,42.494,14.732,-0.32379,2.798
10.836,10.772,-11.262,-13.381,6.2716,-7.1679,93.788,167.81,74.062,37.335,12.782,9.6218
22.778,15.858,-14.747,-21.804,12.396,-4.0253,154.96,227.64,112.79,67.177,33.185,19.929
32.546,22.041,-18.066,-29.385,20.5,0.0051118,217.05,266.11,152.44,103.35,61.456,34.837
39.904,29.719,-21.112,-35.854,29.078,4.612,265.33,269.26,183.45,142.37,100.4,55
46.699,36.701,-24.159,-42.476,38.421,9.1899,285.84,228,198.15,179.44,147.79,79.852
56.96,43.909,-27.597,-52.304,49.848,13.339,271.97,141.64,192.46,212.72,197.86,107.94
76.873,53.922,-31.655,-69.563,65.856,17.149,225.14,17.488,165.73,243.97,252.73,139.87
111.6,70.267,-36.257,-97.307,88.052,20.912,151.05,-134.33,122.35,276.8,316.55,178.2
158.39,96.529,-41.832,-135.25,115.25,24.628,54.936,-297.38,71.266,316.26,392.21,225.32
211.3,134.92,-49.905,-181.91,145.65,28.043,-61.507,-455.83,21.437,368.3,481.29,282.58
271.18,184.92,-62.902,-236,180.11,31.468,-200.37,-606.09,-20.936,437.87,582.62,349.65
338.1,243.46,-82.939,-294.9,220.21,40.668,-365.97,-747.25,-53.637,526.36,694.92,425.37
410.05,304.85,-111.14,-355.78,266.31,77.792,-562.55,-881.78,-78.94,629.85,818.75,508.11
484.44,360.91,-147.12,-416.62,318.63,105.48,-790.5,-1015.3,-102.42,740.07,952.42,594.03
560.38,405.49,-188.53,-475.87,377.39,110.87,-1042.8,-1153.3,-130.15,846.29,1089.6,677.52
638.83,437.09,-235.7,-531.59,442.43,104.22,-1305.5,-1298.3,-167.02,937.57,1220.6,752.9
716.87,456.56,-290.16,-580.96,509.72,86.518,-1561,-1446.6,-216.34,1006.6,1334.6,815.34
789.03,465.03,-349.77,-621.41,576.07,59.377,-1791.8,-1587.7,-277.38,1049.9,1421.5,860.88
851.82,462.68,-415.02,-651.55,640.33,24.335,-1982,-1705.7,-341.67,1065.2,1473.2,886.18
902.59,448.57,-483.77,-669.82,699.97,-18.039,-2119.4,-1784.6,-397.44,1051.4,1484.8,888.84
938.44,420.94,-552.18,-673.78,751.88,-67.715,-2197.5,-1815.2,-440.54,1009.7,1455.5,867.7
956.58,377.29,-617.5,-661.06,793.45,-124.43,-2215.4,-1798.3,-473.41,942.03,1387.9,822.92
954.9,315.27,-678.18,-629.97,822.98,-187.55,-2178.2,-1742.9,-497.51,849.27,1286.2,755.67
931.89,234.29,-732.87,-579.51,839.18,-255.74,-2094.5,-1663.9,-517.74,730.29,1153.9,667.92
886.38,136.85,-778.78,-509.85,840.15,-325.74,-1974.8,-1579.2,-547.2,582.06,992.61,562.68
818,28.775,-810.98,-423.55,823.11,-391.92,-1828.6,-1504.3,-596.1,402.05,803.36,444.67
728.87,-80.873,-823.47,-326.22,785.74,-447.52,-1664,-1447.1,-666.03,193.21,589.32,321.46
624.65,-180.87,-811.49,-225.66,727.99,-486.22,-1488.2,-1405.2,-749.44,-31.783,359.64,203.35
513.04,-260.33,-773.34,-130.35,652.54,-503.2,-1307.9,-1369.3,-831.03,-250.5,132.35,100.52
401.82,-311.79,-711.1,-48.019,564.48,-496.6,-1130.1,-1328.5,-892.14,-436.36,-68.642,19.953
298.63,-333.14,-630.8,15.826,471.11,-468.38,-962.21,-1273.7,-916.91,-567.04,-221.82,-35.433
210.11,-327.58,-541.4,58.51,380.86,-424.01,-808.87,-1199.1,-897.61,-631.44,-314.66,-67.004
140.82,-301.95,-452.96,80.089,301.44,-370.86,-672.61,-1103,-836.89,-632.6,-347.95,-79.942
92.388,-264.46,-374,83.804,238.11,-315.75,-554.97,-987.88,-745.67,-585.22,-335.34,-81.393
62.956,-222.79,-309.35,74.957,192.67,-263.47,-455.77,-862.68,-638.33,-509.68,-296.91,-77.981
48.792,-182.98,-259.37,60.522,162.66,-217.35,-372.8,-737.46,-528.25,-425.72,-251.25,-74.45
43.745,-148.73,-220.72,47.113,142.85,-178.74,-303.04,-618.79,-425.75,-347.78,-209.66,-73.348
41.606,-121.09,-189.19,37.489,127.85,-146.95,-244.07,-511.15,-337.48,-283.51,-176.68,-75.097
38.975,-99.668,-162.37,23.707,114.6,-121.12,-194.64,-418.23,-266.46,-235.06,-152.99,-77.347
35.518,-84.167,-140.66,12.608,102.82,-101.02,-154.35,-342.07,-212.2,-201.66,-136.12,-73.117
34.27,-73.015,-125.77,12.072,93.842,-85.916,-122.79,-282.86,-171.76,-179.91,-123.09,-72.175
43.758,-64.379,-118.44,12.189,88.973,-75.423,-99.073,-239.46,-141.77,-161.77,-112.31,-72.098
39.951,-57.455,-117.46,11.301,87.876,-69.225,-81.892,-209.14,-119.39,-143.82,-102.37,-71.395
35.157,-51.977,-119.27,9.7315,87.186,-66.089,-69.724,-187.57,-102.06,-127.22,-92.731,-70.058
33.145,-47.347,-118.52,8.2148,83.752,-64.31,-62.016,-170.27,-87.72,-112.57,-82.74,-68.265
32.852,-42.156,-112.2,6.9628,79.245,-62.397,-60.475,-154.17,-75.134,-99.64,-71.822,-66.184
33.243,-37.496,-104.29,5.8991,74.773,-59.287,-59.248,-138.38,-63.867,-88.046,-61.947,-63.976
33.893,-34.462,-98.332,4.8454,70.574,-55.196,-55.444,-125.11,-54.563,-78.597,-54.536,-61.84
34.915,-32.349,-94.138,3.6118,67.186,-51.487,-51.482,-118.26,-50.365,-71.599,-49.228,-59.999
36.639,-30.715,-91.116,2.079,65.324,-48.749,-48.081,-115.4,-50.271,-66.567,-45.497,-58.522
39.404,-29.384,-89.242,0.19926,65.436,-46.903,-45.218,-111.86,-50.072,-63.092,-42.885,-57.224
43.344,-28.232,-88.498,-2.0214,67.42,-45.668,-42.781,-107.37,-49.295,-60.743,-41.012,-55.828
48.172,-27.136,-88.416,-4.4907,70.63,-44.719,-40.698,-102.78,-48.266,-59.132,-39.64,-54.199
53.165,-26.008,-88.17,-6.9871,74.029,-43.774,-38.942,-98.516,-47.15,-57.943,-38.644,-52.353
57.355,-24.836,-86.923,-9.1686,76.455,-42.664,-37.5,-94.737,-45.993,-56.938,-37.922,-50.264
59.882,-23.691,-84.214,-10.647,76.987,-41.38,-36.35,-91.484,-44.816,-55.965,-37.356,-47.835
60.294,-22.708,-80.244,-11.12,75.29,-40.04,-35.438,-88.727,-43.622,-54.938,-36.861,-45.05
58.645,-22.02,-75.761,-10.508,71.766,-38.8,-34.681,-86.384,-42.417,-53.825,-36.411,-42.058
55.412,-21.693,-71.471,-9.0273,67.234,-37.756,-33.986,-84.326,-41.201,-52.639,-36.036,-39.085
51.292,-21.681,-67.623,-7.1269,62.463,-36.901,-33.259,-82.406,-39.962,-51.412,-35.79,-36.321
46.904,-21.846,-64.022,-5.2849,57.974,-36.146,-32.434,-80.482,-38.677,-50.178,-35.717,-33.881
42.489,-22.023,-60.262,-3.8025,53.976,-35.371,-31.485,-78.438,-37.325,-48.95,-35.811,-31.807
37.91,-22.1,-55.992,-2.709,50.249,-34.484,-30.412,-76.207,-35.88,-47.693,-35.974,-30.063
32.906,-22.066,-51.151,-1.8246,46.229,-33.462,-29.221,-73.762,-34.308,-46.316,-36.006,-28.572
27.202,-22.009,-46.003,-0.91703,41.389,-32.347,-27.915,-71.106,-32.553,-44.683,-35.641,-27.249
20.7,-22.065,-40.935,0.20617,35.693,-31.22,-26.487,-68.254,-30.555,-42.667,-34.645,-26.024
13.831,-22.34,-36.254,1.6919,29.628,-30.159,-24.937,-65.241,-28.285,-40.214,-32.915,-24.858
7.3081,-22.844,-32.131,3.6252,23.814,-29.204,-23.285,-62.127,-25.784,-37.381,-30.527,-23.744
1.3827,-23.481,-28.623,5.9353,18.665,-28.343,-21.572,-58.993,-23.165,-34.322,-27.722,-22.701
-3.97,-24.091,-25.714,8.3359,14.308,-27.519,-19.857,-55.924,-20.567,-31.224,-24.821,-21.749
-8.4032,-24.521,-23.376,10.431,10.778,-26.669,-18.177,-52.974,-18.102,-28.228,-22.117,-20.892
-11.338,-24.68,-21.564,11.91,8.1581,-25.756,-16.546,-50.148,-15.817,-25.371,-19.781,-20.116
-12.567,-24.569,-20.191,12.679,6.5157,-24.774,-14.922,-47.397,-13.672,-22.573,-17.816,-19.387
-12.511,-24.263,-19.074,12.869,5.6901,-23.724,-13.21,-44.631,-11.565,-19.676,-16.074,-18.662
-11.999,-23.867,-17.888,12.771,5.1701,-22.58,-11.283,-41.754,-9.3741,-16.513,-14.356,-17.889
-11.925,-23.461,-16.165,12.748,4.2047,-21.28,-9.0309,-38.697,-7.0205,-12.992,-12.517,-17.023
-12.987,-23.084,-13.478,13.117,2.1132,-19.77,-6.4121,-35.452,-4.5029,-9.1603,-10.543,-16.05
-15.49,-22.736,-9.6791,14.016,-1.4073,-18.049,-3.4765,-32.08,-1.907,-5.1894,-8.541,-14.993
-19.218,-22.398,-5.0281,15.338,-6.1255,-16.202,-0.34834,-28.689,0.64832,-1.3023,-6.6788,-13.918
-23.492,-22.047,-0.1336,16.786,-11.316,-14.389,2.8288,-25.385,3.0658,2.3264,-5.0942,-12.921
-27.415,-21.658,4.2577,18.002,-16.007,-12.777,5.9559,-22.236,5.3014,5.6334,-3.8295,-12.086
-30.153,-21.209,7.5369,18.706,-19.346,-11.469,9.0201,-19.242,7.3719,8.6695,-2.836,-11.463
-31.187,-20.684,9.4375,18.782,-20.904,-10.457,12.092,-16.336,9.3471,11.553,-2.0184,-11.042
-30.476,-20.078,10.089,18.29,-20.782,-9.6226,15.287,-13.408,11.331,14.403,-1.285,-10.77
-28.442,-19.404,9.9272,17.439,-19.494,-8.791,18.71,-10.33,13.439,17.283,-0.5854,-10.581
-25.776,-18.687,9.5119,16.513,-17.73,-7.7957,22.42,-6.9844,15.777,20.184,0.074613,-10.423
-23.212,-17.962,9.308,15.775,-16.12,-6.5464,26.425,-3.2869,18.437,23.047,0.64921,-10.262
-21.34,-17.251,9.5584,15.372,-15.088,-5.0691,30.698,0.80882,21.512,25.813,1.0888,-10.082
-20.445,-16.55,10.291,15.291,-14.802,-3.4872,35.203,5.306,25.105,28.458,1.3715,-9.8831
-20.415,-15.81,11.406,15.383,-15.166,-1.9322,39.918,10.165,29.315,30.983,1.5099,-9.6843
-20.891,-14.928,12.823,15.431,-15.975,-0.43284,44.841,15.31,34.194,33.402,1.5338,-9.5256
-21.578,-13.781,14.63,15.264,-17.14,1.1353,49.992,20.658,39.715,35.72,1.4731,-9.4599
-22.433,-12.285,17.075,14.844,-18.781,2.9911,55.412,26.164,45.788,37.95,1.3616,-9.532
-23.576,-10.467,20.384,14.277,-21.107,5.3128,61.171,31.862,52.325,40.12,1.2579,-9.7482
-25.096,-8.4865,24.561,13.747,-24.204,8.1103,67.355,37.87,59.282,42.264,1.2582,-10.056
-26.908,-6.5903,29.285,13.408,-27.896,11.186,74.04,44.34,66.605,44.412,1.4834,-10.348
-28.756,-5.0106,33.966,13.3,-31.711,14.212,81.252,51.367,74.139,46.577,2.0476,-10.492
-30.295,-3.859,37.979,13.327,-35.019,16.882,88.943,58.918,81.618,48.746,3.0264,-10.371
-31.231,-3.0624,40.933,13.32,-37.314,19.047,97.004,66.812,88.762,50.894,4.4316,-9.9066
-31.445,-2.3839,42.803,13.127,-38.459,20.765,105.31,74.783,95.402,52.984,6.2023,-9.0857
-31.043,-1.5374,43.864,12.705,-38.702,22.228,113.75,82.58,101.52,54.973,8.2199,-7.9644
-30.34,-0.34484,44.493,12.141,-38.531,23.617,122.22,90.048,107.18,56.817,10.328,-6.666
-29.773,1.1611,44.994,11.627,-38.452,24.982,130.6,97.143,112.46,58.475,12.341,-5.3511
-29.752,2.7638,45.522,11.385,-38.793,26.245,138.78,103.89,117.41,59.908,14.06,-4.1588
-30.459,4.2101,46.077,11.55,-39.593,27.286,146.64,110.32,121.97,61.078,15.29,-3.1596
-31.718,5.3652,46.534,12.08,-40.613,28.036,154.08,116.41,126.02,61.955,15.88,-2.3552
-33.02,6.2663,46.71,12.736,-41.435,28.504,161,122.09,129.47,62.522,15.751,-1.7231
-33.719,7.0703,46.462,13.158,-41.636,28.775,167.33,127.25,132.27,62.781,14.917,-1.2719
-33.301,7.9623,45.799,13.008,-40.988,28.991,173.07,131.81,134.45,62.753,13.483,-1.0658
-31.618,9.0782,44.948,12.093,-39.588,29.337,178.24,135.78,136.11,62.481,11.612,-1.2106
-28.972,10.47,44.323,10.443,-37.848,30.001,182.91,139.22,137.37,62.022,9.4998,-1.814
-25.996,12.11,44.383,8.2986,-36.354,31.116,187.15,142.27,138.33,61.434,7.3481,-2.9258
-23.41,13.912,45.425,6.0324,-35.644,32.704,191.03,145.05,139.1,60.763,5.3482,-4.4752
-21.752,15.76,47.431,4.0212,-35.971,34.644,194.63,147.63,139.72,60.031,3.6698,-6.2497
-21.204,17.55,50.047,2.5317,-37.197,36.695,197.97,149.94,140.23,59.233,2.4603,-7.9392
-21.573,19.218,52.715,1.6609,-38.904,38.574,201.03,151.87,140.62,58.351,1.8399,-9.22
-22.449,20.736,54.88,1.3552,-40.613,40.047,203.75,153.24,140.88,57.37,1.8845,-9.8412
-23.453,22.099,56.189,1.4815,-41.962,40.992,206.11,153.93,140.98,56.291,2.6154,-9.6966
-24.378,23.325,56.596,1.8921,-42.777,41.425,208.09,153.89,140.91,55.119,4.0013,-8.8529
-25.166,24.463,56.346,2.4501,-43.068,41.468,209.71,153.16,140.63,53.851,5.9502,-7.5157
-25.822,25.563,55.835,3.0234,-42.995,41.29,210.99,151.83,140.13,52.466,8.2927,-5.9543
-26.334,26.612,55.425,3.473,-42.782,41.05,211.98,149.98,139.34,50.93,10.781,-4.4245
-26.625,27.509,55.286,3.6576,-42.573,40.846,212.68,147.65,138.22,49.2,13.116,-3.1041
-26.531,28.127,55.34,3.4567,-42.315,40.694,213.12,144.88,136.7,47.224,15.003,-2.057
-25.821,28.397,55.285,2.8013,-41.741,40.521,213.28,141.67,134.73,44.949,16.212,-1.2471
-24.28,28.345,54.714,1.6999,-40.493,40.208,213.15,138.06,132.26,42.335,16.623,-0.59343
-21.825,28.058,53.309,0.24531,-38.292,39.646,212.71,134.05,129.3,39.375,16.237,-0.0328
-18.603,27.655,51.005,-1.3993,-35.094,38.797,211.96,129.66,125.9,36.112,15.161,0.44452
-14.986,27.268,48.027,-3.0333,-31.174,37.719,210.91,124.84,122.15,32.626,13.569,0.79969
-11.485,27.034,44.792,-4.4581,-27.072,36.556,209.58,119.53,118.14,29.002,11.663,0.97695
-8.61,27.066,41.769,-5.5144,-23.41,35.483,207.93,113.6,113.89,25.288,9.6303,0.95222
-6.7448,27.408,39.366,-6.1076,-20.655,34.633,205.88,106.93,109.32,21.474,7.6259,0.77666
-6.0743,28.003,37.825,-6.22,-18.999,34.052,203.32,99.471,104.3,17.523,5.7609,0.577
-6.5724,28.679,37.199,-5.908,-18.398,33.708,200.12,91.291,98.724,13.427,4.0968,0.51242
-8.0216,29.181,37.425,-5.2779,-18.698,33.529,196.18,82.649,92.586,9.2711,2.663,0.72454
-10.059,29.256,38.373,-4.4529,-19.717,33.45,191.44,73.937,86.024,5.2485,1.4858,1.2962
-12.254,28.786,39.805,-3.5757,-21.228,33.419,185.96,65.547,79.261,1.6063,0.59571,2.2159
-14.182,27.864,41.373,-2.8619,-22.901,33.386,179.87,57.723,72.525,-1.4575,0.0081994,3.3591
-15.436,26.739,42.715,-2.5744,-24.312,33.297,173.24,50.509,65.98,-3.8777,-0.27914,4.504
-15.661,25.655,43.528,-2.852,-25.033,33.112,166.04,43.789,59.721,-5.7387,-0.27223,5.3971
-14.677,24.73,43.548,-3.6032,-24.744,32.803,158.07,37.385,53.78,-7.224,0.025387,5.8668
-12.65,23.956,42.581,-4.5636,-23.362,32.317,149.17,31.152,48.163,-8.5336,0.61975,5.9175
-10.11,23.243,40.611,-5.3868,-21.139,31.57,139.3,25.036,42.886,-9.8106,1.5301,5.7463
-7.8052,22.464,37.899,-5.7164,-18.622,30.495,128.65,19.075,38,-11.106,2.7523,5.6725
-6.4693,21.471,34.931,-5.2752,-16.477,29.097,117.56,13.345,33.57,-12.39,4.1942,5.9679
-6.5756,20.148,32.27,-3.9842,-15.266,27.476,106.34,7.8988,29.625,-13.593,5.6442,6.6929
-8.1563,18.481,30.375,-2.041,-15.277,25.807,95.163,2.7325,26.127,-14.657,6.8143,7.6684
-10.788,16.592,29.515,0.11193,-16.441,24.278,84.034,-2.2035,22.982,-15.569,7.4439,8.5848
-13.749,14.697,29.708,1.9354,-18.37,23.035,72.923,-6.971,20.064,-16.364,7.4114,9.1578
-16.254,13.002,30.679,2.9975,-20.484,22.113,61.884,-11.613,17.261,-17.095,6.7968,9.2563
-17.69,11.602,31.88,3.1311,-22.165,21.397,51.116,-16.145,14.501,-17.789,5.8553,8.9557
-17.804,10.431,32.634,2.4633,-22.915,20.634,40.914,-20.564,11.767,-18.432,4.9184,8.505
-16.767,9.3033,32.374,1.3457,-22.502,19.531,31.531,-24.86,9.0854,-18.982,4.2769,8.23
-15.088,8.0415,30.86,0.24483,-21.055,17.906,23.076,-29.026,6.4906,-19.404,4.0958,8.4137
-13.402,6.5974,28.246,-0.38679,-19.027,15.795,15.511,-33.066,3.9934,-19.724,4.3786,9.1933
-12.244,5.0594,24.959,-0.25156,-16.97,13.425,8.7156,-37.004,1.5596,-20.041,4.9791,10.509
-11.891,3.5688,21.46,0.67732,-15.261,11.071,2.5382,-40.885,-0.87866,-20.488,5.6554,12.131
-12.289,2.2416,18.061,2.1288,-13.961,8.9229,-3.1691,-44.746,-3.388,-21.158,6.1647,13.771
-12.992,1.1448,14.881,3.6298,-12.835,7.0485,-8.5126,-48.599,-5.9977,-22.056,6.3757,15.187
-13.257,0.28575,11.917,4.662,-11.496,5.4105,-13.525,-52.413,-8.6833,-23.087,6.3342,16.217
-12.443,-0.40767,9.1153,4.8052,-9.6341,3.8965,-18.177,-56.119,-11.376,-24.11,6.2159,16.819
-10.297,-1.0761,6.3937,3.8862,-7.1689,2.3435,-22.422,-59.634,-13.991,-24.997,6.1901,17.081
-6.9822,-1.8744,3.6828,2.0852,-4.2211,0.58485,-26.245,-62.895,-16.466,-25.694,6.2975,17.121
-3.052,-2.9223,1.0106,-0.13378,-1.0807,-1.4649,-29.676,-65.877,-18.777,-26.229,6.4224,16.953
0.67489,-4.2618,-1.447,-2.1912,1.7941,-3.7285,-32.776,-68.605,-20.939,-26.686,6.3676,16.459
3.3435,-5.8045,-3.4217,-3.5545,3.8594,-5.979,-35.616,-71.139,-22.984,-27.161,5.983,15.472
4.2905,-7.3713,-4.6901,-3.8625,4.6822,-7.978,-38.26,-73.542,-24.937,-27.715,5.2578,13.901
3.2563,-8.8244,-5.2006,-2.9946,4.1385,-9.6174,-40.759,-75.862,-26.809,-28.357,4.3154,11.813
0.51321,-10.133,-5.1191,-1.0987,2.4887,-10.939,-43.145,-78.109,-28.601,-29.04,3.3406,9.4524
-3.206,-11.344,-4.7849,1.4355,0.29711,-12.067,-45.435,-80.269,-30.32,-29.697,2.4968,7.166
-6.9306,-12.521,-4.6138,4.0676,-1.7326,-13.138,-47.628,-82.311,-31.983,-30.287,1.8608,5.3019
-9.7058,-13.7,-4.9839,6.2305,-2.9378,-14.247,-49.711,-84.212,-33.618,-30.824,1.3861,4.103
-10.835,-14.866,-6.1277,7.4821,-2.8603,-15.429,-51.666,-85.966,-35.25,-31.391,0.91027,3.6187
-10.055,-15.975,-8.052,7.6395,-1.3761,-16.662,-53.471,-87.578,-36.885,-32.093,0.21585,3.6785
-7.6095,-16.998,-10.516,6.8209,1.2345,-17.888,-55.099,-89.043,-38.494,-33,-0.87113,3.956
-4.1847,-17.941,-13.097,5.407,4.3562,-19.033,-56.523,-90.333,-40.009,-34.088,-2.3899,4.1073
-0.72326,-18.831,-15.341,3.9442,7.2555,-20.035,-57.727,-91.392,-41.338,-35.235,-4.2143,3.9193
1.8447,-19.681,-16.931,2.9589,9.3288,-20.865,-58.715,-92.163,-42.403,-36.266,-6.1081,3.3961
2.9487,-20.474,-17.801,2.7447,10.295,-21.538,-59.517,-92.609,-43.172,-37.035,-7.8395,2.7181
2.6063,-21.181,-18.151,3.2715,10.272,-22.112,-60.168,-92.719,-43.662,-37.477,-9.2852,2.0976
1.3517,-21.775,-18.349,4.2587,9.6987,-22.664,-60.687,-92.501,-43.922,-37.632,-10.462,1.6447
-0.088132,-22.242,-18.731,5.3412,9.1065,-23.246,-61.062,-91.97,-44.011,-37.62,-11.489,1.3239
-1.1315,-22.572,-19.432,6.211,8.8813,-23.845,-61.254,-91.138,-43.98,-37.594,-12.518,0.9894
-1.5235,-22.759,-20.315,6.6765,9.112,-24.373,-61.221,-90.024,-43.859,-37.675,-13.66,0.4614
-1.3408,-22.807,-21.042,6.6766,9.592,-24.693,-60.935,-88.655,-43.656,-37.898,-14.928,-0.38839
-0.86938,-22.732,-21.227,6.2788,9.9544,-24.68,-60.401,-87.072,-43.365,-38.208,-16.22,-1.571
-0.45221,-22.552,-20.589,5.651,9.844,-24.277,-59.66,-85.336,-42.981,-38.493,-17.364,-2.9607
-0.37311,-22.294,-19.058,5.0093,9.0487,-23.529,-58.766,-83.516,-42.511,-38.639,-18.17,-4.3307
-0.79026,-22.015,-16.825,4.5631,7.568,-22.576,-57.77,-81.674,-41.975,-38.572,-18.484,-5.4204
-1.7269,-21.802,-14.308,4.4681,5.6177,-21.628,-56.703,-79.848,-41.397,-38.28,-18.233,-6.0125
-3.0959,-21.742,-12.03,4.7947,3.5631,-20.91,-55.568,-78.042,-40.798,-37.814,-17.478,-6.0131
-4.7237,-21.897,-10.443,5.525,1.7799,-20.595,-54.35,-76.229,-40.18,-37.26,-16.428,-5.5095
-6.3929,-22.276,-9.762,6.5721,0.49957,-20.738,-53.023,-74.354,-39.519,-36.689,-15.378,-4.7537
-7.9114,-22.821,-9.9228,7.8012,-0.24953,-21.252,-51.562,-72.352,-38.771,-36.118,-14.599,-4.0567
-9.1481,-23.404,-10.677,9.0259,-0.54717,-21.932,-49.959,-70.168,-37.883,-35.486,-14.244,-3.6522
-9.9666,-23.859,-11.74,9.9978,-0.42736,-22.543,-48.23,-67.786,-36.812,-34.687,-14.316,-3.619
-10.119,-24.028,-12.898,10.447,0.18451,-22.908,-46.407,-65.234,-35.545,-33.631,-14.667,-3.8926
-9.2676,-23.82,-14.079,10.168,1.4221,-22.976,-44.514,-62.574,-34.102,-32.286,-15.026,-4.3231
-7.1853,-23.242,-15.38,9.1085,3.3848,-22.834,-42.558,-59.888,-32.544,-30.692,-15.093,-4.7294
-3.948,-22.383,-16.951,7.392,6.0391,-22.64,-40.525,-57.26,-30.96,-28.941,-14.667,-4.9444
0.01646,-21.349,-18.773,5.2831,9.1229,-22.499,-38.395,-54.765,-29.438,-27.129,-13.725,-4.852
4.0239,-20.174,-20.511,3.0976,12.104,-22.35,-36.152,-52.448,-28.028,-25.298,-12.397,-4.4023
7.3147,-18.775,-21.583,1.0988,14.289,-21.967,-33.776,-50.31,-26.723,-23.409,-10.902,-3.5997
9.2917,-16.979,-21.4,-0.58066,15.081,-21.059,-31.244,-48.297,-25.462,-21.363,-9.4677,-2.489
9.7448,-14.584,-19.635,-1.9717,14.246,-19.371,-28.517,-46.316,-24.155,-19.053,-8.2694,-1.1559
8.955,-11.431,-16.332,-3.2461,12.003,-16.733,-25.548,-44.252,-22.712,-16.403,-7.3698,0.27997
7.6076,-7.4921,-11.877,-4.6379,8.9443,-13.112,-22.283,-41.993,-21.06,-13.375,-6.6916,1.6949
6.5265,-2.9319,-6.8868,-6.3485,5.8534,-8.6859,-18.664,-39.442,-19.148,-9.948,-6.0292,3.0009
6.3535,1.926,-2.0663,-8.4991,3.4647,-3.8738,-14.649,-36.539,-16.973,-6.1265,-5.123,4.1662
7.3308,6.724,1.9693,-11.123,2.2255,0.81773,-10.229,-33.275,-14.583,-1.9526,-3.7841,5.203
9.2386,11.207,4.9178,-14.169,2.1128,5.0852,-5.4496,-29.694,-12.077,2.4862,-1.9921,6.1407
11.506,15.301,7.0209,-17.522,2.6256,8.9764,-0.40985,-25.865,-9.5659,7.0808,0.11872,7.0082
13.448,19.115,9.0548,-21.063,3.0137,12.783,4.7531,-21.857,-7.137,11.732,2.3764,7.83
14.503,22.89,11.938,-24.729,2.6101,16.799,9.8961,-17.711,-4.8253,16.361,4.6869,8.6388
14.41,26.902,16.186,-28.52,1.0791,21.083,14.901,-13.432,-2.6134,20.909,7.0611,9.4944
13.301,31.374,21.578,-32.42,-1.474,25.397,19.68,-9.0028,-0.45596,25.333,9.5729,10.481
11.667,36.372,27.272,-36.309,-4.5321,29.363,24.155,-4.4072,1.6874,29.611,12.306,11.681
10.169,41.693,32.295,-39.995,-7.3563,32.699,28.223,0.33692,3.8312,33.747,15.302,13.139
9.3816,46.893,35.996,-43.365,-9.2898,35.328,31.748,5.1669,5.9584,37.752,18.508,14.831
9.6188,51.542,38.202,-46.467,-10.001,37.36,34.591,9.9817,8.0256,41.615,21.77,16.656
10.897,55.493,39.18,-49.419,-9.5607,39.036,36.655,14.658,9.9719,45.29,24.886,18.489
13.004,58.888,39.517,-52.296,-8.3741,40.655,37.916,19.066,11.726,48.699,27.704,20.319
15.599,61.982,39.911,-55.112,-7.0115,42.47,38.42,23.085,13.22,51.748,30.168,22.262
18.305,64.962,40.882,-57.837,-6.0016,44.569,38.251,26.634,14.406,54.349,32.313,24.338
20.813,67.862,42.554,-60.426,-5.6775,46.829,37.48,29.706,15.289,56.446,34.238,26.518
22.961,70.561,44.712,-62.813,-6.0957,49.002,36.116,32.349,15.911,58.032,36.069,28.964
24.797,72.852,46.943,-64.921,-7.014,50.796,34.09,34.61,16.309,59.13,37.897,31.83
26.627,74.531,48.67,-66.679,-7.9577,51.905,31.31,36.451,16.466,59.762,39.694,34.977
28.957,75.468,49.177,-68.049,-8.378,52.073,27.727,37.742,16.313,59.925,41.294,37.965
32.215,75.634,47.812,-69.035,-7.8471,51.159,23.386,38.354,15.791,59.622,42.447,40.269
36.396,75.096,44.292,-69.682,-6.1768,49.176,18.431,38.282,14.91,58.905,42.918,41.498
41.089,74.004,38.849,-70.078,-3.3533,46.296,13.077,37.697,13.783,57.9,42.588,41.526
45.997,72.565,32.076,-70.34,0.63904,42.815,7.568,36.893,12.592,56.787,41.515,40.499
51.14,70.998,24.571,-70.598,5.8195,39.058,2.131,36.168,11.524,55.738,39.925,38.781
56.554,69.491,16.774,-70.976,11.989,35.318,-3.0524,35.711,10.698,54.856,38.155,36.892
62.144,68.166,9.098,-71.576,18.62,31.821,-7.8525,35.546,10.125,54.15,36.566,35.352
67.728,67.085,1.975,-72.468,25.061,28.721,-12.183,35.569,9.7344,53.575,35.471,34.486
73.086,66.279,-4.3087,-73.68,30.856,26.08,-15.987,35.618,9.4206,53.104,35.123,34.418
78.049,65.769,-9.6375,-75.201,35.82,23.886,-19.237,35.564,9.0989,52.766,35.704,35.232
82.529,65.576,-13.933,-77.01,39.875,22.081,-21.922,35.368,8.727,52.614,37.295,36.993
86.457,65.699,-17.062,-79.104,42.877,20.603,-24.045,35.095,8.3156,52.686,39.889,39.637
89.767,66.094,-18.884,-81.498,44.667,19.41,-25.615,34.896,7.9209,52.987,43.375,42.854
92.44,66.617,-19.36,-84.146,45.314,18.494,-26.658,34.955,7.6139,53.49,47.468,46.124
94.416,66.998,-18.64,-86.849,45.098,17.846,-27.218,35.422,7.4404,54.135,51.706,48.906
95.446,66.861,-17.075,-89.337,44.232,17.379,-27.353,36.36,7.3941,54.825,55.538,50.821
95.322,65.908,-15.14,-91.426,42.858,16.892,-27.129,37.723,7.4105,55.44,58.452,51.626
94.308,64.151,-13.328,-92.713,41.173,16.123,-26.608,39.362,7.3817,55.849,60.068,51.134
92.793,61.777,-12.006,-92.55,39.327,14.847,-25.862,41.072,7.1893,55.947,60.17,49.203
90.634,58.686,-11.313,-90.529,37.309,12.971,-24.966,42.647,6.7437,55.67,58.756,45.878
87.074,54.464,-11.161,-86.445,34.915,10.556,-23.994,43.948,6.0074,55.01,56.079,41.473
81.153,48.8,-11.344,-80.048,31.866,7.7713,-23.014,44.919,4.9821,53.989,52.619,36.464
72.447,41.725,-11.694,-71.173,28.153,4.7806,-22.096,45.554,3.6656,52.63,48.944,31.348
61.569,33.582,-12.17,-60.08,24.266,1.656,-21.315,45.822,2.0109,50.933,45.515,26.665
49.89,24.93,-12.879,-47.402,20.879,-1.6342,-20.751,45.618,-0.074884,48.89,42.511,22.86
39.059,16.47,-14.036,-33.998,18.458,-5.1507,-20.467,44.8,-2.6816,46.502,39.806,19.991
30.411,8.9108,-15.816,-21.543,17.246,-8.8846,-20.502,43.289,-5.8286,43.8,37.135,17.728
24.608,2.7158,-18.185,-11.993,17.296,-12.686,-20.854,41.16,-9.4245,40.828,34.326,15.599
21.683,-2.1262,-20.833,-6.2332,18.403,-16.263,-21.494,38.641,-13.28,37.628,31.358,13.193
20.893,-6.0437,-23.288,-3.8179,20.107,-19.285,-22.377,36.021,-17.162,34.244,28.176,10.246
20.916,-9.5121,-25.12,-3.3187,21.829,-21.538,-23.459,33.534,-20.86,30.726,24.659,6.773
20.78,-12.677,-26.095,-3.4945,23.072,-23.01,-24.711,31.287,-24.245,27.13,20.775,3.1292
20.298,-15.359,-26.24,-4.0332,23.589,-23.846,-26.124,29.271,-27.279,23.52,16.675,-0.17693
19.549,-17.398,-25.787,-4.5837,23.414,-24.268,-27.696,27.413,-29.988,19.965,12.64,-2.7406
18.603,-18.848,-25.059,-4.82,22.764,-24.493,-29.416,25.651,-32.412,16.545,8.9584,-4.4175
17.548,-19.883,-24.35,-4.6666,21.896,-24.689,-31.262,23.968,-34.585,13.325,5.7944,-5.3504
16.446,-20.668,-23.817,-4.1836,20.98,-24.945,-33.201,22.397,-36.526,10.325,3.1144,-5.8778
15.229,-21.312,-23.445,-3.4262,20.025,-25.268,-35.203,20.995,-38.25,7.5029,0.71751,-6.3843
13.705,-21.888,-23.085,-2.395,18.918,-25.611,-37.247,19.825,-39.768,4.79,-1.6419,-7.1521
11.695,-22.457,-22.591,-1.0748,17.538,-25.917,-39.303,18.952,-41.08,2.1479,-4.0915,-8.2488
9.1774,-23.071,-21.939,0.50335,15.886,-26.164,-41.334,18.448,-42.174,-0.37557,-6.5311,-9.4999
6.3801,-23.77,-21.271,2.2259,14.172,-26.389,-43.293,18.377,-43.033,-2.6496,-8.6571,-10.558
3.7474,-24.568,-20.854,3.908,12.764,-26.686,-45.156,18.761,-43.661,-4.5255,-10.112,-11.036
1.7941,-25.456,-20.991,5.3436,12.054,-27.169,-46.935,19.554,-44.095,-5.9261,-10.662,-10.675
0.92867,-26.397,-21.897,6.3695,12.318,-27.921,-48.684,20.639,-44.406,-6.9067,-10.318,-9.471
1.3082,-27.336,-23.565,6.9163,13.595,-28.941,-50.481,21.854,-44.68,-7.653,-9.3493,-7.7004
2.7482,-28.216,-25.723,7.0333,15.631,-30.144,-52.397,23.034,-44.988,-8.4072,-8.185,-5.807
4.7703,-28.991,-27.929,6.8782,17.94,-31.38,-54.452,24.061,-45.358,-9.3548,-7.24,-4.2128
6.7653,-29.628,-29.751,6.6687,19.96,-32.497,-56.576,24.898,-45.764,-10.533,-6.746,-3.1439
8.1965,-30.124,-30.933,6.6047,21.233,-33.392,-58.648,25.581,-46.146,-11.815,-6.6819,-2.5754
8.7805,-30.498,-31.461,6.7892,21.649,-34.045,-60.522,26.174,-46.444,-12.995,-6.8429,-2.3173
8.6218,-30.789,-31.581,7.1811,21.617,-34.536,-62.101,26.723,-46.627,-13.895,-6.9952,-2.1678
8.2019,-31.035,-31.774,7.6021,21.763,-35.007,-63.363,27.245,-46.704,-14.448,-7.0177,-2.044
8.1594,-31.255,-32.573,7.7955,22.553,-35.588,-64.348,27.777,-46.694,-14.7,-6.9678,-2.0321
9.0291,-31.426,-34.308,7.5159,24.345,-36.319,-65.091,28.451,-46.583,-14.757,-7.044,-2.3217
11.077,-31.485,-36.926,6.6181,27.24,-37.109,-65.544,29.568,-46.292,-14.711,-7.4537,-3.0582
14.2,-31.353,-39.979,5.1191,30.886,-37.755,-65.536,31.631,-45.644,-14.555,-8.2488,-4.2207
17.848,-30.97,-42.774,3.2187,34.578,-38.021,-64.769,35.389,-44.353,-14.125,-9.227,-5.5859
21.13,-30.328,-44.582,1.2584,37.459,-37.736,-62.894,41.842,-42.015,-13.103,-9.9619,-6.7882
23.169,-29.473,-44.847,-0.37806,38.715,-36.865,-59.648,51.899,-38.251,-11.095,-9.9299,-7.4401
23.404,-28.479,-43.329,-1.3739,37.857,-35.496,-55.055,64.498,-33.494,-7.8055,-8.686,-7.2508
21.716,-27.403,-40.135,-1.5559,34.891,-33.775,-49.813,74.151,-31.283,-3.3414,-6.0882,-6.0939
18.435,-26.236,-35.666,-0.94308,30.238,-31.835,-46.193,77.09,-35.503,1.2195,-2.7091,-4.0433
14.277,-24.865,-30.508,0.21168,24.542,-29.773,-46.571,79.073,-39.252,3.2646,-0.93175,-1.5511
10.122,-23.073,-25.272,1.3928,18.453,-27.636,-47.724,85.943,-37.382,0.89704,-4.7554,-0.04322
6.7157,-20.562,-20.392,1.8313,12.409,-25.422,-44.259,93.955,-28.767,-1.6125,-7.6389,-1.452
4.0722,-16.999,-16.083,0.89559,6.6149,-23.067,-32.61,92.287,-10.785,1.2036,-5.0805,-2.5072
0.20722,-12.111,-12.563,-0.33082,1.4368,-20.448,-12.387,98.397,18.031,9.9502,0.26407,-0.13523
-7.2111,-5.8381,-10.17,-0.059071,-2.5913,-17.384,14.536,140.56,56.184,24.254,9.2323,4.2932
-9.4444,1.4583,-9.1237,-2.8124,-5.6852,-13.64,62.543,197.91,100.64,44.854,23.079,11.186
0.95186,8.7478,-9.4396,-10.964,-5.7298,-9.0143,132.5,260.53,145.57,72.814,43.5,21.816
15.499,16.329,-11.056,-21.158,1.4285,-3.5204,191.09,309.17,182.96,107.19,72.89,37.238
31.346,25.143,-13.798,-32.534,13.825,2.4241,233.1,322.23,204.73,143.89,110.53,57.556
50.05,33.561,-17.427,-45.331,29.98,8.1044,249.76,288.03,204.79,178.75,152.21,81.593
72.633,41.661,-22.274,-60.421,48.474,12.989,235.44,205.13,181.29,210.11,195.86,108.61
99.627,51.36,-28.869,-79.553,68.067,17.148,190.82,81.228,137.48,238.89,243.05,139.8
131.32,65.694,-35.035,-104.43,88.27,21.216,120.7,-69.788,81.053,268.27,297.16,177.28
168.07,87.879,-39.893,-136.37,109.46,25.89,29.592,-231.87,21.909,303.05,362.6,223.13
210.89,120.29,-44.596,-176.68,133.21,31.327,-82.254,-391.88,-31.14,349.03,443.81,279.07
261.09,163.5,-50.902,-225.62,161.75,37.065,-217.67,-543.68,-73.283,412.07,544.34,346.11
319.05,215.97,-60.847,-281.62,196.43,43.005,-377.47,-686.33,-105.21,495.3,665.59,424.02
383.33,274.26,-76.637,-341.85,237.63,52.792,-564.21,-822.29,-132.34,597.02,805.49,510.4
452.27,332.77,-99.886,-403.51,284.93,87.035,-778.55,-956.61,-161.67,710.99,957.91,600.82
525.09,384.52,-131.32,-464.28,337.35,124.28,-1015.4,-1095.1,-198.92,827.98,1113.2,690.11
599.71,424.53,-170.8,-521.37,393.45,129.82,-1264.4,-1241.3,-247.3,936.49,1260,772.98
673.02,451.42,-216.89,-571.47,451.56,122.42,-1511.2,-1392.6,-306.51,1024.6,1387.6,844.35
741.15,465.61,-266.76,-612.03,509.68,104.96,-1738.9,-1539.5,-371.45,1084.5,1487.8,899.86
799.19,467.73,-317.4,-641.25,564.88,79.332,-1930.9,-1666.6,-432.54,1113.9,1555.1,936.14
843.88,458.09,-368.31,-658.16,614.7,46.694,-2073.2,-1757.5,-481.94,1113.9,1585.6,950.59
875.19,436,-420.85,-662.34,658.02,7.0734,-2157.6,-1799.8,-519.58,1087.3,1577.7,941.27
891.88,398.91,-475.29,-651.99,694.01,-40.482,-2182.2,-1789.9,-548.17,1036,1531,907.16
889.29,343.18,-530.59,-623.32,721.07,-97.079,-2151.5,-1735,-569.61,959.42,1446.5,848.67
862.8,266.66,-584.74,-572.85,736.39,-162.68,-2073.6,-1651.8,-588.82,854.14,1325,767.64
810.17,170.75,-633.62,-499.79,735.64,-235.01,-1958.6,-1561.1,-615.32,714.91,1166.8,667.2
731.46,61.08,-671.02,-406.78,714.29,-309.09,-1816.1,-1480.8,-658.01,537.95,972.6,551.76
630.68,-53.08,-690.74,-300.31,671.02,-377.38,-1654.9,-1419.9,-719.26,325.61,746.54,427.3
517.03,-160.17,-688.61,-190.52,609.28,-431.55,-1482.4,-1376,-792.72,90.365,499.58,301.8
402.07,-248.64,-663.63,-88.67,535.11,-465,-1305.8,-1337.1,-864.5,-144.76,250.85,184.91
296.14,-309.62,-617.58,-4.0343,454.92,-474.15,-1131.4,-1287.8,-917.28,-351.05,24.859,85.858
206.91,-339.04,-554.32,57.672,374.65,-458.82,-964.85,-1218.3,-935.83,-502.76,-155.19,10.78
138.47,-338.59,-479.93,94.815,300.06,-422.46,-811.07,-1126.5,-912.14,-585.4,-274.78,-38.133
89.635,-314.75,-401.53,109.84,235.54,-371.59,-674.15,-1015.2,-847.99,-599.69,-332.17,-63.63
55.78,-276.5,-325.54,108.38,182.15,-314.08,-556.28,-890.83,-753.69,-559.8,-337.77,-71.783
32.063,-232.78,-256.77,97.524,138.21,-257.08,-457.1,-762.12,-643.61,-487.29,-309.34,-69.922
14.608,-190.53,-198.15,83.802,101.89,-205.59,-374.11,-637.35,-531.62,-403.56,-265.37,-64.446
0.45419,-153.9,-150.35,71.456,71.786,-162.3,-304.2,-522.66,-428.24,-324.48,-219.92,-59.402
-11.815,-124.83,-111.56,62.041,46.352,-128.04,-244.96,-422.19,-339.86,-258.72,-180.71,-56.512
-21.995,-103.7,-79.39,53.898,25.346,-101.71,-195.23,-338.25,-268.92,-208.59,-150.05,-54.78
-28.678,-89.162,-53.826,46.654,10.017,-81.233,-154.7,-271.28,-214.27,-172.29,-126.72,-36.434
-24.967,-78.558,-35.626,43.968,0.463,-65.273,-123.02,-220.15,-172.53,-146.77,-108.44,-31.677
-21.601,-69.728,-23.869,42.116,-4.7024,-53.302,-99.252,-182.39,-140.73,-127.38,-94.359,-31.034
-22.004,-61.84,-16.709,39.359,-6.9699,-44.699,-81.923,-154.42,-116.75,-109.73,-83.518,-29.713
-21.72,-55.049,-12.757,35.418,-5.7531,-38.735,-69.434,-132.54,-98.316,-92.779,-73.872,-27.732
-19.993,-49.359,-12.325,30.94,-0.63815,-35.34,-60.726,-113.99,-83.296,-77.619,-63.979,-25.514
-17.091,-43.827,-17.502,26.756,1.8756,-35.116,-56.581,-97.48,-70.276,-65.88,-54.18,-23.406
-13.627,-38.715,-19.657,23.181,2.7519,-34.104,-54.435,-84.321,-58.609,-58.789,-46.857,-21.58
-10.333,-35.148,-18.943,20.256,3.4312,-31.671,-49.994,-79.016,-48.829,-55.621,-41.452,-20.073
-7.8515,-32.84,-18.004,18.016,3.9517,-29.674,-45.154,-75.979,-44.545,-53.14,-37.668,-18.853
-6.5773,-31.327,-17.141,16.484,4.0549,-28.27,-41.109,-70.985,-42.919,-50.747,-35.174,-17.881
-6.6167,-30.334,-16.283,15.629,3.5743,-27.287,-37.968,-66.121,-40.413,-48.709,-33.391,-17.127
-7.8407,-29.667,-15.295,15.37,2.4677,-26.542,-35.579,-62.14,-37.603,-47.011,-31.961,-16.563
-9.9604,-29.169,-14.033,15.579,0.78386,-25.864,-33.741,-59.002,-34.918,-45.566,-30.69,-16.152
-12.573,-28.711,-12.39,16.075,-1.3391,-25.113,-32.272,-56.495,-32.44,-44.3,-29.498,-15.854
-15.207,-28.193,-10.35,16.631,-3.6701,-24.192,-31.047,-54.439,-30.145,-43.176,-28.398,-15.652
-17.392,-27.558,-8.0071,17.026,-5.9189,-23.072,-30.019,-52.738,-28.029,-42.207,-27.469,-15.54
-18.786,-26.793,-5.5534,17.092,-7.8107,-21.786,-29.204,-51.38,-26.132,-41.423,-26.795,-15.517
-19.282,-25.923,-3.1933,16.757,-9.1896,-20.407,-28.637,-50.389,-24.51,-40.83,-26.4,-15.557
-19.028,-24.994,-1.0505,16.07,-10.088,-19.015,-28.331,-49.763,-23.185,-40.386,-26.204,-15.606
-18.356,-24.065,0.86606,15.2,-10.711,-17.679,-28.255,-49.445,-22.118,-40.006,-26.046,-15.587
-17.653,-23.202,2.6083,14.367,-11.32,-16.46,-28.346,-49.319,-21.218,-39.603,-25.751,-15.423
-17.227,-22.468,4.2029,13.744,-12.094,-15.414,-28.532,-49.243,-20.38,-39.126,-25.216,-15.07
-17.198,-21.897,5.5993,13.386,-13.03,-14.585,-28.757,-49.088,-19.514,-38.575,-24.44,-14.533
-17.466,-21.489,6.6721,13.227,-13.939,-14.002,-28.981,-48.762,-18.56,-37.991,-23.527,-13.872
-17.771,-21.216,7.2634,13.133,-14.54,-13.67,-29.184,-48.233,-17.492,-37.429,-22.643,-13.182
-17.799,-21.048,7.2371,12.986,-14.568,-13.583,-29.354,-47.528,-16.313,-36.931,-21.96,-12.572
-17.293,-20.968,6.5132,12.706,-13.86,-13.723,-29.486,-46.726,-15.051,-36.511,-21.599,-12.133
-16.138,-20.967,5.0874,12.27,-12.39,-14.076,-29.575,-45.926,-13.757,-36.151,-21.573,-11.908
-14.408,-21.046,3.0511,11.712,-10.281,-14.63,-29.61,-45.204,-12.463,-35.793,-21.772,-11.868
-12.38,-21.211,0.63007,11.137,-7.8262,-15.352,-29.563,-44.584,-11.172,-35.35,-21.985,-11.915
-10.485,-21.47,-1.8075,10.708,-5.4571,-16.164,-29.395,-44.022,-9.8446,-34.725,-21.993,-11.913
-9.1943,-21.827,-3.8284,10.609,-3.6629,-16.951,-29.073,-43.424,-8.4207,-33.854,-21.677,-11.763
-8.8725,-22.269,-5.0783,10.968,-2.8331,-17.606,-28.586,-42.699,-6.859,-32.742,-21.094,-11.463
-9.6357,-22.764,-5.4088,11.783,-3.1076,-18.063,-27.956,-41.804,-5.1636,-31.475,-20.459,-11.133
-11.301,-23.238,-4.9036,12.895,-4.3226,-18.293,-27.228,-40.752,-3.3832,-30.194,-20.058,-10.96
-13.465,-23.594,-3.7801,14.039,-6.1075,-18.283,-26.449,-39.6,-1.5861,-29.043,-20.122,-11.107
-15.673,-23.733,-2.2341,14.959,-8.0857,-17.998,-25.646,-38.408,0.1762,-28.104,-20.732,-11.624
-17.586,-23.588,-0.32482,15.501,-10.044,-17.389,-24.804,-37.205,1.8785,-27.362,-21.759,-12.41
-19.072,-23.146,2.0336,15.645,-11.985,-16.399,-23.868,-35.981,3.5328,-26.696,-22.89,-13.231
-20.181,-22.442,5.0073,15.493,-14.055,-14.973,-22.76,-34.687,5.181,-25.935,-23.748,-13.8
-21.025,-21.546,8.7318,15.202,-16.41,-13.075,-21.41,-33.262,6.8808,-24.921,-24.053,-13.891
-21.637,-20.534,13.159,14.91,-19.069,-10.696,-19.78,-31.647,8.6914,-23.58,-23.731,-13.425
-21.967,-19.465,17.877,14.675,-21.803,-7.9075,-17.878,-29.806,10.663,-21.95,-22.913,-12.506
-21.979,-18.381,22.086,14.483,-24.122,-4.9409,-15.751,-27.734,12.83,-20.168,-21.877,-11.374
-21.704,-17.299,25.079,14.299,-25.576,-2.1639,-13.468,-25.452,15.206,-18.431,-20.949,-10.32
-21.226,-16.208,26.8,14.112,-26.117,0.14756,-11.102,-22.997,17.771,-16.92,-20.4,-9.5894
-20.762,-15.06,27.777,13.942,-26.122,2.0157,-8.7043,-20.39,20.484,-15.722,-20.333,-9.2836
-20.727,-13.771,28.754,13.826,-26.252,3.7065,-6.284,-17.617,23.319,-14.778,-20.619,-9.3127
-21.583,-12.272,30.423,13.812,-27.221,5.5409,-3.801,-14.614,26.312,-13.907,-20.925,-9.4219
-23.52,-10.572,33.195,13.938,-29.493,7.7209,-1.1823,-11.287,29.569,-12.882,-20.848,-9.3072
-26.234,-8.7943,36.932,14.171,-32.915,10.203,1.6467,-7.5447,33.223,-11.544,-20.111,-8.7619
-28.919,-7.1455,40.868,14.359,-36.619,12.678,4.7348,-3.3259,37.364,-9.8802,-18.714,-7.7757
-30.52,-5.8111,43.882,14.259,-39.331,14.688,8.0943,1.388,41.996,-8.0243,-16.937,-6.5368
-30.159,-4.8601,44.971,13.625,-39.89,15.841,11.71,6.591,47.041,-6.1837,-15.213,-5.3486
-27.538,-4.2123,43.701,12.326,-37.778,15.997,15.562,12.286,52.402,-4.5258,-13.945,-4.506
-23.097,-3.6843,40.398,10.442,-33.373,15.343,19.652,18.514,58.033,-3.093,-13.347,-4.1832
-17.889,-3.0788,36.04,8.2771,-27.824,14.331,24.02,25.353,63.973,-1.7796,-13.38,-4.3712
-13.251,-2.2678,31.911,6.2903,-22.701,13.501,28.745,32.89,70.316,-0.37294,-13.778,-4.8856
-10.337,-1.2292,29.122,4.9349,-19.429,13.274,33.935,41.159,77.109,1.3563,-14.151,-5.4397
-9.684,-0.029313,28.197,4.4636,-18.668,13.784,39.708,50.096,84.245,3.5473,-14.133,-5.7573
-11.025,1.2302,28.932,4.8022,-20.01,14.862,46.173,59.523,91.424,6.1736,-13.525,-5.6844
-13.424,2.4667,30.573,5.5697,-22.218,16.142,53.387,69.173,98.241,9.0482,-12.361,-5.2481
-15.679,3.6465,32.161,6.2447,-23.929,17.247,61.31,78.75,104.36,11.913,-10.855,-4.6301
-16.742,4.788,32.846,6.3822,-24.223,17.958,69.781,88.005,109.65,14.556,-9.2674,-4.0737
-16.103,5.9468,32.282,5.776,-22.912,18.344,78.601,96.8,114.19,16.896,-7.7892,-3.7758
-14.02,7.1894,30.959,4.5093,-20.584,18.732,87.645,105.12,118.2,18.994,-6.4791,-3.8156
-11.371,8.5612,29.943,2.8915,-18.266,19.513,96.902,113.03,121.9,21.009,-5.2639,-4.1455
-9.2321,10.059,30.317,1.3304,-17.128,20.942,106.4,120.54,125.43,23.107,-3.9936,-4.6359
-8.4862,11.627,32.693,0.20401,-18.09,23.057,116.11,127.58,128.82,25.373,-2.5209,-5.1351
-9.5771,13.181,36.998,-0.2527,-21.409,25.69,125.91,134,131.98,27.765,-0.76492,-5.5088
-12.355,14.653,42.584,-0.028601,-26.532,28.549,135.57,139.63,134.82,30.142,1.266,-5.6582
-16.101,16.023,48.46,0.66257,-32.328,31.304,144.86,144.35,137.24,32.338,3.4974,-5.5268
-19.796,17.306,53.543,1.4803,-37.557,33.662,153.59,148.12,139.22,34.23,5.8325,-5.1109
-22.477,18.511,56.912,2.1051,-41.178,35.411,161.61,150.96,140.77,35.766,8.1818,-4.4638
-23.531,19.602,58.09,2.3539,-42.582,36.45,168.9,152.97,141.91,36.956,10.465,-3.686
-22.901,20.504,57.218,2.2156,-41.821,36.798,175.46,154.27,142.69,37.842,12.6,-2.8985
-21.063,21.143,54.96,1.8109,-39.601,36.59,181.33,154.95,143.15,38.479,14.506,-2.2071
-18.766,21.501,52.22,1.3151,-36.987,36.055,186.55,155.09,143.33,38.915,16.117,-1.6657
-16.728,21.631,49.856,0.89038,-34.964,35.473,191.12,154.74,143.27,39.183,17.411,-1.2504
-15.439,21.627,48.484,0.64102,-34.074,35.095,195.06,153.88,143,39.302,18.424,-0.86251
-15.057,21.581,48.322,0.58994,-34.321,35.051,198.37,152.54,142.54,39.273,19.236,-0.37057
-15.404,21.546,49.104,0.67871,-35.308,35.306,201.1,150.7,141.88,39.084,19.954,0.3241
-16.063,21.534,50.199,0.80029,-36.433,35.692,203.31,148.39,141.02,38.715,20.678,1.2342
-16.565,21.524,50.923,0.85715,-37.095,35.996,205.03,145.58,139.93,38.135,21.464,2.2733
-16.623,21.496,50.883,0.81642,-36.98,36.075,206.34,142.26,138.55,37.314,22.311,3.2869
-16.271,21.46,50.151,0.72899,-36.245,35.924,207.29,138.39,136.78,36.224,23.153,4.1135
-15.841,21.462,49.174,0.70211,-35.357,35.69,207.91,133.94,134.57,34.855,23.879,4.6545
-15.807,21.571,48.606,0.84343,-34.902,35.604,208.24,128.89,131.88,33.232,24.369,4.921
-16.562,21.844,49.047,1.2031,-35.448,35.871,208.29,123.28,128.72,31.42,24.529,5.0371
-18.19,22.294,50.726,1.7353,-37.251,36.571,208.05,117.14,125.14,29.514,24.316,5.1977
-20.381,22.865,53.368,2.2961,-40.009,37.607,207.52,110.55,121.14,27.606,23.746,5.59
-22.496,23.434,56.274,2.6821,-42.917,38.726,206.64,103.65,116.69,25.746,22.865,6.309
-23.797,23.844,58.572,2.7039,-45.009,39.603,205.34,96.593,111.74,23.927,21.73,7.3108
-23.738,23.957,59.545,2.2666,-45.529,39.952,203.51,89.511,106.24,22.096,20.391,8.4286
-22.193,23.719,58.881,1.4138,-44.185,39.622,201.03,82.475,100.21,20.185,18.896,9.4406
-19.493,23.181,56.735,0.31392,-41.238,38.634,197.8,75.467,93.697,18.148,17.304,10.154
-16.292,22.462,53.619,-0.79394,-37.366,37.15,193.73,68.407,86.753,15.974,15.693,10.477
-13.354,21.676,50.175,-1.6604,-33.415,35.392,188.79,61.22,79.41,13.703,14.155,10.449
-11.336,20.861,46.95,-2.0811,-30.12,33.542,183.03,53.897,71.693,11.429,12.79,10.231
-10.576,19.963,44.233,-1.9517,-27.889,31.685,176.58,46.519,63.667,9.2812,11.697,10.036
-10.975,18.887,41.983,-1.3147,-26.663,29.806,169.62,39.228,55.493,7.3935,10.952,10.037
-12.018,17.564,39.864,-0.36652,-25.912,27.827,162.31,32.192,47.456,5.8666,10.588,10.295
-12.96,15.996,37.403,0.59214,-24.868,25.662,154.7,25.564,39.926,4.7474,10.563,10.738
-13.115,14.27,34.221,1.2505,-22.912,23.269,146.73,19.466,33.241,4.0293,10.777,11.211
-12.097,12.524,30.223,1.3931,-19.883,20.69,138.27,13.974,27.592,3.6701,11.106,11.56
-9.9284,10.901,25.665,0.97708,-16.085,18.061,129.14,9.1138,22.983,3.6106,11.479,11.69
-6.9951,9.4979,21.051,0.13984,-12.048,15.572,119.27,4.8382,19.264,3.7818,11.91,11.602
-3.915,8.352,16.909,-0.85976,-8.3379,13.391,108.7,1.0329,16.209,4.1022,12.493,11.39
-1.3631,7.4514,13.622,-1.7285,-5.4871,11.603,97.62,-2.4577,13.575,4.4745,13.334,11.213
0.10245,6.7701,11.392,-2.2267,-3.9078,10.2,86.284,-5.787,11.141,4.7919,14.507,11.238
0.22338,6.2954,10.238,-2.2458,-3.7475,9.1153,75.012,-9.0674,8.7382,4.9558,16.024,11.59
-0.81929,6.0363,9.96,-1.8514,-4.7748,8.2607,64.148,-12.353,6.2514,4.894,17.809,12.304
-2.448,6.0114,10.182,-1.2662,-6.4283,7.5563,54.01,-15.647,3.6215,4.5684,19.689,13.312
-3.906,6.2275,10.465,-0.79884,-7.9956,6.9441,44.784,-18.919,0.83729,3.9752,21.416,14.455
-4.51,6.6627,10.406,-0.74748,-8.8144,6.3795,36.474,-22.136,-2.0708,3.1409,22.725,15.531
-3.8422,7.2573,9.7021,-1.3095,-8.4432,5.8181,28.941,-25.274,-5.041,2.1143,23.407,16.359
-1.8141,7.9162,8.2105,-2.524,-6.7511,5.2178,22.009,-28.326,-8.0039,0.95678,23.362,16.829
1.3853,8.5295,5.9934,-4.2677,-3.9127,4.5538,15.53,-31.309,-10.911,-0.27205,22.617,16.928
5.3544,9.0065,3.3007,-6.2995,-0.33842,3.8344,9.396,-34.256,-13.758,-1.5332,21.308,16.716
9.5209,9.3016,0.48239,-8.3267,3.4328,3.0952,3.5262,-37.215,-16.58,-2.823,19.632,16.281
13.26,9.4089,-2.1293,-10.064,6.8649,2.3649,-2.146,-40.226,-19.43,-4.1739,17.801,15.688
16.078,9.3282,-4.3167,-11.273,9.5484,1.6226,-7.665,-43.305,-22.351,-5.6372,15.998,14.963
17.724,9.0347,-6.0185,-11.804,11.283,0.78239,-13.036,-46.427,-25.341,-7.2528,14.352,14.094
18.213,8.4819,-7.3064,-11.63,12.091,-0.27374,-18.213,-49.525,-28.349,-9.0245,12.913,13.051
17.774,7.6331,-8.3155,-10.863,12.174,-1.6333,-23.104,-52.507,-31.278,-10.913,11.65,11.801
16.741,6.4904,-9.1634,-9.7224,11.809,-3.293,-27.608,-55.287,-34.02,-12.845,10.46,10.325
15.44,5.1009,-9.9007,-8.4527,11.252,-5.1386,-31.655,-57.811,-36.477,-14.733,9.2158,8.6323
14.113,3.5407,-10.519,-7.221,10.665,-6.9851,-35.236,-60.061,-38.59,-16.491,7.8411,6.7749
12.878,1.8871,-11.003,-6.0751,10.118,-8.6654,-38.393,-62.049,-40.351,-18.06,6.3483,4.832
11.784,0.19531,-11.386,-5.0091,9.6596,-10.108,-41.189,-63.796,-41.791,-19.415,4.8206,2.8892
10.894,-1.5138,-11.767,-4.0501,9.3633,-11.352,-43.681,-65.305,-42.966,-20.565,3.3589,1.0209
10.287,-3.2453,-12.287,-3.2447,9.3192,-12.499,-45.896,-66.553,-43.927,-21.533,2.042,-0.7124
9.9863,-5.0066,-13.07,-2.6019,9.5959,-13.642,-47.835,-67.496,-44.707,-22.344,0.90465,-2.2605
9.9519,-6.7827,-14.174,-2.0983,10.219,-14.818,-49.482,-68.089,-45.325,-23.034,-0.077699,-3.586
10.146,-8.527,-15.577,-1.7246,11.17,-16.009,-50.832,-68.311,-45.803,-23.668,-0.99799,-4.6719
10.573,-10.175,-17.191,-1.5034,12.396,-17.171,-51.896,-68.182,-46.175,-24.342,-2.0019,-5.5279
11.255,-11.667,-18.888,-1.467,13.817,-18.26,-52.71,-67.753,-46.485,-25.161,-3.242,-6.1894
12.165,-12.969,-20.52,-1.62,15.316,-19.241,-53.323,-67.094,-46.775,-26.201,-4.8188,-6.7067
13.172,-14.085,-21.926,-1.9117,16.73,-20.09,-53.787,-66.271,-47.075,-27.477,-6.7371,-7.1286
14.04,-15.068,-22.952,-2.2292,17.853,-20.8,-54.154,-65.335,-47.397,-28.939,-8.8988,-7.4857
14.483,-16.011,-23.498,-2.4159,18.487,-21.39,-54.462,-64.315,-47.737,-30.496,-11.138,-7.7825
14.25,-17.01,-23.546,-2.3151,18.496,-21.902,-54.733,-63.221,-48.078,-32.046,-13.286,-8.0066
13.225,-18.111,-23.177,-1.824,17.863,-22.381,-54.977,-62.055,-48.402,-33.521,-15.228,-8.1513
11.48,-19.292,-22.557,-0.93295,16.711,-22.86,-55.188,-60.819,-48.69,-34.901,-16.94,-8.2379
9.2665,-20.489,-21.909,0.27401,15.276,-23.364,-55.351,-59.516,-48.93,-36.211,-18.474,-8.3202
6.9287,-21.643,-21.474,1.6579,13.86,-23.916,-55.432,-58.147,-49.109,-37.484,-19.913,-8.4665
4.7939,-22.735,-21.455,3.0841,12.749,-24.54,-55.382,-56.698,-49.218,-38.735,-21.321,-8.7322
3.0801,-23.783,-21.959,4.4668,12.133,-25.26,-55.147,-55.15,-49.249,-39.942,-22.712,-9.1394
1.8436,-24.816,-22.955,5.7798,12.05,-26.084,-54.693,-53.49,-49.2,-41.056,-24.048,-9.6679
0.96825,-25.856,-24.262,7.0425,12.354,-26.986,-54.02,-51.721,-49.075,-42.015,-25.256,-10.257
0.20223,-26.893,-25.569,8.2988,12.746,-27.889,-53.16,-49.86,-48.881,-42.762,-26.243,-10.814
-0.75333,-27.887,-26.518,9.5913,12.86,-28.684,-52.164,-47.933,-48.63,-43.258,-26.926,-11.243
-2.1204,-28.775,-26.817,10.923,12.408,-29.265,-51.085,-45.973,-48.332,-43.498,-27.265,-11.474
-3.9243,-29.493,-26.355,12.223,11.307,-29.57,-49.972,-44.025,-47.995,-43.52,-27.288,-11.498
-5.9393,-29.99,-25.249,13.342,9.7133,-29.602,-48.856,-42.137,-47.621,-43.39,-27.087,-11.368
-7.7522,-30.242,-23.796,14.101,7.9782,-29.421,-47.74,-40.353,-47.2,-43.168,-26.777,-11.177
-8.9217,-30.249,-22.362,14.36,6.5181,-29.107,-46.595,-38.699,-46.71,-42.887,-26.45,-11.021
-9.1457,-30.033,-21.265,14.061,5.6729,-28.735,-45.371,-37.182,-46.122,-42.533,-26.149,-10.969
-8.3571,-29.624,-20.69,13.256,5.6017,-28.348,-44,-35.786,-45.413,-42.06,-25.864,-11.05
-6.7358,-29.054,-20.656,12.087,6.2461,-27.96,-42.415,-34.481,-44.568,-41.41,-25.555,-11.258
-4.6505,-28.34,-21.017,10.745,7.3563,-27.545,-40.554,-33.219,-43.581,-40.531,-25.172,-11.561
-2.5545,-27.459,-21.508,9.4173,8.5737,-27.043,-38.366,-31.943,-42.439,-39.388,-24.675,-11.911
-0.84872,-26.345,-21.82,8.2307,9.5466,-26.359,-35.816,-30.596,-41.118,-37.961,-24.034,-12.247
0.26749,-24.904,-21.699,7.199,10.046,-25.396,-32.886,-29.135,-39.581,-36.249,-23.231,-12.507
0.90336,-23.049,-21.02,6.1968,10.043,-24.079,-29.588,-27.558,-37.795,-34.271,-22.257,-12.637
1.4441,-20.728,-19.817,4.9932,9.7038,-22.381,-25.973,-25.922,-35.769,-32.083,-21.113,-12.605
2.3503,-17.93,-18.235,3.3601,9.2956,-20.328,-22.128,-24.335,-33.562,-29.77,-19.796,-12.416
3.9093,-14.687,-16.41,1.1845,9.023,-17.969,-18.147,-22.916,-31.264,-27.405,-18.274,-12.09
6.0795,-11.061,-14.366,-1.482,8.8948,-15.317,-14.094,-21.732,-28.941,-24.996,-16.469,-11.642
8.508,-7.1361,-12.004,-4.4323,8.7211,-12.321,-9.9705,-20.767,-26.583,-22.463,-14.266,-11.045
10.699,-3,-9.1836,-7.3688,8.2415,-8.8928,-5.7251,-19.931,-24.115,-19.67,-11.56,-10.239
12.225,1.2632,-5.8368,-10.009,7.2802,-4.9571,-1.3056,-19.114,-21.448,-16.501,-8.3178,-9.1628
12.874,5.568,-2.0227,-12.19,5.8318,-0.52941,3.2818,-18.237,-18.536,-12.92,-4.633,-7.8076
12.677,9.8223,2.0687,-13.929,4.0563,4.2291,7.9412,-17.272,-15.397,-8.9889,-0.72336,-6.2352
11.866,13.948,6.1567,-15.489,2.2098,9.014,12.494,-16.241,-12.104,-4.8421,3.1313,-4.5692
10.782,17.938,9.939,-17.391,0.55066,13.482,16.711,-15.198,-8.767,-0.6307,6.695,-2.9618
9.7815,21.892,13.189,-20.256,-0.74912,17.418,20.357,-14.205,-5.5153,3.5302,9.8642,-1.5361
9.146,25.978,15.854,-24.388,-1.6647,20.821,23.247,-13.317,-2.4816,7.579,12.672,-0.32102
9.0384,30.275,18.075,-29.308,-2.3262,23.828,25.288,-12.577,0.22741,11.479,15.229,0.77056
9.5119,34.638,20.084,-34.102,-2.9481,26.562,26.486,-12.027,2.5483,15.181,17.66,1.8976
10.55,38.767,22.086,-38.291,-3.6988,29.088,26.904,-11.718,4.4555,18.604,20.056,3.2217
12.117,42.424,24.191,-41.938,-4.5877,31.437,26.599,-11.707,5.9411,21.648,22.426,4.8405
14.222,45.556,26.33,-45.283,-5.4152,33.582,25.577,-12.042,7.0013,24.213,24.676,6.7331
16.97,48.24,28.134,-48.539,-5.7703,35.406,23.793,-12.739,7.635,26.218,26.618,8.742
20.56,50.586,28.96,-51.858,-5.1351,36.735,21.203,-13.78,7.8502,27.623,28.026,10.612
25.179,52.664,28.196,-55.285,-3.1391,37.384,17.837,-15.097,7.6794,28.458,28.721,12.087
30.822,54.462,25.612,-58.695,0.22115,37.225,13.831,-16.574,7.1987,28.841,28.64,13.015
37.131,55.912,21.488,-61.809,4.569,36.26,9.3964,-18.067,6.5288,28.966,27.877,13.43
43.403,56.949,16.465,-64.334,9.2902,34.652,4.7488,-19.445,5.8017,29.046,26.637,13.521
48.901,57.584,11.281,-66.116,13.727,32.676,0.030847,-20.634,5.1089,29.228,25.175,13.542
53.222,57.898,6.544,-67.195,17.361,30.628,-4.7082,-21.639,4.4681,29.551,23.726,13.684
56.342,57.998,2.6201,-67.735,19.935,28.734,-9.4702,-22.518,3.8346,29.964,22.482,14.018
58.413,57.944,-0.37568,-67.932,21.46,27.093,-14.235,-23.339,3.1497,30.384,21.596,14.52
59.632,57.721,-2.513,-67.97,22.131,25.673,-18.914,-24.135,2.3927,30.761,21.17,15.134
60.319,57.249,-3.9749,-68.007,22.253,24.349,-23.352,-24.877,1.6099,31.102,21.256,15.826
60.965,56.417,-5.0188,-68.15,22.202,22.967,-27.374,-25.485,0.90791,31.478,21.858,16.594
62.042,55.154,-5.9414,-68.45,22.371,21.402,-30.827,-25.852,0.42047,32.002,22.951,17.466
63.755,53.517,-7.0255,-68.922,23.049,19.62,-33.62,-25.892,0.25899,32.79,24.501,18.489
65.982,51.71,-8.4654,-69.534,24.348,17.708,-35.736,-25.571,0.465,33.912,26.446,19.695
68.424,50.008,-10.303,-70.224,26.212,15.829,-37.23,-24.92,0.98862,35.358,28.681,21.055
70.81,48.596,-12.415,-70.931,28.452,14.114,-38.204,-24.016,1.7097,37.036,31.06,22.458
72.956,47.45,-14.561,-71.608,30.782,12.577,-38.767,-22.946,2.4911,38.814,33.422,23.729
74.738,46.349,-16.465,-72.211,32.873,11.126,-39.008,-21.779,3.2308,40.556,35.625,24.682
76.063,44.995,-17.902,-72.684,34.424,9.6243,-38.982,-20.56,3.8853,42.151,37.555,25.173
76.898,43.155,-18.771,-72.974,35.24,7.9574,-38.722,-19.324,4.46,43.519,39.132,25.122
77.244,40.757,-19.109,-72.99,35.292,6.0752,-38.251,-18.111,4.976,44.603,40.302,24.524
77.049,37.889,-19.071,-72.537,34.736,4.0076,-37.597,-16.976,5.4316,45.356,41.037,23.438
76.186,34.715,-18.889,-71.307,33.843,1.8353,-36.807,-15.986,5.7789,45.737,41.316,21.944
74.545,31.358,-18.82,-69.035,32.906,-0.37831,-35.939,-15.218,5.924,45.703,41.105,20.102
72.082,27.822,-19.086,-65.654,32.151,-2.6425,-35.049,-14.751,5.7502,45.213,40.34,17.92
68.769,24.01,-19.8,-61.274,31.64,-5.0198,-34.183,-14.651,5.1521,44.239,38.928,15.375
64.538,19.809,-20.905,-55.987,31.227,-7.5416,-33.362,-14.957,4.0666,42.771,36.781,12.47
59.259,15.187,-22.163,-49.746,30.59,-10.139,-32.599,-15.676,2.4868,40.814,33.856,9.2798
52.782,10.236,-23.231,-42.41,29.38,-12.654,-31.908,-16.786,0.45249,38.394,30.18,5.9438
45.043,5.1442,-23.8,-33.895,27.403,-14.924,-31.312,-18.251,-1.9721,35.55,25.845,2.6216
36.277,0.13002,-23.725,-24.495,24.733,-16.855,-30.84,-20.03,-4.7139,32.34,21.002,-0.53887
27.298,-4.6114,-23.09,-15.315,21.669,-18.451,-30.511,-22.085,-7.6936,28.846,15.851,-3.4009
19.285,-8.9359,-22.17,-7.8128,18.605,-19.786,-30.321,-24.378,-10.826,25.175,10.62,-5.8364
12.973,-12.75,-21.327,-2.567,15.935,-20.958,-30.24,-26.874,-14.025,21.448,5.5273,-7.7466
8.4671,-16.004,-20.878,0.74777,13.979,-22.045,-30.224,-29.532,-17.202,17.78,0.73619,-9.0912
5.6104,-18.684,-20.996,2.629,12.906,-23.08,-30.222,-32.303,-20.264,14.266,-3.6593,-9.8997
4.1681,-20.813,-21.667,3.5135,12.704,-24.058,-30.189,-35.124,-23.112,10.981,-7.6146,-10.258
3.7944,-22.451,-22.72,3.8317,13.176,-24.942,-30.1,-37.931,-25.656,7.9781,-11.098,-10.285
4.0155,-23.676,-23.893,3.9642,13.987,-25.687,-29.957,-40.658,-27.844,5.2928,-14.07,-10.108
4.3552,-24.569,-24.912,4.1489,14.755,-26.259,-29.785,-43.256,-29.668,2.9417,-16.496,-9.8426
4.4688,-25.202,-25.547,4.4768,15.174,-26.642,-29.623,-45.685,-31.153,0.92746,-18.356,-9.5659
4.1571,-25.629,-25.64,4.9498,15.058,-26.837,-29.504,-47.925,-32.347,-0.75263,-19.667,-9.2949
3.3456,-25.887,-25.114,5.5235,14.336,-26.843,-29.451,-49.973,-33.305,-2.1023,-20.472,-8.9733
2.0955,-25.982,-23.986,6.1173,13.054,-26.658,-29.465,-51.842,-34.079,-3.1281,-20.84,-8.4867
0.60667,-25.901,-22.382,6.6163,11.379,-26.287,-29.533,-53.556,-34.708,-3.8456,-20.844,-7.7109
-0.82899,-25.624,-20.538,6.8962,9.5838,-25.756,-29.628,-55.129,-35.21,-4.2808,-20.558,-6.5741
-1.9212,-25.156,-18.756,6.8699,7.9856,-25.122,-29.714,-56.549,-35.577,-4.4613,-20.045,-5.1012
-2.4805,-24.543,-17.342,6.5277,6.8711,-24.465,-29.749,-57.77,-35.773,-4.4019,-19.353,-3.4206
-2.4431,-23.871,-16.526,5.9374,6.4257,-23.866,-29.689,-58.718,-35.746,-4.0979,-18.516,-1.7264
-1.8382,-23.239,-16.397,5.2079,6.6972,-23.391,-29.492,-59.324,-35.448,-3.5353,-17.556,-0.21873
-0.75512,-22.722,-16.88,4.4452,7.5864,-23.065,-29.139,-59.563,-34.856,-2.7104,-16.5,0.95003
0.64352,-22.335,-17.747,3.722,8.8574,-22.86,-28.64,-59.469,-33.997,-1.6466,-15.382,1.7103
2.1073,-22.028,-18.661,3.0723,10.166,-22.688,-28.034,-59.145,-32.951,-0.40373,-14.241,2.0886
3.3175,-21.712,-19.228,2.512,11.118,-22.42,-27.4,-58.732,-31.846,0.92689,-13.102,2.1948
3.939,-21.31,-19.082,2.0763,11.342,-21.934,-26.839,-58.364,-30.842,2.2364,-11.959,2.1805
3.6972,-20.797,-17.996,1.842,10.574,-21.179,-26.443,-58.141,-30.079,3.4235,-10.777,2.1872
2.4538,-20.21,-15.975,1.9125,8.7489,-20.199,-26.265,-58.079,-29.617,4.4201,-9.5136,2.303
0.26901,-19.627,-13.27,2.3666,6.0529,-19.119,-26.285,-58.08,-29.403,5.2047,-8.1425,2.5356
-2.5698,-19.127,-10.316,3.2031,2.9026,-18.102,-26.389,-57.923,-29.261,5.8089,-6.6827,2.813
-5.595,-18.76,-7.6098,4.3116,-0.16904,-17.29,-26.352,-57.273,-28.911,6.3242,-5.1945,3.0098
-8.2876,-18.51,-5.5676,5.4842,-2.665,-16.745,-25.838,-55.714,-27.993,6.9142,-3.7452,3.0047
-10.211,-18.288,-4.411,6.4602,-4.2433,-16.412,-24.408,-52.823,-26.104,7.8197,-2.3531,2.7488
-11.086,-17.934,-4.1065,6.9856,-4.7673,-16.127,-21.534,-48.31,-22.893,9.3324,-0.9395,2.3096
-10.785,-17.248,-4.3961,6.8719,-4.2938,-15.653,-16.718,-42.415,-18.409,11.711,0.67131,1.8639
-9.3034,-16.046,-4.9098,6.0391,-3.0244,-14.763,-10.282,-37.12,-14.147,15.007,2.68,1.6495
-6.7928,-14.222,-5.3293,4.5328,-1.2315,-13.327,-6.284,-37.269,-14.603,18.771,5.1334,1.9038
-3.5816,-11.795,-5.5182,2.4998,0.80298,-11.392,-10.431,-41.925,-21.927,21.502,7.6063,2.7876
-0.10243,-8.8819,-5.5098,0.109,2.8031,-9.1769,-15.209,-41.869,-27.074,19.89,8.3767,4.1797
3.2549,-5.5715,-5.3548,-2.5988,4.4702,-6.8996,-12.896,-33.218,-24.828,12.283,2.9145,4.87
6.3243,-1.792,-4.9592,-5.9058,5.4811,-4.5747,-2.1458,-17.423,-14.993,8.63,-3.1513,1.4414
9.1961,2.7109,-4.0701,-10.064,5.6141,-1.9313,16.17,0.39545,2.3903,15.45,-1.5112,-2.1141
10.653,8.1708,-2.4608,-12.437,4.854,1.5019,40.809,36.594,26.365,29.626,3.5565,-0.24755
7.9062,13.912,-0.15026,-12.193,3.1097,6.1679,83.297,97.212,56.332,50.219,12.666,4.3904
5.6839,17.423,2.5136,-14.926,-0.03047,12.073,143.25,162.64,91.865,77.884,28.457,12.128
6.2458,22.364,4.894,-19.725,-4.2814,18.322,205.34,223.21,129.61,111.74,52.881,24.151
10.096,30.294,6.2384,-26.319,-7.0707,23.215,256.42,266.2,162.52,148.33,85.782,41.447
18.425,37.993,5.9136,-35.19,-5.2462,25.698,282.97,277.78,182.57,183.58,125.07,63.926
32.283,46.089,3.6141,-47.066,2.5312,26.689,276.99,247.94,185.26,215.59,168.45,90.139
52.594,57.251,-0.44695,-63.297,16.365,27.402,237.23,174.51,171.79,245.34,216.47,119.71
79.831,74.967,-5.3755,-85.522,35.447,29.054,167.76,63.761,147.42,276.45,271.98,154.73
113.7,102.09,-10.713,-115.04,58.161,33.736,74.515,-73.938,115.69,314.22,337.91,197.56
153.33,139.42,-20.075,-152.61,82.282,44.321,-38.697,-224.63,77.081,363.42,416.96,249.51
198.01,185.3,-23.483,-198.1,106.19,62.862,-172.22,-373.17,38.485,427.66,511.06,311.19
247.31,236.69,-20.782,-249.86,129.68,88.859,-329.41,-512.44,7.8885,509.95,621.48,382.62
301.03,290.39,-15.677,-305.39,153.99,119.32,-513.67,-640.46,-12.704,610.59,748.83,462.94
359.42,343.07,-12.779,-362.39,181.91,148.78,-725.84,-762.47,-26.272,725.63,891.71,549.95
423.02,391.24,-17.767,-419.2,216.95,170.23,-962.98,-886.77,-38.329,847.18,1045.1,640.02
492.03,431.48,-37.638,-474.31,261.78,179.07,-1217.7,-1018.8,-54.539,965.08,1199.6,728.3
565.62,461.06,-78.927,-526.29,316.98,173.41,-1477.5,-1158.9,-80.8,1069.3,1343.8,809.55
641.05,478.86,-140.1,-573.26,381.17,154.07,-1725.4,-1301.1,-123.4,1151.9,1467.9,879.08
713.82,484.99,-209.05,-612.52,450.9,123.74,-1943.6,-1432.9,-182.69,1207.6,1563.9,933.02
779.98,479.8,-281.15,-641.85,521.69,85.582,-2116.3,-1538.1,-245.88,1235,1626.4,968.06
835.87,463.01,-354.65,-659.85,589.02,42.076,-2232.9,-1602.4,-299.92,1235,1651.8,981.68
877.61,433.38,-426.41,-664.79,648.36,-6.0141,-2288.9,-1618.8,-340.93,1209.4,1638.8,972.5
901.83,388.71,-494.85,-653.98,696.3,-59.68,-2286.1,-1590.1,-370.16,1158,1587.6,940.21
905.71,326.55,-559.9,-624.47,731.36,-120.6,-2231.5,-1527.7,-389.95,1078.2,1498.8,885.3
887.09,245.68,-621.45,-574.3,752.57,-189.36,-2134.3,-1449.7,-409.16,964.95,1372.5,809.09
844.67,147.74,-676.88,-503.67,758.37,-263.6,-2004.8,-1375.2,-446.97,812.35,1208.2,713.82
778.46,38.274,-719.67,-415.74,746.4,-337.49,-1851.7,-1318.5,-512.6,617.7,1006.7,602.96
690.96,-73.289,-742.39,-316.67,714.48,-402.98,-1682.6,-1284.2,-603.11,386.21,773.28,481.78
588.25,-175.25,-740.69,-214.75,663.12,-451.55,-1504,-1265.3,-706.66,134.04,521.23,357.74
479.36,-256.44,-713.53,-119.13,596.23,-476.28,-1322.6,-1246.4,-804.5,-112.91,271.07,239.72
373.09,-309.16,-661.94,-38.246,518.67,-474.2,-1144.2,-1210.2,-875.84,-325.31,46.824,136.29
276.08,-330.96,-589.48,22.254,435.27,-447.16,-974.09,-1144.3,-904.52,-479.05,-130.29,53.76
193.45,-324.76,-503.22,60.863,352.07,-400.82,-818.16,-1048.3,-884.41,-562.43,-247.96,-4.3222
128.1,-297.54,-412.67,79.813,275.3,-343.08,-679.92,-930.88,-820.61,-578.51,-305.81,-35.316
79.924,-257.94,-326.85,83.605,209.09,-282.01,-560.57,-803.62,-726.4,-541.78,-313.94,-46.712
46.699,-214.11,-251.66,77.773,154.44,-224.27,-459.83,-677.07,-617.36,-472.42,-288.91,-47.373
24.469,-172.16,-189.21,67.829,110.3,-174.41,-375.48,-558.24,-506.44,-391.06,-248.63,-43.901
8.3637,-135.74,-138.41,58.116,74.949,-134.53,-304.37,-451.46,-402.96,-313.8,-206.94,-40.635
-4.9418,-106.41,-96.787,50.689,46.847,-103.96,-243.99,-359.79,-313.64,-249.25,-171.06,-39.575
-16.31,-85.527,-64.038,32.716,25.272,-80.511,-193.18,-284.8,-242.54,-199.42,-143.36,-40.669
-25.113,-72.301,-40.42,24.454,9.6595,-62.486,-151.74,-226.01,-190.02,-162.4,-122.92,-29.274
-30.219,-62.761,-24.936,24.392,-0.52936,-49.02,-119.39,-181.34,-152.51,-135.67,-105.63,-21.573
-25.677,-54.732,-15.99,24.323,-5.9048,-39.441,-95.213,-147.78,-125.34,-115.53,-89.222,-22.397
-18.264,-47.841,-11.226,23.06,-7.932,-32.873,-77.729,-121.99,-104.88,-97.54,-77.002,-22.596
-16.782,-41.911,-8.7633,20.956,-6.6883,-28.862,-65.297,-100.96,-88.56,-80.912,-66.276,-22.015
-16.082,-35.991,-10.23,18.663,-2.6615,-28.022,-56.697,-82.709,-74.731,-67.105,-55.92,-21.054
-14.881,-31.433,-12.892,16.554,-2.308,-27.005,-51.987,-66.553,-62.479,-57.37,-47.375,-20.084
-13.006,-28.697,-12.06,14.68,-2.5049,-24.96,-48.009,-55.01,-51.561,-52.346,-40.969,-19.339
-10.585,-26.933,-11.347,12.933,-1.9107,-23.44,-42.672,-48.527,-43.697,-49.81,-36.323,-18.896
-7.9135,-25.697,-11.511,11.22,-0.44407,-22.529,-37.941,-41.095,-40.856,-47.204,-33.321,-18.69
-5.4086,-24.794,-12.35,9.5872,1.4954,-22.082,-34.356,-34.436,-38.411,-44.776,-31.41,-18.553
-3.6075,-24.137,-13.335,8.2572,3.2082,-21.919,-31.753,-29.308,-35.539,-42.754,-30.103,-18.285
-3.0682,-23.711,-13.9,7.541,3.9747,-21.861,-29.866,-25.429,-32.764,-41.061,-29.089,-17.742
-4.1168,-23.522,-13.711,7.6712,3.4167,-21.792,-28.453,-22.399,-30.27,-39.593,-28.201,-16.897
-6.6037,-23.576,-12.813,8.6477,1.6616,-21.689,-27.341,-19.917,-28.087,-38.309,-27.397,-15.86
-9.8634,-23.841,-11.618,10.197,-0.71581,-21.628,-26.44,-17.8,-26.219,-37.231,-26.717,-14.848
-12.933,-24.252,-10.727,11.866,-2.8833,-21.731,-25.726,-15.968,-24.681,-36.402,-26.236,-14.092
-14.924,-24.719,-10.651,13.2,-4.0492,-22.084,-25.2,-14.391,-23.479,-35.838,-25.997,-13.749
-15.355,-25.146,-11.542,13.893,-3.8206,-22.661,-24.855,-13.036,-22.575,-35.489,-25.974,-13.834
-14.331,-25.455,-13.075,13.874,-2.4197,-23.303,-24.654,-11.83,-21.888,-35.243,-26.054,-14.205
-12.47,-25.597,-14.584,13.308,-0.58365,-23.783,-24.52,-10.658,-21.305,-34.95,-26.064,-14.611
-10.613,-25.562,-15.359,12.512,0.8059,-23.902,-24.358,-9.3753,-20.701,-34.473,-25.824,-14.788
-9.4578,-25.381,-14.946,11.834,1.1107,-23.566,-24.071,-7.8376,-19.966,-33.728,-25.218,-14.565
-9.306,-25.113,-13.317,11.511,0.14133,-22.824,-23.585,-5.9258,-19.027,-32.698,-24.227,-13.927
-10.022,-24.826,-10.89,11.578,-1.8065,-21.851,-22.863,-3.5693,-17.856,-31.44,-22.943,-13.02
-11.17,-24.575,-8.3862,11.882,-4.0419,-20.896,-21.916,-0.75242,-16.479,-30.063,-21.539,-12.091
-12.223,-24.387,-6.5579,12.188,-5.7463,-20.186,-20.792,2.4971,-14.95,-28.684,-20.205,-11.388
-12.793,-24.251,-5.844,12.318,-6.3679,-19.83,-19.559,6.129,-13.341,-27.379,-19.084,-11.069
-12.816,-24.126,-6.1672,12.249,-5.905,-19.765,-18.281,10.082,-11.702,-26.154,-18.214,-11.137
-12.576,-23.942,-6.975,12.094,-4.9026,-19.776,-17.006,14.297,-10.063,-24.94,-17.521,-11.447
-12.547,-23.608,-7.5055,12.01,-4.1659,-19.581,-15.763,18.666,-8.436,-23.635,-16.855,-11.755
-13.132,-23.036,-7.1202,12.095,-4.3669,-18.94,-14.56,23.046,-6.8381,-22.165,-16.06,-11.826
-14.435,-22.167,-5.5487,12.336,-5.7456,-17.742,-13.409,27.273,-5.3014,-20.535,-15.055,-11.537
-16.212,-20.998,-2.9686,12.597,-8.0445,-16.047,-12.315,31.226,-3.8626,-18.838,-13.87,-10.929
-17.954,-19.589,0.082937,12.668,-10.627,-14.067,-11.263,34.891,-2.5343,-17.2,-12.619,-10.172
-19.042,-18.026,2.9572,12.333,-12.72,-12.049,-10.196,38.372,-1.2823,-15.712,-11.435,-9.4857
-18.953,-16.378,5.1976,11.452,-13.739,-10.125,-9.0222,41.846,-0.029323,-14.38,-10.402,-9.04
-17.465,-14.671,6.7126,10.013,-13.502,-8.2545,-7.6322,45.495,1.314,-13.123,-9.5348,-8.8973
-14.73,-12.897,7.7468,8.1309,-12.223,-6.3028,-5.9374,49.434,2.8186,-11.813,-8.7911,-9.0106
-11.251,-11.046,8.6786,6.0235,-10.406,-4.1557,-3.8981,53.674,4.5025,-10.332,-8.1047,-9.257
-7.7804,-9.1167,9.85,3.9676,-8.7153,-1.7582,-1.5369,58.108,6.3402,-8.6146,-7.4117,-9.4821
-5.1233,-7.1291,11.559,2.2494,-7.8149,0.88805,1.0671,62.54,8.2792,-6.675,-6.6663,-9.5389
-3.9147,-5.1379,14.039,1.1103,-8.1996,3.7155,3.8029,66.762,10.259,-4.5936,-5.8418,-9.3241
-4.4831,-3.2308,17.356,0.71059,-10.07,6.5842,6.5635,70.642,12.231,-2.4799,-4.9276,-8.808
-6.8063,-1.5041,21.396,1.1027,-13.329,9.3339,9.2848,74.179,14.174,-0.42061,-3.9234,-8.0455
-10.536,-0.03329,25.91,2.2083,-17.646,11.853,11.969,77.506,16.113,1.5554,-2.8388,-7.1571
-15.063,1.1378,30.521,3.8156,-22.5,14.084,14.685,80.832,18.118,3.4835,-1.696,-6.2878
-19.599,1.9857,34.756,5.6155,-27.233,15.978,17.55,84.373,20.289,5.4461,-0.52864,-5.5596
-23.341,2.4902,38.144,7.2715,-31.167,17.467,20.709,88.305,22.752,7.5457,0.629,-5.0407
-25.688,2.6355,40.363,8.5059,-33.802,18.491,24.303,92.733,25.655,9.8722,1.7547,-4.7402
-26.409,2.4348,41.354,9.1679,-34.986,19.058,28.442,97.674,29.166,12.469,2.8392,-4.6273
-25.663,1.958,41.338,9.2616,-34.94,19.28,33.167,103.06,33.44,15.309,3.8783,-4.6569
-23.926,1.3291,40.725,8.9314,-34.162,19.343,38.438,108.78,38.543,18.308,4.868,-4.7841
-21.854,0.6853,39.957,8.4159,-33.231,19.42,44.142,114.71,44.377,21.353,5.8087,-4.9664
-20.112,0.12557,39.367,7.9781,-32.604,19.588,50.118,120.76,50.683,24.344,6.7115,-5.1615
-19.177,-0.31412,39.112,7.831,-32.484,19.805,56.211,126.79,57.168,27.21,7.6011,-5.3282
-19.218,-0.64745,39.189,8.0859,-32.868,19.968,62.338,132.65,63.633,29.914,8.5134,-5.4281
-20.133,-0.89942,39.498,8.7318,-33.659,19.995,68.537,138.17,70.004,32.447,9.4882,-5.4255
-21.665,-1.0658,39.917,9.6439,-34.696,19.885,74.946,143.25,76.27,34.828,10.556,-5.2896
-23.481,-1.0955,40.351,10.623,-35.777,19.737,81.722,147.88,82.417,37.094,11.723,-5.0028
-25.179,-0.90704,40.749,11.446,-36.7,19.711,88.945,152.13,88.401,39.275,12.954,-4.5731
-26.339,-0.42447,41.12,11.913,-37.313,19.967,96.564,156.1,94.161,41.381,14.184,-4.0446
-26.664,0.39172,41.499,11.887,-37.551,20.605,104.44,159.93,99.648,43.39,15.328,-3.4934
-26.077,1.5306,41.926,11.325,-37.442,21.625,112.42,163.72,104.86,45.263,16.313,-3.0075
-24.735,2.9291,42.423,10.297,-37.081,22.941,120.44,167.51,109.82,46.961,17.1,-2.6557
-22.968,4.4811,43.008,8.9748,-36.617,24.421,128.5,171.31,114.54,48.464,17.696,-2.4635
-21.199,6.0643,43.716,7.5927,-36.243,25.943,136.57,175.03,119,49.773,18.147,-2.4069
-19.843,7.5819,44.621,6.3869,-36.172,27.438,144.56,178.59,123.1,50.909,18.518,-2.4301
-19.186,8.9975,45.799,5.52,-36.574,28.901,152.23,181.87,126.74,51.896,18.87,-2.4793
-19.295,10.339,47.283,5.0255,-37.489,30.351,159.3,184.78,129.82,52.748,19.222,-2.5334
-20.004,11.665,49.019,4.8075,-38.801,31.786,165.5,187.24,132.3,53.453,19.544,-2.613
-21.013,13.023,50.867,4.7086,-40.29,33.163,170.72,189.24,134.2,53.984,19.765,-2.7618
-22.042,14.415,52.649,4.6061,-41.724,34.41,175.02,190.8,135.58,54.309,19.803,-3.019
-22.933,15.786,54.213,4.4674,-42.931,35.459,178.59,192,136.52,54.399,19.59,-3.3964
-23.651,17.042,55.463,4.3333,-43.846,36.284,181.66,192.95,137.07,54.239,19.099,-3.8717
-24.21,18.105,56.353,4.2567,-44.492,36.901,184.44,193.71,137.28,53.832,18.358,-4.3929
-24.591,18.949,56.85,4.2473,-44.905,37.344,187.02,194.32,137.15,53.192,17.438,-4.8926
-24.705,19.608,56.915,4.2554,-45.042,37.648,189.36,194.73,136.64,52.336,16.427,-5.3055
-24.402,20.153,56.51,4.193,-44.771,37.829,191.32,194.87,135.74,51.275,15.407,-5.5829
-23.563,20.655,55.645,3.9732,-43.972,37.899,192.79,194.69,134.48,50.017,14.435,-5.7036
-22.189,21.142,54.425,3.5513,-42.66,37.882,193.71,194.17,132.97,48.575,13.537,-5.6798
-20.456,21.593,53.051,2.949,-41.042,37.821,194.14,193.34,131.29,46.97,12.716,-5.5577
-18.689,21.951,51.789,2.255,-39.469,37.78,194.17,192.22,129.46,45.216,11.936,-5.4063
-17.278,22.158,50.937,1.5999,-38.336,37.837,193.85,190.81,127.43,43.308,11.129,-5.3018
-16.565,22.198,50.784,1.1161,-37.972,38.067,193.19,189.07,125.06,41.216,10.195,-5.3116
-16.741,22.106,51.538,0.9,-38.569,38.52,192.12,186.95,122.21,38.895,9.0514,-5.4738
-17.807,21.95,53.229,0.98909,-40.134,39.185,190.56,184.38,118.75,36.3,7.6835,-5.7739
-19.591,21.792,55.648,1.3633,-42.476,39.974,188.36,181.3,114.59,33.398,6.1817,-6.1314
-21.806,21.668,58.36,1.9639,-45.228,40.736,185.44,177.69,109.72,30.176,4.7195,-6.4155
-24.113,21.577,60.802,2.7167,-47.907,41.296,181.71,173.51,104.19,26.667,3.4985,-6.4816
-26.175,21.496,62.439,3.5469,-50.013,41.506,177.19,168.77,98.105,22.97,2.6903,-6.2148
-27.701,21.388,62.921,4.3806,-51.148,41.284,171.9,163.53,91.664,19.244,2.3914,-5.5631
-28.493,21.208,62.171,5.1332,-51.112,40.623,165.98,157.86,85.118,15.667,2.5934,-4.5532
-28.451,20.92,60.35,5.6927,-49.933,39.588,159.55,151.89,78.731,12.378,3.1767,-3.2804
-27.538,20.516,57.763,5.9224,-47.787,38.295,152.68,145.73,72.714,9.4465,3.941,-1.8765
-25.75,20.021,54.76,5.6926,-44.899,36.883,145.39,139.42,67.174,6.8743,4.6605,-0.47398
-23.15,19.473,51.66,4.9323,-41.516,35.473,137.6,132.97,62.101,4.618,5.1476,0.81549
-19.938,18.892,48.693,3.6754,-37.907,34.136,129.23,126.34,57.397,2.6249,5.3387,1.927
-16.461,18.262,45.989,2.0758,-34.321,32.868,120.2,119.41,52.918,0.8629,5.3691,2.8892
-13.14,17.524,43.59,0.38022,-30.939,31.583,110.51,112.05,48.515,-0.67269,5.5317,3.8337
-10.365,16.591,41.423,-1.1323,-27.835,30.12,100.14,104.1,44.06,-1.9808,6.1275,4.9235
-8.3986,15.376,39.269,-2.2194,-24.983,28.282,89.138,95.414,39.488,-3.0861,7.349,6.2747
-7.3282,13.818,36.776,-2.7263,-22.325,25.883,77.63,85.967,34.858,-4.0533,9.2372,7.9294
-7.0546,11.909,33.588,-2.6081,-19.843,22.831,65.939,75.896,30.365,-4.9706,11.67,9.8446
-7.3243,9.6864,29.548,-1.9304,-17.566,19.171,54.537,65.535,26.256,-5.9155,14.369,11.89
-7.7958,7.2224,24.8,-0.85412,-15.471,15.089,43.849,55.315,22.681,-6.929,16.951,13.868
-8.1193,4.6062,19.673,0.39425,-13.414,10.843,34.037,45.608,19.632,-8.013,19.036,15.556
-8.0027,1.9314,14.453,1.5743,-11.168,6.6638,25.006,36.611,16.987,-9.1446,20.366,16.763
-7.2619,-0.72473,9.2816,2.4931,-8.5478,2.6847,16.553,28.337,14.59,-10.283,20.865,17.4
-5.8635,-3.3173,4.2113,3.0539,-5.4981,-1.0646,8.5102,20.691,12.309,-11.365,20.627,17.523
-3.9416,-5.838,-0.69292,3.2707,-2.1231,-4.6162,0.77901,13.552,10.051,-12.307,19.862,17.326
-1.7623,-8.3035,-5.3118,3.2481,1.3413,-7.9997,-6.6924,6.8261,7.7564,-13.049,18.818,17.066
0.35858,-10.72,-9.4883,3.1344,4.598,-11.189,-13.942,0.43811,5.3815,-13.61,17.704,16.961
2.1532,-13.035,-13.063,3.0587,7.3765,-14.09,-21.003,-5.6784,2.8749,-14.124,16.647,17.115
3.4745,-15.126,-15.904,3.0788,9.4981,-16.577,-27.894,-11.587,0.17698,-14.804,15.7,17.49
4.3115,-16.849,-17.92,3.1677,10.896,-18.545,-34.614,-17.337,-2.7665,-15.857,14.861,17.951
4.7401,-18.102,-19.079,3.2526,11.589,-19.947,-41.151,-22.956,-5.983,-17.401,14.064,18.32
4.8425,-18.866,-19.416,3.282,11.646,-20.802,-47.503,-28.44,-9.4567,-19.418,13.197,18.442
4.6496,-19.214,-19.053,3.2729,11.156,-21.192,-53.674,-33.755,-13.116,-21.758,12.174,18.247
4.151,-19.281,-18.196,3.3024,10.24,-21.252,-59.665,-38.836,-16.835,-24.193,11.003,17.787
3.3581,-19.236,-17.111,3.4564,9.0638,-21.144,-65.46,-43.606,-20.457,-26.491,9.8006,17.208
2.3642,-19.236,-16.07,3.7715,7.8358,-21.022,-71.03,-47.995,-23.835,-28.484,8.7265,16.666
1.3566,-19.37,-15.291,4.2038,6.7821,-20.993,-76.349,-51.961,-26.867,-30.101,7.9043,16.228
0.57955,-19.637,-14.889,4.6363,6.1015,-21.092,-81.409,-55.505,-29.513,-31.372,7.3453,15.847
0.26541,-19.956,-14.874,4.921,5.9222,-21.287,-86.241,-58.663,-31.788,-32.397,6.9175,15.394
0.55309,-20.226,-15.186,4.939,6.2737,-21.522,-90.92,-61.495,-33.752,-33.302,6.3819,14.742
1.4238,-20.392,-15.742,4.6576,7.0866,-21.754,-95.546,-64.07,-35.482,-34.197,5.4892,13.83
2.6888,-20.484,-16.476,4.1583,8.222,-21.986,-100.19,-66.432,-37.039,-35.136,4.0913,12.706
4.052,-20.604,-17.352,3.6153,9.5252,-22.267,-104.81,-68.594,-38.455,-36.103,2.2157,11.515
5.2373,-20.873,-18.382,3.2206,10.879,-22.667,-109.31,-70.538,-39.734,-37.035,0.064477,10.449
6.1226,-21.363,-19.614,3.0931,12.238,-23.252,-113.51,-72.249,-40.883,-37.875,-2.0693,9.6638
6.792,-22.051,-21.11,3.2256,13.635,-24.042,-117.32,-73.747,-41.934,-38.619,-3.9296,9.2132
7.4595,-22.838,-22.888,3.4977,15.141,-25.001,-120.74,-75.097,-42.951,-39.329,-5.4021,9.0204
8.3185,-23.591,-24.877,3.747,16.79,-26.035,-123.85,-76.375,-43.998,-40.094,-6.539,8.9187
9.4089,-24.2,-26.894,3.8598,18.502,-27.025,-126.76,-77.623,-45.102,-40.98,-7.5028,8.7279
10.561,-24.616,-28.689,3.837,20.072,-27.863,-129.47,-78.801,-46.228,-41.985,-8.4766,8.3298
11.446,-24.861,-30.006,3.7936,21.225,-28.479,-131.87,-79.791,-47.295,-43.048,-9.5872,7.7106
11.725,-25.01,-30.664,3.8852,21.72,-28.849,-133.82,-80.45,-48.215,-44.09,-10.873,6.9474
11.239,-25.142,-30.609,4.1984,21.466,-28.988,-135.17,-80.678,-48.931,-45.051,-12.315,6.1422
10.136,-25.272,-29.93,4.677,20.577,-28.926,-135.91,-80.478,-49.443,-45.901,-13.887,5.3503
8.8413,-25.345,-28.834,5.1304,19.348,-28.696,-136.15,-79.965,-49.802,-46.644,-15.567,4.5549
7.8669,-25.259,-27.567,5.318,18.135,-28.323,-136.08,-79.303,-50.087,-47.309,-17.32,3.6992
7.5585,-24.933,-26.338,5.0706,17.208,-27.824,-135.92,-78.631,-50.368,-47.93,-19.064,2.7426
7.9453,-24.345,-25.258,4.3872,16.656,-27.213,-135.78,-77.998,-50.681,-48.528,-20.678,1.6932
8.7564,-23.551,-24.346,3.4478,16.391,-26.517,-135.67,-77.36,-51.018,-49.098,-22.031,0.60013
9.5827,-22.669,-23.573,2.5336,16.228,-25.789,-135.48,-76.616,-51.339,-49.616,-23.017,-0.4774
10.084,-21.836,-22.906,1.8948,16.006,-25.099,-135.06,-75.684,-51.601,-50.051,-23.591,-1.5011
10.143,-21.151,-22.339,1.6406,15.674,-24.516,-134.27,-74.544,-51.782,-50.389,-23.781,-2.47
9.8967,-20.637,-21.889,1.7002,15.3,-24.079,-133.06,-73.258,-51.885,-50.63,-23.692,-3.4147
9.6344,-20.236,-21.571,1.8674,15.01,-23.779,-131.4,-71.927,-51.933,-50.788,-23.472,-4.3705
9.6292,-19.85,-21.36,1.9038,14.902,-23.557,-129.29,-70.639,-51.944,-50.878,-23.256,-5.3414
9.9885,-19.399,-21.181,1.6492,14.978,-23.323,-126.69,-69.407,-51.917,-50.9,-23.125,-6.2806
10.612,-18.86,-20.945,1.0827,15.16,-23.007,-123.5,-68.159,-51.824,-50.838,-23.087,-7.102
11.278,-18.288,-20.614,0.31237,15.341,-22.592,-119.59,-66.766,-51.626,-50.661,-23.096,-7.7173
11.81,-17.794,-20.245,-0.48576,15.465,-22.13,-114.91,-65.101,-51.293,-50.332,-23.082,-8.0831
12.17,-17.486,-19.983,-1.1352,15.567,-21.726,-109.57,-63.104,-50.814,-49.829,-23.005,-8.2346
12.402,-17.409,-19.993,-1.5086,15.738,-21.484,-103.83,-60.795,-50.192,-49.149,-22.883,-8.2822
12.543,-17.512,-20.364,-1.5549,16.027,-21.446,-97.988,-58.25,-49.435,-48.299,-22.776,-8.3578
12.565,-17.654,-21.016,-1.2959,16.37,-21.544,-92.279,-55.552,-48.551,-47.275,-22.728,-8.5371
12.347,-17.64,-21.668,-0.78906,16.561,-21.597,-86.795,-52.738,-47.535,-46.047,-22.709,-8.7809
11.663,-17.283,-21.885,-0.083891,16.283,-21.347,-81.49,-49.769,-46.358,-44.547,-22.585,-8.9311
10.283,-16.459,-21.201,0.78527,15.209,-20.522,-76.249,-46.54,-44.96,-42.688,-22.151,-8.7683
8.1179,-15.141,-19.279,1.7589,13.144,-18.915,-70.962,-42.925,-43.271,-40.401,-21.206,-8.1102
5.3338,-13.385,-16.05,2.7036,10.156,-16.466,-65.581,-38.827,-41.253,-37.682,-19.65,-6.9076
2.3605,-11.265,-11.768,3.4089,6.5964,-13.305,-60.107,-34.207,-38.933,-34.626,-17.546,-5.2851
-0.24845,-8.8173,-6.9354,3.6394,2.9833,-9.6977,-54.562,-29.084,-36.397,-31.404,-15.117,-3.5007
-2.0405,-6.0305,-2.0966,3.2099,-0.20856,-5.9039,-48.956,-23.501,-33.752,-28.19,-12.644,-1.8399
-2.8406,-2.8821,2.404,2.0512,-2.7418,-2.0583,-43.279,-17.48,-31.078,-25.071,-10.341,-0.48939
-2.7849,0.61787,6.5518,0.24327,-4.6754,1.8586,-37.491,-10.993,-28.378,-21.995,-8.2516,0.54872
-2.214,4.4084,10.623,-1.9993,-6.2601,5.9718,-31.517,-3.9553,-25.582,-18.786,-6.2438,1.4456
-1.4928,8.3815,14.993,-4.3913,-7.7425,10.412,-25.271,3.7458,-22.574,-15.236,-4.1102,2.4391
-0.84211,12.398,19.847,-6.6656,-9.2022,15.164,-18.699,12.189,-19.273,-11.222,-1.7077,3.7014
-0.24358,16.313,24.88,-8.6534,-10.49,19.945,-11.822,21.348,-15.692,-6.7829,0.93181,5.2512
0.53623,20.031,29.273,-10.337,-11.265,24.269,-4.7745,31.04,-11.961,-2.1327,3.576,6.938
1.7851,23.548,32.161,-11.86,-11.161,27.715,2.2037,40.924,-8.2835,2.4181,5.8845,8.4973
3.6453,26.962,33.243,-13.508,-10.023,30.154,8.8041,50.573,-4.8541,6.5945,7.605,9.6841
5.9817,30.415,32.956,-15.687,-8.0721,31.755,14.735,59.586,-1.7936,10.268,8.7428,10.443
8.3633,33.992,32.144,-18.886,-5.9295,32.83,19.811,67.697,0.85829,13.466,9.5609,10.973
10.237,37.62,31.623,-23.334,-4.4528,33.683,23.997,74.789,3.1229,16.295,10.44,11.609
11.234,41.076,31.912,-28.384,-4.3348,34.539,27.37,80.838,5.0591,18.855,11.722,12.655
11.353,44.108,33.136,-32.866,-5.6776,35.512,30.032,85.799,6.7283,21.202,13.597,14.302
11.036,46.597,34.969,-36.348,-7.9603,36.565,32.065,89.564,8.1587,23.336,16.049,16.571
11.191,48.592,36.633,-39.262,-10.289,37.513,33.516,92.007,9.3335,25.218,18.867,19.292
12.895,50.236,37.13,-42.208,-11.609,38.093,34.408,93.083,10.215,26.798,21.723,22.148
16.926,51.663,35.662,-45.545,-10.956,38.075,34.759,92.88,10.789,28.071,24.287,24.783
23.481,52.948,31.973,-49.332,-7.8098,37.348,34.582,91.624,11.099,29.103,26.342,26.928
32.142,54.111,26.394,-53.398,-2.2886,35.95,33.901,89.625,11.252,30.041,27.835,28.489
41.974,55.149,19.632,-57.464,4.9535,34.044,32.749,87.188,11.384,31.059,28.862,29.554
51.775,56.033,12.489,-61.234,12.913,31.84,31.166,84.525,11.613,32.285,29.605,30.305
60.442,56.696,5.6527,-64.462,20.499,29.514,29.187,81.697,12.004,33.748,30.282,30.919
67.241,57.026,-0.38557,-66.996,26.848,27.17,26.836,78.622,12.549,35.378,31.134,31.526
71.888,56.915,-5.2954,-68.813,31.463,24.85,24.143,75.158,13.181,37.065,32.395,32.221
74.499,56.316,-8.9014,-70.013,34.179,22.547,21.171,71.194,13.799,38.715,34.225,33.08
75.52,55.259,-11.253,-70.777,35.155,20.219,18.042,66.741,14.32,40.277,36.659,34.168
75.623,53.833,-12.59,-71.285,34.866,17.818,14.931,61.968,14.714,41.753,39.626,35.543
75.509,52.135,-13.256,-71.643,34.024,15.309,12.033,57.18,15.019,43.175,43.012,37.238
75.627,50.237,-13.694,-71.865,33.436,12.693,9.5085,52.729,15.306,44.59,46.685,39.254
76.036,48.188,-14.372,-71.904,33.767,10.021,7.4414,48.898,15.64,46.023,50.493,41.563
76.589,46.018,-15.635,-71.724,35.247,7.3644,5.8254,45.828,16.063,47.471,54.238,44.114
77.215,43.736,-17.582,-71.322,37.627,4.7551,4.5971,43.509,16.591,48.9,57.652,46.776
77.956,41.301,-20.06,-70.752,40.396,2.1874,3.6848,41.826,17.222,50.274,60.423,49.296
78.888,38.654,-22.733,-70.124,43.03,-0.3179,3.0431,40.607,17.936,51.564,62.265,51.331
80.042,35.784,-25.189,-69.593,45.125,-2.6798,2.6564,39.66,18.689,52.745,62.984,52.566
81.326,32.778,-27.055,-69.293,46.439,-4.788,2.5209,38.799,19.42,53.78,62.495,52.839
82.47,29.788,-28.118,-69.148,46.891,-6.5572,2.6271,37.875,20.063,54.623,60.839,52.177
83.095,26.93,-28.377,-68.65,46.557,-7.9626,2.9581,36.803,20.567,55.229,58.201,50.748
82.818,24.193,-28.008,-67.076,45.675,-9.049,3.4951,35.549,20.91,55.572,54.941,48.795
81.287,21.429,-27.287,-64.093,44.599,-9.9254,4.2121,34.093,21.093,55.656,51.56,46.575
78.282,18.43,-26.484,-59.816,43.634,-10.74,5.0601,32.387,21.102,55.511,48.611,44.294
73.899,15.025,-25.745,-54.364,42.716,-11.635,5.9489,30.355,20.891,55.183,46.551,42.064
68.259,11.152,-25.03,-47.732,41.22,-12.691,6.7437,27.922,20.388,54.711,45.586,39.922
61.052,6.8847,-24.188,-39.913,38.3,-13.916,7.2823,25.051,19.521,54.104,45.586,37.869
51.914,2.4208,-23.067,-31.038,33.625,-15.226,7.4143,21.754,18.251,53.329,46.144,35.859
40.994,-1.9664,-21.464,-21.456,27.648,-16.453,7.0502,18.093,16.576,52.318,46.729,33.757
28.674,-6.0203,-19.127,-11.835,20.933,-17.395,6.1903,14.164,14.521,50.99,46.851,31.368
15.415,-9.5814,-16.003,-3.1117,13.753,-17.927,4.9018,10.07,12.129,49.293,46.108,28.518
2.66,-12.608,-12.356,3.8387,6.6062,-18.089,3.2627,5.8802,9.4519,47.22,44.2,25.133
-7.3956,-15.141,-8.6954,8.5133,0.38161,-18.067,1.3261,1.6241,6.562,44.812,40.966,21.274
-13.445,-17.263,-5.7481,10.917,-4.0287,-18.11,-0.87349,-2.712,3.5354,42.129,36.414,17.111
-15.265,-19.056,-4.3315,11.578,-5.9815,-18.441,-3.3027,-7.1769,0.42624,39.231,30.722,12.871
-13.519,-20.578,-5.0436,11.22,-5.1725,-19.197,-5.9312,-11.843,-2.7591,36.155,24.183,8.7768
-9.5506,-21.849,-8.0249,10.278,-1.6712,-20.406,-8.742,-16.778,-6.0604,32.905,17.149,5.0033
-4.3012,-22.862,-12.886,8.8637,4.0173,-21.981,-11.723,-22.001,-9.5257,29.473,9.998,1.6514
1.7584,-23.599,-18.77,7.0657,10.933,-23.725,-14.841,-27.454,-13.151,25.877,3.129,-1.2493
7.9154,-24.052,-24.558,5.099,17.823,-25.365,-18.013,-32.998,-16.833,22.192,-3.107,-3.7273
13.174,-24.227,-29.127,3.2689,23.441,-26.61,-21.116,-38.451,-20.372,18.563,-8.5344,-5.8722
16.62,-24.159,-31.635,1.869,26.833,-27.244,-24.019,-43.65,-23.548,15.176,-13.209,-7.8146
17.774,-23.914,-31.785,1.0762,27.573,-27.209,-26.622,-48.508,-26.21,12.2,-17.255,-9.6456
16.775,-23.58,-29.884,0.89363,25.885,-26.636,-28.873,-53.037,-28.335,9.7228,-20.662,-11.371
14.267,-23.248,-26.683,1.1806,22.528,-25.791,-30.758,-57.319,-30.012,7.7369,-23.329,-12.954
11.114,-22.993,-23.119,1.7446,18.545,-24.967,-32.288,-61.448,-31.372,6.1792,-25.226,-14.351
8.0882,-22.859,-20.073,2.4316,14.916,-24.382,-33.48,-65.472,-32.521,5.0023,-26.389,-15.493
5.6637,-22.864,-18.107,3.1691,12.211,-24.117,-34.343,-69.372,-33.496,4.2204,-26.847,-16.269
3.9162,-23.001,-17.327,3.9547,10.559,-24.123,-34.87,-73.067,-34.262,3.9036,-26.605,-16.539
2.6361,-23.249,-17.497,4.8057,9.8046,-24.288,-35.055,-76.468,-34.758,4.1241,-25.693,-16.207
1.644,-23.579,-18.282,5.7107,9.7565,-24.498,-34.926,-79.532,-34.953,4.8811,-24.246,-15.288
0.90042,-23.942,-19.27,6.6125,10.21,-24.668,-34.568,-82.309,-34.886,6.055,-22.527,-13.956
0.35742,-24.266,-20.036,7.4174,10.712,-24.72,-34.104,-84.935,-34.669,7.4283,-20.883,-12.511
-0.076816,-24.462,-20.249,8.0217,10.831,-24.567,-33.675,-87.578,-34.457,8.7628,-19.63,-11.281
-0.50784,-24.441,-19.705,8.3547,10.376,-24.139,-33.397,-90.376,-34.395,9.8866,-18.942,-10.497
-1.0681,-24.165,-18.365,8.4217,9.3054,-23.424,-33.333,-93.365,-34.577,10.734,-18.797,-10.218
-1.8849,-23.666,-16.377,8.3196,7.6846,-22.493,-33.483,-96.466,-35.004,11.344,-19.021,-10.332
-3.0228,-23.051,-14.039,8.209,5.6927,-21.483,-33.787,-99.456,-35.591,11.832,-19.409,-10.641
-4.4484,-22.467,-11.711,8.2461,3.5901,-20.551,-34.134,-101.97,-36.17,12.357,-19.834,-10.966
-6.014,-22.037,-9.7188,8.4976,1.6584,-19.819,-34.365,-103.57,-36.523,13.082,-20.275,-11.215
-7.4498,-21.803,-8.2725,8.8819,0.15056,-19.329,-34.272,-103.8,-36.415,14.133,-20.772,-11.435
-8.4015,-21.689,-7.4187,9.1787,-0.74465,-19.025,-33.599,-102.32,-35.605,15.578,-21.372,-11.785
-8.5349,-21.521,-7.0434,9.1125,-0.94148,-18.769,-32.038,-99.019,-33.828,17.439,-22.092,-12.406
-7.6937,-21.109,-6.934,8.4842,-0.49841,-18.396,-29.248,-94.228,-30.839,19.688,-22.864,-13.278
-6.0184,-20.334,-6.8553,7.2863,0.37176,-17.794,-24.985,-89.131,-26.833,22.197,-23.481,-14.159
-3.9343,-19.19,-6.6278,5.7366,1.3474,-16.938,-19.921,-86.417,-23.73,24.513,-23.569,-14.638
-1.9967,-17.761,-6.1892,4.2077,2.116,-15.889,-17.857,-88.178,-25.441,25.405,-22.651,-14.242
-0.65026,-16.156,-5.6314,3.0738,2.5086,-14.763,-22.116,-89.619,-30.632,22.614,-20.339,-12.641
0.00070916,-14.431,-5.1798,2.5257,2.5825,-13.684,-25.676,-83.957,-32.099,16.201,-16.895,-10.057
0.30565,-12.503,-5.1032,2.4203,2.6008,-12.707,-22.611,-70.791,-26.448,13.696,-14.759,-8.0296
0.98331,-10.132,-5.5719,2.1878,2.9059,-11.743,-11.251,-60.178,-12.106,19.689,-16.012,-7.0021
2.6725,-6.9844,-6.5328,1.1309,3.7258,-10.518,8.8161,-39.743,11.023,32.009,-11.607,-2.8513
3.8441,-2.8103,-7.6859,0.40522,4.9318,-8.594,37.397,27.414,41.514,49.426,-2.1018,3.3706
2.1213,2.1317,-8.6115,-1.4823,5.5102,-5.4928,82.922,98.516,78.975,72.434,12.104,11.075
4.3861,7.2287,-8.9951,-7.4259,3.1422,-0.91473,143.67,162.6,120.66,101.3,32.046,21.307
10.143,14.558,-8.8029,-15.833,1.606,4.9561,203.93,207.22,159.34,134.17,56.823,34.789
18.902,23.884,-8.3258,-25.945,5.3276,11.319,252.52,218.06,186.54,167.83,85.889,51.708
31.369,33.572,-8.0676,-37.434,12.617,17.131,277.29,184.33,195.98,199.85,120.42,72.179
48.491,43.932,-8.5068,-50.901,23.329,21.855,270.17,103.12,185.32,229.42,161.55,96.355
71.777,56.783,-9.9213,-68.433,38.117,25.815,229.77,-18.623,155.37,257.81,209.73,124.72
103.33,75.072,-14.216,-93.007,57.619,30.004,160.18,-169.5,110.23,288.61,266.51,159.12
143.87,101.43,-22.144,-126.13,81.947,36.105,67.132,-333.8,58.324,326.9,335.02,202.23
190.72,136.9,-27.73,-167.05,110.07,45.869,-45.935,-493.96,8.9369,378.48,418.69,256.35
242.19,181.44,-32.013,-215.48,140.06,59.984,-179.6,-644.88,-31.661,448.51,521.8,322.87
298.64,234.57,-37.42,-270.36,171.59,81.147,-337.32,-784.81,-62.383,538.59,646.35,400.51
360.58,293.28,-46.921,-329.53,206.92,114.46,-523.31,-916.67,-87.083,644.85,788.52,485.11
428.37,350.88,-64.646,-390.98,248.53,141.93,-739.53,-1047.2,-111.86,758.52,941.7,572.67
501.36,400.03,-94.141,-452.57,297.75,152.1,-982.3,-1182.4,-142.35,869.19,1096.7,659.54
577.89,436.96,-136.03,-511.13,354.66,149.11,-1241.1,-1324.6,-182.38,968.43,1242.7,740.93
655.47,461.31,-188.17,-563.12,418.31,134.29,-1499.6,-1469.7,-233.34,1048.5,1368.7,811.44
730.87,473.76,-248.42,-606.37,486.21,109.54,-1739.4,-1607,-293.21,1102.8,1465.2,866.3
800.4,474.73,-314.92,-640.17,554.32,77.054,-1943,-1721.2,-355.32,1127.6,1525,901.87
859.52,464.13,-383.88,-663.23,618.43,38.436,-2096.4,-1798,-410.72,1122.3,1544.2,915.78
903.15,440.7,-452.27,-672.48,675.18,-6.0864,-2191.3,-1829.5,-454.96,1088.9,1522.2,906.76
927.22,402.04,-518.93,-664.33,721.75,-57.524,-2225.2,-1815.5,-488.86,1030.5,1461.7,874.42
929.18,345.5,-582.15,-636.2,755.47,-116.83,-2201.6,-1763.2,-513.09,948.35,1367.2,819.16
907.37,269.62,-639.25,-587.01,773.73,-183.76,-2128.2,-1686.2,-531.35,840.95,1242.8,742.35
860.54,175.57,-687.22,-517.41,773.93,-256.18,-2015.1,-1601.9,-556.45,704.25,1090.8,646.58
789.3,68.16,-722.5,-430.24,754.59,-329.31,-1872.5,-1526.1,-599.94,534.35,911.84,536.03
697.99,-44.032,-740.67,-331,716.77,-395.58,-1709.2,-1466.7,-664.6,331.9,707.29,416.49
593.92,-149.77,-737.22,-227.64,663.13,-446.3,-1532.9,-1422.5,-744.49,106.76,484,295.03
485.21,-237.74,-709.68,-129.22,596.43,-474.42,-1350.9,-1385.7,-825.71,-120.48,256.73,179.91
379.01,-299.28,-658.44,-43.732,519.44,-476.62,-1171,-1346.7,-889.73,-322.37,46.715,80.525
280.99,-330.26,-586.68,23.51,436.13,-453.89,-1000,-1296.6,-919.43,-473.15,-124.07,5.0198
195.76,-331.87,-501.39,70.037,352.18,-411.17,-842.66,-1227.5,-905.38,-557.73,-240.58,-43.423
126.36,-310.12,-412.12,96.071,273.56,-356.03,-701.9,-1135.1,-848.78,-575.8,-300,-67.949
73.276,-273.7,-327.28,104.41,205.08,-296.55,-579.64,-1021.8,-759.76,-540.08,-311.1,-75.314
35.04,-231.33,-252.09,100,148.97,-239.34,-476.26,-896.09,-652.7,-470.83,-289.11,-73.037
10.205,-189.81,-188.57,88.792,103.83,-188.59,-390.03,-767.83,-541.69,-389.31,-250.22,-67.451
-5.1979,-153.03,-135.8,75.82,67.315,-145.95,-317.85,-644.77,-437.73,-311.87,-208.25,-62.482
-15.178,-122.2,-91.161,64.245,39.263,-111.03,-256.9,-532.42,-347.75,-247.21,-171.89,-59.488
-21.605,-97.827,-56.485,54.564,19.239,-83.363,-205.54,-434.87,-274.67,-197.33,-143.89,-57.503
-25.264,-80.546,-32.915,42.441,5.7133,-62.55,-163.15,-354.24,-218.06,-159.86,-122.98,-43.681
-26.937,-68.606,-18.534,36.009,-2.8236,-47.636,-129.49,-290.82,-175.31,-132.01,-105.31,-36.989
-22.108,-59.52,-10.989,33.786,-7.4658,-37.475,-104,-243.82,-143.34,-110.95,-88.696,-35.039
-17.675,-52.141,-7.8408,31.924,-9.1764,-30.875,-85.542,-210.83,-119.44,-92.326,-75.912,-32.866
-17.808,-46.193,-7.0795,29.721,-6.3742,-26.954,-72.521,-187.49,-101.13,-75.239,-64.827,-30.522
-18.424,-41.042,-8.8584,27.197,-4.3385,-25.987,-63.926,-169.07,-86.239,-61.334,-54.306,-28.427
-19.234,-35.315,-9.0632,24.755,-6.3801,-26.138,-61.497,-152.35,-73.378,-51.978,-45.787,-26.828
-20.044,-31.399,-6.4398,22.866,-8.4613,-24.161,-61.363,-136.24,-61.926,-47.579,-39.431,-25.774
-20.586,-29.255,-4.1456,21.508,-9.9964,-22.3,-58.135,-122.37,-52.176,-44.505,-34.443,-25.161
-20.588,-27.821,-2.6042,20.379,-10.78,-20.873,-54.116,-115.19,-47.718,-40.592,-31.051,-24.79
-19.874,-26.741,-1.9182,19.234,-10.713,-19.893,-50.619,-113.14,-47.561,-36.903,-28.599,-24.438
-18.437,-25.887,-2.0025,17.968,-9.8716,-19.312,-47.811,-109.84,-46.369,-33.666,-26.402,-23.939
-16.453,-25.183,-2.6171,16.602,-8.4972,-19.005,-45.584,-105.15,-44.29,-30.79,-24.18,-23.236
-14.228,-24.576,-3.4676,15.238,-6.9108,-18.828,-43.815,-100.44,-41.971,-28.234,-21.997,-22.406
-12.103,-24.044,-4.3107,14.011,-5.4075,-18.679,-42.408,-96.31,-39.708,-26.066,-20.121,-21.619
-10.371,-23.594,-5.0134,13.046,-4.1857,-18.525,-41.294,-92.845,-37.63,-24.404,-18.855,-21.054
-9.2139,-23.255,-5.5528,12.418,-3.3284,-18.388,-40.406,-89.98,-35.785,-23.331,-18.381,-20.814
-8.6738,-23.043,-5.9618,12.131,-2.8219,-18.304,-39.668,-87.584,-34.15,-22.816,-18.67,-20.866
-8.6718,-22.948,-6.2702,12.129,-2.5933,-18.287,-39.004,-85.513,-32.661,-22.714,-19.494,-21.059
-9.0638,-22.917,-6.4638,12.313,-2.5668,-18.303,-38.361,-83.647,-31.253,-22.828,-20.531,-21.199
-9.7054,-22.874,-6.4791,12.581,-2.7069,-18.281,-37.726,-81.909,-29.897,-22.982,-21.499,-21.14
-10.501,-22.75,-6.2301,12.855,-3.0366,-18.149,-37.128,-80.269,-28.606,-23.096,-22.27,-20.846
-11.424,-22.509,-5.6447,13.103,-3.6219,-17.863,-36.61,-78.716,-27.42,-23.206,-22.904,-20.42
-12.495,-22.153,-4.6904,13.329,-4.5327,-17.42,-36.198,-77.229,-26.37,-23.431,-23.577,-20.071
-13.731,-21.707,-3.386,13.556,-5.7896,-16.841,-35.88,-75.759,-25.45,-23.886,-24.469,-20.024
-15.08,-21.19,-1.8106,13.788,-7.3134,-16.146,-35.601,-74.228,-24.605,-24.61,-25.642,-20.389
-16.378,-20.592,-0.11231,13.968,-8.9024,-15.347,-35.289,-72.566,-23.765,-25.533,-27.003,-21.095
-17.342,-19.878,1.5002,13.969,-10.254,-14.45,-34.892,-70.746,-22.872,-26.514,-28.346,-21.936
-17.632,-18.987,2.8126,13.63,-11.041,-13.453,-34.392,-68.794,-21.913,-27.405,-29.436,-22.662
-16.97,-17.844,3.6828,12.82,-11.021,-12.335,-33.801,-66.773,-20.911,-28.1,-30.085,-23.085
-15.274,-16.384,4.1053,11.491,-10.147,-11.052,-33.142,-64.748,-19.905,-28.567,-30.198,-23.134
-12.716,-14.582,4.2134,9.7141,-8.5824,-9.5616,-32.427,-62.76,-18.925,-28.833,-29.793,-22.857
-9.6928,-12.502,4.2099,7.6805,-6.6675,-7.8761,-31.642,-60.813,-17.974,-28.96,-28.988,-22.393
-6.7291,-10.323,4.2717,5.6603,-4.8196,-6.1094,-30.762,-58.864,-17.018,-28.996,-27.948,-21.919
-4.3368,-8.3087,4.4954,3.9317,-3.4276,-4.4583,-29.75,-56.833,-15.998,-28.949,-26.824,-21.607
-2.8841,-6.7262,4.9084,2.6855,-2.7676,-3.1302,-28.582,-54.64,-14.851,-28.795,-25.728,-21.584
-2.5137,-5.7365,5.5276,1.9704,-2.9668,-2.2592,-27.263,-52.232,-13.538,-28.511,-24.738,-21.897
-3.1365,-5.3114,6.4218,1.699,-4.0076,-1.8265,-25.825,-49.617,-12.065,-28.111,-23.91,-22.496
-4.4924,-5.2326,7.6884,1.7118,-5.7329,-1.632,-24.309,-46.851,-10.476,-27.645,-23.273,-23.247
-6.2384,-5.2069,9.3471,1.863,-7.8528,-1.3888,-22.734,-44.008,-8.8229,-27.161,-22.797,-23.944
-8.0234,-5.0262,11.221,2.0831,-9.9801,-0.89736,-21.087,-41.145,-7.132,-26.665,-22.368,-24.315
-9.5446,-4.6568,12.931,2.3911,-11.702,-0.14517,-19.332,-38.271,-5.3936,-26.116,-21.828,-24.094
-10.607,-4.2184,14.067,2.8643,-12.675,0.72371,-17.426,-35.353,-3.5722,-25.443,-21.049,-23.145
-11.175,-3.8954,14.384,3.5882,-12.728,1.5046,-15.332,-32.32,-1.6236,-24.582,-20.004,-21.534
-11.375,-3.8361,13.874,4.6037,-11.949,2.0227,-13.027,-29.096,0.48646,-23.514,-18.797,-19.531
-11.423,-4.0689,12.759,5.8618,-10.686,2.2164,-10.509,-25.619,2.7728,-22.275,-17.625,-17.542
-11.553,-4.4495,11.505,7.1977,-9.4488,2.2192,-7.7924,-21.853,5.2353,-20.944,-16.714,-15.978
-11.946,-4.6889,10.753,8.3516,-8.7821,2.3424,-4.8988,-17.78,7.8773,-19.586,-16.216,-15.118
-12.672,-4.4754,11.122,9.0438,-9.117,2.9393,-1.8522,-13.393,10.72,-18.22,-16.119,-15
-13.654,-3.6026,12.973,9.0662,-10.622,4.2451,1.318,-8.6921,13.8,-16.809,-16.228,-15.405
-14.676,-2.0368,16.225,8.3421,-13.093,6.2661,4.5666,-3.7036,17.145,-15.299,-16.228,-15.971
-15.426,0.08296,20.291,6.9372,-15.954,8.7532,7.8298,1.5145,20.753,-13.664,-15.805,-16.358
-15.58,2.5044,24.246,5.0319,-18.427,11.287,11.039,6.8777,24.575,-11.926,-14.776,-16.398
-14.904,4.9533,27.133,2.8743,-19.796,13.437,14.148,12.302,28.538,-10.154,-13.154,-16.133
-13.34,7.204,28.312,0.72558,-19.655,14.924,17.164,17.74,32.59,-8.4345,-11.144,-15.733
-11.028,9.1135,27.699,-1.1953,-18.031,15.712,20.163,23.219,36.752,-6.8279,-9.0522,-15.401
-8.2741,10.658,25.793,-2.7556,-15.356,16.026,23.301,28.859,41.164,-5.3261,-7.1589,-15.279
-5.4609,11.967,23.45,-3.9228,-12.283,16.28,26.8,34.875,46.109,-3.8227,-5.6113,-15.393
-2.95,13.279,21.5,-4.7456,-9.4551,16.88,30.92,41.536,51.958,-2.1278,-4.3723,-15.624
-0.98515,14.783,20.43,-5.3161,-7.3438,17.984,35.915,49.084,58.999,-0.043602,-3.2597,-15.766
0.34444,16.472,20.339,-5.7252,-6.1754,19.448,41.981,57.626,67.163,2.532,-2.0617,-15.632
1.0649,18.139,21.096,-6.0192,-5.9248,20.981,49.172,67.035,75.895,5.5374,-0.66528,-15.134
1.2498,19.503,22.39,-6.1779,-6.3603,22.311,57.308,76.937,84.419,8.7662,0.86462,-14.32
0.96981,20.344,23.732,-6.1307,-7.1776,23.26,65.983,86.838,92.178,11.964,2.313,-13.352
0.25347,20.599,24.749,-5.7995,-8.2022,23.806,74.738,96.305,98.995,14.941,3.4631,-12.407
-0.94053,20.395,25.605,-5.1411,-9.5088,24.129,83.27,105.09,104.96,17.627,4.273,-11.581
-2.724,20.003,26.896,-4.1731,-11.353,24.569,91.532,113.12,110.25,20.065,4.9244,-10.858
-5.2388,19.726,29.234,-2.968,-14.031,25.469,99.687,120.4,115.03,22.349,5.7104,-10.13
-8.5551,19.786,32.993,-1.6265,-17.783,27.023,107.98,127.02,119.41,24.562,6.8781,-9.2798
-12.552,20.246,38.159,-0.25563,-22.667,29.201,116.57,133.04,123.43,26.74,8.5187,-8.2591
-16.869,21.005,44.251,1.0348,-28.383,31.764,125.4,138.52,127.07,28.857,10.535,-7.1357
-20.964,21.866,50.387,2.1266,-34.217,34.337,134.28,143.54,130.33,30.858,12.686,-6.0672
-24.214,22.631,55.531,2.8972,-39.221,36.541,143,148.16,133.2,32.698,14.696,-5.2216
-26.061,23.192,58.808,3.243,-42.54,38.096,151.4,152.42,135.69,34.37,16.36,-4.6889
-26.167,23.543,59.77,3.1143,-43.667,38.876,159.43,156.34,137.78,35.894,17.599,-4.4313
-24.542,23.752,58.494,2.5432,-42.605,38.928,167.02,159.9,139.44,37.285,18.428,-4.3008
-21.584,23.9,55.553,1.6512,-39.892,38.434,174.06,163.03,140.62,38.532,18.89,-4.1076
-17.99,24.042,51.86,0.629,-36.445,37.652,180.36,165.62,141.27,39.588,19.018,-3.7029
-14.57,24.205,48.4,-0.3169,-33.233,36.838,185.68,167.55,141.36,40.372,18.847,-3.0349
-12.014,24.387,45.933,-1.0256,-30.943,36.187,189.9,168.7,140.92,40.79,18.445,-2.1604
-10.697,24.546,44.751,-1.4169,-29.843,35.797,193.03,169.01,139.98,40.755,17.92,-1.2095
-10.617,24.616,44.688,-1.4835,-29.827,35.654,195.16,168.4,138.57,40.22,17.398,-0.3232
-11.517,24.534,45.371,-1.2625,-30.54,35.663,196.45,166.9,136.69,39.189,16.973,0.40948
-13.077,24.289,46.483,-0.81173,-31.572,35.698,197.09,164.59,134.29,37.72,16.664,0.98719
-14.996,23.933,47.768,-0.20002,-32.597,35.652,197.29,161.63,131.35,35.923,16.416,1.4914
-16.976,23.532,48.918,0.49541,-33.375,35.459,197.21,158.25,127.9,33.943,16.15,2.0422
-18.725,23.112,49.624,1.1884,-33.753,35.096,196.97,154.69,124.11,31.942,15.821,2.7365
-20.002,22.634,49.709,1.7797,-33.687,34.558,196.59,151.1,120.22,30.072,15.424,3.5977
-20.636,22.029,49.127,2.1563,-33.189,33.834,196.04,147.53,116.45,28.439,14.924,4.5534
-20.468,21.271,47.866,2.2045,-32.222,32.913,195.29,143.88,112.9,27.064,14.211,5.4482
-19.346,20.403,45.908,1.8434,-30.657,31.804,194.3,139.95,109.4,25.886,13.174,6.0967
-17.232,19.517,43.287,1.0673,-28.384,30.55,193.01,135.45,105.67,24.801,11.871,6.3693
-14.318,18.686,40.139,-0.025872,-25.453,29.209,191.33,130.19,101.36,23.705,10.573,6.2754
-11.043,17.915,36.718,-1.2325,-22.132,27.823,189.21,124.06,96.225,22.513,9.6439,5.9848
-7.9813,17.133,33.326,-2.2787,-18.836,26.4,186.57,117.17,90.221,21.181,9.4243,5.7753
-5.6774,16.235,30.203,-2.8969,-15.98,24.914,183.35,109.71,83.494,19.731,10.134,5.9211
-4.4919,15.156,27.46,-2.9163,-13.835,23.334,179.46,101.89,76.343,18.236,11.753,6.5586
-4.5188,13.908,25.097,-2.324,-12.476,21.653,174.79,93.849,69.116,16.775,13.959,7.6141
-5.5952,12.584,23.08,-1.2637,-11.839,19.899,169.28,85.653,62.121,15.392,16.216,8.845
-7.3755,11.309,21.4,0.023901,-11.82,18.137,162.97,77.316,55.583,14.118,17.994,9.9612
-9.4284,10.181,20.079,1.2822,-12.319,16.453,155.98,68.908,49.655,13.008,18.993,10.762
-11.34,9.2383,19.141,2.2972,-13.186,14.928,148.48,60.582,44.432,12.169,19.214,11.227
-12.798,8.4647,18.571,2.9188,-14.171,13.616,140.63,52.545,39.955,11.739,18.885,11.517
-13.59,7.8187,18.23,3.0614,-14.927,12.512,132.51,44.966,36.198,11.81,18.324,11.875
-13.538,7.262,17.8,2.706,-15.082,11.539,124.19,37.901,33.058,12.348,17.81,12.495
-12.49,6.7692,16.852,1.9082,-14.314,10.56,115.7,31.264,30.341,13.161,17.547,13.427
-10.421,6.3285,15.039,0.79256,-12.47,9.4313,107.03,24.869,27.787,13.938,17.669,14.582
-7.5396,5.9412,12.285,-0.46963,-9.6651,8.0847,98.144,18.516,25.122,14.335,18.23,15.801
-4.2939,5.6165,8.8493,-1.6881,-6.2901,6.5717,88.972,12.072,22.157,14.054,19.201,16.917
-1.2499,5.3568,5.2316,-2.6813,-2.9051,5.0366,79.484,5.5388,18.851,12.95,20.474,17.834
1.1051,5.1448,1.9754,-3.3166,-0.051328,3.6376,69.767,-0.95206,15.323,11.138,21.867,18.581
2.5437,4.945,-0.52847,-3.5665,1.9292,2.4678,60.059,-7.1873,11.77,8.9839,23.17,19.274
3.165,4.7072,-2.1689,-3.5401,2.9934,1.504,50.688,-12.96,8.3652,6.9729,24.245,20.038
3.3197,4.3669,-3.1272,-3.4425,3.3835,0.60079,41.936,-18.137,5.2105,5.51,25.06,20.932
3.4471,3.8533,-3.7688,-3.4674,3.5103,-0.45365,33.934,-22.679,2.3382,4.7493,25.551,21.877
3.8846,3.117,-4.4498,-3.6984,3.765,-1.8206,26.664,-26.639,-0.28121,4.5294,25.501,22.64
4.7044,2.1657,-5.3419,-4.077,4.3291,-3.4917,20.037,-30.116,-2.7288,4.4688,24.676,22.933
5.6628,1.0713,-6.3834,-4.4302,5.0959,-5.2734,13.96,-33.223,-5.1015,4.1662,23.071,22.574
6.3191,-0.071002,-7.3748,-4.5329,5.7649,-6.9093,8.3627,-36.044,-7.4687,3.3816,20.99,21.582
6.2645,-1.2113,-8.1376,-4.1877,6.0442,-8.2394,3.1759,-38.633,-9.8552,2.1082,18.961,20.173
5.3231,-2.3861,-8.6382,-3.3034,5.825,-9.2757,-1.6795,-41.023,-12.262,0.52187,17.545,18.66
3.6537,-3.6937,-9.0229,-1.9509,5.2497,-10.176,-6.2914,-43.241,-14.703,-1.154,17.115,17.323
1.7267,-5.2165,-9.5568,-0.37183,4.6652,-11.153,-10.732,-45.312,-17.22,-2.7955,17.693,16.308
0.16562,-6.9449,-10.486,1.083,4.4811,-12.355,-15.033,-47.256,-19.869,-4.4497,18.915,15.606
-0.5019,-8.7617,-11.886,2.0804,4.9812,-13.783,-19.173,-49.066,-22.674,-6.2884,20.114,15.087
-0.071401,-10.493,-13.591,2.439,6.1688,-15.294,-23.09,-50.698,-25.583,-8.4764,20.559,14.559
1.247,-11.996,-15.265,2.1987,7.7488,-16.695,-26.713,-52.073,-28.451,-11.036,19.784,13.831
2.9209,-13.229,-16.563,1.5963,9.2684,-17.843,-29.975,-53.097,-31.085,-13.796,17.768,12.811
4.3206,-14.263,-17.298,0.97942,10.332,-18.708,-32.827,-53.699,-33.323,-16.476,14.88,11.565
4.9593,-15.22,-17.532,0.68897,10.775,-19.375,-35.25,-53.862,-35.106,-18.818,11.656,10.273
4.6859,-16.21,-17.568,0.92802,10.728,-20,-37.274,-53.648,-36.492,-20.699,8.568,9.1043
3.7852,-17.283,-17.844,1.6697,10.578,-20.752,-38.977,-53.182,-37.633,-22.174,5.8707,8.1176
2.8817,-18.416,-18.765,2.6676,10.814,-21.744,-40.469,-52.618,-38.712,-23.461,3.5612,7.2565
2.6294,-19.525,-20.517,3.5727,11.811,-22.982,-41.847,-52.097,-39.881,-24.839,1.4938,6.4082
3.3889,-20.498,-22.955,4.0879,13.637,-24.345,-43.162,-51.711,-41.205,-26.533,-0.49739,5.4772
5.084,-21.234,-25.623,4.078,16.006,-25.628,-44.401,-51.477,-42.653,-28.621,-2.584,4.4263
7.2803,-21.69,-27.939,3.5955,18.405,-26.625,-45.503,-51.35,-44.126,-31.006,-4.9161,3.2805
9.4035,-21.908,-29.429,2.8341,20.308,-27.218,-46.389,-51.245,-45.501,-33.477,-7.4815,2.112
10.962,-21.999,-29.896,2.0443,21.373,-27.428,-46.992,-51.073,-46.684,-35.794,-10.044,1.0165
11.692,-22.098,-29.484,1.4497,21.539,-27.398,-47.272,-50.763,-47.625,-37.766,-12.303,0.073313
11.611,-22.303,-28.597,1.1843,21.033,-27.337,-47.223,-50.274,-48.32,-39.289,-14.054,-0.69909
10.984,-22.652,-27.764,1.2644,20.29,-27.43,-46.868,-49.598,-48.795,-40.351,-15.236,-1.362
10.211,-23.125,-27.471,1.6015,19.797,-27.779,-46.261,-48.749,-49.098,-41.021,-15.912,-2.0378
9.6671,-23.671,-28.016,2.0542,19.93,-28.383,-45.469,-47.757,-49.281,-41.427,-16.245,-2.8647
9.5804,-24.234,-29.407,2.4912,20.83,-29.157,-44.548,-46.66,-49.392,-41.712,-16.435,-3.9382
9.9925,-24.767,-31.384,2.8357,22.365,-29.976,-43.531,-45.497,-49.466,-41.994,-16.649,-5.2567
10.754,-25.239,-33.52,3.0818,24.182,-30.713,-42.427,-44.304,-49.515,-42.324,-16.972,-6.7013
11.527,-25.636,-35.331,3.2816,25.797,-31.256,-41.236,-43.104,-49.528,-42.679,-17.389,-8.0725
11.889,-25.943,-36.383,3.5141,26.697,-31.518,-39.961,-41.906,-49.476,-42.985,-17.802,-9.1741
11.494,-26.142,-36.386,3.8631,26.498,-31.448,-38.614,-40.707,-49.33,-43.157,-18.103,-9.8954
10.145,-26.223,-35.251,4.4144,25.042,-31.041,-37.209,-39.488,-49.07,-43.14,-18.262,-10.247
7.7697,-26.204,-33.089,5.2471,22.398,-30.346,-35.746,-38.217,-48.689,-42.917,-18.357,-10.334
4.4395,-26.125,-30.17,6.4048,18.801,-29.447,-34.196,-36.85,-48.186,-42.507,-18.523,-10.294
0.41274,-26.032,-26.843,7.8543,14.609,-28.443,-32.513,-35.334,-47.568,-41.949,-18.884,-10.239
-3.8618,-25.953,-23.475,9.4545,10.269,-27.415,-30.657,-33.636,-46.842,-41.287,-19.518,-10.23
-7.8015,-25.86,-20.388,10.95,6.282,-26.412,-28.616,-31.748,-46.012,-40.567,-20.463,-10.291
-10.81,-25.671,-17.806,12.021,3.1129,-25.43,-26.424,-29.701,-45.078,-39.825,-21.687,-10.437
-12.453,-25.262,-15.798,12.39,1.0396,-24.415,-24.15,-27.546,-44.038,-39.074,-23.034,-10.667
-12.633,-24.527,-14.244,11.939,0.026505,-23.28,-21.866,-25.338,-42.891,-38.301,-24.19,-10.947
-11.657,-23.435,-12.884,10.778,-0.26018,-21.951,-19.62,-23.115,-41.638,-37.467,-24.79,-11.188
-10.13,-22.062,-11.448,9.2319,-0.29753,-20.405,-17.419,-20.894,-40.285,-36.538,-24.567,-11.272
-8.7286,-20.568,-9.7776,7.7252,-0.51156,-18.696,-15.222,-18.673,-38.835,-35.504,-23.46,-11.095
-7.9706,-19.11,-7.8893,6.6225,-1.1383,-16.937,-12.957,-16.443,-37.295,-34.384,-21.632,-10.62
-8.0529,-17.757,-5.9619,6.0849,-2.1674,-15.254,-10.549,-14.194,-35.668,-33.206,-19.416,-9.8797
-8.8149,-16.436,-4.2606,6.0223,-3.3671,-13.731,-7.9531,-11.923,-33.965,-31.98,-17.188,-8.9765
-9.8273,-14.967,-3.0081,6.161,-4.4101,-12.379,-5.1591,-9.6242,-32.193,-30.694,-15.255,-8.0624
-10.574,-13.17,-2.256,6.1866,-5.0554,-11.138,-2.1813,-7.2826,-30.338,-29.303,-13.764,-7.3045
-10.665,-10.964,-1.8411,5.8646,-5.2536,-9.8887,0.96362,-4.8724,-28.363,-27.742,-12.654,-6.8215
-9.9957,-8.405,-1.4731,5.0724,-5.1037,-8.4888,4.2638,-2.3745,-26.224,-25.943,-11.688,-6.6178
-8.6991,-5.6424,-0.89312,3.7795,-4.728,-6.8199,7.7018,0.1973,-23.911,-23.88,-10.555,-6.5573
-6.9412,-2.8124,0.010087,2.0084,-4.1813,-4.8195,11.237,2.7837,-21.472,-21.58,-8.9996,-6.4046
-4.763,0.052954,1.1917,-0.19841,-3.4476,-2.4633,14.79,5.2912,-18.999,-19.114,-6.9137,-5.9177
-2.1391,3.0432,2.5312,-2.7708,-2.4824,0.27065,18.232,7.617,-16.584,-16.553,-4.3616,-4.9551
0.86719,6.3103,3.9359,-5.6097,-1.2649,3.4019,21.377,9.6734,-14.289,-13.95,-1.5147,-3.5468
4.0469,9.9812,5.3979,-8.6341,0.1529,6.8886,24.016,11.406,-12.136,-11.341,1.4447,-1.8869
7.0802,14.105,6.9768,-11.876,1.6076,10.558,25.979,12.811,-10.12,-8.7636,4.358,-0.24728
9.5854,18.669,8.7586,-15.591,2.8101,14.134,27.217,13.938,-8.2197,-6.2581,7.1041,1.1423
11.19,23.648,10.888,-20.1,3.3741,17.42,27.83,14.885,-6.4007,-3.8235,9.6444,2.1918
11.658,29.074,13.617,-25.079,2.9082,20.517,28.005,15.765,-4.6217,-1.3782,12.045,2.9845
11.017,35.051,17.229,-29.658,1.1844,23.806,27.914,16.677,-2.8422,1.239,14.424,3.7457
9.5954,41.411,21.864,-33.679,-1.6867,27.648,27.639,17.658,-1.0404,4.2042,16.85,4.7579
8.0053,47.662,27.377,-37.564,-5.2231,32.093,27.149,18.668,0.76804,7.6031,19.285,6.2395
7.0132,53.624,33.286,-41.818,-8.6945,36.89,26.32,19.582,2.5231,11.345,21.62,8.2364
7.3147,59.391,38.865,-46.794,-11.305,41.608,24.985,20.228,4.1333,15.169,23.788,10.606
9.3479,64.892,43.349,-52.354,-12.426,45.758,23.004,20.44,5.502,18.746,25.816,13.116
13.147,69.867,46.187,-57.959,-11.819,48.976,20.319,20.117,6.5598,21.81,27.777,15.563
18.253,74.039,47.206,-62.972,-9.7154,51.121,16.972,19.262,7.2923,24.22,29.725,17.816
23.818,77.221,46.554,-66.917,-6.6792,52.21,13.061,17.971,7.7474,25.969,31.699,19.856
28.949,79.316,44.539,-69.575,-3.3667,52.3,8.6874,16.387,8.0041,27.171,33.74,21.794
33.011,80.258,41.554,-70.909,-0.36558,51.466,3.9399,14.641,8.1239,28.016,35.822,23.771
35.694,80.01,38.072,-71.021,1.9088,49.855,-1.0987,12.842,8.1266,28.681,37.797,25.844
37.027,78.679,34.577,-70.221,3.31,47.724,-6.3275,11.078,8.0029,29.259,39.407,27.927
37.412,76.635,31.412,-69.029,4.0057,45.41,-11.614,9.4349,7.7387,29.723,40.356,29.818
37.607,74.46,28.664,-68.015,4.4086,43.229,-16.795,7.9954,7.3346,29.969,40.402,31.288
38.506,72.71,26.182,-67.61,5.0032,41.385,-21.699,6.8378,6.8181,29.891,39.446,32.183
40.685,71.674,23.692,-68.002,6.15,39.933,-26.171,6.0263,6.25,29.462,37.58,32.501
44.079,71.31,20.974,-69.138,7.9553,38.806,-30.113,5.5974,5.7186,28.77,35.079,32.404
48.033,71.335,18.025,-70.734,10.236,37.878,-33.5,5.5425,5.3187,27.998,32.361,32.169
51.648,71.362,15.085,-72.313,12.586,37.025,-36.379,5.8009,5.1198,27.355,29.906,32.102
54.126,71.059,12.5,-73.357,14.524,36.171,-38.848,6.2683,5.1402,26.996,28.154,32.443
55.017,70.285,10.531,-73.562,15.671,35.299,-41.013,6.8217,5.3364,26.959,27.395,33.308
54.366,69.121,9.2677,-72.973,15.87,34.424,-42.952,7.3563,5.6183,27.16,27.7,34.683
52.641,67.74,8.6328,-71.856,15.214,33.562,-44.695,7.8219,5.8851,27.445,28.915,36.441
50.452,66.261,8.4222,-70.554,14.006,32.696,-46.226,8.2405,6.0664,27.673,30.74,38.364
48.351,64.667,8.3695,-69.396,12.656,31.78,-47.503,8.6922,6.1473,27.785,32.844,40.183
46.67,62.832,8.2301,-68.588,11.558,30.755,-48.481,9.2754,6.1649,27.833,34.971,41.663
45.343,60.577,7.8406,-68.064,10.974,29.567,-49.132,10.063,6.1816,27.944,36.959,42.673
43.91,57.716,7.1317,-67.354,10.985,28.176,-49.451,11.076,6.2455,28.24,38.699,43.18
41.972,54.111,6.1172,-65.758,11.499,26.547,-49.46,12.271,6.3561,28.749,40.078,43.165
39.617,49.715,4.8707,-62.926,12.288,24.635,-49.211,13.544,6.4515,29.367,40.951,42.555
37.084,44.617,3.4752,-58.914,13.049,22.374,-48.782,14.742,6.4236,29.894,41.175,41.247
34.136,39.021,1.9772,-53.67,13.48,19.682,-48.281,15.684,6.1478,30.109,40.656,39.185
30.293,33.173,0.42846,-47.064,13.335,16.5,-47.824,16.208,5.5133,29.836,39.402,36.422
25.388,27.25,-0.99082,-39.245,12.4,12.859,-47.511,16.212,4.4437,28.973,37.545,33.125
19.542,21.334,-1.9398,-30.666,10.475,8.9416,-47.403,15.676,2.9077,27.489,35.306,29.508
12.93,15.48,-2.1009,-21.87,7.4989,5.0499,-47.509,14.654,0.91955,25.416,32.918,25.759
5.838,9.7764,-1.4274,-13.358,3.6957,1.4588,-47.791,13.256,-1.4646,22.835,30.531,22.01
-1.2231,4.3463,-0.22684,-5.6181,-0.44034,-1.7351,-48.187,11.613,-4.1546,19.868,28.187,18.352
-7.566,-0.68159,0.91004,0.84204,-4.2449,-4.6224,-48.627,9.8534,-7.0413,16.649,25.864,14.852
-12.505,-5.2263,1.2831,5.5844,-6.9915,-7.3764,-49.057,8.0738,-10.018,13.292,23.505,11.569
-15.526,-9.2792,0.33891,8.4753,-8.077,-10.138,-49.452,6.324,-12.996,9.8702,21.009,8.5524
-16.376,-12.857,-2.106,9.8018,-7.2382,-12.947,-49.817,4.6099,-15.913,6.4316,18.228,5.8345
-15.144,-15.933,-5.7918,10.043,-4.6487,-15.723,-50.174,2.915,-18.724,3.024,15.027,3.437
-12.317,-18.428,-10.099,9.5814,-0.86651,-18.281,-50.551,1.2326,-21.388,-0.27873,11.379,1.3735
-8.6724,-20.274,-14.233,8.6742,3.2988,-20.394,-50.963,-0.40902,-23.854,-3.3772,7.4247,-0.35611
-5.0477,-21.469,-17.455,7.5482,6.9804,-21.882,-51.415,-1.9374,-26.051,-6.1654,3.4383,-1.767
-2.123,-22.1,-19.334,6.4386,9.5079,-22.69,-51.893,-3.2498,-27.9,-8.5549,-0.26313,-2.8794
-0.26258,-22.331,-19.883,5.542,10.627,-22.927,-52.379,-4.2483,-29.339,-10.494,-3.4389,-3.7093
0.50932,-22.363,-19.503,4.9597,10.549,-22.838,-52.862,-4.8818,-30.36,-11.989,-6.0308,-4.2753
0.43019,-22.384,-18.765,4.6924,9.798,-22.708,-53.344,-5.171,-31.022,-13.105,-8.2034,-4.6144
-0.15587,-22.516,-18.144,4.6968,8.9203,-22.749,-53.843,-5.1977,-31.437,-13.952,-10.274,-4.7877
-0.99481,-22.789,-17.83,4.9521,8.2141,-23.016,-54.374,-5.0614,-31.722,-14.624,-12.552,-4.8663
-2.0584,-23.157,-17.689,5.4835,7.6003,-23.411,-54.938,-4.832,-31.953,-15.161,-15.185,-4.9088
-3.5282,-23.54,-17.399,6.3357,6.7313,-23.761,-55.515,-4.5269,-32.141,-15.534,-18.112,-4.9476
-5.6314,-23.871,-16.634,7.5312,5.2612,-23.904,-56.075,-4.117,-32.246,-15.679,-21.115,-4.9785
-8.429,-24.135,-15.245,9.033,3.0697,-23.765,-56.585,-3.5489,-32.201,-15.532,-23.911,-4.9451
-11.699,-24.368,-13.348,10.723,0.33181,-23.384,-57.018,-2.7718,-31.941,-15.063,-26.245,-4.7317
-14.956,-24.634,-11.289,12.406,-2.5301,-22.901,-57.357,-1.7664,-31.438,-14.305,-27.985,-4.1855
-17.561,-24.979,-9.5564,13.844,-4.9479,-22.504,-57.587,-0.56875,-30.726,-13.366,-29.166,-3.1761
-18.933,-25.398,-8.6119,14.822,-6.3654,-22.35,-57.736,0.72442,-29.908,-12.406,-29.958,-1.6664
-18.797,-25.841,-8.6911,15.224,-6.4654,-22.493,-57.86,1.9708,-29.131,-11.576,-30.561,0.24314
-17.329,-26.243,-9.6843,15.075,-5.3406,-22.864,-58.042,3.022,-28.539,-10.979,-31.132,2.3193
-15.086,-26.551,-11.171,14.556,-3.4856,-23.315,-58.36,3.7725,-28.237,-10.654,-31.748,4.2535
-12.827,-26.744,-12.589,13.942,-1.6143,-23.689,-58.863,4.2252,-28.238,-10.585,-32.408,5.7669
-11.282,-26.837,-13.455,13.519,-0.39683,-23.884,-59.522,4.5494,-28.421,-10.706,-33.023,6.7132
-10.95,-26.871,-13.534,13.486,-0.23025,-23.889,-60.199,5.0899,-28.532,-10.902,-33.407,7.1328
-11.927,-26.886,-12.904,13.882,-1.1099,-23.771,-60.639,6.3259,-28.227,-11.012,-33.336,7.2456
-13.846,-26.885,-11.887,14.564,-2.645,-23.622,-60.496,8.838,-27.135,-10.842,-32.661,7.362
-15.994,-26.815,-10.908,15.256,-4.2032,-23.503,-59.387,13.336,-24.897,-10.181,-31.383,7.732
-17.533,-26.57,-10.365,15.632,-5.117,-23.417,-56.992,20.652,-21.302,-8.809,-29.626,8.4336
-17.749,-26.024,-10.534,15.396,-4.9032,-23.317,-53.178,31.058,-16.877,-6.5249,-27.518,9.3722
-16.264,-25.063,-11.501,14.34,-3.3877,-23.138,-48.15,41.534,-14.44,-3.243,-25.075,10.371
-13.112,-23.612,-13.131,12.398,-0.6818,-22.814,-42.971,45.903,-19.013,0.74055,-22.174,11.267
-8.6274,-21.634,-15.093,9.6483,2.8613,-22.285,-40.294,46.581,-27.037,4.1786,-18.816,11.922
-3.3257,-19.093,-16.929,6.2536,6.6859,-21.475,-41.292,52.297,-29.238,4.4599,-16.442,11.902
2.2112,-15.896,-18.151,2.3646,10.159,-20.279,-41.31,63.526,-23.642,0.53334,-18.316,9.1139
7.5597,-11.844,-18.372,-1.9965,12.757,-18.573,-35.284,68.999,-9.6365,-1.4839,-18.458,1.5339
12.577,-6.6723,-17.466,-6.9405,14.196,-16.245,-20.402,72.685,12.923,4.0891,-14.025,-2.1398
15.453,-0.26263,-15.639,-11.491,14.218,-13.206,1.0369,114.23,43.681,16.749,-6.2711,-0.09329
13.374,6.8873,-13.366,-14.171,11.4,-9.3544,32.926,173.37,83.435,35.971,6.1164,5.3044
12.368,13.112,-11.228,-17.927,4.0588,-4.5677,96.09,236.03,128.6,62.639,25.225,14.773
13.466,19.157,-9.7572,-22.364,0.16697,1.1779,162.34,288.05,170.31,96.541,52.682,29.85
17.896,26.942,-9.358,-27.66,3.1059,7.4976,213.86,310.14,199.25,134.24,88.123,51.4
27.801,34.253,-10.272,-35.023,11.117,13.452,244.44,288.15,208.14,170.99,128.76,77.302
44.4,41.237,-12.558,-45.81,23.427,18.102,246.76,218.18,194.11,204.05,172.42,105.18
67.529,49.966,-16.202,-61.484,39.275,21.379,218.95,106,159.14,233.87,220.28,136.3
96.631,63.641,-21.869,-83.69,58.332,24.276,164.06,-36.305,108.95,263.71,275.78,173.22
132.18,85.855,-30.168,-113.78,80.904,28.333,87.089,-194.11,51.86,298.52,342.8,218.12
175.49,119.06,-37.807,-152.59,107.38,34.797,-9.2805,-353.2,-2.9736,343.76,425.19,273.06
226.91,162.99,-43.737,-200.36,137.08,43.64,-127.48,-505.99,-48.977,404.67,526.09,339.53
285.67,215.01,-49.647,-255.79,169.67,54.272,-269.52,-650.55,-84.813,484.78,647.4,417.69
350,271.51,-57.745,-315.95,205.63,69.414,-435.46,-787.65,-113.6,583.21,788.31,505.07
417.06,327.77,-70.063,-377,244.97,100.08,-628.31,-920.74,-140.73,694.25,942.66,596.72
483.82,378.12,-88.618,-434.84,287.56,134.64,-846.35,-1055.6,-172.32,809.25,1100.7,687.22
548.41,417.95,-115.39,-486.27,333.73,145.64,-1082,-1197.2,-213.4,918.55,1252.5,771.54
609.88,445.52,-151.45,-530,383.06,142.4,-1322.6,-1345.9,-265.9,1012.7,1388.3,845.06
667.52,461.24,-196.4,-566.55,433.87,127.92,-1553.3,-1494.9,-327.48,1082.7,1498.4,903.22
720.25,466.32,-248.46,-596.43,484.82,104.2,-1758.1,-1630.1,-391.41,1122.7,1574.1,941.51
766.28,461.25,-303.95,-618.69,534.56,73.223,-1923,-1734.4,-448.59,1131.2,1610.3,956.46
803.1,444.64,-360.28,-630.56,580.76,35.54,-2037.2,-1793.4,-493.8,1110.4,1605.8,946.54
827.31,413.61,-417.04,-628.18,620.99,-9.8557,-2095.2,-1801.1,-527.57,1063.1,1562.1,912.13
835.24,365.05,-473.89,-607.95,653.05,-64.121,-2097.3,-1761.4,-551.34,991.15,1481.4,854.69
824.12,296.82,-530.61,-567.69,675.21,-127.71,-2048.6,-1687.4,-568.51,893.05,1365,776.29
792.01,209.16,-585.03,-506.9,685.78,-199.19,-1957.4,-1598.2,-589.83,764.33,1213,679.49
737.4,105.82,-631.47,-426.62,681.86,-273.93,-1833.2,-1512.5,-627.36,599.96,1025.1,567.79
660.04,-5.6331,-663.06,-330.24,660.09,-344.95,-1684.3,-1443.1,-685.82,398.8,803.05,446.45
562.75,-114.72,-673.65,-224.74,618.35,-404.31,-1518,-1392.5,-760.72,168.92,555.57,322.84
452.27,-209.85,-658.11,-120.53,556.65,-444.43,-1341,-1352.8,-838.48,-69.838,301.51,205.82
338.84,-281.03,-615.36,-29.293,478.79,-459.97,-1160.6,-1308.7,-899.97,-289.01,66.432,104.09
234.08,-322.46,-550.66,40.002,393.04,-449.87,-985.22,-1247,-927.62,-459.65,-125.09,24.344
147.63,-333.83,-473.2,84.493,309.09,-417.67,-823.85,-1162.8,-911.95,-561.9,-257.43,-29.97
83.672,-319.82,-392.44,106.92,234.51,-370.09,-682.69,-1057.5,-853.85,-591.69,-327.53,-59.958
39.914,-288.23,-316.48,112.41,173.86,-315.02,-562.99,-936.07,-763,-560.91,-343.58,-71.068
12.894,-247.54,-250.31,106.5,127.96,-259.34,-463.01,-806.82,-653.94,-491.61,-321.3,-70.633
-2.1812,-205.16,-194.61,94.496,93.68,-207.84,-379.71,-678.72,-541.34,-407.35,-278.86,-65.444
-10.182,-166.34,-148.7,80.68,67.427,-163.31,-309.81,-558.91,-436.57,-326.33,-231.64,-60.081
-15.068,-133.83,-112.77,67.969,46.941,-127.46,-250.73,-452.22,-346.32,-258.59,-189.52,-56.66
-18.998,-108.48,-85.078,57.694,30.544,-100.8,-201.06,-361.54,-272.85,-206.94,-156.52,-55.339
-22.099,-90.367,-63.008,48.077,17.602,-81.249,-160.23,-287.94,-215.39,-169.08,-132.18,-42.5
-20.702,-77.718,-45.388,41.596,8.0618,-66.456,-127.8,-230.83,-171.73,-140.37,-113.62,-32.676
-11.568,-68.052,-31.98,38.252,1.5836,-55.222,-103.03,-188.19,-139.07,-117.65,-98.727,-31.815
-12.336,-60.184,-22.321,35.455,-0.73128,-46.813,-84.743,-156.7,-114.62,-97.724,-86.851,-30.751
-13.451,-53.904,-16.558,32.341,5.1418,-40.814,-71.485,-132.56,-95.79,-78.827,-76.679,-29.092
-13.718,-48.918,-17.683,28.675,6.6957,-37.542,-62.119,-112.65,-80.488,-62.793,-66.807,-27.326
-13.223,-44.197,-23.011,24.933,6.2862,-37.128,-57.417,-95.148,-67.31,-51.637,-56.376,-25.834
-12.254,-39.334,-24.526,21.926,6.1313,-36.359,-55.81,-79.972,-55.493,-46.124,-47.659,-24.744
-11.221,-35.791,-24.342,19.89,6.2828,-34.341,-52.114,-70.704,-45.33,-43.432,-41.477,-23.982
-10.556,-33.658,-23.836,18.645,6.3354,-32.494,-47.7,-67.171,-39.766,-39.142,-36.993,-23.4
-10.557,-32.279,-22.919,17.981,5.8744,-31.013,-43.948,-62.189,-36.033,-34.79,-33.875,-22.863
-11.279,-31.227,-21.366,17.692,4.6797,-29.673,-40.987,-56.857,-31.837,-31.038,-31.509,-22.306
-12.512,-30.277,-19.145,17.557,2.8084,-28.294,-38.636,-52.388,-27.851,-27.87,-29.529,-21.732
-13.858,-29.318,-16.471,17.354,0.57492,-26.829,-36.7,-48.895,-24.436,-25.245,-27.822,-21.186
-14.873,-28.333,-13.745,16.925,-1.5486,-25.347,-35.036,-46.216,-21.64,-23.15,-26.397,-20.709
-15.218,-27.372,-11.431,16.215,-3.0904,-23.988,-33.551,-44.164,-19.383,-21.569,-25.296,-20.302
-14.784,-26.514,-9.8815,15.284,-3.7566,-22.891,-32.193,-42.593,-17.558,-20.449,-24.521,-19.923
-13.744,-25.817,-9.1902,14.278,-3.5696,-22.12,-30.933,-41.386,-16.057,-19.697,-24.013,-19.504
-12.499,-25.297,-9.1427,13.393,-2.8838,-21.633,-29.755,-40.462,-14.806,-19.204,-23.662,-18.979
-11.542,-24.929,-9.3111,12.814,-2.2392,-21.307,-28.652,-39.771,-13.77,-18.883,-23.354,-18.312
-11.274,-24.67,-9.2683,12.652,-2.1075,-21.009,-27.637,-39.29,-12.956,-18.695,-23.018,-17.508
-11.858,-24.479,-8.7914,12.903,-2.687,-20.662,-26.739,-39.015,-12.393,-18.65,-22.654,-16.625
-13.13,-24.326,-7.944,13.434,-3.8322,-20.276,-25.995,-38.938,-12.105,-18.79,-22.328,-15.757
-14.641,-24.198,-7.0465,14.022,-5.1018,-19.942,-25.424,-39.024,-12.065,-19.138,-22.119,-15.006
-15.799,-24.111,-6.5521,14.447,-5.9137,-19.794,-24.998,-39.196,-12.184,-19.657,-22.076,-14.443
-16.094,-24.099,-6.8586,14.561,-5.7854,-19.95,-24.634,-39.349,-12.321,-20.247,-22.194,-14.095
-15.277,-24.192,-8.1401,14.323,-4.5265,-20.446,-24.208,-39.383,-12.333,-20.784,-22.435,-13.968
-13.436,-24.39,-10.277,13.784,-2.28,-21.219,-23.603,-39.237,-12.13,-21.177,-22.76,-14.076
-10.921,-24.654,-12.904,13.058,0.55401,-22.128,-22.744,-38.919,-11.692,-21.387,-23.148,-14.446
-8.2364,-24.92,-15.535,12.29,3.4446,-23.003,-21.626,-38.492,-11.068,-21.437,-23.584,-15.078
-5.9022,-25.128,-17.709,11.621,5.8663,-23.703,-20.306,-38.05,-10.339,-21.367,-24.028,-15.886
-4.3373,-25.249,-19.109,11.165,7.4218,-24.142,-18.878,-37.677,-9.5782,-21.202,-24.392,-16.697
-3.7557,-25.289,-19.624,10.986,7.9324,-24.311,-17.436,-37.417,-8.827,-20.94,-24.549,-17.307
-4.1273,-25.284,-19.348,11.086,7.4661,-24.262,-16.048,-37.253,-8.09,-20.572,-24.388,-17.572
-5.2161,-25.271,-18.511,11.404,6.2907,-24.076,-14.735,-37.123,-7.3438,-20.099,-23.855,-17.471
-6.6778,-25.262,-17.365,11.832,4.7669,-23.818,-13.47,-36.939,-6.5484,-19.544,-22.976,-17.113
-8.1763,-25.231,-16.095,12.247,3.2204,-23.506,-12.191,-36.62,-5.6592,-18.931,-21.848,-16.682
-9.488,-25.125,-14.775,12.561,1.838,-23.111,-10.824,-36.111,-4.6307,-18.273,-20.595,-16.359
-10.566,-24.9,-13.388,12.751,0.62296,-22.585,-9.3012,-35.394,-3.4406,-17.557,-19.332,-16.246
-11.541,-24.545,-11.862,12.873,-0.57638,-21.901,-7.5746,-34.478,-2.0857,-16.747,-18.125,-16.329
-12.633,-24.109,-10.121,13.04,-1.9666,-21.072,-5.6209,-33.385,-0.58174,-15.801,-16.983,-16.49
-14.016,-23.675,-8.144,13.363,-3.6786,-20.153,-3.438,-32.129,1.0464,-14.68,-15.86,-16.564
-15.699,-23.332,-6.0143,13.888,-5.6794,-19.227,-1.0383,-30.709,2.7775,-13.354,-14.682,-16.408
-17.467,-23.131,-3.9173,14.54,-7.759,-18.377,1.5539,-29.105,4.6024,-11.805,-13.381,-15.967
-18.908,-23.058,-2.0926,15.145,-9.5773,-17.659,4.2971,-27.285,6.5232,-10.048,-11.942,-15.31
-19.548,-23.044,-0.76085,15.491,-10.771,-17.082,7.1289,-25.229,8.5474,-8.1436,-10.435,-14.612
-19.09,-22.997,-0.049124,15.416,-11.085,-16.614,9.9732,-22.935,10.683,-6.1977,-9.0008,-14.104
-17.587,-22.84,0.066099,14.901,-10.477,-16.191,12.764,-20.422,12.935,-4.3355,-7.8072,-13.976
-15.456,-22.531,-0.22719,14.088,-9.1686,-15.728,15.472,-17.72,15.304,-2.6559,-6.9674,-14.3
-13.327,-22.066,-0.61377,13.239,-7.6362,-15.136,18.119,-14.859,17.789,-1.1936,-6.4902,-14.996
-11.891,-21.464,-0.7278,12.662,-6.4945,-14.337,20.773,-11.853,20.402,0.096503,-6.2737,-15.853
-11.755,-20.757,-0.2534,12.62,-6.3073,-13.288,23.522,-8.6986,23.172,1.3255,-6.1454,-16.606
-13.217,-19.965,0.97991,13.23,-7.3841,-11.991,26.446,-5.3723,26.151,2.6329,-5.9291,-17.034
-16.076,-19.056,2.9532,14.376,-9.6482,-10.471,29.59,-1.8433,29.414,4.146,-5.5117,-17.042
-19.641,-17.924,5.4854,15.695,-12.645,-8.7489,32.971,1.9254,33.078,5.9532,-4.8732,-16.672
-22.929,-16.408,8.3027,16.627,-15.691,-6.8149,36.618,5.9809,37.324,8.0901,-4.0757,-16.079
-24.952,-14.379,11.111,16.588,-18.082,-4.6516,40.604,10.383,42.386,10.532,-3.2338,-15.452
-25.02,-11.824,13.658,15.221,-19.303,-2.271,45.073,15.192,48.468,13.202,-2.4835,-14.947
-22.973,-8.8655,15.773,12.54,-19.152,0.26401,50.212,20.438,55.585,15.994,-1.9248,-14.634
-19.185,-5.7289,17.377,8.9094,-17.773,2.8475,56.187,26.099,63.416,18.821,-1.5308,-14.48
-14.378,-2.6643,18.478,4.9075,-15.575,5.3609,63.059,32.096,71.389,21.649,-1.091,-14.352
-9.4386,0.13733,19.146,1.174,-13.078,7.7082,70.738,38.324,78.979,24.487,-0.27593,-14.055
-5.2453,2.5932,19.479,-1.7502,-10.771,9.8347,79.005,44.689,85.953,27.363,1.2192,-13.398
-2.4476,4.7163,19.56,-3.5508,-9.0005,11.709,87.611,51.132,92.35,30.282,3.5463,-12.29
-1.2836,6.561,19.418,-4.1945,-7.8989,13.286,96.365,57.62,98.318,33.206,6.6369,-10.795
-1.537,8.1736,19.041,-3.8963,-7.3714,14.498,105.18,64.114,103.98,36.055,10.212,-9.1206
-2.6875,9.578,18.442,-3.0092,-7.2107,15.309,114.04,70.556,109.38,38.747,13.871,-7.536
-4.1606,10.779,17.738,-1.902,-7.2753,15.764,123.01,76.877,114.47,41.227,17.233,-6.2579
-5.5299,11.763,17.188,-0.88264,-7.5619,16.011,132.07,83.013,119.19,43.497,20.059,-5.3709
-6.619,12.498,17.098,-0.16782,-8.1198,16.237,141.15,88.916,123.45,45.608,22.286,-4.8136
-7.4391,12.963,17.665,0.13627,-8.9385,16.587,150.04,94.553,127.19,47.629,23.982,-4.4295
-8.0056,13.173,18.849,0.028987,-9.9004,17.098,158.52,99.901,130.43,49.603,25.239,-4.05
-8.2425,13.173,20.374,-0.40937,-10.796,17.696,166.42,104.93,133.17,51.523,26.115,-3.5617
-8.0571,13.031,21.848,-1.0334,-11.395,18.272,173.66,109.61,135.47,53.338,26.644,-2.9323
-7.474,12.836,22.949,-1.6692,-11.558,18.754,180.26,113.85,137.38,54.976,26.888,-2.1979
-6.6955,12.701,23.585,-2.1652,-11.33,19.159,186.27,117.54,138.92,56.359,26.966,-1.4267
-6.0522,12.752,23.942,-2.4223,-10.971,19.584,191.74,120.51,140.08,57.416,27.029,-0.67132
-5.8938,13.099,24.388,-2.3991,-10.869,20.167,196.64,122.57,140.83,58.109,27.228,0.069268
-6.4678,13.797,25.313,-2.1055,-11.401,21.035,200.93,123.63,141.19,58.473,27.676,0.85563
-7.8225,14.826,26.965,-1.5994,-12.767,22.242,204.57,123.71,141.24,58.602,28.426,1.7755
-9.7666,16.097,29.35,-0.98776,-14.892,23.75,207.59,122.95,141.07,58.599,29.441,2.8835
-11.897,17.488,32.196,-0.42072,-17.417,25.427,210.09,121.47,140.72,58.518,30.582,4.1452
-13.687,18.875,35.024,-0.073932,-19.799,27.093,212.17,119.39,140.2,58.344,31.611,5.4276
-14.627,20.151,37.306,-0.11116,-21.477,28.572,213.92,116.75,139.45,58.013,32.248,6.5478
-14.394,21.252,38.671,-0.62863,-22.066,29.76,215.41,113.58,138.39,57.454,32.253,7.3556
-12.989,22.171,39.076,-1.6036,-21.541,30.67,216.67,109.93,137.01,56.637,31.512,7.8005
-10.782,22.963,38.852,-2.8806,-20.3,31.421,217.73,105.88,135.29,55.59,30.084,7.9472
-8.4157,23.708,38.585,-4.2036,-19.05,32.185,218.58,101.54,133.28,54.395,28.188,7.9337
-6.6076,24.459,38.871,-5.2799,-18.547,33.096,219.18,96.967,131.05,53.149,26.135,7.9031
-5.9424,25.198,40.063,-5.8537,-19.303,34.184,219.51,92.149,128.66,51.935,24.235,7.9503
-6.7039,25.829,42.153,-5.7729,-21.398,35.358,219.52,87.001,126.15,50.789,22.734,8.1088
-8.7882,26.221,44.832,-5.0342,-24.484,36.454,219.18,81.407,123.47,49.7,21.769,8.3693
-11.744,26.27,47.615,-3.7883,-27.944,37.29,218.44,75.289,120.51,48.619,21.36,8.7064
-14.935,25.952,49.986,-2.292,-31.105,37.723,217.3,68.668,117.09,47.486,21.414,9.0974
-17.73,25.326,51.53,-0.8242,-33.379,37.677,215.74,61.708,113.04,46.263,21.777,9.5399
-19.672,24.497,52.03,0.39755,-34.386,37.155,213.78,54.681,108.31,44.959,22.315,10.068
-20.604,23.545,51.509,1.2634,-34.104,36.226,211.41,47.869,103.04,43.627,22.964,10.753
-20.668,22.498,50.178,1.7696,-32.916,34.996,208.66,41.457,97.512,42.345,23.721,11.661
-20.176,21.341,48.315,1.9831,-31.4,33.576,205.49,35.461,92.037,41.171,24.575,12.793
-19.402,20.059,46.121,1.9934,-29.94,32.052,201.85,29.739,86.731,40.111,25.445,14.041
-18.421,18.676,43.602,1.8629,-28.502,30.453,197.65,24.068,81.466,39.107,26.181,15.221
-17.094,17.257,40.614,1.5939,-26.735,28.754,192.81,18.253,75.965,38.072,26.619,16.156
-15.209,15.887,37.02,1.1374,-24.24,26.903,187.2,12.215,70.002,36.927,26.651,16.77
-12.682,14.653,32.805,0.44186,-20.834,24.868,180.75,6.0063,63.56,35.63,26.271,17.138
-9.6373,13.621,28.104,-0.48866,-16.656,22.675,173.43,-0.23467,56.871,34.172,25.57,17.434
-6.3979,12.827,23.215,-1.5639,-12.148,20.409,165.24,-6.3622,50.299,32.56,24.693,17.85
-3.4072,12.264,18.564,-2.6213,-7.9445,18.199,156.26,-12.283,44.144,30.802,23.792,18.525
-1.1093,11.888,14.596,-3.4789,-4.6804,16.164,146.52,-17.972,38.522,28.907,22.98,19.519
0.19472,11.621,11.631,-4.0029,-2.7688,14.371,136.03,-23.462,33.395,26.889,22.316,20.792
0.46952,11.385,9.7537,-4.1629,-2.2528,12.81,124.74,-28.807,28.65,24.783,21.794,22.21
-0.013394,11.139,8.7921,-4.0509,-2.7942,11.41,112.67,-34.056,24.182,22.635,21.365,23.573
-0.74815,10.899,8.3752,-3.8533,-3.7911,10.091,99.977,-39.226,19.93,20.497,20.95,24.677
-1.1627,10.721,8.0393,-3.7834,-4.5711,8.802,86.981,-44.288,15.881,18.41,20.478,25.378
-0.81577,10.648,7.347,-4.0014,-4.5888,7.5209,74.169,-49.184,12.049,16.4,19.911,25.629
0.46586,10.654,5.9939,-4.5575,-3.5737,6.2266,62.029,-53.855,8.4411,14.458,19.255,25.47
2.576,10.633,3.8858,-5.3773,-1.5724,4.8804,50.861,-58.275,5.0321,12.546,18.565,24.988
5.212,10.434,1.1584,-6.292,1.1231,3.4348,40.697,-62.462,1.7682,10.612,17.923,24.263
7.9663,9.9337,-1.8842,-7.1016,4.0999,1.859,31.382,-66.466,-1.4178,8.6154,17.407,23.356
10.422,9.0834,-4.8824,-7.6498,6.943,0.15827,22.722,-70.348,-4.5815,6.5535,17.065,22.313
12.279,7.9343,-7.5247,-7.879,9.325,-1.623,14.578,-74.16,-7.7501,4.4606,16.899,21.184
13.44,6.615,-9.6156,-7.8312,11.064,-3.4124,6.9057,-77.934,-10.922,2.3815,16.853,20.024
13.98,5.2725,-11.106,-7.6001,12.142,-5.134,-0.26661,-81.683,-14.076,0.3385,16.819,18.867
14.052,3.9993,-12.084,-7.266,12.678,-6.7389,-6.8828,-85.395,-17.183,-1.6839,16.656,17.701
13.802,2.7844,-12.743,-6.8559,12.881,-8.2316,-12.906,-89.03,-20.206,-3.727,16.226,16.478
13.352,1.5164,-13.349,-6.3467,12.987,-9.6779,-18.343,-92.532,-23.108,-5.8332,15.437,15.156
12.821,0.04254,-14.173,-5.7068,13.209,-11.18,-23.245,-95.841,-25.847,-8.0211,14.261,13.713
12.329,-1.7458,-15.394,-4.9427,13.693,-12.816,-27.675,-98.921,-28.388,-10.27,12.741,12.129
11.972,-3.8403,-17.013,-4.1146,14.468,-14.575,-31.687,-101.77,-30.702,-12.519,10.981,10.391
11.777,-6.098,-18.829,-3.3115,15.426,-16.336,-35.308,-104.4,-32.778,-14.689,9.1107,8.5128
11.686,-8.2933,-20.507,-2.6116,16.347,-17.915,-38.537,-106.83,-34.629,-16.717,7.251,6.5644
11.571,-10.216,-21.708,-2.0532,16.975,-19.145,-41.369,-109.09,-36.293,-18.583,5.4784,4.6777
11.283,-11.765,-22.224,-1.6219,17.116,-19.953,-43.822,-111.18,-37.826,-20.324,3.8115,3.0094
10.71,-12.976,-22.068,-1.2539,16.724,-20.398,-45.944,-113.11,-39.291,-22.016,2.2163,1.6836
9.8186,-13.997,-21.48,-0.85799,15.919,-20.647,-47.808,-114.9,-40.73,-23.742,0.63004,0.74756
8.6763,-14.999,-20.84,-0.34985,14.952,-20.908,-49.481,-116.52,-42.142,-25.543,-1.0024,0.16353
7.4299,-16.104,-20.521,0.31414,14.111,-21.346,-50.992,-117.92,-43.471,-27.388,-2.691,-0.1645
6.2583,-17.333,-20.759,1.1157,13.627,-22.019,-52.326,-119.02,-44.636,-29.182,-4.3873,-0.34993
5.3174,-18.607,-21.567,1.9751,13.595,-22.871,-53.434,-119.72,-45.57,-30.815,-6.0161,-0.48872
4.6977,-19.795,-22.759,2.7747,13.96,-23.77,-54.272,-119.98,-46.256,-32.215,-7.5366,-0.64447
4.3979,-20.765,-24.022,3.4034,14.538,-24.562,-54.829,-119.85,-46.736,-33.382,-8.9853,-0.85339
4.3107,-21.44,-25.016,3.8095,15.068,-25.12,-55.137,-119.42,-47.098,-34.385,-10.467,-1.1351
4.2264,-21.829,-25.471,4.0362,15.274,-25.387,-55.262,-118.81,-47.439,-35.329,-12.099,-1.4954
3.8744,-22.023,-25.25,4.2185,14.938,-25.386,-55.274,-118.12,-47.828,-36.302,-13.946,-1.9252
3.013,-22.167,-24.386,4.5337,13.968,-25.211,-55.229,-117.36,-48.287,-37.348,-15.987,-2.4109
1.5437,-22.405,-23.066,5.1222,12.44,-24.996,-55.152,-116.5,-48.791,-38.463,-18.143,-2.9606
-0.41161,-22.822,-21.575,6.0116,10.595,-24.861,-55.046,-115.48,-49.294,-39.615,-20.31,-3.6195
-2.5238,-23.403,-20.202,7.0852,8.7748,-24.874,-54.888,-114.24,-49.746,-40.758,-22.406,-4.4534
-4.3645,-24.048,-19.153,8.1205,7.3146,-25.028,-54.637,-112.72,-50.109,-41.849,-24.379,-5.5092
-5.5543,-24.623,-18.513,8.8798,6.4419,-25.266,-54.251,-110.92,-50.374,-42.857,-26.204,-6.7833
-5.8803,-25.031,-18.296,9.2052,6.2379,-25.526,-53.695,-108.86,-50.559,-43.769,-27.873,-8.2161
-5.344,-25.248,-18.513,9.0767,6.6629,-25.781,-52.955,-106.59,-50.694,-44.592,-29.381,-9.7137
-4.1443,-25.322,-19.189,8.6191,7.6097,-26.047,-52.036,-104.16,-50.811,-45.342,-30.723,-11.177
-2.6143,-25.347,-20.33,8.0663,8.9495,-26.377,-50.946,-101.63,-50.923,-46.036,-31.887,-12.519
-1.1273,-25.439,-21.902,7.6815,10.557,-26.841,-49.688,-99.011,-51.025,-46.673,-32.853,-13.672
0.02596,-25.684,-23.83,7.645,12.314,-27.487,-48.25,-96.286,-51.089,-47.235,-33.589,-14.581
0.75635,-26.083,-25.996,7.9587,14.101,-28.296,-46.616,-93.442,-51.075,-47.685,-34.059,-15.207
1.2198,-26.525,-28.225,8.4217,15.806,-29.147,-44.77,-90.472,-50.945,-47.983,-34.23,-15.536
1.725,-26.804,-30.276,8.698,17.348,-29.835,-42.701,-87.384,-50.666,-48.098,-34.094,-15.585
2.5625,-26.687,-31.841,8.4464,18.674,-30.117,-40.41,-84.197,-50.229,-48.012,-33.688,-15.395
3.8634,-25.977,-32.561,7.4629,19.69,-29.777,-37.903,-80.932,-49.649,-47.734,-33.091,-15.029
5.5064,-24.565,-32.098,5.7801,20.195,-28.668,-35.187,-77.597,-48.957,-47.284,-32.409,-14.555
7.0907,-22.438,-30.229,3.6766,19.902,-26.74,-32.258,-74.172,-48.178,-46.679,-31.736,-14.025
8.0361,-19.658,-26.937,1.5839,18.523,-24.021,-29.088,-70.607,-47.319,-45.917,-31.125,-13.471
7.8114,-16.307,-22.388,-0.085865,15.885,-20.564,-25.625,-66.84,-46.356,-44.971,-30.582,-12.9
6.1855,-12.44,-16.841,-1.1316,12.033,-16.379,-21.806,-62.821,-45.244,-43.804,-30.078,-12.319
3.3391,-8.0846,-10.533,-1.6651,7.2654,-11.413,-17.577,-58.534,-43.928,-42.378,-29.569,-11.735
-0.17742,-3.2752,-3.6481,-2.0515,2.0932,-5.6642,-12.912,-53.994,-42.352,-40.671,-29.001,-11.146
-3.532,1.968,3.5701,-2.8016,-2.8171,0.60874,-7.8261,-49.25,-40.481,-38.686,-28.321,-10.538
-5.7987,7.6875,10.596,-4.419,-6.7542,6.8859,-2.3886,-44.379,-38.318,-36.443,-27.478,-9.8747
-6.2439,13.89,16.675,-7.2024,-9.159,12.759,3.285,-39.474,-35.918,-33.984,-26.433,-9.121
-4.5704,20.442,21.405,-11.315,-9.8413,18.22,9.0442,-34.622,-33.377,-31.354,-25.165,-8.2534
-1.046,27.202,25.105,-16.838,-9.088,23.464,14.722,-29.887,-30.795,-28.594,-23.669,-7.2657
3.536,34.09,28.419,-23.559,-7.5999,28.532,20.151,-25.3,-28.239,-25.72,-21.942,-6.1609
8.0766,40.944,31.832,-30.78,-6.2801,33.289,25.181,-20.855,-25.712,-22.725,-19.978,-4.9386
11.506,47.506,35.578,-37.455,-5.9477,37.624,29.693,-16.511,-23.165,-19.586,-17.763,-3.5852
13.128,53.576,39.703,-42.779,-7.046,41.517,33.613,-12.191,-20.518,-16.273,-15.282,-2.0712
12.863,59.063,44.031,-46.63,-9.4502,44.993,36.912,-7.7997,-17.703,-12.764,-12.537,-0.35898
11.299,63.883,48.115,-49.449,-12.48,48.069,39.591,-3.2508,-14.704,-9.0525,-9.5597,1.5792
9.4608,67.908,51.329,-51.913,-15.164,50.727,41.651,1.4963,-11.575,-5.1616,-6.4173,3.7367
8.3893,71.048,53.112,-54.576,-16.643,52.923,43.077,6.4073,-8.4376,-1.1375,-3.2011,6.0585
8.7533,73.368,53.26,-57.569,-16.452,54.646,43.849,11.365,-5.4307,2.958,0.0015536,8.4557
10.684,75.108,52.079,-60.694,-14.65,55.974,43.965,16.182,-2.6772,7.0515,3.1275,10.846
13.791,76.585,50.29,-63.751,-11.839,57.072,43.439,20.634,-0.26956,11.05,6.14,13.18
17.301,78.057,48.783,-66.595,-8.9639,58.11,42.282,24.512,1.7272,14.835,9.0195,15.432
20.346,79.622,48.3,-69.02,-6.9678,59.198,40.463,27.687,3.2893,18.277,11.755,17.589
22.259,81.208,49.179,-70.777,-6.4587,60.344,37.927,30.151,4.4532,21.273,14.34,19.668
22.793,82.612,51.264,-71.708,-7.4947,61.417,34.642,32.006,5.3001,23.776,16.759,21.706
22.178,83.574,53.945,-71.843,-9.5484,62.154,30.63,33.392,5.9083,25.804,18.977,23.702
21.062,83.861,56.305,-71.38,-11.716,62.236,25.971,34.428,6.3204,27.413,20.927,25.585
20.328,83.351,57.351,-70.589,-13.079,61.383,20.781,35.183,6.545,28.672,22.523,27.218
20.804,82.067,56.288,-69.717,-13.003,59.448,15.197,35.695,6.5782,29.645,23.687,28.453
22.952,80.168,52.786,-68.942,-11.266,56.475,9.3825,36.02,6.4296,30.393,24.381,29.195
26.716,77.9,47.114,-68.373,-8.0371,52.708,3.5289,36.269,6.1402,30.97,24.625,29.453
31.653,75.543,39.99,-68.067,-3.6994,48.52,-2.1591,36.596,5.7815,31.428,24.488,29.347
37.197,73.352,32.283,-68.037,1.304,44.322,-7.4937,37.161,5.4368,31.803,24.077,29.074
42.851,71.509,24.751,-68.255,6.5366,40.463,-12.338,38.063,5.1732,32.11,23.509,28.848
48.275,70.082,17.901,-68.673,11.607,37.155,-16.624,39.298,5.0209,32.344,22.913,28.843
53.277,69.021,11.968,-69.238,16.2,34.449,-20.348,40.755,4.9698,32.504,22.418,29.16
57.768,68.197,6.9353,-69.919,20.082,32.25,-23.537,42.265,4.9851,32.603,22.155,29.833
61.734,67.463,2.6171,-70.711,23.138,30.396,-26.222,43.675,5.0341,32.679,22.237,30.842
65.233,66.724,-1.1152,-71.642,25.384,28.754,-28.422,44.908,5.1098,32.79,22.742,32.117
68.401,65.988,-4.1594,-72.764,26.951,27.286,-30.138,45.987,5.2371,33.004,23.699,33.532
71.376,65.344,-6.2979,-74.113,28.019,26.072,-31.371,47.008,5.4629,33.379,25.082,34.93
74.127,64.855,-7.4372,-75.656,28.732,25.237,-32.128,48.09,5.8352,33.934,26.81,36.161
76.305,64.438,-7.6747,-77.264,29.136,24.833,-32.439,49.326,6.3769,34.636,28.763,37.115
77.359,63.837,-7.2275,-78.675,29.174,24.744,-32.366,50.734,7.0579,35.396,30.797,37.717
76.831,62.723,-6.3405,-79.465,28.713,24.739,-32.008,52.248,7.7861,36.086,32.766,37.927
74.547,60.854,-5.1936,-79.089,27.598,24.591,-31.485,53.742,8.4335,36.577,34.542,37.728
70.536,58.185,-3.8383,-77.162,25.706,24.184,-30.911,55.076,8.8765,36.761,36.039,37.129
64.896,54.846,-2.2176,-73.674,22.976,23.535,-30.376,56.129,9.0192,36.577,37.213,36.141
57.801,51.008,-0.26944,-68.85,19.451,22.735,-29.941,56.815,8.7928,36,38.049,34.765
49.529,46.786,1.9541,-62.888,15.328,21.842,-29.641,57.072,8.153,35.024,38.521,33.011
40.453,42.226,4.2264,-55.913,10.975,20.811,-29.497,56.849,7.0772,33.637,38.549,30.885
31.019,37.361,6.1913,-48.076,6.8499,19.508,-29.514,56.083,5.5587,31.81,37.982,28.373
21.783,32.261,7.5058,-39.629,3.3529,17.797,-29.684,54.7,3.6043,29.515,36.621,25.425
13.408,27.069,7.9974,-30.924,0.71781,15.623,-29.987,52.628,1.2454,26.747,34.31,22.011
6.5653,21.98,7.7302,-22.355,-1.0322,13.043,-30.392,49.84,-1.4493,23.554,31.031,18.184
1.7223,17.193,6.9477,-14.389,-2.0429,10.214,-30.87,46.372,-4.3791,20.045,26.935,14.105
-1.144,12.843,5.9444,-7.815,-2.5294,7.3357,-31.404,42.327,-7.4372,16.373,22.283,10.006
-2.5717,8.9687,4.9433,-3.6019,-2.6783,4.5957,-31.994,37.846,-10.538,12.699,17.382,6.1206
-3.2012,5.5419,4.0335,-1.6993,-2.6007,2.1121,-32.649,33.09,-13.628,9.1527,12.538,2.6422
-3.4259,2.4986,3.1771,-1.0735,-2.3411,-0.096534,-33.375,28.214,-16.676,5.8198,8.0288,-0.29334
-3.4276,-0.25734,2.2594,-0.8971,-1.9129,-2.1049,-34.164,23.365,-19.648,2.7407,4.0782,-2.6213
-3.3153,-2.8457,1.1563,-0.77497,-1.3285,-4.031,-34.996,18.67,-22.489,-0.070033,0.82118,-4.3602
-3.1665,-5.3545,-0.19765,-0.53819,-0.61749,-5.9593,-35.84,14.235,-25.125,-2.6071,-1.7236,-5.6122
-3.0298,-7.7812,-1.7623,-0.14037,0.16209,-7.8815,-36.672,10.124,-27.477,-4.8662,-3.6505,-6.5335
-2.9485,-10.038,-3.3885,0.38674,0.91559,-9.7029,-37.48,6.3546,-29.496,-6.8456,-5.1168,-7.2841
-2.9934,-12.023,-4.8598,0.98567,1.5051,-11.308,-38.267,2.8951,-31.185,-8.5545,-6.2769,-7.9882
-3.278,-13.69,-5.9581,1.6291,1.7585,-12.626,-39.044,-0.32243,-32.602,-10.018,-7.2448,-8.7178
-3.9453,-15.081,-6.5297,2.3484,1.5113,-13.665,-39.814,-3.3717,-33.828,-11.263,-8.079,-9.4814
-5.1291,-16.305,-6.5366,3.2224,0.67108,-14.502,-40.556,-6.2906,-34.923,-12.291,-8.7627,-10.216
-6.8962,-17.488,-6.0782,4.3382,-0.72445,-15.245,-41.223,-9.0528,-35.894,-13.059,-9.2027,-10.807
-9.1868,-18.718,-5.3682,5.7431,-2.4939,-15.992,-41.748,-11.573,-36.703,-13.501,-9.2743,-11.149
-11.783,-20.023,-4.692,7.4064,-4.3417,-16.804,-42.074,-13.742,-37.298,-13.565,-8.9043,-11.202
-14.325,-21.368,-4.3588,9.2037,-5.9093,-17.706,-42.175,-15.476,-37.65,-13.252,-8.1398,-11.018
-16.373,-22.69,-4.637,10.938,-6.843,-18.702,-42.07,-16.744,-37.774,-12.633,-7.1553,-10.725
-17.526,-23.92,-5.6708,12.392,-6.8849,-19.779,-41.811,-17.581,-37.728,-11.839,-6.1904,-10.479
-17.561,-24.996,-7.4193,13.397,-5.9611,-20.902,-41.462,-18.074,-37.601,-11.015,-5.4528,-10.4
-16.529,-25.875,-9.6457,13.886,-4.2386,-22.003,-41.077,-18.349,-37.488,-10.279,-5.0317,-10.527
-14.758,-26.539,-11.969,13.914,-2.1048,-22.987,-40.701,-18.531,-37.471,-9.6875,-4.8678,-10.801
-12.761,-26.992,-13.957,13.636,-0.067022,-23.76,-40.368,-18.722,-37.587,-9.2265,-4.7821,-11.08
-11.083,-27.266,-15.246,13.259,1.3954,-24.256,-40.113,-18.966,-37.836,-8.8281,-4.552,-11.185
-10.147,-27.409,-15.646,12.972,1.9712,-24.465,-39.96,-19.232,-38.165,-8.4052,-4.0001,-10.97
-10.137,-27.469,-15.189,12.886,1.6006,-24.438,-39.902,-19.395,-38.477,-7.886,-3.0611,-10.378
-10.959,-27.48,-14.1,12.999,0.47883,-24.262,-39.865,-19.233,-38.628,-7.2299,-1.7996,-9.4664
-12.283,-27.453,-12.719,13.213,-1.0189,-24.028,-39.671,-18.416,-38.426,-6.4111,-0.37044,-8.3914
-13.655,-27.375,-11.405,13.382,-2.4598,-23.798,-39.022,-16.497,-37.611,-5.3733,1.0608,-7.3351
-14.641,-27.217,-10.461,13.378,-3.4778,-23.597,-37.526,-12.911,-35.845,-3.9843,2.4035,-6.4229
-14.952,-26.955,-10.066,13.141,-3.8562,-23.413,-34.766,-7.0522,-32.77,-2.0251,3.6956,-5.6636
-14.509,-26.575,-10.227,12.685,-3.5469,-23.211,-30.424,0.97611,-28.376,0.75122,5.0935,-4.9406
-13.427,-26.076,-10.798,12.077,-2.6444,-22.955,-24.755,6.991,-24.19,4.4696,6.7884,-4.0473
-11.944,-25.459,-11.554,11.394,-1.3475,-22.615,-20.422,3.6972,-24.684,8.8467,8.8543,-2.7453
-10.336,-24.704,-12.277,10.68,0.084544,-22.172,-22.491,-1.3222,-30.644,12.727,11.033,-0.84951
-8.8535,-23.742,-12.757,9.9046,1.3655,-21.585,-26.799,1.1545,-33.863,13.584,12.144,1.5514
-7.6321,-22.427,-12.749,8.9628,2.2063,-20.768,-25.597,11.863,-30.665,9.2798,8.0124,3.3918
-6.5641,-20.509,-12.021,7.6909,2.3855,-19.586,-16.7,28.053,-20.393,5.6808,-0.023579,1.7379
-5.1234,-17.616,-10.472,5.8472,1.8697,-17.882,0.96252,43.779,-2.1707,11.096,0.93394,-0.82495
-2.5065,-13.289,-8.2369,2.9686,0.80455,-15.473,26.42,73.758,23.691,24.677,6.4297,1.6142
-0.14518,-7.1901,-5.7065,-0.9403,-0.80738,-12.115,65.102,127.33,56.123,45.227,16.073,6.7825
0.2698,0.61084,-3.4773,-5.9111,-3.3853,-7.4621,122.68,190.2,93.628,73.23,32.377,14.974
2.2989,9.6815,-2.232,-12.328,-6.6378,-1.2517,184.65,252.3,132.34,107.52,56.981,27.269
6.9296,19.267,-2.5325,-19.327,-7.1156,5.9983,238.16,299.46,165.59,144.38,89.279,44.08
15.174,27.652,-4.5812,-26.722,-1.6939,12.503,270.54,315.66,186.3,179.8,127.28,65.012
28.256,34.841,-8.0665,-35.399,10.147,16.671,272.42,289.17,190.37,211.89,169.6,89.483
47.261,42.739,-12.223,-47.554,27.542,18.976,241.08,216.26,177.53,241.59,217.15,117.93
73.535,54.469,-17.303,-66.573,48.789,21.309,179.26,102.57,148.64,272.49,272.71,152.21
108.23,73.746,-25.994,-95.393,72.063,26.026,92.296,-38.956,105.73,309.74,339.42,194.41
150.41,103.91,-31.424,-133.42,96.379,35.117,-15.513,-192.43,58.094,358.31,420.05,245.82
197.7,145.89,-32.568,-178.59,121.5,48.871,-143.58,-344.22,15.631,421.9,516.22,307.15
249.67,196.95,-32.161,-230.88,147.81,67.164,-294.7,-487.38,-17.532,503.47,628.61,378.65
306.86,253.28,-34.297,-288.94,176.87,92.83,-472.82,-620.18,-42.288,604.25,757.33,459.43
369.67,310.74,-44.094,-350.13,211.71,124.74,-680.59,-745.39,-62.578,720.36,900.91,547.08
438.41,364.32,-66.245,-411.83,255.09,146.01,-916.13,-870.3,-83.66,842.81,1054.1,637.76
512.06,409.41,-102.28,-471.43,307.72,152.24,-1171.5,-1003.1,-110.87,960.82,1207.3,726.61
588.55,443,-149.38,-526.4,368.55,146.52,-1433,-1145.9,-148.71,1064.5,1350.4,808.45
665.15,464.27,-203.55,-574.59,434.76,129.69,-1683.4,-1293.1,-199.48,1146,1473.8,878.59
737.19,473.6,-262.55,-614.15,501.61,103.28,-1904.9,-1432,-260.48,1200.7,1569.4,932.99
800.55,471.34,-325.21,-643.48,564.68,69.698,-2082.4,-1546.2,-322.97,1227.3,1631.5,968.15
853,457.35,-390.32,-661.33,622.44,30.863,-2204.9,-1620.1,-376.7,1226.9,1656.9,981.26
891.24,430.56,-455.86,-665.95,673.85,-13.195,-2267.4,-1644.8,-418.08,1201,1644.4,970.67
911.75,388.8,-520.06,-654.71,716.27,-63.82,-2270.6,-1620.8,-449.31,1149.9,1594.2,936.1
911.61,329.55,-581.13,-624.86,746.87,-122.29,-2220.5,-1558.8,-472.58,1071,1506.9,878.48
888.24,251.59,-636.77,-574.55,762.96,-188.7,-2126.4,-1478.1,-494.88,958.76,1381.9,799.55
840.06,156.15,-683.91,-503.75,761.92,-260.93,-1998.6,-1399.9,-529.78,807.14,1218.4,701.79
768.24,47.961,-718.84,-414.97,742.75,-334.09,-1846.6,-1340.2,-585.53,613.47,1016.7,588.85
677.5,-64.35,-737.82,-314.04,706.63,-400.69,-1678.3,-1303.8,-661.99,383.4,782.51,466.14
574.84,-169.17,-736.84,-209.6,655.31,-452.17,-1500.5,-1283.6,-750.25,133.11,528.78,341.13
467.57,-254.64,-712.3,-111.14,590.1,-481.29,-1319.2,-1263.4,-833.8,-112.39,276.07,222.71
362.23,-311.97,-663.38,-27.038,513.56,-484.35,-1140.2,-1223.3,-893.41,-324.57,48.861,119.61
264.66,-337.83,-593.44,36.97,430.45,-462.17,-969.52,-1153.4,-913.58,-479.1,-130.98,37.658
179.97,-334.69,-509.6,78.956,347.07,-419.62,-813.3,-1056.5,-887.87,-563.35,-250.71,-16.166
111.91,-309.37,-421.07,100.4,269.89,-364.28,-675.1,-940.11,-820.7,-579.63,-309.95,-41.401
61.73,-270.68,-336.45,105.09,203.43,-304.27,-556.15,-814.07,-724.74,-542.62,-319.19,-48.987
28,-227.07,-261.42,98.518,148.86,-246.3,-455.91,-687.91,-615.12,-472.99,-294.85,-47.344
7.0849,-185.06,-198.34,86.629,105.39,-194.82,-371.95,-568.87,-504.69,-391.41,-254.12,-42.54
-5.7319,-148.67,-147.07,73.957,71.486,-152.09,-301.08,-461.81,-402.76,-313.88,-211.35,-38.299
-14.593,-119.76,-105.49,62.886,44.958,-118.45,-240.78,-369.95,-315.58,-249.09,-174.81,-36.289
-21.856,-98.586,-71.719,52.81,24.301,-92.548,-189.93,-294.9,-246.25,-198.81,-146.7,-35.884
-27.549,-83.84,-45.989,42.332,9.2131,-72.587,-148.39,-236.28,-194.26,-161.08,-125.69,-19.163
-30.387,-72.947,-28.575,38.505,-0.47453,-57.417,-116.05,-192.08,-156.13,-133.98,-108.53,-19.448
-22.552,-63.973,-18.319,36.807,-5.5867,-46.441,-92.107,-159.27,-127.96,-113.85,-93.894,-20.434
-18.921,-56.317,-13.08,34.585,-7.3477,-38.964,-75.051,-134.26,-106.7,-95.856,-82.764,-20.367
-18.785,-50.088,-10.855,31.336,-4.0804,-34.227,-63.167,-113.79,-89.922,-79.082,-72.643,-19.69
-17.6,-44.845,-13.147,27.25,0.45041,-32.526,-55.631,-95.76,-75.833,-65.206,-62.532,-18.926
-15.315,-39.253,-18.329,23.13,1.6092,-32.798,-52.212,-79.715,-63.399,-55.687,-53.942,-18.429
-12.41,-34.721,-19.414,19.655,2.816,-31.153,-47.812,-68.762,-52.313,-51.114,-48.135,-18.349
-9.4607,-32.084,-19.788,16.952,4.3923,-29.507,-42.359,-63.963,-44.626,-48.344,-44.117,-18.649
-7.0217,-30.502,-20.144,14.967,5.923,-28.424,-37.586,-57.695,-42.398,-45.073,-41.401,-19.169
-5.5267,-29.492,-20.308,13.672,6.9574,-27.712,-33.746,-50.825,-39.949,-41.972,-39.592,-19.707
-5.1999,-28.849,-20.102,13.042,7.2031,-27.201,-30.7,-44.803,-36.736,-39.262,-38.222,-20.094
-5.9911,-28.45,-19.483,12.99,6.6094,-26.786,-28.277,-39.822,-33.556,-36.887,-36.963,-20.251
-7.5799,-28.198,-18.548,13.34,5.371,-26.411,-26.332,-35.742,-30.753,-34.782,-35.641,-20.19
-9.4665,-28.009,-17.496,13.856,3.8499,-26.05,-24.75,-32.375,-28.418,-32.924,-34.214,-19.986
-11.116,-27.817,-16.555,14.297,2.4533,-25.698,-23.446,-29.555,-26.515,-31.331,-32.734,-19.74
-12.122,-27.581,-15.894,14.484,1.5044,-25.359,-22.361,-27.141,-24.957,-30.034,-31.311,-19.532
-12.328,-27.295,-15.553,14.342,1.1376,-25.029,-21.46,-25.025,-23.654,-29.044,-30.061,-19.392
-11.846,-26.97,-15.428,13.911,1.2616,-24.689,-20.716,-23.127,-22.526,-28.324,-29.052,-19.289
-10.976,-26.618,-15.306,13.308,1.6078,-24.298,-20.116,-21.382,-21.516,-27.791,-28.284,-19.146
-10.079,-26.238,-14.94,12.672,1.8492,-23.807,-19.643,-19.74,-20.588,-27.333,-27.686,-18.869
-9.4645,-25.81,-14.157,12.116,1.7251,-23.178,-19.279,-18.172,-19.723,-26.852,-27.159,-18.393
-9.3179,-25.32,-12.929,11.704,1.1284,-22.413,-19.006,-16.666,-18.908,-26.288,-26.615,-17.71
-9.6572,-24.78,-11.405,11.454,0.13818,-21.575,-18.81,-15.239,-18.132,-25.636,-26.017,-16.882
-10.341,-24.229,-9.873,11.343,-1.0106,-20.77,-18.682,-13.928,-17.381,-24.939,-25.379,-16.024
-11.114,-23.713,-8.6523,11.312,-2.0124,-20.118,-18.619,-12.792,-16.639,-24.274,-24.755,-15.273
-11.69,-23.257,-7.9783,11.274,-2.6,-19.69,-18.623,-11.904,-15.893,-23.715,-24.21,-14.738
-11.84,-22.841,-7.9157,11.141,-2.6317,-19.468,-18.686,-11.333,-15.134,-23.298,-23.777,-14.454
-11.46,-22.411,-8.3472,10.842,-2.1235,-19.354,-18.789,-11.118,-14.346,-22.999,-23.439,-14.368
-10.576,-21.91,-9.041,10.344,-1.2139,-19.216,-18.889,-11.225,-13.505,-22.731,-23.117,-14.351
-9.2918,-21.323,-9.7606,9.6585,-0.087562,-18.965,-18.931,-11.574,-12.579,-22.366,-22.698,-14.248
-7.7376,-20.699,-10.358,8.841,1.0973,-18.593,-18.856,-12.046,-11.537,-21.786,-22.068,-13.948
-6.0672,-20.131,-10.799,7.9757,2.2292,-18.18,-18.623,-12.514,-10.353,-20.918,-21.158,-13.431
-4.4664,-19.713,-11.121,7.1549,3.2261,-17.838,-18.219,-12.883,-9.0131,-19.773,-19.975,-12.784
-3.1431,-19.48,-11.338,6.4621,3.9984,-17.641,-17.651,-13.092,-7.5236,-18.439,-18.609,-12.163
-2.3058,-19.403,-11.383,5.9724,4.4141,-17.578,-16.925,-13.112,-5.8957,-17.038,-17.19,-11.721
-2.1436,-19.416,-11.118,5.7626,4.3045,-17.565,-16.018,-12.923,-4.1356,-15.663,-15.835,-11.535
-2.7886,-19.456,-10.425,5.9044,3.5414,-17.502,-14.874,-12.517,-2.2416,-14.334,-14.596,-11.572
-4.2445,-19.48,-9.3095,6.433,2.1435,-17.329,-13.419,-11.899,-0.20839,-12.998,-13.454,-11.709
-6.3198,-19.473,-7.9545,7.3088,0.32972,-17.055,-11.601,-11.108,1.9432,-11.564,-12.346,-11.796
-8.6371,-19.44,-6.6759,8.4074,-1.521,-16.751,-9.4131,-10.203,4.1713,-9.9503,-11.202,-11.713
-10.738,-19.398,-5.8035,9.5477,-2.9869,-16.511,-6.8895,-9.2363,6.4281,-8.1116,-9.9794,-11.409
-12.23,-19.363,-5.5373,10.54,-3.7557,-16.396,-4.087,-8.221,8.6823,-6.0543,-8.6733,-10.911
-12.893,-19.322,-5.8514,11.221,-3.7353,-16.38,-1.0609,-7.1101,10.931,-3.8333,-7.3242,-10.305
-12.693,-19.212,-6.5023,11.472,-3.0674,-16.35,2.1436,-5.8143,13.191,-1.5421,-6.0129,-9.7174
-11.748,-18.934,-7.1307,11.235,-2.0534,-16.142,5.4888,-4.2428,15.483,0.70615,-4.8424,-9.2748
-10.294,-18.384,-7.3919,10.524,-1.0503,-15.614,8.9427,-2.3376,17.82,2.8166,-3.8977,-9.0679
-8.6596,-17.505,-7.051,9.4309,-0.38135,-14.7,12.488,-0.080692,20.218,4.7554,-3.1954,-9.1169
-7.2091,-16.318,-6.0324,8.1203,-0.26879,-13.434,16.134,2.5166,22.716,6.5685,-2.6554,-9.3605
-6.2439,-14.926,-4.4284,6.7976,-0.78446,-11.944,19.917,5.4267,25.393,8.3578,-2.1237,-9.681
-5.9126,-13.465,-2.4591,5.6585,-1.834,-10.389,23.889,8.6118,28.354,10.227,-1.4347,-9.9593
-6.1635,-12.047,-0.39496,4.8256,-3.1875,-8.8917,28.104,12.031,31.716,12.231,-0.47988,-10.13
-6.7642,-10.695,1.5219,4.2996,-4.5475,-7.4783,32.617,15.66,35.592,14.351,0.75055,-10.204
-7.3862,-9.3331,3.1412,3.9639,-5.6333,-6.069,37.486,19.51,40.078,16.515,2.1704,-10.243
-7.733,-7.8322,4.4566,3.6532,-6.2665,-4.5142,42.788,23.65,45.238,18.644,3.6396,-10.314
-7.658,-6.1055,5.6229,3.247,-6.4334,-2.657,48.617,28.194,51.088,20.693,5.0221,-10.451
-7.2046,-4.1975,6.8942,2.7259,-6.292,-0.41892,55.072,33.243,57.567,22.659,6.2293,-10.642
-6.5527,-2.298,8.4814,2.1629,-6.1077,2.1199,62.206,38.82,64.497,24.57,7.2392,-10.852
-5.9346,-0.64882,10.437,1.6751,-6.1572,4.7259,69.99,44.837,71.61,26.467,8.0977,-11.023
-5.5896,0.59157,12.689,1.374,-6.6657,7.1463,78.33,51.13,78.637,28.387,8.9103,-11.074
-5.7515,1.4191,15.196,1.3377,-7.7982,9.2678,87.123,57.547,85.4,30.362,9.8158,-10.902
-6.6176,1.9565,18.042,1.6054,-9.6702,11.153,96.283,64.012,91.839,32.413,10.935,-10.407
-8.294,2.3708,21.361,2.1833,-12.335,12.951,105.71,70.529,97.959,34.526,12.311,-9.5479
-10.747,2.794,25.18,3.0454,-15.722,14.772,115.25,77.119,103.77,36.643,13.869,-8.3833
-13.779,3.2881,29.311,4.1264,-19.583,16.628,124.7,83.769,109.26,38.665,15.443,-7.0768
-17.048,3.8541,33.384,5.3212,-23.498,18.439,133.9,90.407,114.42,40.499,16.832,-5.8435
-20.136,4.4568,36.969,6.4985,-26.984,20.086,142.76,96.93,119.22,42.094,17.89,-4.8708
-22.645,5.0474,39.719,7.5237,-29.649,21.467,151.26,103.24,123.65,43.458,18.576,-4.2446
-24.281,5.5845,41.457,8.2737,-31.29,22.523,159.4,109.25,127.67,44.64,18.961,-3.9187
-24.884,6.0646,42.18,8.6421,-31.902,23.257,167.13,114.92,131.18,45.693,19.178,-3.7444
-24.416,6.5455,42.021,8.5458,-31.597,23.743,174.32,120.21,134.1,46.645,19.364,-3.5466
-22.944,7.1396,41.205,7.9424,-30.541,24.108,180.8,125.09,136.39,47.493,19.604,-3.2038
-20.658,7.9671,40.024,6.855,-28.941,24.492,186.46,129.56,138.04,48.207,19.919,-2.6923
-17.885,9.0925,38.788,5.3924,-27.064,25.003,191.29,133.65,139.14,48.746,20.269,-2.0846
-15.029,10.485,37.768,3.7461,-25.211,25.679,195.36,137.38,139.75,49.066,20.566,-1.5153
-12.479,12.032,37.112,2.1487,-23.635,26.476,198.79,140.7,139.95,49.122,20.704,-1.1328
-10.501,13.593,36.819,0.80256,-22.46,27.302,201.7,143.54,139.81,48.88,20.588,-1.0471
-9.2052,15.063,36.781,-0.18272,-21.682,28.077,204.16,145.81,139.37,48.334,20.174,-1.2793
-8.57,16.401,36.931,-0.80574,-21.267,28.796,206.25,147.46,138.66,47.53,19.501,-1.7314
-8.5166,17.633,37.37,-1.141,-21.27,29.554,208.03,148.52,137.73,46.559,18.696,-2.2018
-8.971,18.826,38.33,-1.2875,-21.87,30.503,209.53,149.09,136.63,45.536,17.928,-2.4592
-9.875,20.035,40.021,-1.3271,-23.249,31.764,210.77,149.28,135.4,44.548,17.337,-2.3464
-11.155,21.256,42.469,-1.3032,-25.438,33.343,211.76,149.14,134.02,43.617,16.97,-1.8528
-12.702,22.404,45.471,-1.2157,-28.249,35.115,212.48,148.66,132.45,42.684,16.766,-1.1099
-14.383,23.343,48.658,-1.0279,-31.33,36.869,212.91,147.8,130.61,41.647,16.593,-0.31867
-16.082,23.934,51.626,-0.68511,-34.306,38.38,213.08,146.54,128.42,40.408,16.313,0.34395
-17.719,24.091,54.05,-0.13848,-36.897,39.469,213.05,144.89,125.82,38.918,15.838,0.79034
-19.253,23.801,55.753,0.62913,-38.96,40.041,212.85,142.87,122.8,37.19,15.163,1.0406
-20.667,23.137,56.719,1.5853,-40.471,40.085,212.52,140.5,119.39,35.29,14.366,1.2012
-21.958,22.228,57.039,2.6494,-41.469,39.67,212.02,137.79,115.66,33.313,13.582,1.4211
-23.11,21.21,56.847,3.7135,-42.014,38.914,211.29,134.72,111.67,31.363,12.953,1.8412
-24.064,20.166,56.25,4.669,-42.151,37.937,210.28,131.27,107.49,29.515,12.578,2.5455
-24.707,19.105,55.273,5.423,-41.892,36.819,208.91,127.41,103.15,27.79,12.479,3.5258
-24.858,17.984,53.829,5.9028,-41.164,35.584,207.12,123.09,98.614,26.133,12.574,4.6753
-24.302,16.767,51.77,6.055,-39.786,34.212,204.81,118.24,93.814,24.43,12.705,5.8187
-22.871,15.466,49.013,5.8523,-37.562,32.682,201.89,112.78,88.685,22.559,12.696,6.775
-20.551,14.15,45.636,5.3055,-34.427,30.999,198.22,106.65,83.198,20.455,12.433,7.4308
-17.558,12.925,41.868,4.4768,-30.566,29.222,193.71,99.9,77.402,18.155,11.924,7.7934
-14.322,11.904,38.042,3.4866,-26.41,27.466,188.27,92.643,71.417,15.794,11.303,7.99
-11.382,11.165,34.548,2.5041,-22.532,25.877,181.85,85.026,65.381,13.545,10.773,8.2122
-9.2546,10.705,31.765,1.7156,-19.468,24.566,174.49,77.171,59.379,11.544,10.513,8.6374
-8.289,10.434,29.942,1.2725,-17.578,23.559,166.25,69.143,53.436,9.8287,10.605,9.3644
-8.5514,10.208,29.106,1.2357,-16.947,22.785,157.21,60.989,47.578,8.3401,11.008,10.382
-9.7862,9.898,29.043,1.5388,-17.354,22.116,147.41,52.776,41.899,6.9531,11.579,11.572
-11.479,9.4515,29.345,1.9928,-18.327,21.412,136.84,44.59,36.554,5.5272,12.135,12.751
-12.999,8.9048,29.51,2.3463,-19.25,20.556,125.5,36.507,31.671,3.9509,12.505,13.715
-13.781,8.3513,29.078,2.385,-19.546,19.467,113.44,28.563,27.286,2.1811,12.596,14.32
-13.515,7.8767,27.79,2.0246,-18.881,18.129,100.81,20.77,23.354,0.26895,12.419,14.533
-12.255,7.4988,25.678,1.35,-17.287,16.594,87.922,13.151,19.788,-1.6487,12.084,14.459
-10.374,7.1469,22.996,0.57755,-15.097,14.941,75.139,5.7421,16.492,-3.4096,11.741,14.29
-8.3694,6.6967,20.021,-0.040561,-12.72,13.211,62.8,-1.426,13.365,-4.9136,11.49,14.217
-6.6267,6.0377,16.886,-0.32463,-10.428,11.369,51.099,-8.3521,10.31,-6.1799,11.315,14.34
-5.2846,5.1261,13.572,-0.24049,-8.2873,9.3294,40.09,-15.06,7.2418,-7.3354,11.08,14.634
-4.2218,3.9917,10.02,0.091833,-6.2142,7.0157,29.769,-21.576,4.1007,-8.5493,10.585,14.98
-3.1497,2.7017,6.2432,0.45396,-4.074,4.3983,20.13,-27.91,0.86766,-9.9582,9.6507,15.228
-1.7628,1.3152,2.362,0.61893,-1.7702,1.5129,11.195,-34.045,-2.4354,-11.617,8.1912,15.258
0.11113,-0.13487,-1.4181,0.43154,0.70186,-1.5261,2.9916,-39.942,-5.7503,-13.484,6.2548,15.018
2.4239,-1.6281,-4.8662,-0.14942,3.2532,-4.5259,-4.4621,-45.554,-8.994,-15.442,4.0208,14.547
4.9338,-3.1367,-7.8003,-1.0471,5.732,-7.2701,-11.179,-50.833,-12.079,-17.335,1.7465,13.963
7.3307,-4.6291,-10.161,-2.0874,7.9735,-9.6168,-17.208,-55.748,-14.943,-19.024,-0.31878,13.418
9.3592,-6.0902,-12.046,-3.0432,9.8667,-11.562,-22.626,-60.288,-17.566,-20.435,-2.0215,13.038
10.872,-7.5254,-13.672,-3.6955,11.409,-13.215,-27.527,-64.465,-19.982,-21.587,-3.3533,12.861
11.83,-8.9408,-15.282,-3.8931,12.692,-14.725,-32.023,-68.311,-22.262,-22.587,-4.4402,12.82
12.28,-10.33,-17.036,-3.5886,13.835,-16.205,-36.222,-71.86,-24.479,-23.584,-5.4756,12.77
12.299,-11.678,-18.935,-2.8372,14.886,-17.694,-40.215,-75.133,-26.67,-24.698,-6.6251,12.553
11.937,-12.962,-20.791,-1.766,15.772,-19.14,-44.053,-78.106,-28.807,-25.961,-7.9434,12.065
11.189,-14.154,-22.284,-0.53248,16.312,-20.413,-47.743,-80.727,-30.811,-27.311,-9.3508,11.295
10.049,-15.218,-23.097,0.70108,16.31,-21.372,-51.267,-82.941,-32.605,-28.642,-10.685,10.322
8.604,-16.125,-23.069,1.7797,15.696,-21.935,-54.611,-84.747,-34.169,-29.873,-11.8,9.2588
7.0863,-16.858,-22.289,2.5695,14.604,-22.133,-57.788,-86.221,-35.563,-31.001,-12.649,8.1728
5.8374,-17.43,-21.088,2.984,13.357,-22.107,-60.839,-87.488,-36.901,-32.091,-13.306,7.0538
5.1688,-17.892,-19.916,3.0162,12.343,-22.052,-63.809,-88.65,-38.279,-33.223,-13.914,5.8406
5.2101,-18.32,-19.16,2.7523,11.846,-22.134,-66.704,-89.715,-39.722,-34.44,-14.61,4.4776
5.8398,-18.781,-19.037,2.3515,11.973,-22.434,-69.466,-90.575,-41.165,-35.718,-15.471,2.9542
6.7433,-19.308,-19.591,1.9922,12.679,-22.938,-71.972,-91.039,-42.491,-36.987,-16.508,1.308
7.5712,-19.875,-20.731,1.8019,13.811,-23.56,-74.083,-90.918,-43.585,-38.163,-17.677,-0.39313
8.141,-20.409,-22.253,1.8016,15.156,-24.182,-75.704,-90.12,-44.386,-39.181,-18.904,-2.0717
8.5458,-20.823,-23.921,1.9004,16.561,-24.701,-76.834,-88.685,-44.9,-40.01,-20.111,-3.6558
9.0314,-21.058,-25.559,1.9521,17.972,-25.069,-77.569,-86.771,-45.196,-40.66,-21.24,-5.0814
9.7631,-21.117,-27.047,1.8483,19.337,-25.298,-78.052,-84.579,-45.377,-41.175,-22.242,-6.285
10.695,-21.064,-28.261,1.5936,20.535,-25.425,-78.406,-82.278,-45.542,-41.607,-23.049,-7.2001
11.541,-20.992,-28.999,1.3162,21.338,-25.466,-78.689,-79.961,-45.751,-41.999,-23.573,-7.7728
11.828,-20.971,-28.967,1.2156,21.379,-25.387,-78.894,-77.635,-46.001,-42.356,-23.729,-7.9887
11.048,-21.015,-27.873,1.4827,20.256,-25.112,-78.972,-75.245,-46.246,-42.658,-23.476,-7.891
8.8919,-21.089,-25.59,2.2282,17.748,-24.58,-78.879,-72.716,-46.421,-42.873,-22.845,-7.5807
5.4453,-21.144,-22.281,3.4347,13.998,-23.787,-78.606,-69.996,-46.486,-42.992,-21.945,-7.1994
1.2102,-21.15,-18.404,4.9412,9.5248,-22.819,-78.192,-67.088,-46.444,-43.046,-20.956,-6.8979
-3.0351,-21.112,-14.623,6.4686,5.1153,-21.835,-77.709,-64.052,-46.338,-43.104,-20.1,-6.795
-6.4461,-21.061,-11.645,7.6887,1.6256,-21.03,-77.228,-60.986,-46.233,-43.247,-19.596,-6.944
-8.3331,-21.031,-10.038,8.3195,-0.25543,-20.57,-76.788,-57.987,-46.184,-43.528,-19.598,-7.3193
-8.3499,-21.036,-10.07,8.2148,-0.1922,-20.527,-76.361,-55.112,-46.214,-43.941,-20.133,-7.8286
-6.5706,-21.058,-11.634,7.4124,1.71,-20.847,-75.857,-52.352,-46.297,-44.414,-21.089,-8.3488
-3.4497,-21.066,-14.279,6.1247,4.9496,-21.375,-75.146,-49.646,-46.369,-44.839,-22.27,-8.7821
0.26784,-21.039,-17.349,4.6722,8.7724,-21.935,-74.119,-46.916,-46.361,-45.134,-23.487,-9.1137
3.7576,-20.991,-20.188,3.3854,12.375,-22.404,-72.747,-44.119,-46.228,-45.273,-24.632,-9.4356
6.4159,-20.971,-22.38,2.5056,15.173,-22.763,-71.101,-41.264,-45.968,-45.302,-25.694,-9.9056
7.99,-21.041,-23.85,2.1271,16.942,-23.08,-69.304,-38.397,-45.616,-45.301,-26.717,-10.652
8.5202,-21.238,-24.737,2.2037,17.741,-23.443,-67.468,-35.557,-45.206,-45.333,-27.722,-11.681
8.2182,-21.545,-25.159,2.6055,17.734,-23.865,-65.636,-32.753,-44.743,-45.403,-28.653,-12.851
7.3243,-21.876,-25.103,3.1841,17.062,-24.254,-63.776,-29.963,-44.189,-45.448,-29.366,-13.903
6.024,-22.115,-24.496,3.8107,15.828,-24.474,-61.81,-27.154,-43.485,-45.357,-29.682,-14.553
4.4675,-22.158,-23.332,4.3871,14.136,-24.424,-59.658,-24.308,-42.583,-45.025,-29.443,-14.58
2.8194,-21.942,-21.729,4.8468,12.144,-24.074,-57.266,-21.433,-41.451,-44.387,-28.556,-13.902
1.2592,-21.448,-19.902,5.157,10.068,-23.459,-54.609,-18.553,-40.081,-43.429,-27.031,-12.582
-0.051048,-20.69,-18.102,5.3193,8.1589,-22.645,-51.689,-15.698,-38.48,-42.187,-24.987,-10.792
-0.99352,-19.699,-16.549,5.3512,6.6387,-21.699,-48.529,-12.888,-36.669,-40.725,-22.631,-8.7462
-1.5035,-18.491,-15.367,5.2449,5.6414,-20.649,-45.173,-10.146,-34.681,-39.115,-20.206,-6.6443
-1.5478,-17.046,-14.552,4.9348,5.1901,-19.479,-41.676,-7.4986,-32.557,-37.42,-17.916,-4.6311
-1.0894,-15.288,-13.968,4.3065,5.2129,-18.116,-38.097,-4.9843,-30.333,-35.673,-15.868,-2.7448
-0.091827,-13.097,-13.379,3.2362,5.565,-16.449,-34.49,-2.6272,-28.035,-33.871,-14.033,-0.88564
1.4313,-10.349,-12.507,1.6359,6.049,-14.335,-30.899,-0.41801,-25.67,-31.975,-12.258,1.1511
3.3756,-6.9669,-11.112,-0.51596,6.4488,-11.646,-27.369,1.6945,-23.23,-29.922,-10.334,3.5745
5.5478,-2.9697,-9.0676,-3.1716,6.5789,-8.3246,-23.962,3.7851,-20.71,-27.657,-8.0923,6.4814
7.7008,1.5001,-6.4136,-6.2368,6.3294,-4.4444,-20.761,5.9162,-18.12,-25.153,-5.496,9.7821
9.5868,6.2046,-3.3378,-9.5981,5.6844,-0.21421,-17.871,8.1045,-15.502,-22.429,-2.6636,13.219
11.019,10.893,-0.10648,-13.127,4.717,4.0932,-15.391,10.305,-12.914,-19.543,0.18666,16.479
11.933,15.382,3.0216,-16.675,3.5695,8.2399,-13.396,12.416,-10.418,-16.575,2.8472,19.321
12.423,19.578,5.8477,-20.137,2.4281,12.081,-11.92,14.3,-8.0704,-13.599,5.2235,21.651
12.743,23.472,8.2531,-23.543,1.4906,15.57,-10.956,15.823,-5.9098,-10.659,7.3756,23.527
13.225,27.14,10.213,-27.09,0.92044,18.731,-10.466,16.898,-3.9488,-7.7511,9.478,25.125
14.14,30.738,11.811,-31,0.79184,21.618,-10.399,17.516,-2.1768,-4.8377,11.727,26.678
15.568,34.418,13.223,-35.308,1.0537,24.261,-10.711,17.744,-0.57294,-1.8737,14.255,28.374
17.36,38.193,14.631,-39.755,1.5484,26.654,-11.38,17.689,0.87638,1.1554,17.086,30.265
19.21,41.832,16.104,-43.896,2.0877,28.745,-12.418,17.446,2.1656,4.2085,20.119,32.245
20.83,44.944,17.523,-47.303,2.5443,30.445,-13.859,17.07,3.2724,7.1893,23.158,34.101
22.093,47.198,18.598,-49.751,2.9073,31.646,-15.739,16.565,4.172,9.9739,25.955,35.617
23.07,48.501,19.003,-51.314,3.2606,32.263,-18.066,15.91,4.8522,12.454,28.283,36.648
23.956,49.025,18.559,-52.313,3.6902,32.286,-20.792,15.083,5.3202,14.576,29.995,37.173
24.977,49.106,17.367,-53.116,4.1895,31.806,-23.816,14.102,5.6029,16.365,31.059,37.285
26.272,49.107,15.794,-53.907,4.6524,31.008,-27,13.035,5.7414,17.916,31.553,37.153
27.78,49.296,14.271,-54.666,4.9713,30.119,-30.207,11.983,5.7855,19.354,31.632,36.936
29.306,49.774,13.033,-55.323,5.1744,29.318,-33.32,11.044,5.7848,20.788,31.479,36.721
30.791,50.466,11.988,-55.87,5.4774,28.649,-36.262,10.285,5.7797,22.263,31.262,36.511
32.463,51.167,10.784,-56.364,6.1939,28.01,-38.989,9.7192,5.7944,23.753,31.119,36.277
34.761,51.653,9.0029,-56.906,7.6313,27.224,-41.476,9.3227,5.8341,25.188,31.142,36.001
38.121,51.794,6.3559,-57.633,9.9916,26.144,-43.697,9.0569,5.892,26.497,31.382,35.685
42.727,51.608,2.8356,-58.698,13.249,24.726,-45.619,8.9022,5.9638,27.659,31.851,35.357
48.333,51.231,-1.2036,-60.199,17.095,23.047,-47.19,8.88,6.0649,28.716,32.553,35.095
54.254,50.842,-5.1108,-62.109,20.996,21.282,-48.35,9.0526,6.2356,29.76,33.513,35.059
59.595,50.58,-8.175,-64.243,24.342,19.647,-49.048,9.4954,6.5257,30.891,34.772,35.454
63.656,50.481,-9.9305,-66.316,26.628,18.323,-49.261,10.246,6.9626,32.18,36.352,36.459
66.215,50.444,-10.365,-68.055,27.66,17.357,-49.015,11.256,7.5248,33.634,38.208,38.185
67.545,50.263,-9.9312,-69.308,27.672,16.603,-48.381,12.386,8.1389,35.184,40.204,40.64
68.259,49.704,-9.3756,-70.1,27.242,15.743,-47.461,13.435,8.7057,36.712,42.13,43.655
69.075,48.603,-9.4601,-70.6,27.075,14.446,-46.353,14.214,9.1365,38.082,43.746,46.813
70.509,46.928,-10.663,-71.009,27.729,12.546,-45.13,14.603,9.3787,39.182,44.84,49.516
72.525,44.76,-12.985,-71.381,29.348,10.159,-43.832,14.575,9.4186,39.931,45.278,51.214
74.451,42.229,-15.949,-71.463,31.569,7.6304,-42.465,14.181,9.2599,40.279,45.032,51.597
75.333,39.436,-18.82,-70.699,33.707,5.3573,-41.021,13.504,8.8934,40.193,44.171,50.602
74.412,36.411,-20.896,-68.585,35.08,3.5886,-39.488,12.595,8.2777,39.655,42.82,48.292
71.374,33.129,-21.742,-65.058,35.209,2.3192,-37.874,11.447,7.3425,38.661,41.089,44.758
66.317,29.555,-21.291,-60.343,33.872,1.319,-36.207,10.002,6.0158,37.233,39.016,40.136
59.619,25.691,-19.795,-54.569,31.132,0.26796,-34.528,8.1859,4.2575,35.415,36.552,34.708
51.799,21.587,-17.657,-47.731,27.309,-1.0759,-32.874,5.957,2.0842,33.262,33.627,28.907
43.28,17.329,-15.233,-39.857,22.821,-2.7542,-31.268,3.3279,-0.42497,30.816,30.219,23.185
34.29,13.021,-12.747,-31.186,18.011,-4.5956,-29.719,0.36137,-3.1409,28.123,26.395,17.91
24.997,8.7682,-10.315,-22.276,13.116,-6.3324,-28.226,-2.853,-5.9101,25.258,22.289,13.332
15.696,4.6542,-8.0055,-13.929,8.3432,-7.7641,-26.794,-6.2308,-8.5904,22.347,18.075,9.5575
6.911,0.72438,-5.8913,-6.895,3.9899,-8.8435,-25.439,-9.7172,-11.089,19.555,13.952,6.5139
-0.62127,-3.0029,-4.0859,-1.5555,0.41112,-9.659,-24.202,-13.289,-13.382,17.035,10.13,4.0069
-6.2388,-6.5028,-2.7415,2.1454,-2.1898,-10.37,-23.14,-16.935,-15.511,14.864,6.7976,1.8755
-9.7279,-9.714,-2.0123,4.5045,-3.8075,-11.137,-22.308,-20.628,-17.544,13.031,4.0848,0.069275
-11.351,-12.55,-1.9705,5.8762,-4.5113,-12.059,-21.729,-24.307,-19.534,11.45,2.0423,-1.4063
-11.655,-14.954,-2.5254,6.6346,-4.4693,-13.146,-21.378,-27.877,-21.473,10.022,0.64701,-2.5643
-11.337,-16.942,-3.4264,7.1593,-4.0359,-14.33,-21.183,-31.226,-23.287,8.6754,-0.17947,-3.4608
-11.087,-18.601,-4.3655,7.7722,-3.655,-15.519,-21.054,-34.249,-24.865,7.3984,-0.54838,-4.1842
-11.378,-20.041,-5.1211,8.6691,-3.6425,-16.64,-20.918,-36.879,-26.111,6.2395,-0.58247,-4.8361
-12.309,-21.34,-5.6659,9.8699,-4.0307,-17.678,-20.737,-39.102,-26.986,5.2879,-0.39802,-5.5055
-13.587,-22.522,-6.1781,11.211,-4.5554,-18.662,-20.525,-40.973,-27.526,4.6371,-0.096462,-6.2433
-14.663,-23.562,-6.9452,12.406,-4.7834,-19.641,-20.33,-42.59,-27.816,4.3413,0.23308,-7.0523
-14.996,-24.414,-8.2087,13.169,-4.3244,-20.642,-20.216,-44.07,-27.964,4.3826,0.50791,-7.8929
-14.291,-25.041,-10.021,13.334,-3.0224,-21.64,-20.224,-45.5,-28.059,4.6665,0.65051,-8.6986
-12.631,-25.439,-12.189,12.929,-1.0371,-22.563,-20.353,-46.929,-28.156,5.0524,0.59299,-9.3933
-10.448,-25.645,-14.326,12.166,1.2014,-23.315,-20.558,-48.368,-28.279,5.4018,0.2857,-9.9077
-8.3659,-25.73,-15.99,11.361,3.1376,-23.817,-20.782,-49.825,-28.448,5.6222,-0.29266,-10.191
-6.9712,-25.775,-16.837,10.816,4.2752,-24.035,-20.988,-51.324,-28.688,5.6878,-1.1309,-10.22
-6.6365,-25.834,-16.709,10.709,4.3237,-23.984,-21.184,-52.907,-29.034,5.6265,-2.1949,-10.003
-7.4358,-25.917,-15.659,11.041,3.2667,-23.712,-21.409,-54.613,-29.516,5.4873,-3.4459,-9.5868
-9.1519,-25.991,-13.914,11.66,1.3579,-23.287,-21.727,-56.46,-30.149,5.3036,-4.8597,-9.051
-11.364,-26.007,-11.82,12.339,-0.96865,-22.785,-22.192,-58.433,-30.921,5.0806,-6.4225,-8.4802
-13.594,-25.928,-9.7483,12.878,-3.2381,-22.281,-22.815,-60.462,-31.783,4.8062,-8.1115,-7.9309
-15.442,-25.757,-8.0237,13.174,-5.0691,-21.839,-23.56,-62.442,-32.663,4.4799,-9.8704,-7.4122
-16.677,-25.534,-6.8567,13.249,-6.2575,-21.514,-24.34,-64.215,-33.456,4.1468,-11.594,-6.8936
-17.26,-25.329,-6.3244,13.195,-6.782,-21.341,-25.03,-65.555,-34.023,3.9145,-13.137,-6.3312
-17.284,-25.199,-6.3994,13.101,-6.7287,-21.333,-25.458,-66.162,-34.185,3.9397,-14.34,-5.7064
-16.847,-25.145,-6.9975,12.993,-6.1873,-21.465,-25.4,-65.681,-33.727,4.392,-15.068,-5.0513
-15.986,-25.102,-8.0054,12.808,-5.1956,-21.674,-24.562,-63.754,-32.384,5.4161,-15.234,-4.4443
-14.673,-24.959,-9.2979,12.421,-3.7568,-21.875,-22.559,-60.146,-29.861,7.1116,-14.787,-3.9713
-12.866,-24.607,-10.762,11.701,-1.8972,-21.993,-18.935,-55.085,-26.012,9.5195,-13.69,-3.6688
-10.572,-23.962,-12.304,10.568,0.29889,-21.981,-13.531,-50.443,-21.618,12.576,-11.891,-3.4723
-7.8804,-22.973,-13.833,9.028,2.6929,-21.814,-8.5115,-51.326,-20.107,15.98,-9.3181,-3.1945
-4.9514,-21.598,-15.223,7.1589,5.1021,-21.462,-10.3,-57.844,-25.411,18.92,-5.9708,-2.5447
-1.9677,-19.758,-16.295,5.06,7.2916,-20.862,-16.952,-60.072,-31.573,19.648,-2.2662,-1.2193
0.94644,-17.293,-16.821,2.7625,8.9948,-19.897,-18.603,-54.318,-31.569,16.037,-0.049462,0.75141
3.8151,-13.95,-16.583,0.11039,9.9993,-18.396,-12.848,-39.655,-24.429,10.872,-3.2159,1.5753
6.7542,-9.454,-15.469,-3.215,10.248,-16.136,0.76448,-18.793,-9.3341,12.651,-6.345,-1.932
9.0516,-3.7041,-13.556,-6.476,9.8235,-12.851,21.621,18.275,14.218,23,-2.5839,-2.1729
8.0619,2.9429,-11.13,-8.4356,8.763,-8.27,50.437,79.724,45.604,39.786,4.7873,1.3167
5.6406,9.4082,-8.6575,-11.467,6.7225,-2.2885,95.863,148.02,83.763,62.768,16.55,7.1893
6.2092,15.788,-6.703,-16.013,2.543,4.6771,154.82,211.99,125.31,92.01,34.636,16.551
10.044,23.27,-5.7727,-21.943,-2.5148,11.559,214.54,257.54,163.39,125.53,60.13,30.6
17.974,30.862,-6.1317,-29.949,-0.65031,17.245,262.22,270.2,189.98,159.93,92.719,50.068
31.348,38.453,-7.6549,-40.933,8.7823,21.482,285.07,239.58,199.07,192.64,130.74,74.751
50.859,47.461,-9.8496,-55.742,23.882,25.065,275.5,163.02,188.73,222.79,172.69,103.44
76.713,60.453,-12.985,-75.358,43.134,29.381,232.9,46.666,160.24,251.58,219.58,135.79
108.76,80.592,-20.595,-100.6,64.563,35.743,161.76,-98.577,117.46,282.48,274.82,173.83
146.47,110.29,-26.129,-132.26,87.056,44.456,67.416,-258.44,68.169,320.59,342.04,220.27
189.56,149.79,-27.86,-171.24,110.93,54.653,-47.295,-416.61,21.339,371.67,424.82,277.24
238.08,197.1,-28.372,-217.35,136.74,66.284,-183.28,-566.66,-17.289,440.82,527.28,345.7
291.7,249.1,-31.086,-269.07,165.21,84.209,-344.24,-707.98,-46.968,530.02,650.44,424.2
350.06,302.22,-40.75,-324.41,198.72,118.21,-534.53,-843.18,-70.927,636.1,790.55,509.7
413.81,352.62,-62.362,-381.63,240.35,143.71,-755.74,-977.26,-94.035,751.08,941.81,598.25
483.39,395.95,-98.129,-439.37,290.68,147.01,-1003,-1115.7,-121.36,864.33,1095.6,684.82
557.82,429.01,-145.54,-495.48,348.66,138.19,-1264,-1261.2,-157.47,965.82,1241.2,764.3
634.79,450.88,-201.01,-546.31,413.26,119.27,-1521.1,-1410.5,-205.22,1046.9,1367,831.96
710.29,461.78,-263.11,-588.73,481.98,92.215,-1755.8,-1553.5,-263.22,1101.6,1462.9,883.64
779.55,461.85,-329.86,-621.43,550.87,59.1,-1950.8,-1675.6,-324.95,1126.9,1521.4,915.68
838.44,450.82,-397.94,-643.73,615.7,20.909,-2093.2,-1761,-382.05,1122.3,1538.5,925.02
883.55,427.43,-464.92,-654.53,672.88,-23.205,-2175.6,-1798.4,-429.32,1089.4,1514,910.03
911.97,388.96,-529.88,-651.08,720.17,-74.707,-2197.5,-1784.8,-465.38,1030.5,1451.4,871.32
919.99,331.94,-591.65,-629.17,755.27,-134.24,-2163.7,-1728.1,-489.75,947.54,1355.8,811.17
903.26,254.18,-647.86,-584.73,775.03,-201.06,-2083,-1645.2,-507.87,839.57,1231.9,732.49
859.04,156.89,-695.24,-515.87,776.49,-272.57,-1965.2,-1556,-535.78,703.08,1081.4,638.24
787.85,45.991,-730.13,-425.02,758.17,-344.04,-1820.1,-1477.3,-583.64,534.11,904.65,531.7
693.75,-68.27,-748.25,-319.44,720.05,-408.6,-1655.9,-1417.3,-652.45,333.09,703.26,417.1
584.23,-173.46,-744.99,-209.88,663.63,-458.22,-1480,-1373.8,-735.5,109.6,484.15,300.53
469.33,-257.96,-717.4,-108.25,592.75,-485.75,-1299.2,-1335.6,-818.56,-116.17,261.66,189.97
359.39,-313.78,-666.11,-24.381,513.22,-487.36,-1120.8,-1288,-883.05,-317.21,55.771,93.85
262.37,-338.16,-595.29,36.674,430.96,-463.76,-951.79,-1221.4,-912.14,-467.99,-112.94,18.932
182.99,-333.7,-512.16,74.801,351.67,-419.89,-797.73,-1133.5,-896.89,-553.2,-229.92,-31.102
122.67,-307.15,-425.84,93.035,280.21,-363.48,-661.64,-1025.9,-839.08,-572.33,-291.86,-58.148
79.963,-267.32,-344.46,95.808,219.16,-302.93,-544.75,-903.83,-749.18,-538.04,-306.82,-68.49
51.016,-222.7,-272.88,88.127,168.67,-245.29,-446.23,-775.82,-641.77,-470.37,-288.98,-68.8
31.2,-179.74,-212.55,75.274,126.65,-195.07,-363.37,-650.76,-531.05,-390.13,-252.72,-64.933
16.752,-142.53,-162.53,62.165,91.747,-153.9,-292.89,-535.22,-427.97,-313.6,-211.75,-60.852
4.8872,-113.12,-121.37,51.844,63.882,-121.01,-232.51,-433.55,-338.92,-249.8,-175.96,-58.137
-5.5836,-91.953,-87.383,35.45,41.576,-94.373,-181.53,-348.32,-266.19,-201.19,-148.74,-56.778
-14.119,-77.247,-59.018,26.726,23.654,-72.441,-140.15,-280.27,-209.62,-165.58,-128.9,-45.066
-16.483,-66.054,-37.004,26.597,9.8457,-54.818,-108.31,-228.25,-167.55,-138.58,-113.06,-34.318
-12.381,-56.538,-21.784,25.615,-0.27683,-41.551,-84.943,-189.59,-136.96,-117.19,-98.177,-33.087
-14.692,-48.156,-12.034,23.186,-6.9025,-32.158,-68.364,-160.64,-114.37,-98.696,-86.277,-32.297
-16.658,-41.168,-6.743,20.359,-9.4257,-25.981,-56.893,-137.78,-96.829,-81.714,-76.42,-31.115
-17.57,-35.281,-5.3197,18.031,-7.5226,-22.824,-49.355,-118.4,-82.337,-67.307,-66.976,-29.83
-17.995,-29.698,-6.2992,16.461,-6.2724,-22.176,-43.745,-101.15,-69.747,-56.773,-58.631,-28.638
-18.332,-26.031,-5.4831,15.517,-6.9236,-20.706,-36.526,-86.217,-58.482,-50.8,-52.755,-27.574
-18.674,-23.609,-3.2939,14.908,-8.1872,-18.509,-29.719,-76.874,-48.701,-47.021,-47.883,-26.572
-18.831,-21.512,-1.0433,14.274,-9.4768,-16.318,-24.45,-73.479,-43.03,-42.42,-43.34,-25.496
-18.489,-19.443,1.0737,13.279,-10.458,-14.124,-20.604,-69.241,-40.428,-37.866,-39.535,-24.192
-17.403,-17.376,2.7667,11.735,-10.838,-12.079,-17.958,-64.445,-37.586,-33.998,-36.184,-22.583
-15.543,-15.409,3.763,9.6773,-10.447,-10.436,-16.272,-60.448,-34.812,-30.835,-32.942,-20.727
-13.127,-13.701,3.9745,7.3685,-9.3384,-9.36,-15.287,-57.421,-32.475,-28.256,-29.745,-18.825
-10.553,-12.412,3.4975,5.2005,-7.7519,-8.8581,-14.731,-55.127,-30.567,-26.145,-26.822,-17.162
-8.2427,-11.622,2.5484,3.535,-6.0144,-8.7987,-14.357,-53.283,-28.937,-24.439,-24.559,-16.006
-6.4816,-11.269,1.399,2.5637,-4.4241,-8.9622,-13.976,-51.672,-27.446,-23.106,-23.3,-15.54
-5.3492,-11.149,0.2937,2.2501,-3.1524,-9.1138,-13.48,-50.178,-26.01,-22.113,-23.208,-15.795
-4.7515,-11,-0.62441,2.376,-2.2042,-9.0849,-12.841,-48.77,-24.617,-21.396,-24.221,-16.642
-4.514,-10.618,-1.3404,2.6758,-1.4685,-8.8292,-12.103,-47.472,-23.314,-20.873,-26.075,-17.81
-4.4959,-9.9495,-1.9076,2.9739,-0.85205,-8.424,-11.364,-46.331,-22.183,-20.48,-28.358,-18.968
-4.6914,-9.1055,-2.3216,3.25,-0.41325,-8.0041,-10.725,-45.396,-21.315,-20.208,-30.619,-19.821
-5.2524,-8.2944,-2.4334,3.5999,-0.39767,-7.6612,-10.262,-44.693,-20.783,-20.096,-32.497,-20.209
-6.3811,-7.69,-1.9929,4.1267,-1.1066,-7.382,-9.9929,-44.207,-20.614,-20.206,-33.817,-20.149
-8.1489,-7.334,-0.808,4.8395,-2.6808,-7.0667,-9.8661,-43.868,-20.766,-20.578,-34.591,-19.823
-10.373,-7.1341,1.1045,5.6206,-4.9615,-6.6084,-9.7652,-43.557,-21.121,-21.174,-34.95,-19.468
-12.639,-6.945,3.4732,6.2617,-7.5126,-5.9684,-9.5287,-43.114,-21.493,-21.888,-35.074,-19.26
-14.416,-6.6724,5.8533,6.5399,-9.7522,-5.2013,-8.9827,-42.374,-21.666,-22.561,-35.147,-19.263
-15.216,-6.3211,7.7734,6.3083,-11.132,-4.4177,-7.9829,-41.202,-21.448,-23.014,-35.339,-19.491
-14.745,-5.9693,8.9083,5.5549,-11.322,-3.7125,-6.4562,-39.529,-20.732,-23.114,-35.78,-19.897
-12.997,-5.6996,9.2019,4.4132,-10.336,-3.1149,-4.4295,-37.38,-19.53,-22.802,-36.485,-20.357
-10.283,-5.5616,8.8436,3.1247,-8.4875,-2.6081,-2.034,-34.855,-17.956,-22.098,-37.284,-20.731
-7.2091,-5.5791,8.0986,1.9731,-6.2687,-2.1976,0.53134,-32.097,-16.181,-21.085,-37.876,-20.933
-4.5473,-5.7765,7.1739,1.22,-4.2136,-1.9543,3.028,-29.257,-14.375,-19.882,-38.014,-20.921
-3.0009,-6.1793,6.2463,1.0478,-2.8169,-1.9797,5.2566,-26.465,-12.684,-18.608,-37.615,-20.661
-3.0397,-6.785,5.5437,1.5467,-2.4923,-2.3211,7.1152,-23.805,-11.182,-17.353,-36.734,-20.148
-4.8393,-7.5486,5.3527,2.7182,-3.5195,-2.9182,8.6117,-21.302,-9.858,-16.158,-35.494,-19.434
-8.2207,-8.3997,5.8707,4.4634,-5.8954,-3.6341,9.8222,-18.929,-8.6394,-15.037,-34.051,-18.633
-12.623,-9.2705,7.0321,6.5768,-9.2128,-4.3418,10.841,-16.646,-7.4635,-14.003,-32.569,-17.905
-17.197,-10.107,8.4859,8.7631,-12.739,-4.9795,11.766,-14.401,-6.2973,-13.074,-31.189,-17.436
-21.018,-10.862,9.6996,10.679,-15.625,-5.5494,12.705,-12.128,-5.1241,-12.252,-29.985,-17.38
-23.337,-11.499,10.12,12,-17.146,-6.0816,13.792,-9.733,-3.9113,-11.484,-28.939,-17.791
-23.701,-11.985,9.3848,12.491,-16.875,-6.6005,15.158,-7.098,-2.5882,-10.648,-27.955,-18.588
-21.972,-12.284,7.4946,12.071,-14.773,-7.101,16.908,-4.0944,-1.054,-9.5917,-26.908,-19.584
-18.386,-12.347,4.8122,10.829,-11.233,-7.5278,19.081,-0.61082,0.79095,-8.187,-25.712,-20.553
-13.626,-12.113,1.9366,9.0128,-7.0188,-7.7597,21.646,3.4183,3.0062,-6.3804,-24.347,-21.296
-8.7238,-11.519,-0.42177,6.9625,-3.0877,-7.6134,24.507,7.9881,5.588,-4.2088,-22.847,-21.695
-4.7564,-10.51,-1.5819,5.023,-0.36103,-6.8986,27.521,13.009,8.4759,-1.7763,-21.272,-21.724
-2.5275,-9.053,-1.101,3.4593,0.52318,-5.5049,30.534,18.32,11.579,0.79383,-19.677,-21.446
-2.3285,-7.1702,1.045,2.4015,-0.56655,-3.4738,33.429,23.741,14.807,3.409,-18.087,-20.973
-3.8641,-4.9667,4.4429,1.8356,-3.1953,-1.0153,36.187,29.16,18.104,6.0395,-16.477,-20.419
-6.4215,-2.6276,8.3928,1.6425,-6.5659,1.5537,38.915,34.599,21.491,8.7208,-14.766,-19.836
-9.1611,-0.36684,12.141,1.6551,-9.829,3.926,41.813,40.22,25.084,11.528,-12.848,-19.22
-11.349,1.6458,15.103,1.6963,-12.293,5.9163,45.104,46.265,29.081,14.534,-10.644,-18.517
-12.543,3.3321,17.023,1.6123,-13.573,7.5077,48.976,52.972,33.69,17.762,-8.1429,-17.654
-12.694,4.7014,18.02,1.3163,-13.704,8.8258,53.561,60.497,39.071,21.166,-5.4183,-16.587
-12.062,5.8051,18.52,0.81959,-13.096,10.06,58.944,68.875,45.302,24.644,-2.5871,-15.339
-11.038,6.6826,19.043,0.22729,-12.309,11.356,65.194,78.014,52.383,28.08,0.25149,-13.981
-10.016,7.3252,19.939,-0.29564,-11.818,12.727,72.383,87.713,60.247,31.396,3.0552,-12.592
-9.3246,7.669,21.243,-0.57261,-11.91,14.038,80.553,97.675,68.718,34.568,5.8206,-11.241
-9.1618,7.6261,22.714,-0.47038,-12.634,15.078,89.616,107.55,77.462,37.608,8.5159,-9.9937
-9.5644,7.1433,23.995,0.053091,-13.781,15.663,99.242,116.99,86.024,40.522,11.035,-8.9123
-10.416,6.2569,24.771,0.93223,-14.964,15.691,108.91,125.77,93.99,43.288,13.251,-8.0402
-11.512,5.102,24.873,2.028,-15.818,15.176,118.12,133.78,101.12,45.871,15.138,-7.3703
-12.679,3.8597,24.339,3.1997,-16.199,14.246,126.57,141.05,107.38,48.24,16.801,-6.8324
-13.873,2.6739,23.415,4.3663,-16.241,13.101,134.26,147.66,112.86,50.369,18.398,-6.3082
-15.182,1.5905,22.472,5.5159,-16.284,11.941,141.36,153.68,117.66,52.229,20.086,-5.648
-16.728,0.56307,21.862,6.6624,-16.706,10.897,148.1,159.18,121.92,53.808,21.991,-4.7167
-18.525,-0.48347,21.786,7.7836,-17.716,10.011,154.68,164.21,125.71,55.134,24.151,-3.4833
-20.385,-1.5754,22.214,8.7826,-19.207,9.2644,161.17,168.81,129.1,56.28,26.459,-2.0742
-21.915,-2.6434,22.876,9.4959,-20.763,8.6306,167.53,173.04,132.11,57.317,28.668,-0.74049
-22.628,-3.5329,23.375,9.7464,-21.823,8.1085,173.63,176.93,134.74,58.281,30.463,0.22858
-22.154,-4.0681,23.361,9.4208,-21.915,7.7338,179.3,180.47,136.98,59.16,31.558,0.59343
-20.428,-4.1347,22.691,8.5409,-20.862,7.5635,184.45,183.64,138.81,59.912,31.786,0.22961
-17.762,-3.7323,21.487,7.2901,-18.862,7.6482,189.04,186.41,140.24,60.485,31.15,-0.82244
-14.745,-2.9641,20.08,5.9705,-16.425,8.011,193.09,188.72,141.3,60.852,29.834,-2.338
-12.06,-1.97,18.884,4.894,-14.187,8.6471,196.65,190.54,142.04,61.013,28.16,-3.9551
-10.263,-0.8417,18.273,4.2579,-12.703,9.5506,199.78,191.83,142.48,60.987,26.51,-5.2836
-9.6329,0.42332,18.504,4.0696,-12.289,10.738,202.49,192.57,142.68,60.789,25.238,-6.029
-10.123,1.896,19.683,4.1646,-12.962,12.239,204.79,192.74,142.64,60.436,24.576,-6.085
-11.434,3.6451,21.766,4.2957,-14.506,14.059,206.67,192.35,142.39,59.962,24.563,-5.5518
-13.144,5.6684,24.588,4.2406,-16.599,16.154,208.12,191.44,141.94,59.408,25.016,-4.6741
-14.845,7.8641,27.887,3.8782,-18.909,18.424,209.19,190.05,141.28,58.786,25.588,-3.719
-16.225,10.052,31.343,3.2113,-21.153,20.731,209.95,188.24,140.41,58.069,25.893,-2.8512
-17.117,12.033,34.633,2.3345,-23.119,22.928,210.51,186.1,139.28,57.201,25.651,-2.107
-17.468,13.665,37.496,1.3721,-24.665,24.891,210.96,183.66,137.83,56.135,24.767,-1.453
-17.263,14.915,39.732,0.43017,-25.694,26.539,211.35,180.95,136,54.861,23.331,-0.81131
-16.491,15.856,41.173,-0.42345,-26.102,27.835,211.66,178,133.74,53.42,21.573,-0.040503
-15.205,16.615,41.681,-1.1591,-25.795,28.753,211.81,174.81,131.07,51.885,19.787,1.0077
-13.581,17.293,41.209,-1.7651,-24.755,29.258,211.73,171.36,128.05,50.335,18.26,2.3941
-11.919,17.916,39.871,-2.2098,-23.13,29.318,211.36,167.65,124.75,48.82,17.21,4.0896
-10.585,18.412,37.954,-2.4171,-21.248,28.939,210.64,163.65,121.23,47.354,16.738,6.0156
-9.9101,18.652,35.857,-2.2935,-19.571,28.189,209.6,159.31,117.45,45.915,16.796,8.0489
-10.066,18.505,33.961,-1.7959,-18.523,27.184,208.24,154.57,113.31,44.448,17.192,10.016
-10.971,17.904,32.496,-0.9955,-18.267,26.051,206.59,149.39,108.64,42.886,17.642,11.708
-12.262,16.905,31.451,-0.093376,-18.581,24.901,204.67,143.77,103.33,41.179,17.883,12.928
-13.373,15.681,30.601,0.62848,-18.952,23.799,202.47,137.77,97.376,39.325,17.794,13.539
-13.716,14.44,29.615,0.91461,-18.811,22.746,199.97,131.47,90.933,37.392,17.443,13.527
-12.925,13.329,28.165,0.65012,-17.741,21.677,197.08,124.96,84.243,35.51,17.037,13.042
-11.042,12.373,26.046,-0.079888,-15.632,20.489,193.63,118.24,77.531,33.818,16.804,12.357
-8.5474,11.49,23.305,-1.0079,-12.783,19.098,189.43,111.27,70.926,32.398,16.882,11.777
-6.2055,10.548,20.278,-1.7673,-9.8604,17.482,184.2,103.94,64.437,31.222,17.271,11.542
-4.8189,9.4574,17.482,-2.0136,-7.7155,15.701,177.78,96.17,58.015,30.165,17.861,11.756
-4.9321,8.2174,15.424,-1.5552,-7.0306,13.871,170.14,87.956,51.646,29.063,18.513,12.378
-6.5764,6.9217,14.394,-0.44676,-7.9574,12.12,161.4,79.43,45.422,27.793,19.124,13.242
-9.211,5.7104,14.282,1.0087,-10.02,10.527,151.85,70.83,39.529,26.313,19.654,14.103
-11.884,4.7015,14.553,2.3665,-12.301,9.0775,141.75,62.405,34.156,24.659,20.135,14.716
-13.54,3.9401,14.445,3.1962,-13.734,7.6654,131.32,54.33,29.392,22.905,20.643,14.934
-13.415,3.3898,13.257,3.2199,-13.459,6.1446,120.67,46.659,25.203,21.13,21.27,14.767
-11.292,2.9636,10.61,2.388,-11.144,4.4084,109.83,39.335,21.469,19.382,22.068,14.355
-7.4693,2.5631,6.5742,0.87618,-7.0427,2.4399,98.768,32.245,18.04,17.669,23.017,13.866
-2.581,2.102,1.6193,-0.98171,-1.8209,0.30563,87.46,25.29,14.787,15.965,24.017,13.419
2.5112,1.5133,-3.5643,-2.7875,3.6536,-1.8869,75.964,18.442,11.63,14.229,24.914,13.037
6.876,0.75576,-8.2617,-4.1784,8.4948,-4.0248,64.46,11.758,8.545,12.431,25.549,12.679
9.7836,-0.17548,-11.875,-4.9211,11.983,-6.0039,53.217,5.3465,5.553,10.571,25.812,12.287
10.952,-1.242,-14.048,-4.9844,13.733,-7.7439,42.493,-0.69399,2.6899,8.6733,25.669,11.841
10.641,-2.367,-14.778,-4.5541,13.813,-9.217,32.447,-6.3241,-0.019045,6.7661,25.165,11.381
9.5048,-3.4624,-14.414,-3.9492,12.718,-10.465,23.122,-11.582,-2.5864,4.8426,24.395,10.979
8.2746,-4.4769,-13.497,-3.4627,11.179,-11.578,14.495,-16.563,-5.0759,2.8408,23.448,10.692
7.4719,-5.4373,-12.604,-3.2252,9.8878,-12.654,6.5405,-21.371,-7.5873,0.66271,22.385,10.537
7.2678,-6.4448,-12.217,-3.1723,9.2523,-13.776,-0.73885,-26.078,-10.211,-1.7659,21.231,10.486
7.5271,-7.6183,-12.609,-3.1154,9.351,-15.003,-7.3276,-30.699,-12.979,-4.4335,20.005,10.504
7.9736,-9.0244,-13.816,-2.8533,10.075,-16.362,-13.234,-35.193,-15.832,-7.2227,18.737,10.587
8.3482,-10.641,-15.694,-2.2578,11.243,-17.832,-18.511,-39.487,-18.646,-9.9516,17.478,10.771
8.4828,-12.374,-17.988,-1.3167,12.647,-19.347,-23.257,-43.508,-21.28,-12.458,16.283,11.102
8.3318,-14.101,-20.392,-0.14071,14.084,-20.82,-27.594,-47.21,-23.649,-14.679,15.175,11.563
7.9958,-15.715,-22.619,1.0637,15.418,-22.167,-31.646,-50.593,-25.754,-16.674,14.119,12.048
7.6972,-17.151,-24.489,2.058,16.605,-23.332,-35.511,-53.687,-27.667,-18.58,13.01,12.378
7.6849,-18.376,-25.953,2.6512,17.674,-24.298,-39.247,-56.535,-29.48,-20.529,11.718,12.365
8.12,-19.389,-27.065,2.7644,18.676,-25.078,-42.864,-59.166,-31.259,-22.565,10.159,11.89
8.9977,-20.206,-27.913,2.4564,19.629,-25.707,-46.325,-61.581,-33.018,-24.627,8.3504,10.953
10.131,-20.863,-28.56,1.9048,20.488,-26.225,-49.566,-63.759,-34.722,-26.584,6.4185,9.6784
11.194,-21.408,-29.014,1.3542,21.132,-26.659,-52.52,-65.668,-36.316,-28.321,4.5366,8.2674
11.829,-21.885,-29.239,1.0472,21.403,-27.018,-55.135,-67.279,-37.765,-29.807,2.8259,6.9175
11.768,-22.312,-29.188,1.1517,21.179,-27.289,-57.384,-68.585,-39.065,-31.111,1.2821,5.7516
10.935,-22.674,-28.851,1.7038,20.446,-27.449,-59.27,-69.6,-40.239,-32.368,-0.22428,4.7878
9.4728,-22.938,-28.286,2.5944,19.32,-27.487,-60.819,-70.355,-41.312,-33.704,-1.8732,3.9639
7.7099,-23.066,-27.617,3.6095,18.018,-27.409,-62.075,-70.88,-42.291,-35.173,-3.7862,3.1909
6.0622,-23.035,-26.972,4.5006,16.789,-27.234,-63.088,-71.195,-43.165,-36.722,-5.9395,2.4039
4.902,-22.84,-26.436,5.0539,15.842,-26.975,-63.904,-71.307,-43.912,-38.226,-8.1532,1.5988
4.4452,-22.488,-26.013,5.1423,15.282,-26.624,-64.556,-71.213,-44.519,-39.543,-10.17,0.84225
4.6998,-21.999,-25.643,4.7566,15.09,-26.172,-65.056,-70.913,-44.987,-40.587,-11.781,0.22677
5.4741,-21.414,-25.23,4.0091,15.133,-25.623,-65.395,-70.41,-45.34,-41.361,-12.921,-0.21322
6.4297,-20.804,-24.68,3.1093,15.199,-25.008,-65.551,-69.716,-45.617,-41.965,-13.692,-0.54824
7.174,-20.263,-23.926,2.3087,15.062,-24.381,-65.496,-68.851,-45.86,-42.552,-14.309,-0.92913
7.3841,-19.874,-22.957,1.8246,14.565,-23.805,-65.209,-67.835,-46.094,-43.261,-14.978,-1.5195
6.9206,-19.679,-21.825,1.7669,13.675,-23.33,-64.687,-66.693,-46.321,-44.142,-15.788,-2.4267
5.8726,-19.662,-20.643,2.1039,12.498,-22.982,-63.951,-65.457,-46.522,-45.13,-16.67,-3.6605
4.513,-19.765,-19.563,2.6843,11.248,-22.762,-63.034,-64.165,-46.663,-46.083,-17.445,-5.1296
3.197,-19.923,-18.752,3.3028,10.188,-22.659,-61.981,-62.862,-46.728,-46.854,-17.913,-6.6738
2.2543,-20.095,-18.368,3.7755,9.5644,-22.672,-60.836,-61.597,-46.725,-47.369,-17.963,-8.1198
1.9041,-20.283,-18.523,3.9998,9.5516,-22.818,-59.639,-60.408,-46.689,-47.65,-17.632,-9.3421
2.2024,-20.522,-19.248,3.9808,10.196,-23.12,-58.426,-59.322,-46.663,-47.791,-17.106,-10.305
3.0272,-20.854,-20.468,3.8173,11.391,-23.589,-57.219,-58.334,-46.667,-47.909,-16.65,-11.065
4.1114,-21.297,-21.999,3.6576,12.896,-24.196,-56.018,-57.406,-46.684,-48.078,-16.484,-11.731
5.1183,-21.824,-23.595,3.6458,14.389,-24.873,-54.791,-56.456,-46.649,-48.291,-16.695,-12.404
5.7389,-22.37,-25.004,3.874,15.56,-25.527,-53.469,-55.375,-46.471,-48.463,-17.21,-13.13
5.7811,-22.846,-26.036,4.351,16.189,-26.062,-51.965,-54.057,-46.055,-48.47,-17.836,-13.867
5.2251,-23.159,-26.602,5.0003,16.197,-26.401,-50.183,-52.434,-45.34,-48.195,-18.349,-14.513
4.2185,-23.231,-26.7,5.6856,15.649,-26.479,-48.056,-50.498,-44.303,-47.584,-18.576,-14.955
3.0181,-22.998,-26.348,6.2487,14.701,-26.233,-45.558,-48.296,-42.969,-46.649,-18.46,-15.131
1.9087,-22.414,-25.532,6.5411,13.533,-25.594,-42.721,-45.915,-41.396,-45.459,-18.041,-15.045
1.121,-21.431,-24.198,6.4494,12.281,-24.494,-39.614,-43.449,-39.658,-44.1,-17.373,-14.75
0.7582,-19.999,-22.295,5.9204,10.993,-22.897,-36.325,-40.977,-37.823,-42.634,-16.423,-14.306
0.75798,-18.055,-19.797,4.9759,9.6085,-20.793,-32.936,-38.557,-35.945,-41.076,-15.044,-13.738
0.91117,-15.529,-16.682,3.7073,7.9518,-18.175,-29.511,-36.225,-34.058,-39.399,-13.058,-13.04
0.9325,-12.351,-12.902,2.2451,5.8026,-15.008,-26.081,-34.001,-32.186,-37.56,-10.37,-12.189
0.55983,-8.4872,-8.4249,0.70636,3.0346,-11.211,-22.637,-31.882,-30.333,-35.534,-7.0489,-11.162
-0.35339,-3.9899,-3.2868,-0.85259,-0.28207,-6.669,-19.116,-29.832,-28.476,-33.315,-3.295,-9.9493
-1.7396,0.96505,2.3839,-2.4401,-3.8611,-1.3311,-15.421,-27.787,-26.568,-30.913,0.63656,-8.5514
-3.2059,6.1387,8.3496,-4.1154,-7.208,4.6213,-11.461,-25.67,-24.551,-28.337,4.5096,-6.9813
-4.0734,11.357,14.19,-5.9916,-9.6976,10.665,-7.2108,-23.426,-22.388,-25.594,8.1343,-5.2788
-3.6754,16.593,19.225,-8.2418,-10.793,16.137,-2.7504,-21.033,-20.072,-22.703,11.364,-3.5201
-1.6971,21.972,22.737,-11.117,-10.309,20.651,1.7367,-18.504,-17.62,-19.685,14.088,-1.8002
1.6607,27.71,24.627,-14.906,-8.5702,24.314,6.0014,-15.871,-15.055,-16.559,16.233,-0.1919
5.716,33.997,25.79,-19.829,-6.3838,27.605,9.7859,-13.188,-12.423,-13.341,17.764,1.2909
9.5216,40.794,27.518,-25.884,-4.7814,31.094,12.881,-10.533,-9.8076,-10.078,18.685,2.6918
12.158,47.703,30.644,-32.531,-4.6336,35.161,15.169,-8.0265,-7.3434,-6.8782,19.064,4.0754
13.03,54.131,35.302,-38.619,-6.3553,39.846,16.625,-5.8204,-5.1769,-3.9103,19.054,5.489
12.103,59.684,41.206,-43.179,-9.7963,44.873,17.283,-4.0628,-3.4137,-1.3459,18.864,6.946
9.901,64.347,47.821,-46.227,-14.296,49.796,17.192,-2.8471,-2.0837,0.71513,18.705,8.4359
7.313,68.336,54.34,-48.492,-18.894,54.162,16.386,-2.1735,-1.1401,2.2875,18.741,9.9661
5.4115,71.868,59.755,-50.773,-22.573,57.592,14.909,-1.954,-0.48533,3.4854,19.049,11.592
5.1257,75.019,63.183,-53.573,-24.467,59.878,12.828,-2.0596,-0.013316,4.4582,19.595,13.371
6.8537,77.719,64.182,-56.982,-24.109,61.073,10.236,-2.374,0.35166,5.3172,20.228,15.293
10.586,79.828,62.749,-60.8,-21.516,61.342,7.2371,-2.8162,0.64386,6.0956,20.723,17.241
16.111,81.221,59.147,-64.681,-17.104,60.711,3.9287,-3.3305,0.87247,6.7672,20.841,19.015
22.736,81.82,53.858,-68.188,-11.569,59.111,0.39296,-3.8718,1.0418,7.3001,20.408,20.419
29.335,81.615,47.576,-70.885,-5.7007,56.582,-3.3232,-4.4126,1.1538,7.6982,19.367,21.353
34.994,80.686,41.089,-72.495,-0.231,53.376,-7.2203,-4.964,1.1962,8.0015,17.811,21.858
39.372,79.212,35.113,-72.991,4.2227,49.896,-11.329,-5.5798,1.1369,8.2517,15.96,22.106
42.561,77.436,30.213,-72.547,7.2122,46.563,-15.653,-6.3228,0.93719,8.4642,14.106,22.333
44.743,75.602,26.662,-71.427,8.5832,43.685,-20.109,-7.2078,0.58401,8.6339,12.552,22.767
45.971,73.898,24.229,-69.969,8.588,41.395,-24.51,-8.158,0.12178,8.7665,11.556,23.572
46.418,72.433,22.261,-68.569,7.905,39.649,-28.624,-9.0132,-0.33963,8.9018,11.28,24.805
46.703,71.269,20.114,-67.588,7.3901,38.289,-32.258,-9.5843,-0.65449,9.1101,11.758,26.405
47.755,70.438,17.478,-67.268,7.673,37.111,-35.301,-9.7209,-0.69446,9.4683,12.885,28.205
50.275,69.939,14.307,-67.732,9.0223,35.931,-37.734,-9.3524,-0.39169,10.037,14.455,29.981
54.314,69.713,10.667,-68.997,11.45,34.631,-39.599,-8.4899,0.253,10.849,16.244,31.575
59.364,69.602,6.7629,-70.992,14.723,33.191,-40.971,-7.2005,1.1901,11.909,18.106,33.011
64.671,69.325,2.9952,-73.555,18.348,31.657,-41.935,-5.5813,2.3398,13.185,20.017,34.493
69.41,68.524,-0.13685,-76.379,21.678,30.101,-42.574,-3.7474,3.595,14.595,22.023,36.262
72.803,66.977,-2.238,-78.952,24.125,28.576,-42.972,-1.8291,4.8274,16.008,24.142,38.488
74.357,64.786,-3.211,-80.625,25.354,27.099,-43.205,0.040376,5.9188,17.261,26.321,41.276
74.004,62.155,-3.3136,-80.871,25.348,25.627,-43.334,1.7555,6.8021,18.22,28.474,44.651
71.997,59.058,-3.0452,-79.545,24.356,24.03,-43.388,3.2687,7.4749,18.81,30.523,48.477
68.661,55.337,-2.9457,-76.734,22.768,22.116,-43.365,4.5943,7.976,19.028,32.378,52.361
64.172,50.933,-3.4194,-72.378,20.977,19.734,-43.249,5.7817,8.3445,18.914,33.909,55.654
58.532,45.898,-4.6293,-66.229,19.272,16.876,-43.028,6.8753,8.5884,18.51,34.937,57.664
51.803,40.309,-6.4589,-58.156,17.793,13.671,-42.711,7.8854,8.68,17.829,35.247,57.938
44.445,34.286,-8.5541,-48.527,16.538,10.33,-42.332,8.7776,8.5701,16.849,34.646,56.35
37.253,28.099,-10.436,-38.652,15.409,7.0813,-41.952,9.4837,8.2061,15.517,33.036,53.027
30.823,22.237,-11.639,-30.419,14.266,4.1227,-41.645,9.9238,7.5416,13.788,30.457,48.234
25.243,17.214,-11.83,-24.673,12.964,1.5843,-41.479,10.024,6.538,11.644,27.079,42.296
20.399,13.208,-10.916,-20.506,11.374,-0.5051,-41.498,9.7239,5.1636,9.1207,23.178,35.611
16.26,9.8749,-9.0712,-16.409,9.4372,-2.2246,-41.706,8.9804,3.4004,6.3051,19.085,28.683
12.736,6.5958,-6.6876,-12.184,7.1913,-3.7268,-42.065,7.783,1.2667,3.3263,15.136,22.107
9.4989,2.9735,-4.2536,-8.9194,4.7502,-5.1744,-42.514,6.1731,-1.1617,0.313,11.599,16.48
6.1356,-0.92691,-2.2357,-6.6254,2.2602,-6.688,-42.997,4.2473,-3.7579,-2.6577,8.5855,12.268
2.387,-4.7999,-0.97012,-4.353,-0.12774,-8.3252,-43.485,2.1278,-6.389,-5.5888,5.979,9.6264
-1.7404,-8.3982,-0.58111,-1.5316,-2.2807,-10.075,-43.991,-0.084014,-8.9683,-8.5448,3.4567,8.2645
-6.0033,-11.598,-0.95939,1.8029,-4.1036,-11.853,-44.55,-2.3315,-11.476,-11.59,0.66169,7.607
-10.026,-14.342,-1.8226,5.2813,-5.5541,-13.523,-45.192,-4.587,-13.932,-14.719,-2.5505,7.1462
-13.431,-16.62,-2.8331,8.4735,-6.6421,-14.956,-45.918,-6.816,-16.353,-17.831,-5.9851,6.6158
-15.944,-18.489,-3.7154,11.046,-7.4115,-16.095,-46.697,-8.9551,-18.708,-20.767,-9.2487,5.9766
-17.452,-20.042,-4.3338,12.806,-7.9081,-16.986,-47.481,-10.919,-20.923,-23.378,-12.022,5.3312
-17.999,-21.352,-4.7183,13.697,-8.1484,-17.742,-48.229,-12.63,-22.912,-25.593,-14.208,4.8072
-17.736,-22.452,-5.039,13.839,-8.1029,-18.485,-48.917,-14.05,-24.621,-27.441,-15.914,4.4634
-16.876,-23.388,-5.5401,13.542,-7.7024,-19.309,-49.548,-15.201,-26.059,-29.035,-17.385,4.2498
-15.667,-24.238,-6.4546,13.171,-6.8726,-20.271,-50.141,-16.16,-27.299,-30.546,-18.919,4.0167
-14.346,-25.072,-7.9185,12.977,-5.5848,-21.386,-50.714,-17.028,-28.446,-32.14,-20.741,3.5791
-13.084,-25.914,-9.9133,13.047,-3.8917,-22.617,-51.27,-17.886,-29.58,-33.911,-22.88,2.8209
-11.934,-26.732,-12.266,13.311,-1.9277,-23.873,-51.792,-18.758,-30.714,-35.821,-25.139,1.7857
-10.839,-27.45,-14.707,13.581,0.12297,-25.034,-52.244,-19.594,-31.776,-37.699,-27.167,0.68262
-9.7014,-27.976,-16.944,13.644,2.0734,-25.983,-52.579,-20.3,-32.64,-39.312,-28.612,-0.1944
-8.473,-28.263,-18.741,13.378,3.771,-26.644,-52.758,-20.777,-33.186,-40.474,-29.266,-0.58663
-7.2094,-28.334,-19.964,12.812,5.1081,-27.008,-52.771,-20.981,-33.367,-41.126,-29.162,-0.37043
-6.0807,-28.273,-20.596,12.106,6.0084,-27.138,-52.65,-20.953,-33.244,-41.369,-28.558,0.39867
-5.343,-28.197,-20.711,11.496,6.4073,-27.149,-52.445,-20.824,-32.981,-41.41,-27.828,1.5101
-5.2778,-28.218,-20.415,11.232,6.2334,-27.153,-52.229,-20.757,-32.778,-41.48,-27.311,2.6813
-6.113,-28.411,-19.804,11.504,5.4214,-27.222,-52.053,-20.876,-32.783,-41.716,-27.184,3.6697
-7.9299,-28.783,-18.947,12.391,3.9604,-27.353,-51.928,-21.217,-33.022,-42.097,-27.392,4.3704
-10.59,-29.273,-17.893,13.81,1.9477,-27.482,-51.828,-21.707,-33.385,-42.465,-27.662,4.8454
-13.726,-29.763,-16.695,15.525,-0.39063,-27.517,-51.7,-22.182,-33.687,-42.612,-27.613,5.2672
-16.814,-30.11,-15.425,17.204,-2.7286,-27.376,-51.468,-22.417,-33.727,-42.387,-26.96,5.8102
-19.307,-30.19,-14.168,18.506,-4.7133,-27.014,-51.017,-22.14,-33.312,-41.753,-25.67,6.5544
-20.768,-29.929,-13.005,19.155,-6.0634,-26.428,-50.174,-21.051,-32.263,-40.773,-23.95,7.4492
-20.976,-29.32,-11.969,18.999,-6.661,-25.639,-48.704,-18.806,-30.387,-39.531,-22.111,8.3535
-19.973,-28.405,-11.009,18.032,-6.5944,-24.67,-46.324,-15.023,-27.477,-38.048,-20.403,9.1273
-18.034,-27.245,-9.9945,16.389,-6.1274,-23.541,-42.768,-9.3461,-23.443,-36.181,-18.893,9.7212
-15.586,-25.885,-8.774,14.297,-5.6008,-22.27,-37.936,-2.0103,-18.837,-33.605,-17.424,10.22
-13.098,-24.351,-7.2779,12.005,-5.2964,-20.892,-32.346,4.2733,-16.044,-29.905,-15.651,10.828
-10.948,-22.651,-5.5934,9.7075,-5.3184,-19.464,-28.525,5.5082,-18.878,-24.905,-13.203,11.803
-9.2778,-20.748,-3.9802,7.5039,-5.5391,-18.058,-29.822,5.9362,-24.724,-19.624,-10.109,13.307
-7.8797,-18.511,-2.8149,5.3997,-5.6282,-16.734,-32.21,12.89,-25.672,-17.375,-7.918,14.916
-6.1936,-15.663,-2.472,3.3179,-5.1645,-15.485,-29.309,24.256,-18.719,-18.615,-10.013,13.476
-3.5432,-11.806,-3.1813,0.99822,-3.7888,-14.185,-18.252,30.053,-3.2314,-16.399,-11.66,4.9214
0.14356,-6.713,-4.9241,-1.672,-1.3318,-12.547,1.5322,49.707,19.9,-7.8033,-8.2168,3.2304
3.2582,-0.83743,-7.4216,-3.9235,2.1314,-10.134,28.089,107.13,50.75,6.6608,-1.5795,7.5453
5.7288,4.6332,-10.225,-7.1463,6.2389,-6.5169,69.822,171.99,90.763,27.635,9.8327,14.738
10.203,10.272,-12.862,-12.342,10.1,-1.6513,131.03,232.63,135.32,56.441,28.462,25.668
16.49,17.746,-14.984,-19.281,12.619,3.792,190.95,275.57,174.89,92.46,55.48,41.053
24.951,25.787,-16.428,-28.212,16.225,8.8351,239.81,286.13,200.2,131.77,89.97,60.751
36.772,34.147,-17.201,-39.442,21.894,13.276,266.99,253.6,204.22,169.32,129.39,83.994
52.98,44.045,-17.41,-53.561,29.574,17.878,264.28,175.24,183.83,202.51,172.02,110.64
74.689,57.871,-17.002,-72.05,40.637,23.652,229.5,56.879,141.39,232.29,219.33,141.96
102.78,78.913,-16.654,-96.554,55.597,31.427,165.85,-90.575,84.927,261.99,274.93,179.95
137.06,109.65,-18.612,-127.77,74.046,41.462,78.62,-251.98,25.247,296.45,342.46,226.35
176.93,149.45,-20.162,-166.22,95.345,53.14,-28.879,-411.13,-28.593,341.57,425.31,282.48
223.49,195.5,-21.473,-212.5,120.3,65.254,-157.42,-562.09,-71.911,403.11,526.73,349.06
278.26,245.07,-24.816,-265.91,150.21,77.043,-309.47,-703.93,-104.93,484.2,648.64,425.72
340.49,295.65,-33.409,-324,185.63,90.548,-487.33,-838.98,-132.56,583.69,789.32,510.45
407.7,344.53,-50.345,-382.67,227.74,114.72,-692.19,-972.38,-161.96,696.39,942.25,599.32
476.97,387.97,-77.54,-438.13,276.31,142.37,-920.46,-1110,-199.04,813.85,1098.7,687.19
545.35,422.32,-114.37,-488.3,329.49,146.97,-1163.1,-1254.9,-247.07,924.7,1247.9,768.76
610.45,445.98,-158.15,-532.25,384.93,138.49,-1406.7,-1404.6,-306.28,1016.1,1378.3,838.98
670.65,459.26,-207.39,-569.54,440.37,120.58,-1635.2,-1549.6,-372.07,1079,1481.4,893.65
724.49,462.9,-260.56,-599.55,493.86,95.613,-1832.6,-1675,-434.32,1111.1,1551.6,929.83
769.63,456.75,-314.45,-620.81,542.63,65.165,-1984.8,-1764.3,-484.27,1113.5,1585.1,945.38
803.08,439.26,-366.97,-630.97,584.17,29.066,-2082.5,-1805.3,-522.11,1089.2,1579.7,938.1
822.82,407.83,-418.92,-627.04,618.31,-14.219,-2122.2,-1795.1,-551.11,1040,1534.8,906.02
827.92,359.35,-472.58,-605.97,646.28,-66.53,-2106.4,-1740.8,-573.17,965.45,1450.9,848.48
816.69,291.25,-528.76,-565.49,667.75,-128.91,-2042.1,-1658.5,-592.81,862.07,1328.5,767.01
785.81,202.94,-584.55,-504.46,679.49,-200.35,-1938.4,-1568.6,-619.21,724.52,1168.5,665.06
731.49,97.479,-633.28,-423.27,676.28,-276.2,-1804.8,-1488.5,-661.42,548.94,972.27,547.62
652.23,-17.098,-665.94,-325.16,653.16,-348.4,-1649.9,-1427.5,-721.92,337.43,744.28,421.26
551.45,-128.52,-674.67,-217.42,608.14,-407.89,-1481.4,-1383.6,-794.34,102.18,495.29,294.3
437.52,-223.62,-655.94,-111.06,542.92,-447.21,-1306.5,-1345.5,-865.17,-133.84,243.84,176.43
321.46,-292.31,-610.57,-18.289,462.27,-461.82,-1131.7,-1298.5,-917.92,-341.64,14.127,76.978
215.1,-329.84,-543.63,51.619,374.39,-450.99,-963.11,-1232.3,-937.81,-495.05,-170.45,2.2482
128.93,-336.97,-464.2,95.331,289.73,-418.09,-807.51,-1143.5,-916.32,-579.12,-294.92,-45.869
67.102,-319.06,-382.19,115.52,216.76,-369.42,-670.44,-1034.1,-854.27,-594.36,-356.66,-70.096
27.142,-284.17,-305.34,118.12,159.2,-312.55,-553.54,-910.47,-761.37,-555.05,-364.65,-76.585
4.3003,-241.01,-238.55,109.4,116.89,-254.58,-455.46,-781.53,-651.81,-482.82,-335.54,-73.246
-7.6578,-197.11,-182.63,94.731,85.191,-200.92,-373.37,-655.71,-539.46,-399.05,-288.17,-67.144
-13.369,-157.7,-137.15,78.477,59.777,-155.1,-304.18,-539.19,-435.2,-319.66,-238.34,-62.666
-16.588,-125.25,-101.58,64.108,39.506,-119.02,-245.58,-436.24,-345.9,-253.35,-195.82,-61.461
-19.31,-100.58,-73.429,53.351,23.984,-92.163,-196.4,-349.44,-274.23,-202.28,-164.24,-61.997
-21.584,-83.41,-51.014,44.804,12.206,-71.861,-156.27,-279.54,-218.99,-164.44,-142.23,-48.727
-13.25,-71.176,-34.18,39.633,3.312,-56.22,-124.85,-225.72,-176.62,-136.88,-126.63,-43.428
-10.253,-61.334,-22.401,35.735,-2.6327,-44.428,-101.22,-185.74,-144.13,-115.7,-114.71,-41.889
-10.421,-52.894,-14.646,31.659,-1.8948,-35.846,-83.975,-156.17,-119.51,-96.344,-102.86,-39.245
-10.159,-45.84,-10.71,26.851,2.7812,-30.007,-71.552,-133.19,-100.62,-77.356,-90.324,-35.758
-9.9771,-39.969,-11.469,21.527,2.2773,-27.043,-63.269,-113.9,-85.271,-61.183,-78.517,-32.19
-10.36,-33.986,-12.847,17.463,0.43863,-26.49,-60.395,-96.752,-72.03,-49.896,-67.18,-29.108
-11.588,-29.353,-10.991,15.417,-1.8261,-24.894,-58.714,-82.109,-60.305,-44.099,-57.128,-26.738
-13.612,-26.896,-8.2979,14.827,-4.3934,-22.889,-54.61,-73.131,-50.394,-40.567,-50.543,-25.107
-16.04,-25.509,-5.6991,15.04,-7.0395,-21.262,-50.101,-68.858,-45.069,-35.566,-47.045,-24.136
-18.256,-24.607,-3.5471,15.491,-9.3462,-20.012,-46.213,-63.712,-43.662,-30.679,-45.337,-23.661
-19.631,-23.925,-2.092,15.717,-10.846,-19.075,-43.065,-58.091,-41.836,-26.485,-44.406,-23.469
-19.755,-23.326,-1.4759,15.44,-11.225,-18.41,-40.552,-53.081,-39.482,-22.888,-43.544,-23.328
-18.583,-22.77,-1.6834,14.625,-10.465,-17.982,-38.544,-48.95,-37.11,-19.748,-42.395,-23.039
-16.436,-22.287,-2.5464,13.461,-8.8403,-17.758,-36.938,-45.653,-34.933,-17.008,-40.838,-22.49
-13.847,-21.948,-3.8051,12.263,-6.7954,-17.706,-35.664,-43.066,-33.021,-14.711,-38.885,-21.714
-11.375,-21.813,-5.1934,11.349,-4.7801,-17.801,-34.679,-41.057,-31.389,-12.947,-36.704,-20.873
-9.4669,-21.893,-6.5119,10.911,-3.1223,-18.016,-33.947,-39.519,-30.038,-11.777,-34.602,-20.19
-8.3866,-22.131,-7.6485,10.964,-1.9773,-18.314,-33.42,-38.369,-28.949,-11.171,-32.921,-19.853
-8.1817,-22.416,-8.5292,11.363,-1.3685,-18.629,-33.027,-37.534,-28.084,-10.996,-31.918,-19.933
-8.7247,-22.612,-9.0408,11.891,-1.281,-18.856,-32.672,-36.945,-27.378,-11.04,-31.678,-20.345
-9.8149,-22.601,-9.013,12.355,-1.7352,-18.871,-32.246,-36.523,-26.75,-11.072,-32.059,-20.876
-11.255,-22.324,-8.2957,12.654,-2.7592,-18.578,-31.653,-36.178,-26.111,-10.915,-32.726,-21.26
-12.864,-21.804,-6.8708,12.785,-4.2975,-17.96,-30.831,-35.831,-25.394,-10.502,-33.289,-21.281
-14.455,-21.142,-4.9192,12.791,-6.1563,-17.093,-29.774,-35.428,-24.57,-9.8866,-33.483,-20.863
-15.814,-20.475,-2.809,12.704,-8.0153,-16.138,-28.529,-34.967,-23.664,-9.2228,-33.243,-20.097
-16.686,-19.928,-1.0053,12.513,-9.4814,-15.296,-27.173,-34.494,-22.756,-8.7086,-32.652,-19.214
-16.825,-19.561,0.077904,12.172,-10.189,-14.741,-25.787,-34.082,-21.933,-8.5,-31.879,-18.489
-16.093,-19.352,0.23485,11.625,-9.9369,-14.539,-24.417,-33.788,-21.247,-8.6297,-31.099,-18.129
-14.565,-19.208,-0.44235,10.856,-8.7965,-14.623,-23.064,-33.611,-20.683,-8.9969,-30.421,-18.191
-12.539,-19.014,-1.608,9.9189,-7.1045,-14.817,-21.673,-33.487,-20.155,-9.3906,-29.86,-18.564
-10.455,-18.681,-2.8252,8.9417,-5.3272,-14.922,-20.162,-33.292,-19.53,-9.5613,-29.357,-19.024
-8.7482,-18.182,-3.7539,8.0978,-3.8684,-14.804,-18.442,-32.882,-18.676,-9.3012,-28.822,-19.329
-7.6816,-17.567,-4.2783,7.5442,-2.9347,-14.446,-16.457,-32.14,-17.501,-8.503,-28.169,-19.323
-7.2618,-16.943,-4.529,7.3545,-2.4922,-13.963,-14.195,-31.009,-15.983,-7.1785,-27.355,-18.995
-7.2666,-16.443,-4.7927,7.4829,-2.3074,-13.569,-11.673,-29.504,-14.161,-5.433,-26.399,-18.464
-7.37,-16.172,-5.359,7.7794,-2.0558,-13.476,-8.9226,-27.691,-12.113,-3.4107,-25.367,-17.9
-7.2927,-16.145,-6.3611,8.0467,-1.4918,-13.768,-5.9796,-25.663,-9.9283,-1.2366,-24.329,-17.446
-6.9264,-16.26,-7.6258,8.1135,-0.63219,-14.317,-2.8949,-23.52,-7.6916,1.022,-23.314,-17.166
-6.3939,-16.331,-8.6451,7.8991,0.1712,-14.811,0.26461,-21.352,-5.4634,3.3571,-22.299,-17.033
-6.0102,-16.167,-8.7887,7.4427,0.37615,-14.907,3.4297,-19.22,-3.2804,5.7886,-21.219,-16.95
-6.1404,-15.661,-7.6397,6.8869,-0.44859,-14.388,6.5509,-17.155,-1.1584,8.3225,-20.009,-16.799
-7.0158,-14.839,-5.2162,6.4237,-2.3794,-13.257,9.6139,-15.147,0.90237,10.925,-18.642,-16.508
-8.6038,-13.859,-1.9829,6.2218,-5.0891,-11.727,12.641,-13.153,2.9176,13.526,-17.164,-16.086
-10.585,-12.946,1.2913,6.3548,-7.9456,-10.149,15.685,-11.099,4.9226,16.047,-15.68,-15.626
-12.435,-12.311,3.7783,6.7621,-10.203,-8.8918,18.81,-8.8934,6.9741,18.439,-14.326,-15.268
-13.599,-12.06,4.8854,7.2611,-11.249,-8.2063,22.075,-6.4478,9.144,20.704,-13.21,-15.143
-13.685,-12.145,4.4785,7.6113,-10.816,-8.1217,25.514,-3.7021,11.505,22.884,-12.385,-15.31
-12.614,-12.384,2.9245,7.6078,-9.0953,-8.4255,29.125,-0.64837,14.119,25.03,-11.831,-15.725
-10.666,-12.535,0.9403,7.1677,-6.6783,-8.756,32.876,2.6602,17.027,27.174,-11.469,-16.247
-8.3957,-12.406,-0.67768,6.3711,-4.3545,-8.7662,36.726,6.1231,20.234,29.303,-11.167,-16.694
-6.4716,-11.942,-1.3308,5.4409,-2.8507,-8.281,40.652,9.6263,23.71,31.371,-10.767,-16.915
-5.4879,-11.248,-0.81761,4.6779,-2.6152,-7.3792,44.676,13.087,27.4,33.317,-10.113,-16.848
-5.7917,-10.549,0.61674,4.3758,-3.683,-6.3573,48.877,16.495,31.282,35.091,-9.1024,-16.536
-7.3521,-10.09,2.4164,4.7215,-5.6665,-5.5833,53.365,19.924,35.415,36.673,-7.7131,-16.094
-9.75,-10.023,3.9641,5.7046,-7.909,-5.3118,58.249,23.524,39.943,38.075,-6.0209,-15.641
-12.309,-10.316,4.8163,7.0828,-9.736,-5.5465,63.594,27.475,45.036,39.329,-4.1834,-15.253
-14.3,-10.742,4.8461,8.442,-10.675,-6.0255,69.411,31.944,50.803,40.485,-2.3882,-14.938
-15.155,-10.971,4.2702,9.3358,-10.549,-6.3443,75.672,37.047,57.206,41.609,-0.77526,-14.643
-14.612,-10.716,3.5449,9.4458,-9.4701,-6.1336,82.35,42.813,64.049,42.769,0.6209,-14.281
-12.799,-9.8468,3.1438,8.6945,-7.8118,-5.1932,89.439,49.174,71.061,44.021,1.8647,-13.769
-10.219,-8.4524,3.3766,7.2658,-6.1051,-3.5528,96.945,55.982,78.019,45.378,3.0558,-13.046
-7.6082,-6.7875,4.3659,5.539,-4.9009,-1.4593,104.85,63.07,84.819,46.808,4.2567,-12.091
-5.7418,-5.1503,6.0836,3.9693,-4.6526,0.73194,113.08,70.316,91.457,48.26,5.4577,-10.916
-5.2255,-3.7492,8.391,2.9474,-5.6086,2.7244,121.49,77.658,97.938,49.682,6.5945,-9.57
-6.3025,-2.6266,11.096,2.6729,-7.7335,4.3934,129.86,85.066,104.2,51.046,7.6014,-8.1325
-8.739,-1.6703,13.981,3.0892,-10.697,5.7875,137.97,92.488,110.09,52.34,8.4629,-6.7095
-11.888,-0.68285,16.816,3.9142,-13.946,7.0658,145.7,99.824,115.43,53.563,9.2321,-5.4167
-14.905,0.5327,19.39,4.7568,-16.843,8.4259,153,106.94,120.09,54.716,10.011,-4.3597
-17.006,2.0966,21.535,5.2542,-18.827,10.031,159.91,113.7,124.05,55.8,10.913,-3.6137
-17.693,3.9961,23.131,5.1713,-19.551,11.932,166.49,120.03,127.4,56.814,12.03,-3.208
-16.843,6.0862,24.117,4.4471,-18.947,14.026,172.77,125.89,130.26,57.758,13.412,-3.1165
-14.659,8.1634,24.498,3.1886,-17.229,16.097,178.72,131.32,132.76,58.634,15.059,-3.2571
-11.568,10.067,24.374,1.621,-14.848,17.941,184.25,136.32,134.96,59.443,16.907,-3.51
-8.178,11.74,23.988,0.018123,-12.398,19.476,189.27,140.84,136.85,60.177,18.837,-3.7532
-5.1786,13.224,23.728,-1.3711,-10.487,20.774,193.71,144.75,138.38,60.802,20.697,-3.9001
-3.1804,14.615,24.004,-2.3813,-9.5803,21.994,197.54,147.89,139.49,61.269,22.342,-3.9156
-2.5538,16,25.114,-2.9518,-9.894,23.297,200.79,150.13,140.19,61.526,23.669,-3.8041
-3.3452,17.4,27.21,-3.1088,-11.423,24.79,203.53,151.41,140.5,61.542,24.632,-3.5838
-5.3064,18.77,30.279,-2.9342,-14.011,26.5,205.84,151.8,140.48,61.331,25.235,-3.2651
-7.9993,20.024,34.109,-2.5479,-17.374,28.377,207.81,151.44,140.21,60.946,25.507,-2.8385
-10.902,21.085,38.3,-2.1042,-21.118,30.308,209.53,150.52,139.73,60.456,25.477,-2.2759
-13.479,21.916,42.341,-1.7641,-24.78,32.153,211.06,149.23,139.1,59.914,25.178,-1.5506
-15.264,22.519,45.693,-1.6256,-27.892,33.773,212.41,147.7,138.31,59.329,24.65,-0.67153
-15.993,22.902,47.907,-1.6734,-30.056,35.041,213.57,145.97,137.33,58.663,23.951,0.28641
-15.736,23.061,48.789,-1.7924,-31.077,35.848,214.45,143.98,136.1,57.851,23.167,1.1917
-14.886,22.97,48.51,-1.8129,-31.105,36.127,214.99,141.64,134.55,56.843,22.411,1.93
-14.022,22.592,47.533,-1.5533,-30.613,35.882,215.17,138.86,132.63,55.634,21.811,2.4928
-13.752,21.904,46.414,-0.86573,-30.208,35.205,215.01,135.6,130.36,54.265,21.489,3.0004
-14.531,20.91,45.626,0.30663,-30.382,34.251,214.55,131.82,127.77,52.805,21.519,3.6498
-16.467,19.657,45.465,1.8799,-31.331,33.187,213.83,127.47,124.88,51.325,21.887,4.6211
-19.224,18.231,45.95,3.6205,-32.882,32.11,212.88,122.51,121.66,49.87,22.476,5.9826
-22.104,16.746,46.714,5.196,-34.502,31.01,211.64,116.9,118.05,48.444,23.087,7.644
-24.261,15.323,47.061,6.2709,-35.434,29.789,210.05,110.68,113.98,47.009,23.494,9.3862
-24.955,14.06,46.216,6.6099,-34.966,28.334,208.05,104.02,109.44,45.507,23.509,10.946
-23.803,13.002,43.655,6.1498,-32.716,26.578,205.58,97.138,104.52,43.889,23.047,12.112
-20.894,12.137,39.356,5.0089,-28.768,24.535,202.67,90.32,99.42,42.152,22.168,12.793
-16.702,11.418,33.802,3.4397,-23.594,22.305,199.35,83.789,94.319,40.351,21.06,13.037
-11.89,10.805,27.731,1.7427,-17.875,20.035,195.65,77.659,89.361,38.593,19.99,13
-7.1465,10.299,21.844,0.17361,-12.307,17.878,191.59,71.912,84.587,37.009,19.221,12.888
-3.0617,9.9581,16.643,-1.1235,-7.4507,15.968,187.15,66.428,79.924,35.702,18.935,12.892
-0.019035,9.8536,12.421,-2.1239,-3.668,14.394,182.27,61.034,75.206,34.704,19.185,13.124
1.8775,10.014,9.3225,-2.8741,-1.1434,13.175,176.83,55.566,70.218,33.961,19.878,13.595
2.7812,10.375,7.3563,-3.4276,0.095698,12.242,170.66,49.926,64.792,33.354,20.816,14.232
2.9794,10.786,6.3616,-3.8129,0.19782,11.446,163.6,44.122,58.925,32.75,21.77,14.921
2.7538,11.065,6.0497,-4.0508,-0.49958,10.606,155.52,38.26,52.855,32.059,22.59,15.55
2.3366,11.068,6.1088,-4.1881,-1.5195,9.5937,146.39,32.491,46.992,31.259,23.275,16.049
1.9444,10.75,6.2413,-4.2935,-2.3887,8.3969,136.33,26.935,41.711,30.383,23.933,16.431
1.7801,10.172,6.1524,-4.4124,-2.7758,7.1232,125.54,21.646,37.169,29.484,24.704,16.79
1.9661,9.4558,5.6068,-4.5327,-2.5354,5.9084,114.27,16.621,33.287,28.616,25.688,17.248
2.4745,8.698,4.5152,-4.586,-1.7032,4.8179,102.75,11.851,29.877,27.824,26.892,17.889
3.1097,7.9056,2.9572,-4.468,-0.47882,3.8248,91.167,7.3536,26.764,27.139,28.205,18.716
3.5687,7.0016,1.1435,-4.0738,0.83218,2.8579,79.791,3.1767,23.848,26.57,29.409,19.632
3.5784,5.8856,-0.66139,-3.3519,1.9216,1.8487,68.906,-0.64248,21.087,26.075,30.249,20.465
3.0421,4.4952,-2.2441,-2.3519,2.5918,0.74007,58.744,-4.1156,18.457,25.563,30.516,21.014
2.0996,2.8419,-3.5219,-1.2234,2.8269,-0.52298,49.385,-7.3151,15.929,24.928,30.121,21.11
1.057,1.0161,-4.5349,-0.16581,2.7757,-1.9807,40.761,-10.356,13.456,24.094,29.138,20.675
0.23603,-0.8357,-5.3604,0.64185,2.6492,-3.6223,32.722,-13.36,10.983,23.043,27.797,19.753
-0.17513,-2.5608,-6.0336,1.1039,2.5934,-5.3602,25.126,-16.422,8.4593,21.815,26.424,18.506
-0.19201,-4.0569,-6.5449,1.2446,2.634,-7.0533,17.883,-19.589,5.8451,20.473,25.348,17.16
0.0064225,-5.3115,-6.899,1.197,2.7144,-8.5816,10.967,-22.86,3.1121,19.071,24.801,15.932
0.1965,-6.406,-7.1741,1.1462,2.7777,-9.9177,4.4082,-26.202,0.24055,17.629,24.837,14.958
0.2327,-7.4741,-7.5296,1.248,2.8384,-11.133,-1.7274,-29.559,-2.7764,16.114,25.303,14.25
0.11995,-8.6332,-8.1582,1.558,3.015,-12.335,-7.3676,-32.863,-5.9178,14.456,25.872,13.711
0.030191,-9.9249,-9.2201,2,3.5072,-13.6,-12.468,-36.045,-9.1208,12.581,26.137,13.174
0.26182,-11.3,-10.79,2.3872,4.524,-14.937,-17.028,-39.048,-12.286,10.449,25.75,12.458
1.1218,-12.65,-12.825,2.4957,6.1897,-16.291,-21.095,-41.84,-15.305,8.0865,24.539,11.438
2.7634,-13.861,-15.161,2.1675,8.4669,-17.583,-24.737,-44.417,-18.102,5.588,22.542,10.098
5.0747,-14.87,-17.552,1.4045,11.135,-18.746,-28.022,-46.798,-20.648,3.0929,19.976,8.5438
7.6723,-15.708,-19.737,0.39915,13.832,-19.759,-30.994,-49.01,-22.96,0.74269,17.136,6.9709
10.005,-16.477,-21.515,-0.52537,16.153,-20.654,-33.667,-51.071,-25.081,-1.3729,14.299,5.5794
11.535,-17.297,-22.813,-1.0335,17.772,-21.496,-36.042,-52.994,-27.065,-3.2658,11.642,4.4825
11.925,-18.235,-23.692,-0.88802,18.543,-22.357,-38.126,-54.786,-28.968,-5.0583,9.225,3.6559
11.137,-19.281,-24.318,-0.01714,18.533,-23.277,-39.944,-56.445,-30.829,-6.929,7.0066,2.9625
9.4154,-20.373,-24.889,1.4712,17.975,-24.26,-41.53,-57.95,-32.643,-9.0221,4.8839,2.234
7.1795,-21.424,-25.55,3.3232,17.175,-25.251,-42.901,-59.248,-34.355,-11.37,2.7394,1.3601
4.9011,-22.336,-26.326,5.2044,16.412,-26.148,-44.044,-60.267,-35.876,-13.869,0.52068,0.34053
3.0129,-23.014,-27.112,6.7689,15.872,-26.823,-44.927,-60.947,-37.119,-16.32,-1.6942,-0.71936
1.8363,-23.391,-27.708,7.7293,15.614,-27.163,-45.524,-61.274,-38.042,-18.507,-3.7189,-1.6643
1.5179,-23.44,-27.899,7.9259,15.58,-27.107,-45.851,-61.301,-38.66,-20.269,-5.3572,-2.3624
1.98,-23.19,-27.513,7.3771,15.607,-26.658,-45.97,-61.127,-39.036,-21.542,-6.4917,-2.7582
2.9179,-22.709,-26.435,6.284,15.448,-25.88,-45.968,-60.855,-39.251,-22.361,-7.1125,-2.8847
3.858,-22.094,-24.618,4.9835,14.801,-24.871,-45.916,-60.559,-39.374,-22.832,-7.3,-2.8339
4.2798,-21.453,-22.118,3.854,13.433,-23.746,-45.843,-60.25,-39.438,-23.095,-7.1908,-2.7093
3.7971,-20.887,-19.147,3.2057,11.312,-22.629,-45.723,-59.887,-39.438,-23.282,-6.9363,-2.5845
2.3286,-20.478,-16.072,3.1961,8.6586,-21.651,-45.498,-59.396,-39.351,-23.486,-6.6584,-2.4831
0.14995,-20.276,-13.373,3.7899,5.8999,-20.94,-45.104,-58.706,-39.151,-23.747,-6.4156,-2.3809
-2.1903,-20.281,-11.57,4.773,3.6129,-20.585,-44.503,-57.773,-38.83,-24.046,-6.1931,-2.2295
-4.0353,-20.444,-11.09,5.8196,2.4013,-20.612,-43.696,-56.602,-38.405,-24.334,-5.928,-1.9955
-4.8223,-20.688,-12.119,6.59,2.6874,-20.985,-42.728,-55.252,-37.915,-24.561,-5.5614,-1.7023
-4.2245,-20.944,-14.514,6.837,4.5483,-21.618,-41.67,-53.824,-37.428,-24.724,-5.0949,-1.4503
-2.226,-21.172,-17.846,6.4919,7.6891,-22.405,-40.606,-52.44,-37.022,-24.881,-4.6217,-1.394
0.80279,-21.368,-21.518,5.6856,11.523,-23.239,-39.609,-51.205,-36.77,-25.126,-4.3075,-1.6739
4.1362,-21.564,-24.888,4.7011,15.292,-24.018,-38.715,-50.17,-36.7,-25.544,-4.3292,-2.3359
6.8863,-21.793,-27.361,3.8958,18.206,-24.644,-37.909,-49.313,-36.781,-26.16,-4.8075,-3.2892
8.2152,-22.065,-28.468,3.6076,19.58,-25.021,-37.139,-48.543,-36.923,-26.931,-5.7738,-4.3384
7.5519,-22.351,-27.964,4.0452,18.989,-25.065,-36.338,-47.747,-37.025,-27.775,-7.1822,-5.2749
4.8534,-22.576,-25.91,5.1904,16.447,-24.728,-35.457,-46.839,-37.015,-28.619,-8.9456,-5.9771
0.69412,-22.635,-22.652,6.7784,12.447,-24.011,-34.486,-45.786,-36.875,-29.422,-10.966,-6.459
-3.9338,-22.406,-18.733,8.3788,7.8035,-22.947,-33.437,-44.61,-36.641,-30.186,-13.144,-6.8399
-7.9448,-21.761,-14.777,9.5318,3.4255,-21.578,-32.322,-43.358,-36.359,-30.923,-15.37,-7.2625
-10.49,-20.584,-11.329,9.8803,0.091049,-19.923,-31.124,-42.062,-36.057,-31.631,-17.525,-7.8105
-11.197,-18.793,-8.7038,9.2699,-1.7341,-17.967,-29.791,-40.716,-35.717,-32.272,-19.493,-8.4683
-10.2,-16.374,-6.8879,7.7823,-2.039,-15.66,-28.249,-39.277,-35.278,-32.785,-21.191,-9.1301
-8.0112,-13.399,-5.5362,5.6909,-1.2705,-12.922,-26.432,-37.691,-34.656,-33.11,-22.576,-9.6493
-5.3519,-10.006,-4.1042,3.3605,-0.12902,-9.6662,-24.305,-35.931,-33.782,-33.21,-23.649,-9.9021
-2.9653,-6.3272,-2.0412,1.1318,0.68213,-5.8443,-21.88,-34.019,-32.634,-33.079,-24.437,-9.8363
-1.3728,-2.4296,1.0446,-0.78171,0.6523,-1.4918,-19.208,-32.032,-31.246,-32.735,-24.976,-9.4858
-0.74561,1.6814,5.2413,-2.3461,-0.42743,3.2482,-16.372,-30.079,-29.701,-32.209,-25.286,-8.948
-0.93197,5.9923,10.257,-3.6767,-2.4219,8.1508,-13.466,-28.268,-28.098,-31.526,-25.347,-8.3371
-1.5597,10.427,15.547,-4.949,-4.9026,12.975,-10.576,-26.669,-26.517,-30.689,-25.092,-7.7323
-2.205,14.856,20.606,-6.3154,-7.3671,17.528,-7.7651,-25.293,-24.985,-29.669,-24.434,-7.1412
-2.5796,19.163,25.175,-7.8752,-9.4886,21.707,-5.0605,-24.087,-23.468,-28.413,-23.311,-6.4971
-2.6447,23.29,29.252,-9.6895,-11.21,25.495,-2.4603,-22.958,-21.881,-26.869,-21.714,-5.6882
-2.5839,27.248,33.001,-11.787,-12.686,28.936,0.048411,-21.808,-20.127,-25.004,-19.703,-4.6089
-2.6246,31.087,36.625,-14.124,-14.129,32.079,2.46,-20.572,-18.144,-22.827,-17.39,-3.2091
-2.8285,34.872,40.152,-16.584,-15.616,34.929,4.728,-19.246,-15.939,-20.394,-14.916,-1.5202
-3.0014,38.668,43.279,-19.119,-16.965,37.424,6.756,-17.893,-13.611,-17.8,-12.412,0.35301
-2.7562,42.51,45.488,-21.911,-17.76,39.458,8.4071,-16.629,-11.32,-15.158,-9.9739,2.273
-1.6949,46.366,46.373,-25.323,-17.564,40.948,9.5325,-15.584,-9.2391,-12.57,-7.6283,4.1305
0.37673,50.101,45.894,-29.583,-16.182,41.88,10.016,-14.861,-7.4999,-10.102,-5.3332,5.891
3.3243,53.503,44.373,-34.431,-13.82,42.319,9.813,-14.508,-6.1655,-7.7784,-3.0065,7.5967
6.7218,56.381,42.334,-39.166,-11.047,42.401,8.9619,-14.509,-5.2297,-5.5948,-0.5796,9.3287
10.027,58.666,40.346,-43.201,-8.5657,42.312,7.5482,-14.804,-4.635,-3.5459,1.9552,11.16
12.798,60.436,38.878,-46.428,-6.8786,42.243,5.6484,-15.306,-4.3011,-1.6402,4.5272,13.112
14.863,61.845,38.121,-49.072,-6.0539,42.308,3.2999,-15.923,-4.1551,0.10193,7.0088,15.131
16.368,63.036,37.862,-51.454,-5.7222,42.494,0.52362,-16.577,-4.1441,1.6659,9.259,17.092
17.726,64.075,37.559,-53.843,-5.2867,42.661,-2.6271,-17.204,-4.2293,3.0598,11.166,18.847
19.479,64.931,36.591,-56.351,-4.2173,42.601,-6.0397,-17.757,-4.378,4.3152,12.675,20.278
22.07,65.514,34.521,-58.902,-2.2298,42.128,-9.5636,-18.215,-4.5671,5.471,13.794,21.335
25.64,65.758,31.253,-61.298,0.66951,41.159,-13.062,-18.594,-4.7913,6.5548,14.588,22.056
29.97,65.677,27.066,-63.321,4.1656,39.759,-16.451,-18.925,-5.06,7.578,15.173,22.561
34.521,65.367,22.549,-64.79,7.6687,38.118,-19.694,-19.232,-5.3806,8.5452,15.699,23.031
38.565,64.941,18.412,-65.594,10.491,36.485,-22.778,-19.5,-5.7396,9.4671,16.325,23.669
41.398,64.465,15.251,-65.705,12.109,35.076,-25.675,-19.666,-6.0956,10.366,17.189,24.652
42.666,63.946,13.335,-65.227,12.37,33.997,-28.336,-19.647,-6.3925,11.263,18.356,26.072
42.623,63.359,12.484,-64.415,11.555,33.214,-30.702,-19.38,-6.5877,12.156,19.792,27.899
42.063,62.676,12.12,-63.631,10.309,32.572,-32.726,-18.853,-6.6762,13.006,21.366,30.002
41.992,61.852,11.51,-63.237,9.4331,31.844,-34.387,-18.112,-6.691,13.757,22.906,32.215
43.234,60.809,10.076,-63.466,9.5861,30.796,-35.692,-17.221,-6.6793,14.374,24.272,34.423
46.109,59.434,7.5984,-64.35,11.07,29.265,-36.656,-16.23,-6.6689,14.873,25.413,36.593
50.316,57.623,4.2456,-65.724,13.795,27.214,-37.284,-15.147,-6.6471,15.332,26.364,38.751
55.078,55.349,0.47306,-67.281,17.346,24.778,-37.569,-13.942,-6.5644,15.852,27.217,40.924
59.47,52.696,-3.1676,-68.661,21.087,22.212,-37.507,-12.576,-6.3622,16.507,28.063,43.062
62.715,49.811,-6.2401,-69.54,24.337,19.776,-37.116,-11.028,-6.0126,17.299,28.949,44.997
64.327,46.795,-8.5584,-69.688,26.617,17.586,-36.453,-9.3352,-5.5523,18.128,29.85,46.458
64.177,43.645,-10.205,-68.947,27.814,15.564,-35.607,-7.6084,-5.0924,18.815,30.679,47.147
62.485,40.276,-11.438,-67.146,28.138,13.502,-34.687,-6.0253,-4.7956,19.145,31.307,46.829
59.757,36.612,-12.538,-64.149,27.918,11.173,-33.795,-4.7861,-4.832,18.928,31.608,45.395
56.517,32.654,-13.663,-60.003,27.395,8.433,-32.995,-4.0451,-5.3273,18.059,31.5,42.888
52.897,28.472,-14.754,-54.864,26.592,5.2921,-32.286,-3.8437,-6.3195,16.555,30.958,39.493
48.542,24.151,-15.553,-48.834,25.33,1.9322,-31.601,-4.0841,-7.7378,14.565,30.003,35.485
42.997,19.739,-15.739,-41.999,23.369,-1.3453,-30.836,-4.5671,-9.4237,12.322,28.67,31.139
36.11,15.244,-15.098,-34.499,20.553,-4.2426,-29.903,-5.0803,-11.194,10.051,26.981,26.658
28.125,10.671,-13.647,-26.507,16.94,-6.5913,-28.78,-5.4896,-12.921,7.8686,24.937,22.174
19.709,6.0596,-11.657,-18.361,12.893,-8.4036,-27.536,-5.7878,-14.577,5.747,22.516,17.786
11.849,1.5151,-9.6017,-10.857,8.9763,-9.8376,-26.299,-6.0827,-16.23,3.5561,19.683,13.577
5.3718,-2.801,-8.042,-4.95,5.7511,-11.12,-25.213,-6.5395,-17.986,1.1576,16.431,9.5992
0.6113,-6.7403,-7.4497,-0.89736,3.6531,-12.462,-24.38,-7.305,-19.93,-1.5094,12.816,5.8596
-2.4423,-10.234,-8.0232,1.7431,2.8804,-13.979,-23.837,-8.4495,-22.075,-4.3844,8.9957,2.385
-4.0624,-13.288,-9.569,3.5171,3.2441,-15.647,-23.554,-9.9479,-24.356,-7.2989,5.2204,-0.69351
-4.7999,-15.931,-11.532,4.8468,4.1638,-17.308,-23.465,-11.7,-26.65,-10.038,1.7835,-3.1624
-5.344,-18.164,-13.192,6.0382,4.8939,-18.735,-23.5,-13.572,-28.824,-12.426,-1.0739,-4.863
-6.2653,-19.967,-13.944,7.2592,4.8355,-19.736,-23.617,-15.438,-30.781,-14.389,-3.2566,-5.8107
-7.7848,-21.321,-13.538,8.5084,3.7569,-20.24,-23.812,-17.213,-32.486,-15.973,-4.8501,-6.2087
-9.7047,-22.238,-12.157,9.644,1.8625,-20.317,-24.109,-18.866,-33.962,-17.308,-6.0753,-6.3731
-11.553,-22.775,-10.323,10.475,-0.29222,-20.152,-24.538,-20.409,-35.26,-18.536,-7.1879,-6.6212
-12.83,-23.03,-8.6713,10.868,-2.0376,-19.959,-25.112,-21.881,-36.431,-19.752,-8.3719,-7.1699
-13.219,-23.114,-7.7121,10.809,-2.8774,-19.907,-25.818,-23.314,-37.499,-20.968,-9.6751,-8.0739
-12.703,-23.135,-7.6735,10.416,-2.6751,-20.073,-26.609,-24.712,-38.455,-22.108,-11.003,-9.2154
-11.554,-23.163,-8.4594,9.8854,-1.6587,-20.432,-27.421,-26.043,-39.262,-23.044,-12.166,-10.35
-10.202,-23.223,-9.7308,9.4138,-0.26419,-20.885,-28.185,-27.253,-39.879,-23.647,-12.964,-11.209
-9.0328,-23.295,-11.07,9.1167,1.0816,-21.304,-28.854,-28.297,-40.291,-23.861,-13.294,-11.627
-8.2276,-23.327,-12.145,8.9856,2.1168,-21.582,-29.417,-29.175,-40.53,-23.739,-13.216,-11.621
-7.7077,-23.271,-12.817,8.8991,2.8011,-21.673,-29.894,-29.931,-40.668,-23.428,-12.929,-11.381
-7.224,-23.102,-13.156,8.6825,3.2888,-21.605,-30.316,-30.638,-40.789,-23.11,-12.682,-11.165
-6.5101,-22.828,-13.371,8.1942,3.8272,-21.469,-30.709,-31.361,-40.958,-22.921,-12.658,-11.191
-5.4236,-22.485,-13.676,7.4028,4.6056,-21.369,-31.092,-32.134,-41.197,-22.908,-12.912,-11.555
-4.033,-22.134,-14.162,6.4225,5.6373,-21.374,-31.459,-32.955,-41.487,-23.011,-13.357,-12.206
-2.6192,-21.836,-14.765,5.4815,6.7394,-21.485,-31.802,-33.786,-41.782,-23.111,-13.807,-12.971
-1.5676,-21.632,-15.317,4.8304,7.6276,-21.65,-32.1,-34.582,-42.029,-23.081,-14.055,-13.621
-1.18,-21.518,-15.653,4.6314,8.0643,-21.794,-32.33,-35.292,-42.193,-22.84,-13.947,-13.965
-1.5149,-21.442,-15.699,4.8825,7.9779,-21.849,-32.473,-35.856,-42.251,-22.38,-13.447,-13.926
-2.3532,-21.314,-15.498,5.4168,7.4917,-21.779,-32.491,-36.18,-42.171,-21.758,-12.64,-13.571
-3.2958,-21.04,-15.176,5.9714,6.8591,-21.575,-32.306,-36.101,-41.887,-21.047,-11.688,-13.07
-3.9346,-20.55,-14.856,6.2867,6.3428,-21.238,-31.756,-35.357,-41.26,-20.276,-10.752,-12.621
-4.0163,-19.801,-14.569,6.1878,6.0918,-20.749,-30.579,-33.584,-40.055,-19.378,-9.9169,-12.364
-3.5255,-18.768,-14.21,5.6231,6.0754,-20.044,-28.396,-30.364,-37.922,-18.154,-9.1299,-12.322
-2.6635,-17.425,-13.565,4.659,6.1061,-19.015,-24.74,-25.388,-34.48,-16.28,-8.187,-12.369
-1.7378,-15.747,-12.393,3.4436,5.939,-17.531,-19.303,-19.103,-29.826,-13.384,-6.7736,-12.259
-1.0132,-13.71,-10.531,2.1484,5.3958,-15.475,-13.514,-15.046,-26.297,-9.203,-4.5815,-11.691
-0.59167,-11.305,-7.9806,0.90584,4.4611,-12.806,-14.008,-18.555,-29.184,-3.959,-1.5195,-10.395
-0.37802,-8.5384,-4.9872,-0.23939,3.3095,-9.641,-21.319,-22.858,-35.384,0.90296,1.8919,-8.2432
-0.13944,-5.4147,-2.0273,-1.3514,2.2371,-6.278,-23.733,-19.739,-36.463,2.192,3.5691,-5.5818
0.39616,-1.9032,0.3991,-2.6179,1.486,-3.0151,-19.213,-8.0711,-31.075,-1.2331,-0.97604,-4.0821
1.4687,2.0979,2.0998,-4.4643,1.0518,0.10513,-7.5347,7.6121,-18.078,-2.3212,-5.1569,-4.6103
3.2695,6.7586,3.3279,-7.8004,0.68963,3.3471,12.511,27.851,4.1533,4.2249,-2.5722,-2.7462
5.2015,12.254,4.6036,-11.683,0.097961,7.1174,41.773,74.578,35.382,17.749,3.3367,1.5291
3.0125,18.273,6.3486,-10.182,-1.3179,11.718,86.55,137.71,74.004,38.114,13.561,7.6495
1.7507,21.67,8.5551,-12.228,-4.6854,17.064,145.4,202.74,116.61,66.236,30.475,16.715
3.8255,22.475,10.684,-17.607,-8.4131,22.515,207.08,258.21,156.96,101.42,55.903,29.758
8.5305,28.717,11.816,-24.269,-8.9038,27.083,258.57,289.88,187.28,139.8,89.653,47.168
17.067,36.157,11.024,-32.406,-4.5266,29.905,286.61,284.66,200.97,176.54,129.34,68.572
30.63,43.622,7.8042,-42.989,5.6383,30.824,282.89,235.21,194.97,209.26,172.61,93.381
50.685,53.234,2.2857,-57.961,21.694,30.793,245.35,142.44,169.53,239.04,220.3,122.1
79.101,68.45,-5.8432,-79.759,43.244,31.504,177.4,14.638,127.6,269.65,275.75,156.69
116.61,92.58,-19.688,-110.04,69.029,35.262,84.935,-135.49,76.483,306.41,342.55,199.23
161.16,127.27,-29.654,-148.87,96.923,44.413,-27.741,-291.76,25.683,354.61,423.85,251.07
210.1,171.83,-32.359,-195.67,124.59,59.675,-160.27,-442.63,-17.959,418.29,521.84,312.91
262.44,223.76,-30.331,-248.78,151.02,81.527,-315.72,-584.5,-52.327,499.83,637.51,384.69
318.45,279.58,-28.557,-305.6,178.38,111.89,-497.94,-718.27,-79.228,599.8,769.9,465.24
379.57,334.93,-33.55,-364.09,211.13,142.38,-708.85,-847.83,-103.01,715.31,915.85,552.18
447.17,384.97,-51.685,-422.79,253.01,159.39,-946.13,-979.07,-129.29,837.89,1069.6,641.87
520.68,425.65,-87.046,-479.54,305.36,162.57,-1201.8,-1117.3,-163.28,955.12,1222.3,729.48
598.05,454.83,-138.03,-532.07,367.89,153.51,-1462,-1262.7,-208.11,1055.7,1364.1,809.98
676.49,472.25,-198.7,-579.02,438.65,133.67,-1709.5,-1407.4,-263.57,1132.3,1485.5,878.76
751.16,478.51,-266.02,-619.02,512.41,104.76,-1926.2,-1536.6,-325.33,1181,1578.7,931.73
816.94,473.83,-336.79,-649.53,582.8,68.529,-2097,-1633,-385.78,1201.4,1638.2,965.4
869.7,457.43,-406.92,-667.58,644.71,26.096,-2211,-1683.7,-437.54,1195,1661.1,977.03
904.99,427.5,-473.92,-670.46,694.88,-22.425,-2263.8,-1684.5,-477.66,1164,1646.5,965.03
918.7,381.58,-536.99,-655.71,731.63,-77.622,-2257.2,-1641.9,-506.55,1108.9,1595,929.12
908.07,317.38,-595.08,-620.75,753.84,-139.91,-2197.9,-1570.5,-526.27,1026.7,1506.9,870.12
871.23,234.28,-645.54,-563.53,759.87,-208.36,-2095.9,-1488.9,-546.02,911.59,1381.7,789.75
807.43,134.67,-684.44,-484.17,747.53,-279.95,-1961.4,-1414.7,-578.94,758.08,1217.6,690.72
719.07,24.68,-707.49,-386.65,715.49,-349.27,-1803.9,-1359.3,-632.06,565.11,1014.8,577.05
612.56,-86.009,-710.34,-279.29,664.36,-408.59,-1630.9,-1324,-704.34,339.44,778.94,454.3
497.74,-185.68,-689.84,-173.05,597.38,-449.51,-1449.1,-1298.8,-785.59,96.251,523.96,329.66
385.94,-263.38,-647.15,-78.507,520.45,-466.12,-1265.8,-1265.9,-858.86,-141.79,271.29,211.73
286.69,-312.01,-586.97,-3.3481,439.98,-457.27,-1088.3,-1210.7,-906.22,-347.84,45.204,109.18
205.15,-330.01,-514.98,48.774,361.94,-426.36,-922.4,-1130.4,-914.43,-497.78,-133.22,28.767
142.19,-321.08,-437.78,78.185,291.17,-379.7,-772.35,-1027.6,-878.7,-578.35,-251.8,-26.116
96.013,-292.44,-361.85,88.529,230.07,-324.78,-640.46,-907.55,-804.22,-591.34,-310.33,-56.846
62.866,-252.56,-291.32,85.303,178.43,-268.5,-527.18,-779.76,-703.95,-551.46,-319.16,-68.7
38.821,-209.15,-228.07,74.751,134.58,-215.83,-431.72,-654.18,-593.24,-479.74,-294.34,-68.74
20.186,-167.98,-173.74,62.743,97.872,-169.65,-351.78,-538.19,-484.65,-396.84,-253.05,-63.93
4.3082,-132.26,-128.81,53.066,66.977,-131.25,-284.39,-436.16,-386.42,-318.3,-209.87,-59.074
-8.3582,-103.34,-91.206,43.214,40.668,-100.75,-227.46,-350.66,-303.46,-252.77,-173.03,-56.445
-16.865,-82.711,-60.604,24.327,20.767,-77.4,-180.17,-282.57,-237.79,-202.65,-144.75,-56.326
-21.357,-69.451,-38.678,22.312,7.8783,-60.027,-142.36,-230.68,-188.4,-166.53,-123.96,-44.347
-15.279,-59.915,-24.749,22.315,0.42247,-47.51,-113.56,-192.24,-152.05,-141.28,-107.5,-34.686
-9.3466,-52.21,-16.734,21.265,-3.3941,-38.752,-92.473,-163.79,-125.21,-121.98,-92.956,-34.02
-8.3629,-45.916,-12.633,19.313,-4.6591,-32.826,-77.319,-141.75,-104.89,-104.04,-80.924,-32.979
-8.3057,-40.581,-11.481,17.292,-0.704,-29.429,-66.43,-123.22,-88.639,-86.746,-69.454,-30.887
-8.4434,-35.009,-14.971,15.675,4.972,-29.09,-59.564,-106.54,-74.754,-71.815,-57.365,-28.287
-8.6968,-30.753,-18.602,14.508,5.2722,-28.309,-57.151,-92.44,-62.414,-60.74,-46.304,-25.777
-9.013,-28.261,-17.059,13.649,3.8419,-26.046,-53.936,-85.966,-51.542,-54.142,-37.676,-23.754
-9.3001,-26.598,-14.756,12.926,2.288,-24.069,-49.033,-83.594,-43.949,-50.684,-31.28,-22.375
-9.4877,-25.402,-12.728,12.233,1.041,-22.539,-44.421,-78.792,-40.94,-47.95,-27.019,-21.585
-9.6024,-24.569,-11.118,11.568,0.13319,-21.43,-40.615,-73.664,-38.084,-45.273,-24.231,-21.171
-9.8043,-24.03,-9.7721,11.017,-0.6527,-20.652,-37.54,-69.248,-34.549,-42.732,-22.254,-20.85
-10.337,-23.704,-8.4227,10.714,-1.6382,-20.055,-35.012,-65.545,-30.851,-40.306,-20.643,-20.378
-11.403,-23.531,-6.8946,10.769,-3.0417,-19.521,-32.875,-62.368,-27.278,-37.97,-19.137,-19.629
-13.044,-23.486,-5.2415,11.237,-4.8374,-19.024,-31.033,-59.57,-23.992,-35.769,-17.669,-18.622
-15.075,-23.575,-3.7542,12.093,-6.7392,-18.632,-29.459,-57.09,-21.114,-33.809,-16.333,-17.492
-17.131,-23.825,-2.8561,13.237,-8.2906,-18.474,-28.168,-54.929,-18.713,-32.213,-15.275,-16.424
-18.767,-24.254,-2.9235,14.494,-9.03,-18.669,-27.196,-53.112,-16.805,-31.062,-14.597,-15.59
-19.603,-24.836,-4.1041,15.657,-8.6798,-19.258,-26.566,-51.645,-15.362,-30.369,-14.318,-15.089
-19.438,-25.488,-6.2164,16.518,-7.2686,-20.15,-26.259,-50.495,-14.32,-30.072,-14.382,-14.922
-18.316,-26.092,-8.7815,16.923,-5.1379,-21.138,-26.206,-49.577,-13.573,-30.049,-14.675,-14.988
-16.513,-26.527,-11.173,16.811,-2.8294,-21.976,-26.289,-48.757,-12.976,-30.137,-15.052,-15.113
-14.449,-26.718,-12.832,16.244,-0.89969,-22.471,-26.382,-47.888,-12.367,-30.172,-15.393,-15.119
-12.562,-26.666,-13.459,15.386,0.25792,-22.56,-26.392,-46.85,-11.616,-30.037,-15.639,-14.894
-11.194,-26.457,-13.103,14.467,0.52207,-22.335,-26.299,-45.592,-10.675,-29.697,-15.814,-14.449
-10.515,-26.237,-12.12,13.714,0.054811,-21.999,-26.158,-44.157,-9.6146,-29.214,-16.012,-13.909
-10.499,-26.156,-11.028,13.293,-0.7811,-21.791,-26.078,-42.664,-8.5856,-28.731,-16.37,-13.467
-10.96,-26.309,-10.321,13.264,-1.5643,-21.887,-26.172,-41.264,-7.7616,-28.421,-17,-13.297
-11.639,-26.696,-10.317,13.574,-1.959,-22.337,-26.51,-40.063,-7.263,-28.408,-17.912,-13.471
-12.302,-27.228,-11.074,14.103,-1.8139,-23.06,-27.086,-39.083,-7.1007,-28.691,-18.977,-13.913
-12.824,-27.778,-12.405,14.726,-1.2041,-23.889,-27.807,-38.239,-7.1617,-29.131,-19.951,-14.419
-13.225,-28.23,-13.978,15.367,-0.37747,-24.652,-28.53,-37.365,-7.2439,-29.506,-20.576,-14.74
-13.626,-28.533,-15.464,16.012,0.38521,-25.23,-29.11,-36.277,-7.1302,-29.601,-20.682,-14.694
-14.13,-28.704,-16.64,16.669,0.91263,-25.597,-29.442,-34.843,-6.6713,-29.298,-20.26,-14.256
-14.699,-28.784,-17.444,17.299,1.2058,-25.796,-29.496,-33.015,-5.8316,-28.605,-19.463,-13.574
-15.095,-28.791,-17.954,17.762,1.4098,-25.885,-29.302,-30.83,-4.6733,-27.631,-18.539,-12.902
-14.976,-28.688,-18.264,17.847,1.7157,-25.869,-28.906,-28.353,-3.2849,-26.512,-17.731,-12.463
-14.08,-28.38,-18.373,17.355,2.24,-25.673,-28.331,-25.624,-1.7262,-25.322,-17.158,-12.346
-12.376,-27.764,-18.153,16.195,2.9415,-25.177,-27.545,-22.621,0.0097922,-24.023,-16.747,-12.453
-10.102,-26.78,-17.419,14.436,3.6217,-24.282,-26.477,-19.264,1.984,-22.476,-16.246,-12.537
-7.7048,-25.45,-16.038,12.314,4.0082,-22.959,-25.059,-15.457,4.2692,-20.509,-15.325,-12.307
-5.7006,-23.878,-14.01,10.176,3.8696,-21.27,-23.271,-11.138,6.9022,-18.016,-13.736,-11.56
-4.5287,-22.227,-11.502,8.3904,3.1036,-19.356,-21.172,-6.3216,9.8539,-15.043,-11.447,-10.285
-4.4299,-20.673,-8.8272,7.235,1.7661,-17.431,-18.892,-1.1126,13.021,-11.815,-8.6779,-8.6732
-5.3924,-19.35,-6.3552,6.8205,0.040906,-15.727,-16.589,4.3195,16.249,-8.6616,-5.8292,-7.0487
-7.163,-18.291,-4.3636,7.055,-1.8317,-14.406,-14.389,9.8071,19.378,-5.8835,-3.328,-5.7378
-9.3144,-17.398,-2.9053,7.6739,-3.6349,-13.45,-12.33,15.26,22.329,-3.634,-1.483,-4.9463
-11.363,-16.491,-1.8041,8.3313,-5.2249,-12.674,-10.346,20.707,25.149,-1.8653,-0.39376,-4.6925
-12.909,-15.406,-0.7883,8.7149,-6.535,-11.83,-8.2991,26.279,27.996,-0.36594,0.056423,-4.8271
-13.738,-14.104,0.34014,8.6398,-7.5352,-10.747,-6.0346,32.137,31.077,1.1354,0.12006,-5.124
-13.827,-12.699,1.5941,8.0815,-8.1724,-9.4132,-3.4384,38.408,34.585,2.8458,0.052399,-5.3934
-13.219,-11.402,2.7753,7.1444,-8.341,-7.9794,-0.46754,45.148,38.654,4.8199,-0.0092439,-5.5667
-11.931,-10.4,3.5449,6.0023,-7.9099,-6.6935,2.8567,52.344,43.341,6.9517,-0.091053,-5.712
-10.02,-9.7765,3.5824,4.8483,-6.7929,-5.792,6.4848,59.945,48.611,9.0518,-0.33443,-5.9743
-7.7059,-9.5052,2.7719,3.8533,-5.0489,-5.3927,10.384,67.888,54.36,10.961,-0.88849,-6.4787
-5.3957,-9.4737,1.3254,3.1397,-2.9684,-5.4231,14.563,76.109,60.47,12.625,-1.8022,-7.2522
-3.5869,-9.5185,-0.21651,2.7762,-1.0693,-5.6128,19.073,84.527,66.837,14.107,-2.9688,-8.2008
-2.7218,-9.4537,-1.1296,2.7767,0.038641,-5.5707,23.977,93.018,73.346,15.537,-4.1373,-9.1451
-3.0496,-9.1132,-0.76084,3.0973,-0.13196,-4.9281,29.317,101.4,79.832,17.058,-4.9792,-9.8813
-4.5472,-8.4105,1.2143,3.6457,-1.7582,-3.4946,35.086,109.45,86.094,18.778,-5.1881,-10.238
-6.9324,-7.3897,4.6569,4.3101,-4.6343,-1.3542,41.225,116.99,91.954,20.745,-4.5652,-10.123
-9.7675,-6.2188,9.0259,4.9946,-8.2487,1.166,47.664,123.94,97.325,22.963,-3.0534,-9.5453
-12.603,-5.1112,13.627,5.6411,-11.987,3.6679,54.374,130.35,102.23,25.414,-0.7285,-8.6182
-15.103,-4.2169,17.911,6.2299,-15.36,5.889,61.425,136.37,106.81,28.065,2.2221,-7.5127
-17.117,-3.5517,21.649,6.7646,-18.154,7.8052,68.985,142.18,111.21,30.866,5.5266,-6.4065
-18.672,-3.0041,24.929,7.2542,-20.47,9.5904,77.259,147.92,115.58,33.748,8.874,-5.4499
-19.889,-2.4042,28.018,7.6978,-22.625,11.484,86.377,153.63,119.93,36.629,11.988,-4.7531
-20.886,-1.6081,31.157,8.0763,-24.916,13.648,96.298,159.27,124.16,39.423,14.707,-4.3608
-21.715,-0.55088,34.365,8.3518,-27.394,16.071,106.79,164.7,128.12,42.038,17.013,-4.2115
-22.348,0.74714,37.401,8.4736,-29.801,18.565,117.5,169.78,131.61,44.387,18.988,-4.1362
-22.703,2.2042,39.9,8.3951,-31.735,20.849,128.04,174.4,134.53,46.415,20.768,-3.9217
-22.705,3.7112,41.597,8.0971,-32.867,22.682,138.09,178.46,136.83,48.113,22.493,-3.4
-22.355,5.1631,42.445,7.6084,-33.081,23.952,147.38,181.95,138.53,49.494,24.248,-2.5256
-21.765,6.4875,42.589,7.0026,-32.489,24.69,155.75,184.83,139.68,50.559,26.014,-1.4084
-21.116,7.668,42.273,6.3595,-31.39,25.028,163.13,187.12,140.34,51.28,27.661,-0.2845
-20.538,8.7506,41.75,5.7126,-30.159,25.157,169.52,188.83,140.55,51.606,28.996,0.56869
-20.02,9.8207,41.202,5.0214,-29.071,25.263,175,189.99,140.37,51.495,29.843,0.94078
-19.386,10.96,40.664,4.1909,-28.136,25.47,179.65,190.66,139.85,50.957,30.125,0.76888
-18.359,12.202,40.013,3.1273,-27.087,25.806,183.59,190.91,139.05,50.069,29.902,0.14897
-16.685,13.515,39.067,1.7964,-25.57,26.205,186.94,190.84,138.06,48.97,29.355,-0.71648
-14.278,14.811,37.725,0.25242,-23.388,26.567,189.79,190.52,136.95,47.828,28.714,-1.5942
-11.288,15.988,36.036,-1.3727,-20.651,26.818,192.25,190.02,135.78,46.779,28.183,-2.2862
-8.1075,16.96,34.184,-2.8991,-17.748,26.959,194.37,189.35,134.56,45.875,27.879,-2.6689
-5.2868,17.68,32.492,-4.1326,-15.233,27.064,196.16,188.51,133.25,45.065,27.82,-2.696
-3.3928,18.139,31.4,-4.9038,-13.67,27.248,197.57,187.41,131.74,44.218,27.941,-2.3729
-2.8447,18.366,31.332,-5.1084,-13.478,27.615,198.53,185.99,129.91,43.192,28.142,-1.7233
-3.8118,18.423,32.554,-4.7281,-14.82,28.215,198.95,184.16,127.63,41.888,28.326,-0.78041
-6.2138,18.38,35.107,-3.8196,-17.608,29.044,198.76,181.91,124.8,40.282,28.45,0.40329
-9.7877,18.298,38.793,-2.4843,-21.574,30.046,197.94,179.24,121.37,38.422,28.533,1.7605
-14.127,18.217,43.161,-0.84722,-26.298,31.131,196.53,176.21,117.35,36.401,28.606,3.2405
-18.695,18.154,47.574,0.94659,-31.214,32.19,194.6,172.89,112.81,34.314,28.645,4.8212
-22.875,18.103,51.349,2.728,-35.673,33.109,192.25,169.29,107.78,32.203,28.507,6.4634
-26.083,18.05,53.897,4.3038,-39.075,33.767,189.48,165.39,102.3,30.043,27.945,8.0637
-27.874,17.983,54.804,5.4718,-40.944,34.056,186.2,161.15,96.366,27.758,26.661,9.4539
-27.983,17.918,53.941,6.0566,-41,33.92,182.25,156.5,90.031,25.264,24.409,10.436
-26.389,17.908,51.565,5.9492,-39.301,33.406,177.4,151.44,83.407,22.523,21.103,10.839
-23.385,18.026,48.284,5.1338,-36.286,32.663,171.44,145.99,76.671,19.579,16.883,10.573
-19.567,18.332,44.856,3.6969,-32.629,31.896,164.34,140.24,70.036,16.569,12.086,9.6674
-15.705,18.839,41.981,1.8218,-29.056,31.307,156.28,134.31,63.674,13.69,7.1519,8.2782
-12.534,19.495,40.164,-0.23865,-26.238,31.01,147.58,128.28,57.637,11.121,2.5045,6.647
-10.498,20.181,39.531,-2.216,-24.52,30.961,138.48,122.16,51.829,8.9548,-1.5365,5.0443
-9.5516,20.735,39.668,-3.8903,-23.64,30.936,129.02,115.81,46.068,7.1733,-4.7816,3.7175
-9.1954,20.991,39.709,-5.1406,-22.887,30.591,119.02,109.04,40.231,5.6686,-7.1463,2.856
-8.7543,20.823,38.659,-5.9616,-21.528,29.572,108.21,101.67,34.388,4.2878,-8.6131,2.56
-7.6744,20.18,35.803,-6.4467,-19.14,27.651,96.469,93.639,28.804,2.8778,-9.2127,2.814
-5.7126,19.1,31.043,-6.7376,-15.688,24.816,84.025,85.113,23.776,1.3307,-9.0266,3.504
-2.9968,17.673,24.931,-6.9515,-11.449,21.288,71.484,76.418,19.461,-0.37263,-8.1834,4.4958
0.047477,15.984,18.354,-7.1188,-6.9054,17.436,59.56,67.922,15.828,-2.1432,-6.8268,5.7219
2.8647,14.062,12.139,-7.1696,-2.6346,13.619,48.673,59.89,12.726,-3.8122,-5.0744,7.2118
4.9537,11.887,6.8067,-6.97,0.86638,10.062,38.816,52.413,9.973,-5.2047,-3.0277,9.0323
6.0097,9.43,2.5157,-6.386,3.3255,6.8057,29.734,45.453,7.398,-6.2193,-0.83021,11.191
5.9836,6.7225,-0.85504,-5.3498,4.741,3.7491,21.146,38.938,4.8752,-6.8709,1.2977,13.583
5.0644,3.8662,-3.5771,-3.8961,5.3356,0.72742,12.876,32.829,2.3345,-7.2849,3.0883,15.997
3.6017,0.97965,-5.9455,-2.1525,5.4537,-2.3968,4.8909,27.119,-0.24489,-7.6587,4.2948,18.166
1.9957,-1.8658,-8.1672,-0.31116,5.4399,-5.6489,-2.7269,21.803,-2.8567,-8.1983,4.7559,19.859
0.59627,-4.6293,-10.293,1.3996,5.5421,-8.8848,-9.859,16.849,-5.4876,-9.0418,4.4386,20.967
-0.35582,-7.232,-12.215,2.751,5.855,-11.829,-16.433,12.194,-8.1246,-10.2,3.4521,21.534
-0.74774,-9.5366,-13.717,3.5621,6.3149,-14.215,-22.463,7.7607,-10.756,-11.552,2.0199,21.712
-0.5852,-11.395,-14.576,3.7509,6.7619,-15.898,-28.025,3.4748,-13.371,-12.905,0.41572,21.703
0.025392,-12.71,-14.679,3.3621,7.0368,-16.876,-33.215,-0.71761,-15.959,-14.08,-1.1052,21.697
0.89474,-13.489,-14.102,2.5573,7.0554,-17.273,-38.107,-4.8295,-18.504,-14.981,-2.3592,21.81
1.8054,-13.844,-13.129,1.5716,6.8539,-17.309,-42.731,-8.8235,-20.979,-15.623,-3.2673,22.043
2.606,-13.956,-12.186,0.65216,6.614,-17.246,-47.083,-12.627,-23.348,-16.106,-3.8646,22.275
3.2776,-14.006,-11.751,-0.0054096,6.6304,-17.323,-51.154,-16.165,-25.574,-16.565,-4.265,22.321
3.9336,-14.12,-12.209,-0.31002,7.2058,-17.699,-54.952,-19.389,-27.624,-17.103,-4.5845,22.006
4.7647,-14.337,-13.734,-0.3016,8.5408,-18.423,-58.49,-22.284,-29.482,-17.748,-4.8815,21.236
5.9612,-14.618,-16.231,-0.13477,10.666,-19.435,-61.778,-24.867,-31.147,-18.46,-5.1661,20.017
7.6353,-14.859,-19.351,-0.021945,13.418,-20.586,-64.817,-27.183,-32.647,-19.183,-5.4524,18.433
9.7632,-14.953,-22.582,-0.15415,16.464,-21.68,-67.611,-29.296,-34.027,-19.892,-5.7878,16.617
12.158,-14.844,-25.379,-0.62524,19.371,-22.536,-70.187,-31.276,-35.342,-20.607,-6.2344,14.723
14.486,-14.576,-27.292,-1.3906,21.697,-23.041,-72.59,-33.18,-36.638,-21.377,-6.8328,12.919
16.354,-14.293,-28.082,-2.2844,23.101,-23.195,-74.879,-35.038,-37.942,-22.261,-7.5842,11.363
17.441,-14.173,-27.781,-3.0892,23.438,-23.101,-77.103,-36.857,-39.266,-23.31,-8.4725,10.155
17.634,-14.338,-26.669,-3.6204,22.808,-22.913,-79.288,-38.627,-40.612,-24.56,-9.5035,9.2823
17.076,-14.792,-25.178,-3.788,21.52,-22.78,-81.416,-40.322,-41.971,-26.016,-10.723,8.6121
16.1,-15.432,-23.762,-3.6151,19.994,-22.798,-83.417,-41.903,-43.309,-27.641,-12.204,7.9351
15.085,-16.114,-22.789,-3.208,18.665,-23.004,-85.163,-43.311,-44.579,-29.369,-14.006,7.0512
14.303,-16.717,-22.484,-2.7008,17.882,-23.367,-86.501,-44.486,-45.731,-31.129,-16.128,5.8539
13.856,-17.181,-22.93,-2.2095,17.829,-23.822,-87.309,-45.386,-46.731,-32.857,-18.469,4.3755
13.732,-17.512,-24.075,-1.8169,18.502,-24.305,-87.552,-46.016,-47.574,-34.508,-20.833,2.7684
13.931,-17.777,-25.75,-1.573,19.776,-24.788,-87.316,-46.441,-48.287,-36.054,-22.979,1.2288
14.457,-18.068,-27.711,-1.4854,21.462,-25.28,-86.777,-46.764,-48.915,-37.475,-24.696,-0.087837
15.212,-18.456,-29.685,-1.508,23.274,-25.785,-86.121,-47.079,-49.493,-38.75,-25.867,-1.1144
15.931,-18.952,-31.369,-1.5457,24.825,-26.265,-85.447,-47.411,-50.014,-39.83,-26.48,-1.8678
16.24,-19.511,-32.419,-1.4761,25.702,-26.625,-84.719,-47.688,-50.423,-40.65,-26.611,-2.4139
15.758,-20.065,-32.512,-1.1777,25.558,-26.747,-83.797,-47.772,-50.639,-41.148,-26.386,-2.8339
14.221,-20.57,-31.449,-0.56105,24.178,-26.553,-82.534,-47.531,-50.597,-41.299,-25.953,-3.2004
11.576,-21.017,-29.244,0.40389,21.551,-26.049,-80.88,-46.917,-50.284,-41.129,-25.457,-3.5609
8.0111,-21.427,-26.148,1.6777,17.901,-25.324,-78.911,-46.003,-49.757,-40.71,-25.018,-3.9261
3.9034,-21.827,-22.594,3.1627,13.653,-24.514,-76.786,-44.961,-49.132,-40.139,-24.683,-4.262
-0.28842,-22.23,-19.084,4.7277,9.3409,-23.755,-74.67,-44.003,-48.55,-39.515,-24.386,-4.4941
-4.1255,-22.624,-16.034,6.2351,5.4723,-23.134,-72.675,-43.302,-48.13,-38.919,-23.98,-4.5331
-7.2767,-22.983,-13.693,7.5708,2.4045,-22.685,-70.833,-42.936,-47.921,-38.41,-23.317,-4.3204
-9.583,-23.277,-12.159,8.6709,0.28083,-22.392,-69.099,-42.86,-47.891,-38.019,-22.335,-3.8726
-11.062,-23.487,-11.426,9.5298,-0.94398,-22.218,-67.37,-42.921,-47.942,-37.746,-21.114,-3.2948
-11.829,-23.6,-11.395,10.177,-1.4159,-22.115,-65.52,-42.912,-47.952,-37.562,-19.876,-2.7467
-11.999,-23.597,-11.903,10.637,-1.29,-22.036,-63.438,-42.636,-47.825,-37.425,-18.917,-2.3858
-11.629,-23.43,-12.761,10.886,-0.67679,-21.927,-61.055,-41.968,-47.51,-37.301,-18.503,-2.3226
-10.73,-23.015,-13.797,10.843,0.35812,-21.724,-58.359,-40.887,-47,-37.169,-18.782,-2.6074
-9.3043,-22.242,-14.85,10.383,1.7416,-21.347,-55.387,-39.464,-46.321,-37.019,-19.762,-3.2388
-7.3779,-20.999,-15.737,9.3858,3.3348,-20.691,-52.2,-37.82,-45.504,-36.824,-21.323,-4.168
-5.0377,-19.19,-16.232,7.792,4.9245,-19.626,-48.849,-36.068,-44.564,-36.527,-23.234,-5.2852
-2.4524,-16.759,-16.073,5.6379,6.2597,-18.007,-45.355,-34.271,-43.486,-36.036,-25.173,-6.4093
0.13653,-13.692,-15.02,3.0583,7.0982,-15.712,-41.705,-32.445,-42.231,-35.249,-26.769,-7.3152
2.4566,-10.034,-12.922,0.25449,7.2462,-12.696,-37.87,-30.587,-40.762,-34.103,-27.7,-7.7984
4.262,-5.8802,-9.7649,-2.5524,6.5971,-8.9917,-33.832,-28.701,-39.078,-32.622,-27.789,-7.7434
5.3891,-1.3606,-5.6569,-5.1635,5.1622,-4.6882,-29.583,-26.816,-37.222,-30.918,-27.055,-7.1555
5.7941,3.3893,-0.78273,-7.4377,3.0741,0.10201,-25.123,-24.965,-35.258,-29.14,-25.687,-6.1447
5.5573,8.2423,4.6293,-9.3241,0.55826,5.2336,-20.443,-23.172,-33.224,-27.392,-23.979,-4.8715
4.8559,13.084,10.296,-10.89,-2.1146,10.502,-15.53,-21.426,-31.119,-25.681,-22.222,-3.4794
3.919,17.83,15.859,-12.346,-4.6786,15.646,-10.394,-19.688,-28.904,-23.914,-20.6,-2.0443
2.9748,22.471,20.968,-14.059,-6.9241,20.424,-5.093,-17.905,-26.521,-21.917,-19.146,-0.56052
2.2063,27.103,25.445,-16.5,-8.7446,24.702,0.25132,-16.022,-23.88,-19.468,-17.748,1.0333
1.7269,31.875,29.341,-20.008,-10.159,28.463,5.4683,-13.999,-20.871,-16.337,-16.172,2.8077
1.5754,36.856,32.796,-24.427,-11.285,31.743,10.379,-11.816,-17.424,-12.356,-14.174,4.7944
1.7361,41.935,35.904,-29.114,-12.267,34.604,14.842,-9.493,-13.597,-7.5267,-11.652,6.9487
2.1867,46.864,38.706,-33.509,-13.19,37.138,18.773,-7.1121,-9.6038,-2.0901,-8.7293,9.1444
2.9443,51.402,41.211,-37.459,-14.036,39.439,22.126,-4.8227,-5.7221,3.5106,-5.6978,11.228
4.0776,55.435,43.372,-41.065,-14.672,41.557,24.855,-2.8234,-2.1809,8.8436,-2.8019,13.116
5.685,58.984,45.059,-44.479,-14.891,43.481,26.894,-1.3138,0.89,13.709,0.014541,14.84
7.8576,62.138,46.094,-47.843,-14.473,45.155,28.153,-0.44143,3.4291,18.107,3.0078,16.505
10.636,64.971,46.321,-51.243,-13.267,46.503,28.554,-0.26799,5.4036,22.032,6.3494,18.22
13.963,67.501,45.702,-54.655,-11.292,47.461,28.086,-0.75397,6.8174,25.442,10.075,20.055
17.657,69.694,44.367,-57.922,-8.784,48.005,26.84,-1.761,7.7534,28.362,14.149,22.032
21.448,71.503,42.588,-60.821,-6.1495,48.16,24.97,-3.0834,8.3702,30.877,18.429,24.111
25.08,72.898,40.683,-63.179,-3.8315,47.991,22.63,-4.5143,8.8302,33.041,22.612,26.167
28.415,73.883,38.892,-64.948,-2.1386,47.577,19.919,-5.9134,9.2234,34.847,26.278,28.012
31.488,74.494,37.302,-66.211,-1.1326,46.985,16.878,-7.2379,9.5549,36.251,28.997,29.438
34.47,74.8,35.817,-67.135,-0.62192,46.247,13.521,-8.5221,9.7799,37.222,30.464,30.29
37.563,74.894,34.145,-67.903,-0.23825,45.339,9.8629,-9.8275,9.8483,37.765,30.578,30.514
40.907,74.856,31.852,-68.658,0.46891,44.194,5.9615,-11.187,9.7367,37.933,29.453,30.154
44.601,74.717,28.562,-69.476,1.9415,42.741,1.9323,-12.568,9.4693,37.828,27.38,29.322
48.746,74.442,24.165,-70.369,4.4969,40.946,-2.0553,-13.872,9.1205,37.584,24.755,28.17
53.383,73.963,18.854,-71.312,8.2071,38.832,-5.8151,-14.978,8.7905,37.345,22.036,26.878
58.4,73.235,13.004,-72.279,12.851,36.487,-9.1923,-15.797,8.564,37.221,19.682,25.662
63.588,72.292,7.0448,-73.282,17.967,34.048,-12.097,-16.314,8.4757,37.263,18.073,24.76
68.717,71.257,1.4024,-74.395,22.984,31.676,-14.509,-16.591,8.5079,37.458,17.402,24.349
73.531,70.295,-3.5507,-75.721,27.409,29.529,-16.443,-16.717,8.625,37.785,17.617,24.462
77.737,69.528,-7.5444,-77.312,30.934,27.731,-17.922,-16.762,8.816,38.258,18.494,25.038
81.049,68.969,-10.428,-79.087,33.407,26.343,-18.955,-16.74,9.1067,38.954,19.816,26.045
83.239,68.499,-12.135,-80.81,34.741,25.335,-19.548,-16.621,9.5335,39.989,21.488,27.51
84.195,67.877,-12.659,-82.16,34.887,24.58,-19.724,-16.37,10.109,41.462,23.508,29.456
83.874,66.802,-12.085,-82.811,33.849,23.875,-19.532,-15.977,10.805,43.371,25.863,31.841
82.228,64.986,-10.654,-82.501,31.736,22.993,-19.038,-15.476,11.558,45.581,28.461,34.54
79.173,62.242,-8.7608,-81.053,28.795,21.76,-18.31,-14.931,12.291,47.84,31.146,37.372
74.657,58.545,-6.8746,-78.371,25.391,20.117,-17.409,-14.416,12.948,49.862,33.744,40.142
68.806,54.028,-5.4297,-74.397,21.959,18.12,-16.387,-13.998,13.49,51.416,36.065,42.644
62.118,48.91,-4.7353,-69.14,18.933,15.861,-15.286,-13.742,13.865,52.365,37.887,44.646
55.428,43.413,-4.9216,-62.905,16.678,13.402,-14.145,-13.715,13.996,52.659,38.959,45.886
49.4,37.716,-5.9327,-56.4,15.399,10.751,-13.012,-13.981,13.787,52.308,39.041,46.086
44.11,31.956,-7.5494,-50.215,15.047,7.9049,-11.937,-14.591,13.165,51.349,37.959,44.977
39.158,26.239,-9.4148,-44.376,15.277,4.9139,-10.965,-15.572,12.093,49.831,35.656,42.38
33.978,20.644,-11.081,-38.433,15.534,1.9021,-10.124,-16.931,10.569,47.807,32.216,38.334
28.186,15.207,-12.123,-31.695,15.239,-0.97242,-9.4229,-18.659,8.6235,45.336,27.865,33.097
21.904,9.9563,-12.296,-23.58,13.985,-3.5946,-8.8637,-20.725,6.318,42.498,22.958,27.007
15.55,4.9656,-11.626,-14.627,11.662,-5.9375,-8.446,-23.062,3.7531,39.396,17.93,20.403
9.3203,0.32449,-10.395,-6.9849,8.4887,-8.0467,-8.1737,-25.573,1.0576,36.153,13.213,13.685
3.3076,-3.9228,-9.0229,-1.7191,4.9583,-9.9837,-8.0564,-28.157,-1.6511,32.882,9.1173,7.3654
-2.1449,-7.7315,-7.905,2.0155,1.6764,-11.773,-8.108,-30.745,-4.3184,29.646,5.7434,1.9188
-6.5517,-11.013,-7.2691,4.8686,-0.85909,-13.379,-8.3441,-33.325,-6.9765,26.439,2.9885,-2.4
-9.5853,-13.67,-7.0854,6.9099,-2.4433,-14.715,-8.7746,-35.925,-9.7117,23.191,0.63315,-5.5851
-11.236,-15.656,-7.0834,8.0779,-3.2291,-15.676,-9.3941,-38.565,-12.584,19.832,-1.5287,-7.7801
-11.786,-16.999,-6.8827,8.43,-3.6237,-16.195,-10.174,-41.209,-15.547,16.374,-3.5612,-9.1954
-11.69,-17.809,-6.1896,8.1914,-4.0679,-16.283,-11.063,-43.753,-18.421,12.964,-5.3238,-10.052
-11.424,-18.258,-4.9509,7.6952,-4.8317,-16.05,-11.999,-46.057,-20.964,9.8622,-6.5614,-10.534
-11.338,-18.541,-3.3937,7.2702,-5.9186,-15.681,-12.922,-47.997,-22.988,7.3326,-7.1035,-10.767
-11.539,-18.834,-1.9719,7.1366,-7.06,-15.404,-13.789,-49.516,-24.448,5.5081,-7.005,-10.833
-11.851,-19.25,-1.245,7.3487,-7.7837,-15.431,-14.578,-50.631,-25.443,4.3174,-6.5434,-10.796
-11.916,-19.822,-1.6867,7.7974,-7.6051,-15.892,-15.287,-51.425,-26.155,3.5261,-6.1045,-10.727
-11.397,-20.504,-3.4772,8.2742,-6.2692,-16.794,-15.928,-52.008,-26.769,2.8554,-6.0158,-10.709
-10.155,-21.198,-6.3945,8.5809,-3.8723,-18.012,-16.524,-52.477,-27.407,2.0997,-6.3979,-10.812
-8.333,-21.806,-9.8761,8.6284,-0.83031,-19.336,-17.103,-52.901,-28.104,1.1864,-7.1228,-11.074
-6.331,-22.279,-13.209,8.471,2.2299,-20.54,-17.707,-53.301,-28.822,0.16864,-7.8947,-11.467
-4.676,-22.636,-15.746,8.2664,4.6385,-21.458,-18.376,-53.67,-29.487,-0.83274,-8.3993,-11.899
-3.8402,-22.938,-17.071,8.1954,5.8755,-22.02,-19.137,-53.978,-30.039,-1.7093,-8.4494,-12.241
-4.0815,-23.237,-17.087,8.3839,5.7198,-22.256,-19.982,-54.2,-30.461,-2.4254,-8.0691,-12.393
-5.371,-23.549,-16.002,8.8651,4.3046,-22.255,-20.868,-54.328,-30.782,-3.0232,-7.4797,-12.325
-7.4287,-23.865,-14.21,9.588,2.0434,-22.12,-21.726,-54.374,-31.045,-3.5634,-6.9998,-12.087
-9.8355,-24.169,-12.165,10.454,-0.52743,-21.936,-22.479,-54.359,-31.268,-4.0474,-6.8827,-11.76
-12.16,-24.452,-10.281,11.354,-2.9066,-21.761,-23.081,-54.281,-31.411,-4.3671,-7.1949,-11.409
-14.048,-24.705,-8.8464,12.187,-4.7281,-21.619,-23.526,-54.123,-31.385,-4.3341,-7.8016,-11.052
-15.273,-24.915,-7.9636,12.875,-5.8037,-21.509,-23.844,-53.827,-31.103,-3.7763,-8.4483,-10.676
-15.768,-25.06,-7.5686,13.358,-6.1447,-21.405,-24.063,-53.292,-30.497,-2.6353,-8.8706,-10.262
-15.641,-25.108,-7.4694,13.601,-5.9626,-21.259,-24.17,-52.357,-29.511,-0.99994,-8.8781,-9.787
-15.161,-25.014,-7.3697,13.604,-5.622,-20.986,-24.054,-50.782,-28.058,0.95179,-8.3841,-9.1885
-14.682,-24.738,-6.933,13.416,-5.537,-20.493,-23.48,-48.253,-25.974,3.0663,-7.3771,-8.3554
-14.536,-24.264,-5.9328,13.131,-6.0238,-19.735,-22.089,-44.446,-23.025,5.3143,-5.86,-7.1527
-14.91,-23.616,-4.3952,12.841,-7.152,-18.761,-19.438,-39.208,-19.059,7.819,-3.8066,-5.4746
-15.739,-22.843,-2.6298,12.599,-8.6798,-17.718,-15.087,-33.051,-14.456,10.788,-1.1681,-3.3014
-16.705,-22.002,-1.1173,12.383,-10.13,-16.796,-9.0574,-28.255,-10.939,14.371,2.1037,-0.71806
-17.327,-21.121,-0.32261,12.102,-10.965,-16.146,-3.2747,-28,-11.551,18.463,5.9827,2.1352
-17.093,-20.156,-0.52219,11.579,-10.771,-15.803,-1.6152,-28.754,-15.631,22.487,10.096,5.1344
-15.593,-18.957,-1.7195,10.559,-9.3537,-15.657,-2.7614,-23.046,-16.446,25.063,12.795,8.1345
-12.582,-17.228,-3.6673,8.7457,-6.7439,-15.456,0.20368,-10.044,-9.7812,23.753,8.2864,10.537
-7.9834,-14.543,-5.9708,5.8537,-3.1532,-14.865,10.754,1.413,4.6116,18.298,0.2022,9.3155
-1.8775,-10.444,-8.2233,1.6442,1.0933,-13.51,26.146,21.263,24.357,17.713,1.6837,1.7386
5.3,-4.7368,-10.126,-3.7719,5.6301,-11.033,42.111,80.138,47.887,28.086,6.6519,0.13439
11.465,2.146,-11.554,-9.2946,10.087,-7.1704,70.748,148.59,77.58,46.848,15.131,3.1654
16.782,9.2499,-12.547,-16.061,13.781,-1.9647,127.96,212.33,114.1,72.811,29.104,9.4917
22.607,17.441,-13.252,-22.893,14.425,3.9762,188.85,258.91,151.16,104.67,51.529,19.668
27.192,25.835,-13.832,-28.845,13.724,9.5701,240.02,274.09,179.56,139.39,84.285,34.645
31.938,33.277,-14.395,-34.624,16.469,14.046,269.99,247.36,192.15,173.55,125.67,55.588
40.065,40.79,-14.911,-42.41,22.216,17.707,269.23,175.62,184.12,205.07,171.21,82.495
55.606,50.842,-15.084,-55.493,32.512,21.688,235.4,64.01,153.86,234.24,220.06,113.61
81.541,66.954,-16.179,-77.044,47.774,27.444,171.79,-78.222,107.21,263.46,276.15,149.1
117.37,92.704,-19.815,-108.19,67.165,36.253,83.947,-237.84,54.318,296.88,343.31,191.72
160.6,129.69,-21.736,-148.18,90.14,48.426,-24.234,-397.23,3.7488,340.3,424.84,243.65
210.75,176.08,-23.707,-196.5,117.18,63.275,-152.82,-549.43,-39.442,400.02,524.07,306.27
268.48,228.79,-28.293,-251.87,148.97,81.283,-304.74,-692.37,-73.981,479.72,643.33,380.03
332.39,284.76,-38.165,-311.66,185.95,106.82,-483.73,-827.36,-102.1,578.47,781.25,463.41
400.76,339.5,-56.457,-373.16,228.47,135.92,-692.45,-959.41,-128.92,690.66,931.48,552.31
473.03,387.58,-85.784,-433.6,277.28,149.36,-928.52,-1094.9,-160.48,807.09,1085.7,641.89
547.94,424.97,-126.51,-490.14,333.26,148.59,-1183.1,-1237.7,-201.21,916.65,1234.6,727.79
623.09,450.47,-176.54,-540.67,395.41,137.18,-1441.7,-1385.9,-252.66,1008.1,1367,804.79
695.72,464.69,-233.31,-583.94,460.63,116.77,-1686.8,-1531.1,-313.07,1073.1,1472.9,867.03
762.84,468.53,-293.57,-618.92,524.58,88.847,-1900.5,-1659.3,-376.62,1107.9,1546.3,909.52
820.74,462.01,-353.66,-643.82,583.17,54.568,-2067.9,-1754.9,-434.42,1112.8,1583.2,929.11
864.72,443.68,-411.81,-655.71,633.96,14.441,-2178.4,-1805.1,-480.42,1090,1581.5,924.24
890.5,411.23,-467.88,-651.33,675.55,-32.135,-2227.7,-1804.5,-514.66,1041.7,1541.2,894.56
894.99,362.2,-522.76,-627.8,706.4,-86.528,-2217.8,-1758.1,-538.71,968.43,1463.5,840.66
876.18,294.74,-576.44,-583.42,724.71,-149.6,-2155.6,-1680.2,-556.82,867.29,1348.5,763.98
833.06,208.54,-626.17,-518.34,728.13,-220.09,-2051.2,-1590.6,-580.46,733.08,1195.1,666.93
765.7,106.24,-666.12,-434.2,713.72,-293.47,-1915,-1507.7,-620.58,561.48,1003,553.76
676.15,-5.4338,-689.04,-334.92,678.95,-362.34,-1756.7,-1442.6,-680.78,354.08,776.95,431.35
569.92,-115.69,-689.22,-227.88,623.81,-418.34,-1584.2,-1395.6,-756.08,122.35,529.18,308.15
455.91,-212.08,-665.05,-123.31,552.24,-454.54,-1403.9,-1357.3,-833.37,-112.02,279.87,192.82
343.98,-284.07,-618.57,-31.709,470.81,-466.75,-1222.2,-1313.5,-894.93,-321.21,53.864,93.564
242.09,-325.81,-553.99,39.541,386.31,-454.37,-1046.9,-1252.6,-924.2,-479.14,-125.91,16.712
155.9,-337.05,-477.68,87.52,305.35,-420.68,-884.69,-1169.5,-911.33,-569.47,-245.78,-35.139
88.631,-322.5,-397.24,113.03,233.94,-371.97,-739.56,-1064.1,-856.2,-590.61,-305.08,-63.774
40.565,-290.12,-319.74,119.63,175.09,-315.87,-613.02,-941.7,-767.89,-555.51,-314.68,-74.29
11.052,-248.68,-250.43,112.92,128.59,-259.34,-505.5,-811.35,-660.74,-486.03,-291.6,-73.737
-4.6276,-205.75,-192.13,99.063,92.641,-207.32,-415.71,-682.83,-549.31,-404.42,-253.01,-69.259
-12.326,-166.5,-145.05,83.129,64.813,-162.49,-340.74,-563.21,-445,-327.2,-212.37,-65.822
-16.915,-133.49,-107.5,68.606,42.599,-125.94,-277.56,-456.9,-354.64,-263.36,-177.58,-65.334
-20.974,-107.63,-77.156,57.308,24.577,-97.633,-224.24,-366.53,-280.81,-215.19,-151.49,-67.287
-24.432,-89.037,-52.882,48.468,10.936,-76.285,-180.11,-293.06,-223,-180.56,-133.74,-62.9
-21.279,-75.902,-34.916,42.368,1.926,-60.266,-145.02,-235.92,-179.01,-155.71,-121.25,-53.582
-13.186,-65.782,-23.038,38.546,-3.215,-48.492,-118.51,-193.11,-146.07,-136.76,-109.78,-51.659
-13.741,-57.419,-15.999,35.165,-4.427,-40.15,-99.372,-161.44,-121.53,-119.56,-99.744,-48.652
-13.449,-50.596,-12.922,31.267,1.1777,-34.633,-85.866,-137.14,-102.79,-102.88,-90.082,-44.034
-11.996,-45.195,-15.034,26.221,3.6988,-32.005,-76.651,-117.07,-87.655,-87.661,-79.404,-38.962
-9.9716,-39.777,-20.55,21.123,4.5893,-32.28,-73.848,-99.409,-74.668,-75.187,-67.986,-34.425
-8.0682,-34.514,-22.153,17.646,5.4124,-31.375,-78.342,-83.852,-63.147,-66.319,-57.838,-30.896
-6.9154,-31.609,-22.039,15.76,5.8889,-29.637,-80.012,-72.91,-53.092,-60.895,-49.854,-28.416
-6.9201,-30.086,-21.149,14.954,5.528,-28.206,-77.32,-68.014,-46.597,-57.347,-43.756,-26.758
-8.1634,-29.126,-19.426,14.883,4.0987,-26.943,-73.901,-62.976,-44.76,-54.546,-39.156,-25.533
-10.385,-28.411,-16.993,15.27,1.7565,-25.715,-71.123,-57.128,-43.1,-52.162,-35.675,-24.35
-13.065,-27.81,-14.231,15.846,-1.0236,-24.533,-69.127,-51.854,-40.756,-50.125,-33.02,-22.974
-15.583,-27.258,-11.621,16.357,-3.6377,-23.477,-67.732,-47.531,-38.301,-48.438,-31.033,-21.421
-17.397,-26.719,-9.5638,16.598,-5.5781,-22.614,-66.713,-44.115,-36.08,-47.118,-29.641,-19.89
-18.198,-26.157,-8.2442,16.451,-6.5965,-21.94,-65.881,-41.455,-34.222,-46.154,-28.757,-18.645
-17.981,-25.536,-7.6008,15.891,-6.7489,-21.386,-65.106,-39.373,-32.709,-45.491,-28.278,-17.902
-16.984,-24.826,-7.3942,14.991,-6.3089,-20.845,-64.315,-37.71,-31.444,-45.042,-28.13,-17.743
-15.526,-24.021,-7.3447,13.878,-5.5978,-20.227,-63.485,-36.346,-30.326,-44.739,-28.294,-18.098
-13.877,-23.147,-7.2599,12.692,-4.8402,-19.501,-62.621,-35.218,-29.305,-44.552,-28.783,-18.793
-12.218,-22.26,-7.09,11.539,-4.1265,-18.705,-61.724,-34.293,-28.386,-44.491,-29.604,-19.626
-10.649,-21.427,-6.8909,10.48,-3.4594,-17.916,-60.765,-33.54,-27.58,-44.575,-30.721,-20.404
-9.2035,-20.693,-6.7375,9.5273,-2.828,-17.199,-59.681,-32.898,-26.868,-44.799,-32.033,-20.989
-7.8857,-20.066,-6.654,8.6693,-2.2497,-16.576,-58.399,-32.281,-26.186,-45.128,-33.379,-21.318
-6.7055,-19.523,-6.6058,7.8947,-1.7503,-16.024,-56.878,-31.613,-25.467,-45.498,-34.565,-21.405
-5.7177,-19.039,-6.5458,7.2247,-1.3266,-15.515,-55.135,-30.858,-24.664,-45.838,-35.413,-21.31
-5.0476,-18.609,-6.458,6.7302,-0.98005,-15.051,-53.231,-30.033,-23.772,-46.09,-35.81,-21.097
-4.8922,-18.262,-6.3232,6.5207,-0.81128,-14.666,-51.231,-29.183,-22.82,-46.217,-35.743,-20.787
-5.4974,-18.047,-6.0297,6.7252,-1.0665,-14.379,-49.172,-28.345,-21.848,-46.207,-35.292,-20.364
-7.0901,-18.009,-5.3586,7.4463,-2.0584,-14.167,-47.048,-27.523,-20.897,-46.073,-34.606,-19.807
-9.7342,-18.164,-4.1079,8.6967,-3.9736,-13.981,-44.826,-26.699,-19.998,-45.846,-33.853,-19.133
-13.206,-18.48,-2.2446,10.35,-6.7089,-13.774,-42.469,-25.841,-19.165,-45.557,-33.16,-18.417
-16.983,-18.878,0.027546,12.138,-9.8562,-13.522,-39.975,-24.913,-18.384,-45.223,-32.578,-17.77
-20.349,-19.256,2.2908,13.713,-12.79,-13.242,-37.375,-23.879,-17.606,-44.839,-32.066,-17.287
-22.553,-19.53,4.0049,14.742,-14.818,-12.996,-34.731,-22.707,-16.763,-44.384,-31.527,-16.995
-23.034,-19.671,4.6595,15.012,-15.372,-12.895,-32.102,-21.373,-15.789,-43.837,-30.859,-16.861
-21.62,-19.717,3.9435,14.5,-14.199,-13.067,-29.518,-19.864,-14.644,-43.193,-30.023,-16.83
-18.613,-19.752,1.8705,13.388,-11.479,-13.6,-26.955,-18.179,-13.328,-42.463,-29.075,-16.872
-14.719,-19.861,-1.1795,12.014,-7.8114,-14.483,-24.339,-16.328,-11.877,-41.669,-28.143,-16.99
-10.862,-20.075,-4.534,10.758,-4.0517,-15.566,-21.576,-14.326,-10.344,-40.829,-27.367,-17.194
-7.907,-20.35,-7.4423,9.9139,-1.0262,-16.606,-18.589,-12.184,-8.7798,-39.947,-26.834,-17.473
-6.3518,-20.571,-9.37,9.5751,0.76895,-17.368,-15.355,-9.9125,-7.2167,-39,-26.53,-17.799
-6.1289,-20.607,-10.22,9.5984,1.3445,-17.741,-11.92,-7.5184,-5.6654,-37.956,-26.355,-18.153
-6.6455,-20.367,-10.346,9.6764,1.182,-17.783,-8.383,-5.0118,-4.1257,-36.794,-26.172,-18.541
-7.0815,-19.829,-10.344,9.4992,0.97828,-17.673,-4.8524,-2.4006,-2.591,-35.528,-25.866,-18.971
-6.7699,-19.039,-10.744,8.8993,1.3039,-17.595,-1.3936,0.32925,-1.0412,-34.201,-25.367,-19.396
-5.4593,-18.082,-11.772,7.8928,2.3955,-17.609,2.0102,3.2324,0.5672,-32.858,-24.643,-19.698
-3.3743,-17.026,-13.257,6.6299,4.1239,-17.618,5.4543,6.4042,2.2987,-31.513,-23.676,-19.722
-1.054,-15.895,-14.706,5.3095,6.0439,-17.432,9.0703,9.9585,4.2232,-30.134,-22.45,-19.332
0.90314,-14.666,-15.523,4.1069,7.5515,-16.848,12.973,13.999,6.3991,-28.65,-20.953,-18.463
2.0302,-13.289,-15.212,3.1328,8.1063,-15.708,17.229,18.606,8.8699,-26.978,-19.185,-17.129
2.0988,-11.715,-13.495,2.4157,7.4012,-13.921,21.853,23.831,11.678,-25.055,-17.16,-15.433
1.1687,-9.9254,-10.409,1.9056,5.4519,-11.518,26.823,29.703,14.882,-22.877,-14.927,-13.545
-0.43889,-7.9732,-6.3486,1.5065,2.6087,-8.7028,32.099,36.227,18.566,-20.489,-12.56,-11.679
-2.2719,-6.0067,-1.9893,1.1352,-0.55044,-5.8381,37.65,43.396,22.834,-17.96,-10.137,-10.032
-3.9353,-4.2393,1.9363,0.77382,-3.4334,-3.3209,43.481,51.194,27.789,-15.344,-7.7226,-8.7647
-5.2313,-2.8629,4.9181,0.47901,-5.651,-1.4076,49.653,59.592,33.503,-12.667,-5.3615,-7.9947
-6.1805,-1.9496,6.8471,0.34269,-7.1159,-0.097147,56.254,68.507,39.966,-9.9516,-3.0979,-7.7578
-6.9295,-1.4067,7.9916,0.43559,-7.9916,0.85679,63.328,77.751,47.019,-7.2355,-0.97272,-7.9416
-7.6194,-1.0154,8.7998,0.77041,-8.5406,1.8138,70.825,87.038,54.362,-4.5625,1.0022,-8.2911
-8.3076,-0.54195,9.6556,1.3,-8.9733,3.0636,78.615,96.058,61.673,-1.9476,2.8672,-8.4906
-8.9715,0.13719,10.708,1.9441,-9.3716,4.6779,86.572,104.6,68.761,0.64118,4.7047,-8.2755
-9.5534,0.96948,11.857,2.6252,-9.7068,6.4791,94.654,112.61,75.616,3.2634,6.59,-7.5494
-10.008,1.7663,12.913,3.292,-9.9251,8.1635,102.92,120.17,82.346,5.9643,8.534,-6.4366
-10.328,2.3237,13.79,3.9164,-10.039,9.4956,111.5,127.44,89.07,8.7454,10.46,-5.2156
-10.534,2.5404,14.587,4.4698,-10.164,10.43,120.43,134.53,95.817,11.562,12.231,-4.183
-10.653,2.4705,15.521,4.9017,-10.481,11.114,129.67,141.48,102.5,14.341,13.703,-3.5484
-10.722,2.3114,16.849,5.1406,-11.171,11.816,139.02,148.23,108.92,17.002,14.78,-3.4201
-10.825,2.3433,18.818,5.1218,-12.379,12.834,148.19,154.63,114.86,19.473,15.454,-3.8232
-11.103,2.8257,21.621,4.8367,-14.204,14.393,156.85,160.51,120.1,21.702,15.808,-4.659
-11.742,3.88,25.318,4.381,-16.691,16.549,164.73,165.75,124.53,23.663,16.009,-5.6641
-12.939,5.4184,29.766,3.9577,-19.815,19.16,171.68,170.25,128.13,25.363,16.266,-6.4652
-14.825,7.1772,34.604,3.8126,-23.448,21.928,177.69,174.01,130.97,26.837,16.762,-6.7024
-17.362,8.8498,39.33,4.1204,-27.313,24.521,182.85,177.08,133.18,28.115,17.567,-6.1851
-20.269,10.234,43.435,4.8808,-31,26.697,187.31,179.53,134.87,29.196,18.588,-5.0048
-23.057,11.303,46.553,5.8889,-34.048,28.37,191.24,181.45,136.12,30.035,19.581,-3.5139
-25.146,12.167,48.517,6.7978,-36.053,29.572,194.75,182.88,136.97,30.568,20.257,-2.1892
-26.024,12.983,49.304,7.2434,-36.758,30.378,197.87,183.87,137.43,30.758,20.414,-1.4413
-25.415,13.856,48.966,6.9782,-36.1,30.838,200.64,184.47,137.53,30.636,20.053,-1.4512
-23.366,14.767,47.627,5.9611,-34.225,30.965,203.08,184.74,137.31,30.309,19.391,-2.1169
-20.251,15.579,45.511,4.3708,-31.473,30.763,205.22,184.79,136.82,29.923,18.764,-3.1232
-16.658,16.101,42.912,2.5403,-28.309,30.238,207.14,184.69,136.12,29.591,18.474,-4.0811
-13.214,16.184,40.11,0.84461,-25.198,29.413,208.86,184.46,135.23,29.337,18.676,-4.6733
-10.41,15.794,37.307,-0.41357,-22.466,28.318,210.37,184.07,134.12,29.102,19.357,-4.7447
-8.4978,15.022,34.6,-1.0866,-20.206,26.999,211.61,183.41,132.77,28.8,20.396,-4.2982
-7.4621,14.046,31.985,-1.2074,-18.303,25.508,212.53,182.38,131.13,28.379,21.634,-3.4197
-7.0906,13.064,29.403,-0.94186,-16.552,23.909,213.09,180.93,129.23,27.857,22.911,-2.2001
-7.1044,12.225,26.825,-0.48685,-14.835,22.288,213.27,179.07,127.06,27.315,24.112,-0.71014
-7.3025,11.594,24.366,0.023999,-13.236,20.765,213.16,176.88,124.65,26.858,25.191,0.98605
-7.6328,11.171,22.322,0.54523,-12.005,19.502,212.82,174.48,122.05,26.575,26.195,2.8238
-8.1579,10.946,21.07,1.0753,-11.404,18.671,212.33,171.95,119.23,26.485,27.225,4.7408
-8.9419,10.941,20.872,1.5975,-11.57,18.395,211.68,169.32,116.13,26.525,28.369,6.6898
-9.9405,11.204,21.721,2.0547,-12.437,18.691,210.81,166.49,112.64,26.573,29.659,8.639
-10.98,11.768,23.322,2.3614,-13.736,19.451,209.58,163.36,108.64,26.501,31.071,10.542
-11.834,12.605,25.21,2.4328,-15.087,20.479,207.88,159.81,104.06,26.23,32.534,12.333
-12.318,13.615,26.944,2.2177,-16.147,21.574,205.64,155.8,98.992,25.772,33.919,13.975
-12.353,14.635,28.256,1.7194,-16.736,22.587,202.86,151.35,93.62,25.215,35.045,15.478
-11.959,15.467,29.091,0.98201,-16.877,23.424,199.62,146.52,88.186,24.687,35.734,16.864
-11.21,15.99,29.546,0.049227,-16.73,24.041,195.99,141.38,82.873,24.296,35.872,18.122
-10.181,16.234,29.775,-1.0523,-16.471,24.424,192.06,135.94,77.723,24.085,35.433,19.16
-8.9341,16.347,29.905,-2.2863,-16.193,24.586,187.85,130.14,72.633,24.022,34.476,19.832
-7.5475,16.489,29.963,-3.5693,-15.873,24.554,183.3,123.84,67.416,24.024,33.167,20
-6.1316,16.713,29.792,-4.7493,-15.392,24.332,178.23,116.88,61.917,24.015,31.802,19.635
-4.8281,16.9,29.021,-5.6119,-14.585,23.833,172.4,109.17,56.118,23.95,30.759,18.869
-3.777,16.788,27.203,-5.9259,-13.306,22.843,165.55,100.73,50.161,23.811,30.398,17.966
-3.0704,16.112,24.05,-5.5283,-11.481,21.13,157.49,91.733,44.291,23.571,30.968,17.229
-2.7145,14.742,19.628,-4.4152,-9.1708,18.609,148.2,82.461,38.737,23.178,32.521,16.885
-2.6191,12.762,14.377,-2.7812,-6.5674,15.435,137.91,73.176,33.632,22.573,34.845,17.011
-2.6182,10.452,8.9822,-0.98555,-3.9493,11.978,126.96,64.041,28.99,21.726,37.486,17.51
-2.5132,8.1857,4.1548,0.54637,-1.5946,8.694,115.64,55.106,24.743,20.661,39.878,18.148
-2.1316,6.2873,0.42176,1.4529,0.29666,5.9533,104.09,46.365,20.804,19.476,41.494,18.634
-1.3862,4.9126,-2.0135,1.5507,1.6454,3.8954,92.435,37.865,17.116,18.332,41.956,18.729
-0.31073,4.0007,-3.2822,0.88471,2.493,2.3878,80.871,29.741,13.667,17.42,41.09,18.346
0.95034,3.3027,-3.7505,-0.29893,2.9714,1.1079,69.776,22.171,10.47,16.89,38.956,17.539
2.1923,2.4904,-3.8686,-1.6369,3.2517,-0.28798,59.522,15.274,7.5267,16.779,35.816,16.419
3.2111,1.33,-4.0222,-2.7627,3.4759,-1.9826,50.262,9.0532,4.8049,16.979,32.042,15.078
3.8505,-0.17883,-4.4151,-3.4176,3.6945,-3.9169,41.889,3.4144,2.2255,17.277,28.023,13.574
4.0331,-1.8137,-5.0247,-3.5179,3.8583,-5.8612,34.169,-1.7764,-0.31918,17.431,24.161,11.961
3.7811,-3.2616,-5.6679,-3.1515,3.8797,-7.5475,26.876,-6.6461,-2.9386,17.231,20.869,10.311
3.2198,-4.2626,-6.1542,-2.5078,3.7176,-8.7816,19.849,-11.298,-5.7221,16.532,18.484,8.7231
2.5513,-4.7173,-6.4277,-1.7834,3.4383,-9.516,13.014,-15.807,-8.7239,15.285,17.142,7.3219
2.0059,-4.7412,-6.621,-1.1172,3.2264,-9.8793,6.377,-20.208,-11.948,13.573,16.774,6.2228
1.7892,-4.6392,-7.0166,-0.57539,3.3433,-10.152,0.012716,-24.489,-15.333,11.58,17.168,5.4794
2.0348,-4.785,-7.937,-0.17114,4.0397,-10.673,-5.9627,-28.581,-18.752,9.5215,18.002,5.0766
2.7735,-5.4496,-9.5984,0.10404,5.4544,-11.686,-11.421,-32.383,-22.035,7.5766,18.899,4.9538
3.9274,-6.6826,-11.99,0.25639,7.5369,-13.207,-16.252,-35.785,-25.021,5.8556,19.533,4.9899
5.341,-8.3086,-14.847,0.27935,10.034,-15.019,-20.387,-38.705,-27.599,4.4013,19.655,4.9975
6.8356,-10.026,-17.743,0.1589,12.565,-16.796,-23.829,-41.12,-29.735,3.2048,19.06,4.7859
8.2487,-11.554,-20.239,-0.10549,14.759,-18.258,-26.651,-43.072,-31.463,2.2287,17.64,4.2449
9.439,-12.742,-22.034,-0.47634,16.363,-19.272,-28.979,-44.661,-32.871,1.4301,15.479,3.3866
10.284,-13.59,-23.011,-0.86856,17.268,-19.86,-30.964,-46.023,-34.079,0.76876,12.876,2.3267
10.682,-14.189,-23.218,-1.162,17.479,-20.143,-32.747,-47.301,-35.223,0.19102,10.246,1.2188
10.543,-14.653,-22.791,-1.2259,17.049,-20.273,-34.443,-48.618,-36.424,-0.39285,7.9722,0.18458
9.7729,-15.072,-21.878,-0.94188,16.021,-20.365,-36.125,-50.049,-37.758,-1.1109,6.3042,-0.70889
8.2936,-15.496,-20.601,-0.22733,14.427,-20.467,-37.806,-51.595,-39.221,-2.0947,5.306,-1.4204
6.1233,-15.929,-19.061,0.92604,12.331,-20.562,-39.435,-53.172,-40.726,-3.4182,4.8176,-1.9138
3.4332,-16.341,-17.37,2.4078,9.89,-20.603,-40.908,-54.641,-42.137,-5.0334,4.4798,-2.184
0.56658,-16.685,-15.719,3.9721,7.4173,-20.549,-42.117,-55.865,-43.328,-6.7426,3.8981,-2.2977
-1.9572,-16.914,-14.399,5.2749,5.4036,-20.402,-42.996,-56.759,-44.232,-8.2451,2.8904,-2.3932
-3.5035,-16.995,-13.743,5.9651,4.3795,-20.219,-43.553,-57.312,-44.85,-9.2514,1.5598,-2.6346
-3.5067,-16.922,-13.997,5.8059,4.7228,-20.085,-43.853,-57.575,-45.242,-9.5959,0.1109,-3.1599
-1.7532,-16.714,-15.223,4.7757,6.506,-20.077,-43.974,-57.616,-45.482,-9.2848,-1.3181,-4.0467
1.4279,-16.419,-17.229,3.0956,9.4124,-20.21,-43.966,-57.498,-45.631,-8.4792,-2.6647,-5.2812
5.2192,-16.107,-19.567,1.1776,12.775,-20.425,-43.844,-57.264,-45.724,-7.4378,-3.9094,-6.736
8.5897,-15.857,-21.656,-0.49116,15.762,-20.616,-43.617,-56.957,-45.77,-6.4353,-5.0647,-8.1969
10.657,-15.737,-22.974,-1.4987,17.645,-20.686,-43.312,-56.631,-45.78,-5.6855,-6.1521,-9.4371
10.964,-15.788,-23.23,-1.6419,18.03,-20.597,-42.972,-56.35,-45.778,-5.2957,-7.1647,-10.299
9.5644,-16.019,-22.42,-0.97719,16.934,-20.386,-42.638,-56.168,-45.796,-5.2643,-8.0617,-10.749
6.9162,-16.412,-20.77,0.23927,14.704,-20.13,-42.323,-56.095,-45.851,-5.5042,-8.8082,-10.885
3.6581,-16.915,-18.609,1.6773,11.844,-19.892,-41.999,-56.087,-45.923,-5.8777,-9.4082,-10.914
0.38427,-17.452,-16.268,3.0531,8.8376,-19.685,-41.609,-56.053,-45.963,-6.2366,-9.9007,-11.083
-2.5071,-17.959,-14.02,4.2091,6.0351,-19.493,-41.085,-55.892,-45.907,-6.4625,-10.348,-11.586
-4.8746,-18.425,-12.068,5.1396,3.6264,-19.311,-40.369,-55.521,-45.698,-6.4907,-10.831,-12.489
-6.7903,-18.905,-10.571,5.9492,1.6863,-19.17,-39.416,-54.889,-45.3,-6.3015,-11.419,-13.69
-8.392,-19.475,-9.6617,6.7707,0.25041,-19.129,-38.199,-53.991,-44.697,-5.8831,-12.126,-14.944
-9.7173,-20.177,-9.4234,7.697,-0.64445,-19.241,-36.718,-52.856,-43.884,-5.1957,-12.876,-15.946
-10.676,-20.979,-9.8529,8.7493,-0.97687,-19.526,-35.012,-51.555,-42.866,-4.1721,-13.519,-16.459
-11.157,-21.767,-10.859,9.8587,-0.73813,-19.951,-33.159,-50.186,-41.665,-2.7687,-13.896,-16.41
-11.131,-22.381,-12.264,10.875,0.056266,-20.416,-31.256,-48.859,-40.329,-1.0294,-13.907,-15.9
-10.7,-22.638,-13.782,11.622,1.2576,-20.757,-29.383,-47.659,-38.925,0.89875,-13.548,-15.119
-10.074,-22.372,-15.01,11.977,2.517,-20.768,-27.564,-46.62,-37.509,2.8187,-12.883,-14.255
-9.5021,-21.465,-15.493,11.904,3.366,-20.245,-25.751,-45.712,-36.107,4.5712,-11.999,-13.424
-9.183,-19.87,-14.84,11.413,3.3926,-19.029,-23.85,-44.861,-34.7,6.1002,-10.981,-12.657
-9.1784,-17.589,-12.858,10.477,2.4232,-17.052,-21.75,-43.985,-33.244,7.4656,-9.8929,-11.919
-9.3477,-14.64,-9.6339,9.0005,0.61301,-14.334,-19.359,-43.025,-31.695,8.8015,-8.769,-11.153
-9.3407,-11.04,-5.5246,6.8668,-1.5999,-10.97,-16.619,-41.957,-30.027,10.24,-7.6278,-10.314
-8.7133,-6.8278,-1.0423,4.0264,-3.6489,-7.0889,-13.506,-40.782,-28.235,11.848,-6.4838,-9.3874
-7.1538,-2.1021,3.2996,0.58341,-5.0362,-2.8215,-10.034,-39.511,-26.327,13.623,-5.3464,-8.3854
-4.6422,2.9566,7.1368,-3.1935,-5.4891,1.6979,-6.2463,-38.149,-24.311,15.517,-4.2103,-7.3414
-1.4478,8.0961,10.335,-6.9399,-5.0246,6.3134,-2.2163,-36.712,-22.189,17.47,-3.059,-6.3017
1.9644,13.041,12.97,-10.295,-3.9239,10.852,1.9622,-35.228,-19.979,19.423,-1.8825,-5.3159
5.0519,17.58,15.255,-12.997,-2.6388,15.173,6.1823,-33.743,-17.717,21.317,-0.69059,-4.4172
7.3222,21.658,17.488,-14.954,-1.667,19.204,10.325,-32.309,-15.454,23.102,0.49942,-3.6021
8.4469,25.43,19.987,-16.289,-1.4394,22.911,14.257,-30.97,-13.242,24.756,1.69,-2.8217
8.3341,29.216,22.959,-17.361,-2.2169,26.26,17.821,-29.755,-11.119,26.285,2.919,-1.9914
7.1486,33.374,26.431,-18.785,-4.0087,29.255,20.854,-28.681,-9.1123,27.716,4.2469,-1.0199
5.2683,38.094,30.278,-21.338,-6.566,31.978,23.213,-27.762,-7.2437,29.073,5.727,0.15978
3.1787,43.228,34.28,-25.479,-9.4672,34.54,24.83,-27.003,-5.5359,30.366,7.3827,1.5737
1.3503,48.279,38.153,-30.592,-12.236,37.004,25.73,-26.404,-4.0088,31.588,9.202,3.2138
0.15107,52.688,41.6,-35.282,-14.44,39.363,26.015,-25.951,-2.6768,32.734,11.146,5.0503
-0.1842,56.232,44.386,-38.831,-15.794,41.574,25.805,-25.623,-1.5485,33.811,13.157,7.0344
0.46388,59.08,46.408,-41.56,-16.232,43.599,25.184,-25.407,-0.63036,34.839,15.167,9.0891
2.1261,61.566,47.71,-44.078,-15.904,45.427,24.171,-25.305,0.068896,35.831,17.096,11.11
4.7436,63.998,48.422,-46.824,-15.058,47.063,22.73,-25.337,0.53854,36.778,18.867,12.991
8.1714,66.569,48.697,-50.023,-13.882,48.5,20.784,-25.529,0.77594,37.636,20.414,14.671
12.197,69.299,48.625,-53.705,-12.404,49.69,18.254,-25.88,0.80219,38.353,21.711,16.154
16.521,72.021,48.119,-57.71,-10.526,50.579,15.097,-26.346,0.67111,38.897,22.77,17.509
20.763,74.44,46.911,-61.713,-8.133,51.071,11.34,-26.849,0.45993,39.268,23.626,18.826
24.6,76.236,44.757,-65.324,-5.2286,50.984,7.0925,-27.309,0.24031,39.485,24.306,20.178
27.942,77.175,41.635,-68.225,-1.953,50.156,2.5181,-27.679,0.045283,39.556,24.809,21.582
30.928,77.194,37.753,-70.264,1.5041,48.588,-2.2029,-27.971,-0.14202,39.476,25.114,22.996
33.7,76.416,33.45,-71.426,4.9325,46.472,-6.9081,-28.231,-0.36441,39.24,25.196,24.349
36.199,75.106,29.167,-71.764,8.0062,44.128,-11.462,-28.505,-0.64699,38.871,25.06,25.579
38.174,73.579,25.447,-71.378,10.221,41.927,-15.748,-28.796,-0.96485,38.429,24.757,26.661
39.342,72.108,22.824,-70.43,11.061,40.181,-19.653,-29.05,-1.2434,38,24.373,27.611
39.476,70.863,21.589,-69.16,10.324,39.052,-23.074,-29.173,-1.3891,37.659,24.012,28.467
38.496,69.882,21.606,-67.814,8.2887,38.496,-25.938,-29.071,-1.3311,37.446,23.781,29.277
36.705,69.058,22.292,-66.588,5.5935,38.274,-28.217,-28.68,-1.0504,37.354,23.791,30.105
34.853,68.15,22.807,-65.633,3.058,38.017,-29.938,-27.988,-0.58173,37.341,24.152,31.025
33.832,66.845,22.362,-65.084,1.5084,37.339,-31.161,-27.024,0.0097452,37.353,24.95,32.114
34.361,64.908,20.482,-65.031,1.5682,35.967,-31.967,-25.839,0.66129,37.346,26.223,33.449
36.748,62.334,17.131,-65.456,3.4839,33.843,-32.437,-24.491,1.3361,37.306,27.95,35.096
40.68,59.362,12.676,-66.215,7.0572,31.145,-32.642,-23.022,2.0289,37.243,30.05,37.065
45.231,56.296,7.7195,-67.064,11.683,28.197,-32.638,-21.455,2.7568,37.178,32.379,39.274
49.191,53.287,2.8843,-67.696,16.485,25.305,-32.455,-19.796,3.5391,37.123,34.732,41.545
51.494,50.277,-1.3509,-67.78,20.565,22.651,-32.109,-18.052,4.3714,37.054,36.867,43.652
51.581,47.086,-4.7202,-67.033,23.296,20.263,-31.612,-16.269,5.2018,36.899,38.544,45.378
49.626,43.547,-7.1765,-65.274,24.524,18.054,-31.004,-14.551,5.9256,36.542,39.569,46.561
46.479,39.611,-8.8729,-62.434,24.538,15.862,-30.35,-13.05,6.4073,35.851,39.836,47.116
43.197,35.379,-10.082,-58.564,23.828,13.5,-29.731,-11.917,6.5237,34.722,39.348,47.024
40.406,31.06,-11.004,-53.857,22.79,10.83,-29.217,-11.246,6.2114,33.114,38.228,46.314
37.929,26.852,-11.582,-48.524,21.516,7.8571,-28.838,-11.025,5.4886,31.048,36.677,45.024
34.891,22.837,-11.554,-42.653,19.798,4.7564,-28.581,-11.151,4.435,28.596,34.909,43.192
30.434,18.949,-10.686,-36.258,17.348,1.8075,-28.407,-11.476,3.1425,25.829,33.069,40.871
24.352,15.017,-8.9527,-29.331,14.029,-0.74721,-28.281,-11.873,1.6728,22.789,31.188,38.148
17.089,10.865,-6.5766,-21.965,10.004,-2.8183,-28.197,-12.276,0.044684,19.477,29.2,35.129
9.5958,6.4261,-4.0052,-14.727,5.7597,-4.495,-28.19,-12.687,-1.7501,15.884,26.981,31.897
2.857,1.8258,-1.8198,-8.5898,1.9075,-5.9866,-28.315,-13.155,-3.7216,12.028,24.415,28.513
-2.5722,-2.6824,-0.59648,-3.9778,-1.015,-7.532,-28.637,-13.747,-5.8659,7.9786,21.423,25.052
-6.4614,-6.8857,-0.73299,-0.53541,-2.617,-9.3182,-29.206,-14.519,-8.1656,3.8394,17.99,21.627
-8.7928,-10.711,-2.2953,2.2024,-2.779,-11.423,-30.052,-15.508,-10.6,-0.2913,14.167,18.373
-9.8597,-14.185,-4.9611,4.5096,-1.7757,-13.788,-31.177,-16.717,-13.15,-4.3535,10.069,15.401
-10.221,-17.338,-8.1095,6.5378,-0.2179,-16.243,-32.55,-18.118,-15.79,-8.3214,5.8619,12.772
-10.501,-20.159,-11.028,8.4127,1.1853,-18.564,-34.115,-19.644,-18.475,-12.175,1.737,10.494
-11.193,-22.601,-13.16,10.243,1.8938,-20.564,-35.8,-21.209,-21.135,-15.881,-2.1277,8.5313
-12.483,-24.628,-14.294,12.052,1.7148,-22.162,-37.529,-22.721,-23.694,-19.389,-5.6185,6.8142
-14.171,-26.239,-14.614,13.731,0.86055,-23.395,-39.236,-24.097,-26.079,-22.648,-8.7196,5.2663
-15.768,-27.482,-14.583,15.097,-0.1367,-24.391,-40.872,-25.275,-28.233,-25.612,-11.499,3.8314
-16.713,-28.428,-14.735,15.982,-0.65948,-25.302,-42.407,-26.21,-30.111,-28.248,-14.049,2.489
-16.615,-29.156,-15.477,16.314,-0.27596,-26.244,-43.835,-26.879,-31.684,-30.548,-16.434,1.2434
-15.408,-29.736,-16.954,16.153,1.1083,-27.259,-45.175,-27.283,-32.953,-32.538,-18.664,0.09925
-13.358,-30.219,-19.017,15.668,3.2591,-28.31,-46.462,-27.446,-33.945,-34.271,-20.705,-0.94988
-10.953,-30.634,-21.304,15.089,5.7289,-29.305,-47.728,-27.408,-34.714,-35.802,-22.482,-1.9113
-8.7435,-30.992,-23.385,14.629,8.0107,-30.144,-48.994,-27.217,-35.317,-37.167,-23.896,-2.7735
-7.1949,-31.288,-24.892,14.423,9.6797,-30.758,-50.261,-26.924,-35.805,-38.376,-24.853,-3.501
-6.5805,-31.516,-25.61,14.505,10.486,-31.123,-51.519,-26.578,-36.212,-39.43,-25.315,-4.0474
-6.9306,-31.666,-25.518,14.817,10.397,-31.263,-52.758,-26.229,-36.565,-40.341,-25.328,-4.3816
-8.0419,-31.733,-24.782,15.24,9.584,-31.236,-53.967,-25.922,-36.89,-41.15,-25.034,-4.5064
-9.5474,-31.72,-23.7,15.651,8.3699,-31.12,-55.138,-25.698,-37.216,-41.923,-24.631,-4.4573
-11.025,-31.649,-22.632,15.961,7.1362,-31.001,-56.251,-25.588,-37.569,-42.732,-24.314,-4.2788
-12.12,-31.555,-21.913,16.136,6.2249,-30.953,-57.294,-25.592,-37.961,-43.621,-24.207,-3.9976
-12.639,-31.474,-21.77,16.178,5.8726,-31.013,-58.257,-25.694,-38.377,-44.589,-24.328,-3.6138
-12.532,-31.415,-22.263,16.08,6.188,-31.162,-59.129,-25.839,-38.78,-45.589,-24.6,-3.1167
-11.786,-31.345,-23.285,15.788,7.1624,-31.334,-59.889,-25.927,-39.1,-46.546,-24.908,-2.5084
-10.352,-31.191,-24.606,15.201,8.6798,-31.437,-60.483,-25.787,-39.221,-47.383,-25.159,-1.8134
-8.2295,-30.866,-25.931,14.222,10.525,-31.376,-60.795,-25.159,-38.97,-48.029,-25.316,-1.0687
-5.5918,-30.303,-26.954,12.814,12.407,-31.076,-60.627,-23.692,-38.103,-48.428,-25.387,-0.29592
-2.8209,-29.484,-27.408,11.063,13.995,-30.496,-59.7,-20.95,-36.29,-48.52,-25.37,0.53228
-0.42444,-28.446,-27.108,9.1848,14.961,-29.636,-57.701,-16.465,-33.152,-48.216,-25.202,1.5116
1.1095,-27.275,-25.992,7.4748,15.049,-28.539,-54.393,-10.055,-28.714,-47.36,-24.722,2.7969
1.4641,-26.058,-24.145,6.2134,14.161,-27.282,-49.822,-3.4846,-25.264,-45.714,-23.664,4.5538
0.6155,-24.837,-21.78,5.5573,12.405,-25.936,-44.852,-2.7941,-28.828,-43.004,-21.743,6.8599
-1.1161,-23.556,-19.18,5.4697,10.085,-24.532,-42.08,-7.6038,-36.326,-39.152,-18.963,9.547
-3.1167,-22.018,-16.622,5.7132,7.6208,-23.025,-43.259,-7.5524,-38.153,-34.867,-16.491,11.936
-4.6169,-19.875,-14.315,5.8821,5.4562,-21.285,-43.978,1.3628,-33.49,-32.179,-16.791,12.384
-4.8788,-16.684,-12.371,5.4142,3.9566,-19.106,-39.069,14.354,-21.192,-31.855,-16.828,9.1292
-3.4269,-12.103,-10.801,3.6925,3.3156,-16.245,-25.383,27.988,1.4591,-30.021,-12.473,6.1808
-0.74041,-6.1494,-9.5152,1.4697,3.4586,-12.455,-3.9533,70.348,35.286,-23.007,-5.1291,8.7346
-0.62794,0.72042,-8.3704,-1.1219,3.8339,-7.5297,25.624,133.82,78.526,-9.9227,5.7122,14.57
0.94843,7.7187,-7.2567,-7.3368,2.7484,-1.4138,81.266,200.19,125.96,9.925,21.474,23.261
7.1054,15.491,-6.168,-15.446,-0.51666,5.5843,148.57,257.26,169.66,38.061,43.621,35.779
14.876,24.364,-5.2457,-24.416,0.090683,12.628,202.54,289.87,201.13,74.768,73.167,52.171
24.263,33.261,-4.7733,-34.061,4.8747,18.552,238.21,284.1,212.35,116.14,109.85,71.721
36.097,42.476,-5.0944,-45.254,12.672,22.723,247.59,232.3,198.87,156.07,151.93,94.146
52.479,53.882,-6.4537,-60.284,23.503,25.704,227.13,135.88,161.89,190.7,197.91,120.21
76.723,70.451,-8.8358,-81.929,38.245,28.455,178.39,4.0367,107.41,220.63,248.7,151.59
110.76,94.772,-12.24,-111.39,57.705,31.936,105.64,-150.11,44.822,249.75,307.54,190.41
152.58,127.58,-19.016,-148.47,81.608,37.66,12.353,-310.57,-15.601,283.27,378.61,238.54
199.87,167.76,-26.854,-193.46,108.35,47.739,-101.88,-466.37,-66.422,327.06,465.88,297.28
252.45,213.8,-31.376,-245.29,136.8,63.731,-239.14,-614.4,-105.79,387.75,572.68,367.05
309.89,264.52,-34.038,-301.37,167.74,85.603,-400.1,-753.67,-137.09,469.87,700.16,446.86
371.77,318.28,-37.645,-359.52,202.57,113.29,-587.67,-886.52,-166.38,572.41,846.2,534.09
437.55,372.04,-45.763,-418.25,242.73,143.35,-801.71,-1019,-200.21,689.45,1004.5,624.51
506.53,420.7,-62.177,-475.68,289.23,164.7,-1036.7,-1157.4,-243.51,811.36,1165.2,712.9
577.82,459.31,-89.961,-529.53,341.56,172.7,-1281.8,-1303.8,-297.55,925.49,1317.8,794.22
649.74,485.3,-130.38,-577.83,398.48,166.92,-1522.2,-1453.7,-359.63,1018.3,1451.6,864.07
718.82,497.95,-182.83,-618.59,459.13,148.52,-1741.4,-1595.1,-423.81,1081,1557.1,918.42
780.43,497.2,-244.58,-649.37,519.4,119.92,-1923.6,-1711.2,-481.81,1112,1626.5,953.45
829.86,483.1,-309.1,-667.61,573.23,83.661,-2056.4,-1786.1,-527.62,1113.3,1656,966.07
862.66,455.26,-371.24,-670.6,618.13,40.929,-2132.8,-1810.7,-561.86,1087.9,1645,954.6
875.07,412.13,-430.01,-655.69,652.78,-8.6961,-2151.2,-1786.2,-587.01,1037.6,1594.9,918.83
864.4,351.47,-485.96,-620.62,675.55,-65.901,-2115.7,-1723.3,-605.4,961.61,1507.5,859.79
829.67,271.73,-539.16,-563.47,685.46,-130.84,-2034.1,-1638.7,-622.92,856.4,1383.2,779.4
771.4,174.13,-587.38,-483.7,681.27,-202.25,-1915.8,-1551,-648.68,716.56,1221.1,680.57
690.24,64.016,-625.45,-384.47,659.61,-276.21,-1770.5,-1475.2,-690.1,538.37,1020.9,567.28
588.76,-49.4,-647.01,-273.8,617.52,-346.11,-1607,-1418.4,-748.72,324.43,787.49,444.93
474.77,-154.88,-646.67,-163.35,556.32,-403.9,-1432.7,-1376.7,-817.68,87.528,533.34,320.8
360.87,-241.86,-621.8,-65.003,482.22,-441.86,-1254.1,-1337.9,-882.74,-149.09,278.6,203.7
259.74,-302.44,-574.24,12.547,404.25,-454.71,-1077.2,-1287.8,-927.13,-356.62,47.667,102.35
178.59,-332.46,-510.7,65.252,330.97,-441.75,-909.59,-1217.6,-937.25,-509.23,-136.99,23.266
118.99,-332.63,-439.98,93.619,267.51,-407.09,-759.3,-1125,-906.43,-592.4,-261.78,-30.389
78.64,-308.83,-369.75,101.78,215.2,-358.02,-629.68,-1012.6,-836.7,-606.92,-325.56,-59.781
53.1,-270.14,-305.21,96.027,173.08,-302.69,-519.9,-886.65,-738.45,-567.07,-338.03,-70.498
36.974,-225.8,-248.61,83.283,139.33,-247.91,-427.69,-756.33,-626.63,-494.3,-314.7,-69.927
25.032,-182.81,-199.69,69.545,111.65,-198.19,-349.98,-630.24,-515.35,-409.93,-272.34,-64.631
13.942,-145.31,-157.61,58.357,87.491,-155.85,-283.84,-514.61,-414.18,-329.96,-225.91,-58.918
2.8177,-115.23,-122.14,49.689,65.17,-121.84,-227.44,-413.48,-328.1,-263.35,-185.46,-54.883
-7.085,-93.474,-92.515,34.925,44.85,-95.841,-180.21,-329.02,-258.92,-212.63,-154.36,-52.85
-4.3232,-79.139,-68.028,31.13,28.075,-76.012,-142.2,-261.63,-205.59,-176.11,-131.34,-38.752
0.96481,-68.768,-48.375,30.635,15.556,-60.653,-113.04,-210.2,-165.11,-150.63,-113.72,-29.995
-4.081,-59.964,-33.38,28.517,6.7279,-48.815,-91.524,-172.16,-134.66,-131.1,-100.21,-28.898
-7.5228,-52.168,-22.552,25.048,1.6934,-39.932,-75.933,-143.89,-111.84,-113.04,-88.915,-27.558
-9.5228,-45.556,-14.993,21.456,0.44817,-33.654,-64.676,-121.7,-94.169,-95.368,-78.561,-25.737
-10.632,-39.573,-10.517,18.541,0.93198,-30.003,-56.834,-102.86,-79.556,-78.798,-68.354,-23.908
-11.183,-34.026,-10.142,16.271,1.1826,-28.969,-52.711,-86.017,-66.745,-65.585,-58.003,-22.449
-11.311,-30.212,-11.931,14.468,1.075,-27.935,-49.398,-71.994,-55.257,-56.988,-49.831,-21.512
-10.915,-27.802,-12.32,12.972,0.99403,-26.137,-44.522,-65.01,-46.092,-52.879,-44.685,-21.052
-9.763,-26.178,-12.323,11.612,1.4371,-24.633,-39.842,-60.362,-42.752,-50.292,-41.308,-20.909
-7.7395,-25.026,-12.996,10.248,2.7881,-23.701,-36.068,-54.079,-40.749,-47.495,-39.159,-20.909
-5.0128,-24.186,-14.539,8.8471,5.0665,-23.282,-33.215,-48.273,-37.768,-44.781,-37.763,-20.93
-2.018,-23.587,-16.721,7.5252,7.9301,-23.264,-31.168,-43.623,-34.673,-42.307,-36.721,-20.935
0.64828,-23.216,-19.088,6.4989,10.801,-23.525,-29.794,-40.066,-31.934,-40.082,-35.816,-20.951
2.3649,-23.085,-21.104,6.0062,13.017,-23.939,-28.962,-37.385,-29.687,-38.109,-34.974,-21.038
2.6492,-23.198,-22.314,6.2082,14.021,-24.38,-28.55,-35.343,-27.914,-36.408,-34.21,-21.236
1.3359,-23.519,-22.474,7.1111,13.56,-24.735,-28.439,-33.737,-26.514,-34.989,-33.57,-21.536
-1.3294,-23.967,-21.619,8.5404,11.772,-24.925,-28.504,-32.405,-25.363,-33.838,-33.084,-21.86
-4.7365,-24.437,-20.041,10.179,9.1308,-24.928,-28.628,-31.233,-24.35,-32.9,-32.741,-22.09
-8.076,-24.837,-18.208,11.653,6.3025,-24.78,-28.71,-30.151,-23.406,-32.105,-32.487,-22.119
-10.559,-25.101,-16.623,12.638,3.9702,-24.554,-28.693,-29.134,-22.508,-31.391,-32.262,-21.921
-11.637,-25.205,-15.662,12.954,2.661,-24.323,-28.573,-28.191,-21.678,-30.726,-32.029,-21.57
-11.208,-25.164,-15.45,12.616,2.5718,-24.133,-28.386,-27.332,-20.943,-30.098,-31.795,-21.215
-9.688,-25.021,-15.805,11.84,3.4412,-23.973,-28.178,-26.545,-20.298,-29.498,-31.596,-21.002
-7.8497,-24.821,-16.293,10.981,4.6098,-23.777,-27.985,-25.782,-19.686,-28.911,-31.476,-21.013
-6.5555,-24.596,-16.357,10.409,5.2729,-23.437,-27.823,-24.985,-19.027,-28.315,-31.468,-21.235
-6.4881,-24.333,-15.527,10.374,4.7925,-22.843,-27.696,-24.118,-18.271,-27.71,-31.596,-21.58
-7.9096,-23.982,-13.613,10.901,2.9363,-21.929,-27.609,-23.201,-17.434,-27.135,-31.873,-21.935
-10.533,-23.466,-10.801,11.778,-0.027419,-20.711,-27.567,-22.292,-16.593,-26.66,-32.297,-22.213
-13.621,-22.713,-7.6012,12.65,-3.4082,-19.288,-27.558,-21.454,-15.827,-26.331,-32.839,-22.354
-16.278,-21.682,-4.6577,13.169,-6.3508,-17.81,-27.534,-20.693,-15.16,-26.118,-33.42,-22.326
-17.765,-20.376,-2.5015,13.102,-8.1737,-16.413,-27.416,-19.936,-14.526,-25.912,-33.925,-22.12
-17.73,-18.839,-1.3625,12.376,-8.5926,-15.155,-27.114,-19.057,-13.799,-25.571,-34.244,-21.762
-16.279,-17.134,-1.1284,11.054,-7.7516,-13.999,-26.563,-17.935,-12.854,-24.986,-34.316,-21.327
-13.825,-15.315,-1.4412,9.2907,-6.0967,-12.851,-25.748,-16.508,-11.63,-24.146,-34.154,-20.924
-10.875,-13.412,-1.868,7.2773,-4.175,-11.61,-24.702,-14.801,-10.148,-23.138,-33.835,-20.655
-7.9126,-11.448,-2.0571,5.2041,-2.457,-10.222,-23.494,-12.902,-8.4916,-22.108,-33.463,-20.575
-5.3541,-9.4618,-1.8273,3.2367,-1.243,-8.7079,-22.198,-10.929,-6.778,-21.191,-33.123,-20.657
-3.4671,-7.5163,-1.186,1.5004,-0.63843,-7.1607,-20.868,-8.9738,-5.1017,-20.452,-32.834,-20.796
-2.3074,-5.6813,-0.28413,0.076843,-0.56766,-5.7116,-19.52,-7.062,-3.4981,-19.86,-32.543,-20.835
-1.7395,-4.0153,0.6743,-0.99206,-0.83219,-4.4635,-18.121,-5.1265,-1.9306,-19.287,-32.137,-20.62
-1.5486,-2.5601,1.5112,-1.7008,-1.2024,-3.445,-16.6,-3.0162,-0.30835,-18.56,-31.502,-20.059
-1.546,-1.3494,2.1057,-2.0844,-1.4941,-2.6237,-14.876,-0.54822,1.4716,-17.523,-30.576,-19.172
-1.593,-0.41133,2.3993,-2.2134,-1.5909,-1.9437,-12.896,2.4226,3.4801,-16.113,-29.383,-18.103
-1.5917,0.24524,2.4016,-2.166,-1.4408,-1.3611,-10.648,5.9516,5.735,-14.384,-28.038,-17.092
-1.5153,0.64505,2.1947,-1.9941,-1.0797,-0.84608,-8.1521,9.9967,8.2093,-12.488,-26.713,-16.39
-1.4473,0.84303,1.9309,-1.7077,-0.65746,-0.37022,-5.4269,14.453,10.86,-10.6,-25.574,-16.166
-1.5771,0.90273,1.8228,-1.2795,-0.41928,0.098423,-2.468,19.208,13.661,-8.8343,-24.707,-16.419
-2.1486,0.875,2.1041,-0.66202,-0.64585,0.59171,0.75153,24.177,16.621,-7.1961,-24.058,-16.964
-3.3769,0.79154,2.9602,0.18628,-1.5692,1.1379,4.2535,29.313,19.778,-5.5966,-23.434,-17.504
-5.3478,0.67242,4.4638,1.2682,-3.2843,1.7563,8.016,34.576,23.17,-3.9203,-22.588,-17.755
-7.9421,0.54036,6.5393,2.5183,-5.6859,2.4478,11.952,39.911,26.798,-2.1032,-21.324,-17.576
-10.826,0.43489,8.9634,3.7891,-8.4593,3.1903,15.929,45.253,30.627,-0.17241,-19.6,-17.027
-13.515,0.41741,11.405,4.8683,-11.14,3.949,19.833,50.572,34.622,1.7752,-17.551,-16.332
-15.492,0.56163,13.502,5.5308,-13.234,4.6965,23.639,55.92,38.812,3.6364,-15.442,-15.778
-16.351,0.93547,14.967,5.6097,-14.355,5.4338,27.448,61.449,43.343,5.3683,-13.554,-15.583
-15.928,1.5867,15.688,5.0546,-14.361,6.2037,31.471,67.38,48.475,7.0219,-12.076,-15.809
-14.36,2.5378,15.782,3.9503,-13.404,7.0908,35.979,73.929,54.503,8.7289,-11.041,-16.344
-12.042,3.7829,15.566,2.4943,-11.88,8.2007,41.246,81.206,61.596,10.646,-10.33,-16.969
-9.5152,5.2843,15.438,0.94192,-10.284,9.6152,47.497,89.118,69.604,12.881,-9.7166,-17.445
-7.3061,6.9699,15.718,-0.46166,-9.0568,11.336,54.838,97.349,78.019,15.431,-8.9567,-17.614
-5.7778,8.7452,16.539,-1.5453,-8.4592,13.257,63.179,105.45,86.197,18.178,-7.8784,-17.457
-5.0453,10.516,17.829,-2.2502,-8.5212,15.208,72.206,113.01,93.652,20.933,-6.4373,-17.083
-4.9941,12.219,19.409,-2.6293,-9.0808,17.054,81.518,119.81,100.2,23.524,-4.6951,-16.653
-5.3835,13.831,21.134,-2.8095,-9.9223,18.769,90.835,125.84,105.9,25.861,-2.7443,-16.287
-5.9763,15.367,22.985,-2.9322,-10.917,20.431,100.09,131.24,110.94,27.942,-0.65588,-16.012
-6.6353,16.849,25.065,-3.096,-12.069,22.155,109.35,136.23,115.53,29.834,1.5251,-15.764
-7.3503,18.277,27.497,-3.3214,-13.47,24.008,118.66,140.95,119.8,31.626,3.7678,-15.433
-8.197,19.609,30.32,-3.5537,-15.223,25.978,127.95,145.49,123.77,33.395,6.047,-14.918
-9.2626,20.776,33.448,-3.697,-17.375,27.981,137.04,149.83,127.4,35.173,8.3295,-14.173
-10.588,21.718,36.695,-3.6555,-19.873,29.898,145.73,153.92,130.64,36.941,10.561,-13.218
-12.147,22.417,39.84,-3.3671,-22.575,31.614,153.9,157.7,133.45,38.639,12.666,-12.117
-13.854,22.888,42.664,-2.8205,-25.289,33.039,161.54,161.15,135.83,40.189,14.559,-10.931
-15.582,23.156,44.969,-2.0582,-27.815,34.109,168.7,164.22,137.76,41.52,16.168,-9.6862
-17.182,23.233,46.612,-1.167,-29.978,34.79,175.43,166.86,139.22,42.587,17.45,-8.3616
-18.505,23.114,47.542,-0.25985,-31.652,35.085,181.69,169.01,140.15,43.372,18.41,-6.9047
-19.427,22.797,47.816,0.54811,-32.781,35.042,187.33,170.63,140.57,43.883,19.091,-5.2641
-19.884,22.309,47.584,1.1652,-33.391,34.746,192.21,171.71,140.54,44.137,19.548,-3.4289
-19.887,21.706,47.03,1.5437,-33.573,34.298,196.26,172.28,140.18,44.137,19.822,-1.4566
-19.527,21.057,46.318,1.69,-33.444,33.787,199.49,172.33,139.59,43.875,19.926,0.52833
-18.955,20.417,45.567,1.6631,-33.118,33.27,202,171.86,138.8,43.338,19.855,2.3712
-18.347,19.803,44.84,1.5611,-32.691,32.762,203.89,170.86,137.8,42.537,19.609,3.9417
-17.873,19.201,44.156,1.4958,-32.25,32.244,205.3,169.36,136.56,41.52,19.21,5.181
-17.652,18.584,43.506,1.5585,-31.865,31.688,206.35,167.46,135.08,40.366,18.71,6.1155
-17.727,17.936,42.886,1.7885,-31.59,31.086,207.13,165.26,133.35,39.158,18.175,6.8327
-18.064,17.27,42.325,2.1583,-31.462,30.469,207.7,162.88,131.39,37.955,17.657,7.4329
-18.561,16.625,41.886,2.5832,-31.49,29.896,208.09,160.35,129.22,36.772,17.172,7.984
-19.088,16.056,41.643,2.9511,-31.646,29.432,208.25,157.67,126.82,35.576,16.698,8.5018
-19.529,15.621,41.646,3.1619,-31.88,29.13,208.16,154.77,124.13,34.313,16.196,8.962
-19.816,15.361,41.897,3.1661,-32.145,29.014,207.75,151.57,121.1,32.938,15.642,9.3344
-19.948,15.265,42.337,2.9878,-32.408,29.063,207.03,148.02,117.68,31.451,15.057,9.618
-19.979,15.262,42.836,2.7191,-32.638,29.2,206.02,144.12,113.85,29.909,14.505,9.8562
-19.979,15.232,43.204,2.4816,-32.783,29.292,204.77,139.94,109.64,28.411,14.074,10.129
-19.991,15.064,43.235,2.3731,-32.748,29.195,203.31,135.57,105.16,27.057,13.83,10.529
-20.014,14.704,42.771,2.4273,-32.425,28.801,201.65,131.14,100.57,25.907,13.787,11.13
-20.008,14.189,41.77,2.6044,-31.744,28.094,199.74,126.71,96.048,24.965,13.898,11.964
-19.923,13.623,40.325,2.8147,-30.722,27.154,197.48,122.29,91.683,24.186,14.078,13.026
-19.716,13.13,38.631,2.9597,-29.468,26.126,194.76,117.81,87.419,23.509,14.254,14.281
-19.361,12.779,36.89,2.9691,-28.121,25.145,191.44,113.11,83.09,22.891,14.406,15.7
-18.83,12.544,35.191,2.8159,-26.756,24.248,187.38,108.05,78.489,22.321,14.589,17.267
-18.085,12.304,33.439,2.5079,-25.317,23.336,182.47,102.48,73.457,21.819,14.909,18.978
-17.085,11.886,31.368,2.0701,-23.63,22.185,176.55,96.343,67.936,21.395,15.475,20.827
-15.811,11.14,28.671,1.5334,-21.515,20.53,169.49,89.66,62.008,21.031,16.348,22.789
-14.303,10.003,25.18,0.93116,-18.93,18.169,161.21,82.548,55.877,20.668,17.505,24.814
-12.664,8.5275,21.015,0.30218,-16.071,15.078,151.77,75.176,49.809,20.223,18.842,26.825
-11.037,6.8659,16.582,-0.303,-13.303,11.488,141.36,67.725,44.057,19.626,20.201,28.717
-9.567,5.2048,12.392,-0.81993,-10.939,7.8206,130.29,60.348,38.797,18.858,21.427,30.367
-8.3452,3.677,8.7678,-1.183,-9.0209,4.4672,118.9,53.154,34.108,17.975,22.415,31.658
-7.3358,2.3015,5.6178,-1.3558,-7.2463,1.572,107.48,46.218,29.982,17.089,23.135,32.511
-6.321,0.9891,2.4999,-1.3615,-5.1645,-0.99801,96.258,39.581,26.357,16.322,23.628,32.891
-4.98,-0.3931,-1.0622,-1.2865,-2.4706,-3.5171,85.327,33.248,23.129,15.749,23.965,32.813
-3.0567,-1.9392,-5.3156,-1.2443,0.9016,-6.2157,74.651,27.189,20.185,15.361,24.225,32.333
-0.51894,-3.6513,-10.163,-1.3178,4.814,-9.1366,64.161,21.361,17.422,15.083,24.491,31.56
2.3544,-5.4434,-15.143,-1.5151,8.8891,-12.097,53.854,15.739,14.777,14.815,24.849,30.659
5.0109,-7.1889,-19.529,-1.7608,12.502,-14.77,43.84,10.331,12.231,14.478,25.386,29.825
6.8063,-8.7792,-22.578,-1.928,14.952,-16.848,34.293,5.1572,9.7875,14.025,26.168,29.232
7.2543,-10.165,-23.82,-1.8889,15.74,-18.176,25.368,0.23124,7.4383,13.422,27.213,28.982
6.2137,-11.37,-23.228,-1.5622,14.763,-18.806,17.151,-4.4584,5.1469,12.639,28.491,29.084
3.9275,-12.468,-21.206,-0.93695,12.353,-18.956,9.6558,-8.9382,2.8507,11.643,29.925,29.475
0.92738,-13.541,-18.459,-0.072582,9.1684,-18.92,2.849,-13.229,0.48132,10.417,31.417,30.059
-2.1491,-14.636,-15.762,0.92647,5.9781,-18.957,-3.3244,-17.325,-2.0081,8.9746,32.852,30.727
-4.7608,-15.75,-13.719,1.951,3.4073,-19.22,-8.916,-21.188,-4.6142,7.3765,34.102,31.366
-6.6069,-16.849,-12.62,2.9222,1.7663,-19.745,-13.962,-24.752,-7.2724,5.7197,35.028,31.864
-7.6456,-17.899,-12.485,3.8014,1.0789,-20.486,-18.487,-27.948,-9.8744,4.1029,35.494,32.123
-7.9894,-18.887,-13.24,4.5744,1.2462,-21.367,-22.519,-30.731,-12.31,2.5865,35.394,32.068
-7.7606,-19.827,-14.799,5.227,2.1796,-22.325,-26.107,-33.102,-14.51,1.1706,34.677,31.643
-7.0225,-20.752,-17.014,5.7307,3.8068,-23.337,-29.327,-35.115,-16.471,-0.19937,33.368,30.813
-5.8031,-21.697,-19.67,6.0426,6.0538,-24.42,-32.283,-36.873,-18.254,-1.6088,31.574,29.571
-4.1155,-22.673,-22.58,6.1164,8.872,-25.606,-35.09,-38.501,-19.965,-3.1413,29.469,27.952
-1.9875,-23.655,-25.633,5.9239,12.166,-26.914,-37.84,-40.121,-21.715,-4.8488,27.273,26.045
0.47354,-24.603,-28.742,5.4848,15.693,-28.315,-40.574,-41.815,-23.581,-6.731,25.209,23.99
3.0418,-25.482,-31.76,4.8891,19.108,-29.746,-43.277,-43.611,-25.585,-8.7363,23.463,21.948
5.3991,-26.284,-34.474,4.2923,22.076,-31.131,-45.895,-45.479,-27.688,-10.784,22.134,20.051
7.2071,-27.021,-36.681,3.8748,24.327,-32.411,-48.363,-47.353,-29.82,-12.8,21.217,18.366
8.1954,-27.713,-38.257,3.7833,25.686,-33.549,-50.63,-49.155,-31.897,-14.742,20.603,16.872
8.2329,-28.375,-39.183,4.0905,26.105,-34.527,-52.666,-50.813,-33.847,-16.609,20.107,15.487
7.3598,-29.015,-39.561,4.7875,25.676,-35.351,-54.461,-52.273,-35.618,-18.418,19.524,14.104
5.7729,-29.634,-39.582,5.7981,24.615,-36.046,-56.007,-53.499,-37.177,-20.172,18.689,12.639
3.7738,-30.222,-39.458,6.9974,23.196,-36.636,-57.289,-54.475,-38.511,-21.846,17.523,11.066
1.692,-30.753,-39.311,8.2328,21.687,-37.121,-58.289,-55.205,-39.626,-23.381,16.045,9.4281
-0.19328,-31.191,-39.135,9.3517,20.297,-37.474,-58.995,-55.713,-40.545,-24.715,14.345,7.826
-1.6984,-31.502,-38.856,10.228,19.167,-37.658,-59.419,-56.045,-41.305,-25.82,12.531,6.3761
-2.7338,-31.672,-38.449,10.778,18.378,-37.659,-59.606,-56.26,-41.954,-26.725,10.661,5.1681
-3.2742,-31.699,-37.965,10.965,17.95,-37.494,-59.63,-56.415,-42.545,-27.522,8.7306,4.2335
-3.3302,-31.599,-37.472,10.8,17.833,-37.201,-59.574,-56.554,-43.127,-28.334,6.6805,3.5353
-2.9491,-31.392,-36.99,10.343,17.929,-36.813,-59.505,-56.694,-43.737,-29.274,4.4468,2.9793
-2.2446,-31.105,-36.478,9.6993,18.108,-36.351,-59.455,-56.832,-44.391,-30.397,2.0041,2.4486
-1.4176,-30.771,-35.868,9.0057,18.22,-35.827,-59.415,-56.946,-45.076,-31.678,-0.60199,1.8494
-0.72897,-30.429,-35.105,8.3997,18.12,-35.255,-59.338,-56.998,-45.752,-33.021,-3.2467,1.1485
-0.43611,-30.114,-34.178,7.9938,17.696,-34.659,-59.157,-56.947,-46.362,-34.297,-5.7512,0.37571
-0.72946,-29.861,-33.121,7.8631,16.891,-34.071,-58.803,-56.756,-46.853,-35.389,-7.9411,-0.40653
-1.6959,-29.692,-31.983,8.0503,15.702,-33.521,-58.218,-56.4,-47.186,-36.229,-9.7157,-1.1451
-3.3121,-29.614,-30.808,8.5684,14.169,-33.023,-57.377,-55.877,-47.348,-36.818,-11.095,-1.827
-5.4523,-29.613,-29.619,9.3908,12.374,-32.576,-56.291,-55.213,-47.353,-37.211,-12.217,-2.4865
-7.8966,-29.656,-28.431,10.434,10.444,-32.169,-55.013,-54.454,-47.229,-37.489,-13.275,-3.1824
-10.35,-29.688,-27.254,11.548,8.532,-31.777,-53.608,-53.645,-47.005,-37.716,-14.436,-3.9516
-12.493,-29.63,-26.084,12.529,6.7806,-31.359,-52.128,-52.813,-46.69,-37.907,-15.763,-4.7665
-14.062,-29.381,-24.892,13.144,5.2766,-30.842,-50.589,-51.959,-46.266,-38.011,-17.188,-5.5227
-14.918,-28.825,-23.641,13.185,4.0439,-30.132,-48.965,-51.055,-45.697,-37.929,-18.537,-6.0671
-15.034,-27.862,-22.311,12.521,3.0852,-29.144,-47.198,-50.059,-44.937,-37.55,-19.605,-6.2527
-14.395,-26.431,-20.92,11.133,2.4276,-27.826,-45.224,-48.932,-43.951,-36.795,-20.25,-5.9944
-12.93,-24.519,-19.531,9.114,2.1405,-26.167,-43.005,-47.661,-42.734,-35.649,-20.445,-5.3042
-10.591,-22.146,-18.232,6.6318,2.3191,-24.166,-40.541,-46.267,-41.319,-34.177,-20.294,-4.2965
-7.5185,-19.347,-17.091,3.8811,3.0308,-21.835,-37.868,-44.805,-39.769,-32.504,-19.978,-3.158
-4.1155,-16.153,-16.102,1.0587,4.2067,-19.235,-35.026,-43.334,-38.151,-30.762,-19.683,-2.0811
-0.95812,-12.565,-15.1,-1.6386,5.502,-16.45,-32.04,-41.896,-36.503,-29.04,-19.515,-1.1768
1.3449,-8.546,-13.648,-4.0347,6.2874,-13.434,-28.909,-40.497,-34.819,-27.35,-19.458,-0.41767
2.2955,-4.0429,-11.119,-6.0438,5.8596,-9.9384,-25.62,-39.12,-33.059,-25.639,-19.386,0.34567
1.6785,0.94577,-6.9893,-7.7498,3.767,-5.6538,-22.166,-37.748,-31.187,-23.829,-19.115,1.3082
-0.3046,6.3187,-1.1326,-9.434,0.055104,-0.42821,-18.564,-36.387,-29.198,-21.868,-18.486,2.6092
-3.0483,11.897,6.0706,-11.54,-4.707,5.5762,-14.874,-35.076,-27.139,-19.759,-17.441,4.2452
-5.7033,17.533,13.798,-14.579,-9.5889,11.878,-11.193,-33.875,-25.093,-17.57,-16.057,6.0468
-7.4241,23.216,21.007,-18.931,-13.569,17.864,-7.6379,-32.834,-23.138,-15.394,-14.528,7.7352
-7.6249,29.063,26.778,-24.552,-15.842,23.061,-4.3173,-31.966,-21.305,-13.306,-13.081,9.0313
-6.1285,35.188,30.662,-30.798,-16.102,27.287,-1.2994,-31.228,-19.558,-11.316,-11.879,9.7608
-3.154,41.53,32.825,-36.769,-14.652,30.65,1.388,-30.537,-17.808,-9.3617,-10.974,9.9101
0.79341,47.789,33.922,-41.967,-12.265,33.462,3.7304,-29.811,-15.97,-7.3463,-10.312,9.6139
5.0581,53.633,34.766,-46.47,-9.8447,36.134,5.6875,-29.014,-14.014,-5.1963,-9.7756,9.0867
9.0194,58.963,35.99,-50.594,-8.0938,39.059,7.1746,-28.182,-11.997,-2.9129,-9.2345,8.5372
12.311,63.889,37.851,-54.607,-7.3401,42.48,8.0808,-27.419,-10.052,-0.58452,-8.5814,8.1044
14.95,68.561,40.267,-58.68,-7.4854,46.379,8.3158,-26.865,-8.3408,1.6443,-7.7523,7.8452
17.32,73.163,43.012,-62.895,-8.1077,50.479,7.8486,-26.635,-6.9875,3.6379,-6.7268,7.7626
19.952,77.904,45.858,-67.257,-8.7308,54.435,6.7187,-26.766,-6.0326,5.3372,-5.5074,7.8383
23.211,82.854,48.579,-71.694,-9.0463,58.038,5.0255,-27.192,-5.4136,6.7906,-4.1046,8.0415
27.108,87.863,50.915,-76.094,-8.9211,61.177,2.9102,-27.766,-4.9934,8.1239,-2.55,8.3298
31.461,92.641,52.618,-80.334,-8.3162,63.74,0.52348,-28.319,-4.6222,9.4703,-0.91744,8.6589
36.039,96.84,53.527,-84.244,-7.2492,65.685,-2.0162,-28.73,-4.1988,10.908,0.67407,8.9908
40.542,100.12,53.532,-87.57,-5.7663,67.027,-4.6458,-28.953,-3.6982,12.442,2.0908,9.2959
44.637,102.19,52.546,-90.055,-3.9316,67.694,-7.3492,-29.022,-3.1587,14.025,3.237,9.5605
48.068,102.85,50.601,-91.533,-1.8595,67.574,-10.128,-29.008,-2.6444,15.604,4.1044,9.8009
50.684,102.08,47.94,-91.96,0.24879,66.686,-12.963,-28.973,-2.2009,17.156,4.7909,10.072
52.398,100.09,45.001,-91.389,2.1097,65.23,-15.793,-28.922,-1.8221,18.705,5.4752,10.464
53.176,97.323,42.304,-89.958,3.4259,63.525,-18.505,-28.785,-1.4436,20.321,6.351,11.082
53.126,94.451,40.308,-87.971,4.0029,61.914,-20.972,-28.447,-0.96845,22.074,7.5458,12.002
52.572,92.161,39.285,-85.966,3.8473,60.681,-23.093,-27.802,-0.31631,23.99,9.0652,13.227
51.99,90.913,39.223,-84.583,3.189,59.969,-24.833,-26.815,0.53445,26.02,10.799,14.673
51.845,90.789,39.823,-84.259,2.4157,59.747,-26.224,-25.537,1.5392,28.069,12.591,16.202
52.464,91.551,40.619,-85.042,1.9463,59.84,-27.327,-24.085,2.6148,30.051,14.331,17.693
53.945,92.829,41.152,-86.657,2.0786,60.012,-28.192,-22.586,3.6808,31.938,16.018,19.089
56.101,94.266,41.141,-88.667,2.8694,60.077,-28.827,-21.141,4.6877,33.759,17.743,20.406
58.481,95.555,40.57,-90.622,4.1113,59.95,-29.214,-19.8,5.6198,35.566,19.639,21.717
60.507,96.433,39.667,-92.169,5.4271,59.638,-29.338,-18.578,6.4809,37.389,21.81,23.113
61.696,96.712,38.767,-93.113,6.4331,59.181,-29.222,-17.479,7.2739,39.213,24.283,24.624
61.833,96.323,38.123,-93.397,6.8868,58.603,-28.939,-16.519,7.9816,40.962,26.959,26.157
61.018,95.326,37.789,-93.095,6.7636,57.886,-28.594,-15.737,8.5568,42.502,29.617,27.491
59.596,93.872,37.617,-92.389,6.2446,56.985,-28.294,-15.198,8.9239,43.665,31.957,28.332
57.983,92.138,37.354,-91.457,5.6231,55.849,-28.108,-14.973,8.9936,44.295,33.675,28.418
56.439,90.249,36.737,-90.375,5.1719,54.434,-28.054,-15.117,8.6811,44.291,34.546,27.606
54.934,88.23,35.569,-89.112,5.0404,52.7,-28.101,-15.656,7.9252,43.618,34.47,25.909
53.206,86.029,33.77,-87.562,5.2228,50.618,-28.197,-16.58,6.7006,42.306,33.467,23.453
50.939,83.566,31.4,-85.571,5.5892,48.19,-28.287,-17.849,5.0166,40.425,31.627,20.4
47.896,80.8,28.655,-83.025,5.9488,45.474,-28.339,-19.413,2.9033,38.059,29.056,16.888
43.949,77.75,25.822,-79.986,6.1174,42.592,-28.352,-21.231,0.39636,35.292,25.84,13.02
39.142,74.477,23.204,-76.731,5.9778,39.709,-28.346,-23.282,-2.4689,32.196,22.062,8.8852
33.859,71.018,21.011,-73.568,5.5206,36.983,-28.352,-25.559,-5.6538,28.826,17.838,4.6088
28.903,67.329,19.297,-70.596,4.855,34.512,-28.391,-28.054,-9.1063,25.225,13.335,0.36454
25.052,63.292,17.963,-67.709,4.1688,32.316,-28.462,-30.735,-12.753,21.426,8.7207,-3.6604
22.41,58.814,16.852,-64.828,3.627,30.337,-28.546,-33.541,-16.496,17.48,4.1186,-7.3331
20.428,53.925,15.877,-61.922,3.248,28.479,-28.619,-36.398,-20.219,13.475,-0.3745,-10.591
18.41,48.722,15.084,-58.739,2.8413,26.632,-28.669,-39.23,-23.804,9.5445,-4.624,-13.388
15.837,43.291,14.598,-54.7,2.0776,24.701,-28.699,-41.974,-27.146,5.843,-8.4372,-15.672
12.422,37.757,14.51,-49.065,0.65351,22.611,-28.731,-44.589,-30.177,2.4969,-11.625,-17.406
8.089,32.323,14.781,-41.253,-1.5473,20.317,-28.796,-47.052,-32.866,-0.43117,-14.084,-18.612
2.9955,27.164,15.22,-31.653,-4.3757,17.796,-28.919,-49.356,-35.213,-2.949,-15.824,-19.378
-2.4377,22.334,15.551,-22.038,-7.4431,15.06,-29.107,-51.494,-37.237,-5.1102,-16.953,-19.843
-7.5963,17.811,15.507,-14.042,-10.239,12.154,-29.341,-53.446,-38.953,-6.9753,-17.623,-20.17
-11.839,13.578,14.92,-8.0703,-12.29,9.1589,-29.583,-55.177,-40.377,-8.5832,-17.993,-20.498
-14.682,9.6487,13.737,-3.9318,-13.293,6.1721,-29.796,-56.652,-41.521,-9.9452,-18.194,-20.918
-15.922,6.0484,11.999,-1.3784,-13.175,3.2714,-29.954,-57.85,-42.414,-11.054,-18.313,-21.453
-15.685,2.7836,9.8056,-0.15434,-12.089,0.49195,-30.053,-58.775,-43.094,-11.892,-18.379,-22.066
-14.386,-0.17898,7.3162,0.089156,-10.371,-2.1643,-30.102,-59.452,-43.601,-12.439,-18.359,-22.679
-12.619,-2.9062,4.7294,-0.17518,-8.4464,-4.703,-30.108,-59.912,-43.966,-12.679,-18.173,-23.202
-11.002,-5.4603,2.2369,-0.44857,-6.7064,-7.12,-30.077,-60.193,-44.208,-12.618,-17.737,-23.578
-9.9928,-7.8466,-0.040941,-0.38329,-5.3824,-9.3981,-30.016,-60.336,-44.336,-12.297,-17.013,-23.805
-9.7435,-9.9898,-2.0823,0.10141,-4.4883,-11.505,-29.931,-60.389,-44.36,-11.794,-16.037,-23.948
-10.056,-11.758,-3.9271,0.8365,-3.8528,-13.384,-29.831,-60.401,-44.285,-11.2,-14.915,-24.101
-10.5,-13.023,-5.606,1.5201,-3.2433,-14.951,-29.727,-60.413,-44.117,-10.596,-13.772,-24.334
-10.631,-13.722,-7.0949,1.8691,-2.5047,-16.122,-29.627,-60.45,-43.863,-10.019,-12.694,-24.642
-10.189,-13.888,-8.3281,1.7312,-1.6056,-16.852,-29.534,-60.527,-43.527,-9.4672,-11.705,-24.945
-9.1665,-13.661,-9.2376,1.1172,-0.61015,-17.166,-29.475,-60.651,-43.132,-8.9073,-10.76,-25.129
-7.7691,-13.235,-9.7814,0.17059,0.35547,-17.152,-29.479,-60.805,-42.7,-8.3019,-9.77,-25.085
-6.3185,-12.791,-9.9335,-0.89162,1.123,-16.919,-29.558,-60.95,-42.231,-7.6104,-8.6421,-24.751
-5.158,-12.423,-9.6663,-1.8445,1.5123,-16.547,-29.677,-60.984,-41.674,-6.7839,-7.3162,-24.125
-4.5657,-12.122,-8.9543,-2.5156,1.3777,-16.07,-29.717,-60.71,-40.909,-5.757,-5.79,-23.275
-4.6847,-11.792,-7.8101,-2.8251,0.65997,-15.481,-29.467,-59.843,-39.738,-4.4493,-4.1228,-22.303
-5.487,-11.3,-6.3221,-2.7917,-0.58335,-14.773,-28.62,-58.04,-37.901,-2.777,-2.4151,-21.325
-6.7881,-10.529,-4.6602,-2.5065,-2.1815,-13.959,-26.801,-54.979,-35.101,-0.66588,-0.76558,-20.433
-8.2782,-9.4096,-3.0414,-2.1059,-3.8835,-13.084,-23.585,-50.475,-31.101,1.9436,0.78757,-19.668
-9.5733,-7.9479,-1.6826,-1.7722,-5.4091,-12.213,-18.601,-44.722,-26.048,5.0936,2.3171,-18.995
-10.298,-6.2217,-0.76216,-1.764,-6.5081,-11.42,-12.372,-38.909,-21.249,8.7785,4.0052,-18.289
-10.181,-4.3424,-0.39379,-2.44,-6.9994,-10.76,-9.2944,-35.774,-19.742,12.871,6.0802,-17.36
-9.0854,-2.3832,-0.62512,-4.2273,-6.7683,-10.25,-14.342,-36.014,-22.676,16.947,8.6612,-15.99
-6.9105,-0.31589,-1.4507,-7.5108,-5.7237,-9.859,-19.168,-33.915,-24.82,19.938,11.427,-13.973
-3.5041,2.0045,-2.8298,-12.447,-3.7756,-9.5096,-17.022,-24.61,-21.172,19.554,12.25,-11.177
1.2565,4.8035,-4.6944,-18.621,-0.85545,-9.0897,-6.8784,-11.739,-10.128,14.014,4.3809,-8.3857
7.0573,8.3293,-6.9473,-24.557,3.045,-8.4602,11.517,-1.5937,7.9212,11.364,-0.097866,-8.1002
12.538,12.81,-9.4633,-27.672,7.7936,-7.4498,37.616,26.364,30.987,20.479,4.4613,-5.8253
16.894,18.22,-12.104,-26.512,12.89,-5.8349,80.423,91.192,57.872,38.967,13.161,-2.1304
22.154,22.329,-14.741,-27.633,17.284,-3.3296,140.73,157.86,88.118,65.744,27.509,3.155
28.478,22.405,-17.283,-33.277,20.325,0.32071,203.85,217.49,118.75,99.501,48.579,11.399
35.185,26.796,-19.695,-40.191,23.376,5.0188,256.04,258.83,143.59,136.47,76.833,23.88
43.075,33.92,-21.981,-48.411,27.919,9.8965,283.73,268.2,156.51,172.58,112.72,41.951
54.358,41.04,-24.148,-58.714,34.341,13.679,278.74,236.27,155.65,205.42,155.36,66.833
71.192,49.53,-26.152,-72.326,43.914,16.309,239.69,161.84,144.77,235.47,202.35,97.766
94.418,62.526,-27.805,-91.199,57.869,18.944,170.57,51.289,128.35,266.1,254.37,132.18
123.96,83.436,-28.381,-117.37,75.405,23.014,77.427,-87.328,101.85,302.53,315.19,170.98
159.47,114.18,-30.143,-151.82,94.906,30.41,-35.877,-239.76,63.126,350.15,388.17,217.31
200.55,154.37,-32.453,-194.27,116.14,43.144,-169.69,-388.95,25.1,413.12,475.81,273.07
247.27,202.3,-33.754,-243.62,139.99,62.24,-327.25,-528.93,-4.2844,494.1,580.14,339.05
300.66,256.23,-36.593,-298.18,167.68,88.378,-511.67,-657.56,-24.276,593.11,702.39,414.79
361.45,313.46,-43.959,-355.94,200.8,120.3,-723.98,-779.65,-38.167,706.32,841.14,498.8
428.96,369.13,-59.167,-415.07,241.05,146.29,-961.79,-904.05,-51.938,827.02,990.18,587.71
501.86,417.06,-85.28,-473.79,289.88,158.55,-1217.7,-1036.1,-71.784,946.49,1139.7,676.37
578.49,452.85,-123.46,-529.81,347.56,156.8,-1478.7,-1175.6,-102.96,1054.7,1280.6,759.92
655.86,475.39,-172.25,-580.33,411.53,141.85,-1727.5,-1316.8,-148.33,1142.5,1405.8,834.11
729.27,485.2,-229.5,-622.46,477.58,116.01,-1946.3,-1447,-205.25,1204.4,1508.9,894.9
794.36,482.77,-293.23,-653.65,542.43,82.188,-2119.6,-1550.1,-265.78,1238.8,1584.3,938.59
848.27,467.95,-360.55,-671.98,603.62,42.491,-2236.5,-1611.6,-319.74,1246.4,1627.3,961.92
887.84,439.67,-428.61,-675.7,658.14,-2.687,-2292.8,-1625.3,-361.25,1228.3,1634.4,962.17
909.59,395.96,-495.7,-662.76,702.99,-54.423,-2290.1,-1595.4,-390.86,1184.4,1603.4,937.65
910.31,334.64,-560.48,-630.97,736.08,-114.11,-2235.5,-1533.7,-410.96,1111.9,1533.3,888.15
887.85,254.73,-621.26,-578.77,755.81,-182.02,-2138.4,-1456.7,-428.45,1005.5,1423.6,815.16
841.19,157.8,-675.04,-506.36,760.08,-255.97,-2009,-1382.8,-461.09,858.42,1273.5,721.59
771.09,48.837,-717.15,-416.71,746.52,-330.83,-1856.2,-1326.2,-520.92,667.13,1082.5,611.44
681.44,-63.508,-742.04,-315.96,714.01,-399.24,-1687.2,-1291.3,-607.05,435.89,854.22,489.93
579.27,-168.15,-745.27,-212.85,663.6,-453.25,-1508.7,-1272,-707.97,180.21,600.38,364.09
472.5,-254.01,-725.12,-116.86,598.43,-486.2,-1327.6,-1254.7,-804.8,-74.054,342.14,242.92
368.2,-312.5,-682.57,-35.604,523.65,-494.19,-1150.2,-1224,-876.58,-296.68,105.86,135.86
272.67,-339.53,-620.48,26.286,445.03,-477.16,-981.53,-1167.3,-906.78,-461.81,-84.532,50.331
191.02,-336.81,-543.93,67.245,367.08,-439.03,-826.75,-1080.3,-888.53,-555.6,-214.73,-9.7193
126.08,-311.22,-460.12,88.68,293.65,-386.48,-688.68,-968.65,-826.29,-579.65,-283.04,-44.439
77.749,-272.1,-376.96,94.165,228.27,-327.38,-568.46,-844.35,-733.15,-548.74,-299.24,-59.371
43.711,-228.36,-301.01,88.746,172.74,-269.24,-466.63,-718.61,-624.95,-483.51,-280.25,-61.242
21.631,-186.82,-235.99,77.999,127.59,-217.54,-381.61,-598.91,-514.83,-403.38,-243.91,-57.003
7.8196,-151.71,-183.07,66.422,93.048,-174.89,-310.38,-490.06,-411.66,-324.75,-204.31,-52.395
-1.7002,-124.71,-142.18,56.384,67.448,-141.16,-250.28,-395.63,-321.66,-258.9,-170.6,-50.504
-8.9602,-105.03,-111.19,41.881,48.244,-114.94,-199.86,-317.74,-249.22,-209.27,-145.81,-51.417
-14.034,-90.712,-86.802,28.971,33.52,-94.622,-158.6,-256.38,-195.49,-173.34,-128.34,-42.042
-16.466,-79.695,-66.97,26.996,21.871,-78.544,-126.13,-209.7,-157.07,-147.33,-114.25,-29.772
-8.8681,-70.429,-50.453,26.521,12.412,-65.773,-101.7,-174.82,-129.09,-128,-99.18,-29.959
-5.6915,-62.515,-36.677,25.351,4.9543,-56.082,-84.011,-148.36,-107.89,-110.69,-86.821,-29.652
-7.9515,-56.188,-25.807,23.589,2.1531,-49.133,-71.42,-127.01,-91.007,-94.002,-75.621,-28.12
-10.453,-51.396,-19.475,21.767,8.1082,-44.847,-63.072,-108.45,-76.754,-79.076,-63.993,-25.906
-12.221,-47.112,-23.741,20.299,8.9405,-43.758,-60.648,-91.843,-64.207,-67.414,-53.318,-23.663
-13.03,-42.769,-28.827,19.267,8.2031,-43.639,-59.693,-79.003,-53.152,-59.914,-45.063,-21.866
-12.932,-39.628,-29.369,18.541,8.1916,-42.032,-55.936,-73.121,-45.123,-55.666,-39.16,-20.733
-12.195,-37.808,-29.664,17.973,8.9143,-40.286,-51.82,-68.695,-41.974,-52.775,-35.338,-20.234
-11.211,-36.699,-30.236,17.483,9.9073,-38.924,-48.457,-62.926,-39.403,-50.397,-33.031,-20.141
-10.351,-35.888,-30.606,17.046,10.678,-37.779,-45.932,-57.251,-36.166,-48.335,-31.632,-20.133
-9.8262,-35.18,-30.405,16.65,10.929,-36.693,-44.104,-52.262,-32.805,-46.5,-30.662,-19.926
-9.6387,-34.513,-29.591,16.268,10.648,-35.642,-42.816,-48.003,-29.664,-44.857,-29.824,-19.374
-9.6156,-33.897,-28.409,15.85,10.065,-34.699,-41.939,-44.394,-26.919,-43.436,-29.006,-18.495
-9.5099,-33.361,-27.228,15.334,9.5107,-33.964,-41.368,-41.327,-24.647,-42.301,-28.242,-17.448
-9.1253,-32.922,-26.344,14.691,9.2467,-33.491,-41.002,-38.69,-22.848,-41.51,-27.675,-16.455
-8.4076,-32.573,-25.874,13.94,9.3622,-33.247,-40.739,-36.364,-21.448,-41.084,-27.477,-15.723
-7.4539,-32.29,-25.77,13.16,9.7773,-33.128,-40.485,-34.24,-20.344,-40.994,-27.758,-15.371
-6.4601,-32.051,-25.896,12.462,10.319,-33.022,-40.173,-32.228,-19.432,-41.165,-28.521,-15.406
-5.6521,-31.852,-26.119,11.963,10.802,-32.87,-39.758,-30.258,-18.625,-41.491,-29.655,-15.725
-5.2313,-31.709,-26.349,11.76,11.083,-32.682,-39.223,-28.273,-17.854,-41.852,-30.974,-16.152
-5.3341,-31.653,-26.533,11.914,11.07,-32.515,-38.573,-26.225,-17.076,-42.141,-32.263,-16.492
-5.9975,-31.708,-26.645,12.425,10.741,-32.423,-37.829,-24.074,-16.273,-42.285,-33.327,-16.614
-7.1365,-31.872,-26.666,13.225,10.134,-32.425,-37.026,-21.807,-15.451,-42.261,-34.049,-16.491
-8.552,-32.097,-26.573,14.169,9.3364,-32.485,-36.19,-19.434,-14.627,-42.092,-34.409,-16.194
-9.9765,-32.297,-26.325,15.058,8.4634,-32.524,-35.339,-16.993,-13.825,-41.832,-34.463,-15.831
-11.136,-32.379,-25.893,15.689,7.6373,-32.45,-34.481,-14.542,-13.059,-41.541,-34.308,-15.489
-11.803,-32.281,-25.289,15.909,6.9811,-32.207,-33.62,-12.152,-12.344,-41.275,-34.039,-15.211
-11.814,-31.993,-24.595,15.652,6.6153,-31.803,-32.766,-9.8797,-11.706,-41.064,-33.715,-14.988
-11.105,-31.56,-23.946,14.955,6.6359,-31.307,-31.931,-7.767,-11.172,-40.911,-33.341,-14.767
-9.7612,-31.058,-23.465,13.947,7.0599,-30.812,-31.101,-5.798,-10.749,-40.786,-32.865,-14.454
-8.0435,-30.564,-23.198,12.828,7.7733,-30.388,-30.236,-3.8713,-10.396,-40.623,-32.2,-13.945
-6.3527,-30.134,-23.082,11.821,8.5315,-30.046,-29.252,-1.7949,-10.002,-40.343,-31.28,-13.165
-5.1208,-29.788,-22.988,11.12,9.0354,-29.745,-28.043,0.67786,-9.4042,-39.861,-30.113,-12.117
-4.6554,-29.511,-22.787,10.828,9.0517,-29.419,-26.501,3.7811,-8.4403,-39.115,-28.79,-10.895
-4.9962,-29.263,-22.418,10.916,8.5162,-29.015,-24.563,7.6611,-7.017,-38.067,-27.45,-9.6693
-5.8805,-28.999,-21.91,11.232,7.5779,-28.521,-22.23,12.321,-5.1473,-36.715,-26.231,-8.6383
-6.8612,-28.673,-21.376,11.559,6.5579,-27.954,-19.563,17.604,-2.9536,-35.097,-25.231,-7.9648
-7.5162,-28.241,-20.924,11.705,5.8113,-27.332,-16.659,23.23,-0.59855,-33.286,-24.476,-7.7047
-7.6515,-27.657,-20.561,11.572,5.5187,-26.637,-13.613,28.881,1.7833,-31.375,-23.878,-7.7684
-7.4036,-26.882,-20.114,11.192,5.5204,-25.801,-10.493,34.313,4.1105,-29.435,-23.25,-7.9463
-7.1814,-25.897,-19.241,10.706,5.3469,-24.722,-7.3229,39.428,6.3453,-27.496,-22.36,-7.9922
-7.4624,-24.716,-17.547,10.286,4.4575,-23.302,-4.0743,44.3,8.4949,-25.542,-21.025,-7.726
-8.5407,-23.376,-14.776,10.026,2.5181,-21.498,-0.6783,49.143,10.622,-23.53,-19.183,-7.1108
-10.358,-21.93,-10.959,9.8867,-0.4411,-19.352,2.9476,54.222,12.818,-21.429,-16.921,-6.2663
-12.495,-20.43,-6.4547,9.7092,-4.0142,-16.996,6.8669,59.764,15.16,-19.252,-14.458,-5.4204
-14.319,-18.921,-1.8696,9.2864,-7.5284,-14.623,11.106,65.886,17.674,-17.062,-12.102,-4.8278
-15.228,-17.443,2.1191,8.4544,-10.248,-12.432,15.659,72.579,20.352,-14.945,-10.169,-4.6846
-14.877,-16.025,4.9648,7.1709,-11.618,-10.575,20.51,79.725,23.187,-12.966,-8.8865,-5.0622
-13.309,-14.678,6.4201,5.5591,-11.472,-9.1082,25.659,87.167,26.203,-11.123,-8.3118,-5.8768
-10.959,-13.396,6.6154,3.8948,-10.098,-7.9745,31.13,94.774,29.477,-9.328,-8.2906,-6.9049
-8.5195,-12.175,6.0032,2.5369,-8.1453,-7.0303,36.984,102.46,33.142,-7.4347,-8.5027,-7.852
-6.7161,-11.038,5.171,1.8196,-6.3595,-6.1177,43.313,110.14,37.381,-5.2959,-8.5888,-8.4537
-6.0656,-10.04,4.6059,1.9316,-5.3122,-5.1469,50.228,117.67,42.394,-2.8381,-8.3011,-8.5667
-6.6921,-9.2404,4.5301,2.8193,-5.23,-4.1449,57.811,124.81,48.287,-0.11215,-7.5905,-8.2044
-8.2672,-8.65,4.8727,4.172,-5.9489,-3.2319,66.018,131.34,54.92,2.7176,-6.5917,-7.5073
-10.134,-8.1983,5.3948,5.5202,-7.0038,-2.5198,74.621,137.07,61.877,5.4504,-5.5394,-6.6708
-11.589,-7.7502,5.905,6.4107,-7.8847,-2.0025,83.299,141.98,68.669,7.9473,-4.6507,-5.8657
-12.165,-7.1637,6.4129,6.5708,-8.3141,-1.5222,91.832,146.2,74.985,10.2,-3.9991,-5.1748
-11.793,-6.3506,7.1264,5.9839,-8.3302,-0.83461,100.22,150,80.805,12.346,-3.4285,-4.5579
-10.778,-5.3043,8.3193,4.8557,-8.1979,0.27657,108.67,153.65,86.334,14.62,-2.5842,-3.8601
-9.6057,-4.0795,10.174,3.516,-8.2674,1.9054,117.41,157.43,91.857,17.259,-1.0606,-2.875
-8.7364,-2.7453,12.698,2.3129,-8.8358,3.9993,126.56,161.47,97.579,20.402,1.4229,-1.4437
-8.4886,-1.3601,15.747,1.5129,-10.059,6.403,136.07,165.77,103.53,24.033,4.8972,0.45079
-8.9879,0.025436,19.104,1.2293,-11.929,8.9375,145.69,170.18,109.53,27.981,9.1183,2.6439
-10.15,1.3714,22.581,1.4042,-14.312,11.478,155.08,174.52,115.33,32,13.655,4.8324
-11.723,2.6811,26.073,1.844,-17.005,13.99,163.92,178.57,120.66,35.857,18.038,6.6856
-13.377,4.0252,29.549,2.2978,-19.794,16.511,171.99,182.18,125.35,39.391,21.897,7.9701
-14.82,5.5045,32.981,2.5554,-22.487,19.074,179.22,185.26,129.36,42.525,25.03,8.6264
-15.886,7.1559,36.298,2.5311,-24.944,21.65,185.64,187.83,132.71,45.253,27.416,8.7673
-16.587,8.8781,39.367,2.2962,-27.104,24.113,191.36,189.95,135.51,47.608,29.144,8.6009
-17.091,10.448,42.027,2.0415,-28.982,26.281,196.5,191.73,137.81,49.615,30.327,8.3179
-17.622,11.618,44.129,1.9885,-30.632,27.977,201.14,193.23,139.68,51.258,31.021,8.0042
-18.348,12.227,45.58,2.2916,-32.088,29.088,205.33,194.48,141.1,52.472,31.204,7.6197
-19.291,12.269,46.375,2.9649,-33.328,29.612,209.06,195.43,142.05,53.173,30.821,7.0453
-20.31,11.896,46.612,3.8617,-34.296,29.664,212.28,196.04,142.5,53.299,29.857,6.1762
-21.167,11.368,46.491,4.7263,-34.964,29.462,215.02,196.28,142.5,52.858,28.388,5.0182
-21.631,10.961,46.258,5.3057,-35.374,29.268,217.33,196.19,142.14,51.946,26.594,3.7324
-21.566,10.847,46.122,5.4604,-35.612,29.295,219.33,195.88,141.55,50.741,24.721,2.5979
-20.986,11.035,46.159,5.2146,-35.734,29.617,221.13,195.45,140.85,49.448,23.029,1.9134
-20.055,11.386,46.282,4.7319,-35.73,30.14,222.81,194.97,140.1,48.234,21.716,1.8812
-19.051,11.701,46.309,4.2438,-35.582,30.672,224.35,194.41,139.29,47.167,20.877,2.5286
-18.287,11.818,46.112,3.9685,-35.357,31.044,225.68,193.68,138.35,46.21,20.501,3.718
-18.013,11.681,45.746,4.0489,-35.224,31.2,226.7,192.65,137.16,45.263,20.521,5.2312
-18.378,11.353,45.479,4.5208,-35.421,31.218,227.32,191.22,135.62,44.23,20.868,6.8495
-19.444,10.984,45.718,5.3176,-36.213,31.267,227.53,189.31,133.66,43.063,21.506,8.4231
-21.223,10.738,46.875,6.3041,-37.835,31.528,227.34,186.95,131.22,41.773,22.44,9.9313
-23.654,10.701,49.158,7.3213,-40.374,32.097,226.79,184.17,128.27,40.421,23.671,11.449
-26.527,10.846,52.406,8.2233,-43.649,32.93,225.97,181.03,124.77,39.075,25.134,13.032
-29.424,11.045,56.063,8.8912,-47.159,33.834,224.91,177.58,120.71,37.763,26.657,14.62
-31.764,11.143,59.309,9.2334,-50.149,34.523,223.65,173.84,116.06,36.448,27.992,16.03
-32.951,11.026,61.278,9.188,-51.792,34.716,222.18,169.84,110.83,35.054,28.878,17.03
-32.573,10.685,61.31,8.7376,-51.453,34.229,220.5,165.61,105.08,33.517,29.134,17.453
-30.537,10.208,59.146,7.9246,-48.92,33.039,218.58,161.2,98.979,31.838,28.708,17.257
-27.122,9.7331,54.997,6.8539,-44.492,31.28,216.41,156.63,92.724,30.083,27.688,16.546
-22.909,9.3598,49.455,5.6788,-38.882,29.174,213.97,151.92,86.518,28.361,26.262,15.529
-18.625,9.089,43.298,4.5705,-32.988,26.944,211.22,147.06,80.493,26.776,24.656,14.467
-14.916,8.8333,37.285,3.668,-27.612,24.748,208.14,141.99,74.654,25.385,23.076,13.61
-12.147,8.4757,31.989,3.0206,-23.229,22.664,204.66,136.66,68.863,24.18,21.677,13.149
-10.312,7.9356,27.711,2.557,-19.872,20.699,200.74,130.93,62.876,23.099,20.547,13.201
-9.1176,7.2093,24.439,2.1088,-17.205,18.803,196.37,124.69,56.455,22.063,19.723,13.802
-8.1655,6.3756,21.881,1.4917,-14.808,16.902,191.51,117.83,49.553,21.03,19.208,14.91
-7.1331,5.5611,19.622,0.60911,-12.495,14.951,186.17,110.33,42.481,20.029,18.994,16.411
-5.8991,4.8819,17.387,-0.48002,-10.376,12.979,180.3,102.36,35.843,19.155,19.087,18.163
-4.5826,4.3887,15.194,-1.569,-8.626,11.098,173.85,94.155,30.175,18.527,19.517,20.03
-3.4809,4.0443,13.213,-2.3787,-7.3139,9.4252,166.75,86.003,25.643,18.227,20.296,21.881
-2.9163,3.7504,11.52,-2.6623,-6.4502,7.9968,158.92,78.076,22.089,18.266,21.379,23.578
-3.0523,3.4153,10.048,-2.3074,-6.0071,6.7522,150.25,70.427,19.228,18.581,22.643,25.01
-3.7843,3.0213,8.6726,-1.3998,-5.8804,5.6004,140.68,63.024,16.795,19.07,23.921,26.114
-4.7601,2.6445,7.2968,-0.21909,-5.8827,4.4911,130.21,55.812,14.588,19.622,25.043,26.881
-5.5047,2.4082,5.8919,0.84527,-5.7891,3.4335,118.89,48.76,12.467,20.15,25.88,27.326
-5.588,2.397,4.4774,1.4259,-5.3953,2.4579,106.93,41.862,10.34,20.592,26.36,27.453
-4.7584,2.5886,3.0713,1.295,-4.5548,1.5555,94.625,35.133,8.1449,20.897,26.464,27.237
-2.9875,2.8453,1.6457,0.41736,-3.1889,0.64282,82.382,28.592,5.8397,21.013,26.205,26.641
-0.42443,2.9619,0.11794,-1.0708,-1.2882,-0.42261,70.59,22.267,3.4008,20.883,25.608,25.665
2.6759,2.7403,-1.6104,-2.9194,1.0827,-1.7753,59.52,16.202,0.82433,20.453,24.715,24.384
5.998,2.0619,-3.5961,-4.8268,3.7854,-3.4604,49.275,10.444,-1.8759,19.691,23.602,22.953
9.1979,0.94163,-5.8181,-6.5016,6.6226,-5.398,39.808,5.0229,-4.6788,18.594,22.388,21.546
11.957,-0.46463,-8.1836,-7.7176,9.3638,-7.4243,31,-0.06781,-7.5693,17.187,21.219,20.288
14.037,-1.9327,-10.562,-8.3475,11.784,-9.3786,22.735,-4.8643,-10.543,15.516,20.237,19.226
15.307,-3.2886,-12.827,-8.3663,13.711,-11.168,14.938,-9.4066,-13.596,13.644,19.553,18.358
15.746,-4.4898,-14.891,-7.824,15.069,-12.783,7.5913,-13.713,-16.704,11.648,19.218,17.685
15.424,-5.6222,-16.715,-6.8134,15.88,-14.272,0.71292,-17.768,-19.806,9.6056,19.215,17.219
14.484,-6.8281,-18.286,-5.451,16.229,-15.699,-5.6664,-21.527,-22.807,7.5898,19.45,16.95
13.103,-8.2095,-19.592,-3.8671,16.209,-17.099,-11.517,-24.929,-25.599,5.6628,19.769,16.816
11.478,-9.7584,-20.593,-2.1995,15.9,-18.447,-16.814,-27.915,-28.091,3.8792,19.992,16.717
9.8022,-11.357,-21.247,-0.60141,15.364,-19.672,-21.539,-30.448,-30.232,2.2792,19.951,16.54
8.2577,-12.844,-21.533,0.76431,14.669,-20.689,-25.686,-32.529,-32.032,0.86945,19.511,16.163
6.9793,-14.103,-21.477,1.7713,13.887,-21.442,-29.269,-34.199,-33.555,-0.39706,18.589,15.467
6.0322,-15.104,-21.158,2.3692,13.108,-21.927,-32.319,-35.523,-34.896,-1.6131,17.189,14.385
5.4233,-15.879,-20.702,2.5744,12.444,-22.183,-34.876,-36.564,-36.141,-2.8742,15.438,12.961
5.1475,-16.476,-20.261,2.4329,12.018,-22.27,-36.985,-37.361,-37.332,-4.2225,13.57,11.359
5.2265,-16.913,-19.98,1.9963,11.936,-22.243,-38.689,-37.916,-38.453,-5.6194,11.86,9.8183
5.7052,-17.179,-19.958,1.318,12.252,-22.137,-40.034,-38.213,-39.454,-6.9743,10.523,8.5561
6.6029,-17.257,-20.223,0.46318,12.95,-21.974,-41.079,-38.242,-40.298,-8.2139,9.6225,7.6798
7.8506,-17.147,-20.721,-0.48001,13.929,-21.77,-41.908,-38.027,-40.987,-9.3373,9.0333,7.1465
9.2609,-16.876,-21.318,-1.392,15.008,-21.538,-42.625,-37.639,-41.57,-10.416,8.4728,6.7847
10.542,-16.489,-21.82,-2.1247,15.928,-21.292,-43.329,-37.175,-42.121,-11.547,7.6126,6.3647
11.348,-16.042,-22.013,-2.5201,16.392,-21.039,-44.086,-36.727,-42.703,-12.79,6.224,5.6983
11.358,-15.6,-21.705,-2.4443,16.134,-20.778,-44.898,-36.344,-43.344,-14.137,4.2742,4.7179
10.377,-15.225,-20.785,-1.8349,15.006,-20.502,-45.707,-36.014,-44.029,-15.52,1.9159,3.4767
8.4306,-14.955,-19.281,-0.74916,13.05,-20.201,-46.414,-35.67,-44.708,-16.854,-0.60201,2.0784
5.7835,-14.782,-17.379,0.61641,10.527,-19.868,-46.925,-35.224,-45.326,-18.074,-3.0331,0.60982
2.9441,-14.659,-15.422,1.9544,7.9122,-19.51,-47.182,-34.606,-45.845,-19.176,-5.208,-0.88167
0.60478,-14.538,-13.86,2.9167,5.8257,-19.172,-47.189,-33.801,-46.263,-20.218,-7.0742,-2.372
-0.53897,-14.424,-13.142,3.2137,4.8782,-18.955,-47.002,-32.852,-46.613,-21.299,-8.6896,-3.8353
-0.038266,-14.396,-13.559,2.7228,5.4584,-18.985,-46.698,-31.84,-46.943,-22.518,-10.173,-5.2261
2.1005,-14.563,-15.112,1.5489,7.5472,-19.343,-46.343,-30.834,-47.285,-23.928,-11.642,-6.4793
5.3561,-14.984,-17.456,-0.003841,10.673,-19.995,-45.969,-29.867,-47.638,-25.5,-13.168,-7.5295
8.8358,-15.609,-19.982,-1.5276,14.036,-20.78,-45.571,-28.924,-47.964,-27.123,-14.744,-8.3442
11.568,-16.303,-22.011,-2.6317,16.76,-21.479,-45.129,-27.969,-48.208,-28.644,-16.293,-8.945
12.817,-16.935,-23.038,-3.0492,18.172,-21.924,-44.627,-26.979,-48.325,-29.925,-17.699,-9.4016
12.311,-17.456,-22.932,-2.6951,18.031,-22.079,-44.058,-25.963,-48.3,-30.893,-18.851,-9.8024
10.297,-17.92,-21.989,-1.6579,16.59,-22.063,-43.426,-24.962,-48.143,-31.558,-19.675,-10.214
7.4092,-18.433,-20.789,-0.14558,14.475,-22.089,-42.727,-24.027,-47.878,-31.981,-20.144,-10.651
4.3938,-19.085,-19.926,1.5831,12.413,-22.35,-41.929,-23.18,-47.52,-32.225,-20.288,-11.066
1.8482,-19.873,-19.736,3.2761,10.932,-22.9,-40.967,-22.398,-47.059,-32.319,-20.182,-11.391
0.041285,-20.697,-20.165,4.7398,10.173,-23.616,-39.756,-21.617,-46.463,-32.247,-19.931,-11.588
-1.1207,-21.396,-20.815,5.8683,9.8905,-24.249,-38.21,-20.763,-45.687,-31.977,-19.659,-11.689
-1.9687,-21.809,-21.138,6.6334,9.6276,-24.525,-36.266,-19.773,-44.704,-31.502,-19.481,-11.778
-2.8267,-21.816,-20.653,7.0623,8.9616,-24.23,-33.9,-18.623,-43.513,-30.855,-19.462,-11.921
-3.8188,-21.356,-19.128,7.2177,7.6824,-23.268,-31.136,-17.341,-42.144,-30.097,-19.576,-12.103
-4.883,-20.416,-16.66,7.1637,5.8337,-21.679,-28.043,-16.005,-40.655,-29.285,-19.701,-12.214
-5.8636,-19.011,-13.65,6.9192,3.7066,-19.618,-24.717,-14.722,-39.104,-28.446,-19.656,-12.094
-6.5671,-17.153,-10.613,6.4486,1.7076,-17.289,-21.254,-13.593,-37.537,-27.566,-19.275,-11.61
-6.8396,-14.828,-7.909,5.6928,0.11674,-14.831,-17.722,-12.67,-35.967,-26.597,-18.473,-10.717
-6.6381,-11.985,-5.5819,4.5936,-1.0414,-12.23,-14.144,-11.948,-34.365,-25.475,-17.274,-9.4773
-6.0425,-8.5565,-3.381,3.092,-1.9348,-9.314,-10.501,-11.374,-32.673,-24.134,-15.789,-8.0305
-5.173,-4.4974,-0.93959,1.1119,-2.7554,-5.8542,-6.7555,-10.888,-30.827,-22.52,-14.158,-6.536
-4.0531,0.16077,2.0197,-1.4161,-3.5668,-1.6979,-2.8826,-10.457,-28.785,-20.598,-12.504,-5.1194
-2.5488,5.2863,5.5328,-4.5193,-4.2536,3.1133,1.0937,-10.085,-26.543,-18.371,-10.888,-3.8465
-0.45611,10.674,9.3428,-8.178,-4.5783,8.3043,5.0992,-9.7983,-24.13,-15.874,-9.2975,-2.7218
2.3326,16.127,13.013,-12.374,-4.3174,13.455,9.0327,-9.6087,-21.588,-13.164,-7.6409,-1.7042
5.7007,21.554,16.187,-17.127,-3.4256,18.193,12.798,-9.4884,-18.947,-10.291,-5.771,-0.73382
9.2794,27.006,18.823,-22.462,-2.1332,22.362,16.32,-9.3723,-16.215,-7.2762,-3.5521,0.23241
12.524,32.627,21.223,-28.272,-0.90362,26.023,19.529,-9.1886,-13.399,-4.1189,-0.93751,1.1924
14.876,38.536,23.829,-34.152,-0.26507,29.339,22.346,-8.8985,-10.523,-0.8206,1.9988,2.0991
15.962,44.68,26.958,-39.474,-0.60942,32.463,24.663,-8.5192,-7.6433,2.5985,5.1023,2.898
15.745,50.772,30.618,-43.837,-2.0477,35.499,26.361,-8.1236,-4.8305,6.096,8.2076,3.5858
14.584,56.408,34.55,-47.344,-4.3575,38.523,27.331,-7.8238,-2.1656,9.6097,11.182,4.2509
13.128,61.302,38.423,-50.376,-7.0255,41.612,27.508,-7.7497,0.26657,13.059,13.93,5.0518
12.067,65.433,41.992,-53.25,-9.4049,44.868,26.883,-8.0214,2.3807,16.348,16.384,6.1459
11.865,69.014,45.136,-56.089,-10.98,48.383,25.491,-8.7132,4.1076,19.388,18.492,7.6223
12.641,72.331,47.932,-58.877,-11.642,52.121,23.404,-9.8206,5.4255,22.11,20.22,9.4778
14.254,75.58,50.705,-61.536,-11.778,55.922,20.72,-11.254,6.383,24.487,21.56,11.637
16.426,78.785,53.75,-63.957,-12.021,59.571,17.556,-12.871,7.0769,26.523,22.519,13.991
18.778,81.82,57.017,-66.033,-12.791,62.671,14.024,-14.535,7.5951,28.225,23.112,16.42
20.995,84.465,60.1,-67.7,-14.051,64.734,10.198,-16.161,7.9713,29.574,23.346,18.811
23.167,86.461,62.314,-68.985,-15.309,65.643,6.112,-17.727,8.1818,30.516,23.215,21.049
25.817,87.566,62.761,-69.999,-15.675,65.481,1.7771,-19.262,8.1717,30.982,22.712,23.022
29.607,87.616,60.582,-70.919,-14.185,64.06,-2.7791,-20.806,7.8886,30.925,21.846,24.627
35.048,86.602,55.342,-71.924,-10.279,61.159,-7.4804,-22.37,7.3168,30.356,20.674,25.804
42.195,84.709,47.255,-73.116,-4.0318,56.898,-12.198,-23.918,6.5013,29.372,19.315,26.557
50.446,82.295,37.199,-74.494,3.9002,51.763,-16.776,-25.371,5.5496,28.159,17.953,26.965
58.727,79.784,26.578,-75.969,12.432,46.438,-21.065,-26.637,4.6098,26.958,16.811,27.173
65.981,77.537,16.956,-77.391,20.278,41.601,-24.941,-27.644,3.8356,26.003,16.093,27.365
71.566,75.769,9.4514,-78.58,26.308,37.73,-28.316,-28.365,3.348,25.451,15.919,27.724
75.33,74.523,4.3397,-79.381,29.905,35.002,-31.138,-28.831,3.2046,25.337,16.291,28.382
77.531,73.689,1.1674,-79.716,31.211,33.277,-33.393,-29.119,3.3877,25.579,17.113,29.361
78.672,73.056,-0.84524,-79.617,31.052,32.191,-35.108,-29.322,3.8191,26.042,18.264,30.555
79.272,72.393,-2.4326,-79.205,30.439,31.304,-36.334,-29.52,4.3978,26.606,19.67,31.811
79.638,71.535,-4.0442,-78.643,30.034,30.276,-37.136,-29.744,5.0422,27.222,21.322,33.047
79.777,70.418,-5.6698,-78.088,29.931,29.028,-37.568,-29.969,5.7183,27.915,23.242,34.284
79.413,69.051,-6.8656,-77.642,29.746,27.761,-37.679,-30.134,6.4363,28.75,25.45,35.624
78.099,67.436,-7.0762,-77.264,28.912,26.805,-37.513,-30.189,7.2188,29.752,27.933,37.209
75.48,65.541,-5.9424,-76.649,26.983,26.396,-37.126,-30.139,8.0551,30.834,30.609,39.151
71.545,63.347,-3.4507,-75.338,23.919,26.549,-36.591,-30.065,8.8772,31.79,33.3,41.431
66.511,60.823,0.01184,-73.149,20.111,27.03,-35.995,-30.104,9.5723,32.364,35.743,43.775
60.602,57.813,3.7201,-70.183,16.106,27.408,-35.423,-30.403,10.018,32.349,37.632,45.638
54.007,54.034,6.8208,-66.378,12.399,27.176,-34.936,-31.076,10.113,31.657,38.655,46.394
46.893,49.26,8.6348,-61.455,9.3376,25.907,-34.564,-32.172,9.7945,30.331,38.533,45.614
39.367,43.474,8.9054,-55.178,7.0479,23.414,-34.31,-33.678,9.047,28.497,37.074,43.192
31.475,36.889,7.8645,-47.547,5.4128,19.847,-34.161,-35.537,7.8887,26.297,34.24,39.267
23.338,29.84,6.0969,-38.819,4.1516,15.656,-34.113,-37.685,6.3536,23.823,30.171,34.104
15.333,22.705,4.2753,-29.453,2.954,11.408,-34.176,-40.063,4.4722,21.092,25.122,28.037
8.0677,15.845,2.8865,-20.117,1.6024,7.5531,-34.367,-42.618,2.2687,18.06,19.406,21.488
2.0282,9.5287,2.0636,-11.629,0.05602,4.2551,-34.7,-45.293,-0.22492,14.679,13.372,14.959
-2.6802,3.8811,1.5887,-4.7076,-1.5162,1.3871,-35.167,-48.016,-2.9499,10.961,7.3849,8.9823
-6.1388,-1.1198,1.0596,0.31237,-2.8017,-1.357,-35.738,-50.711,-5.8134,7.0117,1.7863,4.0292
-8.4259,-5.6188,0.128,3.5569,-3.5115,-4.2825,-36.377,-53.308,-8.7009,3.0231,-3.1879,0.41281
-9.7028,-9.7986,-1.3145,5.4905,-3.5602,-7.4928,-37.052,-55.763,-11.504,-0.7868,-7.4582,-1.8374
-10.304,-13.696,-3.0593,6.7444,-3.1579,-10.759,-37.746,-58.057,-14.147,-4.2518,-11.058,-2.9816
-10.672,-17.104,-4.6383,7.8753,-2.7485,-13.621,-38.449,-60.185,-16.591,-7.3027,-14.045,-3.3668
-11.212,-19.758,-5.5197,9.1278,-2.8176,-15.695,-39.148,-62.142,-18.821,-9.9561,-16.473,-3.2702
-12.167,-21.574,-5.3472,10.43,-3.6823,-16.851,-39.827,-63.915,-20.812,-12.268,-18.407,-2.8968
-13.552,-22.641,-4.0921,11.587,-5.3638,-17.188,-40.467,-65.485,-22.526,-14.286,-19.924,-2.3982
-15.188,-23.136,-2.0664,12.462,-7.5801,-16.947,-41.051,-66.837,-23.922,-16.034,-21.093,-1.8683
-16.82,-23.275,0.18727,13.046,-9.8624,-16.445,-41.571,-67.973,-24.99,-17.519,-21.963,-1.3484
-18.234,-23.276,2.0869,13.432,-11.748,-15.997,-42.031,-68.929,-25.771,-18.766,-22.573,-0.85616
-19.328,-23.314,3.2087,13.751,-12.949,-15.83,-42.455,-69.773,-26.36,-19.832,-22.964,-0.42105
-20.111,-23.481,3.4146,14.112,-13.43,-16.024,-42.889,-70.591,-26.882,-20.804,-23.189,-0.10586
-20.639,-23.777,2.8586,14.547,-13.361,-16.513,-43.384,-71.459,-27.453,-21.771,-23.321,-0.0053815
-20.957,-24.139,1.8649,15.01,-12.996,-17.149,-43.976,-72.413,-28.139,-22.802,-23.443,-0.21817
-21.052,-24.483,0.74254,15.395,-12.509,-17.778,-44.669,-73.426,-28.934,-23.931,-23.633,-0.80901
-20.825,-24.749,-0.36282,15.577,-11.876,-18.307,-45.415,-74.423,-29.767,-25.148,-23.947,-1.781
-20.059,-24.908,-1.5268,15.432,-10.862,-18.728,-46.133,-75.306,-30.535,-26.396,-24.421,-3.0716
-18.47,-24.968,-3.0039,14.871,-9.1537,-19.118,-46.733,-76.017,-31.162,-27.589,-25.076,-4.5758
-15.872,-24.966,-5.082,13.871,-6.5857,-19.604,-47.178,-76.577,-31.642,-28.642,-25.938,-6.1794
-12.35,-24.955,-7.9044,12.508,-3.2217,-20.305,-47.496,-77.087,-32.045,-29.513,-27.026,-7.7823
-8.3167,-24.987,-11.35,10.975,0.67965,-21.253,-47.764,-77.659,-32.475,-30.203,-28.334,-9.294
-4.4307,-25.087,-15.004,9.5422,4.6604,-22.352,-48.068,-78.377,-32.992,-30.734,-29.803,-10.613
-1.429,-25.237,-18.224,8.4891,8.0508,-23.397,-48.449,-79.215,-33.576,-31.119,-31.296,-11.62
0.057179,-25.376,-20.323,8.0145,10.119,-24.155,-48.88,-80.012,-34.113,-31.345,-32.612,-12.2
-0.30584,-25.407,-20.832,8.1634,10.367,-24.445,-49.243,-80.476,-34.412,-31.371,-33.536,-12.27
-2.3857,-25.219,-19.664,8.7955,8.7722,-24.183,-49.336,-80.21,-34.231,-31.132,-33.898,-11.808
-5.5693,-24.706,-17.116,9.6238,5.8006,-23.387,-48.872,-78.776,-33.276,-30.527,-33.614,-10.874
-8.9504,-23.781,-13.741,10.299,2.2264,-22.136,-47.515,-75.799,-31.211,-29.412,-32.684,-9.5967
-11.619,-22.386,-10.193,10.498,-1.1169,-20.525,-44.943,-71.145,-27.749,-27.591,-31.155,-8.1342
-12.929,-20.493,-7.045,9.992,-3.5435,-18.618,-40.97,-65.361,-23.127,-24.82,-29.057,-6.6148
-12.626,-18.114,-4.6625,8.6923,-4.6278,-16.443,-35.852,-60.902,-19.517,-20.86,-26.325,-5.085
-10.782,-15.297,-3.1509,6.6486,-4.2821,-14.048,-31.321,-61.951,-21.941,-15.683,-22.774,-3.4832
-7.6892,-12.117,-2.4229,4.0141,-2.7928,-11.558,-31.254,-65.546,-29.219,-10.034,-18.299,-1.6475
-3.8177,-8.6283,-2.2329,0.98598,-0.72006,-9.1,-34.548,-63.412,-31.919,-6.4045,-14.106,0.61841
0.2713,-4.8172,-2.1346,-2.2878,1.2897,-6.6394,-34.137,-52.081,-27.359,-7.4153,-14.622,3.2086
4.1271,-0.56164,-1.5932,-5.8469,2.6754,-3.9486,-26.235,-34.902,-14.756,-8.5923,-15.629,4.3091
7.6396,4.3563,-0.26355,-10.084,3.1178,-0.76088,-8.9315,-13.647,6.9965,-3.4436,-10.463,0.25947
10.69,10.145,1.8217,-15.15,2.5943,3.0853,16.203,40.628,37.357,8.1594,-1.9265,-0.62938
10.639,16.793,4.2517,-16.908,1.1438,7.6125,52.424,111.28,76.246,25.417,10.635,3.0438
8.0959,22.868,6.3554,-15.655,-1.3986,12.686,110.24,179.51,121.03,48.995,28.745,9.5609
7.5606,23.657,7.3818,-18.671,-4.6853,17.857,172.15,233.45,163.73,79.704,53.361,19.855
9.6547,26.686,6.7074,-23.506,-6.3388,22.257,223.93,258.08,195.31,115.92,84.954,34.821
15.906,33.293,4.0362,-29.897,-3.3084,24.954,256.2,241.44,208.01,153.22,123.09,54.891
28.066,39.46,-0.46607,-38.59,5.7795,25.757,260.67,178.58,197.97,187.82,166.44,79.72
46.965,46.408,-6.115,-50.829,20.953,25.62,234.75,73.785,166.53,218.8,214.9,108.66
72.914,57.261,-12.099,-68.459,41.143,26.206,180.82,-62.901,119.02,247.92,271.06,142.28
105.99,75.896,-21.027,-93.489,64.435,29.811,103.36,-220.36,63.214,279.14,338.21,182.79
145.52,105.47,-29.31,-127.13,88.8,38.546,5.6092,-381.08,7.7193,318.01,419.32,232.28
190.32,146.56,-31.212,-169.44,113.1,52.721,-112.43,-535.5,-40.487,370.97,517.06,291.95
240.04,196.64,-29.185,-219.53,137.42,71.854,-252.84,-680.76,-78.578,443.59,633.71,362.28
294.98,251.97,-27.531,-275.91,163.55,96.833,-417.91,-817.15,-108.4,537.33,769.52,442.48
355.86,308.82,-31.2,-337.24,194.7,126.4,-609.77,-949.12,-135.05,648.19,919.16,529.78
423.06,362.71,-45.227,-400.91,234.01,149.15,-826.95,-1083.3,-164.78,766.97,1072.8,619.42
494.55,408.42,-74.325,-461.33,283.67,157.77,-1062.9,-1224.3,-202.88,881.6,1221.6,706.16
567.92,442.02,-119.24,-514.37,343.27,153.63,-1306.3,-1371.6,-251.87,981.44,1358.5,785.35
642.31,462.42,-174.88,-560.06,409.39,137.77,-1542.3,-1517.6,-310.63,1058.7,1475.5,852.48
714.53,470.34,-236.67,-598.65,477.29,112.21,-1755,-1648.4,-374.09,1106.9,1562.7,902.56
779.19,466.98,-301.25,-628.7,542.03,79.454,-1929.7,-1747.8,-433.78,1122.8,1611.2,930.47
830.85,452.49,-364.55,-647.48,598.93,40.99,-2054.7,-1802.6,-482.56,1107.7,1616.5,932.58
864.53,425.11,-424.06,-651.39,644.36,-3.4558,-2123.3,-1808,-519.29,1065,1579.8,908.12
876.41,381.63,-479.74,-636.27,676.77,-55.254,-2134.8,-1769.1,-545.4,997.42,1506.5,858.66
864.07,319.13,-532.07,-598.48,695.91,-115.52,-2093.4,-1698.4,-563.01,905.09,1402.5,786.77
826.07,236.75,-581.14,-536.42,701.57,-184.08,-2007.1,-1612.9,-581.22,784.04,1270.2,695.42
762.95,136.89,-625.9,-452.03,693.39,-258.29,-1885.7,-1529.3,-613.14,628.75,1108.5,587.92
678.88,25.905,-661.35,-351.15,670.25,-332.13,-1738.7,-1459.9,-665.35,437.01,915.13,468.5
578.92,-86.341,-678.26,-242.41,629.27,-396.83,-1574.3,-1408.6,-735.61,214.85,692.36,343.64
469.47,-188,-669.19,-136.12,570,-443.35,-1399.7,-1369.2,-812.94,-21.06,450.89,222.74
360.54,-267.9,-633.34,-42.84,497.12,-465.33,-1220.8,-1329.2,-880.19,-245.43,210.09,115.74
261.02,-318.51,-574.79,29.714,416.75,-460.88,-1044,-1275.8,-919.67,-430.57,-6.0087,29.984
175.57,-337.79,-499.98,78.948,334.59,-432.75,-877.14,-1201.5,-919.23,-554.56,-175.12,-30.85
106.54,-329.18,-417.54,106.38,257.06,-387.12,-728.53,-1104.9,-875.83,-608.08,-283.93,-66.822
54.459,-299.89,-336.69,115.51,190.16,-331.58,-601.89,-989.36,-795.83,-596.64,-332.36,-81.743
18.86,-258.72,-263.83,111.14,136.7,-273.31,-496.41,-861.96,-692.31,-538.27,-332.11,-82.33
-2.1362,-213.9,-201.74,99.051,95.338,-217.92,-408.93,-732.21,-580.57,-457.36,-301.15,-76.2
-13.68,-171.8,-150.84,84.591,63.981,-169.08,-335.58,-608.35,-473.51,-374.98,-257.04,-69.592
-19.901,-136.44,-110.67,71.24,41.356,-129.28,-273.12,-496.02,-378.72,-302.45,-212.44,-65.915
-22.984,-109.43,-79.829,60.276,25.132,-99.817,-219.74,-398.87,-299.21,-243.47,-174.18,-65.495
-24.214,-90.677,-56.294,50.433,13.61,-78.653,-174.94,-318.74,-235.83,-198.56,-144.07,-64.862
-24.154,-77.763,-38.796,43.124,5.6367,-62.764,-138.79,-255.64,-187.66,-166.24,-121.17,-54.607
-15.188,-67.708,-26.453,38.888,0.2056,-50.667,-111.03,-207.98,-151.99,-143.4,-103.09,-51.244
-12.476,-59.136,-18.101,35.853,-3.2854,-41.706,-90.616,-172.82,-125.61,-125.39,-88.958,-48.731
-13.357,-51.938,-12.491,33.18,0.33961,-35.431,-75.938,-146.34,-105.59,-108.19,-77.273,-45.026
-14.652,-46.239,-12.587,30.175,2.2654,-32.219,-65.545,-125.04,-89.52,-91.313,-65.992,-40.826
-15.655,-41.151,-16.713,26.608,0.60791,-32.05,-59.843,-106.57,-75.789,-76.416,-55.175,-37.041
-15.829,-36.275,-16.559,23.135,-0.27062,-30.791,-58.833,-90.114,-63.65,-65.263,-47.038,-34.169
-14.888,-32.977,-16.454,20.301,0.21239,-29.195,-56.186,-77.451,-53.1,-58.75,-42.686,-32.201
-12.914,-30.947,-17.14,17.957,1.7826,-28.108,-51.765,-72.09,-46.684,-55.519,-40.242,-30.883
-10.309,-29.474,-18.193,15.827,3.8717,-27.321,-47.541,-67.904,-45.813,-53.329,-38.951,-29.936
-7.6093,-28.235,-19.095,13.865,5.8904,-26.589,-44.06,-62.125,-44.673,-51.24,-38.399,-29.124
-5.2883,-27.145,-19.506,12.191,7.3968,-25.798,-41.362,-56.617,-42.492,-49.064,-37.98,-28.278
-3.6521,-26.22,-19.345,10.947,8.1779,-24.955,-39.363,-52.044,-39.982,-46.726,-37.179,-27.321
-2.8161,-25.485,-18.749,10.192,8.2537,-24.134,-37.925,-48.416,-37.51,-44.248,-35.719,-26.27
-2.7312,-24.939,-17.947,9.8794,7.8091,-23.409,-36.873,-45.556,-35.224,-41.774,-33.602,-25.19
-3.2466,-24.539,-17.111,9.8908,7.0663,-22.8,-36.019,-43.235,-33.163,-39.514,-31.054,-24.157
-4.2118,-24.224,-16.258,10.111,6.1491,-22.259,-35.187,-41.221,-31.281,-37.636,-28.427,-23.23
-5.5485,-23.928,-15.238,10.474,5.0182,-21.688,-34.244,-39.323,-29.484,-36.184,-26.097,-22.446
-7.2406,-23.596,-13.825,10.947,3.5239,-20.969,-33.133,-37.422,-27.68,-35.079,-24.363,-21.84
-9.2511,-23.199,-11.856,11.496,1.5462,-20.027,-31.877,-35.496,-25.82,-34.157,-23.365,-21.424
-11.445,-22.755,-9.3336,12.056,-0.88192,-18.867,-30.568,-33.613,-23.935,-33.24,-23.01,-21.182
-13.579,-22.324,-6.4659,12.546,-3.5424,-17.598,-29.326,-31.89,-22.112,-32.2,-23.001,-21.059
-15.375,-21.974,-3.6076,12.892,-6.0984,-16.394,-28.247,-30.427,-20.462,-30.997,-23.01,-20.983
-16.622,-21.731,-1.1145,13.051,-8.2186,-15.402,-27.363,-29.248,-19.05,-29.689,-22.84,-20.9
-17.253,-21.572,0.79071,13.032,-9.7023,-14.672,-26.64,-28.28,-17.861,-28.381,-22.46,-20.785
-17.359,-21.459,2.0472,12.911,-10.529,-14.157,-25.995,-27.387,-16.817,-27.182,-21.977,-20.652
-17.148,-21.375,2.6847,12.826,-10.81,-13.787,-25.34,-26.437,-15.821,-26.156,-21.562,-20.547
-16.861,-21.348,2.7367,12.933,-10.685,-13.54,-24.618,-25.347,-14.812,-25.297,-21.36,-20.539
-16.669,-21.439,2.1982,13.339,-10.243,-13.47,-23.808,-24.11,-13.775,-24.529,-21.418,-20.699
-16.611,-21.702,1.0477,14.038,-9.51,-13.676,-22.908,-22.769,-12.732,-23.742,-21.671,-21.063
-16.595,-22.139,-0.67846,14.892,-8.4889,-14.232,-21.909,-21.377,-11.721,-22.845,-21.967,-21.583
-16.458,-22.682,-2.7943,15.665,-7.2289,-15.096,-20.789,-19.963,-10.769,-21.81,-22.109,-22.119
-16.052,-23.21,-4.9332,16.107,-5.8722,-16.096,-19.511,-18.511,-9.8804,-20.676,-21.897,-22.476
-15.31,-23.583,-6.6452,16.04,-4.6349,-16.986,-18.042,-16.969,-9.0243,-19.509,-21.182,-22.481
-14.273,-23.685,-7.5921,15.419,-3.7155,-17.557,-16.364,-15.267,-8.1337,-18.348,-19.918,-22.055
-13.069,-23.483,-7.7006,14.349,-3.1955,-17.73,-14.49,-13.349,-7.1384,-17.187,-18.198,-21.25
-11.87,-23.046,-7.1983,13.06,-2.9974,-17.586,-12.461,-11.205,-5.9963,-15.996,-16.253,-20.245
-10.835,-22.53,-6.5427,11.847,-2.9143,-17.332,-10.349,-8.8806,-4.7213,-14.77,-14.41,-19.269
-10.06,-22.107,-6.2621,10.981,-2.6854,-17.209,-8.2317,-6.4618,-3.3772,-13.547,-12.993,-18.51
-9.5617,-21.902,-6.7535,10.623,-2.0955,-17.402,-6.1705,-4.0308,-2.0349,-12.379,-12.209,-18.051
-9.2774,-21.933,-8.1134,10.762,-1.0701,-17.947,-4.1773,-1.6115,-0.72321,-11.274,-12.076,-17.881
-9.0927,-22.089,-10.079,11.212,0.27776,-18.703,-2.2003,0.86064,0.59795,-10.174,-12.442,-17.953
-8.8823,-22.148,-12.112,11.667,1.6791,-19.386,-0.13458,3.5293,2.0267,-8.9713,-13.077,-18.216
-8.5461,-21.859,-13.589,11.802,2.811,-19.659,2.1436,6.5737,3.6769,-7.5727,-13.784,-18.631
-8.0228,-21.054,-14.031,11.375,3.4216,-19.254,4.7333,10.15,5.6276,-5.9652,-14.484,-19.18
-7.2844,-19.729,-13.27,10.318,3.4261,-18.087,7.6766,14.342,7.8933,-4.2417,-15.208,-19.861
-6.3375,-18.071,-11.518,8.7609,2.937,-16.329,10.95,19.137,10.433,-2.5622,-16.007,-20.657
-5.2462,-16.412,-9.2919,6.9852,2.2201,-14.389,14.481,24.442,13.181,-1.0724,-16.829,-21.494
-4.1619,-15.111,-7.209,5.3447,1.5689,-12.752,18.18,30.134,16.077,0.16867,-17.474,-22.235
-3.3259,-14.404,-5.7156,4.1629,1.133,-11.757,21.983,36.134,19.095,1.2244,-17.651,-22.706
-3.0229,-14.305,-4.8785,3.6373,0.80937,-11.437,25.882,42.456,22.278,2.2762,-17.097,-22.729
-3.4855,-14.589,-4.3751,3.7793,0.301,-11.507,29.941,49.217,25.762,3.5764,-15.66,-22.173
-4.7844,-14.884,-3.7042,4.4277,-0.68865,-11.511,34.278,56.559,29.756,5.3492,-13.368,-21.004
-6.7617,-14.833,-2.487,5.3364,-2.2664,-11.035,39.018,64.559,34.458,7.6719,-10.432,-19.316
-9.0541,-14.23,-0.67269,6.279,-4.2635,-9.8712,44.243,73.164,39.957,10.414,-7.2036,-17.316
-11.208,-13.087,1.4193,7.1153,-6.2702,-8.1044,49.974,82.194,46.181,13.303,-4.0572,-15.272
-12.836,-11.662,3.2236,7.805,-7.7886,-6.1165,56.208,91.42,52.958,16.069,-1.2504,-13.409
-13.747,-10.357,4.2252,8.3764,-8.4619,-4.4218,62.983,100.64,60.146,18.568,1.186,-11.815
-13.982,-9.4945,4.2747,8.8607,-8.256,-3.3575,70.416,109.72,67.675,20.822,3.4379,-10.417
-13.743,-9.1154,3.7051,9.2327,-7.4753,-2.8746,78.658,118.55,75.467,22.989,5.7578,-9.0727
-13.246,-8.9918,3.1881,9.3969,-6.6131,-2.5875,87.783,127.05,83.342,25.266,8.2593,-7.701
-12.618,-8.7654,3.439,9.2181,-6.1448,-1.9865,97.689,135.17,91.027,27.756,10.786,-6.3712
-11.882,-8.0865,4.9302,8.5686,-6.3619,-0.65505,108.08,142.91,98.276,30.401,12.957,-5.2866
-11.038,-6.7104,7.7207,7.3827,-7.2879,1.5872,118.57,150.26,104.95,33.022,14.38,-4.6832
-10.136,-4.5715,11.442,5.7191,-8.6925,4.6219,128.77,157.19,111.02,35.421,14.894,-4.7027
-9.3059,-1.8375,15.451,3.8084,-10.226,8.0608,138.41,163.65,116.46,37.488,14.666,-5.3094
-8.7683,1.1091,19.108,2.0437,-11.624,11.393,147.38,169.6,121.3,39.246,14.109,-6.2961
-8.7988,3.806,22.038,0.86956,-12.842,14.207,155.67,175.04,125.56,40.83,13.719,-7.3732
-9.6045,5.9134,24.232,0.58351,-14.02,16.355,163.37,180.02,129.3,42.415,13.902,-8.2835
-11.167,7.339,25.964,1.1686,-15.342,17.961,170.56,184.6,132.59,44.128,14.844,-8.8832
-13.153,8.2337,27.582,2.2725,-16.88,19.294,177.27,188.79,135.48,45.981,16.464,-9.1699
-14.993,8.9052,29.303,3.3464,-18.495,20.6,183.48,192.53,138,47.866,18.487,-9.2583
-16.096,9.6579,31.07,3.8792,-19.856,21.947,189.14,195.76,140.13,49.603,20.561,-9.3146
-16.111,10.595,32.583,3.6169,-20.599,23.197,194.17,198.45,141.86,51.032,22.395,-9.4719
-15.076,11.559,33.522,2.6508,-20.54,24.122,198.58,200.6,143.2,52.089,23.846,-9.7631
-13.404,12.268,33.75,1.344,-19.802,24.563,202.4,202.29,144.18,52.813,24.942,-10.102
-11.736,12.524,33.336,0.16923,-18.769,24.481,205.73,203.64,144.85,53.313,25.807,-10.323
-10.7,12.334,32.472,-0.44946,-17.914,23.96,208.68,204.72,145.25,53.688,26.551,-10.279
-10.672,11.903,31.396,-0.26621,-17.555,23.193,211.3,205.53,145.4,53.974,27.205,-9.926
-11.634,11.506,30.282,0.6931,-17.704,22.413,213.6,206.05,145.29,54.123,27.737,-9.3728
-13.184,11.358,29.187,2.1199,-18.069,21.789,215.57,206.19,144.87,54.04,28.124,-8.8247
-14.667,11.57,28.08,3.5295,-18.205,21.385,217.2,205.91,144.14,53.637,28.39,-8.4721
-15.394,12.164,26.923,4.4369,-17.721,21.191,218.5,205.22,143.09,52.88,28.613,-8.3842
-14.894,13.06,25.726,4.505,-16.454,21.189,219.53,204.18,141.74,51.804,28.882,-8.4641
-13.08,14.085,24.589,3.6033,-14.526,21.376,220.34,202.88,140.13,50.496,29.254,-8.4832
-10.255,15.05,23.73,1.8155,-12.319,21.762,221.02,201.4,138.33,49.069,29.715,-8.1863
-7.0199,15.85,23.445,-0.55569,-10.374,22.353,221.61,199.77,136.4,47.631,30.159,-7.4226
-4.1111,16.473,23.995,-3.0459,-9.2517,23.136,222.14,198.01,134.41,46.255,30.408,-6.2266
-2.2181,16.945,25.494,-5.155,-9.35,24.063,222.57,196.1,132.4,44.974,30.268,-4.7942
-1.7912,17.287,27.801,-6.4784,-10.73,25.039,222.86,194,130.41,43.792,29.61,-3.3743
-2.8832,17.497,30.483,-6.7995,-13.052,25.947,222.96,191.7,128.39,42.694,28.428,-2.1502
-5.1435,17.523,32.906,-6.1252,-15.703,26.63,222.85,189.17,126.23,41.671,26.861,-1.1793
-7.9749,17.278,34.438,-4.6532,-18.01,26.891,222.49,186.36,123.74,40.73,25.155,-0.40774
-10.732,16.718,34.675,-2.6939,-19.428,26.592,221.85,183.27,120.78,39.872,23.596,0.27566
-12.897,15.899,33.619,-0.59131,-19.702,25.749,220.89,179.85,117.25,39.071,22.442,0.99217
-14.23,14.967,31.694,1.3485,-18.975,24.566,219.57,176.09,113.16,38.278,21.868,1.853
-14.817,14.109,29.597,2.9145,-17.767,23.377,217.8,172,108.58,37.462,21.934,2.9463
-14.991,13.497,28.065,4.0081,-16.772,22.522,215.51,167.6,103.69,36.641,22.549,4.3076
-15.152,13.225,27.618,4.6274,-16.569,22.209,212.66,162.96,98.616,35.867,23.463,5.8895
-15.558,13.243,28.347,4.8398,-17.365,22.422,209.25,158.13,93.443,35.178,24.333,7.5613
-16.199,13.366,29.865,4.7394,-18.883,22.932,205.34,153.1,88.161,34.576,24.845,9.1389
-16.783,13.402,31.46,4.3816,-20.462,23.406,200.95,147.83,82.762,34.033,24.81,10.466
-16.872,13.296,32.384,3.7425,-21.333,23.545,196.08,142.25,77.286,33.512,24.204,11.542
-16.079,13.142,32.121,2.7423,-20.951,23.192,190.66,136.3,71.799,32.996,23.179,12.557
-14.25,13.084,30.544,1.3156,-19.233,22.366,184.54,129.9,66.345,32.486,22.032,13.766
-11.538,13.257,27.971,-0.51057,-16.591,21.253,177.53,123.04,60.916,31.999,21.124,15.374
-8.3668,13.749,25.081,-2.5706,-13.752,20.129,169.45,115.72,55.464,31.537,20.793,17.486
-5.2843,14.531,22.598,-4.5824,-11.386,19.208,160.22,107.94,49.938,31.069,21.255,20.066
-2.7682,15.398,20.828,-6.2321,-9.7705,18.469,149.93,99.726,44.308,30.517,22.532,22.939
-1.048,16.005,19.412,-7.2723,-8.7145,17.603,138.77,91.081,38.606,29.764,24.432,25.838
-0.0022105,16.016,17.527,-7.593,-7.6872,16.178,126.88,82.018,32.937,28.694,26.608,28.461
0.80808,15.268,14.422,-7.2628,-6.0466,13.894,114.27,72.598,27.47,27.234,28.66,30.539
1.9133,13.849,9.8556,-6.5305,-3.3462,10.761,100.83,62.967,22.357,25.379,30.245,31.894
3.6612,12.056,4.1714,-5.7504,0.42363,7.1151,86.643,53.376,17.648,23.191,31.141,32.488
6.1028,10.25,-1.9316,-5.2346,4.8592,3.4606,72.259,44.121,13.277,20.774,31.25,32.425
9.0093,8.69,-7.698,-5.1176,9.3735,0.2395,58.634,35.449,9.1238,18.245,30.548,31.872
11.938,7.4247,-12.538,-5.3291,13.393,-2.3588,46.488,27.475,5.082,15.705,29.023,30.925
14.371,6.3073,-16.146,-5.6718,16.468,-4.4456,35.899,20.161,1.0813,13.21,26.634,29.555
15.907,5.1001,-18.496,-5.9356,18.351,-6.3218,26.534,13.373,-2.9212,10.767,23.319,27.699
16.387,3.6138,-19.688,-5.981,19.001,-8.2497,18.007,6.966,-6.9462,8.3424,19.129,25.411
15.886,1.8186,-19.81,-5.7701,18.529,-10.244,10.057,0.85797,-10.981,5.9094,14.343,22.895
14.637,-0.1212,-18.966,-5.3534,17.146,-12.063,2.5732,-4.9533,-14.972,3.4681,9.3631,20.422
12.94,-1.9214,-17.381,-4.8313,15.146,-13.422,-4.4236,-10.42,-18.83,1.0502,4.5673,18.22
11.105,-3.344,-15.419,-4.3064,12.889,-14.215,-10.829,-15.489,-22.46,-1.295,0.29168,16.429
9.4155,-4.3358,-13.557,-3.8487,10.816,-14.563,-16.516,-20.123,-25.778,-3.5134,-3.1121,15.123
8.1244,-5.0379,-12.337,-3.4951,9.4039,-14.713,-21.397,-24.302,-28.727,-5.5576,-5.3133,14.323
7.4722,-5.6917,-12.214,-3.2633,9.0329,-14.928,-25.449,-28.029,-31.277,-7.3963,-6.1236,13.974
7.6443,-6.5229,-13.4,-3.1453,9.883,-15.415,-28.733,-31.334,-33.43,-9.0255,-5.5928,13.956
8.6314,-7.6559,-15.798,-3.0879,11.862,-16.278,-31.383,-34.283,-35.228,-10.471,-4.0132,14.11
10.167,-9.0815,-19.018,-3.0031,14.586,-17.493,-33.588,-36.975,-36.742,-11.782,-1.8311,14.296
11.815,-10.678,-22.453,-2.799,17.458,-18.911,-35.554,-39.51,-38.062,-13.014,0.48994,14.415
13.076,-12.275,-25.397,-2.3983,19.814,-20.301,-37.449,-41.958,-39.268,-14.225,2.5779,14.407
13.446,-13.741,-27.219,-1.7358,21.065,-21.435,-39.35,-44.322,-40.412,-15.451,4.1781,14.224
12.523,-15.048,-27.556,-0.75958,20.823,-22.176,-41.227,-46.538,-41.498,-16.691,5.1406,13.82
10.171,-16.257,-26.443,0.54649,19.044,-22.524,-42.967,-48.496,-42.487,-17.894,5.4313,13.147
6.6499,-17.453,-24.296,2.1204,16.084,-22.606,-44.436,-50.093,-43.325,-18.99,5.1186,12.168
2.5949,-18.66,-21.785,3.7968,12.619,-22.602,-45.557,-51.283,-43.98,-19.932,4.2954,10.855
-1.1601,-19.811,-19.638,5.3317,9.4573,-22.672,-46.347,-52.108,-44.467,-20.746,2.9951,9.2021
-3.8574,-20.79,-18.415,6.48,7.2964,-22.887,-46.911,-52.685,-44.845,-21.53,1.1796,7.2502
-5.075,-21.498,-18.319,7.0946,6.5049,-23.219,-47.395,-53.168,-45.205,-22.423,-1.1689,5.1101
-4.8839,-21.902,-19.166,7.201,7.0093,-23.581,-47.933,-53.699,-45.637,-23.548,-3.9417,2.944
-3.7862,-22.043,-20.504,6.9981,8.3287,-23.885,-48.613,-54.379,-46.205,-24.965,-6.9256,0.91786
-2.4847,-22.026,-21.768,6.7758,9.7557,-24.072,-49.461,-55.247,-46.925,-26.634,-9.9103,-0.8501
-1.6598,-21.964,-22.411,6.7788,10.593,-24.101,-50.451,-56.281,-47.757,-28.424,-12.736,-2.3328
-1.7651,-21.918,-22.067,7.0827,10.409,-23.932,-51.523,-57.411,-48.612,-30.154,-15.28,-3.6138
-2.8203,-21.862,-20.682,7.5487,9.176,-23.547,-52.607,-58.549,-49.393,-31.662,-17.463,-4.8548
-4.3487,-21.711,-18.555,7.8826,7.2549,-22.984,-53.639,-59.614,-50.03,-32.872,-19.294,-6.2212
-5.5577,-21.386,-16.24,7.7677,5.3066,-22.342,-54.562,-60.548,-50.498,-33.798,-20.871,-7.8124
-5.6878,-20.867,-14.4,7.0064,4.1163,-21.775,-55.309,-61.305,-50.806,-34.518,-22.324,-9.6204
-4.3455,-20.215,-13.655,5.6064,4.3157,-21.442,-55.796,-61.841,-50.979,-35.103,-23.735,-11.516
-1.6284,-19.531,-14.408,3.778,6.1421,-21.455,-55.93,-62.101,-51.029,-35.572,-25.087,-13.271
2.005,-18.922,-16.69,1.8558,9.3858,-21.842,-55.629,-62.029,-50.95,-35.878,-26.266,-14.623
5.9347,-18.455,-20.133,0.187,13.505,-22.541,-54.859,-61.59,-50.712,-35.925,-27.122,-15.37
9.5141,-18.134,-24.096,-0.97422,17.78,-23.413,-53.653,-60.797,-50.278,-35.631,-27.538,-15.447
12.223,-17.881,-27.828,-1.5394,21.478,-24.261,-52.109,-59.711,-49.62,-34.974,-27.483,-14.947
13.807,-17.554,-30.648,-1.6039,24.039,-24.859,-50.354,-58.433,-48.73,-34.028,-27.017,-14.09
14.281,-16.983,-32.071,-1.3924,25.182,-24.995,-48.505,-57.077,-47.644,-32.948,-26.283,-13.145
13.813,-16.041,-31.857,-1.1494,24.867,-24.506,-46.623,-55.735,-46.424,-31.915,-25.46,-12.342
12.597,-14.68,-29.976,-1.034,23.184,-23.315,-44.697,-54.454,-45.143,-31.066,-24.715,-11.793
10.772,-12.944,-26.565,-1.0758,20.296,-21.439,-42.657,-53.222,-43.851,-30.445,-24.129,-11.442
8.4348,-10.92,-21.894,-1.2033,16.434,-18.944,-40.405,-51.979,-42.552,-29.977,-23.646,-11.074
5.6896,-8.6764,-16.33,-1.3118,11.905,-15.885,-37.843,-50.629,-41.201,-29.487,-23.078,-10.416
2.6921,-6.2015,-10.278,-1.3295,7.1079,-12.26,-34.901,-49.072,-39.725,-28.759,-22.198,-9.2647
-0.30319,-3.4082,-4.1356,-1.2616,2.5424,-8.0423,-31.554,-47.239,-38.05,-27.63,-20.876,-7.5969
-2.951,-0.20459,1.6866,-1.2053,-1.2858,-3.3009,-27.824,-45.118,-36.128,-26.07,-19.171,-5.589
-4.9327,3.4257,6.7768,-1.3365,-4.0905,1.6949,-23.783,-42.768,-33.954,-24.209,-17.332,-3.5583
-6.0875,7.419,10.939,-1.8711,-5.9298,6.5859,-19.532,-40.298,-31.574,-22.281,-15.703,-1.8452
-6.4512,11.704,14.453,-3.0141,-7.1215,11.211,-15.19,-37.829,-29.084,-20.511,-14.564,-0.66334
-6.2049,16.246,17.971,-4.9099,-8.0705,15.696,-10.867,-35.455,-26.593,-18.997,-13.978,0.023939
-5.5817,21.023,22.005,-7.6016,-9.1238,20.2,-6.6487,-33.223,-24.187,-17.67,-13.732,0.5076
-4.7703,25.983,26.581,-11.012,-10.476,24.676,-2.5917,-31.143,-21.909,-16.343,-13.416,1.2087
-3.8513,31.025,31.345,-14.967,-12.106,28.926,1.2518,-29.22,-19.775,-14.83,-12.603,2.4769
-2.7819,36.006,35.845,-19.263,-13.767,32.772,4.809,-27.476,-17.798,-13.052,-11.047,4.4038
-1.4355,40.823,39.679,-23.768,-15.079,36.109,7.9828,-25.942,-15.996,-11.082,-8.7792,6.7717
0.31934,45.494,42.559,-28.484,-15.69,38.896,10.68,-24.637,-14.371,-9.0883,-6.0793,9.1711
2.5273,50.131,44.352,-33.487,-15.421,41.151,12.852,-23.531,-12.88,-7.2219,-3.3203,11.199
5.093,54.798,45.094,-38.72,-14.325,42.948,14.515,-22.544,-11.437,-5.5153,-0.79708,12.619
7.8035,59.339,44.943,-43.848,-12.645,44.384,15.72,-21.575,-9.9338,-3.8552,1.3931,13.434
10.414,63.391,44.137,-48.409,-10.705,45.573,16.515,-20.549,-8.2924,-2.0356,3.3725,13.855
12.74,66.621,43.006,-52.134,-8.8082,46.643,16.898,-19.46,-6.5094,0.13659,5.3907,14.199
14.701,68.981,41.935,-55.064,-7.174,47.711,16.818,-18.382,-4.666,2.737,7.6559,14.737
16.32,70.718,41.256,-57.422,-5.9519,48.842,16.194,-17.448,-2.9037,5.6697,10.185,15.584
17.694,72.206,41.204,-59.467,-5.2611,50.026,14.945,-16.803,-1.3786,8.691,12.787,16.681
18.96,73.765,41.939,-61.406,-5.1928,51.243,13.025,-16.545,-0.20726,11.501,15.19,17.867
20.26,75.549,43.481,-63.371,-5.7298,52.546,10.449,-16.68,0.57893,13.863,17.213,18.976
21.716,77.512,45.58,-65.418,-6.6683,53.974,7.3121,-17.122,1.0404,15.686,18.837,19.902
23.431,79.47,47.684,-67.516,-7.6339,55.308,3.7765,-17.725,1.292,17.045,20.185,20.637
25.516,81.175,49.095,-69.539,-8.1603,56.124,0.036764,-18.336,1.4548,18.124,21.441,21.282
28.094,82.393,49.173,-71.292,-7.7951,56.186,-3.7326,-18.849,1.6194,19.13,22.767,22.029
31.253,82.944,47.495,-72.577,-6.2233,55.438,-7.415,-19.226,1.8279,20.212,24.237,23.067
34.976,82.688,43.931,-73.263,-3.367,53.767,-10.958,-19.491,2.0783,21.409,25.798,24.477
39.103,81.535,38.708,-73.312,0.57246,51.145,-14.347,-19.691,2.3484,22.664,27.281,26.179
43.327,79.528,32.402,-72.803,5.1403,47.779,-17.569,-19.851,2.6287,23.869,28.472,27.983
47.254,76.947,25.809,-71.934,9.7203,44.09,-20.59,-19.945,2.9425,24.945,29.216,29.69
50.516,74.288,19.75,-70.983,13.674,40.597,-23.363,-19.908,3.3448,25.887,29.507,31.201
52.914,72.086,14.908,-70.233,16.498,37.769,-25.844,-19.672,3.8956,26.757,29.522,32.603
54.516,70.723,11.701,-69.907,17.964,35.896,-28.01,-19.204,4.6258,27.643,29.576,34.116
55.64,70.312,10.123,-70.136,18.188,35.026,-29.856,-18.527,5.5167,28.606,29.995,35.927
56.724,70.69,9.7361,-70.95,17.591,34.966,-31.388,-17.703,6.5034,29.656,31.021,38.219
58.132,71.48,9.882,-72.26,16.754,35.345,-32.613,-16.8,7.5003,30.766,32.775,41.184
59.956,72.202,9.9503,-73.85,16.216,35.726,-33.55,-15.867,8.4287,31.89,35.213,44.857
61.93,72.412,9.5121,-75.401,16.296,35.735,-34.231,-14.932,9.2307,32.979,38.085,48.99
63.586,71.84,8.3599,-76.575,17.009,35.172,-34.702,-14.01,9.8687,33.972,40.991,53.105
64.486,70.431,6.5625,-77.123,18.109,34.042,-35.02,-13.124,10.321,34.796,43.508,56.642
64.316,68.26,4.4648,-76.94,19.205,32.474,-35.238,-12.304,10.589,35.362,45.319,59.127
62.896,65.411,2.5377,-76.023,19.898,30.605,-35.391,-11.577,10.695,35.577,46.273,60.268
60.191,61.919,1.1492,-74.325,19.911,28.518,-35.494,-10.962,10.656,35.368,46.376,59.986
56.329,57.787,0.39934,-71.631,19.189,26.215,-35.541,-10.48,10.445,34.709,45.736,58.365
51.594,53.018,0.091167,-67.694,17.914,23.621,-35.528,-10.162,9.9836,33.611,44.482,55.562
46.397,47.644,-0.17359,-62.657,16.442,20.616,-35.457,-10.052,9.1841,32.101,42.701,51.746
41.168,41.737,-0.83248,-57.006,15.179,17.078,-35.34,-10.192,7.9797,30.187,40.406,47.133
36.224,35.378,-2.2097,-51.034,14.437,12.943,-35.19,-10.603,6.3396,27.841,37.574,42.071
31.676,28.654,-4.4183,-44.664,14.329,8.253,-35.017,-11.277,4.2733,25.015,34.193,36.963
27.465,21.686,-7.326,-37.644,14.739,3.2028,-34.818,-12.181,1.8328,21.677,30.304,32.067
23.437,14.64,-10.592,-29.833,15.372,-1.8755,-34.588,-13.255,-0.88962,17.862,26.013,27.428
19.424,7.6855,-13.773,-21.549,15.869,-6.6251,-34.32,-14.429,-3.7718,13.705,21.497,22.95
15.261,0.99687,-16.46,-13.649,15.911,-10.797,-34.015,-15.636,-6.6839,9.4295,16.99,18.586
10.854,-5.2013,-18.38,-6.9592,15.308,-14.295,-33.696,-16.835,-9.5185,5.2894,12.764,14.473
6.3224,-10.659,-19.432,-1.6938,14.04,-17.127,-33.4,-18.012,-12.218,1.4788,9.063,10.798
1.9734,-15.192,-19.654,2.3812,12.232,-19.348,-33.174,-19.18,-14.783,-1.9413,6.0229,7.6268
-1.969,-18.758,-19.149,5.5601,10.04,-21.02,-33.052,-20.363,-17.252,-5.0512,3.5986,4.917
-5.523,-21.46,-18.045,8.0825,7.5657,-22.21,-33.04,-21.567,-19.666,-8.0091,1.592,2.6076
-8.8445,-23.489,-16.495,10.166,4.8713,-23.002,-33.112,-22.771,-22.03,-10.953,-0.24219,0.66099
-12.056,-25.051,-14.696,12.008,2.0415,-23.506,-33.223,-23.926,-24.295,-13.915,-2.0697,-0.92782
-15.145,-26.302,-12.883,13.742,-0.75802,-23.832,-33.327,-24.967,-26.373,-16.802,-3.8941,-2.1473
-17.95,-27.327,-11.3,15.378,-3.2741,-24.07,-33.402,-25.843,-28.175,-19.451,-5.5763,-3.0051
-20.183,-28.151,-10.177,16.796,-5.2069,-24.278,-33.463,-26.544,-29.664,-21.727,-6.9567,-3.5669
-21.507,-28.756,-9.6883,17.814,-6.2736,-24.486,-33.56,-27.113,-30.883,-23.601,-7.9922,-3.9629
-21.651,-29.118,-9.9167,18.273,-6.2845,-24.705,-33.755,-27.639,-31.942,-25.152,-8.8081,-4.3526
-20.543,-29.232,-10.822,18.109,-5.2264,-24.931,-34.102,-28.214,-32.977,-26.53,-9.6419,-4.8698
-18.376,-29.133,-12.24,17.388,-3.3052,-25.158,-34.625,-28.894,-34.093,-27.882,-10.734,-5.5823
-15.577,-28.902,-13.911,16.306,-0.90325,-25.382,-35.315,-29.673,-35.32,-29.303,-12.23,-6.48
-12.683,-28.637,-15.545,15.122,1.5339,-25.602,-36.135,-30.482,-36.609,-30.809,-14.134,-7.4879
-10.177,-28.421,-16.9,14.074,3.6296,-25.821,-37.025,-31.214,-37.857,-32.343,-16.308,-8.4884
-8.3447,-28.29,-17.852,13.286,5.1795,-26.042,-37.917,-31.756,-38.949,-33.806,-18.519,-9.3511
-7.2056,-28.233,-18.433,12.735,6.1933,-26.273,-38.739,-32.033,-39.801,-35.09,-20.512,-9.9692
-6.5578,-28.223,-18.808,12.297,6.8563,-26.538,-39.443,-32.034,-40.385,-36.128,-22.094,-10.294
-6.111,-28.242,-19.21,11.853,7.4339,-26.872,-40.01,-31.822,-40.739,-36.906,-23.19,-10.352
-5.629,-28.304,-19.864,11.373,8.1532,-27.316,-40.474,-31.521,-40.951,-37.478,-23.844,-10.227
-5.0259,-28.452,-20.9,10.937,9.1168,-27.896,-40.899,-31.259,-41.116,-37.929,-24.155,-10.022
-4.3948,-28.726,-22.298,10.684,10.266,-28.611,-41.34,-31.128,-41.3,-38.325,-24.203,-9.8141
-3.9596,-29.15,-23.894,10.747,11.401,-29.416,-41.816,-31.124,-41.49,-38.676,-24.004,-9.6161
-3.9689,-29.702,-25.423,11.205,12.256,-30.229,-42.273,-31.104,-41.588,-38.923,-23.496,-9.3699
-4.5887,-30.321,-26.598,12.043,12.59,-30.947,-42.58,-30.784,-41.409,-38.952,-22.572,-8.9738
-5.8376,-30.918,-27.18,13.155,12.259,-31.461,-42.531,-29.757,-40.69,-38.63,-21.131,-8.3332
-7.5756,-31.395,-27.033,14.361,11.253,-31.685,-41.857,-27.547,-39.107,-37.823,-19.14,-7.4075
-9.5376,-31.66,-26.147,15.442,9.6941,-31.564,-40.259,-23.673,-36.283,-36.402,-16.66,-6.2253
-11.396,-31.632,-24.616,16.187,7.8083,-31.073,-37.447,-17.769,-31.951,-34.231,-13.811,-4.8583
-12.835,-31.252,-22.604,16.431,5.8653,-30.211,-33.247,-10.204,-26.757,-31.139,-10.69,-3.3699
-13.628,-30.47,-20.307,16.09,4.122,-28.991,-27.98,-4.5476,-24.585,-26.965,-7.3146,-1.7652
-13.67,-29.243,-17.931,15.167,2.7609,-27.442,-23.748,-6.2737,-30.349,-21.731,-3.6373,0.033035
-12.961,-27.513,-15.676,13.728,1.8431,-25.622,-24.342,-9.0298,-36.139,-16.048,0.27223,2.1579
-11.511,-25.193,-13.668,11.836,1.3075,-23.622,-27.338,-4.2137,-35.47,-11.585,3.764,4.6296
-9.2357,-22.138,-11.884,9.4563,1.0197,-21.509,-25.806,8.9196,-28.186,-10.166,4.1454,6.6511
-6.0506,-18.126,-10.184,6.4162,0.78585,-19.237,-16.524,22.047,-12.501,-10.433,-2.1979,4.6798
-2.6197,-12.879,-8.4636,2.5195,0.29177,-16.6,1.2142,41.201,13.271,-7.7219,-3.0797,0.2363
-0.15227,-6.2666,-6.7723,-2.1048,-0.73199,-13.242,24.841,93.406,48.914,1.1995,2.3063,2.3111
2.6266,1.3269,-5.3411,-7.0926,-1.9049,-8.7044,57.844,158.82,92.807,17.193,12.053,7.6154
6.7587,8.9537,-4.5637,-12.51,-2.1691,-2.6364,111.31,223.69,139.24,41.19,28.147,16.156
12.509,16.899,-4.884,-18.723,-0.57866,4.6355,171.29,274.72,179.89,73.904,52.058,28.857
20.861,25.482,-6.6135,-26.426,3.8594,11.696,222.76,296.19,206.14,112.45,83.866,46.225
32.992,33.434,-9.7466,-36.433,12.159,16.943,257.19,275.27,210.5,151.09,122.26,68.068
50.296,41.108,-13.851,-49.778,24.519,20.072,265.96,206.91,189.49,185.88,165.47,93.818
72.981,50.311,-18.105,-67.149,40.745,22.228,245.24,95.611,145.25,216.53,213.49,123.76
99.856,63.891,-21.874,-88.68,59.878,25.215,196.07,-47.189,85.544,245.53,269.44,159.66
130.05,85.224,-27.113,-114.98,79.833,30.875,121.84,-207.19,21.553,277.29,337.41,203.51
164.22,116.77,-31.656,-147.47,99.235,40.128,25.505,-369.1,-36.604,317.32,420.15,256.44
203.37,158.44,-32.871,-187.31,118.72,52.383,-92.207,-524.19,-83.649,371.42,519.36,319.07
248.33,207.74,-32.753,-234.6,140.36,66.533,-232.57,-669.31,-120.1,444.13,636.57,391.76
300.31,261.24,-34.569,-288.41,166.97,83.446,-397.44,-805.21,-150.65,536.3,771.39,473.91
360.1,315.2,-42.151,-346.12,201.06,108.9,-588.78,-936.59,-181.74,644.01,920.67,563.15
426.59,365.33,-59.497,-403.66,244.1,139.15,-805.64,-1070,-219.78,760.12,1078.1,655.12
497.22,407.11,-88.841,-457.87,295.72,150.82,-1041.6,-1210.7,-269.15,875.57,1234.6,744.1
569.51,437.61,-129,-507.04,353.19,147.46,-1285.1,-1358.8,-329.84,979.61,1380.6,824.56
640.46,456.02,-177.4,-550.02,412.7,132.67,-1520.8,-1507.3,-396.76,1061.4,1506.7,891.98
706.31,462.8,-231.43,-586.02,471.02,108.51,-1732.6,-1641.9,-460.54,1112.9,1603.9,941.97
763.48,458.88,-287.45,-613.59,525.62,77.5,-1906,-1745.5,-512.24,1131.1,1664.1,970.14
808.23,444.41,-342.31,-629.86,574.12,41.348,-2029.5,-1803.7,-551.37,1117.9,1681,973.09
836.81,417.65,-395.45,-631.14,614.29,-0.1333,-2096.6,-1810.2,-581.16,1076.6,1652.2,949.18
846.46,375.11,-448.01,-613.96,645.16,-48.613,-2106.6,-1769.1,-603.2,1009.6,1579.3,898.71
835.25,313.25,-501.33,-575.62,667.03,-105.82,-2063.7,-1694.4,-620.98,916.73,1465.6,823.62
801.52,230.53,-555.33,-514.85,679.35,-172.16,-1976.1,-1605.4,-642.34,794.21,1313.7,727.2
744.57,129.01,-607.03,-432.85,679.7,-245.55,-1853.5,-1521.1,-676.54,636.96,1125.7,614.04
665.66,15.295,-650.16,-334.07,664.82,-320.8,-1705.5,-1453.3,-728.18,442.56,904.94,490.12
567.98,-99.658,-676.76,-226.18,631.82,-389.91,-1540.4,-1403.9,-793.72,216.5,659.33,362.92
457.92,-202.9,-680.86,-119.54,580.07,-443.68,-1365.1,-1364.8,-861.8,-24.233,403.46,241.22
346.02,-282.89,-660.48,-25.436,513.2,-474.65,-1186,-1322.2,-916.41,-252.49,158.53,133.48
244.18,-332.35,-616.18,47.083,437.71,-479.38,-1010.1,-1264.2,-941.93,-438.24,-52.543,46.18
161.12,-349.66,-551.35,93.902,360.28,-458.76,-845.26,-1184.2,-928.13,-558.73,-211.68,-16.7
99.54,-338.64,-472.92,116.5,286.04,-417.22,-699.61,-1081.3,-873.35,-606.08,-309.84,-54.589
56.593,-306.98,-389.2,120.38,218.46,-361.93,-576.55,-960,-784.88,-588.85,-349.22,-71.475
27.353,-263.94,-308.32,112.39,161.09,-301.04,-474.65,-828.84,-676.41,-527.21,-342.2,-73.791
7.46,-218.14,-236.08,98.875,115.85,-241.59,-390.37,-697.9,-563.14,-444.74,-306.47,-68.717
-7.1725,-176.13,-174.35,84.704,78.915,-188.57,-319.8,-575.28,-457.27,-360.97,-258.79,-62.277
-19.756,-141.76,-122.15,72.857,44.326,-145.13,-259.85,-466.04,-365.9,-287.86,-211.22,-57.758
-30.738,-116.23,-77.845,64,15.346,-112.13,-208.89,-372.95,-291.21,-230.32,-170.95,-55.458
-38.627,-98.625,-44.831,56.866,-2.5624,-87.909,-166.44,-297.03,-231.9,-187.98,-140.93,-48.58
-41.111,-86.174,-24.058,51.411,-11.258,-70.209,-132.42,-237.8,-185.7,-157.22,-119.8,-33.51
-29.954,-76.16,-13.629,47.094,-13.313,-57.649,-106.43,-193.37,-150.37,-133.99,-103.82,-31.3
-22.57,-67.464,-11.23,42.685,-10.324,-49.467,-87.372,-160.56,-123.74,-114.85,-91.431,-30.055
-18.024,-60.083,-14.249,38.201,-3.4249,-44.778,-73.702,-135.58,-103.55,-97.058,-81.485,-28.493
-13.123,-54.432,-20.771,34.044,7.4771,-42.799,-64.095,-115.14,-87.524,-80.136,-72.247,-26.789
-8.779,-50.144,-31.064,30.536,12.929,-43.845,-59.256,-97.235,-73.933,-66.18,-62.355,-25.12
-6.0098,-45.613,-34.151,27.802,14.819,-43.011,-58.206,-81.412,-61.803,-56.66,-52.925,-23.564
-5.2921,-41.698,-33.521,25.863,14.966,-39.951,-54.977,-70.589,-50.997,-52.04,-46.119,-22.115
-6.4442,-39.274,-31.755,24.574,13.506,-37.598,-50.422,-66.024,-44.438,-48.831,-41.062,-20.749
-8.7738,-37.691,-29.093,23.643,10.831,-35.739,-46.277,-60.333,-42.032,-44.858,-37.485,-19.489
-11.396,-36.418,-25.911,22.786,7.6625,-34.063,-42.899,-53.96,-38.649,-40.914,-35.032,-18.407
-13.523,-35.208,-22.591,21.821,4.735,-32.455,-40.23,-48.383,-34.668,-37.319,-33.369,-17.575
-14.678,-33.971,-19.446,20.668,2.5274,-30.89,-38.153,-43.872,-30.843,-34.172,-32.317,-17.001
-14.838,-32.714,-16.703,19.358,1.1117,-29.383,-36.556,-40.341,-27.468,-31.498,-31.673,-16.61
-14.414,-31.497,-14.413,18.048,0.19297,-27.956,-35.342,-37.617,-24.586,-29.254,-31.125,-16.264
-14.005,-30.398,-12.399,16.981,-0.68615,-26.627,-34.421,-35.518,-22.098,-27.338,-30.33,-15.814
-14.089,-29.48,-10.434,16.37,-1.8707,-25.407,-33.709,-33.87,-19.869,-25.635,-29.041,-15.163
-14.84,-28.761,-8.4612,16.273,-3.4315,-24.314,-33.138,-32.537,-17.811,-24.062,-27.214,-14.292
-16.063,-28.206,-6.6389,16.539,-5.1627,-23.382,-32.664,-31.435,-15.917,-22.604,-25.043,-13.271
-17.204,-27.76,-5.2845,16.852,-6.5786,-22.672,-32.26,-30.527,-14.249,-21.307,-22.898,-12.237
-17.548,-27.377,-4.8002,16.866,-7.0177,-22.251,-31.92,-29.802,-12.871,-20.239,-21.192,-11.345
-16.555,-27.032,-5.5231,16.351,-5.9681,-22.177,-31.644,-29.245,-11.807,-19.437,-20.237,-10.722
-14.107,-26.733,-7.5441,15.285,-3.3583,-22.461,-31.43,-28.823,-11.005,-18.878,-20.131,-10.423
-10.546,-26.513,-10.618,13.85,0.41477,-23.064,-31.264,-28.476,-10.365,-18.484,-20.726,-10.422
-6.5502,-26.419,-14.229,12.357,4.6517,-23.894,-31.113,-28.135,-9.7656,-18.15,-21.684,-10.634
-2.9134,-26.488,-17.749,11.145,8.5759,-24.824,-30.934,-27.733,-9.1146,-17.79,-22.595,-10.944
-0.3181,-26.714,-20.614,10.457,11.534,-25.713,-30.67,-27.221,-8.3603,-17.369,-23.133,-11.24
0.83771,-27.041,-22.438,10.366,13.127,-26.431,-30.276,-26.587,-7.5079,-16.916,-23.161,-11.422
0.51575,-27.376,-23.073,10.776,13.268,-26.887,-29.724,-25.849,-6.612,-16.511,-22.757,-11.418
-0.97913,-27.621,-22.601,11.465,12.171,-27.044,-29.018,-25.041,-5.7515,-16.241,-22.128,-11.201
-3.1203,-27.705,-21.278,12.178,10.262,-26.917,-28.18,-24.197,-4.9936,-16.153,-21.481,-10.785
-5.344,-27.603,-19.45,12.714,8.0444,-26.562,-27.239,-23.32,-4.3583,-16.213,-20.931,-10.222
-7.2179,-27.334,-17.469,12.973,5.9439,-26.051,-26.214,-22.368,-3.801,-16.315,-20.487,-9.5767
-8.5257,-26.947,-15.619,12.953,4.2212,-25.443,-25.098,-21.261,-3.2191,-16.321,-20.078,-8.9075
-9.2398,-26.491,-14.061,12.71,2.9763,-24.773,-23.856,-19.901,-2.485,-16.106,-19.6,-8.2533
-9.4233,-25.996,-12.824,12.321,2.1981,-24.049,-22.441,-18.213,-1.4877,-15.604,-18.963,-7.6341
-9.1641,-25.466,-11.824,11.861,1.7927,-23.257,-20.812,-16.168,-0.19025,-14.811,-18.135,-7.0611
-8.5893,-24.893,-10.919,11.402,1.5986,-22.379,-18.954,-13.8,1.3678,-13.776,-17.159,-6.548
-7.9002,-24.273,-9.958,11.006,1.4264,-21.406,-16.88,-11.194,3.0982,-12.569,-16.138,-6.1181
-7.3544,-23.614,-8.8309,10.722,1.1001,-20.342,-14.633,-8.4565,4.9071,-11.247,-15.182,-5.8033
-7.1986,-22.943,-7.4658,10.586,0.46957,-19.208,-12.271,-5.6847,6.7311,-9.8421,-14.351,-5.6339
-7.5947,-22.293,-5.8212,10.619,-0.57468,-18.029,-9.8452,-2.9313,8.5543,-8.3548,-13.643,-5.625
-8.5824,-21.685,-3.8848,10.816,-2.0757,-16.831,-7.3829,-0.18823,10.405,-6.7711,-12.996,-5.7666
-10.084,-21.116,-1.6772,11.133,-3.9955,-15.628,-4.8734,2.6106,12.342,-5.0763,-12.322,-6.0245
-11.929,-20.555,0.73983,11.495,-6.2145,-14.43,-2.2747,5.5717,14.438,-3.2638,-11.53,-6.3484
-13.889,-19.965,3.2541,11.822,-8.5425,-13.24,0.46485,8.8102,16.768,-1.3364,-10.549,-6.6852
-15.714,-19.319,5.6957,12.055,-10.743,-12.069,3.3818,12.411,19.386,0.69282,-9.344,-6.9929
-17.168,-18.626,7.8435,12.176,-12.564,-10.944,6.4836,16.399,22.308,2.8019,-7.9198,-7.2542
-18.066,-17.917,9.4664,12.188,-13.784,-9.906,9.7573,20.745,25.501,4.9652,-6.3129,-7.4767
-18.294,-17.219,10.401,12.099,-14.248,-8.9859,13.197,25.404,28.91,7.165,-4.5688,-7.6748
-17.818,-16.525,10.636,11.897,-13.92,-8.1632,16.833,30.367,32.517,9.4073,-2.7177,-7.8425
-16.689,-15.775,10.347,11.552,-12.907,-7.3448,20.741,35.699,36.398,11.728,-0.76453,-7.9383
-15.034,-14.873,9.8675,11.017,-11.447,-6.3816,25.025,41.522,40.736,14.178,1.2947,-7.8965
-13.038,-13.721,9.5759,10.256,-9.8606,-5.1246,29.774,47.96,45.769,16.791,3.4364,-7.6641
-10.933,-12.254,9.7718,9.2576,-8.4675,-3.4917,35.017,55.063,51.665,19.543,5.574,-7.2435
-8.9775,-10.473,10.59,8.0576,-7.5105,-1.507,40.697,62.756,58.39,22.347,7.5563,-6.714
-7.4136,-8.445,12.008,6.7452,-7.1218,0.71642,46.674,70.834,65.647,25.081,9.2145,-6.212
-6.4337,-6.2711,13.932,5.4481,-7.3394,3.0415,52.78,79.024,72.97,27.63,10.441,-5.871
-6.1567,-4.0454,16.273,4.3024,-8.1502,5.3697,58.914,87.075,79.925,29.916,11.239,-5.7516
-6.6166,-1.8253,18.97,3.4188,-9.5174,7.6677,65.115,94.829,86.263,31.911,11.729,-5.8058
-7.744,0.37717,21.964,2.8519,-11.369,9.9627,71.584,102.25,91.95,33.643,12.106,-5.9089
-9.3542,2.5838,25.189,2.5847,-13.574,12.324,78.604,109.39,97.107,35.187,12.576,-5.9388
-11.166,4.8222,28.578,2.5319,-15.93,14.825,86.411,116.34,101.92,36.636,13.274,-5.8471
-12.848,7.0972,32.012,2.5573,-18.182,17.493,95.057,123.2,106.52,38.051,14.203,-5.6901
-14.056,9.3813,35.242,2.5009,-20.048,20.248,104.36,129.94,110.98,39.43,15.224,-5.6171
-14.484,11.633,37.887,2.2152,-21.248,22.909,113.97,136.51,115.24,40.724,16.102,-5.8129
-13.946,13.819,39.575,1.6104,-21.591,25.274,123.54,142.76,119.19,41.869,16.612,-6.4048
-12.485,15.925,40.178,0.6922,-21.089,27.223,132.81,148.58,122.74,42.845,16.656,-7.3753
-10.419,17.947,39.962,-0.43038,-20.046,28.776,141.65,153.91,125.86,43.691,16.32,-8.5354
-8.2726,19.877,39.504,-1.5751,-19.011,30.078,149.99,158.73,128.58,44.489,15.845,-9.5814
-6.6175,21.708,39.439,-2.5471,-18.586,31.325,157.75,163.04,130.97,45.319,15.535,-10.213
-5.9009,23.44,40.231,-3.2036,-19.194,32.693,164.86,166.84,133.05,46.217,15.63,-10.258
-6.3204,25.088,42.074,-3.4964,-20.959,34.288,171.23,170.08,134.81,47.158,16.215,-9.7462
-7.7872,26.687,44.915,-3.4743,-23.732,36.132,176.82,172.72,136.24,48.061,17.192,-8.8945
-9.9841,28.274,48.502,-3.2477,-27.202,38.17,181.64,174.73,137.29,48.824,18.329,-8.0136
-12.484,29.862,52.425,-2.9371,-30.999,40.283,185.81,176.09,137.96,49.356,19.349,-7.3836
-14.867,31.429,56.191,-2.6358,-34.735,42.334,189.49,176.87,138.28,49.616,20.028,-7.1494
-16.79,32.932,59.335,-2.4012,-38.043,44.2,192.84,177.11,138.28,49.618,20.281,-7.2802
-18.024,34.339,61.57,-2.2657,-40.6,45.807,195.98,176.89,138.03,49.424,20.175,-7.6061
-18.473,35.666,62.878,-2.24,-42.188,47.142,198.94,176.22,137.53,49.104,19.883,-7.909
-18.212,36.995,63.505,-2.3085,-42.799,48.246,201.65,175.1,136.76,48.696,19.577,-8.0234
-17.497,38.445,63.838,-2.4278,-42.689,49.211,203.98,173.46,135.66,48.188,19.35,-7.8996
-16.699,40.116,64.242,-2.5333,-42.277,50.149,205.82,171.23,134.15,47.522,19.194,-7.6006
-16.222,42.027,64.991,-2.5502,-42.026,51.159,207.07,168.37,132.13,46.628,19.025,-7.2505
-16.41,44.103,66.283,-2.4185,-42.356,52.305,207.69,164.87,129.58,45.45,18.733,-6.9697
-17.44,46.206,68.211,-2.1304,-43.534,53.61,207.71,160.81,126.51,43.977,18.223,-6.823
-19.236,48.192,70.705,-1.7509,-45.572,55.055,207.22,156.27,122.99,42.243,17.445,-6.7967
-21.438,49.961,73.517,-1.4103,-48.189,56.58,206.35,151.37,119.12,40.33,16.42,-6.8115
-23.467,51.486,76.258,-1.2815,-50.857,58.087,205.23,146.18,114.98,38.347,15.238,-6.7615
-24.672,52.821,78.471,-1.5511,-52.909,59.462,203.98,140.77,110.63,36.398,14.016,-6.5566
-24.543,54.06,79.764,-2.3635,-53.735,60.598,202.68,135.12,106.06,34.563,12.849,-6.1488
-22.901,55.286,79.949,-3.739,-53.02,61.424,201.33,129.19,101.25,32.884,11.787,-5.5303
-19.978,56.507,79.108,-5.526,-50.873,61.901,199.9,122.95,96.188,31.372,10.858,-4.7151
-16.339,57.64,77.528,-7.433,-47.787,62.01,198.29,116.37,90.914,30.022,10.102,-3.7226
-12.711,58.529,75.539,-9.1228,-44.445,61.735,196.39,109.5,85.504,28.816,9.5819,-2.5733
-9.7766,59.007,73.389,-10.317,-41.482,61.05,194.05,102.4,80.034,27.732,9.3747,-1.2907
-8.0056,58.97,71.222,-10.868,-39.305,59.944,191.15,95.156,74.528,26.74,9.5402,0.09452
-7.5634,58.409,69.098,-10.787,-38.02,58.454,187.52,87.811,68.945,25.802,10.092,1.5415
-8.2934,57.385,67.032,-10.225,-37.456,56.672,183.05,80.388,63.205,24.882,10.986,3.0058
-9.7472,55.961,65.078,-9.4091,-37.247,54.712,177.66,72.902,57.27,23.954,12.123,4.4555
-11.296,54.144,63.378,-8.5559,-36.914,52.641,171.33,65.399,51.21,23.004,13.371,5.8745
-12.325,51.877,61.904,-7.8054,-35.965,50.438,164.07,57.967,45.221,22.027,14.587,7.2408
-12.423,49.093,60.217,-7.2247,-34.047,48.014,155.91,50.719,39.563,21.012,15.643,8.5003
-11.44,45.787,57.658,-6.8642,-31.061,45.272,146.91,43.763,34.448,19.949,16.443,9.5616
-9.4041,42.066,53.726,-6.7915,-27.114,42.162,137.23,37.179,29.957,18.832,16.933,10.317
-6.434,38.131,48.296,-7.0444,-22.376,38.711,127.14,31.004,26.033,17.673,17.095,10.679
-2.7775,34.212,41.644,-7.5635,-17.079,35.02,116.96,25.221,22.549,16.492,16.94,10.624
1.1563,30.501,34.345,-8.189,-11.565,31.237,106.9,19.775,19.358,15.313,16.495,10.215
4.8777,27.115,27.097,-8.718,-6.2772,27.518,97.009,14.594,16.337,14.147,15.807,9.598
7.9441,24.091,20.492,-8.9718,-1.6697,23.99,87.151,9.6092,13.396,12.985,14.945,8.9667
10.056,21.386,14.874,-8.8411,1.9169,20.706,77.154,4.7785,10.476,11.809,13.994,8.5104
11.104,18.91,10.323,-8.3054,4.3299,17.635,66.907,0.090255,7.5464,10.6,13.051,8.3684
11.178,16.559,6.7385,-7.4315,5.6132,14.682,56.482,-4.4367,4.6016,9.3488,12.2,8.6016
10.526,14.253,3.9619,-6.3583,5.9642,11.73,46.165,-8.7615,1.6506,8.064,11.503,9.1817
9.4694,11.959,1.8713,-5.2637,5.6671,8.7207,36.343,-12.832,-1.2831,6.7755,10.993,10.002
8.2984,9.6816,0.41903,-4.3095,5.0101,5.7142,27.316,-16.599,-4.1614,5.5285,10.665,10.915
7.1864,7.4448,-0.41579,-3.5796,4.2057,2.8966,19.19,-20.028,-6.9401,4.3691,10.486,11.775
6.1641,5.2691,-0.71298,-3.0544,3.362,0.47864,11.917,-23.113,-9.5884,3.3219,10.391,12.477
5.1726,3.1502,-0.65566,-2.6349,2.5369,-1.4438,5.3827,-25.88,-12.108,2.374,10.295,12.97
4.1663,1.061,-0.5141,-2.1943,1.8166,-2.9509,-0.54924,-28.384,-14.539,1.4737,10.109,13.246
3.1762,-1.0249,-0.59594,-1.6232,1.3384,-4.2471,-6.0154,-30.697,-16.945,0.5463,9.7633,13.32
2.2938,-3.1043,-1.1678,-0.86207,1.2441,-5.5522,-11.139,-32.885,-19.383,-0.4788,9.2242,13.211
1.6107,-5.1359,-2.3559,0.085447,1.6007,-7.0006,-16.013,-34.991,-21.87,-1.6402,8.5032,12.93
1.1481,-7.0559,-4.0749,1.166,2.3362,-8.5942,-20.682,-37.022,-24.368,-2.9303,7.6497,12.482
0.82505,-8.8065,-6.0457,2.3053,3.242,-10.224,-25.149,-38.954,-26.796,-4.3007,6.7288,11.865
0.49563,-10.359,-7.9112,3.4275,4.0594,-11.743,-29.384,-40.753,-29.067,-5.6877,5.7908,11.066
0.04446,-11.718,-9.3934,4.4508,4.6068,-13.045,-33.35,-42.389,-31.127,-7.0444,4.8427,10.066
-0.50559,-12.915,-10.409,5.2769,4.8727,-14.113,-37.028,-43.862,-32.977,-8.3679,3.8367,8.845
-0.94824,-13.987,-11.088,5.7968,5.0261,-15.019,-40.433,-45.196,-34.669,-9.703,2.6895,7.3945
-0.97145,-14.961,-11.691,5.9219,5.3392,-15.873,-43.611,-46.431,-36.273,-11.119,1.3301,5.735
-0.32315,-15.844,-12.471,5.6249,6.0569,-16.759,-46.623,-47.595,-37.845,-12.668,-0.24419,3.9327
1.0435,-16.638,-13.547,4.9693,7.2673,-17.702,-49.517,-48.693,-39.399,-14.355,-1.9386,2.1003
2.924,-17.351,-14.86,4.1073,8.8422,-18.666,-52.313,-49.708,-40.906,-16.134,-3.5788,0.37567
4.9272,-17.992,-16.21,3.2442,10.488,-19.582,-54.992,-50.608,-42.313,-17.924,-4.9714,-1.115
6.616,-18.571,-17.364,2.5784,11.875,-20.385,-57.513,-51.366,-43.565,-19.649,-5.9756,-2.2952
7.6589,-19.087,-18.16,2.2435,12.772,-21.032,-59.815,-51.969,-44.625,-21.268,-6.5569,-3.1603
7.9317,-19.538,-18.582,2.2769,13.124,-21.521,-61.839,-52.419,-45.484,-22.778,-6.8002,-3.7752
7.5475,-19.925,-18.769,2.6188,13.077,-21.889,-63.53,-52.718,-46.158,-24.203,-6.8798,-4.2463
6.8228,-20.259,-18.976,3.1356,12.928,-22.212,-64.848,-52.868,-46.676,-25.571,-7.0028,-4.6846
6.1775,-20.554,-19.5,3.6612,13.031,-22.58,-65.776,-52.869,-47.077,-26.896,-7.3487,-5.1748
5.9785,-20.828,-20.564,4.0526,13.669,-23.066,-66.324,-52.731,-47.402,-28.182,-8.0217,-5.7584
6.3831,-21.095,-22.201,4.2417,14.924,-23.684,-66.526,-52.473,-47.689,-29.416,-9.0267,-6.4296
7.2548,-21.366,-24.17,4.2581,16.601,-24.363,-66.429,-52.121,-47.958,-30.58,-10.276,-7.1422
8.1984,-21.645,-25.992,4.2096,18.246,-24.96,-66.086,-51.7,-48.215,-31.658,-11.628,-7.8289
8.7126,-21.917,-27.106,4.2304,19.284,-25.311,-65.552,-51.24,-48.449,-32.649,-12.953,-8.4276
8.3937,-22.148,-27.058,4.4201,19.233,-25.281,-64.892,-50.773,-48.646,-33.581,-14.186,-8.904
7.0838,-22.285,-25.649,4.8024,17.869,-24.817,-64.174,-50.332,-48.807,-34.5,-15.355,-9.2602
4.9035,-22.285,-23.003,5.3214,15.301,-23.967,-63.462,-49.944,-48.947,-35.453,-16.546,-9.5237
2.1746,-22.14,-19.525,5.885,11.904,-22.868,-62.788,-49.621,-49.088,-36.458,-17.85,-9.7236
-0.71947,-21.898,-15.772,6.43,8.195,-21.695,-62.137,-49.35,-49.236,-37.491,-19.3,-9.8683
-3.4517,-21.646,-12.316,6.9577,4.6839,-20.621,-61.443,-49.095,-49.373,-38.488,-20.854,-9.9377
-5.7878,-21.482,-9.6326,7.5147,1.7971,-19.778,-60.614,-48.805,-49.466,-39.376,-22.411,-9.8953
-7.5616,-21.476,-8.0317,8.1393,-0.15982,-19.25,-59.574,-48.441,-49.484,-40.103,-23.855,-9.7141
-8.6553,-21.643,-7.6041,8.82,-1.0391,-19.06,-58.294,-47.977,-49.409,-40.653,-25.094,-9.3983
-9.0341,-21.939,-8.2108,9.4974,-0.89948,-19.169,-56.796,-47.405,-49.23,-41.043,-26.078,-8.9829
-8.8093,-22.282,-9.5196,10.101,-0.012676,-19.478,-55.124,-46.712,-48.938,-41.297,-26.798,-8.5137
-8.2486,-22.584,-11.075,10.586,1.1988,-19.841,-53.327,-45.881,-48.511,-41.427,-27.275,-8.0255
-7.6899,-22.778,-12.396,10.938,2.2838,-20.106,-51.444,-44.905,-47.933,-41.426,-27.559,-7.538
-7.3931,-22.828,-13.129,11.148,2.913,-20.174,-49.509,-43.81,-47.201,-41.284,-27.713,-7.067
-7.4097,-22.727,-13.177,11.192,3.0017,-20.038,-47.548,-42.656,-46.34,-41.002,-27.81,-6.6296
-7.5565,-22.478,-12.724,11.021,2.7315,-19.764,-45.563,-41.514,-45.381,-40.59,-27.902,-6.2329
-7.5185,-22.078,-12.103,10.583,2.4392,-19.436,-43.522,-40.424,-44.344,-40.053,-27.999,-5.854
-7.0097,-21.5,-11.628,9.846,2.4445,-19.088,-41.36,-39.374,-43.214,-39.381,-28.067,-5.435
-5.8957,-20.682,-11.474,8.8153,2.9213,-18.675,-39.001,-38.309,-41.946,-38.55,-28.046,-4.9023
-4.2346,-19.534,-11.612,7.5375,3.8511,-18.078,-36.379,-37.16,-40.486,-37.535,-27.885,-4.1976
-2.2498,-17.951,-11.818,6.0956,5.0374,-17.129,-33.454,-35.879,-38.789,-36.321,-27.566,-3.2977
-0.26294,-15.841,-11.73,4.5942,6.1575,-15.643,-30.207,-34.455,-36.837,-34.903,-27.109,-2.213
1.3903,-13.149,-10.953,3.1294,6.8418,-13.46,-26.629,-32.913,-34.636,-33.288,-26.552,-0.97131
2.4519,-9.876,-9.1537,1.7514,6.77,-10.474,-22.716,-31.3,-32.219,-31.482,-25.929,0.39989
2.8242,-6.0666,-6.143,0.43785,5.7714,-6.6786,-18.476,-29.674,-29.639,-29.499,-25.247,1.884
2.6111,-1.8036,-1.9543,-0.9032,3.8951,-2.1864,-13.957,-28.093,-26.961,-27.366,-24.492,3.4733
2.0895,2.8011,3.1232,-2.4022,1.4118,2.7682,-9.2729,-26.608,-24.259,-25.123,-23.636,5.1587
1.6028,7.6208,8.6168,-4.1924,-1.2725,7.8969,-4.6055,-25.267,-21.604,-22.82,-22.652,6.9213
1.4183,12.539,14.048,-6.3914,-3.7678,12.949,-0.18156,-24.096,-19.047,-20.5,-21.52,8.7343
1.6242,17.471,19.101,-9.105,-5.8334,17.766,3.7842,-23.099,-16.609,-18.182,-20.219,10.567
2.1389,22.376,23.664,-12.411,-7.4211,22.271,7.1415,-22.254,-14.283,-15.861,-18.734,12.382
2.824,27.234,27.77,-16.276,-8.6087,26.431,9.8264,-21.531,-12.056,-13.522,-17.063,14.118
3.6033,32.03,31.453,-20.482,-9.4769,30.2,11.845,-20.906,-9.9314,-11.159,-15.229,15.693
4.515,36.736,34.61,-24.737,-10.015,33.498,13.241,-20.364,-7.9282,-8.7722,-13.274,17.028
5.6951,41.309,36.993,-28.9,-10.117,36.215,14.066,-19.895,-6.0708,-6.3648,-11.24,18.078
7.3072,45.667,38.378,-33.021,-9.6661,38.265,14.356,-19.495,-4.3783,-3.9329,-9.1505,18.852
9.4473,49.662,38.718,-37.188,-8.6246,39.646,14.13,-19.173,-2.8669,-1.4829,-7.0153,19.403
12.092,53.092,38.141,-41.374,-7.0755,40.42,13.387,-18.965,-1.562,0.94425,-4.8476,19.791
15.113,55.774,36.845,-45.408,-5.1865,40.672,12.103,-18.926,-0.50284,3.2659,-2.6782,20.062
18.33,57.606,34.998,-49.077,-3.15,40.469,10.251,-19.108,0.27516,5.3866,-0.54324,20.243
21.555,58.579,32.718,-52.213,-1.1342,39.859,7.8221,-19.511,0.77127,7.2498,1.5465,20.367
24.623,58.751,30.075,-54.72,0.75138,38.872,4.8521,-20.072,1.0362,8.8736,3.6252,20.492
27.416,58.231,27.1,-56.57,2.4827,37.534,1.4341,-20.685,1.1569,10.342,5.7554,20.69
29.903,57.16,23.8,-57.805,4.1304,35.876,-2.2969,-21.246,1.2215,11.757,7.9798,21.024
32.182,55.685,20.155,-58.534,5.8356,33.923,-6.1857,-21.695,1.2873,13.187,10.276,21.529
34.473,53.938,16.145,-58.908,7.7524,31.701,-10.071,-22.022,1.372,14.652,12.549,22.204
37.02,52.017,11.802,-59.083,9.9795,29.241,-13.794,-22.25,1.4701,16.136,14.673,23.033
39.934,49.987,7.2523,-59.174,12.509,26.597,-17.206,-22.396,1.5831,17.62,16.555,24.01
43.109,47.885,2.728,-59.238,15.214,23.856,-20.186,-22.451,1.7404,19.106,18.176,25.147
46.269,45.727,-1.4831,-59.283,17.881,21.123,-22.662,-22.384,1.9974,20.62,19.599,26.472
49.127,43.525,-5.1145,-59.294,20.279,18.497,-24.61,-22.164,2.4128,22.191,20.941,28.01
51.511,41.302,-7.9947,-59.261,22.23,16.043,-26.045,-21.785,3.0251,23.845,22.345,29.775
53.4,39.112,-10.088,-59.2,23.657,13.784,-27.011,-21.271,3.8369,25.59,23.937,31.763
54.898,37.03,-11.498,-59.16,24.609,11.706,-27.565,-20.68,4.8095,27.406,25.802,33.952
56.171,35.118,-12.434,-59.196,25.243,9.7688,-27.778,-20.088,5.8668,29.25,27.956,36.301
57.379,33.397,-13.151,-59.333,25.766,7.9213,-27.728,-19.574,6.9107,31.048,30.347,38.763
58.614,31.828,-13.884,-59.549,26.364,6.1058,-27.49,-19.197,7.8452,32.723,32.867,41.3
59.863,30.329,-14.78,-59.768,27.135,4.2619,-27.125,-18.986,8.6026,34.204,35.383,43.869
61.002,28.796,-15.86,-59.869,28.052,2.3429,-26.672,-18.93,9.1623,35.449,37.769,46.402
61.828,27.13,-17.017,-59.681,28.976,0.34254,-26.141,-18.993,9.552,36.444,39.931,48.768
62.105,25.261,-18.079,-58.949,29.695,-1.6881,-25.522,-19.138,9.8234,37.187,41.8,50.747
61.593,23.14,-18.885,-57.273,30.01,-3.6605,-24.79,-19.357,10.012,37.667,43.309,52.047
60.04,20.715,-19.37,-54.129,29.823,-5.503,-23.925,-19.682,10.105,37.846,44.374,52.362
57.233,17.913,-19.597,-49.404,29.198,-7.2131,-22.922,-20.173,10.04,37.678,44.888,51.468
53.279,14.658,-19.747,-43.907,28.345,-8.8655,-21.797,-20.89,9.7335,37.129,44.741,49.322
48.809,10.917,-20.049,-38.418,27.512,-10.569,-20.594,-21.867,9.1161,36.199,43.857,46.066
44.408,6.7354,-20.681,-32.937,26.822,-12.407,-19.373,-23.105,8.1614,34.915,42.227,41.957
39.987,2.2361,-21.67,-27.159,26.191,-14.4,-18.206,-24.583,6.8824,33.313,39.921,37.273
35.031,-2.4059,-22.853,-20.903,25.371,-16.498,-17.158,-26.273,5.3125,31.423,37.08,32.292
29.119,-7.0089,-23.922,-14.25,24.068,-18.599,-16.274,-28.142,3.489,29.275,33.883,27.293
22.144,-11.418,-24.528,-7.5591,22.024,-20.57,-15.566,-30.147,1.4533,26.913,30.53,22.545
14.393,-15.5,-24.391,-1.3131,19.104,-22.278,-15.011,-32.229,-0.74483,24.406,27.218,18.263
6.4745,-19.132,-23.406,4.1329,15.384,-23.623,-14.571,-34.321,-3.0523,21.84,24.124,14.564
-0.92604,-22.197,-21.696,8.6441,11.191,-24.566,-14.211,-36.378,-5.4266,19.292,21.371,11.449
-7.2418,-24.621,-19.591,12.182,7.0433,-25.145,-13.911,-38.377,-7.8426,16.82,19.008,8.8117
-12.041,-26.405,-17.541,14.692,3.5161,-25.466,-13.67,-40.32,-10.281,14.455,17.008,6.4982
-15.042,-27.631,-15.977,16.146,1.0726,-25.662,-13.485,-42.211,-12.709,12.218,15.296,4.3844
-16.218,-28.445,-15.192,16.652,-0.075465,-25.859,-13.349,-44.039,-15.068,10.137,13.788,2.4266
-15.841,-29.014,-15.27,16.492,-0.019756,-26.139,-13.248,-45.776,-17.286,8.2417,12.426,0.64554
-14.425,-29.489,-16.081,16.056,0.89782,-26.525,-13.17,-47.387,-19.3,6.5585,11.185,-0.92386
-12.602,-29.972,-17.334,15.721,2.211,-26.996,-13.118,-48.845,-21.078,5.0904,10.063,-2.2705
-10.996,-30.502,-18.686,15.744,3.4722,-27.499,-13.117,-50.149,-22.638,3.8155,9.0562,-3.4154
-10.093,-31.052,-19.837,16.203,4.3629,-27.974,-13.209,-51.318,-24.03,2.6962,8.1521,-4.4013
-10.116,-31.548,-20.584,16.977,4.7199,-28.36,-13.439,-52.393,-25.33,1.6919,7.3226,-5.2753
-11.013,-31.905,-20.799,17.83,4.4885,-28.601,-13.843,-53.411,-26.609,0.76844,6.536,-6.073
-12.57,-32.069,-20.414,18.559,3.6767,-28.653,-14.418,-54.39,-27.908,-0.093678,5.7744,-6.8094
-14.503,-32.028,-19.428,19.078,2.364,-28.492,-15.109,-55.309,-29.222,-0.89135,5.0502,-7.4789
-16.485,-31.798,-17.944,19.373,0.72733,-28.124,-15.82,-56.105,-30.495,-1.5928,4.4075,-8.0637
-18.176,-31.412,-16.186,19.441,-0.96459,-27.589,-16.437,-56.687,-31.643,-2.1435,3.9039,-8.5458
-19.257,-30.912,-14.495,19.251,-2.3792,-26.958,-16.871,-56.973,-32.591,-2.4912,3.5774,-8.9253
-19.427,-30.34,-13.257,18.756,-3.1568,-26.324,-17.086,-56.929,-33.305,-2.619,3.4211,-9.2348
-18.439,-29.736,-12.794,17.917,-2.988,-25.784,-17.118,-56.594,-33.811,-2.5641,3.3859,-9.5387
-16.225,-29.127,-13.247,16.729,-1.7307,-25.412,-17.052,-56.068,-34.186,-2.4042,3.4173,-9.9052
-13.034,-28.524,-14.505,15.257,0.47262,-25.219,-17.01,-55.468,-34.516,-2.2172,3.4973,-10.364
-9.4384,-27.917,-16.187,13.64,3.1579,-25.134,-17.095,-54.893,-34.869,-2.0371,3.6694,-10.874
-6.1856,-27.287,-17.719,12.082,5.6346,-25.018,-17.354,-54.37,-35.254,-1.8359,4.028,-11.328
-3.9784,-26.628,-18.524,10.809,7.2154,-24.726,-17.763,-53.837,-35.618,-1.5376,4.6746,-11.595
-3.235,-25.954,-18.254,9.9938,7.4811,-24.176,-18.234,-53.149,-35.852,-1.0593,5.6573,-11.583
-3.9358,-25.298,-16.93,9.6681,6.4443,-23.391,-18.628,-52.085,-35.819,-0.34624,6.9262,-11.29
-5.6371,-24.683,-14.935,9.7018,4.5385,-22.495,-18.752,-50.361,-35.341,0.63,8.3402,-10.796
-7.6457,-24.107,-12.846,9.8591,2.4428,-21.649,-18.322,-47.646,-34.188,1.9095,9.7275,-10.223
-9.2639,-23.525,-11.201,9.9018,0.8121,-20.971,-16.931,-43.61,-32.06,3.5879,10.969,-9.6626
-10.027,-22.856,-10.3,9.6864,0.027808,-20.47,-14.027,-38.076,-28.673,5.8227,12.057,-9.1227
-9.8612,-21.999,-10.126,9.21,0.086362,-20.043,-9.0444,-31.514,-24.162,8.7714,13.091,-8.5148
-9.0632,-20.851,-10.387,8.584,0.67825,-19.503,-2.4441,-26.549,-20.236,12.447,14.218,-7.6773
-8.0571,-19.332,-10.675,7.9217,1.4067,-18.651,0.93779,-27.758,-21.146,16.49,15.529,-6.424
-7.1028,-17.395,-10.642,7.2154,1.9871,-17.348,-4.483,-31.202,-27.109,19.877,16.929,-4.6041
-6.1588,-15.004,-10.137,6.2954,2.3349,-15.566,-9.8217,-28.486,-30.028,20.621,17.681,-2.2478
-4.9082,-12.057,-9.2093,4.8606,2.5582,-13.342,-7.8349,-17.303,-26.043,16.76,14.159,-0.10378
-2.8799,-8.3607,-8.0124,2.5129,2.8779,-10.685,2.1258,-0.25414,-14.422,12.041,3.7595,-0.50927
0.39866,-3.6485,-6.6882,-1.2315,3.492,-7.5159,19.187,16.928,5.1406,15.292,2.383,-2.3438
5.0843,2.2974,-5.2986,-6.5073,4.4366,-3.648,41.014,51.26,31.708,27.504,7.1277,-0.26844
8.7761,9.2267,-3.8366,-10.64,5.4172,1.1775,77.589,110.2,64.753,46.758,15.821,4.2823
9.3983,15.083,-2.3132,-15.25,5.2825,7.0977,135.03,174.89,103.24,73.081,30.861,11.409
13.274,20.267,-0.85544,-21.969,2.0677,13.705,198.64,235.06,142.25,105.62,53.788,22.365
18.036,28.438,0.2325,-28.408,-0.49291,19.788,253.49,277.84,173.69,141.26,84.502,37.998
23.683,36.166,0.51263,-34.601,1.736,23.987,284.91,289.37,190.12,176.29,121.8,58.197
31.964,43.3,-0.42583,-41.939,8.0297,26.138,284.21,259.59,188.41,208.53,163.97,82.215
45.578,52.223,-2.7335,-53.078,18.453,27.286,249.61,186.2,170.41,238.35,210.82,109.82
67.681,66.454,-6.1756,-71.315,33.538,28.734,184.56,75.113,139.45,268.88,264.5,142.2
100.21,89.396,-11.226,-98.989,53.366,32.201,94.779,-63.169,98.294,305.29,327.91,181.58
141.66,122.92,-20.689,-136.27,77.249,39.935,-15.316,-214.21,53.661,352.9,403.77,229.94
189.51,166.38,-27.425,-182.54,103.86,53.839,-144.95,-362.96,14.125,415.8,493.97,288.45
243.68,217.31,-29.599,-236.6,132.19,74.274,-296.84,-502.59,-15.798,496.3,600.6,357.77
303.32,272.71,-29.537,-295.56,162.4,101.12,-475.07,-631.34,-36.603,594.02,725.14,437.51
366.41,328.8,-31.011,-356.08,195.31,132.77,-682.28,-753.74,-52.78,705.63,865.38,525.05
431.71,380.8,-39.337,-415.47,232.2,158.41,-916.89,-878.19,-70.485,824.93,1014.1,615.97
499.07,424.08,-60.063,-471.74,275.12,170.42,-1171.4,-1010.6,-95.279,943.6,1162.6,705.46
567.57,455.86,-96.012,-523.41,325.65,167.78,-1432.4,-1151.4,-131.16,1052.2,1302.9,789.19
635.3,475.45,-145.06,-568.73,383.69,151.55,-1682.7,-1294.4,-179.31,1141.9,1428.3,863.13
700.55,483.2,-202.68,-605.86,447.23,124.31,-1904.4,-1427.4,-236.56,1206.6,1532.3,923.16
761.77,479.38,-266.93,-633.84,512.37,89.01,-2082,-1534.4,-295.97,1244.2,1608.7,965.13
815.96,463.62,-336.2,-651.95,574.49,47.827,-2204.5,-1600.7,-349.24,1255,1652,985.57
857.79,434.68,-407.48,-657.78,629.85,1.2543,-2267,-1618.6,-391.77,1239.9,1658.8,982.28
882.68,390.55,-478.52,-647.82,676.13,-51.722,-2270.3,-1590.5,-423.86,1198.4,1627.3,954.55
888.25,329.15,-547.35,-619.21,712.36,-112.46,-2220.3,-1528.3,-446.47,1127.9,1556.5,902.82
873.25,249.49,-611.9,-570.39,737.4,-181.16,-2126.4,-1450.1,-464.67,1023.3,1445.5,828.43
836.57,153.1,-669.22,-501.55,748.49,-255.5,-1998.9,-1375.2,-494.71,878.23,1293.5,733.6
776.91,44.929,-714.35,-415.33,742.19,-330.18,-1847.3,-1318.1,-548.53,688.88,1100.9,621.93
694.98,-66.325,-741.06,-317.32,716.12,-397.63,-1679.9,-1283.4,-626.89,458.95,872.26,499.13
595.38,-169.37,-744.09,-215.62,669.98,-449.72,-1503.1,-1264.3,-720.42,203.26,619.34,373.18
486.05,-252.92,-721.26,-119.52,606.3,-479.58,-1322.9,-1245.5,-811.78,-52.687,361.91,253.3
376.92,-308.67,-673.58,-37.551,530.19,-483.39,-1144.7,-1209.4,-880.6,-278.24,124.6,147.67
277.4,-333.36,-604.87,24.542,447.85,-461.53,-975,-1143.7,-910.1,-446.48,-69.132,61.755
193.69,-329.37,-522.01,64.85,365.55,-418.66,-819.53,-1048.1,-892.6,-542.78,-203.98,-0.53115
128.21,-303.59,-434.04,85.193,289.26,-362.53,-681.4,-930.93,-831.69,-568.74,-277.34,-35.412
80.656,-264.88,-349.6,89.94,223.2,-301.66,-562,-803.48,-739.64,-539.5,-298.45,-50.01
48.563,-221.6,-274.68,84.547,168.43,-243.31,-461.17,-676.5,-631.7,-475.8,-283.14,-52.124
27.535,-180.12,-211.78,74.358,123.95,-192.38,-376.8,-557.49,-521.19,-396.57,-248.14,-48.626
12.493,-144.22,-160.49,63.56,88.683,-151.03,-305.84,-450.91,-417.84,-317.47,-207.89,-44.783
0.65664,-115.34,-119.36,54.466,61.427,-118.76,-245.84,-359.72,-328.14,-250.38,-172.71,-43.374
-8.3494,-93.765,-86.806,40.76,40.623,-93.527,-195.57,-285.42,-255.68,-199.41,-146.43,-44.563
-14.615,-78.889,-61.089,26.58,24.705,-73.524,-154.69,-227.38,-200.88,-161.69,-127.13,-34.167
-18.893,-68.187,-41.274,25.345,12.33,-57.814,-122.84,-183.27,-160.93,-132.76,-110.45,-24.506
-15.539,-59.643,-27.27,25.635,3.1529,-46.096,-99.118,-150.04,-131.78,-111.02,-91.625,-25.714
-14.187,-52.647,-18.08,25.023,-2.8676,-37.85,-82.076,-124.38,-109.96,-92.614,-77.205,-26.179
-16.487,-46.978,-11.838,23.679,-5.4791,-32.293,-70.007,-103.42,-92.809,-75.961,-65.881,-25.713
-18.645,-41.598,-7.989,22.225,-3.8248,-29.291,-62.13,-85.158,-78.419,-62.306,-55.464,-24.826
-20.33,-35.932,-8.7651,21.027,-4.4187,-28.813,-60.282,-68.907,-65.715,-53.013,-47.017,-24.002
-21.434,-32.126,-9.5495,20.109,-6.2754,-27.304,-59.494,-56.638,-54.394,-48.723,-41.163,-23.531
-21.773,-29.956,-8.7068,19.345,-7.6041,-25.426,-55.936,-49.6,-45.977,-46.204,-37.343,-23.489
-21.139,-28.572,-8.3599,18.59,-7.7651,-24.137,-52.123,-41.849,-43.601,-43.057,-35.25,-23.794
-19.414,-27.58,-9.0515,17.712,-6.5781,-23.404,-49.036,-34.118,-41.981,-40.072,-34.325,-24.285
-16.688,-26.769,-10.678,16.614,-4.2384,-23.064,-46.743,-27.56,-39.327,-37.49,-34.056,-24.782
-13.303,-25.989,-12.829,15.26,-1.2026,-22.925,-45.129,-22.23,-36.432,-35.267,-34.108,-25.157
-9.7941,-25.128,-14.937,13.693,1.9208,-22.775,-44.063,-17.995,-33.751,-33.381,-34.278,-25.362
-6.7672,-24.121,-16.395,12.031,4.467,-22.42,-43.436,-14.737,-31.492,-31.87,-34.461,-25.433
-4.7451,-22.946,-16.716,10.437,5.8547,-21.721,-43.16,-12.355,-29.726,-30.785,-34.614,-25.446
-4.0189,-21.618,-15.672,9.0597,5.7667,-20.63,-43.151,-10.731,-28.421,-30.133,-34.725,-25.456
-4.5506,-20.163,-13.363,7.9849,4.2709,-19.185,-43.325,-9.7209,-27.461,-29.844,-34.793,-25.468
-5.9842,-18.59,-10.18,7.2018,1.7979,-17.477,-43.588,-9.1606,-26.698,-29.787,-34.824,-25.439
-7.756,-16.872,-6.6898,6.616,-1.0098,-15.604,-43.856,-8.8774,-25.999,-29.808,-34.847,-25.318
-9.2696,-14.95,-3.4833,6.0954,-3.4905,-13.629,-44.055,-8.7168,-25.275,-29.783,-34.916,-25.086
-10.082,-12.766,-0.99052,5.5262,-5.1428,-11.563,-44.142,-8.5647,-24.488,-29.641,-35.099,-24.768
-10.031,-10.31,0.65455,4.8481,-5.7508,-9.3897,-44.11,-8.3515,-23.634,-29.37,-35.456,-24.431
-9.2341,-7.6533,1.6235,4.0529,-5.4313,-7.1001,-43.992,-8.0449,-22.717,-29.006,-36.012,-24.154
-7.9731,-4.9097,2.2736,3.1559,-4.5693,-4.7087,-43.859,-7.6445,-21.745,-28.621,-36.748,-24.007
-6.5579,-2.1834,3.0105,2.1689,-3.6555,-2.2067,-43.802,-7.183,-20.74,-28.311,-37.603,-24.036
-5.2513,0.4584,4.1986,1.0946,-3.1229,0.44809,-43.896,-6.7222,-19.752,-28.172,-38.483,-24.242
-4.2483,2.9845,6.0575,-0.062816,-3.2515,3.2474,-44.163,-6.3368,-18.833,-28.253,-39.282,-24.579
-3.664,5.3834,8.5709,-1.2754,-4.122,6.0754,-44.559,-6.0843,-18.02,-28.531,-39.91,-24.974
-3.5116,7.6397,11.51,-2.4764,-5.606,8.7671,-44.974,-5.961,-17.304,-28.899,-40.32,-25.352
-3.7105,9.7111,14.537,-3.5595,-7.4048,11.188,-45.272,-5.912,-16.626,-29.209,-40.52,-25.668
-4.128,11.513,17.297,-4.393,-9.1543,13.251,-45.334,-5.8306,-15.898,-29.321,-40.565,-25.929
-4.6292,12.932,19.487,-4.865,-10.533,14.901,-45.091,-5.5933,-15.026,-29.152,-40.551,-26.198
-5.0964,13.86,20.925,-4.9346,-11.336,16.107,-44.532,-5.0913,-13.941,-28.69,-40.576,-26.566
-5.4264,14.253,21.583,-4.661,-11.497,16.872,-43.687,-4.2434,-12.596,-27.987,-40.691,-27.11
-5.5442,14.163,21.604,-4.1794,-11.109,17.262,-42.593,-2.9944,-10.96,-27.121,-40.854,-27.841
-5.4466,13.733,21.283,-3.635,-10.411,17.414,-41.28,-1.3177,-9.0271,-26.158,-40.921,-28.676
-5.2443,13.136,20.991,-3.1171,-9.751,17.495,-39.767,0.77134,-6.8123,-25.124,-40.664,-29.442
-5.1648,12.493,21.069,-2.6257,-9.5008,17.635,-38.075,3.2018,-4.3767,-24,-39.853,-29.923
-5.4976,11.814,21.708,-2.072,-9.9471,17.86,-36.24,5.8498,-1.8105,-22.75,-38.354,-29.929
-6.506,11.02,22.905,-1.3148,-11.198,18.081,-34.313,8.5667,0.7911,-21.351,-36.183,-29.361
-8.346,10.012,24.486,-0.22533,-13.173,18.146,-32.347,11.229,3.3553,-19.818,-33.513,-28.246
-11.014,8.7372,26.191,1.254,-15.659,17.905,-30.374,13.79,5.8498,-18.21,-30.63,-26.734
-14.312,7.2191,27.735,3.0803,-18.364,17.271,-28.38,16.304,8.2886,-16.604,-27.865,-25.053
-17.851,5.5505,28.853,5.1009,-20.952,16.253,-26.299,18.919,10.732,-15.059,-25.496,-23.445
-21.12,3.8663,29.385,7.0587,-23.087,14.963,-24.027,21.831,13.281,-13.573,-23.654,-22.099
-23.604,2.3126,29.326,8.6413,-24.491,13.591,-21.456,25.224,16.068,-12.078,-22.286,-21.103
-24.87,1.0141,28.788,9.5662,-24.989,12.349,-18.512,29.209,19.241,-10.461,-21.197,-20.432
-24.631,0.050925,27.873,9.665,-24.502,11.393,-15.179,33.782,22.942,-8.6178,-20.17,-19.967
-22.811,-0.5538,26.598,8.9397,-23.041,10.77,-11.51,38.829,27.28,-6.5021,-19.036,-19.568
-19.616,-0.83507,24.923,7.5695,-20.727,10.418,-7.5881,44.176,32.296,-4.1501,-17.699,-19.129
-15.577,-0.87195,22.865,5.8659,-17.818,10.199,-3.4923,49.661,37.928,-1.6631,-16.135,-18.613
-11.446,-0.76311,20.553,4.1917,-14.69,9.9577,0.73267,55.191,44.028,0.83672,-14.382,-18.029
-7.9909,-0.60326,18.171,2.8719,-11.752,9.5654,5.0805,60.763,50.425,3.2497,-12.496,-17.386
-5.8002,-0.46415,15.898,2.1301,-9.3755,8.968,9.5724,66.442,57,5.531,-10.523,-16.672
-5.1873,-0.37698,13.967,2.0507,-7.8955,8.2178,14.245,72.322,63.712,7.6859,-8.5031,-15.865
-6.1492,-0.32546,12.7,2.5628,-7.6064,7.4627,19.15,78.474,70.561,9.7592,-6.4798,-14.945
-8.3522,-0.26419,12.4,3.4512,-8.6133,6.8842,24.349,84.926,77.513,11.821,-4.4888,-13.891
-11.19,-0.15437,13.131,4.4028,-10.655,6.6076,29.914,91.589,84.446,13.948,-2.5503,-12.683
-13.923,0.0068828,14.613,5.0877,-13.121,6.6327,35.913,98.313,91.174,16.196,-0.67557,-11.322
-15.85,0.17551,16.305,5.2627,-15.273,6.8306,42.412,104.95,97.545,18.581,1.1184,-9.8435
-16.497,0.26377,17.596,4.8629,-16.488,7.0021,49.466,111.44,103.5,21.072,2.8008,-8.3357
-15.773,0.15729,18.022,4.0272,-16.442,6.9581,57.129,117.81,109.08,23.605,4.3333,-6.9085
-13.982,-0.24993,17.434,3.0467,-15.219,6.5903,65.445,124.11,114.32,26.098,5.6829,-5.6629
-11.711,-0.99891,16.039,2.275,-13.273,5.9158,74.412,130.37,119.24,28.465,6.8288,-4.6598
-9.6615,-2.0288,14.312,2.0187,-11.267,5.0795,83.952,136.52,123.76,30.626,7.7597,-3.9145
-8.4639,-3.1851,12.833,2.4353,-9.8635,4.311,93.868,142.43,127.78,32.517,8.4667,-3.4126
-8.4927,-4.2783,12.093,3.4859,-9.5482,3.8402,103.87,147.94,131.22,34.108,8.9441,-3.1302
-9.757,-5.158,12.354,4.97,-10.487,3.8084,113.63,152.95,134.09,35.414,9.2001,-3.0408
-11.931,-5.7625,13.581,6.6148,-12.486,4.2121,122.93,157.41,136.43,36.492,9.2695,-3.1116
-14.502,-6.1255,15.483,8.1634,-15.093,4.9082,131.65,161.35,138.33,37.417,9.2159,-3.3063
-16.965,-6.342,17.661,9.4329,-17.812,5.6873,139.79,164.86,139.89,38.247,9.1186,-3.5948
-18.984,-6.5097,19.822,10.344,-20.307,6.3938,147.4,167.99,141.17,39.006,9.0506,-3.956
-20.476,-6.676,21.933,10.922,-22.519,7.0396,154.56,170.83,142.23,39.68,9.0649,-4.3614
-21.607,-6.812,24.205,11.278,-24.658,7.8314,161.29,173.41,143.11,40.251,9.1937,-4.751
-22.675,-6.8263,26.922,11.556,-27.081,9.0546,167.6,175.79,143.81,40.715,9.4578,-5.0281
-23.935,-6.6206,30.228,11.869,-30.037,10.872,173.44,177.94,144.36,41.087,9.859,-5.0876
-25.458,-6.1516,34.005,12.242,-33.408,13.2,178.72,179.8,144.73,41.39,10.38,-4.8637
-27.086,-5.4478,37.887,12.599,-36.735,15.751,183.34,181.26,144.91,41.625,10.998,-4.3571
-28.506,-4.5717,41.405,12.806,-39.529,18.177,187.24,182.18,144.85,41.757,11.711,-3.6161
-29.421,-3.5689,44.211,12.751,-41.538,20.218,190.41,182.46,144.52,41.722,12.554,-2.6923
-29.733,-2.4419,46.215,12.409,-42.756,21.788,192.9,182.06,143.88,41.454,13.584,-1.6
-29.616,-1.1671,47.551,11.858,-43.348,22.981,194.83,181,142.9,40.914,14.847,-0.30283
-29.402,0.2613,48.446,11.245,-43.589,23.972,196.29,179.35,141.56,40.096,16.354,1.2414
-29.338,1.7977,49.052,10.711,-43.739,24.901,197.35,177.21,139.89,39.021,18.045,3.021
-29.385,3.3416,49.303,10.309,-43.822,25.768,198.05,174.73,137.99,37.714,19.774,4.9369
-29.201,4.7811,48.928,9.9561,-43.501,26.447,198.39,171.99,135.9,36.182,21.315,6.8227
-28.287,6.0427,47.653,9.474,-42.263,26.783,198.41,169.06,133.63,34.41,22.419,8.4998
-26.259,7.1148,45.421,8.6685,-39.777,26.705,198.13,165.94,131.11,32.38,22.876,9.8333
-23.082,8.0382,42.457,7.4254,-36.131,26.286,197.57,162.58,128.2,30.077,22.558,10.771
-19.135,8.8792,39.227,5.7677,-31.826,25.709,196.74,158.89,124.79,27.509,21.443,11.355
-15.088,9.7007,36.334,3.8604,-27.612,25.206,195.59,154.79,120.79,24.715,19.619,11.699
-11.682,10.537,34.362,1.9646,-24.251,24.972,194.03,150.19,116.18,21.779,17.277,11.957
-9.5103,11.377,33.668,0.35698,-22.274,25.089,191.94,145.07,111,18.816,14.679,12.289
-8.8586,12.166,34.226,-0.75205,-21.811,25.48,189.17,139.44,105.35,15.937,12.099,12.826
-9.64,12.815,35.588,-1.2731,-22.535,25.915,185.62,133.33,99.272,13.198,9.7676,13.613
-11.427,13.237,36.997,-1.2497,-23.776,26.079,181.23,126.76,92.772,10.576,7.8226,14.573
-13.558,13.376,37.613,-0.83337,-24.768,25.676,175.92,119.72,85.769,7.9868,6.2851,15.539
-15.301,13.225,36.802,-0.23602,-24.914,24.547,169.66,112.21,78.193,5.3551,5.0828,16.33
-16.073,12.825,34.408,0.32398,-23.965,22.727,162.42,104.29,70.136,2.6921,4.1254,16.834
-15.641,12.229,30.786,0.66472,-22.014,20.421,154.25,96.131,61.969,0.13031,3.3955,17.055
-14.12,11.468,26.508,0.66187,-19.313,17.874,145.31,88.003,54.256,-2.124,2.9828,17.093
-11.752,10.531,21.988,0.25317,-16.058,15.249,135.85,80.187,47.439,-3.8931,3.0296,17.099
-8.7147,9.3705,17.337,-0.55375,-12.347,12.564,126.1,72.825,41.608,-5.1209,3.6411,17.219
-5.1676,7.936,12.489,-1.6695,-8.2436,9.7401,116.2,65.869,36.542,-5.9011,4.8314,17.555
-1.3557,6.2129,7.4238,-2.9319,-3.8737,6.6794,106.15,59.142,31.914,-6.4323,6.5239,18.165
2.3947,4.242,2.2898,-4.1404,0.51827,3.3506,95.877,52.437,27.473,-6.936,8.5826,19.075
5.7381,2.1228,-2.6438,-5.0972,4.5898,-0.16859,85.311,45.604,23.131,-7.5791,10.848,20.274
8.3674,-0.0083674,-7.0997,-5.6414,8.0005,-3.6963,74.485,38.605,18.936,-8.4261,13.167,21.684
10.063,-2.0241,-10.852,-5.6754,10.518,-7.0061,63.568,31.519,14.974,-9.425,15.414,23.157
10.729,-3.8491,-13.754,-5.1801,12.051,-9.915,52.851,24.519,11.301,-10.427,17.504,24.522
10.414,-5.4668,-15.756,-4.221,12.631,-12.335,42.652,17.815,7.919,-11.238,19.392,25.65
9.31,-6.8902,-16.898,-2.9458,12.397,-14.26,33.186,11.589,4.8074,-11.697,21.051,26.496
7.7298,-8.127,-17.298,-1.5642,11.575,-15.72,24.512,5.9403,1.9427,-11.75,22.447,27.09
6.0455,-9.1628,-17.125,-0.30909,10.436,-16.756,16.582,0.87875,-0.70582,-11.493,23.536,27.5
4.6021,-9.9711,-16.581,0.61263,9.2511,-17.413,9.3165,-3.6703,-3.1926,-11.147,24.286,27.794
3.6444,-10.535,-15.874,1.0653,8.2511,-17.748,2.6441,-7.8383,-5.6016,-10.992,24.708,28.014
3.2951,-10.869,-15.2,1.012,7.6142,-17.836,-3.4858,-11.779,-8.0319,-11.255,24.867,28.178
3.5719,-11.029,-14.734,0.51889,7.4582,-17.776,-9.1138,-15.63,-10.571,-12.021,24.87,28.291
4.3952,-11.11,-14.613,-0.26591,7.8285,-17.69,-14.287,-19.49,-13.27,-13.211,24.841,28.362
5.5908,-11.229,-14.916,-1.1514,8.6783,-17.698,-19.066,-23.402,-16.136,-14.632,24.866,28.417
6.9174,-11.489,-15.618,-1.9486,9.8616,-17.882,-23.523,-27.356,-19.122,-16.075,24.934,28.466
8.1172,-11.936,-16.574,-2.516,11.152,-18.24,-27.724,-31.295,-22.145,-17.393,24.928,28.48
8.9872,-12.525,-17.553,-2.7975,12.294,-18.687,-31.714,-35.135,-25.092,-18.533,24.673,28.378
9.453,-13.13,-18.327,-2.8316,13.098,-19.106,-35.515,-38.786,-27.864,-19.52,24.011,28.063
9.5904,-13.615,-18.781,-2.7123,13.509,-19.42,-39.133,-42.187,-30.393,-20.436,22.855,27.448
9.5628,-13.916,-18.959,-2.5228,13.619,-19.638,-42.561,-45.312,-32.673,-21.386,21.187,26.461
9.5099,-14.076,-19.033,-2.2799,13.591,-19.853,-45.788,-48.176,-34.739,-22.464,19.06,25.044
9.4585,-14.235,-19.203,-1.9224,13.556,-20.194,-48.796,-50.806,-36.65,-23.706,16.64,23.198
9.319,-14.564,-19.602,-1.3546,13.556,-20.752,-51.556,-53.223,-38.448,-25.067,14.238,21.033
8.9632,-15.183,-20.258,-0.52379,13.584,-21.532,-54.044,-55.427,-40.147,-26.425,12.244,18.787
8.3319,-16.094,-21.124,0.5114,13.675,-22.454,-56.247,-57.401,-41.739,-27.648,11,16.76
7.5506,-17.165,-22.136,1.5516,13.927,-23.393,-58.182,-59.131,-43.208,-28.668,10.681,15.219
7,-18.191,-23.243,2.2897,14.487,-24.228,-59.891,-60.624,-44.556,-29.537,11.208,14.29
7.1915,-18.975,-24.425,2.4267,15.513,-24.877,-61.426,-61.914,-45.802,-30.408,12.226,13.922
8.4693,-19.414,-25.674,1.8151,17.093,-25.322,-62.842,-63.051,-46.974,-31.453,13.178,13.902
10.795,-19.534,-26.957,0.53664,19.136,-25.603,-64.177,-64.078,-48.087,-32.765,13.485,13.938
13.735,-19.464,-28.184,-1.1117,21.357,-25.794,-65.45,-65.01,-49.133,-34.298,12.789,13.769
16.605,-19.38,-29.2,-2.7008,23.335,-25.975,-66.647,-65.824,-50.08,-35.901,11.101,13.274
18.677,-19.43,-29.823,-3.7938,24.635,-26.193,-67.728,-66.472,-50.893,-37.383,8.733,12.51
19.406,-19.687,-29.914,-4.0758,24.936,-26.449,-68.612,-66.9,-51.546,-38.576,6.0838,11.655
18.592,-20.13,-29.44,-3.4547,24.147,-26.709,-69.182,-67.06,-52.025,-39.38,3.4745,10.889
16.438,-20.664,-28.527,-2.1035,22.49,-26.927,-69.31,-66.917,-52.331,-39.782,1.0538,10.303
13.551,-21.167,-27.475,-0.41739,20.494,-27.079,-68.905,-66.459,-52.476,-39.855,-1.2266,9.8694
10.837,-21.55,-26.696,1.1044,18.842,-27.193,-67.972,-65.706,-52.49,-39.736,-3.5122,9.4775
9.2313,-21.79,-26.584,2.0187,18.143,-27.34,-66.629,-64.719,-52.419,-39.592,-5.8529,9.0127
9.305,-21.936,-27.347,2.1046,18.721,-27.6,-65.07,-63.591,-52.313,-39.562,-8.0989,8.4287
10.985,-22.062,-28.909,1.4445,20.468,-28.004,-63.497,-62.435,-52.217,-39.704,-9.9712,7.778
13.618,-22.227,-30.903,0.35279,22.873,-28.511,-62.051,-61.351,-52.154,-39.973,-11.202,7.1905
16.314,-22.456,-32.789,-0.75048,25.197,-29.024,-60.784,-60.413,-52.121,-40.254,-11.617,6.8245
18.243,-22.749,-34.045,-1.4478,26.716,-29.434,-59.666,-59.65,-52.091,-40.405,-11.164,6.81
18.785,-23.092,-34.35,-1.4428,26.975,-29.672,-58.613,-59.048,-52.031,-40.323,-9.9129,7.1956
17.725,-23.455,-33.687,-0.67219,25.912,-29.732,-57.533,-58.558,-51.923,-39.987,-8.0791,7.9201
15.386,-23.8,-32.334,0.66141,23.85,-29.664,-56.362,-58.114,-51.767,-39.467,-6.019,8.828
12.536,-24.076,-30.758,2.165,21.396,-29.551,-55.082,-57.649,-51.578,-38.879,-4.1642,9.7228
10.113,-24.221,-29.455,3.39,19.268,-29.462,-53.693,-57.094,-51.366,-38.317,-2.8773,10.438
8.868,-24.161,-28.796,3.9654,18.07,-29.417,-52.189,-56.376,-51.118,-37.793,-2.3099,10.895
9.1342,-23.821,-28.92,3.6982,18.111,-29.378,-50.526,-55.423,-50.795,-37.225,-2.3559,11.117
10.801,-23.141,-29.718,2.6169,19.314,-29.265,-48.637,-54.184,-50.34,-36.475,-2.7302,11.197
13.42,-22.087,-30.896,0.9422,21.286,-28.988,-46.459,-52.646,-49.698,-35.415,-3.1214,11.246
16.319,-20.651,-32.089,-0.99351,23.487,-28.461,-43.967,-50.84,-48.83,-33.975,-3.3302,11.341
18.784,-18.855,-32.91,-2.8497,25.349,-27.606,-41.195,-48.834,-47.722,-32.172,-3.3052,11.512
20.297,-16.735,-32.988,-4.3777,26.355,-26.354,-38.223,-46.717,-46.397,-30.098,-3.0544,11.745
20.667,-14.323,-32.063,-5.4832,26.198,-24.664,-35.151,-44.587,-44.902,-27.876,-2.5411,12.018
20,-11.615,-30.041,-6.2296,24.862,-22.524,-32.043,-42.518,-43.288,-25.599,-1.688,12.338
18.587,-8.5503,-26.927,-6.7876,22.513,-19.909,-28.878,-40.532,-41.573,-23.293,-0.43638,12.759
16.771,-5.058,-22.755,-7.3611,19.342,-16.737,-25.549,-38.588,-39.727,-20.906,1.2438,13.376
14.862,-1.102,-17.596,-8.139,15.532,-12.888,-21.894,-36.604,-37.684,-18.344,3.3739,14.282
13.085,3.2766,-11.61,-9.2725,11.308,-8.2553,-17.762,-34.504,-35.377,-15.506,5.9509,15.526
11.552,7.9347,-5.0846,-10.836,7.0088,-2.8457,-13.085,-32.262,-32.787,-12.332,8.9021,17.09
10.293,12.654,1.554,-12.804,3.096,3.1064,-7.9261,-29.924,-29.955,-8.8242,12.061,18.904
9.3364,17.239,7.7612,-15.097,-0.010466,9.1062,-2.4839,-27.594,-26.965,-5.0508,15.205,20.862
8.7013,21.61,13.003,-17.674,-2.1382,14.587,2.9388,-25.391,-23.905,-1.1138,18.137,22.88
8.3361,25.836,17.035,-20.573,-3.4055,19.215,8.02,-23.41,-20.847,2.8913,20.75,24.94
8.1233,30.102,20.102,-23.911,-4.1375,23.029,12.517,-21.687,-17.829,6.9045,23.002,27.057
7.9577,34.646,22.807,-27.748,-4.7444,26.321,16.319,-20.21,-14.863,10.893,24.857,29.196
7.8151,39.649,25.715,-31.88,-5.5844,29.397,19.422,-18.939,-11.969,14.813,26.242,31.255
7.782,45.056,29.038,-35.878,-6.8348,32.407,21.868,-17.854,-9.2004,18.577,27.051,33.085
8.0552,50.504,32.606,-39.51,-8.414,35.351,23.679,-16.975,-6.6525,22.069,27.188,34.546
8.9218,55.533,36.045,-42.95,-10.002,38.158,24.841,-16.361,-4.4266,25.196,26.653,35.567
10.711,59.887,38.911,-46.487,-11.152,40.704,25.321,-16.077,-2.5921,27.938,25.627,36.207
13.693,63.566,40.755,-50.249,-11.428,42.827,25.091,-16.161,-1.1676,30.348,24.492,36.644
17.947,66.671,41.221,-54.185,-10.527,44.371,24.148,-16.609,-0.12722,32.516,23.738,37.123
23.31,69.28,40.173,-58.162,-8.3635,45.239,22.522,-17.39,0.58026,34.524,23.799,37.883
29.433,71.434,37.752,-62.029,-5.0871,45.422,20.263,-18.456,1.0129,36.42,24.936,39.108
35.866,73.14,34.299,-65.643,-1.0292,44.987,17.421,-19.759,1.2248,38.215,27.192,40.93
42.198,74.373,30.199,-68.869,3.3916,44.043,14.029,-21.255,1.2616,39.886,30.385,43.411
48.163,75.093,25.78,-71.575,7.7502,42.713,10.111,-22.906,1.1597,41.393,34.132,46.473
53.57,75.295,21.317,-73.616,11.669,41.128,5.7205,-24.671,0.95077,42.704,37.91,49.758
58.111,75.058,17.045,-74.854,14.851,39.409,0.98911,-26.486,0.67114,43.816,41.179,52.64
61.358,74.495,13.144,-75.213,17.124,37.662,-3.8626,-28.266,0.36925,44.766,43.545,54.525
63.036,73.682,9.6833,-74.759,18.478,35.953,-8.5716,-29.914,0.10024,45.614,44.864,55.145
63.292,72.665,6.6449,-73.741,19.075,34.314,-12.921,-31.35,-0.087879,46.417,45.228,54.583
62.709,71.517,3.9714,-72.528,19.207,32.756,-16.801,-32.527,-0.16423,47.213,44.852,53.109
62.112,70.379,1.6051,-71.488,19.237,31.292,-20.192,-33.432,-0.11468,48.013,43.979,51.092
62.256,69.436,-0.50847,-70.931,19.524,29.954,-23.113,-34.087,0.064633,48.813,42.878,48.938
63.532,68.853,-2.4243,-71.086,20.343,28.79,-25.576,-34.534,0.3728,49.616,41.869,46.986
65.924,68.731,-4.1923,-72.078,21.821,27.845,-27.597,-34.838,0.80424,50.433,41.31,45.618
69.186,69.07,-5.8447,-73.898,23.927,27.127,-29.203,-35.074,1.3439,51.294,41.495,45.377
72.995,69.768,-7.3828,-76.375,26.491,26.589,-30.446,-35.314,1.9623,52.238,42.519,46.757
76.974,70.621,-8.7644,-79.185,29.236,26.128,-31.387,-35.611,2.6161,53.292,44.231,49.882
80.699,71.359,-9.9097,-81.903,31.819,25.614,-32.083,-35.986,3.2551,54.454,46.308,54.372
83.754,71.686,-10.74,-84.108,33.885,24.934,-32.563,-36.431,3.8356,55.681,48.377,59.453
85.848,71.368,-11.227,-85.48,35.144,24.048,-32.821,-36.906,4.3367,56.9,50.119,64.26
86.92,70.31,-11.43,-85.897,35.488,23.013,-32.825,-37.349,4.772,58.021,51.349,68.138
87.084,68.584,-11.486,-85.429,35.084,21.951,-32.536,-37.7,5.179,58.961,52.049,70.767
86.365,66.351,-11.578,-84.16,34.352,20.958,-31.939,-37.929,5.5849,59.655,52.349,72.087
84.617,63.739,-11.858,-81.985,33.745,20.029,-31.081,-38.071,5.9657,60.056,52.45,72.184
81.816,60.74,-12.393,-78.692,33.42,19.041,-30.072,-38.235,6.2284,60.125,52.551,71.206
78.101,57.217,-13.134,-74.293,33.095,17.832,-29.063,-38.573,6.2271,59.824,52.762,69.281
73.449,52.979,-13.88,-69.121,32.266,16.3,-28.203,-39.245,5.8022,59.115,53.049,66.466
67.619,47.935,-14.24,-63.562,30.47,14.453,-27.592,-40.364,4.8283,57.966,53.206,62.837
60.369,42.261,-13.72,-57.818,27.409,12.401,-27.264,-41.964,3.2568,56.37,52.895,58.717
51.645,36.41,-11.975,-51.87,23.019,10.299,-27.195,-44.002,1.1333,54.349,51.776,54.605
41.628,30.829,-9.0414,-45.514,17.553,8.2617,-27.326,-46.379,-1.4227,51.958,49.662,50.788
30.769,25.705,-5.3763,-38.399,11.615,6.3066,-27.599,-48.973,-4.2629,49.272,46.566,47.313
20.123,20.961,-1.7085,-30.186,6.0062,4.3466,-27.973,-51.668,-7.2587,46.37,42.638,44.175
11.246,16.394,1.1558,-21.253,1.4772,2.2449,-28.429,-54.367,-10.328,43.317,38.09,41.342
5.005,11.819,2.5197,-13.22,-1.4362,-0.10495,-28.962,-57,-13.431,40.168,33.151,38.707
1.2527,7.1783,2.0028,-7.4231,-2.4836,-2.7128,-29.569,-59.518,-16.54,36.961,28.049,36.14
-0.51514,2.5797,-0.29181,-3.7435,-1.7581,-5.4697,-30.239,-61.896,-19.604,33.729,22.982,33.559
-0.83986,-1.7563,-3.7913,-1.4742,0.30265,-8.1829,-30.956,-64.121,-22.546,30.492,18.099,30.934
-0.28532,-5.6044,-7.681,-0.03182,3.0191,-10.648,-31.705,-66.185,-25.277,27.262,13.49,28.258
0.58003,-8.8392,-11.197,0.99024,5.6563,-12.726,-32.478,-68.078,-27.725,24.055,9.1928,25.524
1.2083,-11.481,-13.807,1.8902,7.5964,-14.391,-33.277,-69.785,-29.85,20.913,5.2032,22.726
1.1068,-13.664,-15.266,2.8718,8.4066,-15.728,-34.107,-71.296,-31.649,17.919,1.4826,19.881
-0.026112,-15.549,-15.581,4.0372,7.901,-16.862,-34.973,-72.603,-33.139,15.194,-2.0023,17.05
-2.1698,-17.237,-14.91,5.3837,6.1945,-17.855,-35.871,-73.707,-34.339,12.874,-5.2449,14.332
-5.0041,-18.722,-13.462,6.8133,3.6436,-18.655,-36.774,-74.601,-35.252,11.067,-8.2079,11.833
-8.0442,-19.93,-11.495,8.1643,0.72737,-19.164,-37.635,-75.271,-35.862,9.8276,-10.852,9.6343
-10.784,-20.785,-9.3519,9.2609,-2.0646,-19.335,-38.399,-75.704,-36.153,9.1444,-13.135,7.7893
-12.806,-21.262,-7.4119,9.9699,-4.3152,-19.212,-39.02,-75.903,-36.122,8.9488,-14.993,6.3451
-13.854,-21.408,-5.9872,10.245,-5.7208,-18.894,-39.476,-75.898,-35.797,9.1331,-16.33,5.3541
-13.875,-21.323,-5.2418,10.147,-6.1403,-18.505,-39.776,-75.746,-35.241,9.5671,-17.059,4.8605
-13.044,-21.141,-5.164,9.8302,-5.6648,-18.155,-39.949,-75.522,-34.54,10.113,-17.156,4.869
-11.744,-20.981,-5.5671,9.4986,-4.6282,-17.908,-40.037,-75.297,-33.797,10.638,-16.696,5.3105
-10.463,-20.899,-6.1116,9.3312,-3.519,-17.733,-40.086,-75.128,-33.117,11.03,-15.86,6.0291
-9.6521,-20.859,-6.3806,9.4122,-2.8318,-17.512,-40.139,-75.064,-32.587,11.214,-14.879,6.8055
-9.5823,-20.744,-6.0257,9.7012,-2.9082,-17.094,-40.228,-75.141,-32.255,11.173,-13.962,7.4115
-10.27,-20.425,-4.9178,10.069,-3.816,-16.373,-40.369,-75.379,-32.116,10.953,-13.225,7.6731
-11.505,-19.825,-3.2033,10.376,-5.3316,-15.352,-40.557,-75.76,-32.11,10.66,-12.681,7.511
-12.961,-18.966,-1.2276,10.543,-7.0616,-14.152,-40.765,-76.212,-32.139,10.42,-12.283,6.9411
-14.314,-17.968,0.62474,10.566,-8.6228,-12.963,-40.946,-76.604,-32.088,10.343,-11.984,6.0475
-15.319,-16.98,2.0847,10.473,-9.7634,-11.939,-41.028,-76.732,-31.827,10.493,-11.774,4.9467
-15.836,-16.087,3.0878,10.258,-10.397,-11.114,-40.889,-76.317,-31.193,10.894,-11.678,3.7547
-15.812,-15.238,3.7764,9.8557,-10.575,-10.363,-40.336,-75.01,-29.955,11.568,-11.716,2.5615
-15.244,-14.257,4.4249,9.1652,-10.436,-9.4562,-39.089,-72.452,-27.812,12.583,-11.835,1.4255
-14.184,-12.922,5.3166,8.1079,-10.144,-8.1462,-36.805,-68.391,-24.471,14.071,-11.86,0.39702
-12.747,-11.069,6.6156,6.6867,-9.8292,-6.2739,-33.151,-63.014,-20.077,16.171,-11.491,-0.44012
-11.11,-8.6816,8.2793,5.0106,-9.5567,-3.8578,-28.068,-58.004,-16.65,18.832,-10.381,-0.93972
-9.4707,-5.9149,10.05,3.2678,-9.3094,-1.1309,-22.985,-57.953,-19.876,21.361,-8.2981,-0.89721
-7.9914,-3.0342,11.554,1.6537,-9.0119,1.5349,-22.845,-63.412,-29.344,21.545,-5.5461,-0.1125
-6.7406,-0.25676,12.48,0.28109,-8.5893,3.8212,-28.074,-65.26,-33.525,16.102,-4.0399,1.3732
-5.6457,2.404,12.751,-0.89871,-8.0355,5.6535,-29.761,-59.156,-30.514,9.6885,-7.1291,2.5353
-4.4603,5.1971,12.572,-2.171,-7.4337,7.2663,-24.537,-44.086,-21.095,12.185,-9.1891,0.70875
-2.7491,8.5621,12.315,-4.219,-6.8885,9.111,-11.238,-23.707,-3.9,22.039,-6.161,-1.6411
-0.016092,12.963,12.303,-7.9667,-6.4176,11.641,10.967,15.176,22.421,36.235,-0.43892,0.46608
2.7421,18.5,12.589,-9.6783,-5.9375,15.037,42.303,79.783,57.984,54.441,8.6981,5.0348
2.6177,22.295,12.88,-9.765,-5.4488,19.021,89.347,149.29,100.94,77.481,22.497,12.149
4.9948,21.685,12.646,-15.24,-5.2505,22.927,148.94,212.5,145.39,105.9,43.006,23.059
9.9234,27.02,11.371,-22.092,-4.6463,26.047,207.88,254.81,182.99,138.29,71.954,38.581
17.496,34.153,8.8081,-29.65,-0.70006,27.927,255.39,261.82,205.69,171.6,108.05,58.506
28.712,41.154,5.0837,-38.599,7.7025,28.665,279.76,223.98,207.93,203.46,148.21,81.963
45.027,49.89,0.5312,-50.934,20.127,29.178,273.23,140.23,188.31,232.94,191.04,108.65
68.282,63.748,-5.1135,-69.571,36.183,30.846,234.06,18.109,149.66,261.17,237.86,139.74
100.22,86.303,-13.868,-97.237,55.318,35.11,165.57,-131.91,98.502,291.61,291.74,177.3
141.3,119.58,-22.026,-134.49,77.424,43.256,73.038,-294.55,43.577,329.18,356.96,223.27
189.64,162.95,-26.2,-180.18,103.17,55.826,-39.966,-453.24,-7.1716,379.21,437.99,279.18
244.64,213.79,-28.324,-233.92,132.74,72.258,-173.76,-603.53,-49.25,446.15,538.53,345.85
306.64,268.76,-30.675,-293.71,165.71,93.124,-331.81,-744.89,-82.04,531.49,660.26,422.88
372.93,323.73,-36.52,-355.42,202.58,121.3,-517.84,-879.83,-108.18,632.56,801.09,508.11
440.22,374.41,-50.1,-414.95,244.03,148.25,-732.08,-1013.7,-132.77,743.44,954.21,597.42
507.06,417.29,-74.898,-470.4,290.6,161.02,-969.01,-1152.3,-161.93,855.93,1110.1,685.57
572.93,449.73,-111.07,-520.85,342.32,160.48,-1218,-1298,-200.71,959.89,1258.7,767.23
636.57,470.51,-156.23,-564.95,397.62,147.96,-1464.8,-1447,-251.37,1045,1389.3,837.31
696.11,479.57,-208.85,-601.23,453.63,125.24,-1692.9,-1588.2,-311.85,1103.3,1492.7,891.82
748.98,477,-267.9,-628.37,507.61,94.418,-1885.9,-1704.9,-375.3,1131.5,1563,928.18
792.37,462.52,-329.3,-644.72,557.67,57.271,-2030.3,-1780.7,-432.61,1130.5,1596.7,944.06
824.7,435.31,-389.19,-648.3,602.62,14.627,-2117.7,-1805.8,-477.91,1102.7,1591.7,936.81
844.83,393.72,-447.33,-637.15,641.78,-34.16,-2145.6,-1781.4,-510.31,1050.3,1547.9,904.41
850.01,335.64,-504.72,-609.42,673.65,-90.683,-2117.5,-1718.1,-530.71,973.51,1466.5,846.66
836.16,259.51,-560.8,-563.12,695.43,-155.91,-2041.1,-1632.7,-545.92,869.68,1348.1,765.32
799.75,165.74,-612.82,-496.69,703.69,-228.55,-1926.2,-1543.9,-571.55,733.84,1192,663.74
739.15,58.34,-655.73,-411.25,694.93,-303.97,-1782.7,-1467.3,-617.97,561.37,998.12,546.66
655.38,-54.179,-682.77,-311.66,666.3,-374.24,-1620,-1409.8,-686.25,353.03,770.87,420.56
553.18,-160.04,-687.8,-205.82,617.64,-430.17,-1446.3,-1367.4,-767.59,120.14,522.33,293.84
440.77,-247.33,-667.45,-103.42,551.8,-464.19,-1268.4,-1326.5,-844.72,-114.52,272.88,176.54
328.18,-307.17,-622.08,-14.627,473.24,-472.18,-1091.7,-1272.1,-897.88,-321.86,47.505,78.456
226.22,-335.65,-556.44,52.272,389.17,-454.2,-922.48,-1196.3,-911.95,-475.57,-131.27,5.6796
143.8,-334.63,-477.92,93.54,307.49,-414.53,-769.56,-1098.4,-881.09,-560.49,-250.31,-40.335
83.777,-310.67,-394.21,111.34,233.7,-360.53,-637.58,-981.74,-809.67,-576.85,-308.87,-63.352
42.928,-272.59,-312.55,112.04,171.87,-300.54,-525.82,-853.1,-710.34,-538.89,-317.14,-69.736
16.21,-228.99,-238.78,102.79,123.19,-241.61,-431.78,-721.8,-599.19,-468.33,-291.85,-66.849
-0.95575,-186.39,-176.35,89.298,84.896,-188.49,-352.29,-596.4,-489.45,-386.56,-251.03,-61.083
-12.641,-148.69,-125.01,75.54,53.325,-143.64,-284.19,-482.77,-389.18,-309.15,-208.73,-56.684
-21.993,-117.71,-82.093,63.923,27.67,-107.77,-225.47,-384.36,-303.21,-244.3,-172.42,-55.337
-30.029,-94.597,-49.457,54.635,8.9373,-80.523,-175.59,-302.72,-234.34,-193.51,-144.26,-53.502
-35.665,-78.845,-27.99,46.515,-3.0605,-60.419,-134.87,-237.74,-182.87,-154.23,-123.03,-34.542
-33.74,-67.52,-15.549,42.747,-9.3005,-46.042,-103.32,-187.85,-145.78,-124.86,-104.94,-31.894
-23.684,-58.238,-9.5943,39.672,-11.033,-36.273,-80.095,-150.32,-118.62,-103.06,-88.456,-31.181
-21.15,-50.241,-7.6787,35.657,-9.447,-29.978,-63.754,-121.7,-97.851,-83.931,-76.753,-29.497
-18.384,-43.597,-8.103,30.25,-3.7771,-26.283,-52.723,-98.732,-81.219,-67.127,-66.745,-27.16
-14.859,-37.498,-11.671,23.933,-1.7051,-25.587,-45.542,-79.104,-67.248,-54.423,-56.959,-24.776
-11.311,-31.152,-12.225,18.308,-1.2601,-24.878,-38.384,-61.705,-54.877,-46.905,-48.625,-22.771
-8.4427,-26.984,-10.26,14.126,-0.96687,-22.399,-30.013,-47.963,-43.476,-43.688,-41.569,-21.303
-6.7247,-24.31,-8.2472,11.269,-1.0439,-20.153,-23.36,-38.494,-33.666,-39.145,-36,-20.322
-6.3188,-22.388,-6.4807,9.552,-1.598,-18.348,-18.399,-28.059,-25.738,-34.147,-31.97,-19.67
-7.0528,-20.962,-5.083,8.7994,-2.512,-16.985,-14.693,-18.779,-18.822,-30.003,-28.705,-19.184
-8.4932,-19.853,-4.0808,8.7579,-3.5544,-15.978,-11.907,-11.127,-13.125,-26.646,-25.813,-18.756
-10.092,-18.867,-3.3969,9.0878,-4.4844,-15.151,-9.7544,-4.6946,-8.6102,-23.871,-23.228,-18.364
-11.338,-17.81,-2.8753,9.4133,-5.1168,-14.295,-7.9692,0.89824,-5.0357,-21.514,-21.013,-18.071
-11.871,-16.539,-2.3431,9.4072,-5.3518,-13.235,-6.337,5.9345,-2.1502,-19.469,-19.238,-17.991
-11.559,-15.007,-1.6853,8.8774,-5.1934,-11.903,-4.7416,10.614,0.24279,-17.68,-17.921,-18.191
-10.516,-13.298,-0.87298,7.8171,-4.7648,-10.361,-3.1778,15.061,2.2865,-16.121,-17.012,-18.607
-9.0658,-11.589,0.084738,6.3933,-4.2957,-8.7676,-1.7162,19.338,4.0841,-14.783,-16.386,-19.057
-7.6468,-10.082,1.198,4.8794,-4.0644,-7.3058,-0.43676,23.463,5.7078,-13.663,-15.831,-19.318
-6.6809,-8.9107,2.5015,3.5612,-4.3047,-6.1013,0.63011,27.42,7.2021,-12.74,-15.085,-19.204
-6.4358,-8.0956,4.0187,2.646,-5.1095,-5.1697,1.5272,31.19,8.5865,-11.989,-13.943,-18.612
-6.9253,-7.5524,5.7135,2.2051,-6.3788,-4.4208,2.3525,34.774,9.8629,-11.383,-12.331,-17.516
-7.8985,-7.1496,7.4466,2.1657,-7.8331,-3.7273,3.2208,38.22,11.031,-10.906,-10.319,-15.956
-8.9268,-6.7764,8.9637,2.3514,-9.0846,-3.0124,4.2312,41.623,12.108,-10.537,-8.0931,-14.052
-9.557,-6.3937,9.9497,2.5587,-9.7451,-2.3033,5.4521,45.114,13.137,-10.231,-5.8847,-12.011
-9.4662,-6.0532,10.14,2.6435,-9.5405,-1.7273,6.9181,48.817,14.176,-9.9248,-3.8987,-10.089
-8.5776,-5.8723,9.4318,2.5817,-8.4081,-1.4521,8.6241,52.809,15.27,-9.5625,-2.2642,-8.5288
-7.1196,-5.9643,7.9373,2.4639,-6.5589,-1.5944,10.52,57.078,16.423,-9.1391,-1.0332,-7.51
-5.5759,-6.3606,5.9885,2.439,-4.4747,-2.1453,12.517,61.525,17.595,-8.7081,-0.18818,-7.0918
-4.5401,-6.9771,4.1064,2.6557,-2.8187,-2.9519,14.51,66.013,18.726,-8.3504,0.35922,-7.1558
-4.5577,-7.6489,2.8879,3.2314,-2.2552,-3.7699,16.411,70.419,19.771,-8.1252,0.75633,-7.4194
-5.9273,-8.2127,2.7717,4.2195,-3.1701,-4.3764,18.165,74.679,20.725,-8.0365,1.1655,-7.5482
-8.5162,-8.5863,3.7895,5.561,-5.4349,-4.6868,19.737,78.782,21.602,-8.0433,1.6998,-7.3053
-11.753,-8.79,5.5079,7.0562,-8.4122,-4.7962,21.093,82.747,22.422,-8.1051,2.3761,-6.656
-14.781,-8.8998,7.2089,8.3888,-11.169,-4.9062,22.19,86.591,23.196,-8.2239,3.1068,-5.7731
-16.701,-8.9677,8.1903,9.2014,-12.804,-5.1817,22.99,90.315,23.928,-8.444,3.7225,-4.9479
-16.883,-8.9704,8.0419,9.2011,-12.772,-5.6355,23.493,93.906,24.625,-8.812,4.0204,-4.4565
-46.486,-17.832,33.946,30.538,-40.167,4.2,57.864,111.56,47.768,3.7986,13.118,6.9668
-30.174,-14.597,20.876,20.838,-25.439,-0.5943,58.906,113.48,45.139,1.5074,17.713,5.783
-7.0708,-8.6255,3.7526,6.196,-5.321,-6.0593,57.803,113.92,41.248,-4.9356,18.609,1.1055
15.852,-0.61405,-11.152,-9.485,13.617,-9.4239,55.608,113.81,37.76,-13.468,16.665,-4.097
31.989,7.8956,-18.772,-22.01,25.574,-8.934,53.316,114.17,36.264,-21.155,13.366,-7.1805
37.981,14.877,-17.776,-28.574,28.21,-4.9517,51.305,115.44,37.358,-25.729,9.7185,-7.3415
34.449,18.549,-10.565,-28.528,23.011,0.39748,49.273,117.36,40.398,-26.562,5.7155,-5.8353
24.593,18.148,-1.1039,-23.069,13.521,4.7095,46.629,119.34,44.043,-24.541,0.69056,-4.8633
12.033,14.252,7.5667,-14.328,3.0467,6.7439,43.038,120.93,47.182,-21.139,-5.8269,-5.9624
-0.69749,8.488,14.539,-4.4622,-6.6894,6.9069,38.722,122.11,49.575,-17.475,-13.46,-8.97
