-135.95,-295.34,-125.61,220.29,-19.843,-210.45,-196.79,-266.15,-266.15,-249.86,-211.54,-348.55
-133.33,-295.67,-128.74,219.07,-16.939,-212.21,-195.58,-265.4,-265.8,-250.22,-212.26,-345.8
-128.16,-294.65,-133.08,215.9,-12.146,-213.89,-189.95,-260.39,-261.06,-248.94,-211.82,-342.52
-118.89,-290.83,-138.72,209.28,-4.6405,-214.81,-176.75,-247.91,-248.57,-244.44,-208.97,-337.88
-105.6,-283.08,-144.44,198.68,4.9319,-213.8,-155.17,-226.98,-227.16,-235.71,-202.74,-330.95
-89.927,-270.62,-147.84,184.54,14.536,-209.27,-126.91,-198.89,-198.01,-222.38,-192.59,-320.82
-74.315,-253.09,-146.11,167.9,21.528,-199.65,-95.403,-166.58,-164.04,-204.8,-178.49,-306.78
-60.974,-230.8,-137.35,150.01,23.83,-184.18,-64.574,-133.52,-129,-183.95,-161.1,-288.78
-51.027,-205.03,-121.7,132.08,20.929,-163.59,-37.738,-102.83,-96.492,-161.39,-141.81,-267.66
-44.278,-178.03,-101.64,115.13,14.136,-140.26,-16.913,-76.799,-69.378,-139.19,-122.61,-245.17
-39.637,-152.57,-81.012,100.01,5.9415,-117.48,-2.6934,-56.761,-49.347,-119.52,-105.58,-223.56
-30.325,-101.05,-52.854,69.951,-0.78111,-76.41,-9.1775,-55.494,-54.145,-93.142,-81.507,-189.79
-27.683,-96.291,-50.987,64.903,-0.75689,-73.635,-4.4807,-54.638,-53.579,-84.634,-74.975,-174.48
-25.082,-92.089,-49.781,60.475,-0.71992,-71.135,-3.5095,-54.82,-53.912,-77.653,-69.203,-159.56
-22.607,-88.281,-48.953,56.639,-0.71085,-68.756,-3.5305,-53.148,-52.098,-72.352,-64.176,-145.41
-20.38,-84.717,-48.016,53.326,-0.77576,-66.328,-2.1473,-48.429,-47.016,-68.337,-59.78,-132.39
-18.486,-81.322,-46.52,50.47,-0.9686,-63.75,0.44884,-42.368,-40.662,-64.969,-55.883,-120.76
-16.931,-78.115,-44.325,48.02,-1.3294,-61.054,3.2801,-36.486,-34.681,-61.823,-52.406,-110.57
-15.663,-75.164,-41.641,45.929,-1.8234,-58.381,5.6985,-31.487,-29.801,-58.806,-49.311,-101.75
-14.597,-72.531,-38.85,44.141,-2.326,-55.901,7.463,-27.63,-26.229,-56.002,-46.58,-94.102
-13.642,-70.236,-36.302,42.589,-2.6901,-53.736,8.5992,-24.854,-23.813,-53.501,-44.178,-87.382
-12.72,-68.24,-34.213,41.198,-2.8287,-51.924,9.2567,-22.926,-22.234,-51.331,-42.049,-81.361
-11.773,-66.463,-32.626,39.891,-2.7383,-50.419,9.6093,-21.563,-21.155,-49.443,-40.119,-75.838
-10.762,-64.805,-31.454,38.598,-2.4697,-49.127,9.7991,-20.515,-20.298,-47.736,-38.31,-70.65
-9.6697,-63.172,-30.547,37.263,-2.0924,-47.943,9.913,-19.584,-19.465,-46.092,-36.554,-65.679
-8.4938,-61.49,-29.751,35.851,-1.6758,-46.772,9.9819,-18.637,-18.538,-44.404,-34.79,-60.85
-7.2541,-59.711,-28.934,34.346,-1.2831,-45.544,9.994,-17.59,-17.459,-42.601,-32.969,-56.123
-5.9889,-57.811,-27.982,32.754,-0.96768,-44.208,9.9174,-16.398,-16.211,-40.651,-31.053,-51.492
-4.7493,-55.785,-26.803,31.098,-0.76974,-42.727,9.7229,-15.034,-14.795,-38.558,-29.01,-46.97
-3.5849,-53.635,-25.331,29.403,-0.71276,-41.079,9.4013,-13.493,-13.225,-36.346,-26.827,-42.58
-2.5281,-51.369,-23.532,27.69,-0.80164,-39.256,8.969,-11.783,-11.527,-34.049,-24.506,-38.335
-1.5828,-48.992,-21.416,25.965,-1.023,-37.264,8.4616,-9.9356,-9.7342,-31.694,-22.066,-34.231
-0.7239,-46.503,-19.035,24.217,-1.3479,-35.121,7.9211,-7.997,-7.8831,-29.294,-19.533,-30.241
0.09243,-43.897,-16.474,22.418,-1.7359,-32.854,7.3818,-6.0208,-6.0092,-26.853,-16.932,-26.321
0.91489,-41.163,-13.832,20.536,-2.1415,-30.489,6.8602,-4.0545,-4.1411,-24.358,-14.278,-22.419
1.7856,-38.291,-11.194,18.54,-2.5229,-28.049,6.3512,-2.1289,-2.2968,-21.787,-11.572,-18.489
2.7341,-35.27,-8.6228,16.407,-2.8521,-25.543,5.8289,-0.25538,-0.48413,-19.111,-8.8003,-14.494
3.7769,-32.089,-6.1485,14.124,-3.1192,-22.971,5.2534,1.5679,1.2953,-16.296,-5.9325,-10.412
4.9206,-28.738,-3.779,11.69,-3.328,-20.325,4.5807,3.3468,3.0414,-13.315,-2.9297,-6.2399
6.1691,-25.201,-1.5069,9.1033,-3.4823,-17.59,3.7754,5.0854,4.7525,-10.147,0.24943,-1.9789
7.5312,-21.457,0.68408,6.3632,-3.5758,-14.743,2.8203,6.7847,6.4267,-6.7811,3.6445,2.3711
9.0273,-17.473,2.817,3.4598,-3.5911,-11.758,1.7208,8.445,8.0638,-3.2108,7.2928,6.8284
10.69,-13.209,4.9214,0.37812,-3.5099,-8.5982,0.50173,10.068,9.6666,0.56669,11.232,11.439
12.561,-8.6258,7.0295,-2.8984,-3.3219,-5.2256,-0.80242,11.657,11.238,4.5585,15.503,16.282
14.693,-3.6919,9.1679,-6.3824,-3.0282,-1.6058,-2.1587,13.209,12.78,8.7844,20.15,21.464
17.143,1.6071,11.349,-10.081,-2.6413,2.2852,-3.5427,14.72,14.285,13.287,25.227,27.112
19.973,7.2687,13.563,-13.996,-2.1814,6.4569,-4.94,16.178,15.742,18.143,30.792,33.348
23.249,13.274,15.78,-18.127,-1.6656,10.903,-6.3447,17.566,17.137,23.472,36.913,40.275
27.031,19.594,17.959,-22.477,-1.0963,15.603,-7.7583,18.873,18.46,29.432,43.672,47.952
31.379,26.195,20.057,-27.061,-0.46058,20.525,-9.1894,20.096,19.706,36.208,51.155,56.38
36.337,33.042,22.049,-31.909,0.25714,25.63,-10.652,21.241,20.88,43.971,59.436,65.488
41.917,40.11,23.927,-37.073,1.0606,30.874,-12.165,22.321,21.99,52.819,68.533,75.144
48.077,47.382,25.707,-42.622,1.9376,36.217,-13.75,23.358,23.042,62.717,78.367,85.175
54.707,54.856,27.409,-48.645,2.8673,41.615,-15.44,24.37,24.042,73.452,88.744,95.406
61.646,62.548,29.054,-55.231,3.83,47.027,-17.279,25.372,24.986,84.673,99.395,105.69
68.73,70.495,30.656,-62.458,4.8162,52.411,-19.332,26.362,25.87,95.995,110.06,115.94
75.85,78.753,32.211,-70.375,5.8348,57.733,-21.694,27.324,26.685,107.13,120.54,126.1
82.977,87.4,33.705,-78.994,6.9184,62.965,-24.485,28.23,27.42,117.93,130.78,136.17
90.145,96.523,35.118,-88.293,8.1291,68.088,-27.844,29.049,28.066,128.37,140.76,146.17
97.421,106.21,36.428,-98.203,9.5605,73.09,-31.898,29.756,28.616,138.52,150.53,156.11
104.86,116.51,37.623,-108.6,11.33,77.967,-36.72,30.341,29.067,148.41,160.14,166.01
112.51,127.39,38.695,-119.32,13.554,82.712,-42.299,30.803,29.423,158.11,169.65,175.84
120.34,138.71,39.644,-130.13,16.303,87.315,-48.531,31.149,29.687,167.63,179.08,185.53
128.34,150.22,40.469,-140.84,19.568,91.753,-55.25,31.376,29.855,176.96,188.45,194.96
136.45,161.58,41.172,-151.29,23.263,95.999,-62.266,31.472,29.911,186.01,197.76,204.02
144.62,172.48,41.754,-161.35,27.259,100.02,-69.401,31.405,29.825,194.63,206.98,212.6
152.78,182.66,42.218,-170.94,31.419,103.8,-76.522,31.138,29.557,202.67,216.04,220.66
160.9,191.97,42.57,-180,35.624,107.31,-83.561,30.629,29.067,209.97,224.86,228.26
168.91,200.34,42.816,-188.48,39.797,110.55,-90.517,29.843,28.319,216.46,233.37,235.58
176.78,207.76,42.96,-196.32,43.897,113.49,-97.435,28.754,27.288,222.1,241.45,242.9
184.45,214.26,43.009,-203.5,47.912,116.13,-104.38,27.345,25.958,226.94,249.02,250.64
191.87,219.9,42.969,-209.99,51.84,118.45,-111.39,25.605,24.319,231.04,255.99,259.26
198.98,224.76,42.845,-215.8,55.676,120.45,-118.5,23.531,22.37,234.5,262.29,269.21
205.7,228.94,42.643,-220.95,59.403,122.15,-125.67,21.119,20.108,237.39,267.91,280.7
211.95,232.54,42.366,-225.49,62.985,123.58,-132.81,18.369,17.531,239.8,272.85,293.57
217.68,235.65,42.024,-229.49,66.366,124.75,-139.8,15.283,14.634,241.77,277.15,307.23
222.85,238.35,41.627,-233.02,69.475,125.73,-146.52,11.869,11.413,243.38,280.88,320.97
227.44,240.71,41.191,-236.14,72.253,126.53,-152.87,8.1446,7.8751,244.67,284.14,334.17
231.48,242.77,40.734,-238.9,74.68,127.18,-158.83,4.1412,4.0359,245.68,286.98,346.51
235.05,244.54,40.274,-241.33,76.793,127.69,-164.46,-0.097156,-0.071579,246.43,289.46,357.86
238.23,246.01,39.821,-243.46,78.683,128.05,-169.91,-4.5132,-4.3974,246.93,291.6,368.2
241.14,247.14,39.381,-245.29,80.482,128.25,-175.39,-9.0368,-8.8719,247.15,293.36,377.53
243.91,247.9,38.949,-246.81,82.331,128.24,-181.14,-13.581,-13.402,247.04,294.68,385.84
246.55,248.22,38.522,-247.98,84.348,127.98,-187.34,-18.033,-17.862,246.52,295.47,393.09
248.94,248.05,38.095,-248.73,86.549,127.45,-193.91,-22.244,-22.091,245.49,295.59,399.24
250.72,247.27,37.672,-248.91,88.761,126.62,-200.25,-26.035,-25.896,243.84,294.87,404.26
251.3,245.81,37.259,-248.33,90.578,125.46,-205.17,-29.217,-29.083,241.45,293.09,408.05
250.03,243.54,36.864,-246.76,91.459,123.95,-207.31,-31.631,-31.491,238.17,289.99,410.51
246.44,240.33,36.499,-243.94,90.945,122.07,-205.78,-33.183,-33.026,233.84,285.27,411.5
240.33,236.06,36.173,-239.62,88.786,119.83,-200.29,-33.848,-33.666,228.3,278.63,410.85
231.77,230.58,35.898,-233.62,84.926,117.19,-190.85,-33.656,-33.443,221.43,269.87,408.42
220.95,223.76,35.683,-225.79,79.44,114.18,-177.45,-32.674,-32.429,213.18,258.99,404.07
208.17,215.44,35.532,-216.1,72.502,110.8,-160.24,-30.992,-30.714,203.61,246.21,397.72
193.79,205.51,35.449,-204.65,64.381,107.08,-139.95,-28.706,-28.4,192.92,231.97,389.36
178.28,193.95,35.433,-191.67,55.433,103.03,-117.86,-25.912,-25.588,181.38,216.77,379
162.14,180.85,35.485,-177.47,46.074,98.697,-95.249,-22.703,-22.372,169.28,201.04,366.68
145.83,166.44,35.599,-162.36,36.736,94.095,-72.93,-19.168,-18.842,156.87,185.09,352.47
129.74,151.14,35.767,-146.59,27.81,89.248,-51.372,-15.394,-15.084,144.31,169.08,336.57
114.09,135.46,35.964,-130.34,19.576,84.167,-30.914,-11.47,-11.183,131.65,153.06,319.43
99.021,119.95,36.154,-113.76,12.191,78.846,-11.833,-7.488,-7.2286,118.84,137.03,301.84
84.585,105.11,36.29,-97.167,5.7189,73.274,5.6364,-3.5384,-3.3086,105.75,120.96,284.75
70.762,91.243,36.321,-81.143,0.17937,67.442,21.218,0.29275,0.49315,92.332,104.8,269.04
57.469,78.436,36.203,-66.435,-4.4734,61.356,34.457,3.9296,4.1021,78.722,88.616,255.17
44.623,66.585,35.904,-53.568,-8.3789,55.049,44.667,7.3112,7.4577,65.347,72.714,243.12
32.376,55.48,35.407,-42.567,-11.686,48.58,51.563,10.395,10.517,52.851,57.713,232.51
21.328,44.917,34.709,-33.066,-14.468,42.03,56.037,13.156,13.257,41.813,44.331,222.82
12.196,34.776,33.812,-24.618,-16.753,35.492,59.385,15.583,15.664,32.484,32.987,213.55
5.185,25.032,32.722,-16.911,-18.59,29.06,62.214,17.675,17.739,24.762,23.617,204.35
-0.052867,15.739,31.444,-9.8084,-20.043,22.815,64.502,19.436,19.487,18.348,15.842,195.05
-4.0217,6.9878,29.978,-3.3,-21.179,16.823,66.061,20.878,20.916,12.924,9.2345,185.62
-7.1344,-1.1237,28.326,2.5745,-22.05,11.133,66.794,22.017,22.047,8.2428,3.4799,176.17
-9.6747,-8.5193,26.494,7.7819,-22.689,5.7777,66.757,22.884,22.905,4.1365,-1.6084,166.88
-11.825,-15.159,24.505,12.325,-23.112,0.78223,66.101,23.514,23.53,0.50169,-6.1275,157.93
-13.696,-21.038,22.393,16.243,-23.331,-3.8347,64.989,23.95,23.96,-2.728,-10.132,149.47
-15.341,-26.184,20.201,19.591,-23.359,-8.0569,63.544,24.229,24.234,-5.6014,-13.667,141.55
-16.776,-30.637,17.976,22.425,-23.222,-11.873,61.842,24.375,24.375,-8.162,-16.782,134.16
-17.991,-34.441,15.757,24.786,-22.955,-15.277,59.926,24.401,24.399,-10.454,-19.537,127.21
-18.967,-37.642,13.577,26.708,-22.595,-18.271,57.83,24.313,24.312,-12.522,-21.992,120.62
-19.695,-40.283,11.469,28.224,-22.183,-20.861,55.585,24.115,24.122,-14.407,-24.194,114.26
-20.187,-42.408,9.4738,29.37,-21.758,-23.053,53.237,23.823,23.846,-16.141,-26.179,108.08
-20.479,-44.065,7.6414,30.198,-21.352,-24.859,50.837,23.459,23.508,-17.742,-27.96,102.02
-20.622,-45.309,6.0241,30.764,-20.992,-26.296,48.438,23.058,23.136,-19.215,-29.545,96.038
-20.678,-46.205,4.6652,31.134,-20.697,-27.396,46.089,22.651,22.757,-20.555,-30.935,90.069
-20.701,-46.826,3.588,31.372,-20.482,-28.204,43.832,22.268,22.394,-21.75,-32.137,84.029
-20.738,-47.244,2.7915,31.536,-20.351,-28.773,41.695,21.934,22.066,-22.787,-33.167,77.817
-20.808,-47.524,2.2494,31.67,-20.299,-29.164,39.699,21.668,21.791,-23.654,-34.043,71.349
-20.907,-47.713,1.9121,31.794,-20.308,-29.431,37.861,21.486,21.586,-24.349,-34.783,64.599
-21.005,-47.84,1.7131,31.908,-20.347,-29.625,36.187,21.404,21.47,-24.88,-35.397,57.615
-21.061,-47.92,1.5837,31.997,-20.383,-29.782,34.671,21.437,21.462,-25.264,-35.882,50.502
-21.041,-47.948,1.4752,32.039,-20.396,-29.918,33.291,21.598,21.581,-25.526,-36.23,43.373
-20.926,-47.908,1.3784,32.01,-20.382,-30.018,32.014,21.901,21.839,-25.695,-36.432,36.314
-20.719,-47.76,1.3319,31.884,-20.356,-30.04,30.808,22.35,22.241,-25.792,-36.488,29.351
-20.434,-47.449,1.412,31.635,-20.339,-29.918,29.652,22.949,22.788,-25.83,-36.404,22.47
-20.086,-46.908,1.7084,31.233,-20.351,-29.579,28.554,23.699,23.482,-25.799,-36.195,15.635
-19.68,-46.071,2.2948,30.647,-20.403,-28.956,27.55,24.614,24.332,-25.67,-35.872,8.828
-19.204,-44.886,3.204,29.848,-20.499,-28.008,26.712,25.716,25.362,-25.396,-35.445,2.0687
-18.642,-43.336,4.4187,28.824,-20.639,-26.725,26.138,27.031,26.597,-24.929,-34.917,-4.5721
-17.985,-41.442,5.8834,27.583,-20.815,-25.133,25.936,28.58,28.06,-24.23,-34.286,-10.987
-17.241,-39.258,7.5281,26.159,-21.022,-23.284,26.202,30.364,29.761,-23.286,-33.553,-17.056
-16.44,-36.857,9.2918,24.603,-21.26,-21.234,26.997,32.365,31.69,-22.113,-32.721,-22.682
-15.622,-34.309,11.137,22.974,-21.537,-19.029,28.349,34.548,33.82,-20.75,-31.8,-27.803
-14.829,-31.66,13.054,21.315,-21.869,-16.688,30.259,36.869,36.116,-19.249,-30.812,-32.386
-14.086,-28.915,15.057,19.647,-22.273,-14.191,32.72,39.291,38.541,-17.662,-29.784,-36.421
-13.402,-26.031,17.172,17.957,-22.764,-11.484,35.717,41.785,41.063,-16.028,-28.743,-39.899
-12.757,-22.933,19.424,16.205,-23.344,-8.4957,39.219,44.337,43.652,-14.374,-27.708,-42.814
-12.116,-19.533,21.818,14.336,-24.003,-5.1566,43.164,46.935,46.285,-12.717,-26.677,-45.164
-11.435,-15.758,24.331,12.292,-24.712,-1.4269,47.45,49.566,48.934,-11.066,-25.623,-46.957
-10.676,-11.574,26.92,10.035,-25.431,2.6916,51.942,52.201,51.569,-9.4314,-24.496,-48.22
-9.819,-6.9933,29.535,7.5513,-26.122,7.1575,56.486,54.799,54.153,-7.8272,-23.227,-49
-8.8707,-2.0751,32.135,4.8631,-26.763,11.903,60.928,57.304,56.641,-6.2768,-21.741,-49.358
-7.8686,3.0767,34.685,2.034,-27.357,16.846,65.132,59.647,58.979,-4.8081,-19.973,-49.363
-6.8721,8.3274,37.157,-0.84011,-27.921,21.899,68.982,61.765,61.109,-3.446,-17.882,-49.072
-5.9487,13.531,39.522,-3.6493,-28.474,26.97,72.382,63.6,62.978,-2.2065,-15.464,-48.526
-5.1547,18.555,41.748,-6.2947,-29.024,31.964,75.25,65.113,64.543,-1.096,-12.747,-47.745
-4.5191,23.292,43.805,-8.7072,-29.569,36.779,77.527,66.276,65.779,-0.11808,-9.7905,-46.742
-4.0382,27.665,45.671,-10.853,-30.104,41.323,79.182,67.077,66.675,0.71774,-6.67,-45.53
-3.6814,31.626,47.342,-12.728,-30.624,45.513,80.222,67.51,67.232,1.3907,-3.4682,-44.12
-3.403,35.15,48.824,-14.352,-31.115,49.297,80.694,67.588,67.459,1.8714,-0.26309,-42.531
-3.1501,38.238,50.127,-15.763,-31.55,52.643,80.669,67.33,67.365,2.1312,2.8784,-40.783
-2.8673,40.909,51.258,-17.012,-31.895,55.538,80.214,66.762,66.954,2.1537,5.8993,-38.903
-2.5002,43.181,52.213,-18.154,-32.134,57.96,79.376,65.902,66.221,1.941,8.7477,-36.929
-2.003,45.056,52.984,-19.226,-32.272,59.867,78.171,64.748,65.152,1.5121,11.374,-34.918
-1.3514,46.502,53.562,-20.231,-32.348,61.189,76.589,63.277,63.725,0.89509,13.735,-32.944
-0.5561,47.451,53.936,-21.125,-32.422,61.831,74.616,61.459,61.928,0.11722,15.798,-31.097
0.3279,47.804,54.084,-21.818,-32.537,61.687,72.258,59.279,59.773,-0.80164,17.548,-29.463
1.2047,47.448,53.954,-22.2,-32.652,60.667,69.543,56.755,57.304,-1.8533,18.98,-28.117
1.9539,46.282,53.46,-22.156,-32.599,58.714,66.522,53.939,54.587,-3.0419,20.09,-27.109
2.4578,44.23,52.487,-21.592,-32.13,55.831,63.246,50.903,51.688,-4.3813,20.866,-26.466
2.632,41.259,50.926,-20.448,-31.033,52.075,59.752,47.719,48.659,-5.8877,21.293,-26.199
2.4465,37.372,48.715,-18.7,-29.243,47.547,56.063,44.453,45.534,-7.5713,21.365,-26.306
1.9266,32.609,45.854,-16.358,-26.883,42.359,52.195,41.152,42.328,-9.4313,21.083,-26.781
1.1314,27.042,42.396,-13.462,-24.212,36.612,48.183,37.844,39.052,-11.459,20.45,-27.622
0.12328,20.773,38.416,-10.081,-21.519,30.382,44.08,34.536,35.703,-13.644,19.447,-28.835
-1.0537,13.931,33.979,-6.3122,-19.065,23.731,39.96,31.217,32.272,-15.989,18.039,-30.439
-2.3823,6.6601,29.139,-2.2617,-17.048,16.724,35.888,27.859,28.738,-18.505,16.204,-32.459
-3.8689,-0.89782,23.947,1.9694,-15.572,9.4406,31.905,24.429,25.069,-21.21,13.954,-34.913
-5.5343,-8.6098,18.472,6.3018,-14.612,1.9941,28.013,20.889,21.236,-24.115,11.338,-37.802
-7.3983,-16.352,12.795,10.68,-14.008,-5.4774,24.18,17.2,17.206,-27.208,8.4241,-41.104
-9.4629,-24.005,6.9848,15.062,-13.53,-12.819,20.371,13.323,12.956,-30.447,5.2843,-44.769
-11.703,-31.443,1.0793,19.412,-12.996,-19.872,16.58,9.2223,8.4714,-33.762,1.9836,-48.725
-14.069,-38.542,-4.8687,23.687,-12.373,-26.489,12.865,4.868,3.7483,-37.066,-1.4199,-52.885
-16.496,-45.189,-10.704,27.831,-11.768,-32.545,9.3512,0.2507,-1.1975,-40.277,-4.8732,-57.154
-18.917,-51.286,-16.149,31.78,-11.333,-37.948,6.1837,-4.6044,-6.3205,-43.327,-8.3285,-61.442
-21.27,-56.771,-20.924,35.465,-11.154,-42.66,3.4715,-9.6251,-11.536,-46.18,-11.744,-65.675
-23.5,-61.617,-24.885,38.825,-11.22,-46.693,1.2452,-14.696,-16.725,-48.822,-15.089,-69.8
-25.565,-65.833,-28.057,41.821,-11.451,-50.103,-0.541,-19.688,-21.764,-51.261,-18.341,-73.789
-27.435,-69.462,-30.584,44.44,-11.744,-52.978,-1.9779,-24.487,-26.555,-53.512,-21.483,-77.633
-29.087,-72.572,-32.656,46.697,-12.006,-55.423,-3.1662,-29.016,-31.033,-55.589,-24.492,-81.327
-30.502,-75.244,-34.463,48.624,-12.169,-57.547,-4.1919,-33.224,-35.157,-57.496,-27.336,-84.87
-31.67,-77.562,-36.162,50.26,-12.203,-59.449,-5.1169,-37.082,-38.901,-59.236,-29.983,-88.255
-32.59,-79.59,-37.853,51.642,-12.112,-61.199,-5.9811,-40.577,-42.253,-60.81,-32.412,-91.484
-33.281,-81.368,-39.565,52.801,-11.921,-62.828,-6.8082,-43.719,-45.221,-62.229,-34.63,-94.574
-33.775,-82.91,-41.259,53.762,-11.653,-64.331,-7.6082,-46.531,-47.825,-63.504,-36.662,-97.569
-34.114,-84.222,-42.863,54.55,-11.326,-65.683,-8.375,-49.035,-50.086,-64.642,-38.537,-100.54
-34.349,-85.318,-44.309,55.193,-10.953,-66.859,-9.0825,-51.235,-52.009,-65.644,-40.262,-103.55
-34.528,-86.225,-45.561,55.727,-10.555,-67.854,-9.6884,-53.113,-53.588,-66.5,-41.823,-106.7
-34.694,-86.993,-46.618,56.191,-10.152,-68.687,-10.145,-54.648,-54.818,-67.2,-43.185,-110.04
-34.876,-87.678,-47.513,56.622,-9.7567,-69.393,-10.417,-55.838,-55.71,-67.741,-44.314,-113.6
-35.084,-88.341,-48.302,57.047,-9.3608,-70.021,-10.494,-56.71,-56.311,-68.139,-45.2,-117.41
-35.304,-89.037,-49.056,57.483,-8.9315,-70.631,-10.398,-57.332,-56.702,-68.422,-45.866,-121.51
-35.51,-89.813,-49.857,57.935,-8.4179,-71.287,-10.182,-57.793,-56.992,-68.632,-46.376,-125.92
-35.671,-90.702,-50.779,58.408,-7.7691,-72.045,-9.9098,-58.193,-57.287,-68.82,-46.816,-130.72
-35.773,-91.72,-51.859,58.908,-6.9609,-72.945,-9.6323,-58.607,-57.665,-69.037,-47.287,-135.94
-35.835,-92.872,-53.08,59.451,-6.0195,-73.995,-9.3423,-59.062,-58.145,-69.336,-47.891,-141.64
-35.919,-94.152,-54.376,60.067,-5.0269,-75.171,-8.9326,-59.507,-58.67,-69.758,-48.714,-147.83
-36.122,-95.549,-55.654,60.798,-4.1036,-76.426,-8.1755,-59.823,-59.111,-70.327,-49.822,-154.53
-36.552,-97.055,-56.827,61.69,-3.3714,-77.706,-6.7287,-59.837,-59.282,-71.041,-51.258,-161.73
-37.279,-98.651,-57.84,62.763,-2.9079,-78.964,-4.1471,-59.339,-58.961,-71.871,-53.027,-169.33
-38.266,-100.3,-58.681,63.985,-2.7065,-80.163,-0.071544,-58.095,-57.894,-72.758,-55.089,-177.18
-39.339,-101.92,-59.392,65.252,-2.6482,-81.277,3.7244,-55.852,-55.798,-73.605,-57.332,-185.01
-40.209,-103.41,-60.069,66.38,-2.4867,-82.288,-1.8165,-52.434,-52.452,-74.28,-59.558,-192.5
-40.53,-104.6,-60.84,67.133,-1.8598,-83.17,-14.785,-48.237,-48.248,-74.602,-61.475,-199.33
-39.96,-105.3,-61.806,67.252,-0.38399,-83.867,-19.135,-45.96,-46.123,-74.32,-62.696,-205.28
-38.244,-105.27,-62.948,66.493,2.183,-84.253,-15.025,-53.168,-54.171,-73.093,-62.756,-210.2
-36.037,-104.23,-64.034,64.787,5.9007,-84.088,-2.5915,-66.883,-68.244,-70.57,-61.194,-213.95
-40.937,-102.18,-64.593,63.192,7.6402,-83.014,20.245,-65.809,-66.927,-67.832,-58.253,-216.26
-65.397,-101.87,-64.098,69.617,3.4879,-81.001,54.536,-55.764,-56.674,-79.614,-61.11,-216.93
-82.851,-124.98,-63.44,105.15,-1.7217,-83.77,98.811,-40.082,-40.761,-109.37,-105.27,-221.18
-93.819,-176.2,-77.481,131.04,-7.6834,-121.77,148.72,-18.95,-19.436,-118.56,-131.39,-247.29
-98.371,-184.37,-78.651,136.66,-17.276,-133.03,198.43,7.6087,7.2322,-123.06,-142.65,-267.46
-91.638,-179.69,-79.688,131.6,-13.587,-130.58,243.26,40.169,39.725,-120.32,-147.06,-274.63
-68.925,-164.06,-87.404,112.78,2.6869,-126.11,281.44,80.093,79.462,-105.99,-139.82,-270.84
-27.464,-134.68,-101.21,77.363,31.702,-118.02,313.34,129.91,129.25,-75.444,-116.01,-251.8
31.952,-87.444,-115.41,24.133,69.063,-101.41,342.04,192.73,192.13,-24.08,-70.699,-213.5
104.36,-17.149,-118.41,-46.713,105.55,-67.819,374.06,269.8,269.07,52.467,0.48587,-152.79
181.59,82.79,-94.586,-134.63,130.2,-6.3078,415.82,361.71,360.92,157.78,101.12,-66.354
254.3,219.81,-27.607,-239.23,131.32,94.825,470.04,470.52,469.85,294.48,234.38,51.507
314.62,399.08,95.053,-359.24,98.513,244.63,533.8,596.99,596.47,463.88,402.25,206.21
357.61,618.65,276.3,-490.71,27.348,443.91,599.01,739.02,738.42,665.35,603.13,396.82
380.64,866.28,505.36,-626.29,-77.85,681.2,655.17,892.38,891.49,894.17,829.37,613.78
384.17,1119.9,757.91,-755.35,-203.97,933.47,692.34,1051.6,1050.3,1140.5,1066.8,840.95
372.85,1349.8,999.97,-865.11,-331.54,1168.9,702.65,1208.6,1206.9,1389,1295.4,1057.1
353.35,1524.3,1194.2,-942.67,-438.96,1352.8,681.72,1350.4,1348.5,1618.7,1491.3,1237.8
331.59,1616.3,1308,-977.5,-507.13,1455.5,629.71,1459.2,1457.7,1803.7,1629.6,1359.2
310.25,1610.7,1322.6,-963.83,-524.57,1460.1,551.48,1515.5,1514.4,1916.3,1688.2,1402.3
286.75,1509.6,1242,-901.76,-493.76,1369.5,456.98,1501.3,1500.4,1931.8,1653.4,1358.5
253.32,1332.1,1093.6,-797.03,-433.31,1206.9,360.22,1404.8,1403.5,1835.5,1523.8,1232
200.02,1108.1,918.32,-659.41,-369.94,1007.5,274.85,1226.1,1224,1628.3,1311.6,1039.9
120.08,869.84,755.74,-501.32,-327.16,807.38,208.29,979.67,976.82,1330,1041.4,807.66
15.108,644.44,631.79,-336.91,-316.99,633.25,158.61,693.04,689.87,977.83,746.15,564.85
-102.99,449.81,552.78,-180.9,-336.51,497.24,116.68,400.82,398.01,619.14,461.53,339.51
-215.44,293.04,507.01,-45.688,-370.17,396.89,71.351,136.67,134.87,299.81,217.74,153.55
-303.62,170.54,472.69,62.35,-397.43,319.53,14.339,-75.119,-75.494,51.13,32.223,17.761
-355.56,71.675,428.44,140.75,-401.22,249.28,-56.078,-224.99,-224.07,-118.85,-94.991,-71.346
-368.65,-14.898,361.28,190.18,-373.83,174.06,-133.84,-317.7,-316.08,-216.24,-168.9,-125.97
-348.29,-94.067,269.01,216.01,-317.26,89.561,-207.02,-365.81,-364.22,-255.69,-202.58,-158.04
-304.3,-162.57,160.28,224.73,-240.24,-0.62739,-261.97,-381.94,-380.93,-263.58,-213.48,-175.64
-247.39,-215.1,48.947,221.54,-155.72,-85.957,-289.59,-374.68,-374.5,-257.53,-213.51,-183.84
-187.84,-249.59,-52.131,209.8,-77.177,-154.36,-289.82,-350.56,-350.97,-246.42,-208.95,-185.89
-133.75,-264.08,-126.73,183.03,-13.73,-199.6,-268.89,-319.43,-319.79,-233.64,-202.39,-177.93
-88.824,-229.36,-170.6,132.53,31.99,-220.45,-234.66,-287.11,-287.03,-219.56,-193.25,-121.21
-54.976,-158.5,-189.58,104.86,60.21,-216.01,-193.78,-249.61,-249.4,-201.04,-150.39,-100.11
-33.502,-126.35,-188.64,91.515,71.95,-180.11,-151.58,-202.55,-202.78,-163.54,-115.09,-96.781
-21.903,-114.24,-172.36,81.784,70,-129.82,-114.04,-154.9,-155.51,-129.94,-101.15,-93.573
-16.396,-107.1,-145.98,73.636,58.399,-99.211,-82.564,-120.55,-121.08,-111.94,-91.258,-88.887
-14.915,-101.05,-114,66.421,41.612,-86.354,-55.092,-96.654,-97.014,-99.332,-82.783,-83.254
-16.506,-95.478,-79.465,59.971,24.123,-80.113,-35.45,-78.929,-79.143,-88.431,-75.177,-77.299
-19.554,-90.455,-59.682,54.355,9.9164,-75.868,-24.736,-66.655,-66.636,-78.993,-68.484,-71.442
-17.177,-85.98,-51.489,49.609,4.504,-72.626,-20.002,-60.265,-59.904,-71.738,-62.802,-65.92
-13.694,-81.905,-48.551,45.649,5.3777,-70.158,-18.847,-59.034,-58.372,-66.73,-58.052,-60.847
-11.235,-78.059,-49.031,42.349,6.1147,-68.055,-19.506,-61.282,-60.568,-63.059,-54.025,-56.27
-9.666,-74.377,-50.795,39.611,6.758,-65.826,-19.281,-63.375,-63.002,-59.863,-50.519,-52.193
-8.6605,-70.945,-51.857,37.363,7.3117,-63.247,-17.497,-62.539,-62.41,-56.777,-47.421,-48.601
-7.967,-67.911,-51.091,35.546,7.3931,-60.487,-15.68,-60.36,-60.273,-53.772,-44.704,-45.466
-7.4155,-65.386,-49.074,34.087,7.0111,-57.891,-14.186,-58.04,-57.906,-50.962,-42.388,-42.764
-6.8934,-63.387,-46.84,32.901,6.5112,-55.72,-13.112,-55.997,-55.77,-48.491,-40.497,-40.463
-6.3316,-61.839,-44.937,31.895,6.1033,-54.06,-12.478,-54.366,-54.006,-46.466,-39.018,-38.521
-5.6992,-60.594,-43.517,30.975,5.8454,-52.831,-12.202,-53.119,-52.588,-44.92,-37.897,-36.866
-4.9983,-59.474,-42.487,30.059,5.7174,-51.854,-12.143,-52.13,-51.388,-43.799,-37.033,-35.398
-4.2516,-58.324,-41.634,29.084,5.6706,-50.932,-12.161,-51.226,-50.244,-42.977,-36.297,-33.99
-3.4835,-57.041,-40.754,28.017,5.656,-49.921,-12.15,-50.24,-48.995,-42.28,-35.557,-32.498
-2.7142,-55.591,-39.727,26.847,5.6359,-48.755,-12.048,-49.032,-47.511,-41.519,-34.705,-30.768
-1.9488,-53.993,-38.515,25.581,5.5878,-47.437,-11.836,-47.512,-45.711,-40.529,-33.675,-28.66
-1.1795,-52.293,-37.141,24.234,5.5036,-46.016,-11.53,-45.653,-43.575,-39.2,-32.448,-26.057
-0.39213,-50.533,-35.652,22.82,5.3854,-44.55,-11.178,-43.482,-41.145,-37.498,-31.04,-22.884
0.42492,-48.738,-34.096,21.348,5.2391,-43.072,-10.841,-41.069,-38.504,-35.455,-29.489,-19.11
1.2764,-46.903,-32.499,19.819,5.0706,-41.589,-10.583,-38.488,-35.745,-33.143,-27.835,-14.743
2.1603,-45.004,-30.863,18.229,4.8861,-40.08,-10.444,-35.787,-32.934,-30.643,-26.105,-9.8105
3.0707,-43.012,-29.173,16.574,4.6957,-38.514,-10.434,-32.983,-30.099,-28.022,-24.307,-4.3357
4.0015,-40.91,-27.409,14.847,4.5127,-36.868,-10.532,-30.068,-27.242,-25.321,-22.431,1.6703
4.9479,-38.687,-25.556,13.047,4.3488,-35.126,-10.697,-27.045,-24.359,-22.565,-20.451,8.2094
5.9069,-36.337,-23.597,11.171,4.2071,-33.276,-10.888,-23.948,-21.455,-19.766,-18.331,15.286
6.8764,-33.847,-21.502,9.2173,4.0767,-31.309,-11.074,-20.849,-18.555,-16.93,-16.029,22.901
7.8579,-31.2,-19.246,7.1818,3.9417,-29.212,-11.248,-17.83,-15.693,-14.057,-13.494,31.058
8.8607,-28.369,-16.821,5.0574,3.7888,-26.974,-11.417,-14.959,-12.9,-11.132,-10.677,39.772
9.9088,-25.327,-14.259,2.8288,3.6175,-24.591,-11.608,-12.261,-10.196,-8.134,-7.5386,49.082
11.042,-22.045,-11.628,0.47212,3.443,-22.064,-11.852,-9.7137,-7.5798,-5.032,-4.0512,59.053
12.312,-18.497,-9.0103,-2.0414,3.2902,-19.396,-12.174,-7.2575,-5.0349,-1.7945,-0.2011,69.761
13.773,-14.663,-6.473,-4.7365,3.1831,-16.588,-12.582,-4.8244,-2.5411,1.6118,4.0246,81.258
15.478,-10.537,-4.0554,-7.6253,3.1374,-13.636,-13.066,-2.3717,-0.090458,5.2209,8.6537,93.504
17.469,-6.1165,-1.7596,-10.705,3.1575,-10.534,-13.606,0.096801,2.3034,9.068,13.744,106.31
19.788,-1.4051,0.44736,-13.965,3.2379,-7.2612,-14.186,2.5378,4.6126,13.191,19.397,119.36
22.465,3.6019,2.6258,-17.392,3.3655,-3.7802,-14.798,4.8889,6.8039,17.643,25.753,132.23
25.525,8.9154,4.8466,-20.979,3.5234,-0.039622,-15.451,7.1035,8.8597,22.501,32.985,144.53
28.994,14.541,7.1667,-24.727,3.6959,4.01,-16.159,9.1672,10.787,27.89,41.253,155.96
32.898,20.465,9.6041,-28.639,3.8754,8.3938,-16.942,11.095,12.61,33.978,50.646,166.28
37.27,26.646,12.127,-32.731,4.0696,13.096,-17.823,12.916,14.363,40.958,61.123,175.38
42.151,33.024,14.666,-37.035,4.3026,18.06,-18.834,14.664,16.071,48.977,72.492,183.24
47.557,39.548,17.142,-41.614,4.6081,23.208,-20.017,16.361,17.742,58.054,84.439,189.91
53.495,46.195,19.496,-46.563,5.0177,28.465,-21.435,18.019,19.369,68.013,96.616,195.5
59.918,52.989,21.704,-52.014,5.5524,33.78,-23.163,19.64,20.935,78.513,108.73,200.05
66.71,59.993,23.771,-58.111,6.2209,39.128,-25.279,21.224,22.424,89.173,120.6,203.6
73.72,67.303,25.717,-64.987,7.0248,44.503,-27.845,22.773,23.822,99.705,132.19,206.08
80.824,75.025,27.557,-72.728,7.9681,49.893,-30.899,24.287,25.118,109.99,143.53,207.42
87.966,83.274,29.298,-81.346,9.0627,55.284,-34.453,25.767,26.306,120.03,154.72,207.53
95.161,92.16,30.935,-90.777,10.332,60.649,-38.521,27.201,27.378,129.95,165.84,206.38
102.46,101.76,32.462,-100.88,11.818,65.955,-43.128,28.568,28.327,139.84,176.94,204.03
109.93,112.08,33.87,-111.45,13.589,71.16,-48.306,29.83,29.148,149.79,187.99,200.62
117.63,123.03,35.152,-122.25,15.749,76.22,-54.048,30.939,29.834,159.78,198.93,196.34
125.59,134.39,36.303,-133.04,18.424,81.091,-60.262,31.847,30.381,169.71,209.67,191.41
133.82,145.88,37.322,-143.63,21.71,85.744,-66.775,32.52,30.787,179.42,220.06,186.02
142.29,157.22,38.216,-153.89,25.601,90.173,-73.392,32.946,31.058,188.69,229.96,180.34
150.93,168.18,38.999,-163.78,29.935,94.39,-79.981,33.147,31.207,197.35,239.25,174.54
159.64,178.58,39.689,-173.25,34.455,98.419,-86.508,33.167,31.26,205.25,247.81,168.77
168.32,188.31,40.304,-182.3,38.926,102.28,-93.017,33.059,31.241,212.32,255.6,163.22
176.85,197.29,40.865,-190.86,43.215,105.98,-99.583,32.875,31.17,218.53,262.63,158.12
185.14,205.47,41.385,-198.89,47.28,109.53,-106.28,32.652,31.06,223.91,268.94,153.72
193.1,212.82,41.874,-206.3,51.126,112.89,-113.13,32.404,30.909,228.49,274.6,150.24
200.66,219.34,42.337,-213.05,54.785,116.03,-120.15,32.123,30.704,232.35,279.67,147.83
207.75,225.07,42.769,-219.11,58.294,118.93,-127.24,31.784,30.426,235.58,284.21,146.51
214.28,230.06,43.159,-224.46,61.667,121.54,-134.27,31.346,30.052,238.27,288.26,146.18
220.12,234.4,43.489,-229.14,64.86,123.85,-141.1,30.773,29.558,240.53,291.84,146.66
225.22,238.16,43.737,-233.19,67.787,125.85,-147.6,30.033,28.919,242.41,294.95,147.71
229.6,241.41,43.886,-236.71,70.378,127.56,-153.73,29.112,28.119,243.97,297.63,149.09
233.36,244.22,43.921,-239.77,72.63,128.97,-159.5,28.008,27.147,245.23,299.91,150.6
236.65,246.64,43.833,-242.48,74.613,130.1,-164.98,26.733,26.004,246.21,301.82,152.09
239.61,248.69,43.615,-244.89,76.423,130.95,-170.23,25.31,24.702,246.9,303.42,153.5
242.37,250.38,43.257,-247.05,78.155,131.5,-175.27,23.772,23.263,247.25,304.72,154.84
244.98,251.69,42.76,-248.96,79.883,131.74,-180.16,22.16,21.721,247.22,305.75,156.17
247.47,252.6,42.129,-250.61,81.659,131.68,-184.96,20.522,20.117,246.74,306.48,157.56
249.84,253.05,41.385,-251.94,83.514,131.29,-189.8,18.909,18.499,245.72,306.83,159.05
252.02,253,40.556,-252.89,85.46,130.58,-194.8,17.368,16.918,244.07,306.7,160.6
253.86,252.36,39.674,-253.36,87.476,129.54,-199.98,15.938,15.423,241.68,305.91,162.06
255.12,251.04,38.772,-253.16,89.492,128.15,-205.08,14.642,14.052,238.45,304.26,163.25
255.4,248.89,37.88,-252.09,91.327,126.41,-209.3,13.491,12.837,234.19,301.53,163.96
254.16,245.77,37.02,-249.88,92.627,124.28,-211.45,12.49,11.8,228.72,297.49,163.95
250.87,241.53,36.208,-246.23,92.861,121.74,-210.5,11.648,10.962,221.82,291.93,163.02
245.14,236.02,35.454,-240.87,91.483,118.77,-205.94,10.98,10.351,213.37,284.68,160.96
236.82,229.08,34.765,-233.57,88.184,115.33,-197.68,10.516,10.002,203.4,275.62,157.63
226,220.56,34.143,-224.25,82.979,111.43,-185.76,10.291,9.952,192.14,264.72,152.91
213,210.33,33.592,-212.99,76.121,107.06,-170.21,10.349,10.23,180.02,252.08,146.79
198.29,198.3,33.114,-200.02,68.019,102.24,-151.32,10.724,10.848,167.43,237.97,139.37
182.41,184.43,32.709,-185.69,59.154,96.98,-129.95,11.433,11.789,154.68,222.82,130.87
165.93,168.87,32.366,-170.36,49.972,91.297,-107.41,12.465,13.006,141.87,207.06,121.62
149.29,152,32.061,-154.31,40.781,85.214,-84.881,13.776,14.426,128.95,191.01,111.92
132.81,134.5,31.758,-137.71,31.754,78.765,-63.021,15.292,15.961,115.75,174.83,102.01
116.7,117.19,31.418,-120.66,23.029,72.001,-42.089,16.916,17.519,102.11,158.58,91.995
101.11,100.79,31.003,-103.33,14.852,64.981,-22.294,18.541,19.013,88.007,142.22,81.874
86.135,85.685,30.476,-86.188,7.6593,57.768,-3.9227,20.062,20.37,73.752,125.73,71.52
71.822,71.879,29.807,-70.045,1.9638,50.425,12.596,21.384,21.532,60.027,109.1,60.778
58.103,59.128,28.968,-55.666,-2.0142,43.024,26.391,22.437,22.458,47.588,92.402,49.553
44.838,47.133,27.942,-43.332,-4.6327,35.653,35.879,23.171,23.121,36.865,76.058,37.902
32.103,35.688,26.721,-32.791,-6.5776,28.412,40.124,23.559,23.506,27.85,60.851,26.072
20.666,24.737,25.307,-23.577,-8.3538,21.402,41.12,23.596,23.608,20.278,47.583,14.469
11.679,14.346,23.713,-15.313,-10.108,14.708,41.641,23.295,23.424,13.84,36.597,3.5623
5.4225,4.6378,21.958,-7.8099,-11.769,8.3905,42.523,22.682,22.958,8.2843,27.705,-6.249
1.1398,-4.2708,20.058,-1.0209,-13.221,2.4821,43.465,21.795,22.22,3.4435,20.466,-14.731
-2.044,-12.31,18.024,5.0439,-14.387,-3.0079,44.073,20.678,21.226,-0.78978,14.439,-21.835
-4.6548,-19.462,15.857,10.375,-15.247,-8.081,44.138,19.376,19.998,-4.4872,9.3083,-27.651
-6.9251,-25.748,13.566,14.989,-15.829,-12.74,43.609,17.929,18.566,-7.7088,4.8775,-32.345
-8.9376,-31.211,11.182,18.926,-16.185,-16.979,42.524,16.375,16.966,-10.516,1.0367,-36.108
-10.717,-35.898,8.7578,22.245,-16.373,-20.786,40.956,14.745,15.242,-12.97,-2.2841,-39.127
-12.273,-39.858,6.3741,25.011,-16.452,-24.142,38.991,13.068,13.445,-15.129,-5.1472,-41.593
-13.618,-43.145,4.1215,27.296,-16.468,-27.032,36.715,11.369,11.633,-17.034,-7.6196,-43.678
-14.775,-45.819,2.089,29.166,-16.455,-29.456,34.215,9.6731,9.8635,-18.708,-9.7689,-45.532
-15.772,-47.952,0.34886,30.686,-16.441,-31.43,31.577,8.0098,8.1882,-20.159,-11.652,-47.254
-16.633,-49.616,-1.0576,31.911,-16.445,-32.985,28.886,6.4169,6.6496,-21.383,-13.302,-48.893
-17.379,-50.883,-2.1286,32.883,-16.474,-34.166,26.228,4.9431,5.2754,-22.367,-14.73,-50.456
-18.019,-51.819,-2.9003,33.635,-16.522,-35.025,23.688,3.6458,4.0782,-23.099,-15.929,-51.912
-18.554,-52.487,-3.4379,34.193,-16.572,-35.622,21.345,2.5819,3.0561,-23.575,-16.891,-53.219
-18.978,-52.945,-3.8188,34.582,-16.6,-36.021,19.264,1.7917,2.1963,-23.803,-17.616,-54.337
-19.288,-53.249,-4.1141,34.825,-16.585,-36.283,17.483,1.2869,1.4785,-23.808,-18.12,-55.251
-19.489,-53.444,-4.3775,34.952,-16.519,-36.458,16.014,1.0494,0.88363,-23.63,-18.435,-55.971
-19.592,-53.571,-4.6475,34.991,-16.399,-36.59,14.843,1.0428,0.40145,-23.313,-18.602,-56.53
-19.613,-53.661,-4.9553,34.973,-16.229,-36.708,13.938,1.2256,0.036432,-22.898,-18.662,-56.968
-19.569,-53.738,-5.3257,34.921,-16.012,-36.833,13.263,1.5595,-0.19463,-22.422,-18.646,-57.314
-19.471,-53.805,-5.7654,34.846,-15.751,-36.969,12.781,2.0081,-0.2729,-21.912,-18.573,-57.585
-19.327,-53.846,-6.2481,34.749,-15.452,-37.094,12.461,2.5339,-0.19001,-21.39,-18.45,-57.783
-19.143,-53.826,-6.7108,34.615,-15.126,-37.169,12.277,3.0976,0.044694,-20.874,-18.279,-57.902
-18.927,-53.702,-7.0744,34.429,-14.785,-37.146,12.206,3.662,0.40538,-20.378,-18.068,-57.93
-18.681,-53.446,-7.2779,34.176,-14.44,-36.994,12.232,4.1984,0.85684,-19.909,-17.828,-57.844
-18.408,-53.053,-7.3055,33.851,-14.098,-36.712,12.353,4.6911,1.3632,-19.472,-17.574,-57.619
-18.11,-52.541,-7.1881,33.46,-13.754,-36.323,12.576,5.1394,1.8948,-19.066,-17.314,-57.221
-17.784,-51.939,-6.9795,33.011,-13.409,-35.863,12.92,5.5541,2.432,-18.691,-17.042,-56.62
-17.43,-51.27,-6.7261,32.509,-13.067,-35.355,13.401,5.9518,2.9679,-18.344,-16.745,-55.789
-17.041,-50.538,-6.4481,31.951,-12.739,-34.806,14.037,6.3508,3.5108,-18.016,-16.404,-54.71
-16.61,-49.726,-6.1339,31.32,-12.443,-34.199,14.843,6.7703,4.0864,-17.686,-15.999,-53.368
-16.13,-48.795,-5.7433,30.59,-12.201,-33.499,15.835,7.2341,4.7351,-17.322,-15.509,-51.759
-15.592,-47.686,-5.2118,29.731,-12.038,-32.655,17.034,7.7748,5.5036,-16.883,-14.919,-49.892
-14.991,-46.324,-4.4583,28.708,-11.979,-31.604,18.475,8.4351,6.4348,-16.329,-14.213,-47.792
-14.327,-44.637,-3.3991,27.489,-12.053,-30.276,20.204,9.2611,7.5596,-15.631,-13.381,-45.497
-13.605,-42.564,-1.972,26.054,-12.282,-28.608,22.279,10.293,8.8944,-14.777,-12.413,-43.053
-12.834,-40.075,-0.15784,24.397,-12.675,-26.564,24.754,11.555,10.442,-13.767,-11.301,-40.502
-12.025,-37.173,2.0162,22.53,-13.222,-24.132,27.669,13.058,12.197,-12.613,-10.041,-37.879
-11.189,-33.886,4.4943,20.475,-13.897,-21.326,31.036,14.794,14.147,-11.331,-8.6309,-35.208
-10.335,-30.251,7.2154,18.257,-14.665,-18.166,34.831,16.741,16.274,-9.9397,-7.0823,-32.509
-9.4694,-26.303,10.126,15.899,-15.491,-14.671,38.988,18.87,18.558,-8.4567,-5.4186,-29.795
-8.5997,-22.066,13.183,13.417,-16.353,-10.851,43.401,21.149,20.978,-6.8953,-3.6756,-27.072
-7.732,-17.553,16.344,10.823,-17.238,-6.7098,47.943,23.552,23.514,-5.2647,-1.8933,-24.34
-6.8701,-12.767,19.565,8.1248,-18.141,-2.248,52.48,26.057,26.144,-3.5702,-0.10514,-21.595
-6.0118,-7.7126,22.794,5.326,-19.052,2.5236,56.886,28.645,28.842,-1.8154,1.6723,-18.834
-5.1476,-2.4054,25.976,2.4309,-19.951,7.5733,61.056,31.287,31.576,-0.0080734,3.4386,-16.07
-4.2638,3.1131,29.053,-0.55327,-20.811,12.84,64.904,33.941,34.304,1.8338,5.1998,-13.335
-3.3491,8.7709,31.976,-3.6089,-21.601,18.234,68.356,36.547,36.971,3.676,6.9534,-10.69
-2.403,14.468,34.709,-6.7008,-22.301,23.654,71.343,39.037,39.513,5.4681,8.6795,-8.2112
-1.4418,20.093,37.234,-9.7748,-22.906,29.001,73.799,41.344,41.864,7.1523,10.34,-5.9755
-0.49757,25.539,39.551,-12.764,-23.428,34.204,75.666,43.414,43.964,8.6787,11.887,-4.0397
0.38947,30.73,41.668,-15.606,-23.889,39.217,76.918,45.209,45.769,10.019,13.276,-2.4254
1.183,35.621,43.599,-18.252,-24.31,44.019,77.572,46.708,47.252,11.169,14.478,-1.1155
1.8619,40.196,45.348,-20.676,-24.705,48.587,77.695,47.899,48.408,12.144,15.483,-0.061463
2.4246,44.436,46.914,-22.865,-25.081,52.881,77.382,48.778,49.251,12.962,16.299,0.80156
2.8876,48.308,48.29,-24.812,-25.435,56.834,76.721,49.343,49.8,13.634,16.941,1.5363
3.2798,51.761,49.473,-26.51,-25.753,60.362,75.774,49.603,50.079,14.16,17.43,2.1887
3.6374,54.73,50.463,-27.957,-26.006,63.377,74.565,49.579,50.098,14.531,17.778,2.7815
4.0011,57.155,51.256,-29.159,-26.153,65.803,73.079,49.303,49.857,14.737,17.99,3.3156
4.413,58.986,51.845,-30.13,-26.162,67.57,71.276,48.804,49.346,14.763,18.057,3.7747
4.9111,60.19,52.226,-30.888,-26.028,68.619,69.103,48.096,48.545,14.597,17.963,4.1284
5.5195,60.746,52.399,-31.442,-25.794,68.896,66.516,47.171,47.439,14.226,17.688,4.3339
6.2335,60.643,52.368,-31.779,-25.541,68.355,63.498,46.003,46.027,13.643,17.221,4.3394
7.006,59.866,52.112,-31.857,-25.334,66.96,60.073,44.565,44.326,12.852,16.559,4.0898
7.7467,58.391,51.557,-31.615,-25.131,64.692,56.293,42.85,42.371,11.86,15.705,3.5333
8.3399,56.186,50.566,-30.99,-24.721,61.557,52.21,40.87,40.203,10.675,14.662,2.6295
8.6808,53.226,48.969,-29.931,-23.793,57.601,47.861,38.656,37.86,9.2965,13.422,1.3609
8.7086,49.504,46.626,-28.417,-22.117,52.91,43.274,36.248,35.37,7.722,11.975,-0.25314
8.4191,45.041,43.492,-26.447,-19.684,47.601,38.508,33.679,32.751,5.953,10.316,-2.1523
7.8492,39.882,39.629,-24.027,-16.709,41.799,33.667,30.974,30.011,4.0022,8.4455,-4.2475
7.0501,34.086,35.19,-21.167,-13.512,35.618,28.882,28.134,27.145,1.8911,6.3781,-6.4482
6.0638,27.719,30.361,-17.88,-10.404,29.148,24.267,25.143,24.135,-0.35921,4.1318,-8.6908
4.9088,20.85,25.329,-14.186,-7.6463,22.449,19.874,21.96,20.953,-2.7406,1.7243,-10.957
3.5736,13.546,20.252,-10.121,-5.4463,15.562,15.687,18.531,17.552,-5.2634,-0.83224,-13.274
2.0189,5.8833,15.249,-5.7372,-3.9302,8.5252,11.654,14.795,13.883,-7.9506,-3.5312,-15.691
0.19411,-2.0356,10.372,-1.1062,-3.085,1.4047,7.7435,10.695,9.8896,-10.824,-6.3695,-18.258
-1.9346,-10.059,5.5983,3.68,-2.7398,-5.6802,3.9764,6.1794,5.527,-13.891,-9.3438,-20.994
-4.3583,-17.98,0.84968,8.5121,-2.6457,-12.554,0.43747,1.2167,0.76655,-17.135,-12.447,-23.882
-7.0178,-25.565,-3.9257,13.274,-2.6208,-19.015,-2.7554,-4.1945,-4.3873,-20.519,-15.661,-26.87
-9.8175,-32.603,-8.6636,17.858,-2.6346,-24.889,-5.497,-10.007,-9.8776,-23.989,-18.954,-29.884
-12.651,-38.954,-13.172,22.181,-2.7667,-30.072,-7.7311,-16.098,-15.574,-27.478,-22.27,-32.843
-15.425,-44.567,-17.222,26.189,-3.0984,-34.542,-9.46,-22.248,-21.27,-30.91,-25.535,-35.67
-18.061,-49.468,-20.658,29.849,-3.6364,-38.343,-10.734,-28.156,-26.715,-34.208,-28.668,-38.306
-20.503,-53.728,-23.451,33.148,-4.3145,-41.559,-11.632,-33.526,-31.693,-37.31,-31.598,-40.708
-22.714,-57.432,-25.677,36.083,-5.0468,-44.291,-12.246,-38.181,-36.098,-40.183,-34.284,-42.855
-24.676,-60.663,-27.475,38.665,-5.7624,-46.638,-12.667,-42.105,-39.951,-42.823,-36.714,-44.741
-26.384,-63.493,-28.994,40.915,-6.4032,-48.691,-12.978,-45.397,-43.346,-45.241,-38.898,-46.368
-27.842,-65.985,-30.373,42.859,-6.9154,-50.528,-13.244,-48.195,-46.383,-47.452,-40.857,-47.75
-29.055,-68.19,-31.719,44.526,-7.2556,-52.213,-13.505,-50.61,-49.123,-49.462,-42.604,-48.91
-30.034,-70.152,-33.106,45.947,-7.399,-53.794,-13.779,-52.707,-51.579,-51.273,-44.148,-49.883
-30.8,-71.912,-34.581,47.15,-7.3387,-55.306,-14.065,-54.505,-53.728,-52.887,-45.49,-50.714
-31.371,-73.502,-36.163,48.167,-7.0798,-56.771,-14.348,-56.001,-55.541,-54.308,-46.633,-51.441
-31.773,-74.953,-37.839,49.028,-6.6372,-58.196,-14.603,-57.18,-57,-55.544,-47.583,-52.088
-32.034,-76.284,-39.565,49.765,-6.037,-59.574,-14.807,-58.035,-58.109,-56.604,-48.365,-52.654
-32.19,-77.506,-41.269,50.405,-5.3197,-60.882,-14.937,-58.573,-58.893,-57.502,-49.015,-53.121
-32.279,-78.619,-42.867,50.968,-4.539,-62.087,-14.983,-58.824,-59.401,-58.252,-49.583,-53.467
-32.325,-79.616,-44.287,51.461,-3.751,-63.159,-14.948,-58.846,-59.705,-58.88,-50.114,-53.682
-32.345,-80.491,-45.499,51.882,-2.9981,-64.079,-14.858,-58.711,-59.882,-59.417,-50.64,-53.782
-32.337,-81.25,-46.519,52.226,-2.296,-64.856,-14.751,-58.505,-60.013,-59.898,-51.17,-53.811
-32.299,-81.924,-47.414,52.501,-1.6335,-65.532,-14.668,-58.313,-60.168,-60.355,-51.698,-53.831
-32.238,-82.576,-48.278,52.743,-0.99029,-66.179,-14.633,-58.204,-60.382,-60.814,-52.215,-53.908
-32.2,-83.294,-49.191,53.015,-0.36351,-66.881,-14.621,-58.196,-60.647,-61.297,-52.731,-54.101
-32.268,-84.173,-50.187,53.407,0.21252,-67.708,-14.531,-58.24,-60.893,-61.826,-53.282,-54.46
-32.562,-85.29,-51.223,54.014,0.65823,-68.691,-14.181,-58.211,-60.999,-62.429,-53.941,-55.025
-33.204,-86.676,-52.192,54.912,0.87264,-69.806,-13.347,-57.913,-60.788,-63.137,-54.8,-55.837
-34.266,-88.297,-52.975,56.121,0.77422,-70.979,-11.821,-57.109,-60.052,-63.969,-55.953,-56.938
-35.697,-90.05,-53.485,57.574,0.34148,-72.113,-9.3969,-55.532,-58.551,-64.917,-57.45,-58.353
-37.28,-91.77,-53.721,59.105,-0.36009,-73.114,-6.136,-52.913,-56.052,-65.921,-59.258,-60.072
-38.673,-93.261,-53.775,60.469,-1.1383,-73.915,-5.3035,-49.062,-52.449,-66.843,-61.222,-62.019
-39.492,-94.306,-53.83,61.373,-1.6279,-74.473,-12.447,-44.285,-48.259,-67.467,-63.063,-64.019
-39.396,-94.67,-54.105,61.515,-1.3344,-74.736,-19.046,-40.625,-45.928,-67.473,-64.398,-65.779
-38.13,-94.076,-54.711,60.622,0.14443,-74.598,-19.828,-44.239,-51.31,-66.433,-64.757,-66.864
-35.989,-92.207,-55.49,58.55,2.9062,-73.806,-14.527,-58.898,-64.358,-63.849,-63.649,-66.711
-37.889,-88.873,-55.916,55.976,6.2725,-71.894,-1.5425,-63.001,-66.192,-59.941,-60.925,-64.732
-59.515,-85.526,-55.13,58.537,4.8729,-68.354,21.222,-54.839,-57.41,-63.584,-59.762,-60.646
-79.527,-96.46,-52.156,89.918,-0.58868,-65.11,55.03,-41.184,-43.076,-100.67,-87.625,-57.18
-91.67,-159.95,-53.801,127.42,-7.101,-90.325,98.876,-22.158,-23.295,-115.29,-126.94,-85.441
-98.285,-182.05,-75.489,135.62,-16.202,-130.03,148.64,2.4919,1.9451,-120.78,-139.81,-133.53
-94.816,-179.08,-73.945,132.31,-20.825,-128.58,198.42,33.123,32.907,-120.33,-146.32,-143.38
-76.571,-165.83,-77.759,115.93,-12.527,-124.35,243.32,70.76,70.806,-109.81,-142.64,-144
-40.29,-139.78,-88.028,83.418,9.944,-117.18,281.17,117.91,118.38,-84.698,-124.25,-132.74
14.414,-96.969,-101.26,33.115,45.425,-103.17,312.34,177.99,178.82,-40.649,-86.603,-104.97
83.933,-32.07,-107.98,-35.126,85.321,-74.695,340.18,252.54,253.41,26.738,-25.13,-55.743
160.93,61.739,-93.489,-120.7,119.31,-20.831,371.29,341.87,342.76,122.19,65.106,19.932
236.13,191.97,-41.382,-222.84,134.74,70.633,412.07,447.63,448.7,250.54,189.34,127.63
301,364.03,61.865,-340.14,119.45,209.71,465.06,570.36,571.6,413.58,350.7,271.53
349.78,576.75,222.53,-469.14,66.676,398.92,527.22,708.09,709.31,608.8,546.97,450.15
379.04,819.73,434.97,-603.47,-22.64,628.77,591.15,856.89,857.98,830.62,769.86,655.79
387.95,1073.1,678.98,-733.56,-138.92,878.84,647.76,1012.5,1013.5,1070.7,1006,874.36
380.02,1308.9,923.66,-847.13,-264.96,1119.4,688.19,1169.3,1170.1,1316.2,1237.1,1085.2
361.81,1495.3,1132,-931.01,-379.21,1316.1,704.63,1317.1,1317.4,1548.5,1440.5,1264
339.96,1603.8,1268.9,-973.9,-461.02,1437.2,691.16,1439.6,1439.3,1742.8,1591.4,1386.7
318.35,1616.7,1310.5,-969.14,-496.09,1462.7,645.07,1516.2,1515.2,1871,1666.9,1433.9
295.88,1533.1,1254.5,-915.98,-482.06,1391.1,569.29,1526.1,1524.6,1907.5,1651.6,1396.7
266.08,1369.1,1122.5,-819.37,-432.33,1241.7,474.49,1454.8,1453.2,1835.4,1541.5,1278.7
219.38,1153.1,953.09,-688.33,-371.72,1048.2,376.36,1299.4,1297.8,1652.4,1345.7,1095.7
147.69,917.01,786.88,-534.61,-325.34,846.96,289.35,1071.2,1070,1374.1,1085.8,872.17
49.598,688.8,653.77,-371.67,-309.03,666.83,221.13,795.16,794.49,1033.6,792.7,635.84
-66.369,487.89,565.67,-213.86,-324.61,522.99,170.24,504.77,504.94,675.87,502.12,413.08
-183.05,323.39,515.27,-74.098,-359.9,415.88,127.45,234.58,235.58,348.2,247.32,224.27
-280.72,193.98,481.34,39.846,-393.61,334.39,80.605,10.903,12.38,86.374,50.394,79.794
-344.56,90.742,439.96,125.09,-405.21,262.88,20.91,-154.5,-153.07,-95.34,-84.709,-20.974
-369.05,2.3645,376.05,180.99,-384.23,188.49,-52.61,-264.36,-263.34,-203.12,-163.99,-86.043
-357.61,-77.877,286.92,211.77,-332.08,105.91,-132.51,-329.63,-329.03,-249.42,-200.52,-125.39
-319.33,-148.52,180.59,223.99,-258.17,17.486,-205.9,-361.69,-361.34,-260.67,-212.73,-147.93
-265.03,-204.33,70.653,223.31,-175.26,-68.207,-259.11,-368.29,-368.03,-256.47,-213.51,-160.18
-205.13,-242.59,-30.364,213.67,-95.941,-139.69,-284.03,-355.36,-354.95,-246.71,-209.57,-166.04
-148.84,-262.7,-109.54,193.56,-28.893,-189.89,-281.9,-331.36,-330.7,-235.11,-203.62,-165.06
-101.17,-245.95,-160.3,147.17,21.68,-216.84,-259.46,-302.6,-302.15,-222.26,-195.83,-106.92
-64.091,-174.08,-186.06,111.78,54.548,-220.04,-224.19,-268.68,-268.83,-206.24,-165.9,-71.251
-39.079,-130.67,-190.83,95.581,70.314,-193,-182.09,-227.05,-227.88,-171.92,-124.62,-68.689
-24.839,-114.96,-178.65,84.678,71.559,-141.26,-138.65,-178.18,-179.5,-135.54,-107.14,-67.915
-17.59,-107.02,-154.57,75.872,62.146,-103.12,-101.45,-134.05,-135.21,-114.93,-95.651,-65.825
-14.877,-100.88,-123.75,68.234,46.471,-86.812,-71.407,-103.37,-104.22,-101.53,-86.139,-62.6
-15.415,-95.341,-88.24,61.436,28.914,-79.803,-46.172,-82.421,-82.988,-90.383,-77.629,-58.725
-18.736,-90.318,-62.525,55.495,13.579,-75.503,-29.969,-68.364,-68.59,-80.667,-70.054,-54.571
-18.395,-85.787,-52.191,50.455,4.3997,-72.195,-22.08,-60.476,-60.269,-72.864,-63.576,-50.373
-14.807,-81.581,-48.023,46.222,4.414,-69.556,-19.158,-57.887,-57.271,-67.135,-58.217,-46.278
-12.032,-77.501,-47.719,42.649,5.2005,-67.223,-18.939,-58.976,-58.106,-62.791,-53.787,-42.385
-10.28,-73.475,-49.153,39.629,5.8045,-64.712,-19.245,-61.005,-60.106,-59.028,-50.03,-38.775
-9.2124,-69.607,-50.091,37.107,6.3459,-61.753,-17.915,-60.386,-59.528,-55.487,-46.761,-35.523
-8.5443,-66.094,-48.926,35.045,6.5003,-58.501,-16.002,-57.92,-56.964,-52.162,-43.901,-32.704
-8.0948,-63.104,-45.999,33.397,6.0218,-55.35,-14.261,-55.266,-54.144,-49.179,-41.439,-30.374
-7.7473,-60.714,-42.636,32.103,5.2407,-52.639,-12.866,-53.059,-51.742,-46.651,-39.382,-28.555
-7.4271,-58.902,-39.663,31.088,4.4849,-50.528,-11.897,-51.492,-49.954,-44.618,-37.722,-27.211
-7.0876,-57.564,-37.39,30.271,3.9011,-49.002,-11.317,-50.513,-48.743,-43.035,-36.421,-26.245
-6.7137,-56.549,-35.818,29.573,3.5075,-47.926,-10.996,-49.926,-47.932,-41.788,-35.407,-25.506
-6.3086,-55.697,-34.761,28.926,3.2618,-47.114,-10.784,-49.507,-47.309,-40.727,-34.589,-24.819
-5.88,-54.872,-33.969,28.269,3.1085,-46.395,-10.567,-49.062,-46.676,-39.704,-33.863,-24.027
-5.4293,-53.978,-33.243,27.553,2.9956,-45.649,-10.279,-48.47,-45.899,-38.601,-33.128,-23.016
-4.9459,-52.958,-32.447,26.743,2.8846,-44.806,-9.901,-47.684,-44.92,-37.346,-32.303,-21.727
-4.411,-51.779,-31.491,25.809,2.7546,-43.83,-9.4578,-46.712,-43.75,-35.905,-31.326,-20.152
-3.8043,-50.423,-30.31,24.733,2.5963,-42.703,-9.001,-45.601,-42.452,-34.284,-30.168,-18.319
-3.1141,-48.879,-28.866,23.507,2.4035,-41.416,-8.5876,-44.408,-41.112,-32.514,-28.826,-16.275
-2.3396,-47.144,-27.162,22.129,2.1712,-39.969,-8.2584,-43.175,-39.804,-30.64,-27.313,-14.077
-1.4877,-45.225,-25.238,20.607,1.9088,-38.372,-8.0279,-41.906,-38.559,-28.709,-25.645,-11.774
-0.56575,-43.141,-23.179,18.956,1.644,-36.653,-7.8865,-40.564,-37.344,-26.753,-23.831,-9.3934
0.42486,-40.929,-21.095,17.195,1.4208,-34.857,-7.8109,-39.103,-36.09,-24.782,-21.87,-6.9316
1.4893,-38.63,-19.099,15.342,1.2873,-33.037,-7.7842,-37.49,-34.722,-22.78,-19.749,-4.3553
2.637,-36.285,-17.275,13.41,1.277,-31.237,-7.7906,-35.711,-33.167,-20.718,-17.45,-1.6174
3.8743,-33.91,-15.643,11.403,1.3935,-29.479,-7.817,-33.781,-31.392,-18.559,-14.957,1.3203
5.2,-31.491,-14.156,9.3148,1.6086,-27.75,-7.8667,-31.743,-29.414,-16.273,-12.262,4.472
6.6077,-28.984,-12.731,7.1309,1.8761,-26.007,-7.9482,-29.637,-27.283,-13.837,-9.3693,7.8297
8.0958,-26.325,-11.285,4.8303,2.1553,-24.196,-8.0732,-27.5,-25.068,-11.243,-6.2908,11.378
9.6707,-23.457,-9.7779,2.3909,2.4265,-22.273,-8.2557,-25.352,-22.826,-8.4899,-3.0376,15.11
11.35,-20.335,-8.2135,-0.20426,2.6924,-20.211,-8.5103,-23.185,-20.584,-5.5846,0.38943,19.038
13.154,-16.939,-6.6188,-2.9627,2.9666,-18,-8.8475,-20.97,-18.34,-2.5295,4.008,23.187
15.107,-13.259,-5.013,-5.8817,3.2605,-15.63,-9.2686,-18.664,-16.076,0.68604,7.8557,27.586
17.233,-9.2876,-3.3874,-8.9519,3.5757,-13.079,-9.7664,-16.231,-13.78,4.0925,11.986,32.249
19.553,-5.0075,-1.7023,-12.164,3.9037,-10.311,-10.332,-13.665,-11.453,7.742,16.464,37.168
22.096,-0.39081,0.10192,-15.516,4.2285,-7.2721,-10.965,-11,-9.1149,11.705,21.365,42.313
24.907,4.5937,2.082,-19.012,4.5326,-3.9017,-11.676,-8.3039,-6.7926,16.066,26.776,47.646
28.06,9.9622,4.2631,-22.665,4.8033,-0.15431,-12.483,-5.6471,-4.5094,20.923,32.799,53.141
31.64,15.698,6.6185,-26.488,5.0383,3.9788,-13.399,-3.0849,-2.2797,26.39,39.546,58.793
35.743,21.745,9.0711,-30.5,5.2513,8.4576,-14.428,-0.64763,-0.11024,32.589,47.118,64.63
40.444,28.024,11.521,-34.729,5.4687,13.201,-15.567,1.6577,1.9942,39.63,55.577,70.69
45.766,34.454,13.884,-39.217,5.7208,18.117,-16.815,3.8407,4.0252,47.57,64.914,77.013
51.645,40.993,16.129,-44.034,6.0289,23.139,-18.185,5.9199,5.9687,56.362,75.02,83.613
57.928,47.651,18.281,-49.273,6.3998,28.25,-19.706,7.9134,7.8075,65.834,85.683,90.467
64.458,54.506,20.406,-55.062,6.8299,33.486,-21.433,9.8325,9.5286,75.736,96.619,97.516
71.113,61.679,22.574,-61.55,7.3153,38.9,-23.445,11.679,11.129,85.816,107.53,104.68
77.835,69.322,24.819,-68.887,7.8627,44.526,-25.848,13.447,12.619,95.887,118.19,111.89
84.629,77.585,27.122,-77.183,8.4956,50.35,-28.78,15.127,14.018,105.84,128.48,119.1
91.537,86.603,29.424,-86.454,9.2549,56.31,-32.395,16.709,15.349,115.64,138.4,126.3
98.614,96.456,31.646,-96.578,10.196,62.311,-36.824,18.187,16.627,125.29,148.05,133.47
105.9,107.13,33.724,-107.3,11.388,68.252,-42.123,19.559,17.859,134.84,157.52,140.62
113.43,118.5,35.613,-118.28,12.913,74.039,-48.215,20.825,19.037,144.32,166.92,147.71
121.19,130.32,37.297,-129.25,14.864,79.604,-54.892,21.98,20.141,153.73,176.34,154.71
129.17,142.32,38.782,-140,17.312,84.91,-61.905,23.008,21.149,163.03,185.79,161.55
137.33,154.23,40.092,-150.46,20.256,89.957,-69.007,23.885,22.036,172.13,195.23,168.22
145.65,165.86,41.262,-160.61,23.599,94.77,-76.068,24.586,22.781,180.87,204.6,174.69
154.06,177.01,42.324,-170.42,27.177,99.379,-83.066,25.094,23.369,189.1,213.77,180.98
162.51,187.51,43.302,-179.87,30.849,103.79,-90.046,25.405,23.791,196.7,222.64,187.1
170.95,197.18,44.209,-188.86,34.554,108,-97.075,25.528,24.04,203.6,231.11,193.08
179.3,205.89,45.045,-197.26,38.3,111.95,-104.2,25.476,24.109,209.74,239.1,198.89
187.45,213.58,45.798,-204.97,42.122,115.58,-111.44,25.252,23.985,215.15,246.55,204.5
195.26,220.27,46.448,-211.91,46.034,118.86,-118.76,24.844,23.649,219.85,253.42,209.84
202.62,226.06,46.972,-218.08,50.005,121.73,-126.1,24.217,23.075,223.89,259.67,214.85
209.41,231.06,47.35,-223.51,53.967,124.2,-133.38,23.32,22.234,227.34,265.29,219.47
215.57,235.37,47.573,-228.28,57.831,126.27,-140.52,22.097,21.092,230.3,270.29,223.69
221.1,239.08,47.634,-232.47,61.505,127.98,-147.41,20.501,19.616,232.83,274.69,227.51
225.98,242.26,47.529,-236.12,64.909,129.36,-153.97,18.504,17.775,234.98,278.53,230.95
230.26,244.95,47.253,-239.29,67.992,130.45,-160.08,16.099,15.542,236.77,281.87,234.04
233.99,247.19,46.799,-242.03,70.75,131.27,-165.69,13.295,12.901,238.2,284.77,236.8
237.24,249.02,46.162,-244.39,73.221,131.86,-170.8,10.111,9.8524,239.24,287.27,239.22
240.11,250.5,45.348,-246.43,75.46,132.21,-175.5,6.5691,6.4211,239.86,289.43,241.26
242.69,251.65,44.372,-248.21,77.524,132.32,-179.94,2.7005,2.6607,240,291.22,242.9
245.06,252.5,43.254,-249.77,79.456,132.19,-184.31,-1.45,-1.346,239.59,292.59,244.05
247.31,253.05,42.018,-251.15,81.291,131.79,-188.77,-5.809,-5.4899,238.53,293.46,244.67
249.47,253.23,40.682,-252.32,83.076,131.1,-193.45,-10.257,-9.6394,236.71,293.67,244.7
251.56,252.97,39.262,-253.21,84.878,130.07,-198.4,-14.616,-13.643,233.98,293.02,244.07
253.51,252.12,37.775,-253.7,86.785,128.67,-203.47,-18.658,-17.334,230.17,291.26,242.73
255.11,250.53,36.25,-253.59,88.871,126.84,-208.12,-22.128,-20.549,225.09,288.09,240.57
255.96,248.06,34.733,-252.62,91.086,124.58,-211.42,-24.799,-23.133,218.57,283.19,237.46
255.44,244.55,33.277,-250.52,93.088,121.87,-212.37,-26.521,-24.956,210.59,276.31,233.29
252.9,239.88,31.933,-246.96,94.175,118.72,-210.31,-27.249,-25.916,201.24,267.36,227.93
247.86,233.87,30.741,-241.67,93.598,115.13,-204.97,-27.029,-25.951,190.77,256.43,221.33
240.17,226.35,29.725,-234.42,91.045,111.12,-196.27,-25.957,-25.053,179.5,243.8,213.49
229.98,217.11,28.894,-225.09,86.685,106.71,-184.11,-24.133,-23.276,167.72,229.89,204.49
217.65,205.99,28.234,-213.77,80.881,101.9,-168.25,-21.633,-20.722,155.63,215.11,194.46
203.59,192.97,27.723,-200.69,73.984,96.73,-148.81,-18.527,-17.513,143.33,199.83,183.56
188.24,178.23,27.327,-186.25,66.266,91.209,-126.85,-14.89,-13.775,130.82,184.33,171.95
172.08,162.17,27.016,-170.84,57.926,85.366,-104.07,-10.824,-9.6519,118.01,168.75,159.76
155.53,145.34,26.752,-154.81,49.131,79.221,-81.725,-6.4543,-5.308,104.78,153.16,147.08
138.95,128.32,26.498,-138.34,40.059,72.784,-60.299,-1.9181,-0.91425,91.135,137.56,133.98
122.65,111.69,26.217,-121.5,30.946,66.062,-39.822,2.6456,3.3898,77.312,121.89,120.48
106.83,95.896,25.874,-104.37,22.125,59.07,-20.327,7.1113,7.5113,63.829,106.08,106.67
91.586,81.181,25.444,-87.285,14.023,51.853,-2.0505,11.375,11.393,51.348,90.189,92.662
76.974,67.541,24.911,-70.955,7.0931,44.493,14.431,15.358,14.999,40.368,74.558,78.732
62.946,54.791,24.262,-56.196,1.687,37.108,27.882,19.001,18.299,31.043,59.848,65.229
49.362,42.705,23.487,-43.434,-2.1067,29.83,36.473,22.256,21.274,23.221,46.789,52.509
36.141,31.147,22.573,-32.512,-4.6377,22.781,39.886,25.083,23.904,16.61,35.775,40.834
23.782,20.12,21.504,-22.986,-6.583,16.055,40.758,27.445,26.175,10.914,26.718,30.322
13.571,9.7329,20.265,-14.475,-8.4413,9.7076,41.436,29.319,28.073,5.9033,19.238,20.967
6.3175,0.13428,18.847,-6.8038,-10.281,3.7687,42.36,30.706,29.583,1.4213,12.931,12.686
1.4708,-8.5447,17.252,0.04977,-11.95,-1.744,43.206,31.632,30.696,-2.6261,7.4888,5.3715
-1.9608,-16.223,15.494,6.0544,-13.314,-6.8116,43.658,32.149,31.408,-6.2926,2.7156,-1.0769
-4.6289,-22.877,13.606,11.201,-14.338,-11.408,43.558,32.325,31.732,-9.608,-1.5103,-6.7419
-6.8337,-28.536,11.645,15.528,-15.058,-15.504,42.877,32.228,31.7,-12.593,-5.273,-11.695
-8.7008,-33.267,9.6966,19.11,-15.543,-19.078,41.649,31.918,31.365,-15.267,-8.6403,-16.01
-10.29,-37.155,7.8584,22.039,-15.864,-22.121,39.931,31.44,30.798,-17.657,-11.669,-19.765
-11.637,-40.288,6.2214,24.404,-16.083,-24.646,37.787,30.819,30.081,-19.791,-14.402,-23.047
-12.769,-42.755,4.8445,26.28,-16.241,-26.684,35.284,30.071,29.291,-21.692,-16.865,-25.943
-13.705,-44.642,3.7407,27.737,-16.362,-28.283,32.493,29.208,28.498,-23.377,-19.065,-28.524
-14.462,-46.043,2.8759,28.84,-16.452,-29.511,29.499,28.248,27.75,-24.852,-20.996,-30.841
-15.055,-47.061,2.1807,29.654,-16.508,-30.449,26.409,27.222,27.076,-26.119,-22.643,-32.916
-15.5,-47.802,1.5724,30.246,-16.523,-31.184,23.349,26.178,26.484,-27.176,-23.989,-34.746
-15.816,-48.366,0.98048,30.677,-16.486,-31.798,20.456,25.171,25.964,-28.019,-25.02,-36.311
-16.027,-48.828,0.36646,30.997,-16.396,-32.351,17.853,24.258,25.503,-28.647,-25.736,-37.592
-16.156,-49.231,-0.26564,31.237,-16.258,-32.866,15.627,23.488,25.085,-29.052,-26.153,-38.585
-16.227,-49.578,-0.87047,31.414,-16.095,-33.331,13.81,22.893,24.703,-29.226,-26.305,-39.309
-16.266,-49.844,-1.3765,31.527,-15.935,-33.702,12.383,22.49,24.363,-29.16,-26.236,-39.81
-16.294,-49.996,-1.7157,31.571,-15.802,-33.93,11.287,22.273,24.083,-28.857,-26.003,-40.148
-16.323,-50.017,-1.8594,31.548,-15.703,-33.99,10.457,22.23,23.89,-28.339,-25.659,-40.39
-16.353,-49.921,-1.8423,31.464,-15.623,-33.899,9.8285,22.34,23.813,-27.65,-25.254,-40.59
-16.374,-49.75,-1.7551,31.336,-15.527,-33.713,9.3596,22.591,23.877,-26.843,-24.826,-40.791
-16.366,-49.561,-1.7078,31.183,-15.376,-33.508,9.023,22.972,24.091,-25.97,-24.393,-41.017
-16.315,-49.4,-1.7838,31.022,-15.146,-33.348,8.8009,23.478,24.448,-25.074,-23.96,-41.286
-16.223,-49.293,-2.0092,30.869,-14.837,-33.261,8.6779,24.101,24.925,-24.18,-23.52,-41.606
-16.108,-49.241,-2.3494,30.734,-14.483,-33.241,8.6384,24.824,25.484,-23.3,-23.059,-41.982
-15.999,-49.221,-2.7314,30.62,-14.132,-33.252,8.6695,25.621,26.084,-22.438,-22.563,-42.411
-15.919,-49.204,-3.0799,30.525,-13.828,-33.255,8.7647,26.465,26.69,-21.592,-22.025,-42.882
-15.875,-49.158,-3.3497,30.435,-13.587,-33.223,8.9246,27.33,27.276,-20.768,-21.45,-43.382
-15.848,-49.058,-3.5369,30.326,-13.395,-33.145,9.1551,28.2,27.833,-19.97,-20.852,-43.892
-15.803,-48.876,-3.6613,30.17,-13.224,-33.018,9.463,29.065,28.365,-19.204,-20.248,-44.398
-15.699,-48.577,-3.7319,29.933,-13.05,-32.825,9.8508,29.92,28.883,-18.472,-19.65,-44.893
-15.51,-48.113,-3.7177,29.578,-12.869,-32.522,10.315,30.755,29.404,-17.772,-19.062,-45.374
-15.223,-47.426,-3.5398,29.07,-12.706,-32.041,10.849,31.562,29.943,-17.098,-18.479,-45.846
-14.84,-46.452,-3.0887,28.375,-12.606,-31.301,11.459,32.335,30.52,-16.437,-17.888,-46.311
-14.367,-45.129,-2.26,27.466,-12.619,-30.227,12.171,33.08,31.152,-15.774,-17.266,-46.761
-13.81,-43.413,-0.99585,26.322,-12.774,-28.77,13.039,33.821,31.862,-15.093,-16.59,-47.181
-13.171,-41.284,0.68643,24.934,-13.072,-26.923,14.142,34.596,32.673,-14.382,-15.838,-47.543
-12.449,-38.757,2.695,23.311,-13.482,-24.724,15.567,35.455,33.605,-13.632,-14.996,-47.815
-11.646,-35.882,4.8977,21.478,-13.961,-22.243,17.397,36.446,34.679,-12.836,-14.055,-47.964
-10.776,-32.733,7.172,19.479,-14.472,-19.561,19.696,37.604,35.91,-11.986,-13.01,-47.958
-9.8661,-29.394,9.4454,17.369,-14.995,-16.745,22.498,38.938,37.306,-11.07,-11.855,-47.778
-8.9543,-25.938,11.709,15.207,-15.53,-13.833,25.8,40.432,38.863,-10.08,-10.585,-47.417
-8.0784,-22.408,14.004,13.041,-16.094,-10.816,29.568,42.045,40.568,-9.013,-9.2088,-46.888
-7.265,-18.794,16.392,10.888,-16.707,-7.6406,33.731,43.727,42.396,-7.8789,-7.7447,-46.219
-6.5216,-15.032,18.928,8.728,-17.383,-4.2151,38.183,45.439,44.316,-6.6982,-6.2252,-45.447
-5.8373,-11.017,21.631,6.5092,-18.129,-0.4324,42.788,47.159,46.296,-5.4966,-4.6859,-44.613
-5.1891,-6.6421,24.473,4.1694,-18.94,3.7963,47.402,48.883,48.307,-4.2959,-3.1532,-43.747
-4.5503,-1.8418,27.39,1.6603,-19.798,8.5057,51.886,50.617,50.314,-3.1048,-1.6346,-42.87
-3.8988,3.3764,30.298,-1.0327,-20.679,13.653,56.118,52.354,52.278,-1.9171,-0.11895,-41.981
-3.2226,8.92,33.121,-3.8821,-21.552,19.117,59.995,54.063,54.153,-0.71753,1.4101,-41.067
-2.522,14.631,35.799,-6.8234,-22.382,24.723,63.425,55.688,55.884,0.50628,2.9575,-40.109
-1.8086,20.321,38.296,-9.7694,-23.146,30.289,66.328,57.155,57.418,1.7555,4.5058,-39.084
-1.1046,25.816,40.6,-12.628,-23.84,35.661,68.639,58.399,58.708,3.0204,6.0156,-37.976
-0.44066,30.987,42.716,-15.317,-24.477,40.739,70.317,59.373,59.727,4.2879,7.4372,-36.778
0.14881,35.76,44.659,-17.777,-25.082,45.475,71.364,60.059,60.467,5.5468,8.7256,-35.492
0.63405,40.115,46.448,-19.977,-25.677,49.859,71.823,60.464,60.937,6.7868,9.8533,-34.129
1.0002,44.068,48.095,-21.911,-26.271,53.899,71.777,60.604,61.159,7.9907,10.815,-32.707
1.2548,47.643,49.605,-23.594,-26.864,57.605,71.319,60.494,61.149,9.1278,11.624,-31.246
1.4294,50.857,50.975,-25.049,-27.436,60.974,70.524,60.135,60.913,10.153,12.299,-29.77
1.5774,53.71,52.2,-26.307,-27.949,63.988,69.433,59.522,60.443,11.008,12.854,-28.305
1.7684,56.19,53.264,-27.41,-28.347,66.61,68.045,58.641,59.711,11.634,13.284,-26.886
2.0807,58.277,54.153,-28.404,-28.577,68.787,66.33,57.479,58.682,11.979,13.57,-25.552
2.5881,59.944,54.855,-29.33,-28.629,70.446,64.238,56.029,57.324,12.014,13.675,-24.342
3.3412,61.146,55.376,-30.199,-28.576,71.491,61.725,54.294,55.626,11.742,13.564,-23.299
4.3417,61.813,55.733,-30.969,-28.599,71.799,58.774,52.289,53.605,11.196,13.214,-22.46
5.519,61.849,55.919,-31.545,-28.907,71.235,55.414,50.049,51.313,10.429,12.626,-21.857
6.7213,61.131,55.832,-31.788,-29.49,69.673,51.713,47.616,48.821,9.4921,11.815,-21.511
7.7409,59.538,55.243,-31.559,-29.911,67.037,47.753,45.038,46.202,8.4202,10.805,-21.44
8.3772,56.975,53.852,-30.756,-29.472,63.336,43.608,42.355,43.514,7.2207,9.6093,-21.661
8.5167,53.403,51.441,-29.335,-27.648,58.664,39.35,39.597,40.79,5.8752,8.2242,-22.198
8.1788,48.848,47.993,-27.307,-24.399,53.169,35.055,36.782,38.04,4.3515,6.6344,-23.078
7.4893,43.388,43.691,-24.711,-20.191,47.02,30.811,33.925,35.262,2.6202,4.8229,-24.319
6.5965,37.136,38.815,-21.593,-15.707,40.376,26.7,31.032,32.443,0.66614,2.7835,-25.924
5.5902,30.221,33.624,-18.002,-11.513,33.369,22.78,28.097,29.565,-1.5123,0.52567,-27.88
4.4709,22.775,28.297,-13.995,-7.9682,26.105,19.065,25.098,26.604,-3.9136,-1.9299,-30.16
3.1721,14.929,22.939,-9.6424,-5.2924,18.666,15.531,22.001,23.534,-6.5419,-4.5606,-32.732
1.6061,6.8082,17.624,-5.0264,-3.597,11.121,12.135,18.767,20.325,-9.405,-7.3491,-35.558
-0.29361,-1.4692,12.407,-0.23307,-2.8274,3.5417,8.8436,15.36,16.953,-12.501,-10.284,-38.597
-2.5455,-9.7718,7.2936,4.6481,-2.7106,-3.9686,5.652,11.757,13.401,-15.807,-13.351,-41.803
-5.1092,-17.94,2.2085,9.526,-2.8317,-11.265,2.5977,7.9504,9.6621,-19.272,-16.528,-45.125
-7.8914,-25.785,-2.9501,14.311,-2.8632,-18.166,-0.24808,3.9631,5.7439,-22.821,-19.773,-48.51
-10.767,-33.119,-8.1741,18.925,-2.7535,-24.493,-2.7984,-0.14713,1.6755,-26.363,-23.024,-51.903
-13.613,-39.799,-13.262,23.301,-2.6606,-30.119,-4.9752,-4.2789,-2.4774,-29.8,-26.201,-55.248
-16.33,-45.755,-17.912,27.394,-2.733,-35,-6.729,-8.2947,-6.6015,-33.042,-29.226,-58.492
-18.849,-50.997,-21.91,31.167,-2.9765,-39.179,-8.0486,-12.049,-10.547,-36.024,-32.034,-61.584
-21.127,-55.589,-25.209,34.595,-3.3053,-42.751,-8.9606,-15.428,-14.164,-38.72,-34.592,-64.477
-23.147,-59.617,-27.903,37.66,-3.6662,-45.833,-9.5271,-18.38,-17.355,-41.141,-36.898,-67.129
-24.918,-63.159,-30.142,40.354,-4.0511,-48.532,-9.8447,-20.919,-20.103,-43.326,-38.97,-69.502
-26.448,-66.261,-32.078,42.675,-4.4209,-50.925,-10.036,-23.092,-22.453,-45.325,-40.835,-71.557
-27.724,-68.94,-33.827,44.62,-4.6875,-53.054,-10.226,-24.949,-24.481,-47.172,-42.511,-73.262
-28.726,-71.2,-35.453,46.192,-4.7716,-54.935,-10.509,-26.527,-26.25,-48.886,-44.006,-74.582
-29.448,-73.043,-36.975,47.405,-4.653,-56.564,-10.923,-27.849,-27.798,-50.469,-45.318,-75.494
-29.915,-74.493,-38.382,48.294,-4.3685,-57.941,-11.446,-28.938,-29.137,-51.922,-46.442,-75.993
-30.175,-75.597,-39.656,48.913,-3.9764,-59.081,-12.022,-29.82,-30.268,-53.25,-47.375,-76.091
-30.287,-76.426,-40.791,49.327,-3.5284,-60.014,-12.585,-30.517,-31.18,-54.459,-48.117,-75.818
-30.308,-77.058,-41.797,49.608,-3.0623,-60.782,-13.079,-31.025,-31.862,-55.552,-48.678,-75.208
-30.285,-77.566,-42.684,49.818,-2.6064,-61.428,-13.473,-31.314,-32.305,-56.527,-49.083,-74.297
-30.257,-78.007,-43.455,50.003,-2.1854,-61.979,-13.758,-31.342,-32.507,-57.375,-49.368,-73.11
-30.25,-78.415,-44.1,50.191,-1.8204,-62.451,-13.943,-31.075,-32.475,-58.089,-49.578,-71.664
-30.274,-78.807,-44.618,50.393,-1.5243,-62.854,-14.05,-30.518,-32.226,-58.674,-49.753,-69.969
-30.33,-79.19,-45.029,50.606,-1.2945,-63.2,-14.106,-29.725,-31.785,-59.151,-49.918,-68.036
-30.41,-79.576,-45.387,50.827,-1.11,-63.517,-14.137,-28.797,-31.19,-59.554,-50.084,-65.891
-30.507,-79.993,-45.771,51.065,-0.93807,-63.852,-14.156,-27.867,-30.499,-59.929,-50.258,-63.581
-30.634,-80.489,-46.263,51.347,-0.75124,-64.262,-14.155,-27.063,-29.791,-60.333,-50.456,-61.178
-30.833,-81.127,-46.91,51.725,-0.5511,-64.806,-14.085,-26.482,-29.161,-60.824,-50.714,-58.776
-31.184,-81.968,-47.692,52.265,-0.38279,-65.513,-13.841,-26.155,-28.693,-61.458,-51.097,-56.475
-31.79,-83.049,-48.515,53.035,-0.33799,-66.37,-13.269,-26.035,-28.424,-62.276,-51.691,-54.361
-32.75,-84.368,-49.232,54.077,-0.52937,-67.321,-12.192,-25.982,-28.299,-63.298,-52.593,-52.489
-34.092,-85.877,-49.71,55.385,-1.0477,-68.28,-10.424,-25.776,-28.148,-64.503,-53.88,-50.879
-35.722,-87.486,-49.887,56.879,-1.91,-69.174,-7.7534,-25.141,-27.685,-65.827,-55.57,-49.512
-37.4,-89.078,-49.82,58.406,-3.002,-69.964,-4.5555,-23.77,-26.538,-67.147,-57.582,-48.328
-38.789,-90.509,-49.715,59.749,-4.0197,-70.649,-5.05,-21.378,-24.31,-68.284,-59.702,-47.212
-39.539,-91.613,-49.876,60.649,-4.4698,-71.246,-12.773,-17.785,-20.723,-69.011,-61.593,-45.978
-39.345,-92.168,-50.584,60.828,-3.792,-71.726,-18.869,-13.146,-15.937,-69.028,-62.836,-44.346
-38.009,-91.865,-51.873,60.013,-1.5928,-71.939,-18.955,-8.6569,-11.419,-67.948,-62.942,-41.917
-36.101,-90.307,-53.368,58.065,2.2177,-71.533,-12.594,-11.047,-14.897,-65.358,-61.45,-38.133
-40.215,-87.21,-54.291,55.764,5.6397,-69.893,1.5973,-35.89,-39.941,-62.016,-58.535,-32.205
-63.709,-84.216,-53.595,59.737,2.4522,-66.407,25.432,-37.212,-39.932,-70.959,-60.497,-23.466
-81.64,-99.277,-50.337,95.359,-3.6037,-63.954,59.918,-26.849,-29.316,-106.27,-102.16,-18.009
-93.095,-166.97,-58.986,129.29,-11.008,-100.1,103.74,-11.948,-14.174,-116.99,-130.62,-76.092
-98.541,-182.31,-75.222,135.88,-19.399,-130.37,152.59,7.6377,5.5925,-121.94,-142.25,-112.73
-93.194,-177.99,-75.408,131.18,-18.771,-128.08,200.97,32.741,30.798,-120.08,-147.25,-114.84
-72.455,-162.91,-82.097,112.78,-5.3464,-123.67,244.77,65.291,63.513,-107.04,-140.86,-109.23
-33.424,-134.39,-95.112,77.867,22.249,-115.88,282.24,108.98,107.76,-78.18,-118.14,-91.029
23.668,-88.29,-109.24,25.105,60.661,-100.04,313.49,168.67,168.4,-28.953,-74.199,-53.779
94.591,-18.955,-113.34,-45.632,100.63,-67.683,341.96,245.36,245.66,45.131,-4.5407,7.277
171.62,81.132,-91.735,-134.14,130.86,-7.1829,374.12,336.11,336.43,148.27,94.743,96.636
245.5,219.82,-27.486,-239.85,137.73,93.959,415.73,444.13,444.45,283.82,227.09,220.99
308.13,401.27,92.357,-360.63,109.87,244.68,468.5,571.58,571.63,452.7,394.32,379.01
354.25,621.9,270.92,-491.83,42.945,444.8,529.26,714.76,714.25,653.02,594.41,564.02
380.76,868.75,497.13,-626.09,-58.256,681.62,591.26,868.63,867.52,879.57,819.58,771.63
387.38,1120.4,746.6,-753.59,-180.67,932.43,646.22,1028.2,1026.7,1122.7,1055.9,988.85
378.1,1348.3,985.78,-862.46,-305.45,1166.3,685.63,1186.6,1185,1368.1,1284.3,1195.8
359.45,1522,1177.5,-940.37,-410.95,1349.2,701.78,1331.9,1330.5,1596.1,1481.6,1369
337.67,1614.6,1289.4,-976.7,-477.66,1451.8,688.84,1446.8,1445.9,1781.4,1623.3,1484.2
316.18,1610.8,1303.8,-965.2,-495.07,1457.5,644,1510.5,1510.2,1896.2,1686.8,1522.1
293.48,1512.1,1224.9,-905.45,-466.91,1368.8,569.83,1503.7,1503.4,1915.6,1657.6,1474.2
262.79,1336.7,1079.3,-802.88,-410.67,1208,476.5,1413.9,1413.3,1824.5,1533.3,1346.8
214.56,1114.2,907.06,-667.16,-351.25,1010.1,379.45,1241.2,1240,1623.6,1325.6,1158.8
141.11,876.91,747.83,-510.64,-311.77,810.87,293.06,1000.3,998.51,1332.2,1058.4,936.23
41.715,652.03,627.76,-347.39,-304.82,637.32,225.05,718.39,716.4,986.2,764.43,707.11
-74.444,457.68,553.25,-191.95,-328.04,501.87,174.24,430.03,428.35,631.97,479.18,495.98
-189.94,301.06,512.14,-56.628,-366.05,402.25,131.87,168.63,167.8,314.79,233.4,319.83
-285.37,178.68,481.72,51.965,-397.97,325.6,85.984,-42.263,-41.881,66.136,45.479,184.04
-346.56,80.281,439.54,132.08,-406.45,255.82,27.434,-194.19,-192.6,-104.09,-83.022,83.747
-368.56,-4.9687,372.51,184.24,-382.75,180.89,-45.11,-292.37,-289.95,-204.36,-159.95,12.32
-355.21,-82.909,279.94,212.63,-328.31,97.251,-124.25,-348.88,-346.21,-248.36,-196.9,-34.96
-315.72,-151.92,171.99,223.42,-253.39,9.1207,-197.44,-375.55,-373.19,-259.29,-209.85,-63.464
-260.9,-206.5,63.293,222.04,-171.46,-74.443,-252.31,-380.78,-379.15,-255.29,-211.21,-79.732
-201.32,-243.58,-33.613,212.12,-94.061,-142.59,-281.4,-369.51,-368.79,-245.84,-207.79,-89.019
-145.99,-261.9,-108.03,187.76,-28.196,-189.47,-284.2,-344.95,-344.97,-234.54,-202.34,-70.747
-99.483,-241.31,-156.94,136.2,22.008,-215.32,-265.47,-312.83,-313.08,-222.02,-194.36,17.36
-63.337,-174.9,-183.63,105.89,54.549,-220.88,-232.18,-277.91,-278.01,-205.45,-141.66,14.174
-38.856,-133.09,-190.1,93.086,69.984,-200.89,-190.67,-239.15,-239.12,-168.66,-101.32,5.8907
-24.851,-116.5,-179.42,83.974,71.107,-152.2,-146.38,-198.51,-198.36,-136.05,-91.746,1.5581
-17.745,-108.19,-156.3,76.005,61.677,-107.54,-106.94,-162.73,-162.46,-116.38,-84.366,-0.21771
-15.153,-102,-125.83,68.825,46.031,-87.683,-75.564,-133.78,-133.37,-102.95,-76.685,-0.46013
-15.801,-96.449,-88.894,62.341,28.691,-80.064,-49.273,-109.91,-109.42,-91.662,-69.072,0.22239
-19.043,-91.382,-62.761,56.572,13.722,-75.817,-31.61,-90.05,-89.526,-81.648,-62.007,1.4387
-18.266,-86.783,-53.544,51.535,5.2321,-72.577,-22.607,-74.571,-74.064,-73.324,-55.798,2.894
-14.485,-82.492,-49.687,47.172,5.7067,-69.932,-19.045,-64.654,-64.14,-67.043,-50.454,4.3335
-11.406,-78.327,-49.152,43.403,6.4338,-67.56,-18.621,-60.456,-59.883,-62.365,-45.771,5.5357
-9.278,-74.248,-50.2,40.178,7.0472,-65.056,-19.349,-60.708,-60.141,-58.462,-41.522,6.3231
-7.8185,-70.391,-50.922,37.473,7.6654,-62.235,-18.551,-63.656,-63.366,-54.804,-37.616,6.5625
-6.7755,-66.955,-50.112,35.259,8.0062,-59.256,-16.798,-65.434,-65.432,-51.309,-34.108,6.1537
-5.9785,-64.083,-48.041,33.488,7.8828,-56.45,-15.183,-64.496,-64.5,-48.117,-31.116,5.027
-5.3129,-61.814,-45.648,32.087,7.5316,-54.082,-13.899,-62.567,-62.472,-45.388,-28.729,3.1641
-4.6981,-60.09,-43.546,30.968,7.1852,-52.257,-13.027,-60.613,-60.458,-43.203,-26.955,0.63395
-4.0815,-58.784,-41.965,30.038,6.9396,-50.935,-12.542,-58.923,-58.794,-41.543,-25.716,-2.3866
-3.4396,-57.741,-40.894,29.209,6.8125,-49.979,-12.317,-57.496,-57.476,-40.311,-24.863,-5.6326
-2.7739,-56.812,-40.175,28.412,6.784,-49.22,-12.194,-56.192,-56.335,-39.361,-24.211,-8.8058
-2.0997,-55.885,-39.611,27.596,6.8184,-48.51,-12.049,-54.827,-55.171,-38.537,-23.583,-11.64
-1.4334,-54.893,-39.046,26.735,6.8771,-47.754,-11.81,-53.252,-53.832,-37.709,-22.844,-13.954
-0.78228,-53.807,-38.387,25.813,6.9229,-46.908,-11.467,-51.382,-52.238,-36.78,-21.919,-15.67
-0.14342,-52.624,-37.587,24.829,6.9306,-45.963,-11.06,-49.21,-50.379,-35.698,-20.796,-16.81
0.49545,-51.346,-36.627,23.776,6.8869,-44.925,-10.655,-46.807,-48.297,-34.449,-19.505,-17.459
1.1473,-49.969,-35.495,22.648,6.7874,-43.797,-10.315,-44.297,-46.052,-33.042,-18.094,-17.73
1.8187,-48.473,-34.173,21.433,6.6303,-42.564,-10.082,-41.832,-43.708,-31.502,-16.606,-17.721
2.5077,-46.833,-32.631,20.121,6.4139,-41.202,-9.9632,-39.514,-41.293,-29.852,-15.064,-17.491
3.2083,-45.024,-30.844,18.708,6.1421,-39.683,-9.9381,-37.369,-38.804,-28.107,-13.466,-17.057
3.914,-43.033,-28.814,17.192,5.829,-37.994,-9.9783,-35.325,-36.213,-26.266,-11.794,-16.4
4.625,-40.863,-26.577,15.578,5.4964,-36.14,-10.049,-33.26,-33.505,-24.321,-10.021,-15.484
5.3492,-38.527,-24.188,13.869,5.1637,-34.139,-10.118,-31.062,-30.703,-22.264,-8.1188,-14.282
6.1051,-36.031,-21.696,12.061,4.8391,-32.01,-10.18,-28.664,-27.855,-20.101,-6.0657,-12.787
6.9184,-33.36,-19.117,10.133,4.5187,-29.756,-10.248,-26.092,-25.037,-17.851,-3.8494,-11.018
7.8194,-30.468,-16.441,8.0506,4.1934,-27.357,-10.354,-23.446,-22.313,-15.547,-1.4644,-9.0181
8.8399,-27.295,-13.658,5.7736,3.8582,-24.781,-10.538,-20.863,-19.723,-13.217,1.091,-6.8382
10.01,-23.779,-10.781,3.267,3.5175,-21.997,-10.836,-18.463,-17.283,-10.872,3.8199,-4.5296
11.354,-19.882,-7.8451,0.51501,3.1836,-18.984,-11.267,-16.318,-14.994,-8.4976,6.7333,-2.1363
12.886,-15.596,-4.8945,-2.475,2.8713,-15.731,-11.83,-14.434,-12.847,-6.0511,9.8567,0.30818
14.612,-10.94,-1.963,-5.6752,2.5939,-12.24,-12.507,-12.764,-10.824,-3.4684,13.236,2.7798
16.536,-5.9551,0.93215,-9.0458,2.3634,-8.5183,-13.269,-11.236,-8.8987,-0.67584,16.939,5.2618
18.668,-0.69019,3.7867,-12.547,2.1926,-4.5801,-14.095,-9.7756,-7.041,2.3953,21.059,7.7463
21.035,4.8064,6.6021,-16.149,2.0958,-0.44086,-14.975,-8.3292,-5.226,5.7971,25.704,10.24
23.689,10.496,9.3773,-19.839,2.0868,3.887,-15.916,-6.8657,-3.4384,9.5609,30.985,12.768
26.712,16.349,12.1,-23.62,2.1752,8.3925,-16.933,-5.3688,-1.6759,13.705,37,15.376
30.2,22.333,14.738,-27.506,2.3652,13.054,-18.05,-3.8298,0.051311,18.251,43.806,18.122
34.27,28.4,17.239,-31.513,2.6585,17.824,-19.293,-2.2448,1.725,23.249,51.411,21.074
38.986,34.486,19.536,-35.66,3.0592,22.623,-20.693,-0.61813,3.3259,28.79,59.784,24.307
44.33,40.527,21.579,-39.97,3.5719,27.362,-22.29,1.0343,4.8411,35.015,68.874,27.901
50.186,46.489,23.351,-44.477,4.195,31.97,-24.134,2.6844,6.267,42.089,78.618,31.928
56.372,52.388,24.879,-49.236,4.9178,36.43,-26.29,4.2975,7.6092,50.144,88.908,36.44
62.725,58.302,26.226,-54.334,5.726,40.783,-28.832,5.8434,8.8792,59.192,99.55,41.445
69.146,64.359,27.463,-59.898,6.6158,45.105,-31.836,7.3059,10.09,69.061,110.27,46.893
75.649,70.71,28.639,-66.095,7.6083,49.467,-35.371,8.6865,11.255,79.417,120.8,52.685
82.298,77.502,29.769,-73.096,8.7567,53.897,-39.484,10.001,12.382,89.892,130.99,58.687
89.159,84.848,30.835,-81.024,10.147,58.366,-44.192,11.274,13.479,100.23,140.83,64.764
96.272,92.803,31.803,-89.877,11.896,62.808,-49.458,12.523,14.55,110.34,150.4,70.805
103.65,101.35,32.642,-99.49,14.139,67.138,-55.188,13.762,15.597,120.27,159.82,76.739
111.28,110.39,33.332,-109.56,17.003,71.281,-61.238,14.982,16.61,130.07,169.19,82.524
119.14,119.77,33.872,-119.77,20.528,75.193,-67.45,16.156,17.564,139.79,178.57,88.126
127.19,129.35,34.279,-129.86,24.6,78.875,-73.69,17.242,18.422,149.41,187.96,93.509
135.37,139.04,34.593,-139.69,28.968,82.377,-79.883,18.19,19.135,158.84,197.29,98.62
143.63,148.78,34.869,-149.24,33.369,85.784,-86.014,18.957,19.654,167.98,206.48,103.41
151.9,158.55,35.168,-158.52,37.628,89.184,-92.118,19.516,19.94,176.72,215.42,107.84
160.13,168.25,35.531,-167.55,41.666,92.635,-98.256,19.852,19.971,184.98,224,111.89
168.27,177.73,35.974,-176.29,45.479,96.14,-104.49,19.961,19.744,192.73,232.17,115.57
176.27,186.78,36.484,-184.67,49.104,99.65,-110.86,19.84,19.269,199.92,239.88,118.89
184.04,195.2,37.029,-192.58,52.586,103.09,-117.38,19.484,18.561,206.52,247.15,121.87
191.51,202.89,37.571,-199.92,55.951,106.37,-124.01,18.881,17.632,212.46,253.94,124.48
198.61,209.78,38.074,-206.65,59.193,109.44,-130.68,18.015,16.487,217.68,260.23,126.66
205.3,215.9,38.512,-212.76,62.292,112.24,-137.3,16.865,15.12,222.18,265.95,128.34
211.55,221.3,38.867,-218.28,65.23,114.77,-143.75,15.411,13.518,225.96,271.02,129.43
217.34,226.04,39.124,-223.23,67.99,117,-149.94,13.635,11.666,229.09,275.41,129.86
222.61,230.18,39.278,-227.64,70.55,118.94,-155.78,11.523,9.5515,231.65,279.15,129.57
227.3,233.74,39.325,-231.51,72.874,120.61,-161.24,9.073,7.1634,233.73,282.3,128.54
231.36,236.78,39.269,-234.85,74.935,122.01,-166.32,6.2969,4.5016,235.42,285,126.77
234.8,239.32,39.116,-237.71,76.734,123.14,-171.07,3.2248,1.578,236.79,287.37,124.26
237.73,241.42,38.875,-240.14,78.31,124.02,-175.57,-0.086847,-1.5795,237.88,289.48,120.97
240.26,243.09,38.553,-242.21,79.728,124.64,-179.93,-3.55,-4.9231,238.67,291.38,116.88
242.54,244.38,38.159,-244,81.065,124.99,-184.27,-7.0457,-8.379,239.11,293.04,111.91
244.72,245.28,37.701,-245.55,82.398,125.07,-188.72,-10.434,-11.84,239.13,294.36,106.02
246.88,245.74,37.184,-246.85,83.815,124.85,-193.38,-13.575,-15.164,238.62,295.22,99.153
249.04,245.68,36.61,-247.82,85.416,124.3,-198.3,-16.343,-18.178,237.47,295.47,91.317
251.06,244.97,35.984,-248.31,87.293,123.39,-203.35,-18.639,-20.704,235.53,294.91,82.55
252.6,243.47,35.32,-248.1,89.433,122.1,-208,-20.38,-22.59,232.66,293.33,72.944
252.99,241.04,34.653,-246.89,91.53,120.42,-211.32,-21.497,-23.739,228.7,290.48,62.641
251.4,237.54,34.025,-244.34,92.841,118.35,-212.21,-21.925,-24.115,223.54,286.12,51.813
247.16,232.81,33.48,-240.1,92.475,115.89,-209.89,-21.624,-23.737,217.07,280.02,40.632
240,226.7,33.051,-233.9,89.963,113.06,-204.01,-20.586,-22.659,209.27,272.03,29.243
230.13,219.06,32.753,-225.58,85.396,109.87,-194.5,-18.844,-20.957,200.16,262.12,17.767
217.94,209.75,32.58,-215.19,79.135,106.3,-181.33,-16.467,-18.715,189.88,250.4,6.3027
203.9,198.7,32.506,-202.93,71.587,102.34,-164.47,-13.542,-16.019,178.69,237.17,-5.0541
188.55,185.89,32.494,-189.17,63.146,97.971,-144.35,-10.168,-12.947,166.9,222.81,-16.206
172.39,171.48,32.507,-174.29,54.174,93.159,-122.14,-6.4482,-9.5633,154.82,207.72,-27.062
155.87,155.78,32.51,-158.62,44.976,87.888,-99.35,-2.4935,-5.9217,142.61,192.2,-37.558
139.38,139.3,32.48,-142.4,35.799,82.165,-76.986,1.5825,-2.0797,130.31,176.48,-47.678
123.19,122.71,32.403,-125.74,26.856,76.036,-55.427,5.6697,1.8897,117.8,160.64,-57.474
107.44,106.65,32.274,-108.77,18.387,69.581,-34.759,9.6696,5.8942,104.96,144.71,-67.069
92.247,91.6,32.091,-91.788,10.694,62.898,-15.118,13.499,9.8323,91.758,128.66,-76.639
77.64,77.72,31.844,-75.413,4.105,56.087,3.2205,17.092,13.607,78.421,112.45,-86.387
63.605,64.909,31.512,-60.442,-1.1486,49.228,19.816,20.395,17.138,65.438,96.13,-96.496
50.042,52.917,31.058,-47.385,-5.0876,42.377,33.879,23.368,20.359,53.413,79.953,-107.07
36.887,41.495,30.435,-36.186,-8.0677,35.57,44.076,25.973,23.215,42.791,64.49,-118.06
24.558,30.499,29.597,-26.422,-10.556,28.835,49.607,28.182,25.662,33.713,50.469,-129.25
14.12,19.916,28.515,-17.665,-12.783,22.207,52.02,29.964,27.662,26.065,38.399,-140.26
6.3197,9.8389,27.184,-9.6745,-14.732,15.745,53.457,31.292,29.194,19.612,28.329,-150.69
0.82094,0.4229,25.626,-2.3969,-16.349,9.528,54.58,32.146,30.255,14.102,19.953,-160.24
-3.1911,-8.1766,23.887,4.1268,-17.631,3.6516,55.209,32.516,30.863,9.3324,12.864,-168.73
-6.3339,-15.845,22.021,9.8465,-18.613,-1.7974,55.151,32.414,31.048,5.1591,6.7228,-176.13
-8.932,-22.534,20.079,14.752,-19.344,-6.7529,54.402,31.878,30.852,1.4937,1.3068,-182.49
-11.136,-28.258,18.11,18.883,-19.868,-11.178,53.067,30.966,30.316,-1.7187,-3.509,-187.92
-13.02,-33.086,16.157,22.318,-20.224,-15.068,51.26,29.751,29.484,-4.5201,-7.7904,-192.55
-14.632,-37.112,14.261,25.154,-20.445,-18.443,49.067,28.305,28.394,-6.954,-11.575,-196.52
-16.007,-40.443,12.457,27.485,-20.557,-21.338,46.548,26.694,27.082,-9.0695,-14.887,-199.95
-17.168,-43.18,10.77,29.397,-20.578,-23.803,43.756,24.98,25.585,-10.918,-17.748,-202.97
-18.13,-45.416,9.2096,30.954,-20.52,-25.888,40.744,23.217,23.943,-12.543,-20.17,-205.68
-18.893,-47.23,7.7669,32.207,-20.388,-27.647,37.571,21.45,22.201,-13.974,-22.169,-208.15
-19.45,-48.686,6.4171,33.187,-20.181,-29.132,34.3,19.72,20.412,-15.217,-23.759,-210.44
-19.792,-49.835,5.124,33.914,-19.897,-30.389,31,18.062,18.634,-16.263,-24.963,-212.54
-19.912,-50.712,3.858,34.398,-19.534,-31.455,27.751,16.506,16.922,-17.098,-25.809,-214.43
-19.823,-51.337,2.6154,34.649,-19.098,-32.346,24.635,15.078,15.325,-17.716,-26.338,-216.04
-19.553,-51.719,1.4302,34.685,-18.599,-33.055,21.738,13.798,13.883,-18.132,-26.598,-217.27
-19.15,-51.865,0.36599,34.531,-18.057,-33.565,19.137,12.679,12.626,-18.378,-26.651,-218
-18.664,-51.79,-0.51337,34.221,-17.492,-33.858,16.891,11.73,11.582,-18.496,-26.567,-218.06
-18.137,-51.528,-1.1776,33.797,-16.919,-33.944,15.035,10.955,10.771,-18.525,-26.413,-217.23
-17.603,-51.134,-1.6469,33.307,-16.344,-33.858,13.573,10.359,10.2,-18.493,-26.236,-215.19
-17.088,-50.68,-1.9812,32.801,-15.769,-33.665,12.483,9.9502,9.8663,-18.417,-26.063,-211.55
-16.615,-50.232,-2.251,32.32,-15.196,-33.429,11.717,9.7313,9.7494,-18.31,-25.892,-205.94
-16.2,-49.838,-2.5091,31.894,-14.64,-33.201,11.211,9.6964,9.8196,-18.182,-25.707,-198.08
-15.849,-49.52,-2.78,31.536,-14.122,-33.007,10.891,9.8216,10.043,-18.05,-25.491,-187.97
-15.561,-49.272,-3.0654,31.242,-13.659,-32.853,10.681,10.064,10.39,-17.935,-25.233,-175.88
-15.322,-49.073,-3.3546,30.996,-13.263,-32.729,10.515,10.368,10.833,-17.859,-24.931,-162.41
-15.117,-48.889,-3.6288,30.771,-12.936,-32.616,10.346,10.682,11.348,-17.841,-24.598,-148.23
-14.93,-48.677,-3.8586,30.539,-12.672,-32.483,10.149,10.965,11.913,-17.891,-24.249,-133.87
-14.748,-48.39,-4.0021,30.266,-12.471,-32.294,9.9274,11.202,12.5,-18.007,-23.903,-119.52
-14.564,-47.983,-4.0094,29.927,-12.333,-32.004,9.6988,11.397,13.075,-18.179,-23.579,-105.16
-14.38,-47.425,-3.8349,29.508,-12.267,-31.578,9.4894,11.57,13.602,-18.393,-23.292,-90.647
-14.199,-46.703,-3.4512,29.004,-12.279,-30.991,9.3295,11.743,14.05,-18.634,-23.056,-75.936
-14.025,-45.83,-2.8573,28.426,-12.374,-30.242,9.2538,11.941,14.401,-18.887,-22.871,-61.061
-13.86,-44.831,-2.0738,27.788,-12.548,-29.347,9.3042,12.184,14.665,-19.134,-22.726,-46.162
-13.694,-43.729,-1.1307,27.101,-12.792,-28.332,9.5297,12.497,14.876,-19.348,-22.596,-31.425
-13.508,-42.531,-0.056114,26.363,-13.09,-27.215,9.9834,12.907,15.094,-19.492,-22.433,-17.002
-13.278,-41.22,1.1286,25.554,-13.427,-26.003,10.717,13.453,15.393,-19.521,-22.176,-2.9251
-12.977,-39.762,2.4078,24.645,-13.785,-24.688,11.776,14.176,15.84,-19.387,-21.757,10.9
-12.587,-38.121,3.7717,23.606,-14.151,-23.254,13.196,15.113,16.492,-19.06,-21.114,24.623
-12.101,-36.266,5.2217,22.417,-14.519,-21.678,14.999,16.286,17.385,-18.53,-20.215,38.381
-11.523,-34.177,6.7718,21.069,-14.891,-19.927,17.202,17.702,18.536,-17.807,-19.065,52.228
-10.864,-31.836,8.4421,19.56,-15.269,-17.968,19.817,19.351,19.954,-16.921,-17.704,66.084
-10.139,-29.23,10.248,17.894,-15.658,-15.765,22.852,21.211,21.63,-15.903,-16.19,79.701
-9.3606,-26.344,12.197,16.074,-16.06,-13.283,26.313,23.251,23.544,-14.782,-14.585,92.71
-8.5447,-23.159,14.293,14.1,-16.482,-10.488,30.186,25.437,25.664,-13.575,-12.931,104.73
-7.7051,-19.649,16.538,11.972,-16.935,-7.3441,34.433,27.737,27.948,-12.283,-11.254,115.49
-6.8527,-15.795,18.923,9.6909,-17.43,-3.8268,38.973,30.125,30.357,-10.898,-9.554,124.87
-5.9908,-11.602,21.411,7.2643,-17.965,0.056581,43.683,32.581,32.857,-9.4027,-7.8222,132.94
-5.1138,-7.1176,23.933,4.7122,-18.516,4.2458,48.405,35.088,35.423,-7.7847,-6.0464,139.82
-4.2118,-2.435,26.399,2.0681,-19.047,8.6261,52.976,37.621,38.035,-6.0462,-4.2227,145.72
-3.2801,2.322,28.729,-0.62319,-19.524,13.056,57.249,40.144,40.671,-4.2147,-2.3609,150.82
-2.3299,7.0361,30.881,-3.3105,-19.933,17.414,61.106,42.61,43.3,-2.3443,-0.48309,155.26
-1.3945,11.633,32.865,-5.9438,-20.296,21.649,64.457,44.969,45.878,-0.50644,1.3831,159.17
-0.52572,16.104,34.737,-8.4836,-20.662,25.793,67.241,47.179,48.351,1.2297,3.2126,162.61
0.2219,20.494,36.569,-10.909,-21.088,29.941,69.42,49.211,50.661,2.8174,4.9885,165.59
0.81318,24.879,38.422,-13.22,-21.618,34.203,70.993,51.045,52.755,4.2435,6.7023,168.08
1.2485,29.315,40.321,-15.435,-22.272,38.642,72.001,52.664,54.583,5.5235,8.349,170
1.5646,33.806,42.248,-17.574,-23.039,43.232,72.51,54.044,56.103,6.6846,9.922,171.26
1.8208,38.287,44.159,-19.651,-23.864,47.858,72.6,55.152,57.283,7.7469,11.408,171.75
2.0816,42.634,45.988,-21.661,-24.661,52.342,72.339,55.961,58.102,8.7107,12.781,171.4
2.4061,46.689,47.664,-23.58,-25.33,56.484,71.771,56.45,58.554,9.5522,14.006,170.16
2.8426,50.287,49.121,-25.372,-25.8,60.103,70.91,56.611,58.646,10.23,15.034,168.03
3.4257,53.284,50.32,-26.995,-26.056,63.051,69.74,56.441,58.392,10.697,15.813,165.07
4.1683,55.578,51.26,-28.4,-26.155,65.222,68.227,55.934,57.808,10.915,16.299,161.33
5.0491,57.112,51.969,-29.539,-26.216,66.549,66.327,55.086,56.901,10.863,16.475,156.89
6.0005,57.866,52.474,-30.356,-26.37,66.992,64.012,53.894,55.674,10.543,16.351,151.8
6.91,57.836,52.757,-30.789,-26.641,66.536,61.293,52.372,54.125,9.977,15.956,146.07
7.6435,57.022,52.722,-30.778,-26.832,65.186,58.214,50.545,52.257,9.1866,15.325,139.69
8.0865,55.421,52.212,-30.283,-26.583,62.976,54.839,48.45,50.081,8.1863,14.486,132.66
8.1821,53.048,51.07,-29.291,-25.582,59.971,51.229,46.122,47.616,6.9751,13.453,124.94
7.9424,49.93,49.206,-27.817,-23.744,56.267,47.435,43.591,44.894,5.5446,12.233,116.56
7.4276,46.104,46.611,-25.886,-21.215,51.964,43.517,40.878,41.952,3.8916,10.829,107.59
6.708,41.606,43.334,-23.519,-18.247,47.138,39.541,37.995,38.833,2.0279,9.2457,98.145
5.8321,36.451,39.45,-20.727,-15.104,41.829,35.58,34.942,35.57,-0.023393,7.4864,88.364
4.8142,30.644,35.062,-17.521,-12.07,36.028,31.688,31.712,32.181,-2.2419,5.5466,78.371
3.6351,24.177,30.313,-13.912,-9.4682,29.705,27.887,28.286,28.663,-4.6276,3.4114,68.27
2.2488,17.054,25.393,-9.9213,-7.6113,22.841,24.163,24.646,25.001,-7.2089,1.0565,58.137
0.59371,9.3132,20.49,-5.5814,-6.6298,15.471,20.48,20.777,21.17,-10.033,-1.5434,48.037
-1.3834,1.0668,15.704,-0.93936,-6.346,7.7238,16.811,16.672,17.152,-13.145,-4.4014,38.038
-3.6969,-7.4764,10.995,3.9328,-6.3577,-0.16053,13.161,12.333,12.937,-16.558,-7.5029,28.23
-6.3011,-16.016,6.2469,8.9317,-6.323,-7.861,9.587,7.764,8.523,-20.234,-10.794,18.722
-9.0991,-24.22,1.4088,13.929,-6.1728,-15.053,6.1923,2.9808,3.9153,-24.08,-14.177,9.6372
-11.975,-31.809,-3.4145,18.789,-6.0462,-21.505,3.1094,-1.9889,-0.86685,-27.961,-17.525,1.0949
-14.822,-38.628,-8.0131,23.397,-6.0875,-27.13,0.46391,-7.088,-5.7761,-31.732,-20.704,-6.8016
-17.555,-44.654,-12.205,27.674,-6.3277,-31.972,-1.6593,-12.21,-10.716,-35.263,-23.601,-13.978
-20.108,-49.962,-15.925,31.579,-6.701,-36.153,-3.2377,-17.199,-15.539,-38.473,-26.154,-20.394
-22.433,-54.661,-19.224,35.095,-7.1154,-39.82,-4.3135,-21.879,-20.075,-41.336,-28.354,-26.043
-24.497,-58.851,-22.222,38.22,-7.4867,-43.101,-4.9818,-26.128,-24.196,-43.883,-30.239,-30.946
-26.274,-62.593,-25.032,40.954,-7.7397,-46.082,-5.3702,-29.906,-27.856,-46.176,-31.88,-35.147
-27.743,-65.91,-27.722,43.295,-7.817,-48.805,-5.6135,-33.254,-31.092,-48.285,-33.354,-38.706
-28.899,-68.803,-30.288,45.246,-7.6973,-51.273,-5.8252,-36.236,-33.981,-50.263,-34.724,-41.684
-29.76,-71.27,-32.686,46.826,-7.4003,-53.472,-6.0712,-38.896,-36.6,-52.13,-36.025,-44.143
-30.374,-73.329,-34.856,48.073,-6.9733,-55.394,-6.3689,-41.239,-38.993,-53.873,-37.258,-46.135
-30.803,-75.021,-36.765,49.041,-6.469,-57.044,-6.6943,-43.235,-41.165,-55.461,-38.398,-47.704
-31.112,-76.405,-38.413,49.796,-5.927,-58.449,-7.0041,-44.842,-43.082,-56.854,-39.411,-48.886
-31.344,-77.549,-39.831,50.399,-5.3661,-59.645,-7.2563,-46.036,-44.691,-58.022,-40.268,-49.717
-31.517,-78.511,-41.066,50.895,-4.7893,-60.672,-7.4206,-46.821,-45.947,-58.948,-40.961,-50.243
-31.636,-79.337,-42.156,51.313,-4.1959,-61.56,-7.4805,-47.239,-46.833,-59.634,-41.501,-50.519
-31.694,-80.054,-43.126,51.667,-3.5911,-62.33,-7.4311,-47.356,-47.379,-60.095,-41.914,-50.614
-31.693,-80.678,-43.992,51.962,-2.9896,-62.996,-7.2787,-47.253,-47.657,-60.361,-42.224,-50.603
-31.637,-81.223,-44.77,52.201,-2.4105,-63.573,-7.0439,-47.014,-47.772,-60.464,-42.446,-50.562
-31.536,-81.701,-45.482,52.387,-1.8689,-64.079,-6.7639,-46.718,-47.839,-60.441,-42.587,-50.563
-31.401,-82.125,-46.158,52.526,-1.3654,-64.539,-6.4929,-46.44,-47.955,-60.325,-42.648,-50.67
-31.239,-82.512,-46.833,52.628,-0.89043,-64.978,-6.2878,-46.238,-48.175,-60.157,-42.646,-50.934
-31.061,-82.891,-47.539,52.714,-0.42942,-65.428,-6.1763,-46.146,-48.505,-59.986,-42.618,-51.395
-30.901,-83.308,-48.303,52.822,0.024455,-65.926,-6.1162,-46.163,-48.908,-59.872,-42.629,-52.088
-30.818,-83.825,-49.124,53.011,0.45674,-66.506,-5.9633,-46.223,-49.291,-59.89,-42.769,-53.06
-30.905,-84.508,-49.977,53.356,0.82149,-67.188,-5.4647,-46.207,-49.521,-60.123,-43.152,-54.377
-31.273,-85.414,-50.796,53.936,1.0471,-67.97,-4.2764,-45.947,-49.427,-60.652,-43.902,-56.122
-32.012,-86.574,-51.506,54.804,1.0627,-68.832,-1.9888,-45.227,-48.797,-61.534,-45.138,-58.383
-33.13,-87.97,-52.067,55.955,0.84352,-69.749,1.6882,-43.785,-47.378,-62.742,-46.908,-61.226
-34.486,-89.531,-52.514,57.308,0.46286,-70.712,5.2936,-41.31,-44.873,-64.144,-49.155,-64.673
-35.77,-91.139,-52.986,58.669,0.13362,-71.715,1.1674,-37.512,-41.009,-65.513,-51.676,-68.671
-36.563,-92.602,-53.696,59.757,0.21171,-72.748,-11.901,-32.347,-35.792,-66.553,-54.127,-73.054
-36.422,-93.667,-54.844,60.241,1.1041,-73.76,-18.532,-26.72,-30.263,-66.924,-56.04,-77.484
-34.972,-94,-56.449,59.776,3.1,-74.594,-16.457,-24.607,-28.73,-66.225,-56.862,-81.377
-32.292,-93.177,-58.213,58.087,6.3829,-74.92,-6.856,-38.331,-42.799,-63.973,-55.99,-83.877
-32.007,-90.776,-59.53,55.377,8.6845,-74.171,11.497,-54.402,-57.703,-60.2,-53.121,-84.047
-51.482,-87.389,-59.6,54.979,4.7913,-71.694,40.155,-48.422,-51.436,-62.553,-51.375,-81.618
-77.168,-93.592,-58.052,77.16,-0.45967,-69.031,79.469,-35.745,-38.311,-99.521,-84.588,-80.705
-90.285,-155.24,-67.241,122.77,-6.0798,-95.884,126.86,-17.787,-19.755,-114.89,-126.8,-112.99
-97.396,-182.19,-77.632,134.92,-16.523,-131.17,176.83,5.5463,4.1615,-120.9,-139.77,-149.67
-94.88,-180.07,-77.935,133.58,-14.54,-129.52,223.77,34.751,33.822,-120.59,-146.03,-161.01
-77.608,-167.16,-85.081,119.39,0.74431,-125.54,264.67,71.228,70.723,-109.29,-141.04,-162.55
-41.855,-141.14,-98.981,89.334,29.159,-118.4,298.89,117.98,118.04,-82.092,-119.84,-150.28
12.717,-98.36,-114.2,41.737,66.505,-103.69,328.16,178.97,179.6,-34.443,-77.529,-119.56
82.094,-33.696,-119.29,-23.94,103.58,-73.348,357.8,255.38,256.34,37.736,-9.7028,-66.473
158.63,60.078,-98.688,-107.96,129.64,-16.274,394.29,346.04,347.24,137.62,87.434,12.702
232.91,191.6,-35.69,-210.36,132.58,80.06,441.8,452.53,453.93,267.66,217.36,122.99
296.51,366.91,83.014,-329.6,101.29,225.75,500.01,575.3,576.65,429.59,382.3,269.13
344.15,583.86,261.06,-461.1,31.333,422.07,563.62,712.32,713.4,623.91,580.81,450.57
373.01,829.84,488.09,-597.26,-72.356,657.34,623.93,860.16,861.06,846.53,805.4,658.86
382.29,1083.5,740.31,-728.06,-196.95,909.06,671.54,1015,1015.9,1089,1042.3,878.77
375.19,1317.1,984.43,-841.79,-324.19,1146.7,698.02,1171.2,1171.9,1338.7,1272.4,1089.8
357.88,1500.3,1183.3,-926.49,-432.44,1336.7,697.07,1318.6,1319,1577.3,1472.9,1268.5
336.68,1606.1,1304.2,-971.61,-501.81,1449.1,665.69,1441.3,1441.2,1780.4,1619.1,1391.5
315.51,1617.3,1328.2,-970.04,-521.36,1465.8,604.83,1518.4,1517.8,1919.2,1688.3,1439.5
293.73,1532.3,1256.9,-919.82,-493.42,1386.9,520.1,1528.8,1528.2,1965.4,1665,1402.7
265.22,1366.5,1113.1,-824.95,-433.35,1232.1,422.87,1457.9,1457.8,1899.7,1545.8,1283.9
220.12,1148.2,935.86,-694.34,-366.08,1035,328.69,1303,1303.6,1718.2,1341.3,1099.3
149.79,910.53,767.41,-540.23,-317.5,832.85,250.44,1075.8,1077.1,1436.8,1075.5,873.83
52.84,682.81,638.63,-376.87,-303.42,655.28,191.57,801.1,803.08,1090.4,781.08,636.42
-61.794,485.17,559.25,-219.21,-323.18,517.09,146.57,512.32,514.83,726.74,494.24,414.37
-177.1,326.02,518.11,-80.323,-361.27,417.08,106.15,243.2,246.02,394.97,246.22,228.06
-274.26,202.29,491.97,32.159,-395.67,342.44,60.823,19.287,21.995,130.68,55.89,86.455
-339.18,103.65,457.52,116.28,-407.65,276.6,3.6618,-147.92,-145.8,-53.61,-74.672,-13.133
-366.08,18.925,400.2,172.87,-389.04,206.22,-66.378,-260.53,-259.24,-168.98,-153.88,-79.372
-357.44,-58.794,315.04,205.6,-340.03,125.5,-142.88,-328.69,-328.05,-227.81,-193.64,-120.97
-321.45,-130.16,208.4,220.04,-266.9,37.571,-214.02,-364.02,-363.56,-249.06,-208.88,-145.78
-268.35,-190.32,96.3,221.63,-183.81,-48.788,-267.55,-375.31,-374.57,-251.4,-211.71,-160.22
-208.99,-233.84,-5.3901,214.39,-104.82,-122.61,-296.21,-367.64,-366.35,-245.86,-209.41,-168.28
-153.34,-258.9,-86.242,192.54,-37.303,-175.56,-299.33,-345.42,-343.66,-237.18,-205.06,-169.36
-106.18,-257,-142.47,137.51,15.579,-207.57,-280.24,-315.57,-314.04,-226.56,-198.96,-116.29
-68.596,-214.79,-177.31,105.45,51.272,-222.21,-245.32,-282.2,-281.52,-212.36,-170.52,-80.689
-42.334,-169.11,-191.81,94.94,69.434,-220.81,-203.19,-244.49,-244.52,-165.9,-130.37,-78.927
-27.372,-143.17,-187.51,88.487,72.772,-199.29,-161.31,-202.72,-202.77,-132.2,-117.55,-79.742
-19.836,-128.65,-168.33,82.22,64.927,-155.75,-126.29,-162.42,-161.98,-115.65,-109.31,-79.385
-16.874,-118.46,-139.42,75.869,49.833,-114.84,-95.964,-129.08,-128.44,-103.41,-101.21,-77.71
-17.246,-109.8,-106.04,69.594,32.067,-93.868,-67.664,-103.05,-102.52,-92.783,-92.93,-75.028
-20.404,-102.01,-74.152,63.562,16.152,-83.694,-46.629,-82.997,-82.603,-83.07,-84.692,-71.668
-19.857,-95.163,-56.391,57.923,5.9878,-77.281,-33.668,-68.752,-68.432,-74.563,-76.887,-67.901
-16.328,-89.239,-48.67,52.786,5.6821,-72.759,-26.356,-60.52,-60.212,-67.632,-69.899,-63.942
-13.152,-83.977,-46.569,48.188,6.8547,-69.434,-22.986,-57.571,-57.263,-62.172,-63.906,-59.943
-10.736,-79.028,-47.265,44.112,7.0968,-66.542,-22.58,-58.225,-57.998,-57.644,-58.821,-55.997
-8.9217,-74.183,-48.643,40.521,6.946,-63.36,-23.968,-59.6,-59.639,-53.504,-54.383,-52.154
-7.5301,-69.494,-48.625,37.383,6.9673,-59.61,-23.921,-58.203,-58.593,-49.517,-50.374,-48.456
-6.4254,-65.17,-46.022,34.672,6.7522,-55.571,-22.614,-54.865,-55.355,-45.753,-46.749,-44.953
-5.5032,-61.398,-41.888,32.357,6.1804,-51.73,-21.437,-51.289,-51.659,-42.393,-43.589,-41.703
-4.6768,-58.261,-37.701,30.397,5.4984,-48.433,-20.586,-48.111,-48.264,-39.574,-40.979,-38.756
-3.8773,-55.747,-34.217,28.74,4.93,-45.825,-20.019,-45.525,-45.439,-37.336,-38.927,-36.123
-3.0603,-53.776,-31.711,27.325,4.5926,-43.894,-19.658,-43.497,-43.189,-35.612,-37.345,-33.756
-2.2111,-52.229,-30.136,26.087,4.5031,-42.524,-19.408,-41.841,-41.323,-34.264,-36.066,-31.557
-1.341,-50.963,-29.239,24.963,4.6029,-41.538,-19.186,-40.321,-39.577,-33.121,-34.894,-29.399
-0.47476,-49.839,-28.687,23.897,4.7988,-40.749,-18.928,-38.734,-37.719,-32.021,-33.647,-27.161
0.36435,-48.74,-28.17,22.844,4.9991,-39.995,-18.607,-36.964,-35.612,-30.84,-32.198,-24.757
1.1679,-47.582,-27.475,21.768,5.1448,-39.164,-18.229,-34.989,-33.238,-29.506,-30.491,-22.143
1.9431,-46.325,-26.518,20.647,5.216,-38.208,-17.822,-32.856,-30.689,-27.997,-28.539,-19.318
2.7053,-44.971,-25.334,19.475,5.2266,-37.136,-17.424,-30.643,-28.115,-26.325,-26.402,-16.31
3.4678,-43.548,-24.033,18.258,5.2082,-35.995,-17.068,-28.41,-25.652,-24.521,-24.151,-13.155
4.2375,-42.088,-22.724,17.013,5.1907,-34.83,-16.775,-26.187,-23.384,-22.613,-21.844,-9.8863
5.0114,-40.608,-21.46,15.75,5.1892,-33.665,-16.551,-23.968,-21.31,-20.616,-19.507,-6.5186
5.7833,-39.101,-20.232,14.469,5.2007,-32.487,-16.381,-21.733,-19.377,-18.529,-17.138,-3.0528
6.5487,-37.539,-18.988,13.159,5.2104,-31.263,-16.24,-19.452,-17.5,-16.344,-14.717,0.51249
7.3148,-35.891,-17.682,11.803,5.2024,-29.963,-16.1,-17.11,-15.613,-14.05,-12.224,4.1668
8.1019,-34.135,-16.297,10.378,5.1704,-28.573,-15.953,-14.718,-13.687,-11.642,-9.6389,7.8862
8.9431,-32.254,-14.858,8.8619,5.1242,-27.1,-15.806,-12.316,-11.736,-9.1216,-6.9491,11.645
9.8791,-30.234,-13.408,7.2292,5.0864,-25.561,-15.683,-9.9565,-9.7875,-6.4955,-4.144,15.435
10.95,-28.05,-11.98,5.45,5.0793,-23.962,-15.609,-7.7037,-7.8794,-3.7692,-1.2141,19.275
12.185,-25.657,-10.565,3.4923,5.1114,-22.278,-15.611,-5.6046,-6.0359,-0.94177,1.8516,23.214
13.6,-22.993,-9.1013,1.3275,5.1711,-20.449,-15.701,-3.6731,-4.2668,1.9993,5.0676,27.322
15.192,-19.988,-7.4989,-1.0644,5.2329,-18.396,-15.881,-1.8892,-2.5711,5.0813,8.4531,31.677
16.96,-16.579,-5.6764,-3.6898,5.2735,-16.041,-16.144,-0.2135,-0.94514,8.3459,12.032,36.346
18.906,-12.733,-3.6025,-6.5419,5.2863,-13.337,-16.484,1.3907,0.61177,11.845,15.831,41.366
21.071,-8.4506,-1.3107,-9.6061,5.2878,-10.275,-16.901,2.942,2.0967,15.633,19.88,46.735
23.516,-3.7578,1.1203,-12.869,5.3118,-6.8824,-17.415,4.44,3.507,19.761,24.211,52.407
26.33,1.311,3.6046,-16.324,5.3938,-3.1949,-18.055,5.8756,4.8461,24.279,28.865,58.306
29.622,6.7278,6.0794,-19.975,5.5552,0.76025,-18.866,7.243,6.1267,29.236,33.89,64.336
33.502,12.473,8.5125,-23.835,5.7985,4.9714,-19.896,8.5459,7.3694,34.691,39.345,70.41
38.049,18.522,10.89,-27.918,6.1133,9.4317,-21.203,9.7963,8.597,40.711,45.292,76.464
43.285,24.834,13.202,-32.243,6.4889,14.123,-22.853,11.011,9.8283,47.372,51.81,82.468
49.148,31.347,15.428,-36.831,6.9244,19.001,-24.919,12.205,11.073,54.737,58.985,88.428
55.486,37.993,17.543,-41.72,7.4339,24.003,-27.474,13.393,12.332,62.821,66.902,94.378
62.139,44.716,19.526,-46.966,8.0497,29.053,-30.579,14.587,13.604,71.551,75.6,100.37
68.975,51.497,21.362,-52.65,8.8228,34.086,-34.258,15.798,14.89,80.755,85.029,106.46
75.912,58.355,23.05,-58.871,9.8247,39.061,-38.482,17.036,16.193,90.198,95.015,112.71
82.926,65.346,24.598,-65.729,11.15,43.964,-43.17,18.311,17.519,99.655,105.28,119.15
90.027,72.553,26.022,-73.306,12.917,48.804,-48.21,19.628,18.87,108.98,115.54,125.79
97.245,80.08,27.336,-81.634,15.243,53.594,-53.495,20.983,20.242,118.11,125.57,132.58
104.61,88.025,28.542,-90.669,18.204,58.339,-58.944,22.367,21.618,127.07,135.26,139.45
112.13,96.454,29.621,-100.27,21.774,63.004,-64.505,23.756,22.967,135.92,144.6,146.28
119.85,105.37,30.538,-110.24,25.822,67.52,-70.145,25.115,24.252,144.68,153.62,152.96
127.76,114.68,31.25,-120.32,30.168,71.805,-75.84,26.4,25.433,153.34,162.41,159.39
135.86,124.23,31.733,-130.31,34.656,75.788,-81.577,27.559,26.479,161.84,171.02,165.52
144.13,133.87,31.987,-140.07,39.184,79.448,-87.353,28.543,27.365,170.11,179.53,171.33
152.51,143.46,32.042,-149.55,43.684,82.81,-93.177,29.316,28.079,178.05,188.02,176.83
160.92,152.9,31.946,-158.75,48.096,85.933,-99.062,29.854,28.612,185.6,196.5,182.07
169.28,162.13,31.758,-167.65,52.353,88.885,-105.02,30.145,28.955,192.71,204.99,187.12
177.48,171.04,31.527,-176.22,56.395,91.709,-111.03,30.186,29.091,199.34,213.43,192.04
185.41,179.5,31.285,-184.35,60.183,94.415,-117.07,29.969,28.997,205.46,221.73,196.86
192.99,187.34,31.042,-191.94,63.711,96.977,-123.11,29.484,28.636,211.01,229.8,201.62
200.15,194.45,30.789,-198.9,66.991,99.352,-129.11,28.711,27.967,215.97,237.54,206.28
206.82,200.77,30.511,-205.19,70.023,101.5,-135.02,27.624,26.944,220.3,244.84,210.81
212.97,206.32,30.195,-210.82,72.789,103.42,-140.79,26.196,25.527,224,251.58,215.15
218.56,211.2,29.837,-215.83,75.259,105.1,-146.37,24.398,23.682,227.13,257.67,219.23
223.55,215.47,29.449,-220.28,77.409,106.59,-151.7,22.208,21.39,229.73,263.03,223
227.91,219.23,29.053,-224.21,79.242,107.92,-156.8,19.609,18.644,231.88,267.63,226.4
231.68,222.55,28.676,-227.67,80.791,109.14,-161.66,16.59,15.454,233.65,271.5,229.42
234.9,225.47,28.336,-230.71,82.113,110.25,-166.32,13.153,11.841,235.08,274.73,232.03
237.66,228,28.034,-233.36,83.277,111.25,-170.82,9.3196,7.8472,236.19,277.42,234.23
240.08,230.13,27.751,-235.68,84.352,112.08,-175.19,5.1374,3.5382,236.95,279.66,236.02
242.25,231.85,27.464,-237.69,85.403,112.7,-179.51,0.68575,-0.98991,237.3,281.54,237.38
244.29,233.12,27.162,-239.42,86.49,113.04,-183.85,-3.9255,-5.6111,237.17,283.04,238.35
246.28,233.91,26.853,-240.89,87.667,113.09,-188.34,-8.5591,-10.18,236.46,284.08,238.92
248.27,234.17,26.564,-242.06,88.98,112.82,-193.11,-13.056,-14.55,235.08,284.45,239.12
250.21,233.79,26.333,-242.83,90.448,112.24,-198.21,-17.248,-18.591,232.91,283.84,238.94
251.9,232.66,26.19,-243.04,92.019,111.36,-203.43,-20.98,-22.195,229.82,281.97,238.35
252.83,230.6,26.151,-242.37,93.494,110.17,-208.05,-24.136,-25.276,225.63,278.55,237.29
252.28,227.45,26.211,-240.45,94.488,108.68,-210.86,-26.651,-27.762,220.13,273.39,235.69
249.51,223.01,26.348,-236.9,94.505,106.84,-210.71,-28.502,-29.589,213.14,266.3,233.45
244.08,217.15,26.54,-231.4,93.138,104.64,-207,-29.683,-30.7,204.54,257.13,230.48
235.96,209.72,26.774,-223.77,90.202,102.05,-199.59,-30.181,-31.047,194.44,245.85,226.7
225.36,200.66,27.051,-214.01,85.708,99.076,-188.51,-29.962,-30.587,183.13,232.7,222.04
212.63,189.95,27.379,-202.27,79.787,95.725,-173.72,-28.972,-29.286,171.07,218.16,216.49
198.18,177.71,27.766,-188.9,72.642,92.012,-155.38,-27.154,-27.126,158.64,202.86,210.1
182.5,164.17,28.211,-174.32,64.537,87.949,-134.23,-24.479,-24.114,146.11,187.29,202.97
166.12,149.71,28.697,-158.94,55.771,83.535,-111.65,-20.969,-20.309,133.51,171.77,195.21
149.54,134.81,29.194,-143.06,46.642,78.762,-89.007,-16.712,-15.83,120.76,156.38,186.95
133.14,119.91,29.666,-126.87,37.43,73.621,-67.019,-11.865,-10.859,107.73,141.07,178.31
117.18,105.42,30.073,-110.48,28.395,68.107,-45.905,-6.644,-5.6236,94.315,125.71,169.37
101.77,91.581,30.379,-94.088,19.802,62.231,-25.789,-1.292,-0.35261,80.642,110.17,160.2
86.948,78.498,30.553,-78.134,11.937,56.024,-6.8892,3.9712,4.7599,67.121,94.449,150.83
72.692,66.11,30.568,-63.241,5.1035,49.542,10.476,8.988,9.5827,54.366,78.802,141.32
58.911,54.272,30.402,-49.951,-0.38639,42.87,25.748,13.672,14.048,42.922,63.819,131.67
45.475,42.851,30.033,-38.399,-4.3724,36.118,37.844,17.989,18.132,33.031,50.196,121.92
32.472,31.8,29.447,-28.319,-7.1681,29.41,45.499,21.924,21.825,24.628,38.347,112.11
20.692,21.191,28.639,-19.329,-9.413,22.866,49.227,25.462,25.118,17.484,28.251,102.3
11.303,11.172,27.623,-11.18,-11.49,16.595,51.381,28.584,28.001,11.347,19.616,92.575
4.5764,1.9025,26.429,-3.7908,-13.415,10.68,53.354,31.265,30.465,6.004,12.102,83.053
-0.17325,-6.4974,25.101,2.826,-15.096,5.1815,55.175,33.489,32.501,1.301,5.4462,73.884
-3.7156,-13.967,23.68,8.6422,-16.474,0.13214,56.514,35.251,34.108,-2.8599,-0.51088,65.219
-6.5276,-20.5,22.192,13.655,-17.541,-4.4592,57.164,36.557,35.282,-6.5324,-5.8466,57.188
-8.8543,-26.135,20.65,17.901,-18.324,-8.601,57.103,37.423,36.022,-9.7444,-10.593,49.867
-10.822,-30.942,19.07,21.449,-18.867,-12.311,56.414,37.867,36.328,-12.519,-14.775,43.273
-12.507,-35.001,17.48,24.39,-19.225,-15.606,55.211,37.904,36.207,-14.893,-18.428,37.367
-13.962,-38.397,15.932,26.819,-19.458,-18.495,53.593,37.544,35.676,-16.926,-21.613,32.068
-15.234,-41.203,14.487,28.823,-19.619,-20.98,51.637,36.799,34.768,-18.689,-24.404,27.273
-16.354,-43.49,13.199,30.476,-19.749,-23.072,49.403,35.695,33.535,-20.254,-26.876,22.883
-17.339,-45.329,12.088,31.833,-19.865,-24.797,46.947,34.278,32.044,-21.672,-29.087,18.821
-18.183,-46.792,11.131,32.935,-19.965,-26.203,44.328,32.619,30.377,-22.961,-31.073,15.043
-18.865,-47.947,10.278,33.806,-20.026,-27.348,41.618,30.804,28.622,-24.109,-32.841,11.541
-19.362,-48.849,9.4796,34.457,-20.023,-28.287,38.894,28.923,26.862,-25.094,-34.386,8.3267
-19.668,-49.531,8.7165,34.9,-19.945,-29.05,36.235,27.056,25.171,-25.899,-35.7,5.4189
-19.803,-50.009,8.0102,35.148,-19.802,-29.641,33.706,25.266,23.598,-26.533,-36.788,2.8243
-19.81,-50.291,7.4149,35.227,-19.623,-30.048,31.348,23.596,22.174,-27.027,-37.67,0.52814
-19.748,-50.387,6.9926,35.176,-19.444,-30.257,29.183,22.073,20.909,-27.424,-38.374,-1.5067
-19.677,-50.315,6.7832,35.036,-19.29,-30.265,27.215,20.712,19.795,-27.76,-38.937,-3.3319
-19.637,-50.112,6.7794,34.847,-19.168,-30.096,25.446,19.516,18.816,-28.05,-39.392,-5.0018
-19.639,-49.828,6.9162,34.646,-19.07,-29.804,23.882,18.478,17.949,-28.287,-39.768,-6.5656
-19.669,-49.524,7.0864,34.456,-18.974,-29.468,22.532,17.583,17.171,-28.449,-40.081,-8.0659
-19.69,-49.253,7.18,34.29,-18.851,-29.171,21.405,16.8,16.466,-28.523,-40.337,-9.5445
-19.664,-49.046,7.1262,34.139,-18.675,-28.968,20.493,16.086,15.82,-28.516,-40.543,-11.046
-19.562,-48.893,6.916,33.987,-18.436,-28.871,19.767,15.395,15.226,-28.456,-40.708,-12.619
-19.372,-48.76,6.5935,33.806,-18.142,-28.848,19.187,14.685,14.677,-28.385,-40.845,-14.314
-19.097,-48.597,6.2262,33.575,-17.818,-28.848,18.71,13.935,14.166,-28.333,-40.964,-16.182
-18.748,-48.361,5.8713,33.274,-17.491,-28.818,18.302,13.148,13.684,-28.305,-41.059,-18.274
-18.335,-48.024,5.5574,32.892,-17.174,-28.721,17.944,12.354,13.223,-28.281,-41.116,-20.632
-17.863,-47.565,5.2901,32.417,-16.864,-28.538,17.636,11.602,12.783,-28.215,-41.111,-23.284
-17.334,-46.966,5.0756,31.834,-16.549,-28.248,17.398,10.942,12.372,-28.056,-41.02,-26.229
-16.748,-46.196,4.9484,31.129,-16.22,-27.821,17.267,10.421,12.012,-27.757,-40.822,-29.447
-16.109,-45.209,4.983,30.282,-15.892,-27.205,17.299,10.069,11.736,-27.289,-40.497,-32.904
-15.422,-43.951,5.2782,29.276,-15.601,-26.337,17.567,9.9074,11.583,-26.643,-40.026,-36.56
-14.694,-42.376,5.9198,28.098,-15.392,-25.163,18.151,9.9472,11.598,-25.826,-39.385,-40.375
-13.929,-40.46,6.9405,26.747,-15.294,-23.653,19.124,10.196,11.82,-24.854,-38.547,-44.307
-13.128,-38.211,8.3036,25.227,-15.312,-21.818,20.538,10.658,12.279,-23.745,-37.48,-48.311
-12.291,-35.66,9.9198,23.554,-15.429,-19.697,22.419,11.339,12.992,-22.519,-36.158,-52.34
-11.417,-32.851,11.682,21.745,-15.619,-17.341,24.767,12.242,13.966,-21.187,-34.552,-56.351
-10.508,-29.829,13.498,19.818,-15.865,-14.798,27.568,13.367,15.193,-19.766,-32.642,-60.303
-9.5664,-26.623,15.32,17.788,-16.161,-12.091,30.8,14.707,16.652,-18.266,-30.408,-64.154
-8.604,-23.24,17.148,15.661,-16.508,-9.2145,34.422,16.249,18.31,-16.699,-27.843,-67.856
-7.637,-19.656,19.032,13.438,-16.916,-6.1237,38.372,17.97,20.128,-15.074,-24.958,-71.339
-6.6828,-15.822,21.046,11.109,-17.4,-2.746,42.563,19.839,22.064,-13.396,-21.777,-74.517
-5.7514,-11.672,23.244,8.6593,-17.972,0.99668,46.886,21.819,24.077,-11.671,-18.343,-77.28
-4.8398,-7.1574,25.637,6.0708,-18.623,5.1556,51.222,23.868,26.127,-9.9049,-14.702,-79.518
-3.9353,-2.2686,28.176,3.3349,-19.323,9.7275,55.442,25.932,28.176,-8.1099,-10.908,-81.133
-3.0252,2.9443,30.774,0.46315,-20.031,14.644,59.42,27.953,30.178,-6.3032,-7.0148,-82.064
-2.1105,8.3716,33.339,-2.5024,-20.712,19.785,63.04,29.865,32.083,-4.5061,-3.0769,-82.291
-1.2144,13.863,35.798,-5.4881,-21.355,25.007,66.206,31.608,33.838,-2.7375,0.85393,-81.841
-0.37911,19.267,38.116,-8.4028,-21.969,30.187,68.842,33.132,35.388,-1.0086,4.7297,-80.774
0.34831,24.466,40.286,-11.164,-22.575,35.241,70.905,34.403,36.689,0.67714,8.5075,-79.172
0.93696,29.404,42.318,-13.723,-23.198,40.134,72.387,35.406,37.704,2.3166,12.149,-77.123
1.386,34.076,44.226,-16.072,-23.851,44.854,73.32,36.137,38.41,3.8988,15.62,-74.72
1.723,38.499,46.018,-18.231,-24.536,49.389,73.766,36.604,38.793,5.4014,18.888,-72.055
1.9902,42.683,47.692,-20.229,-25.236,53.709,73.801,36.818,38.851,6.795,21.919,-69.23
2.2295,46.61,49.242,-22.085,-25.916,57.757,73.493,36.789,38.589,8.0509,24.678,-66.354
2.4763,50.233,50.656,-23.802,-26.531,61.463,72.884,36.521,38.017,9.1472,27.117,-63.538
2.7614,53.492,51.915,-25.377,-27.036,64.751,71.981,36.008,37.148,10.068,29.178,-60.885
3.1151,56.318,53.001,-26.804,-27.404,67.548,70.755,35.231,35.989,10.796,30.787,-58.49
3.5673,58.644,53.9,-28.073,-27.631,69.781,69.155,34.164,34.539,11.307,31.876,-56.426
4.1392,60.414,54.609,-29.167,-27.748,71.385,67.123,32.776,32.791,11.572,32.406,-54.755
4.8285,61.578,55.133,-30.054,-27.815,72.299,64.628,31.043,30.735,11.564,32.388,-53.519
5.5965,62.087,55.47,-30.68,-27.898,72.461,61.685,28.956,28.365,11.271,31.884,-52.741
6.3635,61.888,55.591,-30.975,-28.001,71.813,58.359,26.52,25.678,10.704,30.988,-52.427
7.0205,60.924,55.412,-30.864,-28.009,70.304,54.734,23.745,22.677,9.8903,29.795,-52.568
7.4569,59.145,54.8,-30.283,-27.685,67.909,50.877,20.644,19.365,8.8552,28.383,-53.14
7.5921,56.519,53.599,-29.197,-26.768,64.64,46.836,17.221,15.746,7.6198,26.802,-54.11
7.3996,53.043,51.679,-27.595,-25.103,60.55,42.651,13.484,11.83,6.1969,25.078,-55.435
6.9071,48.738,48.982,-25.489,-22.713,55.719,38.383,9.4448,7.6325,4.5917,23.217,-57.064
6.1746,43.644,45.532,-22.904,-19.791,50.226,34.11,5.1272,3.1781,2.7993,21.207,-58.944
5.2639,37.81,41.414,-19.864,-16.639,44.139,29.906,0.56302,-1.5028,0.80217,19.024,-61.03
4.2111,31.29,36.753,-16.399,-13.605,37.509,25.812,-4.2186,-6.3784,-1.427,16.645,-63.295
3.0091,24.134,31.69,-12.538,-11.013,30.377,21.823,-9.1999,-11.421,-3.9122,14.048,-65.722
1.6067,16.402,26.379,-8.3108,-9.0791,22.798,17.895,-14.371,-16.606,-6.6585,11.226,-68.306
-0.068987,8.1757,20.969,-3.756,-7.8282,14.867,13.977,-19.714,-21.899,-9.6433,8.1868,-71.037
-2.0732,-0.40574,15.575,1.0653,-7.0918,6.7439,10.057,-25.172,-27.238,-12.821,4.9548,-73.889
-4.405,-9.1315,10.238,6.057,-6.606,-1.3521,6.1888,-30.636,-32.521,-16.135,1.566,-76.828
-6.9939,-17.733,4.9326,11.091,-6.1608,-9.1674,2.4997,-35.938,-37.604,-19.531,-1.9319,-79.808
-9.7198,-25.934,-0.37863,16.024,-5.6875,-16.464,-0.84932,-40.879,-42.319,-22.957,-5.4797,-82.793
-12.45,-33.509,-5.6667,20.728,-5.2334,-23.072,-3.7203,-45.287,-46.514,-26.36,-9.0075,-85.755
-15.07,-40.33,-10.811,25.105,-4.8748,-28.915,-6.0413,-49.057,-50.09,-29.678,-12.439,-88.678
-17.5,-46.369,-15.654,29.097,-4.6461,-34.017,-7.8153,-52.173,-53.018,-32.836,-15.702,-91.555
-19.693,-51.679,-20.081,32.683,-4.5243,-38.463,-9.1027,-54.694,-55.343,-35.759,-18.738,-94.375
-21.628,-56.343,-24.048,35.865,-4.4579,-42.359,-10.001,-56.718,-57.163,-38.393,-21.512,-97.122
-23.311,-60.445,-27.565,38.664,-4.3996,-45.799,-10.625,-58.35,-58.598,-40.709,-24.014,-99.78
-24.755,-64.042,-30.666,41.098,-4.3156,-48.846,-11.094,-59.68,-59.768,-42.706,-26.252,-102.33
-25.974,-67.168,-33.39,43.185,-4.1797,-51.538,-11.513,-60.781,-60.771,-44.402,-28.245,-104.77
-26.971,-69.844,-35.779,44.937,-3.9679,-53.9,-11.954,-61.711,-61.683,-45.83,-30.026,-107.1
-27.748,-72.094,-37.884,46.368,-3.6604,-55.958,-12.446,-62.525,-62.548,-47.034,-31.627,-109.32
-28.308,-73.95,-39.761,47.498,-3.2463,-57.74,-12.981,-63.273,-63.393,-48.065,-33.082,-111.44
-28.67,-75.46,-41.46,48.361,-2.726,-59.284,-13.526,-64.002,-64.229,-48.971,-34.416,-113.47
-28.857,-76.689,-43.029,49.001,-2.1102,-60.633,-14.034,-64.746,-65.062,-49.786,-35.635,-115.39
-28.906,-77.707,-44.498,49.475,-1.4197,-61.827,-14.466,-65.518,-65.889,-50.526,-36.735,-117.2
-28.858,-78.583,-45.877,49.84,-0.68524,-62.902,-14.791,-66.318,-66.709,-51.196,-37.709,-118.89
-28.76,-79.375,-47.159,50.148,0.054825,-63.879,-14.996,-67.142,-67.525,-51.798,-38.557,-120.48
-28.653,-80.121,-48.325,50.433,0.7611,-64.771,-15.083,-67.985,-68.344,-52.332,-39.294,-121.97
-28.561,-80.843,-49.362,50.713,1.4027,-65.586,-15.071,-68.847,-69.177,-52.806,-39.937,-123.41
-28.5,-81.555,-50.28,50.995,1.9655,-66.337,-14.995,-69.73,-70.038,-53.229,-40.512,-124.82
-28.477,-82.269,-51.107,51.285,2.4531,-67.048,-14.892,-70.636,-70.942,-53.618,-41.043,-126.23
-28.496,-83.005,-51.887,51.595,2.8795,-67.753,-14.789,-71.563,-71.891,-53.992,-41.559,-127.67
-28.573,-83.791,-52.664,51.95,3.2584,-68.488,-14.684,-72.499,-72.875,-54.377,-42.102,-129.2
-28.749,-84.662,-53.457,52.387,3.5887,-69.28,-14.519,-73.426,-73.863,-54.802,-42.727,-130.89
-29.087,-85.656,-54.256,52.956,3.8446,-70.143,-14.169,-74.31,-74.801,-55.298,-43.504,-132.87
-29.671,-86.81,-55.021,53.71,3.9784,-71.074,-13.455,-75.1,-75.62,-55.899,-44.513,-135.25
-30.574,-88.151,-55.7,54.695,3.9395,-72.058,-12.179,-75.724,-76.237,-56.645,-45.834,-138.19
-31.825,-89.68,-56.255,55.923,3.7018,-73.073,-10.133,-76.095,-76.562,-57.573,-47.527,-141.71
-33.338,-91.354,-56.688,57.338,3.2934,-74.096,-7.1153,-76.115,-76.51,-58.694,-49.601,-145.73
-34.884,-93.07,-57.054,58.8,2.8211,-75.106,-4.1944,-75.69,-76.016,-59.963,-51.977,-149.92
-36.115,-94.667,-57.474,60.083,2.4941,-76.08,-7.5382,-74.765,-75.073,-61.207,-54.441,-153.8
-36.641,-95.933,-58.1,60.914,2.6174,-76.985,-16.235,-73.497,-73.903,-62.12,-56.641,-156.77
-36.102,-96.612,-59.033,60.986,3.4944,-77.727,-20.064,-72.967,-73.639,-62.262,-58.117,-158.19
-34.266,-96.376,-60.213,60.012,5.3409,-78.117,-17.551,-76.774,-77.699,-61.065,-58.333,-157.38
-31.902,-94.84,-61.334,57.875,8.241,-77.812,-7.8441,-85.43,-86.288,-57.952,-56.771,-153.68
-37.009,-91.876,-61.844,55.574,8.5124,-76.3,11.341,-87.274,-88.33,-53.973,-53.584,-147.05
-64.296,-90.131,-61.119,61.043,3.6802,-73.349,41.897,-80.676,-81.58,-67.252,-55.868,-140.54
-83.359,-113.17,-59.957,100.04,-1.1473,-74.813,83.466,-67.481,-67.828,-107.72,-103.58,-150.15
-94.13,-174.11,-76.151,130.55,-6.9925,-118.2,132.28,-47.621,-47.4,-117.05,-131.12,-191.5
-98.002,-183.01,-77.578,135.9,-17.39,-131.69,182.45,-21.261,-20.746,-120.99,-142,-206.29
-90.208,-177.71,-78.953,130.05,-12.959,-129.12,228.81,11.546,12.02,-117.52,-145.91,-208.22
-66.183,-161.39,-87.084,110.23,3.8464,-124.59,268.92,51.125,51.356,-102.3,-138.13,-199.55
-23.368,-131.16,-101.09,73.716,33.099,-116.26,302.73,98.582,98.5,-70.616,-113.72,-176.19
37.224,-82.787,-115,19.3,70.444,-99.025,332.15,156.36,155.96,-17.732,-67.754,-133.73
110.39,-10.827,-117.06,-52.956,106.94,-64.207,362.63,228.14,227.51,60.763,4.1038,-69.133
187.74,91.666,-91.477,-142.69,131.22,-0.6488,400.85,317.78,317.05,168.22,105.33,20.722
259.8,232.15,-21.951,-249.3,131.2,103.42,450.73,429.86,429.22,306.67,239.1,140.9
318.72,414.96,103.6,-370.82,96.756,256.61,511.18,562.73,562.07,477.17,407.43,295.07
359.78,636.9,287.34,-502.6,24.058,458.72,575.9,707.37,706.34,679.31,608.64,481.98
380.98,884.88,517.59,-637.11,-81.939,697.22,635.47,859.91,858.3,908.23,835,692.83
383.4,1136.6,769.43,-764.03,-207.74,948.62,680.1,1016.1,1013.9,1153.9,1072.1,911.96
371.67,1362.7,1008.7,-871.09,-333.87,1181,701.22,1168.6,1165.9,1401.3,1300,1118.4
352.17,1531.9,1198.2,-945.83,-438.86,1360.2,692.62,1305.5,1302.2,1629.7,1494.8,1288.5
330.54,1618.1,1306.2,-977.94,-504.07,1457.1,651.78,1410.7,1406.8,1813.4,1631.5,1399.2
309.28,1607,1315.6,-961.79,-519.22,1456,581.32,1464.8,1460.6,1924.2,1688.3,1432.7
285.74,1501.4,1231.7,-897.58,-487.72,1361.2,490.1,1448.9,1444.6,1937.4,1651.8,1381.5
252.14,1320.9,1082.3,-791.16,-427.8,1196.1,392.16,1350.3,1346.4,1838.3,1520.7,1251.2
198.59,1095.8,908.06,-652.38,-365.54,996.37,302.29,1169,1165.7,1628.3,1307.4,1059.5
118.49,857.86,747.92,-493.79,-324.13,797.6,230.04,919.18,916.78,1328,1036.7,831.52
13.632,634.02,627.02,-329.7,-315.32,625.75,175.94,628.55,626.73,975.11,741.58,595.36
-104.09,441.75,550.87,-174.86,-335.92,492.26,132.56,332.28,330.57,617.3,457.68,377.16
-216.04,287.59,507.26,-41.461,-370.32,394.08,88.873,64.567,62.477,299.92,214.97,196.5
-303.71,167.41,474.08,64.438,-397.98,318.11,35.262,-150.38,-153.18,53.411,30.659,62.518
-355.21,70.399,429.81,141.13,-401.94,248.37,-31.986,-303.64,-307.16,-114.67,-94.985,-27.177
-368.01,-14.434,361.69,189.72,-374.46,173.05,-108.66,-400.44,-404.31,-211.84,-168.02,-82.717
-347.55,-92.247,268.36,215.28,-317.53,88.584,-184.19,-453.4,-457.07,-252.43,-201.85,-115.31
-303.63,-160.45,159.33,224.01,-240.37,-0.81554,-245.62,-475,-478.18,-261.44,-213.08,-133.56
-246.98,-213.44,48.846,221.07,-156.31,-85.122,-282.64,-474.28,-477.23,-256.26,-213.4,-142.97
-187.88,-248.48,-50.132,209.66,-78.353,-152.62,-292.06,-457.24,-460.74,-245.84,-209.17,-146.38
-134.39,-263.6,-123.52,180.55,-14.802,-197.38,-277.63,-426.82,-431.98,-233.6,-202.98,-121.98
-89.999,-234.15,-168.23,128.51,31.387,-219.45,-246.59,-381.1,-388.81,-220.08,-194.15,-43.084
-56.301,-167.93,-189.08,102.84,59.975,-219.68,-206.5,-327.48,-335.69,-201.22,-152.4,-35.716
-34.593,-132.94,-189.87,91.231,71.979,-193.28,-163.28,-285.06,-291.42,-161.02,-119.19,-36.008
-22.732,-118.91,-174.72,82.503,70.245,-144.84,-123.18,-250.37,-254.67,-129.13,-106.31,-34.864
-17.053,-110.93,-148.79,74.855,58.776,-107.28,-90.289,-214.49,-216.92,-111.54,-96.854,-32.167
-15.457,-104.39,-117.18,67.935,42.038,-90.258,-61.965,-176.93,-177.93,-99.241,-88.4,-28.473
-17.053,-98.372,-82.973,61.659,24.53,-82.441,-40.184,-141.62,-141.81,-88.605,-80.531,-24.27
-20.528,-92.926,-61.15,56.061,10.227,-77.453,-27.262,-113.96,-114.12,-79.2,-73.391,-19.878
-18.581,-88.074,-51.744,51.16,4.3861,-73.738,-20.888,-93.173,-93.606,-71.532,-67.226,-15.483
-15.011,-83.668,-48.318,46.915,5.1969,-70.963,-18.509,-77.23,-77.728,-65.735,-62.116,-11.179
-12.307,-79.505,-48.619,43.27,5.9385,-68.672,-18.402,-66.572,-66.892,-61.244,-57.922,-7.0115
-10.473,-75.501,-50.392,40.185,6.4728,-66.314,-18.518,-61.704,-61.816,-57.363,-54.386,-3.0216
-9.2328,-71.737,-51.638,37.62,6.9824,-63.596,-16.975,-61.543,-61.715,-53.711,-51.289,0.72587
-8.3586,-68.357,-50.981,35.515,7.066,-60.625,-15.01,-63.324,-64.09,-50.236,-48.53,4.1294
-7.6952,-65.454,-48.755,33.791,6.614,-57.714,-13.293,-61.044,-62.45,-47.054,-46.12,7.0752
-7.1302,-63.041,-46.02,32.361,5.9415,-55.128,-11.997,-54.284,-55.918,-44.307,-44.111,9.4838
-6.5882,-61.064,-43.437,31.142,5.3003,-52.993,-11.175,-45.667,-47.333,-42.07,-42.524,11.351
-6.025,-59.43,-41.303,30.066,4.8208,-51.3,-10.738,-36.561,-38.146,-40.323,-41.313,12.757
-5.4254,-58.03,-39.679,29.074,4.5373,-49.954,-10.523,-27.678,-29.091,-38.966,-40.362,13.833
-4.7959,-56.763,-38.467,28.121,4.4149,-48.828,-10.371,-19.27,-20.433,-37.853,-39.516,14.722
-4.1522,-55.541,-37.502,27.167,4.3836,-47.803,-10.179,-11.319,-12.166,-36.828,-38.615,15.543
-3.5079,-54.3,-36.604,26.18,4.3682,-46.787,-9.9088,-3.7611,-4.2558,-35.761,-37.536,16.391
-2.8674,-52.992,-35.623,25.136,4.3092,-45.712,-9.5647,3.3832,3.2482,-34.566,-36.201,17.339
-2.2259,-51.585,-34.457,24.016,4.1742,-44.54,-9.1862,10.042,10.243,-33.209,-34.588,18.455
-1.5759,-50.07,-33.065,22.813,3.9578,-43.261,-8.8197,16.17,16.661,-31.695,-32.716,19.82
-0.91307,-48.45,-31.465,21.533,3.6749,-41.885,-8.5007,21.782,22.512,-30.051,-30.623,21.53
-0.2394,-46.74,-29.709,20.191,3.3469,-40.43,-8.246,26.937,27.862,-28.307,-28.349,23.701
0.43943,-44.955,-27.849,18.804,3.0006,-38.912,-8.0536,31.697,32.784,-26.481,-25.914,26.465
1.1181,-43.1,-25.921,17.384,2.6583,-37.334,-7.9092,36.099,37.337,-24.57,-23.32,29.955
1.7985,-41.166,-23.928,15.928,2.3331,-35.685,-7.8018,40.152,41.554,-22.561,-20.553,34.282
2.4908,-39.132,-21.849,14.416,2.0256,-33.945,-7.7163,43.834,45.443,-20.435,-17.592,39.514
3.213,-36.968,-19.656,12.821,1.727,-32.091,-7.6472,47.12,48.995,-18.179,-14.424,45.649
3.989,-34.647,-17.337,11.115,1.4285,-30.111,-7.6012,49.999,52.192,-15.785,-11.038,52.612
4.8475,-32.151,-14.925,9.2722,1.1351,-28.013,-7.5875,52.484,55.013,-13.251,-7.4342,60.275
5.8168,-29.468,-12.499,7.2773,0.87191,-25.822,-7.6298,54.62,57.456,-10.576,-3.6161,68.481
6.9226,-26.597,-10.153,5.1208,0.67433,-23.569,-7.7515,56.477,59.555,-7.7577,0.40824,77.077
8.1817,-23.532,-7.9526,2.7975,0.56825,-21.269,-7.9687,58.128,61.37,-4.7915,4.6312,85.929
9.6039,-20.254,-5.9043,0.30407,0.55711,-18.912,-8.2864,59.641,62.975,-1.6695,9.0534,94.935
11.191,-16.737,-3.9615,-2.3609,0.62452,-16.456,-8.6975,61.061,64.432,1.6252,13.693,104.04
12.943,-12.947,-2.051,-5.1955,0.74645,-13.85,-9.1877,62.399,65.775,5.1217,18.597,113.22
14.875,-8.8575,-0.10315,-8.1949,0.90335,-11.042,-9.7429,63.636,67,8.8606,23.841,122.51
17.008,-4.4452,1.9321,-11.355,1.0858,-7.9888,-10.355,64.733,68.082,12.89,29.537,131.93
19.384,0.30917,4.0812,-14.678,1.2927,-4.6534,-11.027,65.65,68.987,17.261,35.819,141.5
22.064,5.4252,6.3501,-18.175,1.5246,-1.0001,-11.766,66.365,69.689,22.03,42.827,151.21
25.137,10.918,8.7261,-21.862,1.7802,3.0012,-12.585,66.886,70.185,27.259,50.673,160.97
28.706,16.787,11.176,-25.765,2.0589,7.3637,-13.496,67.251,70.493,33.024,59.407,170.62
32.882,23.006,13.648,-29.914,2.3676,12.068,-14.509,67.511,70.647,39.412,68.978,179.96
37.766,29.518,16.075,-34.347,2.7253,17.057,-15.635,67.712,70.68,46.514,79.229,188.75
43.391,36.249,18.396,-39.119,3.1599,22.241,-16.892,67.884,70.611,54.397,89.915,196.77
49.742,43.14,20.565,-44.305,3.7012,27.524,-18.304,68.035,70.445,63.062,100.76,203.88
56.717,50.164,22.565,-50.008,4.3747,32.825,-19.906,68.153,70.174,72.401,111.51,209.99
64.144,57.344,24.401,-56.356,5.1996,38.1,-21.748,68.215,69.797,82.205,122.01,215.12
71.831,64.747,26.096,-63.476,6.1966,43.335,-23.887,68.197,69.321,92.216,132.18,219.35
79.624,72.468,27.673,-71.469,7.3991,48.532,-26.397,68.077,68.767,102.21,142.05,222.81
87.447,80.618,29.153,-80.357,8.8608,53.692,-29.358,67.841,68.16,112.06,151.71,225.62
95.287,89.305,30.547,-90.054,10.648,58.816,-32.854,67.481,67.518,121.74,161.27,227.94
103.15,98.61,31.86,-100.35,12.813,63.893,-36.956,67,66.845,131.29,170.84,229.87
111.06,108.56,33.091,-110.99,15.368,68.905,-41.695,66.407,66.131,140.77,180.48,231.52
119.03,119.09,34.23,-121.69,18.287,73.823,-47.043,65.712,65.354,150.16,190.25,232.99
127.07,130.09,35.265,-132.28,21.534,78.618,-52.904,64.926,64.499,159.44,200.1,234.35
135.25,141.35,36.188,-142.66,25.085,83.269,-59.129,64.059,63.559,168.51,209.94,235.67
143.58,152.67,37,-152.82,28.917,87.763,-65.558,63.119,62.538,177.23,219.6,236.98
152.09,163.84,37.705,-162.75,32.98,92.091,-72.067,62.114,61.447,185.52,228.93,238.33
160.74,174.63,38.314,-172.43,37.192,96.24,-78.599,61.041,60.294,193.31,237.77,239.77
169.46,184.82,38.832,-181.76,41.453,100.18,-85.155,59.886,59.082,200.54,246.02,241.32
178.13,194.21,39.264,-190.61,45.685,103.87,-91.775,58.619,57.799,207.19,253.64,243.05
186.61,202.64,39.61,-198.81,49.842,107.26,-98.497,57.202,56.419,213.24,260.62,245.03
194.76,210.03,39.871,-206.25,53.9,110.34,-105.34,55.594,54.903,218.67,266.96,247.36
202.42,216.43,40.055,-212.86,57.828,113.09,-112.27,53.767,53.205,223.48,272.7,250.14
209.48,221.94,40.182,-218.66,61.576,115.55,-119.24,51.707,51.286,227.68,277.87,253.51
215.84,226.7,40.277,-223.72,65.069,117.77,-126.19,49.419,49.12,231.3,282.49,257.59
221.44,230.85,40.368,-228.12,68.229,119.81,-133.07,46.931,46.698,234.39,286.59,262.49
226.28,234.5,40.471,-231.96,70.997,121.7,-139.82,44.279,44.028,237.01,290.22,268.26
230.39,237.73,40.585,-235.3,73.354,123.44,-146.37,41.501,41.131,239.19,293.41,274.92
233.87,240.58,40.693,-238.21,75.327,125.03,-152.64,38.623,38.037,240.98,296.21,282.41
236.82,243.08,40.763,-240.77,76.978,126.43,-158.55,35.661,34.782,242.39,298.66,290.58
239.37,245.26,40.752,-243.04,78.388,127.6,-164.11,32.623,31.406,243.44,300.79,299.2
241.66,247.13,40.619,-245.07,79.651,128.48,-169.36,29.519,27.953,244.12,302.6,307.97
243.78,248.67,40.33,-246.91,80.856,129.05,-174.43,26.37,24.47,244.38,304.05,316.55
245.86,249.88,39.872,-248.57,82.084,129.28,-179.5,23.218,21.006,244.16,305.1,324.61
247.94,250.72,39.259,-250.07,83.415,129.16,-184.74,20.12,17.614,243.36,305.65,331.83
250.05,251.16,38.533,-251.35,84.926,128.72,-190.33,17.151,14.352,241.85,305.63,337.95
252.16,251.11,37.751,-252.32,86.693,127.98,-196.28,14.389,11.278,239.47,304.9,342.7
254.08,250.5,36.977,-252.84,88.738,126.96,-202.23,11.905,8.4572,236.03,303.35,345.83
255.47,249.21,36.259,-252.71,90.936,125.68,-207.23,9.7536,5.9566,231.35,300.79,347.09
255.79,247.1,35.621,-251.68,92.88,124.09,-209.93,7.9738,3.8458,225.29,297.05,346.24
254.39,244.01,35.062,-249.43,93.926,122.15,-209.26,6.5945,2.1952,217.77,291.95,343.11
250.73,239.74,34.565,-245.65,93.489,119.78,-204.82,5.6399,1.0695,208.83,285.32,337.63
244.55,234.05,34.106,-240.01,91.326,116.93,-196.61,5.1335,0.51798,198.59,277.05,329.91
235.83,226.72,33.665,-232.28,87.495,113.53,-184.72,5.0965,0.56412,187.27,267.07,320.21
224.76,217.54,33.226,-222.4,82.171,109.55,-169.11,5.5403,1.1992,175.18,255.47,308.97
211.65,206.4,32.786,-210.51,75.548,104.99,-150.07,6.4568,2.3797,162.59,242.43,296.74
196.91,193.33,32.348,-196.96,67.838,99.891,-128.52,7.8085,4.0295,149.73,228.26,284.1
181.03,178.52,31.927,-182.18,59.296,94.331,-105.89,9.5279,6.0475,136.69,213.31,271.55
164.52,162.35,31.545,-166.58,50.217,88.403,-83.345,11.525,8.3209,123.44,197.89,259.4
147.84,145.37,31.214,-150.44,40.921,82.194,-61.501,13.698,10.741,109.86,182.25,247.77
131.33,128.21,30.937,-133.9,31.73,75.768,-40.632,15.948,13.211,95.854,166.53,236.61
115.23,111.52,30.7,-116.98,22.951,69.163,-20.925,18.183,15.651,81.536,150.8,225.76
99.638,95.818,30.468,-99.813,14.858,62.394,-2.6075,20.32,17.993,67.348,135.05,215
84.622,81.317,30.184,-82.855,7.6994,55.464,13.952,22.287,20.174,54.022,119.27,204.15
70.176,67.937,29.771,-66.911,1.7749,48.373,28.05,24.018,22.132,42.237,103.42,193.05
56.223,55.404,29.143,-52.742,-2.561,41.128,38.555,25.453,23.81,32.279,87.642,181.65
42.649,43.423,28.221,-40.585,-5.3323,33.765,44.728,26.537,25.154,24.018,72.376,169.97
29.676,31.823,26.96,-30.135,-7.2502,26.36,47.747,27.23,26.124,17.115,58.318,158.07
18.373,20.607,25.373,-20.919,-8.9857,19.046,49.685,27.509,26.69,11.218,46.114,146.02
9.8867,9.932,23.532,-12.602,-10.704,11.993,51.457,27.374,26.845,6.0502,36.017,133.87
4.0968,0.033336,21.547,-5.0638,-12.327,5.3798,52.98,26.843,26.595,1.4276,27.848,121.65
0.054231,-8.8678,19.516,1.6806,-13.757,-0.64929,53.965,25.95,25.965,-2.7561,21.203,109.44
-3.0288,-16.64,17.495,7.5814,-14.923,-6.0177,54.259,24.737,24.986,-6.5472,15.67,97.374
-5.5572,-23.271,15.492,12.624,-15.786,-10.726,53.865,23.251,23.698,-9.9545,10.938,85.638
-7.6949,-28.847,13.485,16.847,-16.344,-14.832,52.869,21.532,22.142,-12.973,6.8028,74.419
-9.5001,-33.506,11.455,20.332,-16.624,-18.421,51.375,19.617,20.359,-15.604,3.1444,63.847
-10.999,-37.395,9.3992,23.182,-16.679,-21.575,49.469,17.537,18.39,-17.866,-0.10496,53.971
-12.216,-40.641,7.3416,25.497,-16.572,-24.358,47.223,15.317,16.275,-19.792,-2.9813,44.754
-13.181,-43.346,5.3182,27.367,-16.362,-26.813,44.695,12.986,14.055,-21.428,-5.5043,36.103
-13.929,-45.587,3.3694,28.868,-16.089,-28.966,41.945,10.576,11.774,-22.816,-7.6888,27.9
-14.493,-47.414,1.5356,30.056,-15.776,-30.825,39.034,8.1276,9.4707,-23.995,-9.553,20.028
-14.906,-48.864,-0.13946,30.971,-15.437,-32.385,36.026,5.6968,7.1843,-24.991,-11.122,12.404
-15.198,-49.958,-1.6022,31.644,-15.083,-33.632,32.988,3.3495,4.9492,-25.823,-12.429,4.987
-15.398,-50.715,-2.7898,32.097,-14.738,-34.554,29.989,1.1559,2.7983,-26.499,-13.508,-2.2186
-15.536,-51.159,-3.6387,32.353,-14.432,-35.143,27.099,-0.82454,0.76658,-27.027,-14.391,-9.1779
-15.638,-51.319,-4.1012,32.438,-14.197,-35.407,24.385,-2.5561,-1.1061,-27.418,-15.106,-15.851
-15.722,-51.233,-4.1648,32.385,-14.055,-35.37,21.899,-4.0304,-2.7766,-27.688,-15.673,-22.21
-15.799,-50.95,-3.8683,32.226,-14.006,-35.076,19.666,-5.2586,-4.2058,-27.862,-16.114,-28.24
-15.867,-50.525,-3.3067,31.993,-14.033,-34.592,17.685,-6.2575,-5.3691,-27.958,-16.453,-33.933
-15.919,-50.019,-2.6192,31.715,-14.111,-34.002,15.934,-7.0385,-6.2643,-27.991,-16.709,-39.276
-15.942,-49.496,-1.9577,31.417,-14.21,-33.395,14.39,-7.6043,-6.9119,-27.965,-16.897,-44.251
-15.922,-49.007,-1.4482,31.116,-14.301,-32.849,13.038,-7.9547,-7.3484,-27.875,-17.021,-48.841
-15.852,-48.586,-1.1619,30.822,-14.356,-32.417,11.872,-8.099,-7.6162,-27.718,-17.077,-53.035
-15.729,-48.242,-1.106,30.538,-14.346,-32.114,10.891,-8.0668,-7.7557,-27.497,-17.062,-56.832
-15.558,-47.964,-1.2309,30.26,-14.26,-31.924,10.09,-7.9097,-7.7998,-27.229,-16.975,-60.235
-15.353,-47.721,-1.4489,29.981,-14.106,-31.804,9.4496,-7.6925,-7.7709,-26.933,-16.82,-63.243
-15.131,-47.478,-1.6597,29.697,-13.916,-31.698,8.9448,-7.4776,-7.6796,-26.633,-16.611,-65.841
-14.912,-47.197,-1.7779,29.405,-13.726,-31.551,8.5444,-7.3118,-7.5275,-26.341,-16.369,-68.005
-14.712,-46.855,-1.7524,29.101,-13.565,-31.325,8.2197,-7.2161,-7.313,-26.064,-16.12,-69.703
-14.535,-46.435,-1.5731,28.781,-13.438,-30.998,7.9513,-7.1842,-7.0368,-25.795,-15.884,-70.912
-14.372,-45.925,-1.2595,28.428,-13.332,-30.563,7.7345,-7.1861,-6.7026,-25.519,-15.672,-71.625
-14.199,-45.312,-0.84147,28.021,-13.225,-30.019,7.584,-7.178,-6.3126,-25.212,-15.477,-71.858
-13.988,-44.572,-0.33955,27.529,-13.104,-29.364,7.5366,-7.1091,-5.8613,-24.844,-15.267,-71.648
-13.711,-43.674,0.245,26.922,-12.971,-28.589,7.6506,-6.9258,-5.3332,-24.382,-14.998,-71.052
-13.35,-42.577,0.92814,26.171,-12.844,-27.677,7.9999,-6.576,-4.7046,-23.795,-14.622,-70.137
-12.894,-41.249,1.7312,25.254,-12.749,-26.606,8.6626,-6.0173,-3.9499,-23.061,-14.099,-68.973
-12.343,-39.667,2.6677,24.162,-12.712,-25.363,9.7091,-5.2255,-3.0457,-22.169,-13.413,-67.623
-11.707,-37.83,3.7401,22.898,-12.754,-23.94,11.194,-4.197,-1.9715,-21.115,-12.568,-66.136
-11.003,-35.748,4.9455,21.474,-12.886,-22.335,13.156,-2.9431,-0.70923,-19.906,-11.583,-64.544
-10.251,-33.437,6.2834,19.91,-13.111,-20.54,15.618,-1.4812,0.75554,-18.548,-10.489,-62.868
-9.4714,-30.905,7.7613,18.221,-13.425,-18.542,18.587,0.16755,2.429,-17.055,-9.315,-61.12
-8.681,-28.148,9.4002,16.418,-13.824,-16.308,22.044,1.9765,4.3038,-15.441,-8.0885,-59.303
-7.8952,-25.138,11.239,14.501,-14.311,-13.791,25.935,3.9118,6.3574,-13.726,-6.8269,-57.413
-7.1267,-21.826,13.328,12.462,-14.9,-10.922,30.182,5.9368,8.5543,-11.935,-5.5374,-55.439
-6.3833,-18.154,15.71,10.287,-15.605,-7.6264,34.698,8.0194,10.852,-10.094,-4.2177,-53.366
-5.6629,-14.071,18.385,7.9622,-16.418,-3.8487,39.391,10.136,13.206,-8.2227,-2.8594,-51.182
-4.9505,-9.5631,21.291,5.4796,-17.302,0.41627,44.162,12.268,15.567,-6.337,-1.4535,-48.886
-4.2208,-4.6702,24.305,2.8429,-18.193,5.1031,48.891,14.394,17.885,-4.4504,0.0029706,-46.489
-3.4481,0.50948,27.283,0.072005,-19.025,10.079,53.445,16.482,20.1,-2.5826,1.5028,-44.017
-2.619,5.8351,30.1,-2.7913,-19.755,15.175,57.687,18.479,22.15,-0.7633,3.0291,-41.496
-1.7425,11.151,32.683,-5.6836,-20.374,20.226,61.499,20.323,23.971,0.97104,4.5592,-38.949
-0.85138,16.32,35.017,-8.5291,-20.902,25.113,64.783,21.942,25.501,2.5878,6.0682,-36.394
0.007044,21.255,37.126,-11.258,-21.377,29.781,67.461,23.27,26.689,4.0686,7.5304,-33.838
0.78702,25.927,39.057,-13.823,-21.839,34.239,69.481,24.256,27.493,5.4115,8.9176,-31.289
1.4586,30.359,40.854,-16.208,-22.315,38.529,70.816,24.868,27.891,6.6242,10.197,-28.758
2.0146,34.589,42.546,-18.421,-22.821,42.696,71.479,25.093,27.88,7.7122,11.335,-26.265
2.4684,38.64,44.146,-20.475,-23.355,46.754,71.524,24.94,27.475,8.6729,12.302,-23.837
2.8479,42.505,45.651,-22.378,-23.895,50.675,71.033,24.429,26.705,9.4951,13.085,-21.5
3.1891,46.136,47.047,-24.134,-24.399,54.392,70.086,23.594,25.602,10.164,13.685,-19.281
3.5324,49.462,48.307,-25.739,-24.817,57.806,68.738,22.469,24.192,10.664,14.116,-17.201
3.9191,52.396,49.397,-27.189,-25.101,60.801,67.013,21.082,22.49,10.982,14.389,-15.283
4.3867,54.849,50.286,-28.475,-25.228,63.254,64.905,19.446,20.494,11.103,14.503,-13.56
4.9603,56.735,50.955,-29.578,-25.21,65.049,62.401,17.555,18.188,11.012,14.446,-12.069
5.6393,57.978,51.395,-30.458,-25.098,66.079,59.498,15.385,15.547,10.701,14.197,-10.855
6.3855,58.501,51.598,-31.056,-24.955,66.25,56.212,12.904,12.54,10.169,13.742,-9.9607
7.1186,58.238,51.534,-31.295,-24.798,65.495,52.574,10.08,9.1437,9.4227,13.075,-9.418
7.7288,57.134,51.131,-31.104,-24.536,63.78,48.62,6.8934,5.3498,8.4721,12.196,-9.2464
8.106,55.164,50.285,-30.427,-23.977,61.125,44.379,3.3411,1.1826,7.3242,11.11,-9.4503
8.1752,52.34,48.881,-29.246,-22.922,57.602,39.879,-0.55349,-3.2954,5.9858,9.8256,-10.019
7.9207,48.703,46.841,-27.571,-21.287,53.325,35.168,-4.7388,-7.9901,4.4691,8.3508,-10.932
7.3822,44.318,44.14,-25.427,-19.147,48.421,30.327,-9.1379,-12.794,2.7934,6.6942,-12.167
6.6261,39.252,40.807,-22.849,-16.674,43.007,25.474,-13.664,-17.612,0.97879,4.8602,-13.702
5.7107,33.573,36.901,-19.866,-14.064,37.166,20.737,-18.246,-22.382,-0.96462,2.8452,-15.523
4.6637,27.333,32.492,-16.505,-11.503,30.943,16.222,-22.859,-27.082,-3.0468,0.63766,-17.61
3.4764,20.567,27.663,-12.788,-9.1705,24.35,11.995,-27.522,-31.721,-5.2982,-1.7777,-19.938
2.1145,13.304,22.524,-8.7393,-7.2255,17.395,8.0827,-32.268,-36.311,-7.7584,-4.4116,-22.465
0.53498,5.5916,17.21,-4.392,-5.7527,10.122,4.4936,-37.089,-40.824,-10.457,-7.2621,-25.142
-1.2931,-2.465,11.851,0.19983,-4.709,2.6399,1.2371,-41.898,-45.186,-13.4,-10.311,-27.916
-3.3745,-10.681,6.5152,4.9536,-3.9483,-4.8606,-1.673,-46.541,-49.282,-16.554,-13.526,-30.736
-5.6823,-18.806,1.2059,9.7629,-3.3306,-12.138,-4.2216,-50.842,-53.004,-19.861,-16.862,-33.557
-8.1619,-26.579,-4.0662,14.514,-2.8182,-18.949,-6.3985,-54.668,-56.274,-23.241,-20.261,-36.34
-10.742,-33.778,-9.1852,19.099,-2.467,-25.104,-8.204,-57.948,-59.06,-26.612,-23.654,-39.051
-13.344,-40.262,-13.923,23.427,-2.3495,-30.498,-9.6532,-60.679,-61.367,-29.9,-26.96,-41.657
-15.897,-45.971,-18.045,27.426,-2.4959,-35.11,-10.777,-62.899,-63.227,-33.045,-30.101,-44.133
-18.336,-50.912,-21.426,31.041,-2.8833,-38.987,-11.623,-64.68,-64.694,-36.017,-33.008,-46.459
-20.613,-55.141,-24.085,34.241,-3.4542,-42.216,-12.247,-66.104,-65.838,-38.808,-35.64,-48.619
-22.694,-58.735,-26.144,37.023,-4.1367,-44.905,-12.706,-67.256,-66.736,-41.426,-37.986,-50.594
-24.557,-61.786,-27.774,39.407,-4.8551,-47.163,-13.05,-68.208,-67.46,-43.88,-40.055,-52.364
-26.187,-64.386,-29.143,41.427,-5.5362,-49.097,-13.32,-69.012,-68.074,-46.169,-41.877,-53.905
-27.574,-66.622,-30.396,43.13,-6.1207,-50.798,-13.54,-69.693,-68.616,-48.278,-43.495,-55.202
-28.72,-68.566,-31.631,44.562,-6.5735,-52.338,-13.718,-70.259,-69.105,-50.184,-44.96,-56.248
-29.643,-70.273,-32.896,45.766,-6.8847,-53.761,-13.855,-70.7,-69.53,-51.868,-46.324,-57.047
-30.372,-71.779,-34.193,46.782,-7.0624,-55.09,-13.943,-70.996,-69.859,-53.317,-47.62,-57.615
-30.943,-73.108,-35.49,47.649,-7.1242,-56.325,-13.97,-71.117,-70.045,-54.53,-48.857,-57.971
-31.397,-74.278,-36.734,48.397,-7.0938,-57.455,-13.93,-71.03,-70.039,-55.516,-50.009,-58.143
-31.773,-75.303,-37.872,49.054,-6.998,-58.463,-13.819,-70.703,-69.799,-56.298,-51.033,-58.164
-32.101,-76.2,-38.868,49.642,-6.8598,-59.338,-13.641,-70.112,-69.297,-56.902,-51.884,-58.067
-32.4,-76.992,-39.717,50.172,-6.6882,-60.082,-13.404,-69.251,-68.527,-57.355,-52.53,-57.885
-32.662,-77.707,-40.464,50.647,-6.4685,-60.723,-13.128,-68.128,-67.494,-57.681,-52.968,-57.647
-32.865,-78.383,-41.194,51.067,-6.1619,-61.311,-12.842,-66.758,-66.22,-57.905,-53.22,-57.382
-32.977,-79.059,-42.016,51.43,-5.7185,-61.912,-12.579,-65.167,-64.742,-58.057,-53.335,-57.122
-32.977,-79.776,-43.021,51.746,-5.1006,-62.593,-12.362,-63.397,-63.121,-58.177,-53.383,-56.904
-32.866,-80.577,-44.258,52.041,-4.3053,-63.409,-12.184,-61.511,-61.443,-58.318,-53.454,-56.768
-32.693,-81.513,-45.715,52.367,-3.3761,-64.401,-11.987,-59.58,-59.78,-58.535,-53.65,-56.755
-32.558,-82.641,-47.326,52.802,-2.4021,-65.588,-11.64,-57.639,-58.148,-58.876,-54.076,-56.907
-32.602,-84.011,-48.983,53.438,-1.5068,-66.959,-10.943,-55.641,-56.462,-59.373,-54.825,-57.272
-32.98,-85.648,-50.552,54.357,-0.82469,-68.467,-9.6371,-53.423,-54.516,-60.038,-55.961,-57.905
-33.804,-87.52,-51.906,55.593,-0.45983,-70.028,-7.3971,-50.702,-52.013,-60.855,-57.498,-58.86
-35.053,-89.523,-52.957,57.086,-0.43531,-71.532,-3.9041,-47.107,-48.599,-61.776,-59.378,-60.17
-36.512,-91.485,-53.699,58.668,-0.65529,-72.879,-0.21369,-42.251,-43.928,-62.697,-61.45,-61.822
-37.798,-93.194,-54.224,60.071,-0.88957,-73.997,-2.908,-35.931,-37.834,-63.446,-63.473,-63.723
-38.455,-94.421,-54.726,60.971,-0.76156,-74.845,-13.221,-28.675,-30.848,-63.769,-65.129,-65.67
-38.054,-94.924,-55.433,61.032,0.1902,-75.382,-18.975,-22.84,-25.303,-63.318,-66.034,-67.328
-36.288,-94.419,-56.457,59.957,2.3038,-75.496,-17.351,-25.389,-28.006,-61.623,-65.762,-68.213
-33.861,-92.59,-57.617,57.669,5.7421,-74.923,-8.5908,-42.81,-45.329,-58.211,-63.935,-67.721
-39.758,-89.374,-58.351,55.413,8.0714,-73.185,8.6801,-45.727,-48.692,-54.169,-60.9,-65.27
-66.876,-87.333,-57.817,62.386,3.8055,-69.898,36.035,-35.812,-38.693,-65.612,-63.399,-60.922
-83.79,-108.37,-55.486,103.41,-2.0414,-68.86,73.96,-21.815,-24.474,-106.35,-103.85,-61.065
-94.591,-171.58,-64.718,131.14,-8.7985,-106.8,120.43,-4.1717,-6.5268,-116.52,-131.08,-107.57
-98.477,-182.61,-76.637,135.81,-17.343,-131.05,170.56,17.646,15.677,-120.76,-142.38,-138.84
-90.586,-177.73,-76.59,129.52,-17.737,-128.68,218.61,45.382,43.832,-118.1,-147.3,-145.92
-66.53,-162.14,-82.959,109.36,-5.2512,-124.22,260.65,82.217,81.049,-104.28,-141.1,-143.79
-23.838,-133,-95.637,72.489,21.325,-116.33,295.28,132.34,131.3,-74.69,-118.9,-128.61
36.538,-86.055,-109.52,17.63,58.963,-100.37,323.65,197.43,196.03,-24.66,-75.821,-95.523
109.55,-15.588,-113.72,-55.077,99.072,-67.858,350.51,275.12,273.39,50.598,-7.1496,-39.425
186.86,85.888,-92.656,-144.99,130.61,-6.9763,382.47,366.05,364.39,155.53,91.767,45.059
259.12,226.2,-28.872,-251.36,139.11,95.066,424.75,473.19,471.94,293.01,225.24,163.27
318.81,409.57,91.116,-372.37,112.33,247.26,478.57,598.06,597.19,463.3,394.8,317.33
361.49,632.41,270.24,-503.72,45.969,449.24,540.23,738.97,738.08,664.78,597.24,503.58
384.73,881.38,496.99,-638.04,-54.834,687.94,602.49,891.47,890.19,892.44,824.1,713.04
388.68,1134,746.39,-764.95,-176.89,939.81,656.71,1050.1,1048.2,1136.4,1061.1,930.33
377.58,1360.8,984.63,-871.98,-301.34,1173.1,694.33,1207.5,1205.2,1381.5,1288.6,1134.1
358.04,1530.6,1174.7,-946.48,-406.71,1353.7,707.71,1352.1,1349.5,1607.3,1482.9,1300.1
336.06,1617,1284.7,-978.09,-473.75,1452.4,691.1,1465.8,1463.2,1788,1619.5,1405.2
314.48,1606.1,1296.8,-961.31,-491.7,1453.5,641.92,1526.9,1524.8,1896.1,1676.6,1432.2
290.96,1500.9,1216,-896.58,-463.72,1360.6,563.67,1515.4,1514.1,1907.5,1640.8,1374.9
258.13,1321,1069.7,-789.96,-407.47,1197.1,467.79,1419.9,1419.7,1808.5,1510.8,1239.9
206.5,1096.1,898.05,-651.36,-348.52,998.02,370.44,1242.2,1243,1601,1298.9,1045.3
129.1,857.81,740.13,-493.16,-310.24,798.81,285.66,998.59,1000.4,1305.4,1029.3,816.32
26.341,632.59,621.19,-329.31,-305.08,625.41,219.89,717.08,719.68,958.44,734.72,580.5
-91.286,438.01,546.86,-174.3,-330.07,489.65,170.49,431.81,435.01,606.18,450.41,363.19
-205.48,281.42,504.43,-40.36,-368.88,388.96,127.83,174.83,178.3,292.89,206.94,183.18
-296.98,159.64,470.6,66.112,-399.37,310.55,79.81,-32,-28.673,48.898,22.572,48.79
-352.76,62.025,423.1,142.96,-403.46,238.5,17.966,-181.44,-178.55,-117.61,-101.55,-42.706
-369.25,-22.915,350.7,191.26,-374.08,161.46,-57.709,-278.6,-276.21,-213.22,-172.23,-100.7
-351.33,-100.33,254.53,216.38,-315.37,76.316,-138.53,-333.96,-332.06,-252.31,-204.12,-135.38
-308.64,-167.2,144.65,224.68,-238.16,-12.734,-210.82,-357.03,-355.66,-260.73,-214.3,-155.11
-251.97,-218.2,34.778,221.27,-155.59,-95.393,-260.95,-355.41,-354.42,-255.69,-214.12,-165.6
-191.84,-251.2,-61.263,209.41,-79.16,-160.25,-282.01,-338.26,-337.42,-245.37,-209.53,-170.25
-136.91,-263.48,-130.04,181.79,-15.8,-202,-276.55,-314.52,-313.78,-232.94,-202.98,-165.31
-91.234,-225.78,-171.07,132.23,30.893,-220.65,-251.87,-286.64,-285.95,-219.06,-193.81,-102.52
-56.698,-158.43,-189.49,105.37,59.804,-215.52,-215.16,-252.76,-252.13,-199.39,-157.93,-77.541
-34.581,-126.99,-188.69,92.141,71.725,-180.86,-172.07,-211.11,-210.76,-158.5,-124.74,-75.443
-22.521,-114.48,-172.51,82.351,69.792,-130.83,-128.2,-162.1,-161.76,-126.36,-108.85,-74.346
-16.696,-107.04,-145.98,74.095,58.235,-98.829,-91.509,-119.15,-118.45,-108.44,-97.465,-71.974
-14.983,-100.8,-113.43,66.78,41.48,-85.399,-62.301,-90.73,-89.979,-95.812,-87.8,-68.523
-16.391,-95.086,-77.738,60.239,23.978,-79.123,-39.179,-72.525,-71.905,-84.971,-79.154,-64.445
-19.736,-89.941,-58.222,54.516,9.6857,-74.918,-25.716,-61.624,-61.104,-75.597,-71.551,-60.103
-17.845,-85.322,-50.596,49.631,4.1858,-71.657,-19.692,-56.637,-56.121,-68.173,-65.139,-55.743
-14.414,-81.046,-47.962,45.508,4.8921,-69.058,-17.661,-55.965,-55.431,-62.57,-59.846,-51.523
-11.951,-76.944,-48.44,42.048,5.3932,-66.687,-17.504,-57.354,-56.797,-58.002,-55.377,-47.531
-10.402,-73.01,-49.795,39.183,5.7458,-64.094,-17.057,-56.617,-55.843,-53.823,-51.433,-43.82
-9.4454,-69.387,-49.986,36.856,6.0349,-61.163,-15.242,-52.505,-51.48,-49.85,-47.877,-40.435
-8.8183,-66.244,-48.2,35.002,5.9272,-58.145,-13.177,-47.57,-46.434,-46.185,-44.729,-37.431
-8.3445,-63.668,-45.346,33.538,5.3763,-55.388,-11.39,-43.149,-42.021,-42.991,-42.061,-34.871
-7.9075,-61.655,-42.488,32.372,4.6887,-53.122,-10.114,-39.735,-38.658,-40.375,-39.912,-32.809
-7.439,-60.123,-40.141,31.412,4.1009,-51.414,-9.3968,-37.38,-36.319,-38.345,-38.258,-31.256
-6.9063,-58.939,-38.46,30.572,3.7127,-50.192,-9.1127,-35.831,-34.715,-36.823,-37.006,-30.169
-6.3042,-57.95,-37.373,29.78,3.5292,-49.3,-9.0601,-34.727,-33.486,-35.67,-36.02,-29.431
-5.6448,-57.025,-36.676,28.979,3.507,-48.572,-9.0509,-33.728,-32.312,-34.715,-35.144,-28.882
-4.9469,-56.074,-36.161,28.135,3.586,-47.88,-8.9706,-32.594,-30.977,-33.787,-34.23,-28.343
-4.2258,-55.053,-35.666,27.231,3.7079,-47.142,-8.7787,-31.212,-29.39,-32.739,-33.167,-27.657
-3.488,-53.941,-35.07,26.257,3.8254,-46.317,-8.4934,-29.579,-27.566,-31.473,-31.892,-26.718
-2.7303,-52.723,-34.284,25.203,3.9038,-45.38,-8.1665,-27.777,-25.597,-29.957,-30.396,-25.492
-1.9455,-51.389,-33.252,24.059,3.9187,-44.321,-7.8534,-25.916,-23.596,-28.219,-28.718,-24.017
-1.1288,-49.928,-31.973,22.814,3.8641,-43.139,-7.5886,-24.086,-21.654,-26.335,-26.93,-22.385
-0.28159,-48.336,-30.49,21.468,3.7493,-41.845,-7.3775,-22.324,-19.802,-24.389,-25.108,-20.712
0.58959,-46.617,-28.868,20.027,3.5952,-40.453,-7.2123,-20.614,-18.023,-22.441,-23.303,-19.087
1.4758,-44.774,-27.164,18.5,3.4274,-38.973,-7.0741,-18.907,-16.263,-20.507,-21.527,-17.547
2.372,-42.809,-25.407,16.892,3.2663,-37.403,-6.9444,-17.146,-14.463,-18.563,-19.753,-16.068
3.2802,-40.708,-23.586,15.195,3.1184,-35.725,-6.8258,-15.301,-12.584,-16.565,-17.935,-14.589
4.2103,-38.44,-21.656,13.388,2.9749,-33.912,-6.7317,-13.373,-10.628,-14.469,-16.023,-13.038
5.1793,-35.962,-19.556,11.443,2.8174,-31.927,-6.6788,-11.383,-8.6252,-12.244,-13.978,-11.362
6.2097,-33.226,-17.243,9.3291,2.6288,-29.741,-6.6807,-9.3497,-6.621,-9.8746,-11.774,-9.521
7.3253,-30.195,-14.718,7.0242,2.4037,-27.344,-6.7473,-7.2812,-4.6535,-7.3557,-9.3975,-7.4912
8.5496,-26.85,-12.044,4.5211,2.1535,-24.746,-6.8881,-5.1797,-2.7414,-4.6889,-6.8427,-5.2477
9.9015,-23.205,-9.3196,1.8302,1.9025,-21.977,-7.1159,-3.048,-0.88049,-1.8768,-4.1007,-2.7609
11.396,-19.291,-6.6423,-1.0245,1.6788,-19.075,-7.4451,-0.89295,0.9519,1.083,-1.1523,0.0060508
13.041,-15.149,-4.0709,-4.0125,1.5036,-16.067,-7.8845,1.2765,2.7896,4.205,2.038,3.0922
14.845,-10.805,-1.6128,-7.1078,1.3877,-12.959,-8.4318,3.4529,4.6677,7.5224,5.5229,6.5266
16.818,-6.2598,0.7714,-10.298,1.3319,-9.7291,-9.0746,5.632,6.6136,11.089,9.3711,10.316
18.989,-1.4804,3.1486,-13.594,1.3324,-6.3234,-9.7981,7.8135,8.6417,14.979,13.665,14.442
21.415,3.5937,5.5873,-17.025,1.3856,-2.6677,-10.592,10.001,10.754,19.283,18.499,18.871
24.192,9.028,8.1291,-20.636,1.4919,1.3145,-11.451,12.205,12.945,24.11,23.971,23.575
27.454,14.864,10.767,-24.474,1.6575,5.6732,-12.374,14.436,15.206,29.589,30.163,28.548
31.361,21.093,13.442,-28.581,1.8966,10.406,-13.355,16.709,17.523,35.86,37.127,33.817
36.052,27.648,16.056,-32.99,2.2293,15.447,-14.388,19.03,19.883,43.064,44.886,39.428
41.586,34.419,18.515,-37.728,2.6736,20.681,-15.469,21.4,22.272,51.296,53.45,45.428
47.855,41.291,20.757,-42.819,3.2357,25.978,-16.607,23.807,24.673,60.543,62.837,51.837
54.616,48.184,22.768,-48.292,3.9082,31.237,-17.822,26.231,27.077,70.633,73.059,58.634
61.6,55.079,24.573,-54.19,4.6789,36.403,-19.157,28.649,29.473,81.242,84.054,65.764
68.639,62.032,26.214,-60.589,5.5451,41.472,-20.671,31.035,31.851,91.993,95.611,73.154
75.698,69.153,27.729,-67.612,6.5239,46.469,-22.446,33.366,34.205,102.59,107.39,80.733
82.834,76.596,29.141,-75.407,7.6569,51.417,-24.59,35.621,36.525,112.87,119.04,88.449
90.116,84.528,30.456,-84.088,9.0083,56.327,-27.23,37.781,38.803,122.87,130.35,96.259
97.612,93.097,31.675,-93.662,10.66,61.193,-30.492,39.834,41.031,132.66,141.3,104.12
105.35,102.4,32.8,-103.97,12.7,66.001,-34.457,41.773,43.199,142.36,151.97,111.98
113.34,112.43,33.834,-114.72,15.213,70.732,-39.118,43.602,45.293,152.04,162.48,119.78
121.56,123.08,34.778,-125.58,18.25,75.369,-44.361,45.317,47.285,161.69,172.91,127.46
129.98,134.16,35.634,-136.33,21.804,79.9,-50.006,46.907,49.133,171.23,183.29,134.99
138.59,145.44,36.407,-146.82,25.784,84.321,-55.884,48.341,50.782,180.49,193.59,142.32
147.33,156.7,37.104,-157.03,30.03,88.634,-61.887,49.579,52.172,189.29,203.72,149.44
156.17,167.75,37.739,-166.95,34.369,92.843,-67.981,50.576,53.252,197.46,213.55,156.36
165.03,178.39,38.327,-176.55,38.668,96.937,-74.181,51.295,53.996,204.87,222.95,163.07
173.83,188.39,38.881,-185.74,42.847,100.89,-80.523,51.712,54.396,211.49,231.85,169.58
182.42,197.57,39.411,-194.35,46.867,104.68,-87.042,51.812,54.465,217.31,240.21,175.88
190.68,205.78,39.923,-202.23,50.712,108.25,-93.759,51.595,54.216,222.36,248.05,181.96
198.45,212.96,40.417,-209.27,54.38,111.56,-100.68,51.069,53.658,226.7,255.38,187.8
205.61,219.18,40.891,-215.47,57.876,114.59,-107.78,50.24,52.784,230.4,262.21,193.39
212.14,224.56,41.339,-220.91,61.203,117.36,-115,49.114,51.584,233.53,268.48,198.7
218.05,229.28,41.76,-225.73,64.356,119.87,-122.27,47.689,50.044,236.18,274.12,203.73
223.37,233.47,42.152,-230.04,67.312,122.16,-129.49,45.966,48.156,238.42,279.07,208.44
228.13,237.23,42.514,-233.9,70.03,124.25,-136.58,43.95,45.93,240.32,283.32,212.81
232.32,240.59,42.843,-237.36,72.464,126.15,-143.43,41.658,43.391,241.91,286.89,216.8
235.92,243.56,43.13,-240.41,74.583,127.84,-149.93,39.12,40.578,243.25,289.88,220.35
238.98,246.13,43.356,-243.07,76.396,129.3,-156.03,36.375,37.541,244.35,292.38,223.43
241.57,248.31,43.493,-245.35,77.946,130.49,-161.71,33.467,34.327,245.19,294.51,225.98
243.8,250.11,43.513,-247.32,79.297,131.4,-167.03,30.441,30.984,245.76,296.34,227.99
245.77,251.55,43.392,-249.02,80.518,131.99,-172.13,27.345,27.559,246,297.89,229.41
247.59,252.66,43.118,-250.52,81.672,132.27,-177.18,24.228,24.101,245.85,299.14,230.22
249.35,253.44,42.695,-251.83,82.82,132.22,-182.34,21.147,20.668,245.24,299.99,230.41
251.09,253.84,42.129,-252.94,84.026,131.86,-187.8,18.161,17.326,244.06,300.33,229.94
252.81,253.79,41.429,-253.78,85.359,131.16,-193.6,15.337,14.142,242.2,299.99,228.77
254.41,253.18,40.605,-254.22,86.883,130.12,-199.54,12.739,11.185,239.51,298.76,226.82
255.65,251.88,39.675,-254.07,88.619,128.71,-204.91,10.43,8.5203,235.84,296.41,224.02
256.16,249.72,38.663,-253.08,90.469,126.91,-208.46,8.4658,6.2102,231.07,292.68,220.22
255.4,246.59,37.608,-251.01,92.105,124.7,-208.91,6.8982,4.3176,225.11,287.34,215.32
252.83,242.34,36.553,-247.57,92.935,122.05,-205.57,5.7655,2.9024,217.92,280.21,209.21
248.03,236.82,35.539,-242.51,92.297,118.94,-198.35,5.0924,2.0153,209.5,271.23,201.88
240.75,229.85,34.597,-235.57,89.782,115.34,-187.36,4.89,1.6894,199.92,260.48,193.4
230.99,221.21,33.742,-226.6,85.369,111.24,-172.72,5.1569,1.9333,189.32,248.18,183.89
218.92,210.7,32.97,-215.56,79.295,106.6,-154.65,5.881,2.7291,177.92,234.65,173.53
204.9,198.17,32.261,-202.61,71.905,101.41,-133.86,7.0396,4.0338,165.97,220.24,162.47
189.42,183.62,31.587,-188.11,63.577,95.67,-111.58,8.5972,5.7818,153.7,205.27,150.84
173.03,167.31,30.925,-172.49,54.673,89.411,-88.984,10.502,7.8872,141.22,189.97,138.7
156.26,149.79,30.259,-156.15,45.507,82.699,-66.839,12.683,10.247,128.57,174.49,126.14
139.56,131.81,29.582,-139.35,36.339,75.627,-45.57,15.051,12.746,115.66,158.91,113.22
123.19,114.19,28.9,-122.21,27.403,68.297,-25.484,17.502,15.27,102.45,143.25,100.09
107.35,97.608,28.224,-104.84,18.956,60.814,-6.8536,19.933,17.713,89.006,127.47,86.931
92.102,82.393,27.562,-87.604,11.316,53.276,10.021,22.246,19.987,75.627,111.54,74.009
77.477,68.517,26.917,-71.212,4.8402,45.786,24.648,24.357,22.024,62.854,95.5,61.582
63.438,55.719,26.278,-56.446,-0.21098,38.443,36.111,26.195,23.772,51.256,79.644,49.87
49.872,43.708,25.624,-43.679,-3.9021,31.333,43.387,27.702,25.192,41.189,64.631,39.023
36.719,32.292,24.928,-32.728,-6.7139,24.523,46.835,28.839,26.26,32.69,51.238,29.131
24.409,21.426,24.163,-23.147,-9.2076,18.053,48.445,29.579,26.966,25.554,39.94,20.233
14.029,11.172,23.298,-14.556,-11.608,11.94,49.713,29.914,27.315,19.495,30.709,12.328
6.3454,1.6411,22.301,-6.7659,-13.81,6.1877,50.892,29.852,27.323,14.244,23.176,5.384
1.0219,-7.0565,21.136,0.25147,-15.651,0.79267,51.73,29.415,27.011,9.6082,16.902,-0.66471
-2.7762,-14.843,19.771,6.457,-17.062,-4.2424,51.992,28.637,26.398,5.4608,11.529,-5.9094
-5.6859,-21.681,18.188,11.814,-18.07,-8.9056,51.59,27.56,25.501,1.7251,6.8135,-10.461
-8.0321,-27.579,16.398,16.327,-18.74,-13.175,50.545,26.227,24.338,-1.6497,2.5996,-14.434
-9.9515,-32.573,14.445,20.045,-19.147,-17.022,48.923,24.681,22.934,-4.7037,-1.2072,-17.933
-11.505,-36.725,12.406,23.049,-19.354,-20.421,46.806,22.967,21.324,-7.4708,-4.6599,-21.038
-12.736,-40.112,10.377,25.436,-19.409,-23.355,44.274,21.124,19.556,-9.9789,-7.7818,-23.802
-13.687,-42.827,8.4447,27.307,-19.338,-25.829,41.398,19.195,17.684,-12.248,-10.576,-26.253
-14.406,-44.966,6.6727,28.757,-19.152,-27.873,38.241,17.224,15.772,-14.29,-13.039,-28.409
-14.931,-46.631,5.0867,29.868,-18.855,-29.534,34.866,15.254,13.883,-16.113,-15.169,-30.279
-15.3,-47.914,3.6824,30.708,-18.451,-30.873,31.347,13.33,12.077,-17.722,-16.973,-31.874
-15.541,-48.894,2.4402,31.327,-17.951,-31.946,27.778,11.494,10.404,-19.128,-18.467,-33.202
-15.675,-49.634,1.3386,31.764,-17.379,-32.806,24.269,9.7777,8.897,-20.345,-19.679,-34.273
-15.721,-50.18,0.36044,32.048,-16.766,-33.493,20.939,8.2046,7.5645,-21.392,-20.638,-35.098
-15.696,-50.565,-0.50638,32.202,-16.148,-34.04,17.895,6.7872,6.3937,-22.288,-21.376,-35.69
-15.61,-50.811,-1.2726,32.245,-15.562,-34.469,15.211,5.5327,5.3599,-23.042,-21.921,-36.071
-15.471,-50.933,-1.9533,32.193,-15.035,-34.797,12.915,4.447,4.4401,-23.652,-22.305,-36.268
-15.279,-50.946,-2.5738,32.061,-14.576,-35.04,10.993,3.537,3.6238,-24.104,-22.561,-36.315
-15.032,-50.872,-3.1733,31.861,-14.172,-35.22,9.3999,2.8086,2.9144,-24.384,-22.722,-36.246
-14.725,-50.738,-3.7977,31.604,-13.783,-35.365,8.0852,2.2629,2.3223,-24.492,-22.815,-36.088
-14.358,-50.567,-4.4779,31.3,-13.365,-35.497,7.0006,1.8912,1.8546,-24.444,-22.857,-35.86
-13.941,-50.371,-5.2011,30.954,-12.893,-35.618,6.1076,1.6717,1.5084,-24.281,-22.849,-35.57
-13.499,-50.139,-5.8998,30.574,-12.385,-35.701,5.3785,1.5691,1.2701,-24.047,-22.783,-35.215
-13.074,-49.86,-6.475,30.174,-11.891,-35.705,4.7974,1.5406,1.1213,-23.78,-22.645,-34.784
-12.713,-49.534,-6.8436,29.779,-11.473,-35.603,4.3597,1.5443,1.0449,-23.501,-22.425,-34.268
-12.452,-49.184,-6.9806,29.422,-11.17,-35.396,4.0652,1.5459,1.0288,-23.222,-22.124,-33.662
-12.31,-48.849,-6.9307,29.128,-10.974,-35.121,3.9086,1.5212,1.065,-22.951,-21.761,-32.981
-12.279,-48.571,-6.7878,28.916,-10.847,-34.83,3.8709,1.4557,1.1463,-22.697,-21.369,-32.252
-12.331,-48.379,-6.6555,28.789,-10.734,-34.575,3.9192,1.3431,1.2617,-22.472,-20.988,-31.51
-12.435,-48.285,-6.6111,28.738,-10.595,-34.393,4.0148,1.1816,1.3945,-22.289,-20.655,-30.792
-12.562,-48.278,-6.6885,28.746,-10.412,-34.294,4.123,0.97212,1.5237,-22.152,-20.388,-30.125
-12.693,-48.33,-6.8797,28.791,-10.187,-34.268,4.2198,0.71751,1.6294,-22.064,-20.194,-29.523
-12.817,-48.406,-7.1495,28.851,-9.9388,-34.291,4.2941,0.42521,1.699,-22.023,-20.064,-28.984
-12.93,-48.472,-7.4509,28.907,-9.6889,-34.334,4.3451,0.11048,1.7314,-22.021,-19.974,-28.492
-13.028,-48.495,-7.7378,28.941,-9.4586,-34.366,4.3793,-0.20222,1.7363,-22.042,-19.894,-28.02
-13.109,-48.447,-7.971,28.936,-9.265,-34.357,4.4099,-0.48074,1.7304,-22.068,-19.784,-27.544
-13.169,-48.302,-8.1169,28.874,-9.1211,-34.276,4.4596,-0.68865,1.7311,-22.073,-19.602,-27.039
-13.202,-48.029,-8.1375,28.731,-9.0386,-34.086,4.5668,-0.78829,1.7535,-22.038,-19.307,-26.486
-13.197,-47.582,-7.976,28.472,-9.0331,-33.738,4.7882,-0.74273,1.8118,-21.946,-18.862,-25.868
-13.142,-46.902,-7.55,28.062,-9.1289,-33.166,5.1946,-0.51727,1.925,-21.784,-18.235,-25.165
-13.023,-45.915,-6.761,27.461,-9.3576,-32.299,5.8612,-0.081518,2.1239,-21.541,-17.402,-24.358
-12.83,-44.556,-5.5255,26.637,-9.7468,-31.073,6.858,0.58864,2.4529,-21.203,-16.357,-23.433
-12.553,-42.785,-3.8169,25.572,-10.305,-29.452,8.2466,1.5099,2.9646,-20.751,-15.104,-22.378
-12.189,-40.596,-1.6886,24.265,-11.011,-27.444,10.078,2.6912,3.7063,-20.162,-13.661,-21.185
-11.744,-38.026,0.74501,22.738,-11.824,-25.091,12.387,4.1322,4.7044,-19.415,-12.054,-19.85
-11.233,-35.129,3.3589,21.027,-12.699,-22.454,15.19,5.8218,5.9567,-18.492,-10.314,-18.375
-10.677,-31.966,6.0644,19.174,-13.611,-19.577,18.479,7.7369,7.4373,-17.382,-8.476,-16.763
-10.098,-28.574,8.828,17.214,-14.552,-16.477,22.219,9.8439,9.1085,-16.074,-6.5707,-15.024
-9.508,-24.952,11.664,15.159,-15.527,-13.13,26.355,12.102,10.933,-14.569,-4.625,-13.172
-8.9083,-21.055,14.61,12.991,-16.542,-9.4736,30.805,14.469,12.882,-12.883,-2.6564,-11.218
-8.2898,-16.806,17.7,10.674,-17.596,-5.427,35.463,16.907,14.936,-11.042,-0.67222,-9.1699
-7.6393,-12.129,20.937,8.1678,-18.679,-0.92022,40.204,19.38,17.081,-9.0851,1.3287,-7.0267
-6.9445,-6.9882,24.275,5.4503,-19.765,4.069,44.879,21.857,19.302,-7.0528,3.3512,-4.7817
-6.1966,-1.417,27.633,2.5297,-20.822,9.489,49.335,24.307,21.573,-4.9902,5.395,-2.43
-5.3915,4.4787,30.909,-0.55607,-21.811,15.218,53.428,26.691,23.857,-2.9445,7.4461,0.020375
-4.5308,10.55,34.018,-3.7493,-22.702,21.097,57.035,28.966,26.107,-0.96422,9.4705,2.5427
-3.6257,16.645,36.909,-6.9847,-23.488,26.983,60.057,31.085,28.269,0.90715,11.416,5.0913
-2.7007,22.648,39.569,-10.198,-24.18,32.779,62.423,33.002,30.292,2.6391,13.223,7.6096
-1.7918,28.488,42.016,-13.335,-24.805,38.44,64.093,34.682,32.136,4.2197,14.837,10.041
-0.93847,34.132,44.273,-16.349,-25.387,43.949,65.08,36.104,33.772,5.6537,16.225,12.344
-0.17021,39.563,46.359,-19.209,-25.945,49.29,65.449,37.261,35.185,6.9529,17.382,14.496
0.50457,44.76,48.282,-21.896,-26.486,54.423,65.311,38.154,36.364,8.1243,18.335,16.499
1.1018,49.678,50.041,-24.394,-27.007,59.274,64.784,38.789,37.3,9.1633,19.126,18.361
1.6567,54.24,51.627,-26.686,-27.481,63.74,63.963,39.174,37.983,10.052,19.794,20.09
2.2161,58.344,53.024,-28.757,-27.863,67.706,62.894,39.32,38.405,10.763,20.359,21.673
2.8326,61.879,54.209,-30.595,-28.098,71.061,61.576,39.238,38.559,11.266,20.807,23.079
3.5621,64.75,55.166,-32.199,-28.156,73.709,59.968,38.939,38.442,11.528,21.097,24.258
4.4571,66.901,55.898,-33.579,-28.066,75.576,58.009,38.427,38.056,11.522,21.173,25.159
5.5513,68.311,56.435,-34.74,-27.945,76.598,55.64,37.703,37.404,11.226,20.986,25.733
6.8363,68.983,56.813,-35.664,-27.982,76.72,52.833,36.759,36.493,10.633,20.515,25.946
8.2349,68.913,57.023,-36.295,-28.304,75.896,49.611,35.585,35.331,9.7513,19.77,25.782
9.5901,68.069,56.941,-36.539,-28.744,74.096,46.041,34.177,33.93,8.6053,18.784,25.243
10.688,66.394,56.314,-36.296,-28.77,71.322,42.212,32.541,32.307,7.2297,17.588,24.341
11.325,63.835,54.848,-35.49,-27.757,67.618,38.213,30.689,30.477,5.6615,16.202,23.096
11.399,60.37,52.346,-34.099,-25.369,63.067,34.14,28.635,28.457,3.9351,14.629,21.531
10.955,56.017,48.797,-32.147,-21.751,57.778,30.108,26.396,26.257,2.0802,12.868,19.674
10.154,50.829,44.36,-29.675,-17.421,51.872,26.24,23.983,23.888,0.12024,10.919,17.561
9.1729,44.868,39.286,-26.715,-12.967,45.459,22.636,21.396,21.35,-1.9317,8.7886,15.229
8.1104,38.195,33.833,-23.282,-8.8563,38.62,19.328,18.618,18.637,-4.0781,6.4901,12.709
6.9566,30.862,28.229,-19.391,-5.4367,31.399,16.275,15.611,15.723,-6.3404,4.0334,10.022
5.6217,22.919,22.66,-15.064,-2.9736,23.818,13.383,12.316,12.569,-8.7547,1.4166,7.1738
3.9919,14.431,17.252,-10.346,-1.5817,15.906,10.538,8.6652,9.127,-11.359,-1.3773,4.1545
1.9831,5.5046,12.037,-5.3034,-1.1118,7.7467,7.661,4.5892,5.3446,-14.179,-4.3757,0.95064
-0.42295,-3.6716,6.926,-0.03176,-1.1563,-0.48587,4.7443,0.036223,1.1805,-17.209,-7.6021,-2.4371
-3.1672,-12.818,1.7517,5.342,-1.2687,-8.5257,1.8642,-5.0102,-3.3843,-20.414,-11.056,-5.9779
-6.1302,-21.596,-3.5922,10.668,-1.2467,-16.064,-0.84326,-10.508,-8.3271,-23.732,-14.696,-9.6044
-9.1685,-29.684,-8.9861,15.791,-1.1788,-22.833,-3.2312,-16.334,-13.562,-27.081,-18.433,-13.221
-12.15,-36.864,-14.085,20.584,-1.2428,-28.676,-5.1928,-22.285,-18.93,-30.378,-22.143,-16.723
-14.967,-43.067,-18.536,24.96,-1.5113,-33.578,-6.6888,-28.1,-24.212,-33.546,-25.697,-20.022
-17.536,-48.354,-22.187,28.88,-1.9103,-37.641,-7.7461,-33.517,-29.184,-36.526,-28.991,-23.061
-19.793,-52.866,-25.122,32.336,-2.3177,-41.036,-8.4377,-38.344,-33.683,-39.285,-31.974,-25.824
-21.709,-56.758,-27.553,35.341,-2.6708,-43.948,-8.862,-42.502,-37.65,-41.822,-34.65,-28.333
-23.296,-60.155,-29.694,37.917,-2.9619,-46.53,-9.13,-46.02,-41.126,-44.159,-37.06,-30.629
-24.588,-63.125,-31.686,40.087,-3.1759,-48.869,-9.3547,-48.999,-44.209,-46.331,-39.259,-32.765
-25.617,-65.686,-33.565,41.873,-3.2818,-50.982,-9.6351,-51.552,-47.003,-48.373,-41.3,-34.784
-26.41,-67.829,-35.288,43.299,-3.2674,-52.842,-10.034,-53.768,-49.572,-50.308,-43.212,-36.713
-27.004,-69.547,-36.778,44.394,-3.1568,-54.407,-10.561,-55.701,-51.938,-52.143,-45.007,-38.558
-27.448,-70.858,-37.981,45.201,-2.9972,-55.656,-11.178,-57.376,-54.085,-53.875,-46.675,-40.303
-27.794,-71.814,-38.885,45.779,-2.8344,-56.603,-11.813,-58.797,-55.985,-55.491,-48.195,-41.919
-28.09,-72.494,-39.53,46.196,-2.6962,-57.299,-12.388,-59.964,-57.608,-56.971,-49.544,-43.373
-28.365,-72.985,-39.987,46.516,-2.5906,-57.808,-12.84,-60.872,-58.94,-58.299,-50.706,-44.643
-28.626,-73.361,-40.331,46.784,-2.5144,-58.192,-13.135,-61.528,-59.986,-59.459,-51.682,-45.722
-28.868,-73.674,-40.611,47.028,-2.4633,-58.497,-13.264,-61.948,-60.769,-60.445,-52.489,-46.621
-29.078,-73.952,-40.849,47.255,-2.4376,-58.745,-13.245,-62.163,-61.322,-61.26,-53.165,-47.363
-29.253,-74.214,-41.054,47.466,-2.4398,-58.955,-13.119,-62.217,-61.692,-61.921,-53.751,-47.977
-29.393,-74.481,-41.252,47.661,-2.4659,-59.15,-12.948,-62.159,-61.924,-62.448,-54.289,-48.499
-29.503,-74.789,-41.506,47.854,-2.4958,-59.378,-12.8,-62.041,-62.066,-62.872,-54.815,-48.971
-29.598,-75.188,-41.905,48.07,-2.4954,-59.701,-12.73,-61.909,-62.154,-63.227,-55.358,-49.443
-29.712,-75.737,-42.533,48.353,-2.4337,-60.182,-12.744,-61.79,-62.21,-63.556,-55.949,-49.969
-29.902,-76.492,-43.413,48.76,-2.3105,-60.868,-12.773,-61.685,-62.227,-63.904,-56.615,-50.606
-30.254,-77.495,-44.485,49.359,-2.1782,-61.764,-12.662,-61.556,-62.164,-64.321,-57.391,-51.403
-30.881,-78.762,-45.599,50.213,-2.1449,-62.826,-12.191,-61.32,-61.938,-64.846,-58.32,-52.409
-31.888,-80.272,-46.564,51.364,-2.3486,-63.968,-11.116,-60.853,-61.427,-65.501,-59.453,-53.667
-33.311,-81.966,-47.217,52.803,-2.9044,-65.089,-9.1803,-59.983,-60.46,-66.281,-60.835,-55.21
-35.05,-83.752,-47.493,54.443,-3.8262,-66.113,-6.1174,-58.491,-58.831,-67.141,-62.472,-57.041
-36.841,-85.506,-47.486,56.111,-4.9416,-67.012,-2.6538,-56.119,-56.299,-67.982,-64.298,-59.11
-38.292,-87.073,-47.458,57.551,-5.8571,-67.805,-4.2486,-52.649,-52.665,-68.643,-66.148,-61.299
-38.992,-88.261,-47.785,58.46,-6.0254,-68.521,-13.053,-48.258,-48.113,-68.886,-67.748,-63.405
-38.585,-88.815,-48.782,58.514,-4.8902,-69.128,-18.901,-44.815,-44.405,-68.388,-68.727,-65.122
-36.873,-88.385,-50.446,57.412,-2.0419,-69.444,-18.298,-48.597,-47.499,-66.719,-68.634,-66.023
-34.966,-86.545,-52.306,55.079,2.7636,-69.057,-11.042,-62.766,-61.759,-63.454,-67.042,-65.569
-43.247,-83.108,-53.498,52.817,5.7133,-67.306,4.1961,-65.441,-65.546,-59.852,-64.227,-63.215
-69.248,-80.566,-52.928,60.425,1.4788,-63.639,29.136,-56.541,-56.54,-72.699,-66.993,-58.986
-84.929,-102.74,-49.756,104.01,-4.6949,-62.066,64.766,-41.865,-41.532,-108.15,-106.74,-58.89
-95.262,-171.46,-61.156,131.49,-12.178,-104.83,109.8,-21.529,-20.941,-117.47,-131.93,-104.79
-98.378,-181.81,-75.223,135.49,-19.469,-130,159.82,4.524,5.0468,-121.66,-143.38,-137.56
-89.393,-176.26,-75.748,128.3,-18.186,-127.51,208.88,36.672,36.764,-118.81,-148.22,-144.77
-64.105,-159.92,-82.648,106.96,-4.6299,-122.99,252.37,76.236,75.804,-104.65,-141.74,-142.82
-20.33,-129.81,-95.529,68.727,22.89,-114.87,288.42,126.19,125.55,-74.64,-119.14,-127.87
40.765,-81.484,-109.2,12.453,61.088,-98.268,317.66,190.26,189.76,-24.158,-75.6,-95.121
114.01,-9.0855,-112.73,-61.622,101.49,-64.458,344.1,269,268.49,51.548,-6.3242,-39.378
191.07,94.789,-90.28,-152.78,132.56,-1.5901,374.28,360.83,360.29,157.18,93.617,45.276
262.72,237.52,-24.284,-260.07,139.45,102.78,413.94,468.16,467.96,296.23,228.75,165.07
321.66,422.63,98.057,-381.44,110.74,257.12,465.06,593.18,593.38,468.95,400.22,322.24
363.49,646.07,279.01,-512.5,42.752,460.42,524.8,734.45,734.78,672.87,604.14,512.17
385.63,894.47,506.55,-645.96,-59.376,699.21,586.82,887.62,887.79,901.99,831.65,724.57
388.42,1145.4,755.6,-771.55,-182.38,950.07,643.38,1047.2,1047.1,1146,1068.4,943.09
376.51,1369.6,992.1,-876.8,-306.71,1181.3,686.3,1206.2,1205.6,1390,1294.6,1145.7
356.64,1535.8,1178.9,-949.14,-410.29,1358.8,707.63,1353.1,1352,1613.3,1487,1308.1
334.69,1618.2,1284.4,-978.35,-474.28,1453.8,700.5,1470.2,1468.6,1790.2,1620.9,1407.4
313.14,1603.3,1292.4,-959.18,-489.35,1451.1,660.61,1535,1533,1893.2,1674.7,1427.4
289.27,1494.8,1208.9,-892.29,-459.95,1355.4,589.18,1526.1,1524.2,1898.4,1635.2,1363
255.49,1312.8,1061.6,-783.88,-403.83,1190.4,496.18,1431.7,1430.3,1793,1501.6,1221.9
202.38,1087.2,890.9,-644.01,-346,991.35,397.88,1253.9,1253.3,1579.9,1286.7,1022.6
123.39,849.63,735.23,-485.2,-309.26,793.5,309.35,1009.9,1010.1,1280.7,1015.2,790.42
19.565,626.17,619.04,-321.57,-305.33,622.21,238.78,728.58,729.65,932.67,720.3,552.93
-98.139,433.87,547.22,-167.57,-330.85,488.64,185.72,444.6,446.24,582.34,437.33,335.66
-211.42,279.34,506.74,-35.15,-369.79,389.66,142.07,189.71,191.6,273.61,196.45,157.6
-301.28,158.86,474.38,69.752,-400.77,312.23,95.564,-15.362,-13.564,35.64,15.205,26.783
-355,61.901,427.73,145.19,-405.89,240.56,36.08,-164.5,-163.02,-124.85,-105.69,-60.733
-369.41,-22.534,355.61,192.4,-377.4,163.69,-38.333,-263.02,-261.86,-215.4,-173.65,-115.75
-349.76,-99.41,259.87,216.76,-319.27,78.948,-119.93,-319.03,-318.28,-251.62,-204.08,-148.91
-305.97,-165.98,151.12,224.58,-242.88,-9.2352,-195.16,-338.5,-337.99,-259.1,-213.85,-167.98
-248.85,-217.07,43.086,220.89,-161.08,-91.205,-249.87,-332.89,-331.75,-254.44,-213.77,-177.98
-188.81,-250.39,-51.842,208.85,-84.584,-156.11,-276,-316.66,-314.83,-244.91,-209.4,-182.01
-134.44,-262.83,-121.95,180.07,-20.36,-198.74,-275.19,-295.72,-293.94,-233.08,-203.04,-175.47
-89.804,-224.12,-165.46,130.62,27.22,-219.26,-254.26,-269.28,-268.05,-219.53,-193.65,-118.23
-56.546,-156.61,-186.6,104.99,57.067,-217.01,-220.08,-236.68,-236.06,-200.53,-157.22,-97.261
-35.244,-125.96,-188.34,92.331,70.37,-185.29,-178.04,-198.16,-198.06,-164.84,-126.44,-95.433
-23.221,-114.3,-174.39,82.856,69.952,-134.51,-133.23,-152.06,-152.42,-134.13,-111.3,-94.238
-17.069,-107.67,-149.71,74.823,59.492,-100.78,-93.971,-107.15,-107.67,-115.7,-99.972,-91.652
-14.997,-102.18,-118.6,67.733,43.378,-87.292,-64.45,-78.152,-78.725,-102.56,-90.055,-87.986
-16.061,-97.147,-82.109,61.462,26.194,-81.574,-40.818,-61.302,-61.926,-91.247,-80.942,-83.77
-19.302,-92.593,-62.329,56.041,11.837,-77.906,-25.975,-51.969,-52.62,-81.268,-72.682,-79.414
-17.711,-88.498,-55.174,51.434,6.1013,-75.02,-18.63,-47.957,-48.574,-73.274,-65.485,-75.194
-14.184,-84.673,-51.952,47.501,7.0778,-72.704,-15.196,-47.235,-47.795,-67.625,-59.395,-71.275
-11.564,-80.917,-51.69,44.118,7.5588,-70.631,-13.815,-44.378,-45.184,-63.644,-54.211,-67.751
-9.8708,-77.188,-52.78,41.23,7.9165,-68.388,-13.509,-33.615,-35.078,-60.284,-49.659,-64.669
-8.7974,-73.634,-53.476,38.823,8.155,-65.805,-12.18,-22.304,-24.073,-56.999,-45.586,-62.062
-8.0831,-70.475,-52.825,36.874,8.1004,-63.066,-10.108,-14.106,-15.931,-53.797,-41.997,-59.961
-7.5489,-67.864,-51.163,35.33,7.7306,-60.507,-8.1575,-8.8276,-10.588,-50.909,-38.962,-58.392
-7.0779,-65.824,-49.25,34.106,7.2435,-58.375,-6.7382,-5.8333,-7.4778,-48.54,-36.526,-57.354
-6.5992,-64.264,-47.54,33.105,6.7935,-56.735,-5.9493,-4.4659,-5.9681,-46.771,-34.666,-56.805
-6.0767,-63.027,-46.172,32.227,6.4343,-55.504,-5.6697,-4.1802,-5.5078,-45.547,-33.285,-56.654
-5.5007,-61.944,-45.11,31.392,6.1702,-54.521,-5.6852,-4.5666,-5.6652,-44.717,-32.233,-56.77
-4.8763,-60.872,-44.231,30.534,5.988,-53.622,-5.7991,-5.3145,-6.1084,-44.081,-31.338,-57.009
-4.2153,-59.715,-43.404,29.607,5.868,-52.683,-5.8856,-6.1968,-6.6028,-43.435,-30.443,-57.244
-3.5299,-58.415,-42.521,28.578,5.7856,-51.625,-5.9053,-7.0578,-7.009,-42.61,-29.429,-57.384
-2.8272,-56.941,-41.49,27.427,5.7103,-50.4,-5.8762,-7.8195,-7.2865,-41.503,-28.232,-57.38
-2.1076,-55.273,-40.213,26.141,5.6073,-48.98,-5.8475,-8.4724,-7.471,-40.073,-26.841,-57.222
-1.3665,-53.407,-38.607,24.714,5.4448,-47.353,-5.883,-9.0452,-7.6289,-38.338,-25.285,-56.928
-0.59761,-51.353,-36.639,23.15,5.2066,-45.538,-6.0239,-9.5766,-7.8196,-36.355,-23.616,-56.532
0.20428,-49.14,-34.358,21.467,4.8984,-43.578,-6.2728,-10.079,-8.0598,-34.196,-21.886,-56.065
1.0401,-46.813,-31.885,19.695,4.5467,-41.538,-6.5963,-10.522,-8.3125,-31.926,-20.128,-55.545
1.9111,-44.418,-29.376,17.862,4.1893,-39.481,-6.9419,-10.836,-8.4942,-29.59,-18.35,-54.973
2.8219,-41.986,-26.965,15.986,3.8653,-37.453,-7.2574,-10.932,-8.4988,-27.21,-16.527,-54.327
3.7867,-39.524,-24.726,14.06,3.6036,-35.468,-7.5062,-10.733,-8.2321,-24.787,-14.618,-53.574
4.8263,-37.007,-22.659,12.057,3.4163,-33.505,-7.6742,-10.203,-7.6447,-22.313,-12.572,-52.682
5.9639,-34.381,-20.694,9.9342,3.2964,-31.518,-7.7712,-9.3562,-6.7485,-19.773,-10.349,-51.636
7.2204,-31.574,-18.723,7.645,3.2233,-29.443,-7.8269,-8.2521,-5.607,-17.143,-7.9326,-50.444
8.6112,-28.511,-16.644,5.1558,3.173,-27.217,-7.8831,-6.9619,-4.3034,-14.393,-5.3246,-49.129
10.146,-25.137,-14.405,2.453,3.1294,-24.797,-7.9832,-5.5423,-2.9079,-11.488,-2.544,-47.716
11.831,-21.431,-12.014,-0.45159,3.0902,-22.171,-8.1628,-4.0205,-1.459,-8.3965,0.38862,-46.223
13.662,-17.408,-9.529,-3.5242,3.0639,-19.354,-8.4425,-2.3964,0.033902,-5.0989,3.4621,-44.654
15.628,-13.108,-7.0177,-6.7183,3.0609,-16.368,-8.8261,-0.65739,1.5769,-1.5864,6.6819,-43.004
17.713,-8.577,-4.5229,-9.9887,3.0863,-13.23,-9.3034,1.2016,3.1744,2.1439,10.071,-41.26
19.908,-3.8421,-2.0518,-13.305,3.1376,-9.9346,-9.857,3.162,4.8196,6.0974,13.663,-39.417
22.224,1.096,0.41547,-16.661,3.2085,-6.4562,-10.47,5.1759,6.4929,10.288,17.5,-37.475
24.704,6.2613,2.9078,-20.071,3.2924,-2.7528,-11.136,7.1754,8.1682,14.741,21.626,-35.447
27.424,11.684,5.443,-23.568,3.3858,1.2191,-11.856,9.094,9.8193,19.501,26.091,-33.35
30.481,17.381,8.0147,-27.192,3.4902,5.4861,-12.641,10.886,11.425,24.64,30.957,-31.192
33.985,23.341,10.593,-30.984,3.6115,10.044,-13.506,12.535,12.967,30.276,36.308,-28.968
38.037,29.528,13.137,-34.991,3.7591,14.859,-14.464,14.049,14.431,36.574,42.249,-26.651
42.701,35.897,15.606,-39.27,3.9442,19.873,-15.532,15.451,15.805,43.72,48.9,-24.203
47.971,42.411,17.976,-43.888,4.1769,25.025,-16.726,16.767,17.081,51.862,56.372,-21.58
53.782,49.052,20.243,-48.921,4.465,30.262,-18.068,18.018,18.259,61.011,64.732,-18.756
59.987,55.834,22.421,-54.452,4.8134,35.55,-19.591,19.216,19.347,70.985,73.954,-15.723
66.431,62.805,24.532,-60.568,5.2278,40.871,-21.34,20.369,20.356,81.439,83.88,-12.498
72.998,70.045,26.595,-67.354,5.7187,46.218,-23.369,21.482,21.302,91.989,94.229,-9.1089
79.632,77.655,28.608,-74.876,6.3066,51.579,-25.745,22.564,22.201,102.35,104.66,-5.5737
86.332,85.735,30.548,-83.161,7.0247,56.925,-28.545,23.625,23.067,112.38,114.89,-1.8904
93.117,94.372,32.38,-92.164,7.919,62.21,-31.848,24.677,23.91,122.09,124.74,1.9613
100.03,103.61,34.068,-101.76,9.0462,67.39,-35.728,25.723,24.738,131.53,134.22,6.0075
107.12,113.46,35.59,-111.76,10.473,72.43,-40.234,26.765,25.553,140.79,143.36,10.267
114.43,123.85,36.939,-121.95,12.274,77.314,-45.366,27.792,26.352,149.9,152.28,14.747
121.97,134.67,38.117,-132.17,14.522,82.039,-51.061,28.785,27.125,158.87,161.05,19.444
129.77,145.73,39.132,-142.28,17.268,86.604,-57.19,29.718,27.858,167.63,169.73,24.35
137.82,156.81,39.996,-152.24,20.512,91.006,-63.585,30.563,28.533,176.11,178.39,29.458
146.1,167.68,40.723,-161.97,24.179,95.231,-70.081,31.297,29.13,184.22,187.05,34.766
154.53,178.09,41.33,-171.43,28.143,99.258,-76.559,31.903,29.633,191.89,195.74,40.27
163.03,187.82,41.831,-180.53,32.263,103.06,-82.97,32.369,30.028,199.07,204.41,45.957
171.51,196.73,42.242,-189.15,36.429,106.6,-89.323,32.68,30.3,205.7,213,51.799
179.86,204.72,42.576,-197.18,40.57,109.88,-95.666,32.812,30.429,211.72,221.41,57.75
187.96,211.77,42.85,-204.51,44.647,112.88,-102.06,32.732,30.389,217.04,229.53,63.756
195.69,217.95,43.076,-211.1,48.633,115.62,-108.57,32.409,30.148,221.64,237.23,69.76
202.96,223.33,43.267,-216.95,52.503,118.11,-115.23,31.818,29.667,225.54,244.42,75.712
209.68,228.02,43.434,-222.11,56.233,120.37,-122.04,30.942,28.91,228.78,251,81.564
215.79,232.13,43.583,-226.66,59.794,122.44,-128.93,29.776,27.84,231.48,256.92,87.265
221.26,235.75,43.714,-230.68,63.15,124.31,-135.8,28.315,26.437,233.73,262.14,92.76
226.08,238.96,43.819,-234.23,66.256,125.99,-142.51,26.561,24.692,235.62,266.68,97.988
230.27,241.81,43.886,-237.36,69.059,127.49,-148.94,24.516,22.619,237.23,270.61,102.89
233.87,244.32,43.9,-240.14,71.523,128.8,-155.04,22.19,20.245,238.6,273.99,107.42
236.98,246.52,43.85,-242.59,73.657,129.9,-160.8,19.605,17.607,239.76,276.94,111.55
239.71,248.42,43.729,-244.76,75.523,130.8,-166.27,16.795,14.753,240.69,279.54,115.26
242.17,250.02,43.536,-246.69,77.217,131.48,-171.53,13.813,11.74,241.35,281.83,118.57
244.47,251.32,43.27,-248.42,78.849,131.94,-176.69,10.731,8.635,241.67,283.82,121.53
246.69,252.31,42.934,-249.94,80.513,132.15,-181.87,7.6352,5.5189,241.56,285.45,124.2
248.87,252.97,42.531,-251.26,82.281,132.11,-187.17,4.6216,2.4865,240.92,286.57,126.67
250.96,253.24,42.061,-252.31,84.184,131.79,-192.67,1.7871,-0.35417,239.67,286.96,129.03
252.87,253.04,41.53,-253.01,86.211,131.16,-198.29,-0.77393,-2.8875,237.69,286.31,131.37
254.38,252.29,40.947,-253.22,88.288,130.22,-203.65,-2.9716,-5.0004,234.87,284.3,133.8
255.11,250.86,40.339,-252.73,90.225,128.94,-207.92,-4.722,-6.5958,231.07,280.55,136.4
254.55,248.62,39.741,-251.29,91.603,127.32,-210.01,-5.9498,-7.6009,226.09,274.78,139.21
252.07,245.42,39.194,-248.6,91.731,125.36,-209,-6.596,-7.9709,219.78,266.82,142.23
247.16,241.1,38.732,-244.34,89.905,123.04,-204.4,-6.6273,-7.6882,212,256.71,145.37
239.55,235.5,38.364,-238.23,85.852,120.34,-196.05,-6.0422,-6.7642,202.79,244.75,148.5
229.29,228.4,38.077,-230.04,79.794,117.19,-183.89,-4.8708,-5.2395,192.33,231.4,151.46
216.69,219.57,37.839,-219.74,72.191,113.55,-167.97,-3.1666,-3.1819,180.97,217.16,154.07
202.22,208.81,37.612,-207.47,63.553,109.33,-148.77,-0.99894,-0.67966,169.06,202.43,156.22
186.44,196,37.366,-193.55,54.367,104.51,-127.35,1.5519,2.1668,156.86,187.48,157.83
169.93,181.24,37.095,-178.44,45.037,99.116,-105.01,4.3948,5.2508,144.49,172.43,158.85
153.19,164.9,36.809,-162.54,35.848,93.241,-82.716,7.4284,8.4646,131.91,157.31,159.31
136.6,147.63,36.522,-146.15,26.985,87.011,-60.961,10.544,11.705,119.04,142.08,159.22
120.4,130.2,36.236,-129.41,18.603,80.543,-40.028,13.632,14.877,105.8,126.7,158.59
104.71,113.34,35.924,-112.39,10.916,73.905,-20.229,16.59,17.897,92.263,111.13,157.43
89.632,97.526,35.535,-95.295,4.2249,67.104,-1.9415,19.329,20.696,78.726,95.415,155.72
75.197,82.949,35.011,-78.693,-1.1795,60.115,14.349,21.779,23.214,65.701,79.84,153.42
61.371,69.514,34.3,-63.387,-5.2391,52.926,27.897,23.892,25.405,53.709,65.002,150.48
48.027,56.969,33.374,-49.964,-8.2513,45.564,37.671,25.644,27.233,43.074,51.647,146.84
35.104,45.045,32.234,-38.457,-10.672,38.119,43.21,27.031,28.674,33.878,40.286,142.49
23.061,33.577,30.903,-28.47,-12.83,30.726,45.768,28.057,29.715,26.032,30.96,137.41
13.004,22.553,29.414,-19.548,-14.823,23.535,47.292,28.735,30.358,19.369,23.351,131.61
5.6667,12.091,27.799,-11.416,-16.593,16.676,48.716,29.077,30.617,13.697,17.039,125.12
0.62254,2.3646,26.076,-4.0092,-18.053,10.232,50.036,29.099,30.523,8.8307,11.669,118.01
-3.0256,-6.4626,24.243,2.6155,-19.161,4.2405,50.987,28.826,30.117,4.6158,7.0021,110.39
-5.9097,-14.291,22.281,8.3908,-19.931,-1.2875,51.388,28.293,29.447,0.93512,2.8961,102.43
-8.3216,-21.101,20.169,13.308,-20.413,-6.3528,51.192,27.545,28.566,-2.2996,-0.73398,94.38
-10.375,-26.948,17.903,17.428,-20.664,-10.958,50.446,26.631,27.526,-5.1614,-3.9478,86.516
-12.118,-31.926,15.51,20.855,-20.74,-15.107,49.232,25.598,26.379,-7.7162,-6.8003,79.129
-13.577,-36.139,13.047,23.696,-20.685,-18.803,47.631,24.491,25.172,-10.021,-9.3476,72.437
-14.768,-39.684,10.586,26.042,-20.528,-22.056,45.727,23.348,23.943,-12.118,-11.64,66.562
-15.709,-42.646,8.1937,27.965,-20.285,-24.886,43.6,22.203,22.72,-14.025,-13.71,61.53
-16.423,-45.102,5.9282,29.526,-19.963,-27.322,41.332,21.079,21.523,-15.739,-15.566,57.303
-16.947,-47.118,3.8372,30.777,-19.567,-29.394,39,19.998,20.365,-17.247,-17.193,53.803
-17.331,-48.749,1.9653,31.767,-19.104,-31.127,36.677,18.976,19.255,-18.535,-18.571,50.934
-17.626,-50.038,0.35377,32.534,-18.597,-32.538,34.422,18.031,18.202,-19.603,-19.685,48.585
-17.871,-51.019,-0.96975,33.114,-18.082,-33.643,32.282,17.173,17.22,-20.467,-20.54,46.641
-18.086,-51.734,-2.0048,33.533,-17.594,-34.468,30.289,16.412,16.319,-21.157,-21.159,44.99
-18.271,-52.224,-2.7818,33.818,-17.158,-35.057,28.463,15.745,15.514,-21.707,-21.576,43.532
-18.408,-52.533,-3.3539,33.984,-16.776,-35.458,26.812,15.167,14.817,-22.146,-21.828,42.195
-18.473,-52.695,-3.7861,34.044,-16.438,-35.722,25.333,14.671,14.238,-22.494,-21.943,40.935
-18.446,-52.736,-4.147,34.002,-16.134,-35.891,24.024,14.255,13.785,-22.755,-21.946,39.739
-18.318,-52.681,-4.5006,33.87,-15.858,-36.002,22.883,13.922,13.456,-22.924,-21.85,38.607
-18.103,-52.557,-4.8919,33.663,-15.606,-36.083,21.914,13.68,13.246,-22.998,-21.666,37.533
-17.833,-52.389,-5.3289,33.406,-15.378,-36.146,21.116,13.533,13.14,-22.984,-21.409,36.495
-17.548,-52.191,-5.7778,33.124,-15.175,-36.183,20.477,13.478,13.119,-22.904,-21.096,35.451
-17.281,-51.968,-6.1798,32.833,-15.003,-36.17,19.968,13.504,13.167,-22.789,-20.755,34.351
-17.052,-51.715,-6.4802,32.54,-14.864,-36.086,19.555,13.598,13.265,-22.665,-20.411,33.158
-16.862,-51.427,-6.6472,32.242,-14.75,-35.92,19.201,13.743,13.399,-22.546,-20.084,31.854
-16.704,-51.099,-6.6721,31.934,-14.647,-35.668,18.87,13.921,13.558,-22.432,-19.784,30.443
-16.568,-50.732,-6.5621,31.613,-14.542,-35.336,18.532,14.12,13.734,-22.315,-19.506,28.946
-16.448,-50.333,-6.3367,31.286,-14.43,-34.94,18.16,14.324,13.921,-22.184,-19.24,27.387
-16.342,-49.921,-6.0327,30.963,-14.309,-34.503,17.734,14.521,14.115,-22.032,-18.972,25.778
-16.241,-49.52,-5.7076,30.657,-14.169,-34.063,17.238,14.691,14.31,-21.858,-18.7,24.108
-16.134,-49.15,-5.4365,30.373,-13.991,-33.662,16.665,14.815,14.494,-21.671,-18.442,22.344
-16.002,-48.828,-5.2966,30.11,-13.75,-33.341,16.021,14.872,14.647,-21.489,-18.231,20.438
-15.828,-48.558,-5.3454,29.858,-13.427,-33.128,15.33,14.843,14.744,-21.334,-18.106,18.347
-15.599,-48.328,-5.5978,29.608,-13.014,-33.025,14.625,14.714,14.76,-21.226,-18.093,16.042
-15.317,-48.114,-6.0131,29.346,-12.525,-33.002,13.945,14.477,14.674,-21.176,-18.196,13.523
-14.995,-47.878,-6.4997,29.06,-11.991,-33,13.321,14.132,14.473,-21.187,-18.397,10.803
-14.657,-47.574,-6.9347,28.733,-11.464,-32.945,12.771,13.688,14.161,-21.251,-18.659,7.9074
-14.328,-47.155,-7.1902,28.35,-11.009,-32.761,12.306,13.166,13.758,-21.356,-18.938,4.8564
-14.026,-46.575,-7.1577,27.891,-10.688,-32.386,11.932,12.605,13.302,-21.477,-19.187,1.667
-13.754,-45.791,-6.7634,27.334,-10.541,-31.776,11.663,12.057,12.847,-21.579,-19.369,-1.6413
-13.5,-44.758,-5.975,26.652,-10.583,-30.899,11.527,11.588,12.455,-21.618,-19.451,-5.0367
-13.239,-43.438,-4.8042,25.815,-10.8,-29.739,11.567,11.265,12.186,-21.546,-19.411,-8.4687
-12.938,-41.804,-3.3008,24.799,-11.159,-28.294,11.841,11.146,12.086,-21.323,-19.239,-11.869
-12.567,-39.846,-1.5367,23.587,-11.619,-26.572,12.409,11.268,12.183,-20.928,-18.932,-15.165
-12.105,-37.574,0.41537,22.174,-12.142,-24.594,13.324,11.645,12.487,-20.366,-18.497,-18.288
-11.542,-35.011,2.494,20.57,-12.697,-22.381,14.628,12.274,12.999,-19.658,-17.941,-21.194
-10.877,-32.188,4.6526,18.79,-13.257,-19.959,16.36,13.146,13.719,-18.834,-17.273,-23.857
-10.121,-29.137,6.8613,16.858,-13.81,-17.349,18.546,14.249,14.651,-17.923,-16.493,-26.278
-9.2931,-25.882,9.111,14.795,-14.355,-14.558,21.203,15.573,15.798,-16.944,-15.598,-28.467
-8.4196,-22.427,11.414,12.62,-14.907,-11.572,24.323,17.109,17.162,-15.906,-14.584,-30.433
-7.5223,-18.751,13.795,10.34,-15.481,-8.3554,27.867,18.844,18.736,-14.808,-13.447,-32.169
-6.6119,-14.818,16.274,7.9506,-16.084,-4.8627,31.747,20.754,20.498,-13.646,-12.193,-33.641
-5.6853,-10.584,18.855,5.4369,-16.705,-1.0526,35.833,22.8,22.416,-12.415,-10.835,-34.794
-4.7289,-6.024,21.514,2.7825,-17.317,3.0921,39.971,24.929,24.444,-11.113,-9.3938,-35.569
-3.7288,-1.1463,24.206,-0.018877,-17.888,7.5537,44.007,27.08,26.529,-9.7467,-7.8967,-35.917
-2.6818,3.9976,26.873,-2.9519,-18.389,12.277,47.817,29.192,28.611,-8.3293,-6.3647,-35.812
-1.6026,9.3163,29.459,-5.9745,-18.813,17.178,51.302,31.217,30.632,-6.8776,-4.8095,-35.256
-0.52254,14.698,31.916,-9.0239,-19.172,22.165,54.391,33.122,32.542,-5.404,-3.2332,-34.278
0.51826,20.04,34.219,-12.033,-19.495,27.157,57.033,34.89,34.303,-3.9137,-1.6345,-32.923
1.4827,25.262,36.359,-14.943,-19.813,32.091,59.204,36.513,35.891,-2.4103,-0.016705,-31.251
2.3462,30.31,38.342,-17.713,-20.161,36.913,60.9,37.98,37.294,-0.90738,1.6075,-29.332
3.1025,35.134,40.176,-20.311,-20.558,41.566,62.137,39.267,38.502,0.56418,3.2173,-27.244
3.7631,39.671,41.861,-22.711,-21.002,45.968,62.938,40.338,39.504,1.9574,4.7881,-25.073
4.3558,43.837,43.388,-24.884,-21.456,50.018,63.325,41.156,40.286,3.2157,6.2953,-22.914
4.9212,47.531,44.73,-26.81,-21.847,53.597,63.303,41.699,40.83,4.2822,7.7116,-20.872
5.509,50.654,45.85,-28.48,-22.09,56.592,62.861,41.959,41.119,5.1078,9.0028,-19.053
6.1713,53.129,46.719,-29.895,-22.121,58.904,61.962,41.939,41.135,5.6587,10.124,-17.56
6.9539,54.916,47.327,-31.069,-21.931,60.466,60.559,41.638,40.86,5.9214,11.022,-16.491
7.8791,56.018,47.692,-32.008,-21.578,61.244,58.611,41.042,40.274,5.9032,11.642,-15.926
8.9228,56.458,47.837,-32.703,-21.171,61.225,56.115,40.132,39.361,5.6285,11.943,-15.924
9.9949,56.254,47.743,-33.109,-20.796,60.408,53.123,38.886,38.11,5.1289,11.907,-16.521
10.941,55.387,47.313,-33.155,-20.389,58.786,49.721,37.299,36.527,4.4316,11.54,-17.719
11.58,53.799,46.376,-32.753,-19.681,56.351,45.995,35.387,34.632,3.5498,10.871,-19.497
11.767,51.413,44.751,-31.832,-18.361,53.106,42.005,33.179,32.46,2.4825,9.9391,-21.819
11.463,48.166,42.332,-30.355,-16.329,49.086,37.803,30.715,30.049,1.2206,8.7872,-24.647
10.745,44.034,39.138,-28.322,-13.754,44.366,33.467,28.037,27.438,-0.24328,7.4501,-27.953
9.7613,39.043,35.301,-25.75,-10.935,39.049,29.101,25.184,24.655,-1.9078,5.9491,-31.72
8.6405,33.264,31.019,-22.666,-8.1501,33.251,24.813,22.184,21.712,-3.7661,4.2859,-35.932
7.4337,26.8,26.492,-19.1,-5.6208,27.075,20.669,19.047,18.601,-5.8152,2.443,-40.572
6.1024,19.761,21.886,-15.094,-3.5526,20.594,16.681,15.766,15.294,-8.063,0.39316,-45.614
4.5513,12.247,17.309,-10.705,-2.1222,13.854,12.817,12.311,11.745,-10.523,-1.8864,-51.023
2.6779,4.3592,12.8,-6.0026,-1.3981,6.901,9.0403,8.643,7.8993,-13.2,-4.3999,-56.756
0.42164,-3.7727,8.3255,-1.0742,-1.2577,-0.17853,5.3421,4.7122,3.7038,-16.071,-7.1266,-62.77
-2.2032,-11.963,3.7946,3.9715,-1.4152,-7.2259,1.764,0.46664,-0.88156,-19.084,-10.023,-69.019
-5.1026,-19.964,-0.87624,9.0063,-1.5901,-14.017,-1.6096,-4.1326,-5.8667,-22.157,-13.029,-75.458
-8.1285,-27.505,-5.6582,13.895,-1.6865,-20.31,-4.6775,-9.083,-11.21,-25.192,-16.076,-82.037
-11.124,-34.359,-10.35,18.517,-1.7986,-25.913,-7.3547,-14.305,-16.794,-28.095,-19.087,-88.692
-13.965,-40.401,-14.643,22.786,-2.0548,-30.731,-9.5927,-19.623,-22.418,-30.788,-21.985,-95.336
-16.572,-45.62,-18.276,26.659,-2.4814,-34.771,-11.383,-24.778,-27.82,-33.225,-24.701,-101.85
-18.911,-50.092,-21.135,30.126,-3.0201,-38.113,-12.75,-29.499,-32.741,-35.392,-27.183,-108.09
-20.982,-53.932,-23.266,33.2,-3.6311,-40.879,-13.743,-33.588,-37.005,-37.314,-29.406,-113.9
-22.816,-57.247,-24.823,35.901,-4.3162,-43.198,-14.434,-36.985,-40.56,-39.044,-31.373,-119.12
-24.451,-60.118,-25.999,38.251,-5.0486,-45.18,-14.91,-39.764,-43.466,-40.648,-33.105,-123.68
-25.896,-62.591,-26.976,40.261,-5.7344,-46.902,-15.261,-42.073,-45.843,-42.18,-34.637,-127.54
-27.128,-64.692,-27.888,41.94,-6.2549,-48.415,-15.565,-44.072,-47.823,-43.667,-36.002,-130.73
-28.112,-66.442,-28.812,43.299,-6.5353,-49.747,-15.865,-45.881,-49.52,-45.105,-37.219,-133.32
-28.833,-67.87,-29.778,44.354,-6.5773,-50.919,-16.168,-47.569,-51.015,-46.463,-38.295,-135.37
-29.308,-69.014,-30.778,45.139,-6.4401,-51.948,-16.45,-49.153,-52.344,-47.701,-39.221,-136.94
-29.578,-69.917,-31.785,45.701,-6.1994,-52.848,-16.674,-50.619,-53.507,-48.771,-39.986,-138.05
-29.7,-70.623,-32.755,46.091,-5.9194,-53.628,-16.814,-51.929,-54.483,-49.637,-40.584,-138.74
-29.734,-71.167,-33.631,46.36,-5.6469,-54.283,-16.865,-53.045,-55.244,-50.276,-41.028,-139.06
-29.735,-71.575,-34.354,46.552,-5.4159,-54.8,-16.838,-53.933,-55.776,-50.688,-41.345,-139.1
-29.75,-71.872,-34.882,46.7,-5.2486,-55.172,-16.753,-54.586,-56.09,-50.903,-41.574,-139.01
-29.802,-72.095,-35.224,46.835,-5.1451,-55.412,-16.634,-55.029,-56.232,-50.974,-41.75,-138.91
-29.894,-72.3,-35.459,46.98,-5.0754,-55.574,-16.5,-55.323,-56.284,-50.97,-41.892,-138.87
-30.01,-72.561,-35.725,47.16,-4.9822,-55.746,-16.367,-55.57,-56.37,-50.955,-42.002,-138.94
-30.125,-72.95,-36.18,47.395,-4.8015,-56.028,-16.246,-55.892,-56.62,-50.982,-42.075,-139.07
-30.216,-73.521,-36.934,47.702,-4.4943,-56.502,-16.134,-56.407,-57.14,-51.083,-42.123,-139.21
-30.292,-74.298,-38.009,48.097,-4.0711,-57.207,-16.003,-57.189,-57.963,-51.276,-42.188,-139.35
-30.397,-75.282,-39.328,48.604,-3.5957,-58.132,-15.78,-58.231,-59.033,-51.572,-42.353,-139.5
-30.621,-76.468,-40.749,49.265,-3.1662,-59.234,-15.335,-59.438,-60.218,-51.987,-42.738,-139.81
-31.081,-77.859,-42.123,50.131,-2.8834,-60.46,-14.501,-60.658,-61.358,-52.546,-43.48,-140.47
-31.886,-79.46,-43.342,51.249,-2.8161,-61.762,-13.114,-61.719,-62.295,-53.289,-44.707,-141.77
-33.059,-81.259,-44.37,52.624,-2.9736,-63.105,-11.007,-62.445,-62.888,-54.248,-46.494,-143.97
-34.485,-83.199,-45.25,54.183,-3.2836,-64.461,-8.0164,-62.659,-62.993,-55.416,-48.817,-147.29
-35.899,-85.164,-46.116,55.759,-3.5717,-65.807,-5.1582,-62.174,-62.447,-56.695,-51.519,-151.79
-36.946,-86.979,-47.153,57.109,-3.5479,-67.12,-7.6417,-60.786,-61.045,-57.864,-54.305,-157.2
-37.253,-88.422,-48.548,57.941,-2.8325,-68.353,-15.161,-58.33,-58.598,-58.591,-56.776,-162.94
-36.483,-89.209,-50.375,57.949,-1.0725,-69.401,-19.475,-55.259,-55.574,-58.424,-58.486,-168.15
-34.447,-88.983,-52.453,56.841,1.9141,-70.028,-18.261,-55.274,-55.98,-56.81,-58.951,-171.81
-32.138,-87.32,-54.3,54.512,5.9489,-69.811,-10.731,-66.822,-68.29,-53.23,-57.726,-172.87
-38.617,-84.018,-55.185,51.988,6.5165,-68.098,4.6852,-75.655,-76.888,-48.851,-55.057,-170.23
-66.23,-81.634,-54.222,57.608,1.812,-64.487,29.869,-70.244,-71.19,-62.596,-58.299,-163.87
-84.282,-105.65,-51.58,99.376,-3.5613,-65.018,65.873,-57.557,-58.031,-106.87,-104.64,-162.57
-94.673,-173.35,-71.949,130.76,-9.9557,-114.87,110.98,-38.121,-38.134,-116.13,-130.82,-196.51
-97.888,-181.97,-75.568,135.49,-18.027,-130.17,160.21,-12.05,-11.831,-119.83,-142.22,-223.02
-89.12,-176.04,-77.491,128.81,-13.166,-127.58,207.87,20.634,20.749,-116,-146.53,-230.97
-63.982,-159.08,-86.141,108.02,3.878,-123,250.46,60.384,60.175,-100.18,-138.93,-229.34
-20.159,-128.09,-100.29,70.473,33.361,-114.37,286.87,108.76,108.3,-67.625,-114.6,-215.29
41.125,-78.586,-113.75,14.912,71.202,-96.32,317.8,168.83,168.41,-13.561,-68.71,-186.08
114.52,-4.5891,-114.6,-58.92,108.94,-59.831,347.48,244.06,243.75,66.493,3.3954,-137.94
191.56,101.59,-86.665,-150.93,134.08,6.8239,382.49,335.95,335.6,176.14,106.18,-62.619
262.86,247.33,-13.562,-260.17,133.07,115.6,427.66,446.57,446.3,317.28,243.41,53.476
320.91,435.42,115.89,-383.66,96.333,274.12,483.14,576.55,576.12,490.19,415.95,213.8
361.34,660.58,302.55,-515.9,21.426,480.23,544.59,721.62,720.47,693.49,620.15,408.1
382.13,908.67,533.52,-649.16,-85.417,719.79,604.89,876.93,874.72,922.05,847.23,622.41
384.3,1157.3,783.25,-773.51,-210.12,969.02,655.88,1037.4,1034.3,1166,1082.9,839.5
372.52,1377.8,1017.3,-877.34,-333,1196.4,689.38,1195.9,1192.4,1410.4,1307.8,1038.5
353.08,1540.1,1198.7,-948.81,-432.36,1368.4,698.38,1340.7,1337.6,1635.2,1498.6,1195.7
331.5,1619.1,1297.1,-977.96,-490.35,1457.4,678.27,1454.5,1451.9,1814.7,1630.7,1289.3
310.2,1601.5,1298.1,-959.16,-499.61,1449.2,627.4,1515.3,1513,1920.5,1682.2,1303.3
286.63,1491.1,1208.7,-892.58,-465.97,1349.4,549.14,1502.5,1500.5,1927.5,1639.9,1233.5
253.1,1307.8,1057.5,-784.23,-407.06,1182.3,454.23,1404.7,1403.1,1822,1503.4,1089.5
199.88,1082.1,885.34,-644.24,-347.67,983.36,358.55,1224.5,1223.4,1607.4,1286,892.32
120.59,845.87,731.06,-485.42,-310.4,787.7,276.13,978.89,978.45,1305.7,1013.2,668.83
16.945,625.23,618.49,-322.21,-306.39,620.33,213.03,696.78,696.79,955.39,718.43,445.58
-99.734,436.93,551.36,-169.28,-331.71,491.67,165.91,412.72,413.01,603.64,437.37,245.33
-211.52,286.68,515.76,-38.395,-370.18,397.75,124.91,158.82,159.28,294.47,199.64,85.222
-300.07,169.68,488.44,64.81,-401.01,324.96,78.373,-43.768,-43.13,56.064,21.433,-23.812
-353.1,75.048,447.57,139.4,-407.73,257.06,18.396,-188.98,-188.11,-105.25,-97.517,-85.785
-367.51,-7.643,380.67,187.14,-382.43,182.46,-54.948,-283.17,-282.11,-200.12,-166.64,-119.41
-348.34,-83.667,287.29,212.69,-326.51,98.495,-133.38,-338.12,-337.09,-243,-199.54,-138.66
-305.21,-151.71,178.62,221.92,-250.73,10.635,-204.3,-364.73,-364.04,-254.6,-211.11,-149.37
-248.78,-206.21,70.524,219.92,-168.95,-71.837,-256.36,-370.15,-370.01,-251.94,-212.28,-154.17
-189.76,-243.21,-24.227,209.07,-92.2,-138.62,-283.66,-358.49,-358.87,-244.01,-209.12,-147.24
-136.76,-259.84,-97.473,171.55,-26.92,-184.53,-285.92,-334.97,-335.55,-233.97,-204.11,-71.739
-93.222,-235.54,-148.46,116.32,22.353,-211.5,-266.78,-306.16,-306.51,-222.32,-196.28,-47.013
-59.983,-177.03,-179.7,95.597,53.858,-221.64,-232.97,-273.7,-273.65,-200.88,-159.52,-44.779
-37.946,-138.61,-190.7,87.943,68.821,-212.15,-191.08,-235.92,-235.68,-150.19,-129.58,-42.774
-25.39,-121.02,-183.26,82.004,70.004,-174.69,-146.48,-194.73,-194.26,-127.19,-118.46,-39.342
-18.986,-111.76,-161.64,76.001,60.632,-122.8,-107.43,-155.86,-155.07,-112.99,-109.64,-34.782
-16.746,-105.12,-131.17,70.023,44.86,-92.412,-76.913,-123.39,-122.43,-101.26,-100.74,-29.548
-17.893,-99.19,-93.623,64.296,27.467,-80.874,-50.835,-98.074,-97.039,-90.566,-91.741,-23.976
-21.658,-93.647,-62.458,58.998,12.608,-75.483,-33.044,-79.296,-78.234,-80.774,-82.973,-18.29
-20.879,-88.609,-51.851,54.226,4.2787,-71.753,-23.53,-66.792,-65.68,-72.343,-74.832,-12.655
-17.517,-84.071,-47.911,49.98,4.6941,-68.833,-19.223,-60.277,-59.057,-65.569,-67.627,-7.2108
-14.538,-79.847,-47.402,46.217,5.1398,-66.353,-18.034,-58.673,-57.322,-60.167,-61.442,-2.0719
-12.285,-75.762,-48.338,42.9,5.5559,-63.815,-18.339,-60.34,-58.838,-55.458,-56.105,2.6825
-10.603,-71.827,-48.564,40.029,6.0332,-60.91,-17.647,-62.086,-60.294,-50.944,-51.349,6.9926
-9.3159,-68.219,-46.887,37.609,6.22,-57.753,-15.818,-60.903,-58.705,-46.611,-47.017,10.788
-8.289,-65.129,-43.895,35.631,5.9901,-54.714,-13.956,-58.217,-55.673,-42.728,-43.116,13.969
-7.4257,-62.653,-40.734,34.053,5.5737,-52.11,-12.38,-55.431,-52.629,-39.53,-39.729,16.416
-6.6512,-60.766,-38.059,32.801,5.1884,-50.092,-11.241,-53.036,-50.054,-37.09,-36.906,18.061
-5.9092,-59.357,-36.116,31.784,4.9489,-48.646,-10.575,-51.129,-48.016,-35.337,-34.625,18.957
-5.1612,-58.251,-34.875,30.899,4.8874,-47.634,-10.295,-49.602,-46.359,-34.103,-32.784,19.324
-4.3847,-57.269,-34.121,30.049,4.9794,-46.861,-10.246,-48.249,-44.834,-33.174,-31.228,19.502
-3.5659,-56.266,-33.599,29.153,5.1739,-46.15,-10.285,-46.857,-43.218,-32.337,-29.782,19.861
-2.692,-55.149,-33.109,28.149,5.417,-45.38,-10.306,-45.28,-41.386,-31.419,-28.281,20.693
-1.7481,-53.871,-32.53,27.001,5.6636,-44.493,-10.252,-43.446,-39.322,-30.31,-26.611,22.156
-0.72648,-52.421,-31.795,25.694,5.8794,-43.468,-10.122,-41.358,-37.095,-28.966,-24.718,24.264
0.36468,-50.811,-30.87,24.236,6.0383,-42.311,-9.9417,-39.062,-34.805,-27.406,-22.614,26.921
1.4941,-49.067,-29.745,22.66,6.1194,-41.037,-9.742,-36.618,-32.533,-25.682,-20.359,29.969
2.6168,-47.217,-28.423,21.01,6.1081,-39.66,-9.5477,-34.071,-30.297,-23.853,-18.029,33.243
3.6882,-45.28,-26.909,19.328,6.0036,-38.184,-9.3746,-31.437,-28.051,-21.956,-15.679,36.619
4.6802,-43.256,-25.203,17.637,5.8243,-36.599,-9.2345,-28.713,-25.717,-19.991,-13.322,40.04
5.5916,-41.127,-23.302,15.935,5.6028,-34.884,-9.1415,-25.904,-23.226,-17.93,-10.927,43.514
6.4466,-38.858,-21.203,14.196,5.3708,-33.01,-9.1137,-23.034,-20.556,-15.727,-8.4312,47.081
7.2894,-36.406,-18.91,12.375,5.1465,-30.957,-9.17,-20.144,-17.739,-13.344,-5.7656,50.772
8.1765,-33.728,-16.441,10.418,4.9346,-28.712,-9.3248,-17.277,-14.853,-10.76,-2.8726,54.575
9.1702,-30.785,-13.839,8.2754,4.7352,-26.281,-9.5853,-14.465,-11.983,-7.9736,0.28318,58.429
10.331,-27.552,-11.166,5.9054,4.5534,-23.681,-9.9519,-11.725,-9.2009,-4.9992,3.714,62.238
11.706,-24.02,-8.5016,3.2911,4.3986,-20.937,-10.42,-9.0629,-6.5434,-1.8572,7.4143,65.907
13.319,-20.204,-5.9164,0.44627,4.2765,-18.079,-10.979,-6.4791,-4.02,1.4309,11.37,69.378
15.163,-16.15,-3.4622,-2.5835,4.187,-15.135,-11.614,-3.9719,-1.6209,4.8489,15.572,72.655
17.207,-11.924,-1.1651,-5.7305,4.1305,-12.135,-12.304,-1.5394,0.67106,8.3915,20.024,75.792
19.409,-7.5952,0.97311,-8.9243,4.1164,-9.1043,-13.025,0.81833,2.8727,12.069,24.752,78.871
21.749,-3.212,2.974,-12.112,4.164,-6.0554,-13.762,3.0973,4.9968,15.909,29.81,81.971
24.24,1.2161,4.8814,-15.274,4.2948,-2.9731,-14.509,5.2898,7.0518,19.954,35.273,85.171
26.937,5.7238,6.7528,-18.428,4.5222,0.18897,-15.274,7.3879,9.0441,24.261,41.246,88.553
29.934,10.373,8.6388,-21.616,4.8452,3.4955,-16.08,9.3895,10.98,28.911,47.857,92.208
33.348,15.223,10.559,-24.897,5.2505,7.0033,-16.956,11.301,12.869,34.022,55.25,96.229
37.297,20.31,12.487,-28.329,5.7243,10.736,-17.934,13.135,14.717,39.758,63.559,100.69
41.862,25.633,14.36,-31.966,6.2627,14.676,-19.05,14.91,16.532,46.298,72.846,105.62
47.047,31.164,16.114,-35.853,6.8686,18.776,-20.347,16.645,18.317,53.783,83.028,111.04
52.772,36.867,17.712,-40.034,7.5393,22.986,-21.881,18.352,20.072,62.228,93.848,116.91
58.865,42.722,19.167,-44.557,8.2605,27.278,-23.73,20.044,21.796,71.461,104.93,123.21
65.147,48.73,20.519,-49.484,9.0159,31.642,-25.99,21.724,23.486,81.15,115.92,129.87
71.503,54.914,21.818,-54.891,9.8073,36.079,-28.754,23.394,25.143,90.915,126.57,136.86
77.894,61.302,23.094,-60.861,10.67,40.572,-32.09,25.046,26.766,100.46,136.81,144.12
84.316,67.917,24.356,-67.459,11.677,45.083,-36.012,26.669,28.356,109.65,146.68,151.6
90.801,74.77,25.587,-74.705,12.936,49.556,-40.473,28.249,29.907,118.49,156.26,159.27
97.376,81.864,26.764,-82.555,14.581,53.938,-45.391,29.77,31.412,127.06,165.64,167.08
104.07,89.202,27.859,-90.909,16.762,58.184,-50.675,31.218,32.861,135.48,174.92,174.94
110.92,96.793,28.846,-99.635,19.603,62.267,-56.246,32.584,34.236,143.84,184.19,182.77
117.95,104.66,29.706,-108.61,23.125,66.179,-62.028,33.856,35.516,152.19,193.49,190.4
125.22,112.86,30.434,-117.74,27.195,69.936,-67.95,35.016,36.672,160.53,202.87,197.65
132.74,121.43,31.039,-126.95,31.568,73.576,-73.944,36.043,37.668,168.82,212.29,204.32
140.5,130.43,31.544,-136.21,36.007,77.154,-79.972,36.913,38.467,176.99,221.64,210.23
148.45,139.85,31.979,-145.49,40.354,80.718,-86.033,37.608,39.034,184.94,230.81,215.26
156.51,149.61,32.371,-154.74,44.52,84.297,-92.166,38.114,39.339,192.55,239.64,219.34
164.6,159.55,32.735,-163.88,48.461,87.89,-98.425,38.417,39.363,199.7,247.97,222.45
172.61,169.41,33.076,-172.8,52.162,91.464,-104.86,38.496,39.096,206.26,255.68,224.61
180.42,178.88,33.388,-181.31,55.632,94.963,-111.48,38.324,38.529,212.12,262.66,225.87
187.93,187.68,33.653,-189.28,58.901,98.305,-118.28,37.869,37.656,217.24,268.89,226.3
195.07,195.6,33.842,-196.57,62.005,101.4,-125.16,37.101,36.471,221.61,274.38,225.99
201.78,202.55,33.919,-203.16,64.977,104.15,-132.01,36,34.972,225.29,279.16,225.04
208.05,208.54,33.85,-209.05,67.833,106.5,-138.7,34.557,33.154,228.36,283.33,223.56
213.88,213.64,33.61,-214.31,70.557,108.41,-145.09,32.774,31.02,230.92,286.96,221.64
219.23,217.97,33.199,-218.98,73.106,109.92,-151.11,30.658,28.57,233.06,290.14,219.32
224.08,221.66,32.646,-223.14,75.431,111.08,-156.74,28.22,25.815,234.87,292.97,216.64
228.41,224.81,32.006,-226.82,77.506,111.98,-162.01,25.472,22.768,236.41,295.52,213.59
232.24,227.53,31.34,-230.08,79.342,112.71,-166.98,22.432,19.454,237.72,297.86,210.15
235.61,229.88,30.698,-232.97,80.98,113.33,-171.73,19.121,15.903,238.79,300.02,206.31
238.58,231.88,30.103,-235.53,82.471,113.86,-176.34,15.573,12.153,239.6,302.03,202.07
241.25,233.53,29.558,-237.78,83.867,114.26,-180.9,11.832,8.2506,240.09,303.86,197.43
243.68,234.81,29.053,-239.73,85.216,114.51,-185.48,7.9621,4.253,240.17,305.47,192.4
245.94,235.65,28.578,-241.36,86.564,114.55,-190.15,4.0396,0.23355,239.73,306.81,186.98
248.06,235.98,28.13,-242.62,87.957,114.35,-194.95,0.15737,-3.7128,238.67,307.83,181.15
250,235.72,27.716,-243.43,89.429,113.88,-199.85,-3.5801,-7.4665,236.89,308.45,174.88
251.63,234.75,27.35,-243.63,90.987,113.11,-204.6,-7.0565,-10.887,234.29,308.58,168.11
252.61,232.92,27.055,-243.03,92.541,112,-208.66,-10.142,-13.827,230.74,308.1,160.81
252.37,230.08,26.852,-241.31,93.806,110.54,-211.21,-12.697,-16.147,226.09,306.89,152.95
250.19,226.04,26.756,-238.13,94.247,108.69,-211.32,-14.586,-17.739,220.16,304.77,144.48
245.43,220.61,26.77,-233.15,93.248,106.44,-208.32,-15.708,-18.533,212.82,301.57,135.37
237.84,213.62,26.886,-226.1,90.454,103.77,-201.87,-16.016,-18.514,204.06,297.1,125.58
227.61,204.93,27.094,-216.89,85.902,100.69,-191.82,-15.527,-17.715,194.02,291.11,115.14
215.16,194.49,27.388,-205.63,79.865,97.237,-178.09,-14.303,-16.213,183.02,283.34,104.11
201,182.37,27.765,-192.65,72.679,93.451,-160.75,-12.439,-14.108,171.39,273.58,92.633
185.63,168.83,28.218,-178.34,64.664,89.368,-140.41,-10.043,-11.508,159.4,261.77,80.942
169.54,154.33,28.729,-163.12,56.087,85.011,-118.34,-7.2276,-8.5247,147.17,248.07,69.304
153.19,139.43,29.273,-147.34,47.157,80.391,-95.836,-4.1045,-5.2645,134.69,232.86,58.013
136.94,124.68,29.818,-131.26,38.056,75.517,-73.688,-0.78311,-1.8335,121.85,216.6,47.349
121.05,110.51,30.341,-115.08,28.998,70.413,-52.203,2.6314,1.6671,108.55,199.75,37.536
105.72,97.159,30.828,-99.061,20.306,65.122,-31.592,6.0394,5.1451,94.793,182.64,28.706
91.002,84.69,31.275,-83.562,12.386,59.694,-12.146,9.3509,8.5195,80.827,165.45,20.883
76.904,73.005,31.667,-69.056,5.564,54.165,5.7539,12.491,11.72,67.162,148.29,13.986
63.342,61.918,31.978,-55.941,-0.068475,48.55,21.569,15.401,14.687,54.385,131.18,7.8697
50.171,51.23,32.169,-44.348,-4.6323,42.847,34.384,18.041,17.368,42.906,114.12,2.3605
37.298,40.794,32.205,-34.102,-8.3858,37.058,42.997,20.383,19.725,32.856,97.135,-2.713
25.058,30.562,32.059,-24.881,-11.614,31.208,47.281,22.409,21.727,24.155,80.401,-7.4991
14.462,20.604,31.718,-16.418,-14.448,25.356,49.095,24.102,23.359,16.633,64.347,-12.109
6.381,11.08,31.179,-8.6063,-16.843,19.588,50.339,25.451,24.618,10.101,49.627,-16.609
0.61842,2.1818,30.44,-1.4811,-18.758,13.992,51.583,26.449,25.516,4.3895,36.815,-21.02
-3.6123,-5.927,29.501,4.8703,-20.234,8.6505,52.654,27.099,26.072,-0.63685,26.12,-25.331
-6.93,-13.153,28.367,10.392,-21.355,3.6282,53.294,27.415,26.318,-5.0814,17.371,-29.513
-9.6523,-19.48,27.053,15.098,-22.196,-1.0272,53.384,27.424,26.291,-9.0248,10.212,-33.555
-11.925,-24.952,25.591,19.06,-22.816,-5.2833,52.927,27.161,26.032,-12.537,4.295,-37.477
-13.829,-29.642,24.027,22.377,-23.255,-9.1204,51.983,26.669,25.588,-15.679,-0.64854,-41.344
-15.421,-33.628,22.419,25.145,-23.539,-12.529,50.621,25.991,25.002,-18.502,-4.8045,-45.252
-16.745,-36.983,20.822,27.446,-23.681,-15.511,48.902,25.175,24.316,-21.04,-8.3074,-49.306
-17.835,-39.779,19.277,29.345,-23.686,-18.086,46.883,24.264,23.565,-23.305,-11.261,-53.592
-18.72,-42.091,17.798,30.901,-23.553,-20.293,44.619,23.299,22.774,-25.292,-13.747,-58.152
-19.417,-44.006,16.372,32.168,-23.283,-22.195,42.174,22.315,21.962,-26.983,-15.825,-62.98
-19.944,-45.613,14.957,33.195,-22.885,-23.871,39.628,21.338,21.138,-28.358,-17.541,-68.018
-20.315,-46.989,13.512,34.024,-22.38,-25.392,37.066,20.386,20.31,-29.408,-18.925,-73.171
-20.542,-48.187,12.011,34.683,-21.799,-26.807,34.578,19.471,19.483,-30.14,-20.008,-78.32
-20.636,-49.226,10.46,35.185,-21.183,-28.127,32.233,18.598,18.668,-30.591,-20.814,-83.336
-20.607,-50.095,8.9058,35.53,-20.569,-29.325,30.07,17.767,17.881,-30.815,-21.373,-88.092
-20.469,-50.764,7.4206,35.714,-19.983,-30.354,28.097,16.977,17.141,-30.881,-21.715,-92.476
-20.238,-51.211,6.0818,35.74,-19.439,-31.164,26.291,16.228,16.466,-30.851,-21.881,-96.399
-19.938,-51.431,4.9469,35.62,-18.94,-31.727,24.619,15.521,15.865,-30.775,-21.918,-99.808
-19.597,-51.444,4.0372,35.378,-18.485,-32.05,23.043,14.866,15.333,-30.68,-21.879,-102.67
-19.237,-51.293,3.336,35.049,-18.07,-32.166,21.529,14.271,14.858,-30.574,-21.807,-105
-18.87,-51.027,2.8001,34.66,-17.685,-32.128,20.049,13.75,14.417,-30.454,-21.73,-106.78
-18.494,-50.688,2.3768,34.232,-17.316,-31.991,18.579,13.315,13.99,-30.312,-21.653,-108.05
-18.096,-50.306,2.0196,33.773,-16.95,-31.799,17.111,12.971,13.56,-30.144,-21.568,-108.81
-17.666,-49.897,1.6954,33.288,-16.572,-31.578,15.654,12.717,13.115,-29.948,-21.456,-109.08
-17.199,-49.467,1.3849,32.78,-16.175,-31.345,14.243,12.537,12.65,-29.73,-21.293,-108.86
-16.697,-49.022,1.0776,32.254,-15.755,-31.108,12.933,12.403,12.162,-29.498,-21.058,-108.15
-16.169,-48.564,0.76429,31.715,-15.308,-30.872,11.781,12.277,11.656,-29.257,-20.74,-106.93
-15.62,-48.096,0.43321,31.166,-14.824,-30.647,10.83,12.119,11.14,-29.013,-20.341,-105.2
-15.052,-47.62,0.07076,30.606,-14.29,-30.441,10.09,11.896,10.622,-28.765,-19.874,-102.99
-14.463,-47.134,-0.33231,30.037,-13.697,-30.257,9.5364,11.588,10.11,-28.509,-19.357,-100.34
-13.853,-46.634,-0.77236,29.454,-13.04,-30.091,9.1235,11.194,9.6146,-28.24,-18.811,-97.319
-13.226,-46.111,-1.2269,28.856,-12.334,-29.923,8.801,10.731,9.1461,-27.959,-18.255,-94.001
-12.593,-45.547,-1.6551,28.238,-11.604,-29.722,8.5351,10.233,8.7223,-27.672,-17.7,-90.447
-11.969,-44.923,-2.0033,27.595,-10.889,-29.452,8.3205,9.7498,8.3651,-27.386,-17.151,-86.703
-11.368,-44.213,-2.2134,26.918,-10.233,-29.078,8.1838,9.3362,8.0992,-27.097,-16.607,-82.791
-10.803,-43.391,-2.2323,26.2,-9.678,-28.572,8.177,9.0486,7.9494,-26.792,-16.064,-78.716
-10.281,-42.43,-2.0208,25.429,-9.2577,-27.914,8.3658,8.9361,7.9404,-26.443,-15.509,-74.471
-9.8008,-41.308,-1.5601,24.591,-8.9959,-27.093,8.8164,9.0363,8.0976,-26.017,-14.923,-70.043
-9.359,-40.012,-0.85382,23.678,-8.9038,-26.102,9.5843,9.3722,8.4477,-25.48,-14.281,-65.42
-8.9491,-38.53,0.082627,22.683,-8.984,-24.936,10.711,9.9528,9.0168,-24.812,-13.56,-60.6
-8.5653,-36.851,1.241,21.601,-9.2384,-23.576,12.226,10.774,9.8262,-24.006,-12.756,-55.603
-8.2042,-34.949,2.634,20.427,-9.6745,-21.984,14.148,11.823,10.887,-23.072,-11.882,-50.475
-7.8649,-32.792,4.2923,19.15,-10.304,-20.108,16.484,13.079,12.201,-22.028,-10.968,-45.292
-7.5482,-30.344,6.2454,17.762,-11.134,-17.893,19.224,14.526,13.756,-20.889,-10.046,-40.151
-7.2546,-27.586,8.4997,16.256,-12.154,-15.305,22.334,16.152,15.537,-19.662,-9.1331,-35.147
-6.9823,-24.521,11.026,14.635,-13.332,-12.338,25.77,17.952,17.525,-18.345,-8.2339,-30.357
-6.7245,-21.175,13.764,12.905,-14.611,-9.0215,29.489,19.927,19.696,-16.925,-7.3365,-25.818
-6.4679,-17.586,16.632,11.078,-15.924,-5.4056,33.454,22.07,22.025,-15.391,-6.4223,-21.533
-6.1925,-13.794,19.552,9.1596,-17.209,-1.549,37.615,24.357,24.478,-13.743,-5.4744,-17.475
-5.8751,-9.8249,22.459,7.1504,-18.416,2.4978,41.888,26.748,27.006,-12,-4.4841,-13.608
-5.4964,-5.693,25.311,5.0464,-19.517,6.701,46.149,29.182,29.556,-10.196,-3.4539,-9.8937
-5.0496,-1.4053,28.086,2.8465,-20.507,11.045,50.254,31.593,32.066,-8.3804,-2.3937,-6.3033
-4.5458,3.0312,30.777,0.55937,-21.401,15.527,54.064,33.916,34.479,-6.6004,-1.313,-2.8164
-4.0133,7.6085,33.382,-1.7959,-22.225,20.156,57.472,36.099,36.749,-4.886,-0.21502,0.57926
-3.4889,12.319,35.903,-4.1949,-23.005,24.947,60.409,38.11,38.848,-3.2413,0.90637,3.89
-3.0054,17.151,38.334,-6.612,-23.758,29.897,62.846,39.933,40.765,-1.6484,2.0626,7.1144
-2.5819,22.066,40.659,-9.0188,-24.497,34.972,64.792,41.563,42.501,-0.0832,3.2644,10.239
-2.2201,26.981,42.857,-11.378,-25.227,40.078,66.281,43.001,44.066,1.4657,4.5159,13.232
-1.9069,31.765,44.901,-13.641,-25.94,45.072,67.369,44.248,45.471,2.9845,5.8116,16.044
-1.6193,36.257,46.765,-15.751,-26.609,49.783,68.104,45.297,46.71,4.4317,7.1339,18.611
-1.3293,40.304,48.421,-17.659,-27.193,54.046,68.513,46.129,47.756,5.7465,8.4526,20.87
-1.0065,43.787,49.844,-19.334,-27.65,57.725,68.591,46.715,48.552,6.8628,9.7248,22.773
-0.62044,46.638,51.02,-20.775,-27.961,60.721,68.298,47.009,49.017,7.7252,10.895,24.296
-0.14421,48.842,51.95,-22.001,-28.138,62.972,67.57,46.959,49.063,8.3006,11.899,25.435
0.43671,50.418,52.643,-23.036,-28.22,64.452,66.34,46.513,48.612,8.5835,12.669,26.189
1.1118,51.396,53.109,-23.885,-28.26,65.167,64.565,45.635,47.623,8.5928,13.149,26.554
1.8339,51.79,53.339,-24.519,-28.285,65.146,62.26,44.313,46.107,8.3605,13.305,26.518
2.5186,51.587,53.3,-24.871,-28.254,64.416,59.496,42.574,44.127,7.917,13.131,26.068
3.0606,50.741,52.936,-24.852,-28.045,62.992,56.373,40.471,41.777,7.2806,12.651,25.194
3.364,49.191,52.179,-24.372,-27.505,60.866,52.968,38.075,39.159,6.4571,11.9,23.901
3.3724,46.878,50.953,-23.373,-26.519,58.025,49.326,35.453,36.348,5.4458,10.92,22.202
3.0794,43.762,49.191,-21.831,-25.056,54.463,45.472,32.658,33.392,4.2483,9.7414,20.119
2.5169,39.828,46.834,-19.755,-23.169,50.191,41.449,29.717,30.3,2.8724,8.3816,17.673
1.732,35.077,43.851,-17.17,-20.98,45.231,37.321,26.634,27.055,1.3284,6.8413,14.883
0.76575,29.523,40.247,-14.107,-18.659,39.601,33.162,23.39,23.616,-0.38053,5.1038,11.764
-0.35684,23.193,36.066,-10.608,-16.404,33.305,29.028,19.945,19.938,-2.2672,3.1404,8.3288
-1.627,16.133,31.38,-6.7263,-14.4,26.352,24.934,16.248,15.979,-4.3601,0.91855,4.5998
-3.045,8.4325,26.27,-2.531,-12.757,18.797,20.857,12.246,11.702,-6.6927,-1.5866,0.62065
-4.609,0.25758,20.816,1.8868,-11.442,10.789,16.767,7.8834,7.0781,-9.2857,-4.3825,-3.5368
-6.3069,-8.1365,15.094,6.4152,-10.29,2.5897,12.665,3.1084,2.0762,-12.13,-7.4521,-7.7723
-8.1154,-16.435,9.1853,10.93,-9.1055,-5.4696,8.6161,-2.1165,-3.3343,-15.181,-10.75,-11.965
-10.005,-24.336,3.1815,15.316,-7.8211,-13.066,4.7625,-7.7861,-9.1608,-18.355,-14.203,-15.983
-11.942,-31.622,-2.7816,19.486,-6.5402,-19.968,1.2829,-13.811,-15.329,-21.555,-17.712,-19.702
-13.893,-38.194,-8.5017,23.394,-5.4302,-26.066,-1.6706,-19.983,-21.613,-24.678,-21.166,-23.012
-15.816,-44.059,-13.763,27.026,-4.5903,-31.372,-4.0259,-25.995,-27.648,-27.643,-24.454,-25.835
-17.67,-49.287,-18.437,30.381,-4.0147,-35.973,-5.801,-31.531,-33.053,-30.397,-27.477,-28.127
-19.417,-53.956,-22.532,33.458,-3.6274,-39.993,-7.0797,-36.379,-37.6,-32.922,-30.172,-29.876
-21.026,-58.132,-26.149,36.25,-3.3299,-43.549,-7.9783,-40.484,-41.272,-35.23,-32.51,-31.099
-22.476,-61.853,-29.409,38.747,-3.0353,-46.732,-8.6194,-43.919,-44.21,-37.347,-34.503,-31.836
-23.746,-65.143,-32.39,40.94,-2.6899,-49.595,-9.1145,-46.811,-46.617,-39.294,-36.198,-32.138
-24.821,-68.017,-35.113,42.829,-2.2834,-52.162,-9.5506,-49.284,-48.688,-41.085,-37.663,-32.062
-25.689,-70.487,-37.555,44.416,-1.8425,-54.44,-9.9826,-51.43,-50.564,-42.719,-38.975,-31.664
-26.354,-72.567,-39.69,45.709,-1.4085,-56.426,-10.433,-53.305,-52.32,-44.196,-40.201,-30.998
-26.831,-74.274,-41.505,46.727,-1.0134,-58.122,-10.9,-54.934,-53.966,-45.517,-41.393,-30.106
-27.152,-75.633,-43.011,47.496,-0.66769,-59.535,-11.36,-56.326,-55.471,-46.681,-42.572,-29.026
-27.355,-76.679,-44.23,48.055,-0.36638,-60.676,-11.785,-57.483,-56.788,-47.686,-43.727,-27.793
-27.493,-77.449,-45.179,48.45,-0.10675,-61.557,-12.146,-58.397,-57.869,-48.526,-44.827,-26.446
-27.615,-77.985,-45.864,48.728,0.09949,-62.187,-12.42,-59.066,-58.682,-49.199,-45.827,-25.03
-27.764,-78.329,-46.282,48.932,0.22952,-62.575,-12.593,-59.499,-59.22,-49.706,-46.691,-23.603
-27.962,-78.53,-46.446,49.093,0.26566,-62.748,-12.67,-59.72,-59.505,-50.059,-47.393,-22.229
-28.207,-78.652,-46.408,49.239,0.21429,-62.761,-12.674,-59.774,-59.585,-50.28,-47.928,-20.978
-28.47,-78.77,-46.28,49.386,0.11798,-62.709,-12.643,-59.716,-59.527,-50.399,-48.306,-19.925
-28.708,-78.964,-46.221,49.554,0.048086,-62.711,-12.618,-59.606,-59.403,-50.453,-48.555,-19.153
-28.888,-79.308,-46.393,49.761,0.077072,-62.883,-12.624,-59.493,-59.271,-50.488,-48.727,-18.751
-29.015,-79.852,-46.886,50.038,0.23533,-63.301,-12.635,-59.393,-59.16,-50.558,-48.9,-18.807
-29.143,-80.624,-47.687,50.428,0.49168,-63.987,-12.554,-59.286,-59.059,-50.724,-49.183,-19.398
-29.373,-81.64,-48.693,50.986,0.76507,-64.916,-12.206,-59.105,-58.906,-51.055,-49.705,-20.583
-29.832,-82.902,-49.773,51.772,0.95991,-66.029,-11.362,-58.737,-58.596,-51.625,-50.605,-22.395
-30.619,-84.404,-50.81,52.821,1.0034,-67.265,-9.7685,-58.027,-57.981,-52.5,-51.998,-24.846
-31.743,-86.111,-51.748,54.122,0.87834,-68.563,-7.151,-56.787,-56.871,-53.711,-53.929,-27.912
-33.082,-87.946,-52.604,55.583,0.65127,-69.881,-3.6449,-54.786,-55.026,-55.22,-56.323,-31.526
-34.364,-89.783,-53.473,57.025,0.49618,-71.186,-3.1087,-51.762,-52.158,-56.86,-58.971,-35.564
-35.213,-91.449,-54.505,58.206,0.69782,-72.466,-11.303,-47.537,-48.055,-58.325,-61.517,-39.837
-35.225,-92.74,-55.843,58.831,1.5913,-73.679,-18.64,-42.594,-43.21,-59.19,-63.515,-44.073
-34.036,-93.371,-57.506,58.592,3.4487,-74.704,-19.34,-40.229,-41.187,-58.926,-64.468,-47.884
-31.529,-92.96,-59.273,57.202,6.507,-75.265,-13.442,-50.383,-52.221,-56.919,-63.867,-50.726
-29.406,-91.067,-60.639,54.635,9.5607,-74.868,0.61292,-64.694,-65.892,-52.902,-61.47,-51.881
-39.709,-87.859,-60.915,52.696,7.5997,-72.879,25.185,-59.899,-60.458,-52.147,-59.693,-50.665
-69.648,-89.996,-59.779,65.106,3.8717,-70.105,61.641,-47.143,-47.172,-90.688,-83.173,-48.173
-86.667,-140.9,-66.575,113.76,0.70752,-88.53,108.1,-28.367,-28.073,-112.93,-125.17,-67.566
-95.737,-181.12,-78.543,133.46,-13.448,-130.78,158.87,-3.8713,-3.6505,-119.13,-139.03,-124.84
-96.578,-181.37,-78.353,134.81,-14.267,-130.3,207.53,26.233,26.046,-119.3,-146.45,-138.12
-84.065,-171.04,-84.643,124.1,0.26302,-126.86,250.36,62.591,62.026,-108.85,-143.3,-141.54
-53.629,-148.2,-97.911,98.246,28.058,-120.55,287.03,107.48,107.08,-82.734,-124.39,-133.08
-3.7246,-109.43,-113.53,55.167,65.061,-107.53,319.15,165.25,165.64,-36.28,-84.743,-107.7
62.662,-49.954,-120.69,-6.0672,101.54,-80.443,351.01,239.48,240.41,34.436,-20.287,-60.665
138.48,36.888,-104.39,-85.968,126.96,-29.006,389.45,329.52,330.33,131.93,71.716,12.376
214.45,159.52,-48.342,-184.82,130.6,58.87,439.37,435.78,436.42,257.92,193.54,116.77
281.37,325,61.473,-301.36,101.75,194.25,500.25,558.57,558.96,413.59,347.87,257.74
332.67,533.43,230.73,-431.25,34.747,380.9,565.96,695.67,695.92,601.43,535.85,434.8
364.82,774.48,451.77,-567.26,-66.913,609.93,626.84,844.12,844.53,821.38,753.32,640.34
377,1028.4,702.86,-699.91,-191.07,860.51,672.68,1000,1000.8,1066.6,988.58,860.04
372.27,1268.4,951.61,-818,-320.18,1103.2,694.77,1157.2,1158.3,1323.2,1223.5,1073.2
356.55,1464.4,1160.9,-909.76,-433.28,1304.3,687.59,1305.7,1306.8,1571.4,1435.6,1255.9
336.03,1588.3,1296.5,-964.36,-509.54,1432.9,650.38,1430.3,1431,1786.1,1600,1384.1
315.08,1620.6,1337,-973.7,-536.21,1468.3,586.38,1510.9,1510.8,1938.3,1692.7,1438.3
294.02,1555.8,1280.4,-934.32,-514.22,1407,501.68,1526.3,1525.3,1999.4,1695.2,1407.8
267.66,1405.6,1145.9,-848.57,-456.98,1265.1,406.24,1461,1459.2,1948.4,1599.9,1295.1
226.24,1196,970.17,-724.2,-386.97,1073.8,314.18,1310.9,1308.8,1779.2,1414,1115.2
160.11,959.65,795.92,-572.96,-329.97,870.45,238.09,1086.8,1084.8,1505.9,1158.8,892.31
66.458,727.67,657.06,-409.08,-304.96,687.05,181.55,813.36,811.8,1162.1,866.8,654.59
-46.83,522.58,568.25,-247.96,-316.08,541.57,138.7,523.84,522.96,795.25,575.39,429.48
-163.13,355.3,522.44,-103.72,-351.37,435.53,99.468,252.45,252.25,455.76,318.44,238.34
-263.34,224.85,497.3,14.53,-388.5,357.58,53.884,25.352,25.569,181.1,116.79,91.605
-332.59,121.96,468.09,103.98,-406.73,291.48,-4.5466,-144.93,-144.65,-14.753,-27.428,-12.2
-364.23,35.167,418.43,165.12,-397.4,223.13,-75.555,-259.59,-259.52,-144.79,-123.39,-81.556
-359.95,-43.667,341,201.38,-358.88,144.76,-151.43,-328.8,-328.91,-215.9,-177.22,-125.62
-327.36,-116.57,238.52,218.38,-292.74,57.435,-220.01,-364.82,-364.79,-244.59,-201.34,-152.33
-276.64,-179.52,124.83,221.78,-210.29,-30.686,-269.93,-377.07,-376.52,-251.18,-208.8,-168.03
-218.35,-226.69,17.615,215.82,-127.57,-108.68,-295.3,-370.76,-369.64,-247.51,-208.48,-176.67
-162.15,-255.41,-70.386,196.3,-55.234,-166.77,-296.47,-349.32,-348.02,-239.33,-204.78,-179.25
-113.4,-257.73,-133.16,138.5,2.7047,-202.89,-277.2,-318.96,-317.99,-228.5,-198.95,-141.89
-73.707,-216.1,-173.13,101.32,43.861,-220.61,-243.3,-284.88,-284.41,-214.64,-164.68,-96.914
-44.899,-167.56,-192.43,90.277,67.283,-222.39,-201.85,-246.75,-246.57,-166.91,-105.06,-91.893
-27.995,-140.59,-192.12,84.385,74.641,-205.66,-158.72,-205.06,-204.8,-127.88,-94.096,-91.718
-19.567,-126.15,-175.46,78.69,69.391,-166.91,-120.29,-166.11,-165.34,-112.09,-89.222,-90.619
-16.275,-116.4,-147.55,72.785,55.505,-123.3,-88.834,-134.13,-132.8,-100.55,-83.429,-88.19
-16.454,-108.24,-114.32,66.88,37.395,-97.293,-61.308,-108.45,-106.86,-90.342,-76.807,-84.734
-19.784,-100.79,-81.213,61.193,19.753,-84.72,-41.105,-87.7,-86.187,-80.888,-69.975,-80.587
-20.379,-94.113,-58.253,55.899,6.6934,-77.357,-29.277,-72.069,-70.816,-72.603,-63.478,-76.035
-17.009,-88.309,-47.399,51.102,2.7322,-72.395,-23.131,-62.312,-61.297,-65.892,-57.642,-71.311
-13.854,-83.245,-44.211,46.823,4.1109,-69.024,-20.552,-58.196,-57.354,-60.611,-52.518,-66.594
-11.569,-78.604,-45.049,43.038,4.897,-66.462,-20.128,-58.251,-57.606,-56.166,-47.953,-62.001
-9.9601,-74.112,-47.444,39.716,5.2579,-63.805,-20.032,-60.15,-59.737,-51.97,-43.745,-57.596
-8.7848,-69.746,-49.169,36.833,6.0245,-60.513,-18.511,-59.925,-59.681,-47.806,-39.798,-53.424
-7.857,-65.699,-47.9,34.365,6.2873,-56.76,-16.718,-57.04,-57.056,-43.822,-36.15,-49.532
-7.0462,-62.181,-44.234,32.277,5.8032,-53.101,-15.211,-53.423,-53.73,-40.287,-32.912,-45.975
-6.2651,-59.299,-40.287,30.524,5.1347,-49.975,-14.069,-50.007,-50.566,-37.387,-30.18,-42.803
-5.4626,-57.051,-37.066,29.052,4.6313,-47.572,-13.283,-47.12,-47.877,-35.162,-27.987,-40.029
-4.6199,-55.352,-34.86,27.8,4.4004,-45.889,-12.776,-44.776,-45.691,-33.522,-26.289,-37.615
-3.7424,-54.059,-33.609,26.708,4.4156,-44.784,-12.421,-42.797,-43.854,-32.296,-24.978,-35.468
-2.8487,-53.013,-33.049,25.714,4.5978,-44.051,-12.105,-40.942,-42.137,-31.279,-23.898,-33.46
-1.9564,-52.076,-32.866,24.765,4.8686,-43.498,-11.747,-39.005,-40.338,-30.281,-22.878,-31.461
-1.0744,-51.151,-32.807,23.816,5.1621,-42.987,-11.312,-36.876,-38.334,-29.162,-21.77,-29.37
-0.20043,-50.167,-32.69,22.827,5.4326,-42.422,-10.809,-34.543,-36.094,-27.844,-20.472,-27.136
0.67483,-49.061,-32.372,21.76,5.6474,-41.729,-10.284,-32.063,-33.666,-26.314,-18.943,-24.762
1.5622,-47.766,-31.724,20.574,5.7798,-40.838,-9.8012,-29.515,-31.131,-24.602,-17.204,-22.299
2.4641,-46.225,-30.649,19.24,5.807,-39.693,-9.4275,-26.955,-28.563,-22.768,-15.316,-19.826
3.3736,-44.4,-29.102,17.742,5.7156,-38.261,-9.1985,-24.393,-25.986,-20.868,-13.355,-17.42
4.2775,-42.292,-27.118,16.091,5.5123,-36.551,-9.109,-21.799,-23.371,-18.932,-11.375,-15.137
5.1672,-39.941,-24.812,14.314,5.2302,-34.61,-9.1357,-19.126,-20.649,-16.958,-9.3927,-12.989
6.0434,-37.415,-22.351,12.452,4.92,-32.514,-9.2439,-16.348,-17.757,-14.915,-7.3785,-10.948
6.9189,-34.793,-19.904,10.543,4.6315,-30.349,-9.4042,-13.481,-14.681,-12.76,-5.274,-8.9593
7.8168,-32.144,-17.59,8.6113,4.3981,-28.189,-9.6041,-10.58,-11.468,-10.453,-3.0128,-6.9643
8.7653,-29.504,-15.45,6.66,4.2318,-26.079,-9.8498,-7.7021,-8.2141,-7.9592,-0.54173,-4.919
9.7923,-26.863,-13.457,4.6706,4.1258,-24.026,-10.159,-4.8911,-5.0266,-5.2506,2.1667,-2.7986
10.92,-24.17,-11.547,2.6119,4.0594,-21.994,-10.547,-2.1636,-1.9806,-2.3083,5.1117,-0.59786
12.161,-21.35,-9.6496,0.45207,4.005,-19.921,-11.019,0.48162,0.8933,0.87346,8.2708,1.6673
13.514,-18.324,-7.703,-1.8329,3.9352,-17.734,-11.565,3.0498,3.6027,4.2835,11.614,3.9591
14.97,-15.026,-5.6607,-4.2553,3.8313,-15.362,-12.166,5.5425,6.1771,7.9003,15.123,6.2244
16.516,-11.412,-3.4982,-6.818,3.6921,-12.748,-12.8,7.9578,8.652,11.709,18.815,8.4122
18.155,-7.4645,-1.2194,-9.519,3.5397,-9.8598,-13.45,10.293,11.057,15.719,22.749,10.496
19.923,-3.1902,1.145,-12.358,3.4171,-6.6957,-14.118,12.545,13.413,19.976,27.026,12.492
21.895,1.393,3.5543,-15.342,3.3733,-3.2739,-14.824,14.715,15.728,24.557,31.779,14.459
24.178,6.2678,5.9755,-18.487,3.4433,0.38565,-15.599,16.804,18.005,29.556,37.151,16.487
26.898,11.422,8.3876,-21.812,3.6334,4.272,-16.48,18.819,20.243,35.065,43.268,18.679
30.19,16.838,10.766,-25.332,3.9231,8.3752,-17.493,20.768,22.441,41.169,50.205,21.129
34.151,22.47,13.064,-29.054,4.284,12.661,-18.653,22.664,24.595,47.942,57.963,23.917
38.832,28.24,15.207,-32.977,4.703,17.048,-19.971,24.517,26.699,55.449,66.479,27.107
44.21,34.052,17.116,-37.109,5.1913,21.423,-21.462,26.333,28.74,63.74,75.653,30.749
50.188,39.822,18.743,-41.467,5.7799,25.673,-23.158,28.109,30.695,72.812,85.365,34.887
56.614,45.517,20.087,-46.095,6.5096,29.739,-25.108,29.834,32.534,82.556,95.469,39.544
63.331,51.172,21.196,-51.067,7.4261,33.642,-27.383,31.493,34.227,92.733,105.76,44.715
70.204,56.884,22.154,-56.489,8.5845,37.472,-30.062,33.068,35.752,103.03,116,50.356
77.172,62.788,23.052,-62.494,10.059,41.348,-33.223,34.544,37.105,113.16,125.97,56.382
84.22,69.022,23.958,-69.22,11.944,45.369,-36.932,35.908,38.298,122.97,135.56,62.691
91.358,75.71,24.901,-76.768,14.332,49.578,-41.228,37.155,39.356,132.43,144.77,69.19
98.603,82.953,25.869,-85.169,17.256,53.961,-46.109,38.282,40.304,141.6,153.72,75.819
105.97,90.826,26.824,-94.343,20.63,58.454,-51.517,39.292,41.155,150.52,162.55,82.568
113.46,99.358,27.717,-104.1,24.276,62.961,-57.341,40.19,41.911,159.25,171.43,89.465
121.09,108.51,28.509,-114.2,28.025,67.382,-63.433,40.978,42.563,167.81,180.47,96.549
128.87,118.17,29.181,-124.37,31.804,71.634,-69.632,41.655,43.096,176.19,189.69,103.84
136.81,128.15,29.741,-134.43,35.618,75.674,-75.807,42.219,43.498,184.31,199.03,111.33
144.91,138.26,30.214,-144.25,39.49,79.507,-81.879,42.668,43.758,192.09,208.36,118.96
153.12,148.34,30.643,-153.79,43.416,83.176,-87.828,43.004,43.87,199.41,217.51,126.65
161.37,158.25,31.068,-163.02,47.343,86.73,-93.688,43.225,43.829,206.2,226.32,134.32
169.57,167.89,31.517,-171.9,51.188,90.202,-99.528,43.314,43.624,212.38,234.67,141.94
177.61,177.12,32.002,-180.39,54.867,93.593,-105.43,43.23,43.237,217.96,242.5,149.46
185.37,185.79,32.513,-188.38,58.322,96.875,-111.46,42.922,42.647,222.93,249.79,156.91
192.78,193.78,33.03,-195.78,61.537,100.01,-117.66,42.335,41.83,227.32,256.57,164.27
199.75,201,33.53,-202.53,64.52,102.95,-124.01,41.432,40.767,231.15,262.83,171.54
206.24,207.44,33.994,-208.63,67.278,105.7,-130.47,40.194,39.446,234.42,268.57,178.66
212.19,213.18,34.408,-214.11,69.8,108.24,-136.92,38.626,37.857,237.18,273.75,185.56
217.57,218.29,34.766,-219.04,72.057,110.59,-143.24,36.751,35.994,239.46,278.38,192.17
222.37,222.85,35.056,-223.46,74.015,112.75,-149.3,34.601,33.849,241.32,282.45,198.41
226.56,226.9,35.264,-227.41,75.663,114.71,-155.04,32.213,31.419,242.8,286.01,204.25
230.18,230.46,35.372,-230.91,77.03,116.43,-160.45,29.624,28.708,243.97,289.1,209.7
233.3,233.53,35.357,-233.98,78.186,117.89,-165.55,26.864,25.727,244.86,291.76,214.79
236.03,236.09,35.199,-236.67,79.23,119.02,-170.42,23.958,22.509,245.46,294.05,219.54
238.51,238.11,34.878,-239,80.272,119.79,-175.15,20.933,19.103,245.75,295.96,223.96
240.89,239.58,34.385,-241.01,81.42,120.14,-179.85,17.817,15.583,245.68,297.46,228.05
243.28,240.47,33.732,-242.71,82.77,120.08,-184.69,14.654,12.042,245.18,298.51,231.82
245.75,240.75,32.954,-244.08,84.406,119.59,-189.82,11.498,8.5779,244.18,299.01,235.24
248.25,240.4,32.11,-245.06,86.372,118.72,-195.34,8.4165,5.2906,242.57,298.81,238.33
250.58,239.34,31.277,-245.49,88.636,117.51,-201.09,5.4811,2.2657,240.26,297.72,241.07
252.25,237.49,30.53,-245.16,90.987,116.01,-206.37,2.7673,-0.42397,237.13,295.49,243.45
252.56,234.74,29.932,-243.75,92.959,114.27,-209.89,0.35503,-2.7121,233.02,291.83,245.45
250.72,230.96,29.513,-240.92,93.899,112.3,-210.34,-1.6701,-4.5309,227.75,286.48,247.01
246.24,225.97,29.27,-236.35,93.248,110.05,-207.08,-3.2207,-5.8104,221.13,279.27,248.06
239,219.63,29.174,-229.82,90.771,107.49,-199.97,-4.22,-6.4875,213.05,270.16,248.53
229.2,211.73,29.181,-221.22,86.527,104.54,-189.04,-4.617,-6.5213,203.56,259.27,248.36
217.16,202.12,29.251,-210.58,80.704,101.15,-174.26,-4.3955,-5.9047,192.86,246.84,247.5
203.24,190.69,29.361,-198.09,73.548,97.284,-155.81,-3.5748,-4.6693,181.28,233.18,245.93
187.91,177.51,29.506,-184.09,65.353,92.966,-134.58,-2.2061,-2.8805,169.17,218.63,243.67
171.67,162.86,29.701,-168.99,56.454,88.249,-112.01,-0.36796,-0.62947,156.8,203.52,240.73
155.04,147.29,29.971,-153.16,47.196,83.219,-89.355,1.8408,1.9754,144.3,188.11,237.12
138.43,131.46,30.337,-136.85,37.894,77.963,-67.242,4.3125,4.8183,131.7,172.61,232.83
122.15,116.03,30.797,-120.24,28.81,72.546,-45.9,6.9422,7.7839,118.95,157.11,227.82
106.37,101.43,31.317,-103.5,20.172,66.997,-25.524,9.6365,10.764,105.98,141.65,222.05
91.188,87.864,31.835,-87.006,12.193,61.31,-6.3834,12.316,13.662,92.841,126.19,215.52
76.625,75.273,32.273,-71.377,5.0799,55.463,11.196,14.91,16.392,79.727,110.64,208.23
62.65,63.463,32.56,-57.272,-0.96329,49.442,26.719,17.359,18.885,67.007,94.957,200.27
49.154,52.199,32.638,-44.986,-5.807,43.258,39.22,19.608,21.085,55.11,79.32,191.75
36.089,41.296,32.471,-34.331,-9.5652,36.947,47.423,21.61,22.952,44.387,64.32,182.78
23.872,30.67,32.035,-24.879,-12.559,30.563,51.481,23.328,24.465,35.027,50.822,173.46
13.451,20.345,31.312,-16.263,-15.023,24.166,53.514,24.738,25.621,27.042,39.467,163.87
5.4569,10.42,30.288,-8.3039,-17.022,17.819,55.12,25.831,26.435,20.305,30.299,154.03
-0.36407,1.0286,28.948,-0.97865,-18.577,11.584,56.536,26.611,26.933,14.618,22.908,144
-4.6602,-7.7026,27.282,5.6599,-19.729,5.5279,57.507,27.093,27.149,9.7709,16.789,133.81
-7.9574,-15.671,25.29,11.551,-20.535,-0.27372,57.842,27.298,27.115,5.5899,11.553,123.54
-10.571,-22.803,22.996,16.664,-21.052,-5.7371,57.51,27.249,26.856,1.9412,6.9593,113.34
-12.681,-29.06,20.459,21.003,-21.331,-10.776,56.583,26.968,26.394,-1.279,2.876,103.34
-14.4,-34.433,17.774,24.612,-21.405,-15.317,55.16,26.473,25.745,-4.1571,-0.77369,93.66
-15.8,-38.947,15.064,27.554,-21.296,-19.307,53.326,25.784,24.931,-6.7646,-4.043,84.359
-16.929,-42.649,12.456,29.905,-21.012,-22.728,51.143,24.923,23.973,-9.153,-6.9791,75.467
-17.819,-45.609,10.052,31.744,-20.57,-25.592,48.656,23.917,22.897,-11.349,-9.6257,67.008
-18.493,-47.913,7.9031,33.145,-20,-27.942,45.916,22.797,21.729,-13.356,-12.02,59.025
-18.968,-49.663,6.0106,34.182,-19.353,-29.844,42.987,21.592,20.493,-15.164,-14.189,51.575
-19.261,-50.96,4.339,34.92,-18.682,-31.369,39.95,20.333,19.215,-16.757,-16.148,44.709
-19.393,-51.893,2.8504,35.414,-18.035,-32.58,36.9,19.043,17.922,-18.126,-17.908,38.444
-19.393,-52.528,1.5355,35.707,-17.45,-33.516,33.932,17.739,16.638,-19.275,-19.483,32.754
-19.298,-52.908,0.42414,35.828,-16.962,-34.19,31.124,16.43,15.385,-20.222,-20.888,27.581
-19.153,-53.059,-0.43139,35.804,-16.597,-34.604,28.522,15.123,14.181,-20.995,-22.138,22.851
-18.997,-53.006,-0.99024,35.663,-16.372,-34.765,26.135,13.82,13.041,-21.619,-23.245,18.491
-18.856,-52.787,-1.2542,35.436,-16.279,-34.704,23.943,12.531,11.977,-22.118,-24.208,14.448
-18.734,-52.445,-1.2761,35.15,-16.286,-34.474,21.921,11.27,10.997,-22.506,-25.026,10.696
-18.617,-52.032,-1.1421,34.827,-16.34,-34.14,20.052,10.055,10.104,-22.8,-25.698,7.239
-18.485,-51.586,-0.9373,34.483,-16.396,-33.761,18.338,8.9018,9.291,-23.022,-26.239,4.099
-18.325,-51.131,-0.71049,34.128,-16.424,-33.37,16.788,7.8183,8.5423,-23.196,-26.674,1.3033
-18.14,-50.665,-0.457,33.763,-16.428,-32.964,15.408,6.8002,7.8338,-23.348,-27.041,-1.1295
-17.94,-50.165,-0.1317,33.384,-16.426,-32.511,14.187,5.8334,7.1365,-23.503,-27.385,-3.1981
-17.734,-49.604,0.31209,32.984,-16.438,-31.979,13.097,4.8997,6.4227,-23.678,-27.745,-4.9183
-17.527,-48.97,0.8806,32.557,-16.46,-31.355,12.109,3.9841,5.6714,-23.875,-28.15,-6.3182
-17.315,-48.276,1.5195,32.108,-16.468,-30.669,11.213,3.0788,4.873,-24.084,-28.602,-7.4357
-17.087,-47.564,2.1282,31.647,-16.425,-29.98,10.423,2.1845,4.03,-24.285,-29.082,-8.3217
-16.832,-46.882,2.6001,31.187,-16.296,-29.358,9.7761,1.3084,3.1558,-24.463,-29.555,-9.0453
-16.536,-46.261,2.8668,30.732,-16.066,-28.85,9.3079,0.46176,2.2701,-24.608,-29.979,-9.6911
-16.192,-45.699,2.9272,30.273,-15.742,-28.452,9.041,-0.34268,1.3935,-24.722,-30.325,-10.351
-15.794,-45.148,2.8537,29.78,-15.356,-28.113,8.9749,-1.0921,0.54389,-24.807,-30.574,-11.113
-15.345,-44.526,2.7755,29.214,-14.962,-27.738,9.0922,-1.7696,-0.26225,-24.858,-30.72,-12.049
-14.85,-43.735,2.845,28.535,-14.622,-27.218,9.3739,-2.3468,-1.0038,-24.859,-30.757,-13.207
-14.322,-42.687,3.1935,27.707,-14.395,-26.456,9.8164,-2.7781,-1.6502,-24.783,-30.671,-14.603
-13.77,-41.316,3.8948,26.71,-14.32,-25.39,10.441,-3.0088,-2.1633,-24.595,-30.445,-16.228
-13.199,-39.594,4.95,25.536,-14.411,-23.995,11.292,-2.9919,-2.5043,-24.268,-30.064,-18.049
-12.605,-37.529,6.3027,24.189,-14.655,-22.282,12.419,-2.7051,-2.6404,-23.789,-29.524,-20.02
-11.977,-35.15,7.8735,22.681,-15.02,-20.283,13.862,-2.154,-2.545,-23.155,-28.839,-22.094
-11.302,-32.504,9.5935,21.028,-15.463,-18.039,15.648,-1.3632,-2.1961,-22.373,-28.036,-24.225
-10.572,-29.635,11.423,19.246,-15.941,-15.587,17.788,-0.35927,-1.5726,-21.452,-27.151,-26.375
-9.7905,-26.577,13.351,17.35,-16.427,-12.946,20.294,0.84299,-0.65443,-20.4,-26.213,-28.515
-8.9693,-23.341,15.383,15.353,-16.919,-10.113,23.184,2.2462,0.57634,-19.225,-25.238,-30.623
-8.1292,-19.925,17.525,13.264,-17.431,-7.0708,26.475,3.8667,2.1305,-17.927,-24.225,-32.693
-7.2913,-16.316,19.768,11.094,-17.979,-3.7959,30.16,5.723,4.0059,-16.507,-23.16,-34.723
-6.4715,-12.501,22.087,8.8519,-18.572,-0.27169,34.184,7.8216,6.1805,-14.956,-22.02,-36.713
-5.6765,-8.4768,24.447,6.5452,-19.198,3.5022,38.433,10.146,8.6102,-13.271,-20.792,-38.659
-4.9036,-4.2541,26.808,4.1788,-19.831,7.5072,42.764,12.652,11.231,-11.456,-19.473,-40.545
-4.1433,0.14107,29.135,1.7561,-20.442,11.708,47.028,15.276,13.966,-9.5308,-18.08,-42.346
-3.3851,4.6709,31.399,-0.71797,-21,16.058,51.096,17.945,16.737,-7.5387,-16.643,-44.028
-2.6245,9.2926,33.578,-3.2331,-21.493,20.513,54.86,20.584,19.472,-5.535,-15.193,-45.552
-1.868,13.966,35.664,-5.7713,-21.926,25.037,58.235,23.131,22.111,-3.577,-13.76,-46.881
-1.1352,18.657,37.655,-8.3065,-22.323,29.608,61.15,25.539,24.607,-1.7103,-12.365,-47.981
-0.45509,23.336,39.558,-10.805,-22.723,34.208,63.56,27.771,26.927,0.03698,-11.025,-48.822
0.14156,27.962,41.375,-13.228,-23.161,38.8,65.447,29.8,29.046,1.6507,-9.7595,-49.385
0.63318,32.469,43.107,-15.531,-23.668,43.314,66.829,31.6,30.943,3.1223,-8.589,-49.663
1.0172,36.768,44.743,-17.671,-24.253,47.643,67.751,33.149,32.601,4.4438,-7.5358,-49.672
1.3147,40.759,46.274,-19.613,-24.895,51.668,68.264,34.436,34.005,5.6081,-6.6181,-49.445
1.5673,44.358,47.68,-21.345,-25.533,55.285,68.408,35.458,35.145,6.6096,-5.8462,-49.032
1.8273,47.512,48.941,-22.88,-26.086,58.431,68.194,36.213,36.008,7.4419,-5.221,-48.493
2.1471,50.2,50.041,-24.244,-26.489,61.078,67.61,36.691,36.579,8.0925,-4.7352,-47.899
2.5698,52.42,50.973,-25.467,-26.728,63.22,66.616,36.861,36.832,8.538,-4.374,-47.33
3.1217,54.174,51.746,-26.559,-26.84,64.85,65.169,36.675,36.735,8.7462,-4.1155,-46.87
3.8011,55.449,52.369,-27.502,-26.907,65.941,63.237,36.08,36.255,8.6866,-3.9308,-46.597
4.5678,56.205,52.837,-28.244,-27.018,66.436,60.828,35.043,35.374,8.3437,-3.7875,-46.573
5.3413,56.368,53.107,-28.704,-27.197,66.251,57.99,33.568,34.096,7.7226,-3.6544,-46.829
6.0144,55.844,53.087,-28.79,-27.332,65.291,54.802,31.7,32.457,6.8435,-3.5082,-47.373
6.4797,54.54,52.648,-28.421,-27.177,63.474,51.339,29.513,30.513,5.7309,-3.3385,-48.185
6.6604,52.39,51.648,-27.543,-26.458,60.755,47.655,27.09,28.333,4.4055,-3.1494,-49.23
6.5286,49.36,49.965,-26.137,-25.007,57.138,43.794,24.509,25.977,2.8831,-2.9586,-50.462
6.1035,45.445,47.514,-24.205,-22.833,52.671,39.807,21.831,23.49,1.1781,-2.7968,-51.831
5.4322,40.656,44.262,-21.753,-20.11,47.43,35.768,19.099,20.892,-0.69776,-2.7074,-53.296
4.5633,35.018,40.234,-18.787,-17.105,41.496,31.757,16.327,18.173,-2.7401,-2.7426,-54.835
3.5259,28.567,35.522,-15.321,-14.117,34.945,27.83,13.5,15.297,-4.957,-2.954,-56.46
2.3189,21.367,30.288,-11.39,-11.439,27.84,23.987,10.577,12.209,-7.3676,-3.3805,-58.207
0.91582,13.516,24.743,-7.0595,-9.309,20.251,20.18,7.4962,8.8431,-9.9936,-4.0387,-60.133
-0.71707,5.1669,19.09,-2.4287,-7.8286,12.292,16.338,4.1853,5.1413,-12.847,-4.9209,-62.291
-2.5993,-3.4659,13.45,2.3833,-6.8876,4.1412,12.423,0.56817,1.07,-15.918,-5.9983,-64.71
-4.7218,-12.119,7.826,7.2514,-6.1992,-3.9589,8.4729,-3.4178,-3.361,-19.174,-7.2274,-67.388
-7.0423,-20.523,2.1313,12.065,-5.4853,-11.745,4.6115,-7.7976,-8.0879,-22.556,-8.5575,-70.293
-9.4895,-28.46,-3.6913,16.741,-4.6643,-18.994,1.0219,-12.527,-12.999,-25.987,-9.9374,-73.366
-11.977,-35.788,-9.5591,21.218,-3.8488,-25.562,-2.1189,-17.464,-17.954,-29.382,-11.324,-76.539
-14.418,-42.446,-15.237,25.447,-3.1902,-31.402,-4.6985,-22.376,-22.804,-32.655,-12.688,-79.744
-16.74,-48.428,-20.447,29.383,-2.7594,-36.534,-6.6932,-26.982,-27.409,-35.732,-14.023,-82.914
-18.888,-53.754,-25.003,32.98,-2.5382,-41.017,-8.1547,-31.053,-31.653,-38.566,-15.347,-85.989
-20.827,-58.453,-28.864,36.2,-2.4627,-44.923,-9.1813,-34.489,-35.464,-41.144,-16.693,-88.912
-22.545,-62.548,-32.094,39.022,-2.46,-48.316,-9.8902,-37.338,-38.818,-43.482,-18.102,-91.625
-24.042,-66.062,-34.793,41.443,-2.4664,-51.244,-10.397,-39.748,-41.738,-45.612,-19.606,-94.068
-25.321,-69.017,-37.053,43.473,-2.4373,-53.741,-10.803,-41.891,-44.28,-47.574,-21.216,-96.185
-26.376,-71.446,-38.937,45.128,-2.3516,-55.836,-11.181,-43.903,-46.505,-49.403,-22.912,-97.929
-27.206,-73.392,-40.498,46.432,-2.2084,-57.562,-11.576,-45.848,-48.466,-51.125,-24.65,-99.279
-27.817,-74.911,-41.789,47.42,-2.0171,-58.964,-11.998,-47.711,-50.18,-52.75,-26.363,-100.24
-28.225,-76.075,-42.87,48.135,-1.7862,-60.099,-12.43,-49.422,-51.629,-54.264,-27.976,-100.84
-28.462,-76.967,-43.806,48.638,-1.5187,-61.029,-12.841,-50.891,-52.771,-55.631,-29.42,-101.09
-28.571,-77.673,-44.656,48.994,-1.2154,-61.819,-13.192,-52.029,-53.562,-56.799,-30.646,-101
-28.605,-78.274,-45.461,49.273,-0.88103,-62.522,-13.451,-52.78,-53.97,-57.719,-31.636,-100.55
-28.613,-78.836,-46.243,49.531,-0.52639,-63.176,-13.596,-53.121,-53.986,-58.361,-32.401,-99.693
-28.631,-79.405,-47.013,49.806,-0.164,-63.809,-13.626,-53.07,-53.635,-58.725,-32.976,-98.417
-28.677,-80.009,-47.783,50.114,0.20034,-64.438,-13.559,-52.68,-52.981,-58.851,-33.405,-96.729
-28.744,-80.657,-48.57,50.449,0.5717,-65.082,-13.433,-52.029,-52.129,-58.804,-33.738,-94.68
-28.812,-81.352,-49.394,50.798,0.96063,-65.754,-13.297,-51.212,-51.206,-58.674,-34.026,-92.353
-28.871,-82.091,-50.259,51.154,1.37,-66.467,-13.186,-50.325,-50.336,-58.55,-34.319,-89.845
-28.936,-82.882,-51.152,51.526,1.7833,-67.226,-13.1,-49.444,-49.59,-58.513,-34.675,-87.249
-29.06,-83.743,-52.04,51.951,2.1598,-68.034,-12.966,-48.59,-48.949,-58.62,-35.161,-84.658
-29.334,-84.708,-52.879,52.486,2.4409,-68.891,-12.632,-47.7,-48.278,-58.906,-35.858,-82.162
-29.866,-85.817,-53.623,53.2,2.5646,-69.79,-11.879,-46.614,-47.34,-59.391,-36.851,-79.858
-30.739,-87.099,-54.237,54.14,2.4894,-70.722,-10.459,-45.068,-45.826,-60.079,-38.214,-77.851
-31.962,-88.553,-54.707,55.314,2.217,-71.673,-8.1047,-42.728,-43.395,-60.957,-39.976,-76.23
-33.428,-90.14,-55.065,56.658,1.8082,-72.63,-4.734,-39.248,-39.743,-61.971,-42.083,-75.05
-34.879,-91.766,-55.399,58.025,1.4001,-73.587,-3.1192,-34.401,-34.733,-63.001,-44.373,-74.294
-35.952,-93.272,-55.853,59.183,1.2301,-74.528,-10.529,-28.418,-28.67,-63.832,-46.568,-73.845
-36.246,-94.432,-56.582,59.837,1.6179,-75.405,-18.63,-22.711,-22.915,-64.148,-48.284,-73.455
-35.395,-94.942,-57.646,59.661,2.8404,-76.092,-19.855,-21.982,-21.718,-63.528,-49.063,-72.726
-33.223,-94.42,-58.894,58.354,5.0452,-76.341,-14.484,-37.054,-35.88,-61.425,-48.393,-71.121
-31.075,-92.448,-59.92,55.884,8.0458,-75.727,-0.7948,-49.097,-49.947,-57.459,-45.858,-68.038
-40.118,-89.099,-60.093,53.933,7.5826,-73.684,23.687,-41.996,-43.387,-54.723,-42.179,-63.064
-69.154,-89.02,-58.785,64.462,2.7665,-70.348,60.081,-29.436,-30.835,-81.293,-50.911,-57.621
-85.924,-126.06,-58.19,110.15,-2.0024,-76.866,106.45,-12.483,-13.851,-111.28,-113.87,-73.466
-95.564,-178.73,-77.439,132.81,-9.4406,-125.72,157.52,9.261,7.7467,-118.29,-133.3,-129.11
-97.43,-182.33,-76.467,135.4,-18.646,-130.96,207,36.463,34.616,-120.5,-141.31,-141.53
-86.609,-174.86,-78.629,126.62,-12.685,-128.04,250.62,70.593,68.554,-114.52,-140.8,-143.35
-58.869,-156.03,-87.406,103.24,5.8874,-122.97,287.47,115.05,113.25,-95.936,-127.17,-133.89
-12.339,-122.52,-101.28,62.741,36.913,-113.27,318.66,173.95,172.55,-59.995,-95.45,-108.37
51.131,-69.781,-113.61,4.2644,74.841,-93.198,347.87,247.46,246.28,-1.9032,-40.874,-62.074
125.66,7.5169,-112.26,-71.7,110.15,-53.864,381.76,334.95,333.91,82.083,39.783,8.1035
202.54,115.77,-81.724,-164.36,131.68,15.36,426.03,437.03,436,193.64,147.76,105.01
272.53,261.64,-6.6076,-272.83,127.93,125.4,482.24,551.08,550.14,333.9,284.65,232.71
328.4,448.69,124.04,-395.03,89.671,284.05,546.48,676.63,676.16,505.37,453.34,392.68
365.78,673.12,311.6,-526.35,13.666,490.1,610.33,813.56,813.77,708.26,653.92,582.38
383.03,921.33,543.57,-659.18,-94.575,730.16,663.44,959.53,960.25,937.6,878.9,793.57
382.18,1170.1,794.25,-782.94,-220.64,979.89,696.17,1110.5,1111.4,1183,1113.4,1009.4
368.56,1389.3,1028.9,-885.13,-344.58,1206.6,701.14,1258.8,1259.5,1428.8,1336.6,1206.7
348.43,1547.9,1210.7,-953.48,-445.41,1376.1,674.7,1391.7,1392,1653.3,1523.8,1360.1
326.86,1620.8,1308.8,-978.3,-505.41,1460.5,617.72,1491.2,1490.8,1830.2,1650.1,1447
305.46,1596.2,1308.5,-954.77,-515.69,1446.6,535.76,1536.4,1535,1931.7,1694.6,1452.6
280.55,1479.4,1217.7,-883.92,-481.75,1341.5,439.56,1508.6,1506.1,1933.8,1645.6,1374.2
243.6,1291.8,1065.9,-772.25,-422.88,1170.9,343.85,1397.5,1393.9,1823.1,1504.1,1222.2
185,1064.2,893.29,-630.12,-364.03,970.78,261.97,1205.6,1201.4,1603,1283.9,1017.1
99.675,828.1,737.21,-470.35,-326.32,775.58,199.41,950.87,946.7,1295.7,1010.5,785.37
-8.5012,608.74,620.52,-307.25,-319.84,609.15,152.21,662.96,659.6,940.38,716.72,553.98
-126.15,421.96,547.27,-155.22,-340.75,480.84,110.95,376.54,374.46,584.62,437.11,345.84
-234.42,272.73,504.82,-25.599,-373.88,386.22,65.388,122.26,121.59,272.79,200.27,175.68
-315.75,155.95,471.25,76.409,-399.19,311.72,7.9911,-79.956,-79.375,33.624,21.517,47.708
-359.84,60.728,425.55,149.08,-400.14,241.8,-62.56,-223.56,-222.06,-128.43,-100.54,-42.3
-365.77,-23.23,355.58,194.07,-369.76,165.5,-139.89,-313.45,-311.49,-218.51,-170.73,-102.27
-340.07,-100.1,260.75,216.9,-310.49,80.195,-211.93,-360.43,-358.63,-254.02,-202.68,-139.72
-292.93,-166.81,151.2,223.76,-232.01,-9.2029,-265.64,-375.21,-374.15,-260.85,-212.96,-161.55
-235.07,-217.97,40.998,219.48,-147.41,-92.293,-292.9,-365.66,-365.56,-255.11,-212.8,-173.37
-176.74,-251.06,-56.778,206.2,-69.874,-157.82,-293.41,-341.13,-341.45,-244.65,-208.18,-178.69
-125.02,-260.92,-128.01,165.17,-8.1607,-200.36,-272.26,-312.22,-312.38,-232.28,-201.54,-175.11
-82.671,-211.59,-170.55,112.27,35.509,-219.83,-236.99,-280.84,-280.91,-218.15,-190.47,-117.15
-51.249,-145.93,-189.41,93.12,61.824,-214.8,-195.1,-243.03,-243.5,-195.77,-136.08,-91.465
-31.689,-119.58,-188.56,84.196,72.044,-178.62,-152.57,-196.51,-197.73,-154.24,-107.64,-88.789
-21.202,-109.41,-172.26,76.802,68.973,-127.58,-115.7,-149.2,-150.58,-126.08,-96.868,-86.997
-16.392,-103.28,-145.68,69.909,56.74,-96.003,-84.842,-114.51,-115.47,-110.42,-88.226,-83.679
-15.423,-97.965,-112.95,63.469,39.955,-83.121,-57.734,-90.326,-90.976,-98.773,-80.24,-79.023
-17.638,-92.887,-77.062,57.585,22.986,-77.349,-38.169,-72.75,-73.227,-88.459,-72.831,-73.488
-20.095,-88.144,-57.983,52.387,9.1821,-73.586,-26.824,-61.11,-61.406,-79.375,-66.226,-67.456
-17.379,-83.812,-50.52,47.91,4.0263,-70.634,-21.119,-55.352,-55.406,-72.047,-60.592,-61.215
-14.009,-79.807,-47.738,44.087,4.4872,-68.258,-19.073,-54.16,-54.038,-66.508,-55.877,-54.976
-11.574,-75.996,-48.087,40.833,4.9118,-66.129,-19.275,-54.783,-54.749,-62.174,-51.879,-48.889
-9.9637,-72.341,-49.625,38.085,5.5206,-63.84,-19.514,-52.38,-52.648,-58.369,-48.394,-43.063
-8.8972,-68.932,-50.389,35.805,6.1793,-61.223,-18.062,-46.186,-46.473,-54.705,-45.308,-37.594
-8.1454,-65.915,-49.33,33.95,6.3989,-58.454,-16.355,-39.336,-39.408,-51.133,-42.605,-32.582
-7.5495,-63.396,-47.064,32.462,6.1246,-55.852,-14.943,-33.33,-33.137,-47.803,-40.336,-28.134
-7.0022,-61.403,-44.617,31.266,5.6877,-53.669,-13.919,-28.659,-28.201,-44.891,-38.56,-24.347
-6.4327,-59.883,-42.556,30.273,5.3326,-52.011,-13.292,-25.341,-24.605,-42.496,-37.298,-21.285
-5.8008,-58.715,-41.086,29.39,5.1511,-50.842,-12.985,-23.099,-22.054,-40.616,-36.508,-18.961
-5.0933,-57.739,-40.17,28.534,5.1329,-50.017,-12.869,-21.533,-20.154,-39.155,-36.079,-17.325
-4.3186,-56.8,-39.621,27.64,5.2244,-49.35,-12.822,-20.261,-18.546,-37.966,-35.841,-16.273
-3.4996,-55.785,-39.2,26.668,5.3681,-48.68,-12.766,-18.993,-16.967,-36.887,-35.604,-15.66
-2.6623,-54.631,-38.727,25.599,5.5131,-47.903,-12.669,-17.564,-15.271,-35.767,-35.19,-15.332
-1.8261,-53.317,-38.088,24.432,5.6184,-46.969,-12.534,-15.93,-13.432,-34.497,-34.47,-15.154
-0.99818,-51.848,-37.221,23.169,5.6572,-45.868,-12.379,-14.147,-11.511,-33.016,-33.382,-15.036
-0.17646,-50.24,-36.099,21.816,5.6187,-44.615,-12.226,-12.32,-9.6076,-31.321,-31.927,-14.931
0.64697,-48.513,-34.736,20.381,5.5038,-43.24,-12.087,-10.551,-7.8135,-29.452,-30.156,-14.832
1.479,-46.682,-33.172,18.869,5.3271,-41.768,-11.96,-8.9004,-6.1797,-27.47,-28.147,-14.737
2.3227,-44.749,-31.452,17.284,5.1082,-40.213,-11.842,-7.3701,-4.7016,-25.431,-25.975,-14.632
3.1789,-42.702,-29.607,15.625,4.8667,-38.571,-11.731,-5.9054,-3.325,-23.362,-23.693,-14.47
4.0507,-40.521,-27.643,13.881,4.6187,-36.823,-11.624,-4.4258,-1.9749,-21.259,-21.32,-14.175
4.9447,-38.183,-25.556,12.037,4.3759,-34.948,-11.521,-2.8572,-0.58293,-19.1,-18.85,-13.672
5.8741,-35.663,-23.334,10.075,4.1457,-32.931,-11.423,-1.1541,0.89646,-16.858,-16.25,-12.907
6.8557,-32.94,-20.975,7.979,3.9322,-30.762,-11.338,0.68744,2.4793,-14.512,-13.482,-11.856
7.9103,-29.998,-18.488,5.7373,3.7373,-28.444,-11.284,2.6403,4.1623,-12.055,-10.507,-10.519
9.0574,-26.819,-15.893,3.3447,3.5602,-25.979,-11.283,4.6651,5.9359,-9.4886,-7.3038,-8.904
10.31,-23.386,-13.215,0.80118,3.3947,-23.368,-11.356,6.727,7.7874,-6.816,-3.8727,-7.0211
11.673,-19.677,-10.475,-1.8894,3.2279,-20.594,-11.52,8.8002,9.7023,-4.0321,-0.23609,-4.8892
13.137,-15.669,-7.6851,-4.7194,3.0408,-17.629,-11.782,10.872,11.664,-1.1188,3.574,-2.5389
14.69,-11.348,-4.8492,-7.677,2.8173,-14.436,-12.14,12.94,13.658,1.9598,7.5339,-0.0095465
16.32,-6.7163,-1.9778,-10.747,2.5546,-10.991,-12.578,15.013,15.669,5.2564,11.647,2.6625
18.036,-1.8012,0.90734,-13.912,2.268,-7.2931,-13.075,17.102,17.692,8.8361,15.953,5.4571
19.87,3.3532,3.7788,-17.161,1.9868,-3.3646,-13.608,19.22,19.723,12.772,20.535,8.3754
21.879,8.703,6.6153,-20.492,1.7436,0.76499,-14.157,21.374,21.764,17.146,25.509,11.434
24.143,14.221,9.4099,-23.914,1.5631,5.078,-14.712,23.563,23.817,22.048,31.016,14.655
26.755,19.906,12.169,-27.451,1.4551,9.5797,-15.274,25.782,25.889,27.59,37.206,18.051
29.821,25.776,14.901,-31.143,1.4165,14.292,-15.862,28.019,27.981,33.896,44.212,21.621
33.447,31.844,17.6,-35.041,1.4412,19.227,-16.505,30.259,30.098,41.094,52.113,25.349
37.747,38.109,20.235,-39.212,1.5335,24.367,-17.24,32.487,32.238,49.265,60.908,29.205
42.785,44.547,22.752,-43.729,1.7152,29.646,-18.1,34.686,34.391,58.395,70.506,33.154
48.569,51.128,25.095,-48.683,2.0225,34.973,-19.116,36.836,36.533,68.324,80.731,37.158
55.03,57.852,27.223,-54.18,2.4941,40.26,-20.317,38.913,38.631,78.764,91.342,41.192
62.021,64.762,29.129,-60.342,3.1589,45.458,-21.735,40.895,40.645,89.38,102.07,45.245
69.349,71.956,30.833,-67.297,4.0301,50.563,-23.412,42.757,42.54,99.902,112.67,49.335
76.842,79.572,32.371,-75.145,5.1117,55.607,-25.404,44.483,44.298,110.19,122.97,53.504
84.398,87.764,33.778,-83.919,6.41,60.626,-27.783,46.064,45.911,120.23,132.92,57.805
91.981,96.663,35.072,-93.539,7.9464,65.633,-30.631,47.496,47.385,130.11,142.57,62.284
99.627,106.32,36.251,-103.8,9.7641,70.605,-34.036,48.788,48.728,139.94,152.04,66.971
107.39,116.66,37.293,-114.42,11.928,75.475,-38.066,49.946,49.941,149.78,161.47,71.878
115.31,127.49,38.175,-125.11,14.511,80.156,-42.753,50.971,51.018,159.64,171.01,76.997
123.45,138.53,38.886,-135.64,17.569,84.571,-48.07,51.847,51.944,169.45,180.76,82.302
131.81,149.5,39.436,-145.9,21.105,88.693,-53.925,52.543,52.696,179.03,190.75,87.747
140.39,160.21,39.863,-155.85,25.048,92.557,-60.171,53.022,53.247,188.18,200.89,93.263
149.16,170.56,40.219,-165.49,29.271,96.238,-66.656,53.253,53.572,196.69,211.01,98.772
158.03,180.49,40.557,-174.83,33.628,99.818,-73.261,53.221,53.645,204.42,220.88,104.2
166.94,189.9,40.913,-183.85,37.999,103.34,-79.924,52.928,53.439,211.33,230.27,109.52
175.78,198.7,41.299,-192.45,42.299,106.81,-86.63,52.384,52.925,217.42,239.05,114.73
184.44,206.75,41.704,-200.51,46.489,110.17,-93.392,51.601,52.077,222.72,247.15,119.88
192.8,213.95,42.103,-207.9,50.557,113.33,-100.22,50.583,50.88,227.31,254.56,125.03
200.72,220.26,42.472,-214.53,54.5,116.25,-107.13,49.323,49.339,231.26,261.31,130.25
208.06,225.74,42.796,-220.39,58.291,118.88,-114.08,47.808,47.483,234.63,267.44,135.58
214.72,230.49,43.072,-225.52,61.876,121.24,-121.05,46.021,45.353,237.51,272.97,141.06
220.6,234.61,43.298,-230,65.173,123.34,-127.98,43.958,42.995,239.95,277.92,146.67
225.69,238.2,43.468,-233.88,68.112,125.2,-134.82,41.628,40.44,242.03,282.32,152.39
230.03,241.32,43.566,-237.24,70.66,126.81,-141.51,39.055,37.709,243.8,286.23,158.16
233.7,244.01,43.568,-240.15,72.839,128.17,-147.96,36.272,34.812,245.31,289.7,163.89
236.81,246.29,43.446,-242.67,74.716,129.25,-154.12,33.312,31.758,246.58,292.79,169.5
239.49,248.19,43.179,-244.85,76.377,130.04,-159.96,30.208,28.553,247.6,295.54,174.88
241.88,249.71,42.753,-246.74,77.911,130.55,-165.54,26.986,25.207,248.37,297.98,179.92
244.09,250.88,42.168,-248.4,79.397,130.75,-170.96,23.674,21.737,248.81,300.09,184.53
246.21,251.68,41.44,-249.84,80.911,130.66,-176.39,20.307,18.174,248.87,301.85,188.68
248.33,252.12,40.596,-251.07,82.529,130.29,-182,16.925,14.571,248.47,303.19,192.33
250.45,252.14,39.674,-252.05,84.336,129.63,-187.95,13.578,11.006,247.53,304.06,195.49
252.5,251.65,38.711,-252.68,86.404,128.66,-194.21,10.322,7.5706,245.94,304.34,198.13
254.24,250.55,37.743,-252.79,88.709,127.37,-200.34,7.218,4.3649,243.58,303.93,200.23
255.2,248.69,36.79,-252.13,91.012,125.71,-205.31,4.3356,1.484,240.29,302.7,201.69
254.73,245.89,35.86,-250.41,92.791,123.65,-207.7,1.7468,-0.98778,235.87,300.47,202.33
252.23,241.96,34.953,-247.29,93.431,121.12,-206.44,-0.47697,-2.9835,230.14,297.08,201.94
247.31,236.7,34.067,-242.47,92.507,118.07,-201.17,-2.2743,-4.462,222.91,292.33,200.25
239.85,229.89,33.215,-235.69,89.873,114.49,-191.92,-3.601,-5.4148,214.16,286.01,197.07
229.93,221.37,32.418,-226.81,85.55,110.4,-178.77,-4.4338,-5.8655,204.02,277.99,192.31
217.73,211,31.701,-215.87,79.652,105.82,-161.87,-4.7715,-5.8602,192.76,268.22,186.05
203.61,198.74,31.075,-203.07,72.396,100.8,-141.84,-4.6348,-5.4519,180.75,256.78,178.52
188.06,184.67,30.538,-188.79,64.111,95.37,-119.86,-4.0668,-4.6873,168.27,243.93,169.97
171.65,169.03,30.075,-173.47,55.187,89.573,-97.201,-3.1326,-3.6031,155.51,230.01,160.61
154.93,152.3,29.666,-157.46,45.992,83.44,-74.755,-1.9144,-2.2358,142.5,215.34,150.59
138.3,135.11,29.301,-141,36.807,77.02,-53.049,-0.50403,-0.6357,129.2,200.21,139.97
122.01,118.15,28.969,-124.19,27.852,70.369,-32.441,1.0027,1.1223,115.49,184.79,128.76
106.19,102.01,28.662,-107.1,19.363,63.542,-13.21,2.5101,2.9404,101.31,169.19,116.97
90.908,86.973,28.355,-89.976,11.649,56.579,4.3946,3.9267,4.7103,86.717,153.48,104.65
76.198,73.063,28.005,-73.443,5.0555,49.502,20.052,5.1709,6.327,72.111,137.67,91.924
62.045,60.083,27.546,-58.32,-0.13814,42.327,33.188,6.177,7.6951,58.187,121.78,78.998
48.354,47.761,26.905,-45.134,-3.9326,35.078,42.926,6.8974,8.7299,45.663,105.79,66.139
35.124,35.899,26.019,-33.827,-6.7494,27.809,48.843,7.2997,9.3597,34.939,89.848,53.628
22.926,24.446,24.862,-23.965,-9.1005,20.622,51.999,7.3615,9.5328,26,74.373,41.724
12.861,13.513,23.455,-15.13,-11.221,13.663,54.001,7.0647,9.2239,18.572,60.06,30.643
5.4423,3.3065,21.863,-7.1119,-13.125,7.097,55.591,6.3951,8.4358,12.312,47.578,20.543
0.1729,-5.9624,20.171,0.11847,-14.775,1.0644,56.759,5.3459,7.1953,6.9206,37.224,11.517
-3.717,-14.155,18.442,6.5142,-16.146,-4.3543,57.321,3.9244,5.5467,2.1873,28.846,3.5809
-6.7608,-21.239,16.687,12.036,-17.219,-9.1576,57.198,2.1554,3.5463,-2.0183,22.046,-3.3207
-9.2326,-27.277,14.87,16.693,-17.987,-13.409,56.43,0.079246,1.2581,-5.7714,16.414,-9.3034
-11.256,-32.387,12.939,20.546,-18.458,-17.2,55.116,-2.255,-1.2526,-9.119,11.637,-14.516
-12.891,-36.695,10.873,23.687,-18.665,-20.601,53.348,-4.7986,-3.9253,-12.097,7.5074,-19.111
-14.191,-40.305,8.7185,26.224,-18.66,-23.642,51.203,-7.5092,-6.7105,-14.736,3.8946,-23.214
-15.219,-43.291,6.5889,28.258,-18.504,-26.307,48.742,-10.35,-9.5703,-17.06,0.71214,-26.901
-16.044,-45.709,4.6276,29.881,-18.263,-28.565,46.024,-13.286,-12.475,-19.084,-2.0978,-30.194
-16.731,-47.618,2.9517,31.17,-17.987,-30.4,43.108,-16.273,-15.393,-20.819,-4.5719,-33.066
-17.319,-49.087,1.6039,32.191,-17.711,-31.838,40.061,-19.256,-18.288,-22.273,-6.7291,-35.469
-17.821,-50.199,0.54315,32.99,-17.444,-32.943,36.955,-22.174,-21.112,-23.464,-8.5768,-37.35
-18.227,-51.033,-0.32432,33.602,-17.183,-33.797,33.867,-24.965,-23.814,-24.414,-10.121,-38.677
-18.519,-51.654,-1.0966,34.044,-16.919,-34.478,30.873,-27.574,-26.348,-25.157,-11.374,-39.44
-18.68,-52.104,-1.8361,34.327,-16.648,-35.039,28.046,-29.962,-28.685,-25.73,-12.361,-39.662
-18.706,-52.403,-2.554,34.458,-16.37,-35.5,25.453,-32.105,-30.816,-26.169,-13.121,-39.394
-18.608,-52.557,-3.2181,34.447,-16.092,-35.858,23.14,-33.997,-32.75,-26.503,-13.694,-38.712
-18.411,-52.572,-3.7782,34.311,-15.823,-36.096,21.129,-35.643,-34.5,-26.748,-14.119,-37.701
-18.151,-52.457,-4.1954,34.076,-15.574,-36.198,19.413,-37.061,-36.083,-26.906,-14.429,-36.442
-17.865,-52.232,-4.4635,33.773,-15.352,-36.164,17.957,-38.279,-37.52,-26.973,-14.651,-34.999
-17.583,-51.928,-4.6107,33.43,-15.153,-36.015,16.709,-39.328,-38.832,-26.945,-14.808,-33.414
-17.326,-51.575,-4.6786,33.072,-14.965,-35.781,15.614,-40.246,-40.037,-26.826,-14.924,-31.71
-17.101,-51.196,-4.6946,32.712,-14.777,-35.49,14.628,-41.072,-41.147,-26.64,-15.024,-29.893
-16.911,-50.8,-4.657,32.358,-14.587,-35.154,13.722,-41.846,-42.165,-26.429,-15.134,-27.961
-16.753,-50.39,-4.5427,32.013,-14.406,-34.775,12.885,-42.601,-43.095,-26.241,-15.277,-25.907
-16.62,-49.967,-4.3323,31.679,-14.244,-34.351,12.126,-43.356,-43.945,-26.118,-15.467,-23.722
-16.502,-49.537,-4.037,31.36,-14.102,-33.894,11.464,-44.109,-44.726,-26.081,-15.701,-21.402
-16.388,-49.117,-3.7103,31.055,-13.963,-33.433,10.923,-44.845,-45.449,-26.13,-15.966,-18.953
-16.26,-48.724,-3.4344,30.764,-13.8,-33.01,10.518,-45.546,-46.124,-26.25,-16.243,-16.392
-16.101,-48.374,-3.2902,30.481,-13.591,-32.666,10.249,-46.202,-46.755,-26.418,-16.521,-13.749
-15.901,-48.071,-3.327,30.202,-13.319,-32.425,10.093,-46.815,-47.338,-26.606,-16.789,-11.057
-15.656,-47.805,-3.546,29.918,-12.984,-32.286,10.02,-47.389,-47.857,-26.786,-17.039,-8.3485
-15.368,-47.552,-3.9008,29.621,-12.596,-32.218,9.9948,-47.924,-48.278,-26.931,-17.261,-5.6519
-15.047,-47.271,-4.3066,29.297,-12.175,-32.162,10.002,-48.396,-48.546,-27.016,-17.44,-2.9891
-14.7,-46.908,-4.6522,28.923,-11.753,-32.042,10.048,-48.751,-48.59,-27.018,-17.563,-0.37989
-14.331,-46.395,-4.8143,28.47,-11.374,-31.773,10.168,-48.906,-48.327,-26.916,-17.616,2.156
-13.936,-45.662,-4.676,27.898,-11.085,-31.273,10.416,-48.753,-47.667,-26.687,-17.587,4.5996
-13.505,-44.639,-4.1509,27.169,-10.92,-30.479,10.865,-48.171,-46.521,-26.308,-17.469,6.9342
-13.025,-43.275,-3.2043,26.247,-10.897,-29.351,11.594,-47.045,-44.813,-25.755,-17.257,9.1447
-12.478,-41.54,-1.8652,25.106,-11.007,-27.884,12.687,-45.285,-42.495,-25.013,-16.947,11.216
-11.853,-39.439,-0.21722,23.74,-11.223,-26.102,14.23,-42.857,-39.554,-24.073,-16.531,13.134
-11.147,-37.003,1.6313,22.162,-11.51,-24.056,16.292,-39.781,-36.015,-22.938,-15.996,14.883
-10.366,-34.288,3.5835,20.403,-11.84,-21.798,18.908,-36.115,-31.935,-21.622,-15.321,16.453
-9.5275,-31.354,5.5773,18.502,-12.197,-19.375,22.074,-31.926,-27.408,-20.142,-14.492,17.841
-8.6495,-28.248,7.5911,16.496,-12.575,-16.812,25.739,-27.288,-22.563,-18.518,-13.504,19.05
-7.75,-24.99,9.6399,14.409,-12.98,-14.102,29.814,-22.292,-17.545,-16.769,-12.372,20.087
-6.8443,-21.563,11.764,12.242,-13.429,-11.206,34.19,-17.047,-12.49,-14.915,-11.131,20.96
-5.9439,-17.915,14.013,9.9826,-13.945,-8.0558,38.742,-11.661,-7.4941,-12.971,-9.8254,21.671
-5.0543,-13.981,16.424,7.6089,-14.546,-4.5784,43.357,-6.2272,-2.6127,-10.954,-8.4945,22.221
-4.1728,-9.703,19.003,5.0995,-15.233,-0.71813,47.928,-0.83118,2.1241,-8.882,-7.1603,22.623
-3.2884,-5.0598,21.713,2.4422,-15.978,3.5388,52.359,4.4478,6.6946,-6.7753,-5.8235,22.9
-2.3853,-0.074293,24.491,-0.36164,-16.738,8.1555,56.547,9.5379,11.075,-4.6659,-4.4727,23.088
-1.4503,5.1863,27.259,-3.2942,-17.461,13.053,60.38,14.381,15.241,-2.5998,-3.099,23.227
-0.48151,10.621,29.948,-6.3179,-18.112,18.129,63.746,18.941,19.167,-0.63413,-1.7056,23.345
0.50573,16.111,32.507,-9.3744,-18.685,23.279,66.544,23.196,22.834,1.174,-0.30766,23.462
1.4786,21.534,34.907,-12.39,-19.196,28.407,68.693,27.138,26.227,2.7836,1.074,23.589
2.3944,26.783,37.133,-15.29,-19.676,33.428,70.145,30.752,29.336,4.1816,2.4196,23.731
3.2129,31.772,39.181,-18.008,-20.151,38.27,70.905,34.016,32.153,5.3844,3.7137,23.889
3.9092,36.44,41.051,-20.499,-20.637,42.867,71.034,36.894,34.672,6.4273,4.9446,24.06
4.4808,40.738,42.743,-22.739,-21.133,47.153,70.645,39.358,36.893,7.349,6.1034,24.236
4.9478,44.626,44.256,-24.717,-21.62,51.064,69.865,41.398,38.824,8.1774,7.183,24.398
5.3485,48.069,45.585,-26.437,-22.063,54.543,68.796,43.029,40.48,8.9227,8.1769,24.519
5.7348,51.047,46.724,-27.922,-22.409,57.548,67.498,44.293,41.874,9.5769,9.076,24.56
6.1668,53.554,47.663,-29.214,-22.602,60.048,65.984,45.239,43.014,10.116,9.8644,24.475
6.708,55.596,48.392,-30.36,-22.602,62.013,64.23,45.911,43.897,10.504,10.517,24.214
7.4165,57.178,48.904,-31.401,-22.406,63.404,62.193,46.327,44.507,10.696,11.005,23.724
8.3301,58.285,49.198,-32.349,-22.058,64.163,59.821,46.485,44.822,10.647,11.297,22.962
9.4433,58.883,49.266,-33.173,-21.644,64.218,57.081,46.366,44.825,10.325,11.373,21.89
10.683,58.904,49.065,-33.799,-21.223,63.491,53.971,45.954,44.517,9.7237,11.225,20.487
11.899,58.265,48.495,-34.116,-20.714,61.923,50.523,45.253,43.918,8.8597,10.849,18.746
12.883,56.877,47.408,-34.007,-19.856,59.493,46.796,44.284,43.069,7.7654,10.243,16.667
13.437,54.674,45.664,-33.379,-18.352,56.228,42.852,43.089,42.018,6.4734,9.3984,14.254
13.448,51.626,43.196,-32.187,-16.115,52.201,38.748,41.716,40.808,5.0103,8.3033,11.515
12.942,47.737,40.042,-30.435,-13.351,47.51,34.549,40.211,39.469,3.3982,6.9526,8.4655
12.06,43.032,36.32,-28.15,-10.397,42.248,30.34,38.61,38.008,1.6572,5.3535,5.1359
10.98,37.546,32.177,-25.359,-7.5298,36.494,26.22,36.934,36.414,-0.1969,3.5251,1.5637
9.8236,31.322,27.739,-22.078,-4.9336,30.299,22.269,35.184,34.663,-2.1597,1.4907,-2.209
8.6156,24.418,23.103,-18.327,-2.76,23.702,18.521,33.348,32.729,-4.2451,-0.73191,-6.1421
7.2814,16.922,18.335,-14.137,-1.1475,16.754,14.962,31.404,30.593,-6.4864,-3.1359,-10.202
5.6919,8.9576,13.482,-9.5708,-0.1567,9.5379,11.547,29.329,28.252,-8.9274,-5.7223,-14.364
3.7259,0.69389,8.5657,-4.7146,0.30067,2.1894,8.2405,27.114,25.718,-11.607,-8.4923,-18.606
1.3287,-7.6568,3.5799,0.32184,0.43873,-5.103,5.0415,24.758,23.016,-14.54,-11.439,-22.903
-1.4603,-15.856,-1.483,5.4182,0.46409,-12.122,1.9959,22.271,20.178,-17.707,-14.54,-27.217
-4.5209,-23.674,-6.5668,10.458,0.45252,-18.664,-0.81571,19.67,17.24,-21.05,-17.758,-31.495
-7.6968,-30.931,-11.504,15.343,0.35468,-24.577,-3.303,16.972,14.237,-24.481,-21.035,-35.674
-10.844,-37.522,-16.062,19.998,0.10004,-29.79,-5.3936,14.199,11.212,-27.888,-24.297,-39.696
-13.85,-43.425,-20.059,24.367,-0.31275,-34.315,-7.0531,11.378,8.2128,-31.152,-27.459,-43.514
-16.634,-48.681,-23.443,28.409,-0.8084,-38.231,-8.2913,8.5463,5.2996,-34.156,-30.442,-47.103
-19.138,-53.367,-26.277,32.094,-1.3082,-41.65,-9.1568,5.7431,2.53,-36.812,-33.185,-50.46
-21.347,-57.561,-28.68,35.408,-1.7932,-44.683,-9.7249,3.0047,-0.056481,-39.083,-35.658,-53.601
-23.288,-61.317,-30.764,38.349,-2.2825,-47.413,-10.085,0.35566,-2.4526,-40.987,-37.861,-56.551
-25.006,-64.658,-32.607,40.924,-2.774,-49.882,-10.333,-2.1936,-4.6816,-42.588,-39.817,-59.341
-26.522,-67.583,-34.259,43.139,-3.2232,-52.103,-10.554,-4.6455,-6.7854,-43.97,-41.56,-61.999
-27.821,-70.08,-35.751,44.996,-3.5682,-54.069,-10.821,-7.015,-8.8122,-45.216,-43.126,-64.546
-28.874,-72.145,-37.104,46.493,-3.7633,-55.773,-11.172,-9.3273,-10.805,-46.392,-44.553,-66.99
-29.656,-73.789,-38.342,47.64,-3.795,-57.216,-11.606,-11.61,-12.787,-47.539,-45.873,-69.329
-30.17,-75.048,-39.48,48.464,-3.6764,-58.414,-12.09,-13.874,-14.749,-48.663,-47.102,-71.546
-30.452,-75.986,-40.531,49.019,-3.4388,-59.397,-12.567,-16.098,-16.64,-49.739,-48.236,-73.613
-30.571,-76.686,-41.494,49.384,-3.128,-60.204,-12.974,-18.21,-18.365,-50.71,-49.243,-75.49
-30.616,-77.242,-42.355,49.648,-2.8013,-60.874,-13.263,-20.107,-19.819,-51.51,-50.083,-77.132
-30.673,-77.735,-43.091,49.892,-2.5155,-61.441,-13.409,-21.692,-20.919,-52.083,-50.725,-78.495
-30.796,-78.229,-43.689,50.171,-2.3083,-61.933,-13.418,-22.913,-21.647,-52.406,-51.164,-79.551
-30.997,-78.757,-44.167,50.503,-2.1823,-62.377,-13.329,-23.79,-22.058,-52.5,-51.44,-80.293
-31.249,-79.326,-44.583,50.874,-2.1026,-62.804,-13.201,-24.397,-22.268,-52.434,-51.624,-80.754
-31.501,-79.932,-45.02,51.256,-2.0117,-63.249,-13.098,-24.836,-22.407,-52.31,-51.814,-81.003
-31.71,-80.573,-45.561,51.631,-1.8574,-63.75,-13.06,-25.202,-22.581,-52.245,-52.107,-81.142
-31.875,-81.267,-46.257,52.008,-1.6204,-64.343,-13.076,-25.546,-22.831,-52.339,-52.585,-81.285
-32.052,-82.057,-47.111,52.435,-1.332,-65.058,-13.043,-25.837,-23.111,-52.659,-53.299,-81.534
-32.343,-83.007,-48.066,52.991,-1.0731,-65.913,-12.768,-25.949,-23.266,-53.228,-54.27,-81.966
-32.88,-84.177,-49.024,53.764,-0.95565,-66.899,-11.998,-25.669,-23.055,-54.031,-55.504,-82.633
-33.77,-85.588,-49.865,54.81,-1.0861,-67.976,-10.472,-24.736,-22.201,-55.027,-56.991,-83.566
-35.025,-87.2,-50.499,56.117,-1.5166,-69.075,-7.91,-22.893,-20.451,-56.15,-58.708,-84.777
-36.496,-88.898,-50.903,57.571,-2.194,-70.124,-4.5068,-19.981,-17.674,-57.296,-60.592,-86.238
-37.879,-90.5,-51.156,58.952,-2.918,-71.057,-4.7962,-16.046,-13.958,-58.296,-62.514,-87.845
-38.783,-91.782,-51.427,59.969,-3.3254,-71.823,-13.447,-11.499,-9.7205,-58.891,-64.26,-89.386
-38.824,-92.48,-51.925,60.3,-2.942,-72.356,-19.476,-7.5979,-6.1347,-58.717,-65.516,-90.502
-37.681,-92.288,-52.759,59.635,-1.3506,-72.525,-19.122,-9.251,-7.865,-57.291,-65.872,-90.694
-35.414,-90.847,-53.784,57.768,1.6084,-72.064,-12.379,-28.129,-26.596,-54.075,-64.858,-89.384
-35.476,-87.891,-54.498,55.137,5.6055,-70.51,2.3936,-36.724,-35.471,-49.22,-62.244,-86.096
-54.566,-84.441,-54.063,56.191,5.831,-67.323,26.992,-28.633,-27.457,-50.263,-60.345,-80.89
-77.405,-91.753,-51.42,83.099,1.0267,-63.741,62.267,-16.474,-15.524,-92.893,-82.284,-76.494
-90.255,-151.68,-50.177,124.93,-4.8243,-82.078,106.94,-0.9609,-0.41544,-113.43,-125.06,-96.375
-97.824,-181.49,-75.167,135.23,-13.117,-128.94,156.83,18.74,18.814,-118.62,-138.62,-141.74
-95.937,-179.87,-73.572,133.26,-19.819,-128.86,206.1,44.611,44.399,-118.02,-145.72,-153.13
-79.791,-168.25,-76.274,118.75,-13.228,-125.01,250.07,79.789,79.839,-107.73,-143.23,-155.1
-45.827,-144.35,-85.378,88.53,6.5765,-118.49,286.79,128.15,128.88,-83.31,-126.8,-145.98
6.7827,-104.33,-98.434,40.64,39.296,-105.91,316.8,190.87,191.71,-40.265,-91.977,-121.51
74.918,-43.01,-107.23,-25.292,78.336,-80.234,344,265.87,266.37,26.179,-34.098,-76.768
151.61,46.047,-97.905,-108.66,113.95,-31.167,375,354.43,354.93,120.66,51.958,-6.1122
227.69,170.11,-54.085,-208.62,133.67,53.123,415.67,458.45,459.37,246.42,171.25,97.116
294.34,335.08,38.829,-323.9,124.74,183.15,468.21,577.67,579.26,403.83,326.77,237.99
345.27,541.17,188.9,-451.42,79.116,363.31,529.67,710.76,712.92,591.93,517.06,415.67
376.69,779.78,392.85,-585.28,-3.8462,586.51,592.87,855.82,858.25,807.39,735.25,622.1
387.53,1032.6,632.57,-716.36,-116.55,834.21,648.94,1009.6,1011.9,1043.4,969.33,842.84
381,1272.8,879.06,-832.71,-243.07,1078.2,689.18,1165.8,1167.6,1288.2,1202,1057.3
363.47,1468.6,1096.2,-921.17,-361.73,1284.4,706,1313.9,1314.8,1523.9,1410.8,1241.1
341.71,1590.7,1247.9,-970.06,-451.09,1420.4,693.62,1437.8,1437.6,1725.8,1570.8,1369.6
319.99,1619.3,1307.8,-971.93,-496.02,1463.4,649.13,1517.2,1516,1865.7,1658.1,1423.1
297.75,1550.5,1268.9,-925.22,-491.68,1408.3,574.94,1531.5,1529.6,1916.7,1656.1,1391.6
268.9,1398.1,1148.5,-834.19,-447.49,1270.9,481.21,1465.8,1463.5,1860.1,1558.9,1278
224.08,1188.9,983.21,-707.49,-386.55,1083.2,383.48,1316.2,1313.9,1691.7,1373.9,1097.6
155.04,954.77,814.66,-556.55,-335.52,881.7,296.25,1093,1090.9,1424.8,1121.2,874.12
59.691,724.41,675.32,-394.45,-312.85,697.04,227.37,819.9,818.42,1090.8,831.29,635.48
-54.552,518.47,579.89,-235.3,-322.51,546.68,175.79,530.07,529.48,734.25,539.61,408.5
-171.51,347.7,523.95,-92.292,-354.26,433.53,132.86,257.9,258.14,401.99,279.72,214.62
-271.64,212.65,488.88,25.67,-388.86,348.34,86.641,30.059,30.707,130.66,74.937,65.882
-339.39,105.63,450.77,115.06,-405.59,275.83,27.976,-140.8,-140.24,-62.824,-68.162,-37.213
-368.12,15.404,391.98,174.82,-391.04,202.21,-44.744,-256.19,-255.9,-183.52,-154.91,-103.44
-360.33,-65.966,307.33,208.64,-344.41,120.8,-124.5,-325.93,-325.77,-239.3,-196.54,-143.99
-324.61,-138.39,202.91,223.05,-273.68,32.778,-198.66,-360.86,-360.5,-255.59,-211.54,-167.94
-271.71,-196.75,91.861,223.89,-190.88,-54.279,-253.88,-368.76,-367.8,-254.52,-213.83,-181.32
-212.03,-237.8,-12.373,215.36,-109.46,-128.78,-281.7,-356.05,-354.18,-246.95,-210.89,-187.66
-155.22,-260.89,-96.406,197.38,-39.548,-182.67,-282.31,-332.22,-329.86,-236.69,-205.76,-188.19
-107.04,-251.46,-151.77,153.5,13.455,-213.43,-261.84,-304.31,-302.26,-224.56,-198.93,-155.65
-69.341,-182.34,-181.4,114.95,48.478,-220.71,-227.76,-271.67,-270.25,-209.53,-181.12,-111.84
-43.334,-133.62,-189.54,97.802,66.527,-198.58,-186.18,-231.93,-230.93,-174.52,-141.58,-105.44
-28.017,-116.03,-180.16,86.757,70.001,-146.75,-142.32,-184.59,-183.64,-135.45,-119.84,-103.89
-19.776,-107.75,-158.04,77.875,62.231,-103.62,-104.05,-139.03,-137.85,-113.57,-106.51,-101.09
-16.16,-101.65,-127.98,70.219,47.22,-85.488,-74.107,-106.22,-105.09,-99.906,-96,-96.88
-16.002,-96.217,-88.882,63.449,29.736,-78.691,-48.611,-83.838,-82.905,-88.782,-86.597,-91.834
-19.342,-91.365,-60.95,57.553,14.329,-74.979,-31.133,-68.825,-68.063,-79.085,-77.978,-86.47
-21.278,-87.076,-53.052,52.572,4.1703,-72.162,-21.919,-60.229,-59.543,-71.236,-70.338,-81.135
-18.334,-83.17,-49.98,48.424,4.3513,-69.853,-17.731,-57.091,-56.423,-65.391,-63.875,-76.035
-15.494,-79.422,-49.5,44.963,4.7775,-67.734,-16.196,-57.711,-57.088,-60.932,-58.511,-71.281
-13.591,-75.75,-50.108,42.076,4.983,-65.419,-15.857,-59.479,-58.917,-57.11,-53.939,-66.921
-12.39,-72.254,-50.043,39.697,5.1237,-62.754,-14.8,-58.574,-58.051,-53.526,-49.848,-62.978
-11.607,-69.118,-48.482,37.776,4.9489,-59.922,-12.764,-55.293,-54.797,-50.114,-46.099,-59.479
-11.036,-66.477,-45.947,36.247,4.4178,-57.253,-10.599,-51.591,-51.111,-46.99,-42.743,-56.464
-10.54,-64.358,-43.287,35.021,3.7601,-54.988,-8.7707,-48.317,-47.892,-44.313,-39.913,-53.968
-10.029,-62.694,-41,33.999,3.1948,-53.206,-7.5153,-45.805,-45.504,-42.192,-37.702,-51.982
-9.461,-61.358,-39.247,33.089,2.8215,-51.847,-6.8537,-44.078,-43.979,-40.644,-36.104,-50.431
-8.8263,-60.211,-37.974,32.22,2.6353,-50.783,-6.6338,-42.945,-43.107,-39.583,-35.004,-49.174
-8.1403,-59.134,-37.021,31.345,2.5815,-49.873,-6.6362,-42.122,-42.582,-38.844,-34.213,-48.034
-7.4266,-58.043,-36.21,30.436,2.597,-49,-6.6663,-41.343,-42.113,-38.227,-33.518,-46.85
-6.7048,-56.881,-35.392,29.472,2.6233,-48.084,-6.5991,-40.411,-41.496,-37.538,-32.727,-45.51
-5.9829,-55.61,-34.449,28.434,2.6163,-47.068,-6.3846,-39.218,-40.626,-36.628,-31.71,-43.965
-5.2573,-54.196,-33.291,27.3,2.5458,-45.911,-6.0342,-37.748,-39.496,-35.411,-30.41,-42.225
-4.5158,-52.607,-31.855,26.045,2.396,-44.584,-5.6085,-36.057,-38.163,-33.871,-28.831,-40.342
-3.7461,-50.827,-30.117,24.655,2.1647,-43.075,-5.1808,-34.24,-36.713,-32.057,-27.028,-38.391
-2.9425,-48.849,-28.092,23.126,1.8595,-41.388,-4.8203,-32.389,-35.213,-30.053,-25.07,-36.451
-2.1089,-46.687,-25.831,21.471,1.4932,-39.541,-4.5656,-30.552,-33.681,-27.94,-23.018,-34.59
-1.2551,-44.365,-23.402,19.715,1.081,-37.561,-4.4319,-28.722,-32.08,-25.775,-20.904,-32.845
-0.3926,-41.911,-20.872,17.882,0.63804,-35.477,-4.4061,-26.843,-30.339,-23.566,-18.725,-31.207
0.47421,-39.352,-18.302,15.989,0.18006,-33.311,-4.4573,-24.842,-28.381,-21.288,-16.447,-29.63
1.352,-36.703,-15.742,14.042,-0.27575,-31.084,-4.5511,-22.659,-26.154,-18.896,-14.022,-28.044
2.2626,-33.967,-13.224,12.029,-0.70789,-28.809,-4.6624,-20.281,-23.654,-16.351,-11.399,-26.376
3.2392,-31.129,-10.772,9.9226,-1.0893,-26.491,-4.7803,-17.738,-20.921,-13.635,-8.5294,-24.57
4.3196,-28.157,-8.3969,7.692,-1.3909,-24.128,-4.9066,-15.089,-18.023,-10.755,-5.3689,-22.587
5.5374,-25.014,-6.1048,5.3081,-1.5905,-21.71,-5.0504,-12.395,-15.025,-7.7327,-1.8834,-20.401
6.9127,-21.665,-3.8914,2.7549,-1.684,-19.223,-5.2235,-9.7,-11.972,-4.5948,1.9501,-18.004
8.4466,-18.082,-1.7387,0.033574,-1.6904,-16.638,-5.4377,-7.0203,-8.8902,-1.3591,6.1456,-15.403
10.122,-14.247,0.38484,-2.84,-1.6433,-13.921,-5.7034,-4.3469,-5.7885,1.9754,10.721,-12.614
11.914,-10.152,2.5133,-5.8434,-1.5734,-11.033,-6.0304,-1.657,-2.6709,5.436,15.715,-9.6546
13.812,-5.7941,4.666,-8.9569,-1.4909,-7.9462,-6.4311,1.0705,0.45555,9.0813,21.211,-6.526
15.834,-1.1817,6.8355,-12.171,-1.3784,-4.6527,-6.9253,3.8412,3.5743,13.002,27.338,-3.2017
18.045,3.6716,8.989,-15.489,-1.1963,-1.1642,-7.5415,6.6413,6.6598,17.318,34.269,0.37408
20.55,8.7485,11.081,-18.928,-0.89935,2.4942,-8.3098,9.4429,9.6843,22.173,42.189,4.2771
23.48,14.029,13.067,-22.507,-0.45673,6.2947,-9.249,12.216,12.625,27.727,51.225,8.5853
26.973,19.494,14.921,-26.253,0.13386,10.215,-10.355,14.937,15.468,34.136,61.37,13.36
31.148,25.127,16.635,-30.192,0.84602,14.244,-11.602,17.594,18.208,41.519,72.436,18.635
36.078,30.917,18.225,-34.363,1.636,18.381,-12.951,20.182,20.844,49.915,84.084,24.414
41.724,36.866,19.722,-38.814,2.4573,22.639,-14.369,22.705,23.373,59.245,95.935,30.687
47.936,42.984,21.17,-43.606,3.2716,27.04,-15.837,25.167,25.792,69.298,107.68,37.435
54.492,49.298,22.613,-48.811,4.0561,31.603,-17.357,27.571,28.096,79.776,119.16,44.636
61.194,55.849,24.083,-54.515,4.8101,36.338,-18.95,29.917,30.282,90.372,130.34,52.268
67.935,62.688,25.591,-60.814,5.5593,41.226,-20.658,32.2,32.352,100.86,141.27,60.298
74.712,69.868,27.119,-67.803,6.3551,46.218,-22.55,34.414,34.316,111.13,152.08,68.674
81.58,77.439,28.628,-75.556,7.2666,51.243,-24.726,36.547,36.194,121.2,162.89,77.333
88.608,85.45,30.072,-84.097,8.373,56.232,-27.31,38.587,38.005,131.13,173.77,86.191
95.84,93.954,31.415,-93.384,9.7708,61.131,-30.439,40.524,39.765,141,184.69,95.151
103.33,103,32.63,-103.3,11.593,65.91,-34.24,42.357,41.479,150.86,195.58,104.12
111.11,112.63,33.703,-113.65,14.005,70.549,-38.789,44.087,43.141,160.71,206.33,113
119.22,122.83,34.622,-124.25,17.134,75.035,-44.086,45.716,44.731,170.47,216.79,121.73
127.65,133.51,35.388,-134.88,20.948,79.365,-50.029,47.231,46.226,180.02,226.83,130.28
136.36,144.52,36.02,-145.4,25.219,83.56,-56.433,48.607,47.594,189.17,236.33,138.61
145.23,155.65,36.559,-155.69,29.656,87.663,-63.074,49.804,48.806,197.73,245.16,146.7
154.14,166.65,37.061,-165.65,34.033,91.724,-69.75,50.782,49.831,205.5,253.26,154.52
162.95,177.28,37.579,-175.22,38.213,95.772,-76.328,51.508,50.647,212.38,260.59,162.02
171.56,187.3,38.143,-184.31,42.139,99.799,-82.757,51.958,51.233,218.34,267.16,169.19
179.88,196.55,38.759,-192.81,45.82,103.75,-89.055,52.118,51.569,223.44,273.05,175.99
187.85,204.88,39.409,-200.65,49.313,107.56,-95.285,51.983,51.636,227.82,278.32,182.44
195.41,212.27,40.063,-207.75,52.686,111.13,-101.53,51.552,51.417,231.57,283.06,188.56
202.54,218.73,40.688,-214.1,55.992,114.4,-107.89,50.83,50.898,234.81,287.32,194.37
209.22,224.34,41.258,-219.75,59.259,117.35,-114.42,49.827,50.071,237.6,291.13,199.86
215.41,229.2,41.752,-224.75,62.491,119.94,-121.17,48.552,48.937,240,294.5,205.01
221.09,233.41,42.161,-229.18,65.654,122.21,-128.09,47.012,47.501,242.05,297.43,209.79
226.21,237.08,42.486,-233.11,68.677,124.19,-135.07,45.215,45.77,243.79,299.94,214.14
230.74,240.32,42.744,-236.6,71.463,125.92,-141.96,43.174,43.756,245.23,302.06,218.04
234.68,243.19,42.953,-239.71,73.92,127.46,-148.6,40.908,41.48,246.41,303.84,221.45
238.04,245.76,43.132,-242.48,76.004,128.84,-154.87,38.448,38.972,247.35,305.33,224.37
240.92,248.04,43.283,-244.93,77.724,130.06,-160.74,35.832,36.275,248.05,306.58,226.78
243.38,250.03,43.386,-247.09,79.138,131.08,-166.25,33.098,33.435,248.52,307.65,228.68
245.52,251.69,43.411,-248.97,80.328,131.87,-171.5,30.286,30.504,248.72,308.54,230.06
247.44,252.99,43.325,-250.58,81.395,132.37,-176.66,27.438,27.532,248.6,309.23,230.92
249.24,253.88,43.1,-251.92,82.453,132.56,-181.92,24.597,24.569,248.06,309.64,231.21
251.01,254.33,42.72,-252.98,83.645,132.41,-187.5,21.814,21.665,246.99,309.67,230.88
252.76,254.26,42.187,-253.71,85.136,131.9,-193.52,19.141,18.868,245.28,309.15,229.86
254.37,253.6,41.529,-254,87.068,131.03,-199.76,16.635,16.228,242.81,307.93,228.04
255.49,252.25,40.796,-253.64,89.387,129.79,-205.39,14.362,13.793,239.5,305.84,225.32
255.47,250.09,40.05,-252.38,91.542,128.18,-208.91,12.387,11.613,235.25,302.72,221.58
253.56,247.02,39.35,-249.91,92.455,126.2,-208.96,10.769,9.7417,229.91,298.43,216.72
249.2,242.87,38.73,-245.91,91.221,123.83,-204.95,9.5471,8.2282,223.34,292.8,210.68
242.22,237.48,38.197,-240.13,87.719,121.04,-196.89,8.7292,7.1171,215.44,285.69,203.45
232.79,230.66,37.739,-232.39,82.336,117.76,-184.94,8.2911,6.4387,206.22,276.92,195.05
221.2,222.19,37.329,-222.68,75.528,113.97,-169.25,8.1902,6.203,195.84,266.43,185.6
207.82,211.88,36.944,-211.1,67.676,109.61,-150.22,8.3834,6.3964,184.6,254.26,175.23
193.02,199.62,36.572,-197.9,59.087,104.69,-128.79,8.8429,6.9855,172.8,240.67,164.09
177.19,185.42,36.215,-183.38,50.023,99.252,-106.24,9.5575,7.9218,160.67,226.04,152.29
160.74,169.51,35.88,-167.86,40.74,93.394,-83.695,10.523,9.1483,148.33,210.75,139.96
144.09,152.43,35.58,-151.64,31.538,87.218,-61.793,11.725,10.604,135.76,195.11,127.15
127.59,134.92,35.317,-134.91,22.758,80.826,-40.877,13.123,12.225,122.87,179.31,113.97
111.5,117.78,35.085,-117.83,14.723,74.295,-21.204,14.654,13.952,109.57,163.47,100.54
95.984,101.63,34.862,-100.59,7.6415,67.665,-3.0477,16.233,15.725,95.858,147.65,87.059
81.09,86.771,34.609,-83.652,1.5992,60.946,13.216,17.772,17.483,82.011,131.89,73.79
66.789,73.153,34.275,-67.732,-3.3611,54.137,26.858,19.187,19.163,68.589,116.16,61.031
52.959,60.548,33.806,-53.545,-7.2699,47.242,36.651,20.407,20.698,56.211,100.48,49.04
39.489,48.679,33.156,-41.364,-10.374,40.289,41.847,21.37,22.021,45.265,85.047,37.995
26.727,37.35,32.298,-30.943,-13.001,33.335,43.84,22.032,23.07,35.822,70.36,27.985
15.82,26.504,31.225,-21.829,-15.271,26.466,44.885,22.361,23.793,27.745,57.064,19.02
7.697,16.206,29.957,-13.672,-17.172,19.786,45.898,22.341,24.154,20.826,45.638,11.057
2.0427,6.5911,28.521,-6.3155,-18.705,13.397,46.764,21.972,24.132,14.864,36.194,4.0307
-2.026,-2.2027,26.943,0.27066,-19.908,7.3886,47.202,21.279,23.729,9.6944,28.518,-2.1251
-5.1739,-10.083,25.241,6.0805,-20.824,1.8251,47.065,20.309,22.974,5.1843,22.249,-7.4687
-7.7508,-17.022,23.426,11.128,-21.489,-3.2586,46.348,19.126,21.913,1.2306,17.044,-12.054
-9.9228,-23.053,21.513,15.459,-21.936,-7.8532,45.112,17.806,20.613,-2.2536,12.648,-15.942
-11.769,-28.24,19.526,19.137,-22.196,-11.965,43.435,16.421,19.147,-5.3446,8.8985,-19.206
-13.324,-32.653,17.504,22.225,-22.297,-15.607,41.395,15.032,17.592,-8.1073,5.6953,-21.933
-14.6,-36.353,15.485,24.771,-22.256,-18.796,39.069,13.679,16.015,-10.589,2.961,-24.22
-15.596,-39.395,13.505,26.817,-22.084,-21.552,36.535,12.391,14.478,-12.819,0.62253,-26.153
-16.317,-41.841,11.589,28.407,-21.784,-23.902,33.866,11.19,13.03,-14.806,-1.3937,-27.799
-16.782,-43.762,9.754,29.594,-21.361,-25.883,31.128,10.098,11.711,-16.549,-3.1552,-29.202
-17.027,-45.244,8.0058,30.443,-20.828,-27.543,28.378,9.1439,10.549,-18.042,-4.7168,-30.378
-17.099,-46.377,6.3441,31.024,-20.207,-28.931,25.668,8.3574,9.5619,-19.281,-6.1181,-31.33
-17.047,-47.249,4.7632,31.401,-19.526,-30.104,23.056,7.7656,8.7593,-20.272,-7.3828,-32.053
-16.912,-47.935,3.2581,31.634,-18.812,-31.11,20.605,7.3869,8.1453,-21.033,-8.5193,-32.542
-16.725,-48.49,1.8354,31.767,-18.091,-31.987,18.383,7.2281,7.7208,-21.593,-9.5242,-32.805
-16.509,-48.936,0.52626,31.827,-17.386,-32.744,16.449,7.2844,7.484,-21.986,-10.388,-32.861
-16.279,-49.259,-0.60892,31.823,-16.727,-33.359,14.832,7.5408,7.4296,-22.247,-11.102,-32.744
-16.046,-49.419,-1.4917,31.745,-16.15,-33.782,13.528,7.9716,7.546,-22.403,-11.666,-32.499
-15.819,-49.372,-2.0547,31.577,-15.693,-33.965,12.507,8.5406,7.8145,-22.479,-12.084,-32.173
-15.603,-49.095,-2.2754,31.308,-15.383,-33.883,11.728,9.2033,8.2113,-22.498,-12.364,-31.805
-15.402,-48.604,-2.1922,30.942,-15.223,-33.556,11.157,9.9124,8.7109,-22.479,-12.516,-31.422
-15.218,-47.96,-1.8927,30.505,-15.194,-33.041,10.766,10.623,9.2871,-22.438,-12.553,-31.036
-15.057,-47.246,-1.481,30.038,-15.255,-32.422,10.524,11.294,9.9112,-22.385,-12.497,-30.644
-14.924,-46.547,-1.0436,29.581,-15.36,-31.783,10.389,11.891,10.549,-22.325,-12.38,-30.244
-14.826,-45.924,-0.62995,29.169,-15.478,-31.185,10.311,12.386,11.164,-22.263,-12.239,-29.832
-14.767,-45.403,-0.25251,28.816,-15.594,-30.656,10.24,12.757,11.721,-22.204,-12.115,-29.414
-14.753,-44.982,0.098278,28.525,-15.713,-30.195,10.142,12.995,12.199,-22.159,-12.048,-29
-14.787,-44.645,0.43333,28.293,-15.845,-29.789,10,13.099,12.58,-22.137,-12.067,-28.601
-14.871,-44.383,0.74799,28.12,-15.995,-29.432,9.8156,13.078,12.859,-22.143,-12.181,-28.22
-15.001,-44.199,1.0162,28.011,-16.151,-29.135,9.6014,12.952,13.032,-22.169,-12.382,-27.855
-15.165,-44.101,1.198,27.968,-16.288,-28.917,9.3745,12.745,13.1,-22.202,-12.645,-27.496
-15.346,-44.092,1.2561,27.986,-16.369,-28.798,9.1468,12.483,13.07,-22.225,-12.941,-27.135
-15.516,-44.158,1.1726,28.049,-16.359,-28.781,8.9213,12.191,12.955,-22.23,-13.245,-26.767
-15.643,-44.263,0.95761,28.126,-16.232,-28.843,8.6928,11.887,12.768,-22.211,-13.543,-26.397
-15.697,-44.356,0.64724,28.177,-15.978,-28.944,8.4557,11.582,12.53,-22.171,-13.83,-26.035
-15.653,-44.385,0.29005,28.166,-15.604,-29.031,8.2133,11.284,12.261,-22.106,-14.103,-25.697
-15.497,-44.308,-0.07061,28.06,-15.133,-29.058,7.9874,10.996,11.985,-22.01,-14.359,-25.394
-15.228,-44.101,-0.40837,27.835,-14.592,-28.996,7.8228,10.726,11.731,-21.867,-14.588,-25.127
-14.85,-43.748,-0.70938,27.474,-14.008,-28.832,7.7832,10.49,11.534,-21.654,-14.769,-24.879
-14.37,-43.223,-0.95183,26.958,-13.403,-28.557,7.9378,10.319,11.434,-21.343,-14.872,-24.622
-13.793,-42.479,-1.0852,26.264,-12.799,-28.14,8.3423,10.256,11.465,-20.906,-14.858,-24.315
-13.123,-41.442,-1.0291,25.364,-12.228,-27.519,9.025,10.351,11.645,-20.314,-14.687,-23.917
-12.365,-40.035,-0.69756,24.233,-11.727,-26.615,9.9855,10.649,11.977,-19.549,-14.321,-23.391
-11.528,-38.212,-0.031517,22.861,-11.332,-25.369,11.211,11.177,12.45,-18.598,-13.73,-22.711
-10.632,-35.983,0.98171,21.266,-11.066,-23.767,12.701,11.942,13.055,-17.463,-12.905,-21.862
-9.7069,-33.411,2.3117,19.493,-10.941,-21.844,14.481,12.939,13.797,-16.15,-11.855,-20.836
-8.7865,-30.59,3.9027,17.601,-10.961,-19.663,16.606,14.152,14.693,-14.673,-10.604,-19.633
-7.8957,-27.598,5.6955,15.642,-11.123,-17.278,19.136,15.562,15.765,-13.053,-9.1901,-18.257
-7.0433,-24.469,7.6475,13.637,-11.423,-14.709,22.111,17.146,17.03,-11.321,-7.6514,-16.722
-6.2205,-21.17,9.7465,11.57,-11.852,-11.925,25.525,18.879,18.49,-9.5176,-6.0207,-15.047
-5.4087,-17.618,12.01,9.3946,-12.406,-8.8533,29.318,20.737,20.131,-7.6902,-4.3216,-13.26
-4.5913,-13.71,14.467,7.0579,-13.081,-5.4022,33.39,22.695,21.921,-5.8785,-2.5665,-11.382
-3.7621,-9.3737,17.129,4.5288,-13.869,-1.504,37.612,24.729,23.818,-4.1039,-0.75912,-9.4269
-2.9279,-4.6044,19.969,1.815,-14.751,2.8527,41.842,26.806,25.769,-2.3643,1.0993,-7.3963
-2.1039,0.52341,22.922,-1.0365,-15.689,7.6088,45.929,28.883,27.719,-0.643,3.0005,-5.2884
-1.3054,5.879,25.898,-3.9557,-16.637,12.653,49.733,30.907,29.608,1.0727,4.921,-3.1058
-0.54298,11.316,28.813,-6.8706,-17.551,17.854,53.128,32.815,31.379,2.775,6.8206,-0.86252
0.17916,16.711,31.599,-9.7236,-18.407,23.098,56.018,34.543,32.976,4.431,8.6469,1.4135
0.85867,21.975,34.216,-12.476,-19.203,28.296,58.338,36.038,34.355,5.9934,10.347,3.6858
1.4899,27.052,36.642,-15.103,-19.952,33.384,60.066,37.26,35.485,7.4167,11.881,5.9185
2.0619,31.901,38.87,-17.587,-20.673,38.299,61.223,38.186,36.353,8.6698,13.231,8.0837
2.562,36.482,40.901,-19.907,-21.378,42.977,61.86,38.809,36.958,9.7356,14.403,10.161
2.9854,40.746,42.738,-22.044,-22.066,47.344,62.046,39.13,37.31,10.603,15.416,12.128
3.3452,44.643,44.385,-23.981,-22.718,51.333,61.837,39.156,37.421,11.262,16.287,13.953
3.6793,48.124,45.839,-25.713,-23.29,54.882,61.266,38.897,37.296,11.696,17.018,15.592
4.0507,51.152,47.087,-27.255,-23.717,57.943,60.329,38.356,36.931,11.892,17.59,16.998
4.5394,53.696,48.105,-28.64,-23.93,60.466,58.999,37.537,36.311,11.841,17.967,18.124
5.2255,55.727,48.872,-29.9,-23.9,62.386,57.234,36.433,35.418,11.538,18.104,18.938
6.1657,57.211,49.389,-31.045,-23.675,63.619,54.999,35.036,34.234,10.986,17.966,19.421
7.3628,58.101,49.676,-32.041,-23.399,64.069,52.29,33.335,32.751,10.197,17.54,19.561
8.7376,58.331,49.735,-32.8,-23.251,63.638,49.139,31.328,30.971,9.1885,16.842,19.357
10.117,57.816,49.485,-33.201,-23.244,62.248,45.613,29.025,28.909,7.9875,15.907,18.807
11.262,56.466,48.73,-33.116,-23.049,59.862,41.781,26.452,26.587,6.6164,14.772,17.909
11.946,54.209,47.216,-32.455,-22.111,56.5,37.708,23.646,24.034,5.0868,13.464,16.656
12.05,51.014,44.753,-31.192,-20.048,52.236,33.463,20.654,21.281,3.3955,11.995,15.047
11.622,46.901,41.316,-29.355,-16.924,47.187,29.136,17.526,18.363,1.5312,10.369,13.098
10.836,41.932,37.034,-26.997,-13.16,41.497,24.845,14.312,15.313,-0.51162,8.5837,10.848
9.8849,36.191,32.128,-24.161,-9.249,35.307,20.713,11.052,12.15,-2.7211,6.6379,8.3595
8.8819,29.765,26.829,-20.87,-5.5796,28.739,16.832,7.7601,8.8752,-5.0703,4.5276,5.7008
7.8193,22.734,21.337,-17.138,-2.4372,21.877,13.236,4.4234,5.4668,-7.5316,2.2463,2.9291
6.5994,15.174,15.802,-12.984,-0.039094,14.768,9.8961,0.99274,1.8768,-10.095,-0.21542,0.072946
5.0976,7.1618,10.323,-8.4467,1.4943,7.4524,6.7469,-2.6107,-1.9622,-12.776,-2.8701,-2.8723
3.2223,-1.1931,4.9197,-3.5975,2.2186,-0.0074644,3.7246,-6.4802,-6.1226,-15.603,-5.7296,-5.9325
0.94945,-9.7248,-0.48699,1.4629,2.3979,-7.4889,0.80447,-10.698,-10.659,-18.599,-8.7969,-9.1325
-1.6732,-18.202,-6.0384,6.6091,2.3835,-14.801,-1.9812,-15.301,-15.574,-21.757,-12.054,-12.473
-4.5458,-26.354,-11.78,11.708,2.3869,-21.708,-4.5534,-20.243,-20.786,-25.03,-15.45,-15.918
-7.5475,-33.922,-17.477,16.639,2.3839,-27.983,-6.8192,-25.364,-26.106,-28.335,-18.896,-19.396
-10.567,-40.723,-22.655,21.309,2.2469,-33.467,-8.7079,-30.402,-31.261,-31.569,-22.279,-22.813
-13.513,-46.681,-26.906,25.653,1.9089,-38.103,-10.191,-35.059,-35.971,-34.632,-25.48,-26.072
-16.311,-51.829,-30.123,29.631,1.4183,-41.946,-11.283,-39.095,-40.035,-37.452,-28.412,-29.086
-18.885,-56.27,-32.471,33.219,0.87444,-45.132,-12.034,-42.408,-43.382,-40,-31.033,-31.794
-21.18,-60.13,-34.239,36.402,0.33317,-47.833,-12.513,-45.035,-46.056,-42.285,-33.353,-34.169
-23.172,-63.522,-35.709,39.181,-0.19236,-50.209,-12.802,-47.109,-48.182,-44.35,-35.416,-36.215
-24.859,-66.519,-37.092,41.564,-0.66401,-52.373,-12.983,-48.809,-49.914,-46.246,-37.285,-37.964
-26.235,-69.154,-38.497,43.566,-1.0069,-54.38,-13.129,-50.303,-51.408,-48.018,-39.022,-39.466
-27.295,-71.434,-39.939,45.207,-1.1636,-56.233,-13.288,-51.722,-52.789,-49.689,-40.675,-40.774
-28.051,-73.358,-41.37,46.508,-1.1325,-57.908,-13.491,-53.143,-54.14,-51.262,-42.273,-41.941
-28.539,-74.931,-42.723,47.501,-0.95549,-59.375,-13.748,-54.585,-55.497,-52.725,-43.817,-43.008
-28.816,-76.174,-43.937,48.225,-0.68656,-60.619,-14.055,-56.022,-56.851,-54.057,-45.288,-44.005
-28.948,-77.125,-44.981,48.732,-0.37245,-61.639,-14.395,-57.401,-58.162,-55.241,-46.649,-44.951
-29,-77.836,-45.842,49.082,-0.04959,-62.451,-14.739,-58.657,-59.376,-56.262,-47.86,-45.843
-29.034,-78.364,-46.52,49.335,0.25051,-63.078,-15.043,-59.74,-60.443,-57.12,-48.892,-46.663
-29.103,-78.767,-47.008,49.549,0.4957,-63.539,-15.263,-60.62,-61.331,-57.819,-49.737,-47.384
-29.248,-79.091,-47.298,49.765,0.65445,-63.852,-15.369,-61.303,-62.033,-58.378,-50.408,-47.972
-29.485,-79.38,-47.389,50.01,0.70634,-64.042,-15.357,-61.826,-62.574,-58.824,-50.936,-48.411
-29.801,-79.667,-47.322,50.29,0.65656,-64.149,-15.258,-62.254,-63.004,-59.19,-51.362,-48.702
-30.157,-79.986,-47.187,50.599,0.54251,-64.234,-15.125,-62.663,-63.39,-59.513,-51.732,-48.876
-30.503,-80.372,-47.113,50.927,0.42383,-64.373,-15.018,-63.124,-63.799,-59.833,-52.1,-48.984
-30.805,-80.858,-47.228,51.277,0.35812,-64.637,-14.97,-63.676,-64.28,-60.186,-52.528,-49.1
-31.065,-81.475,-47.609,51.669,0.37322,-65.08,-14.954,-64.312,-64.843,-60.608,-53.08,-49.31
-31.336,-82.253,-48.243,52.142,0.44534,-65.715,-14.856,-64.975,-65.453,-61.127,-53.822,-49.701
-31.715,-83.209,-49.024,52.752,0.49329,-66.516,-14.481,-65.568,-66.027,-61.77,-54.81,-50.358
-32.322,-84.342,-49.788,53.551,0.39785,-67.414,-13.612,-65.969,-66.452,-62.558,-56.086,-51.351
-33.253,-85.62,-50.373,54.565,0.042065,-68.321,-12.069,-66.055,-66.592,-63.503,-57.671,-52.725
-34.512,-86.98,-50.669,55.764,-0.6412,-69.146,-9.6918,-65.691,-66.296,-64.576,-59.548,-54.479
-35.954,-88.316,-50.66,57.041,-1.6166,-69.825,-6.5453,-64.74,-65.402,-65.688,-61.63,-56.555
-37.289,-89.482,-50.441,58.199,-2.6835,-70.319,-5.3417,-63.038,-63.734,-66.671,-63.742,-58.825
-38.138,-90.289,-50.216,58.972,-3.437,-70.606,-11.253,-60.482,-61.227,-67.284,-65.615,-61.079
-38.112,-90.5,-50.242,59.05,-3.3369,-70.65,-18.044,-57.53,-58.519,-67.214,-66.897,-63.018
-36.877,-89.815,-50.678,58.117,-1.9154,-70.335,-19.792,-57.16,-58.949,-66.066,-67.165,-64.23
-34.561,-87.861,-51.384,55.971,1.0193,-69.386,-15.698,-66.093,-68.343,-63.401,-65.991,-64.195
-35.569,-84.372,-51.791,53.171,5.1268,-67.3,-4.5395,-75.319,-76.771,-59.614,-63.313,-62.344
-57.83,-80.567,-50.892,55.07,5.2538,-63.495,15.569,-71.266,-72.629,-64.197,-62.43,-58.386
-79.646,-89.867,-47.33,86.779,0.39763,-59.48,46.283,-59.838,-61.034,-101.14,-89.4,-54.963
-91.873,-155.84,-45.447,127.19,-5.6096,-81.595,87.555,-42.223,-43.179,-115.32,-127.01,-83.135
-98.274,-181.47,-73.972,135.47,-14.072,-128.75,136.11,-18.531,-19.246,-120.73,-139.86,-132.06
-94.425,-178.52,-72.343,131.82,-20.012,-127.78,186.19,11.286,10.789,-120.26,-146.49,-141.98
-75.733,-165.28,-75.544,115.05,-12.89,-123.54,232.41,47.849,47.523,-109.82,-143.03,-142.74
-38.976,-139.24,-85.316,82.079,7.7742,-116.41,271.95,92.644,92.397,-84.904,-124.94,-131.77
16.199,-96.414,-98.503,31.283,41.407,-102.56,304.45,148.57,148.3,-41.145,-87.668,-104.37
86.096,-31.596,-105.85,-37.345,80.755,-74.491,332.31,218.98,218.38,25.878,-26.68,-55.45
163.24,61.73,-92.862,-122.97,115.86,-21.558,361.37,304.55,303.37,120.98,63.097,20.174
238.28,190.91,-43.336,-224.72,134.07,68.187,398.24,406.68,405.39,249.18,187.21,128.08
302.67,361.64,56.538,-341.33,122.49,205.12,446.52,530.07,529.12,412.35,348.8,272.1
350.79,573.17,214.1,-469.6,73.445,392.57,504.84,673.17,672.46,607.57,545.09,450.47
379.6,815.36,424.62,-603.31,-12.685,621.27,567.55,827.72,827.35,828.84,767.36,655.5
388.54,1068.4,667.62,-732.91,-126.97,870.9,626.83,987.75,987.95,1067.8,1002.4,873.37
380.91,1304.3,912.75,-846.21,-253.01,1112,674.26,1148.3,1148.9,1312,1232.6,1083.8
362.94,1491.6,1123.3,-930.2,-369.45,1310.2,701.54,1299.9,1300.5,1543.4,1435.9,1262.8
341.15,1602,1264.2,-973.63,-455.16,1434.3,701.37,1426.9,1426.8,1738,1588,1386
319.53,1617.5,1311,-969.71,-495.34,1463.5,668.87,1508.3,1506.9,1868,1665.6,1434.4
297.17,1536.6,1260.2,-917.53,-486.38,1395.8,603.91,1522.3,1519.4,1907.2,1652.7,1398.3
267.86,1375,1131.7,-821.94,-439.56,1249.5,514.49,1453.7,1449.2,1838.2,1544.9,1281.3
222.31,1160.8,963.33,-692,-378.82,1057.6,415.7,1299.2,1293.5,1658.1,1350.9,1099.2
152.47,925.71,795.98,-539.44,-330.05,856.56,323.36,1070.7,1064.4,1382.3,1091.9,876.3
56.416,697.79,660.54,-377.55,-310.45,675.56,247.94,793.72,787.26,1043.2,799.03,640.36
-58.289,496.49,570.11,-220.32,-323.14,530.39,191.31,502.24,496.32,686.01,508.16,417.72
-175.22,331.1,518.57,-80.346,-357.03,422.13,146.6,231.02,226.32,357.91,252.77,228.7
-274.63,200.65,485.31,34.414,-391.63,340.13,101.68,6.8606,3.714,94.998,55.14,83.567
-341.12,96.564,445.85,120.93,-406.06,268.74,45.683,-158.23,-160.07,-87.741,-80.154,-18.241
-368.44,7.7228,383.95,178.37,-388.52,194.71,-25.119,-267.43,-268.48,-197.02,-160.44,-84.48
-359.44,-72.981,295.91,210.49,-339.01,112.29,-105.21,-332.47,-333.02,-245.41,-198.48,-124.91
-322.88,-144.51,189.28,223.67,-266.18,23.615,-182.31,-365.49,-365.65,-258.02,-211.72,-148.42
-269.52,-201.44,78.217,223.64,-183.08,-62.896,-242.37,-375.05,-374.93,-254.88,-213.15,-161.54
-209.76,-240.79,-23.767,214.47,-103.1,-135.57,-275.51,-366.18,-365.98,-246.05,-209.79,-168.2
-153.13,-261.94,-103.84,195.46,-35.01,-187.02,-280.62,-343.69,-343.37,-235.18,-204.48,-168.59
-105.09,-247.84,-155.8,151.31,16.746,-215.29,-263.48,-313.82,-313.44,-222.97,-197.47,-117.83
-67.493,-177.81,-183.31,114.9,50.801,-220.13,-231.54,-279.31,-279.21,-207.37,-173,-77.844
-41.684,-131.98,-189.94,97.896,67.631,-195.27,-190.9,-239.12,-239.36,-169.18,-132.1,-74.675
-26.654,-114.84,-179.25,86.521,69.764,-142.61,-146.63,-195.13,-195.44,-134.12,-113.81,-74.353
-18.739,-106.23,-155.99,77.322,60.89,-100.64,-106,-154.81,-155.14,-113.76,-101.89,-72.86
-15.432,-99.669,-124.8,69.331,45.147,-83.025,-74.345,-122.79,-123.3,-100.2,-91.89,-70.18
-15.471,-93.79,-84.212,62.157,27.384,-76.177,-48.127,-98.105,-98.783,-88.985,-82.816,-66.747
-18.46,-88.514,-57.469,55.793,12.289,-72.271,-30.255,-79.507,-80.136,-79.24,-74.594,-62.934
-18.905,-83.787,-50.287,50.345,3.6464,-69.249,-21.207,-66.948,-67.251,-71.372,-67.469,-58.988
-15.454,-79.393,-47.807,45.797,4.3628,-66.67,-17.441,-60.463,-60.314,-65.536,-61.573,-55.067
-12.566,-75.123,-47.691,42.024,4.7975,-64.112,-16.345,-59.02,-58.518,-61.101,-56.75,-51.26
-10.681,-70.958,-47.876,38.903,4.9912,-61.185,-16.197,-61.005,-60.439,-57.221,-52.683,-47.627
-9.4956,-67.072,-46.467,36.349,5.0109,-57.88,-14.997,-63.522,-63.226,-53.459,-49.111,-44.23
-8.7062,-63.678,-43.261,34.288,4.6512,-54.562,-12.882,-63.156,-62.986,-49.828,-45.944,-41.155
-8.0865,-60.901,-39.512,32.637,3.9934,-51.642,-10.712,-61.274,-60.869,-46.539,-43.217,-38.506
-7.4848,-58.741,-36.268,31.297,3.3432,-49.344,-8.8858,-59.362,-58.553,-43.779,-41,-36.373
-6.8194,-57.108,-33.94,30.165,2.9121,-47.69,-7.6055,-57.89,-56.655,-41.614,-39.323,-34.786
-6.0739,-55.855,-32.512,29.159,2.743,-46.557,-6.873,-56.905,-55.306,-39.983,-38.142,-33.683
-5.2825,-54.82,-31.71,28.218,2.765,-45.746,-6.5372,-56.227,-54.371,-38.729,-37.336,-32.914
-4.4997,-53.851,-31.16,27.304,2.8697,-45.045,-6.3959,-55.596,-53.591,-37.649,-36.737,-32.288
-3.7706,-52.835,-30.534,26.39,2.9614,-44.289,-6.2859,-54.804,-52.721,-36.552,-36.168,-31.623
-3.1116,-51.701,-29.623,25.453,2.9802,-43.374,-6.1093,-53.739,-51.592,-35.298,-35.483,-30.794
-2.5076,-50.415,-28.343,24.464,2.9037,-42.263,-5.8377,-52.374,-50.118,-33.816,-34.594,-29.744
-1.9181,-48.965,-26.726,23.393,2.7426,-40.97,-5.5084,-50.75,-48.287,-32.101,-33.469,-28.477
-1.2921,-47.361,-24.885,22.208,2.535,-39.54,-5.1889,-48.946,-46.152,-30.192,-32.122,-27.041
-0.58402,-45.62,-22.973,20.885,2.3319,-38.031,-4.9451,-47.04,-43.802,-28.144,-30.593,-25.501
0.23383,-43.765,-21.126,19.415,2.1748,-36.495,-4.8168,-45.084,-41.343,-26.005,-28.927,-23.928
1.1677,-41.817,-19.423,17.806,2.0798,-34.964,-4.8103,-43.079,-38.852,-23.791,-27.165,-22.379
2.2002,-39.794,-17.881,16.079,2.038,-33.45,-4.9053,-40.974,-36.359,-21.489,-25.327,-20.886
3.2982,-37.714,-16.463,14.271,2.0259,-31.945,-5.0691,-38.686,-33.851,-19.063,-23.413,-19.447
4.419,-35.589,-15.105,12.417,2.0169,-30.429,-5.27,-36.123,-31.294,-16.472,-21.403,-18.021
5.5247,-33.422,-13.727,10.546,1.9878,-28.875,-5.4859,-33.219,-28.66,-13.682,-19.259,-16.547
6.5888,-31.197,-12.247,8.6689,1.921,-27.243,-5.7092,-29.96,-25.942,-10.682,-16.937,-14.962
7.6001,-28.868,-10.58,6.7775,1.8037,-25.48,-5.9471,-26.398,-23.147,-7.4794,-14.393,-13.214
8.5627,-26.372,-8.6591,4.8479,1.6262,-23.531,-6.2184,-22.646,-20.279,-4.0961,-11.59,-11.265
9.4944,-23.647,-6.4577,2.8503,1.3849,-21.348,-6.5472,-18.844,-17.342,-0.56331,-8.5062,-9.0957
10.428,-20.645,-4.011,0.75466,1.0894,-18.916,-6.9561,-15.121,-14.346,3.0867,-5.1332,-6.7048
11.411,-17.346,-1.4134,-1.4687,0.76838,-16.244,-7.4601,-11.566,-11.32,6.8263,-1.4799,-4.1159
12.507,-13.749,1.211,-3.8495,0.46802,-13.37,-8.062,-8.2183,-8.3125,10.64,2.4355,-1.3706
13.786,-9.8666,3.7474,-6.4151,0.24023,-10.337,-8.7531,-5.0745,-5.3821,14.537,6.5984,1.4856
15.326,-5.7173,6.1182,-9.1858,0.12723,-7.1864,-9.5153,-2.1084,-2.573,18.564,11.013,4.4234
17.206,-1.3177,8.2911,-12.17,0.15211,-3.946,-10.328,0.71391,0.095269,22.813,15.714,7.4438
19.506,3.3194,10.273,-15.368,0.31903,-0.62548,-11.174,3.4224,2.6273,27.418,20.774,10.579
22.305,8.1891,12.1,-18.772,0.61724,2.7885,-12.041,6.0359,5.0425,32.543,26.298,13.882
25.669,13.294,13.826,-22.372,1.0234,6.3318,-12.923,8.56,7.3646,38.352,32.411,17.409
29.635,18.641,15.515,-26.163,1.5043,10.056,-13.824,10.988,9.6132,44.992,39.244,21.21
34.194,24.235,17.228,-30.143,2.0247,14.016,-14.748,13.304,11.8,52.549,46.909,25.325
39.287,30.07,19.005,-34.327,2.56,18.248,-15.708,15.491,13.926,61.015,55.465,29.78
44.824,36.129,20.852,-38.749,3.1041,22.758,-16.723,17.534,15.984,70.255,64.894,34.596
50.712,42.39,22.743,-43.466,3.6716,27.517,-17.821,19.424,17.96,80.005,75.076,39.787
56.878,48.843,24.63,-48.562,4.292,32.472,-19.036,21.16,19.84,89.944,85.801,45.353
63.277,55.503,26.464,-54.149,5.0014,37.561,-20.405,22.748,21.61,99.785,96.804,51.278
69.906,62.416,28.204,-60.356,5.8348,42.727,-21.964,24.199,23.261,109.36,107.82,57.52
76.749,69.65,29.818,-67.316,6.8235,47.913,-23.736,25.527,24.793,118.63,118.65,64.016
83.802,77.287,31.282,-75.128,8,53.061,-25.74,26.751,26.207,127.67,129.17,70.689
91.071,85.408,32.584,-83.828,9.4052,58.113,-27.996,27.885,27.506,136.59,139.36,77.467
98.567,94.089,33.724,-93.352,11.091,63.02,-30.545,28.942,28.69,145.48,149.27,84.295
106.3,103.39,34.722,-103.54,13.115,67.763,-33.468,29.926,29.76,154.4,158.97,91.151
114.26,113.31,35.61,-114.14,15.525,72.349,-36.894,30.835,30.708,163.38,168.54,98.04
122.44,123.81,36.423,-124.9,18.354,76.806,-40.981,31.656,31.529,172.33,178.04,104.98
130.81,134.75,37.19,-135.61,21.619,81.163,-45.872,32.37,32.212,181.14,187.51,111.99
139.34,145.92,37.928,-146.09,25.306,85.443,-51.616,32.954,32.748,189.65,196.94,119.03
148,157.08,38.645,-156.27,29.349,89.658,-58.119,33.394,33.133,197.67,206.28,126.06
156.7,167.98,39.344,-166.07,33.607,93.804,-65.137,33.693,33.37,205.08,215.45,133.01
165.34,178.4,40.019,-175.44,37.906,97.857,-72.363,33.868,33.474,211.75,224.34,139.81
173.8,188.14,40.66,-184.31,42.097,101.77,-79.541,33.942,33.465,217.66,232.85,146.43
182,197.05,41.248,-192.6,46.111,105.49,-86.543,33.937,33.365,222.83,240.89,152.87
189.88,205.05,41.759,-200.26,49.952,108.95,-93.361,33.863,33.185,227.3,248.39,159.13
197.39,212.11,42.168,-207.24,53.673,112.08,-100.05,33.714,32.928,231.14,255.32,165.23
204.5,218.27,42.455,-213.54,57.323,114.86,-106.71,33.47,32.585,234.43,261.64,171.15
211.17,223.64,42.61,-219.18,60.915,117.3,-113.41,33.103,32.138,237.24,267.35,176.85
217.31,228.31,42.633,-224.21,64.395,119.41,-120.19,32.583,31.564,239.63,272.46,182.29
222.84,232.39,42.534,-228.67,67.66,121.25,-127.05,31.883,30.838,241.67,276.97,187.41
227.7,235.98,42.328,-232.6,70.599,122.86,-133.94,30.982,29.935,243.4,280.93,192.15
231.88,239.12,42.032,-236.05,73.157,124.27,-140.78,29.871,28.832,244.84,284.37,196.49
235.43,241.87,41.658,-239.06,75.346,125.52,-147.46,28.549,27.52,246.03,287.35,200.4
238.46,244.25,41.207,-241.7,77.235,126.6,-153.9,27.031,26.005,246.96,289.9,203.85
241.08,246.28,40.665,-244,78.909,127.48,-160.03,25.342,24.313,247.65,292.06,206.81
243.39,247.98,40.009,-246.02,80.451,128.12,-165.87,23.524,22.487,248.07,293.84,209.2
245.48,249.33,39.216,-247.81,81.928,128.48,-171.5,21.63,20.578,248.2,295.24,210.95
247.46,250.34,38.276,-249.38,83.391,128.51,-177.05,19.719,18.645,247.96,296.22,211.96
249.37,250.99,37.196,-250.75,84.88,128.18,-182.68,17.855,16.747,247.31,296.71,212.13
251.28,251.22,36.007,-251.91,86.437,127.48,-188.54,16.097,14.938,246.15,296.61,211.38
253.17,250.98,34.755,-252.8,88.099,126.39,-194.68,14.492,13.267,244.36,295.76,209.62
254.96,250.14,33.487,-253.3,89.888,124.91,-200.8,13.072,11.779,241.85,293.94,206.79
256.45,248.56,32.243,-253.22,91.76,123.02,-206.04,11.86,10.514,238.45,290.86,202.84
257.23,246.07,31.04,-252.32,93.542,120.71,-209.09,10.871,9.5127,234.02,286.2,197.73
256.75,242.46,29.88,-250.25,94.91,117.94,-208.81,10.129,8.8183,228.39,279.71,191.46
254.44,237.53,28.757,-246.66,95.46,114.7,-204.67,9.662,8.4701,221.45,271.24,184.07
249.91,231.08,27.68,-241.23,94.856,110.99,-196.6,9.5058,8.498,213.16,260.87,175.58
243.01,222.99,26.68,-233.76,92.914,106.85,-184.61,9.6967,8.916,203.59,248.81,166.06
233.8,213.18,25.797,-224.23,89.588,102.34,-168.72,10.26,9.7186,192.97,235.42,155.55
222.47,201.67,25.061,-212.82,84.935,97.487,-149.33,11.197,10.882,181.57,221.07,144.09
209.32,188.54,24.48,-199.83,79.089,92.328,-127.55,12.484,12.372,169.68,206.08,131.76
194.72,173.96,24.026,-185.61,72.236,86.849,-104.81,14.066,14.146,157.5,190.71,118.63
179.1,158.2,23.651,-170.49,64.579,81.027,-82.18,15.873,16.151,145.11,175.18,104.86
162.91,141.67,23.301,-154.76,56.312,74.842,-60.218,17.821,18.323,132.46,159.62,90.654
146.54,124.92,22.937,-138.54,47.61,68.307,-39.212,19.83,20.579,119.47,144.1,76.322
130.31,108.53,22.539,-121.87,38.635,61.465,-19.384,21.817,22.823,106.02,128.61,62.205
114.41,92.987,22.105,-104.82,29.581,54.396,-0.9906,23.707,24.957,92.162,113.09,48.633
98.985,78.579,21.641,-87.709,20.807,47.202,15.567,25.423,26.891,78.248,97.492,35.861
84.101,65.306,21.141,-71.329,12.943,40,29.509,26.901,28.549,64.902,81.979,24.041
69.78,52.98,20.592,-56.657,6.7907,32.913,39.547,28.088,29.875,52.764,67.028,13.222
55.946,41.388,19.963,-44.234,2.7896,26.052,44.901,28.946,30.828,42.193,53.373,3.3927
42.546,30.411,19.222,-33.889,0.46003,19.506,46.971,29.455,31.382,33.214,41.631,-5.5001
30.087,20.061,18.34,-25.075,-1.1642,13.336,48.006,29.614,31.525,25.642,31.961,-13.529
19.827,10.432,17.299,-17.313,-2.6769,7.5797,48.956,29.436,31.258,19.223,24.098,-20.777
12.516,1.6302,16.096,-10.343,-4.1921,2.2564,49.749,28.944,30.595,13.712,17.611,-27.323
7.6262,-6.2786,14.737,-4.0746,-5.6233,-2.6297,50.114,28.161,29.562,8.9085,12.125,-33.232
4.2204,-13.291,13.226,1.5091,-6.8688,-7.093,49.898,27.112,28.198,4.6567,7.3835,-38.546
1.6441,-19.458,11.564,6.4211,-7.8689,-11.168,49.082,25.814,26.548,0.84304,3.2281,-43.295
-0.44235,-24.863,9.7511,10.694,-8.608,-14.903,47.722,24.285,24.666,-2.617,-0.43735,-47.51
-2.2026,-29.595,7.7969,14.382,-9.1018,-18.339,45.895,22.548,22.607,-5.785,-3.6791,-51.227
-3.7211,-33.732,5.7357,17.549,-9.3846,-21.499,43.683,20.634,20.423,-8.6989,-6.5479,-54.496
-5.0488,-37.335,3.6239,20.264,-9.4973,-24.388,41.174,18.592,18.157,-11.373,-9.0837,-57.376
-6.2169,-40.452,1.526,22.588,-9.4752,-26.998,38.46,16.478,15.852,-13.8,-11.317,-59.921
-7.2425,-43.133,-0.50455,24.572,-9.3411,-29.324,35.636,14.352,13.547,-15.964,-13.268,-62.175
-8.1273,-45.423,-2.441,26.255,-9.1043,-31.375,32.789,12.27,11.286,-17.847,-14.955,-64.169
-8.8631,-47.368,-4.2835,27.662,-8.7659,-33.174,29.984,10.278,9.1176,-19.439,-16.394,-65.922
-9.4404,-49.008,-6.0454,28.811,-8.3304,-34.748,27.267,8.41,7.091,-20.741,-17.602,-67.447
-9.8571,-50.377,-7.734,29.717,-7.8141,-36.123,24.671,6.6858,5.2533,-21.771,-18.599,-68.749
-10.123,-51.495,-9.3351,30.396,-7.248,-37.313,22.225,5.1184,3.6433,-22.563,-19.404,-69.838
-10.26,-52.373,-10.809,30.866,-6.6715,-38.317,19.964,3.7203,2.2911,-23.162,-20.033,-70.723
-10.29,-53.01,-12.1,31.144,-6.1215,-39.123,17.916,2.5095,1.2201,-23.622,-20.501,-71.422
-10.236,-53.404,-13.153,31.247,-5.623,-39.711,16.098,1.5106,0.44822,-23.995,-20.827,-71.955
-10.115,-53.553,-13.932,31.194,-5.1875,-40.071,14.509,0.74985,-0.015363,-24.322,-21.042,-72.339
-9.9436,-53.473,-14.433,31.004,-4.817,-40.204,13.133,0.24567,-0.17364,-24.632,-21.181,-72.59
-9.7347,-53.195,-14.683,30.701,-4.5086,-40.135,11.945,0.0002597,-0.043967,-24.937,-21.277,-72.716
-9.5013,-52.766,-14.734,30.313,-4.2578,-39.906,10.918,-0.0019934,0.34384,-25.236,-21.347,-72.727
-9.2554,-52.243,-14.651,29.868,-4.0582,-39.572,10.026,0.21281,0.95337,-25.513,-21.391,-72.632
-9.0071,-51.683,-14.496,29.398,-3.9011,-39.189,9.2436,0.62038,1.7491,-25.743,-21.396,-72.445
-8.7637,-51.131,-14.316,28.929,-3.7764,-38.801,8.548,1.2071,2.7012,-25.897,-21.341,-72.185
-8.5311,-50.615,-14.138,28.477,-3.6768,-38.432,7.9179,1.9694,3.7868,-25.952,-21.211,-71.865
-8.3158,-50.138,-13.962,28.051,-3.6014,-38.081,7.334,2.9044,4.9876,-25.897,-21.004,-71.494
-8.1274,-49.688,-13.769,27.649,-3.5558,-37.73,6.7779,3.9999,6.2856,-25.74,-20.735,-71.076
-7.9778,-49.242,-13.53,27.264,-3.5484,-37.352,6.2329,5.2296,7.6588,-25.508,-20.435,-70.617
-7.8779,-48.781,-13.214,26.891,-3.5845,-36.923,5.6884,6.5547,9.0781,-25.239,-20.139,-70.123
-7.8344,-48.29,-12.804,26.524,-3.6638,-36.43,5.1456,7.9305,10.509,-24.973,-19.883,-69.612
-7.8497,-47.766,-12.299,26.163,-3.7814,-35.874,4.6184,9.3134,11.914,-24.743,-19.688,-69.099
-7.9235,-47.223,-11.709,25.819,-3.9312,-35.268,4.1293,10.669,13.261,-24.568,-19.563,-68.601
-8.0539,-46.681,-11.057,25.509,-4.1081,-34.637,3.6993,11.978,14.53,-24.458,-19.501,-68.125
-8.2398,-46.171,-10.373,25.254,-4.309,-34.007,3.3383,13.238,15.712,-24.408,-19.49,-67.665
-8.4811,-45.722,-9.6909,25.075,-4.5327,-33.41,3.0425,14.458,16.804,-24.406,-19.512,-67.201
-8.7794,-45.363,-9.0454,24.989,-4.7787,-32.875,2.7974,15.647,17.812,-24.436,-19.552,-66.689
-9.1368,-45.116,-8.4689,25.006,-5.0461,-32.429,2.5876,16.806,18.734,-24.478,-19.597,-66.062
-9.553,-44.992,-7.9849,25.123,-5.3327,-32.09,2.4037,17.92,19.567,-24.517,-19.64,-65.238
-10.024,-44.983,-7.6031,25.329,-5.6356,-31.862,2.2467,18.966,20.305,-24.542,-19.678,-64.126
-10.541,-45.073,-7.3159,25.609,-5.9523,-31.736,2.1268,19.921,20.946,-24.541,-19.705,-62.645
-11.092,-45.227,-7.0961,25.939,-6.2829,-31.683,2.0574,20.769,21.49,-24.509,-19.718,-60.729
-11.66,-45.396,-6.8948,26.287,-6.6313,-31.656,2.0511,21.506,21.943,-24.445,-19.713,-58.334
-12.222,-45.518,-6.6433,26.611,-7.006,-31.589,2.1181,22.141,22.316,-24.354,-19.695,-55.43
-12.752,-45.516,-6.2578,26.857,-7.4215,-31.406,2.2706,22.688,22.622,-24.241,-19.664,-51.999
-13.219,-45.31,-5.6494,26.968,-7.8983,-31.033,2.5301,23.161,22.878,-24.107,-19.617,-48.027
-13.598,-44.819,-4.7384,26.889,-8.4597,-30.399,2.9322,23.585,23.107,-23.939,-19.534,-43.512
-13.865,-43.977,-3.4726,26.575,-9.1236,-29.45,3.5265,23.987,23.335,-23.718,-19.38,-38.466
-14.003,-42.734,-1.8457,25.993,-9.8929,-28.155,4.3703,24.407,23.597,-23.415,-19.107,-32.916
-14.002,-41.071,0.097116,25.131,-10.751,-26.506,5.5209,24.884,23.926,-23.004,-18.671,-26.9
-13.862,-39.005,2.272,24,-11.667,-24.528,7.0298,25.456,24.358,-22.457,-18.04,-20.456
-13.596,-36.585,4.5855,22.635,-12.604,-22.264,8.9408,26.154,24.925,-21.751,-17.199,-13.606
-13.223,-33.88,6.9637,21.086,-13.531,-19.764,11.292,26.997,25.651,-20.863,-16.157,-6.368
-12.767,-30.951,9.3682,19.4,-14.429,-17.07,14.111,27.991,26.548,-19.781,-14.94,1.2431
-12.248,-27.837,11.8,17.609,-15.295,-14.193,17.409,29.126,27.613,-18.507,-13.581,9.2012
-11.682,-24.532,14.293,15.724,-16.14,-11.104,21.164,30.38,28.828,-17.056,-12.117,17.464
-11.078,-20.983,16.89,13.727,-16.984,-7.7382,25.317,31.722,30.167,-15.46,-10.578,25.967
-10.437,-17.116,19.622,11.586,-17.842,-4.0151,29.77,33.118,31.597,-13.748,-8.9842,34.627
-9.751,-12.856,22.486,9.2683,-18.713,0.12766,34.395,34.541,33.086,-11.944,-7.3436,43.328
-9.0062,-8.1707,25.429,6.7493,-19.577,4.7024,39.052,35.966,34.601,-10.062,-5.6583,51.917
-8.1855,-3.0811,28.374,4.0238,-20.398,9.658,43.609,37.37,36.109,-8.108,-3.9297,60.203
-7.2788,2.336,31.234,1.1096,-21.142,14.891,47.946,38.726,37.576,-6.093,-2.1631,67.98
-6.2915,7.9658,33.945,-1.9521,-21.788,20.274,51.963,40.006,38.966,-4.0377,-0.36773,75.058
-5.25,13.68,36.475,-5.0984,-22.337,25.695,55.574,41.182,40.25,-1.9726,1.4477,81.308
-4.199,19.36,38.821,-8.2528,-22.812,31.071,58.714,42.234,41.407,0.069604,3.2778,86.678
-3.1914,24.918,41,-11.339,-23.247,36.358,61.343,43.152,42.426,2.0616,5.1191,91.193
-2.2736,30.293,43.029,-14.296,-23.673,41.527,63.449,43.931,43.302,3.9809,6.9645,94.933
-1.4735,35.444,44.919,-17.079,-24.113,46.545,65.051,44.566,44.024,5.8022,8.797,98.002
-0.79531,40.326,46.668,-19.658,-24.573,51.354,66.184,45.045,44.568,7.4901,10.588,100.5
-0.22224,44.879,48.267,-22.009,-25.049,55.861,66.887,45.343,44.901,8.9993,12.298,102.48
0.27717,49.021,49.706,-24.107,-25.513,59.959,67.188,45.438,44.986,10.281,13.88,103.97
0.74311,52.665,50.971,-25.936,-25.915,63.546,67.095,45.306,44.788,11.291,15.28,104.94
1.2196,55.725,52.044,-27.486,-26.198,66.533,66.592,44.926,44.279,11.996,16.433,105.3
1.7497,58.132,52.912,-28.762,-26.32,68.849,65.64,44.284,43.444,12.376,17.276,104.96
2.3672,59.839,53.572,-29.773,-26.285,70.434,64.19,43.363,42.287,12.425,17.753,103.81
3.0847,60.827,54.045,-30.525,-26.157,71.231,62.206,42.155,40.825,12.155,17.838,101.73
3.8766,61.093,54.35,-31.005,-26.051,71.186,59.693,40.663,39.09,11.589,17.542,98.677
4.6676,60.635,54.465,-31.17,-26.046,70.256,56.706,38.904,37.121,10.765,16.906,94.621
5.3362,59.434,54.279,-30.956,-26.046,68.424,53.338,36.901,34.952,9.7176,15.992,89.617
5.7429,57.459,53.594,-30.291,-25.737,65.716,49.684,34.676,32.606,8.4722,14.854,83.777
5.7794,54.677,52.21,-29.116,-24.76,62.203,45.816,32.246,30.095,7.0386,13.537,77.262
5.4117,51.075,50.027,-27.402,-22.978,57.985,41.796,29.623,27.424,5.4167,12.06,70.25
4.6876,46.662,47.095,-25.143,-20.579,53.164,37.689,26.817,24.596,3.607,10.431,62.9
3.6964,41.476,43.573,-22.355,-17.916,47.824,33.575,23.833,21.609,1.6184,8.6433,55.331
2.5113,35.567,39.648,-19.065,-15.305,42.018,29.528,20.671,18.459,-0.53382,6.678,47.602
1.1546,29.001,35.464,-15.316,-12.954,35.776,25.588,17.314,15.124,-2.8386,4.5091,39.732
-0.39821,21.854,31.113,-11.166,-11.018,29.12,21.747,13.726,11.565,-5.3004,2.1085,31.727
-2.1889,14.21,26.664,-6.6868,-9.6189,22.081,17.952,9.8538,7.724,-7.9389,-0.54146,23.609
-4.2445,6.17,22.188,-1.9592,-8.8129,14.725,14.141,5.6304,3.5311,-10.776,-3.437,15.441
-6.5568,-2.13,17.742,2.9245,-8.5224,7.1658,10.284,0.98446,-1.0849,-13.815,-6.5467,7.3311
-9.078,-10.498,13.334,7.8571,-8.5346,-0.41092,6.4346,-4.1403,-6.1672,-17.032,-9.8117,-0.57697
-11.729,-18.679,8.9154,12.717,-8.6033,-7.7592,2.736,-9.7504,-11.69,-20.366,-13.15,-8.1285
-14.414,-26.397,4.453,17.38,-8.5957,-14.611,-0.61318,-15.757,-17.518,-23.73,-16.465,-15.177
-17.041,-33.414,0.018155,21.742,-8.5477,-20.743,-3.4407,-21.945,-23.403,-27.028,-19.652,-21.602
-19.529,-39.594,-4.2,25.735,-8.5778,-26.037,-5.6624,-27.995,-29.037,-30.168,-22.614,-27.317
-21.823,-44.92,-7.9837,29.329,-8.7593,-30.489,-7.2908,-33.575,-34.16,-33.086,-25.283,-32.275
-23.89,-49.465,-11.193,32.527,-9.0759,-34.183,-8.4064,-38.452,-38.631,-35.752,-27.623,-36.47
-25.726,-53.346,-13.809,35.35,-9.4761,-37.25,-9.1218,-42.556,-42.445,-38.169,-29.638,-39.939
-27.345,-56.681,-15.92,37.823,-9.9174,-39.826,-9.5571,-45.956,-45.693,-40.363,-31.354,-42.751
-28.768,-59.563,-17.667,39.973,-10.348,-42.035,-9.8274,-48.78,-48.495,-42.364,-32.811,-44.998
-30.003,-62.054,-19.199,41.818,-10.688,-43.966,-10.035,-51.16,-50.956,-44.198,-34.055,-46.773
-31.044,-64.191,-20.63,43.374,-10.867,-45.678,-10.261,-53.19,-53.142,-45.877,-35.127,-48.158
-31.883,-65.997,-22.029,44.655,-10.866,-47.202,-10.556,-54.937,-55.089,-47.414,-36.065,-49.211
-32.525,-67.496,-23.413,45.678,-10.721,-48.551,-10.939,-56.445,-56.811,-48.819,-36.896,-49.974
-32.991,-68.718,-24.762,46.473,-10.496,-49.729,-11.395,-57.748,-58.315,-50.106,-37.635,-50.472
-33.316,-69.704,-26.034,47.077,-10.249,-50.746,-11.887,-58.869,-59.599,-51.281,-38.284,-50.729
-33.548,-70.5,-27.186,47.54,-10.017,-51.612,-12.362,-59.813,-60.66,-52.336,-38.83,-50.77
-33.729,-71.156,-28.184,47.912,-9.8264,-52.343,-12.768,-60.57,-61.488,-53.239,-39.255,-50.633
-33.896,-71.712,-29.003,48.237,-9.6967,-52.95,-13.065,-61.129,-62.083,-53.953,-39.549,-50.364
-34.074,-72.199,-29.628,48.542,-9.639,-53.44,-13.229,-61.488,-62.457,-54.447,-39.714,-50.015
-34.269,-72.63,-30.068,48.836,-9.652,-53.821,-13.258,-61.662,-62.64,-54.721,-39.774,-49.628
-34.465,-73.014,-30.365,49.111,-9.7155,-54.108,-13.172,-61.689,-62.689,-54.811,-39.771,-49.226
-34.639,-73.361,-30.601,49.355,-9.7867,-54.335,-13.016,-61.624,-62.673,-54.786,-39.757,-48.812
-34.767,-73.701,-30.898,49.564,-9.8089,-54.56,-12.848,-61.519,-62.662,-54.727,-39.795,-48.369
-34.843,-74.088,-31.385,49.76,-9.7299,-54.86,-12.717,-61.418,-62.705,-54.707,-39.943,-47.885
-34.89,-74.599,-32.161,49.996,-9.5269,-55.318,-12.63,-61.335,-62.816,-54.781,-40.251,-47.364
-34.976,-75.319,-33.255,50.345,-9.2254,-56,-12.519,-61.248,-62.956,-54.981,-40.758,-46.839
-35.194,-76.317,-34.605,50.892,-8.9011,-56.931,-12.223,-61.095,-63.044,-55.329,-41.498,-46.373
-35.644,-77.631,-36.073,51.707,-8.6578,-58.09,-11.51,-60.774,-62.962,-55.854,-42.514,-46.064
-36.396,-79.249,-37.491,52.82,-8.5932,-59.414,-10.122,-60.154,-62.57,-56.587,-43.864,-46.035
-37.446,-81.101,-38.727,54.2,-8.7517,-60.816,-7.7768,-59.062,-61.699,-57.548,-45.598,-46.411
-38.672,-83.065,-39.749,55.731,-9.0812,-62.213,-4.3695,-57.289,-60.148,-58.702,-47.719,-47.274
-39.83,-84.976,-40.669,57.221,-9.3964,-63.547,-2.2053,-54.585,-57.684,-59.917,-50.12,-48.615
-40.603,-86.641,-41.748,58.409,-9.3654,-64.792,-8.0225,-50.768,-54.158,-60.944,-52.544,-50.298
-40.653,-87.825,-43.295,58.993,-8.5241,-65.925,-16.711,-46.235,-50.052,-61.42,-54.595,-52.042
-39.666,-88.254,-45.489,58.663,-6.3423,-66.862,-19.571,-43.735,-48.287,-60.894,-55.757,-53.443
-37.557,-87.566,-48.139,57.149,-2.311,-67.353,-16.043,-51.139,-56.105,-58.814,-55.476,-53.955
-36.524,-85.329,-50.587,54.488,3.663,-66.91,-5.4783,-65.171,-68.859,-54.836,-53.315,-52.903
-50.331,-81.522,-51.844,52.701,4.1107,-64.787,13.743,-63.377,-66.931,-52.108,-50.241,-49.565
-74.227,-80.43,-50.728,65.758,-0.93502,-60.644,43.104,-52.697,-56.214,-79.391,-61.772,-43.923
-88.005,-118.1,-47.167,113.6,-7.2036,-63.267,82.699,-36.474,-39.729,-110.95,-117.45,-46.818
-96.863,-177.74,-71.618,133.38,-14.588,-120.4,129.75,-14.902,-17.671,-117.94,-134.63,-108.76
-97.365,-181.03,-74.067,134.81,-19.426,-129.05,178.99,12.022,9.9325,-120.04,-142.98,-129.75
-84.616,-172.79,-76.481,124.4,-13.705,-126.13,225.28,45.044,43.707,-113.81,-142.66,-133.11
-54.776,-152.97,-85.719,98.888,4.4536,-121.08,265.78,86.098,85.369,-94.84,-129.18,-127.22
-6.4973,-118.19,-100.02,56.041,35.132,-111.24,299.67,138.66,138.11,-58.528,-97.869,-108.21
57.925,-63.692,-112.54,-4.7531,73.754,-90.519,328.7,205.84,204.91,-0.16108,-44.029,-70.752
132.37,16.861,-110.6,-83.139,112.28,-49.114,358.33,286.91,285.61,84.962,36.719,-8.3479
208.11,131.43,-77.08,-178.67,137.25,25.434,394.91,381.92,380.79,200.92,148.23,86.287
276.42,287.05,4.8704,-290.38,133.82,145.12,442.14,494.21,493.7,349.49,293.3,218.46
331.18,484.89,145.09,-415.21,92.66,315.9,499.15,624.4,624.71,530.33,472.15,386.23
368.74,717.22,341.41,-547.47,13.246,532.05,560.93,768.88,769.9,740.79,680.78,582.67
386.82,967.44,577.36,-678.93,-96.485,776.16,619.91,922.98,924.33,974.05,909.33,796.94
386.49,1211.3,825.41,-799.12,-221.71,1022.5,667.67,1081.4,1082.6,1218.5,1142.2,1011.3
372.91,1419.9,1050.5,-896.2,-341.93,1239.1,696.13,1236.3,1237.1,1458.2,1359,1203.1
352.62,1564,1216.3,-958.61,-434.86,1393.6,698.83,1375.5,1375.4,1671.7,1536.1,1348.5
330.86,1621,1295.5,-977.21,-483.86,1461.1,671.8,1480.6,1479.2,1832.6,1649.2,1426.1
309.32,1581.3,1277.5,-947.55,-484.22,1431.5,614.38,1528.8,1526,1912.7,1678.4,1422.4
284.47,1452.2,1174,-871.12,-444.54,1314.5,531.48,1500.4,1496.3,1889.5,1613.1,1335.7
248.18,1256.5,1016.5,-754.96,-384.66,1137.3,435.13,1386.2,1381.3,1753.9,1456.5,1177.1
191.14,1025.4,846.55,-609.99,-330.04,935.76,341.19,1191.9,1186.5,1514.7,1225.2,968.09
107.79,789.96,700.66,-449.39,-301.81,743.74,262.34,936.77,931.32,1199.1,946.82,735.14
0.9076,574.89,598.72,-287.77,-307.81,583.67,202.68,650.96,646.1,848.26,654.98,505.09
-117.02,394.89,540.18,-139.26,-340.13,462.99,157.34,369.27,365.62,508.49,383.52,300.97
-227.23,253.09,508.28,-14.242,-380.18,374.9,115.87,122.68,120.53,219.34,159,137.99
-311.58,142.43,478.83,83.113,-407.42,303.95,67.28,-70.135,-71.027,3.4012,-5.9814,20.665
-358.86,51.34,430.96,152.2,-406.54,234.31,5.0083,-205.96,-206.13,-138.37,-114.5,-56.54
-367.32,-29.751,355.36,195.06,-372,156.56,-69.567,-292.73,-292.52,-216.28,-174.83,-104.31
-343.11,-104.45,255.57,216.68,-309.29,70.521,-147.42,-341.86,-341.56,-246.94,-201.66,-132.78
-296.35,-169.6,144.84,222.93,-231.3,-17.032,-215.9,-362.8,-362.71,-253,-210.28,-149.32
-237.85,-219.37,38.907,218.6,-151.02,-96.136,-264.07,-361.36,-361.55,-249.3,-210.44,-158.46
-178.32,-251.11,-51.116,204.76,-76.878,-156.84,-286.54,-343.59,-343.74,-241.84,-206.81,-161.86
-125.64,-259.96,-117.65,160.37,-14.525,-196.27,-283.8,-318.53,-318.47,-231.89,-201.07,-119.44
-82.96,-223.34,-161.75,112.14,31.253,-217.33,-260.7,-290.69,-290.59,-219.33,-185.05,-66.032
-51.714,-166.23,-185.9,95.093,59.214,-221.6,-224.49,-258.57,-258.5,-193.55,-126.9,-63.596
-32.312,-133.62,-190.24,87.041,71.027,-204.5,-181.5,-220.49,-220.57,-154.64,-106.97,-65.312
-21.677,-118.21,-177.46,80.046,69.604,-159.33,-137.53,-178.26,-178.34,-131.92,-99.472,-66.033
-16.563,-109.23,-152.14,73.194,58.282,-111.19,-101.2,-138.88,-138.76,-116.56,-92.341,-65.632
-15.278,-102.3,-119.48,66.606,41.386,-87.996,-71.813,-107.64,-107.41,-104.39,-84.865,-64.431
-17.003,-96.156,-81.42,60.455,23.793,-79.142,-47.134,-84.609,-84.318,-93.527,-77.376,-62.699
-19.002,-90.696,-58.385,54.898,9.6508,-74.416,-31.209,-68.962,-68.551,-83.739,-70.317,-60.622
-16.016,-85.897,-50.513,50.015,5.0994,-71.046,-22.846,-59.983,-59.385,-75.524,-64.041,-58.329
-12.369,-81.553,-47.874,45.791,5.9917,-68.435,-19.124,-56.481,-55.724,-69.247,-58.67,-55.915
-9.6704,-77.401,-48.25,42.155,6.5693,-66.058,-18.134,-56.685,-55.896,-64.6,-54.075,-53.45
-7.8144,-73.335,-49.415,39.045,7.1133,-63.398,-18.22,-57.95,-57.352,-60.757,-49.998,-50.998
-6.5331,-69.469,-49.348,36.421,7.5558,-60.305,-17.143,-56.174,-55.921,-57.023,-46.228,-48.632
-5.602,-66.01,-47.306,34.247,7.5831,-57.058,-15.204,-51.602,-51.596,-53.245,-42.716,-46.441
-4.8573,-63.115,-44.243,32.476,7.2315,-54.069,-13.33,-46.603,-46.726,-49.646,-39.542,-44.516
-4.1858,-60.833,-41.267,31.043,6.7949,-51.617,-11.818,-42.232,-42.415,-46.501,-36.819,-42.906
-3.5161,-59.115,-38.925,29.873,6.4638,-49.796,-10.804,-38.875,-39.085,-43.945,-34.614,-41.589
-2.8137,-57.843,-37.368,28.887,6.2976,-48.549,-10.284,-36.503,-36.725,-41.957,-32.911,-40.453
-2.0735,-56.861,-36.485,28.007,6.2803,-47.716,-10.133,-34.826,-35.058,-40.401,-31.613,-39.321
-1.3083,-56.014,-36.029,27.17,6.3652,-47.109,-10.183,-33.475,-33.721,-39.092,-30.567,-38.006
-0.53427,-55.181,-35.741,26.327,6.5013,-46.566,-10.286,-32.126,-32.393,-37.841,-29.599,-36.365
0.23855,-54.285,-35.426,25.441,6.6467,-45.977,-10.35,-30.571,-30.859,-36.494,-28.551,-34.33
1.012,-53.284,-34.97,24.488,6.7739,-45.282,-10.339,-28.727,-29.027,-34.948,-27.311,-31.903
1.7967,-52.159,-34.315,23.45,6.8685,-44.461,-10.261,-26.627,-26.906,-33.157,-25.825,-29.143
2.6075,-50.903,-33.447,22.312,6.9252,-43.511,-10.148,-24.374,-24.574,-31.129,-24.1,-26.15
3.4552,-49.511,-32.373,21.065,6.9434,-42.435,-10.04,-22.079,-22.12,-28.907,-22.192,-23.048
4.3432,-47.977,-31.109,19.705,6.9237,-41.236,-9.9681,-19.814,-19.612,-26.549,-20.172,-19.972
5.2679,-46.293,-29.67,18.231,6.868,-39.912,-9.9499,-17.592,-17.077,-24.11,-18.099,-17.046
6.2231,-44.451,-28.068,16.644,6.7819,-38.458,-9.9902,-15.385,-14.518,-21.629,-16.003,-14.362
7.2038,-42.446,-26.321,14.948,6.6745,-36.869,-10.085,-13.155,-11.937,-19.128,-13.878,-11.969
8.2079,-40.278,-24.446,13.144,6.5558,-35.146,-10.228,-10.88,-9.3485,-16.617,-11.687,-9.8737
9.236,-37.95,-22.462,11.237,6.4319,-33.294,-10.409,-8.5682,-6.7833,-14.089,-9.3799,-8.0523
10.289,-35.467,-20.382,9.2331,6.303,-31.323,-10.619,-6.2441,-4.2752,-11.523,-6.9044,-6.4637
11.368,-32.833,-18.208,7.1429,6.1642,-29.24,-10.844,-3.9335,-1.8478,-8.8874,-4.2169,-5.0622
12.477,-30.045,-15.94,4.973,6.0094,-27.052,-11.073,-1.6499,0.49294,-6.1451,-1.2906,-3.814
13.627,-27.09,-13.586,2.7224,5.8354,-24.757,-11.302,0.60886,2.7577,-3.264,1.8853,-2.7133
14.841,-23.945,-11.162,0.38031,5.6448,-22.346,-11.531,2.8561,4.968,-0.22217,5.3107,-1.787
16.15,-20.58,-8.6955,-2.0707,5.446,-19.802,-11.768,5.1104,7.1473,2.9938,8.9837,-1.081
17.597,-16.969,-6.2152,-4.6496,5.2525,-17.107,-12.019,7.3872,9.3134,6.3957,12.909,-0.63379
19.231,-13.088,-3.744,-7.3728,5.0828,-14.243,-12.289,9.6914,11.472,10,17.102,-0.44884
21.117,-8.9221,-1.2983,-10.255,4.9596,-11.198,-12.586,12.011,13.617,13.834,21.593,-0.48225
23.333,-4.4603,1.1144,-13.308,4.9066,-7.9646,-12.926,14.318,15.731,17.933,26.434,-0.64984
25.978,0.30358,3.4956,-16.542,4.9424,-4.5312,-13.334,16.578,17.798,22.351,31.704,-0.84793
29.134,5.3662,5.8522,-19.96,5.0736,-0.88528,-13.838,18.765,19.809,27.173,37.52,-0.9746
32.851,10.707,8.1882,-23.552,5.2935,2.9815,-14.464,20.875,21.768,32.523,44.043,-0.94132
37.137,16.286,10.492,-27.305,5.589,7.0618,-15.228,22.925,23.693,38.57,51.452,-0.67227
41.969,22.046,12.729,-31.208,5.9535,11.325,-16.139,24.947,25.6,45.483,59.893,-0.096407
47.304,27.926,14.851,-35.276,6.3958,15.72,-17.207,26.97,27.505,53.365,69.39,0.85837
53.084,33.883,16.809,-39.554,6.9422,20.188,-18.449,29.01,29.41,62.167,79.781,2.2617
59.268,39.903,18.573,-44.126,7.6316,24.682,-19.894,31.056,31.307,71.663,90.733,4.1679
65.796,46.005,20.143,-49.11,8.5105,29.176,-21.582,33.082,33.181,81.535,101.85,6.6009
72.583,52.237,21.541,-54.643,9.6288,33.669,-23.557,35.052,35.02,91.491,112.83,9.5432
79.536,58.666,22.807,-60.861,11.037,38.176,-25.862,36.93,36.814,101.35,123.46,12.937
86.589,65.373,23.986,-67.868,12.784,42.718,-28.534,38.691,38.559,111.02,133.71,16.696
93.726,72.449,25.113,-75.715,14.901,47.314,-31.606,40.318,40.255,120.51,143.58,20.728
100.97,79.99,26.211,-84.385,17.399,51.967,-35.127,41.813,41.896,129.82,153.13,24.961
108.35,88.085,27.286,-93.78,20.265,56.662,-39.138,43.19,43.474,138.98,162.43,29.365
115.91,96.788,28.326,-103.73,23.472,61.357,-43.675,44.47,44.973,147.99,171.58,33.965
123.68,106.09,29.308,-114.01,26.994,65.995,-48.745,45.671,46.375,156.85,180.65,38.827
131.66,115.92,30.21,-124.39,30.789,70.514,-54.285,46.795,47.661,165.55,189.74,44.029
139.84,126.13,31.021,-134.66,34.792,74.871,-60.195,47.823,48.814,174.04,198.92,49.625
148.15,136.52,31.741,-144.69,38.909,79.044,-66.341,48.727,49.825,182.3,208.19,55.619
156.51,146.89,32.381,-154.39,43.036,83.032,-72.605,49.472,50.686,190.22,217.49,61.958
164.81,157.08,32.955,-163.7,47.078,86.843,-78.918,50.031,51.387,197.71,226.67,68.54
172.97,166.94,33.471,-172.63,50.964,90.491,-85.273,50.376,51.909,204.64,235.53,75.241
180.92,176.37,33.931,-181.15,54.66,93.981,-91.701,50.475,52.213,210.89,243.86,81.946
188.63,185.26,34.33,-189.23,58.162,97.312,-98.245,50.299,52.246,216.4,251.5,88.567
196.04,193.53,34.656,-196.81,61.481,100.47,-104.93,49.82,51.949,221.15,258.39,95.042
203.09,201.08,34.898,-203.83,64.62,103.44,-111.75,49.024,51.275,225.19,264.52,101.33
209.68,207.87,35.05,-210.21,67.555,106.2,-118.66,47.91,50.197,228.6,269.94,107.38
215.67,213.87,35.109,-215.91,70.242,108.73,-125.6,46.481,48.713,231.5,274.73,113.15
220.97,219.12,35.078,-220.91,72.636,111.02,-132.46,44.744,46.837,233.99,278.98,118.57
225.56,223.65,34.958,-225.26,74.721,113.06,-139.19,42.7,44.594,236.14,282.76,123.6
229.49,227.56,34.742,-229.03,76.522,114.85,-145.7,40.353,42.016,237.99,286.12,128.19
232.87,230.91,34.424,-232.32,78.097,116.37,-151.97,37.71,39.136,239.56,289.11,132.29
235.82,233.77,33.996,-235.21,79.52,117.63,-157.96,34.783,35.988,240.87,291.8,135.87
238.47,236.19,33.458,-237.78,80.867,118.61,-163.66,31.587,32.605,241.9,294.22,138.85
240.92,238.21,32.822,-240.07,82.205,119.31,-169.1,28.139,29.019,242.66,296.42,141.15
243.24,239.83,32.114,-242.13,83.585,119.72,-174.34,24.455,25.264,243.11,298.41,142.64
245.48,241.07,31.365,-243.95,85.043,119.85,-179.48,20.563,21.375,243.21,300.19,143.17
247.67,241.91,30.609,-245.55,86.596,119.72,-184.69,16.506,17.397,242.87,301.71,142.59
249.81,242.34,29.875,-246.9,88.239,119.32,-190.09,12.349,13.39,242,302.89,140.81
251.85,242.31,29.191,-247.94,89.945,118.66,-195.77,8.1795,9.4224,240.48,303.59,137.77
253.69,241.75,28.581,-248.58,91.652,117.76,-201.52,4.1079,5.5787,238.16,303.69,133.47
255.09,240.55,28.066,-248.65,93.25,116.61,-206.67,0.26429,1.952,234.9,303.02,127.97
255.7,238.56,27.659,-247.92,94.557,115.18,-210.09,-3.2085,-1.3512,230.53,301.38,121.39
255.02,235.61,27.359,-246.1,95.306,113.46,-210.68,-6.1694,-4.2102,224.89,298.56,113.83
252.52,231.48,27.164,-242.84,95.169,111.38,-207.85,-8.5009,-6.4971,217.84,294.27,105.38
247.78,225.99,27.07,-237.81,93.825,108.93,-201.42,-10.128,-8.0977,209.37,288.24,96.128
240.55,218.94,27.082,-230.77,91.047,106.08,-191.39,-11.022,-8.9377,199.61,280.25,86.109
230.83,210.2,27.21,-221.59,86.75,102.84,-177.72,-11.191,-8.9965,188.81,270.22,75.39
218.78,199.7,27.465,-210.37,80.987,99.226,-160.44,-10.661,-8.3029,177.32,258.31,64.084
204.76,187.43,27.852,-197.36,73.93,95.265,-140.11,-9.4673,-6.9215,165.41,244.86,52.371
189.21,173.57,28.364,-182.93,65.848,90.977,-117.98,-7.6582,-4.9429,153.28,230.3,40.487
172.68,158.45,28.984,-167.48,57.064,86.387,-95.434,-5.3021,-2.479,140.97,215.05,28.676
155.71,142.59,29.681,-151.33,47.911,81.518,-73.306,-2.4967,0.34127,128.46,199.45,17.156
138.77,126.63,30.402,-134.72,38.678,76.381,-51.937,0.63341,3.3829,115.66,183.66,6.0964
122.22,111.19,31.08,-117.82,29.606,70.973,-31.519,3.9493,6.5186,102.52,167.77,-4.3791
106.29,96.66,31.647,-100.89,20.902,65.288,-12.295,7.3152,9.6402,89.133,151.83,-14.184
91.079,83.199,32.052,-84.409,12.788,59.336,5.4283,10.612,12.661,75.783,135.81,-23.264
76.616,70.726,32.268,-69.051,5.543,53.162,21.205,13.744,15.51,62.954,119.67,-31.592
62.822,59.039,32.299,-55.375,-0.50996,46.845,34.243,16.632,18.127,51.152,103.39,-39.156
49.535,47.921,32.167,-43.524,-5.2,40.49,43.433,19.215,20.455,40.73,87.062,-45.958
36.638,37.23,31.896,-33.238,-8.7341,34.204,48.578,21.441,22.446,31.803,71.156,-52.007
24.455,26.933,31.504,-24.109,-11.585,28.081,51.36,23.268,24.061,24.279,56.525,-57.327
13.959,17.097,30.999,-15.817,-14.103,22.194,53.479,24.667,25.282,17.941,43.985,-61.959
6.0132,7.8453,30.378,-8.2114,-16.353,16.597,55.392,25.629,26.108,12.552,33.812,-65.957
0.46298,-0.69277,29.631,-1.2819,-18.251,11.319,56.917,26.166,26.557,7.9098,25.717,-69.366
-3.4844,-8.4209,28.737,4.9187,-19.742,6.3709,57.838,26.316,26.66,3.8667,19.178,-72.21
-6.5157,-15.295,27.675,10.342,-20.839,1.7473,58.082,26.135,26.458,0.31829,13.725,-74.479
-8.9998,-21.322,26.43,14.979,-21.598,-2.5619,57.694,25.686,25.994,-2.8144,9.0421,-76.144
-11.087,-26.542,25.001,18.867,-22.085,-6.5624,56.767,25.031,25.316,-5.5959,4.9423,-77.172
-12.831,-31.01,23.413,22.075,-22.369,-10.247,55.398,24.221,24.464,-8.0789,1.3235,-77.556
-14.26,-34.79,21.713,24.688,-22.505,-13.596,53.669,23.297,23.475,-10.301,-1.8722,-77.325
-15.407,-37.949,19.956,26.796,-22.529,-16.591,51.648,22.285,22.378,-12.286,-4.6832,-76.545
-16.31,-40.56,18.197,28.483,-22.455,-19.223,49.398,21.203,21.2,-14.046,-7.1412,-75.309
-17.017,-42.704,16.478,29.832,-22.289,-21.501,46.978,20.065,19.968,-15.586,-9.2775,-73.731
-17.568,-44.461,14.835,30.913,-22.036,-23.449,44.451,18.886,18.713,-16.908,-11.125,-71.93
-17.998,-45.904,13.296,31.78,-21.711,-25.101,41.879,17.688,17.469,-18.017,-12.715,-70.025
-18.322,-47.093,11.884,32.473,-21.33,-26.492,39.323,16.501,16.265,-18.924,-14.075,-68.122
-18.543,-48.068,10.6,33.011,-20.902,-27.661,36.837,15.366,15.129,-19.64,-15.221,-66.31
-18.65,-48.856,9.4252,33.399,-20.427,-28.647,34.462,14.328,14.084,-20.184,-16.159,-64.655
-18.63,-49.476,8.3245,33.64,-19.904,-29.48,32.224,13.429,13.148,-20.575,-16.89,-63.2
-18.483,-49.939,7.2596,33.737,-19.331,-30.185,30.129,12.699,12.334,-20.836,-17.413,-61.966
-18.221,-50.264,6.2029,33.707,-18.716,-30.781,28.177,12.148,11.648,-20.996,-17.73,-60.946
-17.874,-50.475,5.1392,33.575,-18.074,-31.283,26.37,11.768,11.086,-21.087,-17.853,-60.112
-17.478,-50.603,4.0613,33.372,-17.413,-31.71,24.713,11.531,10.634,-21.144,-17.796,-59.413
-17.065,-50.68,2.9679,33.131,-16.738,-32.084,23.22,11.403,10.273,-21.203,-17.581,-58.792
-16.661,-50.734,1.8671,32.88,-16.05,-32.422,21.902,11.348,9.985,-21.295,-17.234,-58.195
-16.283,-50.782,0.78278,32.636,-15.354,-32.734,20.76,11.327,9.7537,-21.436,-16.783,-57.582
-15.943,-50.828,-0.24494,32.411,-14.671,-33.012,19.775,11.308,9.5649,-21.625,-16.259,-56.93
-15.647,-50.861,-1.1674,32.207,-14.029,-33.241,18.919,11.262,9.404,-21.841,-15.693,-56.225
-15.393,-50.859,-1.9445,32.013,-13.452,-33.399,18.151,11.173,9.2544,-22.053,-15.116,-55.461
-15.174,-50.805,-2.5617,31.817,-12.953,-33.477,17.434,11.037,9.1009,-22.232,-14.563,-54.631
-14.977,-50.688,-3.038,31.604,-12.523,-33.48,16.74,10.862,8.935,-22.364,-14.067,-53.725
-14.786,-50.51,-3.4197,31.367,-12.137,-33.43,16.052,10.662,8.7608,-22.45,-13.648,-52.724
-14.586,-50.282,-3.7612,31.101,-11.768,-33.355,15.368,10.452,8.5944,-22.502,-13.312,-51.6
-14.365,-50.014,-4.1015,30.807,-11.394,-33.272,14.692,10.247,8.4593,-22.538,-13.041,-50.317
-14.116,-49.703,-4.4473,30.479,-11.009,-33.177,14.034,10.056,8.3792,-22.57,-12.801,-48.828
-13.833,-49.33,-4.7667,30.105,-10.619,-33.041,13.412,9.8923,8.3729,-22.603,-12.555,-47.082
-13.515,-48.857,-4.9931,29.665,-10.251,-32.816,12.862,9.7678,8.4516,-22.63,-12.268,-45.018
-13.164,-48.233,-5.0355,29.135,-9.9419,-32.442,12.432,9.7016,8.6212,-22.63,-11.919,-42.569
-12.783,-47.404,-4.7962,28.491,-9.7395,-31.859,12.192,9.7184,8.8857,-22.569,-11.496,-39.661
-12.38,-46.318,-4.194,27.71,-9.6897,-31.016,12.213,9.8476,9.2509,-22.406,-10.995,-36.223
-11.963,-44.936,-3.1889,26.777,-9.8237,-29.879,12.558,10.119,9.7232,-22.096,-10.418,-32.187
-11.538,-43.24,-1.7955,25.683,-10.148,-28.436,13.266,10.557,10.307,-21.602,-9.7664,-27.498
-11.106,-41.238,-0.076332,24.434,-10.644,-26.697,14.346,11.171,11,-20.902,-9.0355,-22.114
-10.665,-38.959,1.8839,23.045,-11.274,-24.692,15.791,11.956,11.792,-19.986,-8.2146,-16.015
-10.209,-36.447,4.0084,21.537,-11.995,-22.455,17.585,12.886,12.669,-18.851,-7.2851,-9.2178
-9.7333,-33.738,6.2469,19.93,-12.771,-20.014,19.723,13.931,13.614,-17.504,-6.2244,-1.7851
-9.2292,-30.856,8.5775,18.23,-13.573,-17.38,22.212,15.056,14.613,-15.968,-5.0124,6.1626
-8.6896,-27.791,10.997,16.432,-14.387,-14.545,25.068,16.233,15.653,-14.288,-3.639,14.458
-8.1068,-24.512,13.506,14.515,-15.206,-11.479,28.299,17.44,16.725,-12.527,-2.1112,22.913
-7.4728,-20.969,16.099,12.455,-16.033,-8.1437,31.879,18.651,17.817,-10.752,-0.4545,31.363
-6.7794,-17.112,18.758,10.228,-16.865,-4.5053,35.74,19.841,18.907,-9.0237,1.2891,39.693
-6.0189,-12.907,21.455,7.8178,-17.688,-0.54316,39.778,20.982,19.969,-7.3729,3.0664,47.847
-5.186,-8.3438,24.159,5.2191,-18.482,3.7412,43.862,22.043,20.961,-5.8048,4.8192,55.81
-4.2831,-3.4439,26.841,2.443,-19.227,8.322,47.852,22.992,21.841,-4.3071,6.4887,63.576
-3.3278,1.7327,29.475,-0.4756,-19.909,13.152,51.608,23.796,22.565,-2.8655,8.022,71.129
-2.3583,7.0934,32.042,-3.4737,-20.536,18.172,55.004,24.42,23.103,-1.4731,9.375,78.427
-1.4319,12.528,34.532,-6.4678,-21.13,23.32,57.94,24.833,23.438,-0.13035,10.516,85.393
-0.61042,17.934,36.938,-9.3718,-21.722,28.541,60.349,25.017,23.573,1.1601,11.425,91.913
0.059342,23.23,39.253,-12.119,-22.341,33.785,62.203,24.972,23.522,2.3948,12.09,97.831
0.56266,28.358,41.466,-14.671,-23.009,38.989,63.511,24.715,23.309,3.5666,12.512,102.98
0.92031,33.265,43.561,-17.018,-23.737,44.067,64.312,24.28,22.959,4.661,12.697,107.21
1.1797,37.895,45.521,-19.164,-24.515,48.906,64.657,23.712,22.495,5.6558,12.666,110.43
1.4019,42.181,47.32,-21.123,-25.294,53.382,64.597,23.057,21.935,6.5239,12.446,112.6
1.651,46.055,48.93,-22.915,-25.992,57.381,64.163,22.357,21.298,7.2366,12.066,113.78
1.9895,49.456,50.319,-24.566,-26.522,60.812,63.358,21.637,20.594,7.7634,11.542,114.08
2.4747,52.336,51.465,-26.1,-26.838,63.61,62.16,20.897,19.822,8.072,10.867,113.63
3.1518,54.658,52.372,-27.523,-26.967,65.73,60.525,20.105,18.96,8.1295,10.009,112.61
4.0375,56.39,53.074,-28.811,-27.021,67.135,58.407,19.202,17.966,7.9097,8.9245,111.17
5.096,57.49,53.614,-29.899,-27.18,67.783,55.786,18.118,16.783,7.4063,7.574,109.45
6.221,57.902,54.001,-30.682,-27.581,67.622,52.693,16.785,15.361,6.6424,5.9409,107.54
7.2417,57.553,54.152,-31.039,-28.131,66.598,49.206,15.158,13.664,5.6674,4.0415,105.51
7.9664,56.367,53.877,-30.86,-28.423,64.675,45.423,13.225,11.688,4.5409,1.9229,103.38
8.2483,54.281,52.935,-30.074,-27.926,61.856,41.429,11.004,9.4557,3.3118,-0.34793,101.13
8.0449,51.263,51.127,-28.664,-26.295,58.187,37.287,8.5411,7.0097,2.0038,-2.6995,98.712
7.4275,47.319,48.394,-26.651,-23.543,53.751,33.051,5.8884,4.3958,0.61275,-5.0702,96.049
6.5327,42.486,44.821,-24.078,-19.991,48.64,28.791,3.0899,1.6452,-0.88636,-7.4215,93.054
5.4863,36.83,40.598,-20.99,-16.101,42.935,24.582,0.16166,-1.2392,-2.5299,-9.7476,89.625
4.3488,30.431,35.936,-17.435,-12.349,36.694,20.48,-2.9192,-4.2889,-4.358,-12.076,85.67
3.1047,23.374,31.021,-13.468,-9.1883,29.942,16.502,-6.2173,-7.5677,-6.409,-14.459,81.131
1.685,15.743,25.978,-9.1521,-6.9714,22.7,12.627,-9.8276,-11.16,-8.713,-16.95,76.019
0.0043922,7.6329,20.869,-4.5575,-5.824,15.014,8.837,-13.849,-15.144,-11.285,-19.59,70.422
-1.9978,-0.83213,15.699,0.24238,-5.5371,6.9987,5.1596,-18.342,-19.554,-14.12,-22.387,64.493
-4.3283,-9.4692,10.429,5.166,-5.6189,-1.1389,1.6837,-23.279,-24.336,-17.186,-25.32,58.408
-6.9326,-18.036,4.9931,10.122,-5.5703,-9.117,-1.4673,-28.515,-29.337,-20.432,-28.342,52.332
-9.712,-26.261,-0.6264,15.015,-5.2221,-16.633,-4.1849,-33.792,-34.324,-23.79,-31.389,46.39
-12.553,-33.901,-6.2819,19.752,-4.7773,-23.43,-6.4113,-38.808,-39.046,-27.184,-34.391,40.664
-15.35,-40.786,-11.629,24.248,-4.5216,-29.353,-8.147,-43.3,-43.294,-30.536,-37.273,35.195
-18.012,-46.842,-16.297,28.427,-4.5701,-34.365,-9.4382,-47.102,-46.931,-33.77,-39.967,30.001
-20.456,-52.08,-20.105,32.219,-4.8554,-38.533,-10.358,-50.171,-49.911,-36.821,-42.422,25.09
-22.622,-56.568,-23.103,35.576,-5.2574,-41.985,-10.988,-52.566,-52.267,-39.641,-44.611,20.462
-24.492,-60.396,-25.485,38.477,-5.6886,-44.874,-11.409,-54.41,-54.093,-42.214,-46.539,16.113
-26.085,-63.663,-27.47,40.937,-6.082,-47.34,-11.696,-55.855,-55.519,-44.548,-48.24,12.04
-27.428,-66.453,-29.232,42.995,-6.3664,-49.492,-11.917,-57.049,-56.683,-46.675,-49.768,8.2434
-28.543,-68.835,-30.878,44.701,-6.4888,-51.403,-12.129,-58.111,-57.706,-48.627,-51.185,4.7367
-29.444,-70.855,-32.444,46.099,-6.4489,-53.109,-12.382,-59.118,-58.67,-50.434,-52.547,1.5473
-30.147,-72.539,-33.919,47.223,-6.2982,-54.614,-12.701,-60.097,-59.612,-52.105,-53.888,-1.2881
-30.67,-73.904,-35.266,48.098,-6.1019,-55.911,-13.083,-61.033,-60.525,-53.632,-55.209,-3.7313
-31.038,-74.966,-36.455,48.752,-5.9005,-56.989,-13.499,-61.889,-61.373,-54.992,-56.471,-5.7534
-31.283,-75.754,-37.471,49.216,-5.7016,-57.853,-13.903,-62.623,-62.105,-56.157,-57.61,-7.3474
-31.431,-76.31,-38.323,49.529,-5.4988,-58.519,-14.244,-63.203,-62.679,-57.112,-58.561,-8.5383
-31.509,-76.681,-39.022,49.728,-5.2924,-59.009,-14.485,-63.63,-63.075,-57.86,-59.278,-9.3842
-31.542,-76.912,-39.572,49.849,-5.0971,-59.345,-14.608,-63.917,-63.287,-58.424,-59.757,-9.9694
-31.549,-77.044,-39.964,49.915,-4.9347,-59.542,-14.626,-64.097,-63.336,-58.839,-60.031,-10.392
-31.54,-77.113,-40.199,49.943,-4.8198,-59.627,-14.575,-64.212,-63.265,-59.141,-60.158,-10.752
-31.517,-77.162,-40.323,49.949,-4.7464,-59.644,-14.508,-64.304,-63.133,-59.361,-60.201,-11.148
-31.483,-77.238,-40.429,49.951,-4.6824,-59.659,-14.483,-64.408,-63.009,-59.513,-60.218,-11.68
-31.446,-77.401,-40.638,49.982,-4.5824,-59.753,-14.532,-64.552,-62.956,-59.606,-60.253,-12.445
-31.435,-77.716,-41.057,50.089,-4.4084,-60.006,-14.64,-64.742,-63.01,-59.651,-60.336,-13.537
-31.504,-78.252,-41.74,50.335,-4.1544,-60.479,-14.719,-64.959,-63.157,-59.677,-60.498,-15.039
-31.727,-79.066,-42.677,50.79,-3.8562,-61.205,-14.606,-65.145,-63.339,-59.743,-60.78,-17.014
-32.189,-80.204,-43.797,51.516,-3.5858,-62.185,-14.086,-65.216,-63.458,-59.942,-61.253,-19.502
-32.954,-81.677,-45.004,52.551,-3.4255,-63.388,-12.956,-65.065,-63.375,-60.384,-62.015,-22.516
-34.03,-83.448,-46.199,53.877,-3.429,-64.753,-11.039,-64.556,-62.936,-61.159,-63.17,-26.04
-35.322,-85.42,-47.328,55.404,-3.5779,-66.205,-8.1718,-63.537,-61.968,-62.294,-64.778,-30.026
-36.613,-87.441,-48.413,56.962,-3.7451,-67.67,-5.2916,-61.838,-60.277,-63.709,-66.808,-34.395
-37.598,-89.321,-49.567,58.318,-3.6778,-69.091,-7.8493,-59.281,-57.643,-65.177,-69.082,-39.042
-37.94,-90.852,-50.953,59.204,-3.0205,-70.432,-15.645,-55.842,-53.982,-66.365,-71.278,-43.82
-37.315,-91.817,-52.692,59.357,-1.4122,-71.625,-19.813,-52.37,-50.165,-66.866,-72.96,-48.518
-35.489,-91.923,-54.714,58.512,1.3752,-72.502,-18.31,-53.042,-50.873,-66.205,-73.604,-52.772
-32.899,-90.786,-56.655,56.501,5.3286,-72.705,-10.301,-64.749,-64.004,-63.853,-72.702,-56.007
-34.716,-88.08,-57.863,53.802,7.1887,-71.638,6.2046,-71.755,-71.302,-60.206,-70.36,-57.454
-56.857,-85.1,-57.527,55.14,3.5247,-68.732,33.521,-64.672,-63.685,-67.798,-72.266,-56.594
-79.673,-98.123,-55.736,84.594,-0.82564,-67.535,72.503,-50.562,-48.971,-105.72,-106.87,-56.428
-91.823,-166.03,-72.633,126.48,-6.6623,-108.38,120.12,-30.033,-28.082,-116.77,-131.82,-90.458
-97.678,-182.43,-76.762,135.43,-17.64,-130.93,170.06,-3.5024,-1.6453,-121.93,-144.56,-133.57
-93.151,-178.37,-78.31,132.02,-12.679,-128.63,216.65,28.847,30.267,-119.71,-150.41,-145.17
-73.268,-163.29,-86.736,115.11,4.8119,-124.35,257.48,67.655,68.677,-105.54,-144.46,-147.81
-34.897,-134.54,-101.05,81.809,34.598,-116.44,293.08,115.02,116.17,-74.718,-121.84,-137.53
21.594,-88.167,-115.11,30.778,72.005,-99.824,325.7,174.8,176.71,-22.73,-77.758,-109.41
91.761,-18.669,-117.1,-38.273,108.09,-65.844,360.22,250.42,252.98,54.349,-7.8912,-58.497
167.88,81.552,-91.08,-125.67,131.57,-3.0266,403,342.13,344.84,159.61,91.46,21.105
240.86,220.9,-20.535,-231.5,129.86,100.94,457.03,451.67,454.3,295.95,223.73,136.52
302.91,403.97,106.49,-353.81,92.939,254.8,519.66,579.73,581.83,465.39,391.28,291.47
348.83,626.69,291.59,-487.18,17.963,457.82,583.66,722.97,724.24,668,592.61,481.44
375.13,875.13,522.5,-623.29,-88.821,696.71,639.58,876.8,877.16,898.58,819.77,695.04
381.39,1127,774.04,-751.75,-213.69,947.84,678.01,1036.1,1035.8,1146.9,1058.2,915.7
372,1353.8,1012,-860.85,-337.84,1179.8,691.36,1193.6,1193,1398.1,1288.3,1121.9
353.66,1525.5,1199.5,-938.93,-439.82,1359.1,675.54,1337.9,1337.4,1632,1486.7,1289.9
332.37,1616.1,1305.2,-975.96,-501.07,1457,630.35,1451.5,1451.3,1823.2,1628.6,1396.9
311.32,1610.7,1312.9,-965.66,-513.15,1458,559.09,1513.5,1513.6,1943,1691.9,1425.5
288.99,1510.5,1227.8,-907.1,-480.58,1365.4,469.43,1504,1504.2,1965.2,1661.9,1368.9
258.31,1333.9,1077,-805.21,-420.03,1201.9,373.89,1410.9,1410.9,1873.3,1536.1,1233
209,1110.4,901.75,-669.45,-356.77,1002.7,287.04,1235.2,1234.8,1667.5,1326,1035.8
133.28,872.76,742.27,-512.33,-314.81,803.92,218.66,992.43,991.92,1367.9,1056.3,802.66
31.859,648.69,624.47,-348.36,-306.61,632.57,168.58,710.83,710.53,1012.7,760.32,562.3
-84.375,456.6,553.55,-192.69,-329.22,500.66,128.59,424.77,425.05,650.93,474.39,341.69
-197.68,303.37,516.31,-57.994,-367.06,405.16,87.74,166.59,167.65,329.44,229.49,160.99
-289.72,184.63,489.64,49.206,-399,332.65,36.866,-41.514,-39.676,79.562,43.503,28.538
-347.61,89.241,451.42,127.93,-407.37,266.6,-27.421,-191.61,-189.23,-90.854,-83.045,-60.224
-367.07,6.2047,388.53,179.81,-384.67,194.43,-100.9,-288.65,-286.15,-193.13,-158.43,-116.96
-352.05,-70.463,298.46,208.88,-331.61,111.94,-173.86,-344.42,-342.31,-240.55,-195.27,-152.88
-311.6,-140.39,190.52,220.68,-256.9,23.773,-235.48,-370.65,-369.34,-254.97,-208.82,-175.84
-256.32,-198.18,80.782,220.49,-174.73,-60.856,-277.61,-375.29,-375.08,-253.46,-210.75,-190.37
-197.21,-238.69,-16.888,211.47,-97.137,-131.13,-296.35,-362.81,-363.79,-245.6,-207.81,-198.62
-143.3,-259.92,-93.268,178.31,-30.857,-180.06,-291.86,-337.83,-339.45,-235.46,-202.83,-196.93
-98.289,-249.59,-146.12,119.67,20.286,-209.25,-267.68,-306.94,-308.5,-223.89,-194.89,-147.31
-62.992,-203.29,-178.78,96.389,53.857,-222.39,-230.55,-272.43,-273.95,-207.35,-140.14,-123.75
-38.882,-161.58,-191.42,88.926,70.337,-219.99,-187.67,-232.65,-234.6,-164.58,-105.43,-123.78
-25.175,-138.02,-185.71,83.642,72.566,-196.94,-144.99,-190.28,-192.94,-136.32,-97.842,-125.35
-18.283,-124.42,-165.73,77.983,64.032,-151.63,-109.41,-152.89,-155.96,-119.58,-91.832,-125.24
-15.783,-114.93,-136.76,71.98,48.847,-111.68,-79.706,-123.11,-125.94,-107.14,-84.898,-123.47
-16.428,-107.03,-103.82,65.969,31.571,-92.692,-54.19,-99.086,-101.37,-96.081,-77.336,-120.47
-18.468,-100.08,-73.817,60.23,16.322,-83.853,-36.677,-79.997,-81.649,-85.677,-69.703,-116.62
-16.258,-94.107,-58.156,54.966,7.7916,-78.348,-26.537,-66.381,-67.386,-76.332,-62.531,-112.23
-12.35,-89.045,-51.083,50.287,8.8359,-74.561,-21.18,-58.767,-59.123,-68.587,-56.13,-107.57
-9.2105,-84.631,-49.153,46.206,9.8865,-71.939,-18.724,-56.327,-56.156,-62.468,-50.5,-102.84
-6.9534,-80.536,-50.084,42.671,10.233,-69.829,-17.888,-57.117,-56.738,-57.387,-45.416,-98.219
-5.3621,-76.561,-52.13,39.614,10.342,-67.571,-17.243,-57.669,-57.771,-52.652,-40.643,-93.845
-4.2279,-72.726,-53.638,36.98,10.579,-64.837,-15.548,-54.699,-55.339,-47.997,-36.119,-89.842
-3.3864,-69.186,-53.349,34.726,10.563,-61.766,-13.536,-49.842,-50.587,-43.593,-31.957,-86.319
-2.7157,-66.087,-51.584,32.811,10.173,-58.729,-11.676,-44.927,-45.607,-39.723,-28.318,-83.351
-2.1305,-63.489,-49.321,31.185,9.6239,-56.033,-10.159,-40.643,-41.191,-36.558,-25.304,-80.963
-1.5757,-61.355,-47.141,29.787,9.0747,-53.805,-9.0498,-37.223,-37.585,-34.113,-22.923,-79.108
-1.0234,-59.572,-45.255,28.546,8.5817,-52.008,-8.2995,-34.585,-34.698,-32.293,-21.091,-77.676
-0.46631,-57.993,-43.656,27.389,8.1602,-50.5,-7.7852,-32.453,-32.256,-30.928,-19.658,-76.511
0.092085,-56.483,-42.231,26.257,7.812,-49.123,-7.3696,-30.492,-29.951,-29.819,-18.447,-75.446
0.64749,-54.95,-40.856,25.106,7.5271,-47.755,-6.945,-28.417,-27.554,-28.773,-17.293,-74.33
1.2011,-53.354,-39.445,23.913,7.2895,-46.338,-6.4465,-26.051,-24.955,-27.637,-16.072,-73.056
1.764,-51.69,-37.943,22.665,7.0781,-44.857,-5.8659,-23.342,-22.171,-26.326,-14.718,-71.569
2.3529,-49.966,-36.316,21.359,6.8709,-43.323,-5.2351,-20.366,-19.301,-24.822,-13.218,-69.865
2.9832,-48.184,-34.55,19.989,6.6505,-41.747,-4.6076,-17.265,-16.479,-23.161,-11.599,-67.981
3.6642,-46.331,-32.643,18.546,6.4056,-40.124,-4.037,-14.19,-13.799,-21.397,-9.9008,-65.969
4.3911,-44.381,-30.595,17.025,6.1306,-38.435,-3.5595,-11.229,-11.29,-19.573,-8.1491,-63.879
5.1468,-42.304,-28.391,15.425,5.8225,-36.645,-3.1832,-8.4048,-8.9113,-17.703,-6.3417,-61.742
5.9072,-40.078,-26.013,13.75,5.4819,-34.722,-2.8908,-5.6954,-6.5877,-15.774,-4.4482,-59.566
6.6495,-37.695,-23.454,12.009,5.1141,-32.648,-2.6613,-3.0603,-4.2488,-13.76,-2.4241,-57.343
7.367,-35.159,-20.736,10.21,4.731,-30.423,-2.4726,-0.47484,-1.8594,-11.635,-0.2299,-55.057
8.0719,-32.482,-17.916,8.356,4.3487,-28.068,-2.3162,2.0621,0.56475,-9.3858,2.1544,-52.687
8.7917,-29.682,-15.069,6.4445,3.984,-25.617,-2.2212,4.5314,2.9728,-7.0134,4.7259,-50.214
9.5619,-26.771,-12.266,4.467,3.6506,-23.109,-2.2403,6.9067,5.306,-4.524,7.4679,-47.62
10.418,-23.754,-9.5637,2.4124,3.3578,-20.574,-2.4362,9.1683,7.5222,-1.9223,10.367,-44.884
11.391,-20.634,-7.0012,0.27214,3.1097,-18.034,-2.8626,11.314,9.6073,0.79714,13.432,-41.989
12.502,-17.415,-4.6056,-1.955,2.9074,-15.499,-3.5481,13.359,11.575,3.6554,16.704,-38.917
13.766,-14.108,-2.3943,-4.2624,2.7519,-12.975,-4.4896,15.333,13.459,6.6916,20.253,-35.644
15.194,-10.722,-0.37035,-6.6405,2.6477,-10.463,-5.6614,17.263,15.299,9.9623,24.17,-32.145
16.797,-7.2516,1.4855,-9.0857,2.6037,-7.9499,-7.0374,19.16,17.131,13.536,28.55,-28.395
18.595,-3.6645,3.2198,-11.609,2.6301,-5.3963,-8.6133,21.018,18.972,17.489,33.483,-24.375
20.623,0.1028,4.9034,-14.239,2.7345,-2.733,-10.415,22.813,20.823,21.9,39.054,-20.083
22.948,4.1337,6.6172,-17.017,2.9171,0.13045,-12.495,24.523,22.672,26.843,45.338,-15.538
25.644,8.5076,8.4272,-19.985,3.1707,3.2818,-14.915,26.136,24.502,32.391,52.406,-10.778
28.805,13.271,10.357,-23.18,3.4859,6.776,-17.745,27.658,26.301,38.602,60.303,-5.8551
32.534,18.416,12.368,-26.625,3.8608,10.61,-21.055,29.108,28.062,45.516,69.019,-0.81528
36.933,23.88,14.37,-30.335,4.3101,14.717,-24.909,30.506,29.777,53.155,78.445,4.3119
42.078,29.568,16.249,-34.322,4.867,18.981,-29.364,31.869,31.434,61.501,88.366,9.5263
47.995,35.387,17.907,-38.617,5.5757,23.277,-34.457,33.199,33.017,70.468,98.497,14.854
54.617,41.277,19.288,-43.28,6.4841,27.506,-40.199,34.489,34.504,79.878,108.56,20.335
61.809,47.237,20.39,-48.407,7.6423,31.622,-46.565,35.721,35.874,89.493,118.36,26.01
69.375,53.318,21.26,-54.129,9.1099,35.646,-53.48,36.872,37.113,99.079,127.8,31.918
77.126,59.609,21.977,-60.592,10.96,39.642,-60.818,37.917,38.211,108.48,136.93,38.087
84.935,66.22,22.631,-67.919,13.263,43.691,-68.406,38.832,39.165,117.66,145.83,44.54
92.752,73.266,23.303,-76.167,16.047,47.862,-76.062,39.6,39.973,126.67,154.64,51.291
100.57,80.845,24.045,-85.277,19.26,52.189,-83.638,40.218,40.637,135.61,163.48,58.356
108.4,89.028,24.874,-95.067,22.787,56.661,-91.052,40.691,41.152,144.56,172.46,65.748
116.27,97.852,25.773,-105.29,26.505,61.234,-98.279,41.028,41.517,153.57,181.61,73.48
124.21,107.31,26.704,-115.7,30.336,65.849,-105.33,41.235,41.728,162.56,190.91,81.542
132.28,117.35,27.625,-126.12,34.25,70.445,-112.24,41.311,41.782,171.4,200.27,89.883
140.53,127.88,28.5,-136.46,38.233,74.976,-119.02,41.254,41.678,179.9,209.53,98.405
148.97,138.76,29.308,-146.66,42.262,79.402,-125.67,41.067,41.414,187.9,218.57,106.99
157.57,149.76,30.04,-156.68,46.29,83.692,-132.19,40.749,40.988,195.29,227.28,115.51
166.23,160.65,30.699,-166.44,50.261,87.816,-138.53,40.293,40.389,202.03,235.57,123.89
174.84,171.14,31.29,-175.83,54.123,91.738,-144.62,39.679,39.603,208.11,243.39,132.11
183.25,180.97,31.816,-184.73,57.838,95.425,-150.42,38.884,38.615,213.58,250.67,140.2
191.35,189.96,32.275,-193,61.38,98.849,-155.89,37.886,37.418,218.46,257.36,148.2
199.03,198.03,32.667,-200.58,64.716,102,-161.03,36.68,36.015,222.79,263.46,156.12
206.17,205.19,32.992,-207.44,67.795,104.88,-165.83,35.275,34.422,226.58,268.96,163.95
212.67,211.51,33.258,-213.56,70.558,107.5,-170.33,33.689,32.659,229.87,273.91,171.61
218.48,217.06,33.473,-218.97,72.958,109.9,-174.54,31.947,30.745,232.69,278.34,179.01
223.54,221.9,33.643,-223.72,74.989,112.07,-178.5,30.064,28.696,235.09,282.31,186.07
227.89,226.09,33.762,-227.83,76.693,114.01,-182.25,28.05,26.524,237.12,285.84,192.7
231.58,229.65,33.818,-231.36,78.145,115.7,-185.8,25.911,24.239,238.82,288.96,198.82
234.75,232.61,33.79,-234.38,79.434,117.11,-189.19,23.647,21.852,240.22,291.71,204.38
237.51,235.01,33.659,-236.94,80.643,118.21,-192.45,21.255,19.373,241.3,294.09,209.31
239.99,236.88,33.41,-239.12,81.845,118.97,-195.59,18.734,16.81,242.03,296.12,213.57
242.3,238.25,33.046,-240.98,83.102,119.4,-198.64,16.095,14.176,242.36,297.76,217.11
244.53,239.15,32.589,-242.54,84.462,119.5,-201.64,13.368,11.491,242.2,298.98,219.87
246.7,239.57,32.078,-243.81,85.962,119.28,-204.61,10.615,8.7885,241.48,299.72,221.8
248.8,239.48,31.565,-244.73,87.618,118.76,-207.57,7.929,6.1226,240.1,299.89,222.85
250.69,238.8,31.105,-245.2,89.408,117.96,-210.46,5.4177,3.5654,237.93,299.36,222.99
252.09,237.44,30.746,-245.04,91.215,116.89,-213.11,3.1896,1.2075,234.79,297.93,222.16
252.5,235.28,30.524,-244.01,92.748,115.56,-215.16,1.336,-0.84151,230.44,295.32,220.3
251.27,232.16,30.462,-241.82,93.49,113.98,-216.07,-0.077985,-2.459,224.68,291.21,217.36
247.73,227.96,30.562,-238.15,92.821,112.14,-215.18,-1.0146,-3.5268,217.38,285.32,213.26
241.46,222.5,30.814,-232.69,90.311,110.03,-211.92,-1.4608,-3.9604,208.54,277.52,207.97
232.42,215.63,31.193,-225.2,85.899,107.62,-205.86,-1.4244,-3.7348,198.36,267.81,201.49
220.86,207.16,31.671,-215.54,79.8,104.87,-196.8,-0.9289,-2.886,187.12,256.36,193.87
207.19,196.95,32.216,-203.83,72.347,101.76,-184.63,-0.0069583,-1.4919,175.19,243.41,185.22
191.96,184.99,32.803,-190.37,63.915,98.259,-169.09,1.305,0.3553,162.86,229.25,175.64
175.74,171.48,33.41,-175.63,54.881,94.369,-150.19,2.9685,2.5688,150.3,214.24,165.26
159.1,156.82,34.02,-160.08,45.586,90.11,-128.74,4.9396,5.0727,137.55,198.69,154.17
142.51,141.6,34.613,-144.07,36.317,85.514,-106.24,7.1649,7.798,124.54,182.84,142.42
126.31,126.39,35.165,-127.83,27.32,80.61,-83.99,9.5789,10.674,111.17,166.85,130.07
110.69,111.7,35.65,-111.51,18.82,75.42,-62.576,12.107,13.625,97.365,150.78,117.2
95.722,97.798,36.039,-95.341,11.029,69.956,-42.085,14.672,16.571,83.243,134.63,103.95
81.38,84.78,36.299,-79.722,4.1357,64.219,-22.617,17.198,19.435,69.188,118.35,90.506
67.589,72.558,36.397,-65.18,-1.6971,58.212,-4.4997,19.617,22.151,55.815,101.92,77.124
54.215,60.95,36.294,-52.144,-6.3523,51.949,11.624,21.869,24.664,43.736,85.454,64.076
41.119,49.762,35.954,-40.715,-9.8706,45.462,24.45,23.9,26.93,33.304,69.419,51.635
28.477,38.863,35.345,-30.672,-12.538,38.81,32.144,25.665,28.906,24.535,54.678,40.032
17.219,28.234,34.446,-21.673,-14.687,32.078,34.726,27.131,30.557,17.206,42.043,29.43
8.5104,17.961,33.246,-13.464,-16.472,25.368,35.229,28.282,31.847,11.012,31.767,19.902
2.4796,8.1962,31.755,-5.9526,-17.917,18.786,35.984,29.119,32.746,5.6792,23.538,11.44
-1.6866,-0.89396,29.996,0.84349,-19.027,12.432,37.196,29.658,33.235,1.0024,16.825,3.9792
-4.7966,-9.1696,28.013,6.8703,-19.825,6.3969,38.37,29.922,33.312,-3.1531,11.17,-2.5705
-7.3094,-16.533,25.861,12.095,-20.346,0.76555,39.103,29.933,32.998,-6.8715,6.2724,-8.3025
-9.4308,-22.939,23.602,16.529,-20.63,-4.3847,39.203,29.707,32.337,-10.207,1.9632,-13.302
-11.247,-28.399,21.301,20.225,-20.722,-8.9992,38.64,29.252,31.388,-13.201,-1.8436,-17.648
-12.796,-32.979,19.015,23.27,-20.666,-13.06,37.474,28.578,30.216,-15.888,-5.1933,-21.409
-14.105,-36.783,16.79,25.764,-20.501,-16.59,35.801,27.698,28.882,-18.294,-8.1165,-24.65
-15.197,-39.937,14.651,27.808,-20.26,-19.646,33.724,26.638,27.437,-20.437,-10.64,-27.424
-16.094,-42.563,12.609,29.49,-19.967,-22.295,31.343,25.436,25.923,-22.326,-12.789,-29.777
-16.819,-44.763,10.665,30.882,-19.639,-24.602,28.749,24.142,24.381,-23.97,-14.588,-31.748
-17.389,-46.61,8.8227,32.032,-19.288,-26.613,26.03,22.806,22.847,-25.382,-16.064,-33.376
-17.82,-48.148,7.0937,32.968,-18.924,-28.351,23.27,21.479,21.364,-26.586,-17.251,-34.703
-18.128,-49.401,5.5005,33.706,-18.553,-29.824,20.547,20.201,19.972,-27.61,-18.189,-35.776
-18.327,-50.384,4.0744,34.253,-18.183,-31.032,17.926,18.996,18.697,-28.48,-18.927,-36.641
-18.435,-51.11,2.8482,34.622,-17.822,-31.976,15.453,17.873,17.548,-29.213,-19.51,-37.336
-18.468,-51.595,1.8481,34.826,-17.473,-32.662,13.154,16.822,16.511,-29.817,-19.976,-37.894
-18.441,-51.863,1.0849,34.884,-17.139,-33.107,11.032,15.825,15.56,-30.296,-20.353,-38.335
-18.367,-51.943,0.54828,34.821,-16.821,-33.337,9.0814,14.863,14.667,-30.657,-20.66,-38.674
-18.255,-51.872,0.20329,34.665,-16.516,-33.39,7.3005,13.924,13.816,-30.917,-20.908,-38.916
-18.116,-51.697,-0.0068649,34.448,-16.221,-33.315,5.6996,13.009,13.003,-31.097,-21.1,-39.065
-17.96,-51.466,-0.14926,34.2,-15.936,-33.168,4.2983,12.128,12.237,-31.22,-21.239,-39.123
-17.795,-51.222,-0.28303,33.946,-15.66,-32.995,3.1153,11.296,11.528,-31.301,-21.321,-39.095
-17.628,-50.99,-0.44443,33.704,-15.395,-32.831,2.1562,10.525,10.88,-31.345,-21.346,-38.989
-17.462,-50.78,-0.64176,33.476,-15.142,-32.69,1.409,9.8242,10.289,-31.347,-21.319,-38.816
-17.297,-50.579,-0.85886,33.257,-14.904,-32.566,0.84651,9.1935,9.7419,-31.302,-21.251,-38.583
-17.128,-50.359,-1.0614,33.027,-14.683,-32.435,0.43276,8.6224,9.2156,-31.207,-21.156,-38.292
-16.949,-50.079,-1.2033,32.765,-14.483,-32.263,0.12743,8.0921,8.6868,-31.069,-21.043,-37.928
-16.753,-49.698,-1.2337,32.444,-14.313,-32.01,-0.10995,7.5791,8.1366,-30.898,-20.917,-37.471
-16.533,-49.178,-1.1064,32.046,-14.184,-31.634,-0.31271,7.0611,7.5564,-30.703,-20.778,-36.892
-16.288,-48.492,-0.78958,31.556,-14.109,-31.102,-0.49655,6.5242,6.9514,-30.486,-20.626,-36.166
-16.014,-47.629,-0.27001,30.964,-14.098,-30.395,-0.65094,5.9673,6.3417,-30.232,-20.459,-35.272
-15.706,-46.578,0.45387,30.263,-14.155,-29.5,-0.73868,5.4051,5.7615,-29.913,-20.273,-34.19
-15.359,-45.325,1.3847,29.44,-14.286,-28.404,-0.70534,4.8708,5.2567,-29.493,-20.054,-32.9
-14.961,-43.839,2.535,28.478,-14.498,-27.086,-0.4935,4.4175,4.8798,-28.938,-19.776,-31.38
-14.505,-42.077,3.9241,27.355,-14.798,-25.517,-0.053466,4.1141,4.6835,-28.225,-19.401,-29.61
-13.98,-39.997,5.5628,26.049,-15.19,-23.665,0.65369,4.033,4.7131,-27.347,-18.894,-27.571
-13.386,-37.581,7.4354,24.555,-15.67,-21.521,1.659,4.2329,5.001,-26.314,-18.226,-25.252
-12.725,-34.845,9.4933,22.885,-16.218,-19.102,2.9899,4.7452,5.5638,-25.141,-17.388,-22.649
-12.009,-31.848,11.666,21.072,-16.805,-16.46,4.6743,5.5722,6.4037,-23.845,-16.394,-19.769
-11.251,-28.667,13.882,19.158,-17.401,-13.658,6.7433,6.6947,7.5113,-22.436,-15.273,-16.641
-10.464,-25.369,16.093,17.183,-17.98,-10.747,9.2301,8.0822,8.8701,-20.92,-14.061,-13.302
-9.6614,-21.982,18.293,15.164,-18.535,-7.7331,12.165,9.6995,10.458,-19.303,-12.792,-9.7954
-8.8532,-18.47,20.513,13.091,-19.079,-4.5622,15.57,11.51,12.248,-17.597,-11.49,-6.1612
-8.0482,-14.74,22.809,10.928,-19.637,-1.1279,19.441,13.479,14.212,-15.822,-10.165,-2.4283
-7.2507,-10.682,25.225,8.6334,-20.234,2.6878,23.747,15.572,16.319,-14.005,-8.8142,1.3867
-6.4582,-6.2119,27.762,6.1722,-20.874,6.963,28.405,17.761,18.535,-12.172,-7.4288,5.277
-5.6602,-1.3147,30.37,3.5342,-21.544,11.694,33.282,20.012,20.823,-10.342,-5.9984,9.24
-4.8418,3.9422,32.963,0.73672,-22.211,16.786,38.205,22.29,23.137,-8.5299,-4.5194,13.269
-3.9909,9.4239,35.455,-2.1772,-22.839,22.074,42.996,24.553,25.43,-6.749,-2.9999,17.345
-3.1068,14.962,37.782,-5.1449,-23.399,27.376,47.503,26.755,27.649,-5.0108,-1.4584,21.443
-2.2066,20.395,39.915,-8.0914,-23.887,32.534,51.62,28.854,29.746,-3.3248,0.08124,25.528
-1.3238,25.594,41.861,-10.941,-24.316,37.45,55.287,30.816,31.682,-1.6941,1.5954,29.574
-0.50119,30.482,43.643,-13.627,-24.716,42.083,58.473,32.617,33.426,-0.11591,3.0646,33.554
0.22267,35.028,45.288,-16.105,-25.115,46.429,61.167,34.239,34.956,1.4122,4.4725,37.451
0.82532,39.223,46.811,-18.348,-25.528,50.49,63.369,35.659,36.253,2.8854,5.8033,41.242
1.3071,43.058,48.212,-20.347,-25.957,54.249,65.086,36.852,37.299,4.2882,7.0397,44.905
1.6905,46.512,49.48,-22.102,-26.388,57.664,66.324,37.785,38.079,5.5976,8.163,48.407
2.0151,49.559,50.602,-23.621,-26.785,60.688,67.089,38.432,38.581,6.7881,9.1555,51.711
2.3316,52.183,51.567,-24.93,-27.102,63.284,67.38,38.778,38.801,7.8356,10,54.771
2.6952,54.384,52.367,-26.07,-27.292,65.433,67.184,38.82,38.737,8.7181,10.679,57.538
3.1581,56.178,53.003,-27.086,-27.337,67.125,66.48,38.561,38.386,9.4112,11.172,59.961
3.7591,57.569,53.478,-28.008,-27.261,68.333,65.245,38.005,37.742,9.8841,11.46,61.985
4.5089,58.538,53.793,-28.831,-27.139,68.998,63.463,37.15,36.801,10.102,11.525,63.553
5.3762,59.022,53.929,-29.506,-27.061,69.021,61.153,35.994,35.562,10.036,11.359,64.609
6.2798,58.924,53.817,-29.945,-27.047,68.286,58.372,34.539,34.031,9.6793,10.957,65.101
7.0997,58.13,53.334,-30.046,-26.941,66.699,55.204,32.794,32.227,9.0511,10.319,64.992
7.7088,56.543,52.325,-29.715,-26.433,64.217,51.728,30.772,30.171,8.1873,9.4426,64.258
8.0119,54.11,50.674,-28.892,-25.226,60.872,48.004,28.493,27.886,7.1276,8.3226,62.891
7.9727,50.838,48.348,-27.557,-23.224,56.755,44.077,25.976,25.391,5.9057,6.9544,60.892
7.6122,46.774,45.417,-25.72,-20.59,51.99,39.999,23.239,22.703,4.5468,5.3398,58.278
6.9842,41.982,42.013,-23.4,-17.655,46.699,35.831,20.302,19.834,3.0667,3.4884,55.082
6.1451,36.522,38.283,-20.616,-14.761,40.972,31.643,17.178,16.791,1.4672,1.4127,51.348
5.1316,30.442,34.336,-17.387,-12.174,34.857,27.487,13.872,13.572,-0.2704,-0.87896,47.133
3.9504,23.777,30.222,-13.74,-10.067,28.364,23.385,10.376,10.162,-2.1862,-3.3862,42.49
2.576,16.572,25.929,-9.7145,-8.5201,21.492,19.334,6.6749,6.5349,-4.3312,-6.1157,37.475
0.96158,8.8985,21.416,-5.3656,-7.5105,14.27,15.327,2.7458,2.6553,-6.7473,-9.074,32.141
-0.93781,0.87457,16.645,-0.76712,-6.8907,6.7921,11.385,-1.4283,-1.5114,-9.4483,-12.258,26.546
-3.1364,-7.3235,11.6,3.9922,-6.4306,-0.76887,7.5732,-5.8504,-5.9836,-12.409,-15.649,20.763
-5.6003,-15.48,6.2979,8.8151,-5.9308,-8.1924,4.0002,-10.494,-10.746,-15.567,-19.205,14.881
-8.2502,-23.374,0.78953,13.606,-5.3371,-15.259,0.78881,-15.287,-15.73,-18.834,-22.862,9.0085
-10.983,-30.824,-4.8028,18.282,-4.7427,-21.794,-1.9621,-20.11,-20.812,-22.106,-26.537,3.2672
-13.698,-37.705,-10.267,22.772,-4.2794,-27.695,-4.2034,-24.804,-25.822,-25.278,-30.14,-2.2228
-16.311,-43.955,-15.346,27.011,-4.0145,-32.925,-5.9405,-29.209,-30.569,-28.258,-33.59,-7.3595
-18.757,-49.567,-19.847,30.943,-3.9353,-37.51,-7.2245,-33.2,-34.886,-30.968,-36.826,-12.077
-20.99,-54.567,-23.707,34.517,-3.9889,-41.513,-8.1374,-36.72,-38.67,-33.365,-39.824,-16.353
-22.986,-59,-26.991,37.702,-4.1099,-45.021,-8.7774,-39.778,-41.91,-35.443,-42.584,-20.207
-24.74,-62.916,-29.832,40.487,-4.2232,-48.12,-9.2435,-42.418,-44.662,-37.233,-45.122,-23.686
-26.253,-66.359,-32.354,42.885,-4.2548,-50.881,-9.625,-44.696,-47.016,-38.787,-47.46,-26.84
-27.526,-69.359,-34.64,44.918,-4.1597,-53.351,-9.9874,-46.661,-49.059,-40.169,-49.614,-29.712
-28.565,-71.939,-36.72,46.609,-3.9399,-55.55,-10.367,-48.364,-50.86,-41.43,-51.599,-32.322
-29.383,-74.108,-38.587,47.982,-3.637,-57.481,-10.775,-49.859,-52.468,-42.607,-53.426,-34.677
-29.999,-75.871,-40.222,49.057,-3.3041,-59.132,-11.2,-51.201,-53.923,-43.719,-55.104,-36.78
-30.433,-77.244,-41.613,49.861,-2.9795,-60.496,-11.622,-52.445,-55.244,-44.765,-56.638,-38.641
-30.717,-78.264,-42.764,50.431,-2.678,-61.582,-12.013,-53.613,-56.431,-45.727,-58.026,-40.279
-30.888,-78.988,-43.697,50.817,-2.4006,-62.416,-12.344,-54.704,-57.477,-46.572,-59.258,-41.718
-30.991,-79.489,-44.442,51.077,-2.1499,-63.038,-12.59,-55.698,-58.367,-47.266,-60.329,-42.972
-31.064,-79.84,-45.026,51.265,-1.9363,-63.49,-12.738,-56.577,-59.097,-47.787,-61.238,-44.049
-31.135,-80.101,-45.473,51.419,-1.7711,-63.809,-12.79,-57.34,-59.676,-48.141,-62.003,-44.947
-31.215,-80.314,-45.807,51.555,-1.6562,-64.03,-12.77,-58.012,-60.139,-48.369,-62.651,-45.67
-31.295,-80.507,-46.067,51.677,-1.5732,-64.191,-12.72,-58.639,-60.539,-48.539,-63.222,-46.244
-31.358,-80.707,-46.315,51.782,-1.4896,-64.337,-12.692,-59.27,-60.932,-48.727,-63.759,-46.726
-31.393,-80.949,-46.627,51.882,-1.3668,-64.528,-12.722,-59.944,-61.362,-49.002,-64.309,-47.204
-31.408,-81.29,-47.086,52.011,-1.1738,-64.832,-12.805,-60.668,-61.841,-49.403,-64.919,-47.781
-31.439,-81.808,-47.765,52.23,-0.89721,-65.323,-12.856,-61.404,-62.346,-49.948,-65.644,-48.553
-31.563,-82.59,-48.687,52.618,-0.55562,-66.061,-12.704,-62.057,-62.807,-50.645,-66.541,-49.599
-31.882,-83.706,-49.812,53.259,-0.20768,-67.068,-12.111,-62.502,-63.117,-51.506,-67.673,-50.965
-32.505,-85.179,-51.03,54.211,0.055649,-68.312,-10.828,-62.592,-63.14,-52.565,-69.113,-52.67
-33.488,-86.963,-52.203,55.474,0.14496,-69.705,-8.6034,-62.168,-62.713,-53.835,-70.902,-54.707
-34.779,-88.932,-53.218,56.964,0.027919,-71.14,-5.3231,-61.059,-61.64,-55.285,-73.034,-57.038
-36.166,-90.911,-54.044,58.508,-0.21583,-72.504,-3.2626,-59.071,-59.691,-56.802,-75.43,-59.595
-37.301,-92.68,-54.754,59.847,-0.36253,-73.717,-9.6817,-56.075,-56.69,-58.163,-77.92,-62.253
-37.773,-94.014,-55.515,60.683,-0.056153,-74.73,-18.073,-52.463,-53.026,-59.034,-80.229,-64.807
-37.19,-94.674,-56.502,60.714,1.0936,-75.488,-20.053,-50.859,-51.568,-58.971,-81.972,-66.938
-35.286,-94.384,-57.761,59.674,3.3536,-75.856,-15.702,-58.332,-59.808,-57.414,-82.668,-68.176
-32.855,-92.822,-59.05,57.503,6.8751,-75.529,-3.6475,-70.595,-71.963,-53.885,-81.923,-67.922
-38.513,-89.932,-59.782,55.388,8.8416,-74.003,18.478,-68.742,-69.603,-50.058,-80.233,-65.619
-65.62,-88.588,-59.168,62.05,4.9193,-71.029,52.249,-58.352,-58.853,-67.916,-84.344,-61.707
-83.598,-113.12,-57.531,102.17,0.1334,-72.528,96.675,-42.019,-42.238,-108.43,-114.8,-66.821
-94.255,-174.25,-74.435,130.9,-5.8188,-117.32,147.13,-19.981,-20.061,-116.84,-135.14,-121.03
-98.064,-182.79,-77.08,135.86,-16.946,-131.36,197.19,7.6067,7.5414,-120.17,-147.45,-142.64
-90.105,-177.28,-78.593,129.78,-12.702,-128.79,241.99,41.218,40.998,-115.92,-152.93,-148.46
-65.649,-160.69,-86.993,109.76,4.1006,-124.23,280.09,82.184,81.666,-99.616,-146.82,-143.72
-22.128,-130.05,-101.22,72.996,33.42,-115.79,312.4,133.11,132.41,-66.409,-124.37,-123.79
39.174,-81.124,-115.09,18.288,70.55,-98.221,342.28,197.35,196.54,-11.503,-80.746,-83.946
112.75,-8.6561,-116.84,-54.184,106.33,-62.921,376.3,276.1,274.9,68.859,-11.351,-20.303
190.06,94.005,-90.879,-143.88,130.24,1.0058,420.67,369.13,367.63,176.79,88.231,71.356
261.67,234.19,-21.026,-250.22,130.34,105.12,477.26,478.29,476.9,314.48,222.06,196.46
319.91,416.43,104.84,-371.48,96.098,258.06,542.06,604.81,603.76,484.66,392.12,357.81
360.19,637.82,288.94,-503.21,23.415,459.85,606.41,746.96,746.02,687.49,595.84,551.76
380.5,885.45,519.61,-637.83,-82.996,698.04,659.94,900.51,899.36,917.58,824.66,767.73
382.08,1137,771.99,-764.83,-209.65,949.26,693.08,1059.8,1058.2,1164.6,1063.7,987.53
369.81,1362.9,1012,-871.78,-336.75,1181.6,698.5,1216.5,1214.6,1413.5,1292.5,1187.2
350.06,1532.1,1202.5,-946.24,-442.65,1361,672.5,1357.6,1355.6,1643.6,1487.1,1341.1
328.39,1618.4,1311.7,-978.03,-508.66,1458.2,616.02,1465.3,1463.6,1829.4,1622.7,1426.9
307.07,1607.5,1322,-961.63,-524.24,1457.5,534.43,1519.6,1518.4,1942.3,1678,1430.3
283.09,1502.4,1238.4,-897.32,-492.67,1363.1,438.05,1502.5,1501.3,1957.2,1639.5,1349
248.34,1322.5,1088.5,-790.96,-432.57,1198.3,341.52,1402.3,1400.8,1858.5,1506.3,1193
193,1097.8,913.21,-652.41,-370.1,998.63,258.71,1220,1218.1,1647.2,1290.7,982.74
111.07,860.34,751.71,-494.1,-328.27,799.74,195.72,970.83,968.86,1343.8,1017.8,745
5.1013,636.78,629.44,-330.17,-318.77,627.77,148.59,683.26,681.63,986.71,720.83,507.99
-112.43,444.75,552.25,-175.31,-338.44,494.38,107.7,392.22,391.34,624.6,435.99,296.66
-222.8,290.84,508.15,-41.785,-371.9,396.59,62.831,130.89,131.07,303.9,193.85,127.44
-307.98,170.81,475.13,64.197,-398.72,321.27,6.4678,-77.616,-76.254,55.66,11.758,4.0067
-356.81,73.819,431.72,140.82,-401.45,252.32,-63.006,-224.97,-222.66,-113.68,-109.76,-81.224
-367.3,-11.069,365.06,189.37,-373,177.67,-139.71,-316.52,-313.8,-211.36,-178.11,-137.66
-345.16,-89.08,272.8,214.96,-315.67,93.486,-211.9,-364.72,-362.16,-251.21,-209.03,-172.68
-300.22,-157.81,164.04,223.76,-238.21,3.9351,-266.46,-381.83,-379.9,-260.34,-218.62,-192.41
-243.1,-211.59,53.425,220.86,-153.81,-80.962,-294.96,-376.33,-375.3,-255.71,-217.9,-201.51
-184.15,-247.4,-46.336,209.37,-75.718,-149.41,-296.89,-354.06,-353.92,-245.51,-213.02,-203.15
-131.2,-263.11,-121.02,178.2,-12.739,-195.31,-276.96,-323.28,-323.49,-233.12,-206.4,-193.15
-87.498,-233.43,-166.83,124.73,32.454,-218.59,-242.35,-290.52,-290.44,-219.26,-197.53,-140.68
-54.594,-166.65,-188.32,100.5,60.222,-220.06,-200.87,-253.48,-253.24,-198.93,-176.27,-121.62
-33.653,-131.51,-189.5,89.782,71.784,-194.74,-158.67,-209.14,-209.05,-154.63,-148.68,-117.74
-22.241,-117.38,-174.61,81.515,69.867,-145.62,-121.7,-164.8,-164.24,-123.73,-129.21,-113.41
-16.775,-109.38,-148.81,74.049,58.325,-106.34,-90.498,-130.59,-129.31,-106.81,-114.92,-107.19
-15.273,-102.87,-117.02,67.147,41.631,-88.739,-62.638,-105.23,-103.65,-94.627,-102.62,-99.744
-16.845,-96.913,-81.838,60.81,24.339,-81.057,-41.884,-85.479,-84.031,-84.019,-91.032,-91.83
-19.331,-91.539,-60.657,55.154,10.311,-76.357,-29.413,-70.737,-69.634,-74.817,-79.894,-83.943
-16.708,-86.791,-52.077,50.26,5.4969,-72.885,-22.771,-61.739,-60.953,-67.478,-69.423,-76.352
-13.132,-82.521,-48.856,46.104,6.3783,-70.264,-19.964,-58.32,-57.742,-61.854,-59.987,-69.188
-10.496,-78.527,-49.048,42.596,6.9814,-68.066,-19.684,-58.941,-58.594,-57.214,-51.696,-62.485
-8.7201,-74.712,-50.633,39.651,7.4498,-65.794,-20.183,-60.943,-60.845,-52.922,-44.331,-56.229
-7.53,-71.142,-51.755,37.203,7.9064,-63.203,-19.094,-60.421,-60.468,-48.769,-37.694,-50.392
-6.6925,-67.954,-51.235,35.192,8.0658,-60.422,-17.442,-57.661,-58.02,-44.868,-31.835,-44.967
-6.045,-65.25,-49.408,33.553,7.8243,-57.752,-16.01,-54.473,-55.222,-41.418,-26.892,-39.98
-5.4772,-63.049,-47.201,32.21,7.4122,-55.438,-14.888,-51.622,-52.704,-38.564,-22.914,-35.479
-4.9193,-61.3,-45.176,31.083,7.018,-53.583,-14.088,-49.368,-50.634,-36.342,-19.844,-31.515
-4.3342,-59.891,-43.55,30.09,6.7193,-52.158,-13.562,-47.7,-48.961,-34.688,-17.55,-28.11
-3.7115,-58.688,-42.327,29.162,6.5318,-51.043,-13.218,-46.437,-47.514,-33.466,-15.853,-25.248
-3.0583,-57.564,-41.382,28.243,6.4402,-50.089,-12.956,-45.328,-46.097,-32.499,-14.555,-22.868
-2.3885,-56.433,-40.572,27.3,6.4143,-49.178,-12.699,-44.146,-44.546,-31.607,-13.468,-20.878
-1.7113,-55.252,-39.786,26.317,6.4196,-48.241,-12.405,-42.744,-42.77,-30.638,-12.447,-19.183
-1.0268,-54.006,-38.951,25.284,6.4233,-47.249,-12.065,-41.064,-40.754,-29.489,-11.395,-17.702
-0.326,-52.685,-38.009,24.188,6.3992,-46.187,-11.694,-39.135,-38.548,-28.12,-10.264,-16.386
0.40295,-51.264,-36.9,23.007,6.3248,-45.034,-11.316,-37.037,-36.244,-26.55,-9.0356,-15.216
1.1678,-49.705,-35.575,21.717,6.1881,-43.76,-10.952,-34.863,-33.931,-24.835,-7.7066,-14.201
1.9671,-47.972,-34,20.3,5.9866,-42.336,-10.622,-32.673,-31.653,-23.036,-6.2778,-13.372
2.794,-46.047,-32.179,18.754,5.7314,-40.746,-10.342,-30.487,-29.404,-21.196,-4.7455,-12.769
3.6399,-43.941,-30.157,17.092,5.4478,-39.003,-10.121,-28.287,-27.128,-19.325,-3.0983,-12.426
4.5002,-41.689,-28.01,15.339,5.1693,-37.14,-9.9564,-26.038,-24.752,-17.404,-1.3161,-12.366
5.3782,-39.337,-25.825,13.516,4.9254,-35.204,-9.835,-23.706,-22.213,-15.399,0.62896,-12.598
6.2883,-36.916,-23.657,11.634,4.7328,-33.231,-9.7379,-21.279,-19.488,-13.274,2.7736,-13.118
7.2502,-34.43,-21.518,9.6876,4.5918,-31.236,-9.6488,-18.759,-16.609,-11.001,5.1649,-13.909
8.2868,-31.853,-19.381,7.6566,4.4908,-29.207,-9.5705,-16.16,-13.644,-8.5612,7.8563,-14.937
9.4166,-29.138,-17.21,5.5172,4.4121,-27.118,-9.518,-13.491,-10.67,-5.9425,10.898,-16.148
10.654,-26.234,-14.979,3.2487,4.338,-24.936,-9.5211,-10.767,-7.7453,-3.1369,14.324,-17.476
12.002,-23.093,-12.675,0.83917,4.2524,-22.623,-9.606,-8.0018,-4.8971,-0.13571,18.146,-18.841
13.461,-19.68,-10.297,-1.7127,4.1421,-20.142,-9.7943,-5.2059,-2.1226,3.0757,22.36,-20.164
15.017,-15.971,-7.8471,-4.3996,4.0017,-17.457,-10.087,-2.3891,0.59649,6.5249,26.973,-21.363
16.659,-11.958,-5.3337,-7.2087,3.8394,-14.542,-10.467,0.43943,3.2822,10.257,32.029,-22.362
18.397,-7.6466,-2.7697,-10.128,3.6768,-11.385,-10.902,3.2685,5.9539,14.336,37.635,-23.093
20.266,-3.0503,-0.16749,-13.153,3.5408,-7.9834,-11.366,6.0861,8.6265,18.842,43.961,-23.503
22.328,1.8161,2.4652,-16.287,3.4526,-4.342,-11.843,8.8835,11.312,23.876,51.21,-23.56
24.673,6.9365,5.1188,-19.541,3.4223,-0.46868,-12.335,11.659,14.02,29.55,59.545,-23.252
27.403,12.285,7.7671,-22.925,3.4505,3.6179,-12.865,14.418,16.757,35.984,68.987,-22.586
30.612,17.816,10.358,-26.444,3.5366,7.8773,-13.466,17.17,19.527,43.283,79.355,-21.58
34.394,23.467,12.82,-30.106,3.6858,12.247,-14.171,19.925,22.328,51.506,90.275,-20.252
38.811,29.18,15.097,-33.927,3.9086,16.66,-15.007,22.689,25.15,60.62,101.31,-18.604
43.864,34.932,17.17,-37.95,4.2161,21.081,-15.988,25.459,27.979,70.48,112.1,-16.617
49.492,40.75,19.071,-42.246,4.6154,25.524,-17.117,28.222,30.793,80.837,122.46,-14.247
55.587,46.713,20.866,-46.921,5.1111,30.05,-18.397,30.964,33.573,91.405,132.39,-11.435
62.025,52.923,22.625,-52.105,5.71,34.732,-19.831,33.668,36.307,101.96,141.98,-8.1164
68.691,59.477,24.394,-57.938,6.4265,39.618,-21.431,36.318,38.987,112.37,151.39,-4.2356
75.496,66.449,26.173,-64.544,7.2851,44.699,-23.217,38.905,41.61,122.62,160.75,0.24751
82.384,73.893,27.928,-72.006,8.3177,49.918,-25.229,41.42,44.172,132.76,170.16,5.3561
89.333,81.856,29.61,-80.335,9.5598,55.193,-27.53,43.857,46.66,142.85,179.67,11.097
96.355,90.377,31.175,-89.453,11.049,60.437,-30.221,46.215,49.046,152.9,189.27,17.462
103.49,99.478,32.589,-99.193,12.828,65.566,-33.441,48.49,51.299,162.87,198.94,24.431
110.77,109.13,33.829,-109.33,14.947,70.5,-37.341,50.677,53.383,172.66,208.6,31.965
118.27,119.22,34.884,-119.63,17.475,75.172,-42.046,52.752,55.275,182.12,218.16,39.994
126.03,129.59,35.754,-129.89,20.493,79.548,-47.582,54.68,56.96,191.09,227.52,48.408
134.08,140.07,36.459,-140,24.058,83.637,-53.845,56.418,58.429,199.43,236.51,57.061
142.42,150.52,37.029,-149.89,28.142,87.49,-60.618,57.927,59.683,207.03,244.96,65.797
150.97,160.83,37.505,-159.57,32.595,91.181,-67.652,59.18,60.721,213.82,252.74,74.495
159.65,170.94,37.931,-169.02,37.187,94.783,-74.748,60.161,61.548,219.82,259.76,83.106
168.31,180.71,38.343,-178.18,41.711,98.342,-81.787,60.863,62.166,225.07,266.04,91.658
176.84,190,38.757,-186.94,46.043,101.87,-88.726,61.285,62.567,229.63,271.64,100.24
185.09,198.64,39.171,-195.16,50.131,105.33,-95.566,61.428,62.735,233.59,276.65,108.96
192.97,206.49,39.566,-202.75,53.975,108.65,-102.33,61.303,62.64,237.01,281.16,117.89
200.38,213.46,39.909,-209.62,57.593,111.76,-109.02,60.925,62.247,239.97,285.25,127
207.27,219.56,40.172,-215.76,61.009,114.59,-115.68,60.307,61.528,242.51,288.99,136.21
213.6,224.82,40.332,-221.2,64.231,117.08,-122.3,59.458,60.467,244.69,292.38,145.35
219.32,229.34,40.38,-225.97,67.243,119.23,-128.93,58.372,59.07,246.56,295.45,154.23
224.4,233.2,40.32,-230.14,70.008,121.06,-135.54,57.039,57.364,248.13,298.19,162.67
228.85,236.51,40.163,-233.77,72.491,122.59,-142.11,55.449,55.396,249.43,300.61,170.51
232.71,239.33,39.922,-236.94,74.684,123.86,-148.55,53.608,53.219,250.48,302.71,177.63
236.06,241.73,39.597,-239.7,76.615,124.88,-154.78,51.535,50.884,251.29,304.51,183.93
239.01,243.75,39.177,-242.13,78.35,125.63,-160.75,49.265,48.439,251.86,306.03,189.39
241.68,245.37,38.645,-244.26,79.968,126.09,-166.46,46.841,45.923,252.17,307.28,193.96
244.16,246.6,37.991,-246.13,81.554,126.22,-172.03,44.309,43.369,252.21,308.24,197.66
246.56,247.41,37.228,-247.74,83.185,126.02,-177.64,41.719,40.807,251.93,308.88,200.5
248.92,247.76,36.393,-249.08,84.935,125.49,-183.56,39.127,38.259,251.23,309.11,202.49
251.2,247.6,35.538,-250.07,86.855,124.64,-189.97,36.587,35.747,250.03,308.79,203.65
253.21,246.8,34.715,-250.54,88.932,123.49,-196.74,34.149,33.292,248.17,307.73,203.95
254.57,245.24,33.955,-250.28,91.017,122.03,-202.98,31.859,30.918,245.5,305.72,203.3
254.69,242.73,33.262,-248.96,92.764,120.24,-206.98,29.753,28.658,241.84,302.5,201.54
252.95,239.09,32.622,-246.27,93.682,118.05,-207.18,27.86,26.552,236.99,297.79,198.47
248.91,234.15,32.022,-241.92,93.298,115.42,-202.99,26.197,24.648,230.79,291.36,193.89
242.35,227.74,31.465,-235.65,91.307,112.33,-194.57,24.773,22.999,223.14,283.01,187.67
233.27,219.71,30.97,-227.34,87.6,108.77,-182.14,23.594,21.657,214.02,272.73,179.81
221.81,209.96,30.56,-216.98,82.234,104.78,-165.84,22.66,20.657,203.57,260.64,170.47
208.29,198.39,30.244,-204.71,75.41,100.36,-146.13,21.978,20.017,192.04,247.06,159.86
193.18,185.03,30.005,-190.86,67.454,95.522,-124.14,21.554,19.722,179.76,232.38,148.18
177.05,170.05,29.803,-175.85,58.758,90.249,-101.23,21.398,19.734,166.99,217,135.64
160.47,153.83,29.594,-160.04,49.692,84.528,-78.437,21.509,19.992,153.92,201.22,122.41
143.88,136.97,29.343,-143.72,40.537,78.376,-56.369,21.865,20.427,140.57,185.18,108.69
127.59,120.16,29.04,-127.02,31.497,71.848,-35.403,22.421,20.974,126.89,168.94,94.72
111.74,104.03,28.697,-110.04,22.777,65.034,-15.786,23.105,21.574,112.75,152.51,80.774
96.419,88.961,28.331,-92.991,14.674,58.034,2.3015,23.841,22.182,98.081,135.91,67.146
81.634,75.044,27.951,-76.446,7.5781,50.941,18.642,24.555,22.762,83.011,119.15,54.081
67.381,62.124,27.542,-61.192,1.8376,43.833,32.772,25.192,23.279,68.061,102.24,41.738
53.592,49.946,27.061,-47.81,-2.4458,36.775,43.766,25.716,23.705,54.078,85.337,30.189
40.205,38.294,26.454,-36.321,-5.612,29.82,50.777,26.102,24.006,41.834,68.997,19.447
27.55,27.08,25.666,-26.323,-8.2412,23.018,54.576,26.326,24.151,31.643,54.118,9.5216
16.612,16.348,24.658,-17.373,-10.66,16.421,57.034,26.365,24.116,23.345,41.486,0.44673
8.2192,6.2244,23.414,-9.212,-12.842,10.088,59.113,26.193,23.882,16.553,31.293,-7.7112
2.1896,-3.1482,21.941,-1.77,-14.676,4.0823,60.786,25.794,23.439,10.876,23.178,-14.876
-2.2147,-11.654,20.264,4.9254,-16.129,-1.5355,61.8,25.163,22.784,6.0124,16.594,-20.998
-5.6289,-19.23,18.426,10.83,-17.25,-6.7182,62.041,24.306,21.916,1.7631,11.074,-26.084
-8.434,-25.864,16.476,15.932,-18.111,-11.439,61.56,23.238,20.839,-2,6.3038,-30.205
-10.832,-31.589,14.466,20.265,-18.771,-15.692,60.49,21.978,19.564,-5.3624,2.0947,-33.492
-12.919,-36.469,12.44,23.896,-19.261,-19.484,58.961,20.541,18.11,-8.3864,-1.6644,-36.112
-14.734,-40.578,10.434,26.91,-19.595,-22.828,57.073,18.938,16.501,-11.12,-5.0416,-38.241
-16.282,-43.992,8.485,29.385,-19.78,-25.734,54.892,17.174,14.762,-13.598,-8.0808,-40.038
-17.563,-46.781,6.644,31.389,-19.833,-28.21,52.471,15.256,12.917,-15.845,-10.811,-41.631
-18.584,-49.009,4.9752,32.979,-19.778,-30.262,49.86,13.196,10.988,-17.874,-13.252,-43.111
-19.364,-50.731,3.5444,34.202,-19.649,-31.898,47.114,11.019,9.0004,-19.689,-15.412,-44.534
-19.938,-51.995,2.4016,35.099,-19.485,-33.132,44.297,8.7693,6.9857,-21.294,-17.295,-45.927
-20.347,-52.851,1.5679,35.708,-19.317,-33.987,41.476,6.5061,4.9798,-22.691,-18.9,-47.289
-20.63,-53.35,1.0292,36.071,-19.173,-34.5,38.719,4.2921,3.0202,-23.892,-20.232,-48.596
-20.818,-53.554,0.73898,36.231,-19.068,-34.725,36.083,2.174,1.138,-24.918,-21.305,-49.808
-20.931,-53.531,0.62913,36.234,-19.009,-34.729,33.612,0.16599,-0.64942,-25.793,-22.148,-50.888
-20.972,-53.343,0.62945,36.116,-18.984,-34.581,31.329,-1.753,-2.3402,-26.547,-22.8,-51.825
-20.935,-53.039,0.68676,35.9,-18.973,-34.333,29.246,-3.6213,-3.9431,-27.198,-23.308,-52.638
-20.813,-52.644,0.77647,35.602,-18.958,-34.017,27.369,-5.4679,-5.4687,-27.757,-23.717,-53.369
-20.611,-52.175,0.90214,35.233,-18.932,-33.644,25.707,-7.2906,-6.9218,-28.222,-24.059,-54.068
-20.347,-51.641,1.0861,34.809,-18.901,-33.214,24.272,-9.0524,-8.2985,-28.594,-24.351,-54.783
-20.045,-51.051,1.3563,34.347,-18.882,-32.723,23.068,-10.696,-9.5894,-28.875,-24.593,-55.543
-19.725,-50.403,1.7325,33.854,-18.885,-32.163,22.081,-12.169,-10.785,-29.075,-24.777,-56.355
-19.393,-49.689,2.2167,33.33,-18.905,-31.531,21.279,-13.446,-11.879,-29.201,-24.893,-57.191
-19.045,-48.893,2.793,32.759,-18.927,-30.822,20.613,-14.533,-12.877,-29.252,-24.928,-57.99
-18.672,-47.993,3.441,32.127,-18.931,-30.029,20.042,-15.459,-13.782,-29.214,-24.869,-58.656
-18.265,-46.972,4.1515,31.418,-18.907,-29.143,19.543,-16.246,-14.594,-29.071,-24.699,-59.081
-17.825,-45.816,4.9344,30.627,-18.855,-28.145,19.122,-16.897,-15.292,-28.809,-24.406,-59.164
-17.358,-44.518,5.8137,29.75,-18.793,-27.015,18.822,-17.377,-15.829,-28.426,-23.978,-58.82
-16.868,-43.071,6.8172,28.786,-18.744,-25.732,18.706,-17.622,-16.136,-27.922,-23.407,-57.988
-16.353,-41.458,7.9658,27.727,-18.73,-24.279,18.851,-17.556,-16.137,-27.29,-22.676,-56.631
-15.805,-39.651,9.2673,26.554,-18.768,-22.636,19.325,-17.114,-15.772,-26.518,-21.764,-54.732
-15.208,-37.611,10.716,25.244,-18.869,-20.789,20.179,-16.264,-15.014,-25.583,-20.651,-52.297
-14.549,-35.3,12.294,23.772,-19.044,-18.723,21.447,-15.009,-13.87,-24.464,-19.329,-49.355
-13.818,-32.687,13.981,22.12,-19.295,-16.428,23.153,-13.385,-12.381,-23.155,-17.807,-45.955
-13.015,-29.769,15.752,20.289,-19.62,-13.902,25.313,-11.452,-10.601,-21.664,-16.115,-42.159
-12.151,-26.575,17.59,18.299,-20.003,-11.159,27.944,-9.2714,-8.5843,-20.022,-14.302,-38.028
-11.248,-23.161,19.482,16.191,-20.424,-8.2287,31.049,-6.8963,-6.3729,-18.272,-12.42,-33.618
-10.329,-19.591,21.419,14.01,-20.86,-5.144,34.611,-4.3699,-3.998,-16.458,-10.518,-28.967
-9.4151,-15.913,23.4,11.789,-21.301,-1.9195,38.577,-1.7308,-1.4856,-14.615,-8.6222,-24.106
-8.5197,-12.127,25.436,9.5419,-21.746,1.4676,42.854,0.98547,1.1403,-12.763,-6.7325,-19.057
-7.6508,-8.1852,27.54,7.252,-22.203,5.0773,47.315,3.7489,3.8559,-10.905,-4.8271,-13.843
-6.8101,-4.0149,29.721,4.8904,-22.683,8.9842,51.82,6.5357,6.6371,-9.0321,-2.878,-8.486
-5.9954,0.44416,31.968,2.4306,-23.19,13.24,56.228,9.3253,9.4572,-7.1352,-0.86884,-3.0149
-5.2026,5.2028,34.242,-0.13481,-23.717,17.841,60.41,12.095,12.284,-5.2141,1.1918,2.53
-4.4278,10.206,36.489,-2.7878,-24.252,22.714,64.248,14.815,15.076,-3.287,3.2679,8.0844
-3.671,15.341,38.654,-5.4856,-24.78,27.73,67.64,17.445,17.785,-1.3946,5.3049,13.554
-2.9388,20.466,40.694,-8.1686,-25.287,32.739,70.489,19.935,20.353,0.40596,7.2449,18.821
-2.2463,25.44,42.591,-10.77,-25.767,37.605,72.713,22.231,22.72,2.0551,9.0417,23.76
-1.6164,30.158,44.346,-13.231,-26.227,42.24,74.251,24.278,24.833,3.5094,10.666,28.269
-1.0731,34.566,45.976,-15.507,-26.684,46.607,75.084,26.029,26.645,4.7543,12.103,32.277
-0.63216,38.656,47.5,-17.582,-27.16,50.706,75.247,27.453,28.128,5.8057,13.344,35.758
-0.29307,42.449,48.931,-19.462,-27.665,54.549,74.826,28.531,29.274,6.699,14.381,38.725
-0.036564,45.962,50.269,-21.163,-28.196,58.128,73.918,29.266,30.092,7.4724,15.209,41.213
0.17164,49.187,51.504,-22.703,-28.728,61.405,72.609,29.673,30.608,8.1537,15.829,43.273
0.3751,52.085,52.615,-24.088,-29.215,64.317,70.95,29.783,30.854,8.7526,16.253,44.959
0.62283,54.593,53.583,-25.321,-29.603,66.789,68.97,29.631,30.86,9.261,16.51,46.325
0.96681,56.645,54.387,-26.405,-29.848,68.753,66.674,29.259,30.649,9.6559,16.63,47.412
1.4568,58.183,55.02,-27.343,-29.949,70.148,64.059,28.699,30.231,9.9026,16.638,48.238
2.1289,59.17,55.492,-28.137,-29.972,70.915,61.117,27.969,29.6,9.9585,16.54,48.791
2.988,59.579,55.827,-28.769,-30.067,70.985,57.843,27.065,28.737,9.7808,16.314,49.025
3.9909,59.38,56.031,-29.197,-30.408,70.279,54.248,25.968,27.614,9.3384,15.927,48.874
5.0397,58.526,56.031,-29.349,-31.022,68.714,50.362,24.651,26.208,8.6234,15.336,48.268
5.995,56.953,55.631,-29.137,-31.596,66.227,46.226,23.097,24.51,7.6513,14.508,47.15
6.7113,54.592,54.544,-28.484,-31.536,62.806,41.891,21.302,22.527,6.4508,13.422,45.49
7.0834,51.391,52.504,-27.336,-30.277,58.495,37.417,19.284,20.282,5.052,12.078,43.301
7.0819,47.332,49.392,-25.674,-27.57,53.382,32.888,17.073,17.809,3.4803,10.493,40.643
6.7524,42.432,45.279,-23.507,-23.594,47.575,28.416,14.701,15.143,1.7577,8.6981,37.626
6.1798,36.742,40.374,-20.853,-18.876,41.184,24.129,12.196,12.317,-0.095265,6.7314,34.389
5.4393,30.337,34.932,-17.736,-14.07,34.317,20.133,9.5636,9.3472,-2.0629,4.6211,31.06
4.5628,23.317,29.185,-14.189,-9.7527,27.079,16.479,6.7806,6.2253,-4.1415,2.3778,27.727
3.5297,15.795,23.328,-10.256,-6.3428,19.579,13.142,3.7907,2.9078,-6.347,-0.0088599,24.412
2.2781,7.8911,17.533,-5.9893,-4.0624,11.917,10.051,0.51275,-0.68434,-8.714,-2.5629,21.08
0.72749,-0.27793,11.93,-1.4507,-2.8879,4.1941,7.1273,-3.1399,-4.6521,-11.286,-5.308,17.661
-1.1886,-8.5858,6.5541,3.2914,-2.5337,-3.4779,4.33,-7.2335,-9.0877,-14.099,-8.253,14.086
-3.4879,-16.873,1.3012,8.1539,-2.5569,-10.958,1.6712,-11.786,-14.031,-17.157,-11.383,10.316
-6.1173,-24.936,-4.0032,13.034,-2.5804,-18.073,-0.79577,-16.745,-19.427,-20.428,-14.658,6.3508
-8.9592,-32.555,-9.4383,17.818,-2.4692,-24.651,-3.0071,-21.979,-25.102,-23.834,-18.017,2.227
-11.865,-39.549,-14.874,22.396,-2.3028,-30.568,-4.9141,-27.302,-30.79,-27.271,-21.383,-1.9963
-14.698,-45.82,-20.034,26.682,-2.2128,-35.78,-6.4945,-32.501,-36.2,-30.629,-24.67,-6.2505
-17.354,-51.367,-24.656,30.623,-2.2534,-40.313,-7.7534,-37.382,-41.097,-33.809,-27.79,-10.469
-19.766,-56.248,-28.602,34.194,-2.3919,-44.239,-8.7187,-41.804,-45.357,-36.741,-30.675,-14.595
-21.901,-60.549,-31.874,37.389,-2.5825,-47.646,-9.4376,-45.699,-48.974,-39.393,-33.283,-18.59
-23.757,-64.353,-34.572,40.216,-2.8047,-50.625,-9.9706,-49.076,-52.031,-41.772,-35.608,-22.431
-25.352,-67.72,-36.841,42.687,-3.029,-53.262,-10.383,-52.001,-54.647,-43.914,-37.68,-26.109
-26.698,-70.686,-38.827,44.817,-3.1916,-55.622,-10.737,-54.566,-56.938,-45.865,-39.544,-29.622
-27.798,-73.27,-40.638,46.618,-3.2175,-57.744,-11.082,-56.858,-58.994,-47.671,-41.252,-32.976
-28.658,-75.477,-42.325,48.1,-3.0619,-59.643,-11.45,-58.946,-60.877,-49.361,-42.848,-36.179
-29.287,-77.309,-43.886,49.274,-2.7309,-61.311,-11.859,-60.872,-62.623,-50.95,-44.364,-39.255
-29.708,-78.775,-45.287,50.16,-2.2736,-62.733,-12.309,-62.653,-64.246,-52.433,-45.815,-42.23
-29.955,-79.901,-46.491,50.788,-1.7551,-63.902,-12.782,-64.287,-65.744,-53.795,-47.201,-45.131
-30.068,-80.735,-47.487,51.202,-1.2297,-64.835,-13.247,-65.76,-67.099,-55.011,-48.505,-47.965
-30.082,-81.353,-48.3,51.463,-0.72834,-65.572,-13.662,-67.058,-68.292,-56.061,-49.691,-50.711
-30.037,-81.841,-48.984,51.637,-0.25925,-66.177,-13.983,-68.169,-69.301,-56.932,-50.721,-53.32
-29.965,-82.285,-49.608,51.787,0.18421,-66.715,-14.187,-69.096,-70.118,-57.626,-51.562,-55.733
-29.889,-82.751,-50.231,51.955,0.61522,-67.246,-14.281,-69.857,-70.756,-58.166,-52.209,-57.896
-29.822,-83.273,-50.892,52.164,1.047,-67.804,-14.304,-70.485,-71.251,-58.588,-52.688,-59.786
-29.762,-83.855,-51.605,52.409,1.4879,-68.403,-14.318,-71.014,-71.651,-58.942,-53.061,-61.415
-29.702,-84.489,-52.367,52.678,1.9399,-69.043,-14.376,-71.473,-72.004,-59.289,-53.417,-62.841
-29.644,-85.169,-53.169,52.969,2.3952,-69.726,-14.49,-71.872,-72.338,-59.691,-53.856,-64.149
-29.624,-85.91,-53.997,53.301,2.8289,-70.458,-14.593,-72.201,-72.649,-60.209,-54.48,-65.438
-29.72,-86.747,-54.822,53.726,3.1925,-71.247,-14.519,-72.415,-72.881,-60.896,-55.37,-66.801
-30.049,-87.72,-55.593,54.314,3.4123,-72.09,-14.034,-72.444,-72.943,-61.782,-56.581,-68.314
-30.74,-88.863,-56.246,55.134,3.408,-72.966,-12.911,-72.198,-72.718,-62.87,-58.132,-70.027
-31.861,-90.178,-56.732,56.218,3.1369,-73.842,-10.985,-71.558,-72.073,-64.119,-59.999,-71.966
-33.342,-91.623,-57.039,57.518,2.6365,-74.687,-8.147,-70.397,-70.886,-65.435,-62.103,-74.116
-34.925,-93.096,-57.222,58.882,2.0417,-75.475,-5.6439,-68.63,-69.105,-66.68,-64.312,-76.404
-36.198,-94.429,-57.409,60.054,1.5988,-76.187,-9.6515,-66.406,-66.956,-67.65,-66.408,-78.67
-36.698,-95.398,-57.78,60.723,1.6693,-76.794,-17.489,-64.834,-65.702,-68.09,-68.099,-80.651
-36.004,-95.726,-58.478,60.548,2.6211,-77.211,-20.45,-67.396,-68.796,-67.677,-69.01,-81.976
-33.891,-95.065,-59.466,59.231,4.6751,-77.244,-17.825,-75.878,-77.165,-65.994,-68.705,-82.152
-31.766,-93.047,-60.426,56.784,7.8683,-76.535,-8.5031,-79.301,-80.343,-62.717,-66.829,-80.65
-42.5,-89.81,-60.754,55.142,7.9188,-74.562,9.6089,-73.266,-74.253,-60.081,-64.165,-77.127
-71.394,-90.059,-59.754,67.63,2.6921,-71.347,38.321,-61.054,-61.771,-79.746,-71.541,-72.365
-86.754,-126.36,-58.328,113.37,-3.0117,-75.775,77.98,-42.888,-43.292,-110.49,-115.08,-76.356
-96.243,-178.5,-75.953,133.26,-9.5492,-123.02,125.99,-18.823,-18.977,-118.43,-134.13,-125.08
-97.638,-182.48,-76.994,135.38,-17.656,-131.24,176.85,11.112,11.154,-121.86,-144.3,-147.39
-86.135,-175.36,-78.563,126.05,-13.852,-128.45,224.61,47.442,47.638,-117.7,-147.45,-153.58
-57.792,-157.06,-86.758,102,2.0955,-123.62,265.69,91.707,91.993,-101.59,-138.96,-149.98
-10.853,-124.32,-100.5,60.78,30.78,-114.61,299.5,146.98,147.27,-68.871,-113.97,-132.5
52.914,-72.504,-113.85,1.5547,68.714,-96.013,328,216.48,216.56,-14.849,-67.474,-96.329
127.69,4.2355,-115,-75.221,107.68,-58.709,356.57,299.91,299.65,65.051,5.358,-36.424
204.74,112.9,-87.728,-168.68,134.94,8.9481,392.12,395.3,394.95,174.78,108.81,52.918
274.89,260.2,-15.458,-277.72,136.45,118.62,439.28,503.97,504,316.76,246.26,177.4
331.1,449.03,113.15,-400.07,102.28,277.77,497.76,628.76,629.48,491.32,418.67,338.64
369.27,674.98,299.16,-531.18,29.521,484.61,562,769.44,770.72,696.8,622.99,531.8
387.52,924.16,529.91,-663.66,-76.231,725.34,623.32,922.07,923.56,927.67,850.72,746.06
387.29,1173.3,779.66,-786.99,-200.84,975.61,672.44,1080.6,1081.9,1173.3,1087.1,964.42
373.68,1392.2,1013.7,-888.44,-324.17,1202.8,700.87,1236.6,1237.3,1417.9,1311.8,1164.4
353.22,1549.6,1194.9,-955.38,-424.74,1372.7,701.55,1377.3,1377.1,1639.5,1500.9,1321.3
331.29,1620.3,1292.9,-977.98,-484.79,1457.4,669.86,1484.3,1483.1,1811.7,1629.6,1412.6
309.6,1592.8,1292.6,-951.78,-495.53,1443.5,605.77,1536.3,1534.2,1907,1677,1423.1
284.56,1473.1,1202,-878.36,-462,1337.9,516.74,1513.8,1511.1,1902.2,1630.7,1349.3
247.94,1283.1,1050.6,-764.64,-403.62,1166.4,417.31,1406.5,1403.5,1785.6,1490.9,1200.2
190.45,1053.8,879.1,-621.17,-346.71,965.27,323.56,1217.4,1214.4,1561.7,1271.3,995.42
106.64,816.21,725.06,-460.79,-313.29,768.73,246.68,964.53,961.72,1253.9,997.32,760.89
-0.72115,595.55,610.95,-297.78,-312.77,600.7,189.02,677.43,675.05,901.28,702.26,524.21
-119.08,407.72,539.9,-146.41,-339.65,470.69,143.93,390.9,389.1,551.23,421.38,310.45
-229.44,257.91,497.92,-17.762,-376.67,374.24,99.86,136.46,135.28,246.96,184.04,137.51
-313.43,141.03,461.54,83.147,-401.92,297.45,46.41,-65.62,-66.264,15.796,6.2973,12.103
-359.93,45.727,409.34,154.44,-398.03,224.7,-20.913,-209.63,-209.84,-138.85,-112.64,-70.793
-367.56,-38.652,332.32,197.88,-360.79,146.04,-98.649,-301.28,-301.05,-222.51,-177.69,-122.35
-342.75,-115.17,233.19,219.32,-296.77,59.508,-176.31,-350.66,-350.09,-253.91,-205.56,-153.14
-295.77,-179.36,122.32,225,-216.67,-29.735,-240.02,-367.19,-366.39,-259.18,-213.83,-170.63
-237.34,-226.6,12.786,219.74,-133.46,-109.96,-278.4,-359.1,-358.04,-253.59,-212.91,-179.49
-177.89,-255.87,-80.412,206.28,-59.143,-170.82,-288.08,-336.89,-335.56,-243.63,-207.85,-182.57
-125.16,-263.33,-143.84,175.34,-0.48679,-208.34,-273.44,-310.06,-308.64,-231.34,-200.7,-171.18
-82.289,-217.93,-178.82,129.62,40.58,-222.26,-242.31,-280.02,-278.53,-216.83,-187.96,-112.28
-50.961,-154.24,-190.84,105.81,64.188,-210.4,-202.17,-243.68,-242.21,-194.64,-137.36,-96.572
-31.717,-126.42,-184.3,92.502,71.745,-167.34,-158.67,-198.89,-197.46,-155.61,-109.91,-95.079
-21.337,-114.58,-164.02,82.46,66.648,-118.97,-118.87,-149.69,-147.81,-126.83,-96.801,-93.454
-16.439,-106.88,-135.25,74.06,53.138,-93.921,-87.076,-111.93,-110.05,-110.33,-86.688,-90.357
-15.323,-100.38,-100.87,66.648,35.676,-83.831,-59.109,-87.068,-85.559,-97.995,-77.744,-86.201
-17.284,-94.67,-69.057,60.061,18.949,-78.558,-38.035,-70.442,-69.329,-87.153,-69.631,-81.506
-19.779,-89.741,-55.76,54.362,6.584,-74.824,-26.124,-60.352,-59.514,-77.728,-62.505,-76.649
-16.962,-85.414,-50.322,49.563,5.1687,-72.03,-20.548,-55.95,-55.242,-70.315,-56.47,-71.865
-13.577,-81.4,-49.094,45.55,5.9935,-69.84,-18.736,-55.637,-54.982,-64.864,-51.384,-67.287
-11.17,-77.493,-50.321,42.187,6.5727,-67.728,-18.956,-56.669,-55.798,-60.555,-46.987,-62.987
-9.5738,-73.7,-51.873,39.388,7.1438,-65.274,-18.799,-54.604,-53.207,-56.658,-43.071,-59
-8.4925,-70.197,-51.995,37.095,7.3895,-62.471,-17.146,-49.438,-47.76,-52.939,-39.56,-55.364
-7.6982,-67.171,-50.426,35.246,7.1385,-59.638,-15.308,-43.832,-42.083,-49.487,-36.475,-52.124
-7.0346,-64.715,-48.154,33.762,6.6393,-57.129,-13.742,-39.001,-37.243,-46.463,-33.879,-49.32
-6.4047,-62.808,-45.993,32.55,6.1564,-55.139,-12.579,-35.399,-33.598,-43.968,-31.814,-46.966
-5.7535,-61.346,-44.285,31.516,5.8004,-53.679,-11.86,-33.056,-31.129,-41.995,-30.265,-45.024
-5.0656,-60.175,-43.082,30.581,5.5811,-52.627,-11.517,-31.729,-29.583,-40.441,-29.16,-43.397
-4.3472,-59.142,-42.261,29.682,5.4715,-51.8,-11.414,-31.055,-28.615,-39.143,-28.38,-41.949
-3.6189,-58.12,-41.625,28.774,5.4345,-51.033,-11.41,-30.669,-27.894,-37.922,-27.779,-40.534
-2.8976,-57.023,-41.004,27.823,5.431,-50.206,-11.398,-30.265,-27.157,-36.623,-27.207,-39.031
-2.1901,-55.797,-40.272,26.802,5.4237,-49.247,-11.312,-29.64,-26.244,-35.143,-26.528,-37.358
-1.492,-54.414,-39.328,25.694,5.3785,-48.116,-11.124,-28.686,-25.092,-33.438,-25.638,-35.479
-0.79036,-52.862,-38.1,24.486,5.2694,-46.804,-10.834,-27.396,-23.733,-31.514,-24.482,-33.404
-0.068189,-51.153,-36.579,23.175,5.0877,-45.333,-10.47,-25.844,-22.253,-29.415,-23.056,-31.177
0.68913,-49.319,-34.823,21.768,4.8486,-43.753,-10.08,-24.136,-20.745,-27.203,-21.401,-28.869
1.4896,-47.401,-32.941,20.278,4.5841,-42.123,-9.7203,-22.376,-19.261,-24.938,-19.57,-26.556
2.3307,-45.433,-31.038,18.723,4.3244,-40.487,-9.4408,-20.62,-17.798,-22.655,-17.612,-24.312
3.2034,-43.432,-29.178,17.117,4.0932,-38.863,-9.268,-18.872,-16.313,-20.356,-15.55,-22.182
4.0971,-41.397,-27.371,15.469,3.9008,-37.244,-9.1961,-17.091,-14.743,-18.009,-13.378,-20.171
5.0055,-39.312,-25.586,13.775,3.7448,-35.604,-9.1911,-15.222,-13.044,-15.559,-11.068,-18.25
5.9289,-37.148,-23.776,12.025,3.6138,-33.908,-9.2157,-13.22,-11.201,-12.952,-8.5853,-16.368
6.8778,-34.87,-21.885,10.199,3.4906,-32.125,-9.2345,-11.063,-9.2254,-10.15,-5.8986,-14.475
7.8706,-32.436,-19.87,8.27,3.3585,-30.222,-9.2337,-8.7534,-7.147,-7.1394,-2.9949,-12.535
8.9308,-29.799,-17.713,6.2108,3.2084,-28.176,-9.2127,-6.3087,-4.9975,-3.9361,0.12253,-10.529
10.085,-26.916,-15.431,3.9947,3.0437,-25.974,-9.1911,-3.753,-2.7996,-0.57306,3.4441,-8.4443
11.363,-23.753,-13.065,1.6012,2.8799,-23.61,-9.1925,-1.1129,-0.56437,2.9082,6.9692,-6.2697
12.791,-20.288,-10.666,-0.98221,2.7367,-21.081,-9.2371,1.5782,1.7009,6.4678,10.721,-3.9905
14.4,-16.508,-8.2653,-3.758,2.6291,-18.378,-9.3387,4.2826,3.9881,10.081,14.755,-1.5862
16.21,-12.402,-5.8659,-6.72,2.5608,-15.481,-9.5036,6.9639,6.2847,13.752,19.153,0.96788
18.236,-7.9624,-3.4458,-9.8566,2.5246,-12.36,-9.7333,9.5911,8.5742,17.533,24.009,3.6966
20.502,-3.1782,-0.97035,-13.157,2.5074,-8.98,-10.032,12.139,10.838,21.534,29.418,6.6215
23.037,1.9601,1.59,-16.614,2.4984,-5.3033,-10.409,14.589,13.061,25.919,35.462,9.7583
25.892,7.4538,4.2452,-20.229,2.4954,-1.3005,-10.881,16.927,15.235,30.883,42.207,13.119
29.131,13.285,6.9783,-24.007,2.5071,3.0376,-11.466,19.151,17.359,36.631,49.71,16.719
32.838,19.411,9.7485,-27.958,2.5513,7.6909,-12.169,21.269,19.445,43.327,58.019,20.586
37.083,25.771,12.5,-32.101,2.651,12.61,-12.984,23.296,21.505,51.055,67.158,24.768
41.943,32.298,15.174,-36.471,2.8318,17.725,-13.898,25.256,23.552,59.78,77.077,29.329
47.453,38.946,17.724,-41.131,3.1171,22.967,-14.901,27.164,25.593,69.332,87.611,34.345
53.585,45.701,20.12,-46.175,3.5237,28.282,-16,29.031,27.628,79.433,98.479,39.874
60.236,52.594,22.361,-51.73,4.0591,33.644,-17.22,30.857,29.647,89.76,109.37,45.945
67.25,59.706,24.467,-57.954,4.7228,39.054,-18.603,32.635,31.642,100.03,120.04,52.547
74.467,67.16,26.47,-65.006,5.5095,44.529,-20.206,34.353,33.602,110.05,130.39,59.636
81.765,75.103,28.399,-73.009,6.4145,50.084,-22.088,36.004,35.52,119.79,140.45,67.149
89.088,83.685,30.267,-81.992,7.4386,55.71,-24.313,37.582,37.39,129.27,150.32,75.021
96.441,93.021,32.06,-91.852,8.5934,61.365,-26.945,39.086,39.209,138.6,160.14,83.179
103.87,103.15,33.749,-102.36,9.912,66.977,-30.055,40.515,40.964,147.84,170.01,91.541
111.44,113.98,35.294,-113.23,11.464,72.454,-33.709,41.869,42.639,157.07,179.97,100.01
119.21,125.33,36.664,-124.15,13.368,77.711,-37.961,43.145,44.205,166.28,190.01,108.49
127.23,136.91,37.844,-134.93,15.784,82.692,-42.845,44.331,45.623,175.42,200.06,116.89
135.54,148.48,38.839,-145.46,18.851,87.383,-48.357,45.408,46.851,184.4,210,125.15
144.1,159.83,39.677,-155.7,22.584,91.81,-54.446,46.348,47.846,193.06,219.69,133.25
152.85,170.79,40.393,-165.62,26.806,96.015,-61.007,47.124,48.575,201.19,229.01,141.2
161.67,181.2,41.02,-175.2,31.229,100.03,-67.89,47.708,49.012,208.6,237.88,149.01
170.45,190.91,41.584,-184.35,35.617,103.87,-74.929,48.079,49.144,215.14,246.22,156.69
179.07,199.8,42.101,-192.99,39.859,107.52,-81.996,48.213,48.968,220.79,254,164.23
187.43,207.8,42.582,-201.02,43.933,110.97,-89.026,48.083,48.488,225.62,261.16,171.59
195.45,214.91,43.035,-208.36,47.855,114.2,-96.021,47.663,47.714,229.74,267.67,178.74
203.01,221.18,43.464,-214.97,51.652,117.2,-103.01,46.934,46.659,233.27,273.5,185.61
210.02,226.7,43.864,-220.86,55.337,119.95,-110.04,45.89,45.337,236.31,278.66,192.12
216.36,231.53,44.224,-226.05,58.887,122.45,-117.11,44.54,43.767,238.93,283.19,198.21
221.96,235.75,44.529,-230.57,62.236,124.69,-124.22,42.904,41.968,241.19,287.15,203.83
226.79,239.41,44.759,-234.48,65.305,126.64,-131.29,41.002,39.954,243.13,290.58,208.96
230.91,242.56,44.894,-237.84,68.048,128.32,-138.25,38.859,37.733,244.78,293.55,213.58
234.41,245.24,44.912,-240.73,70.479,129.7,-144.99,36.497,35.315,246.15,296.11,217.68
237.44,247.51,44.794,-243.23,72.66,130.8,-151.45,33.939,32.715,247.28,298.32,221.25
240.14,249.39,44.524,-245.42,74.67,131.61,-157.61,31.215,29.959,248.15,300.2,224.28
242.6,250.94,44.1,-247.35,76.575,132.15,-163.49,28.36,27.086,248.78,301.79,226.77
244.91,252.18,43.536,-249.08,78.423,132.44,-169.15,25.417,24.142,249.14,303.07,228.69
247.11,253.12,42.864,-250.62,80.245,132.48,-174.71,22.442,21.184,249.18,303.98,230.05
249.22,253.77,42.123,-251.96,82.062,132.3,-180.33,19.497,18.273,248.82,304.42,230.78
251.25,254.06,41.346,-253.08,83.905,131.88,-186.21,16.656,15.481,247.94,304.26,230.82
253.15,253.93,40.545,-253.89,85.812,131.18,-192.48,13.995,12.882,246.41,303.3,230.07
254.79,253.25,39.721,-254.26,87.808,130.17,-198.97,11.59,10.554,244.07,301.37,228.39
255.92,251.89,38.868,-254.02,89.849,128.79,-204.84,9.5104,8.5742,240.75,298.25,225.67
256.12,249.69,37.987,-252.92,91.699,126.99,-208.57,7.8247,7.0114,236.31,293.76,221.8
254.8,246.5,37.09,-250.67,92.855,124.73,-208.71,6.5948,5.921,230.61,287.72,216.7
251.43,242.12,36.19,-246.95,92.676,121.98,-204.7,5.8727,5.341,223.52,280,210.37
245.62,236.38,35.305,-241.47,90.711,118.73,-196.64,5.6899,5.2864,214.99,270.55,202.82
237.31,229.11,34.456,-234.02,86.878,114.97,-184.75,6.0481,5.7464,205.05,259.36,194.12
226.69,220.18,33.665,-224.55,81.363,110.74,-169.18,6.9168,6.6855,193.86,246.59,184.36
214.06,209.52,32.96,-213.22,74.461,106.08,-150.25,8.2402,8.0488,181.73,232.5,173.65
199.81,197.13,32.362,-200.3,66.503,101.04,-128.86,9.9474,9.7712,168.99,217.45,162.12
184.37,183.08,31.886,-186.11,57.819,95.662,-106.28,11.962,11.786,155.93,201.8,149.86
168.13,167.57,31.534,-170.94,48.709,89.989,-83.665,14.207,14.028,142.69,185.87,136.99
151.5,150.97,31.298,-155.04,39.449,84.052,-61.675,16.604,16.429,129.27,169.86,123.61
134.84,133.89,31.159,-138.55,30.323,77.893,-40.669,19.074,18.911,115.55,153.88,109.83
118.46,117.03,31.087,-121.58,21.64,71.558,-20.905,21.538,21.386,101.4,137.92,95.79
102.59,101.04,31.049,-104.3,13.688,65.094,-2.6274,23.916,23.757,86.86,121.92,81.727
87.383,86.302,31.007,-87.14,6.687,58.55,13.877,26.13,25.93,72.292,105.82,67.928
72.889,72.861,30.917,-70.903,0.77208,51.961,28.059,28.109,27.825,58.399,89.693,54.719
59.038,60.528,30.731,-56.44,-4.019,45.358,38.841,29.789,29.382,45.913,73.951,42.393
45.672,49.014,30.402,-44.127,-7.8002,38.764,45.173,31.123,30.567,35.229,59.324,31.157
32.822,38.082,29.889,-33.732,-10.817,32.208,47.921,32.082,31.365,26.32,46.525,21.103
21.184,27.621,29.16,-24.744,-13.294,25.733,49.385,32.655,31.776,18.901,35.855,12.224
11.88,17.653,28.201,-16.73,-15.343,19.405,50.754,32.852,31.811,12.629,27.149,4.4438
5.275,8.2874,27.009,-9.4666,-17.006,13.309,51.994,32.702,31.496,7.2069,20.01,-2.3509
0.73427,-0.34295,25.595,-2.8954,-18.316,7.5328,52.79,32.242,30.865,2.4203,14.041,-8.2757
-2.5534,-8.1372,23.973,2.9707,-19.307,2.1468,52.951,31.517,29.963,-1.8642,8.945,-13.431
-5.1137,-15.055,22.165,8.119,-20.011,-2.8056,52.446,30.568,28.844,-5.7154,4.5307,-17.898
-7.2127,-21.114,20.196,12.568,-20.458,-7.3122,51.328,29.431,27.566,-9.1595,0.67651,-21.743
-8.977,-26.372,18.103,16.366,-20.673,-11.383,49.679,28.142,26.189,-12.206,-2.7014,-25.033
-10.472,-30.894,15.936,19.571,-20.68,-15.035,47.589,26.733,24.765,-14.868,-5.6707,-27.835
-11.732,-34.735,13.76,22.24,-20.503,-18.28,45.143,25.234,23.332,-17.178,-8.2911,-30.223
-12.778,-37.935,11.642,24.421,-20.169,-21.119,42.423,23.677,21.913,-19.183,-10.617,-32.267
-13.617,-40.536,9.6432,26.156,-19.719,-23.556,39.502,22.092,20.52,-20.933,-12.694,-34.027
-14.262,-42.591,7.8063,27.494,-19.202,-25.601,36.441,20.504,19.162,-22.47,-14.558,-35.539
-14.734,-44.174,6.1474,28.494,-18.671,-27.287,33.306,18.935,17.858,-23.81,-16.226,-36.815
-15.07,-45.378,4.665,29.227,-18.176,-28.659,30.17,17.4,16.631,-24.953,-17.696,-37.845
-15.314,-46.294,3.3542,29.76,-17.752,-29.766,27.115,15.912,15.509,-25.886,-18.953,-38.614
-15.513,-46.995,2.2201,30.154,-17.422,-30.645,24.221,14.48,14.512,-26.609,-19.974,-39.108
-15.702,-47.526,1.2824,30.446,-17.196,-31.317,21.551,13.111,13.647,-27.143,-20.748,-39.338
-15.895,-47.903,0.57102,30.653,-17.076,-31.786,19.138,11.814,12.903,-27.533,-21.283,-39.336
-16.084,-48.121,0.11125,30.772,-17.05,-32.051,16.994,10.598,12.257,-27.833,-21.608,-39.155
-16.247,-48.17,-0.094286,30.79,-17.094,-32.115,15.119,9.4772,11.687,-28.09,-21.773,-38.859
-16.356,-48.051,-0.077592,30.701,-17.176,-31.997,13.51,8.4706,11.18,-28.321,-21.832,-38.501
-16.39,-47.789,0.097995,30.511,-17.263,-31.736,12.161,7.598,10.736,-28.512,-21.834,-38.117
-16.351,-47.428,0.35789,30.244,-17.334,-31.385,11.059,6.8732,10.359,-28.628,-21.812,-37.72
-16.263,-47.022,0.64232,29.94,-17.382,-30.994,10.186,6.3003,10.048,-28.632,-21.78,-37.307
-16.159,-46.619,0.92199,29.638,-17.412,-30.601,9.5173,5.875,9.7974,-28.506,-21.738,-36.868
-16.077,-46.248,1.1964,29.368,-17.432,-30.224,9.0301,5.5897,9.5939,-28.264,-21.674,-36.393
-16.036,-45.91,1.481,29.142,-17.447,-29.86,8.7094,5.4384,9.4252,-27.945,-21.579,-35.875
-16.037,-45.585,1.7943,28.947,-17.455,-29.493,8.5469,5.4166,9.2859,-27.597,-21.442,-35.305
-16.062,-45.237,2.1499,28.758,-17.449,-29.099,8.5374,5.5192,9.1819,-27.258,-21.254,-34.679
-16.086,-44.827,2.5559,28.543,-17.429,-28.652,8.6726,5.7371,9.1297,-26.944,-21.007,-33.991
-16.084,-44.321,3.0201,28.269,-17.401,-28.129,8.9407,6.0576,9.149,-26.639,-20.69,-33.239
-16.041,-43.684,3.5584,27.907,-17.383,-27.499,9.3347,6.467,9.2545,-26.306,-20.297,-32.427
-15.942,-42.876,4.2037,27.428,-17.4,-26.724,9.8651,6.9583,9.4519,-25.89,-19.818,-31.561
-15.779,-41.844,5.0051,26.799,-17.485,-25.756,10.571,7.5387,9.7425,-25.332,-19.245,-30.648
-15.542,-40.53,6.0143,25.992,-17.661,-24.542,11.519,8.2344,10.133,-24.581,-18.573,-29.696
-15.224,-38.886,7.2638,24.985,-17.942,-23.04,12.797,9.0863,10.642,-23.605,-17.803,-28.708
-14.818,-36.888,8.7515,23.772,-18.32,-21.236,14.496,10.135,11.297,-22.391,-16.943,-27.678
-14.323,-34.547,10.439,22.364,-18.774,-19.149,16.685,11.401,12.129,-20.947,-16.006,-26.59
-13.747,-31.912,12.27,20.794,-19.277,-16.824,19.395,12.88,13.154,-19.302,-15.006,-25.415
-13.107,-29.044,14.194,19.099,-19.806,-14.311,22.606,14.54,14.375,-17.5,-13.952,-24.119
-12.424,-25.997,16.189,17.317,-20.35,-11.64,26.258,16.336,15.782,-15.589,-12.853,-22.672
-11.72,-22.786,18.27,15.467,-20.911,-8.7931,30.276,18.22,17.352,-13.615,-11.708,-21.06
-11.013,-19.381,20.47,13.544,-21.498,-5.7111,34.587,20.153,19.062,-11.609,-10.513,-19.286
-10.311,-15.718,22.823,11.522,-22.118,-2.3066,39.115,22.11,20.892,-9.58,-9.2581,-17.369
-9.6135,-11.721,25.338,9.3651,-22.767,1.504,43.772,24.08,22.823,-7.52,-7.9288,-15.342
-8.9124,-7.3339,27.985,7.0401,-23.436,5.7694,48.452,26.068,24.842,-5.4177,-6.5131,-13.235
-8.1917,-2.5448,30.697,4.529,-24.105,10.477,53.035,28.081,26.931,-3.2713,-5.009,-11.074
-7.4334,2.5916,33.383,1.8392,-24.75,15.542,57.405,30.122,29.062,-1.0978,-3.4298,-8.8738
-6.6229,7.9547,35.951,-0.99261,-25.342,20.813,61.46,32.181,31.195,1.065,-1.804,-6.6455
-5.7564,13.379,38.328,-3.9042,-25.859,26.104,65.114,34.232,33.281,3.1631,-0.16837,-4.3995
-4.8455,18.692,40.473,-6.8166,-26.292,31.242,68.291,36.234,35.268,5.1392,1.4441,-2.1507
-3.9191,23.755,42.381,-9.6492,-26.65,36.101,70.926,38.145,37.117,6.9479,3.0133,0.082887
-3.018,28.491,44.073,-12.334,-26.954,40.626,72.962,39.925,38.802,8.5678,4.5332,2.2841
-2.1842,32.878,45.582,-14.827,-27.227,44.811,74.37,41.541,40.316,10.004,6.0034,4.4401
-1.4474,36.933,46.934,-17.113,-27.483,48.683,75.158,42.968,41.654,11.277,7.4193,6.5433
-0.8144,40.684,48.148,-19.197,-27.731,52.263,75.381,44.174,42.805,12.412,8.7648,8.5888
-0.26646,44.147,49.234,-21.096,-27.97,55.558,75.125,45.119,43.74,13.421,10.014,10.568
0.23408,47.321,50.196,-22.83,-28.19,58.554,74.479,45.761,44.42,14.301,11.136,12.464
0.73456,50.184,51.037,-24.417,-28.359,61.226,73.508,46.068,44.808,15.027,12.104,14.244
1.2849,52.705,51.75,-25.868,-28.436,63.532,72.24,46.031,44.877,15.56,12.898,15.864
1.9335,54.837,52.319,-27.195,-28.392,65.415,70.669,45.66,44.617,15.857,13.503,17.271
2.7218,56.521,52.728,-28.396,-28.234,66.783,68.759,44.979,44.031,15.879,13.907,18.412
3.6727,57.677,52.96,-29.453,-28.03,67.511,66.467,44.001,43.126,15.611,14.099,19.242
4.7743,58.213,53,-30.314,-27.899,67.459,63.764,42.729,41.908,15.057,14.075,19.728
5.9635,58.031,52.808,-30.899,-27.934,66.495,60.65,41.158,40.385,14.241,13.835,19.856
7.1221,57.044,52.29,-31.109,-28.05,64.526,57.164,39.291,38.573,13.188,13.385,19.631
8.0964,55.179,51.285,-30.845,-27.904,61.519,53.362,37.142,36.495,11.919,12.733,19.067
8.7408,52.393,49.6,-30.035,-27.021,57.498,49.295,34.745,34.184,10.448,11.886,18.186
8.9681,48.671,47.075,-28.645,-25.063,52.541,45.003,32.143,31.676,8.7941,10.851,17.008
8.7791,44.03,43.641,-26.68,-22.016,46.771,40.531,29.383,29.006,6.9811,9.6378,15.548
8.2497,38.52,39.329,-24.162,-18.191,40.342,35.952,26.504,26.201,5.0389,8.2546,13.817
7.4826,32.22,34.253,-21.118,-14.053,33.424,31.373,23.529,23.277,2.9925,6.6994,11.817
6.5531,25.237,28.573,-17.577,-10.037,26.17,26.912,20.467,20.233,0.85194,4.9554,9.5432
5.4779,17.686,22.477,-13.575,-6.4767,18.695,22.664,17.3,17.047,-1.3934,2.9928,6.9876
4.2157,9.6827,16.173,-9.1634,-3.6159,11.073,18.667,13.997,13.679,-3.7727,0.78129,4.1512
2.6893,1.338,9.8519,-4.4106,-1.5889,3.3555,14.897,10.508,10.072,-6.322,-1.6939,1.0504
0.82138,-7.2287,3.6225,0.60198,-0.35042,-4.3934,11.298,6.7797,6.1616,-9.0676,-4.4196,-2.2792
-1.4268,-15.869,-2.547,5.7795,0.33985,-12.071,7.8227,2.7623,1.8829,-12.011,-7.3533,-5.7838
-4.0279,-24.393,-8.7936,11.013,0.79035,-19.529,4.473,-1.579,-2.8115,-15.124,-10.432,-9.3959
-6.8878,-32.586,-15.176,16.182,1.1878,-26.589,1.3099,-6.2505,-7.9239,-18.348,-13.587,-13.04
-9.8753,-40.24,-21.482,21.167,1.536,-33.077,-1.5654,-11.215,-13.381,-21.606,-16.749,-16.641
-12.86,-47.204,-27.278,25.869,1.7543,-38.867,-4.0514,-16.377,-19.018,-24.81,-19.852,-20.127
-15.736,-53.406,-32.194,30.215,1.7892,-43.905,-6.0834,-21.578,-24.595,-27.867,-22.833,-23.435
-18.427,-58.858,-36.116,34.166,1.6524,-48.22,-7.6501,-26.611,-29.85,-30.688,-25.636,-26.516
-20.879,-63.626,-39.164,37.71,1.3993,-51.899,-8.7911,-31.27,-34.577,-33.201,-28.222,-29.338
-23.068,-67.793,-41.547,40.852,1.0867,-55.051,-9.5839,-35.424,-38.675,-35.371,-30.577,-31.894
-24.992,-71.428,-43.465,43.606,0.75479,-57.775,-10.129,-39.053,-42.17,-37.212,-32.719,-34.199
-26.66,-74.568,-45.053,45.983,0.43609,-60.132,-10.533,-42.247,-45.175,-38.779,-34.689,-36.289
-28.072,-77.223,-46.379,47.989,0.16085,-62.15,-10.895,-45.153,-47.839,-40.155,-36.537,-38.206
-29.224,-79.391,-47.47,49.627,-0.050938,-63.832,-11.285,-47.916,-50.301,-41.424,-38.311,-39.989
-30.118,-81.082,-48.334,50.903,-0.19543,-65.183,-11.734,-50.625,-52.654,-42.652,-40.037,-41.662
-30.771,-82.331,-48.993,51.843,-0.27961,-66.222,-12.235,-53.289,-54.934,-43.874,-41.718,-43.227
-31.218,-83.202,-49.484,52.489,-0.31137,-66.991,-12.748,-55.849,-57.125,-45.1,-43.331,-44.667
-31.499,-83.775,-49.86,52.899,-0.29401,-67.546,-13.225,-58.217,-59.174,-46.314,-44.829,-45.956
-31.658,-84.142,-50.172,53.14,-0.22805,-67.948,-13.617,-60.318,-61.02,-47.483,-46.158,-47.069
-31.739,-84.386,-50.456,53.278,-0.11749,-68.252,-13.884,-62.12,-62.617,-48.571,-47.271,-47.991
-31.781,-84.576,-50.727,53.371,0.025571,-68.499,-14,-63.636,-63.943,-49.547,-48.14,-48.722
-31.814,-84.764,-50.981,53.464,0.1824,-68.715,-13.958,-64.906,-65.005,-50.395,-48.771,-49.274
-31.857,-84.979,-51.208,53.578,0.33438,-68.915,-13.773,-65.988,-65.839,-51.116,-49.196,-49.67
-31.915,-85.231,-51.408,53.72,0.47081,-69.11,-13.486,-66.935,-66.501,-51.724,-49.476,-49.942
-31.981,-85.517,-51.594,53.879,0.59226,-69.31,-13.155,-67.786,-67.058,-52.238,-49.684,-50.127
-32.045,-85.824,-51.791,54.043,0.70619,-69.522,-12.851,-68.576,-67.583,-52.69,-49.903,-50.274
-32.111,-86.147,-52.019,54.207,0.8174,-69.755,-12.636,-69.327,-68.134,-53.124,-50.214,-50.442
-32.204,-86.494,-52.288,54.388,0.91895,-70.02,-12.526,-70.052,-68.74,-53.601,-50.689,-50.701
-32.38,-86.901,-52.598,54.631,0.98594,-70.335,-12.45,-70.746,-69.39,-54.195,-51.385,-51.121
-32.721,-87.435,-52.934,55.008,0.97433,-70.726,-12.238,-71.379,-70.023,-54.978,-52.336,-51.765
-33.329,-88.17,-53.264,55.601,0.82236,-71.215,-11.632,-71.893,-70.546,-56,-53.561,-52.68
-34.276,-89.162,-53.547,56.473,0.46703,-71.81,-10.337,-72.195,-70.839,-57.277,-55.06,-53.891
-35.551,-90.411,-53.747,57.623,-0.12563,-72.496,-8.0253,-72.17,-70.777,-58.764,-56.814,-55.397
-37.009,-91.838,-53.863,58.957,-0.91661,-73.238,-4.4634,-71.686,-70.233,-60.348,-58.756,-57.159
-38.373,-93.287,-53.967,60.282,-1.7374,-73.988,-1.7156,-70.615,-69.088,-61.834,-60.751,-59.089
-39.293,-94.545,-54.199,61.325,-2.2451,-74.696,-7.2399,-68.902,-67.286,-62.956,-62.582,-61.032
-39.412,-95.354,-54.737,61.777,-1.9603,-75.294,-16.385,-66.888,-65.105,-63.396,-63.939,-62.758
-38.414,-95.418,-55.691,61.323,-0.44645,-75.666,-19.56,-66.471,-64.224,-62.749,-64.441,-63.934
-36.305,-94.383,-56.957,59.722,2.5197,-75.593,-16.356,-72.281,-69.307,-60.53,-63.628,-64.113
-36.185,-91.914,-58.125,57.183,6.2856,-74.665,-6.2319,-80.744,-78.929,-56.537,-61.165,-62.763
-54.213,-88.382,-58.503,56.745,4.0448,-72.303,12.414,-79.474,-79.076,-54.7,-58.245,-59.414
-76.969,-90.319,-57.28,76.021,-1.6517,-68.662,41.12,-70.296,-70.106,-83.8,-70.296,-54.845
-89.957,-135.86,-55.564,120.34,-7.9495,-75.55,80.348,-54.793,-54.434,-111.79,-119.07,-64.106
-97.81,-180.2,-76.064,134.52,-15.059,-125.78,127.9,-32.798,-32.23,-118.43,-135.45,-122.27
-96.372,-181.71,-76.043,134.67,-19.816,-130.53,178.54,-4.3512,-3.8742,-120.3,-143.96,-139.29
-80.923,-172.97,-78.15,122.89,-14.157,-127.5,226.27,30.673,30.596,-114.02,-144.41,-142.96
-47.947,-152.68,-86.943,95.899,3.9049,-122.31,267.17,73.013,72.059,-95.268,-132.46,-136.26
3.4887,-117.39,-100.9,51.491,34.383,-112.39,300.3,124.58,122.7,-59.453,-103.47,-114.85
70.526,-62.172,-113.49,-10.952,72.896,-91.79,327.66,188.39,185.8,-1.7597,-52.483,-73.76
146.44,19.324,-112.3,-90.901,111.57,-50.766,354.68,266.57,263.6,82.761,25.593,-7.7533
222.17,134.63,-80.475,-187.55,137.13,22.962,388.03,359.93,356.94,198.7,135.62,88.917
289.05,290.32,-1.3793,-299.79,135.2,141.08,432.45,472.25,469.45,348.53,281.15,221.22
341.16,487.95,135.18,-424.96,96.56,309.72,488.15,604.88,601.88,532.05,462.38,389.13
375.06,720.86,328.18,-557.78,19.632,524.5,550.48,754.06,750.47,746.1,674.55,586.57
389.17,972.89,562.73,-689.95,-88.972,769.17,611.85,915.3,910.99,982.96,906.81,801.94
385.5,1218.9,811.73,-810.14,-214.51,1017.7,663.91,1082.2,1076.9,1230.3,1142.4,1017
369.66,1427.8,1039.8,-905.31,-336.01,1236.7,698.46,1244.4,1238,1471.1,1359.8,1208.8
348.34,1569.2,1210,-963.25,-431.57,1392.8,708.18,1386.4,1379,1682.7,1534.8,1352.5
326.47,1620.4,1293.5,-975.37,-484.61,1459.9,687.35,1487.3,1479.6,1837.7,1643.3,1426.9
304.6,1573.4,1278.5,-938.66,-488.82,1428.4,633.41,1524.3,1517.4,1908.5,1666.3,1418.7
277.87,1437.7,1176.5,-856.01,-451.4,1308.7,550.75,1479,1474.1,1873.9,1594.5,1327.4
237.61,1237.5,1019.6,-735.23,-392.5,1129.4,452.49,1344.6,1342.7,1726.7,1431.8,1165
175.04,1004.5,849.35,-587.34,-338.2,926.95,355.64,1130,1131,1477.1,1195.4,952.89
85.975,768.99,701.68,-425.42,-309.69,734.46,273.58,858.44,861.54,1153.9,913.27,717.82
-25.016,554.34,596.23,-263.83,-314.68,573.49,211.11,563.54,567.37,799.24,619.43,486.82
-143.64,374.42,532.74,-116.48,-345.27,451.02,163.79,282.19,285.6,460.04,348.11,282.99
-250.14,232.21,494.99,6.6334,-382.64,360.25,120.86,44.85,47.183,175.45,126.29,121.24
-327.01,120.94,458.76,101.42,-405.18,285.91,70.551,-133.11,-132.02,-32.906,-33.803,5.3178
-365.12,28.956,403.64,166.28,-397.05,212.81,5.8251,-252.86,-252.77,-166.35,-135.32,-70.816
-365.07,-53.102,322.69,204.18,-355.7,132.73,-71.86,-325.54,-325.95,-232.33,-187.08,-117.68
-334.5,-126.94,220.78,221.5,-289.03,45.754,-152.69,-363.78,-364.18,-253.83,-207.62,-145.2
-284.05,-187.97,110.16,224.35,-208.98,-41.634,-222.18,-377.25,-377.28,-255.25,-212.82,-160.65
-224.4,-232.09,4.84,217.12,-128.17,-118.42,-267.29,-371.68,-371.18,-249.16,-211.26,-168.53
-165.6,-258.27,-82.496,200.88,-56.08,-175.51,-283.12,-350.87,-349.79,-240.05,-206.62,-170.95
-114.44,-255.25,-142.83,158.55,1.6881,-209.75,-273.34,-320.95,-319.74,-228.72,-199.97,-141.5
-73.706,-189.18,-177.84,115.05,42.197,-221.24,-245.58,-287.18,-286.65,-214.58,-184.34,-82.877
-45.094,-134.57,-191.01,96.626,65.196,-205.84,-207.02,-249.45,-249.6,-188.62,-139.46,-75.594
-28.162,-114.78,-185.43,85.589,72.55,-159.3,-162.99,-207.33,-207.55,-150.54,-116.6,-75.04
-19.171,-106.19,-165.51,76.709,67.456,-111.53,-119.77,-166.34,-166.38,-125.05,-103.67,-73.579
-15.194,-100.24,-136.49,68.979,53.75,-88.117,-85.301,-132.62,-132.78,-109.59,-93.334,-70.839
-14.794,-94.927,-101.25,62.059,35.947,-79.184,-56.837,-106.43,-106.8,-97.645,-84.094,-67.28
-17.358,-90.041,-67.573,55.954,18.853,-74.804,-35.776,-85.99,-86.372,-87.095,-75.668,-63.34
-18.84,-85.632,-53.894,50.74,6.1427,-71.701,-24.562,-70.934,-71.039,-77.927,-68.221,-59.328
-15.31,-81.611,-48.748,46.363,3.7056,-69.252,-19.803,-61.738,-61.411,-70.651,-61.893,-55.439
-11.974,-77.791,-47.678,42.674,4.4207,-67.193,-18.614,-58.097,-57.411,-65.213,-56.572,-51.79
-9.6958,-74.059,-48.943,39.549,5.1688,-65.111,-19.114,-58.494,-57.663,-60.91,-51.974,-48.438
-8.1687,-70.466,-50.432,36.922,6.1408,-62.693,-18.663,-60.32,-59.8,-57.099,-47.858,-45.411
-7.0855,-67.174,-50.408,34.753,6.8675,-59.972,-16.976,-59.595,-59.809,-53.549,-44.147,-42.73
-6.2494,-64.34,-48.691,32.998,6.9567,-57.247,-15.308,-56.724,-57.371,-50.286,-40.889,-40.419
-5.5427,-62.045,-46.303,31.594,6.6595,-54.833,-13.95,-53.612,-54.439,-47.399,-38.162,-38.504
-4.886,-60.285,-44.06,30.459,6.3189,-52.921,-12.989,-50.964,-51.912,-44.939,-36.001,-36.994
-4.218,-58.979,-42.348,29.508,6.0956,-51.558,-12.43,-48.954,-50.08,-42.898,-34.377,-35.868
-3.5051,-57.991,-41.269,28.659,6.0301,-50.659,-12.19,-47.499,-48.913,-41.212,-33.2,-35.06
-2.7398,-57.167,-40.707,27.843,6.095,-50.057,-12.151,-46.375,-48.199,-39.78,-32.337,-34.472
-1.9364,-56.375,-40.442,27.01,6.2424,-49.573,-12.203,-45.327,-47.662,-38.489,-31.634,-33.982
-1.1209,-55.522,-40.256,26.129,6.4222,-49.07,-12.265,-44.158,-47.067,-37.231,-30.941,-33.474
-0.31842,-54.553,-39.989,25.178,6.5841,-48.461,-12.284,-42.766,-46.267,-35.917,-30.128,-32.856
0.45613,-53.439,-39.536,24.144,6.6841,-47.697,-12.237,-41.148,-45.205,-34.486,-29.107,-32.073
1.2019,-52.156,-38.814,23.013,6.6901,-46.748,-12.13,-39.373,-43.888,-32.907,-27.838,-31.112
1.9299,-50.683,-37.761,21.768,6.5836,-45.594,-11.981,-37.53,-42.365,-31.175,-26.334,-29.996
2.6547,-49.002,-36.346,20.393,6.3663,-44.224,-11.82,-35.686,-40.691,-29.307,-24.641,-28.771
3.3881,-47.103,-34.576,18.881,6.0569,-42.641,-11.668,-33.838,-38.891,-27.326,-22.827,-27.489
4.1354,-44.989,-32.493,17.239,5.686,-40.858,-11.536,-31.942,-36.961,-25.252,-20.947,-26.188
4.8953,-42.682,-30.161,15.484,5.2884,-38.903,-11.423,-29.922,-34.868,-23.092,-19.03,-24.878
5.6626,-40.214,-27.649,13.641,4.8925,-36.807,-11.311,-27.716,-32.571,-20.843,-17.073,-23.542
6.4366,-37.611,-25.013,11.729,4.5101,-34.597,-11.173,-25.282,-30.033,-18.493,-15.052,-22.141
7.224,-34.882,-22.272,9.7512,4.1339,-32.284,-11.001,-22.624,-27.248,-16.034,-12.933,-20.639
8.0425,-32.006,-19.42,7.6916,3.7451,-29.861,-10.803,-19.785,-24.246,-13.46,-10.69,-19.008
8.9226,-28.937,-16.453,5.5166,3.3281,-27.305,-10.606,-16.831,-21.075,-10.774,-8.3096,-17.233
9.901,-25.618,-13.393,3.1866,2.8843,-24.594,-10.445,-13.835,-17.796,-7.9851,-5.7895,-15.307
11.017,-22.007,-10.301,0.67105,2.4365,-21.718,-10.354,-10.862,-14.462,-5.1011,-3.1339,-13.228
12.303,-18.092,-7.2585,-2.0401,2.0195,-18.684,-10.349,-7.9528,-11.11,-2.1223,-0.34078,-10.995
13.78,-13.894,-4.3335,-4.9327,1.6662,-15.514,-10.431,-5.1309,-7.7644,0.96459,2.6052,-8.6068
15.458,-9.4556,-1.5636,-7.9739,1.3984,-12.232,-10.579,-2.4003,-4.4441,4.1927,5.7345,-6.0529
17.343,-4.831,1.048,-11.123,1.2264,-8.8607,-10.763,0.24533,-1.1634,7.6178,9.089,-3.3118
19.443,-0.064635,3.5238,-14.344,1.1528,-5.4104,-10.959,2.8168,2.0653,11.317,12.716,-0.3523
21.79,4.82,5.9004,-17.616,1.177,-1.8762,-11.158,5.3256,5.2333,15.38,16.669,2.8594
24.425,9.8274,8.2172,-20.94,1.2948,1.7693,-11.374,7.7838,8.3363,19.906,21.004,6.3496
27.415,14.986,10.507,-24.338,1.4965,5.5722,-11.64,10.206,11.375,24.989,25.794,10.128
30.843,20.334,12.785,-27.848,1.7673,9.5826,-11.996,12.609,14.35,30.713,31.126,14.185
34.802,25.902,15.039,-31.524,2.0944,13.832,-12.482,15.008,17.261,37.144,37.102,18.498
39.381,31.691,17.232,-35.429,2.4766,18.312,-13.126,17.413,20.103,44.334,43.828,23.045
44.632,37.68,19.308,-39.64,2.929,22.97,-13.948,19.824,22.867,52.314,51.401,27.818
50.528,43.833,21.216,-44.241,3.4797,27.724,-14.967,22.231,25.538,61.092,59.875,32.828
56.994,50.123,22.927,-49.329,4.161,32.491,-16.214,24.614,28.101,70.613,69.23,38.103
63.903,56.549,24.433,-55.005,5.0018,37.21,-17.737,26.951,30.542,80.723,79.337,43.67
71.106,63.149,25.754,-61.375,6.0249,41.855,-19.604,29.223,32.856,91.168,89.951,49.548
78.483,70.002,26.924,-68.538,7.2542,46.433,-21.901,31.417,35.045,101.67,100.75,55.736
85.967,77.22,27.984,-76.571,8.7264,50.971,-24.722,33.523,37.117,112.04,111.44,62.214
93.55,84.936,28.97,-85.488,10.495,55.491,-28.158,35.539,39.081,122.21,121.83,68.938
101.26,93.285,29.909,-95.211,12.616,60.008,-32.271,37.457,40.939,132.2,131.86,75.844
109.12,102.36,30.823,-105.55,15.124,64.526,-37.064,39.265,42.675,142.06,141.55,82.852
117.15,112.2,31.722,-116.24,18.025,69.042,-42.456,40.946,44.256,151.82,151.01,89.881
125.37,122.72,32.607,-127.01,21.304,73.546,-48.294,42.467,45.633,161.45,160.29,96.861
133.78,133.75,33.475,-137.66,24.925,78.03,-54.409,43.789,46.749,170.86,169.48,103.74
142.36,145.09,34.329,-148.09,28.824,82.494,-60.664,44.867,47.549,179.9,178.61,110.49
151.08,156.5,35.176,-158.25,32.889,86.949,-66.986,45.664,47.994,188.45,187.72,117.09
159.85,167.77,36.032,-168.15,36.987,91.404,-73.36,46.16,48.067,196.38,196.79,123.51
168.61,178.7,36.91,-177.76,40.992,95.851,-79.811,46.349,47.779,203.6,205.8,129.75
177.24,189.06,37.813,-187,44.821,100.25,-86.383,46.235,47.164,210.08,214.67,135.8
185.66,198.62,38.729,-195.74,48.442,104.51,-93.115,45.828,46.272,215.85,223.31,141.68
193.77,207.21,39.631,-203.81,51.88,108.54,-100.03,45.141,45.152,220.93,231.6,147.4
201.47,214.72,40.488,-211.09,55.2,112.24,-107.11,44.184,43.835,225.38,239.41,152.97
208.64,221.17,41.271,-217.52,58.472,115.56,-114.31,42.972,42.329,229.23,246.66,158.38
215.19,226.68,41.966,-223.11,61.713,118.48,-121.53,41.516,40.626,232.52,253.28,163.6
221.03,231.4,42.572,-227.94,64.841,121.06,-128.66,39.824,38.71,235.28,259.24,168.56
226.08,235.52,43.102,-232.12,67.699,123.36,-135.58,37.902,36.567,237.56,264.53,173.18
230.35,239.13,43.574,-235.75,70.151,125.43,-142.22,35.754,34.192,239.41,269.18,177.4
233.92,242.33,43.997,-238.9,72.171,127.31,-148.5,33.382,31.59,240.9,273.24,181.15
236.91,245.14,44.362,-241.64,73.836,129,-154.41,30.794,28.775,242.06,276.76,184.41
239.45,247.57,44.643,-244.03,75.266,130.47,-159.97,28.005,25.773,242.96,279.83,187.12
241.68,249.62,44.799,-246.11,76.575,131.68,-165.22,25.04,22.616,243.59,282.53,189.25
243.69,251.31,44.79,-247.93,77.84,132.59,-170.27,21.937,19.345,243.96,284.91,190.75
245.56,252.64,44.591,-249.53,79.107,133.16,-175.24,18.743,16.004,244.03,287.01,191.55
247.34,253.64,44.195,-250.94,80.392,133.39,-180.27,15.516,12.651,243.75,288.78,191.58
249.09,254.3,43.612,-252.17,81.706,133.27,-185.51,12.316,9.3496,243.03,290.12,190.76
250.82,254.59,42.867,-253.19,83.074,132.81,-191.04,9.2076,6.1812,241.77,290.82,189
252.53,254.44,41.99,-253.96,84.551,132,-196.82,6.2523,3.2385,239.84,290.62,186.21
254.14,253.76,41.014,-254.36,86.219,130.85,-202.49,3.5105,0.62217,237.09,289.16,182.34
255.46,252.44,39.978,-254.23,88.146,129.37,-207.27,1.0485,-1.57,233.39,286.12,177.37
256.11,250.35,38.925,-253.34,90.265,127.53,-210.07,-1.0571,-3.2536,228.58,281.18,171.33
255.49,247.35,37.894,-251.41,92.149,125.34,-209.94,-2.7225,-4.3659,222.53,274.19,164.27
252.91,243.29,36.922,-248.11,92.93,122.75,-206.37,-3.8704,-4.8688,215.16,265.11,156.22
247.83,237.97,36.031,-243.12,91.758,119.73,-199.19,-4.4442,-4.7485,206.43,254.07,147.21
240.05,231.19,35.234,-236.13,88.378,116.26,-188.35,-4.4155,-4.0108,196.44,241.33,137.23
229.72,222.76,34.537,-227.02,83.059,112.3,-173.79,-3.7845,-2.6791,185.4,227.29,126.3
217.16,212.51,33.95,-215.86,76.222,107.87,-155.7,-2.5778,-0.79791,173.61,212.4,114.46
202.82,200.39,33.483,-202.93,68.276,103,-134.9,-0.84795,1.5593,161.37,197.08,101.84
187.21,186.49,33.135,-188.63,59.588,97.734,-112.71,1.3284,4.2884,148.89,181.64,88.645
170.82,171.06,32.891,-173.38,50.465,92.117,-90.338,3.856,7.2672,136.25,166.23,75.158
154.11,154.48,32.714,-157.49,41.179,86.181,-68.445,6.63,10.376,123.45,150.87,61.682
137.46,137.28,32.562,-141.12,31.994,79.943,-47.32,9.5453,13.51,110.39,135.48,48.523
121.13,120.09,32.396,-124.31,23.187,73.425,-27.203,12.503,16.587,97.076,119.94,35.951
105.3,103.58,32.191,-107.11,15.028,66.662,-8.4092,15.415,19.537,83.657,104.19,24.162
90.047,88.238,31.934,-89.85,7.7364,59.717,8.6209,18.206,22.305,70.516,88.315,13.263
75.401,74.224,31.619,-73.282,1.4782,52.671,23.183,20.816,24.84,58.166,72.743,3.2614
61.308,61.378,31.235,-58.311,-3.6198,45.618,34.179,23.202,27.099,47.035,58.211,-5.8973
47.634,49.406,30.761,-45.421,-7.5498,38.644,40.729,25.33,29.045,37.323,45.454,-14.296
34.342,38.055,30.16,-34.463,-10.568,31.813,43.634,27.178,30.647,28.994,34.801,-22.015
22.058,27.204,29.382,-24.955,-13.052,25.161,45.008,28.732,31.889,21.873,26.101,-29.115
12.115,16.86,28.369,-16.468,-15.163,18.701,46.2,29.98,32.761,15.743,18.958,-35.639
5.1547,7.1111,27.062,-8.7848,-16.862,12.44,47.411,30.92,33.271,10.402,12.972,-41.616
0.50473,-1.9279,25.425,-1.8567,-18.126,6.4028,48.398,31.558,33.435,5.6929,7.8519,-47.067
-2.8077,-10.15,23.459,4.2928,-19.004,0.64774,48.92,31.91,33.283,1.5011,3.4083,-52.012
-5.4006,-17.481,21.215,9.649,-19.577,-4.7382,48.855,31.996,32.854,-2.2539,-0.47679,-56.472
-7.57,-23.889,18.795,14.235,-19.924,-9.6622,48.189,31.836,32.194,-5.6339,-3.8861,-60.479
-9.4447,-29.384,16.324,18.105,-20.103,-14.054,46.971,31.452,31.355,-8.6907,-6.8873,-64.072
-11.073,-34.009,13.917,21.328,-20.142,-17.885,45.275,30.86,30.387,-11.468,-9.5402,-67.288
-12.466,-37.842,11.644,23.975,-20.054,-21.175,43.184,30.083,29.34,-14.001,-11.898,-70.154
-13.617,-40.981,9.5194,26.118,-19.846,-23.982,40.781,29.147,28.259,-16.313,-14.002,-72.672
-14.526,-43.539,7.5178,27.833,-19.524,-26.382,38.148,28.084,27.175,-18.416,-15.883,-74.822
-15.207,-45.625,5.6018,29.192,-19.107,-28.451,35.362,26.929,26.111,-20.316,-17.554,-76.568
-15.691,-47.336,3.7489,30.264,-18.621,-30.248,32.504,25.715,25.072,-22.011,-19.011,-77.864
-16.017,-48.743,1.9657,31.1,-18.1,-31.811,29.655,24.47,24.055,-23.502,-20.246,-78.672
-16.218,-49.894,0.28437,31.739,-17.572,-33.155,26.901,23.217,23.048,-24.787,-21.249,-78.965
-16.317,-50.812,-1.2538,32.2,-17.06,-34.284,24.332,21.97,22.039,-25.872,-22.019,-78.732
-16.323,-51.512,-2.6198,32.492,-16.568,-35.202,22.025,20.739,21.02,-26.765,-22.566,-77.978
-16.238,-52.003,-3.8103,32.625,-16.087,-35.918,20.038,19.534,19.982,-27.483,-22.914,-76.734
-16.063,-52.303,-4.8458,32.612,-15.599,-36.449,18.382,18.359,18.919,-28.051,-23.099,-75.05
-15.81,-52.435,-5.7506,32.474,-15.087,-36.815,17.031,17.219,17.828,-28.495,-23.168,-72.996
-15.508,-52.425,-6.5263,32.243,-14.558,-37.031,15.919,16.115,16.711,-28.845,-23.165,-70.651
-15.197,-52.294,-7.1358,31.952,-14.044,-37.099,14.969,15.046,15.574,-29.121,-23.125,-68.095
-14.921,-52.049,-7.5098,31.626,-13.601,-37.004,14.112,14.007,14.431,-29.333,-23.067,-65.399
-14.712,-51.691,-7.5817,31.285,-13.279,-36.73,13.3,12.997,13.3,-29.484,-22.991,-62.615
-14.58,-51.221,-7.332,30.937,-13.104,-36.274,12.519,12.024,12.202,-29.571,-22.886,-59.784
-14.515,-50.66,-6.813,30.587,-13.059,-35.668,11.786,11.104,11.156,-29.591,-22.736,-56.939
-14.493,-50.038,-6.132,30.237,-13.105,-34.967,11.129,10.261,10.175,-29.544,-22.526,-54.109
-14.491,-49.392,-5.4032,29.888,-13.203,-34.235,10.574,9.5205,9.2682,-29.439,-22.255,-51.328
-14.493,-48.742,-4.6977,29.537,-13.336,-33.514,10.127,8.8971,8.4349,-29.293,-21.939,-48.636
-14.497,-48.084,-4.0214,29.176,-13.507,-32.81,9.7699,8.3908,7.6694,-29.129,-21.612,-46.079
-14.503,-47.389,-3.3242,28.79,-13.738,-32.095,9.4764,7.9852,6.9629,-28.967,-21.31,-43.711
-14.514,-46.612,-2.5313,28.36,-14.049,-31.314,9.224,7.6536,6.309,-28.819,-21.059,-41.578
-14.524,-45.712,-1.58,27.865,-14.452,-30.415,9.0112,7.3713,5.711,-28.679,-20.856,-39.713
-14.522,-44.66,-0.44218,27.289,-14.936,-29.362,8.8667,7.1294,5.188,-28.531,-20.673,-38.122
-14.491,-43.444,0.87334,26.619,-15.475,-28.142,8.8463,6.9439,4.7767,-28.346,-20.456,-36.787
-14.414,-42.065,2.3378,25.849,-16.036,-26.765,9.0187,6.8552,4.528,-28.086,-20.148,-35.668
-14.273,-40.522,3.9238,24.977,-16.593,-25.24,9.4453,6.9192,4.4992,-27.713,-19.707,-34.715
-14.056,-38.807,5.6184,23.995,-17.133,-23.574,10.168,7.1914,4.7422,-27.19,-19.115,-33.867
-13.757,-36.9,7.4217,22.893,-17.656,-21.756,11.208,7.7112,5.2922,-26.49,-18.377,-33.059
-13.373,-34.78,9.3364,21.661,-18.166,-19.771,12.585,8.4924,6.1596,-25.596,-17.509,-32.216
-12.907,-32.432,11.356,20.289,-18.666,-17.602,14.332,9.5251,7.3268,-24.508,-16.527,-31.261
-12.364,-29.85,13.459,18.78,-19.152,-15.237,16.505,10.785,8.7542,-23.242,-15.438,-30.117
-11.754,-27.034,15.615,17.137,-19.617,-12.667,19.172,12.242,10.39,-21.823,-14.24,-28.722
-11.085,-23.981,17.789,15.366,-20.059,-9.8815,22.391,13.871,12.183,-20.28,-12.932,-27.035
-10.363,-20.683,19.963,13.467,-20.48,-6.8628,26.172,15.648,14.094,-18.633,-11.515,-25.039
-9.602,-17.12,22.14,11.435,-20.894,-3.5794,30.462,17.55,16.097,-16.891,-9.9978,-22.737
-8.8134,-13.267,24.34,9.2629,-21.321,0.0056846,35.144,19.556,18.179,-15.05,-8.3959,-20.139
-8.0103,-9.108,26.58,6.9466,-21.777,3.9193,40.056,21.642,20.333,-13.104,-6.7253,-17.259
-7.1994,-4.6487,28.86,4.4911,-22.268,8.1592,45.018,23.783,22.548,-11.058,-4.9999,-14.109
-6.3783,0.07625,31.153,1.9101,-22.786,12.682,49.851,25.947,24.8,-8.934,-3.2323,-10.7
-5.5379,5.0031,33.414,-0.77431,-23.31,17.405,54.387,28.094,27.047,-6.7763,-1.4378,-7.0553
-4.6698,10.045,35.594,-3.5302,-23.82,22.219,58.485,30.174,29.234,-4.6454,0.36196,-3.2103
-3.7757,15.101,37.658,-6.3141,-24.301,27.009,62.033,32.135,31.299,-2.6028,2.1383,0.79098
-2.8735,20.07,39.59,-9.0713,-24.75,31.678,64.949,33.92,33.18,-0.69599,3.8575,4.9091
-1.9961,24.868,41.396,-11.744,-25.174,36.169,67.183,35.483,34.828,1.0527,5.4843,9.1263
-1.1814,29.447,43.095,-14.283,-25.586,40.469,68.719,36.788,36.206,2.6454,6.9867,13.457
-0.45843,33.791,44.706,-16.66,-25.996,44.599,69.593,37.812,37.298,4.0981,8.3425,17.948
0.16484,37.907,46.239,-18.867,-26.405,48.581,69.884,38.545,38.099,5.4274,9.5434,22.658
0.70508,41.79,47.681,-20.91,-26.803,52.408,69.698,38.987,38.619,6.6393,10.595,27.639
1.1984,45.412,49.007,-22.791,-27.162,56.026,69.134,39.151,38.875,7.726,11.51,32.911
1.6912,48.715,50.183,-24.512,-27.446,59.344,68.26,39.062,38.889,8.6669,12.3,38.448
2.2337,51.636,51.177,-26.075,-27.614,62.257,67.114,38.75,38.68,9.4322,12.962,44.172
2.8753,54.111,51.962,-27.488,-27.641,64.656,65.698,38.247,38.263,9.987,13.475,49.964
3.659,56.08,52.521,-28.761,-27.537,66.436,63.986,37.571,37.641,10.294,13.804,55.674
4.6097,57.49,52.846,-29.89,-27.357,67.496,61.936,36.721,36.803,10.319,13.906,61.14
5.7161,58.281,52.926,-30.844,-27.192,67.748,59.505,35.677,35.73,10.034,13.75,66.206
6.9133,58.397,52.732,-31.555,-27.093,67.128,56.668,34.413,34.4,9.4261,13.326,70.736
8.0775,57.786,52.194,-31.933,-26.96,65.611,53.44,32.914,32.803,8.5039,12.649,74.621
9.0468,56.405,51.198,-31.881,-26.496,63.207,49.874,31.183,30.948,7.2929,11.748,77.778
9.6685,54.222,49.62,-31.319,-25.341,59.959,46.037,29.241,28.866,5.8337,10.66,80.147
9.8563,51.22,47.377,-30.212,-23.297,55.929,42.002,27.118,26.596,4.1766,9.4189,81.699
9.622,47.39,44.46,-28.558,-20.456,51.191,37.847,24.848,24.18,2.3753,8.0535,82.441
9.0598,42.743,40.936,-26.384,-17.146,45.824,33.66,22.46,21.653,0.47834,6.5788,82.417
8.2876,37.311,36.916,-23.718,-13.759,39.907,29.533,19.971,19.033,-1.4832,4.9934,81.702
7.3852,31.155,32.514,-20.59,-10.613,33.521,25.534,17.381,16.314,-3.505,3.2768,80.366
6.3645,24.365,27.821,-17.033,-7.9237,26.748,21.686,14.665,13.471,-5.6121,1.3941,78.436
5.1784,17.047,22.901,-13.086,-5.8179,19.666,17.97,11.778,10.455,-7.8526,-0.69478,75.878
3.7517,9.316,17.799,-8.798,-4.325,12.359,14.347,8.6625,7.2112,-10.282,-3.023,72.605
2.0136,1.2909,12.554,-4.222,-3.3537,4.9233,10.795,5.2629,3.6856,-12.945,-5.6074,68.521
-0.074086,-6.8936,7.1883,0.57925,-2.7109,-2.5167,7.3335,1.5373,-0.16021,-15.854,-8.4418,63.571
-2.4986,-15.075,1.7038,5.5275,-2.1993,-9.8043,4.0288,-2.5289,-4.3377,-18.983,-11.494,57.78
-5.1918,-23.065,-3.8843,10.528,-1.7275,-16.768,0.97687,-6.9136,-8.8235,-22.264,-14.706,51.268
-8.0455,-30.677,-9.4796,15.475,-1.3267,-23.248,-1.7263,-11.552,-13.553,-25.598,-17.994,44.23
-10.939,-37.755,-14.869,20.267,-1.0713,-29.128,-4.0114,-16.335,-18.416,-28.868,-21.258,36.911
-13.763,-44.2,-19.793,24.81,-0.99561,-34.348,-5.8497,-21.116,-23.26,-31.965,-24.393,29.56
-16.422,-49.972,-24.079,29.025,-1.0698,-38.913,-7.255,-25.719,-27.902,-34.806,-27.304,22.4
-18.841,-55.083,-27.711,32.847,-1.228,-42.883,-8.2751,-29.975,-32.172,-37.344,-29.928,15.599
-20.966,-59.58,-30.797,36.231,-1.405,-46.351,-8.9807,-33.768,-35.956,-39.577,-32.24,9.2518
-22.774,-63.522,-33.497,39.16,-1.544,-49.418,-9.4532,-37.07,-39.23,-41.536,-34.258,3.3831
-24.264,-66.966,-35.948,41.644,-1.5889,-52.163,-9.7769,-39.94,-42.051,-43.283,-36.027,-2.0422
-25.447,-69.952,-38.224,43.712,-1.4956,-54.635,-10.032,-42.48,-44.514,-44.887,-37.613,-7.0933
-26.344,-72.507,-40.338,45.4,-1.255,-56.851,-10.284,-44.79,-46.715,-46.409,-39.076,-11.849
-26.99,-74.651,-42.253,46.748,-0.89964,-58.803,-10.577,-46.933,-48.715,-47.894,-40.461,-16.38
-27.438,-76.402,-43.921,47.8,-0.48808,-60.477,-10.922,-48.928,-50.533,-49.355,-41.788,-20.738
-27.75,-77.787,-45.297,48.602,-0.081889,-61.858,-11.301,-50.759,-52.154,-50.777,-43.047,-24.952
-27.99,-78.841,-46.365,49.206,0.27308,-62.949,-11.678,-52.398,-53.549,-52.12,-44.207,-29.036
-28.201,-79.612,-47.141,49.659,0.55547,-63.768,-12.015,-53.807,-54.69,-53.331,-45.225,-32.987
-28.413,-80.155,-47.661,50.007,0.76453,-64.349,-12.278,-54.958,-55.569,-54.358,-46.064,-36.792
-28.635,-80.522,-47.97,50.282,0.90741,-64.726,-12.449,-55.845,-56.21,-55.165,-46.705,-40.436
-28.862,-80.756,-48.101,50.502,0.98791,-64.932,-12.525,-56.489,-56.659,-55.747,-47.151,-43.912
-29.081,-80.886,-48.077,50.671,1.0048,-64.992,-12.522,-56.941,-56.982,-56.131,-47.428,-47.225
-29.274,-80.933,-47.926,50.787,0.95868,-64.934,-12.47,-57.273,-57.253,-56.373,-47.574,-50.403
-29.427,-80.928,-47.702,50.851,0.8657,-64.8,-12.409,-57.568,-57.541,-56.544,-47.632,-53.495
-29.531,-80.918,-47.498,50.877,0.75939,-64.662,-12.383,-57.906,-57.9,-56.71,-47.649,-56.555
-29.593,-80.979,-47.44,50.906,0.68604,-64.612,-12.41,-58.332,-58.349,-56.925,-47.677,-59.637
-29.643,-81.21,-47.652,51.008,0.68782,-64.757,-12.466,-58.859,-58.871,-57.222,-47.772,-62.776
-29.746,-81.716,-48.208,51.267,0.78113,-65.19,-12.463,-59.453,-59.423,-57.624,-47.999,-65.993
-29.995,-82.58,-49.09,51.771,0.93595,-65.955,-12.248,-60.032,-59.92,-58.16,-48.433,-69.306
-30.501,-83.831,-50.185,52.588,1.0721,-67.023,-11.622,-60.476,-60.254,-58.868,-49.155,-72.744
-31.361,-85.433,-51.309,53.741,1.0794,-68.298,-10.361,-60.642,-60.296,-59.781,-50.237,-76.365
-32.614,-87.282,-52.284,55.193,0.85947,-69.644,-8.2099,-60.359,-59.884,-60.92,-51.728,-80.252
-34.173,-89.233,-53.012,56.831,0.38374,-70.936,-4.962,-59.435,-58.831,-62.232,-53.627,-84.484
-35.796,-91.115,-53.511,58.476,-0.24408,-72.104,-1.8647,-57.647,-56.903,-63.581,-55.828,-89.084
-37.114,-92.769,-53.933,59.884,-0.74025,-73.123,-4.7032,-54.766,-53.85,-64.749,-58.114,-93.954
-37.711,-94.019,-54.529,60.775,-0.65599,-73.998,-13.472,-50.798,-49.669,-65.447,-60.151,-98.75
-37.196,-94.659,-55.54,60.862,0.48305,-74.713,-18.678,-47.017,-45.722,-65.319,-61.505,-102.81
-35.325,-94.421,-57.012,59.881,2.9908,-75.141,-17.472,-48.871,-47.725,-63.916,-61.661,-105.15
-33.108,-92.968,-58.626,57.767,6.9513,-74.965,-9.5524,-62.665,-62.449,-60.78,-60.09,-104.66
-40.577,-90.182,-59.711,55.676,7.5868,-73.634,6.2545,-68.235,-68.871,-57.098,-56.961,-100.8
-68.168,-88.564,-59.428,62.32,2.5027,-70.735,31.564,-60.485,-61.221,-70.567,-59.769,-95.5
-84.844,-111.12,-57.886,102.69,-3.0545,-71.081,67.321,-46.44,-47.029,-108,-106.38,-105.61
-95.102,-173.54,-73.216,131.05,-9.3847,-114.33,111.98,-26.359,-26.761,-117.31,-131.64,-151.31
-98.086,-182.85,-77.302,135.88,-17.228,-131.33,160.87,-0.27128,-0.64838,-121.49,-142.67,-168.18
-88.952,-177.59,-78.476,129.5,-13.844,-128.89,208.51,31.981,31.358,-118.23,-146.55,-174.56
-63.535,-161.33,-86.315,108.93,1.5805,-124.48,251.26,71.309,70.299,-103.15,-138.62,-169.01
-19.767,-131.23,-99.983,71.54,29.665,-116.32,287.55,120.09,118.83,-71.623,-114.12,-146.8
41.111,-82.96,-113.74,16.227,67.483,-99.352,317.71,181.94,180.58,-18.986,-68.118,-103.53
113.98,-10.482,-116.01,-57.049,107.22,-64.584,345.94,258.81,257.21,59.407,4.1538,-36.108
190.61,94.166,-90.609,-148.16,135.88,0.12627,378.82,350.55,348.78,167.7,107.06,58.795
262,238.65,-20.453,-256.48,138.7,107.2,421.48,459.75,458.15,308.37,243.94,185.18
320.98,425.96,106.31,-379.52,105.31,264.26,474.8,587.77,586.26,481.35,415.43,344.6
362.96,651.09,290.77,-512.01,32.915,469.42,535.06,731.51,729.67,684.71,618.31,534.03
385.01,899.98,520.39,-646.15,-72.508,708.94,595.68,885.99,883.43,913.17,844.46,744.51
387.58,1150.2,769.88,-771.7,-196.82,959.14,648.93,1045.6,1042.4,1156.8,1079.9,960.56
375.6,1372.9,1004.9,-876.62,-319.9,1188.5,686.85,1203.3,1199.6,1400.8,1305.2,1161.2
355.85,1537.5,1188.5,-948.76,-419.79,1363.4,702.04,1347.5,1343.9,1624.9,1496.7,1322.8
334.02,1618.6,1289.7,-978.09,-478.63,1455.5,688.81,1461,1457.7,1803.3,1629.6,1422.6
312.49,1602.5,1293.3,-959.12,-488.71,1450,644.21,1521.5,1518.7,1908.1,1682.2,1443.8
288.52,1492.9,1206,-892.2,-455.88,1352,570.32,1508.3,1506.3,1914.6,1641.1,1380.3
254.35,1309.6,1056.3,-783.37,-398.58,1185.4,477.13,1410.3,1409.2,1809.4,1505.8,1239.4
200.38,1083,884.88,-642.72,-341.83,985.53,380.44,1229.8,1229.8,1595.8,1289.5,1040.7
120.31,844.79,730.4,-483.01,-307.64,787.97,294.89,984.14,985.05,1295.5,1017.7,811.2
15.84,621.73,616.93,-318.81,-306.47,618.26,227.85,702.05,703.51,946.89,723.61,579.07
-101.63,431.13,548.5,-165.11,-333.8,487.31,177.73,418.09,419.69,596.65,442.55,368.82
-213.93,279.19,511.1,-33.855,-373.05,391.31,135.72,164.13,165.56,288.41,203.79,196.71
-302.55,161.15,481.16,69.43,-403.18,316.42,89.746,-39.03,-37.797,50.338,23.654,67.966
-355.07,65.851,436.53,143.71,-407.29,246.34,30.527,-185.48,-184.35,-110.88,-97.607,-21.686
-368.47,-17.409,365.6,190.63,-377.94,170.01,-42.896,-281.26,-280.17,-204.86,-167.93,-80.481
-348.09,-93.653,269.9,215.17,-318.95,85.322,-122.41,-337.52,-336.6,-245.8,-200.72,-116.42
-303.8,-160.67,160.9,223.36,-242.16,-2.4979,-195.19,-364.8,-364.39,-256.06,-211.82,-137.25
-246.39,-212.92,53.303,220.24,-160.57,-84.05,-249.44,-370.44,-370.89,-252.76,-212.5,-149.01
-186.6,-247.49,-40.933,208.56,-84.461,-148.86,-278.66,-358.87,-360.21,-244.28,-208.79,-155.1
-133.02,-261.24,-111.9,174.33,-20.543,-192.35,-282.47,-335.51,-337.07,-233.63,-203.22,-143.59
-89.274,-228.21,-158.51,121.53,26.289,-215.92,-264.87,-306.8,-307.95,-221.41,-194.74,-69.346
-56.626,-163.57,-183.8,99.306,55.429,-220.14,-232.39,-274.23,-275.08,-200.74,-152.16,-54.594
-35.701,-128.84,-189.07,89.626,68.595,-198.58,-191.16,-236.22,-237.16,-154.58,-120.04,-55.74
-23.916,-114.61,-177.35,81.954,68.486,-147.65,-146.32,-194.65,-195.72,-128.74,-108.86,-56.816
-17.908,-106.95,-153.29,74.817,58.308,-102.8,-105.96,-155.34,-156.32,-112.71,-100.33,-56.647
-15.908,-101.01,-121.32,68.147,42.316,-84.136,-74.83,-122.75,-123.48,-100.59,-92.189,-55.447
-17.156,-95.581,-80.175,62.013,25.249,-77.359,-48.718,-97.523,-98.008,-90.085,-84.289,-53.554
-20.426,-90.561,-58.025,56.519,10.797,-73.575,-31.302,-78.931,-79.127,-80.803,-76.856,-51.25
-18.902,-85.96,-51.606,51.722,4.4638,-70.551,-22.594,-66.667,-66.475,-73.08,-70.203,-48.75
-15.546,-81.642,-48.855,47.581,4.9984,-67.883,-19.125,-60.378,-59.778,-67.088,-64.526,-46.202
-12.872,-77.44,-48.331,44.008,5.1319,-65.26,-18.571,-58.918,-58.041,-62.428,-59.796,-43.709
-10.976,-73.322,-48.437,40.929,5.1794,-62.371,-18.956,-60.671,-59.759,-58.431,-55.802,-41.343
-9.6234,-69.415,-47.535,38.3,5.2425,-59.17,-17.91,-62.513,-61.831,-54.657,-52.292,-39.176
-8.604,-65.906,-45.093,36.086,5.1128,-55.904,-16.17,-61.534,-60.854,-51.04,-49.096,-37.294
-7.7704,-62.92,-41.823,34.245,4.6999,-52.893,-14.603,-59.134,-58.117,-47.722,-46.176,-35.793
-7.0246,-60.476,-38.582,32.711,4.1489,-50.337,-13.401,-56.63,-55.107,-44.86,-43.583,-34.755
-6.3007,-58.503,-35.82,31.403,3.6333,-48.286,-12.631,-54.457,-52.38,-42.53,-41.383,-34.212
-5.5569,-56.876,-33.666,30.231,3.2521,-46.678,-12.246,-52.699,-50.103,-40.709,-39.602,-34.124
-4.7729,-55.452,-32.066,29.118,3.0326,-45.385,-12.104,-51.24,-48.219,-39.293,-38.194,-34.376
-3.947,-54.11,-30.866,28.006,2.9597,-44.271,-12.051,-49.879,-46.545,-38.127,-37.051,-34.81
-3.0907,-52.775,-29.891,26.866,2.9989,-43.229,-11.971,-48.425,-44.879,-37.049,-36.033,-35.268
-2.2207,-51.409,-28.994,25.691,3.1072,-42.193,-11.805,-46.753,-43.063,-35.922,-35.008,-35.626
-1.3499,-50,-28.061,24.481,3.2364,-41.123,-11.552,-44.823,-41.015,-34.653,-33.876,-35.812
-0.48122,-48.536,-26.997,23.232,3.3447,-39.995,-11.246,-42.661,-38.735,-33.207,-32.579,-35.801
0.39177,-47,-25.743,21.931,3.4001,-38.788,-10.934,-40.327,-36.274,-31.589,-31.098,-35.601
1.2798,-45.372,-24.296,20.56,3.3901,-37.493,-10.658,-37.858,-33.678,-29.831,-29.445,-35.236
2.194,-43.643,-22.716,19.106,3.3268,-36.118,-10.43,-35.257,-30.97,-27.968,-27.649,-34.728
3.1397,-41.823,-21.098,17.572,3.2404,-34.688,-10.243,-32.502,-28.142,-26.02,-25.734,-34.081
4.1139,-39.939,-19.536,15.976,3.1663,-33.236,-10.07,-29.555,-25.171,-23.991,-23.71,-33.282
5.1089,-38.025,-18.087,14.343,3.1318,-31.791,-9.8915,-26.4,-22.059,-21.87,-21.569,-32.304
6.115,-36.105,-16.756,12.692,3.1469,-30.365,-9.6984,-23.064,-18.851,-19.644,-19.29,-31.119
7.1292,-34.172,-15.494,11.027,3.2033,-28.94,-9.4928,-19.618,-15.634,-17.306,-16.857,-29.705
8.1592,-32.18,-14.213,9.3246,3.2805,-27.471,-9.2894,-16.159,-12.508,-14.858,-14.267,-28.054
9.2277,-30.052,-12.818,7.5402,3.3562,-25.897,-9.1122,-12.792,-9.5653,-12.309,-11.537,-26.162
10.369,-27.709,-11.246,5.6244,3.4163,-24.161,-8.9887,-9.6005,-6.8551,-9.6665,-8.6899,-24.033
11.622,-25.095,-9.5015,3.5386,3.4626,-22.239,-8.9438,-6.6199,-4.3772,-6.93,-5.7448,-21.668
13.024,-22.199,-7.6532,1.2688,3.5132,-20.147,-8.9935,-3.8411,-2.0866,-4.0839,-2.6977,-19.063
14.604,-19.053,-5.8058,-1.1717,3.5932,-17.932,-9.1422,-1.223,0.087935,-1.099,0.48486,-16.211
16.376,-15.714,-4.0494,-3.7497,3.7219,-15.647,-9.3834,1.2837,2.2171,2.0639,3.8622,-13.095
18.336,-12.229,-2.42,-6.4267,3.9034,-13.323,-9.7057,3.7129,4.3475,5.4463,7.509,-9.7002
20.464,-8.6128,-0.88617,-9.1739,4.124,-10.948,-10.102,6.0715,6.4884,9.084,11.505,-6.0209
22.744,-4.8325,0.63829,-11.985,4.359,-8.4629,-10.574,8.3412,8.6165,13.001,15.927,-2.0655
25.174,-0.81499,2.26,-14.883,4.5835,-5.7723,-11.137,10.492,10.692,17.214,20.851,2.1385
27.803,3.532,4.0636,-17.91,4.7835,-2.7734,-11.81,12.497,12.677,21.742,26.347,6.5455
30.734,8.2881,6.0772,-21.122,4.9624,0.61111,-12.608,14.337,14.543,26.628,32.474,11.096
34.131,13.492,8.2602,-24.574,5.1423,4.407,-13.537,16.007,16.272,31.953,39.275,15.726
38.18,19.124,10.518,-28.312,5.3606,8.5778,-14.598,17.514,17.856,37.842,46.776,20.379
43.032,25.112,12.736,-32.373,5.6613,13.033,-15.792,18.878,19.296,44.449,54.986,25.023
48.748,31.352,14.814,-36.791,6.0868,17.657,-17.125,20.131,20.6,51.919,63.901,29.653
55.251,37.746,16.694,-41.61,6.6758,22.34,-18.62,21.313,21.786,60.317,73.477,34.291
62.345,44.233,18.362,-46.891,7.4692,27.013,-20.312,22.464,22.878,69.564,83.597,38.969
69.779,50.803,19.844,-52.716,8.5233,31.656,-22.247,23.614,23.901,79.407,94.052,43.714
77.329,57.489,21.184,-59.172,9.9197,36.287,-24.486,24.778,24.881,89.495,104.58,48.543
84.858,64.344,22.424,-66.329,11.75,40.925,-27.102,25.949,25.836,99.505,114.94,53.464
92.312,71.432,23.596,-74.2,14.065,45.575,-30.189,27.108,26.776,109.25,125.01,58.467
99.686,78.822,24.715,-82.726,16.817,50.223,-33.859,28.231,27.699,118.71,134.79,63.518
106.99,86.584,25.792,-91.781,19.878,54.848,-38.235,29.288,28.588,127.92,144.37,68.554
114.26,94.783,26.826,-101.2,23.121,59.427,-43.41,30.255,29.414,136.96,153.85,73.492
121.56,103.47,27.808,-110.84,26.486,63.942,-49.385,31.105,30.141,145.87,163.32,78.25
128.96,112.65,28.72,-120.59,29.984,68.379,-56.015,31.812,30.735,154.67,172.82,82.775
136.54,122.31,29.541,-130.37,33.656,72.72,-63.014,32.355,31.171,163.29,182.34,87.06
144.39,132.39,30.252,-140.16,37.51,76.949,-70.063,32.728,31.441,171.71,191.81,91.149
152.53,142.78,30.848,-149.92,41.499,81.046,-76.942,32.936,31.552,179.85,201.15,95.12
160.93,153.3,31.339,-159.61,45.539,84.993,-83.581,32.996,31.526,187.65,210.26,99.065
169.48,163.73,31.757,-169.14,49.539,88.777,-90.031,32.921,31.385,195.04,219.07,103.07
178.03,173.79,32.147,-178.33,53.42,92.394,-96.397,32.717,31.147,201.95,227.55,107.18
186.4,183.22,32.551,-187.01,57.132,95.84,-102.78,32.373,30.819,208.3,235.67,111.43
194.38,191.8,32.998,-194.97,60.654,99.111,-109.26,31.868,30.392,214.01,243.39,115.8
201.81,199.44,33.496,-202.11,63.977,102.2,-115.87,31.17,29.844,219.03,250.67,120.26
208.54,206.18,34.035,-208.43,67.058,105.11,-122.6,30.246,29.139,223.34,257.44,124.72
214.51,212.12,34.599,-213.98,69.794,107.85,-129.37,29.066,28.238,226.96,263.64,129.06
219.67,217.4,35.165,-218.88,72.069,110.43,-136.12,27.614,27.109,229.96,269.22,133.18
224.06,222.12,35.712,-223.2,73.839,112.84,-142.73,25.894,25.729,232.43,274.2,136.96
227.8,226.35,36.211,-227.05,75.181,115.07,-149.11,23.931,24.093,234.48,278.6,140.33
231.01,230.12,36.631,-230.47,76.242,117.07,-155.17,21.764,22.213,236.2,282.5,143.23
233.84,233.42,36.934,-233.54,77.185,118.82,-160.89,19.441,20.116,237.67,285.98,145.62
236.43,236.27,37.087,-236.3,78.14,120.25,-166.25,17.012,17.844,238.9,289.1,147.43
238.88,238.67,37.061,-238.79,79.192,121.35,-171.3,14.531,15.453,239.87,291.87,148.63
241.27,240.63,36.851,-241.06,80.386,122.1,-176.11,12.054,13.009,240.52,294.29,149.15
243.62,242.17,36.475,-243.1,81.738,122.52,-180.79,9.6454,10.583,240.76,296.32,148.92
245.95,243.27,35.98,-244.9,83.248,122.63,-185.48,7.377,8.252,240.47,297.93,147.83
248.25,243.92,35.428,-246.42,84.918,122.46,-190.33,5.3222,6.0936,239.56,299.05,145.75
250.48,244.05,34.881,-247.58,86.743,122.03,-195.44,3.5528,4.1862,237.94,299.6,142.53
252.5,243.58,34.383,-248.25,88.691,121.35,-200.68,2.1329,2.6072,235.52,299.48,138.06
254.08,242.41,33.951,-248.26,90.648,120.4,-205.48,1.1153,1.4287,232.24,298.57,132.24
254.85,240.38,33.576,-247.37,92.354,119.11,-208.82,0.53952,0.71174,227.99,296.71,125.04
254.32,237.35,33.226,-245.34,93.399,117.43,-209.57,0.43259,0.5005,222.67,293.75,116.51
252,233.14,32.874,-241.89,93.313,115.28,-206.95,0.80994,0.81767,216.16,289.51,106.73
247.48,227.57,32.506,-236.75,91.726,112.62,-200.65,1.6779,1.6659,208.39,283.84,95.853
240.52,220.43,32.134,-229.68,88.459,109.44,-190.58,3.0318,3.0295,199.36,276.63,84.062
231.12,211.54,31.791,-220.53,83.527,105.76,-176.68,4.8609,4.8842,189.21,267.79,71.606
219.46,200.8,31.528,-209.36,77.099,101.65,-159.11,7.1398,7.1924,178.16,257.39,58.75
205.86,188.27,31.391,-196.42,69.465,97.198,-138.58,9.8224,9.901,166.49,245.59,45.761
190.81,174.2,31.405,-182.12,60.97,92.494,-116.4,12.841,12.941,154.43,232.67,32.884
174.8,159.04,31.569,-166.9,51.954,87.598,-93.772,16.109,16.232,142.1,218.93,20.328
158.34,143.37,31.858,-151.09,42.718,82.542,-71.453,19.535,19.686,129.56,204.68,8.2733
141.83,127.74,32.226,-134.86,33.534,77.333,-49.843,23.024,23.212,116.79,190.14,-3.1139
125.57,112.63,32.62,-118.33,24.679,71.958,-29.259,26.491,26.72,103.79,175.49,-13.683
109.76,98.362,32.991,-101.69,16.433,66.403,-10.001,29.859,30.127,90.739,160.83,-23.308
94.547,85.066,33.295,-85.398,9.0449,60.659,7.6618,33.056,33.357,77.953,146.21,-31.91
79.995,72.702,33.488,-70.145,2.6953,54.731,23.421,36.019,36.346,65.851,131.61,-39.463
66.095,61.104,33.534,-56.564,-2.5158,48.646,36.738,38.689,39.035,54.732,116.97,-45.989
52.749,50.077,33.403,-44.859,-6.6627,42.43,46.751,41.019,41.375,44.79,102.3,-51.535
39.892,39.479,33.081,-34.76,-10.016,36.155,53.073,42.971,43.321,36.076,87.844,-56.154
27.824,29.258,32.57,-25.857,-12.839,29.916,56.808,44.525,44.834,28.54,74.077,-59.9
17.382,19.5,31.887,-17.828,-15.237,23.834,59.477,45.673,45.886,22.06,61.589,-62.806
9.3292,10.358,31.063,-10.53,-17.228,18.031,61.677,46.42,46.462,16.477,50.819,-64.894
3.6434,1.9929,30.125,-3.9563,-18.833,12.61,63.322,46.78,46.568,11.633,41.9,-66.179
-0.2933,-5.4787,29.095,1.847,-20.1,7.6372,64.226,46.771,46.233,7.4038,34.688,-66.68
-3.1474,-12.022,27.983,6.8601,-21.083,3.1298,64.349,46.411,45.512,3.7046,28.888,-66.428
-5.385,-17.682,26.795,11.124,-21.828,-0.93235,63.789,45.718,44.469,0.48045,24.169,-65.474
-7.2726,-22.559,25.537,14.734,-22.371,-4.5941,62.696,44.712,43.175,-2.3122,20.251,-63.885
-8.9406,-26.769,24.214,17.802,-22.734,-7.9099,61.202,43.418,41.689,-4.7181,16.924,-61.739
-10.438,-30.426,22.832,20.431,-22.934,-10.933,59.399,41.877,40.054,-6.7866,14.048,-59.113
-11.765,-33.614,21.391,22.695,-22.991,-13.707,57.352,40.14,38.299,-8.5682,11.534,-56.087
-12.901,-36.388,19.895,24.627,-22.924,-16.252,55.11,38.264,36.446,-10.111,9.3202,-52.74
-13.813,-38.761,18.358,26.233,-22.752,-18.56,52.717,36.304,34.519,-11.46,7.3599,-49.161
-14.476,-40.719,16.819,27.494,-22.5,-20.591,50.222,34.31,32.548,-12.654,5.6089,-45.446
-14.877,-42.234,15.336,28.389,-22.19,-22.294,47.674,32.318,30.567,-13.73,4.0224,-41.698
-15.036,-43.293,13.979,28.92,-21.849,-23.63,45.126,30.353,28.609,-14.722,2.5584,-38.01
-15.003,-43.93,12.807,29.128,-21.497,-24.592,42.622,28.433,26.702,-15.649,1.185,-34.456
-14.854,-44.226,11.851,29.094,-21.152,-25.224,40.203,26.575,24.866,-16.516,-0.11436,-31.08
-14.675,-44.301,11.104,28.924,-20.828,-25.603,37.899,24.795,23.121,-17.312,-1.3431,-27.897
-14.532,-44.281,10.53,28.723,-20.531,-25.823,35.732,23.11,21.485,-18.016,-2.5007,-24.908
-14.462,-44.268,10.077,28.57,-20.266,-25.97,33.715,21.537,19.975,-18.607,-3.5929,-22.11
-14.473,-44.325,9.6942,28.509,-20.032,-26.103,31.857,20.089,18.604,-19.073,-4.6343,-19.507
-14.553,-44.466,9.3489,28.546,-19.836,-26.25,30.158,18.775,17.374,-19.421,-5.6433,-17.116
-14.678,-44.665,9.0381,28.658,-19.686,-26.407,28.611,17.594,16.277,-19.676,-6.6338,-14.969
-14.822,-44.871,8.7797,28.8,-19.589,-26.547,27.194,16.535,15.294,-19.879,-7.6093,-13.095
-14.952,-45.026,8.5912,28.924,-19.542,-26.643,25.883,15.58,14.398,-20.071,-8.5604,-11.508
-15.033,-45.088,8.4668,28.984,-19.523,-26.68,24.661,14.703,13.558,-20.285,-9.4655,-10.195
-15.029,-45.037,8.3725,28.947,-19.5,-26.665,23.525,13.879,12.746,-20.529,-10.294,-9.1103
-14.912,-44.869,8.2642,28.793,-19.443,-26.611,22.488,13.092,11.946,-20.79,-11.014,-8.1886
-14.673,-44.586,8.1197,28.511,-19.333,-26.518,21.571,12.34,11.16,-21.034,-11.598,-7.357
-14.327,-44.172,7.9669,28.096,-19.171,-26.352,20.8,11.646,10.418,-21.217,-12.029,-6.5472
-13.902,-43.593,7.8881,27.544,-18.983,-26.049,20.199,11.053,9.7732,-21.289,-12.298,-5.698
-13.431,-42.803,7.9976,26.853,-18.805,-25.529,19.801,10.622,9.2943,-21.205,-12.396,-4.7514
-12.944,-41.758,8.4027,26.027,-18.683,-24.726,19.637,10.414,9.0463,-20.923,-12.309,-3.648
-12.464,-40.431,9.1663,25.072,-18.653,-23.607,19.742,10.482,9.0743,-20.419,-12.025,-2.3321
-12.005,-38.82,10.287,24.005,-18.739,-22.174,20.134,10.858,9.3955,-19.681,-11.535,-0.76247
-11.572,-36.946,11.704,22.84,-18.943,-20.457,20.815,11.545,10.002,-18.717,-10.847,1.0749
-11.158,-34.845,13.327,21.594,-19.254,-18.503,21.756,12.521,10.87,-17.555,-9.9864,3.159
-10.749,-32.557,15.07,20.279,-19.652,-16.36,22.913,13.744,11.968,-16.237,-8.9891,5.435
-10.324,-30.125,16.873,18.9,-20.113,-14.069,24.24,15.163,13.261,-14.812,-7.893,7.8259
-9.8626,-27.572,18.715,17.456,-20.617,-11.651,25.702,16.73,14.719,-13.323,-6.7255,10.253
-9.3523,-24.893,20.602,15.933,-21.152,-9.0953,27.283,18.405,16.314,-11.809,-5.4976,12.66
-8.7887,-22.046,22.557,14.304,-21.717,-6.3571,28.982,20.153,18.022,-10.29,-4.2062,15.023
-8.174,-18.962,24.601,12.536,-22.319,-3.3688,30.8,21.949,19.822,-8.7721,-2.8394,17.36
-7.5129,-15.572,26.736,10.603,-22.96,-0.067565,32.727,23.772,21.691,-7.2549,-1.386,19.71
-6.8096,-11.834,28.943,8.4901,-23.629,3.5789,34.727,25.609,23.605,-5.7361,0.15468,22.111
-6.0667,-7.7457,31.186,6.2043,-24.306,7.5609,36.741,27.45,25.532,-4.2217,1.7637,24.58
-5.2875,-3.3472,33.43,3.7685,-24.964,11.835,38.695,29.28,27.432,-2.73,3.3988,27.101
-4.4801,1.2984,35.651,1.2183,-25.585,16.343,40.514,31.074,29.257,-1.292,4.9992,29.628
-3.6648,6.1168,37.834,-1.3988,-26.161,21.035,42.132,32.792,30.953,0.056865,6.4981,32.098
-2.8782,11.032,39.975,-4.0242,-26.703,25.873,43.506,34.377,32.466,1.2882,7.8384,34.448
-2.1703,15.965,42.066,-6.5915,-27.236,30.817,44.628,35.766,33.747,2.3901,8.984,36.636
-1.5895,20.834,44.089,-9.0352,-27.786,35.808,45.522,36.898,34.759,3.3665,9.9258,38.641
-1.163,25.547,46.023,-11.301,-28.38,40.746,46.246,37.732,35.484,4.2287,10.681,40.463
-0.88359,29.999,47.84,-13.352,-29.028,45.491,46.87,38.246,35.921,4.9836,11.286,42.115
-0.7098,34.081,49.515,-15.172,-29.715,49.879,47.459,38.445,36.086,5.6274,11.788,43.615
-0.57988,37.691,51.022,-16.759,-30.383,53.754,48.055,38.348,35.999,6.1442,12.231,44.975
-0.4268,40.757,52.337,-18.132,-30.952,57.005,48.665,37.983,35.682,6.5084,12.642,46.195
-0.18755,43.252,53.44,-19.325,-31.356,59.585,49.252,37.371,35.144,6.6898,13.016,47.254
0.19344,45.192,54.329,-20.383,-31.578,61.497,49.737,36.527,34.381,6.66,13.308,48.118
0.7595,46.614,55.025,-21.343,-31.67,62.769,50.002,35.445,33.377,6.398,13.44,48.744
1.5284,47.539,55.571,-22.209,-31.763,63.413,49.917,34.109,32.115,5.8963,13.316,49.092
2.4697,47.946,56.01,-22.928,-32.043,63.393,49.369,32.494,30.582,5.1612,12.847,49.132
3.4843,47.754,56.333,-23.393,-32.635,62.629,48.309,30.586,28.783,4.2118,11.975,48.845
4.4076,46.835,56.423,-23.459,-33.393,61.009,46.767,28.38,26.736,3.0734,10.673,48.228
5.051,45.05,56.039,-22.985,-33.836,58.439,44.839,25.887,24.468,1.7702,8.94,47.291
5.2731,42.282,54.89,-21.873,-33.37,54.876,42.632,23.128,22.004,0.31867,6.784,46.055
5.0367,38.468,52.752,-20.081,-31.62,50.35,40.226,20.136,19.371,-1.2745,4.2199,44.546
4.4103,33.614,49.558,-17.619,-28.599,44.946,37.673,16.95,16.592,-3.0114,1.2739,42.792
3.511,27.79,45.388,-14.532,-24.69,38.793,35.008,13.613,13.689,-4.9008,-2.0127,40.819
2.4342,21.119,40.412,-10.883,-20.439,32.027,32.273,10.167,10.677,-6.9587,-5.5878,38.632
1.2143,13.753,34.831,-6.7568,-16.374,24.774,29.509,6.6408,7.5567,-9.2103,-9.3995,36.213
-0.17207,5.8556,28.858,-2.2511,-12.948,17.141,26.742,3.0363,4.3063,-11.693,-13.409,33.52
-1.7787,-2.4167,22.719,2.5259,-10.521,9.2242,23.967,-0.67369,0.87902,-14.45,-17.601,30.509
-3.6627,-10.909,16.624,7.468,-9.2583,1.1301,21.139,-4.545,-2.7918,-17.519,-21.983,27.151
-5.8636,-19.463,10.689,12.477,-8.9998,-7.0021,18.197,-8.6474,-6.7765,-20.916,-26.577,23.453
-8.3853,-27.902,4.8651,17.466,-9.2655,-14.993,15.096,-13.039,-11.124,-24.622,-31.4,19.461
-11.183,-36.043,-1.0331,22.352,-9.5112,-22.642,11.847,-17.735,-15.827,-28.573,-36.437,15.258
-14.163,-43.719,-7.1454,27.067,-9.4635,-29.761,8.5455,-22.673,-20.792,-32.666,-41.623,10.956
-17.207,-50.814,-13.355,31.558,-9.2064,-36.214,5.3672,-27.705,-25.824,-36.768,-46.831,6.6861
-20.201,-57.275,-19.288,35.794,-8.9836,-41.936,2.5236,-32.609,-30.668,-40.738,-51.9,2.5757
-23.059,-63.112,-24.551,39.757,-8.9695,-46.935,0.18765,-37.151,-35.086,-44.455,-56.672,-1.2688
-25.72,-68.36,-28.95,43.437,-9.1896,-51.266,-1.5592,-41.148,-38.935,-47.842,-61.034,-4.7769
-28.151,-73.061,-32.506,46.816,-9.5793,-55.016,-2.7334,-44.519,-42.195,-50.873,-64.938,-7.9156
-30.337,-77.245,-35.373,49.87,-10.056,-58.276,-3.4261,-47.281,-44.939,-53.57,-68.39,-10.682
-32.272,-80.929,-37.739,52.575,-10.526,-61.124,-3.7751,-49.521,-47.279,-55.983,-71.428,-13.087
-33.942,-84.121,-39.764,54.914,-10.889,-63.618,-3.9373,-51.36,-49.323,-58.166,-74.104,-15.146
-35.332,-86.823,-41.544,56.883,-11.077,-65.783,-4.0586,-52.92,-51.149,-60.156,-76.473,-16.868
-36.441,-89.042,-43.106,58.49,-11.09,-67.623,-4.245,-54.306,-52.8,-61.974,-78.59,-18.256
-37.295,-90.794,-44.431,59.758,-10.986,-69.13,-4.5464,-55.589,-54.297,-63.62,-80.503,-19.316
-37.94,-92.114,-45.488,60.723,-10.846,-70.305,-4.9595,-56.806,-55.655,-65.089,-82.254,-20.064
-38.429,-93.052,-46.263,61.428,-10.738,-71.164,-5.4446,-57.959,-56.882,-66.372,-83.87,-20.528
-38.804,-93.676,-46.78,61.924,-10.701,-71.749,-5.9459,-59.026,-57.979,-67.463,-85.361,-20.744
-39.1,-94.07,-47.105,62.266,-10.733,-72.122,-6.4074,-59.967,-58.936,-68.361,-86.72,-20.751
-39.335,-94.333,-47.339,62.515,-10.797,-72.366,-6.7808,-60.746,-59.737,-69.079,-87.932,-20.588
-39.522,-94.563,-47.59,62.726,-10.836,-72.574,-7.0313,-61.338,-60.371,-69.643,-88.982,-20.301
-39.669,-94.844,-47.95,62.949,-10.798,-72.825,-7.1429,-61.739,-60.836,-70.089,-89.874,-19.946
-39.789,-95.228,-48.462,63.216,-10.655,-73.173,-7.1228,-61.971,-61.153,-70.454,-90.627,-19.597
-39.897,-95.728,-49.117,63.539,-10.416,-73.631,-7.0038,-62.078,-61.363,-70.771,-91.282,-19.349
-40.009,-96.323,-49.868,63.912,-10.109,-74.182,-6.8389,-62.116,-61.522,-71.066,-91.887,-19.315
-40.139,-96.981,-50.664,64.32,-9.7659,-74.795,-6.6856,-62.141,-61.681,-71.361,-92.496,-19.624
-40.304,-97.685,-51.48,64.758,-9.4046,-75.452,-6.5784,-62.192,-61.868,-71.679,-93.158,-20.401
-40.523,-98.448,-52.323,65.241,-9.0242,-76.163,-6.4928,-62.275,-62.073,-72.047,-93.915,-21.748
-40.825,-99.321,-53.227,65.802,-8.6217,-76.961,-6.3159,-62.347,-62.238,-72.493,-94.808,-23.732
-41.25,-100.37,-54.215,66.495,-8.2113,-77.884,-5.8361,-62.316,-62.268,-73.052,-95.877,-26.382
-41.836,-101.64,-55.278,67.366,-7.8357,-78.953,-4.7537,-62.052,-62.038,-73.757,-97.179,-29.702
-42.599,-103.16,-56.376,68.439,-7.5491,-80.159,-2.6999,-61.399,-61.409,-74.632,-98.781,-33.687
-43.502,-104.9,-57.458,69.686,-7.3748,-81.468,0.65165,-60.184,-60.221,-75.681,-100.75,-38.327
-44.438,-106.78,-58.51,71.03,-7.2516,-82.834,4.4294,-58.211,-58.285,-76.862,-103.13,-43.61
-45.243,-108.69,-59.577,72.345,-6.9944,-84.222,2.3118,-55.274,-55.382,-78.078,-105.86,-49.511
-45.731,-110.51,-60.765,73.486,-6.2903,-85.604,-9.9293,-51.305,-51.408,-79.174,-108.74,-55.966
-45.719,-112.11,-62.189,74.307,-4.7492,-86.938,-18.075,-47.015,-47.047,-79.952,-111.4,-62.826
-45.058,-113.35,-63.873,74.68,-2.0242,-88.135,-17.322,-45.911,-45.95,-80.171,-113.32,-69.768
-43.818,-114.04,-65.647,74.535,2.0896,-89.029,-9.0679,-55.831,-56.492,-79.557,-113.98,-76.162
-43.744,-114.07,-67.101,74.086,6.1827,-89.367,7.5913,-67.318,-68.418,-78.015,-113.14,-80.98
-53.163,-114.01,-67.714,75.193,4.6607,-88.951,34.16,-62.754,-63.543,-78.38,-111.68,-83.111
-71.49,-120.08,-67.663,87.797,0.32882,-89.195,71.254,-50.564,-50.84,-98.377,-116.81,-82.93
-85.094,-157.97,-74.874,118.84,-4.1684,-107.22,117,-32.298,-32.117,-115.22,-137.75,-91.748
-95.034,-184.13,-81.818,134.22,-15.663,-134.48,166.5,-8.0174,-7.6829,-123.27,-153.85,-138.12
-98.654,-186.17,-81.899,137.95,-15.235,-134.44,214.06,22.236,22.385,-126.61,-165.99,-160.35
-90.391,-178.44,-88.017,131.03,-0.27139,-131.71,256.2,58.971,58.819,-120.93,-169.97,-170.91
-64.549,-159.03,-100.56,110.24,28.106,-126.32,291.89,104.18,103.99,-101.3,-160.5,-169.95
-18.417,-124.81,-115.52,73.127,65.422,-115.02,322.15,161.78,162.02,-62.884,-132.59,-152.92
45.385,-70.895,-123.08,17.94,101.57,-91.216,351.7,235.14,235.84,-1.5506,-81.749,-115.45
119.81,10.076,-108.71,-57.313,126.44,-44.578,387.07,324.11,324.76,85.98,-3.6166,-52.708
195.85,127.88,-55.907,-154.76,129.79,37.969,432.86,428.98,429.45,203.52,107.26,43.056
264.4,290.7,49.932,-273.82,101.27,168.51,489.36,550.69,550.99,355.71,257.06,180.45
317.7,499.05,215.01,-408.82,35.118,351.37,552.03,687.71,688.07,544.87,448.49,360.9
350.17,742.76,432.42,-550.74,-66.141,578.61,612.91,836.8,837.52,767.7,675.21,574.59
360.47,1001.6,681.5,-689,-190.98,829.94,662.87,993.48,994.74,1014.3,921.35,803.19
353.05,1247.8,930.66,-811.54,-321.32,1076.2,693.39,1151.4,1153.1,1269.6,1165.9,1023.9
335.26,1450.6,1143.1,-905.85,-435.58,1283.7,698.1,1300.9,1302.5,1514.6,1385.4,1211.7
314.08,1581,1284.2,-960.76,-513.44,1420.7,674,1426.8,1427.8,1724.7,1554.6,1342.7
293.68,1618.6,1331.3,-968.38,-543.54,1465.1,621.27,1509.4,1509.1,1872.2,1649.6,1397.8
273.06,1557,1280.9,-925.84,-526.51,1411.5,543.64,1527.2,1525.6,1929.7,1652.9,1367.1
245.35,1407.6,1151.1,-836.09,-472.84,1274.4,450.45,1464.3,1461.5,1877.2,1557.5,1253.2
200.65,1196.1,977.98,-707.18,-403.72,1084.4,355.97,1316.3,1312.8,1709.6,1370.4,1071
131.3,955.59,804.21,-550.91,-345.81,879.13,273.86,1093.7,1090,1440.2,1112.2,844.08
36.763,717.75,664.07,-381.82,-318.82,691.61,210.69,820.67,817.45,1101.2,814.57,601.14
-74.385,506.38,573,-216.52,-327.49,541.16,163.67,530.84,528.39,738.47,515.63,370.93
-186.35,334.06,524.94,-71.125,-360.76,430.59,123.45,258.65,256.99,401,252.33,177.13
-281.36,201.26,498.27,43.904,-396.56,349.13,78.639,30.666,29.538,127.66,49.863,32.68
-345.62,98.725,468.56,126.27,-414.22,280.34,20.813,-140.53,-141.42,-64.065,-86.275,-64.689
-373.09,13.763,419.12,179.4,-408.01,209.9,-50.893,-256.3,-257.11,-180.49,-165.7,-128.59
-365.87,-62.738,342.3,209.41,-375.38,130.7,-128.89,-326.73,-327.39,-237.55,-205.21,-172.72
-331.97,-132.98,240.99,222.36,-315.03,44.091,-200.62,-363.78,-364.09,-257.58,-221.41,-205.19
-281.84,-192.84,128.76,223.33,-235.88,-42.478,-254.27,-376.82,-376.54,-259.12,-225.87,-228.86
-224.59,-236.7,22.311,216.36,-152.58,-118.49,-283.47,-371.19,-370.33,-253.49,-225.22,-244
-169.59,-262.41,-66.306,202.33,-76.434,-174.34,-288.12,-350.23,-349.11,-245.86,-222.55,-249.66
-127.2,-265.51,-130.05,173.37,-14.58,-208.01,-271.71,-320.08,-319.13,-237.27,-218.97,-219.44
-98.199,-234.56,-170.31,145.73,28.491,-223.02,-240.08,-286.82,-286.35,-226.67,-211.16,-177.58
-77.648,-194.34,-189.77,130.89,54.784,-222.14,-199.62,-250.67,-250.59,-209.64,-193.76,-172.07
-61.922,-169.02,-189.94,120.59,66.506,-203.91,-155.53,-211.02,-211.2,-186.03,-182.33,-172.76
-49.494,-153.47,-174.31,111.56,65.501,-167.75,-114.73,-172.08,-172.51,-166.3,-173.26,-171.77
-41.051,-141.47,-147.97,103.13,54.48,-130.11,-83.988,-138.86,-139.41,-151.26,-163.95,-168.53
-37.164,-130.79,-116.37,95.177,37.921,-107.18,-58.445,-112.12,-112.61,-138.25,-154.05,-163.61
-37,-121.23,-83.626,87.813,20.989,-94.824,-38.464,-90.552,-90.798,-126.37,-143.91,-157.62
-39.713,-113.09,-62.497,81.193,6.2464,-86.917,-25.949,-74.104,-73.989,-115.27,-134.01,-151.01
-40.769,-106.52,-52.62,75.461,0.85505,-81.52,-18.24,-63.436,-62.907,-104.91,-124.76,-144.2
-39.51,-101.46,-48.986,70.691,1.0285,-78.057,-12.12,-58.488,-57.584,-95.585,-116.41,-137.48
-38.011,-97.653,-49.13,66.842,0.41232,-75.938,-6.8614,-57.919,-56.767,-87.895,-109.11,-131.1
-36.794,-94.654,-50.841,63.779,-0.35218,-74.448,-5.3483,-59.514,-58.365,-82.36,-102.85,-125.18
-35.887,-92.044,-52.356,61.341,-1.0721,-72.916,-4.6262,-59.399,-58.534,-78.907,-97.539,-119.84
-35.202,-89.63,-52.239,59.395,-1.9635,-71.039,-2.0112,-56.414,-55.63,-76.782,-93.052,-115.16
-34.64,-87.442,-50.599,57.838,-3.0622,-68.966,1.1537,-52.466,-51.6,-75.209,-89.324,-111.24
-34.13,-85.558,-48.471,56.587,-4.1453,-66.994,3.925,-48.634,-47.673,-73.855,-86.366,-108.13
-33.639,-83.98,-46.467,55.566,-5.016,-65.301,6.026,-45.302,-44.297,-72.686,-84.174,-105.84
-33.168,-82.629,-44.777,54.705,-5.6347,-63.9,7.528,-42.535,-41.535,-71.732,-82.636,-104.3
-32.731,-81.397,-43.397,53.944,-6.056,-62.705,8.6351,-40.183,-39.204,-70.967,-81.528,-103.34
-32.337,-80.203,-42.248,53.231,-6.3498,-61.619,9.5553,-38.006,-37.023,-70.304,-80.584,-102.76
-31.974,-79.014,-41.251,52.53,-6.5695,-60.579,10.432,-35.779,-34.753,-69.637,-79.579,-102.37
-31.615,-77.828,-40.346,51.82,-6.744,-59.559,11.323,-33.366,-32.277,-68.877,-78.386,-101.96
-31.222,-76.651,-39.47,51.088,-6.8869,-58.545,12.214,-30.736,-29.607,-67.968,-76.969,-101.41
-30.772,-75.48,-38.537,50.325,-7.0171,-57.521,13.053,-27.948,-26.837,-66.892,-75.354,-100.66
-30.264,-74.293,-37.456,49.526,-7.1716,-56.458,13.786,-25.102,-24.07,-65.661,-73.596,-99.679
-29.719,-73.058,-36.159,48.689,-7.3964,-55.324,14.385,-22.285,-21.357,-64.311,-71.756,-98.484
-29.17,-71.745,-34.629,47.813,-7.7221,-54.095,14.856,-19.547,-18.686,-62.889,-69.882,-97.094
-28.641,-70.338,-32.906,46.904,-8.1447,-52.766,15.225,-16.886,-16.004,-61.434,-68.001,-95.516
-28.136,-68.838,-31.077,45.962,-8.6265,-51.353,15.527,-14.271,-13.264,-59.956,-66.112,-93.729
-27.633,-67.261,-29.241,44.987,-9.1142,-49.881,15.796,-11.666,-10.453,-58.431,-64.191,-91.695
-27.104,-65.625,-27.464,43.973,-9.5643,-48.373,16.055,-9.0508,-7.5963,-56.814,-62.202,-89.37
-26.525,-63.94,-25.739,42.915,-9.9651,-46.832,16.315,-6.4284,-4.744,-55.051,-60.106,-86.724
-25.892,-62.198,-23.98,41.808,-10.342,-45.236,16.577,-3.8179,-1.9489,-53.105,-57.874,-83.744
-25.219,-60.384,-22.056,40.657,-10.742,-43.55,16.835,-1.244,0.74945,-50.961,-55.487,-80.426
-24.528,-58.485,-19.879,39.467,-11.206,-41.75,17.081,1.2704,3.3285,-48.632,-52.945,-76.77
-23.831,-56.503,-17.458,38.247,-11.737,-39.845,17.306,3.705,5.7776,-46.147,-50.269,-72.78
-23.126,-54.45,-14.905,36.997,-12.303,-37.873,17.504,6.0402,8.0904,-43.547,-47.491,-68.464
-22.39,-52.342,-12.376,35.712,-12.848,-35.881,17.673,8.2594,10.26,-40.87,-44.646,-63.836
-21.597,-50.187,-9.9954,34.377,-13.324,-33.901,17.814,10.353,12.282,-38.139,-41.758,-58.92
-20.716,-47.972,-7.8136,32.972,-13.696,-31.937,17.927,12.322,14.154,-35.353,-38.825,-53.743
-19.725,-45.668,-5.8019,31.47,-13.951,-29.962,18.003,14.183,15.884,-32.488,-35.82,-48.339
-18.607,-43.226,-3.8781,29.843,-14.09,-27.927,18.021,15.955,17.488,-29.509,-32.701,-42.744
-17.347,-40.59,-1.9416,28.057,-14.123,-25.769,17.951,17.66,18.988,-26.386,-29.425,-36.998
-15.938,-37.701,0.085314,26.08,-14.065,-23.426,17.76,19.311,20.407,-23.102,-25.961,-31.143
-14.372,-34.516,2.2213,23.886,-13.93,-20.863,17.422,20.912,21.762,-19.653,-22.301,-25.226
-12.65,-31.011,4.4115,21.456,-13.718,-18.075,16.924,22.453,23.067,-16.039,-18.447,-19.292
-10.774,-27.189,6.5527,18.778,-13.414,-15.096,16.265,23.924,24.326,-12.258,-14.41,-13.381
-8.7619,-23.066,8.5483,15.856,-12.993,-11.967,15.462,25.312,25.538,-8.3034,-10.2,-7.516
-6.6367,-18.658,10.359,12.702,-12.435,-8.7164,14.543,26.611,26.699,-4.1699,-5.8222,-1.6948
-4.4262,-13.972,12.014,9.3338,-11.741,-5.3352,13.532,27.82,27.805,0.1507,-1.2734,4.1043
-2.1485,-8.9918,13.592,5.7613,-10.932,-1.7821,12.443,28.941,28.852,4.6733,3.4624,9.9106
0.20139,-3.6929,15.168,1.9809,-10.034,1.9923,11.269,29.973,29.837,9.4297,8.4195,15.745
2.6594,1.9447,16.778,-2.0249,-9.052,6.0137,9.9871,30.915,30.76,14.479,13.654,21.611
5.2913,7.9149,18.399,-6.2764,-7.9653,10.266,8.5628,31.76,31.613,19.907,19.244,27.494
8.1841,14.177,19.978,-10.779,-6.7479,14.696,6.9719,32.501,32.391,25.818,25.279,33.361
11.431,20.663,21.461,-15.513,-5.3994,19.243,5.2114,33.133,33.084,32.302,31.847,39.168
15.116,27.288,22.824,-20.429,-3.9579,23.856,3.3031,33.661,33.685,39.389,39.001,44.859
19.296,33.972,24.077,-25.464,-2.485,28.499,1.2851,34.098,34.191,47.014,46.732,50.386
23.988,40.647,25.241,-30.562,-1.0342,33.145,-0.80294,34.453,34.602,55.015,54.95,55.714
29.175,47.265,26.335,-35.691,0.37067,37.764,-2.9282,34.733,34.919,63.187,63.503,60.834
34.815,53.801,27.363,-40.85,1.7357,42.321,-5.0634,34.93,35.143,71.344,72.213,65.758
40.848,60.248,28.316,-46.059,3.0826,46.776,-7.1831,35.032,35.271,79.354,80.922,70.518
47.174,66.61,29.186,-51.348,4.4339,51.091,-9.2661,35.025,35.295,87.127,89.504,75.148
53.639,72.901,29.967,-56.743,5.8042,55.239,-11.304,34.898,35.198,94.597,97.869,79.682
60.055,79.136,30.66,-62.253,7.1984,59.196,-13.311,34.638,34.953,101.71,105.94,84.154
66.247,85.323,31.264,-67.863,8.6166,62.939,-15.321,34.233,34.521,108.44,113.66,88.6
72.109,91.457,31.776,-73.532,10.062,66.44,-17.392,33.667,33.864,114.78,120.97,93.054
77.623,97.52,32.181,-79.22,11.554,69.669,-19.6,32.921,32.953,120.71,127.84,97.525
82.844,103.49,32.463,-84.907,13.138,72.6,-22.041,31.978,31.782,126.26,134.26,101.98
87.863,109.35,32.604,-90.605,14.888,75.219,-24.826,30.818,30.367,131.4,140.24,106.33
92.756,115.06,32.592,-96.327,16.889,77.518,-28.064,29.424,28.738,136.12,145.78,110.45
97.55,120.57,32.424,-102.04,19.209,79.5,-31.826,27.786,26.924,140.38,150.89,114.18
102.19,125.76,32.11,-107.62,21.854,81.166,-36.087,25.905,24.95,144.08,155.53,117.42
106.56,130.46,31.676,-112.87,24.729,82.521,-40.673,23.793,22.832,147.09,159.66,120.1
110.49,134.51,31.156,-117.53,27.636,83.571,-45.262,21.475,20.584,149.24,163.17,122.17
113.79,137.74,30.587,-121.34,30.32,84.317,-49.433,18.986,18.218,150.34,165.95,123.61
116.31,140,29.992,-124.12,32.539,84.746,-52.76,16.369,15.754,150.18,167.84,124.38
117.97,141.18,29.38,-125.69,34.095,84.831,-54.864,13.673,13.213,148.58,168.72,124.39
118.72,141.18,28.751,-125.92,34.806,84.541,-55.407,10.954,10.629,145.37,168.43,123.59
118.62,139.93,28.117,-124.68,34.44,83.856,-54.077,8.2749,8.0528,140.47,166.83,121.89
117.85,137.4,27.508,-121.84,32.689,82.775,-50.648,5.7092,5.5521,133.99,163.74,119.24
116.84,133.59,26.978,-117.32,29.423,81.319,-45.284,3.3406,3.2111,126.23,158.97,115.61
115.99,128.57,26.589,-111.26,25.415,79.52,-39.082,1.2551,1.1209,117.64,152.41,111
114.45,122.47,26.385,-104.02,22.401,77.399,-34.022,-0.46595,-0.63035,108.6,144.28,105.41
109.71,115.49,26.377,-96.166,21.164,74.953,-31.502,-1.7506,-1.9662,99.309,135.04,98.852
100.84,107.85,26.539,-88.173,20.844,72.148,-31.44,-2.539,-2.8258,89.801,125.08,91.329
89.916,99.752,26.828,-80.254,20.238,68.946,-32.728,-2.787,-3.1666,80.066,114.61,82.856
78.889,91.334,27.211,-72.392,18.435,65.323,-32.466,-2.4718,-2.9697,70.108,103.73,73.468
68.411,82.639,27.676,-64.453,15.075,61.279,-27.227,-1.5943,-2.2421,59.987,92.46,63.245
58.433,73.612,28.225,-56.267,10.501,56.819,-18.268,-0.177,-1.0155,49.822,80.897,52.322
80.539,98.892,26.48,-85.756,19.484,63.162,-31.636,-18.029,-21.079,57.579,96.779,62.399
63.266,85.262,30.208,-69.898,8.767,58.411,-9.0645,-11.627,-15.749,42.247,78.264,47.22
44.391,70.401,34.312,-52.749,-2.8707,53.202,16.25,-4.0611,-8.5567,28.977,60.94,33.199
24.778,54.629,38.247,-34.953,-14.737,47.418,43.363,4.1515,-0.22498,17.791,45.358,20.159
5.4831,38.372,41.379,-17.234,-25.999,40.95,70.899,12.362,8.2702,8.0231,31.44,7.3894
-12.628,22.129,43.345,-0.19289,-36.062,33.869,97.399,19.974,16.025,-1.469,18.624,-6.0251
-29.209,6.4125,44.309,15.873,-44.881,26.536,121.77,26.615,22.473,-11.987,6.0861,-20.857
-44.504,-8.4106,44.885,31.033,-52.936,19.478,143.65,32.219,27.511,-24.572,-6.9899,-37.494
-59.161,-22.354,45.704,45.673,-60.894,13.039,163.55,37.036,31.474,-39.562,-21.128,-55.864
-73.91,-35.95,46.965,60.36,-69.191,7.045,182.75,41.56,34.995,-56.345,-36.355,-75.486
