-1.3591,108.54,82.287,-55.488,-33.346,106.55,-25.78,5.8355,28.65,47.959,32.503,45.754
3.303,114.51,84.006,-61.242,-32.279,110.88,-19.551,6.2539,29.614,43.356,30.841,43.606
9.1552,121.2,85.242,-67.936,-30.395,115.17,-15.653,4.65,28.161,38.708,29.346,42.096
16.783,128.47,85.274,-75.771,-27.058,118.89,-15.401,0.0098676,23.058,34.129,28.212,41.729
25.811,135.2,83.375,-83.988,-22.078,121.1,-18.567,-7.2927,14.798,29.99,27.675,42.777
34.993,139.72,79.105,-91.111,-15.787,120.77,-23.481,-15.686,5.3223,26.764,27.943,45.217
42.692,140.44,72.514,-95.523,-8.931,117.28,-27.864,-23.116,-2.9694,24.67,29.005,48.636
47.573,136.54,64.128,-96.141,-2.3692,110.63,-29.866,-27.882,-8.3638,23.375,30.435,52.197
49.209,128.37,54.702,-92.904,3.2991,101.45,-28.714,-29.189,-10.483,22.05,31.405,54.796
48.177,117.2,44.947,-86.744,7.9096,90.756,-24.754,-27.321,-10.16,19.79,31.005,55.397
45.454,104.58,35.437,-78.952,11.53,79.583,-19.083,-23.519,-8.8002,16.086,28.672,53.383
17.085,86.979,29.401,-58.329,5.8406,71.435,-9.1807,-12.263,-4.8524,5.0605,11.601,32.434
13.717,80.196,23.159,-51.992,5.9069,64.885,-8.6373,-12.91,-5.534,3.5555,9.9668,30.655
9.9769,73.096,18.872,-46.1,5.1042,58.631,-8.3431,-13.693,-6.2293,2.2075,8.3264,28.66
6.1926,65.856,16.761,-40.669,3.555,52.873,-8.2877,-14.575,-6.9387,1.0255,6.7708,26.545
2.5483,58.753,16.194,-35.678,1.5084,47.772,-8.4114,-15.461,-7.6416,0.0093168,5.3541,24.362
-0.77724,52.037,16.115,-31.167,-0.70425,43.431,-8.6397,-16.237,-8.316,-0.86588,4.0748,22.067
-3.4699,45.761,15.766,-27.104,-2.7284,39.779,-8.9186,-16.817,-8.9595,-1.6541,2.8872,19.525
-5.1896,39.872,14.96,-23.257,-4.2501,36.498,-9.2221,-17.164,-9.5998,-2.4322,1.7271,16.599
-5.7861,34.353,13.826,-19.131,-5.0561,33.144,-9.5356,-17.307,-10.292,-3.2905,0.52758,13.301
-5.3814,29.005,12.441,-14.292,-5.073,29.375,-9.8416,-17.343,-11.113,-4.3245,-0.78124,9.8664
-4.2988,23.541,10.751,-9.4297,-4.3761,25.223,-10.119,-17.415,-12.148,-5.6272,-2.2762,6.6428
-2.9537,18.265,8.7053,-5.9074,-3.1698,21.061,-10.355,-17.663,-13.477,-7.2819,-4.0374,3.8755
-1.7736,13.776,6.3671,-3.8678,-1.7485,17.221,-10.549,-18.152,-15.156,-9.3566,-6.1368,1.6089
-1.1258,10.181,3.9184,-2.5197,-0.43119,13.802,-10.72,-18.846,-17.195,-11.898,-8.6222,-0.24224
-1.2267,7.2176,1.5923,-1.2262,0.52374,10.772,-10.889,-19.62,-19.544,-14.918,-11.49,-1.7855
-2.0714,4.6421,-0.40911,0.23512,0.98841,8.0754,-11.063,-20.339,-22.081,-18.358,-14.648,-3.0983
-3.4346,2.3548,-1.9768,1.7901,0.98628,5.6718,-11.212,-20.919,-24.633,-22.063,-17.897,-4.2209
-4.9406,0.36444,-3.1158,3.2154,0.6705,3.5344,-11.274,-21.352,-27.024,-25.802,-20.977,-5.1658
-6.1762,-1.2623,-3.9189,4.2722,0.27652,1.6749,-11.185,-21.682,-29.13,-29.349,-23.664,-5.936
-6.809,-2.4384,-4.5235,4.8021,0.052854,0.15518,-10.911,-21.953,-30.908,-32.566,-25.849,-6.5453
-6.672,-3.1088,-5.0717,4.7692,0.17813,-0.9619,-10.469,-22.171,-32.383,-35.406,-27.543,-7.0304
-5.8024,-3.3184,-5.6632,4.2684,0.68829,-1.6917,-9.8965,-22.292,-33.595,-37.86,-28.829,-7.4431
-4.4596,-3.2332,-6.3023,3.5146,1.4376,-2.1352,-9.2258,-22.221,-34.538,-39.91,-29.805,-7.8275
-3.1148,-3.0851,-6.8671,2.8017,2.1169,-2.4151,-8.4526,-21.845,-35.135,-41.511,-30.533,-8.2015
-2.3224,-3.0801,-7.1298,2.4191,2.3432,-2.6113,-7.5372,-21.058,-35.267,-42.618,-31.039,-8.5535
-2.4926,-3.3271,-6.8334,2.5579,1.7939,-2.7373,-6.4207,-19.8,-34.827,-43.218,-31.329,-8.8566
-3.7285,-3.8068,-5.7953,3.2429,0.32963,-2.7523,-5.0482,-18.08,-33.755,-43.336,-31.427,-9.0895
-5.8059,-4.3775,-3.9867,4.3092,-1.9456,-2.585,-3.3827,-15.971,-32.059,-43.044,-31.408,-9.261
-8.2737,-4.8128,-1.5497,5.4377,-4.7117,-2.1495,-1.3963,-13.587,-29.794,-42.449,-31.41,-9.4335
-10.627,-4.8755,1.2409,6.2664,-7.5409,-1.368,0.96367,-11.071,-27.055,-41.68,-31.642,-9.7525
-12.497,-4.4109,4.0388,6.5378,-10.043,-0.23076,3.8238,-8.7197,-23.962,-40.852,-32.37,-10.518
-13.837,-3.4216,6.5033,6.2179,-11.989,1.1403,7.3269,-7.7816,-20.72,-40.036,-33.819,-12.487
-15.082,-2.1039,8.3847,5.5611,-13.369,2.499,10.279,-14.165,-17.794,-39.232,-35.802,-17.595
-17.033,-0.82926,9.5996,5.0935,-14.362,3.5551,5.4618,-26.118,-16.466,-38.365,-37.393,-22.251
-19.698,-0.033528,10.284,5.3743,-15.214,4.0618,5.7569,-17.414,-21.013,-37.248,-38.288,-24.554
-21.813,-0.043585,10.827,6.5682,-15.988,3.8601,15.698,-2.1316,-27.836,-35.454,-39.473,-27.399
-23.202,-0.97401,11.798,8.3599,-16.435,2.9081,26.926,14.057,-22.447,-32.059,-41.651,-31.163
-24.971,-2.8146,13.373,10.21,-16.432,1.3778,38.276,30.379,-14.571,-25.829,-44.912,-36.009
-28.108,-5.6563,14.464,11.971,-16.3,-0.13474,49.985,47.936,-6.2894,-24.013,-48.748,-42.129
-33.277,-11.079,13.746,16.075,-16.556,-1.2959,63.531,70.055,4.0355,-37.522,-54.843,-51.053
-41.755,-30.994,11.725,34.435,-17.928,-8.5481,81.027,101.6,20.034,-37.619,-65.433,-65.908
-52.678,-44.121,10.15,50.436,-21.448,-17.704,104.97,146.95,45.876,-38.43,-83.18,-89.684
-64.125,-51.506,10.99,59.003,-27.519,-21.476,139.18,207.2,84.004,-37.859,-110.51,-125.3
-74.685,-53.534,15.922,65.158,-35.644,-19.197,186.15,279.92,133.88,-34.68,-147.48,-172.51
-83.343,-48.115,26.631,67.002,-47.483,-9.5279,243.51,364.89,192.23,-28.409,-190.73,-227.27
-88.439,-34.258,44.537,62.169,-61.477,7.3106,304.8,460.01,257.88,-16.831,-232.98,-281.91
-86.48,-12.022,67.47,48.811,-73.004,29.305,361.04,559.59,336.19,5.9578,-262.71,-325.42
-73.729,18.685,89.432,25.64,-78.326,54.301,403.44,659.78,433.72,51.427,-265.83,-344.84
-47.554,58.781,105.13,-8.7031,-74.676,81.243,425.86,759.42,556.34,133.64,-227.57,-327.07
-6.5677,109.79,114.11,-55.481,-60.218,110.65,424.83,857.79,707.77,262.44,-133.18,-260.77
49.894,173.61,118.63,-115.73,-34.584,144.45,397.8,948.87,883.82,441.66,27.994,-137.66
121.58,251.65,120.09,-190.2,0.80339,184.47,341.75,1016.6,1067.8,666.79,257.94,46.365
206.07,343.51,122.12,-277.9,42.424,231.48,253.83,1035.3,1230.3,922.94,549.07,289.22
297.77,445.62,128.73,-374.38,85.226,285.58,133.69,975.49,1334.4,1185.5,883.38,580.37
388.06,550.88,143.19,-471.73,123.1,345.77,-13.943,814.88,1345.6,1423.2,1232.4,899.78
466.08,649.25,167.23,-559.53,150.09,407.52,-178.44,548.88,1241.5,1603.7,1559.5,1218.7
520.99,728.58,197.7,-626.56,162.35,462.96,-344.68,195.98,1020.1,1698,1824.6,1502.8
546.08,776.27,225.86,-663.21,160.48,501.37,-495.86,-204.86,700.58,1686.3,1991.4,1718.3
542.01,782.43,239.87,-664.49,150.78,511.75,-617.06,-604.29,317.51,1560.2,2034.7,1838.8
515.93,743.71,229.15,-631.98,142.55,486.89,-699.3,-956.65,-89.197,1324,1945.3,1851.2
477.08,665.42,190.47,-573.02,142.41,427.23,-742.19,-1232.3,-484.28,994.34,1732.2,1758.3
432.58,560.35,129.35,-497.82,150.69,342.31,-753.27,-1423.2,-843.21,596.97,1419.5,1577
385.98,444.7,57.881,-416.39,162.32,247.6,-744.92,-1539.6,-1152.7,164.18,1041.2,1332.9
337.87,333.2,-8.531,-336.26,169.54,158.17,-730.24,-1601.7,-1407,-268.88,634.77,1054
287.3,234.64,-58.968,-260.8,167.11,83.311,-719.28,-1629.7,-1603.9,-667.59,236.59,765.86
233.77,149.61,-92.141,-190.15,157.49,23.625,-716.94,-1637.1,-1741,-1001.6,-121.81,489.24
178.55,72.358,-115.08,-123.29,144.94,-27.44,-723.22,-1628,-1816.1,-1249.1,-416.75,239.57
124.47,-3.8641,-137.88,-58.972,132.38,-78.223,-735.03,-1600.1,-1829.7,-1400.8,-634.99,27.297
74.766,-81.513,-167.42,3.1138,123.25,-133.07,-748.11,-1549.5,-1788.4,-1461.4,-774.82,-141.72
32.966,-156.47,-203.47,60.354,119.49,-189.49,-757.8,-1474,-1704.2,-1446.7,-844.31,-265.46
1.9284,-219.59,-239.1,107.17,119.27,-239.31,-760.08,-1375.2,-1591,-1378,-857.27,-345.04
-17.445,-261.05,-264.36,137.94,119.03,-272.67,-751.75,-1260.5,-1460.5,-1275.6,-828.98,-384.39
-26.572,-274.98,-271.22,150.18,116.11,-282.83,-730.29,-1135.2,-1320.9,-1154.9,-773.36,-390.16
-28.092,-262.36,-257.23,146.09,109.63,-269.52,-694.34,-1002.2,-1176.1,-1026.7,-701.75,-371.19
-24.618,-231.17,-227.55,130.41,100.46,-238.84,-643.82,-864.66,-1029.2,-898.67,-622.65,-337.24
-18.458,-192.58,-191.91,108.85,89.946,-200.48,-579.94,-727.01,-884.2,-776.12,-542.82,-297.54
-9.5973,-156.51,-158.25,87.369,78.92,-163.78,-505.55,-594.51,-744.68,-662.76,-468.19,-259.83
-3.3685,-128.37,-131.15,70.017,68.716,-134.47,-425.52,-472.1,-613.76,-560.03,-401.39,-228.41
-1.4094,-108.43,-111.03,57.45,59.862,-113.55,-345.87,-363.83,-494.99,-466.01,-342.85,-203.46
-0.32618,-93.858,-95.2,47.717,51.897,-98.598,-272.15,-272.23,-391.39,-382.11,-291.31,-181.84
-0.23661,-81.987,-81.121,39.5,44.614,-86.698,-208.25,-197.19,-303.88,-308.74,-244.35,-159.45
-0.69285,-72.215,-68.636,33.602,38.407,-76.596,-156.14,-136.34,-231.15,-245.7,-200.69,-135.33
-1.2395,-63.988,-58.873,29.301,33.562,-67.683,-115.95,-86.654,-170.75,-192.51,-161.34,-111.37
-1.5109,-56.593,-52.332,25.792,29.98,-60.056,-86.438,-45.603,-120.17,-148.58,-127.36,-87.893
-1.3071,-50.117,-49.215,22.684,27.418,-55.156,-65.932,-11.747,-77.441,-113.32,-99.859,-67.056
-0.6231,-45.735,-48.564,17.751,25.057,-53.17,-52.088,15.267,-42.05,-85.989,-79.535,-51.971
0.36913,-43.195,-49.824,12.283,21.797,-51.846,-42.898,35.549,-14.18,-65.4,-66.101,-43.743
1.3777,-40.213,-50.564,9.4116,18.144,-50.059,-37.041,49.936,6.6281,-49.995,-58.087,-41.192
2.0807,-36.936,-47.821,8.0086,15.22,-47.681,-33.167,60.13,21.446,-38.075,-53.23,-41.883
2.2307,-33.988,-42.652,7.2225,12.961,-44.977,-30.155,68.263,31.683,-28.254,-49.288,-43.239
1.7358,-31.187,-35.983,6.7143,10.747,-41.943,-27.779,76.456,38.953,-19.871,-44.817,-43.254
0.69064,-28.348,-28.47,6.3225,8.1695,-38.485,-22.806,87.254,45.016,-12.857,-39.459,-40.512
-0.64469,-25.501,-21.327,5.9627,5.3007,-34.778,-15.275,99.816,50.744,-7.3158,-33.514,-34.762
-1.9167,-22.819,-15.51,5.6053,2.5996,-31.258,-8.8496,110.78,57.693,-2.8626,-27.807,-29.257
-2.7919,-20.537,-11.595,5.2698,0.64879,-28.488,-4.086,119.42,67.259,1.0892,-22.701,-25.641
-3.0651,-18.889,-9.8831,5.0161,-0.13463,-26.953,-0.42891,126.47,77.434,4.2068,-18.053,-23.429
-2.7169,-18.023,-10.282,4.9195,0.33346,-26.806,2.5693,132.42,86.19,7.1148,-14.346,-22.155
-1.9058,-17.928,-12.27,5.0301,1.8112,-27.759,5.1819,137.41,93.187,10.105,-11.583,-21.473
-0.90895,-18.399,-15,5.3402,3.8205,-29.211,7.587,141.6,98.886,13.188,-9.4505,-21.073
-0.031188,-19.073,-17.561,5.7779,5.7641,-30.479,9.8985,145.22,103.78,16.338,-7.6761,-20.689
0.48385,-19.532,-19.156,6.2248,7.0943,-31.006,12.155,148.52,108.23,19.523,-6.1049,-20.155
0.51145,-19.467,-19.321,6.5544,7.4841,-30.532,14.323,151.65,112.47,22.692,-4.6702,-19.432
0.061322,-18.805,-18.072,6.6859,6.9027,-29.174,16.329,154.66,116.59,25.776,-3.3683,-18.585
-0.74592,-17.732,-15.816,6.6368,5.5748,-27.331,18.107,157.51,120.61,28.726,-2.2331,-17.726
-1.7315,-16.604,-13.182,6.5203,3.8796,-25.524,19.631,160.18,124.48,31.549,-1.3053,-16.963
-2.7183,-15.786,-10.856,6.4721,2.2274,-24.251,20.92,162.68,128.15,34.319,-0.60481,-16.366
-3.5703,-15.515,-9.374,6.5745,0.94017,-23.844,22.032,165.13,131.58,37.159,-0.11634,-15.944
-4.1999,-15.81,-8.9358,6.8194,0.17535,-24.318,23.042,167.7,134.82,40.181,0.21244,-15.637
-4.5508,-16.41,-9.3274,7.1058,-0.086827,-25.281,24.018,170.57,137.89,43.402,0.46092,-15.338
-4.5806,-16.809,-9.9775,7.271,0.0071357,-25.979,24.992,173.83,140.84,46.696,0.71764,-14.941
-4.2678,-16.488,-10.279,7.1515,0.27908,-25.659,25.952,177.44,143.65,49.823,1.0567,-14.386
-3.6349,-15.259,-10.003,6.656,0.59772,-24.087,26.853,181.2,146.29,52.548,1.5143,-13.7
-2.7727,-13.401,-9.2764,5.8226,0.88236,-21.716,27.638,184.89,148.7,54.75,2.0737,-12.961
-1.843,-11.418,-8.336,4.8235,1.0844,-19.309,28.263,188.34,150.86,56.456,2.6722,-12.258
-1.0438,-9.7299,-7.4113,3.8995,1.1733,-17.455,28.723,191.51,152.81,57.813,3.2334,-11.66
-0.54303,-8.5674,-6.6666,3.2643,1.1186,-16.402,29.056,194.53,154.75,59.049,3.7111,-11.215
-0.42632,-7.9826,-6.1705,3.032,0.90216,-16.102,29.332,197.59,156.86,60.4,4.113,-10.929
-0.67859,-7.8593,-5.9121,3.1844,0.55625,-16.271,29.616,200.84,159.29,62.03,4.4936,-10.758
-1.1593,-7.9442,-5.8506,3.5679,0.18366,-16.476,29.93,204.35,162.08,63.966,4.9321,-10.615
-1.5667,-7.9556,-5.9813,3.9266,-0.031451,-16.341,30.238,208.02,165.1,66.112,5.5137,-10.418
-1.4853,-7.7193,-6.3775,3.9831,0.16535,-15.795,30.47,211.64,168.16,68.313,6.3146,-10.126
-0.54799,-7.1983,-7.1599,3.5383,0.99938,-15.075,30.558,214.98,171.05,70.437,7.3827,-9.7461
1.38,-6.4351,-8.3959,2.5443,2.5287,-14.473,30.472,217.94,173.74,72.42,8.7145,-9.2959
4.0797,-5.5131,-9.9698,1.1254,4.5616,-14.114,30.237,220.61,176.37,74.284,10.253,-8.7816
6.9944,-4.5407,-11.53,-0.45244,6.6686,-13.937,29.921,223.28,179.26,76.116,11.925,-8.2027
9.4155,-3.6239,-12.582,-1.8604,8.3051,-13.774,29.612,226.35,182.75,78.039,13.691,-7.5663
10.741,-2.8419,-12.667,-2.8095,8.9898,-13.429,29.381,230.09,187.01,80.167,15.561,-6.8903
10.673,-2.2393,-11.554,-3.1348,8.4692,-12.769,29.26,234.6,191.96,82.562,17.573,-6.1955
9.2793,-1.8352,-9.3613,-2.8311,6.8183,-11.79,29.244,239.66,197.27,85.208,19.747,-5.499
6.9654,-1.6409,-6.562,-2.0366,4.4279,-10.65,29.303,244.85,202.47,88.002,22.058,-4.8138
4.3577,-1.6707,-3.8359,-0.98067,1.883,-9.6325,29.4,249.66,207.16,90.781,24.419,-4.1546
2.1298,-1.9327,-1.8403,0.085271,-0.22145,-9.0379,29.513,253.77,211.17,93.365,26.697,-3.5429
0.85015,-2.4099,-0.99491,0.94695,-1.4471,-9.0618,29.637,257.18,214.53,95.629,28.747,-3.0054
0.94738,-3.0465,-1.368,1.4466,-1.5612,-9.7193,29.795,260.17,217.49,97.545,30.465,-2.5654
2.7847,-3.7464,-2.6974,1.4488,-0.46497,-10.84,30.035,263.17,220.37,99.215,31.837,-2.2325
6.5507,-4.3874,-4.5326,0.80288,1.8156,-12.124,30.415,266.55,223.5,100.87,32.966,-1.9947
11.479,-4.8458,-6.4211,-0.57559,4.8608,-13.256,30.976,270.51,227.1,102.81,34.033,-1.8172
15.849,-5.0245,-8.0229,-2.5095,7.8082,-14.032,31.71,274.99,231.25,105.29,35.251,-1.6474
18.78,-4.8734,-9.2396,-4.5937,10.097,-14.438,32.544,279.75,235.88,108.42,36.843,-1.4217
20.684,-4.3943,-10.307,-6.5436,11.866,-14.632,33.357,284.51,240.75,112.08,39.018,-1.0694
22.62,-3.6364,-11.631,-8.3693,13.709,-14.838,34.025,289.09,245.58,116.03,41.881,-0.51167
25.681,-2.6854,-13.613,-10.244,16.34,-15.234,34.469,293.59,250.2,120.07,45.298,0.3444
30.484,-1.6496,-16.515,-12.32,20.098,-15.866,34.684,298.35,254.58,124.07,48.913,1.6035
36.739,-0.6414,-20.223,-14.618,24.616,-16.616,34.733,303.82,258.88,128.01,52.393,3.3541
43.094,0.24569,-24.072,-17.009,28.935,-17.238,34.71,310.33,263.32,131.93,55.63,5.6068
47.865,0.95796,-26.951,-19.313,31.763,-17.448,34.696,317.95,268.16,135.91,58.702,8.2451
50.062,1.4995,-27.785,-21.44,32.08,-17.037,34.733,326.35,273.51,140,61.723,11.07
49.527,1.9434,-26.048,-23.465,29.748,-15.945,34.824,334.94,279.31,144.23,64.761,13.918
46.361,2.4321,-21.929,-25.507,25.373,-14.265,34.949,343.15,285.36,148.58,67.841,16.729
40.656,3.156,-16.179,-27.457,19.802,-12.192,35.072,350.76,291.47,152.96,70.967,19.514
33.556,4.3019,-9.8504,-28.977,13.852,-9.9622,35.157,357.83,297.53,157.29,74.119,22.291
27.514,5.9628,-4.0165,-30.003,8.4207,-7.8027,35.179,364.6,303.63,161.54,77.258,25.049
24.135,8.0462,0.47859,-30.954,4.6342,-5.8982,35.129,371.34,309.95,165.76,80.348,27.744
23.864,10.268,3.1604,-32.29,3.4499,-4.3705,35.018,378.29,316.7,170.12,83.383,30.319
26.753,12.293,3.9274,-34.197,5.1162,-3.2677,34.871,385.63,324,174.83,86.403,32.725
32.331,13.92,2.9863,-36.657,9.0958,-2.5709,34.713,393.45,331.81,180.07,89.503,34.95
39.553,15.202,0.74151,-39.614,14.302,-2.2171,34.548,401.74,339.96,185.82,92.841,37.047
46.991,16.409,-2.3011,-42.945,19.358,-2.1329,34.352,410.41,348.33,191.85,96.593,39.162
53.866,17.852,-5.6559,-46.444,23.694,-2.2662,34.067,419.36,356.85,197.83,100.86,41.512
60.89,19.733,-8.9822,-49.881,28.029,-2.5984,33.618,428.65,365.46,203.59,105.61,44.328
68.361,22.152,-12.061,-52.957,32.806,-3.1294,32.938,438.47,374.05,209.15,110.67,47.75
74.774,25.088,-14.698,-55.301,37.335,-3.843,32.002,449,382.56,214.59,115.78,51.747
78.275,28.281,-16.701,-56.587,40.576,-4.6764,30.812,460.23,391,219.96,120.67,56.128
78.235,31.257,-17.884,-56.708,41.997,-5.5096,29.383,471.9,399.37,225.26,125.22,60.658
75.452,33.692,-18.089,-55.926,41.714,-6.1729,27.737,483.58,407.69,230.48,129.59,65.14
71.391,35.689,-17.247,-54.835,40.257,-6.4666,25.926,494.91,415.93,235.69,134.02,69.46
67.469,37.685,-15.44,-54.18,38.341,-6.2011,24.042,505.7,424.16,241.04,138.74,73.62
64.954,40.202,-12.915,-54.682,36.643,-5.2632,22.202,515.97,432.57,246.68,143.94,77.716
64.831,43.603,-10.045,-56.825,35.567,-3.6813,20.502,525.8,441.42,252.74,149.78,81.909
67.35,47.914,-7.2512,-60.584,35.353,-1.6441,18.974,535.29,450.78,259.24,156.24,86.397
71.895,52.829,-4.9159,-65.414,36.298,0.54231,17.574,544.48,460.26,265.99,163.07,91.395
77.506,57.869,-3.3161,-70.625,38.511,2.5449,16.22,553.26,469.18,272.65,169.74,97.02
83.451,62.58,-2.595,-75.633,41.676,4.1062,14.84,561.49,477.07,278.87,175.82,103.07
89.35,66.687,-2.7629,-80.074,45.261,5.1213,13.416,569.18,484.01,284.5,181.22,109.03
94.889,70.168,-3.7096,-83.93,48.857,5.6602,11.993,576.58,490.35,289.67,186.22,114.47
99.812,73.259,-5.2383,-87.497,52.336,5.9322,10.638,584.02,496.38,294.59,191.18,119.44
104.34,76.38,-7.1189,-91.211,55.848,6.2145,9.3989,591.62,502.23,299.44,196.45,124.27
109.16,79.973,-9.141,-95.455,59.675,6.7692,8.2774,599.22,507.84,304.28,202.25,129.33
114.88,84.262,-11.134,-100.41,64.002,7.7653,7.2233,606.54,513.1,309.09,208.64,134.92
121.58,89.06,-12.954,-105.97,68.74,9.2239,6.1543,613.38,517.94,313.82,215.53,141.17
128.77,93.861,-14.467,-111.8,73.51,11.035,4.9799,619.61,522.29,318.38,222.74,148.15
135.66,98.178,-15.551,-117.45,77.76,13.083,3.6191,625.17,526.08,322.65,229.98,155.75
141.7,101.85,-16.108,-122.6,80.98,15.399,2.0041,629.97,529.25,326.49,236.97,163.76
146.67,105.1,-16.084,-127.13,82.879,18.144,0.06433,633.93,531.85,329.83,243.48,171.89
150.61,108.41,-15.485,-131.16,83.473,21.39,-2.3161,637.06,534.06,332.75,249.44,179.79
153.79,112.11,-14.379,-134.87,83.055,25.017,-5.3651,639.45,536.17,335.47,254.97,187.21
156.54,116.29,-12.901,-138.52,82.069,28.892,-9.4651,641.27,538.42,338.27,260.29,194.08
159.08,120.93,-11.228,-142.31,80.965,32.94,-14.971,642.73,540.93,341.3,265.72,200.57
161.5,125.99,-9.5383,-146.25,80.1,37.063,-21.666,643.91,543.52,344.44,271.49,206.96
163.88,131.37,-7.9739,-150.26,79.702,41.137,-28.684,644.66,545.81,347.35,277.65,213.51
166.28,136.92,-6.6278,-154.21,79.874,45.071,-35.434,644.56,547.22,349.67,284.02,220.42
168.71,142.54,-5.5487,-158.06,80.607,48.836,-42.013,642.83,547.12,351.21,290.27,227.78
171.16,148.11,-4.7689,-161.8,81.798,52.433,-48.779,638.51,544.94,351.97,296.14,235.57
173.73,153.49,-4.3385,-165.43,83.297,55.825,-56.021,630.94,540.43,352.02,301.51,243.65
176.55,158.44,-4.3418,-168.9,84.995,58.903,-63.867,620.37,533.89,351.51,306.42,251.79
179.65,162.67,-4.8707,-172.15,86.891,61.506,-72.253,607.75,525.9,350.55,310.98,259.64
182.97,166.06,-5.9689,-175.14,89.033,63.479,-80.923,593.89,516.98,349.27,315.34,266.93
186.42,168.72,-7.5779,-177.96,91.4,64.77,-89.486,579.13,507.4,347.76,319.65,273.65
189.86,170.96,-9.5037,-180.72,93.852,65.495,-97.549,563.27,497.21,346.09,324,280.11
193.19,173.04,-11.42,-183.45,96.182,65.907,-104.87,545.71,486.28,344.3,328.43,286.75
196.33,175.09,-12.926,-186.02,98.171,66.272,-111.4,525.83,474.34,342.39,332.88,293.96
199.11,177.01,-13.656,-188.21,99.598,66.757,-117.25,503.6,461.18,340.32,337.17,301.91
201.27,178.53,-13.391,-189.83,100.25,67.381,-122.54,479.97,446.8,337.99,341.13,310.35
202.43,179.41,-12.151,-190.76,99.975,68.051,-127.3,456.24,431.48,335.32,344.66,318.56
202.25,179.53,-10.206,-190.92,98.775,68.636,-131.52,433.18,415.77,332.25,347.73,325.69
200.58,178.93,-8.0129,-190.27,96.833,69.002,-135.13,410.79,400.35,328.86,350.36,331.16
197.53,177.7,-6.0995,-188.82,94.442,69.03,-138.13,388.7,385.73,325.35,352.46,334.76
193.48,175.85,-4.9041,-186.58,91.859,68.619,-140.54,366.4,371.98,321.9,353.91,336.48
188.96,173.28,-4.6308,-183.54,89.336,67.714,-142.37,343.4,358.82,318.56,354.52,336.38
184.42,169.78,-5.1912,-179.68,87.244,66.348,-143.64,319.43,345.75,315.19,354.07,334.54
179.99,165.21,-6.2509,-175.06,85.747,64.619,-144.31,294.55,332.33,311.57,352.38,331.13
175.45,159.66,-7.3283,-169.73,84.352,62.637,-144.35,269.35,318.28,307.46,349.31,326.31
170.35,153.56,-7.9106,-163.75,82.199,60.505,-143.74,244.69,303.58,302.61,344.77,320.03
164.13,147.43,-7.5814,-157.15,78.739,58.319,-142.47,221.47,288.45,296.86,338.66,312
156.55,141.63,-6.141,-150.09,73.966,56.174,-140.54,200.25,273.25,289.96,330.91,302.11
147.99,136.13,-3.6878,-142.88,68.14,54.142,-137.98,181.22,258.41,281.61,321.58,290.57
139.03,130.7,-0.60574,-135.75,61.538,52.23,-134.81,164.2,244.24,271.95,310.8,277.75
129.98,125.11,2.5686,-128.8,54.487,50.363,-131.1,148.85,230.89,261.6,298.8,263.95
120.95,119.3,5.3319,-121.93,47.383,48.414,-126.97,134.65,218.25,251.02,285.81,249.47
112.11,113.39,7.3613,-114.95,40.67,46.275,-122.51,121.07,205.89,240.29,272.02,234.66
103.71,107.57,8.5823,-107.67,34.824,43.914,-117.75,107.9,193.24,229.18,257.52,219.88
95.932,102.04,9.1415,-100.16,30.23,41.391,-112.64,95.273,179.81,217.28,242.3,205.33
88.885,96.947,9.3114,-92.885,26.905,38.827,-107.04,83.376,165.39,204.2,226.42,191.04
82.582,92.298,9.404,-86.529,24.29,36.346,-100.8,72.306,150.18,189.7,210.08,177.07
76.971,88.085,9.7182,-81.524,21.23,34.031,-93.819,62.081,134.74,173.98,193.6,163.48
71.914,84.328,10.472,-77.615,16.862,31.921,-86.194,52.593,119.81,157.79,177.43,150.27
67.201,81.052,11.74,-74.09,12.496,30.038,-78.149,43.61,105.99,142.25,162.01,137.52
62.62,78.184,13.474,-70.533,9.6366,28.344,-69.953,35.036,93.582,128.2,147.64,125.45
58.005,75.441,15.534,-66.944,7.8051,26.708,-61.91,27.166,82.64,116,134.53,114.36
53.17,72.355,17.679,-63.288,6.1776,24.982,-54.425,20.455,73.008,105.53,122.81,104.43
47.915,68.516,19.598,-59.475,4.3889,23.108,-47.968,15.039,64.266,96.332,112.39,95.433
42.185,63.788,20.979,-55.4,2.3949,21.08,-42.859,10.733,55.626,87.695,102.89,86.903
36.099,58.32,21.623,-50.945,0.29754,18.899,-39.082,7.31,46.372,79.001,93.779,78.565
29.71,52.447,21.527,-46.08,-1.7485,16.609,-36.296,4.6109,37.288,70.263,84.771,70.635
23.027,46.571,20.881,-40.954,-3.5837,14.353,-34.039,2.5093,30.007,62.229,76.045,63.473
16.374,41.053,19.988,-35.921,-5.0669,12.318,-31.922,0.87432,24.677,55.489,68.032,57.195
10.52,36.177,19.145,-31.444,-6.0738,10.654,-29.724,-0.43977,20.543,49.82,61.083,51.798
6.2257,32.117,18.515,-27.827,-6.4898,9.3922,-27.399,-1.5805,17.059,44.711,55.306,47.3
3.8019,28.83,18.064,-25.001,-6.2382,8.4125,-25.052,-2.6718,13.991,39.846,50.489,43.571
3.2113,25.963,17.596,-22.512,-5.3398,7.474,-22.874,-3.7884,11.244,35.12,46.148,40.351
4.1962,22.947,16.841,-19.65,-3.9479,6.3299,-21.055,-4.9388,8.761,30.59,41.828,37.434
6.1983,19.424,15.582,-15.984,-2.3449,4.8527,-19.697,-6.0679,6.506,26.402,37.529,34.629
8.4219,15.657,13.801,-12.074,-0.90111,3.0867,-18.771,-7.0843,4.4644,22.679,33.66,31.797
10.038,12.193,11.79,-8.8577,-0.0065201,1.2124,-18.118,-7.9055,2.6518,19.459,30.366,28.959
10.372,9.2806,10.157,-6.4147,-0.054411,-0.50581,-17.492,-8.4958,1.1086,16.736,27.487,26.248
9.087,6.9478,9.6327,-4.3033,-1.4055,-1.7564,-16.638,-8.8795,-0.11931,14.503,24.961,23.819
6.2956,5.258,10.76,-2.283,-4.1993,-2.244,-15.428,-9.1271,-1.0083,12.758,22.856,21.794
2.4927,4.3024,13.649,-0.40516,-8.196,-1.7945,-13.952,-9.3256,-1.5792,11.482,21.236,20.215
-1.6418,4.0688,17.955,1.1645,-12.851,-0.45661,-12.453,-9.5434,-1.901,10.602,20.061,19.008
-5.4563,4.3541,23.007,2.3141,-17.521,1.4775,-11.189,-9.8068,-2.0696,9.9885,19.176,18.003
-8.479,4.8146,27.965,3.0538,-21.631,3.5644,-10.34,-10.097,-2.1743,9.5123,18.39,17.02
-10.486,5.1437,31.992,3.4593,-24.745,5.3646,-9.9603,-10.365,-2.2714,9.0952,17.589,15.986
-11.462,5.2264,34.485,3.5797,-26.626,6.5756,-9.9587,-10.555,-2.3766,8.7007,16.772,14.951
-11.497,5.1169,35.2,3.4424,-27.304,7.094,-10.132,-10.621,-2.4752,8.3059,15.987,14.002
-10.756,4.9223,34.357,3.1251,-27.061,7.0126,-10.252,-10.538,-2.5419,7.8993,15.271,13.194
-9.5373,4.7447,32.686,2.7588,-26.321,6.5612,-10.154,-10.316,-2.5646,7.4944,14.649,12.563
-8.2554,4.6793,30.991,2.4574,-25.534,6.0148,-9.7766,-10.013,-2.5629,7.1293,14.154,12.134
-7.2674,4.8024,29.698,2.2626,-24.908,5.6037,-9.1402,-9.7255,-2.5898,6.8409,13.81,11.908
-6.698,5.1307,28.771,2.1431,-24.176,5.4314,-8.3127,-9.558,-2.7122,6.6344,13.608,11.833
-6.3816,5.5873,27.835,2.0349,-22.804,5.4085,-7.3807,-9.5761,-2.9781,6.471,13.493,11.8
-5.9621,6.0208,26.585,1.8719,-20.49,5.286,-6.4387,-9.7736,-3.3897,6.2797,13.371,11.678
-5.0587,6.2933,24.88,1.5648,-17.403,4.8369,-5.5784,-10.069,-3.8988,5.9922,13.149,11.366
-3.3604,6.3718,22.669,0.98086,-14.031,4.0489,-4.868,-10.341,-4.4248,5.5832,12.782,10.846
-0.70093,6.3401,20.071,-0.009255,-10.756,3.1094,-4.3281,-10.483,-4.8851,5.0881,12.302,10.195
2.7954,6.3343,17.363,-1.4277,-7.6837,2.2488,-3.9349,-10.464,-5.2188,4.5813,11.797,9.5356
6.5982,6.4591,14.934,-3.1127,-4.9122,1.6446,-3.6553,-10.335,-5.3949,4.1429,11.347,8.9662
9.8676,6.7254,13.253,-4.731,-2.7521,1.416,-3.4821,-10.199,-5.4088,3.8375,10.992,8.5203
11.74,7.0281,12.733,-5.8765,-1.7239,1.6117,-3.4281,-10.135,-5.2742,3.7054,10.745,8.1825
11.627,7.1797,13.526,-6.206,-2.2914,2.1739,-3.489,-10.142,-5.0158,3.7563,10.607,7.9225
9.3903,6.9902,15.424,-5.5552,-4.5021,2.9352,-3.6192,-10.13,-4.6605,3.9682,10.568,7.7221
5.3714,6.3496,17.932,-3.9801,-7.9171,3.6685,-3.7382,-9.9588,-4.2275,4.2941,10.604,7.5805
0.28938,5.2637,20.424,-1.7199,-11.821,4.1506,-3.7555,-9.5159,-3.7204,4.6774,10.68,7.5057
-4.9681,3.8368,22.315,0.87795,-15.455,4.2129,-3.6033,-8.7592,-3.1294,5.0702,10.758,7.4989
-9.5739,2.2273,23.176,3.4395,-18.199,3.7713,-3.2671,-7.7294,-2.4413,5.4428,10.801,7.5367
-12.927,0.60018,22.8,5.6446,-19.677,2.8381,-2.7949,-6.5294,-1.6536,5.78,10.77,7.5563
-14.73,-0.91187,21.212,7.2771,-19.795,1.5176,-2.2754,-5.2878,-0.78866,6.0705,10.62,7.4599
-14.933,-2.2181,18.653,8.2083,-18.707,-0.011684,-1.797,-4.1217,0.10383,6.3039,10.311,7.1533
-13.632,-3.2379,15.528,8.3561,-16.728,-1.5247,-1.4079,-3.1036,0.96198,6.4761,9.8445,6.6043
-11.12,-3.8622,12.31,7.7106,-14.226,-2.7857,-1.0971,-2.2423,1.738,6.593,9.2763,5.8759
-7.9184,-3.9705,9.4294,6.3753,-11.504,-3.6058,-0.79962,-1.4863,2.4144,6.6661,8.6881,5.0942
-4.547,-3.5085,7.1347,4.5451,-8.6981,-3.91,-0.42544,-0.75684,3.0009,6.7011,8.1406,4.3675
-1.2807,-2.5575,5.3405,2.4569,-5.8606,-3.7689,0.099054,0.003996,3.5184,6.6911,7.64,3.7284
1.7862,-1.3371,3.7286,0.35991,-3.1508,-3.3663,0.79651,0.80043,3.9895,6.623,7.1441,3.1317
4.5336,-0.145,2.0617,-1.4969,-0.78261,-2.9446,1.6269,1.5862,4.4393,6.4923,6.5969,2.4984
6.7445,0.73402,0.32209,-2.8822,1.1613,-2.7415,2.5025,2.2999,4.8986,6.3148,5.9689,1.7708
8.1831,1.1027,-1.4201,-3.6154,2.7057,-2.9223,3.32,2.9042,5.3964,6.1233,5.2753,0.93959
8.6634,0.88903,-3.0898,-3.6052,3.8363,-3.5258,3.999,3.406,5.9432,5.9543,4.5677,0.039682
8.0995,0.15106,-4.5473,-2.8758,4.4408,-4.4483,4.5134,3.8462,6.5184,5.8333,3.9118,-0.8658
6.5529,-0.9422,-5.5533,-1.5705,4.3687,-5.4747,4.9033,4.2738,7.0765,5.7674,3.3682,-1.6953
4.2399,-2.1546,-5.8418,0.073485,3.5391,-6.3411,5.2648,4.7237,7.5749,5.7489,2.9797,-2.3646
1.4937,-3.2418,-5.2479,1.7721,2.0147,-6.8119,5.7178,5.2131,8.0038,5.7654,2.7628,-2.8065
-1.2824,-4.0054,-3.814,3.2466,0.024347,-6.7512,6.3617,5.7499,8.3964,5.8086,2.7037,-2.9956
-3.6574,-4.3271,-1.8207,4.271,-2.0687,-6.1673,7.2301,6.3374,8.809,5.8716,2.7571,-2.9637
-5.2455,-4.1867,0.27563,4.7075,-3.851,-5.2122,8.267,6.9677,9.2848,5.942,2.8552,-2.798
-5.8053,-3.6656,1.9776,4.527,-4.973,-4.1359,9.3446,7.6133,9.8285,6.0018,2.9258,-2.6154
-5.3076,-2.9275,2.9027,3.8129,-5.2457,-3.2103,10.324,8.2312,10.408,6.036,2.9134,-2.526
-3.9493,-2.1772,2.8963,2.7525,-4.6873,-2.6493,11.129,8.7804,10.975,6.0434,2.7927,-2.5986
-2.1185,-1.6111,2.0622,1.6101,-3.5115,-2.5507,11.775,9.2423,11.496,6.0388,2.568,-2.8433
-0.29982,-1.3678,0.70504,0.66691,-2.0643,-2.8792,12.342,9.6301,11.966,6.0463,2.2644,-3.2176
1.0636,-1.4957,-0.78954,0.14265,-0.72018,-3.4987,12.918,9.9824,12.408,6.0868,1.9152,-3.6511
1.6969,-1.9514,-2.0932,0.13536,0.23698,-4.2408,13.552,10.344,12.852,6.1674,1.5505,-4.0768
1.5595,-2.6273,-3.0329,0.60281,0.69901,-4.9708,14.241,10.745,13.317,6.2785,1.1898,-4.4526
0.83983,-3.3874,-3.6169,1.3836,0.73958,-5.6178,14.931,11.197,13.801,6.402,0.84209,-4.7702
-0.11611,-4.0997,-3.9919,2.2476,0.55426,-6.1689,15.539,11.692,14.279,6.5244,0.51228,-5.0466
-0.92166,-4.6571,-4.3514,2.9605,0.38023,-6.6393,15.987,12.215,14.721,6.6466,0.20829,-5.3065
-1.2689,-4.9877,-4.836,3.3451,0.41935,-7.0387,16.232,12.745,15.096,6.7846,-0.055205,-5.5668
-1.012,-5.0558,-5.4753,3.3211,0.77393,-7.3489,16.286,13.261,15.397,6.9626,-0.25743,-5.8308
-0.20161,-4.8638,-6.1816,2.9183,1.4102,-7.5235,16.217,13.752,15.644,7.2062,-0.37514,-6.0877
0.93131,-4.4533,-6.7738,2.2603,2.1624,-7.5027,16.118,14.219,15.888,7.5409,-0.38866,-6.3139
2.0431,-3.9039,-7.0324,1.5284,2.7824,-7.2392,16.073,14.669,16.19,7.9883,-0.29064,-6.4802
2.7859,-3.3207,-6.7782,0.91284,3.0265,-6.726,16.114,15.105,16.599,8.5586,-0.09395,-6.5642
2.9176,-2.8107,-5.9492,0.56582,2.7458,-6.0127,16.214,15.512,17.119,9.236,0.16514,-6.5678
2.3724,-2.4561,-4.6362,0.56114,1.9407,-5.1988,16.303,15.861,17.703,9.9691,0.43226,-6.5218
1.2768,-2.2952,-3.0589,0.87071,0.75473,-4.4047,16.316,16.124,18.265,10.675,0.649,-6.4737
-0.091661,-2.3109,-1.491,1.3712,-0.57986,-3.7323,16.228,16.276,18.723,11.265,0.7716,-6.4627
-1.3999,-2.4317,-0.17483,1.8894,-1.8163,-3.2344,16.068,16.31,19.039,11.693,0.78791,-6.5007
-2.3738,-2.5555,0.74424,2.2727,-2.7604,-2.9067,15.908,16.249,19.236,11.983,0.72632,-6.5645
-2.8858,-2.5967,1.2448,2.4484,-3.3144,-2.7034,15.837,16.148,19.386,12.221,0.64888,-6.6051
-2.9857,-2.5318,1.4174,2.4438,-3.5008,-2.5697,15.923,16.082,19.571,12.505,0.62606,-6.5712
-2.8699,-2.4187,1.4084,2.3793,-3.4588,-2.474,16.187,16.107,19.83,12.883,0.70486,-6.4352
-2.7944,-2.3835,1.3358,2.4344,-3.3936,-2.433,16.573,16.233,20.127,13.327,0.88766,-6.2108
-2.9714,-2.5829,1.2167,2.7704,-3.4686,-2.5213,16.956,16.425,20.36,13.745,1.1309,-5.9499
-3.5146,-3.1417,0.94594,3.448,-3.6987,-2.8553,17.189,16.617,20.413,14.014,1.3635,-5.7206
-4.3902,-4.0763,0.33415,4.4043,-3.9199,-3.5414,17.159,16.737,20.217,14.033,1.5176,-5.578
-5.3368,-5.2544,-0.80256,5.466,-3.8562,-4.6015,16.845,16.728,19.787,13.767,1.5589,-5.5422
-5.8816,-6.4348,-2.5342,6.3549,-3.2432,-5.924,16.316,16.561,19.214,13.275,1.4997,-5.5899
-5.5181,-7.33,-4.7362,6.7189,-1.9373,-7.2586,15.683,16.238,18.619,12.68,1.3904,-5.6653
-3.9145,-7.6162,-7.0735,6.2349,0.027216,-8.2533,15.031,15.783,18.093,12.113,1.2943,-5.702
-1.0335,-7.0091,-9.0738,4.7286,2.4262,-8.5477,14.382,15.231,17.665,11.659,1.2623,-5.65
2.8364,-5.4215,-10.278,2.261,4.8834,-7.9133,13.698,14.607,17.294,11.319,1.3129,-5.4955
7.1031,-3.0472,-10.4,-0.82989,6.9624,-6.3836,12.909,13.916,16.889,11.026,1.426,-5.2682
10.984,-0.33356,-9.4303,-3.9724,8.29,-4.2754,11.951,13.153,16.357,10.684,1.5502,-5.0292
13.703,2.1254,-7.6616,-6.5072,8.6634,-2.0856,10.797,12.32,15.645,10.214,1.6236,-4.845
14.693,3.7626,-5.6056,-7.8781,8.0976,-0.33599,9.4856,11.437,14.769,9.5994,1.6029,-4.7595
13.758,4.2144,-3.8401,-7.7968,6.8048,0.56718,8.1296,10.548,13.815,8.8855,1.4859,-4.7745
11.132,3.4027,-2.829,-6.3106,5.1132,0.42917,6.8904,9.7161,12.9,8.1548,1.3156,-4.8469
7.3837,1.5106,-2.7774,-3.752,3.3534,-0.69679,5.9323,8.998,12.133,7.496,1.1635,-4.9024
3.2282,-1.0765,-3.582,-0.6194,1.7681,-2.5374,5.3655,8.4244,11.559,6.9733,1.1008,-4.8619
-0.6576,-3.8507,-4.8864,2.5454,0.48346,-4.6819,5.2102,7.9906,11.144,6.6016,1.1677,-4.6726
-3.8262,-6.3138,-6.2196,5.2729,-0.47405,-6.6847,5.3966,7.6688,10.792,6.3392,1.3566,-4.3293
-6.1284,-8.1189,-7.1709,7.279,-1.1464,-8.1639,5.8041,7.4312,10.391,6.1078,1.6152,-3.8762
-7.4859,-9.124,-7.5418,8.4688,-1.5681,-8.8984,6.3211,7.2655,9.8641,5.8319,1.869,-3.3889
-7.7181,-9.3271,-7.4097,8.7706,-1.6619,-8.8887,6.8906,7.1731,9.2054,5.4719,2.0478,-2.9497
-6.6761,-8.7795,-7.0706,8.0788,-1.2417,-8.3151,7.5154,7.1512,8.468,5.029,2.1034,-2.6261
-4.4125,-7.5881,-6.8942,6.4265,-0.14976,-7.4233,8.2262,7.1767,7.7335,4.5271,2.0139,-2.4593
-1.196,-5.9665,-7.1549,4.0847,1.6193,-6.4513,9.0409,7.2048,7.0689,3.9947,1.7828,-2.4604
2.5387,-4.2129,-7.9072,1.4758,3.8758,-5.5878,9.9389,7.1851,6.4954,3.4558,1.4373,-2.6116
6.2418,-2.6091,-8.9576,-0.96711,6.2487,-4.9215,10.859,7.0872,5.9825,2.9296,1.0228,-2.8708
9.3264,-1.3301,-9.9263,-2.8998,8.2632,-4.4135,11.716,6.9178,5.4679,2.4277,0.59035,-3.1809
11.295,-0.42444,-10.389,-4.1123,9.4786,-3.94,12.424,6.715,4.8893,1.9509,0.17888,-3.4859
11.876,0.14071,-10.051,-4.54,9.6308,-3.386,12.922,6.5255,4.2103,1.489,-0.19684,-3.7485
11.106,0.42428,-8.8782,-4.2614,8.7241,-2.7159,13.186,6.3778,3.4299,1.0271,-0.54623,-3.9606
9.3223,0.48033,-7.123,-3.4722,7.0341,-1.9927,13.23,6.2686,2.579,0.55578,-0.8926,-4.139
7.0462,0.34689,-5.2316,-2.4353,5.0212,-1.3519,13.098,6.1608,1.7108,0.078151,-1.2588,-4.3128
4.7909,0.046234,-3.6779,-1.4063,3.1744,-0.94654,12.836,5.9949,0.88879,-0.39148,-1.6544,-4.5074
2.9023,-0.40944,-2.7904,-0.54918,1.8403,-0.88294,12.483,5.7132,0.17173,-0.83206,-2.0676,-4.7334
1.5067,-1.0059,-2.6484,0.12248,1.1193,-1.1747,12.062,5.2945,-0.39998,-1.2199,-2.4642,-4.9808
0.53248,-1.7163,-3.081,0.72382,0.87707,-1.7347,11.593,4.7783,-0.81359,-1.5329,-2.7942,-5.2173
-0.22739,-2.4948,-3.7485,1.3857,0.84276,-2.4059,11.097,4.2582,-1.087,-1.7562,-3.0075,-5.4017
-0.97953,-3.2818,-4.2773,2.1521,0.73474,-3.016,10.59,3.8412,-1.2634,-1.8881,-3.0718,-5.4982
-1.8423,-4.0231,-4.4027,2.9896,0.35829,-3.4393,10.074,3.5965,-1.3967,-1.9415,-2.9861,-5.4898
-2.8677,-4.6827,-4.0719,3.8482,-0.33127,-3.6414,9.5395,3.5191,-1.531,-1.9379,-2.7792,-5.3815
-3.99,-5.2393,-3.4586,4.6695,-1.1935,-3.6803,8.9674,3.5282,-1.6819,-1.8975,-2.4993,-5.1958
-4.9631,-5.6746,-2.8754,5.3547,-1.9511,-3.6619,8.3453,3.5035,-1.8268,-1.8321,-2.1957,-4.964
-5.4469,-5.954,-2.6165,5.7592,-2.3156,-3.6671,7.6756,3.345,-1.9113,-1.7399,-1.9022,-4.7153
-5.1707,-6.0108,-2.8071,5.7356,-2.1073,-3.7006,6.9738,3.0264,-1.8693,-1.6083,-1.6287,-4.4675
-4.0516,-5.7579,-3.3607,5.2036,-1.3173,-3.6876,6.2584,2.6094,-1.6533,-1.4222,-1.3593,-4.2175
-2.2556,-5.1332,-4.0335,4.2014,-0.12714,-3.5092,5.5386,2.2109,-1.262,-1.1774,-1.0682,-3.949
-0.20576,-4.1496,-4.4603,2.8967,1.0944,-3.0394,4.8066,1.9421,-0.75267,-0.89128,-0.7381,-3.6451
1.5147,-2.9166,-4.2052,1.5537,1.8678,-2.182,4.0386,1.8551,-0.22884,-0.60385,-0.37598,-3.3025
2.3702,-1.6231,-2.9451,0.46582,1.7769,-0.93392,3.2068,1.9207,0.19326,-0.36672,-0.013509,-2.9366
2.072,-0.49065,-0.70511,-0.12944,0.66157,0.55898,2.3013,2.046,0.42528,-0.22461,0.3026,-2.5771
0.66588,0.28359,2.0735,-0.12066,-1.29,2.0202,1.3458,2.1166,0.43645,-0.20105,0.52415,-2.2574
-1.4803,0.57475,4.7145,0.44459,-3.5911,3.1363,0.39644,2.0429,0.25948,-0.29538,0.6146,-2.0085
-3.7646,0.35739,6.5305,1.376,-5.5855,3.652,-0.47879,1.7931,-0.030007,-0.48967,0.55822,-1.8494
-5.52,-0.29745,6.9713,2.4011,-6.6363,3.4218,-1.2281,1.4004,-0.3518,-0.75928,0.36244,-1.79
-6.2185,-1.2463,5.767,3.2492,-6.3216,2.4324,-1.8376,0.93983,-0.65938,-1.0817,0.054347,-1.8322
-5.622,-2.3108,3.0051,3.7287,-4.5453,0.81103,-2.3372,0.48513,-0.95924,-1.4416,-0.3259,-1.968
-3.8287,-3.3188,-0.90907,3.7709,-1.5582,-1.1945,-2.7878,0.069725,-1.3014,-1.8318,-0.73341,-2.1817
-1.2352,-4.144,-5.3005,3.4299,2.0679,-3.2584,-3.2537,-0.32644,-1.7463,-2.2492,-1.1267,-2.4464
1.5574,-4.7114,-9.3101,2.8389,5.5383,-5.0254,-3.7681,-0.75711,-2.3262,-2.6862,-1.4738,-2.7279
3.9127,-4.9603,-12.098,2.1477,8.0625,-6.1661,-4.3097,-1.2704,-3.0248,-3.1252,-1.7548,-2.9899
5.3542,-4.8161,-13.067,1.4754,9.1145,-6.4352,-4.8036,-1.8764,-3.7833,-3.5396,-1.9646,-3.2048
5.6652,-4.2318,-12.019,0.89731,8.5531,-5.7373,-5.148,-2.5331,-4.5211,-3.8997,-2.1069,-3.3603
4.9045,-3.2568,-9.2302,0.45283,6.6053,-4.1968,-5.2547,-3.1589,-5.1562,-4.1786,-2.1903,-3.4589
3.3792,-2.0689,-5.3868,0.15971,3.8001,-2.1737,-5.0846,-3.6616,-5.6211,-4.357,-2.2222,-3.5086
1.5298,-0.94283,-1.3966,0.035665,0.82559,-0.17393,-4.6605,-3.9749,-5.8756,-4.4256,-2.2062,-3.5152
-0.25027,-0.17514,1.8246,0.11906,-1.6819,1.3132,-4.0534,-4.0825,-5.9188,-4.3892,-2.1469,-3.4845
-1.7314,-0.0033753,3.589,0.47007,-3.3006,1.9503,-3.3513,-4.0211,-5.7886,-4.2693,-2.0526,-3.4223
-2.8386,-0.55278,3.6226,1.1428,-3.8756,1.6063,-2.6276,-3.8614,-5.5486,-4.1017,-1.9387,-3.337
-3.5955,-1.8085,2.1007,2.1423,-3.4897,0.35703,-1.9247,-3.6797,-5.2671,-3.9271,-1.8254,-3.2391
-4.0743,-3.6003,-0.51644,3.3943,-2.3909,-1.5492,-1.2527,-3.5329,-4.9956,-3.7809,-1.7331,-3.1398
-4.3477,-5.622,-3.6369,4.7412,-0.91838,-3.7565,-0.59412,-3.4406,-4.7581,-3.6849,-1.6784,-3.051
-4.4541,-7.5025,-6.6266,5.9667,0.57026,-5.8603,0.085362,-3.3836,-4.5554,-3.6447,-1.6713,-2.9863
-4.3863,-8.8997,-8.9383,6.8436,1.7929,-7.4671,0.80432,-3.3202,-4.3793,-3.6516,-1.7119,-2.9577
-4.114,-9.5731,-10.219,7.197,2.5998,-8.2938,1.5257,-3.2112,-4.2268,-3.6859,-1.7885,-2.9729
-3.6355,-9.4359,-10.342,6.9612,2.947,-8.2511,2.1438,-3.0395,-4.1076,-3.7241,-1.8781,-3.0268
-3.0358,-8.5812,-9.3853,6.2152,2.8366,-7.4394,2.5124,-2.8227,-4.0451,-3.7498,-1.9557,-3.1017
-2.4963,-7.2685,-7.6007,5.1865,2.2955,-6.1039,2.4969,-2.6167,-4.0723,-3.7631,-2.0073,-3.1789
-2.2166,-5.8587,-5.3837,4.1866,1.3978,-4.5934,2.0231,-2.5079,-4.222,-3.784,-2.0391,-3.2518
-2.3208,-4.7118,-3.2188,3.4989,0.29474,-3.2834,1.1035,-2.5877,-4.5142,-3.8454,-2.077,-3.3316
-2.8162,-4.0807,-1.5736,3.2889,-0.78346,-2.4684,-0.16124,-2.9154,-4.9434,-3.9792,-2.1557,-3.4413
-3.5522,-4.0319,-0.78974,3.5443,-1.5683,-2.2819,-1.6029,-3.4889,-5.4732,-4.2024,-2.3049,-3.604
-4.1919,-4.4231,-1.0113,4.0476,-1.8144,-2.6745,-3.0234,-4.2347,-6.0437,-4.5106,-2.535,-3.8319
-4.2885,-4.9598,-2.1727,4.4368,-1.3316,-3.4514,-4.2408,-5.025,-6.5882,-4.8796,-2.8338,-4.1185
-3.4454,-5.3206,-4.0523,4.3532,-0.012484,-4.3528,-5.1338,-5.7163,-7.0542,-5.2709,-3.169,-4.4392
-1.4706,-5.2817,-6.3486,3.5924,2.1015,-5.1433,-5.6762,-6.1979,-7.4201,-5.6441,-3.5,-4.7577
1.5139,-4.7866,-8.7394,2.1867,4.7691,-5.6762,-5.9476,-6.4386,-7.7031,-5.9718,-3.7911,-5.0334
5.0296,-3.9578,-10.921,0.40487,7.5678,-5.9233,-6.1029,-6.5102,-7.946,-6.2467,-4.0189,-5.2258
8.3223,-3.0586,-12.635,-1.3208,9.9821,-5.9649,-6.3037,-6.5566,-8.1974,-6.4785,-4.172,-5.2991
10.581,-2.4011,-13.692,-2.5281,11.529,-5.9333,-6.6464,-6.7134,-8.4821,-6.6829,-4.2488,-5.2309
11.202,-2.2366,-13.995,-2.8712,11.882,-5.9458,-7.1236,-7.0337,-8.7867,-6.8689,-4.2564,-5.0246
9.9782,-2.6771,-13.553,-2.219,10.964,-6.0641,-7.637,-7.4661,-9.0655,-7.0323,-4.2083,-4.7154
7.1462,-3.6682,-12.49,-0.67803,8.9654,-6.2838,-8.059,-7.8897,-9.26,-7.1545,-4.1205,-4.3642
3.3007,-5.0028,-11.01,1.4455,6.2926,-6.5435,-8.3084,-8.1679,-9.3182,-7.2076,-4.0037,-4.0372
-0.79172,-6.3803,-9.3503,3.7259,3.4507,-6.7465,-8.3923,-8.1959,-9.2103,-7.1634,-3.8588,-3.783
-4.414,-7.5007,-7.7006,5.7318,0.90463,-6.7895,-8.3941,-7.9338,-8.9375,-7.0068,-3.6794,-3.6175
-7.0623,-8.1465,-6.1668,7.1388,-1.0479,-6.5845,-8.4263,-7.4252,-8.541,-6.7456,-3.4636,-3.5234
-8.5206,-8.2138,-4.7675,7.7916,-2.3261,-6.0748,-8.581,-6.7958,-8.0936,-6.4122,-3.2206,-3.4615
-8.8337,-7.7004,-3.4737,7.6844,-3.0002,-5.25,-8.9017,-6.2219,-7.6778,-6.0561,-2.9709,-3.3889
-8.1848,-6.6927,-2.2632,6.9192,-3.1754,-4.1653,-9.3821,-5.871,-7.36,-5.7306,-2.7421,-3.2773
-6.8318,-5.3752,-1.1592,5.7106,-2.9729,-2.9512,-9.9807,-5.8286,-7.1734,-5.4811,-2.563,-3.1264
-5.1358,-4.0218,-0.23729,4.3746,-2.5674,-1.7961,-10.637,-6.0487,-7.1148,-5.3331,-2.4578,-2.965
-3.5103,-2.9311,0.39494,3.246,-2.1387,-0.90139,-11.294,-6.3701,-7.1536,-5.2892,-2.4409,-2.8386
-2.3242,-2.3414,0.63484,2.5901,-1.8009,-0.43441,-11.914,-6.6056,-7.2472,-5.3309,-2.5134,-2.7906
-1.8245,-2.3831,0.42125,2.5518,-1.5934,-0.4947,-12.496,-6.6559,-7.3599,-5.4277,-2.6645,-2.8443
-2.0874,-3.0727,-0.24228,3.1377,-1.5093,-1.0959,-13.06,-6.5638,-7.4782,-5.5518,-2.8756,-2.9941
-3.024,-4.3196,-1.2797,4.2385,-1.521,-2.1604,-13.621,-6.4782,-7.6148,-5.6887,-3.1245,-3.2049
-4.4305,-5.936,-2.547,5.6752,-1.5992,-3.5288,-14.168,-6.558,-7.7984,-5.8414,-3.3891,-3.4215
-6.0453,-7.6648,-3.8487,7.2313,-1.7222,-4.9845,-14.659,-6.8889,-8.0579,-6.0251,-3.6487,-3.586
-7.5944,-9.2267,-4.9747,8.6712,-1.8711,-6.2916,-15.037,-7.4574,-8.4034,-6.253,-3.885,-3.6547
-8.8265,-10.378,-5.7476,9.7684,-2.0155,-7.2419,-15.255,-8.1784,-8.8212,-6.5225,-4.0805,-3.6118
-9.5434,-10.955,-6.0641,10.348,-2.1065,-7.6967,-15.3,-8.9424,-9.2792,-6.8102,-4.2201,-3.4723
-9.6243,-10.893,-5.9154,10.317,-2.083,-7.6128,-15.197,-9.6564,-9.7352,-7.0763,-4.2945,-3.2762
-9.0392,-10.239,-5.3839,9.6866,-1.8897,-7.049,-14.988,-10.26,-10.144,-7.2761,-4.3016,-3.0739
-7.853,-9.1535,-4.6225,8.5713,-1.4985,-6.1621,-14.707,-10.727,-10.461,-7.3717,-4.2463,-2.9107
-6.2297,-7.9001,-3.8258,7.1785,-0.92583,-5.1815,-14.351,-11.056,-10.656,-7.3422,-4.1387,-2.8138
-4.4334,-6.7762,-3.1969,5.7641,-0.23368,-4.3527,-13.892,-11.255,-10.716,-7.1902,-3.9921,-2.7866
-2.7943,-6.0052,-2.9094,4.5845,0.48893,-3.8659,-13.294,-11.333,-10.656,-6.9409,-3.8209,-2.8104
-1.6288,-5.6789,-3.0751,3.8432,1.1514,-3.8185,-12.551,-11.306,-10.512,-6.6344,-3.6385,-2.8519
-1.1486,-5.8124,-3.7284,3.6521,1.6838,-4.231,-11.696,-11.197,-10.328,-6.3121,-3.4543,-2.8752
-1.4021,-6.4188,-4.8292,4.0486,2.0547,-5.0774,-10.789,-11.044,-10.14,-6.0039,-3.271,-2.8518
-2.2627,-7.4814,-6.2784,4.9938,2.2819,-6.2876,-9.8996,-10.887,-9.9663,-5.7203,-3.0835,-2.7683
-3.4634,-8.8634,-7.9356,6.3159,2.431,-7.7286,-9.0873,-10.75,-9.8008,-5.4565,-2.8813,-2.6291
-4.6604,-10.292,-9.63,7.7047,2.5957,-9.1961,-8.3975,-10.622,-9.6233,-5.1996,-2.6539,-2.4548
-5.5104,-11.435,-11.166,8.7963,2.8635,-10.437,-7.8535,-10.457,-9.4117,-4.9359,-2.3956,-2.2739
-5.7559,-12.002,-12.329,9.2884,3.2732,-11.203,-7.4466,-10.192,-9.1537,-4.6581,-2.1085,-2.108
-5.2971,-11.823,-12.911,9.0299,3.7825,-11.316,-7.1319,-9.7908,-8.854,-4.371,-1.8017,-1.9602
-4.2392,-10.902,-12.751,8.0596,4.2591,-10.72,-6.8401,-9.272,-8.5354,-4.0928,-1.4902,-1.8131
-2.8947,-9.4142,-11.785,6.6016,4.5067,-9.5053,-6.5042,-8.7245,-8.2342,-3.8503,-1.1921,-1.6407
-1.7103,-7.661,-10.072,5.0132,4.3206,-7.8803,-6.0918,-8.2758,-7.9899,-3.671,-0.92666,-1.4264
-1.112,-5.9855,-7.7873,3.6844,3.5674,-6.1267,-5.6209,-8.0399,-7.8324,-3.5747,-0.71251,-1.1752
-1.3396,-4.6785,-5.2351,2.9158,2.2633,-4.5278,-5.1476,-8.066,-7.7692,-3.5667,-0.56594,-0.91422
-2.3605,-3.896,-2.8075,2.8204,0.60477,-3.3006,-4.7328,-8.3148,-7.7791,-3.6346,-0.49697,-0.68198
-3.8736,-3.6233,-0.90121,3.2875,-1.0685,-2.5496,-4.4071,-8.6666,-7.8183,-3.7495,-0.50495,-0.51236
-5.3803,-3.708,0.16488,4.0265,-2.3536,-2.2661,-4.1533,-8.9616,-7.8375,-3.8724,-0.57632,-0.42041
-6.3186,-3.9404,0.20096,4.671,-2.8688,-2.3723,-3.9134,-9.0598,-7.8017,-3.9631,-0.68639,-0.39546
-6.2217,-4.1294,-0.83017,4.8984,-2.3233,-2.7757,-3.6149,-8.9026,-7.7033,-3.9906,-0.80521,-0.40424
-4.8503,-4.1483,-2.8174,4.5343,-0.6205,-3.392,-3.2063,-8.5429,-7.5622,-3.9421,-0.90566,-0.40385
-2.2984,-3.9625,-5.5095,3.6106,2.0535,-4.1359,-2.6833,-8.1204,-7.4121,-3.825,-0.97042,-0.35929
0.94232,-3.6367,-8.5015,2.358,5.2124,-4.9078,-2.0942,-7.7846,-7.2794,-3.6604,-0.99414,-0.25779
4.0601,-3.3032,-11.245,1.1355,8.1431,-5.591,-1.5229,-7.6113,-7.1657,-3.4693,-0.97964,-0.11311
6.1751,-3.1002,-13.149,0.31507,10.104,-6.0636,-1.059,-7.562,-7.0443,-3.2619,-0.93077,0.042059
6.6495,-3.1147,-13.737,0.16508,10.567,-6.2227,-0.76909,-7.5063,-6.8699,-3.034,-0.84661,0.17307
5.3008,-3.3537,-12.807,0.77135,9.3739,-6.0162,-0.67806,-7.2977,-6.5999,-2.7728,-0.72111,0.25928
2.4513,-3.7451,-10.525,2.0056,6.7859,-5.465,-0.76539,-6.8414,-6.2168,-2.4685,-0.54864,0.29892
-1.1723,-4.16,-7.4057,3.5474,3.4173,-4.6644,-0.97695,-6.1354,-5.7438,-2.1251,-0.33212,0.29912
-4.6715,-4.4517,-4.1608,4.9782,0.060592,-3.7561,-1.2451,-5.272,-5.2432,-1.7662,-0.087476,0.26248
-7.269,-4.4932,-1.4656,5.9218,-2.5694,-2.879,-1.5059,-4.4076,-4.7955,-1.43,0.15911,0.18321
-8.5265,-4.2072,0.25647,6.1621,-4.0568,-2.1226,-1.7068,-3.7103,-4.4695,-1.158,0.37902,0.053868
-8.3973,-3.5891,0.92507,5.6894,-4.3336,-1.5116,-1.8071,-3.2989,-4.2993,-0.98342,0.54694,-0.12771
-7.1451,-2.723,0.74967,4.6788,-3.6098,-1.0268,-1.775,-3.1936,-4.2765,-0.92424,0.64139,-0.35845
-5.2405,-1.7735,0.089474,3.4259,-2.3001,-0.64323,-1.59,-3.3042,-4.3651,-0.98181,0.64456,-0.63393
-3.2663,-0.9457,-0.71241,2.262,-0.90699,-0.36622,-1.2415,-3.469,-4.5192,-1.1432,0.54573,-0.94955
-1.7282,-0.42561,-1.4787,1.4649,0.22475,-0.25206,-0.72322,-3.5365,-4.7047,-1.3856,0.34588,-1.2975
-0.82167,-0.32601,-2.2739,1.1754,1.0822,-0.40001,-0.033188,-3.4501,-4.9113,-1.6821,0.060019,-1.6632
-0.38912,-0.6549,-3.3339,1.3478,1.8875,-0.9088,0.82444,-3.2784,-5.1479,-2.0047,-0.2833,-2.0248
-0.084697,-1.3129,-4.9083,1.7749,2.9045,-1.8124,1.8264,-3.1643,-5.4236,-2.3245,-0.64344,-2.3541
0.43515,-2.1171,-7.0902,2.1837,4.3057,-3.0288,2.9296,-3.2335,-5.7285,-2.6078,-0.96972,-2.6159
1.3585,-2.8429,-9.6622,2.3508,6.0566,-4.341,4.0867,-3.5252,-6.0236,-2.8152,-1.2055,-2.7675
2.5944,-3.277,-12.07,2.1819,7.8432,-5.4244,5.2615,-3.9774,-6.2493,-2.9058,-1.2964,-2.7638
3.7628,-3.2784,-13.581,1.7379,9.1371,-5.9359,6.42,-4.4608,-6.3474,-2.8482,-1.2023,-2.5735
4.3502,-2.8277,-13.541,1.2055,9.4025,-5.6372,7.5042,-4.8393,-6.286,-2.6332,-0.91099,-2.1973
3.9282,-2.0377,-11.619,0.8243,8.3051,-4.4963,8.4168,-5.0236,-6.0733,-2.2784,-0.44432,-1.6778
2.3156,-1.1155,-7.9677,0.80047,5.8234,-2.7145,9.0332,-4.9973,-5.7527,-1.8206,0.1473,-1.0897
-0.35873,-0.29728,-3.2334,1.2458,2.276,-0.66884,9.2338,-4.8019,-5.3869,-1.3064,0.79874,-0.51464
-3.6906,0.22085,1.609,2.1519,-1.7329,1.1997,8.9482,-4.5103,-5.0358,-0.78095,1.443,-0.017794
-7.1168,0.33551,5.551,3.3876,-5.4587,2.5114,8.1898,-4.198,-4.7406,-0.28319,2.0201,0.36282
-10.04,0.062147,7.852,4.7183,-8.2059,3.0496,7.059,-3.9241,-4.5165,0.15423,2.4814,0.61568
-11.918,-0.47115,8.2308,5.8553,-9.5002,2.8094,5.7097,-3.725,-4.3597,0.5049,2.7921,0.74794
-12.371,-1.0604,6.8821,6.5259,-9.1873,1.9763,4.2974,-3.6141,-4.2605,0.74871,2.932,0.77364
-11.247,-1.4801,4.3188,6.5277,-7.3956,0.85117,2.9436,-3.5831,-4.2131,0.87317,2.8961,0.70176
-8.6351,-1.5414,1.157,5.7609,-4.4487,-0.23981,1.7261,-3.6069,-4.2171,0.8758,2.6955,0.52967
-4.8608,-1.1462,-2.0268,4.2623,-0.83282,-1.0281,0.69319,-3.6562,-4.268,0.76584,2.3557,0.24321
-0.45591,-0.32585,-4.7913,2.2365,2.8855,-1.3814,-0.12829,-3.7136,-4.3543,0.56403,1.9117,-0.17172
3.9249,0.76256,-6.8829,0.033374,6.2057,-1.3442,-0.73538,-3.7821,-4.4561,0.30064,1.4042,-0.70981
7.5623,1.8855,-8.2077,-1.9366,8.7409,-1.0756,-1.141,-3.8773,-4.5466,0.012559,0.87772,-1.3332
9.7882,2.807,-8.7483,-3.3055,10.174,-0.72125,-1.3654,-4.0116,-4.5969,-0.26175,0.3784,-1.9779
10.206,3.3547,-8.4737,-3.8354,10.299,-0.3529,-1.4245,-4.1837,-4.5865,-0.49059,-0.054025,-2.5776
8.8425,3.4607,-7.3961,-3.4706,9.1376,-0.0068542,-1.3316,-4.3767,-4.5139,-0.65716,-0.39469,-3.0872
6.1154,3.1712,-5.6989,-2.3426,6.9746,0.28324,-1.1031,-4.5627,-4.3972,-0.76071,-0.63651,-3.4901
2.6647,2.6302,-3.7205,-0.72856,4.2783,0.4976,-0.75908,-4.7092,-4.2624,-0.8082,-0.78457,-3.791
-0.83948,2.0435,-1.8378,1.0258,1.5659,0.64304,-0.31546,-4.7794,-4.1247,-0.80212,-0.84633,-4.0032
-3.8376,1.6346,-0.36071,2.5915,-0.71437,0.75126,0.22561,-4.7306,-3.9769,-0.73313,-0.82465,-4.1377
-5.9573,1.6065,0.53837,3.7213,-2.2663,0.87385,0.88118,-4.5193,-3.7917,-0.58222,-0.71786,-4.2002
-7.0352,2.1142,0.85197,4.2741,-2.978,1.0775,1.6774,-4.1171,-3.537,-0.33196,-0.52619,-4.1932
-7.0849,3.2529,0.71722,4.1897,-2.9046,1.4389,2.6374,-3.5278,-3.194,0.02449,-0.2599,-4.1216
-6.2484,5.0761,0.37258,3.4346,-2.2255,2.051,3.7672,-2.7884,-2.7676,0.47667,0.057788,-3.9954
-4.7758,7.6697,0.11505,1.9584,-1.1962,3.0559,5.0524,-1.954,-2.2843,1.0006,0.39649,-3.8255
-2.9918,11.221,0.25778,-0.32104,-0.079,4.7002,6.4676,-1.0773,-1.7805,1.5695,0.73133,-3.6163
-1.1711,15.921,1.0957,-3.5231,0.9399,7.3566,7.9939,-0.19806,-1.2872,2.1655,1.0539,-3.3593
0.57235,21.663,2.8724,-7.7599,1.7857,11.316,9.6354,0.66687,-0.81891,2.786,1.3759,-3.0333
2.2603,28.008,5.6676,-12.965,2.4664,16.232,11.426,1.5138,-0.36636,3.4425,1.7245,-2.6134
3.9486,34.679,9.1729,-18.711,3.0177,21.357,13.422,2.3465,0.10433,4.1543,2.131,-2.0846
5.6489,41.597,12.699,-24.33,3.4518,26.644,15.694,3.178,0.64839,4.9456,2.6212,-1.4506
7.3006,48.421,15.781,-29.299,3.7213,32.328,18.303,4.0376,1.3343,5.8473,3.2129,-0.72371
8.7799,54.605,18.696,-33.475,3.7096,38.287,21.266,4.9684,2.2311,6.8999,3.9223,0.094738
9.9378,59.874,22.187,-37.012,3.2539,44.234,24.495,6.0171,3.3952,8.1498,4.7707,1.0242
10.647,64.414,26.893,-40.154,2.1974,49.987,27.766,7.2233,4.8603,9.6439,5.7865,2.0964
10.836,68.674,33.002,-43.086,0.44327,55.535,30.806,8.6143,6.6282,11.428,7.0071,3.3457
10.495,73.077,40.26,-45.85,-2.0096,60.968,33.462,10.203,8.679,13.55,8.4805,4.8158
9.6834,77.816,48.113,-48.341,-5.0503,66.285,35.783,11.987,10.969,16.043,10.258,6.5713
8.5079,82.762,55.798,-50.372,-8.4522,71.237,37.932,13.935,13.419,18.885,12.356,8.6812
7.1031,87.524,62.572,-51.767,-11.891,75.436,40.058,15.949,15.892,21.944,14.696,11.148
5.6064,91.655,67.914,-52.438,-15.01,78.63,42.267,17.798,18.189,24.971,17.072,13.825
4.1383,94.879,71.557,-52.438,-17.532,80.817,44.678,19.187,20.112,27.661,19.231,16.431
2.7946,97.196,73.572,-51.96,-19.35,82.222,47.53,20.045,21.558,29.755,21.002,18.712
1.6535,98.847,74.367,-51.274,-20.547,83.328,51.21,20.714,22.558,31.128,22.361,20.563
0.79423,100.25,74.716,-50.678,-21.325,84.827,55.985,21.668,23.2,31.825,23.411,22.037
0.3044,101.87,75.807,-50.481,-21.915,87.344,61.405,23.077,23.534,32.037,24.293,23.264
0.26296,104.08,78.855,-50.952,-22.549,91.027,65.901,24.649,23.538,31.993,25.109,24.368
0.71379,106.85,84.061,-52.187,-23.406,95.343,67.269,25.685,23.161,31.852,25.889,25.425
1.6603,109.81,90.136,-53.994,-24.497,99.401,63.732,25.334,22.371,31.649,26.598,26.455
3.0691,112.47,95.207,-55.975,-25.563,102.47,54.682,23.047,21.179,31.317,27.158,27.449
4.8196,114.42,97.986,-57.732,-26.146,104.21,40.854,18.871,19.623,30.725,27.467,28.37
6.6391,115.41,98.185,-58.943,-25.82,104.54,24.232,13.39,17.757,29.722,27.422,29.145
8.2488,115.37,96.142,-59.38,-24.397,103.61,7.5674,7.4289,15.623,28.189,26.962,29.662
9.6719,114.46,92.32,-59.05,-21.939,101.7,-6.856,1.7047,13.239,26.137,26.117,29.817
11.271,112.9,87.105,-58.306,-18.65,99.117,-17.997,-3.375,10.616,23.787,25.011,29.583
13.477,110.89,80.801,-57.784,-14.787,96.025,-25.754,-7.6374,7.8124,21.474,23.82,29.035
16.511,108.59,73.822,-58.14,-10.65,92.473,-30.474,-10.966,4.9901,19.397,22.68,28.318
20.234,106.31,66.839,-59.657,-6.5931,88.647,-32.676,-13.343,2.3596,17.496,21.599,27.574
24.13,104.37,60.516,-61.983,-2.9957,84.899,-32.926,-15.049,0.080626,15.579,20.434,26.826
27.41,102.62,55.191,-64.288,-0.18071,81.45,-31.961,-16.596,-1.8067,13.524,18.985,25.925
29.253,100.49,50.762,-65.675,1.6803,78.221,-31.002,-18.305,-3.368,11.365,17.152,24.633
29.158,97.472,46.648,-65.517,2.6314,74.918,-30.784,-20.058,-4.7134,9.2334,15.023,22.806
27.236,93.273,42.051,-63.567,2.8999,71.168,-30.922,-21.552,-5.9471,7.2431,12.802,20.5
24.166,87.924,36.692,-59.944,2.7961,66.686,-30.872,-22.607,-7.1421,5.4358,10.665,17.937
20.8,81.756,31.316,-55.1,2.6119,61.52,-30.378,-23.217,-8.3286,3.8088,8.7012,15.365
17.758,75.26,26.789,-49.729,2.5472,56.057,-29.406,-23.468,-9.4921,2.352,6.9454,12.96
15.345,68.888,23.164,-44.545,2.6749,50.74,-28.017,-23.475,-10.584,1.0596,5.4098,10.797
13.575,62.928,20.112,-40.034,2.9451,45.872,-26.283,-23.343,-11.551,-0.07817,4.0863,8.8554
12.064,57.441,17.466,-36.284,3.2223,41.579,-24.271,-23.157,-12.366,-1.0842,2.9414,7.0498
10.171,52.263,15.238,-32.989,3.3415,37.811,-22.057,-22.993,-13.065,-1.993,1.9318,5.2669
7.685,47.129,13.426,-29.694,3.173,34.385,-19.74,-22.933,-13.75,-2.8436,1.0312,3.4444
5.0637,41.828,11.904,-25.964,2.677,31.04,-17.444,-23.077,-14.571,-3.6851,0.22854,1.6408
2.78,36.281,10.47,-21.34,1.9256,27.459,-15.292,-23.513,-15.674,-4.5921,-0.51224,0.009499
0.94027,30.504,9.0063,-15.701,1.0806,23.409,-13.376,-24.269,-17.135,-5.6671,-1.282,-1.3352
-0.4296,24.705,7.5853,-10.142,0.337,19.098,-11.739,-25.273,-18.905,-7.0011,-2.2074,-2.4129
-1.2433,19.508,6.3455,-6.0561,-0.13569,15.225,-10.384,-26.355,-20.817,-8.6124,-3.3977,-3.3361
-1.4371,15.465,5.3089,-3.6533,-0.23448,12.306,-9.2951,-27.303,-22.66,-10.43,-4.9038,-4.2176
-1.045,12.537,4.3947,-2.4434,0.055198,10.29,-8.4441,-27.94,-24.276,-12.353,-6.7145,-5.1204
-0.21609,10.349,3.5186,-1.9309,0.65478,8.8458,-7.7965,-28.18,-25.619,-14.33,-8.7792,-6.0612
0.80577,8.5446,2.6365,-1.7591,1.4074,7.6457,-7.3202,-28.062,-26.77,-16.381,-11.027,-7.0311
1.7183,6.9159,1.75,-1.6614,2.1124,6.4834,-6.9903,-27.737,-27.903,-18.574,-13.377,-8.0108
2.2113,5.3848,0.91727,-1.4156,2.5688,5.2969,-6.7894,-27.414,-29.211,-20.975,-15.739,-8.974
2.0385,3.916,0.25407,-0.85697,2.6134,4.1266,-6.7064,-27.275,-30.82,-23.579,-18.012,-9.8846
1.088,2.473,-0.10452,0.08772,2.1477,3.0428,-6.7354,-27.412,-32.718,-26.267,-20.071,-10.699
-0.59482,1.0325,-0.066163,1.3933,1.1525,2.0939,-6.8747,-27.814,-34.746,-28.821,-21.784,-11.374
-2.8222,-0.39282,0.37681,2.9486,-0.30381,1.2916,-7.1265,-28.398,-36.65,-31.016,-23.038,-11.885
-5.2971,-1.75,1.1498,4.5741,-2.0661,0.62747,-7.4944,-29.039,-38.189,-32.719,-23.79,-12.233
-7.6674,-2.9434,2.1389,6.0517,-3.9168,0.11815,-7.9745,-29.586,-39.214,-33.911,-24.081,-12.451
-9.5941,-3.8282,3.2471,7.1646,-5.6283,-0.1585,-8.5365,-29.89,-39.694,-34.653,-24.024,-12.591
-10.817,-4.2398,4.423,7.7384,-7.0206,-0.09341,-9.1099,-29.833,-39.676,-35.017,-23.776,-12.71
-11.2,-4.0778,5.6413,7.6822,-7.9981,0.36892,-9.5891,-29.348,-39.234,-35.047,-23.492,-12.857
-10.76,-3.3782,6.8556,7.0208,-8.5545,1.1681,-9.8562,-28.409,-38.416,-34.747,-23.291,-13.064
-9.656,-2.3169,7.9621,5.9031,-8.7536,2.1321,-9.8078,-27.021,-37.222,-34.097,-23.239,-13.353
-8.1577,-1.1524,8.7927,4.5809,-8.6914,3.0271,-9.3718,-25.235,-35.606,-33.091,-23.369,-13.747
-6.5939,-0.15465,9.1485,3.3674,-8.4519,3.6254,-8.5096,-23.173,-33.515,-31.777,-23.731,-14.293
-5.3179,0.44865,8.8829,2.5848,-8.0917,3.7689,-7.2112,-21.039,-30.932,-30.277,-24.447,-15.107
-4.6657,0.50709,8.0038,2.5003,-7.6794,3.4115,-5.5299,-19.206,-27.901,-28.761,-25.769,-16.457
-4.8661,-0.028398,6.7167,3.249,-7.3573,2.6204,-3.8963,-18.841,-24.552,-27.384,-28.033,-18.843
-6.0157,-1.1035,5.3585,4.787,-7.3436,1.5341,-4.5476,-24.353,-21.185,-26.227,-31.357,-22.631
-8.1797,-2.5895,4.2609,6.9334,-7.856,0.30352,-7.9323,-37.511,-18.583,-25.267,-34.899,-26.574
-11.483,-4.3317,3.6507,9.4607,-9.0244,-0.9582,-1.8294,-31.797,-19.483,-24.337,-36.776,-30.172
-16.073,-6.1945,3.6683,12.114,-10.844,-2.198,9.8419,-15.979,-28.119,-23.038,-38.163,-33.931
-21.773,-8.0952,4.521,14.559,-13.182,-3.3967,22.826,1.6578,-26.771,-20.677,-40.633,-37.906
-27.564,-10.027,6.6533,16.397,-15.863,-4.438,35.566,19.502,-18.742,-16.694,-44.142,-42.356
-31.87,-12.11,9.843,17.466,-18.596,-4.8035,47.785,37.695,-10.41,-13.637,-48.307,-47.904
-33.761,-15.731,10.197,18.933,-20.708,-5.2968,60.766,58.567,-1.349,-34.994,-54.07,-56.027
-35.285,-33.558,6.5309,29.311,-21.645,-13.472,76.839,86.259,10.79,-35.578,-62.959,-69.284
-48.549,-45.3,2.8893,51.204,-21.857,-20.565,98.786,124.95,29.62,-33.17,-77.118,-89.604
-56.101,-49.1,2.9386,53.909,-23.404,-22.447,130.11,177.59,58.754,-30.418,-99.256,-120.04
-58.763,-47.762,8.8626,54.458,-27.819,-18.68,173.52,245.55,100.41,-27.483,-131.21,-162.12
-63.503,-40.247,21.598,53.489,-36.049,-7.8806,227.25,327.85,155.17,-23.231,-171.35,-213.54
-69.881,-26.382,40.986,50.272,-48.934,9.5648,285.69,421.65,222.66,-14.59,-213.74,-268.1
-74.668,-5.8232,64.786,42.071,-64.021,31.589,341.25,520.53,301.16,4.1821,-248.13,-315.91
-72.617,22.409,88.502,25.457,-76.173,56.371,385.97,618.58,391.28,41.826,-260.7,-344.56
-58.2,59.819,107.4,-2.5123,-80.39,83.15,413.12,715.1,499.31,109.7,-235.86,-340.8
-26.858,108.26,119.42,-44.084,-73.333,112.35,418.19,810.94,631.73,219.6,-158.74,-292.07
23.91,169.66,125.52,-100.61,-52.855,145.72,398.49,901.95,789.02,378.65,-18.297,-188.04
94.077,244.91,126.85,-172.08,-19.098,185.34,351.93,974.63,961.32,584.97,189.84,-22.356
181.02,332.96,126.83,-256.97,24.637,231.98,276.22,1005.7,1126.1,826.76,461.33,205.18
278.17,430.85,130.81,-351.64,72.362,285.05,169.59,966.97,1250.1,1082.6,781.55,486.38
374.45,533.2,143.1,-448.86,115.95,343.65,33.504,834.57,1297.2,1323.4,1124.9,803.12
457.06,630.77,164.89,-538.13,147.63,404.15,-124.78,598.42,1238.9,1516.8,1456.6,1127.5
515.48,711.16,192.91,-608.05,163.34,458.68,-292.08,269.33,1063.6,1632.7,1737,1424.8
544.28,762.06,219.86,-649.45,164.49,496.98,-451.34,-120.4,781.69,1648.6,1928.7,1659.8
544.64,774.48,234.94,-657.97,157.03,508.7,-585.66,-524.32,422.09,1553.5,2003.8,1803.7
523.75,745.07,227.24,-635.01,149.31,487.1,-683.14,-894.83,23.546,1348.7,1949.6,1840.8
491.67,677.78,191.41,-586.97,148.98,432.49,-740.28,-1196.6,-374.14,1047.8,1770.5,1771.3
456.85,583.59,131.87,-522.91,159.35,353.42,-762.38,-1414.8,-740.36,674.33,1486.8,1610
422.5,476.93,61.114,-451.53,177.43,263.81,-760.79,-1554.5,-1059.6,258.41,1129.1,1380.7
386.46,370.52,-6.5905,-378.78,194.38,177.66,-748.71,-1633.1,-1326.7,-166.39,733.31,1110.8
344.75,272.37,-60.456,-307.05,201.1,104.2,-737.25,-1670.6,-1539.2,-565.91,335.63,825.88
295.03,184.89,-97.488,-236.59,196.15,45.069,-732.79,-1681.5,-1694.6,-908.88,-31.097,547.36
238.46,105.26,-122.61,-167.31,183.37,-4.9719,-736.52,-1672.2,-1790,-1171.3,-340.67,291.89
179.38,28.083,-144.13,-99.248,166.21,-53.508,-746.08,-1643.1,-1825,-1340.6,-576.55,71.412
120.7,-49.936,-167.77,-32.75,147.87,-104.68,-757.59,-1591.9,-1803.7,-1418,-733.4,-106.29
65.402,-126.06,-192.46,29.924,130.34,-155.88,-767.13,-1517.6,-1734.7,-1416.5,-816.16,-237.27
18.23,-191.61,-211.86,83.928,113.45,-199.17,-771.43,-1424.2,-1629.1,-1356,-836.86,-321.43
-17.853,-236.64,-219.36,123.86,96.406,-226.18,-767.2,-1318.1,-1498.7,-1257.5,-810.86,-362.57
-41.934,-255.49,-210.69,146.55,79.439,-232.61,-751.42,-1202.9,-1353.6,-1138.8,-753.69,-368.25
-54.299,-249.43,-186.57,152.04,63.85,-219.74,-722.17,-1079.6,-1202.3,-1012.7,-679.17,-348.93
-56.252,-225.14,-157.71,142.85,51.412,-193.26,-678.71,-948.88,-1050.3,-887.15,-598.52,-316.03
-50.337,-191.81,-131.78,123.83,43.556,-162.43,-621.61,-814.01,-902,-766.06,-519.94,-279.53
-39.733,-158.19,-110.42,101.29,40.188,-135.1,-553.25,-680.01,-761.52,-652.91,-448.16,-245.97
-27.831,-130.17,-94.008,80.897,37.834,-113.84,-477.81,-552.33,-630.68,-551.11,-384.34,-217.58
-14.62,-109.6,-81.485,65.25,34.366,-97.87,-400.35,-435.83,-511.2,-459.98,-330.23,-193.82
-6.0952,-94.582,-70.958,53.721,31.253,-85.049,-325.54,-334.01,-405.43,-377.74,-282.29,-172.34
-1.4369,-81.793,-61.568,44.298,28.83,-73.906,-256.87,-247.87,-315.1,-305.5,-235.98,-147.42
1.9638,-70.401,-54.4,36.618,26.191,-64.432,-196.6,-176.29,-239.98,-243.29,-192.95,-120.17
4.4068,-60.749,-49.933,30.692,21.89,-56.923,-146.14,-116.99,-178.13,-190.75,-154.06,-95.444
5.848,-52.401,-47.116,25.69,17.013,-51.513,-105.97,-68.094,-127.14,-147.39,-120.56,-73.513
6.3365,-45.753,-45.834,21.501,13.756,-48.162,-75.851,-29.1,-84.682,-112.6,-93.949,-56.312
6.0436,-41.886,-44.808,18.101,11.889,-45.698,-55.34,0.49701,-49.656,-85.619,-75.124,-45.697
5.1625,-39.809,-41.363,12.852,10.594,-43.377,-42.686,21.804,-22.477,-65.291,-63.489,-41.325
3.8727,-36.497,-36.133,8.6897,9.3629,-40.293,-35.751,36.326,-2.7459,-50.126,-56.909,-41.168
2.363,-32.089,-30.136,7.3868,7.9416,-36.707,-32.551,45.786,11.253,-38.5,-52.791,-42.744
0.83148,-28.031,-23.963,7.2366,6.2686,-33.112,-31.089,52.072,21.312,-29.107,-49.13,-43.891
-0.55431,-24.558,-18.279,7.3356,4.4348,-29.517,-30.167,54.214,28.778,-21.252,-44.871,-43.035
-1.6992,-21.606,-13.548,7.3475,2.5987,-26.005,-29.476,47.035,33.095,-14.67,-39.819,-38.994
-2.5975,-19.182,-9.8866,7.1886,0.919,-22.873,-24.393,45.504,28.248,-9.4969,-34.252,-33.065
-3.3161,-17.369,-7.3356,6.954,-0.4709,-20.435,-17.049,52.726,24.41,-5.7994,-29.061,-28.438
-3.9543,-16.296,-5.9649,6.876,-1.4725,-18.896,-11.514,65.541,26.855,-2.6216,-24.833,-25.584
-4.6002,-16.029,-5.7841,7.1896,-2.0336,-18.301,-7.6422,80.093,31.857,-0.45568,-21.136,-24.005
-5.295,-16.462,-6.6488,7.9657,-2.1641,-18.52,-4.7089,92.537,38.025,1.3027,-18.057,-23.286
-6.0075,-17.287,-8.2337,9.0595,-1.9418,-19.252,-2.2371,101.63,44.958,3.0178,-15.608,-23.065
-6.6185,-18.081,-10.069,10.172,-1.4904,-20.07,0.035254,108.05,52.203,4.7464,-13.598,-22.995
-6.9303,-18.432,-11.63,10.939,-0.9382,-20.528,2.2046,112.77,59.092,6.4834,-11.834,-22.775
-6.7141,-18.013,-12.462,11.022,-0.37849,-20.274,4.2819,116.56,65.115,8.2155,-10.219,-22.214
-5.7811,-16.644,-12.311,10.199,0.15229,-19.123,6.292,119.93,70.21,9.933,-8.7501,-21.315
-4.0379,-14.333,-11.199,8.4169,0.67631,-17.096,8.2755,123.21,74.692,11.638,-7.4686,-20.243
-1.5118,-11.31,-9.4282,5.8216,1.2567,-14.439,10.227,126.57,79.004,13.356,-6.4102,-19.194
1.6254,-7.9988,-7.4892,2.7646,1.9616,-11.579,12.076,130.06,83.484,15.139,-5.5796,-18.298
5.0078,-4.9312,-5.9088,-0.2482,2.8153,-9.021,13.735,133.63,88.175,17.062,-4.9463,-17.592
8.0607,-2.603,-5.0668,-2.674,3.7511,-7.1961,15.162,137.15,92.807,19.2,-4.4518,-17.033
10.124,-1.3256,-5.0573,-4.0781,4.5878,-6.326,16.376,140.49,96.99,21.6,-4.0215,-16.521
10.687,-1.1506,-5.6657,-4.2486,5.0558,-6.3497,17.423,143.49,100.5,24.253,-3.5813,-15.939
9.5767,-1.9037,-6.4603,-3.2351,4.8796,-6.9701,18.339,146.12,103.34,27.081,-3.0721,-15.194
7.0048,-3.2748,-6.9536,-1.3155,3.887,-7.807,19.152,148.41,105.72,29.953,-2.4577,-14.262
3.475,-4.8895,-6.7787,1.0661,2.0985,-8.5376,19.895,150.51,107.86,32.74,-1.7289,-13.181
-0.3532,-6.3765,-5.8262,3.399,-0.24113,-8.9493,20.612,152.59,110.02,35.361,-0.90281,-12.03
-3.815,-7.4609,-4.288,5.2577,-2.7131,-8.9638,21.342,154.82,112.43,37.822,-0.015838,-10.89
-6.3861,-8.0371,-2.5818,6.42,-4.8396,-8.6612,22.095,157.33,115.22,40.204,0.88969,-9.8374
-7.7731,-8.1716,-1.1998,6.8689,-6.2173,-8.2508,22.831,160.15,118.4,42.632,1.7801,-8.9333
-7.921,-8.0389,-0.54895,6.7121,-6.6203,-7.9801,23.477,163.2,121.85,45.219,2.6413,-8.2153
-6.9851,-7.8441,-0.83201,6.1217,-6.0453,-8.0458,23.967,166.29,125.4,48.031,3.4854,-7.6836
-5.3079,-7.769,-1.9997,5.328,-4.7001,-8.5317,24.294,169.22,128.86,51.059,4.3517,-7.2953
-3.3612,-7.923,-3.7832,4.5894,-2.9451,-9.3798,24.503,171.9,132.18,54.2,5.2999,-6.9754
-1.6086,-8.2998,-5.7858,4.1104,-1.1896,-10.402,24.662,174.36,135.37,57.275,6.3892,-6.6429
-0.34292,-8.7713,-7.5966,3.9632,0.2337,-11.348,24.835,176.84,138.5,60.087,7.644,-6.2401
0.38711,-9.1392,-8.8904,4.0598,1.1562,-11.994,25.071,179.58,141.59,62.497,9.0252,-5.7506
0.73188,-9.2143,-9.4919,4.1945,1.5814,-12.208,25.4,182.76,144.61,64.47,10.438,-5.2013
0.93202,-8.8765,-9.3889,4.1406,1.6267,-11.954,25.839,186.41,147.5,66.06,11.777,-4.6498
1.2022,-8.1007,-8.6918,3.7518,1.4456,-11.277,26.384,190.36,150.19,67.37,12.967,-4.162
1.6294,-6.9651,-7.5624,3.0235,1.1576,-10.285,27.024,194.36,152.65,68.517,13.991,-3.7848
2.1255,-5.6418,-6.1618,2.099,0.79477,-9.1242,27.732,198.16,154.86,69.611,14.888,-3.5244
2.4896,-4.3626,-4.6356,1.222,0.30536,-7.96,28.48,201.59,156.86,70.74,15.742,-3.3403
2.5365,-3.3638,-3.1246,0.64908,-0.38218,-6.9421,29.245,204.61,158.7,71.965,16.656,-3.1618
2.1738,-2.8252,-1.785,0.55661,-1.2807,-6.1948,30.019,207.33,160.5,73.317,17.722,-2.9169
1.4027,-2.8205,-0.79605,0.9834,-2.2924,-5.8134,30.814,209.93,162.39,74.787,18.981,-2.5589
0.34132,-3.2911,-0.33648,1.8174,-3.2011,-5.8492,31.645,212.64,164.48,76.329,20.395,-2.0758
-0.69259,-4.054,-0.53907,2.8115,-3.7176,-6.2803,32.532,215.64,166.86,77.888,21.863,-1.4877
-1.1971,-4.844,-1.4436,3.6237,-3.5714,-6.9973,33.484,219.06,169.58,79.434,23.263,-0.83897
-0.67293,-5.3764,-2.9674,3.8979,-2.609,-7.8188,34.492,222.9,172.7,81.005,24.525,-0.18591
1.1668,-5.4215,-4.9045,3.3793,-0.8601,-8.535,35.521,227.12,176.22,82.714,25.667,0.43566
4.2696,-4.8765,-6.9561,2.0132,1.4479,-8.9669,36.497,231.61,180.14,84.73,26.787,1.0516
8.1914,-3.8076,-8.7899,-0.016072,3.9263,-9.021,37.323,236.29,184.44,87.22,28.034,1.7612
12.181,-2.4376,-10.116,-2.3369,6.1072,-8.7179,37.905,241.08,189.1,90.283,29.57,2.7
15.47,-1.0749,-10.76,-4.5359,7.5627,-8.1882,38.196,245.97,194.06,93.893,31.535,3.9846
17.648,-0.014032,-10.703,-6.3425,8.0263,-7.6311,38.212,251.02,199.3,97.893,34.028,5.678
18.819,0.55505,-10.065,-7.7395,7.4697,-7.2378,37.998,256.35,204.75,102.06,37.074,7.7854
19.304,0.60252,-9.0489,-8.8795,6.1077,-7.1089,37.612,262.06,210.28,106.17,40.557,10.257
19.247,0.27174,-7.8878,-9.8557,4.3391,-7.2114,37.129,268.19,215.79,110.11,44.178,12.972
18.949,-0.15441,-6.8003,-10.7,2.6444,-7.3959,36.649,274.64,221.2,113.83,47.565,15.739
19.205,-0.33617,-5.9578,-11.681,1.4541,-7.463,36.275,281.24,226.49,117.39,50.494,18.354
20.672,0.01211,-5.4614,-13.337,1.0442,-7.2458,36.087,287.8,231.74,120.91,52.996,20.721
23.496,1.0259,-5.3401,-16.129,1.5237,-6.6753,36.118,294.25,237.05,124.55,55.297,22.899
27.632,2.6454,-5.57,-20.085,2.852,-5.8064,36.327,300.64,242.48,128.44,57.693,25.029
32.825,4.6375,-6.0983,-24.74,4.8201,-4.7993,36.607,307.18,247.99,132.6,60.429,27.233
38.326,6.6814,-6.8529,-29.382,7.073,-3.8652,36.817,314.12,253.44,136.96,63.6,29.554
43.159,8.4894,-7.7394,-33.378,9.2085,-3.1958,36.839,321.66,258.71,141.39,67.108,31.982
46.657,9.8964,-8.6407,-36.347,10.895,-2.9006,36.623,329.84,263.84,145.73,70.732,34.496
48.671,10.877,-9.4285,-38.223,11.954,-2.9755,36.194,338.52,269.01,149.92,74.253,37.07
49.46,11.525,-9.9844,-39.245,12.399,-3.3117,35.643,347.42,274.59,153.97,77.554,39.673
49.592,12.038,-10.223,-39.844,12.436,-3.7372,35.087,356.24,280.92,158.06,80.661,42.3
49.785,12.672,-10.106,-40.464,12.431,-4.0696,34.635,364.77,288.27,162.4,83.735,45.014
50.559,13.656,-9.6464,-41.38,12.853,-4.1648,34.347,372.94,296.65,167.21,87.021,47.945
51.968,15.08,-8.9089,-42.637,14.135,-3.9568,34.217,380.81,305.77,172.58,90.771,51.231
53.717,16.845,-8.0107,-44.134,16.369,-3.4789,34.177,388.56,315.18,178.4,95.159,54.958
55.569,18.744,-7.1095,-45.731,19.078,-2.8471,34.118,396.44,324.5,184.42,100.19,59.117
57.498,20.617,-6.3842,-47.264,21.598,-2.2122,33.934,404.78,333.56,190.4,105.68,63.6
59.466,22.465,-6.0182,-48.588,23.625,-1.7145,33.566,413.78,342.42,196.21,111.3,68.218
61.377,24.43,-6.1841,-49.669,25.235,-1.4566,33.042,423.53,351.23,201.86,116.73,72.767
63.267,26.724,-7.0138,-50.657,26.686,-1.488,32.467,433.98,360.22,207.39,121.76,77.106
65.381,29.525,-8.5426,-51.817,28.327,-1.7908,31.956,445,369.55,212.84,126.33,81.222
68.041,32.87,-10.658,-53.387,30.512,-2.2685,31.567,456.43,379.24,218.25,130.59,85.23
71.359,36.637,-13.072,-55.467,33.355,-2.7518,31.26,468.09,389.07,223.67,134.9,89.303
75.117,40.686,-15.338,-58.051,36.547,-3.0298,30.934,479.77,398.57,229.16,139.63,93.596
78.937,44.962,-16.925,-61.12,39.519,-2.8898,30.47,491.25,407.31,234.72,145.02,98.193
82.476,49.492,-17.387,-64.655,41.759,-2.1539,29.774,502.31,415.14,240.22,150.95,103.08
85.533,54.285,-16.52,-68.56,42.991,-0.70278,28.795,512.77,422.29,245.53,157.06,108.14
88.117,59.244,-14.451,-72.651,43.245,1.5068,27.528,522.49,429.21,250.61,163.01,113.22
90.462,64.14,-11.606,-76.763,42.875,4.4197,26.001,531.32,436.32,255.48,168.6,118.2
92.952,68.737,-8.583,-80.883,42.482,7.8253,24.243,539.2,443.77,260.24,173.83,123.13
96.032,72.985,-5.9696,-85.184,42.728,11.331,22.271,546.17,451.28,264.92,178.75,128.21
100.1,77.043,-4.1535,-89.873,44.078,14.513,20.08,552.24,458.33,269.54,183.5,133.63
105.23,81.122,-3.2312,-94.963,46.56,17.098,17.66,557.45,464.55,274.08,188.25,139.53
111.01,85.355,-3.0588,-100.22,49.72,19.014,15.02,561.97,469.93,278.47,193.21,145.96
116.8,89.793,-3.3783,-105.39,52.999,20.458,12.207,566.07,474.67,282.67,198.53,152.83
122.22,94.409,-3.9411,-110.35,56.112,21.942,9.3177,570.07,479.08,286.66,204.29,160.02
127.34,99.089,-4.6015,-115.17,59.064,24.087,6.4576,574.25,483.38,290.48,210.43,167.33
132.45,103.68,-5.3906,-119.99,62.061,27.263,3.7023,578.66,487.72,294.16,216.83,174.59
137.79,108.14,-6.4931,-124.87,65.427,31.293,1.0731,583.08,492.06,297.7,223.34,181.66
143.47,112.62,-8.1126,-129.74,69.387,35.446,-1.4633,587.09,496.19,301.04,229.8,188.42
149.4,117.13,-10.353,-134.48,73.858,38.864,-4.0005,590.25,499.8,304.11,236.05,194.8
155.33,121.33,-13.107,-139.04,78.382,41.134,-6.7057,592.37,502.69,306.82,241.92,200.83
160.86,124.96,-15.96,-143.41,82.269,42.514,-9.8185,593.57,504.73,309.12,247.33,206.65
165.46,128.26,-18.232,-147.51,84.928,43.651,-13.627,594.03,505.88,311.02,252.35,212.51
168.74,131.75,-19.173,-151.28,86.139,45.223,-18.407,593.62,505.95,312.48,257.12,218.69
170.66,135.86,-18.251,-154.73,86.013,47.733,-24.284,591.76,504.65,313.48,261.87,225.39
171.64,140.79,-15.397,-157.98,84.855,51.38,-30.97,587.84,501.67,314.01,266.74,232.72
172.31,146.38,-11.082,-161.17,83.116,55.985,-37.778,581.68,496.86,314.07,271.78,240.57
173.16,152.22,-6.2036,-164.38,81.314,61.016,-44.276,573.31,490.32,313.72,276.87,248.59
174.46,157.73,-1.813,-167.59,79.901,65.736,-50.679,562.66,482.17,313,281.83,256.3
176.16,162.47,1.2387,-170.72,79.149,69.508,-57.466,549.57,472.46,311.99,286.52,263.4
178.09,166.26,2.6008,-173.65,79.113,72.111,-64.959,533.86,461.12,310.75,290.9,269.9
179.99,169.21,2.4462,-176.29,79.668,73.74,-73.157,515.46,448.23,309.34,295.03,276.08
181.66,171.61,1.2938,-178.62,80.586,74.789,-81.738,494.75,434.15,307.78,298.97,282.27
182.97,173.74,-0.19013,-180.67,81.606,75.637,-90.238,472.51,419.51,306.07,302.79,288.77
183.92,175.71,-1.392,-182.44,82.47,76.458,-98.286,449.69,404.92,304.21,306.5,295.7
184.61,177.41,-1.9698,-183.96,82.963,77.208,-105.74,427.02,390.83,302.2,310.04,302.97
185.23,178.62,-1.9655,-185.23,83.029,77.772,-112.67,404.89,377.39,300.02,313.37,310.32
186,179.15,-1.7155,-186.23,82.853,78.001,-119.19,383.25,364.52,297.69,316.43,317.33
187.08,178.97,-1.6668,-186.88,82.754,77.757,-125.36,361.67,351.95,295.24,319.24,323.62
188.35,178.12,-2.1861,-186.99,83.016,77,-131.02,339.49,339.31,292.68,321.89,328.96
189.2,176.61,-3.4098,-186.22,83.749,75.785,-135.7,316.19,326.24,290.07,324.59,333.17
188.88,174.38,-5.2027,-184.29,84.762,74.237,-138.81,291.65,312.53,287.46,327.55,335.9
187.15,171.41,-7.1956,-181.21,85.53,72.55,-140.02,266.28,298.18,284.91,330.63,336.79
184.16,167.81,-8.8583,-177.26,85.428,70.97,-139.53,241.04,283.51,282.4,333,335.94
179.94,163.87,-9.6174,-172.73,83.981,69.717,-137.85,217.09,268.99,279.61,333.78,333.76
174.4,159.87,-9.0268,-167.78,80.892,68.891,-135.42,195.35,255.09,276,332.47,330.48
167.58,155.92,-6.9379,-162.46,76.077,68.435,-132.5,176.15,242.05,271.01,328.76,325.87
159.67,151.95,-3.5842,-156.73,69.728,68.156,-129.26,159.24,229.81,264.38,322.55,319.53
150.94,147.71,0.49939,-150.47,62.334,67.784,-125.78,144.04,218.1,256.35,314,311.11
141.56,142.94,4.7001,-143.59,54.523,67.06,-122.2,129.91,206.55,247.49,303.47,300.44
131.76,137.36,8.5338,-136,46.819,65.846,-118.62,116.26,194.8,238.24,291.46,287.57
121.95,130.88,11.731,-127.89,39.607,64.174,-115.1,102.73,182.55,228.6,278.42,272.92
112.67,123.93,14.237,-119.74,33.34,62.182,-111.66,89.337,169.61,218.17,264.61,257.26
104.43,117.41,16.172,-112.32,28.456,60.016,-108.23,76.391,155.98,206.48,250.13,241.51
97.581,111.91,17.751,-106.16,24.969,57.794,-104.7,64.144,141.84,193.35,235.02,226.26
91.947,107.34,19.13,-101.16,22.279,55.599,-100.92,52.613,127.55,178.99,219.41,211.73
86.793,103.23,20.279,-96.613,19.008,53.447,-96.772,41.77,113.65,163.9,203.53,197.76
81.286,99.027,21.011,-91.713,14.107,51.244,-92.236,31.713,100.65,148.8,187.63,184.07
75.081,94.253,21.137,-85.941,9.7573,48.781,-87.41,22.719,88.87,134.49,172.01,170.41
68.206,88.606,20.625,-79.015,7.6517,45.852,-82.486,15.17,78.343,121.56,157,156.72
60.858,82.112,19.668,-71.071,6.6461,42.402,-77.668,9.2526,68.809,110.14,142.97,143.22
53.396,75.134,18.661,-62.858,5.6405,38.598,-73.063,4.7537,59.772,99.889,130.13,130.34
46.154,68.199,18.049,-55.25,4.2128,34.787,-68.616,1.2541,50.617,90.269,118.53,118.59
39.356,61.77,18.151,-48.685,2.3115,31.356,-64.184,-1.6053,41.046,80.866,108.1,108.36
33.136,56.131,19.049,-43.282,0.059871,28.546,-59.686,-4.0552,31.698,71.561,98.634,99.699
27.494,51.331,20.588,-39.007,-2.3372,26.325,-55.217,-6.2549,23.583,62.609,89.758,92.25
22.254,47.127,22.424,-35.675,-4.6476,24.404,-51.009,-8.352,16.893,54.493,81.085,85.456
17.073,43.056,24.125,-32.952,-6.6527,22.388,-47.295,-10.493,11.295,47.403,72.51,78.782
11.67,38.616,25.281,-30.375,-8.1769,20.022,-44.181,-12.785,6.5821,40.847,64.26,71.883
6.5695,33.494,25.607,-27.324,-9.1068,17.363,-41.626,-15.242,2.6735,34.171,56.653,64.653
3.1186,27.855,25.022,-22.989,-9.4093,14.691,-39.493,-17.755,-0.53626,27.403,49.871,57.287
1.6991,22.518,23.675,-17.262,-9.1557,12.256,-37.587,-20.14,-3.2088,21.093,43.82,50.329
1.5172,18.337,21.923,-11.844,-8.5339,10.207,-35.711,-22.234,-5.5158,15.583,38.181,44.284
1.8108,15.514,20.199,-8.1578,-7.8148,8.632,-33.721,-23.983,-7.5953,10.937,32.715,39.292
2.1708,13.763,18.822,-5.957,-7.2708,7.5606,-31.583,-25.441,-9.5324,7.1314,27.401,35.225
2.3985,12.624,17.854,-4.5427,-7.0844,6.8944,-29.384,-26.72,-11.358,4.1061,22.309,31.85
2.391,11.584,17.172,-3.4258,-7.2881,6.3701,-27.287,-27.918,-13.057,1.7591,17.535,28.914
2.0882,10.249,16.709,-2.3687,-7.7931,5.6907,-25.445,-29.064,-14.582,-0.032418,13.232,26.207
1.4633,8.5636,16.535,-1.344,-8.5083,4.7662,-23.938,-30.106,-15.872,-1.3814,9.5993,23.587
0.53116,6.8176,16.736,-0.43003,-9.4243,3.799,-22.738,-30.934,-16.888,-2.3743,6.7674,21.009
-0.65556,5.3687,17.314,0.31435,-10.574,3.1261,-21.726,-31.449,-17.637,-3.0727,4.7247,18.555
-2.0167,4.4098,18.248,0.88711,-11.972,2.9757,-20.732,-31.62,-18.179,-3.5248,3.3576,16.391
-3.4477,3.9465,19.555,1.3162,-13.605,3.3552,-19.605,-31.501,-18.595,-3.776,2.5234,14.678
-4.8147,3.8627,21.226,1.6365,-15.401,4.0926,-18.29,-31.208,-18.938,-3.8741,2.0884,13.489
-5.9555,3.9751,23.089,1.8822,-17.162,4.9213,-16.858,-30.861,-19.2,-3.8659,1.9361,12.798
-6.7032,4.0826,24.748,2.0823,-18.578,5.5515,-15.471,-30.537,-19.32,-3.7893,1.9662,12.502
-6.9308,4.0191,25.697,2.2558,-19.336,5.7418,-14.316,-30.236,-19.214,-3.6666,2.0963,12.462
-6.5996,3.6902,25.532,2.4101,-19.236,5.3664,-13.529,-29.89,-18.826,-3.5027,2.2671,12.548
-5.7921,3.0808,24.148,2.5423,-18.282,4.4491,-13.148,-29.402,-18.156,-3.2897,2.4461,12.672
-4.7052,2.2621,21.854,2.635,-16.725,3.1676,-13.1,-28.694,-17.271,-3.0158,2.6275,12.797
-3.6034,1.4072,19.333,2.6566,-15.015,1.8482,-13.22,-27.759,-16.278,-2.6742,2.8252,12.931
-2.7491,0.76143,17.366,2.5759,-13.664,0.91089,-13.319,-26.683,-15.286,-2.269,3.0601,13.099
-2.3311,0.52812,16.507,2.3846,-13.047,0.69059,-13.268,-25.634,-14.37,-1.8187,3.3451,13.316
-2.4123,0.75048,16.894,2.111,-13.257,1.2354,-13.031,-24.788,-13.555,-1.3541,3.6735,13.576
-2.9128,1.296,18.199,1.8147,-14.075,2.2832,-12.649,-24.248,-12.827,-0.91156,4.0168,13.844
-3.6345,1.9214,19.685,1.5703,-15.042,3.3965,-12.18,-23.991,-12.142,-0.51856,4.3373,14.072
-4.3273,2.3656,20.462,1.4454,-15.649,4.1492,-11.676,-23.876,-11.455,-0.18096,4.6091,14.221
-4.7764,2.4251,19.877,1.4801,-15.542,4.2564,-11.172,-23.702,-10.731,0.11944,4.8322,14.268
-4.8667,2.0108,17.841,1.6736,-14.642,3.6278,-10.68,-23.295,-9.963,0.41189,5.027,14.205
-4.5958,1.1723,14.791,1.9824,-13.131,2.3705,-10.185,-22.57,-9.1766,0.71624,5.2139,14.022
-4.0469,0.079411,11.387,2.3335,-11.341,0.75169,-9.6467,-21.566,-8.4288,1.0274,5.3955,13.705
-3.3504,-1.0377,8.2739,2.6474,-9.6078,-0.89107,-9.0208,-20.414,-7.7879,1.3127,5.5533,13.253
-2.6453,-1.9688,5.9074,2.864,-8.1642,-2.2601,-8.2903,-19.282,-7.3084,1.5238,5.6573,12.698
-2.0458,-2.5951,4.441,2.9634,-7.1044,-3.1962,-7.4848,-18.296,-7.0114,1.6163,5.6813,12.089
-1.6232,-2.9271,3.7069,2.9729,-6.417,-3.7272,-6.6719,-17.5,-6.8783,1.5676,5.612,11.463
-1.4064,-3.0875,3.31,2.9543,-6.0466,-4.0255,-5.9275,-16.844,-6.856,1.3865,5.452,10.82
-1.3921,-3.2349,2.8739,2.9722,-5.9257,-4.2778,-5.3057,-16.21,-6.8729,1.1085,5.2152,10.128
-1.5587,-3.4616,2.2662,3.0628,-5.9882,-4.5586,-4.8256,-15.458,-6.8632,0.78241,4.9174,9.3382
-1.8783,-3.7385,1.6279,3.2194,-6.1912,-4.8108,-4.4732,-14.483,-6.793,0.45192,4.5679,8.4074
-2.326,-3.955,1.2364,3.4032,-6.5363,-4.9155,-4.2088,-13.272,-6.6737,0.14274,4.1686,7.3179
-2.8871,-4.0055,1.3405,3.564,-7.0678,-4.759,-3.9754,-11.914,-6.5538,-0.14041,3.7198,6.0992
-3.5644,-3.8489,2.0674,3.6649,-7.839,-4.2763,-3.7138,-10.567,-6.4926,-0.40703,3.2291,4.8328
-4.3738,-3.536,3.3529,3.7167,-8.8542,-3.5061,-3.3851,-9.3891,-6.5275,-0.6697,2.7149,3.6279
-5.3194,-3.2185,4.8948,3.8013,-10.012,-2.6292,-2.9889,-8.4705,-6.6541,-0.93568,2.2034,2.5805
-6.3635,-3.1157,6.2113,4.0463,-11.089,-1.9413,-2.5682,-7.802,-6.825,-1.2049,1.7203,1.741
-7.4142,-3.4317,6.8025,4.5552,-11.796,-1.7521,-2.1928,-7.2844,-6.9677,-1.4721,1.2836,1.1051
-8.3328,-4.2626,6.3398,5.344,-11.883,-2.2587,-1.9251,-6.7682,-7.0133,-1.7289,0.89964,0.62296
-8.9576,-5.5433,4.7901,6.3182,-11.237,-3.4562,-1.7844,-6.1039,-6.9221,-1.9629,0.56572,0.22282
-9.1409,-7.0496,2.4154,7.2881,-9.9131,-5.1282,-1.7272,-5.1955,-6.6946,-2.157,0.27741,-0.16027
-8.7878,-8.4522,-0.3309,8.016,-8.1033,-6.913,-1.6553,-4.0424,-6.3659,-2.2901,0.036522,-0.55839
-7.8843,-9.417,-2.959,8.2871,-6.0567,-8.4206,-1.4455,-2.7446,-5.9821,-2.3404,-0.1454,-0.95873
-6.4998,-9.7186,-5.0819,7.9801,-4.003,-9.3557,-0.99208,-1.4599,-5.5748,-2.2895,-0.24795,-1.3107
-4.7671,-9.3095,-6.4946,7.1025,-2.1147,-9.6043,-0.24486,-0.33086,-5.1438,-2.1268,-0.24992,-1.5495
-2.8538,-8.3148,-7.1953,5.7818,-0.50167,-9.2466,0.76797,0.57796,-4.6553,-1.8521,-0.13999,-1.6273
-0.93824,-6.9733,-7.3414,4.2251,0.7854,-8.4949,1.9432,1.303,-4.0577,-1.4785,0.073725,-1.5386
0.80609,-5.561,-7.1506,2.6698,1.7471,-7.6023,3.1367,1.9595,-3.3077,-1.0294,0.36082,-1.3258
2.2242,-4.3173,-6.811,1.3301,2.4104,-6.7841,4.2154,2.687,-2.3935,-0.53365,0.67571,-1.0654
3.2007,-3.3894,-6.4403,0.34953,2.7984,-6.1676,5.1027,3.5908,-1.3431,-0.018073,0.97063,-0.84355
3.6835,-2.805,-6.0768,-0.22214,2.916,-5.7682,5.7971,4.6957,-0.21118,0.50231,1.2118,-0.72731
3.6925,-2.4964,-5.6867,-0.41721,2.7576,-5.5078,6.3602,5.9325,0.95013,1.0342,1.393,-0.73876
3.3031,-2.3674,-5.2024,-0.31264,2.3262,-5.277,6.8828,7.1657,2.1199,1.6069,1.5378,-0.84822
2.6098,-2.3606,-4.5886,0.011342,1.6506,-5.0166,7.4424,8.2507,3.3199,2.2598,1.6864,-0.98765
1.6905,-2.4794,-3.8954,0.50133,0.79631,-4.7659,8.068,9.0944,4.6021,3.0178,1.8721,-1.0849
0.59132,-2.775,-3.2538,1.143,-0.13953,-4.6419,8.7225,9.6903,6.015,3.8686,2.1002,-1.1008
-0.66744,-3.3152,-2.8122,1.9515,-1.0512,-4.7745,9.3119,10.113,7.5601,4.7511,2.3392,-1.0501
-2.0746,-4.1436,-2.6528,2.9432,-1.8638,-5.2386,9.7254,10.474,9.1672,5.5637,2.5295,-0.99534
-3.6108,-5.2416,-2.7436,4.1053,-2.5638,-6.0136,9.8943,10.868,10.712,6.196,2.606,-1.0182
-5.2265,-6.5175,-2.9569,5.3774,-3.1949,-6.9844,9.8347,11.331,12.074,6.5787,2.5272,-1.18
-6.8267,-7.8265,-3.1423,6.6542,-3.8145,-7.9838,9.6403,11.835,13.199,6.723,2.2948,-1.4985
-8.2707,-9.0119,-3.2172,7.8037,-4.4305,-8.8559,9.4356,12.314,14.112,6.7168,1.95,-1.9475
-9.3798,-9.9503,-3.226,8.6903,-4.9474,-9.5187,9.3202,12.701,14.898,6.6769,1.5498,-2.476
-9.9472,-10.586,-3.3462,9.1986,-5.1562,-9.9962,9.3364,12.957,15.651,6.6905,1.1411,-3.0303
-9.765,-10.932,-3.8529,9.2532,-4.7886,-10.406,9.4644,13.084,16.432,6.7831,0.74668,-3.5693
-8.6825,-11.052,-5.034,8.8327,-3.6185,-10.904,9.6397,13.113,17.244,6.9213,0.36603,-4.0737
-6.6637,-11.019,-7.0688,7.9761,-1.5586,-11.608,9.7882,13.089,18.034,7.0402,-0.017762,-4.5485
-3.8112,-10.878,-9.9389,6.775,1.3014,-12.523,9.8626,13.042,18.716,7.08,-0.42741,-5.0139
-0.37835,-10.627,-13.381,5.3561,4.692,-13.504,9.8631,12.978,19.209,7.0136,-0.87637,-5.4912
3.2087,-10.209,-16.853,3.8617,8.137,-14.287,9.8318,12.878,19.471,6.8515,-1.3541,-5.9901
6.3747,-9.5392,-19.585,2.4365,10.981,-14.565,9.8267,12.718,19.508,6.6316,-1.8194,-6.5011
8.5257,-8.5538,-20.786,1.2149,12.572,-14.092,9.8967,12.481,19.371,6.4063,-2.2071,-6.9901
9.2413,-7.2576,-19.927,0.30702,12.491,-12.765,10.066,12.173,19.121,6.2306,-2.4456,-7.4016
8.4239,-5.7423,-16.944,-0.21381,10.677,-10.669,10.335,11.829,18.799,6.1459,-2.4791,-7.6718
6.3233,-4.1697,-12.283,-0.32308,7.4504,-8.0588,10.685,11.498,18.406,6.1578,-2.2904,-7.7531
3.4319,-2.7317,-6.7907,-0.055278,3.4341,-5.3064,11.092,11.227,17.908,6.2273,-1.9138,-7.6368
0.32402,-1.6036,-1.4908,0.49692,-0.62068,-2.813,11.529,11.029,17.27,6.2866,-1.4318,-7.3614
-2.4737,-0.90063,2.6882,1.2008,-4.023,-0.9124,11.968,10.883,16.476,6.2718,-0.95441,-7.005
-4.5593,-0.65348,5.1474,1.9138,-6.286,0.20588,12.371,10.74,15.548,6.1463,-0.59017,-6.6637
-5.6952,-0.80966,5.7354,2.5142,-7.1902,0.52319,12.705,10.546,14.536,5.9085,-0.4163,-6.422
-5.8213,-1.2583,4.6922,2.9244,-6.7698,0.15883,12.949,10.262,13.508,5.5889,-0.45842,-6.326
-5.0496,-1.864,2.4924,3.1207,-5.2661,-0.68822,13.113,9.8746,12.54,5.2423,-0.68674,-6.3698
-3.6419,-2.499,-0.27922,3.1267,-3.0932,-1.7871,13.229,9.4131,11.694,4.9296,-1.0306,-6.5021
-1.9575,-3.0628,-3.0262,2.995,-0.76159,-2.9013,13.333,8.9372,11.002,4.6931,-1.4017,-6.6464
-0.36171,-3.4876,-5.2558,2.7826,1.2636,-3.8155,13.434,8.5196,10.455,4.5372,-1.7166,-6.7244
0.8575,-3.7247,-6.655,2.5336,2.6816,-4.3707,13.51,8.2211,10.003,4.4284,-1.914,-6.6772
1.5243,-3.7363,-7.0954,2.2751,3.3618,-4.4823,13.525,8.0706,9.5812,4.3148,-1.9674,-6.4811
1.583,-3.5051,-6.5961,2.0252,3.2857,-4.1315,13.45,8.054,9.1402,4.1542,-1.8836,-6.1528
1.0989,-3.0559,-5.2853,1.7999,2.5344,-3.3641,13.285,8.1157,8.6641,3.936,-1.6889,-5.7399
0.23589,-2.4689,-3.4077,1.6183,1.3041,-2.3087,13.056,8.1722,8.1757,3.6844,-1.4153,-5.3033
-0.79311,-1.8692,-1.3434,1.502,-0.11918,-1.1708,12.804,8.1328,7.7209,3.4402,-1.0976,-4.8993
-1.7747,-1.398,0.4528,1.4703,-1.4175,-0.18881,12.574,7.9247,7.3409,3.2345,-0.77524,-4.5681
-2.5268,-1.1743,1.5823,1.5321,-2.312,0.42512,12.387,7.5204,7.0465,3.0702,-0.48928,-4.3285
-2.9232,-1.2593,1.82,1.6782,-2.6277,0.54141,12.232,6.9577,6.8088,2.9221,-0.27584,-4.1796
-2.9166,-1.6355,1.1698,1.8811,-2.3313,0.15318,12.075,6.3366,6.5688,2.7487,-0.16112,-4.1096
-2.5497,-2.213,-0.15003,2.1032,-1.5351,-0.62078,11.885,5.7789,6.2583,2.5072,-0.1594,-4.1046
-1.9487,-2.8623,-1.7816,2.3117,-0.46495,-1.5766,11.657,5.3674,5.8189,2.1654,-0.27155,-4.1524
-1.2962,-3.4613,-3.3444,2.4928,0.60588,-2.4947,11.409,5.1008,5.2148,1.7099,-0.4844,-4.2438
-0.78462,-3.9364,-4.5465,2.6571,1.4385,-3.2119,11.177,4.895,4.4418,1.1524,-0.77147,-4.3711
-0.56236,-4.2809,-5.2518,2.8356,1.8916,-3.6669,10.983,4.6239,3.5318,0.53295,-1.0944,-4.5229
-0.6932,-4.5467,-5.4892,3.0657,1.9421,-3.9043,10.822,4.1739,2.5481,-0.087047,-1.4058,-4.6789
-1.1427,-4.8076,-5.4071,3.3719,1.6677,-4.0277,10.64,3.4897,1.5667,-0.64328,-1.6583,-4.8099
-1.7926,-5.1148,-5.1999,3.7493,1.2121,-4.1374,10.346,2.5969,0.65089,-1.0902,-1.8177,-4.8883
-2.4745,-5.4655,-5.0401,4.1546,0.74239,-4.2888,9.8377,1.5939,-0.16721,-1.4155,-1.8753,-4.9005
-3.0092,-5.799,-5.0333,4.5073,0.40489,-4.4807,9.0427,0.61564,-0.89058,-1.641,-1.8508,-4.8544
-3.2452,-6.0151,-5.19,4.7035,0.28899,-4.662,7.9515,-0.21733,-1.5485,-1.812,-1.7834,-4.7753
-3.0921,-6.0073,-5.4251,4.6441,0.40975,-4.7462,6.6306,-0.84476,-2.1824,-1.9779,-1.716,-4.6911
-2.5425,-5.6994,-5.5894,4.2697,0.71379,-4.6363,5.211,-1.2867,-2.8293,-2.172,-1.6797,-4.6179
-1.6736,-5.0745,-5.5303,3.5832,1.1035,-4.2594,3.849,-1.6249,-3.5004,-2.3954,-1.6883,-4.551
-0.62678,-4.1847,-5.1658,2.6525,1.4765,-3.6108,2.6779,-1.9541,-4.167,-2.6169,-1.7452,-4.4721
0.43837,-3.1482,-4.5452,1.5968,1.7724,-2.7841,1.7771,-2.3282,-4.7637,-2.7919,-1.8525,-4.3657
1.3988,-2.1353,-3.8564,0.5645,2.0017,-1.9618,1.1624,-2.7292,-5.2127,-2.8834,-2.0083,-4.2314
2.1968,-1.3395,-3.3703,-0.29142,2.2387,-1.3604,0.78054,-3.0734,-5.4518,-2.8735,-2.1986,-4.0866
2.8286,-0.93224,-3.3595,-0.83915,2.5917,-1.1626,0.54088,-3.2549,-5.4644,-2.7768,-2.4135,-3.9662
3.3082,-1.0209,-4.0187,-0.9909,3.1652,-1.4789,0.36967,-3.2039,-5.3039,-2.6521,-2.6705,-3.907
3.6302,-1.6285,-5.4044,-0.71759,4.0108,-2.3321,0.23863,-2.9248,-5.0835,-2.5808,-3.0079,-3.9311
3.7492,-2.6919,-7.4155,-0.050958,5.0705,-3.6489,0.16247,-2.4884,-4.9174,-2.617,-3.4421,-4.0362
3.584,-4.0676,-9.7862,0.9252,6.1533,-5.2569,0.18357,-1.9867,-4.8613,-2.7578,-3.9305,-4.1884
3.0459,-5.5472,-12.081,2.0904,6.9697,-6.8984,0.37445,-1.4837,-4.8923,-2.945,-4.3781,-4.3148
2.0787,-6.8907,-13.751,3.3048,7.2163,-8.2647,0.85489,-0.99163,-4.9214,-3.0833,-4.6652,-4.3166
0.69824,-7.8709,-14.277,4.4256,6.6712,-9.0582,1.7256,-0.48345,-4.826,-3.0672,-4.6874,-4.1104
-0.98933,-8.3163,-13.328,5.3219,5.2671,-9.0618,2.9473,0.072155,-4.5006,-2.822,-4.3965,-3.668
-2.8003,-8.1416,-10.869,5.8876,3.127,-8.1983,4.2993,0.67506,-3.9124,-2.3408,-3.8272,-3.0448
-4.5027,-7.3601,-7.2249,6.0519,0.55889,-6.5619,5.462,1.2779,-3.1312,-1.6986,-3.0954,-2.3631
-5.8432,-6.0814,-3.0497,5.7866,-1.9979,-4.4221,6.162,1.7969,-2.3132,-1.0338,-2.3666,-1.7719
-6.5796,-4.5023,0.83174,5.1126,-4.0688,-2.1776,6.2852,2.1467,-1.6428,-0.49923,-1.8016,-1.4004
-6.5303,-2.8781,3.6619,4.1032,-5.2574,-0.25545,5.9056,2.2789,-1.2596,-0.207,-1.5074,-1.3206
-5.6264,-1.4739,4.9502,2.8817,-5.3374,1.0081,5.24,2.2025,-1.2055,-0.19381,-1.506,-1.5322
-3.9388,-0.50429,4.5667,1.611,-4.2883,1.4467,4.5642,1.9765,-1.4175,-0.42085,-1.7435,-1.9714
-1.6764,-0.089077,2.722,0.47268,-2.2805,1.0745,4.1167,1.6783,-1.7635,-0.80038,-2.1298,-2.5403
0.83774,-0.24713,-0.15598,-0.36381,0.36169,0.040124,4.0234,1.3678,-2.1063,-1.2318,-2.5758,-3.1459
3.2116,-0.91923,-3.5682,-0.77183,3.2218,-1.45,4.2719,1.0652,-2.3605,-1.6322,-3.0004,-3.7274
5.0419,-1.9958,-7.0435,-0.68836,5.8725,-3.1885,4.7416,0.75309,-2.5231,-1.9567,-3.3295,-4.2627
5.9896,-3.3341,-10.184,-0.12125,7.9416,-4.9813,5.2613,0.39727,-2.6618,-2.2024,-3.5134,-4.7545
5.8687,-4.7753,-12.665,0.85487,9.1427,-6.6496,5.6668,-0.030869,-2.8629,-2.3888,-3.5377,-5.1929
4.7062,-6.1574,-14.215,2.111,9.3015,-8.0261,5.8401,-0.53731,-3.1624,-2.5241,-3.4106,-5.538
2.7322,-7.3251,-14.613,3.4811,8.3993,-8.9472,5.6998,-1.0919,-3.5123,-2.5895,-3.1484,-5.7418
0.30922,-8.1386,-13.757,4.7819,6.6045,-9.2706,5.206,-1.6263,-3.8104,-2.5558,-2.7725,-5.7825
-2.1629,-8.4903,-11.77,5.8353,4.2468,-8.9268,4.3883,-2.0509,-3.9593,-2.4131,-2.3147,-5.6734
-4.3121,-8.3284,-9.023,6.4922,1.7456,-7.9622,3.3203,-2.2869,-3.9093,-2.1795,-1.8124,-5.4527
-5.819,-7.6762,-6.0563,6.6498,-0.47119,-6.5456,2.0644,-2.2976,-3.671,-1.8923,-1.3046,-5.176
-6.4422,-6.6374,-3.4474,6.2667,-2.0401,-4.933,0.66742,-2.1074,-3.3081,-1.5961,-0.82684,-4.9012
-6.0644,-5.3786,-1.6609,5.3771,-2.725,-3.4064,-0.80562,-1.7968,-2.9131,-1.3311,-0.40449,-4.6725
-4.7367,-4.0905,-0.91878,4.0989,-2.4617,-2.202,-2.2571,-1.4744,-2.5762,-1.1224,-0.044823,-4.5004
-2.6913,-2.9431,-1.1732,2.6219,-1.3746,-1.4491,-3.5685,-1.2381,-2.3562,-0.97355,0.26566,-4.3593
-0.31051,-2.0544,-2.1582,1.1769,0.23633,-1.1473,-4.6244,-1.1429,-2.2658,-0.86866,0.55722,-4.2013
1.9376,-1.4831,-3.4689,-0.0066274,1.953,-1.1895,-5.3441,-1.1903,-2.2767,-0.78052,0.85939,-3.9809
3.5812,-1.24,-4.6736,-0.74152,3.3479,-1.4166,-5.7044,-1.3382,-2.3435,-0.68495,1.185,-3.681
4.2502,-1.3076,-5.4374,-0.91301,4.0973,-1.6805,-5.7408,-1.5218,-2.4336,-0.57457,1.5169,-3.3274
3.7852,-1.6567,-5.6065,-0.48882,4.0533,-1.896,-5.5379,-1.6786,-2.5456,-0.46473,1.8106,-2.9825
2.2975,-2.2542,-5.2332,0.47999,3.2645,-2.0653,-5.2104,-1.7703,-2.7073,-0.38766,2.0117,-2.7268
0.13377,-3.056,-4.5427,1.8546,1.9575,-2.2643,-4.8734,-1.7969,-2.9566,-0.37916,2.0769,-2.6281
-2.2408,-3.9927,-3.8513,3.4137,0.47942,-2.5918,-4.6119,-1.797,-3.3198,-0.4657,1.9876,-2.7195
-4.3598,-4.9598,-3.4573,4.8886,-0.78867,-3.1011,-4.4639,-1.8359,-3.7987,-0.65788,1.7513,-2.9925
-5.8256,-5.8188,-3.5467,6.0159,-1.5228,-3.7511,-4.4242,-1.9796,-4.3697,-0.95107,1.3956,-3.4042
-6.3421,-6.4059,-4.1493,6.5779,-1.5266,-4.41,-4.4639,-2.2634,-4.9929,-1.3297,0.96003,-3.8927
-5.7313,-6.5572,-5.1486,6.4206,-0.75515,-4.9034,-4.5488,-2.6684,-5.6253,-1.7717,0.48421,-4.3937
-3.9588,-6.1593,-6.3343,5.4778,0.70442,-5.078,-4.6455,-3.1221,-6.2275,-2.2496,0.0019341,-4.8556
-1.1851,-5.2082,-7.4758,3.8293,2.6482,-4.8562,-4.7208,-3.5268,-6.7664,-2.7318,-0.46227,-5.2473
2.199,-3.841,-8.3773,1.7425,4.7612,-4.2673,-4.7401,-3.7983,-7.2127,-3.1823,-0.89237,-5.5568
5.5703,-2.3216,-8.8955,-0.37355,6.651,-3.4434,-4.6681,-3.891,-7.5378,-3.5648,-1.2777,-5.7836
8.1503,-0.97886,-8.9316,-2.0699,7.9153,-2.5751,-4.4731,-3.8007,-7.7167,-3.8499,-1.6111,-5.9316
9.2352,-0.11661,-8.4271,-2.9636,8.226,-1.8497,-4.1338,-3.5589,-7.7375,-4.0244,-1.889,-6.0075
8.459,0.070773,-7.3804,-2.826,7.414,-1.3959,-3.6501,-3.2303,-7.6163,-4.1001,-2.1158,-6.0219
5.919,-0.45327,-5.8722,-1.6439,5.5351,-1.2559,-3.0474,-2.9041,-7.4055,-4.1159,-2.307,-5.9889
2.122,-1.5572,-4.0771,0.36542,2.8826,-1.388,-2.3736,-2.6679,-7.1808,-4.1258,-2.4883,-5.9232
-2.1773,-2.9663,-2.2454,2.7932,-0.067601,-1.6919,-1.6913,-2.5736,-7.0161,-4.177,-2.6864,-5.8392
-6.1566,-4.3309,-0.65343,5.1308,-2.7698,-2.0453,-1.0627,-2.614,-6.9531,-4.2899,-2.9152,-5.7467
-9.1074,-5.3272,0.46776,6.902,-4.7477,-2.3339,-0.52705,-2.7264,-6.9831,-4.4497,-3.1654,-5.6469
-10.581,-5.7463,1.0062,7.7856,-5.7118,-2.4598,-0.082999,-2.8241,-7.0515,-4.6128,-3.4039,-5.5297
-10.442,-5.5161,1.0202,7.6632,-5.6141,-2.3322,0.30066,-2.8432,-7.085,-4.7244,-3.5865,-5.3814
-8.8353,-4.6698,0.72417,6.597,-4.6448,-1.8722,0.64736,-2.776,-7.0306,-4.7433,-3.6767,-5.1968
-6.1761,-3.32,0.39022,4.804,-3.1749,-1.0606,0.93953,-2.6713,-6.8839,-4.6602,-3.664,-4.9889
-3.0981,-1.6623,0.22204,2.6318,-1.6244,0.012612,1.1145,-2.6047,-6.6913,-4.5035,-3.5703,-4.7885
-0.23953,0.029622,0.26618,0.48882,-0.29661,1.1539,1.0891,-2.6416,-6.5235,-4.3291,-3.4443,-4.6351
2.0088,1.4534,0.38713,-1.2656,0.72028,2.1164,0.79622,-2.8081,-6.4377,-4.1993,-3.3442,-4.5635
3.5599,2.3588,0.30614,-2.4056,1.5325,2.6588,0.21942,-3.0785,-6.4476,-4.1571,-3.3185,-4.5932
4.5175,2.6103,-0.30042,-2.8637,2.3372,2.5957,-0.5878,-3.383,-6.5132,-4.2076,-3.3876,-4.7216
5.0622,2.2049,-1.6679,-2.7085,3.3169,1.8457,-1.5045,-3.6329,-6.5545,-4.3147,-3.5365,-4.9247
5.3878,1.2584,-3.8357,-2.0993,4.5724,0.46625,-2.3689,-3.754,-6.4771,-4.4136,-3.72,-5.161
5.6439,-0.023506,-6.612,-1.2455,6.081,-1.3434,-3.0244,-3.7165,-6.2069,-4.4351,-3.8806,-5.3836
5.8774,-1.3941,-9.5994,-0.37063,7.6773,-3.2809,-3.3719,-3.5486,-5.7199,-4.3314,-3.9719,-5.554
6.0262,-2.6242,-12.257,0.3518,9.0688,-5.003,-3.409,-3.3221,-5.055,-4.0907,-3.971,-5.653
5.9578,-3.5399,-14.004,0.86478,9.9013,-6.1967,-3.2292,-3.1145,-4.3004,-3.7356,-3.8758,-5.681
5.5111,-4.0389,-14.381,1.2148,9.8739,-6.649,-2.9767,-2.969,-3.5565,-3.3083,-3.6926,-5.6469
4.554,-4.1028,-13.192,1.4781,8.8464,-6.3018,-2.7782,-2.8744,-2.8951,-2.8504,-3.4273,-5.5552
3.0461,-3.8089,-10.584,1.7264,6.8787,-5.2677,-2.691,-2.7758,-2.3403,-2.3901,-3.0818,-5.3974
1.0558,-3.3217,-7.0176,2.0362,4.2147,-3.8008,-2.6911,-2.6101,-1.8723,-1.9382,-2.6557,-5.1566
-1.2608,-2.8521,-3.141,2.4828,1.2224,-2.2358,-2.6974,-2.3454,-1.4507,-1.4936,-2.1522,-4.8213
-3.6938,-2.5925,0.39671,3.1132,-1.7022,-0.90509,-2.6155,-2.0021,-1.0391,-1.0508,-1.585,-4.4003
-6.0138,-2.6581,3.1035,3.9196,-4.2218,-0.048486,-2.3761,-1.6433,-0.62256,-0.60573,-0.98385,-3.9288
-7.9992,-3.0585,4.7286,4.8316,-6.089,0.24597,-1.965,-1.3394,-0.21679,-0.16245,-0.39246,-3.4607
-9.4585,-3.709,5.261,5.7305,-7.1552,0.037247,-1.4383,-1.1334,0.13631,0.26081,0.13888,-3.053
-10.259,-4.4738,4.8651,6.484,-7.3931,-0.52899,-0.91301,-1.0246,0.38237,0.62989,0.56222,-2.7524
-10.364,-5.2249,3.7844,6.9967,-6.9052,-1.3005,-0.53274,-0.98129,0.47025,0.90051,0.83876,-2.5882
-9.8421,-5.8928,2.2359,7.2495,-5.869,-2.1798,-0.42156,-0.96725,0.36376,1.0301,0.94445,-2.5719
-8.8451,-6.4806,0.34985,7.2942,-4.4513,-3.143,-0.64052,-0.96694,0.049342,0.99216,0.87517,-2.6971
-7.5462,-7.0314,-1.812,7.207,-2.7596,-4.2134,-1.1638,-0.99456,-0.45821,0.78778,0.64999,-2.941
-6.0751,-7.5754,-4.1981,7.0447,-0.85421,-5.4083,-1.8839,-1.0849,-1.1142,0.44974,0.30976,-3.267
-4.4747,-8.0891,-6.73,6.811,1.2154,-6.6829,-2.6453,-1.2732,-1.8515,0.034947,-0.091157,-3.6308
-2.7097,-8.4784,-9.2894,6.4447,3.3917,-7.9052,-3.2967,-1.5764,-2.5992,-0.39334,-0.49875,-3.9916
-0.73644,-8.5939,-11.69,5.8472,5.5853,-8.8751,-3.7375,-1.9848,-3.3039,-0.78594,-0.87233,-4.3197
1.3876,-8.2856,-13.637,4.9434,7.6227,-9.3789,-3.9375,-2.4664,-3.9423,-1.1196,-1.1893,-4.598
3.4358,-7.4785,-14.749,3.7497,9.2123,-9.2521,-3.929,-2.9787,-4.5193,-1.3963,-1.4419,-4.819
5.0416,-6.2277,-14.668,2.4182,9.9878,-8.4323,-3.7853,-3.4838,-5.0572,-1.6356,-1.6323,-4.9828
5.7771,-4.7149,-13.21,1.215,9.6344,-6.9812,-3.5932,-3.9604,-5.5847,-1.8679,-1.7712,-5.0974
5.2827,-3.191,-10.422,0.43073,8.0139,-5.0708,-3.4199,-4.4066,-6.1265,-2.1264,-1.8749,-5.1771
3.4522,-1.8966,-6.557,0.27619,5.2062,-2.947,-3.2826,-4.8358,-6.6925,-2.4363,-1.9609,-5.2358
0.52473,-0.99336,-2.0698,0.81005,1.5186,-0.88583,-3.1397,-5.2653,-7.2695,-2.8026,-2.0402,-5.2809
-3.0144,-0.52548,2.3671,1.9152,-2.5178,0.85976,-2.9094,-5.7021,-7.8194,-3.2058,-2.1131,-5.3079
-6.5732,-0.41652,6.0158,3.3185,-6.2183,2.1126,-2.5071,-6.1281,-8.2875,-3.6055,-2.1702,-5.3023
-9.5011,-0.50229,8.2983,4.65,-8.8881,2.7947,-1.8834,-6.4954,-8.6178,-3.953,-2.1998,-5.2498
-11.138,-0.58913,8.9169,5.5388,-10.006,2.9161,-1.045,-6.7365,-8.7729,-4.206,-2.1964,-5.1495
-10.971,-0.52027,7.8619,5.7112,-9.2923,2.5524,-0.052645,-6.7895,-8.7514,-4.3449,-2.1684,-5.0211
-8.8059,-0.2188,5.3576,5.0394,-6.7324,1.8311,0.99583,-6.6324,-8.5954,-4.3854,-2.1395,-4.9003
-4.8216,0.31886,1.8183,3.5436,-2.6542,0.92369,1.9917,-6.3068,-8.3786,-4.3768,-2.1423,-4.8234
0.39884,1.0575,-2.168,1.4128,2.27,0.027337,2.844,-5.9141,-8.1777,-4.3736,-2.2004,-4.8104
5.901,1.9428,-5.8911,-0.98602,7.1183,-0.66667,3.5004,-5.5755,-8.0392,-4.4018,-2.3091,-4.8541
10.561,2.8982,-8.6518,-3.1852,10.936,-1.0014,3.9497,-5.3787,-7.9616,-4.4432,-2.4289,-4.9195
13.395,3.8175,-9.9081,-4.7526,12.998,-0.88027,4.2044,-5.3389,-7.9018,-4.4454,-2.4947,-4.9547
13.857,4.5756,-9.4017,-5.4099,12.939,-0.29512,4.2781,-5.3968,-7.7979,-4.3437,-2.4377,-4.9086
12.007,5.0673,-7.2635,-5.0921,10.835,0.65869,4.1719,-5.4495,-7.5943,-4.0853,-2.2078,-4.7514
8.4716,5.2489,-3.9929,-3.9626,7.2359,1.7963,3.8813,-5.4031,-7.262,-3.6503,-1.7909,-4.4841
4.2266,5.1592,-0.33689,-2.3842,3.0357,2.8867,3.4151,-5.2177,-6.8105,-3.0638,-1.2156,-4.1368
0.2832,4.8959,2.868,-0.81277,-0.78972,3.7113,2.8096,-4.9259,-6.287,-2.3946,-0.54933,-3.7553
-2.6175,4.5703,4.9189,0.36955,-3.4719,4.1186,2.1282,-4.6165,-5.7633,-1.7397,0.11418,-3.3885
-4.1178,4.263,5.463,0.98508,-4.6333,4.0519,1.4503,-4.3921,-5.3137,-1.1979,0.67581,-3.0795
-4.2094,3.9947,4.5691,1.0812,-4.2962,3.5478,0.86016,-4.3288,-4.9908,-0.84234,1.0552,-2.8601
-3.1798,3.7212,2.64,0.84952,-2.7859,2.7184,0.43548,-4.4385,-4.8073,-0.70106,1.211,-2.7461
-1.5165,3.3636,0.28442,0.50759,-0.63538,1.7356,0.23227,-4.6611,-4.7326,-0.75337,1.148,-2.7373
0.2228,2.8702,-1.8581,0.21412,1.5049,0.80122,0.26927,-4.8902,-4.7052,-0.94122,0.90865,-2.8214
1.5237,2.2713,-3.3519,0.048196,3.0846,0.07516,0.51865,-5.0205,-4.656,-1.1914,0.55437,-2.9803
2.1125,1.6697,-4.0807,0.028966,3.8808,-0.39386,0.91262,-4.9925,-4.5326,-1.4403,0.14628,-3.1948
2.0731,1.1687,-4.2142,0.13326,4.0152,-0.66473,1.3628,-4.8094,-4.3151,-1.6507,-0.26764,-3.4448
1.7237,0.79866,-4.1207,0.30874,3.8043,-0.85848,1.7823,-4.5227,-4.0153,-1.8147,-0.65663,-3.7074
1.4322,0.50193,-4.2456,0.49593,3.6253,-1.1318,2.1001,-4.2016,-3.6699,-1.9433,-1.0036,-3.9571
1.4784,0.16573,-4.9707,0.65767,3.8268,-1.6498,2.2681,-3.9046,-3.3214,-2.0496,-1.2981,-4.1687
1.9573,-0.32449,-6.4874,0.79813,4.6154,-2.5234,2.2611,-3.66,-3.0026,-2.135,-1.5297,-4.323
2.7447,-1.0294,-8.7007,0.95665,5.9365,-3.7375,2.0731,-3.4594,-2.7296,-2.1868,-1.6836,-4.4096
3.5425,-1.9086,-11.178,1.1806,7.4374,-5.1124,1.7094,-3.2727,-2.5012,-2.1831,-1.7396,-4.4247
3.9842,-2.8056,-13.213,1.4942,8.5797,-6.3276,1.1806,-3.0741,-2.3057,-2.0979,-1.6736,-4.3665
3.7639,-3.4937,-14.05,1.8841,8.8453,-7.0139,0.50253,-2.8588,-2.1298,-1.9094,-1.4614,-4.2308
2.7376,-3.7711,-13.137,2.3082,7.9147,-6.882,-0.29611,-2.6368,-1.9652,-1.6057,-1.0875,-4.0092
0.96714,-3.5487,-10.355,2.7153,5.7724,-5.8435,-1.1654,-2.4173,-1.8135,-1.193,-0.55699,-3.6927
-1.2975,-2.8897,-6.1247,3.0639,2.7271,-4.0707,-2.0384,-2.2003,-1.6891,-0.70247,0.093964,-3.2809
-3.6924,-1.9885,-1.3106,3.3376,-0.66603,-1.9552,-2.8474,-1.9819,-1.6182,-0.18988,0.79808,-2.7935
-5.8441,-1.1075,3.0539,3.5483,-3.7672,0.014546,-3.5399,-1.7621,-1.6292,0.27563,1.4691,-2.2723
-7.4619,-0.4975,6.093,3.7286,-6.0344,1.4032,-4.0795,-1.549,-1.7393,0.63137,2.0228,-1.7702
-8.3849,-0.3274,7.3349,3.9141,-7.1504,1.951,-4.442,-1.3525,-1.945,0.84038,2.3989,-1.3341
-8.5802,-0.6414,6.8038,4.1258,-7.0593,1.6316,-4.6085,-1.1849,-2.2231,0.90124,2.5743,-0.98935
-8.1207,-1.3532,4.9221,4.3579,-5.9322,0.62742,-4.5598,-1.061,-2.5415,0.84444,2.5655,-0.73162
-7.1608,-2.2751,2.285,4.5752,-4.098,-0.76141,-4.2761,-0.99583,-2.873,0.71764,2.4181,-0.53232
-5.902,-3.1766,-0.53093,4.7201,-1.9559,-2.2237,-3.7427,-0.99712,-3.2032,0.56635,2.1876,-0.35399
-4.5354,-3.8581,-3.085,4.7289,0.13876,-3.5056,-2.9647,-1.0589,-3.5312,0.41762,1.9191,-0.17098
-3.1902,-4.2095,-5.1314,4.551,1.9616,-4.4437,-1.9821,-1.163,-3.8607,0.27171,1.6332,0.013605
-1.9247,-4.2173,-6.5847,4.1599,3.4111,-4.9824,-0.87067,-1.2886,-4.1919,0.10572,1.3246,0.16561
-0.75094,-3.9149,-7.4526,3.554,4.4525,-5.1357,0.27579,-1.4214,-4.5099,-0.10908,0.97561,0.24013
0.33385,-3.3342,-7.7688,2.758,5.0947,-4.9251,1.3781,-1.5576,-4.7881,-0.38251,0.57856,0.21681
1.3234,-2.5182,-7.5776,1.8314,5.3933,-4.386,2.3963,-1.7015,-4.9987,-0.68945,0.14991,0.12159
2.188,-1.5647,-6.999,0.87433,5.4416,-3.6155,3.3273,-1.8608,-5.1253,-0.97667,-0.27465,0.012422
2.872,-0.6318,-6.2477,0.020331,5.3474,-2.7712,4.178,-2.0406,-5.1693,-1.1872,-0.65517,-0.056736
3.3049,0.10124,-5.5703,-0.58717,5.2109,-2.0332,4.9389,-2.2403,-5.1478,-1.2851,-0.95952,-0.05915
3.4243,0.48338,-5.169,-0.83126,5.1056,-1.5669,5.5772,-2.4555,-5.0881,-1.2662,-1.1725,0.0067568
3.1965,0.43557,-5.1428,-0.65627,5.058,-1.4787,6.0504,-2.6859,-5.0199,-1.1573,-1.2988,0.1318
2.6238,-0.018821,-5.4521,-0.086465,5.0289,-1.7711,6.3276,-2.9268,-4.9633,-1.0013,-1.351,0.3074
1.741,-0.74916,-5.9175,0.77963,4.9175,-2.3246,6.4113,-3.1657,-4.9165,-0.83532,-1.3316,0.5294
0.60763,-1.5484,-6.2575,1.7965,4.5911,-2.9225,6.3518,-3.3765,-4.8502,-0.67459,-1.2235,0.80051
-0.69823,-2.1934,-6.1616,2.8093,3.9285,-3.3126,6.2474,-3.5182,-4.7135,-0.50482,-0.99326,1.1385
-2.085,-2.5097,-5.3901,3.6878,2.8657,-3.2876,6.2203,-3.5416,-4.4474,-0.28326,-0.59908,1.5817
-3.4528,-2.4106,-3.8732,4.3437,1.4369,-2.7553,6.3783,-3.3997,-3.9996,0.05152,-0.0015872,2.1831
-4.6949,-1.8997,-1.7562,4.7318,-0.20969,-1.764,6.7783,-3.0617,-3.3379,0.55931,0.82095,2.9864
-5.6943,-1.0405,0.64776,4.8422,-1.8339,-0.46715,7.4106,-2.5279,-2.4596,1.2734,1.8562,3.9989
-6.3212,0.092008,2.9848,4.6891,-3.1594,0.95408,8.2125,-1.8374,-1.3895,2.184,3.0512,5.1803
-6.4482,1.4666,5.0145,4.2945,-3.9457,2.3833,9.1054,-1.0548,-0.17123,3.2404,4.3232,6.4569
-5.9887,3.1527,6.7055,3.6713,-4.0587,3.8492,10.041,-0.24106,1.1583,4.3716,5.5843,7.7539
-4.9426,5.3674,8.1762,2.8076,-3.5101,5.5591,11.038,0.5782,2.5804,5.5164,6.7721,9.0325
-3.4303,8.4695,9.5338,1.6482,-2.4614,7.8213,12.19,1.4279,4.0963,6.646,7.8736,10.316
-1.6957,12.778,10.847,0.060931,-1.2056,10.836,13.636,2.3762,5.7145,7.7684,8.93,11.673
-0.055905,18.191,12.288,-2.1856,-0.12269,14.562,15.492,3.5066,7.4367,8.9183,10.016,13.171
1.1927,24.115,14.171,-5.2994,0.41237,18.88,17.789,4.8749,9.2527,10.136,11.198,14.816
1.8688,30.012,16.785,-9.1248,0.15073,23.749,20.425,6.4714,11.14,11.459,12.501,16.53
1.9638,35.661,20.272,-13.082,-0.9382,29.134,23.19,8.2125,13.065,12.905,13.894,18.186
1.6558,40.997,24.666,-16.725,-2.6506,34.903,25.839,9.9689,14.978,14.473,15.327,19.686
1.2609,46.061,29.916,-20.127,-4.6156,40.827,28.192,11.61,16.821,16.153,16.768,21.011
1.1168,50.982,35.763,-23.703,-6.423,46.648,30.177,13.044,18.53,17.916,18.214,22.209
1.4456,55.863,41.667,-27.791,-7.7608,52.13,31.809,14.228,20.032,19.704,19.66,23.354
2.266,60.682,47.027,-32.326,-8.511,57.07,33.154,15.169,21.25,21.406,21.065,24.509
3.3973,65.3,51.487,-36.795,-8.7746,61.322,34.279,15.904,22.113,22.877,22.345,25.701
4.5363,69.552,55.034,-40.577,-8.8186,64.854,35.222,16.477,22.58,23.973,23.407,26.91
5.3584,73.363,57.88,-43.298,-8.9615,67.748,35.972,16.906,22.656,24.587,24.188,28.075
5.6256,76.753,60.286,-44.923,-9.4428,70.144,36.454,17.156,22.389,24.675,24.68,29.124
5.2907,79.781,62.479,-45.668,-10.329,72.19,36.53,17.144,21.819,24.285,24.934,30.004
4.5464,82.546,64.625,-45.902,-11.503,74.026,36.008,16.767,20.951,23.57,25.03,30.713
3.7652,85.226,66.748,-46.051,-12.744,75.788,34.665,15.948,19.75,22.722,25.04,31.3
3.3493,88.059,68.717,-46.52,-13.82,77.581,32.264,14.655,18.186,21.857,24.994,31.826
3.5804,91.201,70.364,-47.633,-14.568,79.437,28.554,12.881,16.266,20.978,24.891,32.338
4.5288,94.554,71.644,-49.517,-14.919,81.292,23.253,10.597,14.049,20.02,24.702,32.85
6.0039,97.741,72.663,-51.937,-14.887,83,16.166,7.744,11.629,18.924,24.381,33.343
7.574,100.3,73.628,-54.301,-14.577,84.38,7.5529,4.3158,9.1119,17.672,23.89,33.784
8.7273,101.89,74.819,-55.953,-14.213,85.271,-1.6363,0.45705,6.5927,16.288,23.221,34.138
9.1036,102.35,76.484,-56.467,-14.092,85.562,-10.152,-3.5479,4.1552,14.837,22.417,34.381
8.5973,101.62,78.366,-55.771,-14.379,85.182,-17.081,-7.4031,1.8701,13.397,21.553,34.496
7.2972,99.687,79.347,-54.077,-14.974,84.088,-22.106,-10.93,-0.20684,12.035,20.701,34.472
5.4404,96.48,78.46,-51.714,-15.553,82.314,-25.345,-14.098,-2.0363,10.783,19.889,34.32
3.4635,92.173,76.021,-49.064,-15.741,80.004,-27.101,-16.949,-3.5941,9.625,19.088,34.08
1.9687,87.547,72.864,-46.583,-15.266,77.297,-27.953,-19.506,-4.8732,8.5179,18.219,33.812
1.5108,83.338,69.3,-44.723,-14.004,74.132,-28.73,-21.74,-5.896,7.4252,17.183,33.536
2.4009,79.559,64.953,-43.701,-11.916,70.284,-29.794,-23.612,-6.724,6.3377,15.927,33.188
4.6067,75.847,59.191,-43.354,-9.0239,65.607,-30.919,-25.123,-7.4495,5.2661,14.495,32.631
7.711,71.803,51.764,-43.238,-5.4444,60.182,-31.758,-26.332,-8.1691,4.2177,12.993,31.715
11.023,67.106,43.051,-42.745,-1.4141,54.252,-32.074,-27.337,-8.9529,3.1851,11.507,30.362
13.849,61.613,33.692,-41.224,2.7239,48.089,-31.781,-28.229,-9.8224,2.156,10.064,28.605
15.713,55.412,24.43,-38.187,6.5598,41.947,-30.951,-29.057,-10.745,1.1253,8.65,26.57
16.395,48.808,16.263,-33.601,9.6652,36.088,-29.78,-29.829,-11.656,0.096087,7.2431,24.4
15.894,42.26,10.048,-28.045,11.67,30.823,-28.528,-30.537,-12.507,-0.9302,5.8258,22.181
14.399,36.265,6.0433,-22.492,12.35,26.392,-27.414,-31.172,-13.299,-1.9583,4.3882,19.938
12.248,31.167,4.0612,-17.781,11.678,22.76,-26.554,-31.731,-14.076,-2.9882,2.9434,17.659
9.816,26.982,3.6661,-14.195,9.8396,19.6,-25.937,-32.22,-14.885,-4.0012,1.5457,15.324
7.3703,23.391,4.3762,-11.477,7.1905,16.555,-25.482,-32.669,-15.744,-4.9617,0.28637,12.913
5.0209,19.915,5.945,-9.1225,4.158,13.676,-25.11,-33.133,-16.629,-5.8414,-0.74472,10.443
2.7179,16.227,8.181,-6.7399,1.0765,11.461,-24.815,-33.672,-17.493,-6.6505,-1.5108,8.0016
0.32685,12.533,10.675,-4.325,-1.8975,10.211,-24.679,-34.316,-18.294,-7.4556,-2.052,5.7388
-2.1582,9.391,12.905,-2.1752,-4.6619,9.6416,-24.815,-35.048,-19.014,-8.3823,-2.4705,3.8034
-4.6162,6.9772,14.454,-0.39577,-7.0515,9.22,-25.278,-35.794,-19.678,-9.5974,-2.8969,2.2606
-6.9525,4.9873,15.133,1.2345,-8.8915,8.5707,-26.006,-36.461,-20.351,-11.265,-3.4514,1.069
-9.0876,3.0942,14.963,2.9201,-10.084,7.5641,-26.852,-36.977,-21.125,-13.479,-4.2111,0.12256
-10.885,1.1613,14.059,4.6683,-10.616,6.2217,-27.691,-37.324,-22.087,-16.207,-5.197,-0.69141
-12.152,-0.79404,12.506,6.3391,-10.499,4.6124,-28.485,-37.542,-23.275,-19.312,-6.3891,-1.4587
-12.691,-2.6864,10.335,7.7388,-9.7242,2.7955,-29.229,-37.695,-24.655,-22.621,-7.7569,-2.2334
-12.367,-4.4144,7.5843,8.6894,-8.2739,0.81566,-29.881,-37.832,-26.122,-25.989,-9.2796,-3.0444
-11.158,-5.8732,4.3617,9.0764,-6.191,-1.2585,-30.363,-37.962,-27.547,-29.307,-10.947,-3.8996
-9.1995,-6.9719,0.88516,8.8883,-3.6329,-3.2937,-30.604,-38.061,-28.839,-32.491,-12.751,-4.7872
-6.7795,-7.6757,-2.5351,8.2351,-0.86929,-5.1177,-30.574,-38.086,-29.977,-35.486,-14.673,-5.6764
-4.2756,-8.0244,-5.5844,7.3229,1.7732,-6.5934,-30.261,-37.992,-30.997,-38.252,-16.666,-6.5208
-2.0588,-8.1037,-8.0132,6.3873,3.9786,-7.6499,-29.635,-37.716,-31.945,-40.758,-18.643,-7.2675
-0.40745,-7.9981,-9.6393,5.6183,5.4952,-8.2575,-28.642,-37.179,-32.831,-42.963,-20.479,-7.8718
0.52555,-7.7539,-10.317,5.1107,6.1643,-8.3994,-27.222,-36.299,-33.612,-44.821,-22.06,-8.3148
0.69846,-7.3716,-9.9241,4.862,5.9249,-8.0687,-25.34,-35.038,-34.206,-46.294,-23.343,-8.6125
0.14458,-6.8283,-8.3985,4.8015,4.7973,-7.2828,-23.029,-33.429,-34.523,-47.374,-24.391,-8.8134
-1.0625,-6.116,-5.8193,4.8365,2.8714,-6.1057,-20.426,-31.531,-34.488,-48.084,-25.345,-8.9864
-2.8108,-5.2851,-2.4776,4.9181,0.32773,-4.6655,-17.75,-29.342,-34.038,-48.466,-26.364,-9.2036
-4.9716,-4.4626,1.163,5.1012,-2.5807,-3.1382,-15.141,-26.768,-33.103,-48.568,-27.582,-9.5314
-7.5544,-3.8179,4.724,5.5424,-5.6709,-1.6918,-12.541,-23.722,-31.582,-48.422,-29.095,-10.046
-10.82,-3.4977,8.1373,6.4425,-8.9395,-0.43482,-9.9291,-20.35,-29.363,-48.043,-30.994,-10.904
-15.178,-3.5761,11.528,7.986,-12.503,0.59081,-7.7869,-17.789,-26.458,-47.425,-33.334,-12.596
-21.004,-4.04,15.078,10.312,-16.443,1.3848,-7.0007,-21.342,-23.439,-46.535,-35.925,-16.773
-28.258,-4.8022,18.989,13.493,-20.656,1.9615,-4.5332,-32.617,-22.648,-45.299,-38.06,-21.94
-35.809,-5.73,23.247,17.415,-24.852,2.3229,4.6375,-22.703,-29.839,-43.529,-39.082,-23.908
-42.362,-6.687,27.285,21.531,-28.837,2.4412,17.125,-6.4086,-30.619,-40.76,-39.894,-26.183
-47.477,-7.5806,30.36,24.914,-32.395,2.2849,30.045,10.257,-22.195,-36.023,-41.477,-29.309
-50.123,-8.3967,32.083,26.837,-34.605,1.9214,42.183,26.674,-13.662,-29.649,-43.965,-33.368
-49.632,-9.2305,31.604,27.274,-34.378,1.7238,53.615,44.237,-5.11,-34.925,-47.129,-38.759
-48.098,-10.487,29.235,28.174,-31.597,2.4889,65.988,66.403,5.4102,-38.328,-53.155,-47.398
-48.637,-18.608,27.181,37.871,-28.387,1.3372,82.227,97.652,21.485,-38.756,-64.438,-62.325
-51.033,-37.316,27.632,46.391,-28.446,-9.9206,106.27,142.39,47.067,-37.37,-81.319,-85.217
-57.871,-44.473,31.713,53.649,-33.216,-16.713,141.8,203.91,85.13,-33.736,-105.69,-118.76
-70.321,-48.072,39.173,61.448,-43.837,-14.916,189.79,281.38,136.81,-27.946,-138.93,-163.61
-86.193,-45.408,49.034,67.628,-60.034,-6.1519,247.09,371.86,201.35,-18.732,-178.5,-216.44
-101.35,-35.421,61.802,69.772,-78.127,9.2467,306.55,470.06,276.81,-2.6504,-217.25,-269.54
-109.47,-17.239,78.752,64.572,-92.184,29.199,359.21,570.05,360.8,26.494,-243.38,-311.36
-102.79,10.343,94.469,47.687,-96.565,51.642,397.34,668.7,455.64,77.86,-241.74,-328.18
-74.744,48.868,103.93,15.018,-87.171,76.216,415.61,765.97,569.32,162.77,-196.46,-306.33
-22.675,100.49,107.81,-36.124,-62.269,104.46,410.68,860.22,708.23,291.3,-94.33,-234.19
52.611,167.44,108.01,-106.85,-22.902,138.44,379.7,942.89,869.24,467.44,72.594,-103.82
147.88,250.33,104.45,-195.77,26.929,178.99,319.31,995.88,1036.5,685.79,304.88,87.557
255.11,346.93,102.48,-297.51,80.254,226.8,226.6,993.85,1182.2,930.63,593.96,336.02
360.86,452.01,108.52,-402.9,128.37,282.17,101.77,911.23,1271,1177.1,921.18,629.51
451.28,557.84,126.36,-501.23,163.45,343.46,-49.398,731.1,1269.4,1394.7,1257.7,946.91
516.64,654.78,155.67,-582.74,180.97,406.07,-215.11,453.05,1156.4,1552,1566.9,1258.6
552.73,731.57,191.89,-639.63,180.73,462.17,-379.28,97.251,931.18,1622.3,1809.6,1530
560.86,776.68,225.19,-666.69,167.89,500.93,-524.88,-298.37,613.65,1588.1,1951.6,1728.1
546.72,780.95,241.99,-662.02,152.27,510.97,-638.12,-687.57,238.46,1444.2,1970.4,1828.6
517.99,740.92,229.53,-627.3,144.22,484.86,-712.01,-1028.6,-155.25,1197.6,1860.6,1821.1
481.41,661.35,184.6,-567.81,148.92,423.81,-748.13,-1295.1,-533.74,866.67,1633.5,1711.2
440.85,555.18,117.24,-492.31,162.99,338.9,-755.11,-1480.5,-874.18,478.21,1314.9,1517.7
396.41,439.59,46.11,-410.75,174.62,246.86,-745.12,-1594.5,-1164.7,64.093,938.88,1266.9
345.43,330.01,-10.319,-330.46,172.7,163.43,-730.12,-1655.1,-1400.8,-342.18,542.59,987.05
286.32,235.33,-42.244,-255.31,157.62,97.773,-719.26,-1680.1,-1581.1,-708.89,161.23,703.06
222.29,156.08,-52.782,-186.09,133.03,49.556,-717.25,-1681.6,-1704.7,-1009.7,-175.66,434.77
160.07,85.917,-55.113,-120.75,104.71,10.369,-724.12,-1664.3,-1771.3,-1227.4,-447.47,196.25
103.36,16.84,-63.704,-57.502,80.625,-30.154,-736.71,-1628,-1783.1,-1356.8,-644.44,-3.7075
51.473,-54.836,-85.385,3.2845,65.807,-77.469,-750.57,-1571.8,-1745.5,-1404.6,-767.36,-160.39
7.4529,-125.82,-117.61,58.992,59.94,-129.16,-761.24,-1496.3,-1667.8,-1386.2,-824.89,-272.3
-25.249,-187.5,-151.98,104.73,59.292,-176.84,-764.9,-1404.1,-1560.5,-1319.9,-829.9,-340.81
-45.878,-230.45,-178.15,135.65,59.697,-210.82,-758.08,-1298.3,-1433.4,-1222.9,-796.22,-370.37
-54.841,-248.99,-188.61,149.6,59.764,-224.79,-737.82,-1181.1,-1294.8,-1108.7,-736.74,-368.44
-54.216,-243.45,-182.28,148.04,57.208,-218.4,-702.42,-1053.9,-1150.1,-986.95,-662.77,-344.91
-47.701,-220.71,-165.63,134.51,48.535,-197.52,-651.77,-919.28,-1003,-864.81,-583.93,-310.44
-39.474,-189.77,-143.29,114.52,38.566,-170.94,-587.5,-781.62,-857.53,-747.86,-507.54,-274.18
-30.986,-158.13,-118.21,94.293,31.534,-143.53,-513.09,-646.67,-719.11,-639.13,-438.06,-241.72
-16.515,-130.9,-95.21,77.675,25.024,-118.72,-433.51,-519.94,-592.02,-538.91,-377.55,-214.66
-11.099,-110.15,-76.426,65.372,18.262,-99.134,-354.38,-405.59,-478.59,-448.56,-323.74,-191.58
-9.1956,-95.082,-61.733,56.097,12.069,-84.63,-280.89,-306.46,-379.8,-368.54,-273.83,-168.62
-8.9453,-82.864,-50.435,48.421,6.6477,-73.157,-216.58,-223.67,-295.69,-298.36,-227.34,-142.37
-9.2368,-71.996,-42.71,42.713,2.1133,-63.442,-162.96,-156.09,-225.23,-237.72,-185.36,-115.76
-9.3218,-63.096,-37.808,38.466,-1.0727,-56.059,-119.88,-101.09,-166.43,-186.19,-147.39,-91.852
-8.8725,-55.719,-34.631,34.542,-2.5452,-50.898,-86.012,-56.705,-117.09,-143.28,-114.77,-70.909
-7.7393,-49.666,-32.917,30.444,-2.3678,-47.411,-61.592,-21.722,-75.589,-108.65,-89.405,-54.984
-5.8137,-45.514,-30.298,26.204,-0.91799,-44.82,-46.308,4.9792,-41.586,-81.876,-72.138,-45.484
-3.1696,-42.562,-23.442,21.118,1.3136,-42.074,-37.638,24.441,-15.134,-61.986,-61.835,-41.67
-0.15196,-38.726,-18.479,15.305,3.8186,-37.844,-33.3,37.879,4.4504,-47.238,-55.941,-41.49
2.7157,-33.905,-17.571,10.664,6.1155,-33.717,-31.286,47.024,18.539,-35.682,-51.843,-42.704
4.9063,-29.419,-17.856,7.6593,7.7903,-30.597,-29.838,53.751,28.625,-26.015,-47.745,-43.39
6.0463,-25.761,-17.863,5.9281,8.5454,-28.102,-28.121,57.504,36.067,-17.83,-42.913,-41.93
6.0105,-22.843,-17.053,5.1046,8.2504,-25.863,-23.633,57.131,41.469,-11.162,-37.393,-36.461
4.9438,-20.439,-15.302,4.8705,6.9731,-23.716,-15.343,60.353,42.172,-6.2461,-31.441,-28.589
3.1998,-18.363,-12.742,4.9421,4.962,-21.639,-9.3283,68.94,41.676,-3.17,-25.793,-22.826
1.2057,-16.534,-9.686,5.0996,2.5765,-19.695,-5.6711,80.055,44.384,-1.2925,-20.997,-19.498
-0.68258,-14.974,-6.5515,5.2185,0.18986,-17.985,-3.2898,90.972,49.065,-0.12634,-17.292,-17.776
-2.2551,-13.751,-3.7718,5.2789,-1.8942,-16.598,-1.6072,100.21,54.795,0.8854,-14.775,-17.046
-3.4323,-12.956,-1.7065,5.3458,-3.4747,-15.602,-0.29948,107.5,61.272,1.9197,-13.101,-16.848
-4.218,-12.678,-0.60039,5.5265,-4.446,-15.063,0.85507,113.2,68.219,3.054,-11.856,-16.813
-4.6534,-12.981,-0.57701,5.9154,-4.7718,-15.064,2.0094,117.72,75.147,4.3311,-10.766,-16.679
-4.7787,-13.863,-1.6338,6.5482,-4.4637,-15.669,3.2447,121.39,81.453,5.75,-9.7148,-16.347
-4.6217,-15.22,-3.6316,7.3757,-3.5856,-16.852,4.5694,124.43,86.725,7.2645,-8.6969,-15.866
-4.2128,-16.831,-6.3116,8.2666,-2.2601,-18.465,5.931,127.01,90.911,8.8036,-7.7687,-15.354
-3.6095,-18.405,-9.3295,9.0488,-0.66419,-20.263,7.2499,129.28,94.246,10.308,-6.9901,-14.917
-2.9197,-19.688,-12.261,9.585,0.96395,-21.967,8.4742,131.43,97.083,11.766,-6.3817,-14.618
-2.3002,-20.547,-14.619,9.8327,2.3253,-23.317,9.6246,133.61,99.776,13.245,-5.9002,-14.461
-1.9141,-20.973,-15.945,9.834,3.1164,-24.126,10.791,135.97,102.62,14.897,-5.4454,-14.376
-1.8716,-21.017,-15.942,9.6592,3.1303,-24.294,12.082,138.58,105.8,16.925,-4.9013,-14.229
-2.1856,-20.738,-14.582,9.3626,2.3428,-23.821,13.556,141.46,109.35,19.509,-4.1953,-13.882
-2.7597,-20.177,-12.145,8.9706,0.93541,-22.807,15.184,144.53,113.16,22.724,-3.324,-13.272
-3.4189,-19.366,-9.149,8.4903,-0.7581,-21.451,16.856,147.68,117.04,26.447,-2.3296,-12.44
-3.9695,-18.335,-6.2177,7.9277,-2.3616,-20.001,18.428,150.79,120.77,30.325,-1.2679,-11.489
-4.2626,-17.121,-3.8998,7.3063,-3.5739,-18.666,19.807,153.81,124.23,33.904,-0.19491,-10.528
-4.2335,-15.771,-2.5161,6.6751,-4.2405,-17.537,20.998,156.81,127.45,36.894,0.83693,-9.636
-3.9032,-14.364,-2.1004,6.0962,-4.36,-16.58,22.079,159.95,130.56,39.291,1.7909,-8.8649
-3.3525,-13.008,-2.4485,5.6131,-4.0484,-15.696,23.135,163.33,133.77,41.296,2.6571,-8.2438
-2.6849,-11.799,-3.2235,5.2254,-3.4856,-14.812,24.198,166.94,137.21,43.16,3.4532,-7.7772
-1.9883,-10.764,-4.0667,4.8884,-2.857,-13.909,25.225,170.63,140.85,45.086,4.2135,-7.4448
-1.3051,-9.8418,-4.6915,4.5288,-2.2963,-12.992,26.123,174.14,144.51,47.195,4.977,-7.2069
-0.61927,-8.9296,-4.9485,4.0688,-1.8489,-12.053,26.791,177.25,147.91,49.524,5.778,-7.0149
0.12821,-7.9426,-4.8428,3.4503,-1.4795,-11.08,27.168,179.87,150.82,52.042,6.642,-6.8253
1.0027,-6.8621,-4.5042,2.6581,-1.1187,-10.103,27.263,182.14,153.12,54.665,7.589,-6.612
2.032,-5.7503,-4.1249,1.7383,-0.71187,-9.1985,27.152,184.32,154.91,57.265,8.649,-6.3731
3.1627,-4.7344,-3.8841,0.80291,-0.24655,-8.4676,26.959,186.74,156.46,59.712,9.8679,-6.1282
4.2317,-3.9647,-3.8895,0.012499,0.23947,-7.9964,26.806,189.61,158.13,61.925,11.271,-5.9057
4.9898,-3.565,-4.15,-0.46216,0.65966,-7.8212,26.758,192.93,160.2,63.91,12.796,-5.7284
5.1877,-3.5928,-4.574,-0.4865,0.88803,-7.9159,26.796,196.47,162.74,65.729,14.291,-5.6025
4.6858,-4.0213,-4.9849,-0.0037173,0.78617,-8.2007,26.839,199.88,165.6,67.459,15.623,-5.5052
3.5328,-4.742,-5.1642,0.93615,0.24993,-8.5635,26.794,202.87,168.48,69.155,16.769,-5.3737
1.9571,-5.5817,-4.9208,2.1679,-0.74579,-8.8772,26.619,205.31,171.06,70.834,17.821,-5.1152
0.25209,-6.3366,-4.1605,3.4421,-2.12,-9.0172,26.354,207.32,173.18,72.494,18.924,-4.649
-1.3447,-6.8153,-2.935,4.4999,-3.6724,-8.8877,26.106,209.2,174.9,74.138,20.21,-3.9555
-2.601,-6.8626,-1.4556,5.1275,-5.0858,-8.456,25.997,211.33,176.48,75.801,21.759,-3.0968
-3.15,-6.3705,-0.063366,5.1284,-5.9765,-7.7806,26.109,213.98,178.31,77.556,23.602,-2.1973
-2.5189,-5.3213,0.84437,4.3057,-5.9939,-7.013,26.448,217.27,180.78,79.481,25.694,-1.395
-0.35343,-3.8459,0.9175,2.5895,-4.9269,-6.3619,26.942,221.1,184.1,81.62,27.905,-0.78648
3.3052,-2.2334,-0.038406,0.19998,-2.777,-6.0359,27.486,225.29,188.26,83.964,30.075,-0.39254
7.8816,-0.85853,-1.9925,-2.3662,0.21621,-6.1859,27.994,229.64,193.04,86.48,32.124,-0.14962
12.374,-0.064619,-4.6906,-4.501,3.5741,-6.8639,28.442,234.01,198.15,89.16,34.09,0.084204
15.702,-0.072807,-7.7099,-5.6834,6.6438,-8.0076,28.874,238.34,203.31,92.032,36.105,0.50915
17.118,-0.94249,-10.547,-5.6338,8.7762,-9.4596,29.37,242.66,208.33,95.134,38.335,1.3315
16.438,-2.554,-12.721,-4.3673,9.5257,-11.011,30.004,247.07,213.18,98.467,40.917,2.6829
13.996,-4.6057,-13.883,-2.1745,8.7696,-12.443,30.793,251.79,217.95,101.97,43.902,4.551
10.507,-6.6623,-13.887,0.40982,6.7359,-13.547,31.691,256.98,222.78,105.53,47.197,6.7742
6.9586,-8.2652,-12.808,2.6711,3.9375,-14.141,32.603,262.69,227.77,109.06,50.58,9.1178
4.4708,-9.0444,-10.899,3.8328,1.0146,-14.094,33.427,268.79,232.94,112.51,53.783,11.376
4.1876,-8.7765,-8.5206,3.1592,-1.4375,-13.353,34.093,275.01,238.2,115.89,56.621,13.433
7.1552,-7.4046,-6.0557,0.035469,-2.9297,-11.963,34.581,281.11,243.42,119.27,59.075,15.293
13.296,-5.0506,-3.8607,-5.6634,-3.023,-10.087,34.921,287.05,248.51,122.74,61.292,17.107
20.623,-2.006,-2.2226,-12.96,-1.4452,-7.9915,35.175,292.98,253.5,126.45,63.526,19.123
27.599,1.3262,-1.3336,-20.221,1.4107,-5.9868,35.407,299.2,258.5,130.51,66.046,21.545
33.789,4.5408,-1.2934,-26.364,4.5603,-4.3508,35.65,306.01,263.63,134.98,69.034,24.393
38.91,7.3459,-2.1566,-31.224,7.4195,-3.2726,35.892,313.63,269.02,139.81,72.484,27.487
43.579,9.6288,-3.955,-35.241,10.202,-2.8392,36.08,322.15,274.78,144.83,76.175,30.621
49.277,11.466,-6.6408,-38.921,13.551,-3.0402,36.137,331.43,281.08,149.78,79.818,33.714
56.755,13.106,-10.038,-42.533,17.888,-3.7648,35.986,341.16,288.09,154.55,83.277,36.776
65.058,14.919,-13.823,-46.175,22.939,-4.8028,35.584,350.89,295.84,159.25,86.62,39.793
72.075,17.244,-17.499,-49.759,27.845,-5.8709,34.939,360.22,304.26,164.12,90.033,42.758
76.3,20.183,-20.425,-52.823,31.662,-6.6722,34.106,369.01,313.09,169.42,93.722,45.773
77.797,23.505,-21.95,-54.831,33.71,-6.9689,33.154,377.35,322.02,175.22,97.83,49.01
77.062,26.798,-21.619,-55.622,33.669,-6.6385,32.13,385.5,330.76,181.37,102.35,52.584
74.385,29.756,-19.37,-55.427,31.634,-5.6876,31.032,393.76,339.18,187.57,107.07,56.477
70.264,32.322,-15.591,-54.682,28.129,-4.2267,29.815,402.36,347.3,193.54,111.74,60.563
65.665,34.624,-11.004,-53.879,24.015,-2.4313,28.417,411.43,355.24,199.16,116.14,64.687
61.779,36.89,-6.4622,-53.5,20.259,-0.50737,26.792,420.93,363.07,204.46,120.24,68.734
59.618,39.374,-2.7247,-53.939,17.573,1.3425,24.933,430.73,370.9,209.56,124.13,72.652
59.701,42.265,-0.2595,-55.39,16.226,2.9576,22.897,440.71,378.87,214.62,127.92,76.451
61.911,45.613,0.82838,-57.771,16.295,4.2478,20.809,450.81,387.13,219.76,131.74,80.194
65.651,49.303,0.7061,-60.755,17.8,5.1971,18.787,461.03,395.64,225.11,135.81,84.012
70.19,53.116,-0.32399,-63.949,20.457,5.8495,16.884,471.44,404.06,230.69,140.47,88.121
74.89,56.817,-1.8981,-67.053,23.592,6.2942,15.084,482,411.9,236.39,145.93,92.776
79.298,60.248,-3.667,-69.916,26.598,6.65,13.351,492.57,418.94,242,151.95,98.044
83.226,63.368,-5.381,-72.554,29.399,7.0363,11.678,502.85,425.38,247.35,157.93,103.61
86.714,66.243,-6.8943,-75.112,32.199,7.5398,10.108,512.4,431.63,252.41,163.49,109.03
89.91,69.011,-8.1141,-77.774,35.095,8.2043,8.7286,520.88,438.05,257.29,168.75,114.18
92.982,71.819,-8.9711,-80.661,37.967,9.0498,7.6176,528.18,444.83,262.15,174.04,119.27
96.052,74.777,-9.4209,-83.809,40.602,10.1,6.7886,534.44,451.9,267.09,179.61,124.6
99.203,77.907,-9.4625,-87.223,42.889,11.39,6.1611,539.95,458.98,272.12,185.56,130.39
102.52,81.132,-9.1521,-90.945,44.891,12.954,5.582,544.97,465.69,277.19,191.92,136.77
106.08,84.325,-8.5967,-95.047,46.774,14.812,4.8805,549.65,471.76,282.15,198.66,143.82
109.94,87.399,-7.9274,-99.572,48.704,16.961,3.9227,554.05,477.12,286.89,205.84,151.56
114.1,90.389,-7.2682,-104.46,50.753,19.382,2.6439,558.19,481.83,291.4,213.47,159.87
118.42,93.436,-6.7137,-109.54,52.855,22.053,1.0466,562.06,486.12,295.75,221.47,168.49
122.71,96.725,-6.3251,-114.58,54.898,24.977,-0.83817,565.66,490.24,300.07,229.56,177
126.82,100.42,-6.1377,-119.36,56.877,28.18,-3.0195,569.02,494.45,304.46,237.28,184.95
130.85,104.62,-6.17,-123.84,58.926,31.66,-5.6197,572.15,498.89,308.84,244.32,192.23
135.06,109.4,-6.4305,-128.18,61.229,35.345,-8.898,575.09,503.46,312.96,250.62,199.04
139.78,114.75,-6.916,-132.69,63.931,39.12,-13.113,577.82,507.7,316.48,256.4,205.64
145.26,120.56,-7.6028,-137.63,67.088,42.881,-18.211,580.25,510.9,319.17,261.97,212.29
151.49,126.69,-8.4343,-143.03,70.644,46.566,-23.739,581.98,512.5,320.99,267.53,219.22
158.18,132.95,-9.3143,-148.72,74.438,50.146,-29.256,582.37,512.26,322.04,273.07,226.63
164.85,139.19,-10.112,-154.48,78.204,53.621,-34.682,580.84,510.21,322.45,278.44,234.52
171.07,145.29,-10.68,-160.11,81.608,57.007,-40.197,577.24,506.46,322.3,283.49,242.71
176.45,151.17,-10.876,-165.44,84.313,60.315,-46.031,571.67,501.05,321.66,288.16,250.84
180.72,156.7,-10.599,-170.25,86.081,63.511,-52.329,563.95,493.97,320.57,292.51,258.57
183.72,161.65,-9.8172,-174.32,86.844,66.498,-59.104,553.68,485.18,319.11,296.64,265.74
185.43,165.83,-8.5762,-177.5,86.697,69.165,-66.239,540.56,474.64,317.37,300.68,272.43
185.95,169.16,-6.9781,-179.76,85.812,71.452,-73.565,524.56,462.31,315.47,304.69,278.88
185.48,171.72,-5.1467,-181.18,84.387,73.376,-80.921,506.02,448.45,313.51,308.6,285.42
184.3,173.68,-3.2239,-181.9,82.69,74.97,-88.201,485.54,433.66,311.47,312.22,292.3
182.76,175.19,-1.3859,-182.13,81.067,76.263,-95.355,463.85,418.69,309.33,315.37,299.64
181.31,176.33,0.16985,-182.17,79.816,77.302,-102.34,441.68,404.14,307.06,318.04,307.28
180.46,177.19,1.255,-182.35,79.057,78.159,-109.08,419.63,390.26,304.66,320.34,314.77
180.61,177.87,1.7171,-182.9,78.81,78.869,-115.4,397.98,376.98,302.18,322.39,321.55
181.94,178.4,1.4649,-183.84,79.149,79.384,-121.05,376.5,364.05,299.59,324.28,327.27
184.22,178.76,0.50148,-184.99,80.184,79.605,-125.8,354.63,351.16,296.88,326.1,331.87
186.82,178.85,-1.0306,-185.96,81.79,79.449,-129.53,331.77,338.01,294.03,327.94,335.36
188.8,178.54,-2.8148,-186.32,83.447,78.908,-132.25,307.73,324.42,291.08,329.9,337.7
189.3,177.66,-4.3818,-185.67,84.416,78.084,-134.06,282.81,310.38,288.17,331.99,338.79
187.82,176.04,-5.2104,-183.79,84.049,77.166,-135.16,257.76,296.04,285.44,334.05,338.64
184.33,173.58,-4.8833,-180.68,81.975,76.369,-135.72,233.51,281.65,282.83,335.65,337.37
179.1,170.38,-3.2385,-176.6,78.177,75.834,-135.87,210.83,267.52,279.92,336.15,335.04
172.63,166.67,-0.44573,-171.84,72.96,75.545,-135.71,190.15,253.88,276.01,334.89,331.5
165.43,162.63,3.0402,-166.64,66.792,75.329,-135.27,171.56,240.91,270.43,331.3,326.4
157.7,158.28,6.6343,-161.01,60.099,74.932,-134.54,154.87,228.64,263.15,325.03,319.33
149.47,153.52,9.8088,-154.82,53.194,74.126,-133.46,139.69,216.94,254.77,316.24,310.05
140.68,148.26,12.241,-147.93,46.378,72.78,-131.94,125.63,205.58,246.01,305.55,298.64
131.44,142.44,13.877,-140.3,40.06,70.893,-129.79,112.35,194.28,237.17,293.72,285.5
122.09,136.06,14.879,-132.15,34.811,68.571,-126.8,99.608,182.8,228.12,281.24,271.19
113.19,129.26,15.49,-123.93,31.081,65.967,-122.89,87.302,170.92,218.41,268.21,256.3
105.46,122.39,15.906,-116.17,28.716,63.206,-118.2,75.294,158.39,207.61,254.47,241.29
99.439,115.88,16.232,-109.42,26.791,60.367,-112.97,63.146,145.06,195.4,239.88,226.44
94.715,109.98,16.517,-103.87,23.676,57.497,-107.3,50.401,131.04,181.78,224.5,211.9
89.925,104.57,16.866,-98.898,18.942,54.642,-101.1,37.902,116.84,167.12,208.61,197.71
83.891,99.295,17.472,-93.534,14.492,51.837,-94.174,27.726,103.3,152.18,192.62,183.81
76.251,93.753,18.49,-87.167,10.907,49.079,-86.393,20.624,91.117,137.93,177.02,170.16
67.183,87.672,19.909,-79.612,7.394,46.293,-77.788,15.843,80.561,125.13,162.28,156.84
57.145,81.007,21.553,-70.981,3.5584,43.35,-68.711,12.499,71.407,114.06,148.78,144.04
46.845,73.958,23.16,-61.829,-0.45134,40.154,-59.872,9.983,63.059,104.48,136.72,132
37.138,66.863,24.47,-53.082,-4.2334,36.73,-52.035,7.8697,54.737,95.842,126.05,121
28.758,60.04,25.288,-45.499,-7.3655,33.231,-45.622,5.8562,46.094,87.586,116.49,111.21
22.092,53.709,25.529,-39.397,-9.5567,29.846,-40.59,3.7814,37.841,79.361,107.68,102.63
17.068,47.975,25.224,-34.767,-10.714,26.708,-36.546,1.6447,30.899,71.284,99.354,95.042
13.06,42.822,24.5,-31.39,-10.939,23.856,-32.983,-0.42235,25.303,63.885,91.492,88.174
9.0291,38.108,23.489,-28.852,-10.478,21.244,-29.611,-2.2342,20.655,57.519,84.219,81.818
5.2945,33.562,22.255,-26.446,-9.6409,18.758,-26.539,-3.6581,16.665,51.979,77.586,75.866
3.9354,28.839,20.796,-22.996,-8.6923,16.266,-24.064,-4.6978,13.154,46.821,71.489,70.223
4.5885,23.832,19.124,-17.705,-7.8051,13.694,-22.345,-5.5026,9.9565,41.707,65.749,64.782
5.6177,18.957,17.357,-12.145,-7.1253,11.095,-21.308,-6.3018,6.9367,36.442,60.24,59.474
6.1801,14.747,15.719,-8.1776,-6.846,8.6345,-20.727,-7.3105,4.0477,31.026,54.936,54.322
5.9922,11.368,14.471,-5.6182,-7.1524,6.4932,-20.335,-8.6485,1.3391,25.757,49.873,49.444
5.0241,8.7174,13.808,-3.7583,-8.1056,4.7823,-19.901,-10.29,-1.1049,21.042,45.047,45.027
3.3868,6.6595,13.809,-2.218,-9.6254,3.534,-19.265,-12.061,-3.2317,17.062,40.461,41.274
1.2589,5.0841,14.45,-0.85068,-11.57,2.7292,-18.357,-13.698,-5.036,13.785,36.314,38.262
-1.1674,3.8774,15.627,0.41649,-13.794,2.3256,-17.2,-14.973,-6.5349,11.126,32.881,35.867
-3.7141,2.9137,17.185,1.6373,-16.168,2.2585,-15.9,-15.799,-7.7511,8.9924,30.193,33.903
-6.2178,2.0884,18.954,2.8266,-18.582,2.4393,-14.6,-16.254,-8.7217,7.2918,28.105,32.235
-8.5243,1.3559,20.773,3.9397,-20.936,2.7608,-13.423,-16.52,-9.5072,5.9378,26.475,30.793
-10.48,0.72464,22.489,4.8994,-23.074,3.1133,-12.418,-16.777,-10.175,4.8641,25.218,29.542
-11.908,0.22624,23.948,5.6223,-24.749,3.4051,-11.555,-17.115,-10.766,4.0256,24.277,28.458
-12.605,-0.096014,24.974,6.0133,-25.68,3.5789,-10.77,-17.489,-11.268,3.3914,23.6,27.538
-12.393,-0.19032,25.375,5.9747,-25.673,3.6167,-10.031,-17.74,-11.619,2.9366,23.126,26.801
-11.195,-0.014139,25.015,5.455,-24.68,3.5336,-9.3607,-17.688,-11.738,2.6384,22.791,26.274
-9.1251,0.44085,23.922,4.4991,-22.856,3.3687,-8.8031,-17.227,-11.568,2.476,22.543,25.95
-6.5528,1.1343,22.341,3.2618,-20.582,3.1804,-8.3669,-16.384,-11.107,2.4322,22.341,25.773
-4.024,1.9772,20.682,1.9751,-18.364,3.0408,-8.0161,-15.302,-10.408,2.4899,22.159,25.65
-2.0572,2.8423,19.366,0.88435,-16.631,3.0197,-7.6998,-14.17,-9.569,2.6232,21.979,25.488
-0.96899,3.5862,18.676,0.18108,-15.601,3.1569,-7.3866,-13.152,-8.719,2.7888,21.779,25.223
-0.79084,4.0934,18.667,-0.060114,-15.262,3.439,-7.0783,-12.337,-7.9873,2.9289,21.525,24.833
-1.2816,4.332,19.14,0.072942,-15.409,3.8002,-6.7966,-11.717,-7.4702,2.984,21.174,24.344
-2.0193,4.3765,19.699,0.35058,-15.702,4.145,-6.558,-11.215,-7.204,2.9119,20.688,23.818
-2.541,4.3634,19.901,0.50652,-15.77,4.3882,-6.3514,-10.726,-7.1593,2.6997,20.059,23.332
-2.5044,4.4127,19.427,0.35943,-15.348,4.4851,-6.1376,-10.178,-7.2631,2.3632,19.309,22.938
-1.8302,4.5615,18.214,-0.11705,-14.37,4.4301,-5.8713,-9.5599,-7.4368,1.9368,18.476,22.629
-0.73928,4.7453,16.487,-0.78768,-13.017,4.2468,-5.5326,-8.9202,-7.6278,1.4625,17.597,22.338
0.35538,4.8291,14.658,-1.4056,-11.663,3.9646,-5.1388,-8.3377,-7.8183,0.98212,16.696,21.977
1.0221,4.6575,13.149,-1.7052,-10.707,3.603,-4.729,-7.8862,-8.0154,0.5332,15.79,21.491
0.95788,4.1227,12.195,-1.5041,-10.379,3.1516,-4.3389,-7.6106,-8.2322,0.14408,14.882,20.878
0.080207,3.2058,11.74,-0.7607,-10.652,2.5713,-3.9853,-7.5205,-8.4714,-0.16954,13.97,20.183
-1.4491,1.9776,11.482,0.43007,-11.284,1.8159,-3.6674,-7.5943,-8.7159,-0.40478,13.058,19.469
-3.2782,0.57,11.031,1.8716,-11.929,0.8653,-3.3769,-7.7894,-8.9288,-0.56895,12.161,18.786
-4.9915,-0.85584,10.102,3.3123,-12.267,-0.24448,-3.1079,-8.0541,-9.0586,-0.67495,11.3,18.146
-6.2545,-2.1397,8.6544,4.5078,-12.119,-1.4057,-2.8617,-8.3349,-9.0509,-0.73559,10.496,17.523
-6.8997,-3.1453,6.9072,5.2828,-11.506,-2.449,-2.6471,-8.575,-8.8651,-0.75914,9.7736,16.871
-6.9248,-3.7696,5.2388,5.5604,-10.621,-3.1837,-2.4799,-8.7117,-8.4909,-0.7484,9.145,16.15
-6.4455,-3.9478,4.0262,5.3495,-9.7346,-3.4637,-2.3766,-8.6863,-7.9605,-0.70329,8.6061,15.339
-5.6452,-3.6722,3.4871,4.7229,-9.0589,-3.2479,-2.3427,-8.4675,-7.342,-0.62552,8.1329,14.438
-4.7215,-3.0195,3.5942,3.811,-8.6688,-2.6267,-2.3592,-8.0726,-6.7147,-0.52209,7.6857,13.465
-3.8271,-2.1567,4.09,2.7877,-8.4857,-1.8001,-2.3788,-7.563,-6.1357,-0.40601,7.2276,12.45
-3.0301,-1.3063,4.5888,1.8332,-8.3361,-1.0231,-2.3418,-7.0103,-5.6191,-0.29473,6.7371,11.44
-2.3262,-0.68553,4.7139,1.0928,-8.0429,-0.53936,-2.2026,-6.4557,-5.1383,-0.2072,6.216,10.47
-1.6872,-0.45158,4.2162,0.65773,-7.4929,-0.5178,-1.9486,-5.8879,-4.6483,-0.16087,5.68,9.5542
-1.1097,-0.67096,3.0353,0.56505,-6.6613,-1.0132,-1.5934,-5.2504,-4.1081,-0.16428,5.1557,8.6849
-0.64402,-1.3129,1.3074,0.80554,-5.6157,-1.9543,-1.1505,-4.4703,-3.4987,-0.20989,4.6763,7.8541
-0.39598,-2.2617,-0.67191,1.333,-4.5177,-3.1634,-0.60885,-3.4932,-2.8246,-0.27243,4.2772,7.0752
-0.49429,-3.3475,-2.5124,2.075,-3.6025,-4.403,0.069039,-2.3151,-2.1081,-0.31649,3.985,6.3737
-1.0333,-4.3921,-3.8306,2.9437,-3.1067,-5.4383,0.92231,-0.99938,-1.3799,-0.31091,3.8072,5.757
-2.0173,-5.2548,-4.3752,3.8452,-3.1678,-6.1036,1.9577,0.33674,-0.67201,-0.24239,3.7283,5.197
-3.3367,-5.8603,-4.1109,4.6859,-3.7595,-6.3437,3.1315,1.5656,-0.010767,-0.12101,3.7166,4.6474
-4.7839,-6.1927,-3.2189,5.3779,-4.6967,-6.2117,4.3608,2.6052,0.58977,0.025906,3.7407,4.084
-6.0971,-6.2726,-2.0155,5.8431,-5.7,-5.8277,5.5579,3.4546,1.1315,0.16779,3.7829,3.5345
-7.0163,-6.1355,-0.8508,6.0204,-6.4784,-5.3343,6.6665,4.1814,1.628,0.28451,3.8399,3.0633
-7.3387,-5.8241,-0.0358,5.8755,-6.7969,-4.8645,7.678,4.8709,2.0946,0.37267,3.909,2.7202
-6.9653,-5.3876,0.21957,5.4136,-6.5213,-4.5175,8.6232,5.5687,2.5389,0.44321,3.9749,2.4945
-5.9282,-4.8801,-0.14475,4.6884,-5.6457,-4.3437,9.5457,6.2551,2.9603,0.51374,4.0064,2.3115
-4.3935,-4.358,-1.0303,3.8008,-4.2987,-4.3446,10.475,6.8619,3.3573,0.60054,3.9661,2.0678
-2.6284,-3.8747,-2.2223,2.8815,-2.7143,-4.4832,11.412,7.3136,3.7429,0.71433,3.8249,1.6756
-0.93031,-3.4728,-3.465,2.0608,-1.1588,-4.6998,12.328,7.58,4.1525,0.85981,3.5739,1.0965
0.45988,-3.1742,-4.5431,1.433,0.15769,-4.9323,13.18,7.7071,4.6351,1.0364,3.2309,0.34972
1.4225,-2.9774,-5.3392,1.0318,1.1359,-5.1368,13.922,7.8019,5.2278,1.237,2.8336,-0.50245
1.9695,-2.8627,-5.8518,0.82772,1.7883,-5.3009,14.526,7.9803,5.929,1.4484,2.4287,-1.3801
2.2089,-2.8072,-6.1711,0.75369,2.2032,-5.4436,14.99,8.314,6.6915,1.6553,2.0601,-2.2082
2.2849,-2.8001,-6.4306,0.74484,2.4981,-5.6028,15.347,8.8062,7.4457,1.8503,1.7675,-2.9289
2.3157,-2.8504,-6.756,0.76889,2.7772,-5.8171,15.648,9.404,8.1375,2.0432,1.5846,-3.5052
2.3518,-2.9818,-7.2282,0.8337,3.0999,-6.1094,15.933,10.034,8.7616,2.2616,1.533,-3.9191
2.3725,-3.2171,-7.8615,0.97283,3.4654,-6.478,16.205,10.638,9.3609,2.5364,1.6126,-4.1766
2.3172,-3.5605,-8.5972,1.2197,3.8148,-6.8979,16.432,11.195,9.9928,2.8799,1.7957,-4.3137
2.128,-3.9844,-9.3129,1.5821,4.0509,-7.3216,16.558,11.713,10.685,3.2711,2.03,-4.3919
1.7787,-4.4242,-9.8457,2.0257,4.07,-7.6759,16.529,12.208,11.41,3.6597,2.2539,-4.4767
1.2868,-4.7809,-10.019,2.4732,3.7951,-7.8593,16.316,12.678,12.099,3.9854,2.4157,-4.6102
0.71014,-4.9369,-9.6754,2.8224,3.1982,-7.7565,15.927,13.091,12.664,4.2009,2.4879,-4.7978
0.12969,-4.7903,-8.7314,2.9778,2.3118,-7.2796,15.4,13.41,13.04,4.2854,2.4687,-5.0168
-0.37269,-4.301,-7.23,2.8857,1.2286,-6.4206,14.786,13.604,13.199,4.2452,2.3727,-5.2379
-0.7349,-3.5237,-5.3695,2.5559,0.092272,-5.2825,14.131,13.657,13.153,4.1055,2.2167,-5.4442
-0.92602,-2.6052,-3.4739,2.0621,-0.9224,-4.0652,13.462,13.557,12.947,3.8984,2.0098,-5.6385
-0.94117,-1.7443,-1.9181,1.5178,-1.6345,-3.0132,12.79,13.299,12.637,3.6539,1.7512,-5.8384
-0.77457,-1.131,-1.0404,1.0368,-1.8845,-2.349,12.127,12.889,12.274,3.3952,1.4364,-6.0664
-0.38939,-0.88992,-1.0671,0.69203,-1.5587,-2.2183,11.494,12.344,11.893,3.1375,1.0668,-6.3358
0.2772,-1.0489,-2.0623,0.49448,-0.61253,-2.6575,10.921,11.681,11.504,2.8921,0.65588,-6.6404
1.266,-1.5415,-3.9152,0.4059,0.90039,-3.5899,10.44,10.925,11.105,2.6714,0.22914,-6.9508
2.5386,-2.2398,-6.3633,0.37296,2.8167,-4.8464,10.083,10.118,10.698,2.497,-0.17983,-7.2227
3.9414,-3.0028,-9.0416,0.36213,4.8791,-6.211,9.8802,9.3287,10.302,2.4013,-0.538,-7.4137
5.2073,-3.7212,-11.544,0.38261,6.7628,-7.4728,9.8463,8.6421,9.9514,2.4203,-0.82009,-7.4996
6.0123,-4.3419,-13.481,0.48785,8.12,-8.4697,9.97,8.1267,9.678,2.5772,-1.0098,-7.4784
6.0756,-4.8629,-14.54,0.75137,8.6544,-9.1082,10.214,7.8066,9.4974,2.8638,-1.0986,-7.3634
5.2568,-5.3066,-14.539,1.2285,8.2045,-9.3579,10.531,7.6483,9.4049,3.2395,-1.0833,-7.1718
3.6087,-5.6879,-13.462,1.9242,6.7962,-9.2349,10.878,7.5756,9.3822,3.6574,-0.96101,-6.9128
1.368,-5.9968,-11.475,2.78,4.6465,-8.7919,11.229,7.5034,9.4044,4.091,-0.72274,-6.5802
-1.1048,-6.2021,-8.9074,3.6816,2.1158,-8.1153,11.562,7.3776,9.441,4.5354,-0.35955,-6.1548
-3.4124,-6.2672,-6.1904,4.4824,-0.37533,-7.3172,11.845,7.1966,9.4522,4.9834,0.11924,-5.622
-5.1953,-6.1699,-3.7698,5.0369,-2.4287,-6.5213,12.022,7.0011,9.386,5.4007,0.66997,-4.9956
-6.1851,-5.9215,-2.0269,5.239,-3.7322,-5.8495,12.026,6.8387,9.1844,5.7251,1.2143,-4.3317
-6.2441,-5.5809,-1.2164,5.0541,-4.1053,-5.4132,11.799,6.7217,8.8016,5.8865,1.655,-3.7224
-5.3914,-5.2518,-1.4371,4.5343,-3.5206,-5.306,11.317,6.6047,8.2252,5.8332,1.9003,-3.2718
-3.8108,-5.0591,-2.6351,3.8096,-2.1026,-5.586,10.611,6.3946,7.4824,5.5476,1.8872,-3.0669
-1.826,-5.1109,-4.6294,3.0581,-0.10051,-6.2574,9.7718,5.9959,6.6289,5.0476,1.5984,-3.1523
0.17944,-5.4649,-7.1533,2.4601,2.1724,-7.2622,8.9264,5.3675,5.724,4.3779,1.0652,-3.5176
1.8742,-6.1078,-9.9051,2.1492,4.4157,-8.4879,8.1937,4.5541,4.8089,3.5954,0.35714,-4.1013
3.0624,-6.9516,-12.593,2.1743,6.3937,-9.7872,7.6351,3.6672,3.8919,2.7506,-0.43828,-4.8103
3.7007,-7.8454,-14.963,2.4837,7.9497,-10.996,7.2354,2.8293,2.9497,1.8727,-1.2367,-5.5472
3.8717,-8.606,-16.798,2.9407,8.9926,-11.952,6.9284,2.1176,1.9445,0.96802,-1.974,-6.2308
3.7362,-9.0538,-17.895,3.3657,9.4772,-12.504,6.6567,1.5413,0.85518,0.037453,-2.6133,-6.8038
3.473,-9.0454,-18.071,3.5917,9.3979,-12.522,6.4271,1.0562,-0.29403,-0.89283,-3.1406,-7.2318
3.2203,-8.5023,-17.216,3.5112,8.7951,-11.915,6.308,0.59807,-1.4283,-1.7574,-3.5633,-7.5071
3.036,-7.4368,-15.361,3.1017,7.7558,-10.673,6.3593,0.11257,-2.4492,-2.4831,-3.9157,-7.662
2.8983,-5.9608,-12.715,2.424,6.3995,-8.889,6.5597,-0.42692,-3.2774,-3.037,-4.2625,-7.7713
2.7588,-4.2686,-9.6439,1.5934,4.8732,-6.7755,6.7941,-1.0126,-3.8866,-3.4423,-4.6835,-7.9262
2.6189,-2.5915,-6.6099,0.73417,3.3637,-4.6268,6.8946,-1.6083,-4.3099,-3.7569,-5.2513,-8.1962
2.5458,-1.1411,-4.0663,-0.052764,2.0896,-2.7457,6.7012,-2.1688,-4.6261,-4.0469,-6.016,-8.6053
2.6151,-0.067967,-2.3446,-0.69411,1.2468,-1.3669,6.1197,-2.6682,-4.9295,-4.366,-6.9952,-9.1307
2.8488,0.55553,-1.5902,-1.134,0.9462,-0.60481,5.1586,-3.117,-5.2967,-4.743,-8.1623,-9.7169
3.1944,0.72908,-1.7523,-1.3335,1.1719,-0.44707,3.9309,-3.5576,-5.7578,-5.1726,-9.4381,-10.293
3.5348,0.50778,-2.618,-1.2757,1.7824,-0.78284,2.6161,-4.0362,-6.2876,-5.6165,-10.699,-10.791
3.7262,-0.018428,-3.8903,-0.97414,2.5624,-1.4511,1.4008,-4.5716,-6.8184,-6.0189,-11.812,-11.174
3.6726,-0.74745,-5.2913,-0.47745,3.3184,-2.2928,0.4146,-5.1414,-7.2721,-6.3316,-12.676,-11.435
3.3943,-1.5882,-6.6479,0.13917,3.9647,-3.1949,-0.31028,-5.6955,-7.5961,-6.5343,-13.257,-11.595
3.0009,-2.4739,-7.9151,0.79882,4.5232,-4.1047,-0.83451,-6.1877,-7.7885,-6.634,-13.585,-11.686
2.601,-3.3582,-9.1306,1.439,5.0424,-5.0102,-1.2611,-6.606,-7.8979,-6.6507,-13.734,-11.743
2.2505,-4.1942,-10.315,2.0096,5.5217,-5.8931,-1.665,-6.9746,-7.9938,-6.5992,-13.769,-11.787
1.9435,-4.9147,-11.37,2.4735,5.8841,-6.6797,-2.047,-7.3259,-8.1234,-6.4774,-13.704,-11.805
1.6186,-5.4373,-12.056,2.8133,5.9964,-7.2298,-2.3399,-7.6634,-8.2848,-6.2674,-13.498,-11.748
1.1841,-5.6832,-12.08,3.0319,5.7191,-7.3797,-2.4535,-7.9484,-8.427,-5.9481,-13.084,-11.539
0.57087,-5.5992,-11.219,3.1363,4.9603,-7.0071,-2.3291,-8.1206,-8.4758,-5.513,-12.424,-11.123
-0.20623,-5.1731,-9.4317,3.1185,3.7296,-6.0878,-1.9909,-8.136,-8.3663,-4.9822,-11.548,-10.507
-1.0293,-4.4442,-6.9217,2.9542,2.1741,-4.7187,-1.5677,-7.9957,-8.0705,-4.4004,-10.549,-9.7756
-1.719,-3.503,-4.112,2.6236,0.55734,-3.103,-1.2525,-7.7514,-7.6097,-3.8248,-9.5459,-9.0514
-2.1054,-2.4796,-1.5181,2.1401,-0.82341,-1.4994,-1.2181,-7.4851,-7.0506,-3.3095,-8.6494,-8.4379
-2.0995,-1.5255,0.41357,1.5663,-1.7387,-0.15899,-1.5412,-7.2773,-6.4868,-2.8929,-7.9311,-7.9882
-1.7501,-0.79064,1.4361,1.0139,-2.1015,0.73367,-2.1734,-7.1799,-6.0115,-2.593,-7.4179,-7.6977
-1.2551,-0.40293,1.5565,0.63085,-1.9893,1.0938,-2.9663,-7.2059,-5.6909,-2.4108,-7.1054,-7.524
-0.89793,-0.4468,1.0011,0.57125,-1.6109,0.94225,-3.7372,-7.3355,-5.5488,-2.3387,-6.9793,-7.4161
-0.93517,-0.94304,0.11346,0.94355,-1.2321,0.38208,-4.3443,-7.5323,-5.5679,-2.3709,-7.0359,-7.3407
-1.5014,-1.8325,-0.78085,1.7615,-1.0788,-0.43941,-4.7348,-7.7571,-5.706,-2.5083,-7.2868,-7.293
-2.5596,-2.9795,-1.4942,2.9235,-1.2355,-1.3729,-4.9431,-7.9764,-5.9175,-2.7575,-7.749,-7.2922
-3.8832,-4.1974,-2.0322,4.2232,-1.5931,-2.3039,-5.0531,-8.1698,-6.1731,-3.1227,-8.4266,-7.3663
-5.0929,-5.2913,-2.556,5.3894,-1.8981,-3.1705,-5.1548,-8.3414,-6.4697,-3.5964,-9.296,-7.5336
-5.7748,-6.0992,-3.269,6.1532,-1.8763,-3.9498,-5.3005,-8.5328,-6.827,-4.1525,-10.298,-7.796
-5.6297,-6.5184,-4.2785,6.3259,-1.3475,-4.6161,-5.4738,-8.8181,-7.2694,-4.7477,-11.335,-8.1342
-4.5728,-6.5058,-5.5153,5.8502,-0.28969,-5.1068,-5.5939,-9.2684,-7.8019,-5.3263,-12.283,-8.5057
-2.7769,-6.0721,-6.745,4.8149,1.1326,-5.3287,-5.5612,-9.9034,-8.3938,-5.8303,-12.999,-8.8528
-0.65449,-5.2858,-7.6375,3.4381,2.5824,-5.1972,-5.3154,-10.659,-8.9816,-6.2125,-13.369,-9.1142
1.2483,-4.278,-7.8749,2.0193,3.6476,-4.683,-4.8623,-11.396,-9.4905,-6.4495,-13.357,-9.2462
2.4342,-3.2262,-7.2791,0.86341,3.9988,-3.8412,-4.2556,-11.946,-9.861,-6.5466,-13.016,-9.2376
2.625,-2.316,-5.9044,0.20135,3.5176,-2.8112,-3.5691,-12.183,-10.07,-6.5305,-12.481,-9.108
1.8402,-1.698,-4.0468,0.13244,2.3365,-1.7874,-2.8882,-12.084,-10.133,-6.4337,-11.882,-8.8927
0.37764,-1.4529,-2.1681,0.6023,0.79764,-0.97439,-2.311,-11.745,-10.094,-6.2797,-11.285,-8.6252
-1.2798,-1.5727,-0.75918,1.417,-0.64587,-0.53601,-1.9376,-11.325,-9.9988,-6.079,-10.684,-8.3217
-2.6096,-1.9588,-0.18237,2.2944,-1.5678,-0.54588,-1.8462,-10.965,-9.8839,-5.8329,-10.037,-7.9834
-3.2109,-2.4441,-0.55274,2.949,-1.7038,-0.9551,-2.0735,-10.729,-9.7635,-5.5431,-9.3187,-7.5988
-2.9216,-2.8405,-1.7058,3.1864,-1.0298,-1.5985,-2.6051,-10.595,-9.6323,-5.2226,-8.5447,-7.1625
-1.8552,-3.0044,-3.2582,2.9652,0.23839,-2.2489,-3.3765,-10.484,-9.4808,-4.9008,-7.7693,-6.6878
-0.35582,-2.8896,-4.7417,2.3989,1.7155,-2.7006,-4.2828,-10.299,-9.3124,-4.6206,-7.0591,-6.2104
1.1095,-2.5618,-5.7605,1.7049,2.9709,-2.8443,-5.1987,-9.9639,-9.1551,-4.4267,-6.4781,-5.7787
2.1005,-2.1711,-6.1156,1.1278,3.6734,-2.7029,-6.0033,-9.4665,-9.0561,-4.3521,-6.0791,-5.4428
2.3458,-1.8954,-5.8576,0.86705,3.7012,-2.4171,-6.6039,-8.8741,-9.0577,-4.4083,-5.9009,-5.2478
1.8228,-1.8761,-5.2505,1.0254,3.165,-2.1812,-6.9511,-8.3166,-9.17,-4.5822,-5.9617,-5.2251
0.75995,-2.1624,-4.6574,1.5757,2.3473,-2.1515,-7.0455,-7.9321,-9.3574,-4.8394,-6.2481,-5.3867
-0.43271,-2.682,-4.3962,2.3463,1.601,-2.374,-6.9399,-7.8028,-9.5466,-5.1304,-6.7083,-5.7118
-1.2904,-3.2508,-4.629,3.0525,1.2439,-2.7676,-6.7334,-7.9142,-9.6544,-5.4039,-7.2566,-6.1458
-1.4329,-3.631,-5.3162,3.3926,1.4701,-3.1621,-6.5465,-8.1588,-9.6224,-5.6179,-7.7895,-6.6083
-0.66952,-3.6217,-6.2327,3.1663,2.2889,-3.3636,-6.4776,-8.3855,-9.4401,-5.7496,-8.2077,-7.0087
0.9252,-3.1381,-7.0422,2.3528,3.501,-3.2258,-6.5703,-8.4733,-9.1429,-5.7964,-8.4363,-7.2653
2.9768,-2.2464,-7.4099,1.1249,4.7408,-2.7041,-6.8145,-8.3748,-8.7853,-5.7695,-8.4358,-7.3245
4.8837,-1.1432,-7.1103,-0.20106,5.5858,-1.8656,-7.1696,-8.108,-8.4114,-5.6835,-8.2133,-7.1767
6.0037,-0.090147,-6.0515,-1.261,5.6698,-0.84659,-7.5908,-7.7248,-8.0336,-5.5477,-7.8208,-6.8622
5.8608,0.67337,-4.2305,-1.751,4.7639,0.21008,-8.0408,-7.2882,-7.6324,-5.3633,-7.3419,-6.4611
4.2941,1.0027,-1.7553,-1.5105,2.8416,1.1884,-8.4798,-6.859,-7.172,-5.1246,-6.8595,-6.0663
1.5102,0.87541,1.1079,-0.56048,0.11824,1.9996,-8.8501,-6.4747,-6.6211,-4.8273,-6.4175,-5.7514
-1.9778,0.37442,3.9579,0.90391,-2.9743,2.5837,-9.0806,-6.1275,-5.9716,-4.4738,-6.0065,-5.5485
-5.4902,-0.35773,6.3299,2.5671,-5.8739,2.9041,-9.1117,-5.7685,-5.25,-4.0793,-5.5918,-5.4436
-8.3492,-1.1761,7.7805,4.0891,-8.0049,2.9215,-8.926,-5.3399,-4.5163,-3.6734,-5.1568,-5.3935
-10.044,-1.9831,7.9793,5.2088,-8.92,2.573,-8.5622,-4.8135,-3.8535,-3.296,-4.7145,-5.3489
-10.329,-2.7501,6.795,5.8046,-8.4179,1.7881,-8.099,-4.209,-3.3411,-2.9861,-4.2975,-5.2726
-9.2462,-3.498,4.3495,5.8914,-6.5951,0.54206,-7.6216,-3.582,-3.0256,-2.7706,-3.9358,-5.1478
-7.0909,-4.2489,1.0081,5.5768,-3.8251,-1.0879,-7.1899,-2.9978,-2.903,-2.6535,-3.6552,-4.9805
-4.3696,-4.9832,-2.6969,5.0181,-0.65685,-2.9077,-6.8226,-2.511,-2.9241,-2.6187,-3.4783,-4.7949
-1.6762,-5.6375,-6.1905,4.3889,2.3441,-4.6537,-6.5019,-2.1582,-3.0208,-2.6363,-3.4203,-4.6237
0.49337,-6.1304,-8.9824,3.8391,4.7404,-6.074,-6.2011,-1.9582,-3.1372,-2.674,-3.4811,-4.4943
1.8805,-6.3894,-10.766,3.4474,6.2962,-6.9951,-5.9133,-1.911,-3.25,-2.7083,-3.642,-4.419
2.4887,-6.3675,-11.462,3.1961,6.9733,-7.3509,-5.66,-1.9911,-3.3676,-2.7284,-3.8655,-4.3887
2.5234,-6.0501,-11.2,2.99,6.9007,-7.1742,-5.4712,-2.1443,-3.5115,-2.736,-4.1001,-4.3744
2.2951,-5.4565,-10.244,2.7091,6.3345,-6.5725,-5.3591,-2.3007,-3.6956,-2.7395,-4.2907,-4.3353
2.1084,-4.6438,-8.934,2.2698,5.5795,-5.7037,-5.3043,-2.3981,-3.915,-2.7479,-4.3924,-4.2345
2.1559,-3.7129,-7.6233,1.6686,4.8965,-4.7472,-5.2613,-2.406,-4.1507,-2.7668,-4.3829,-4.0564
2.4512,-2.8018,-6.5897,0.99399,4.4398,-3.8662,-5.1734,-2.3343,-4.3764,-2.7967,-4.2661,-3.8155
2.8473,-2.0606,-5.9575,0.40136,4.2262,-3.1794,-4.987,-2.2242,-4.5666,-2.8316,-4.0662,-3.5529
3.1221,-1.616,-5.685,0.058664,4.1431,-2.7528,-4.6607,-2.1283,-4.702,-2.8579,-3.8141,-3.3139
3.0714,-1.5386,-5.6342,0.085326,4.0231,-2.6021,-4.1703,-2.0897,-4.7723,-2.8549,-3.537,-3.1201
2.5854,-1.8189,-5.657,0.50742,3.7473,-2.6936,-3.516,-2.1311,-4.7803,-2.7999,-3.2551,-2.9604
1.6886,-2.3632,-5.6423,1.2438,3.2875,-2.9499,-2.7267,-2.2534,-4.7425,-2.6848,-2.9894,-2.8094
0.53219,-3.0208,-5.5305,2.1325,2.6894,-3.2685,-1.8602,-2.4365,-4.684,-2.5279,-2.7628,-2.6578
-0.66386,-3.6347,-5.3128,2.989,2.0415,-3.5526,-0.99323,-2.6428,-4.6316,-2.3701,-2.5935,-2.52
-1.6878,-4.0907,-5.0204,3.6682,1.4431,-3.7384,-0.2047,-2.8277,-4.6018,-2.258,-2.4942,-2.4262
-2.3991,-4.3457,-4.7158,4.0995,0.97789,-3.8106,0.43812,-2.9554,-4.5997,-2.229,-2.4847,-2.4074
-2.7527,-4.4294,-4.4861,4.2871,0.70381,-3.806,0.88613,-3.0121,-4.624,-2.3007,-2.5956,-2.4801
-2.781,-4.4207,-4.4303,4.2853,0.6547,-3.7997,1.1093,-3.0153,-4.6758,-2.4685,-2.8475,-2.6374
-2.5468,-4.4089,-4.6297,4.1656,0.84477,-3.8741,1.0984,-3.0126,-4.7574,-2.6993,-3.2197,-2.849
-2.1059,-4.4515,-5.1082,3.9846,1.2626,-4.0763,0.87059,-3.0619,-4.8607,-2.9341,-3.6368,-3.0658
-1.5064,-4.5453,-5.7989,3.7679,1.8571,-4.3847,0.47484,-3.1956,-4.9586,-3.0987,-3.9849,-3.2212
-0.81178,-4.6241,-6.5365,3.5153,2.5274,-4.7028,-0.011502,-3.3895,-5.0081,-3.1234,-4.1439,-3.2349
-0.12205,-4.5866,-7.0812,3.2174,3.1211,-4.886,-0.49989,-3.5589,-4.9668,-2.9632,-4.0211,-3.0348
0.42093,-4.3424,-7.169,2.8766,3.4498,-4.7856,-0.91828,-3.5886,-4.812,-2.6132,-3.5837,-2.5921
0.65846,-3.8577,-6.5791,2.5255,3.3324,-4.2979,-1.2345,-3.3831,-4.5499,-2.1121,-2.8759,-1.9505
0.46927,-3.1795,-5.225,2.2283,2.6637,-3.4112,-1.4579,-2.9069,-4.2094,-1.5292,-2.0111,-1.2226
-0.17917,-2.4257,-3.2417,2.0581,1.4769,-2.2407,-1.615,-2.1977,-3.8275,-0.94211,-1.138,-0.55063
-1.204,-1.7511,-0.99173,2.0605,-0.034966,-1.0136,-1.7134,-1.3527,-3.4378,-0.41629,-0.39392,-0.052756
-2.397,-1.3051,1.0311,2.2303,-1.5428,0.00018279,-1.7251,-0.49653,-3.067,0.004546,0.13523,0.218
-3.4479,-1.1911,2.324,2.511,-2.6451,0.56557,-1.603,0.25808,-2.739,0.29918,0.43028,0.28264
-4.032,-1.4421,2.4983,2.8159,-2.9729,0.52975,-1.3201,0.84513,-2.4763,0.46436,0.52458,0.21725
-3.9264,-2.0203,1.3922,3.0591,-2.3151,-0.15341,-0.90054,1.2584,-2.2967,0.50904,0.47169,0.12094
-3.1016,-2.837,-0.88133,3.1926,-0.70474,-1.4101,-0.42139,1.5368,-2.2055,0.44965,0.32649,0.082574
-1.7614,-3.7811,-3.9417,3.2358,1.5588,-3.0502,0.016844,1.7306,-2.1892,0.30643,0.14362,0.15078
-0.29986,-4.741,-7.1891,3.2712,3.9539,-4.7948,0.32914,1.8703,-2.2181,0.1018,-0.029021,0.31669
0.82366,-5.6134,-9.9327,3.4012,5.8705,-6.3287,0.47533,1.9568,-2.2557,-0.1365,-0.16391,0.5247
1.2377,-6.3028,-11.573,3.6948,6.805,-7.3725,0.47299,1.9761,-2.2671,-0.37002,-0.25499,0.71113
0.78154,-6.7218,-11.768,4.1541,6.5302,-7.7538,0.39412,1.9246,-2.2219,-0.54997,-0.30032,0.84609
-0.43487,-6.8057,-10.545,4.703,5.1628,-7.4487,0.34429,1.823,-2.0954,-0.62637,-0.28401,0.95108
-2.0557,-6.534,-8.2967,5.2013,3.1151,-6.5804,0.4247,1.7088,-1.8744,-0.56186,-0.17601,1.0849
-3.5927,-5.9419,-5.6573,5.4851,0.96871,-5.3788,0.68824,1.6158,-1.5656,-0.34411,0.052178,1.3131
-4.5907,-5.115,-3.305,5.4237,-0.70306,-4.1166,1.11,1.5582,-1.1994,0.0076107,0.4102,1.6797
-4.7705,-4.1683,-1.7552,4.9651,-1.5162,-3.0368,1.5909,1.531,-0.82217,0.44501,0.8787,2.1867
-4.095,-3.2185,-1.2067,4.1518,-1.3736,-2.2868,1.9968,1.5228,-0.47864,0.90118,1.4087,2.7841
-2.7564,-2.3568,-1.5065,3.1081,-0.45533,-1.8816,2.2163,1.5282,-0.19475,1.3062,1.9314,3.3735
-1.11,-1.6282,-2.2449,2.0051,0.85822,-1.7111,2.208,1.5513,0.029255,1.6057,2.3755,3.8366
0.42727,-1.0282,-2.9243,1.0159,2.1024,-1.5945,2.0171,1.6018,0.21108,1.7799,2.6879,4.0849
1.4963,-0.5251,-3.1384,0.27634,2.8773,-1.3657,1.7499,1.6844,0.3674,1.8497,2.8492,4.1022
1.8917,-0.10164,-2.7285,-0.13643,2.9898,-0.95704,1.5203,1.7924,0.49508,1.8603,2.8755,3.9441
1.5999,0.21163,-1.8468,-0.20348,2.5041,-0.44279,1.3922,1.8999,0.56602,1.8493,2.8041,3.6895
0.78129,0.33619,-0.87565,0.054357,1.6765,-0.013663,1.3513,1.9707,0.54003,1.8238,2.6705,3.3896
-0.29776,0.17656,-0.26023,0.59575,0.84233,0.10459,1.3236,1.9677,0.38536,1.7584,2.4948,3.0518
-1.3599,-0.33571,-0.34655,1.3602,0.3157,-0.25865,1.2211,1.8596,0.091989,1.6107,2.2811,2.6551
-2.1874,-1.2026,-1.2817,2.2569,0.3106,-1.1555,0.98707,1.6276,-0.32699,1.3429,2.0258,2.1741
-2.6402,-2.3365,-2.9845,3.1622,0.89104,-2.4926,0.62442,1.2789,-0.83915,0.94399,1.7277,1.5968
-2.6522,-3.5549,-5.1629,3.9286,1.9558,-4.0378,0.20452,0.85611,-1.3957,0.44261,1.3961,0.93676
-2.2429,-4.601,-7.3625,4.4131,3.2603,-5.46,-0.14611,0.43145,-1.936,-0.095523,1.0561,0.23862
-1.5295,-5.2154,-9.0642,4.5219,4.4768,-6.4142,-0.28175,0.0797,-2.3977,-0.5859,0.7481,-0.42449
-0.71589,-5.24,-9.8273,4.2487,5.2839,-6.6549,-0.08354,-0.15186,-2.7299,-0.95189,0.52116,-0.96563
-0.058509,-4.6857,-9.427,3.6915,5.4556,-6.1262,0.49951,-0.25748,-2.9127,-1.1487,0.42183,-1.307
0.1955,-3.7298,-7.9338,3.0415,4.9196,-4.9792,1.4327,-0.26405,-2.959,-1.1747,0.48286,-1.4023
-0.11393,-2.651,-5.6982,2.5298,3.7687,-3.5156,2.6101,-0.21004,-2.907,-1.067,0.7132,-1.2493
-1.001,-1.742,-3.2342,2.3485,2.229,-2.0919,3.8946,-0.12849,-2.8046,-0.88371,1.0914,-0.88801
-2.3196,-1.2297,-1.0484,2.583,0.59614,-1.0114,5.1616,-0.042636,-2.6923,-0.68149,1.566,-0.38777
-3.7887,-1.1981,0.51548,3.1665,-0.84095,-0.42559,6.3274,0.030374,-2.5923,-0.49903,2.0659,0.17006
-5.0523,-1.5169,1.3621,3.8703,-1.8654,-0.27831,7.3564,0.07947,-2.5035,-0.34978,2.5203,0.70947
-5.774,-1.865,1.6328,4.3747,-2.3692,-0.33734,8.2563,0.10807,-2.4039,-0.22418,2.8777,1.1743
-5.7369,-1.8895,1.6055,4.4035,-2.3603,-0.30838,9.0671,0.14216,-2.2596,-0.098123,3.1173,1.5373
-4.9136,-1.3859,1.557,3.8408,-1.9429,0.027347,9.8421,0.22502,-2.0398,0.055179,3.2488,1.8037
-3.487,-0.39087,1.6452,2.7836,-1.2811,0.71306,10.614,0.39444,-1.7336,0.25437,3.307,2.0068
-1.812,0.82904,1.8493,1.5165,-0.55218,1.5874,11.362,0.66504,-1.3576,0.50496,3.3449,2.1915
-0.32161,1.8719,1.9937,0.41557,0.095196,2.3358,11.999,1.0163,-0.95036,0.79666,3.4239,2.3854
0.59909,2.3529,1.8444,-0.18038,0.56935,2.6159,12.404,1.4017,-0.554,1.1131,3.5951,2.578
0.73193,2.0603,1.2351,-0.074583,0.8451,2.2196,12.483,1.7721,-0.19663,1.4422,3.8814,2.7261
0.096701,1.0351,0.16209,0.72818,0.95651,1.1752,12.214,2.0987,0.11365,1.7789,4.2683,2.7778
-1.0531,-0.45479,-1.2097,2.0075,0.97868,-0.27439,11.644,2.3815,0.3809,2.1142,4.7052,2.6933
-2.3158,-2.0054,-2.6233,3.3815,1.0058,-1.7778,10.87,2.6412,0.60925,2.4249,5.1172,2.4509
-3.2797,-3.2082,-3.8323,4.4447,1.1276,-2.9943,10.02,2.9036,0.79715,2.6761,5.4281,2.0531
-3.6571,-3.7949,-4.6784,4.9231,1.4051,-3.6969,9.2314,3.1865,0.93935,2.8387,5.5958,1.5357
-3.3657,-3.7273,-5.1268,4.7583,1.848,-3.8433,8.6152,3.491,1.027,2.9061,5.635,0.97087
-2.5372,-3.1903,-5.2573,4.0964,2.406,-3.5757,8.2271,3.7959,1.0519,2.8959,5.6135,0.44891
-1.4607,-2.4875,-5.2163,3.2094,2.9796,-3.135,8.0531,4.0586,1.0034,2.8365,5.6187,0.046936
-0.48486,-1.9013,-5.1498,2.3957,3.4518,-2.7456,8.0271,4.2258,0.87204,2.752,5.7205,-0.1971
0.097121,-1.6096,-5.1504,1.9009,3.727,-2.5454,8.064,4.2539,0.65598,2.6541,5.9486,-0.29362
0.14831,-1.6664,-5.2347,1.8531,3.7649,-2.5671,8.0932,4.1322,0.36815,2.5429,6.287,-0.29237
-0.26548,-1.9931,-5.347,2.2105,3.5966,-2.742,8.0749,3.8975,0.038634,2.4133,6.6839,-0.25976
-0.90934,-2.3901,-5.3836,2.7645,3.3124,-2.9259,8.0048,3.6186,-0.28915,2.2669,7.0719,-0.25111
-1.4811,-2.5973,-5.2285,3.2306,3.02,-2.9481,7.9129,3.3653,-0.56665,2.1222,7.3969,-0.2875
-1.7406,-2.3833,-4.7846,3.3767,2.7897,-2.6616,7.8566,3.1698,-0.74804,2.0176,7.6443,-0.34354
-1.6134,-1.6131,-3.9812,3.1127,2.6143,-1.9738,7.9067,3.0246,-0.79409,2.0078,7.8554,-0.34981
-1.2148,-0.26815,-2.7648,2.4999,2.4067,-0.86042,8.1293,2.9129,-0.67233,2.1523,8.119,-0.21323
-0.77654,1.5863,-1.1005,1.6915,2.0392,0.64216,8.5659,2.8431,-0.35645,2.4976,8.5327,0.14716
-0.54193,3.8679,1.0154,0.85626,1.4083,2.4779,9.2216,2.8637,0.17172,3.062,9.1506,0.76361
-0.6786,6.5363,3.5623,0.12671,0.49539,4.6325,10.076,3.0503,0.91826,3.826,9.952,1.6034
-1.1992,9.6067,6.5161,-0.43689,-0.60064,7.174,11.117,3.4765,1.8747,4.7402,10.853,2.5839
-1.9136,13.115,9.8295,-0.89631,-1.681,10.211,12.38,4.1816,3.0208,5.748,11.755,3.6128
-2.475,17.073,13.314,-1.4618,-2.5157,13.758,13.945,5.1531,4.3318,6.8114,12.599,4.6316
-2.5168,21.442,16.537,-2.4282,-2.9361,17.683,15.914,6.3351,5.7892,7.9293,13.403,5.6436
-1.7994,26.139,19.051,-4.0442,-2.9124,21.898,18.339,7.6545,7.384,9.1408,14.246,6.7143
-0.30757,31.062,20.876,-6.407,-2.5937,26.467,21.164,9.0491,9.1077,10.51,15.23,7.9456
1.7207,36.094,22.629,-9.4353,-2.2906,31.465,24.199,10.476,10.941,12.097,16.423,9.4288
3.839,41.142,25.175,-12.901,-2.3916,36.859,27.19,11.896,12.836,13.918,17.819,11.201
5.512,46.147,29.181,-16.513,-3.2349,42.506,29.945,13.236,14.703,15.921,19.333,13.221
6.2817,51.085,34.851,-20.048,-4.9963,48.21,32.397,14.402,16.427,17.969,20.85,15.389
5.9077,55.933,41.821,-23.428,-7.6387,53.785,34.584,15.35,17.885,19.866,22.279,17.583
4.4327,60.622,49.28,-26.628,-10.933,59.075,36.582,16.145,18.978,21.419,23.576,19.712
2.1663,65.004,56.377,-29.5,-14.535,63.927,38.445,16.881,19.65,22.52,24.734,21.728
-0.41085,68.925,62.632,-31.845,-18.089,68.198,40.195,17.559,19.903,23.198,25.763,23.611
-2.788,72.435,67.874,-33.687,-21.33,71.835,41.819,18.073,19.772,23.572,26.683,25.334
-4.5507,75.804,71.868,-35.25,-24.056,74.896,43.221,18.261,19.3,23.761,27.505,26.863
-5.4538,79.249,74.391,-36.757,-26.002,77.454,44.18,17.957,18.52,23.811,28.22,28.174
-5.4448,82.782,75.596,-38.374,-26.921,79.681,44.387,16.996,17.455,23.701,28.795,29.268
-4.6524,86.382,76.154,-40.22,-26.896,81.984,43.49,15.217,16.129,23.37,29.183,30.17
-3.3586,90.114,77.284,-42.32,-26.429,84.826,40.984,12.533,14.565,22.765,29.344,30.919
-1.9391,94.019,80.26,-44.568,-26.189,88.399,36.107,9.025,12.795,21.871,29.262,31.54
-0.74938,97.992,85.302,-46.772,-26.652,92.491,28.226,4.9677,10.851,20.722,28.941,32.038
-0.011305,101.8,91.427,-48.712,-27.865,96.619,17.752,0.72643,8.7761,19.38,28.395,32.396
0.24918,105.19,97.366,-50.22,-29.484,100.29,6.3151,-3.3923,6.6123,17.917,27.646,32.579
0.20329,107.92,102.08,-51.22,-30.952,103.09,-4.2189,-7.2097,4.4063,16.392,26.722,32.538
0.16146,109.74,104.59,-51.753,-31.721,104.68,-12.642,-10.643,2.2086,14.82,25.651,32.232
0.46622,110.23,103.92,-51.968,-31.365,104.66,-18.613,-13.692,0.078324,13.163,24.45,31.644
1.3648,108.76,99.771,-52.102,-29.647,102.77,-22.472,-16.475,-1.9275,11.36,23.112,30.802
2.91,105.21,93.255,-52.457,-26.579,99.131,-24.928,-19.156,-3.7659,9.3997,21.619,29.773
4.9578,100.62,85.809,-53.227,-22.413,94.327,-26.724,-21.765,-5.4266,7.3622,19.968,28.641
7.2871,96.19,78.102,-54.108,-17.552,89.02,-28.328,-24.157,-6.9398,5.3816,18.188,27.467
9.7048,92.024,70.188,-54.185,-12.493,83.516,-29.849,-26.178,-8.3618,3.5692,16.345,26.25
12,87.578,62.048,-52.724,-7.7161,77.734,-31.189,-27.802,-9.7461,1.9647,14.518,24.922
13.863,82.372,53.883,-49.733,-3.5355,71.459,-32.211,-29.096,-11.12,0.54499,12.764,23.382
14.937,76.145,45.837,-45.569,-0.081468,64.547,-32.843,-30.128,-12.482,-0.73865,11.109,21.545
14.931,68.911,37.759,-40.598,2.5926,57.055,-33.111,-30.924,-13.814,-1.9298,9.5637,19.409
13.719,61.002,29.573,-35.155,4.4125,49.383,-33.113,-31.47,-15.099,-3.0533,8.1369,17.058
11.369,52.933,21.84,-29.523,5.2532,42.241,-32.951,-31.762,-16.33,-4.1169,6.8403,14.631
8.1384,45.204,16.194,-23.894,4.9919,36.225,-32.667,-31.838,-17.51,-5.1219,5.6834,12.264
4.4047,38.229,14.018,-18.375,3.6395,31.501,-32.216,-31.792,-18.644,-6.0742,4.6634,10.056
0.56078,32.23,14.372,-13.009,1.4229,27.85,-31.495,-31.752,-19.738,-6.9942,3.7604,8.0422
-3.0556,27.031,15.794,-7.846,-1.2645,24.769,-30.437,-31.84,-20.801,-7.9207,2.9402,6.2071
-6.1381,21.95,17.363,-3.0967,-3.9745,21.574,-29.089,-32.132,-21.85,-8.9074,2.1631,4.5071
-8.4335,16.204,18.478,0.75026,-6.3082,17.841,-27.619,-32.621,-22.908,-10.01,1.3935,2.9083
-9.8203,10.279,18.857,3.2476,-7.9906,14.026,-26.239,-33.229,-23.996,-11.268,0.60459,1.4073
-10.331,5.8265,18.544,4.4649,-8.9013,11.008,-25.112,-33.841,-25.124,-12.681,-0.21911,0.022977
-10.108,3.2307,17.724,4.8633,-9.066,8.9515,-24.288,-34.363,-26.28,-14.208,-1.0798,-1.2305
-9.3534,1.708,16.562,4.8982,-8.6272,7.4444,-23.697,-34.746,-27.421,-15.779,-1.9659,-2.357
-8.2962,0.58929,15.212,4.8566,-7.8006,6.1354,-23.204,-34.994,-28.485,-17.327,-2.8551,-3.3717
-7.1522,-0.40618,13.821,4.8643,-6.8107,4.9082,-22.677,-35.146,-29.417,-18.837,-3.7238,-4.2886
-6.0808,-1.3082,12.486,4.9292,-5.8193,3.7956,-22.055,-35.255,-30.207,-20.369,-4.5577,-5.1175
-5.1749,-2.0374,11.265,4.9914,-4.9097,2.8788,-21.359,-35.369,-30.906,-22.056,-5.361,-5.8711
-4.4843,-2.5082,10.248,4.9804,-4.1501,2.2228,-20.661,-35.516,-31.615,-24.059,-6.1572,-6.5706
-4.0478,-2.692,9.5578,4.8711,-3.6458,1.8521,-20.031,-35.697,-32.445,-26.482,-6.9835,-7.2422
-3.9385,-2.6364,9.2809,4.7163,-3.5171,1.7607,-19.499,-35.902,-33.478,-29.292,-7.8825,-7.91
-4.2742,-2.4479,9.4305,4.6341,-3.8478,1.9155,-19.038,-36.124,-34.738,-32.29,-8.8935,-8.5935
-5.118,-2.2562,9.9596,4.7443,-4.6411,2.2399,-18.569,-36.358,-36.181,-35.204,-10.042,-9.3087
-6.3757,-2.1726,10.749,5.0992,-5.7835,2.611,-17.99,-36.592,-37.692,-37.817,-11.329,-10.068
-7.7992,-2.252,11.587,5.6498,-7.0403,2.8931,-17.206,-36.777,-39.102,-40.028,-12.722,-10.873
-9.0544,-2.4721,12.231,6.2509,-8.1097,2.9898,-16.169,-36.829,-40.221,-41.837,-14.157,-11.707
-9.81,-2.7435,12.501,6.7042,-8.7198,2.8755,-14.893,-36.65,-40.886,-43.294,-15.565,-12.543
-9.8241,-2.9517,12.348,6.8315,-8.7127,2.5932,-13.435,-36.15,-41.005,-44.467,-16.915,-13.361
-9.0167,-3.0092,11.828,6.5466,-8.085,2.2232,-11.863,-35.253,-40.573,-45.414,-18.24,-14.177
-7.5267,-2.8903,11.059,5.8963,-6.9968,1.8459,-10.229,-33.896,-39.649,-46.17,-19.625,-15.042
-5.7365,-2.6338,10.214,5.0615,-5.7619,1.5251,-8.5345,-32.044,-38.292,-46.739,-21.164,-16.014
-4.235,-2.321,9.5347,4.3266,-4.7986,1.313,-6.7188,-29.734,-36.487,-47.096,-22.937,-17.152
-3.7255,-2.0486,9.2869,4.041,-4.5254,1.2461,-4.6706,-27.192,-34.14,-47.185,-25.016,-18.528
-4.8996,-1.9202,9.6718,4.5794,-5.2345,1.323,-2.3162,-25.207,-31.196,-46.93,-27.508,-20.286
-8.2059,-2.042,10.775,6.2543,-6.9985,1.4958,-0.041734,-26.422,-27.899,-46.234,-30.559,-22.783
-13.468,-2.4967,12.56,9.1072,-9.6521,1.6777,-0.46039,-36.278,-25.421,-44.97,-34.174,-26.743
-19.901,-3.3068,14.888,12.732,-12.907,1.7554,-3.1309,-39.892,-27.794,-42.949,-37.764,-30.474
-26.724,-4.4339,17.522,16.466,-16.58,1.6114,3.9536,-26.743,-34.026,-39.851,-39.542,-32.739
-33.253,-5.8261,20.072,19.755,-20.564,1.1764,15.501,-9.8605,-27.216,-35.198,-40.08,-34.743
-38.718,-7.4636,21.962,22.299,-24.293,0.52926,27.857,7.9097,-18.076,-29.318,-41.227,-37.022
-42.758,-9.3702,22.755,24.138,-26.945,0.048218,39.906,25.709,-9.4293,-28.918,-43.12,-40.399
-46.526,-11.711,22.769,26.367,-28.215,0.48746,51.711,44.336,-0.37705,-35.061,-45.753,-45.481
-52.426,-16.787,23.3,34.197,-28.651,1.4126,65.258,66.639,11.245,-34.195,-51.557,-53.159
-58.556,-36.714,25.897,48.754,-29.762,-2.3752,84.699,96.84,28.979,-32.183,-61.977,-66.741
-64.086,-46.245,31.364,55.123,-33.928,-12.726,114.75,140.09,56.875,-28.88,-78.939,-90.14
-70.921,-49.998,39.295,61.09,-42.141,-16.56,156.74,203.47,97.912,-23.126,-104.24,-126.14
-79.216,-48.799,48.604,65.704,-53.358,-11.72,208.17,288.43,152.83,-13.69,-137.87,-175.21
-86.761,-41.472,58.737,66.407,-65.544,-0.6074,264.54,387.08,219.97,0.7025,-176.99,-232.72
-89.751,-27.448,70.715,61.009,-75.445,15.836,319.29,486.75,297.47,22.969,-214.59,-289.61
-84.174,-6.0843,85.616,47.396,-79.714,35.752,364.25,580.16,385.22,59.585,-238.4,-333.3
-66.328,23.535,97.01,23.521,-75.106,57.71,392.34,667.17,486.86,120.59,-231.95,-349.34
-32.827,62.571,99.49,-12.574,-59.427,81.319,398.92,746.56,609.29,216.57,-178.36,-324.3
18.22,112.7,95.809,-62.787,-33.285,107.61,380.82,814.8,755.25,354.64,-64.977,-246.45
85.488,176.15,91.177,-128.11,1.0777,138.98,335.14,864.4,916.67,537.69,116.51,-103.19
165.18,254.38,88.727,-207.62,40.475,177.51,259,883.2,1076,761.49,367.25,109.58
252.45,346.21,92.405,-298.2,81.094,223.93,151.47,855.29,1207.8,1010,676.27,383.35
340.39,447.18,106.21,-394.18,117.77,278.41,18.592,762.86,1279.2,1255.7,1019.4,700.51
419.41,550.14,132.75,-487.01,144.41,340.43,-128.94,591.7,1256.5,1463.8,1360.9,1033.2
479.16,645.66,170.91,-566.31,155.67,405.93,-280.88,339.03,1117.3,1599,1658.1,1345.7
512.02,722.15,215.05,-621.92,149.48,465.8,-424.85,19.618,860.93,1633.5,1869,1600.2
515.57,767.42,255.77,-646.24,129.88,507.95,-547.76,-333.87,510.04,1552.2,1960.7,1764.1
493.01,772.04,281.76,-636.62,105.22,521.79,-638.54,-678.68,104.71,1355.5,1915.7,1816.6
451.86,732.71,283.44,-596.05,83.958,501.95,-690.74,-975.24,-310.28,1057.4,1736.3,1753.5
400.56,654.8,258.04,-531.96,71.222,450.43,-704.88,-1198.6,-697.46,682.44,1442.8,1587.5
345.22,552.08,213.47,-454.15,66.098,377.77,-688.33,-1343.4,-1032.7,262.48,1069,1344.4
288.23,442.83,165.02,-372.23,61.866,300.52,-652.63,-1421.4,-1305.5,-167.23,655.72,1056.1
229.48,343.12,127.06,-293.13,51.266,234.06,-610.27,-1453.7,-1515.2,-571.73,243.73,753.98
168.48,260.54,105.97,-219.85,31.541,184.79,-572.58,-1462.3,-1665.2,-920.12,-131.24,464.22
105.83,192.02,97.685,-151.8,4.5802,148.06,-547.68,-1462.2,-1759.1,-1189.6,-442.41,205.48
46.069,128.23,90.402,-86.701,-18.287,113,-538.79,-1458.5,-1801.2,-1369.1,-674.8,-10.889
-3.685,61.015,71.859,-24.214,-25.922,69.573,-544.15,-1447.8,-1796.5,-1460.2,-826.19,-180.47
-39.951,-11.822,36.625,33.387,-22.071,14.023,-558.99,-1423.3,-1751.2,-1475.6,-905.1,-304.35
-62.055,-85.373,-11.421,82.656,-14.544,-48.777,-578.2,-1379.4,-1672.5,-1434.1,-926.33,-386.6
-72.989,-149.74,-61.062,119.71,-8.1323,-107.2,-596.95,-1313.4,-1567.9,-1354.8,-905.97,-432.32
-77.31,-194.21,-98.552,141.46,-3.0695,-148.58,-609.2,-1225.9,-1444.3,-1252.8,-858.04,-447.06
-78.256,-212.06,-114.87,146.9,0.64877,-165.61,-609.09,-1119.2,-1308.1,-1138.6,-793.12,-437.1
-75.804,-204.66,-110.35,138.04,2.8926,-159.34,-593.07,-997.11,-1165.4,-1018.8,-718.86,-409.73
-68.727,-181.18,-92.568,120.18,3.7961,-137.89,-560.49,-865.46,-1021.4,-898.21,-641.07,-372.77
-54.708,-152.3,-70.521,99.821,3.8038,-111.8,-513.25,-731.48,-879.08,-780.29,-564.34,-333.36
-36.399,-125.25,-52.41,81.495,3.4914,-89.423,-455.18,-602.23,-741.33,-667.75,-491.88,-296.45
-25.939,-103.88,-42.216,67.014,3.2817,-74.611,-391.2,-482.99,-612.43,-562.68,-425.26,-263.96
-17.594,-88.118,-38.115,55.965,3.4347,-66.578,-326.5,-377.98,-496.19,-467.44,-364.54,-234.81
-9.8149,-74.952,-35.74,46.441,3.9922,-61.634,-266.05,-289.45,-394.68,-383.39,-310.58,-206.88
-3.5511,-60.819,-36.431,38.08,4.7869,-54.526,-213.32,-215.71,-308.23,-310.14,-264.59,-180.25
0.46735,-51.566,-35.237,31.594,5.4775,-47.693,-168.11,-154.01,-235.83,-247.21,-219.59,-153.44
2.1516,-46.093,-31.22,26.593,5.6763,-44.372,-127.48,-102.1,-175.52,-194.03,-177.09,-129.16
2.114,-42.42,-23.431,22.84,5.187,-41.761,-92.057,-58.921,-125.12,-149.91,-139.25,-106.44
1.0306,-40.19,-14.442,20.163,4.1027,-38.071,-64.815,-24.875,-82.474,-114.18,-107.69,-82.685
-0.52789,-36.992,-9.6415,16.609,2.7315,-32.516,-47.284,0.42781,-46.594,-86.257,-83.732,-62.312
-2.051,-31.788,-7.5716,12.497,1.4658,-27.896,-37.839,18.717,-18.71,-65.182,-67.763,-48.711
-3.1319,-27.163,-6.8398,10.219,0.65163,-25.114,-33.435,31.671,1.0712,-49.419,-58.486,-42.154
-3.537,-23.837,-7.0301,9.1056,0.48907,-23.528,-31.624,40.74,14.737,-37.279,-53.376,-41.089
-3.2362,-21.419,-7.8657,8.3499,0.9828,-22.539,-30.87,47.128,24.476,-27.398,-49.799,-42.789
-2.3856,-19.639,-9.0216,7.671,1.9498,-21.817,-30.193,46.611,31.725,-19.033,-45.868,-44.258
-1.2722,-18.416,-10.16,7.0471,3.0804,-21.261,-27.342,32.683,36.67,-12.087,-40.879,-43.182
-0.23434,-17.711,-10.99,6.5565,4.0356,-20.869,-20.273,26.583,30.243,-6.8003,-35.124,-38.168
0.43188,-17.441,-11.324,6.2916,4.5506,-20.625,-12.932,27.304,23.525,-3.2132,-29.474,-32.087
0.55591,-17.458,-11.111,6.2983,4.5078,-20.458,-7.5884,30.238,25.613,-0.94714,-24.959,-28.099
0.13237,-17.565,-10.445,6.5424,3.9521,-20.27,-3.6696,34.489,30.202,0.70682,-21.032,-25.686
-0.69725,-17.586,-9.5292,6.9216,3.0545,-19.996,-0.51173,40.367,36.127,2.5311,-17.672,-24.173
-1.7132,-17.443,-8.6194,7.324,2.0443,-19.646,2.2356,48.456,43.742,4.6949,-14.915,-23.081
-2.7045,-17.168,-7.9339,7.6845,1.1312,-19.29,4.7309,58.802,52.934,7.2159,-12.595,-22.012
-3.5311,-16.84,-7.5765,7.99,0.44224,-18.989,7.0356,70.199,62.374,10.035,-10.552,-20.685
-4.1372,-16.507,-7.4964,8.2441,-0.0038585,-18.733,9.1626,80.689,70.517,13.019,-8.7131,-19.033
-4.5281,-16.148,-7.508,8.4324,-0.28042,-18.421,11.102,89.037,76.881,15.998,-7.0598,-17.222
-4.737,-15.681,-7.3611,8.5124,-0.50833,-17.902,12.839,95.259,81.907,18.83,-5.5796,-15.494
-4.7927,-15,-6.8316,8.4205,-0.80099,-17.044,14.356,100.06,86.266,21.46,-4.2537,-14.004
-4.692,-14.018,-5.805,8.0834,-1.2125,-15.798,15.638,104.19,90.468,23.94,-3.0645,-12.796
-4.3872,-12.709,-4.3328,7.4379,-1.7053,-14.236,16.655,108.18,94.749,26.401,-2.004,-11.844
-3.8062,-11.137,-2.6373,6.4644,-2.1573,-12.532,17.372,112.19,99.085,29,-1.0725,-11.107
-2.9011,-9.4462,-1.0467,5.2175,-2.4122,-10.916,17.761,116.07,103.29,31.878,-0.27269,-10.538
-1.6997,-7.8268,0.11277,3.8348,-2.3443,-9.6106,17.832,119.55,107.19,35.125,0.39731,-10.093
-0.32863,-6.4673,0.60816,2.5163,-1.9019,-8.7642,17.636,122.4,110.72,38.737,0.949,-9.7313
1.0061,-5.5219,0.34287,1.4823,-1.1161,-8.4284,17.246,124.65,113.99,42.562,1.4067,-9.4218
2.0732,-5.1086,-0.64518,0.92255,-0.086181,-8.5883,16.728,126.47,117.18,46.312,1.809,-9.1524
2.6832,-5.3021,-2.2148,0.94983,1.0464,-9.2083,16.127,128.13,120.47,49.695,2.2042,-8.9334
2.7467,-6.0889,-4.1598,1.5625,2.1247,-10.234,15.471,129.88,123.91,52.556,2.6355,-8.7815
2.3038,-7.3169,-6.2272,2.6293,3.0005,-11.546,14.78,131.82,127.43,54.899,3.121,-8.6993
1.5133,-8.6994,-8.12,3.9078,3.5578,-12.928,14.078,133.98,130.89,56.839,3.6536,-8.6641
0.60482,-9.8887,-9.5171,5.0955,3.733,-14.083,13.417,136.29,134.11,58.529,4.2288,-8.6248
-0.17736,-10.569,-10.129,5.8952,3.5282,-14.711,12.881,138.66,137.05,60.11,4.8732,-8.5064
-0.61868,-10.519,-9.7765,6.079,3.01,-14.596,12.567,141,139.7,61.672,5.6368,-8.2268
-0.56806,-9.6566,-8.463,5.5355,2.2933,-13.682,12.551,143.23,142.11,63.248,6.5588,-7.7243
0.021309,-8.0732,-6.3968,4.3045,1.5131,-12.108,12.851,145.3,144.34,64.815,7.6407,-6.9864
1.0555,-6.0337,-3.9502,2.5915,0.79226,-10.189,13.415,147.2,146.42,66.328,8.8453,-6.0615
2.3064,-3.9287,-1.5675,0.73355,0.21619,-8.3358,14.144,149.04,148.35,67.751,10.117,-5.0486
3.4779,-2.1722,0.33544,-0.88575,-0.17499,-6.9347,14.939,151,150.17,69.086,11.409,-4.0639
4.3003,-1.085,1.4551,-1.9405,-0.37538,-6.2351,15.76,153.29,151.93,70.389,12.708,-3.2009
4.613,-0.81965,1.6496,-2.2475,-0.3923,-6.2996,16.653,156.07,153.74,71.756,14.044,-2.4985
4.409,-1.3507,0.9445,-1.8065,-0.22658,-7.0337,17.731,159.33,155.72,73.301,15.48,-1.9268
3.834,-2.5105,-0.50635,-0.78617,0.13832,-8.2442,19.114,162.9,157.94,75.125,17.076,-1.3901
3.137,-4.0436,-2.4858,0.53722,0.73222,-9.6999,20.859,166.53,160.4,77.284,18.857,-0.7486
2.5881,-5.6689,-4.7712,1.8672,1.576,-11.194,22.906,170.01,163.01,79.764,20.8,0.14338
2.3929,-7.1425,-7.1622,2.9674,2.6469,-12.587,25.055,173.22,165.63,82.477,22.868,1.3865
2.6327,-8.3035,-9.4739,3.7055,3.846,-13.806,27.032,176.22,168.15,85.286,25.025,2.9879
3.2515,-9.0801,-11.499,4.0512,4.9893,-14.804,28.62,179.13,170.53,88.071,27.236,4.8429
4.0887,-9.4591,-12.969,4.0443,5.8381,-15.523,29.752,182.09,172.88,90.789,29.468,6.7753
4.9379,-9.4453,-13.576,3.759,6.1646,-15.877,30.519,185.21,175.39,93.495,31.705,8.6197
5.6149,-9.0319,-13.069,3.2687,5.8306,-15.759,31.097,188.54,178.31,96.316,33.973,10.285
6.0296,-8.1949,-11.39,2.6135,4.848,-15.066,31.651,192.09,181.84,99.38,36.336,11.764
6.2535,-6.9295,-8.7613,1.7796,3.4016,-13.761,32.248,195.79,186.02,102.75,38.864,13.11
6.5402,-5.2985,-5.6666,0.70971,1.8214,-11.939,32.827,199.57,190.68,106.41,41.59,14.412
7.2483,-3.4506,-2.7509,-0.66385,0.50522,-9.837,33.25,203.34,195.58,110.22,44.499,15.754
8.6997,-1.6048,-0.65554,-2.3922,-0.18411,-7.8107,33.386,207.02,200.43,114.03,47.533,17.184
11.052,-0.001131,0.17329,-4.502,-0.012518,-6.2562,33.154,210.61,205.08,117.72,50.628,18.684
14.224,1.1648,-0.38097,-6.9582,1.0573,-5.4756,32.557,214.21,209.57,121.27,53.719,20.19
17.885,1.7847,-2.0969,-9.5472,2.8347,-5.5424,31.702,218,214.08,124.73,56.752,21.638
21.544,1.8629,-4.476,-11.844,4.9342,-6.2695,30.781,222.28,218.88,128.19,59.698,23.008
24.744,1.5507,-6.8522,-13.504,6.8872,-7.276,29.989,227.29,224.19,131.77,62.582,24.335
27.271,1.1607,-8.5822,-14.627,8.2957,-8.1066,29.463,233.17,230.13,135.55,65.463,25.681
29.224,1.0682,-9.2459,-15.775,8.9553,-8.3829,29.232,239.82,236.61,139.56,68.4,27.106
30.957,1.5306,-8.768,-17.665,8.9076,-7.9527,29.219,246.92,243.36,143.76,71.424,28.651
32.901,2.5717,-7.4309,-20.762,8.4212,-6.9484,29.26,253.95,249.93,148.07,74.523,30.341
35.342,3.9927,-5.7786,-24.923,7.9211,-5.7222,29.171,260.52,256,152.35,77.664,32.198
38.226,5.4701,-4.4325,-29.324,7.8756,-4.7029,28.816,266.58,261.57,156.55,80.804,34.238
41.201,6.6879,-3.8891,-32.987,8.6313,-4.2384,28.173,272.43,266.88,160.71,83.922,36.455
43.907,7.4591,-4.3763,-35.435,10.235,-4.4779,27.329,278.53,272.35,164.93,87.024,38.819
46.185,7.7938,-5.7948,-36.791,12.395,-5.324,26.43,285.31,278.37,169.36,90.15,41.301
48.073,7.8875,-7.7583,-37.511,14.676,-6.4697,25.612,293.07,285.24,174.13,93.374,43.913
49.735,8.0347,-9.733,-38.137,16.749,-7.5095,24.942,301.91,293.05,179.34,96.817,46.744
51.411,8.5117,-11.227,-39.124,18.517,-8.0856,24.391,311.65,301.66,184.99,100.63,49.955
53.339,9.4913,-11.946,-40.742,20.075,-8.0003,23.849,321.88,310.72,191.02,104.95,53.722
55.627,11.001,-11.851,-43,21.592,-7.2643,23.185,332.01,319.81,197.25,109.8,58.114
58.16,12.905,-11.117,-45.631,23.197,-6.0838,22.302,341.55,328.61,203.45,114.97,62.98
60.649,14.944,-10.046,-48.172,24.933,-4.7834,21.174,350.27,337.02,209.43,120.02,67.984
62.795,16.866,-8.9645,-50.154,26.776,-3.6922,19.843,358.28,345.16,215.07,124.61,72.786
64.413,18.569,-8.1324,-51.316,28.684,-3.0442,18.394,365.91,353.3,220.37,128.71,77.22
65.462,20.106,-7.6799,-51.718,30.61,-2.917,16.927,373.53,361.65,225.38,132.58,81.326
66.112,21.625,-7.5833,-51.69,32.521,-3.2178,15.533,381.37,370.27,230.22,136.44,85.232
66.822,23.342,-7.716,-51.68,34.449,-3.7319,14.289,389.5,379.1,235,140.44,89.069
68.171,25.483,-7.9561,-52.141,36.458,-4.2242,13.244,397.76,387.92,239.82,144.63,92.968
70.415,28.136,-8.2682,-53.411,38.519,-4.5337,12.415,405.97,396.48,244.71,149.1,97.049
73.325,31.206,-8.712,-55.552,40.53,-4.6102,11.778,414.07,404.49,249.67,153.87,101.37
76.562,34.571,-9.4124,-58.321,42.509,-4.4977,11.27,422.16,411.79,254.63,158.88,105.91
80.026,38.219,-10.507,-61.411,44.645,-4.2819,10.813,430.54,418.43,259.53,164.03,110.54
83.838,42.214,-12.071,-64.71,47.157,-4.031,10.331,439.48,424.68,264.36,169.15,115.16
88.105,46.607,-14.045,-68.292,50.14,-3.7562,9.7687,449.16,430.93,269.12,174.11,119.71
92.724,51.363,-16.195,-72.223,53.492,-3.3976,9.0947,459.56,437.62,273.85,178.85,124.29
97.33,56.279,-18.133,-76.348,56.888,-2.8297,8.2917,470.39,444.97,278.6,183.46,129.21
101.44,61.014,-19.392,-80.337,59.865,-1.8951,7.3544,481.2,452.84,283.39,188.21,134.87
104.71,65.298,-19.561,-83.984,62.01,-0.46251,6.2965,491.51,460.62,288.2,193.48,141.5
107.09,69.158,-18.42,-87.369,63.119,1.5298,5.1548,500.9,467.71,293.02,199.48,149.05
108.84,72.878,-16.041,-90.77,63.267,4.0782,3.9613,509.21,473.84,297.78,206.19,157.15
110.42,76.78,-12.787,-94.523,62.78,7.1388,2.6737,516.45,479.06,302.38,213.4,165.33
112.39,81.039,-9.2264,-98.871,62.138,10.629,1.0999,522.79,483.61,306.72,220.82,173.24
115.2,85.598,-5.9667,-103.82,61.803,14.408,-1.113,528.39,487.74,310.77,228.19,180.74
118.96,90.245,-3.4959,-109.08,62.059,18.275,-4.3578,533.39,491.73,314.55,235.31,187.84
123.37,94.758,-2.0619,-114.25,62.903,21.99,-8.8326,537.93,495.79,318.13,242.04,194.62
127.91,99.014,-1.6417,-119.02,64.089,25.337,-14.377,542.14,500,321.57,248.33,201.21
132.2,102.96,-2.0076,-123.28,65.346,28.205,-20.566,546.08,504.24,324.94,254.3,207.82
136.15,106.61,-2.8425,-127.08,66.569,30.66,-26.96,549.69,508.11,328.24,260.16,214.7
139.92,110.05,-3.8484,-130.6,67.837,32.945,-33.267,552.77,511.1,331.39,266.2,222.07
143.76,113.49,-4.8336,-134.06,69.329,35.333,-39.342,555.09,512.77,334.21,272.65,230.13
147.92,117.23,-5.7486,-137.7,71.245,37.903,-45.16,556.46,512.87,336.45,279.46,238.85
152.56,121.54,-6.6408,-141.7,73.699,40.509,-50.832,556.57,511.33,337.98,286.23,247.82
157.66,126.38,-7.579,-146.05,76.584,42.963,-56.677,554.66,508.07,338.75,292.56,256.43
162.87,131.33,-8.5905,-150.52,79.537,45.14,-63.107,549.7,503.1,338.83,298.29,264.26
167.56,135.8,-9.6224,-154.68,82.11,46.99,-70.268,541.03,496.59,338.35,303.5,271.3
171.17,139.48,-10.537,-158.16,83.992,48.543,-77.859,528.65,488.78,337.45,308.29,277.87
173.53,142.39,-11.143,-160.85,85.077,49.909,-85.427,513.06,479.8,336.29,312.74,284.38
174.89,144.87,-11.261,-162.96,85.405,51.246,-92.63,495,469.66,334.96,316.98,291.11
175.66,147.32,-10.782,-164.82,85.114,52.701,-99.243,475.22,458.26,333.5,321.17,298.16
176.28,150.06,-9.7245,-166.76,84.434,54.351,-105.15,454.41,445.56,331.83,325.39,305.47
177.08,153.22,-8.2438,-169.02,83.646,56.174,-110.39,433.16,431.64,329.87,329.61,312.83
178.24,156.72,-6.6102,-171.68,83.005,58.037,-115.12,411.9,416.87,327.53,333.75,319.99
179.81,160.26,-5.1399,-174.67,82.684,59.716,-119.55,390.76,401.85,324.81,337.69,326.67
181.72,163.44,-4.1077,-177.72,82.758,60.967,-123.77,369.54,387.19,321.84,341.38,332.63
183.85,165.86,-3.6696,-180.5,83.214,61.609,-127.78,347.88,373.22,318.79,344.8,337.69
185.99,167.12,-3.8283,-182.63,83.961,61.593,-131.48,325.44,359.86,315.76,347.95,341.78
187.81,166.88,-4.4508,-183.66,84.84,61.015,-134.71,302.18,346.71,312.71,350.73,344.84
188.81,165.03,-5.3295,-183.17,85.652,60.071,-137.36,278.29,333.19,309.5,352.88,346.79
188.47,161.87,-6.2584,-181,86.174,58.967,-139.34,254.2,318.8,305.93,354.03,347.56
186.43,158,-7.092,-177.37,86.191,57.828,-140.6,230.46,303.29,301.8,353.84,347.08
182.69,153.83,-7.7606,-172.71,85.519,56.657,-141.06,207.76,286.82,297.02,352.06,345.38
177.59,149.53,-8.241,-167.37,84.048,55.371,-140.67,186.73,270,291.56,348.59,342.42
171.48,145.03,-8.5027,-161.57,81.765,53.89,-139.39,167.73,253.63,285.15,343.41,338.15
164.61,140.17,-8.4674,-155.29,78.714,52.198,-137.33,150.76,238.37,277.25,336.42,332.34
157.01,134.87,-8.0099,-148.48,74.908,50.37,-134.73,135.44,224.36,267.79,327.58,324.66
148.63,129.15,-6.9973,-141.09,70.298,48.543,-131.83,121.21,211.24,257.42,316.95,314.78
139.57,123.22,-5.3429,-133.34,64.806,46.854,-128.82,107.44,198.3,246.85,304.76,302.58
130.18,117.42,-3.0502,-125.62,58.441,45.379,-125.74,93.624,184.71,236.12,291.31,288.33
120.95,112.15,-0.22676,-118.32,51.484,44.106,-122.52,79.625,169.82,224.83,276.88,272.56
112.4,107.6,2.9328,-111.73,44.565,42.94,-119.03,65.652,153.5,212.52,261.62,256
104.9,103.63,6.1781,-105.9,38.402,41.731,-115.14,51.915,136.34,198.97,245.67,239.43
98.364,99.822,9.2401,-100.56,33.347,40.304,-110.71,38.54,119.46,184.24,229.18,223.41
92.173,95.698,11.895,-95.175,29.165,38.513,-105.69,26.317,103.97,168.71,212.36,208.11
85.61,90.957,14.05,-89.277,25.178,36.318,-100.11,16.534,90.468,153.03,195.41,193.39
78.262,85.552,15.789,-82.592,20.588,33.858,-94.148,9.5362,78.938,138.02,178.64,179
70.007,79.676,17.33,-75.088,14.925,31.42,-87.998,4.7137,68.947,124.4,162.5,164.76
60.921,73.629,18.894,-67.047,8.7673,29.288,-81.804,1.2917,59.821,112.48,147.51,150.72
51.442,67.688,20.539,-59.062,3.6098,27.565,-75.597,-1.3487,50.767,102.07,134,137.14
42.508,62.017,22.112,-51.784,0.18025,26.114,-69.343,-3.6227,41.335,92.606,122.05,124.41
35.046,56.643,23.357,-45.62,-1.8689,24.649,-63.061,-5.7529,32.189,83.521,111.49,112.96
29.292,51.493,24.08,-40.658,-3.0222,22.894,-56.929,-7.8127,24.515,74.438,102.04,103.06
24.763,46.457,24.22,-36.749,-3.6022,20.711,-51.284,-9.7857,18.475,65.436,93.222,94.563
20.543,41.442,23.849,-33.576,-3.8551,18.168,-46.455,-11.627,13.519,57.135,84.582,87.013
15.771,36.386,23.164,-30.675,-4.012,15.516,-42.561,-13.318,9.2724,50.024,76.068,79.986
10.817,31.285,22.462,-27.412,-4.2939,13.05,-39.502,-14.902,5.6202,43.665,67.932,73.272
7.1555,26.298,22.072,-23.083,-4.8916,10.986,-37.087,-16.482,2.499,37.34,60.455,66.794
4.8607,21.779,22.235,-17.644,-5.9323,9.4291,-35.117,-18.168,-0.20218,31.018,53.893,60.572
2.9508,18.028,23.004,-12.277,-7.4404,8.3809,-33.415,-20.003,-2.6196,25.038,48.295,54.766
0.89989,15.066,24.214,-8.0516,-9.3126,7.7383,-31.832,-21.911,-4.8554,19.541,43.416,49.545
-1.2664,12.704,25.553,-4.9867,-11.325,7.3104,-30.262,-23.716,-6.9463,14.537,38.907,44.895
-3.2675,10.71,26.664,-2.7096,-13.182,6.8708,-28.658,-25.226,-8.8823,10.081,34.499,40.653
-4.7737,8.9067,27.247,-0.95795,-14.611,6.2263,-27.036,-26.316,-10.645,6.2776,30.091,36.697
-5.5367,7.208,27.12,0.3751,-15.452,5.2832,-25.45,-26.968,-12.221,3.1951,25.755,33.008
-5.4667,5.6096,26.236,1.3106,-15.672,4.0719,-23.961,-27.264,-13.594,0.80813,21.658,29.613
-4.6581,4.1493,24.653,1.8526,-15.33,2.7239,-22.601,-27.344,-14.725,-0.97706,17.992,26.558
-3.3723,2.8829,22.554,2.0353,-14.54,1.4225,-21.357,-27.357,-15.566,-2.2606,14.912,23.883
-1.9901,1.871,20.367,1.9433,-13.525,0.36167,-20.17,-27.401,-16.082,-3.1157,12.447,21.57
-0.94018,1.1736,18.783,1.707,-12.71,-0.27134,-18.957,-27.494,-16.268,-3.5958,10.525,19.534
-0.59781,0.82874,18.496,1.4808,-12.703,-0.32885,-17.647,-27.588,-16.167,-3.7592,9.0748,17.686
-1.1843,0.81714,19.833,1.411,-14.033,0.2419,-16.211,-27.599,-15.862,-3.6888,8.0479,15.992
-2.7369,1.0395,22.617,1.6045,-16.774,1.3426,-14.684,-27.458,-15.469,-3.4975,7.3866,14.47
-5.1002,1.3355,26.214,2.1059,-20.443,2.7214,-13.134,-27.14,-15.112,-3.3145,6.992,13.154
-7.9055,1.5378,29.731,2.8823,-24.232,4.0387,-11.632,-26.681,-14.9,-3.2608,6.728,12.061
-10.644,1.5303,32.343,3.822,-27.357,4.9708,-10.225,-26.174,-14.898,-3.4208,6.4463,11.172
-12.787,1.283,33.555,4.7522,-29.247,5.303,-8.9419,-25.728,-15.124,-3.821,6.0228,10.434
-13.897,0.85458,33.251,5.4749,-29.596,4.9789,-7.8046,-25.417,-15.544,-4.4257,5.3882,9.7876
-13.719,0.3637,31.587,5.814,-28.36,4.0981,-6.8333,-25.255,-16.097,-5.1546,4.5416,9.1931
-12.228,-0.052855,28.892,5.6598,-25.707,2.872,-6.0455,-25.196,-16.703,-5.9157,3.5435,8.6393
-9.6353,-0.28726,25.592,4.9967,-21.979,1.5611,-5.4525,-25.171,-17.291,-6.6346,2.4933,8.1305
-6.3393,-0.28981,22.142,3.9043,-17.635,0.40623,-5.059,-25.123,-17.811,-7.27,1.4972,7.6621
-2.8062,-0.071945,18.943,2.5329,-13.204,-0.4389,-4.8631,-25.023,-18.248,-7.8124,0.63659,7.2009
0.53781,0.30714,16.282,1.0659,-9.2488,-0.94651,-4.8476,-24.869,-18.616,-8.2686,-0.048286,6.6864
3.317,0.76609,14.337,-0.30778,-6.2924,-1.1735,-4.9697,-24.672,-18.938,-8.6424,-0.55092,6.0539
5.2037,1.2173,13.175,-1.41,-4.6191,-1.1929,-5.1583,-24.446,-19.203,-8.9284,-0.87594,5.2723
6.0079,1.5669,12.648,-2.0954,-4.1535,-1.0641,-5.3259,-24.2,-19.35,-9.1146,-1.0316,4.3752
5.7503,1.7209,12.414,-2.2752,-4.5701,-0.86061,-5.3976,-23.93,-19.276,-9.1842,-1.0415,3.4522
4.5804,1.601,12.169,-1.9252,-5.513,-0.68078,-5.3435,-23.608,-18.882,-9.1122,-0.9497,2.5962
2.6607,1.1681,11.858,-1.0807,-6.7415,-0.61547,-5.1952,-23.182,-18.114,-8.8683,-0.80987,1.859
0.15593,0.4328,11.612,0.17029,-8.1453,-0.71534,-5.0353,-22.593,-16.984,-8.4369,-0.66835,1.2474
-2.7107,-0.54965,11.545,1.6963,-9.6747,-0.98139,-4.9603,-21.795,-15.567,-7.8446,-0.55843,0.74589
-5.629,-1.6906,11.651,3.3389,-11.245,-1.3833,-5.0324,-20.765,-13.978,-7.1696,-0.50824,0.33365
-8.2484,-2.879,11.819,4.9263,-12.686,-1.883,-5.2446,-19.515,-12.351,-6.5184,-0.54898,-0.01356
-10.249,-3.9955,11.858,6.2812,-13.761,-2.4516,-5.5174,-18.1,-10.807,-5.9833,-0.70985,-0.32894
-11.384,-4.9321,11.534,7.2399,-14.231,-3.0753,-5.7285,-16.608,-9.4273,-5.6079,-1.0033,-0.65294
-11.518,-5.6125,10.653,7.6872,-13.922,-3.7461,-5.7557,-15.136,-8.2428,-5.3771,-1.4132,-1.016
-10.669,-6.0035,9.156,7.5877,-12.801,-4.4458,-5.5133,-13.75,-7.2298,-5.2291,-1.8926,-1.4133
-9.0112,-6.1144,7.1731,6.9968,-11.013,-5.1322,-4.9728,-12.463,-6.3264,-5.0835,-2.3728,-1.7929
-6.8451,-5.9868,4.9939,6.0487,-8.8519,-5.7415,-4.1656,-11.249,-5.4569,-4.87,-2.7782,-2.0764
-4.5266,-5.6799,2.9612,4.9214,-6.6644,-6.2035,-3.1738,-10.076,-4.563,-4.5506,-3.0493,-2.1986
-2.3756,-5.2554,1.3485,3.7888,-4.7469,-6.464,-2.1061,-8.9318,-3.6264,-4.1262,-3.1661,-2.14
-0.60755,-4.7652,0.27875,2.7785,-3.284,-6.5036,-1.0617,-7.8288,-2.675,-3.6305,-3.1558,-1.9333
0.67379,-4.2469,-0.28453,1.954,-2.342,-6.3435,-0.097144,-6.784,-1.7622,-3.1093,-3.0754,-1.6474
1.4461,-3.727,-0.47038,1.3285,-1.8841,-6.0339,0.78885,-5.8005,-0.92688,-2.5988,-2.9756,-1.3629
1.7517,-3.2333,-0.39911,0.89485,-1.8003,-5.6371,1.6431,-4.8611,-0.15895,-2.1091,-2.8722,-1.1415
1.6643,-2.8112,-0.12811,0.65696,-1.9737,-5.2151,2.5279,-3.9376,0.60418,-1.6176,-2.7365,-1.0016
1.2045,-2.5328,0.33108,0.64917,-2.3554,-4.8267,3.4893,-3.0058,1.4527,-1.0758,-2.5093,-0.91299
0.30068,-2.4881,0.95664,0.93602,-2.9714,-4.5274,4.5342,-2.0594,2.462,-0.43144,-2.1329,-0.81346
-1.1183,-2.7584,1.6796,1.5869,-3.8579,-4.366,5.6234,-1.1146,3.662,0.34541,-1.5876,-0.64912
-2.9997,-3.3884,2.3744,2.6253,-4.9769,-4.3904,6.6792,-0.20491,5.0217,1.2398,-0.9091,-0.40518
-5.1396,-4.3639,2.8643,3.9834,-6.169,-4.6541,7.6085,0.63243,6.4525,2.1869,-0.18173,-0.11839
-7.2233,-5.5987,2.9518,5.4964,-7.1727,-5.2049,8.3377,1.3651,7.8346,3.0863,0.48713,0.13403
-8.8906,-6.9361,2.4798,6.9328,-7.7054,-6.0448,8.8466,1.9819,9.065,3.8367,1.0005,0.26607
-9.8224,-8.1682,1.4163,8.0423,-7.5705,-7.0869,9.1801,2.5053,10.111,4.3804,1.3034,0.22245
-9.8263,-9.0702,-0.092084,8.611,-6.7382,-8.1487,9.4293,2.9939,11.025,4.7328,1.3993,0.003565
-8.8877,-9.4515,-1.7572,8.5136,-5.3523,-8.9992,9.689,3.5197,11.917,4.9739,1.3425,-0.33969
-7.1694,-9.2148,-3.2534,7.7483,-3.6656,-9.438,10.017,4.1298,12.88,5.2055,1.211,-0.73093
-4.9644,-8.3968,-4.3242,6.4432,-1.9526,-9.3684,10.415,4.8147,13.938,5.5002,1.0738,-1.1012
-2.6275,-7.1655,-4.8553,4.8303,-0.44173,-8.8326,10.833,5.4994,15.041,5.8701,0.97009,-1.4098
-0.50488,-5.7767,-4.8999,3.1943,0.72584,-7.9979,11.195,6.067,16.09,6.2669,0.90124,-1.6488
1.1269,-4.5046,-4.6439,1.8062,1.5044,-7.1016,11.434,6.4106,16.993,6.6105,0.83946,-1.8314
2.1099,-3.5702,-4.3214,0.85897,1.9224,-6.3734,11.526,6.4967,17.718,6.834,0.7539,-1.9702
2.4305,-3.0842,-4.1195,0.42745,2.0486,-5.9632,11.504,6.4011,18.309,6.9277,0.63931,-2.063
2.2084,-3.0237,-4.1189,0.46493,1.9616,-5.8968,11.442,6.2869,18.876,6.9496,0.5303,-2.098
1.6434,-3.2535,-4.2847,0.83523,1.7328,-6.0756,11.422,6.326,19.556,7.0027,0.48671,-2.0675
0.9456,-3.5881,-4.5026,1.3589,1.4248,-6.326,11.49,6.6152,20.453,7.1898,0.56892,-1.9802
0.28834,-3.8631,-4.6443,1.8555,1.1018,-6.4826,11.635,7.1356,21.605,7.573,0.81878,-1.86
-0.19649,-3.982,-4.6404,2.1831,0.83718,-6.4633,11.792,7.7668,22.967,8.1519,1.2489,-1.7362
-0.4074,-3.9313,-4.5269,2.2712,0.71305,-6.2937,11.876,8.3438,24.437,8.8664,1.8383,-1.6345
-0.2878,-3.7698,-4.4362,2.1327,0.80508,-6.081,11.821,8.7294,25.874,9.6205,2.5364,-1.5604
0.14047,-3.5999,-4.5322,1.85,1.151,-5.9625,11.604,8.8744,27.132,10.32,3.2773,-1.4954
0.7572,-3.5343,-4.9228,1.5483,1.718,-6.0493,11.243,8.8413,28.097,10.898,4.0043,-1.4078
1.354,-3.6671,-5.5974,1.368,2.3893,-6.3847,10.787,8.7777,28.725,11.328,4.6835,-1.2752
1.6795,-4.0509,-6.4214,1.4354,2.9779,-6.9302,10.284,8.8446,29.051,11.607,5.2975,-1.1048
1.5121,-4.6854,-7.1824,1.8357,3.2717,-7.5824,9.7642,9.1381,29.155,11.744,5.8281,-0.93967
0.73255,-5.5178,-7.6664,2.5886,3.1016,-8.2161,9.2364,9.6404,29.128,11.758,6.2491,-0.84486
-0.62936,-6.4534,-7.7332,3.6345,2.4083,-8.7289,8.7046,10.226,29.015,11.672,6.532,-0.87891
-2.3898,-7.3711,-7.3635,4.8375,1.279,-9.0602,8.1856,10.717,28.802,11.512,6.6549,-1.0693
-4.2481,-8.1405,-6.6573,6.0066,-0.070369,-9.1837,7.7074,10.971,28.443,11.296,6.6039,-1.3999
-5.8552,-8.6394,-5.7914,6.9345,-1.3585,-9.0913,7.2897,10.934,27.912,11.035,6.3729,-1.8213
-6.8924,-8.7711,-4.9598,7.4396,-2.3139,-8.7851,6.9271,10.664,27.225,10.739,5.9729,-2.2699
-7.1359,-8.4802,-4.3203,7.4024,-2.7373,-8.2757,6.59,10.278,26.422,10.424,5.4389,-2.6871
-6.4974,-7.7636,-3.9603,6.7855,-2.5412,-7.5854,6.2397,9.8954,25.543,10.114,4.8242,-3.0335
-5.0378,-6.6759,-3.8843,5.6395,-1.7617,-6.7501,5.8456,9.5693,24.611,9.8193,4.183,-3.2941
-2.9562,-5.3256,-4.0265,4.0941,-0.54453,-5.8215,5.3979,9.2714,23.641,9.5333,3.5547,-3.4768
-0.54953,-3.8602,-4.2809,2.3385,0.89144,-4.8633,4.914,8.9274,22.66,9.2413,2.9608,-3.6014
1.8472,-2.4431,-4.539,0.59309,2.3063,-3.9465,4.4385,8.4798,21.706,8.9436,2.4238,-3.6832
3.9262,-1.2254,-4.7237,-0.92584,3.4944,-3.1411,4.0339,7.9358,20.811,8.6676,1.989,-3.7144
5.4599,-0.3225,-4.8097,-2.0446,4.325,-2.508,3.7626,7.3719,19.983,8.4546,1.723,-3.6597
6.3337,0.20218,-4.8267,-2.665,4.7591,-2.0932,3.662,6.8945,19.199,8.3344,1.6824,-3.4711
6.5573,0.33885,-4.8473,-2.7797,4.8436,-1.9246,3.7262,6.5862,18.42,8.3056,1.8756,-3.1182
6.2445,0.11881,-4.9623,-2.4607,4.688,-2.0127,3.9013,6.4685,17.607,8.3328,2.2461,-2.6157
5.5546,-0.40496,-5.2477,-1.822,4.422,-2.3508,4.1021,6.4972,16.734,8.3598,2.6883,-2.0337
4.6188,-1.173,-5.7309,-0.9721,4.1461,-2.9102,4.2456,6.59,15.805,8.3298,3.082,-1.4809
3.5041,-2.1254,-6.3683,0.0152,3.893,-3.6358,4.2851,6.6667,14.838,8.2021,3.3287,-1.0688
2.227,-3.2011,-7.0447,1.0997,3.6175,-4.4466,4.2268,6.6829,13.859,7.9615,3.3759,-0.87379
0.78832,-4.3351,-7.5967,2.2538,3.222,-5.2465,4.1214,6.6374,12.878,7.6176,3.2266,-0.91387
-0.79787,-5.4535,-7.8524,3.4395,2.6037,-5.9361,4.041,6.5536,11.882,7.198,2.9334,-1.1479
-2.4825,-6.4691,-7.6752,4.5934,1.7052,-6.4199,4.0512,6.4491,10.826,6.7376,2.5803,-1.4936
-4.1667,-7.2815,-7.0013,5.6261,0.54606,-6.6144,4.1945,6.3144,9.6469,6.2611,2.252,-1.858
-5.7027,-7.7873,-5.8609,6.4328,-0.77115,-6.4635,4.4823,6.1147,8.2903,5.7688,2.0008,-2.1693
-6.9161,-7.9033,-4.3832,6.9146,-2.0822,-5.9574,4.8951,5.8076,6.7474,5.2367,1.8287,-2.3965
-7.6428,-7.5941,-2.7772,7.0017,-3.1986,-5.1469,5.3874,5.3639,5.0797,4.6366,1.6966,-2.5481
-7.7662,-6.8901,-1.2873,6.6705,-3.9506,-4.138,5.8995,4.7798,3.4021,3.9616,1.5532,-2.6573
-7.2429,-5.8859,-0.13349,5.9511,-4.2217,-3.0703,6.3737,4.0791,1.8297,3.2325,1.3611,-2.7636
-6.1106,-4.7139,0.53796,4.9187,-3.9664,-2.0781,6.7695,3.3048,0.42727,2.4827,1.1036,-2.9025
-4.4743,-3.5054,0.67432,3.6702,-3.2094,-1.2635,7.0704,2.5003,-0.80539,1.7415,0.77883,-3.0995
-2.4746,-2.365,0.30237,2.3014,-2.0266,-0.68557,7.2839,1.6892,-1.915,1.027,0.39491,-3.3627
-0.25657,-1.3712,-0.50703,0.90505,-0.51836,-0.37095,7.4335,0.86789,-2.9609,0.34916,-0.031838,-3.6761
2.0465,-0.58823,-1.6767,-0.41976,1.2137,-0.32848,7.5463,0.02537,-3.9809,-0.28618,-0.48018,-4.0036
4.3025,-0.072591,-3.1458,-1.5625,3.0725,-0.5631,7.6345,-0.82412,-4.9732,-0.87645,-0.93127,-4.3048
6.3475,0.12756,-4.8659,-2.4089,4.9551,-1.0837,7.6874,-1.6203,-5.8974,-1.4243,-1.3757,-4.5539
7.9728,-0.02372,-6.7746,-2.8556,6.7351,-1.895,7.6777,-2.265,-6.6931,-1.9372,-1.8145,-4.7483
8.965,-0.53622,-8.762,-2.8342,8.2517,-2.9742,7.584,-2.6563,-7.3075,-2.422,-2.2533,-4.9026
9.1765,-1.376,-10.65,-2.3399,9.3242,-4.2422,7.4106,-2.733,-7.7212,-2.8748,-2.6928,-5.0358
8.576,-2.4525,-12.205,-1.4456,9.797,-5.5528,7.187,-2.5099,-7.9593,-3.2761,-3.12,-5.1588
7.2661,-3.6207,-13.207,-0.29166,9.5914,-6.7202,6.9474,-2.079,-8.0793,-3.5916,-3.5039,-5.2688
5.4745,-4.7038,-13.513,0.94286,8.7486,-7.5677,6.7117,-1.5765,-8.1456,-3.7818,-3.7983,-5.3471
3.5156,-5.5368,-13.118,2.0755,7.4533,-7.9796,6.476,-1.1286,-8.2052,-3.8163,-3.9544,-5.3641
1.717,-6.0155,-12.153,2.9576,6.0059,-7.9346,6.2228,-0.80491,-8.2743,-3.6877,-3.9381,-5.2915
0.33143,-6.1236,-10.866,3.505,4.7077,-7.5125,5.9358,-0.60074,-8.339,-3.4179,-3.7442,-5.1155
-0.52766,-5.9234,-9.5453,3.711,3.7259,-6.8603,5.6127,-0.45453,-8.3666,-3.0548,-3.4015,-4.8465
-0.90172,-5.5184,-8.3947,3.6329,3.0471,-6.1245,5.2661,-0.28798,-8.3268,-2.6599,-2.9665,-4.5213
-0.9569,-5.0042,-7.4293,3.3695,2.5329,-5.3826,4.9141,-0.04861,-8.2127,-2.2933,-2.5096,-4.1955
-0.9298,-4.4391,-6.4717,3.0402,1.9916,-4.6193,4.5718,0.26386,-8.0522,-1.999,-2.0971,-3.9291
-1.0626,-3.8458,-5.2488,2.7618,1.2329,-3.7584,4.2568,0.59699,-7.8999,-1.7971,-1.7753,-3.7698
-1.5292,-3.2315,-3.5483,2.6193,0.12842,-2.7304,4.0017,0.8672,-7.8142,-1.6838,-1.5629,-3.7435
-2.3721,-2.6111,-1.354,2.6404,-1.3249,-1.5331,3.8559,0.99056,-7.833,-1.6393,-1.4552,-3.8516
-3.477,-2.0201,1.1003,2.7881,-2.9722,-0.25983,3.8553,0.91297,-7.959,-1.6376,-1.4323,-4.0708
-4.5964,-1.5103,3.3803,2.9722,-4.523,0.91606,3.9772,0.63407,-8.1587,-1.6545,-1.4669,-4.3591
-5.4194,-1.1361,4.989,3.0825,-5.6287,1.7861,4.119,0.21579,-8.3752,-1.6721,-1.5296,-4.6591
-5.6733,-0.94754,5.5337,3.0348,-5.9914,2.1616,4.1312,-0.23418,-8.5462,-1.6813,-1.594,-4.9064
-5.2187,-0.98978,4.8497,2.811,-5.4646,1.932,3.876,-0.60226,-8.6251,-1.6815,-1.6432,-5.0452
-4.1042,-1.2908,3.0452,2.4716,-4.1037,1.1044,3.2771,-0.81483,-8.5949,-1.6787,-1.6741,-5.046
-2.5655,-1.8471,0.45493,2.1361,-2.1531,-0.19229,2.3394,-0.8652,-8.4688,-1.6812,-1.6954,-4.9154
-0.95897,-2.6166,-2.4705,1.939,0.02311,-1.7492,1.146,-0.80747,-8.278,-1.6931,-1.7189,-4.69
0.35674,-3.5251,-5.2914,1.9796,2.0509,-3.3379,-0.15947,-0.7205,-8.054,-1.7091,-1.7483,-4.4174
1.1406,-4.478,-7.67,2.284,3.6526,-4.7664,-1.4035,-0.66691,-7.8166,-1.7139,-1.7727,-4.1358
1.3364,-5.3709,-9.4149,2.7888,4.699,-5.9089,-2.4237,-0.66307,-7.5704,-1.6864,-1.7672,-3.8564
1.0696,-6.0956,-10.479,3.3528,5.1986,-6.6992,-3.1097,-0.67336,-7.3111,-1.6071,-1.7024,-3.5658
0.58762,-6.543,-10.908,3.7981,5.259,-7.0977,-3.4311,-0.63144,-7.037,-1.4662,-1.5576,-3.2409
0.16603,-6.6222,-10.786,3.9662,5.0425,-7.0788,-3.4424,-0.47774,-6.7592,-1.2719,-1.3329,-2.8685
0.010819,-6.2934,-10.217,3.7693,4.7131,-6.6536,-3.2525,-0.19215,-6.5017,-1.0518,-1.0535,-2.4609
0.19052,-5.596,-9.3355,3.2223,4.3822,-5.8916,-2.9699,0.19448,-6.2906,-0.8454,-0.76242,-2.0559
0.62198,-4.6513,-8.2701,2.4415,4.0756,-4.9138,-2.6552,0.61094,-6.1388,-0.68733,-0.50465,-1.7061
1.1096,-3.6362,-7.1164,1.6121,3.7374,-3.8685,-2.3066,0.96969,-6.0372,-0.59329,-0.3103,-1.4626
1.418,-2.7352,-5.9245,0.93475,3.272,-2.8955,-1.8802,1.1961,-5.9603,-0.55692,-0.18653,-1.3599
1.3514,-2.0879,-4.7135,0.56927,2.5997,-2.0927,-1.3332,1.2568,-5.8847,-0.55942,-0.12221,-1.4057
0.81437,-1.7543,-3.4944,0.59442,1.6978,-1.4971,-0.6659,1.1766,-5.807,-0.58298,-0.098608,-1.5763
-0.16043,-1.7097,-2.2976,0.99252,0.61797,-1.0926,0.066224,1.0309,-5.7484,-0.62082,-0.10271,-1.8314
-1.42,-1.8717,-1.1957,1.6612,-0.51858,-0.83868,0.77585,0.91004,-5.7487,-0.68209,-0.13622,-2.1289
-2.7323,-2.1434,-0.30705,2.4479,-1.5447,-0.70481,1.3833,0.87121,-5.8522,-0.79059,-0.21763,-2.4444
-3.8476,-2.4491,0.22776,3.1932,-2.284,-0.68917,1.846,0.90507,-6.0937,-0.97545,-0.37581,-2.7768
-4.5548,-2.7467,0.28933,3.7674,-2.5896,-0.81266,2.1645,0.9373,-6.4814,-1.2552,-0.63629,-3.1381
-4.7153,-3.0203,-0.17844,4.0893,-2.3759,-1.0935,2.3692,0.86558,-6.9885,-1.6229,-1.0054,-3.5352
-4.2811,-3.2591,-1.1458,4.1266,-1.6392,-1.5208,2.4955,0.61306,-7.5572,-2.0427,-1.4609,-3.9571
-3.305,-3.4401,-2.4961,3.8857,-0.4675,-2.0437,2.5605,0.17067,-8.1159,-2.4609,-1.9532,-4.3765
-1.938,-3.5292,-4.0366,3.407,0.96718,-2.5773,2.5536,-0.39367,-8.6024,-2.8241,-2.4186,-4.7589
-0.40126,-3.4961,-5.5227,2.7631,2.4385,-3.0201,2.4449,-0.96298,-8.983,-3.0975,-2.7977,-5.0707
1.0597,-3.3284,-6.7011,2.0491,3.7107,-3.2783,2.2109,-1.4198,-9.262,-3.274,-3.0516,-5.2884
2.2257,-3.0387,-7.3697,1.3652,4.5884,-3.2926,1.8612,-1.6893,-9.4745,-3.374,-3.1709,-5.4013
2.9464,-2.6649,-7.4359,0.79942,4.9596,-3.062,1.4512,-1.7601,-9.6664,-3.4337,-3.1752,-5.4154
3.1672,-2.2682,-6.95,0.41476,4.8222,-2.6529,1.0707,-1.6822,-9.8674,-3.49,-3.1028,-5.3528
2.9337,-1.9287,-6.0985,0.24487,4.2824,-2.1881,0.81053,-1.5475,-10.072,-3.5648,-2.9965,-5.2486
2.3687,-1.7331,-5.1564,0.29649,3.5247,-1.8164,0.72326,-1.4576,-10.235,-3.6575,-2.8898,-5.1432
1.6286,-1.7573,-4.4136,0.55639,2.7605,-1.6746,0.79855,-1.4849,-10.296,-3.749,-2.798,-5.0731
0.85576,-2.0474,-4.0984,0.99821,2.1717,-1.8528,0.96445,-1.6403,-10.211,-3.8132,-2.7186,-5.0623
0.14771,-2.6071,-4.3197,1.5852,1.8684,-2.3746,1.1159,-1.8664,-9.9756,-3.8297,-2.6368,-5.1172
-0.4483,-3.394,-5.0465,2.2684,1.8731,-3.193,1.1585,-2.0624,-9.626,-3.7913,-2.5342,-5.224
-0.91938,-4.3233,-6.1302,2.9842,2.1331,-4.2009,1.0477,-2.1337,-9.2145,-3.7009,-2.3933,-5.3515
-1.2617,-5.2795,-7.3572,3.6553,2.5538,-5.2535,0.80753,-2.0377,-8.791,-3.5649,-2.2001,-5.459
-1.4619,-6.135,-8.508,4.1987,3.0356,-6.1982,0.5171,-1.7987,-8.3896,-3.3884,-1.9452,-5.5079
-1.4992,-6.7744,-9.4037,4.5401,3.4945,-6.9043,0.27174,-1.4853,-8.0234,-3.1725,-1.6274,-5.4745
-1.3645,-7.1173,-9.9268,4.6352,3.8626,-7.2858,0.13477,-1.1699,-7.6834,-2.9167,-1.2565,-5.3569
-1.0864,-7.1363,-10.019,4.488,4.077,-7.3104,0.1057,-0.89613,-7.3423,-2.6229,-0.85504,-5.175
-0.75117,-6.8645,-9.6663,4.1582,4.0706,-6.9965,0.12202,-0.66912,-6.9741,-2.3008,-0.45558,-4.9615
-0.50523,-6.3906,-8.8864,3.7538,3.7727,-6.4045,0.090691,-0.47306,-6.5734,-1.969,-0.094798,-4.751
-0.53302,-5.8396,-7.7179,3.413,3.121,-5.623,-0.069218,-0.29655,-6.1703,-1.6531,0.19393,-4.5673
-1.0061,-5.3422,-6.214,3.276,2.0795,-4.7518,-0.39099,-0.14946,-5.8266,-1.3795,0.39162,-4.4123
-2.0115,-4.9994,-4.4447,3.4462,0.66166,-3.8839,-0.84424,-0.058667,-5.6107,-1.1656,0.50478,-4.2617
-3.4956,-4.8541,-2.5205,3.9496,-1.0408,-3.0907,-1.3446,-0.049511,-5.5648,-1.0123,0.56606,-4.0733
-5.2656,-4.8812,-0.61884,4.7107,-2.8435,-2.4179,-1.786,-0.12946,-5.6818,-0.90286,0.6163,-3.8118
-7.0252,-4.9984,1.0214,5.5608,-4.4828,-1.8898,-2.0827,-0.28463,-5.9039,-0.81193,0.67816,-3.4733
-8.4085,-5.0945,2.1436,6.2742,-5.6501,-1.5216,-2.2037,-0.48786,-6.1425,-0.71704,0.74156,-3.0963
-9.0292,-5.0628,2.5256,6.6227,-6.0519,-1.3303,-2.1857,-0.70999,-6.3114,-0.60987,0.7683,-2.7513
-8.5694,-4.8342,2.0201,6.4322,-5.4768,-1.3398,-2.1176,-0.93237,-6.3599,-0.50073,0.7087,-2.5174
-6.8678,-4.3974,0.58779,5.6287,-3.839,-1.5745,-2.1056,-1.1551,-6.2886,-0.41418,0.52049,-2.4548
-3.9675,-3.8017,-1.6832,4.2675,-1.2115,-2.0407,-2.2308,-1.3956,-6.1431,-0.37816,0.18539,-2.5846
-0.14,-3.1411,-4.5826,2.536,2.1563,-2.7063,-2.517,-1.6742,-5.9846,-0.41028,-0.27947,-2.881
4.0953,-2.5242,-7.7834,0.72155,5.8421,-3.4888,-2.9226,-1.993,-5.8621,-0.50682,-0.81972,-3.2803
8.0122,-2.0425,-10.83,-0.85649,9.2655,-4.2595,-3.3589,-2.3219,-5.7919,-0.64369,-1.3549,-3.7005
10.828,-1.7427,-13.169,-1.9261,11.778,-4.8589,-3.7296,-2.5999,-5.7535,-0.78483,-1.7996,-4.0654
11.94,-1.6137,-14.265,-2.3269,12.836,-5.1204,-3.9686,-2.754,-5.6988,-0.89426,-2.0892,-4.3245
11.131,-1.5913,-13.745,-2.0414,12.162,-4.9049,-4.0604,-2.727,-5.5732,-0.94812,-2.1979,-4.4628
8.6327,-1.5844,-11.537,-1.1878,9.8378,-4.1478,-4.0337,-2.5027,-5.3393,-0.94372,-2.1454,-4.4992
5.0227,-1.512,-7.9424,0.021663,6.2957,-2.9022,-3.9374,-2.1102,-4.9988,-0.90097,-1.9866,-4.4747
1.0236,-1.3385,-3.596,1.3415,2.2075,-1.3497,-3.8118,-1.6067,-4.5929,-0.85543,-1.7938,-4.4384
-2.6856,-1.0918,0.68877,2.553,-1.7001,0.23583,-3.6704,-1.0492,-4.1912,-0.84764,-1.6372,-4.4368
-5.595,-0.85436,4.1196,3.506,-4.8042,1.5574,-3.4988,-0.48034,-3.8697,-0.91426,-1.5716,-4.5051
-7.4138,-0.72929,6.1323,4.1292,-6.6951,2.3703,-3.2691,0.068997,-3.6884,-1.0821,-1.6262,-4.6604
-8.0442,-0.79123,6.5217,4.4069,-7.2134,2.5446,-2.9611,0.56658,-3.6776,-1.363,-1.8045,-4.9001
-7.5322,-1.0475,5.4414,4.3468,-6.4296,2.0954,-2.5782,0.9711,-3.835,-1.7505,-2.0938,-5.2069
-6.0585,-1.4324,3.3058,3.9769,-4.613,1.1731,-2.1475,1.239,-4.1321,-2.2177,-2.4743,-5.5567
-3.9474,-1.8395,0.66443,3.3658,-2.1984,0.013662,-1.7063,1.3419,-4.5243,-2.7224,-2.9174,-5.9224
-1.6191,-2.1711,-1.9432,2.6289,0.30749,-1.1318,-1.2853,1.2799,-4.9623,-3.2151,-3.3823,-6.2765
0.50499,-2.3789,-4.1187,1.9095,2.4721,-2.0734,-0.89908,1.0782,-5.4011,-3.6515,-3.8217,-6.5929
2.0819,-2.482,-5.6579,1.3509,4.0356,-2.7364,-0.54789,0.77309,-5.8077,-4.0014,-4.1922,-6.8508
2.8993,-2.5566,-6.5452,1.0686,4.9061,-3.1671,-0.22629,0.40014,-6.1629,-4.2537,-4.4616,-7.0365
2.9106,-2.7022,-6.9169,1.1268,5.1152,-3.481,0.065348,-0.016588,-6.461,-4.4124,-4.61,-7.1417
2.2387,-2.9959,-6.9772,1.5199,4.7977,-3.79,0.31379,-0.475,-6.7061,-4.4873,-4.626,-7.1591
1.1335,-3.4518,-6.9144,2.1682,4.1653,-4.1515,0.4937,-0.99917,-6.905,-4.4851,-4.5047,-7.0781
-0.10517,-4.0067,-6.8535,2.9316,3.4439,-4.5517,0.57462,-1.626,-7.0591,-4.4038,-4.2468,-6.8864
-1.208,-4.5313,-6.8237,3.6413,2.8,-4.9093,0.53074,-2.3738,-7.1568,-4.2321,-3.8614,-6.5767
-1.9926,-4.8645,-6.7395,4.139,2.2959,-5.0928,0.35143,-3.2094,-7.1703,-3.9544,-3.3656,-6.1547
-2.3872,-4.8576,-6.4229,4.3139,1.8912,-4.9531,0.050582,-4.034,-7.0613,-3.5577,-2.7846,-5.6419
-2.4236,-4.4199,-5.6754,4.128,1.4854,-4.3721,-0.33137,-4.7073,-6.7949,-3.0414,-2.1493,-5.0753
-2.2111,-3.5537,-4.3739,3.6242,0.97681,-3.3191,-0.73872,-5.1022,-6.3585,-2.4261,-1.4967,-4.5034
-1.8999,-2.3678,-2.5474,2.9178,0.31181,-1.8885,-1.1217,-5.1653,-5.7775,-1.7585,-0.8702,-3.9801
-1.6447,-1.0579,-0.39872,2.1705,-0.49144,-0.29067,-1.4535,-4.9438,-5.116,-1.1054,-0.31508,-3.5537
-1.5685,0.14705,1.7447,1.551,-1.3499,1.2057,-1.729,-4.5605,-4.4583,-0.53828,0.13216,-3.2502
-1.7314,1.0506,3.537,1.1919,-2.1436,2.3562,-1.9492,-4.1543,-3.8816,-0.11025,0.45558,-3.0622
-2.1116,1.5402,4.7241,1.1547,-2.7517,3.0103,-2.1042,-3.8213,-3.4336,0.1636,0.66503,-2.9483
-2.6101,1.6101,5.2092,1.4121,-3.0811,3.1445,-2.1692,-3.5842,-3.1225,0.31015,0.79089,-2.8503
-3.0769,1.3539,5.052,1.8556,-3.0809,2.8514,-2.1124,-3.4014,-2.9242,0.38039,0.86825,-2.7209
-3.3472,0.93298,4.4202,2.3266,-2.7447,2.3001,-1.9099,-3.2019,-2.8007,0.41922,0.91755,-2.5485
-3.2858,0.52874,3.5203,2.6653,-2.1086,1.6843,-1.5565,-2.9262,-2.7228,0.44122,0.93299,-2.365
-2.8327,0.28775,2.5387,2.7611,-1.2483,1.1696,-1.0677,-2.5572,-2.6869,0.42474,0.88568,-2.2323
-2.0361,0.28088,1.6096,2.5842,-0.27731,0.85052,-0.47229,-2.1344,-2.7186,0.3252,0.73924,-2.214
-1.0564,0.49225,0.81767,2.1897,0.65818,0.73571,0.203,-1.7502,-2.8616,0.099753,0.46883,-2.3477
-0.13048,0.84245,0.22566,1.6962,1.3935,0.77745,0.94541,-1.5255,-3.1549,-0.26853,0.074915,-2.6308
0.49823,1.2298,-0.10238,1.247,1.7764,0.92023,1.7527,-1.564,-3.6072,-0.75767,-0.41219,-3.0242
0.66186,1.5646,-0.10846,0.96633,1.7127,1.1243,2.6126,-1.9023,-4.18,-1.3101,-0.93733,-3.4672
0.32528,1.7863,0.21715,0.92214,1.2117,1.3554,3.4826,-2.4815,-4.7917,-1.8497,-1.4335,-3.8978
-0.4054,1.8714,0.78335,1.1085,0.4098,1.57,4.2899,-3.1619,-5.3433,-2.3059,-1.8393,-4.2716
-1.3043,1.8409,1.3825,1.4433,-0.4425,1.7169,4.9484,-3.7793,-5.7538,-2.6343,-2.1151,-4.5743
-2.0493,1.7602,1.7352,1.7747,-1.0358,1.747,5.3804,-4.2157,-5.9841,-2.8263,-2.2511,-4.8213
-2.2748,1.7176,1.573,1.9095,-1.0805,1.6199,5.5349,-4.4425,-6.0399,-2.9026,-2.2631,-5.0444
-1.6826,1.7839,0.72686,1.6829,-0.38237,1.3097,5.4092,-4.5088,-5.9527,-2.8942,-2.1796,-5.2712
-0.16978,1.9727,-0.8108,1.0407,1.092,0.81497,5.0635,-4.4963,-5.7558,-2.8234,-2.0254,-5.5048
2.0828,2.2295,-2.8658,0.076396,3.1692,0.17267,4.614,-4.463,-5.4689,-2.6936,-1.8108,-5.7132
4.6236,2.4557,-5.0988,-0.99651,5.4728,-0.53258,4.197,-4.414,-5.1001,-2.4952,-1.5306,-5.8372
6.8712,2.5582,-7.0692,-1.921,7.5093,-1.1769,3.9152,-4.3058,-4.6553,-2.2191,-1.1744,-5.814
8.3175,2.495,-8.3522,-2.4866,8.8202,-1.6257,3.7959,-4.0749,-4.1464,-1.8688,-0.74282,-5.6069
8.6703,2.2864,-8.6681,-2.5945,9.1234,-1.7793,3.7871,-3.6753,-3.5999,-1.4691,-0.26034,-5.2277
7.8979,1.9881,-7.9705,-2.2664,8.3845,-1.6153,3.7895,-3.1066,-3.0546,-1.0628,0.22169,-4.7395
6.2082,1.6532,-6.461,-1.606,6.8096,-1.1999,3.7078,-2.4218,-2.5583,-0.70272,0.63481,-4.2377
3.9715,1.3033,-4.5206,-0.74743,4.7713,-0.66715,3.4975,-1.7111,-2.1618,-0.43855,0.91293,-3.8153
1.5918,0.92198,-2.5868,0.18885,2.6837,-0.17918,3.1836,-1.0731,-1.909,-0.30251,1.014,-3.529
-0.60818,0.46781,-1.0303,1.1246,0.87852,0.11989,2.8449,-0.58686,-1.8254,-0.29977,0.93511,-3.3816
-2.4395,-0.10278,-0.068094,2.0292,-0.46228,0.14166,2.5832,-0.29266,-1.9096,-0.40935,0.71384,-3.3285
-3.8454,-0.81097,0.27163,2.9017,-1.3105,-0.12757,2.4917,-0.18331,-2.1329,-0.59447,0.41527,-3.3021
-4.8595,-1.638,0.1279,3.7432,-1.7501,-0.62943,2.6323,-0.21325,-2.4497,-0.81652,0.1111,-3.2404
-5.5407,-2.5178,-0.26504,4.5298,-1.907,-1.2529,3.0094,-0.32686,-2.8132,-1.0459,-0.14175,-3.1082
-5.9246,-3.3435,-0.66578,5.2052,-1.8946,-1.8634,3.5472,-0.49209,-3.1881,-1.2657,-0.31363,-2.9047
-6.0307,-3.9917,-0.89025,5.7005,-1.8021,-2.3357,4.0948,-0.71501,-3.5516,-1.4679,-0.40393,-2.6598
-5.8908,-4.3574,-0.84205,5.9606,-1.6967,-2.5816,4.4733,-1.0236,-3.8864,-1.6457,-0.43203,-2.4185
-5.5615,-4.3865,-0.51264,5.9602,-1.6195,-2.5627,4.5396,-1.4351,-4.174,-1.7887,-0.42167,-2.2217
-5.1304,-4.0888,0.053255,5.7126,-1.6038,-2.2785,4.2349,-1.9321,-4.396,-1.885,-0.38683,-2.0917
-4.7124,-3.5268,0.82263,5.2741,-1.7091,-1.7436,3.5991,-2.4643,-4.5395,-1.9279,-0.32672,-2.0245
-4.4199,-2.7898,1.8096,4.732,-2.0164,-0.98011,2.7577,-2.965,-4.6019,-1.9209,-0.23232,-1.993
-4.3215,-1.9708,3.0307,4.18,-2.5719,-0.036607,1.8815,-3.3793,-4.5881,-1.8799,-0.099255,-1.9581
-4.4113,-1.1554,4.4207,3.6917,-3.3267,0.99386,1.1284,-3.6766,-4.5041,-1.8288,0.06132,-1.8865
-4.603,-0.41464,5.7859,3.3026,-4.1194,1.9821,0.59462,-3.8463,-4.3511,-1.7937,0.21963,-1.7675
-4.7504,0.2003,6.8322,3.0067,-4.7142,2.7858,0.29621,-3.8861,-4.1295,-1.7961,0.33289,-1.6184
-4.6917,0.66046,7.2623,2.7707,-4.881,3.2777,0.18047,-3.7983,-3.8411,-1.8459,0.35825,-1.4762
-4.3093,0.96281,6.8998,2.5596,-4.48,3.3821,0.15669,-3.5971,-3.4969,-1.938,0.26927,-1.3772
-3.5723,1.1351,5.7721,2.3516,-3.5055,3.1069,0.14319,-3.3193,-3.1158,-2.0505,0.069894,-1.3366
-2.5432,1.2459,4.1039,2.1349,-2.0762,2.5566,0.11368,-3.0193,-2.7151,-2.1478,-0.2002,-1.3372
-1.3543,1.4168,2.2404,1.899,-0.39294,1.9214,0.12162,-2.7438,-2.2996,-2.1876,-0.47176,-1.3303
-0.16398,1.8321,0.56407,1.6271,1.3155,1.4516,0.2895,-2.5048,-1.8542,-2.1285,-0.66083,-1.2453
0.90147,2.724,-0.55956,1.2924,2.8481,1.429,0.7637,-2.2712,-1.3448,-1.9351,-0.68552,-1.0032
1.7932,4.2973,-0.83064,0.86184,4.0652,2.1332,1.66,-1.9782,-0.72827,-1.5776,-0.4799,-0.53315
2.5371,6.6056,-0.088969,0.30381,4.8815,3.7788,3.0239,-1.5629,0.035517,-1.0294,-0.0051113,0.21133
3.1902,9.52,1.6601,-0.41107,5.2341,6.4221,4.8212,-0.99387,0.97331,-0.26887,0.74439,1.2374
3.7856,12.887,4.3339,-1.3113,5.055,9.9315,6.9575,-0.27897,2.0965,0.71648,1.741,2.5119
4.2927,16.699,7.8598,-2.4189,4.2569,14.119,9.3196,0.54947,3.4068,1.9255,2.9379,3.9785
4.6107,21.085,12.188,-3.7459,2.7464,18.899,11.822,1.4593,4.903,3.3446,4.293,5.5871
4.5941,26.169,17.31,-5.3231,0.48957,24.292,14.432,2.4354,6.5819,4.9521,5.7886,7.314
4.1003,31.916,23.249,-7.2817,-2.3986,30.324,17.164,3.4822,8.4282,6.7208,7.4284,9.1585
3.0523,38.107,29.972,-9.9753,-5.6481,36.857,20.028,4.6159,10.4,8.6137,9.2167,11.119
1.4984,44.448,37.325,-13.945,-8.9569,43.52,22.99,5.8528,12.421,10.58,11.136,13.171
-0.37417,50.666,44.948,-19.221,-12.139,49.851,25.946,7.192,14.399,12.561,13.14,15.265
-2.3112,56.485,52.288,-24.506,-15.151,55.522,28.741,8.5948,16.256,14.499,15.148,17.345
-4.0817,61.657,58.805,-28.456,-17.959,60.457,31.216,9.9858,17.948,16.354,17.062,19.357
-5.4611,66.12,64.126,-31.106,-20.407,64.743,33.264,11.291,19.457,18.082,18.777,21.254
-6.1372,70.103,68.036,-33.197,-22.199,68.503,34.857,12.465,20.761,19.647,20.214,22.991
-5.7182,74.005,70.559,-35.399,-23.045,71.845,36.022,13.479,21.822,20.994,21.339,24.537
-3.8791,78.135,71.918,-38.101,-22.819,74.862,36.807,14.299,22.587,22.057,22.164,25.876
-0.54781,82.576,72.21,-41.455,-21.499,77.607,37.281,14.871,23.004,22.763,22.737,27.014
3.9822,87.238,71.551,-45.424,-19.159,80.121,37.601,15.123,23.031,23.063,23.115,27.969
9.0273,91.935,70.455,-49.74,-16.214,82.476,38.084,14.966,22.655,22.949,23.339,28.768
13.593,96.415,69.711,-53.891,-13.456,84.776,38.904,14.292,21.891,22.458,23.412,29.437
16.603,100.44,70.106,-57.269,-11.801,87.141,39.384,12.989,20.772,21.644,23.308,29.991
17.277,103.86,72.287,-59.369,-12.021,89.724,38.099,10.971,19.331,20.561,22.982,30.444
15.476,106.6,76.675,-59.932,-14.552,92.661,33.969,8.2205,17.594,19.261,22.406,30.813
11.766,108.61,83.237,-59.007,-19.237,95.951,26.752,4.8106,15.584,17.793,21.588,31.117
7.1189,109.83,91.234,-56.926,-25.237,99.314,16.913,0.90183,13.324,16.205,20.58,31.372
2.4215,110.12,99.198,-54.224,-31.31,102.17,5.4923,-3.2819,10.847,14.535,19.446,31.57
-1.7159,109.28,105.16,-51.472,-36.2,103.82,-6.1424,-7.4898,8.1988,12.803,18.232,31.683
-4.5723,107.25,107.56,-49.152,-38.874,103.78,-16.768,-11.495,5.4527,11.017,16.947,31.665
-5.3504,104.52,106.18,-47.767,-38.873,102.01,-25.61,-15.191,2.7079,9.1917,15.579,31.489
-3.6153,101.8,101.68,-47.893,-36.308,98.846,-32.396,-18.653,0.071053,7.355,14.12,31.157
0.5606,99.398,94.653,-49.636,-31.634,94.717,-37.36,-22.03,-2.365,5.5453,12.585,30.705
6.3933,97.09,85.562,-52.324,-25.462,89.889,-41.025,-25.331,-4.5373,3.8014,11.007,30.173
12.65,94.397,75.212,-55.008,-18.476,84.489,-43.668,-28.385,-6.4114,2.1577,9.4259,29.587
18.19,90.863,64.523,-56.913,-11.287,78.575,-45.07,-30.973,-7.9822,0.64969,7.8895,28.95
22.301,86.221,54.033,-57.526,-4.4116,72.156,-45.214,-32.95,-9.2721,-0.69248,6.4489,28.253
24.665,80.499,44.215,-56.514,1.4022,65.263,-44.972,-34.278,-10.321,-1.8438,5.1515,27.484
25.191,74.005,35.706,-53.731,5.4016,58.065,-45.189,-35.003,-11.17,-2.7893,4.0295,26.634
24.048,67.179,28.893,-49.389,7.4527,50.948,-45.789,-35.232,-11.846,-3.5271,3.0938,25.696
21.728,60.427,23.595,-44.131,8.0474,44.452,-46.116,-35.113,-12.359,-4.0705,2.3306,24.652
18.91,54.03,19.396,-38.728,7.8087,39.007,-45.69,-34.811,-12.714,-4.4512,1.7089,23.47
16.181,48.108,16.159,-33.737,7.192,34.665,-44.49,-34.486,-12.931,-4.7207,1.1878,22.108
13.917,42.607,13.439,-29.385,6.4993,31.032,-42.786,-34.262,-13.063,-4.9481,0.72079,20.533
12.286,37.326,10.545,-25.449,5.9081,27.336,-40.904,-34.193,-13.184,-5.2132,0.25823,18.741
10.868,31.942,7.7933,-21.385,5.4359,22.767,-39.093,-34.252,-13.373,-5.5965,-0.2529,16.758
8.8971,25.988,5.7798,-16.686,4.9305,17.372,-37.464,-34.358,-13.686,-6.1701,-0.86908,14.625
6.27,19.193,4.6538,-11.287,4.1576,12.294,-36.028,-34.442,-14.154,-6.9932,-1.6507,12.372
3.4914,12.439,4.3021,-5.9992,2.9548,8.4402,-34.752,-34.491,-14.789,-8.1153,-2.6611,10.035
0.8596,7.1532,4.5914,-1.9773,1.3044,5.8863,-33.582,-34.555,-15.586,-9.5762,-3.9585,7.6765
-1.6986,3.6507,5.4035,0.63695,-0.70174,4.3736,-32.457,-34.705,-16.528,-11.398,-5.5775,5.3829
-4.2332,1.4425,6.5807,2.4095,-2.8994,3.5988,-31.329,-34.995,-17.582,-13.577,-7.502,3.216
-6.6689,-0.024484,7.9048,3.7972,-5.0839,3.2527,-30.197,-35.436,-18.718,-16.09,-9.6553,1.197
-8.8886,-1.1672,9.1081,5.0269,-7.042,3.0328,-29.115,-35.991,-19.921,-18.914,-11.929,-0.67008
-10.761,-2.2635,9.8912,6.1895,-8.5598,2.6708,-28.165,-36.599,-21.197,-22.029,-14.23,-2.3731
-12.136,-3.4638,9.9682,7.2907,-9.4327,1.9684,-27.427,-37.193,-22.563,-25.397,-16.508,-3.8878
-12.851,-4.7936,9.1495,8.2748,-9.5039,0.83944,-26.956,-37.732,-24.024,-28.917,-18.734,-5.1872
-12.765,-6.1568,7.4193,9.0348,-8.7135,-0.66003,-26.755,-38.193,-25.544,-32.402,-20.87,-6.2466
-11.806,-7.3573,4.9704,9.4206,-7.134,-2.3366,-26.758,-38.567,-27.036,-35.636,-22.854,-7.0474
-10.007,-8.1496,2.187,9.2791,-4.9752,-3.9022,-26.839,-38.846,-28.384,-38.461,-24.618,-7.5853
-7.515,-8.3195,-0.42868,8.5309,-2.5587,-5.0461,-26.871,-39.028,-29.495,-40.822,-26.135,-7.8818
-4.6077,-7.7697,-2.3767,7.2324,-0.27254,-5.5181,-26.78,-39.123,-30.338,-42.75,-27.433,-7.9893
-1.7132,-6.5686,-3.2889,5.5864,1.49,-5.2041,-26.53,-39.139,-30.936,-44.306,-28.579,-7.9834
0.64674,-4.9504,-3.0208,3.9052,2.4049,-4.174,-26.102,-39.064,-31.322,-45.539,-29.644,-7.9456
2.008,-3.2703,-1.6868,2.5412,2.2952,-2.6775,-25.468,-38.855,-31.495,-46.49,-30.676,-7.9479
2.1126,-1.9159,0.37212,1.8004,1.1862,-1.081,-24.616,-38.436,-31.417,-47.198,-31.699,-8.0468
0.96326,-1.2027,2.6802,1.8614,-0.69216,0.23328,-23.571,-37.702,-31.034,-47.718,-32.722,-8.2881
-1.1993,-1.2933,4.7399,2.7287,-2.9692,0.96906,-22.391,-36.54,-30.325,-48.11,-33.75,-8.7125
-3.9637,-2.1666,6.1425,4.241,-5.2387,0.98866,-21.111,-34.861,-29.317,-48.432,-34.785,-9.3559
-6.8602,-3.6342,6.6647,6.1303,-7.1589,0.33736,-19.683,-32.627,-28.074,-48.725,-35.827,-10.251
-9.48,-5.3957,6.332,8.0993,-8.5207,-0.784,-17.97,-29.88,-26.635,-49.009,-36.9,-11.453
-11.538,-7.1232,5.4171,9.8891,-9.2782,-2.082,-15.85,-26.805,-24.974,-49.284,-38.059,-13.114
-12.889,-8.5501,4.3239,11.338,-9.5343,-3.251,-13.421,-24.098,-23.009,-49.537,-39.411,-15.637
-13.544,-9.5358,3.3931,12.439,-9.487,-4.0693,-11.541,-24.406,-20.729,-49.74,-41.126,-19.882
-13.726,-10.095,2.7759,13.373,-9.3591,-4.4799,-13.03,-34.291,-18.543,-49.852,-43.513,-25.719
-13.963,-10.377,2.4459,14.472,-9.3615,-4.5877,-13.77,-38.49,-18.574,-49.809,-46.378,-30.057
-15.194,-10.584,2.307,15.926,-9.7085,-4.5818,-4.3373,-25.392,-28.379,-49.487,-47.951,-33.502
-17.91,-10.864,2.4238,17.415,-10.536,-4.6668,8.1755,-8.9386,-29.3,-48.583,-48.951,-36.809
-20.488,-11.277,3.5118,18.377,-11.634,-5.0042,21.309,8.3894,-20.409,-46.213,-50.819,-40.143
-21.79,-11.858,6.5331,18.573,-12.432,-5.5501,34.036,26.053,-11.454,-40.886,-53.665,-44.078
-22.786,-12.849,7.0426,18.491,-12.629,-5.7828,46.384,45.164,-1.9128,-40.172,-57.123,-49.227
-25.613,-17.756,2.958,22.017,-12.596,-8.2594,60.067,69.026,10.628,-40.63,-62.579,-56.174
-34.777,-35.493,-1.1992,39.318,-13.068,-17.451,78.63,102.15,29.787,-39.927,-73.307,-69.491
-44.94,-44.98,-1.9724,49.496,-15.535,-23.847,106.92,148.48,59.367,-37.879,-91.955,-93.509
-54.834,-51.535,2.8604,58.034,-19.841,-25.068,148.34,210.2,101.66,-34.041,-119.86,-130.01
-67.491,-53.332,14.291,64.794,-27.964,-20.312,201.42,287.78,156.34,-27.09,-156.05,-178.09
-81.155,-48.5,32.414,68.006,-43.472,-8.6174,260.28,379.87,222.14,-15.044,-196.88,-233.54
-92.02,-35.427,56.481,65.466,-65.182,9.8442,316.95,478.04,300.45,5.716,-234.26,-288.14
-94.782,-12.736,82.837,54.288,-83.135,33.496,363.42,576.85,392.66,41.514,-255.61,-329.48
-83.554,20.25,104.83,31.543,-89.679,60.099,393.29,676.56,501.48,101.68,-246.13,-342.76
-53.427,63.536,117.5,-5.0556,-82.278,87.946,402.43,777.38,631.59,197.95,-190.44,-312.65
-1.2977,117.79,122.14,-57.421,-59.943,117.25,388.39,875.05,784.84,340.22,-74.025,-226.56
72.584,184.8,121.42,-126.41,-23.962,150.43,349.27,957.91,955.13,529.85,110.43,-79.676
162.89,265.8,118.09,-210.42,21.937,190.03,282.75,1006,1123.7,758.96,361.22,128.7
261.2,359.67,116.98,-305.23,71.469,236.84,185.94,993.14,1258.4,1010.3,667.35,394.46
358.15,462.17,122.66,-404.42,116.79,290.65,57.455,892.67,1321.8,1257.4,1006.8,702.79
443.42,566.34,138.8,-499.26,150.73,350.49,-96.732,687.54,1282.7,1468.6,1347.3,1028.9
507.19,662.58,166.56,-579.46,168.62,411.86,-263.02,380.72,1126.4,1612.6,1650.4,1340.1
542.64,738.21,201.78,-635.09,169.39,466.68,-424.18,-0.52181,859.77,1664.3,1877,1601.2
547.91,780.29,234.54,-658.67,156.75,504.13,-562.96,-409.76,510.55,1608.7,1994.8,1780.4
527.08,779.63,252.35,-647.62,138.84,513.4,-666.53,-794.65,118.46,1442.8,1984.8,1856.7
488.73,734.41,244.89,-605.71,124.89,487.93,-729.82,-1112.9,-276.45,1175.4,1845.2,1823.9
442.25,651.28,208.94,-541.29,120.85,428.87,-756.51,-1343.4,-643.69,825.86,1591,1691.1
393.79,543.54,150.58,-464.16,125.99,345.93,-756.89,-1488.5,-965.98,421.42,1250.5,1479.4
344.67,427.48,83.641,-382.91,131.59,254.37,-743.79,-1566.4,-1236.7,-5.2164,859.43,1216.2
293.24,317.4,23.825,-303.72,130.78,169.17,-728.6,-1600.9,-1454.3,-419.08,455.43,928.83
238.24,221.1,-18.961,-229.66,123.54,99.239,-718.81,-1611.6,-1618.3,-786.86,73.002,641.05
180.61,138.27,-44.962,-160.53,111.61,44.398,-717.39,-1608.7,-1727,-1081.7,-260.02,371.6
123.95,63.008,-63.119,-94.39,97.939,-2.4574,-723.47,-1593.3,-1779.5,-1287.9,-524.79,134.53
72.283,-10.791,-84.065,-30.369,87.545,-49.63,-733.84,-1561.7,-1777.8,-1402.8,-712.22,-60.737
28.679,-84.699,-112.93,29.604,82.695,-100.79,-744.46,-1510.6,-1728.8,-1435.1,-823.16,-209.51
-4.2549,-154.02,-147.29,81.181,80.358,-152.48,-751.78,-1440.1,-1642.4,-1401.7,-867.29,-311.24
-25.279,-209.95,-179.71,119.6,79.307,-196.35,-752.49,-1351.3,-1530.2,-1322.6,-859.44,-368.72
-35.343,-243.95,-201.37,141.66,78.404,-223.99,-743.28,-1244.4,-1401.9,-1216.1,-815.3,-388.06
-37.176,-251.03,-206.34,146.97,75.717,-230.84,-721.56,-1122.3,-1263.4,-1096.4,-748.9,-378.48
-33.747,-233.66,-194.65,138.07,70.373,-217.82,-685.94,-989.14,-1118.2,-973.02,-672.06,-350.88
-27.685,-202.92,-172.16,119.99,63.222,-191.26,-636.45,-850.21,-969.68,-851.67,-593.95,-315.56
-21.2,-169.4,-146.12,99.343,55.532,-160.82,-574.89,-711.6,-823.19,-736.23,-520.5,-280.28
-11.093,-140.27,-120.79,81.345,47.907,-133.59,-504.57,-579.88,-685.66,-629.3,-454.24,-249.07
-7.129,-118.23,-99.015,67.801,40.705,-112.16,-429.51,-460.41,-561.19,-531.7,-394.75,-222.13
-5.8737,-102.16,-81.717,57.806,34.332,-96.007,-353.89,-356.15,-451.28,-443.07,-339.29,-197.07
-5.3867,-88.971,-68.137,48.998,28.898,-83.106,-281.75,-267.63,-356.08,-363.59,-286.34,-172.24
-5.0201,-76.61,-57.31,41.41,24.265,-71.84,-216.7,-193.73,-274.79,-293.36,-238.04,-147.23
-4.4253,-65.871,-48.891,35.427,20.143,-62.211,-161.38,-132.13,-206,-232.25,-194.01,-122.55
-3.5217,-56.776,-42.702,30.163,15.937,-54.523,-117.17,-80.778,-148.05,-180.1,-154.52,-98.262
-2.4279,-49.222,-38.417,25.402,11.141,-48.994,-82.548,-39.424,-99.126,-136.83,-120.9,-75.02
-1.3574,-44.003,-36.047,21.217,6.8586,-45.43,-56.625,-7.5334,-58.833,-102.37,-94.57,-56.602
-0.51588,-41.283,-34.348,16.749,4.5567,-42.864,-40.633,15.801,-27.822,-76.273,-76.099,-45.275
-0.021036,-39.284,-29.745,12.802,3.7341,-40.297,-32.702,31.711,-4.7951,-57.355,-64.66,-40.62
0.13276,-36.373,-22.052,10.358,3.4188,-36.781,-29.888,42.105,12.339,-43.591,-58.193,-40.617
0.055808,-32.409,-15.704,8.807,3.1567,-32.809,-29.881,49.411,24.828,-32.829,-54.197,-42.647
-0.094525,-27.802,-12.361,7.5749,2.856,-29.02,-30.81,55.75,33.637,-23.686,-50.544,-44.153
-0.18531,-23.293,-10.693,6.529,2.5703,-25.759,-31.099,61.545,40.376,-15.791,-46.005,-42.953
-0.16113,-19.662,-9.8396,5.7265,2.3853,-23.3,-27.645,69.397,46.515,-9.3415,-40.429,-37.063
-0.04926,-17.251,-9.5909,5.2174,2.3675,-21.784,-19.419,81.155,51.501,-4.3733,-34.455,-29.775
0.081379,-16.016,-9.9554,5.0232,2.5478,-21.2,-13.229,92.684,56.835,-0.66405,-29.654,-24.883
0.17022,-15.751,-10.926,5.1382,2.9247,-21.416,-9.1314,101.89,63.775,1.544,-26.218,-21.911
0.19163,-16.157,-12.37,5.5056,3.4588,-22.179,-6.0629,108.97,71.847,3.5064,-23.2,-20.178
0.15663,-16.835,-14.012,5.9997,4.0626,-23.134,-3.54,114.58,80.265,5.6314,-20.488,-19.195
0.096881,-17.359,-15.493,6.443,4.6002,-23.889,-1.3849,119.26,88.122,8.0011,-17.991,-18.555
0.037661,-17.426,-16.42,6.6704,4.906,-24.136,0.4689,123.42,94.813,10.678,-15.502,-17.903
-0.025848,-16.945,-16.461,6.5999,4.8243,-23.734,2.0517,127.33,100.33,13.701,-12.941,-16.994
-0.13042,-16.004,-15.443,6.2482,4.2573,-22.711,3.3802,131.13,105.02,17.043,-10.463,-15.768
-0.3218,-14.767,-13.443,5.7004,3.2097,-21.212,4.4625,134.87,109.28,20.596,-8.3124,-14.382
-0.62007,-13.422,-10.794,5.0745,1.8113,-19.454,5.3058,138.49,113.46,24.198,-6.6166,-13.069
-0.98996,-12.138,-8.013,4.489,0.3077,-17.697,5.9256,141.89,117.74,27.698,-5.3479,-11.997
-1.3359,-11.048,-5.6783,4.0339,-0.99249,-16.204,6.3496,145.02,122.15,31.04,-4.4024,-11.223
-1.5326,-10.24,-4.2633,3.7511,-1.8053,-15.191,6.6184,147.95,126.62,34.295,-3.6637,-10.722
-1.4768,-9.7529,-4.0034,3.6357,-1.9584,-14.764,6.7873,150.82,131.04,37.628,-3.0261,-10.417
-1.1294,-9.5768,-4.8469,3.6476,-1.4392,-14.875,6.9277,153.79,135.29,41.194,-2.4021,-10.194
-0.52779,-9.6363,-6.4837,3.7211,-0.39023,-15.315,7.1211,156.92,139.25,45.02,-1.7289,-9.9369
0.23992,-9.7899,-8.4386,3.7751,0.94169,-15.795,7.445,160.16,142.84,48.933,-0.97487,-9.5694
1.0755,-9.8718,-10.214,3.7302,2.2775,-16.056,7.9593,163.38,146.02,52.609,-0.14341,-9.0774
1.8921,-9.7547,-11.437,3.5326,3.3746,-15.969,8.7002,166.45,148.79,55.74,0.72791,-8.5041
2.6112,-9.3946,-11.934,3.1756,4.0743,-15.555,9.6883,169.31,151.24,58.175,1.579,-7.9178
3.1582,-8.8412,-11.729,2.7078,4.3196,-14.944,10.94,172.06,153.46,59.962,2.3518,-7.3815
3.4698,-8.2185,-10.994,2.2234,4.1462,-14.321,12.473,174.84,155.59,61.302,3.0184,-6.9344
3.5047,-7.683,-9.9915,1.8379,3.6575,-13.868,14.283,177.79,157.7,62.461,3.5908,-6.5842
3.2509,-7.3721,-9.013,1.6576,2.9935,-13.702,16.332,180.97,159.83,63.657,4.1095,-6.3106
2.7302,-7.3635,-8.3172,1.7519,2.2959,-13.839,18.531,184.28,161.93,65,4.6192,-6.0802
1.9993,-7.6611,-8.0657,2.1363,1.6793,-14.203,20.76,187.56,163.89,66.468,5.1512,-5.8661
1.1447,-8.2052,-8.2772,2.7673,1.212,-14.669,22.898,190.6,165.61,67.943,5.7167,-5.6611
0.2679,-8.8932,-8.8396,3.5489,0.90758,-15.117,24.863,193.27,167.04,69.273,6.3137,-5.476
-0.53261,-9.5932,-9.5614,4.3484,0.726,-15.47,26.633,195.59,168.25,70.358,6.9414,-5.3255
-1.1786,-10.153,-10.203,5.0207,0.58614,-15.662,28.235,197.68,169.4,71.209,7.6123,-5.2166
-1.6242,-10.421,-10.502,5.4381,0.39017,-15.61,29.7,199.79,170.72,71.94,8.3474,-5.1432
-1.861,-10.278,-10.223,5.5161,0.053884,-15.214,31.026,202.12,172.43,72.708,9.1523,-5.0899
-1.9152,-9.6744,-9.2294,5.2326,-0.47083,-14.396,32.168,204.82,174.65,73.66,10.003,-5.036
-1.8364,-8.6514,-7.537,4.6341,-1.1863,-13.164,33.061,207.89,177.35,74.882,10.862,-4.9575
-1.6839,-7.3444,-5.3375,3.8275,-2.0451,-11.645,33.652,211.24,180.31,76.383,11.717,-4.8248
-1.5092,-5.9584,-2.9893,2.9566,-2.9447,-10.07,33.929,214.72,183.3,78.102,12.582,-4.6046
-1.3359,-4.7217,-0.9503,2.169,-3.7298,-8.7122,33.931,218.14,186.08,79.931,13.483,-4.2733
-1.1435,-3.8336,0.34257,1.5818,-4.2165,-7.8108,33.747,221.37,188.54,81.759,14.435,-3.8356
-0.8734,-3.4243,0.59438,1.2594,-4.2408,-7.5144,33.491,224.3,190.75,83.523,15.434,-3.3336
-0.45562,-3.5335,-0.27091,1.2062,-3.7089,-7.8634,33.259,226.96,192.9,85.232,16.475,-2.8383
0.15314,-4.1038,-2.1046,1.3722,-2.6285,-8.7874,33.09,229.48,195.32,86.973,17.556,-2.4278
0.93772,-4.987,-4.5835,1.671,-1.1239,-10.115,32.957,232.17,198.33,88.876,18.687,-2.1595
1.8122,-5.9766,-7.2711,2.0073,0.56459,-11.605,32.802,235.38,202.18,91.083,19.894,-2.048
2.6389,-6.8632,-9.7006,2.309,2.1246,-12.99,32.588,239.47,206.91,93.698,21.207,-2.0557
3.277,-7.4931,-11.481,2.5455,3.2631,-14.043,32.336,244.57,212.33,96.754,22.652,-2.0987
3.6318,-7.805,-12.383,2.7197,3.7989,-14.633,32.118,250.51,218.07,100.18,24.264,-2.0645
3.6728,-7.8287,-12.393,2.839,3.7129,-14.74,32.031,256.72,223.69,103.83,26.136,-1.837
3.4399,-7.6442,-11.735,2.8873,3.1545,-14.452,32.157,262.57,228.82,107.51,28.426,-1.3194
3.0774,-7.3214,-10.814,2.8139,2.4097,-13.928,32.531,267.71,233.34,111.12,31.292,-0.45137
2.8547,-6.8839,-10.074,2.5338,1.8154,-13.351,33.124,272.32,237.44,114.64,34.771,0.78191
3.1018,-6.3176,-9.8183,1.9237,1.6338,-12.851,33.852,276.87,241.48,118.13,38.729,2.3521
4.0923,-5.5755,-10.064,0.81263,1.9433,-12.419,34.607,281.92,245.89,121.73,42.924,4.1953
5.9604,-4.5416,-10.504,-1.0147,2.6029,-11.866,35.303,287.9,250.91,125.54,47.124,6.2203
8.6901,-3.0485,-10.608,-3.7903,3.3083,-10.903,35.904,294.95,256.58,129.63,51.195,8.3289
12.154,-0.97865,-9.8512,-7.7054,3.7075,-9.3076,36.427,302.95,262.69,134.01,55.12,10.468
16.119,1.6412,-7.9552,-12.763,3.5338,-7.0669,36.919,311.53,268.97,138.61,58.973,12.686
20.163,4.6075,-5.0732,-18.53,2.7224,-4.4217,37.412,320.24,275.24,143.31,62.879,15.112
23.726,7.5713,-1.7919,-24.125,1.4721,-1.7925,37.899,328.74,281.58,147.98,66.955,17.866
26.536,10.128,1.0801,-28.742,0.21608,0.35406,38.326,336.93,288.2,152.53,71.223,20.938
28.927,11.955,2.8049,-32.144,-0.49963,1.6434,38.622,344.98,295.39,156.95,75.543,24.168
31.593,12.944,2.935,-34.607,-0.18063,1.9027,38.73,353.15,303.33,161.36,79.668,27.323
35.071,13.264,1.4203,-36.606,1.4468,1.2093,38.617,361.58,311.96,165.94,83.456,30.22
39.382,13.295,-1.4041,-38.575,4.2901,-0.1466,38.291,370.32,320.98,170.8,86.98,32.769
44.067,13.48,-4.9557,-40.733,7.8571,-1.7744,37.801,379.28,329.99,175.99,90.418,34.981
48.566,14.13,-8.6126,-43.034,11.443,-3.3147,37.224,388.24,338.64,181.4,93.935,36.968
52.538,15.292,-11.876,-45.261,14.496,-4.5315,36.652,396.92,346.82,186.91,97.651,38.935
55.852,16.724,-14.453,-47.174,16.831,-5.3512,36.167,405.14,354.56,192.41,101.63,41.131
58.421,18.062,-16.253,-48.586,18.437,-5.8401,35.817,413.02,362.08,197.83,105.87,43.793
60.155,19.132,-17.28,-49.407,19.295,-6.0978,35.614,420.95,369.64,203.11,110.24,47.067
61.053,20.155,-17.513,-49.688,19.474,-6.1457,35.533,429.37,377.45,208.21,114.54,50.911
61.199,21.564,-16.895,-49.617,19.213,-5.9283,35.525,438.67,385.6,213.1,118.56,55.078
60.668,23.6,-15.422,-49.436,18.834,-5.39,35.537,449.02,393.97,217.82,122.24,59.255
59.558,26.161,-13.195,-49.356,18.515,-4.518,35.528,460.31,402.21,222.46,125.62,63.234
58.159,28.992,-10.421,-49.554,18.192,-3.3442,35.479,472.18,409.98,227.09,128.81,66.98
57.032,31.933,-7.4159,-50.184,17.847,-1.9422,35.393,484.09,417.13,231.77,132,70.578
56.812,34.985,-4.5873,-51.348,17.726,-0.42996,35.273,495.55,423.76,236.47,135.36,74.149
57.905,38.261,-2.387,-53.097,18.191,1.0394,35.093,506.14,430.13,241.08,139.05,77.788
60.431,41.919,-1.2158,-55.467,19.544,2.3091,34.779,515.69,436.47,245.53,143.08,81.562
64.329,46.08,-1.3009,-58.516,21.928,3.267,34.221,524.22,442.92,249.77,147.37,85.531
69.389,50.767,-2.6221,-62.298,25.279,3.8968,33.317,531.94,449.5,253.85,151.78,89.773
75.229,55.842,-4.9251,-66.768,29.341,4.3158,32.01,539.13,456.12,257.9,156.26,94.361
81.333,60.986,-7.8005,-71.654,33.751,4.7861,30.304,546.02,462.62,262.09,160.85,99.297
87.157,65.779,-10.784,-76.481,38.127,5.6614,28.25,552.68,468.81,266.53,165.59,104.44
92.284,69.986,-13.427,-80.873,42.16,7.2166,25.902,559.04,474.58,271.23,170.45,109.56
96.531,73.744,-15.329,-84.824,45.631,9.4431,23.297,564.93,479.91,276.03,175.38,114.51
99.991,77.389,-16.165,-88.663,48.389,12.095,20.444,570.22,484.84,280.73,180.36,119.33
103.03,81.243,-15.735,-92.85,50.436,14.997,17.362,574.93,489.45,285.19,185.49,124.29
106.21,85.532,-14.022,-97.789,51.981,18.223,14.117,579.23,493.84,289.36,190.89,129.72
110.17,90.349,-11.258,-103.58,53.238,21.976,10.825,583.41,498.11,293.31,196.57,135.91
115.11,95.6,-7.9125,-109.85,54.356,26.399,7.6222,587.75,502.32,297.11,202.55,142.96
120.49,101.09,-4.6039,-115.94,55.561,31.458,4.6033,592.37,506.49,300.88,208.86,150.82
125.67,106.7,-1.9561,-121.4,57.097,36.883,1.794,597.18,510.5,304.65,215.49,159.22
130.47,112.4,-0.45122,-126.22,59.081,42.199,-0.84861,601.81,514.18,308.38,222.37,167.74
135.08,118.06,-0.30346,-130.67,61.517,46.872,-3.4282,605.84,517.27,311.89,229.25,175.86
139.85,123.46,-1.4311,-135.08,64.411,50.508,-6.1238,608.95,519.54,314.97,235.83,183.28
145.04,128.55,-3.5083,-139.67,67.788,53.006,-9.2357,610.99,520.84,317.44,241.87,189.97
150.69,133.47,-6.041,-144.5,71.574,54.592,-13.228,611.71,521.11,319.21,247.34,196.2
156.57,138.41,-8.471,-149.55,75.493,55.753,-18.61,610.49,520.23,320.26,252.35,202.26
162.41,143.6,-10.295,-154.83,79.119,57.032,-25.401,606.75,518.02,320.67,257.12,208.44
167.88,149.21,-11.168,-160.36,82.041,58.714,-32.698,600.6,514.34,320.53,261.91,214.93
172.62,154.98,-10.968,-165.97,83.977,60.728,-39.603,592.6,509.32,319.97,266.85,221.88
176.17,160.1,-9.8261,-170.85,84.813,62.895,-46.172,583.01,503.22,319.1,271.95,229.3
178.16,163.89,-8.0937,-174.07,84.616,65.055,-52.929,571.83,496.23,317.99,277.02,237.01
178.64,166.18,-6.2532,-175.48,83.64,67.021,-60.25,558.85,488.37,316.69,281.91,244.69
178.04,167,-4.7862,-175.45,82.29,68.547,-68.23,543.78,479.51,315.22,286.51,252.07
176.9,166.54,-4.0355,-174.34,81.006,69.419,-76.775,526.34,469.48,313.66,290.86,259.03
175.69,165.2,-4.097,-172.59,80.103,69.67,-85.662,506.68,458.08,312.08,295.06,265.6
174.84,163.63,-4.804,-170.87,79.688,69.618,-94.556,485.44,445.25,310.54,299.2,271.95
174.71,162.68,-5.8084,-170.01,79.722,69.641,-103.05,463.47,431.21,309.05,303.33,278.33
175.58,163.11,-6.6761,-170.63,80.108,70.032,-110.78,441.43,416.5,307.56,307.43,284.99
177.49,165.11,-6.9679,-172.83,80.694,70.993,-117.55,419.61,401.84,306.01,311.47,292.09
180.19,168.29,-6.3272,-176.2,81.268,72.619,-123.31,397.87,387.79,304.32,315.4,299.62
183.14,171.94,-4.5931,-179.97,81.57,74.885,-128.06,375.8,374.5,302.44,319.25,307.57
185.62,175.34,-1.8885,-183.28,81.334,77.585,-131.71,352.9,361.7,300.33,323.14,315.95
186.93,177.87,1.3976,-185.44,80.342,80.267,-134.09,328.91,348.87,297.96,327.17,324.45
186.56,179.18,4.7253,-186.12,78.495,82.404,-135.21,303.92,335.51,295.36,331.16,331.49
184.24,179.2,7.5589,-185.25,75.855,83.601,-135.33,278.55,321.37,292.58,334.45,335.12
179.95,177.88,9.5111,-182.67,72.595,83.693,-134.93,253.66,306.52,289.61,336.32,335.17
174.04,174.94,10.429,-178.26,68.853,82.722,-134.39,230.08,291.29,286.27,336.28,332.54
166.91,170.18,10.411,-172.23,64.693,80.867,-133.82,208.33,276.13,282.05,333.88,327.79
158.77,163.89,9.7823,-165.06,60.215,78.387,-133.13,188.54,261.4,276.31,328.79,320.71
150.02,156.91,9.0384,-157.22,55.571,75.61,-132.05,170.61,247.32,268.85,321.13,311.05
141.31,150,8.6977,-149.21,50.851,72.833,-130.24,154.24,233.95,260.12,311.36,299.02
132.91,143.68,9.1076,-141.55,46.076,70.201,-127.46,139.05,221.17,250.82,300.08,285.2
124.82,138.17,10.311,-134.45,41.28,67.778,-123.63,124.55,208.66,241.26,287.72,270.2
117.01,133.31,12.061,-127.86,36.556,65.631,-118.94,110.26,195.82,231.22,274.5,254.6
109.44,128.51,13.963,-121.48,31.975,63.721,-113.72,95.878,181.99,220.19,260.4,238.95
102.07,123.13,15.644,-114.86,27.506,61.82,-108.2,81.474,166.74,207.73,245.43,223.64
94.9,116.72,16.85,-107.67,23.1,59.605,-102.5,67.485,150.28,193.62,229.72,208.87
87.945,109.57,17.506,-100.04,18.747,56.877,-96.625,54.181,133.43,178.04,213.51,194.56
81.257,102.73,17.737,-92.553,14.473,53.716,-90.564,41.677,117.23,161.62,197.1,180.44
74.889,96.876,17.829,-85.882,10.429,50.389,-84.355,30.55,102.46,145.49,180.85,166.33
68.908,91.899,18.099,-80.282,6.9682,47.19,-78.099,21.432,89.424,130.78,165.14,152.33
63.356,87.591,18.733,-75.453,4.4655,44.36,-71.918,14.259,77.968,117.92,150.35,138.73
58.215,83.81,19.679,-71.054,3.0165,41.995,-65.944,8.5706,67.694,106.61,136.67,125.9
53.434,80.261,20.673,-66.908,2.3853,39.956,-60.337,3.9446,58.032,96.214,124.13,114.33
48.868,76.493,21.379,-62.778,2.2011,37.914,-55.332,0.091813,48.336,86.177,112.71,104.28
44.186,72.05,21.567,-58.367,2.1256,35.503,-51.196,-3.1765,38.274,76.271,102.3,95.654
38.914,66.658,21.201,-53.542,1.8899,32.499,-48.049,-5.9771,28.475,66.636,92.588,88.018
32.707,60.365,20.443,-48.318,1.282,28.951,-45.754,-8.3759,20.069,57.698,83.183,80.884
25.733,53.541,19.59,-42.751,0.15619,25.204,-43.998,-10.422,13.425,49.812,73.952,73.894
18.682,46.74,18.961,-37.021,-1.5345,21.738,-42.457,-12.19,8.2824,42.792,65.101,66.858
12.192,40.54,18.785,-31.438,-3.7109,18.91,-40.912,-13.782,4.3449,36.022,56.933,59.736
6.568,35.347,19.128,-26.314,-6.1704,16.816,-39.292,-15.292,1.3788,29.132,49.679,52.698
1.9688,31.21,19.874,-21.816,-8.6296,15.292,-37.642,-16.737,-0.82434,22.533,43.397,46.14
-1.4579,27.796,20.796,-17.821,-10.8,14.025,-36.038,-18.046,-2.4487,17.006,37.825,40.439
-3.5967,24.543,21.65,-13.868,-12.473,12.729,-34.509,-19.111,-3.6453,12.821,32.619,35.77
-4.4892,21.001,22.264,-9.5418,-13.59,11.352,-33.003,-19.853,-4.5291,9.756,27.942,32.124
-4.4145,17.406,22.591,-5.3806,-14.242,10.107,-31.42,-20.274,-5.1816,7.4999,24.172,29.268
-3.8098,14.559,22.698,-2.575,-14.615,9.2302,-29.666,-20.455,-5.6583,5.8222,21.155,26.854
-3.0999,12.742,22.716,-1.2648,-14.887,8.7555,-27.695,-20.517,-5.9984,4.5663,18.533,24.631
-2.5668,11.655,22.767,-0.76754,-15.171,8.5824,-25.549,-20.568,-6.2345,3.619,16.174,22.503
-2.315,11.033,22.946,-0.58173,-15.511,8.6281,-23.355,-20.665,-6.4002,2.8934,14.101,20.47
-2.3119,10.817,23.321,-0.54329,-15.912,8.8889,-21.278,-20.807,-6.5352,2.3215,12.343,18.569
-2.454,11.03,23.898,-0.6492,-16.333,9.3791,-19.442,-20.964,-6.6867,1.8503,10.895,16.862
-2.6276,11.637,24.606,-0.9184,-16.686,10.055,-17.893,-21.106,-6.9031,1.4384,9.719,15.427
-2.7491,12.492,25.309,-1.3206,-16.888,10.798,-16.614,-21.229,-7.2195,1.0531,8.7606,14.321
-2.7773,13.332,25.853,-1.7517,-16.907,11.446,-15.561,-21.35,-7.6433,0.6698,7.9562,13.542
-2.6974,13.864,26.107,-2.0635,-16.763,11.858,-14.681,-21.493,-8.1492,0.27527,7.2412,13.013
-2.4967,13.877,25.994,-2.1562,-16.48,11.937,-13.927,-21.682,-8.6877,-0.12801,6.561,12.599
-2.1541,13.355,25.499,-2.067,-16.061,11.675,-13.249,-21.929,-9.2005,-0.51948,5.8839,12.159
-1.6533,12.495,24.683,-1.9473,-15.498,11.155,-12.6,-22.226,-9.6355,-0.86503,5.2118,11.6
-1.0135,11.603,23.688,-1.936,-14.821,10.528,-11.947,-22.538,-9.9573,-1.1294,4.5765,10.914
-0.31966,10.915,22.7,-2.0639,-14.12,9.9454,-11.3,-22.819,-10.152,-1.2912,4.0217,10.167
0.27146,10.491,21.888,-2.2514,-13.543,9.4978,-10.712,-23.025,-10.232,-1.3537,3.5794,9.4581
0.56625,10.218,21.352,-2.3538,-13.235,9.1699,-10.273,-23.144,-10.231,-1.3458,3.2578,8.871
0.40028,9.8675,21.077,-2.2179,-13.29,8.8432,-10.059,-23.198,-10.194,-1.3137,3.0413,8.4457
-0.29666,9.2007,20.941,-1.7381,-13.704,8.3487,-10.098,-23.21,-10.158,-1.3063,2.899,8.1742
-1.4669,8.0887,20.746,-0.90151,-14.365,7.5576,-10.332,-23.172,-10.135,-1.3601,2.7964,8.0109
-2.9347,6.5949,20.295,0.20124,-15.082,6.46,-10.636,-23.018,-10.109,-1.4867,2.7061,7.8909
-4.4538,4.9404,19.465,1.4093,-15.638,5.166,-10.843,-22.652,-10.046,-1.6682,2.6172,7.7562
-5.7793,3.3749,18.248,2.5446,-15.859,3.8421,-10.802,-22.003,-9.915,-1.8624,2.5381,7.578
-6.7335,2.0794,16.748,3.4575,-15.673,2.634,-10.427,-21.084,-9.7035,-2.02,2.4896,7.36
-7.2337,1.1171,15.111,4.0568,-15.108,1.6291,-9.7203,-20.012,-9.4256,-2.1061,2.491,7.1226
-7.2826,0.44792,13.44,4.3202,-14.251,0.84669,-8.7635,-18.958,-9.1192,-2.1162,2.5457,6.8835
-6.9426,-0.010109,11.78,4.2788,-13.193,0.26579,-7.6778,-18.061,-8.8309,-2.0785,2.6354,6.6486
-6.3065,-0.30868,10.157,3.9874,-11.998,-0.14814,-6.5816,-17.353,-8.5956,-2.0412,2.7271,6.4199
-5.4676,-0.45192,8.6038,3.5053,-10.703,-0.43375,-5.5511,-16.737,-8.4225,-2.0494,2.7868,6.2053
-4.4917,-0.43716,7.1362,2.8937,-9.3206,-0.63987,-4.5921,-16.041,-8.2944,-2.126,2.7917,6.0149
-3.4007,-0.30423,5.7145,2.2123,-7.8445,-0.83806,-3.639,-15.112,-8.1797,-2.263,2.7333,5.8448
-2.181,-0.13614,4.2434,1.514,-6.2685,-1.1112,-2.6076,-13.908,-8.0457,-2.427,2.6146,5.6632
-0.82109,-0.030033,2.6157,0.84597,-4.5995,-1.5365,-1.4822,-12.525,-7.8658,-2.5709,2.4452,5.4146
0.63784,-0.067814,0.76983,0.26052,-2.8616,-2.1628,-0.36989,-11.143,-7.6211,-2.6479,2.2378,5.0409
2.0628,-0.30474,-1.264,-0.17344,-1.1152,-2.9928,0.53568,-9.9383,-7.3007,-2.6253,2.0058,4.5097
3.2261,-0.7683,-3.3428,-0.37166,0.50501,-3.9764,1.0512,-9.0078,-6.9011,-2.4932,1.7621,3.8362
3.8518,-1.4568,-5.2245,-0.25288,1.7794,-5.0189,1.0878,-8.3428,-6.4229,-2.2663,1.5193,3.0815
3.6962,-2.3361,-6.6312,0.23504,2.4573,-6.003,0.68589,-7.838,-5.868,-1.9767,1.2884,2.3256
2.6367,-3.3429,-7.3375,1.097,2.3563,-6.818,0.00012641,-7.3365,-5.2397,-1.6616,1.0756,1.6305
0.73897,-4.3991,-7.2514,2.2829,1.446,-7.39,-0.75055,-6.6962,-4.5467,-1.3522,0.87828,1.0161
-1.7366,-5.4293,-6.465,3.6815,-0.1182,-7.7063,-1.3516,-5.854,-3.8048,-1.0672,0.68517,0.46022
-4.3898,-6.3699,-5.2474,5.1256,-2.0185,-7.8257,-1.6539,-4.8503,-3.0348,-0.81273,0.47899,-0.08363
-6.7618,-7.1676,-3.9744,6.4161,-3.849,-7.8514,-1.6066,-3.8022,-2.2543,-0.58256,0.24429,-0.66115
-8.4313,-7.7632,-3.0095,7.3544,-5.2228,-7.8781,-1.2549,-2.8423,-1.4704,-0.36043,-0.023185,-1.2963
-9.1095,-8.0788,-2.5821,7.7763,-5.8761,-7.9393,-0.70954,-2.0575,-0.67798,-0.1252,-0.31018,-1.9799
-8.7041,-8.0322,-2.7177,7.592,-5.733,-7.9877,-0.094008,-1.4551,0.12863,0.13939,-0.58616,-2.6688
-7.3448,-7.5808,-3.2436,6.8244,-4.9194,-7.9171,0.51108,-0.96356,0.94797,0.43646,-0.8094,-3.2936
-5.3675,-6.7633,-3.8639,5.6255,-3.7296,-7.6186,1.1001,-0.46418,1.7706,0.75584,-0.93652,-3.7751
-3.2474,-5.7137,-4.2752,4.2535,-2.5435,-7.0495,1.7348,0.15649,2.5869,1.0806,-0.93666,-4.0511
-1.4746,-4.6398,-4.2848,3.0081,-1.6998,-6.2743,2.5031,0.95738,3.3943,1.3939,-0.80372,-4.1032
-0.4071,-3.7642,-3.885,2.1432,-1.3683,-5.4522,3.4682,1.9178,4.1969,1.6829,-0.56298,-3.9717
-0.16512,-3.2511,-3.2502,1.7902,-1.498,-4.776,4.6377,2.9463,4.9993,1.9416,-0.26659,-3.7459
-0.61331,-3.1546,-2.6488,1.9214,-1.8748,-4.4005,5.9587,3.9212,5.8089,2.1748,0.024083,-3.5336
-1.4324,-3.4035,-2.3138,2.37,-2.238,-4.3879,7.3294,4.7447,6.6338,2.3977,0.25829,-3.4224
-2.2485,-3.8317,-2.3476,2.9016,-2.3924,-4.6881,8.6293,5.3865,7.4906,2.6368,0.41419,-3.4507
-2.7704,-4.2448,-2.7138,3.307,-2.2638,-5.1616,9.7639,5.8931,8.407,2.9244,0.50401,-3.6002
-2.8716,-4.4976,-3.2901,3.4682,-1.8793,-5.6397,10.695,6.3552,9.4147,3.288,0.5628,-3.8136
-2.5829,-4.5457,-3.9433,3.3772,-1.3123,-5.9996,11.434,6.8582,10.535,3.7387,0.62756,-4.0273
-2.0302,-4.455,-4.5994,3.1154,-0.63967,-6.2213,12.005,7.4479,11.764,4.2658,0.71942,-4.2027
-1.3591,-4.3645,-5.285,2.8093,0.09006,-6.3943,12.417,8.1275,13.08,4.8397,0.83732,-4.3392
-0.67374,-4.4189,-6.1152,2.578,0.87468,-6.667,12.66,8.8736,14.444,5.4292,0.96319,-4.4656
-0.016049,-4.7018,-7.2255,2.4909,1.7404,-7.1604,12.729,9.654,15.817,6.0146,1.0742,-4.6203
0.60967,-5.198,-8.6627,2.5475,2.6916,-7.8921,12.64,10.433,17.157,6.5995,1.1571,-4.8305
1.1876,-5.7904,-10.274,2.6869,3.6541,-8.7433,12.447,11.175,18.424,7.2096,1.2204,-5.0995
1.6448,-6.2915,-11.679,2.8226,4.4425,-9.4782,12.226,11.845,19.58,7.8772,1.2967,-5.4028
1.834,-6.5095,-12.376,2.8913,4.7824,-9.8097,12.054,12.428,20.607,8.6227,1.4343,-5.6937
1.5648,-6.3247,-11.901,2.889,4.3989,-9.4948,11.976,12.935,21.505,9.4361,1.6779,-5.9167
0.68868,-5.7382,-9.9936,2.8729,3.125,-8.4323,11.995,13.399,22.284,10.267,2.0447,-6.0286
-0.81104,-4.8705,-6.7354,2.926,0.97961,-6.7219,12.077,13.844,22.944,11.028,2.5087,-6.0178
-2.7859,-3.9176,-2.6173,3.1112,-1.7916,-4.6525,12.176,14.259,23.468,11.62,3.0054,-5.9135
-4.9407,-3.0869,1.5492,3.4355,-4.7322,-2.6238,12.271,14.591,23.832,11.973,3.4527,-5.776
-6.8777,-2.5392,4.8814,3.8389,-7.2749,-1.0335,12.384,14.762,24.018,12.083,3.7821,-5.6748
-8.1878,-2.3543,6.7034,4.2108,-8.9016,-0.16956,12.555,14.71,24.027,12.013,3.9621,-5.6648
-8.5743,-2.5235,6.7348,4.4344,-9.2956,-0.14121,12.795,14.414,23.876,11.854,4.0001,-5.7692
-7.9464,-2.967,5.1295,4.4385,-8.4141,-0.86624,13.06,13.901,23.59,11.683,3.9326,-5.9772
-6.4553,-3.5707,2.3676,4.2345,-6.4861,-2.1175,13.27,13.225,23.194,11.531,3.8043,-6.2544
-4.4729,-4.2256,-0.90233,3.9168,-3.9685,-3.6079,13.345,12.447,22.696,11.376,3.65,-6.5609
-2.502,-4.8496,-4.0156,3.6209,-1.4426,-5.0639,13.236,11.635,22.087,11.166,3.4831,-6.8638
-1.0167,-5.3881,-6.4484,3.4656,0.5855,-6.2645,12.933,10.852,21.36,10.849,3.2956,-7.1386
-0.29202,-5.8028,-7.9125,3.5064,1.8464,-7.0633,12.466,10.153,20.525,10.417,3.0721,-7.3651
-0.3107,-6.0444,-8.3628,3.6989,2.3116,-7.3917,11.9,9.5717,19.625,9.912,2.8108,-7.5264
-0.79135,-6.0253,-7.9489,3.8863,2.1308,-7.2369,11.329,9.1198,18.733,9.4168,2.5351,-7.6117
-1.3106,-5.6445,-6.9343,3.8532,1.5846,-6.6411,10.855,8.7907,17.934,9.0243,2.2873,-7.6213
-1.4633,-4.8664,-5.656,3.4353,1.0115,-5.7209,10.551,8.5685,17.301,8.8023,2.1064,-7.5691
-1.0185,-3.7786,-4.4878,2.6091,0.69565,-4.6611,10.435,8.4377,16.865,8.7717,2.0111,-7.4791
-0.017611,-2.5891,-3.7461,1.5198,0.78118,-3.6761,10.464,8.3886,16.6,8.9033,1.9957,-7.3752
1.2503,-1.5729,-3.5919,0.43887,1.2431,-2.968,10.563,8.4136,16.424,9.1316,2.038,-7.2706
2.3756,-0.98735,-3.9945,-0.33322,1.9121,-2.6815,10.666,8.4986,16.228,9.3789,2.109,-7.1637
2.9795,-0.98622,-4.7699,-0.56832,2.5455,-2.8583,10.741,8.6161,15.914,9.5776,2.1815,-7.0419
2.8444,-1.5619,-5.6569,-0.18412,2.9232,-3.4164,10.79,8.7277,15.436,9.6827,2.2336,-6.8922
1.991,-2.5378,-6.3993,0.719,2.9322,-4.169,10.827,8.7981,14.809,9.6752,2.2491,-6.7118
0.67808,-3.6174,-6.8154,1.8721,2.6044,-4.8806,10.861,8.8147,14.091,9.5625,2.218,-6.5131
-0.67993,-4.481,-6.8406,2.9182,2.0924,-5.338,10.889,8.7977,13.352,9.3745,2.1384,-6.3199
-1.6563,-4.8896,-6.5307,3.5359,1.6037,-5.4152,10.902,8.7826,12.644,9.1488,2.0161,-6.1559
-1.9574,-4.754,-6.0277,3.549,1.3261,-5.1088,10.893,8.7829,11.982,8.9078,1.8589,-6.0356
-1.507,-4.1538,-5.5108,2.9788,1.3697,-4.5307,10.856,8.763,11.344,8.6456,1.6694,-5.9604
-0.45381,-3.3108,-5.1503,2.0292,1.7399,-3.8696,10.791,8.6471,10.69,8.3376,1.4439,-5.9197
0.8762,-2.5242,-5.0725,1.0157,2.3397,-3.3394,10.702,8.3599,9.9815,7.9615,1.1767,-5.8961
2.0696,-2.0805,-5.332,0.2655,3.001,-3.1237,10.605,7.867,9.2097,7.5134,0.86626,-5.8727
2.7435,-2.1699,-5.8964,0.029406,3.5326,-3.3248,10.524,7.1897,8.3965,7.0084,0.51857,-5.84
2.6524,-2.8336,-6.6464,0.42603,3.771,-3.929,10.478,6.3981,7.5906,6.471,0.14749,-5.7999
1.7552,-3.9491,-7.3952,1.4132,3.6177,-4.8016,10.476,5.5958,6.852,5.9232,-0.22652,-5.7634
0.22514,-5.2599,-7.9233,2.7902,3.0578,-5.7233,10.522,4.8962,6.2298,5.3823,-0.5781,-5.7432
-1.6108,-6.4567,-8.0322,4.2488,2.1597,-6.446,10.624,4.3925,5.7395,4.8669,-0.87759,-5.7426
-3.3766,-7.2724,-7.6066,5.4676,1.0614,-6.7586,10.808,4.1271,5.3531,4.4007,-1.0923,-5.7464
-4.7433,-7.5461,-6.6646,6.2014,-0.053971,-6.5495,11.101,4.0768,5.0115,4.0064,-1.1931,-5.7191
-5.4854,-7.2449,-5.3693,6.328,-0.98889,-5.8432,11.499,4.1613,4.652,3.692,-1.1682,-5.6166
-5.5001,-6.4527,-3.9898,5.8502,-1.5658,-4.787,11.95,4.2732,4.2302,3.441,-1.037,-5.4087
-4.8034,-5.3411,-2.8266,4.878,-1.6606,-3.6011,12.347,4.3174,3.7295,3.2133,-0.85278,-5.1013
-3.5106,-4.127,-2.1262,3.5972,-1.2306,-2.5219,12.559,4.2388,3.1579,2.9583,-0.69169,-4.7443
-1.8115,-3.0183,-2.009,2.2245,-0.33254,-1.7393,12.472,4.03,2.5406,2.6315,-0.63136,-4.4181
0.044123,-2.1605,-2.432,0.96211,0.87303,-1.3444,12.021,3.7182,1.9099,2.2089,-0.72933,-4.2071
1.7512,-1.6104,-3.1886,-0.02961,2.133,-1.3056,11.207,3.3359,1.2938,1.6933,-1.0086,-4.1723
2.9853,-1.344,-3.9554,-0.64584,3.1395,-1.4863,10.088,2.8899,0.7052,1.1109,-1.4551,-4.3322
3.4911,-1.2907,-4.3996,-0.84087,3.6119,-1.7054,8.7561,2.3522,0.13793,0.50235,-2.0252,-4.6627
3.1773,-1.3754,-4.3104,-0.62189,3.4,-1.8129,7.3122,1.6884,-0.42324,-0.087722,-2.6589,-5.1056
2.1426,-1.5549,-3.6953,-0.042647,2.5501,-1.759,5.8432,0.903,-0.98395,-0.62069,-3.2905,-5.5846
0.63238,-1.8318,-2.8005,0.798,1.3044,-1.6241,4.4192,0.064201,-1.526,-1.0713,-3.8598,-6.0248
-1.0092,-2.2411,-2.0474,1.7634,0.046848,-1.5952,3.0999,-0.7154,-2.0102,-1.4314,-4.321,-6.3713
-2.3807,-2.8123,-1.8898,2.6985,-0.79333,-1.8782,1.9305,-1.3316,-2.3964,-1.7082,-4.6531,-6.6028
-3.1033,-3.5267,-2.6347,3.4482,-0.86658,-2.5859,0.92785,-1.732,-2.6613,-1.918,-4.8676,-6.7334
-2.9299,-4.2863,-4.3166,3.8696,-0.021013,-3.6604,0.094807,-1.9253,-2.8034,-2.0766,-4.9996,-6.8034
-1.8311,-4.9139,-6.6571,3.8543,1.6299,-4.8721,-0.55215,-1.96,-2.835,-2.1901,-5.087,-6.8562
-0.022554,-5.2023,-9.1058,3.3685,3.7148,-5.8865,-0.97046,-1.8969,-2.7719,-2.252,-5.1447,-6.9179
2.0785,-4.9998,-10.978,2.4856,5.6957,-6.372,-1.11,-1.7883,-2.6294,-2.2467,-5.1533,-6.9813
3.9607,-4.2844,-11.664,1.3826,7.0254,-6.1142,-0.94253,-1.6651,-2.4258,-2.162,-5.0705,-7.0057
5.1574,-3.1846,-10.828,0.29988,7.3127,-5.0981,-0.47934,-1.535,-2.1879,-2.0031,-4.8563,-6.9364
5.3691,-1.9418,-8.5519,-0.52213,6.4363,-3.5203,0.22742,-1.3824,-1.9531,-1.7991,-4.4983,-6.7312
4.535,-0.83197,-5.3177,-0.90753,4.5681,-1.7205,1.0986,-1.1836,-1.7656,-1.5985,-4.0237,-6.3823
2.8387,-0.078744,-1.8415,-0.78904,2.1085,-0.068133,2.0491,-0.92934,-1.6675,-1.4557,-3.4881,-5.9235
0.64494,0.20751,1.1873,-0.21817,-0.44626,1.1485,2.9992,-0.64536,-1.6868,-1.4107,-2.9614,-5.4215
-1.6236,0.044129,3.3024,0.66126,-2.666,1.7883,3.8761,-0.39472,-1.8293,-1.4819,-2.5082,-4.9552
-3.6135,-0.45584,4.3388,1.6657,-4.2913,1.871,4.6079,-0.25402,-2.0786,-1.6622,-2.1721,-4.5957
-5.1058,-1.1359,4.4146,2.6271,-5.2307,1.5398,5.1244,-0.27904,-2.4059,-1.9252,-1.9687,-4.3853
-6.012,-1.8503,3.8173,3.429,-5.5147,0.97918,5.3683,-0.48531,-2.7817,-2.2337,-1.8835,-4.3275
-6.3353,-2.5043,2.8407,4.0138,-5.2446,0.33123,5.3095,-0.85411,-3.1831,-2.5495,-1.8788,-4.384
-6.1255,-3.0746,1.6481,4.3699,-4.5252,-0.35622,4.953,-1.3518,-3.5946,-2.8404,-1.9071,-4.4864
-5.4546,-3.5965,0.23227,4.5105,-3.4234,-1.1301,4.3359,-1.9428,-4.0042,-3.0854,-1.9254,-4.5577
-4.4127,-4.1238,-1.5015,4.4614,-1.9781,-2.0798,3.5196,-2.5857,-4.398,-3.2741,-1.9065,-4.5349
-3.0995,-4.6757,-3.5989,4.2551,-0.24155,-3.2397,2.5836,-3.2264,-4.7576,-3.4018,-1.8448,-4.387
-1.6168,-5.2095,-5.9545,3.9237,1.6772,-4.5161,1.6214,-3.7919,-5.0613,-3.4653,-1.7511,-4.1212
-0.066088,-5.6297,-8.3002,3.4875,3.6008,-5.7022,0.73377,-4.2109,-5.2907,-3.4617,-1.6453,-3.7794
1.4476,-5.8173,-10.276,2.9494,5.3104,-6.5591,0.0070171,-4.4419,-5.4394,-3.3931,-1.5499,-3.4248
2.8061,-5.6692,-11.533,2.3101,6.585,-6.8948,-0.51116,-4.5008,-5.5218,-3.2699,-1.4828,-3.125
3.8699,-5.1449,-11.82,1.5989,7.2461,-6.6165,-0.82479,-4.4629,-5.5721,-3.1081,-1.4526,-2.9271
4.4902,-4.3002,-11.062,0.89327,7.199,-5.7604,-0.98043,-4.4254,-5.6227,-2.9233,-1.4562,-2.8409
4.542,-3.2841,-9.3814,0.31326,6.455,-4.4867,-1.0421,-4.4498,-5.6805,-2.7251,-1.4785,-2.8324
3.9605,-2.2981,-7.0777,-0.0084568,5.1228,-3.035,-1.0644,-4.5221,-5.7206,-2.5154,-1.4978,-2.8332
2.7666,-1.536,-4.5352,0.03096,3.3761,-1.6569,-1.075,-4.5674,-5.7036,-2.2933,-1.4948,-2.7663
1.0748,-1.1275,-2.1106,0.46448,1.4118,-0.55058,-1.0718,-4.4957,-5.6028,-2.0631,-1.4598,-2.5805
-0.91812,-1.0984,-0.032983,1.2316,-0.58406,0.19297,-1.0338,-4.2521,-5.424,-1.8391,-1.3997,-2.2748
-2.9592,-1.3574,1.6254,2.181,-2.4456,0.60966,-0.93725,-3.845,-5.2074,-1.6472,-1.3343,-1.9003
-4.7777,-1.725,2.8968,3.1067,-4.0205,0.82968,-0.76584,-3.3494,-5.0111,-1.5174,-1.2897,-1.5406
-6.129,-2.0052,3.834,3.8081,-5.1737,1.002,-0.5116,-2.8831,-4.89,-1.4769,-1.2904,-1.2747
-6.8371,-2.0675,4.4466,4.1472,-5.8077,1.215,-0.17576,-2.5634,-4.8813,-1.5429,-1.352,-1.1495
-6.8309,-1.899,4.6768,4.083,-5.8771,1.4502,0.22257,-2.4604,-4.994,-1.7157,-1.4778,-1.172
-6.1615,-1.6067,4.4148,3.6777,-5.3817,1.5864,0.63659,-2.5674,-5.2064,-1.9779,-1.6588,-1.316
-4.9816,-1.3732,3.5448,3.0711,-4.3517,1.4495,0.99524,-2.8037,-5.4833,-2.3022,-1.879,-1.5318
-3.4807,-1.3824,1.9975,2.4287,-2.8423,0.88554,1.2233,-3.0538,-5.8051,-2.6632,-2.1217,-1.7578
-1.8154,-1.7431,-0.20381,1.8861,-0.94132,-0.17141,1.2664,-3.23,-6.1769,-3.0405,-2.3714,-1.9344
-0.094493,-2.4485,-2.9178,1.5206,1.2216,-1.6603,1.1057,-3.3166,-6.604,-3.4123,-2.6108,-2.0213
1.5734,-3.3875,-5.8823,1.3563,3.4625,-3.3999,0.75771,-3.3715,-7.0682,-3.7496,-2.8183,-2.0119
3.0253,-4.3952,-8.7369,1.375,5.5304,-5.1402,0.26482,-3.4713,-7.5205,-4.0186,-2.9666,-1.9359
4.0411,-5.3133,-11.082,1.5359,7.1246,-6.6373,-0.31727,-3.6526,-7.8926,-4.1826,-3.0243,-1.8378
4.4002,-6.0454,-12.57,1.8203,7.9685,-7.7268,-0.932,-3.8821,-8.1102,-4.2083,-2.9584,-1.741
3.9623,-6.5945,-13.015,2.2642,7.9076,-8.3743,-1.5346,-4.0729,-8.119,-4.0779,-2.7443,-1.6289
2.7271,-7.0586,-12.462,2.9292,6.9726,-8.6832,-2.1024,-4.1327,-7.9168,-3.8049,-2.383,-1.4619
0.84826,-7.5809,-11.198,3.842,5.3808,-8.8518,-2.6402,-4.0119,-7.5714,-3.4445,-1.9173,-1.2154
-1.3814,-8.2812,-9.6896,4.9539,3.4952,-9.0977,-3.1742,-3.7282,-7.2077,-3.0857,-1.43,-0.9058
-3.5671,-9.2006,-8.4812,6.1344,1.7549,-9.5824,-3.7334,-3.3608,-6.9662,-2.8275,-1.0251,-0.59031
-5.2779,-10.268,-8.0448,7.1922,0.58396,-10.356,-4.3243,-3.0182,-6.9477,-2.7486,-0.7985,-0.34578
-6.1422,-11.299,-8.6083,7.9122,0.28882,-11.335,-4.9175,-2.7906,-7.1763,-2.8833,-0.81097,-0.24007
-5.9514,-12.042,-10.058,8.1091,0.96453,-12.316,-5.4548,-2.7079,-7.589,-3.2142,-1.0715,-0.30957
-4.7253,-12.272,-11.981,7.6889,2.4471,-13.041,-5.8687,-2.724,-8.0666,-3.6835,-1.5384,-0.5505
-2.719,-11.88,-13.808,6.692,4.3469,-13.28,-6.1066,-2.7412,-8.4996,-4.2173,-2.1359,-0.92455
-0.38123,-10.91,-14.996,5.2981,6.1551,-12.911,-6.1565,-2.6685,-8.8479,-4.7508,-2.7775,-1.3743
1.7349,-9.5447,-15.174,3.7921,7.3871,-11.949,-6.0716,-2.4825,-9.1521,-5.2446,-3.3873,-1.8415
3.1149,-8.0414,-14.23,2.4954,7.7135,-10.542,-5.971,-2.2528,-9.4898,-5.6834,-3.9129,-2.2803
3.4399,-6.6526,-12.319,1.6751,7.0417,-8.9143,-6.0117,-2.1086,-9.9166,-6.0667,-4.3301,-2.6625
2.6895,-5.5573,-9.8073,1.4598,5.5288,-7.3028,-6.3432,-2.1744,-10.435,-6.3988,-4.6372,-2.9723
1.1405,-4.8253,-7.1619,1.8042,3.5291,-5.8946,-7.0624,-2.5076,-10.994,-6.6847,-4.8448,-3.1956
-0.74032,-4.419,-4.8353,2.5148,1.4963,-4.7891,-8.1761,-3.0654,-11.508,-6.9301,-4.9638,-3.315
-2.4436,-4.2152,-3.1647,3.3072,-0.13272,-3.9925,-9.5855,-3.7184,-11.882,-7.1373,-4.9996,-3.319
-3.525,-4.0388,-2.3025,3.8731,-1.035,-3.4395,-11.112,-4.3032,-12.041,-7.2905,-4.9482,-3.2161
-3.6648,-3.7165,-2.2039,3.9588,-1.0516,-3.0281,-12.554,-4.6883,-11.951,-7.3458,-4.801,-3.0378
-2.7219,-3.1349,-2.6814,3.4347,-0.20924,-2.6545,-13.753,-4.8217,-11.636,-7.2565,-4.5603,-2.8262
-0.7979,-2.2731,-3.4764,2.3287,1.2786,-2.2339,-14.613,-4.7397,-11.18,-7.0276,-4.2543,-2.6184
1.7443,-1.2011,-4.2999,0.8245,3.0488,-1.7096,-15.106,-4.5399,-10.704,-6.7339,-3.9334,-2.4335
4.3556,-0.066201,-4.8721,-0.77439,4.6626,-1.0725,-15.261,-4.3323,-10.319,-6.4749,-3.6442,-2.2642
6.4385,0.92873,-4.9914,-2.1154,5.7154,-0.38728,-15.153,-4.1917,-10.081,-6.3117,-3.405,-2.0765
7.4919,1.5706,-4.5948,-2.8882,5.9444,0.21897,-14.864,-4.1324,-9.9755,-6.2394,-3.1954,-1.8197
7.2343,1.7027,-3.7669,-2.9062,5.2871,0.61064,-14.435,-4.1116,-9.9402,-6.2021,-2.9673,-1.4482
5.6802,1.273,-2.703,-2.1484,3.8839,0.69396,-13.842,-4.0583,-9.8934,-6.126,-2.6672,-0.94688
3.1275,0.33638,-1.6542,-0.7448,2.0329,0.43165,-13.026,-3.9074,-9.7691,-5.9499,-2.2576,-0.34597
0.045408,-0.97726,-0.86381,1.0827,0.098314,-0.1651,-11.941,-3.6257,-9.5394,-5.6462,-1.7291,0.28865
-3.0748,-2.4975,-0.49581,3.0868,-1.5998,-1.044,-10.607,-3.2217,-9.2238,-5.2284,-1.1018,0.88766
-5.8261,-4.0428,-0.57912,5.0318,-2.8613,-2.1085,-9.1135,-2.7456,-8.8802,-4.7465,-0.4208,1.4101
-7.9353,-5.4438,-0.9975,6.7085,-3.6193,-3.21,-7.5993,-2.2735,-8.5807,-4.2696,0.25401,1.8534
-9.259,-6.5441,-1.5321,7.9428,-3.9091,-4.1527,-6.2034,-1.877,-8.3786,-3.8615,0.86193,2.2401
-9.7375,-7.182,-1.9402,8.5887,-3.8193,-4.7262,-5.0258,-1.5934,-8.283,-3.5605,1.3548,2.5942
-9.3527,-7.2021,-2.0459,8.5274,-3.4365,-4.7685,-4.1172,-1.4145,-8.2546,-3.3735,1.7045,2.9247
-8.1361,-6.5271,-1.8143,7.7097,-2.8062,-4.2385,-3.4887,-1.3043,-8.2282,-3.286,1.9031,3.2224
-6.2001,-5.2347,-1.3765,6.2148,-1.9324,-3.2557,-3.1254,-1.2283,-8.1473,-3.2743,1.9574,3.4627
-3.753,-3.572,-0.98527,4.2668,-0.81197,-2.078,-2.9938,-1.1656,-7.9852,-3.3085,1.8859,3.6105
-1.1123,-1.8975,-0.90508,2.1996,0.51397,-1.0214,-3.0405,-1.0957,-7.7442,-3.3534,1.7171,3.6322
1.3073,-0.57544,-1.2932,0.3957,1.9246,-0.36181,-3.1905,-0.98259,-7.444,-3.3736,1.4912,3.5154
3.0837,0.12489,-2.1461,-0.80026,3.2339,-0.2588,-3.3546,-0.77601,-7.1113,-3.3428,1.2568,3.285
3.9282,0.091759,-3.3255,-1.1771,4.2488,-0.72199,-3.447,-0.43527,-6.7722,-3.2499,1.0594,2.9952
3.7804,-0.61083,-4.6244,-0.72054,4.834,-1.6276,-3.4066,0.039592,-6.4471,-3.1026,0.9228,2.6999
2.8216,-1.7621,-5.8403,0.3762,4.9629,-2.7693,-3.2144,0.59016,-6.1488,-2.9264,0.83862,2.4226
1.4286,-3.0425,-6.8319,1.7584,4.7335,-3.9152,-2.8981,1.111,-5.8849,-2.7584,0.7699,2.1482
0.072949,-4.1235,-7.5392,3.0139,4.3377,-4.854,-2.5209,1.4899,-5.6611,-2.6347,0.66792,1.8429
-0.82271,-4.7588,-7.9668,3.8041,3.9883,-5.4337,-2.1563,1.6568,-5.483,-2.5784,0.49217,1.4847
-1.0164,-4.8436,-8.1482,3.9619,3.841,-5.5891,-1.8605,1.6157,-5.3561,-2.5931,0.22441,1.0796
-0.51071,-4.4295,-8.1167,3.5248,3.9404,-5.3472,-1.6537,1.4384,-5.2849,-2.665,-0.12616,0.65457
0.46209,-3.6957,-7.8935,2.7049,4.2036,-4.8121,-1.5171,1.221,-5.2719,-2.7706,-0.52659,0.24127
1.5124,-2.89,-7.4901,1.8093,4.4474,-4.1369,-1.4043,1.0295,-5.3175,-2.8884,-0.93113,-0.1328
2.21,-2.2618,-6.9171,1.1466,4.4577,-3.4874,-1.2632,0.87011,-5.4182,-3.0077,-1.2949,-0.44888
2.2156,-2.0013,-6.1968,0.9516,4.0734,-3.0019,-1.0656,0.69678,-5.5639,-3.1303,-1.5841,-0.69925
1.3816,-2.1915,-5.3736,1.3315,3.2468,-2.7582,-0.82939,0.44211,-5.7368,-3.2617,-1.7809,-0.88975
-0.19967,-2.7865,-4.5164,2.2366,2.0621,-2.7612,-0.621,0.045483,-5.9151,-3.4022,-1.8827,-1.0415
-2.2223,-3.629,-3.7104,3.4688,0.71188,-2.9544,-0.53237,-0.53275,-6.0784,-3.5413,-1.8985,-1.189
-4.2697,-4.5051,-3.0394,4.7434,-0.56409,-3.2469,-0.64427,-1.3018,-6.2112,-3.6562,-1.8409,-1.3706
-5.948,-5.2103,-2.5629,5.7842,-1.5511,-3.5396,-0.99075,-2.2244,-6.3008,-3.714,-1.7145,-1.6073
-6.9891,-5.6,-2.2941,6.4017,-2.1185,-3.7435,-1.5392,-3.2065,-6.3322,-3.678,-1.5069,-1.8781
-7.2912,-5.6124,-2.1885,6.5243,-2.2475,-3.7917,-2.1941,-4.1125,-6.2865,-3.5224,-1.1973,-2.1146
-6.9064,-5.2654,-2.1598,6.1875,-2.0236,-3.6505,-2.8261,-4.8056,-6.146,-3.2466,-0.77921,-2.2347
-6.0097,-4.6362,-2.1277,5.5054,-1.5897,-3.3309,-3.3129,-5.1872,-5.9048,-2.8814,-0.27933,-2.1926
-4.8521,-3.8365,-2.0718,4.6362,-1.0731,-2.8931,-3.5806,-5.2271,-5.5761,-2.4832,0.24132,-2.0052
-3.663,-2.9869,-2.0561,3.7399,-0.52155,-2.4355,-3.6299,-4.9748,-5.1957,-2.1191,0.70359,-1.7416
-2.5305,-2.1898,-2.2147,2.9268,0.11574,-2.0699,-3.5318,-4.5487,-4.8176,-1.8454,1.0371,-1.4899
-1.3683,-1.5092,-2.706,2.2215,0.95629,-1.8905,-3.3915,-4.0929,-4.495,-1.6857,1.2076,-1.3229
-0.00037459,-0.9638,-3.6518,1.5732,2.1287,-1.9478,-3.2947,-3.7175,-4.2536,-1.6222,1.2288,-1.2762
1.7148,-0.53251,-5.0801,0.90242,3.7073,-2.2307,-3.2618,-3.4575,-4.0811,-1.6028,1.1512,-1.3422
3.7832,-0.16883,-6.8837,0.15487,5.6445,-2.663,-3.2328,-3.27,-3.9324,-1.556,1.0464,-1.4684
6.0209,0.17859,-8.8047,-0.66196,7.728,-3.1155,-3.0888,-3.0671,-3.7509,-1.4101,0.998,-1.5631
8.0697,0.54295,-10.468,-1.4689,9.6007,-3.4358,-2.7054,-2.7592,-3.4925,-1.1188,1.087,-1.5218
9.494,0.92201,-11.47,-2.1334,10.854,-3.4909,-2.0177,-2.292,-3.1444,-0.68286,1.3611,-1.2732
9.9272,1.2759,-11.501,-2.5085,11.153,-3.209,-1.0628,-1.677,-2.7306,-0.15604,1.8053,-0.81781
9.1993,1.5435,-10.452,-2.4804,10.351,-2.6068,0.027621,-1.0041,-2.3023,0.37308,2.3389,-0.237
7.3893,1.6676,-8.4766,-2.0078,8.5398,-1.7874,1.0817,-0.41347,-1.9181,0.81361,2.8416,0.33557
4.7964,1.6159,-5.9576,-1.1363,6.0362,-0.91261,1.9544,-0.035348,-1.6254,1.1032,3.1924,0.76477
1.8571,1.3864,-3.4087,0.017487,3.3004,-0.16149,2.5779,0.069576,-1.4492,1.2182,3.3019,0.96064
-0.9671,1.0046,-1.3244,1.2982,0.81051,0.31824,2.9775,-0.06361,-1.3907,1.1702,3.133,0.90133
-3.3007,0.52093,-0.039365,2.5452,-1.0645,0.44932,3.2511,-0.32477,-1.4328,0.99383,2.7076,0.63205
-4.9224,0.0066418,0.35148,3.6171,-2.1393,0.24721,3.5245,-0.59101,-1.5514,0.73332,2.0979,0.24609
-5.7629,-0.45577,-0.017784,4.4067,-2.4121,-0.1849,3.9001,-0.79609,-1.7251,0.42941,1.4052,-0.14749
-5.8498,-0.78623,-0.86809,4.8423,-2.0076,-0.6877,4.42,-0.95495,-1.9385,0.1094,0.73255,-0.4626
-5.2586,-0.91393,-1.8817,4.8745,-1.1055,-1.0914,5.0454,-1.1306,-2.1795,-0.21505,0.15952,-0.6683
-4.0999,-0.77731,-2.7914,4.4687,0.10033,-1.2607,5.6702,-1.3729,-2.4302,-0.53948,-0.27513,-0.79617
-2.5108,-0.3353,-3.4319,3.6246,1.4235,-1.1269,6.164,-1.6792,-2.6602,-0.8506,-0.5703,-0.91067
-0.64458,0.41035,-3.7457,2.4088,2.7069,-0.69545,6.4308,-1.9909,-2.8289,-1.1153,-0.73869,-1.0593
1.3106,1.3959,-3.7487,0.97106,3.8268,-0.031313,6.4441,-2.2265,-2.9013,-1.2876,-0.78679,-1.2483
3.1035,2.4961,-3.4801,-0.47039,4.6743,0.76895,6.2444,-2.326,-2.8703,-1.3304,-0.71923,-1.4568
4.4399,3.5471,-2.9709,-1.6691,5.148,1.5974,5.9058,-2.2789,-2.7612,-1.2328,-0.54978,-1.6593
5.0621,4.3838,-2.2472,-2.4065,5.1722,2.3503,5.5061,-2.1276,-2.6207,-1.0135,-0.29868,-1.8277
4.8389,4.8789,-1.3494,-2.5485,4.7271,2.9431,5.1038,-1.9538,-2.4941,-0.71245,0.014461,-1.9293
3.8141,4.9694,-0.34019,-2.0859,3.8709,3.3251,4.7343,-1.8503,-2.406,-0.38032,0.36862,-1.9396
2.2031,4.6708,0.69796,-1.148,2.7381,3.4884,4.4128,-1.879,-2.3568,-0.068765,0.73422,-1.8626
0.33969,4.0825,1.675,0.020448,1.5125,3.4709,4.1443,-2.0373,-2.3302,0.17856,1.0703,-1.7382
-1.4137,3.3772,2.514,1.1309,0.3797,3.3541,3.9296,-2.2589,-2.3093,0.33314,1.3288,-1.6317
-2.767,2.7521,3.1726,1.9471,-0.52169,3.2454,3.7662,-2.4525,-2.2922,0.3845,1.4629,-1.6142
-3.5743,2.3494,3.6524,2.3562,-1.131,3.2357,3.647,-2.5556,-2.2993,0.33638,1.4369,-1.7431
-3.8543,2.194,3.9918,2.3873,-1.471,3.3572,3.5638,-2.572,-2.3677,0.20056,1.2355,-2.047
-3.7635,2.1945,4.247,2.1806,-1.6302,3.5622,3.5105,-2.5725,-2.5326,-0.010366,0.87093,-2.516
-3.5391,2.1961,4.4552,1.93,-1.7237,3.7441,3.4842,-2.6639,-2.8074,-0.285,0.38338,-3.1028
-3.4267,2.0366,4.5839,1.8289,-1.8419,3.7675,3.4824,-2.9397,-3.174,-0.61176,-0.1684,-3.7353
-3.6047,1.5803,4.5085,2.0289,-2.0026,3.4932,3.5055,-3.4339,-3.5888,-0.97682,-0.72205,-4.3369
-4.1175,0.74678,4.0489,2.6007,-2.1329,2.8112,3.5641,-4.0812,-3.9982,-1.3622,-1.225,-4.8456
-4.8489,-0.45599,3.0493,3.5025,-2.0978,1.6871,3.6814,-4.732,-4.3561,-1.7435,-1.6419,-5.226
-5.5596,-1.9091,1.4623,4.5722,-1.7612,0.19672,3.878,-5.2135,-4.6339,-2.0888,-1.956,-5.4736
-5.9757,-3.3925,-0.60371,5.5649,-1.0485,-1.4715,4.1489,-5.4151,-4.8211,-2.3604,-2.1696,-5.6121
-5.8893,-4.6324,-2.8876,6.2317,0.011603,-3.0513,4.4527,-5.3428,-4.9156,-2.521,-2.3016,-5.6855
-5.2337,-5.376,-5.0182,6.4048,1.2744,-4.2591,4.7275,-5.1026,-4.9123,-2.5396,-2.3776,-5.7401
-4.1187,-5.4616,-6.5911,6.0504,2.5005,-4.8623,4.9204,-4.8293,-4.7946,-2.3952,-2.4117,-5.8
-2.8077,-4.8523,-7.2671,5.2713,3.4161,-4.7337,5.0175,-4.6117,-4.5411,-2.077,-2.3919,-5.8499
-1.6365,-3.6132,-6.8662,4.2635,3.7987,-3.8691,5.0575,-4.455,-4.1309,-1.5819,-2.2805,-5.8374
-0.89927,-1.8408,-5.4235,3.2462,3.5542,-2.3553,5.1321,-4.2864,-3.5606,-0.9132,-2.0294,-5.6975
-0.74583,0.43046,-3.1714,2.3862,2.7533,-0.29409,5.3665,-3.9955,-2.8513,-0.079989,-1.6009,-5.3839
-1.1272,3.2912,-0.43281,1.7286,1.6134,2.2889,5.8881,-3.4893,-2.0429,0.90236,-0.98306,-4.8892
-1.8077,6.8916,2.5402,1.1515,0.43426,5.447,6.7907,-2.7402,-1.1782,2.0123,-0.19398,-4.2475
-2.4385,11.236,5.6726,0.38034,-0.49278,9.132,8.1083,-1.8031,-0.28404,3.2193,0.72286,-3.5228
-2.667,16.153,8.9722,-0.93285,-0.97603,13.126,9.8102,-0.79464,0.64096,4.4894,1.7081,-2.7899
-2.2418,21.564,12.312,-3.1088,-0.98338,17.401,11.821,0.15514,1.6271,5.7893,2.7001,-2.1133
-1.0872,27.546,15.465,-6.3606,-0.65398,22.261,14.062,0.9603,2.7211,7.0952,3.6506,-1.5254
0.66917,34.109,18.485,-10.741,-0.26155,27.973,16.494,1.621,3.968,8.4019,4.5405,-1.0133
2.7139,41.066,21.855,-16.096,-0.13775,34.458,19.138,2.2283,5.3959,9.7265,5.3926,-0.51988
4.6184,48.088,26.135,-22.012,-0.56981,41.341,22.039,2.924,7.0076,11.103,6.2659,0.035821
5.9601,54.82,31.635,-27.83,-1.7053,48.184,25.194,3.8373,8.7832,12.566,7.2352,0.73104
6.4581,60.954,38.253,-32.87,-3.5158,54.635,28.472,5.0212,10.692,14.143,8.358,1.6143
6.0636,66.267,45.435,-36.742,-5.8292,60.448,31.621,6.4344,12.703,15.837,9.6382,2.6879
4.9734,70.723,52.441,-39.492,-8.3889,65.471,34.401,7.9591,14.788,17.62,11.006,3.9002
3.5661,74.587,58.695,-41.484,-10.915,69.661,36.722,9.4465,16.907,19.426,12.34,5.1601
2.2785,78.375,63.89,-43.147,-13.167,73.121,38.653,10.767,18.982,21.157,13.524,6.3793
1.4652,82.547,67.928,-44.794,-14.994,76.065,40.337,11.846,20.89,22.702,14.506,7.5185
1.3104,87.164,70.865,-46.572,-16.334,78.758,41.919,12.674,22.487,23.972,15.303,8.6018
1.8325,91.902,72.867,-48.48,-17.173,81.422,43.565,13.309,23.664,24.911,15.969,9.6912
2.9817,96.406,74.155,-50.423,-17.517,84.152,45.543,13.855,24.388,25.49,16.555,10.843
4.7465,100.52,74.912,-52.359,-17.377,86.906,48.275,14.4,24.692,25.708,17.085,12.073
7.0994,104.22,75.25,-54.455,-16.774,89.583,52.069,14.934,24.619,25.592,17.551,13.345
9.8701,107.54,75.288,-56.972,-15.766,92.099,56.259,15.306,24.184,25.18,17.918,14.579
12.711,110.44,75.267,-59.889,-14.526,94.426,58.927,15.254,23.372,24.511,18.136,15.685
15.1,112.79,75.541,-62.721,-13.383,96.551,58.228,14.48,22.168,23.616,18.167,16.6
16.424,114.28,76.477,-64.784,-12.762,98.417,53.372,12.759,20.572,22.535,18.011,17.321
16.196,114.68,78.319,-65.52,-13.056,99.902,44.439,10.02,18.609,21.32,17.712,17.908
14.272,114,81.071,-64.667,-14.497,100.87,32.097,6.3683,16.33,20.022,17.335,18.446
10.896,112.48,84.481,-62.245,-17.027,101.22,17.744,2.0555,13.797,18.67,16.929,18.992
6.6121,110.37,88.141,-58.496,-20.271,100.94,3.4438,-2.6017,11.074,17.263,16.494,19.538
2.079,107.81,91.606,-53.918,-23.69,100.02,-8.9442,-7.2921,8.2342,15.786,15.994,20.024
-2.1168,104.88,94.397,-49.231,-26.775,98.427,-18.393,-11.747,5.379,14.229,15.388,20.379
-5.5129,101.69,95.864,-45.152,-29.118,96.13,-24.601,-15.754,2.6395,12.61,14.66,20.554
-7.7122,98.408,95.259,-42.214,-30.37,93.166,-27.776,-19.206,0.15015,10.97,13.836,20.542
-8.4016,95.254,92.322,-40.718,-30.264,89.734,-28.533,-22.158,-1.9863,9.3691,12.964,20.361
-7.4757,92.38,87.637,-40.683,-28.718,86.155,-27.792,-24.747,-3.7269,7.8767,12.099,20.047
-5.1512,89.818,81.999,-41.804,-25.892,82.662,-26.799,-27.032,-5.0975,6.5476,11.273,19.627
-1.9344,87.441,75.794,-43.495,-22.065,79.263,-26.674,-28.967,-6.1759,5.3959,10.481,19.113
1.6088,84.985,69.105,-45.033,-17.517,75.771,-27.453,-30.499,-7.0555,4.3909,9.6924,18.496
5.0835,82.103,62.041,-45.716,-12.579,71.92,-28.492,-31.617,-7.8128,3.4776,8.8716,17.757
8.2477,78.457,54.775,-44.972,-7.6842,67.495,-29.209,-32.334,-8.4934,2.6054,8.0004,16.873
10.832,73.845,47.377,-42.536,-3.2555,62.44,-29.281,-32.679,-9.1188,1.7452,7.0785,15.817
12.498,68.317,39.846,-38.686,0.40792,56.906,-28.664,-32.69,-9.7049,0.89035,6.1161,14.56
12.978,62.171,32.379,-34.127,3.1208,51.186,-27.518,-32.421,-10.277,0.046897,5.127,13.085
12.216,55.816,25.637,-29.512,4.7597,45.613,-26.089,-31.957,-10.879,-0.78134,4.125,11.416
10.367,49.637,20.639,-25.138,5.2712,40.5,-24.606,-31.428,-11.568,-1.6075,3.1124,9.6173
7.7283,43.899,17.877,-21.033,4.7281,36.068,-23.211,-31.012,-12.413,-2.4732,2.063,7.7605
4.6657,38.692,16.711,-17.106,3.3603,32.316,-21.953,-30.89,-13.483,-3.4506,0.91746,5.885
1.5574,33.89,16.103,-13.202,1.5241,28.949,-20.813,-31.177,-14.837,-4.635,-0.40573,4.0014
-1.2811,29.153,15.341,-9.1854,-0.37462,25.453,-19.761,-31.878,-16.503,-6.1343,-1.9911,2.1209
-3.6214,23.998,14.101,-5.155,-1.9718,21.374,-18.803,-32.89,-18.469,-8.0569,-3.9089,0.2758
-5.3031,18.135,12.346,-1.5682,-3.0214,16.757,-17.984,-34.057,-20.674,-10.492,-6.1958,-1.489
-6.2533,12.135,10.242,1.0776,-3.4341,12.262,-17.355,-35.254,-23.03,-13.472,-8.8357,-3.1341
-6.5171,7.153,8.0411,2.6694,-3.2726,8.557,-16.948,-36.422,-25.457,-16.939,-11.754,-4.6363
-6.2459,3.7141,5.9981,3.4367,-2.7138,5.8365,-16.769,-37.57,-27.915,-20.75,-14.839,-5.9861
-5.6577,1.5827,4.319,3.6946,-1.9937,3.9595,-16.818,-38.747,-30.401,-24.734,-17.974,-7.1845
-4.9957,0.31108,3.0966,3.7184,-1.3376,2.6907,-17.088,-39.997,-32.918,-28.743,-21.054,-8.2408
-4.4803,-0.49729,2.2669,3.7219,-0.88546,1.7893,-17.556,-41.32,-35.432,-32.658,-23.987,-9.1706
-4.2479,-1.1464,1.6269,3.8551,-0.64469,1.0275,-18.21,-42.658,-37.857,-36.352,-26.673,-9.9894
-4.3091,-1.8482,0.90729,4.1956,-0.50763,0.21049,-19.07,-43.913,-40.088,-39.678,-29.012,-10.707
-4.5573,-2.7185,-0.12487,4.74,-0.3156,-0.79552,-20.149,-44.977,-42.043,-42.508,-30.935,-11.329
-4.8211,-3.7709,-1.5806,5.4109,0.073401,-2.0358,-21.394,-45.772,-43.7,-44.785,-32.43,-11.864
-4.9337,-4.9213,-3.41,6.0855,0.73089,-3.4479,-22.688,-46.256,-45.081,-46.533,-33.552,-12.329
-4.7964,-6.0105,-5.4014,6.6374,1.6177,-4.8664,-23.889,-46.429,-46.211,-47.829,-34.382,-12.747
-4.4226,-6.8504,-7.2047,6.9778,2.5666,-6.0591,-24.842,-46.313,-47.087,-48.762,-35.002,-13.136
-3.9485,-7.2848,-8.4013,7.0846,3.3091,-6.7907,-25.386,-45.939,-47.664,-49.415,-35.474,-13.5
-3.6062,-7.2486,-8.6233,7.015,3.5453,-6.8996,-25.374,-45.316,-47.866,-49.855,-35.836,-13.837
-3.6702,-6.7979,-7.6749,6.8934,3.0303,-6.3585,-24.729,-44.429,-47.617,-50.135,-36.104,-14.142
-4.3891,-6.0981,-5.6068,6.8748,1.6485,-5.2912,-23.508,-43.227,-46.858,-50.287,-36.288,-14.42
-5.9069,-5.3757,-2.7108,7.0952,-0.54012,-3.9354,-21.884,-41.636,-45.544,-50.322,-36.404,-14.683
-8.196,-4.8524,0.57123,7.6377,-3.3034,-2.5733,-20.029,-39.563,-43.647,-50.225,-36.488,-14.965
-11.075,-4.6829,3.7824,8.5304,-6.3123,-1.4568,-18.043,-36.927,-41.14,-49.964,-36.607,-15.332
-14.348,-4.912,6.5703,9.7598,-9.2617,-0.74342,-16.08,-33.751,-38.011,-49.493,-36.874,-15.908
-17.945,-5.463,8.7806,11.291,-11.966,-0.45667,-14.541,-30.521,-34.307,-48.763,-37.451,-16.915
-21.941,-6.1666,10.511,13.107,-14.385,-0.48064,-14.168,-29.293,-30.264,-47.734,-38.489,-18.797
-26.391,-6.8237,12.074,15.255,-16.582,-0.60042,-15.317,-35.089,-26.647,-46.379,-39.989,-22.547
-30.967,-7.2785,13.881,17.749,-18.631,-0.58872,-12.86,-39.387,-25.718,-44.668,-41.811,-27.276
-34.868,-7.4621,16.26,20.285,-20.51,-0.309,-2.9345,-27.475,-31.188,-42.497,-43.188,-29.981
-37.45,-7.3934,19.184,22.164,-22.066,0.22287,10.267,-11.235,-30.683,-39.523,-43.585,-32.328
-38.72,-7.1857,22.134,22.85,-23.127,0.86073,24.244,5.9458,-22.428,-34.888,-44.388,-34.913
-39.241,-7.0919,24.476,22.443,-23.655,1.4772,37.671,23.342,-13.928,-28.1,-46.128,-38.12
-40.128,-7.5888,26.003,22.195,-23.739,2.3956,50.472,41.793,-5.4561,-31.129,-48.698,-42.602
-43.129,-11.601,26.545,27.153,-23.62,3.6937,64.033,64.311,4.7516,-36.485,-53.769,-49.832
-48.892,-31.632,25.447,42.055,-23.956,-4.0125,80.932,95.387,20.198,-36.572,-63.88,-63.18
-55.806,-40.742,23.4,50.597,-25.919,-12.774,105.06,139.1,44.97,-35.677,-79.89,-85.34
-64.482,-47.45,22.673,58.618,-30.499,-15.587,140.75,198.23,81.83,-33.048,-104.83,-118.76
-74.711,-50.318,25.706,64.94,-38.216,-13.528,189.62,274.62,131.58,-28.651,-139.83,-164.08
-83.488,-46.668,34.119,67.197,-48.759,-5.8439,248.19,367.27,193.84,-20.996,-181.69,-218.04
-87.254,-34.574,47.841,63.005,-59.938,8.2247,308.63,467.77,268.35,-6.0387,-222.48,-272.07
-82.681,-12.558,65.059,50.12,-69.203,28.612,361.81,568.43,353.45,22.987,-249.82,-314.06
-66.92,20.227,82.937,26.457,-73.359,54.07,400.44,666.73,450.06,75.028,-248.28,-330.58
-37.695,63.574,98.139,-9.6375,-69.227,83.025,419.31,763.45,565.61,160.81,-202.09,-308.3
6.4805,117.65,109.32,-59.446,-54.102,115.13,414.59,857.22,706.05,290.24,-98.581,-235.73
66.522,183.97,117.22,-123.92,-27.627,151.44,383.01,939.75,868.21,467.18,69.812,-104.98
141.97,263.89,122.45,-202.97,7.7106,192.85,321.34,993.24,1036.6,686.16,303.49,86.677
229.47,356.8,127.2,-294.08,48.598,239.7,227.07,992.23,1183.4,931.45,593.71,335.3
321.92,458.9,135.09,-391.49,90.569,292.96,100.63,910.59,1273.4,1178.3,921.58,628.81
409.16,563.06,150.84,-486.65,127.17,352.57,-52.106,731.06,1272.9,1396,1258.1,946.02
479.98,659.27,176.93,-569.13,151.96,413.84,-219.11,453.32,1160.4,1553.3,1566.5,1257.3
525.77,735.4,209.39,-628.88,161.48,468.53,-383.98,97.734,934.68,1623.4,1808.3,1528.5
543.34,779.54,237.87,-658.99,157.6,505.85,-529.55,-297.5,615.87,1589.1,1949.5,1726.7
534.84,782.64,250.56,-656.56,146.64,514.79,-642.12,-686.06,239.25,1445.4,1968.4,1827.6
505.79,741.31,238.5,-622.3,136.55,488.59,-714.85,-1026.5,-155.67,1199.3,1859.1,1820.9
463.42,660.36,199.02,-561.37,133.03,428.56,-749.2,-1292.8,-535.35,868.88,1632.9,1711.9
414.23,552.83,139.61,-482.93,136.17,344.84,-754.16,-1478.5,-877.49,480.13,1314.8,1519.1
362.29,436.15,75.129,-397.39,141.32,253.16,-742.86,-1593.3,-1170.6,64.52,938.36,1268.7
309.49,326.22,18.764,-314.27,141.86,168.86,-727.88,-1655,-1410.2,-344.45,540.42,988.66
256.15,232.11,-21.72,-239.36,134.41,101.11,-717.75,-1681.4,-1594.1,-714.62,156.06,703.96
202.4,154.17,-46.648,-173.51,122.5,49.889,-716.15,-1684.2,-1720.9,-1018.9,-184.9,434.49
150.52,86.045,-64.434,-114.2,110.21,7.4435,-722.52,-1667.9,-1789.5,-1239.5,-460.99,194.53
104.43,19.548,-85.364,-58.629,100.87,-35.758,-733.59,-1632.5,-1802.1,-1370.4,-661.26,-6.6424
66.133,-49.566,-114.51,-5.3999,96.907,-84.423,-745.57,-1577,-1764.4,-1418.4,-785.69,-163.94
35.266,-118.45,-149.41,44.384,97.235,-135.82,-755.17,-1502.5,-1685.8,-1399.1,-843.04,-275.84
11.046,-178.6,-182.27,86.909,98.644,-181.88,-758.62,-1411.6,-1577.4,-1331.4,-846.9,-344.05
-6.5743,-220.46,-204.01,117.45,97.926,-213.62,-752.01,-1306.8,-1450,-1233.1,-812.05,-373.32
-17.824,-237.99,-208.83,133.06,93.015,-225.43,-732.41,-1190.7,-1312.1,-1118.3,-752.26,-371.41
-23.99,-231.22,-196.84,134.07,83.881,-217.36,-698.43,-1065.1,-1168.5,-997.07,-679.37,-348.34
-26.849,-208.23,-173.76,124.48,72.267,-194.76,-649.99,-932.6,-1022.1,-875.9,-602.85,-314.67
-27.506,-178.47,-146.14,109.81,60.729,-165.88,-588.37,-796.91,-877.19,-758.85,-528.99,-279.23
-23.257,-148.73,-118.34,93.83,50.458,-137.41,-516.37,-662.82,-738.02,-649.35,-460.22,-247.36
-16.418,-123.11,-94.013,78.964,41.527,-113.3,-438.32,-535.5,-608.46,-549,-397.06,-220.39
-13.323,-103.28,-75.395,66.602,34.106,-94.923,-359.54,-419.77,-491.74,-457.64,-339.53,-196.57
-10.457,-88.316,-62.562,56.149,28.704,-81.232,-285.27,-318.73,-389.91,-375.73,-287.15,-172.93
-7.0979,-75.224,-53.926,45.535,25.607,-70.191,-219.55,-233.17,-303.42,-303.88,-239.08,-147.66
-3.222,-63.314,-48.223,36.009,24.333,-61.176,-164.63,-162.34,-231.32,-242,-195.05,-121.68
0.85031,-54.022,-44.975,28.547,23.807,-54.661,-120.66,-104.19,-171.72,-189.74,-155.87,-96.892
4.5366,-47,-43.456,22.682,22.156,-50.141,-86.061,-57.868,-122.27,-146.61,-122.81,-74.287
7.1963,-42.33,-43.109,18.449,18.681,-46.95,-61.098,-23.013,-80.723,-112.06,-97.002,-56.625
8.3695,-39.977,-42.233,15.362,16.09,-44.509,-45.561,2.4592,-46.619,-85.322,-78.798,-45.635
7.9374,-37.861,-37.351,12.469,14.299,-41.416,-37.17,20.5,-20.39,-65.28,-67.362,-41.017
6.1626,-34.591,-30.174,10.78,12.328,-37.801,-33.499,32.903,-1.0372,-50.405,-60.818,-40.931
3.6081,-31.743,-25.18,10.77,10.165,-35.459,-32.322,41.552,13.032,-38.98,-56.725,-42.754
0.95622,-30.011,-22.82,11.703,8.2377,-34.289,-31.594,48.258,23.186,-29.616,-52.859,-43.876
-1.2308,-28.96,-21.911,12.867,6.9509,-33.709,-30.348,53.71,30.69,-21.631,-47.944,-41.8
-2.7033,-28.208,-21.679,13.787,6.3857,-33.344,-25.659,56.445,36.062,-14.84,-41.808,-33.893
-3.5361,-27.595,-21.591,14.191,6.2167,-32.979,-18.004,61.788,38.139,-9.4452,-35.067,-25.387
-3.9908,-27.081,-21.165,14.046,5.9143,-32.479,-11.99,72.268,39.592,-5.3163,-29.155,-20.13
-4.3944,-26.66,-19.967,13.566,5.0741,-31.751,-7.6654,84.427,43.976,-1.8407,-24.584,-17.074
-5.0541,-26.323,-17.709,13.089,3.5737,-30.73,-4.2944,95.262,50.583,0.46748,-20.606,-15.328
-6.1705,-26.042,-14.409,12.888,1.4628,-29.399,-1.4633,103.8,58.14,2.2236,-16.891,-14.354
-7.7699,-25.748,-10.462,13.065,-1.1086,-27.806,1.0058,110.34,65.718,3.7971,-13.408,-13.782
-9.6419,-25.316,-6.5308,13.481,-3.7763,-26.084,3.1835,115.58,72.721,5.3009,-10.292,-13.343
-11.292,-24.594,-3.3381,13.77,-5.9646,-24.437,5.1114,120.08,78.925,6.7851,-7.7874,-12.865
-12.068,-23.474,-1.5362,13.543,-7.0902,-23.094,6.8417,124.18,84.394,8.2707,-5.9953,-12.299
-11.425,-21.971,-1.5891,12.615,-6.7183,-22.231,8.4469,127.91,89.305,9.7513,-4.8094,-11.691
-9.1095,-20.231,-3.6032,11.017,-4.6404,-21.915,10.006,131.2,93.78,11.205,-4.0539,-11.123
-5.2103,-18.447,-7.2583,8.9084,-0.98659,-22.07,11.582,133.98,97.849,12.617,-3.5881,-10.652
-0.16934,-16.762,-11.891,6.5333,3.7379,-22.488,13.205,136.3,101.51,14.002,-3.3198,-10.3
5.229,-15.237,-16.642,4.2032,8.7225,-22.889,14.87,138.29,104.76,15.416,-3.1788,-10.059
9.9754,-13.887,-20.604,2.2508,12.998,-23.009,16.548,140.12,107.66,16.942,-3.0941,-9.8897
13.082,-12.705,-22.977,0.94704,15.671,-22.67,18.202,141.87,110.24,18.653,-2.9875,-9.7265
13.889,-11.674,-23.248,0.42562,16.178,-21.808,19.806,143.58,112.55,20.575,-2.7845,-9.489
12.298,-10.78,-21.333,0.66135,14.433,-20.469,21.346,145.27,114.63,22.665,-2.4311,-9.1126
8.7912,-10.024,-17.597,1.5199,10.821,-18.786,22.827,146.98,116.54,24.828,-1.9067,-8.5743
4.2318,-9.425,-12.767,2.8128,6.1211,-16.946,24.26,148.76,118.33,26.96,-1.2273,-7.899
-0.44563,-9.001,-7.7746,4.3005,1.3046,-15.152,25.655,150.69,120.1,28.997,-0.44016,-7.1467
-4.4636,-8.7373,-3.5309,5.7051,-2.763,-13.565,27.003,152.83,121.95,30.928,0.38773,-6.3938
-7.3123,-8.571,-0.65581,6.7758,-5.592,-12.259,28.277,155.18,123.98,32.797,1.1868,-5.7127
-8.8003,-8.4011,0.72946,7.3479,-7.119,-11.203,29.428,157.65,126.26,34.685,1.9018,-5.1537
-8.9923,-8.1201,0.89413,7.3607,-7.4926,-10.309,30.404,160.14,128.75,36.688,2.5044,-4.7345
-8.0693,-7.6543,0.24674,6.8562,-6.8769,-9.5067,31.166,162.52,131.36,38.891,2.9995,-4.4398
-6.3476,-6.9936,-0.74734,5.9714,-5.5776,-8.7737,31.699,164.73,133.95,41.343,3.421,-4.2313
-4.3305,-6.1923,-1.6208,4.908,-4.1141,-8.0958,32.019,166.8,136.39,44.011,3.8192,-4.0626
-2.5454,-5.3409,-2.0543,3.8792,-2.9618,-7.445,32.159,168.8,138.61,46.758,4.2387,-3.8954
-1.304,-4.5258,-1.9826,3.0401,-2.3037,-6.8003,32.159,170.84,140.56,49.36,4.6973,-3.7122
-0.6032,-3.7911,-1.5546,2.4241,-2.0472,-6.1721,32.056,173.03,142.27,51.626,5.1755,-3.5213
-0.20178,-3.1293,-1.021,1.9389,-1.973,-5.6026,31.892,175.44,143.85,53.5,5.6291,-3.3472
0.22668,-2.5124,-0.64576,1.4442,-1.8358,-5.1523,31.715,178.11,145.44,55.098,6.0232,-3.2095
0.94798,-1.9377,-0.6528,0.84766,-1.4295,-4.8897,31.582,181.02,147.2,56.632,6.3652,-3.1034
2.0534,-1.4534,-1.1781,0.16152,-0.65745,-4.8834,31.538,184.08,149.25,58.296,6.7106,-3.0013
3.432,-1.1511,-2.2269,-0.50012,0.42657,-5.1866,31.604,187.15,151.59,60.174,7.1433,-2.8708
4.832,-1.1311,-3.6641,-0.97377,1.6448,-5.8108,31.774,190.14,154.14,62.223,7.7506,-2.6918
5.9234,-1.4567,-5.2583,-1.1096,2.7675,-6.705,32.024,193.07,156.8,64.342,8.6115,-2.4618
6.3757,-2.1175,-6.7662,-0.82532,3.5918,-7.7611,32.33,196.09,159.5,66.447,9.7911,-2.1924
6.0545,-3.0169,-8.0221,-0.16314,4.0234,-8.8478,32.675,199.44,162.23,68.5,11.33,-1.9035
5.2115,-3.986,-8.9933,0.68074,4.1415,-9.8514,33.056,203.33,165.03,70.508,13.222,-1.6157
4.376,-4.8225,-9.7757,1.4145,4.176,-10.695,33.473,207.87,168,72.508,15.389,-1.3408
4.0228,-5.3462,-10.515,1.7794,4.3756,-11.332,33.931,212.99,171.21,74.559,17.686,-1.0752
4.3409,-5.4522,-11.273,1.6589,4.853,-11.726,34.422,218.41,174.71,76.729,19.962,-0.79647
5.1788,-5.1425,-11.93,1.1187,5.4922,-11.835,34.918,223.7,178.48,79.084,22.14,-0.4651
6.1559,-4.5207,-12.19,0.37346,5.981,-11.608,35.369,228.47,182.48,81.669,24.249,-0.028944
6.8604,-3.7497,-11.692,-0.30458,5.9373,-11.004,35.709,232.56,186.64,84.507,26.395,0.56644
6.9573,-2.9931,-10.171,-0.69068,5.0494,-10.024,35.882,236.2,190.97,87.591,28.707,1.3641
6.1963,-2.3643,-7.6401,-0.67251,3.2295,-8.7381,35.867,239.85,195.54,90.89,31.309,2.3885
4.5274,-1.899,-4.4751,-0.27266,0.72649,-7.2954,35.691,244.05,200.5,94.36,34.318,3.6535
2.3769,-1.5546,-1.3267,0.32091,-1.9088,-5.8996,35.43,249.2,205.94,97.954,37.805,5.178
0.63241,-1.2355,1.0894,0.75211,-3.9984,-4.7627,35.168,255.4,211.88,101.63,41.68,6.9803
0.23246,-0.83631,2.2277,0.60713,-4.9612,-4.0492,34.969,262.37,218.17,105.36,45.605,9.0311
1.7855,-0.28438,1.8779,-0.42924,-4.4947,-3.8292,34.869,269.48,224.6,109.14,49.176,11.213
5.4361,0.43588,0.20907,-2.4872,-2.6594,-4.0578,34.894,276.12,230.97,112.94,52.208,13.376
10.801,1.2837,-2.3031,-5.4982,0.14061,-4.5898,35.07,282.12,237.1,116.79,54.817,15.467
16.896,2.1896,-5.0387,-9.1977,3.2677,-5.2256,35.422,287.82,242.91,120.74,57.299,17.585
22.4,3.094,-7.4305,-13.15,6.0469,-5.777,35.967,293.93,248.46,124.89,59.985,19.904
26.347,3.9746,-9.1183,-16.881,8.0091,-6.1302,36.687,301.04,253.91,129.29,63.096,22.535
28.592,4.8549,-10.02,-20.106,9.0422,-6.2768,37.524,309.31,259.43,133.89,66.633,25.45
29.692,5.7868,-10.316,-22.839,9.3393,-6.2915,38.398,318.37,265.13,138.54,70.379,28.5
30.511,6.8014,-10.326,-25.275,9.2395,-6.2702,39.228,327.67,271.1,143.06,74.017,31.5
31.915,7.8544,-10.311,-27.637,9.0965,-6.2591,39.949,336.74,277.44,147.36,77.303,34.285
34.439,8.8467,-10.351,-30.104,9.1876,-6.2163,40.526,345.39,284.24,151.5,80.193,36.765
37.893,9.7391,-10.35,-32.754,9.6638,-6.0225,40.95,353.69,291.63,155.61,82.831,38.986
41.446,10.633,-10.103,-35.495,10.472,-5.5403,41.237,361.78,299.63,159.9,85.47,41.145
44.383,11.713,-9.4008,-38.12,11.281,-4.6944,41.411,369.75,308.15,164.51,88.375,43.536
46.484,13.115,-8.1765,-40.427,11.673,-3.5339,41.477,377.64,316.93,169.6,91.759,46.464
47.846,14.887,-6.6119,-42.303,11.52,-2.2427,41.406,385.57,325.67,175.18,95.749,50.149
48.77,17.045,-5.1028,-43.743,11.119,-1.093,41.138,393.68,334.2,181.13,100.35,54.584
49.722,19.628,-4.1018,-44.841,11.061,-0.35747,40.615,402.04,342.46,187.2,105.39,59.444
51.167,22.637,-3.9355,-45.754,12.001,-0.20942,39.787,410.6,350.52,193.12,110.52,64.242
53.308,25.886,-4.6787,-46.646,14.408,-0.65227,38.625,419.34,358.46,198.77,115.39,68.61
55.996,29.074,-6.1263,-47.671,18.202,-1.5052,37.148,428.37,366.41,204.15,119.8,72.451
58.959,32.082,-7.8658,-48.98,22.539,-2.4479,35.45,437.83,374.51,209.35,123.8,75.909
62.067,35.102,-9.4251,-50.723,26.461,-3.1104,33.686,447.72,382.82,214.49,127.56,79.261
65.304,38.489,-10.444,-53.018,29.586,-3.1866,32.011,457.96,391.26,219.68,131.36,82.788
68.714,42.547,-10.803,-55.972,32.02,-2.5318,30.5,468.38,399.56,224.92,135.49,86.704
72.501,47.369,-10.646,-59.691,34.15,-1.2031,29.111,478.89,407.41,230.14,140.14,91.107
76.98,52.743,-10.287,-64.224,36.511,0.56993,27.721,489.4,414.63,235.21,145.3,95.945
82.296,58.199,-10.039,-69.416,39.496,2.4567,26.192,499.84,421.33,240.01,150.73,101.02
88.156,63.22,-10.058,-74.813,43.095,4.1288,24.456,510.04,427.78,244.54,156.18,106.07
93.948,67.512,-10.268,-79.855,47.051,5.3848,22.545,519.72,434.31,248.92,161.52,110.91
99.2,71.115,-10.426,-84.284,50.961,6.2392,20.571,528.61,441.07,253.31,166.69,115.51
103.83,74.344,-10.265,-88.241,54.222,6.9052,18.644,536.58,448,257.86,171.65,119.99
108,77.643,-9.6459,-92.057,56.474,7.6722,16.819,543.7,454.81,262.6,176.4,124.55
111.96,81.404,-8.635,-96.07,57.966,8.7627,15.077,550.06,461.15,267.47,181.04,129.48
116.07,85.764,-7.5403,-100.52,59.331,10.242,13.351,555.72,466.78,272.3,185.8,135.02
120.85,90.476,-6.878,-105.51,61.292,11.983,11.553,560.75,471.73,276.89,190.87,141.23
126.57,95.009,-7.1951,-110.9,64.403,13.691,9.6042,565.18,476.13,281.1,196.26,147.95
133.1,98.842,-8.8466,-116.32,68.761,15.035,7.4594,569.07,480.19,284.9,201.81,154.92
139.95,101.72,-11.84,-121.36,73.878,15.88,5.108,572.47,484.12,288.38,207.31,161.9
146.48,103.71,-15.762,-125.74,78.919,16.426,2.5617,575.45,488.09,291.65,212.66,168.75
152.14,105.21,-19.817,-129.43,83.134,17.133,-0.16231,578.16,492.19,294.81,217.9,175.48
156.57,106.82,-23.035,-132.63,86.078,18.52,-3.0478,580.76,496.33,297.84,223.17,182.08
159.74,109.19,-24.681,-135.62,87.596,20.927,-6.0881,583.3,500.15,300.59,228.57,188.51
161.95,112.72,-24.516,-138.65,87.776,24.353,-9.3003,585.51,503.04,302.84,234.07,194.74
163.67,117.29,-22.736,-141.9,86.931,28.554,-12.725,586.67,504.34,304.48,239.53,200.85
165.27,122.38,-19.792,-145.35,85.503,33.285,-16.408,586.13,503.69,305.55,244.82,206.99
166.91,127.56,-16.29,-148.88,83.955,38.357,-20.374,583.79,501.14,306.11,249.85,213.39
168.57,132.68,-12.873,-152.32,82.642,43.567,-24.603,579.94,496.97,306.26,254.64,220.31
170.2,137.72,-9.9861,-155.55,81.717,48.686,-29.016,574.63,491.42,306.05,259.31,227.92
171.74,142.74,-7.6874,-158.6,81.156,53.537,-33.514,567.66,484.62,305.56,263.98,236.14
173.15,147.81,-5.7517,-161.53,80.869,58.037,-38.09,558.6,476.64,304.9,268.75,244.66
174.42,152.98,-3.991,-164.47,80.756,62.172,-42.921,547.01,467.49,304.15,273.63,253.11
175.61,158.16,-2.397,-167.5,80.717,65.971,-48.288,532.63,457.24,303.4,278.63,261.19
176.83,163.13,-1.0331,-170.63,80.687,69.489,-54.33,515.53,445.92,302.68,283.69,268.83
178.14,167.63,0.010387,-173.79,80.685,72.736,-60.943,496.21,433.62,301.97,288.77,276.15
179.58,171.41,0.6178,-176.82,80.802,75.533,-67.938,475.51,420.51,301.19,293.77,283.36
181.1,174.36,0.71278,-179.58,81.124,77.56,-75.139,454.27,406.92,300.24,298.62,290.73
182.64,176.46,0.31629,-181.95,81.659,78.638,-82.357,433.01,393.25,298.98,303.29,298.53
184.16,177.79,-0.44493,-183.89,82.33,78.866,-89.426,411.73,379.86,297.3,307.88,306.93
185.61,178.46,-1.3743,-185.35,83.024,78.526,-96.27,390.09,366.91,295.18,312.66,315.82
186.94,178.57,-2.2718,-186.28,83.637,77.943,-102.91,367.71,354.27,292.75,317.84,324.42
188.07,178.22,-3.0006,-186.6,84.101,77.366,-109.42,344.39,341.59,290.26,323.24,331.37
188.76,177.52,-3.5218,-186.27,84.376,76.902,-115.81,320.18,328.57,287.85,328.02,335.7
188.67,176.6,-3.8776,-185.3,84.395,76.527,-121.98,295.51,315.12,285.44,331.4,337.46
187.43,175.47,-4.129,-183.71,83.995,76.144,-127.6,271.02,301.33,282.8,333.19,337.24
184.92,174.03,-4.2864,-181.5,82.961,75.628,-132.22,247.3,287.29,279.66,333.41,335.55
181.22,172.06,-4.2771,-178.59,81.156,74.88,-135.42,224.65,273.05,275.72,331.99,332.61
176.5,169.23,-3.9416,-174.88,78.554,73.9,-137,203.24,258.73,270.61,328.76,328.38
170.83,165.28,-3.046,-170.26,75.141,72.824,-137.09,183.21,244.61,264.1,323.6,322.64
164.18,160.25,-1.3544,-164.68,70.847,71.843,-136.02,164.7,231.04,256.37,316.51,315.1
156.43,154.63,1.2281,-158.17,65.583,71.08,-134.13,147.69,218.19,247.95,307.72,305.66
147.7,149,4.54,-150.88,59.387,70.508,-131.73,131.96,205.78,239.36,297.66,294.47
138.48,143.61,8.1622,-143.24,52.604,69.943,-129.04,117.08,193.17,230.69,286.72,281.8
129.44,138.36,11.532,-135.82,45.882,69.096,-126.25,102.59,179.69,221.6,275.11,267.98
121.02,133.01,14.128,-128.91,39.876,67.682,-123.47,88.253,164.95,211.49,262.77,253.39
113.33,127.27,15.651,-122.41,34.933,65.532,-120.71,74.113,149.14,199.86,249.55,238.46
106.16,121,16.132,-115.99,31.022,62.652,-117.89,60.237,133.02,186.54,235.36,223.58
99.233,114.35,15.904,-109.3,27.803,59.2,-114.85,46.525,117.6,171.92,220.3,208.99
92.333,107.64,15.449,-102.3,24.632,55.401,-111.4,33.604,103.68,156.92,204.67,194.74
85.333,101.15,15.22,-95.228,20.665,51.482,-107.39,23.165,91.54,142.64,188.93,180.89
78.109,94.947,15.472,-88.316,15.606,47.66,-102.8,15.747,81.024,129.72,173.6,167.49
70.615,89.04,16.2,-81.56,10.627,44.133,-97.693,10.422,71.729,118.29,159.04,154.56
63.101,83.383,17.193,-74.886,7.0121,41.009,-92.181,6.3082,63.144,108.11,145.43,142.09
56.039,77.879,18.174,-68.358,4.7407,38.229,-86.346,2.9159,54.682,98.757,132.83,130.2
49.72,72.366,18.908,-62.034,3.283,35.545,-80.25,-0.03154,45.754,89.73,121.2,119.05
44.063,66.635,19.271,-55.902,2.2278,32.586,-73.969,-2.7148,36.161,80.596,110.41,108.85
38.714,60.525,19.302,-50.012,1.2817,29.075,-67.609,-5.257,26.775,71.255,100.2,99.713
33.164,54.012,19.173,-44.408,0.21396,25.132,-61.316,-7.7193,18.862,62.134,90.218,91.605
26.8,47.25,19.099,-38.971,-1.1331,21.287,-55.274,-10.079,12.651,53.936,80.294,84.304
19.265,40.57,19.224,-33.545,-2.8278,18.018,-49.681,-12.24,7.78,46.934,70.787,77.536
11.499,34.398,19.576,-28.127,-4.8357,15.445,-44.702,-14.091,3.9659,40.711,62.234,71.063
5.2408,29.063,20.087,-22.816,-6.9908,13.443,-40.408,-15.587,1.0071,34.666,54.784,64.725
0.97263,24.612,20.645,-17.765,-9.0235,11.821,-36.757,-16.793,-1.2933,28.561,48.253,58.481
-1.7536,20.834,21.14,-13.164,-10.682,10.438,-33.633,-17.844,-3.1294,22.682,42.342,52.398
-3.3941,17.425,21.476,-9.0541,-11.846,9.2227,-30.922,-18.858,-4.6777,17.511,36.684,46.649
-4.2851,14.216,21.602,-5.3917,-12.551,8.1407,-28.536,-19.859,-6.0776,13.244,31.14,41.48
-4.7003,11.316,21.514,-2.3791,-12.928,7.1454,-26.4,-20.775,-7.4146,9.7972,26.048,37.09
-4.8862,8.9456,21.245,-0.30234,-13.119,6.1805,-24.441,-21.51,-8.7181,7.0387,21.689,33.505
-5.0226,7.1602,20.841,0.95787,-13.192,5.2167,-22.603,-22.024,-9.9778,4.8732,18.014,30.608
-5.1217,5.8563,20.339,1.7584,-13.116,4.2793,-20.878,-22.384,-11.168,3.2209,14.967,28.226
-5.0158,4.9582,19.761,2.2681,-12.816,3.4479,-19.317,-22.728,-12.265,1.9881,12.541,26.149
-4.4747,4.477,19.123,2.4203,-12.252,2.8335,-17.997,-23.206,-13.255,1.0646,10.67,24.142
-3.3406,4.4471,18.465,2.0938,-11.46,2.5365,-16.979,-23.901,-14.135,0.3404,9.2363,22.018
-1.6188,4.8466,17.879,1.2638,-10.55,2.61,-16.27,-24.791,-14.915,-0.27487,8.1199,19.747
0.47621,5.5531,17.512,0.052551,-9.7025,3.0375,-15.814,-25.766,-15.619,-0.84177,7.2321,17.489
2.5394,6.3656,17.546,-1.2958,-9.1631,3.7356,-15.517,-26.685,-16.282,-1.3909,6.515,15.485
4.0735,7.0686,18.15,-2.4847,-9.1958,4.5818,-15.274,-27.44,-16.926,-1.9249,5.9321,13.908
4.6387,7.5024,19.398,-3.2459,-10.004,5.4531,-15.008,-27.983,-17.533,-2.4214,5.4638,12.806
3.9982,7.5998,21.208,-3.4029,-11.658,6.2542,-14.695,-28.335,-18.039,-2.841,5.1028,12.127
2.1891,7.3744,23.347,-2.9044,-14.059,6.9229,-14.37,-28.565,-18.361,-3.1439,4.8462,11.758
-0.52527,6.8869,25.509,-1.8234,-16.932,7.4172,-14.117,-28.773,-18.445,-3.309,4.6801,11.552
-3.7564,6.215,27.41,-0.32636,-19.898,7.7035,-14.035,-29.046,-18.293,-3.3473,4.568,11.35
-7.0601,5.4318,28.807,1.3696,-22.568,7.7529,-14.188,-29.413,-17.969,-3.2993,4.4573,11.02
-9.9965,4.5853,29.487,3.0356,-24.603,7.5395,-14.555,-29.819,-17.576,-3.2188,4.3059,10.513
-12.187,3.6863,29.308,4.4716,-25.732,7.0443,-15.009,-30.141,-17.215,-3.1515,4.1029,9.8869
-13.354,2.7155,28.258,5.5318,-25.788,6.2552,-15.357,-30.253,-16.948,-3.1224,3.8597,9.2596
-13.342,1.676,26.447,6.1079,-24.721,5.1862,-15.415,-30.092,-16.772,-3.1358,3.5866,8.7344
-12.131,0.6536,24.045,6.1107,-22.582,3.8917,-15.088,-29.682,-16.627,-3.1818,3.2831,8.3485
-9.8446,-0.20069,21.193,5.5121,-19.529,2.4622,-14.399,-29.101,-16.427,-3.2458,2.9424,8.0709
-6.762,-0.76572,17.973,4.4053,-15.849,1.0055,-13.457,-28.431,-16.111,-3.313,2.562,7.8298
-3.3173,-1.0218,14.545,3.0048,-11.959,-0.36755,-12.394,-27.71,-15.672,-3.368,2.1514,7.5475
-0.080368,-1.0423,11.255,1.5908,-8.384,-1.5425,-11.302,-26.916,-15.153,-3.3948,1.7359,7.1707
2.3541,-0.93833,8.5149,0.44145,-5.6539,-2.402,-10.218,-26,-14.623,-3.3806,1.3512,6.685
3.5461,-0.81234,6.5709,-0.23339,-4.1155,-2.8432,-9.1268,-24.942,-14.144,-3.3213,1.031,6.109
3.3544,-0.73287,5.4966,-0.34445,-3.8214,-2.8298,-7.9912,-23.777,-13.745,-3.2253,0.79254,5.4753
1.9782,-0.72496,5.2851,0.053977,-4.5535,-2.4274,-6.7996,-22.581,-13.421,-3.1107,0.62981,4.8144
-0.11724,-0.77975,5.7954,0.7856,-5.9058,-1.7934,-5.5931,-21.418,-13.135,-2.9995,0.51848,4.1514
-2.3509,-0.87788,6.6728,1.6159,-7.3926,-1.1331,-4.4565,-20.31,-12.829,-2.9099,0.42729,3.5094
-4.2023,-1.0156,7.4234,2.334,-8.5706,-0.64907,-3.481,-19.251,-12.445,-2.8513,0.32897,2.9087
-5.3525,-1.2213,7.5932,2.8206,-9.1352,-0.50231,-2.7286,-18.23,-11.948,-2.824,0.20705,2.36
-5.7348,-1.5541,6.9303,3.0758,-8.9701,-0.7879,-2.2142,-17.239,-11.342,-2.8205,0.06008,1.864
-5.4914,-2.0808,5.458,3.1972,-8.1642,-1.5187,-1.9042,-16.261,-10.659,-2.8251,-0.096108,1.425
-4.8893,-2.8383,3.4398,3.3206,-6.9781,-2.6168,-1.7266,-15.255,-9.9359,-2.8157,-0.23072,1.0656
-4.2358,-3.8026,1.2589,3.5579,-5.754,-3.9262,-1.5925,-14.172,-9.1987,-2.7687,-0.30687,0.82773
-3.7894,-4.8853,-0.72571,3.9618,-4.7864,-5.2519,-1.4263,-12.979,-8.4566,-2.6675,-0.29539,0.75218
-3.6796,-5.9592,-2.2811,4.513,-4.2101,-6.4166,-1.1921,-11.679,-7.7087,-2.5107,-0.18926,0.84408
-3.8771,-6.8946,-3.3416,5.1258,-3.9817,-7.308,-0.90306,-10.308,-6.9518,-2.3146,-0.013405,1.0432
-4.2402,-7.5942,-3.9891,5.682,-3.9585,-7.8933,-0.60666,-8.916,-6.1861,-2.1093,0.18055,1.2314
-4.6004,-8.0105,-4.3591,6.0808,-3.9945,-8.1957,-0.3457,-7.5506,-5.4186,-1.9223,0.34404,1.2979
-4.8362,-8.1394,-4.5243,6.2688,-4.0044,-8.2525,-0.11114,-6.2435,-4.6596,-1.7569,0.46811,1.2219
-4.9015,-8.0003,-4.4622,6.2384,-3.988,-8.0842,0.17848,-5.0113,-3.9143,-1.5854,0.58328,1.0856
-4.8101,-7.6172,-4.1169,6.0094,-4.0079,-7.6892,0.64145,-3.8599,-3.1838,-1.3708,0.71564,0.9922
-4.6014,-7.0145,-3.4579,5.6124,-4.1324,-7.0609,1.3583,-2.7882,-2.4729,-1.0979,0.84763,0.97115
-4.3093,-6.2237,-2.5041,5.0773,-4.3845,-6.2144,2.3163,-1.786,-1.7985,-0.78691,0.9208,0.96224
-3.9447,-5.2911,-1.3397,4.4296,-4.7207,-5.2087,3.4135,-0.83262,-1.1869,-0.48596,0.86424,0.86473
-3.4984,-4.2797,-0.11633,3.6953,-5.0407,-4.145,4.5141,0.096124,-0.66383,-0.25171,0.62121,0.59104
-2.9653,-3.2675,0.98479,2.9138,-5.2302,-3.14,5.507,1.0138,-0.24403,-0.1276,0.16223,0.096565
-2.3766,-2.3455,1.8135,2.1519,-5.2221,-2.2981,6.3337,1.9113,0.07774,-0.1239,-0.504,-0.61219
-1.8119,-1.6096,2.2928,1.5031,-5.0327,-1.6948,6.9894,2.7594,0.3298,-0.20942,-1.3209,-1.482
-1.377,-1.1408,2.4226,1.0627,-4.7427,-1.3675,7.513,3.5242,0.56035,-0.31676,-2.185,-2.4263
-1.16,-0.97767,2.2617,0.88993,-4.4443,-1.3097,7.9779,4.1879,0.82819,-0.36082,-2.9631,-3.3414
-1.1925,-1.0975,1.9043,0.98249,-4.1935,-1.4709,8.4799,4.7588,1.1878,-0.26333,-3.5247,-4.1265
-1.4367,-1.4219,1.4512,1.2796,-3.9921,-1.7695,9.1069,5.2671,1.6727,0.02418,-3.7764,-4.7029
-1.8046,-1.8494,0.97244,1.6911,-3.8002,-2.1242,9.8845,5.7537,2.2861,0.50581,-3.6855,-5.0264
-2.1936,-2.2978,0.47263,2.1337,-3.5617,-2.4901,10.727,6.2577,3.0065,1.1393,-3.2884,-5.1015
-2.5171,-2.7317,-0.11136,2.5552,-3.2256,-2.8786,11.439,6.8048,3.8054,1.8516,-2.6811,-4.9869
-2.7189,-3.1633,-0.86931,2.9341,-2.7565,-3.3432,11.81,7.3969,4.6633,2.5625,-1.9945,-4.7855
-2.7758,-3.6269,-1.8627,3.265,-2.1349,-3.9403,11.727,8.0063,5.5739,3.2087,-1.3587,-4.6118
-2.6764,-4.141,-3.0923,3.5436,-1.3532,-4.685,11.213,8.5808,6.534,3.7529,-0.86446,-4.5471
-2.3778,-4.6761,-4.4946,3.7395,-0.41558,-5.5247,10.382,9.0658,7.5311,4.181,-0.54192,-4.6181
-1.7943,-5.1339,-5.9444,3.7645,0.65308,-6.3356,9.3843,9.4375,8.5411,4.4987,-0.37131,-4.8097
-0.85132,-5.3525,-7.2529,3.4968,1.7889,-6.9406,8.3742,9.7227,9.5368,4.7331,-0.31327,-5.0871
0.43686,-5.1724,-8.1822,2.8629,2.8699,-7.157,7.4936,9.9851,10.501,4.9272,-0.32113,-5.3992
1.9108,-4.531,-8.5019,1.9032,3.7145,-6.8684,6.8615,10.287,11.427,5.1241,-0.33377,-5.6781
3.2635,-3.5178,-8.0684,0.78134,4.1153,-6.0857,6.5578,10.658,12.315,5.3492,-0.28618,-5.8506
4.1138,-2.3616,-6.8915,-0.24595,3.9037,-4.9582,6.594,11.076,13.155,5.6054,-0.13519,-5.8645
4.1336,-1.3666,-5.16,-0.88992,3.0178,-3.7346,6.8898,11.477,13.92,5.8812,0.12514,-5.7098
3.1665,-0.82942,-3.217,-0.91272,1.547,-2.703,7.3003,11.776,14.565,6.1611,0.46848,-5.4267
1.2892,-0.96064,-1.4862,-0.20261,-0.26964,-2.1301,7.681,11.913,15.043,6.4271,0.84825,-5.0932
-1.203,-1.8212,-0.35741,1.1873,-2.0962,-2.1941,7.9353,11.89,15.315,6.6573,1.2117,-4.7985
-3.875,-3.2839,-0.065379,3.0411,-3.5912,-2.9189,8.0365,11.778,15.37,6.8323,1.5179,-4.608
-6.2531,-5.0408,-0.61213,5.0129,-4.5003,-4.1457,8.0419,11.685,15.234,6.9528,1.7553,-4.5374
-7.9134,-6.6793,-1.7672,6.6937,-4.7114,-5.5621,8.0838,11.707,14.971,7.052,1.9491,-4.5484
-8.5544,-7.7999,-3.1483,7.7141,-4.2564,-6.7762,8.3216,11.893,14.654,7.1808,2.1452,-4.5709
-8.0406,-8.1146,-4.3606,7.8313,-3.2749,-7.4263,8.8646,12.224,14.348,7.3781,2.3801,-4.5428
-6.3968,-7.5088,-5.1379,6.9528,-1.9516,-7.3157,9.7018,12.623,14.083,7.6466,2.6575,-4.438
-3.7978,-6.0767,-5.4287,5.1499,-0.44655,-6.5054,10.684,12.982,13.859,7.9478,2.9441,-4.2773
-0.56376,-4.1194,-5.4016,2.6998,1.1442,-5.285,11.581,13.216,13.652,8.2179,3.1801,-4.1175
2.8948,-2.0885,-5.3713,0.061979,2.7753,-4.0545,12.182,13.296,13.432,8.3908,3.302,-4.0267
6.1318,-0.46332,-5.6715,-2.2443,4.4076,-3.2011,12.403,13.254,13.179,8.423,3.268,-4.0545
8.673,0.39245,-6.518,-3.7828,5.9616,-2.9968,12.31,13.146,12.893,8.3108,3.0794,-4.2097
10.076,0.32473,-7.9153,-4.2976,7.2859,-3.5238,12.072,13.014,12.587,8.0911,2.7853,-4.454
10.081,-0.59767,-9.6315,-3.7515,8.1651,-4.6519,11.867,12.867,12.278,7.8226,2.4667,-4.7119
8.7178,-2.1236,-11.25,-2.3122,8.3826,-6.0827,11.809,12.697,11.974,7.559,2.2086,-4.8962
6.29,-3.8928,-12.297,-0.30161,7.8075,-7.4443,11.904,12.494,11.668,7.3253,2.0714,-4.9361
3.267,-5.5274,-12.407,1.8794,6.4558,-8.3972,12.062,12.255,11.344,7.1097,2.0737,-4.8004
0.15299,-6.7248,-11.474,3.8396,4.5159,-8.7238,12.146,11.966,10.985,6.8756,2.1917,-4.506
-2.5903,-7.3243,-9.6985,5.2794,2.3349,-8.3863,12.034,11.609,10.583,6.5882,2.373,-4.1121
-4.572,-7.3206,-7.5301,6.0405,0.34735,-7.5275,11.673,11.166,10.143,6.2375,2.5589,-3.702
-5.5134,-6.8265,-5.5198,6.0977,-1.0405,-6.4075,11.095,10.628,9.6762,5.8442,2.7019,-3.3606
-5.3036,-6.0131,-4.146,5.5114,-1.5645,-5.3106,10.392,10,9.1983,5.4468,2.7751,-3.1496
-4.0341,-5.0654,-3.6663,4.4072,-1.1689,-4.4653,9.6655,9.3002,8.7165,5.0809,2.7719,-3.0931
-2.0053,-4.1601,-4.0511,2.9945,-0.014106,-3.9895,8.9836,8.5519,8.2225,4.7629,2.7008,-3.1765
0.32907,-3.4364,-5.0217,1.5504,1.5658,-3.87,8.3575,7.7814,7.6885,4.4803,2.5753,-3.3604
2.4848,-2.9585,-6.1677,0.34067,3.1513,-3.9886,7.752,7.0191,7.076,4.1953,2.406,-3.5971
4.0643,-2.7186,-7.0908,-0.45276,4.3599,-4.1887,7.1273,6.3032,6.3565,3.8623,2.1994,-3.842
4.8116,-2.6882,-7.5336,-0.75096,4.9542,-4.3531,6.481,5.6789,5.531,3.4563,1.9636,-4.0591
4.6446,-2.8634,-7.4521,-0.56127,4.8888,-4.4527,5.8626,5.1911,4.6365,2.9927,1.7124,-4.2221
3.6699,-3.2666,-7.0108,0.052017,4.2925,-4.5511,5.3457,4.8699,3.7342,2.5229,1.4602,-4.3157
2.144,-3.9268,-6.514,0.99847,3.4142,-4.7706,4.9823,4.7145,2.8863,2.1066,1.2126,-4.3419
0.38962,-4.8652,-6.3068,2.1822,2.5476,-5.2451,4.7736,4.6833,2.1322,1.7814,0.9611,-4.3277
-1.2913,-6.0741,-6.6649,3.4987,1.9505,-6.0675,4.6698,4.7,1.4757,1.5453,0.68208,-4.3233
-2.6711,-7.4803,-7.6924,4.8208,1.7775,-7.2336,4.5968,4.6742,0.88886,1.3595,0.34312,-4.3867
-3.606,-8.9261,-9.268,6.0013,2.0435,-8.6124,4.4905,4.521,0.33532,1.1686,-0.081984,-4.5571
-4.0247,-10.195,-11.055,6.8843,2.6259,-9.9513,4.3331,4.1851,-0.20047,0.92732,-0.59391,-4.8322
-3.9274,-11.04,-12.575,7.3236,3.306,-10.922,4.1668,3.6756,-0.69449,0.62465,-1.156,-5.1622
-3.3943,-11.225,-13.337,7.2215,3.8342,-11.206,4.0734,3.0848,-1.0884,0.29219,-1.6998,-5.4646
-2.5913,-10.623,-12.986,6.5766,3.9939,-10.608,4.1283,2.5609,-1.3191,-0.0086101,-2.1474,-5.6577
-1.7542,-9.2846,-11.426,5.515,3.6532,-9.1386,4.3532,2.2433,-1.356,-0.21581,-2.4402,-5.6945
-1.1303,-7.4542,-8.8709,4.2794,2.8011,-7.0372,4.6954,2.1954,-1.2227,-0.29512,-2.5594,-5.5805
-0.89797,-5.5036,-5.7967,3.159,1.5545,-4.7079,5.0443,2.3732,-0.99087,-0.25237,-2.5288,-5.3682
-1.1143,-3.8151,-2.8111,2.3946,0.13342,-2.5961,5.2769,2.64,-0.75136,-0.12751,-2.3999,-5.1328
-1.6901,-2.6635,-0.47122,2.1034,-1.1874,-1.0534,5.3076,2.8212,-0.58022,0.023524,-2.2297,-4.9377
-2.3856,-2.1292,0.87232,2.2256,-2.137,-0.23609,5.1202,2.7764,-0.51423,0.15027,-2.0622,-4.8135
-2.8607,-2.0666,1.1499,2.5274,-2.5089,-0.071493,4.7651,2.4562,-0.54389,0.22378,-1.9181,-4.7492
-2.7853,-2.1694,0.54738,2.6927,-2.2092,-0.31094,4.3274,1.9203,-0.6245,0.2411,-1.7944,-4.7035
-1.963,-2.1157,-0.58836,2.4643,-1.2799,-0.64077,3.8817,1.3065,-0.70055,0.21782,-1.6733,-4.6265
-0.41908,-1.7045,-1.87,1.7538,0.10793,-0.80064,3.4645,0.76549,-0.73443,0.17499,-1.5374,-4.4861
1.5799,-0.92525,-2.9795,0.67419,1.6901,-0.66453,3.0631,0.39152,-0.72747,0.12518,-1.388,-4.2859
3.5912,0.040652,-3.7339,-0.50688,3.1652,-0.27723,2.6334,0.18193,-0.72208,0.067272,-1.2472,-4.0648
5.1353,0.88723,-4.095,-1.4643,4.263,0.17054,2.1341,0.048216,-0.7814,-0.011345,-1.1444,-3.8745
5.8533,1.319,-4.1298,-1.9318,4.8059,0.44674,1.5602,-0.13374,-0.95618,-0.12665,-1.1004,-3.758
5.6131,1.2037,-3.9372,-1.8055,4.7408,0.42732,0.95644,-0.45429,-1.258,-0.28773,-1.1154,-3.7258
4.5272,0.6379,-3.5816,-1.1751,4.1372,0.16224,0.40925,-0.92428,-1.654,-0.48999,-1.1664,-3.7448
2.8979,-0.13317,-3.0855,-0.26221,3.1533,-0.18649,0.019251,-1.4671,-2.0849,-0.71861,-1.2173,-3.7479
1.1095,-0.84646,-2.4668,0.67879,1.9841,-0.44933,-0.14001,-1.9509,-2.4937,-0.95736,-1.2381,-3.6655
-0.50224,-1.3262,-1.776,1.4538,0.8125,-0.52414,-0.054087,-2.2515,-2.8504,-1.2031,-1.2237,-3.4617
-1.7387,-1.5436,-1.1122,1.9916,-0.21853,-0.42024,0.22675,-2.3187,-3.1608,-1.4671,-1.1999,-3.1576
-2.5518,-1.6193,-0.61924,2.3444,-1.0084,-0.26301,0.61341,-2.1996,-3.4541,-1.7659,-1.2122,-2.819
-3.0096,-1.7535,-0.45919,2.6306,-1.4901,-0.24424,1.0199,-1.9995,-3.7572,-2.105,-1.3007,-2.5261
-3.211,-2.1115,-0.76823,2.9491,-1.6135,-0.53405,1.3949,-1.8175,-4.0709,-2.4672,-1.4779,-2.3348
-3.1842,-2.7247,-1.6069,3.3069,-1.3334,-1.1927,1.7274,-1.7003,-4.3658,-2.8138,-1.7214,-2.2547
-2.8601,-3.4748,-2.9219,3.6079,-0.62328,-2.14,2.0271,-1.6341,-4.597,-3.0987,-1.9833,-2.2504
-2.1358,-4.1509,-4.5376,3.701,0.48863,-3.1836,2.2981,-1.5678,-4.728,-3.2863,-2.2138,-2.2657
-0.96727,-4.5345,-6.1835,3.4548,1.8884,-4.0819,2.5211,-1.4544,-4.7457,-3.3636,-2.3768,-2.247
0.55427,-4.4853,-7.5578,2.8282,3.371,-4.6261,2.6519,-1.2824,-4.6627,-3.3413,-2.4599,-2.1649
2.1798,-4.0051,-8.4132,1.9124,4.6766,-4.714,2.6356,-1.0898,-4.5063,-3.2463,-2.4696,-2.0259
3.5615,-3.2501,-8.6327,0.92178,5.5602,-4.3924,2.4262,-0.9477,-4.302,-3.1068,-2.4194,-1.8666
4.3702,-2.4802,-8.2696,0.12671,5.8667,-3.8359,1.9967,-0.93082,-4.0608,-2.9414,-2.3196,-1.73
4.4095,-1.9638,-7.5346,-0.24029,5.5832,-3.2781,1.3429,-1.078,-3.7709,-2.7522,-2.1678,-1.6357
3.6931,-1.8824,-6.7324,-0.063253,4.8555,-2.926,0.48225,-1.3726,-3.4093,-2.5307,-1.9516,-1.5705
2.4569,-2.2719,-6.1604,0.60943,3.9469,-2.8968,-0.54773,-1.7521,-2.9621,-2.2713,-1.6611,-1.5135
1.0801,-3.008,-5.9933,1.5645,3.1378,-3.184,-1.6922,-2.1339,-2.4438,-1.9836,-1.3039,-1.4554
-0.057391,-3.8348,-6.207,2.4917,2.6071,-3.6554,-2.8864,-2.451,-1.9042,-1.6962,-0.91095,-1.4081
-0.71424,-4.4412,-6.5689,3.1003,2.3614,-4.0749,-4.0632,-2.6736,-1.4182,-1.4511,-0.53326,-1.3976
-0.86676,-4.5725,-6.6864,3.2257,2.2425,-4.1557,-5.1548,-2.8125,-1.0646,-1.289,-0.22753,-1.4514
-0.69189,-4.1282,-6.1333,2.8809,1.9956,-3.6709,-6.0927,-2.9019,-0.89726,-1.2353,-0.038164,-1.5869
-0.4734,-3.2015,-4.6492,2.2387,1.3701,-2.58,-6.8081,-2.9724,-0.91877,-1.287,0.018222,-1.8028
-0.49236,-2.0493,-2.2996,1.5586,0.23055,-1.074,-7.2383,-3.0276,-1.0734,-1.4106,-0.041147,-2.0735
-0.9377,-1.0066,0.50333,1.0995,-1.3615,0.49407,-7.3366,-3.039,-1.2697,-1.5531,-0.1714,-2.3561
-1.8503,-0.38267,3.1297,1.051,-3.1417,1.7296,-7.0838,-2.9602,-1.4249,-1.6615,-0.31608,-2.6013
-3.1101,-0.37856,4.9529,1.49,-4.7308,2.3157,-6.4986,-2.757,-1.5069,-1.702,-0.42642,-2.7696
-4.4885,-1.0432,5.5718,2.3697,-5.7891,2.1015,-5.639,-2.4394,-1.5496,-1.6701,-0.47593,-2.8442
-5.7523,-2.2702,4.933,3.5473,-6.156,1.1385,-4.5917,-2.074,-1.6319,-1.5867,-0.4642,-2.8326
-6.7403,-3.8307,3.3122,4.8338,-5.8837,-0.34682,-3.4543,-1.7617,-1.8304,-1.4829,-0.40745,-2.758
-7.3725,-5.4386,1.1821,6.0381,-5.1634,-2.0299,-2.3162,-1.587,-2.1739,-1.3819,-0.32603,-2.6473
-7.6224,-6.8313,-0.9721,6.9977,-4.2192,-3.5881,-1.2484,-1.5784,-2.6243,-1.2891,-0.23239,-2.5232
-7.4849,-7.8315,-2.8035,7.5949,-3.2229,-4.7899,-0.30148,-1.6971,-3.0916,-1.1939,-0.13034,-2.4032
-6.9568,-8.3684,-4.1692,7.7618,-2.248,-5.5481,0.49338,-1.861,-3.4706,-1.081,-0.021312,-2.3007
-6.0398,-8.4564,-5.1254,7.4818,-1.2728,-5.9092,1.1265,-1.985,-3.6809,-0.94113,0.08955,-2.2254
-4.764,-8.1589,-5.8437,6.7953,-0.23577,-5.9792,1.611,-2.0261,-3.6987,-0.77783,0.1904,-2.1861
-3.2173,-7.559,-6.4511,5.7982,0.87603,-5.8376,1.9722,-2.0068,-3.564,-0.60983,0.26323,-2.1912
-1.5651,-6.744,-6.9018,4.6269,1.9656,-5.5071,2.2272,-2.0052,-3.3639,-0.46702,0.28785,-2.2455
-0.045573,-5.7975,-7.0054,3.4366,2.8344,-4.9792,2.3696,-2.114,-3.1945,-0.38019,0.24905,-2.3439
1.0735,-4.7949,-6.5604,2.3833,3.2465,-4.2455,2.3725,-2.3898,-3.1206,-0.36882,0.14102,-2.4696
1.5617,-3.8103,-5.4554,1.6065,3.0207,-3.3184,2.2044,-2.8176,-3.1535,-0.43362,-0.032108,-2.6006
1.2923,-2.9326,-3.7223,1.2099,2.1116,-2.2582,1.8478,-3.3093,-3.2547,-0.55804,-0.26017,-2.7216
0.28567,-2.2709,-1.5755,1.2445,0.6411,-1.1946,1.3126,-3.7391,-3.3611,-0.71701,-0.53253,-2.8339
-1.285,-1.9275,0.60632,1.6969,-1.1247,-0.30669,0.64258,-4.0004,-3.4181,-0.88742,-0.84125,-2.9555
-3.1321,-1.9567,2.385,2.486,-2.8463,0.23438,-0.085717,-4.0569,-3.4067,-1.0548,-1.1794,-3.1122
-4.9245,-2.3375,3.4126,3.4701,-4.206,0.32798,-0.77589,-3.9595,-3.3509,-1.2143,-1.5361,-3.3228
-6.3591,-2.9711,3.5459,4.4662,-4.9804,-0.017791,-1.3328,-3.8231,-3.3026,-1.3669,-1.8933,-3.5849
-7.2022,-3.7007,2.8664,5.2821,-5.0642,-0.68747,-1.6874,-3.7744,-3.3131,-1.5158,-2.2269,-3.8694
-7.3063,-4.3445,1.6117,5.7509,-4.4653,-1.4978,-1.815,-3.8987,-3.4097,-1.666,-2.5138,-4.1273
-6.618,-4.7392,0.064365,5.7589,-3.2828,-2.2595,-1.7397,-4.2022,-3.5907,-1.825,-2.74,-4.3082
-5.1904,-4.7845,-1.544,5.2699,-1.6725,-2.8376,-1.5225,-4.6116,-3.8374,-2.0036,-2.9074,-4.3821
-3.1905,-4.4749,-3.0747,4.3449,0.18155,-3.1886,-1.241,-5.0087,-4.1303,-2.2135,-3.0335,-4.3524
-0.89281,-3.9037,-4.4654,3.1438,2.0815,-3.3584,-0.96929,-5.2894,-4.4587,-2.4662,-3.1474,-4.2595
1.3471,-3.2348,-5.6804,1.8975,3.8194,-3.4416,-0.76432,-5.4191,-4.8239,-2.7704,-3.2801,-4.1701
3.157,-2.6523,-6.6673,0.85439,5.1914,-3.5293,-0.6602,-5.4531,-5.2347,-3.1311,-3.4549,-4.1557
4.2469,-2.3059,-7.3576,0.21568,6.0388,-3.6775,-0.66999,-5.5074,-5.6999,-3.547,-3.6796,-4.2688
4.4929,-2.2697,-7.7093,0.080104,6.2947,-3.9004,-0.79413,-5.6953,-6.2167,-4.0071,-3.9433,-4.5239
3.9688,-2.5244,-7.7434,0.41392,6.0112,-4.1772,-1.0288,-6.0676,-6.7618,-4.4879,-4.2178,-4.8927
2.9258,-2.9687,-7.5451,1.0601,5.3554,-4.4663,-1.3681,-6.5855,-7.2923,-4.9535,-4.4673,-5.315
1.7191,-3.4571,-7.2382,1.7909,4.5688,-4.7211,-1.7991,-7.1358,-7.7567,-5.3669,-4.6656,-5.7224
0.68874,-3.8503,-6.941,2.3883,3.8877,-4.9023,-2.2938,-7.5761,-8.1134,-5.7071,-4.8109,-6.0644
0.04162,-4.059,-6.7193,2.7183,3.4584,-4.9807,-2.8051,-7.7875,-8.3457,-5.9776,-4.9242,-6.3246
-0.20879,-4.0672,-6.5588,2.7699,3.2872,-4.94,-3.2679,-7.714,-8.4651,-6.1948,-5.0308,-6.52
-0.22198,-3.9329,-6.3773,2.6463,3.2516,-4.7826,-3.6082,-7.3769,-8.499,-6.3669,-5.1379,-6.685
-0.25021,-3.7671,-6.0695,2.5184,3.1591,-4.5347,-3.754,-6.8614,-8.4711,-6.4805,-5.222,-6.8512
-0.53823,-3.6963,-5.5647,2.5605,2.8301,-4.246,-3.646,-6.2817,-8.3879,-6.5028,-5.2358,-7.0311
-1.2371,-3.8216,-4.876,2.8918,2.177,-3.9819,-3.2478,-5.7373,-8.2372,-6.3964,-5.1285,-7.2078
-2.3466,-4.1842,-4.118,3.5385,1.2541,-3.8128,-2.554,-5.2811,-8.0011,-6.1389,-4.8713,-7.3377
-3.6916,-4.7463,-3.481,4.4165,0.25266,-3.7979,-1.5932,-4.9169,-7.6708,-5.7381,-4.4732,-7.3669
-4.9521,-5.3952,-3.1632,5.3388,-0.56147,-3.9624,-0.42481,-4.6199,-7.2573,-5.2349,-3.9791,-7.2529
-5.7607,-5.9674,-3.2866,6.058,-0.94458,-4.2744,0.87267,-4.3623,-6.7894,-4.6919,-3.4528,-6.9831
-5.831,-6.285,-3.8341,6.339,-0.76204,-4.633,2.2242,-4.1169,-6.3046,-4.1735,-2.9568,-6.5805
-5.0519,-6.1978,-4.6401,6.0365,-0.033437,-4.8848,3.5763,-3.859,-5.8377,-3.728,-2.5358,-6.1008
-3.5202,-5.6326,-5.4451,5.1428,1.0746,-4.8759,4.8887,-3.5742,-5.4147,-3.3769,-2.2105,-5.618
-1.5154,-4.6341,-5.9916,3.7966,2.301,-4.5201,6.1088,-3.2656,-5.0528,-3.1156,-1.9793,-5.2051
0.56939,-3.3738,-6.1256,2.2541,3.3746,-3.8495,7.1579,-2.96,-4.7625,-2.9235,-1.8288,-4.9141
2.3358,-2.1134,-5.8598,0.82548,4.1039,-3.0175,7.9397,-2.7143,-4.5461,-2.7767,-1.7461,-4.764
3.4867,-1.1309,-5.3705,-0.20876,4.4303,-2.2539,8.3599,-2.611,-4.3951,-2.6572,-1.7239,-4.7407
3.8853,-0.63917,-4.92,-0.67231,4.4179,-1.787,8.3501,-2.7238,-4.2893,-2.5531,-1.754,-4.8045
3.5654,-0.72427,-4.7402,-0.53359,4.1982,-1.7604,7.893,-3.0644,-4.197,-2.4551,-1.8187,-4.8968
2.7001,-1.3244,-4.9335,0.10106,3.9034,-2.1803,7.0409,-3.5481,-4.0753,-2.3516,-1.8877,-4.949
1.5292,-2.2576,-5.4429,1.0372,3.6181,-2.9172,5.9121,-4.0105,-3.8763,-2.2242,-1.9209,-4.8994
0.27344,-3.2892,-6.0874,2.0632,3.361,-3.7623,4.6588,-4.2634,-3.565,-2.0476,-1.8738,-4.7134
-0.91419,-4.2093,-6.6394,3.0102,3.0988,-4.5071,3.4242,-4.1648,-3.1394,-1.7963,-1.7093,-4.3971
-1.9488,-4.8886,-6.9136,3.7816,2.7798,-5.0116,2.3057,-3.6818,-2.638,-1.4553,-1.4117,-3.9975
-2.7912,-5.2942,-6.8349,4.3493,2.3775,-5.2359,1.3325,-2.9168,-2.1302,-1.0313,-0.99905,-3.5895
-3.425,-5.4675,-6.4576,4.7276,1.9178,-5.2296,0.46092,-2.0751,-1.6936,-0.55729,-0.52394,-3.2561
-3.8401,-5.4794,-5.9286,4.9419,1.4728,-5.09,-0.40046,-1.3807,-1.3883,-0.088893,-0.06187,-3.0642
-4.0266,-5.3894,-5.4105,5.0102,1.1264,-4.9067,-1.3388,-0.98439,-1.2397,0.30973,0.31116,-3.0455
-3.9819,-5.2216,-4.9997,4.9381,0.93091,-4.7196,-2.3843,-0.91009,-1.2323,0.5852,0.54279,-3.186
-3.7263,-4.9578,-4.6791,4.7214,0.87674,-4.5004,-3.4849,-1.0554,-1.3172,0.71165,0.61966,-3.4308
-3.3164,-4.5454,-4.3185,4.3538,0.88468,-4.1616,-4.5199,-1.2434,-1.4324,0.69656,0.56702,-3.703
-2.846,-3.928,-3.7278,3.8434,0.8309,-3.5948,-5.3493,-1.3053,-1.5307,0.5725,0.43307,-3.9311
-2.4268,-3.0941,-2.7638,3.2313,0.59901,-2.7389,-5.8791,-1.1627,-1.6029,0.37893,0.26638,-4.0738
-2.1547,-2.117,-1.4418,2.5985,0.1401,-1.6458,-6.1098,-0.86699,-1.6825,0.14384,0.097639,-4.1314
-2.0777,-1.155,0.022753,2.0524,-0.48892,-0.49531,-6.1354,-0.56964,-1.8256,-0.12478,-0.067479,-4.1386
-2.1788,-0.40763,1.271,1.6958,-1.1307,0.45191,-6.0952,-0.44732,-2.0758,-0.43439,-0.24252,-4.1425
-2.3789,-0.047881,1.9273,1.5946,-1.5765,0.94197,-6.1097,-0.62936,-2.4376,-0.79457,-0.4453,-4.1776
-2.5597,-0.16183,1.7319,1.7557,-1.6337,0.81853,-6.2323,-1.1468,-2.8741,-1.2044,-0.68324,-4.2541
-2.5986,-0.71996,0.62094,2.1221,-1.184,0.075535,-6.4328,-1.9117,-3.3246,-1.6486,-0.94872,-4.3608
-2.4006,-1.5885,-1.2665,2.5863,-0.21406,-1.1492,-6.6149,-2.7431,-3.7304,-2.1014,-1.2244,-4.476
-1.9183,-2.5703,-3.6437,3.0185,1.1828,-2.6261,-6.6576,-3.437,-4.0567,-2.5349,-1.4913,-4.5813
-1.1619,-3.4606,-6.1603,3.3038,2.8308,-4.1002,-6.4651,-3.8571,-4.3019,-2.9249,-1.7354,-4.6717
-0.20708,-4.0964,-8.477,3.3752,4.5075,-5.3462,-6.0072,-3.9822,-4.491,-3.2544,-1.9502,-4.7591
0.80423,-4.3842,-10.312,3.2308,5.9798,-6.2045,-5.3306,-3.8935,-4.6563,-3.5151,-2.1382,-4.8656
1.6872,-4.3035,-11.466,2.9288,7.0394,-6.5952,-4.5355,-3.717,-4.8166,-3.7073,-2.3075,-5.0144
2.2632,-3.8987,-11.83,2.5632,7.5365,-6.513,-3.7313,-3.5607,-4.9743,-3.838,-2.4673,-5.2195
2.4148,-3.266,-11.386,2.2325,7.4082,-6.009,-2.9919,-3.4735,-5.1205,-3.9184,-2.6217,-5.4785
2.1223,-2.5288,-10.207,2.0079,6.6944,-5.1634,-2.3266,-3.4389,-5.2479,-3.9602,-2.7661,-5.7705
1.4781,-1.7854,-8.4403,1.8978,5.5332,-4.0591,-1.6801,-3.4009,-5.3574,-3.9714,-2.8869,-6.06
0.67306,-1.052,-6.2881,1.8292,4.1324,-2.767,-0.96321,-3.3048,-5.4536,-3.9542,-2.9649,-6.3065
-0.059339,-0.27215,-3.9694,1.679,2.7149,-1.3538,-0.10166,-3.1304,-5.5374,-3.9065,-2.9813,-6.475
-0.53059,0.61377,-1.6859,1.3478,1.4558,0.10261,0.92482,-2.8997,-5.6002,-3.8241,-2.9238,-6.5449
-0.67432,1.604,0.38789,0.82176,0.44701,1.5029,2.0728,-2.6573,-5.6245,-3.7053,-2.7906,-6.512
-0.57733,2.6149,2.1096,0.19318,-0.30017,2.7334,3.253,-2.4419,-5.5883,-3.5517,-2.5895,-6.3834
-0.45052,3.5002,3.4051,-0.36292,-0.84631,3.6914,4.3601,-2.2702,-5.4732,-3.3676,-2.3335,-6.17
-0.54071,4.0963,4.2998,-0.64796,-1.3165,4.3132,5.298,-2.1413,-5.2723,-3.1611,-2.0364,-5.8826
-1.0305,4.2777,4.8796,-0.51196,-1.8507,4.5828,5.9933,-2.0517,-4.9979,-2.9419,-1.7104,-5.5333
-1.9887,3.9991,5.2086,0.092964,-2.5159,4.5198,6.3967,-2.0065,-4.6823,-2.7199,-1.3663,-5.1396
-3.3179,3.3109,5.2653,1.0825,-3.226,4.1588,6.4786,-2.0187,-4.3691,-2.5012,-1.0133,-4.727
-4.6725,2.3454,4.9223,2.2296,-3.7168,3.531,6.2273,-2.1018,-4.0997,-2.2876,-0.65955,-4.328
-5.5217,1.2848,3.9865,3.2086,-3.6317,2.6612,5.6492,-2.2612,-3.8986,-2.0778,-0.3139,-3.9763
-5.3811,0.31648,2.2966,3.7122,-2.6943,1.5793,4.7722,-2.4852,-3.7638,-1.8692,0.014685,-3.6971
-4.0007,-0.41465,-0.17076,3.578,-0.81004,0.33948,3.6519,-2.7329,-3.6635,-1.657,0.3191,-3.4975
-1.4854,-0.84467,-3.224,2.8519,1.8887,-0.95636,2.3762,-2.9388,-3.5456,-1.4315,0.59812,-3.3595
1.6166,-1.0042,-6.3907,1.7781,4.9437,-2.1451,1.0611,-3.0338,-3.3586,-1.1781,0.85643,-3.2437
4.3966,-0.98547,-8.9453,0.72625,7.561,-3.0174,-0.16438,-2.9764,-3.0789,-0.8835,1.0984,-3.1034
5.8894,-0.89173,-10.126,0.07769,8.882,-3.3754,-1.1892,-2.7797,-2.7244,-0.54675,1.3188,-2.9049
5.4531,-0.81378,-9.4084,0.11071,8.3348,-3.1147,-1.9497,-2.5119,-2.3505,-0.18661,1.4993,-2.6442
3.0096,-0.82345,-6.7579,0.92636,5.8303,-2.2817,-2.438,-2.2645,-2.0242,0.16112,1.6136,-2.3488
-0.96689,-0.95362,-2.7111,2.4138,1.8295,-1.0699,-2.6844,-2.1034,-1.793,0.45644,1.641,-2.0627
-5.5889,-1.1749,1.7738,4.2444,-2.7729,0.24189,-2.7319,-2.0309,-1.6653,0.67038,1.576,-1.8244
-9.7496,-1.3857,5.62,5.9353,-6.881,1.3768,-2.6187,-1.9844,-1.6123,0.79456,1.4329,-1.6498
-12.418,-1.4336,7.9584,7.0002,-9.5247,2.1357,-2.3713,-1.8708,-1.5853,0.84143,1.2408,-1.5252
-12.953,-1.1736,8.3631,7.1105,-10.149,2.4405,-2.0047,-1.6181,-1.539,0.83633,1.0351,-1.4132
-11.237,-0.5341,6.9347,6.1796,-8.697,2.3366,-1.5323,-1.214,-1.452,0.80524,0.84695,-1.2672
-7.5899,0.4478,4.195,4.3617,-5.5351,1.9588,-0.98076,-0.7141,-1.338,0.76312,0.69532,-1.0505
-2.7277,1.637,0.83765,2.0065,-1.3375,1.4751,-0.40113,-0.21823,-1.2429,0.71013,0.58263,-0.75242
2.3431,2.8439,-2.4733,-0.41968,3.0395,1.0305,0.13681,0.16446,-1.2305,0.63203,0.49689,-0.39652
6.6915,3.8772,-5.2075,-2.4535,6.7962,0.70343,0.56541,0.36038,-1.359,0.50716,0.41916,-0.031715
9.6943,4.5907,-7.0727,-3.7662,9.4233,0.48778,0.84989,0.35304,-1.6564,0.31808,0.33421,0.2931
11.006,4.9249,-8.0289,-4.2426,10.711,0.33609,1.0104,0.18988,-2.1041,0.064897,0.23966,0.55928
10.605,4.9408,-8.1381,-3.9801,10.628,0.26132,1.1251,-0.032309,-2.6346,-0.22674,0.14878,0.79053
8.8722,4.8188,-7.3931,-3.2283,9.3201,0.38541,1.312,-0.20044,-3.1501,-0.50949,0.085588,1.0384
6.4533,4.7978,-5.7743,-2.308,7.1508,0.85659,1.6931,-0.2255,-3.5584,-0.72924,0.076304,1.3567
3.966,5.0733,-3.4554,-1.5218,4.6163,1.7298,2.3592,-0.075067,-3.8024,-0.84258,0.1405,1.782
1.7996,5.7193,-0.81714,-1.0525,2.2013,2.9307,3.3419,0.2149,-3.8821,-0.82801,0.28704,2.3275
0.13838,6.6838,1.7207,-0.88179,0.25911,4.3037,4.6097,0.55479,-3.8459,-0.68659,0.5152,2.9821
-0.96527,7.8865,3.8807,-0.82706,-1.0401,5.7053,6.0893,0.84043,-3.7556,-0.43304,0.81902,3.7161
-1.5747,9.3791,5.6628,-0.72558,-1.6828,7.126,7.7022,1.0034,-3.6475,-0.083423,1.193,4.4981
-1.8052,11.424,7.3013,-0.58475,-1.7582,8.7508,9.3957,1.0484,-3.5117,0.35302,1.6386,5.3181
-1.7929,14.255,8.9592,-0.53038,-1.4542,10.782,11.15,1.0561,-3.2951,0.87502,2.1666,6.1933
-1.6872,17.674,10.529,-0.67914,-1.0548,13.222,12.967,1.149,-2.9244,1.4861,2.7915,7.1483
-1.599,21.223,11.964,-1.1175,-0.87838,16.068,14.846,1.4392,-2.3373,2.1902,3.5184,8.1863
-1.5615,24.75,13.618,-1.9668,-1.1836,19.424,16.765,1.9806,-1.509,2.9838,4.3302,9.2688
-1.5377,28.417,16.046,-3.3942,-2.0942,23.433,18.661,2.7462,-0.4623,3.8577,5.1865,10.327
-1.4556,32.399,19.596,-5.5327,-3.5767,28.205,20.448,3.6406,0.74369,4.7959,6.034,11.299
-1.2443,36.766,24.268,-8.4056,-5.4696,33.683,22.047,4.5451,2.0405,5.7814,6.8295,12.163
-0.86214,41.515,29.867,-11.942,-7.537,39.617,23.417,5.3752,3.3813,6.8065,7.5606,12.963
-0.31303,46.612,36.145,-16.06,-9.5265,45.668,24.57,6.1213,4.7605,7.8807,8.2589,13.797
0.34737,51.965,42.739,-20.706,-11.225,51.501,25.54,6.8363,6.2081,9.0291,8.9956,14.788
1.0177,57.35,48.969,-25.689,-12.495,56.781,26.352,7.5937,7.7536,10.274,9.8553,16.027
1.5753,62.351,53.869,-30.423,-13.299,61.145,27.001,8.4302,9.3764,11.611,10.895,17.533
1.9149,66.49,56.923,-34.117,-13.704,64.349,27.477,9.3131,10.986,12.994,12.11,19.238
1.9844,69.601,58.504,-36.464,-13.874,66.472,27.772,10.16,12.459,14.343,13.445,21.03
1.8062,72.035,59.337,-37.792,-14.009,67.871,27.882,10.901,13.692,15.579,14.834,22.826
1.4909,74.353,60.093,-38.66,-14.259,69.034,27.787,11.519,14.623,16.657,16.25,24.61
1.2277,76.963,61.329,-39.571,-14.684,70.453,27.441,12.027,15.225,17.57,17.705,26.421
1.222,80.069,63.328,-40.892,-15.272,72.387,26.776,12.408,15.489,18.327,19.206,28.285
1.6002,83.679,66.012,-42.806,-15.966,74.774,25.747,12.603,15.418,18.914,20.717,30.165
2.3382,87.525,69.044,-45.216,-16.688,77.401,24.393,12.524,15.021,19.276,22.139,31.958
3.2575,91.158,72.007,-47.751,-17.361,79.955,22.874,12.071,14.31,19.346,23.35,33.544
4.0908,94.117,74.55,-49.944,-17.933,82.053,21.364,11.143,13.306,19.087,24.256,34.852
4.5826,96.05,76.467,-51.391,-18.382,83.385,19.8,9.6398,12.038,18.52,24.844,35.903
4.5733,96.836,77.722,-51.845,-18.697,83.83,17.659,7.4767,10.553,17.721,25.169,36.791
4.0457,96.593,78.404,-51.273,-18.864,83.446,14.11,4.6303,8.9113,16.788,25.306,37.608
3.1371,95.552,78.589,-49.879,-18.848,82.38,8.6081,1.2211,7.1752,15.795,25.303,38.371
2.1242,93.934,78.129,-48.068,-18.58,80.798,1.3857,-2.4536,5.3948,14.78,25.175,39.027
1.3723,91.868,76.673,-46.371,-17.945,78.908,-6.6946,-6.01,3.5981,13.73,24.904,39.486
1.2406,89.491,73.981,-45.294,-16.796,76.931,-14.604,-9.1437,1.8014,12.597,24.456,39.661
1.9594,87.161,70.102,-45.14,-15.013,74.911,-21.519,-11.742,0.034969,11.322,23.795,39.495
3.5382,85.169,65.338,-45.858,-12.604,72.652,-27.012,-13.896,-1.638,9.8895,22.9,38.991
5.7483,83.252,59.976,-47.015,-9.7344,69.906,-31.041,-15.824,-3.1326,8.3567,21.789,38.223
8.1724,80.828,54.041,-47.966,-6.6663,66.491,-33.802,-17.717,-4.3782,6.8382,20.527,37.319
10.335,77.425,47.431,-48.06,-3.6527,62.338,-35.552,-19.573,-5.3493,5.4482,19.206,36.418
11.879,72.844,40.252,-46.744,-0.89122,57.58,-36.499,-21.205,-6.0746,4.2556,17.905,35.627
12.644,67.195,33.019,-43.74,1.4626,52.488,-36.835,-22.409,-6.6282,3.2707,16.657,34.996
12.609,60.888,26.521,-39.296,3.276,47.316,-36.767,-23.117,-7.1161,2.4566,15.437,34.499
11.837,54.481,21.416,-34.173,4.446,42.263,-36.508,-23.437,-7.6568,1.75,14.176,34.029
10.464,48.425,17.906,-29.184,4.9227,37.554,-36.207,-23.577,-8.3594,1.0836,12.819,33.425
8.6779,42.924,15.702,-24.716,4.7285,33.375,-35.867,-23.746,-9.3073,0.39949,11.37,32.52
6.672,37.947,14.24,-20.721,3.9632,29.719,-35.339,-24.078,-10.551,-0.34921,9.9003,31.205
4.5977,33.316,12.981,-16.935,2.7914,26.298,-34.45,-24.606,-12.113,-1.2082,8.4899,29.465
2.5401,28.724,11.626,-13.059,1.4132,22.632,-33.156,-25.28,-13.987,-2.2332,7.1616,27.368
0.53982,23.721,10.157,-8.9962,0.028805,18.417,-31.562,-26.03,-16.148,-3.4965,5.8728,25.02
-1.3564,18.012,8.6675,-5.0258,-1.192,13.958,-29.847,-26.821,-18.56,-5.0875,4.5442,22.506
-3.0862,12.146,7.1905,-1.6227,-2.1323,9.9343,-28.201,-27.692,-21.201,-7.1109,3.0873,19.851
-4.593,7.1545,5.6725,1.009,-2.7398,6.6664,-26.764,-28.734,-24.063,-9.6815,1.4154,17.021
-5.8375,3.3725,4.0794,3.0078,-3.0274,4.0325,-25.595,-30.029,-27.142,-12.905,-0.55155,13.968
-6.7917,0.53936,2.4576,4.5598,-3.0561,1.8413,-24.669,-31.583,-30.395,-16.827,-2.8743,10.7
-7.4225,-1.6204,0.90281,5.7389,-2.8965,0.00017882,-23.902,-33.307,-33.71,-21.344,-5.562,7.3406
-7.6794,-3.2333,-0.50041,6.5249,-2.5862,-1.5046,-23.207,-35.045,-36.921,-26.15,-8.5351,4.1096
-7.4972,-4.3272,-1.7165,6.8638,-2.115,-2.662,-22.535,-36.643,-39.861,-30.838,-11.621,1.2434
-6.8218,-4.9033,-2.7642,6.7235,-1.4445,-3.4718,-21.897,-38,-42.417,-35.081,-14.612,-1.1153
-5.647,-4.9926,-3.6955,6.1398,-0.54713,-3.9618,-21.345,-39.084,-44.56,-38.74,-17.344,-2.9624
-4.0493,-4.6911,-4.5554,5.2376,0.55809,-4.1913,-20.941,-39.924,-46.322,-41.813,-19.763,-4.3837
-2.231,-4.1617,-5.3323,4.2131,1.7702,-4.2402,-20.713,-40.575,-47.767,-44.359,-21.928,-5.4808
-0.54031,-3.602,-5.9228,3.2972,2.8765,-4.1861,-20.647,-41.083,-48.964,-46.43,-23.964,-6.3293
0.57963,-3.1971,-6.1365,2.7153,3.5628,-4.0843,-20.683,-41.462,-49.965,-48.061,-25.995,-6.9727
0.70925,-3.0766,-5.7664,2.644,3.5067,-3.9627,-20.74,-41.693,-50.803,-49.278,-28.075,-7.4338
-0.37576,-3.2945,-4.7124,3.1674,2.5199,-3.838,-20.734,-41.736,-51.501,-50.124,-30.144,-7.7319
-2.5614,-3.8326,-3.0891,4.2441,0.66631,-3.7398,-20.589,-41.55,-52.075,-50.668,-32.025,-7.9031
-5.4121,-4.6202,-1.2365,5.7026,-1.7118,-3.7256,-20.239,-41.101,-52.532,-50.996,-33.498,-8.0096
-8.2937,-5.5617,0.35641,7.278,-4.0537,-3.8803,-19.641,-40.369,-52.866,-51.19,-34.457,-8.1293
-10.528,-6.5618,1.1553,8.6853,-5.7149,-4.3009,-18.788,-39.341,-53.061,-51.322,-35.017,-8.3304
-11.589,-7.5438,0.71209,9.705,-6.1541,-5.0722,-17.717,-38.005,-53.097,-51.462,-35.426,-8.6563
-11.252,-8.4619,-1.173,10.247,-5.1064,-6.2386,-16.477,-36.334,-52.956,-51.684,-35.904,-9.13
-9.63,-9.3092,-4.3915,10.368,-2.6507,-7.7753,-15.09,-34.266,-52.607,-52.043,-36.553,-9.7675
-7.1704,-10.12,-8.5773,10.252,0.80202,-9.5625,-13.543,-31.704,-51.987,-52.55,-37.373,-10.593
-4.6509,-10.954,-13.078,10.212,4.4758,-11.378,-11.824,-28.637,-50.987,-53.141,-38.32,-11.66
-3.2007,-11.876,-16.943,10.646,7.2924,-12.932,-10.057,-25.658,-49.504,-53.677,-39.389,-13.096
-4.0703,-12.916,-19.156,11.942,8.1533,-13.922,-9.0177,-25.772,-47.774,-53.952,-40.697,-15.271
-7.7652,-14.042,-18.953,14.319,6.344,-14.117,-10.868,-36.138,-47.227,-53.73,-42.479,-19.597
-13.669,-15.134,-16.027,17.659,1.8998,-13.421,-10.849,-38.037,-49.477,-52.776,-45.214,-27.845
-21.369,-16.006,-10.575,21.444,-4.4705,-11.918,-1.6444,-23.88,-47.2,-50.879,-49.027,-31.565
-30.648,-16.488,-3.1984,24.994,-12.486,-9.8595,10.905,-7.3145,-38.491,-47.776,-49.934,-33.344
-40.01,-16.51,5.4309,27.783,-22.047,-7.5923,24.23,9.7294,-28.591,-43.009,-48.846,-34.872
-47.487,-16.117,14.753,29.648,-31,-5.415,37.105,26.991,-18.272,-37.117,-47.884,-36.791
-52.607,-15.52,22.943,31.32,-36.997,-3.2783,49.464,45.759,-7.0422,-36.197,-47.485,-39.718
-58.124,-16.436,27.64,36.595,-39.746,-0.46179,62.948,69.409,7.0473,-33.933,-49.312,-45.373
-63.557,-31.762,29.482,46.372,-40.983,-0.98709,80.755,102.63,27.294,-29.791,-56.235,-58.033
-68.439,-42.578,31.262,53.504,-43.27,-9.6226,107.14,149.37,56.665,-24.595,-69.685,-79.9
-75.149,-49.288,35.111,60.783,-48.153,-14.804,145.42,211.57,96.782,-19.574,-92.825,-113.27
-83.92,-50.959,41.538,66.793,-56.009,-13.322,195.09,288.62,148.24,-14.872,-126.7,-158.42
-92.246,-45.984,50.601,69.02,-66.37,-4.6291,251.77,378.11,211.23,-8.4828,-168.29,-211.96
-95.939,-33.371,61.991,64.941,-76.174,10.683,308.81,473.92,285.4,4.4887,-209.7,-266.4
-90.807,-12.282,75.554,52.104,-81.547,30.633,358.57,571.5,369.44,31.496,-238.38,-310.08
-72.87,18.145,87.597,28.3,-79.042,53.329,394.02,668.46,465.9,82.107,-238.72,-328.4
-39.149,58.848,94.373,-8.2732,-66.074,78.393,410.02,764.34,580.38,167.55,-194.59,-306.02
11.1,111.15,96.64,-59.126,-42.292,107.09,403.13,857.3,717.17,297.27,-92.125,-230.37
76.931,176.75,97.393,-125.11,-9.5492,141.27,370.48,939.05,875.04,474.94,77.84,-93.726
156.14,256.49,99.621,-205.27,29.451,182.23,309.3,991.88,1039.4,694.87,316.56,107.57
244.29,349.13,106.54,-296.35,70.849,230.4,217.84,990.36,1181.3,940.64,614.6,369.41
334.25,450.6,120.36,-392.58,109.19,285.22,96.457,908.49,1264.9,1186.3,950.07,677.17
416.69,553.99,141.88,-485.84,138.44,345.3,-50.56,729.02,1256.5,1399.7,1290.3,1005.3
481.84,649.92,170.78,-566.49,154.21,406.79,-212.4,451.49,1135.8,1548.8,1596.7,1320.3
522.1,726.91,203.63,-624.81,155.5,461.6,-373.18,96.141,902.92,1607.8,1830.1,1586.3
533.91,772.72,233.04,-652.83,145.66,499.19,-516,-298.87,579.66,1561.2,1957.9,1771.4
519.35,777.79,249.91,-646.82,131.47,509.43,-626.95,-687.24,202.19,1406.1,1960.2,1853.6
486.24,739.03,245.2,-609.56,119.98,486.25,-699.02,-1027.4,-190.25,1151.1,1833.4,1825.8
443.53,661.69,214.96,-549.04,115.43,430.86,-733.69,-1293.5,-565.28,814.66,1590.6,1696
396.92,558.46,164.33,-474.66,115.36,352.27,-739.81,-1478.9,-901.98,422.78,1257.8,1484.5
348.21,445.76,104.49,-394.81,113,264.79,-730.13,-1593.4,-1189.8,6.3512,869.45,1218.6
296.66,338.24,48.433,-315.8,109.61,183.11,-717.07,-1654.7,-1424.3,-401.55,463.26,926.99
240.96,243.65,6.8671,-241.01,102.9,115.94,-709.26,-1680.7,-1603.6,-768.81,75.615,635.68
180.88,161.36,-19.488,-170.56,92.187,62.598,-710.08,-1683.1,-1726.1,-1067.9,-262.4,365.07
119.43,85.347,-38.986,-102.61,80.295,15.783,-718.32,-1666.8,-1791,-1280,-529.17,128.97
63.4,9.7328,-60.739,-36.248,70.386,-32.297,-730.41,-1631.4,-1799.7,-1399.6,-715.69,-64.432
16.817,-66.584,-89.029,26.296,63.863,-84.702,-742.4,-1575.8,-1758.1,-1434.4,-824.95,-210.95
-19.137,-138.6,-122.4,80.595,59.343,-137.82,-750.41,-1501,-1677.1,-1402.2,-867.7,-310.03
-43.448,-197.44,-154.27,121.72,55.615,-183.25,-751.14,-1409.6,-1568.4,-1323.6,-858.47,-364.96
-55.645,-234.56,-175.87,145.65,52.255,-212.19,-741.71,-1304.2,-1441.9,-1217.7,-812.89,-382.6
-57.078,-245.11,-182.01,151.46,49.128,-220.14,-719.54,-1186.9,-1304.7,-1099.2,-745.66,-372.42
-50.791,-228.94,-173.12,142.18,45.98,-209.24,-683.04,-1060.1,-1161.1,-978.08,-668.92,-345.2
-40.417,-196.94,-154.19,123.16,42.306,-186.17,-632.28,-926.92,-1014.7,-860.24,-591.58,-311.08
-29.387,-162.9,-131.31,100.58,37.905,-157.48,-569.3,-791.21,-870.04,-748.3,-519.22,-277.43
-15.347,-133.14,-109.3,79.899,33.159,-129.26,-497.55,-657.58,-731.73,-643.31,-454.29,-247.78
-5.8809,-110.3,-91.233,63.775,28.74,-106.06,-421.13,-531.16,-603.59,-545.6,-396.19,-221.74
-0.93895,-93.743,-78.131,51.817,25.356,-89.096,-344.56,-416.11,-488.47,-455.49,-341.59,-196.58
2.4382,-80.709,-68.773,41.845,23.063,-76.656,-272.43,-314.7,-388.01,-374.53,-288.48,-170.61
4.3052,-69.119,-60.644,33.961,21.091,-66.506,-208.44,-227.92,-302.54,-303.42,-239.8,-144.17
4.6938,-60.08,-54.012,28.564,18.626,-58.904,-154.5,-155.29,-231.16,-242.08,-195.41,-117.68
3.818,-53.255,-49.495,24.798,15.311,-54.11,-110.81,-94.754,-172.04,-190.17,-155.66,-91.972
1.9698,-48.065,-46.405,22.373,11.42,-51.115,-76.292,-49.605,-123.08,-147.33,-122.11,-69.154
-0.50006,-44.858,-44.009,20.829,7.5877,-48.813,-52.316,-18.358,-82.442,-113.04,-96.107,-52.11
-3.2102,-42.657,-40.214,18.203,4.2379,-46.46,-38.717,3.7288,-49.159,-86.466,-77.73,-42.054
-5.7541,-39.721,-34.459,16.026,1.5423,-43.235,-32.507,19.08,-22.956,-66.385,-65.703,-38.278
-7.7306,-36.934,-28.503,15.113,-0.37763,-40.101,-30.781,29.679,-3.1772,-51.37,-58.394,-38.973
-8.8129,-34.809,-23.741,14.629,-1.428,-37.828,-31.225,37.852,11.421,-39.967,-54.063,-41.624
-8.8165,-32.887,-20.348,13.986,-1.6047,-36.066,-31.949,45.422,22.153,-30.892,-50.722,-43.452
-7.7381,-30.803,-17.934,12.906,-1.0265,-34.32,-31.98,51.31,30.175,-23.254,-46.75,-41.328
-5.7565,-28.433,-16.173,11.347,0.07695,-32.322,-27.365,54.68,36.297,-16.699,-41.55,-31.839
-3.2029,-25.864,-14.901,9.4579,1.4068,-30.07,-19.807,62.778,39.723,-11.549,-35.521,-23.535
-0.52408,-23.325,-13.983,7.5185,2.65,-27.761,-14.075,74.492,40.935,-8.4716,-29.984,-19.213
1.7607,-21.083,-13.274,5.868,3.5351,-25.669,-9.921,86.152,44.165,-5.4198,-25.72,-16.963
3.149,-19.352,-12.67,4.7983,3.8704,-24.022,-6.6176,96.067,50.203,-2.8481,-21.973,-15.724
3.287,-18.218,-12.09,4.4639,3.5551,-22.92,-3.7503,104.11,58.154,-0.91645,-18.57,-14.963
2.0941,-17.605,-11.451,4.8548,2.582,-22.3,-1.0919,110.73,66.929,0.91385,-15.491,-14.356
-0.17879,-17.313,-10.675,5.8318,1.052,-21.957,1.4852,116.35,75.273,2.8025,-12.671,-13.674
-3.0389,-17.12,-9.7257,7.1694,-0.82143,-21.614,4.0332,121.21,82.287,4.7316,-10.109,-12.799
-5.8974,-16.86,-8.6487,8.5664,-2.7312,-21.039,6.5534,125.38,87.764,6.6199,-7.8803,-11.752
-8.1639,-16.432,-7.5918,9.6718,-4.3217,-20.149,9.047,128.9,91.93,8.3792,-6.0534,-10.66
-9.3412,-15.773,-6.7787,10.17,-5.2637,-19.035,11.516,131.78,95.128,9.9562,-4.6392,-9.6631
-9.1323,-14.859,-6.4335,9.8721,-5.3449,-17.896,13.895,134.11,97.704,11.353,-3.5921,-8.8484
-7.5051,-13.737,-6.6856,8.7688,-4.5281,-16.937,16.035,136.05,99.979,12.617,-2.8347,-8.2394
-4.7061,-12.542,-7.4943,7.0374,-2.9555,-16.296,17.776,137.72,102.21,13.818,-2.2802,-7.8166
-1.2682,-11.458,-8.6184,5.0056,-0.94047,-16.017,19.044,139.21,104.5,15.014,-1.8489,-7.5356
2.0121,-10.636,-9.6602,3.0795,1.0269,-16.039,19.87,140.5,106.79,16.239,-1.4773,-7.3408
4.247,-10.14,-10.194,1.677,2.3579,-16.202,20.362,141.51,108.92,17.505,-1.1258,-7.1795
4.7976,-9.9601,-9.9435,1.1357,2.5863,-16.318,20.654,142.23,110.73,18.815,-0.77947,-7.0143
3.5378,-10.082,-8.915,1.59,1.5989,-16.291,20.873,142.77,112.2,20.187,-0.44319,-6.8308
0.85934,-10.513,-7.4231,2.907,-0.29977,-16.201,21.126,143.37,113.45,21.658,-0.13055,-6.6374
-2.4684,-11.23,-6.0137,4.7314,-2.495,-16.254,21.485,144.36,114.69,23.271,0.14801,-6.4571
-5.4993,-12.132,-5.3069,6.5895,-4.2564,-16.642,21.976,146.01,116.17,25.065,0.3941,-6.3144
-7.3975,-13.029,-5.7733,8.0181,-4.9816,-17.438,22.569,148.43,118.04,27.066,0.62538,-6.2213
-7.686,-13.712,-7.5486,8.6939,-4.369,-18.545,23.195,151.54,120.33,29.303,0.8748,-6.1675
-6.3371,-14.009,-10.363,8.5044,-2.489,-19.72,23.785,155.09,122.96,31.809,1.1873,-6.1179
-3.7357,-13.827,-13.568,7.5432,0.20014,-20.631,24.312,158.75,125.73,34.607,1.6153,-6.0177
-0.58138,-13.157,-16.292,6.064,2.9472,-20.95,24.802,162.23,128.46,37.671,2.2112,-5.8071
2.2876,-12.07,-17.71,4.4156,4.9316,-20.452,25.314,165.34,131.06,40.898,3.0157,-5.4415
4.162,-10.698,-17.314,2.9547,5.5501,-19.093,25.906,168.03,133.55,44.119,4.0408,-4.9099
4.6649,-9.2099,-15.077,1.947,4.6211,-17.04,26.597,170.43,136.04,47.161,5.2525,-4.2444
3.8168,-7.7755,-11.449,1.4951,2.3978,-14.618,27.345,172.75,138.65,49.911,6.5588,-3.5168
2.0055,-6.522,-7.2158,1.5246,-0.55007,-12.206,28.07,175.21,141.45,52.323,7.822,-2.8185
-0.14833,-5.5078,-3.2405,1.8372,-3.5162,-10.136,28.68,178,144.45,54.415,8.9105,-2.2311
-2.0248,-4.7245,-0.21181,2.2026,-5.9007,-8.6046,29.112,181.11,147.53,56.252,9.767,-1.7961
-3.2165,-4.1243,1.5279,2.4333,-7.394,-7.6357,29.341,184.45,150.57,57.938,10.44,-1.503
-3.5964,-3.6548,2.0201,2.4235,-7.9748,-7.1051,29.386,187.84,153.41,59.581,11.053,-1.3022
-3.2533,-3.2871,1.5829,2.1735,-7.7966,-6.83,29.31,191.1,155.94,61.266,11.743,-1.1322
-2.4177,-3.0318,0.63091,1.7912,-7.1116,-6.6817,29.206,194.21,158.13,63.026,12.617,-0.94394
-1.4058,-2.9417,-0.48439,1.4475,-6.2185,-6.6403,29.172,197.22,160.06,64.84,13.736,-0.71114
-0.5333,-3.0966,-1.6004,1.3059,-5.3531,-6.7768,29.269,200.3,161.93,66.642,15.102,-0.42976
-0.0072316,-3.566,-2.7606,1.457,-4.5716,-7.1992,29.496,203.59,163.97,68.367,16.653,-0.10991
0.15458,-4.3523,-4.0916,1.8705,-3.7838,-7.9857,29.793,207.15,166.41,69.99,18.254,0.23445
0.11405,-5.3405,-5.6643,2.3787,-2.9021,-9.1182,30.071,211.01,169.39,71.548,19.757,0.59514
0.14102,-6.3042,-7.4173,2.7237,-1.9097,-10.447,30.261,215.11,172.91,73.131,21.095,0.9808
0.54083,-6.9856,-9.1473,2.6458,-0.83204,-11.703,30.347,219.38,176.87,74.868,22.348,1.4319
1.598,-7.154,-10.555,1.9317,0.29102,-12.553,30.378,223.69,181.13,76.917,23.708,2.0333
3.5152,-6.597,-11.333,0.42098,1.4039,-12.68,30.443,227.9,185.53,79.434,25.407,2.9079
6.3561,-5.1687,-11.266,-1.965,2.4338,-11.886,30.613,231.95,190.02,82.53,27.629,4.1847
10.021,-2.8954,-10.322,-5.1892,3.3033,-10.191,30.889,235.93,194.65,86.216,30.453,5.9585
14.249,-0.033081,-8.6873,-9.0879,3.9508,-7.8534,31.185,240.08,199.54,90.365,33.832,8.2591
18.641,2.9766,-6.7241,-13.373,4.3468,-5.3102,31.363,244.71,204.81,94.754,37.593,11.031
22.705,5.6299,-4.88,-17.638,4.5035,-3.0507,31.293,250.04,210.52,99.165,41.478,14.123
25.952,7.5081,-3.5756,-21.378,4.4753,-1.4852,30.918,256.11,216.65,103.49,45.245,17.304
28.017,8.3876,-3.1004,-24.086,4.3478,-0.84533,30.286,262.68,223.09,107.76,48.781,20.351
28.83,8.2909,-3.5421,-25.502,4.2229,-1.1387,29.536,269.32,229.76,112.13,52.122,23.147
28.698,7.4854,-4.7765,-25.834,4.2006,-2.1681,28.849,275.65,236.55,116.76,55.41,25.717
28.193,6.427,-6.5173,-25.747,4.354,-3.6068,28.368,281.5,243.31,121.75,58.815,28.166
27.906,5.6342,-8.3995,-26.028,4.6996,-5.0897,28.139,287.01,249.87,127.14,62.469,30.59
28.259,5.5171,-10.063,-27.093,5.1792,-6.2906,28.087,292.5,256.14,132.78,66.391,33.043
29.443,6.2189,-11.222,-28.845,5.6689,-6.9912,28.071,298.37,262.18,138.42,70.441,35.568
31.407,7.5576,-11.709,-31.035,6.0148,-7.1332,27.959,304.98,268.21,143.75,74.385,38.218
33.82,9.2229,-11.492,-33.434,6.0847,-6.8012,27.69,312.52,274.46,148.61,78.057,41.031
36.127,11.109,-10.666,-35.658,5.8151,-6.142,27.292,320.94,281.12,153.05,81.443,43.991
37.862,13.312,-9.4158,-37.306,5.237,-5.2934,26.874,329.99,288.23,157.29,84.679,47.047
38.958,15.886,-7.9707,-38.345,4.468,-4.3555,26.575,339.27,295.76,161.6,87.979,50.197
39.703,18.833,-6.5616,-39.084,3.6822,-3.3794,26.489,348.36,303.61,166.23,91.57,53.513
40.56,22.212,-5.3807,-39.953,3.0804,-2.3664,26.596,356.99,311.66,171.33,95.625,57.071
42.021,26.103,-4.5506,-41.348,2.864,-1.2847,26.758,365.07,319.76,176.9,100.17,60.87
44.444,30.476,-4.1077,-43.505,3.1796,-0.10261,26.788,372.72,327.75,182.76,105.03,64.804
47.847,35.129,-3.9971,-46.399,4.0454,1.1772,26.552,380.18,335.58,188.58,109.91,68.723
51.85,39.74,-4.0806,-49.73,5.3196,2.5063,26.024,387.73,343.27,194.11,114.55,72.506
55.906,43.991,-4.1607,-53.052,6.7382,3.8172,25.286,395.55,350.88,199.29,118.83,76.085
59.576,47.707,-4.0329,-55.979,8.0016,5.0666,24.483,403.69,358.49,204.18,122.76,79.456
62.608,50.92,-3.5612,-58.297,8.8849,6.2506,23.75,412.06,366.17,208.93,126.43,82.666
64.896,53.818,-2.738,-59.99,9.3314,7.3826,23.163,420.59,373.98,213.68,129.95,85.818
66.428,56.642,-1.6957,-61.215,9.491,8.4661,22.709,429.3,381.91,218.54,133.52,89.055
67.349,59.57,-0.66456,-62.288,9.7044,9.4827,22.291,438.26,389.89,223.53,137.34,92.539
68.061,62.634,0.095276,-63.646,10.448,10.39,21.751,447.58,397.71,228.56,141.56,96.382
69.177,65.704,0.36703,-65.695,12.214,11.125,20.941,457.31,405.1,233.44,146.17,100.58
71.225,68.56,0.037462,-68.488,15.261,11.614,19.793,467.43,411.91,238.01,150.99,105.01
74.28,70.998,-0.87243,-71.65,19.335,11.813,18.382,477.79,418.21,242.23,155.81,109.49
77.981,72.951,-2.2169,-74.775,23.781,11.751,16.869,488.11,424.24,246.2,160.54,113.92
81.941,74.545,-3.7729,-77.767,28.065,11.573,15.384,498.06,430.32,250.14,165.21,118.38
85.996,76.061,-5.3111,-80.792,32.015,11.518,13.938,507.26,436.71,254.31,169.95,123.03
90.165,77.816,-6.6675,-84.095,35.674,11.833,12.432,515.45,443.5,258.91,174.85,128.08
94.527,80.039,-7.7884,-87.869,39.145,12.662,10.735,522.51,450.52,263.98,179.95,133.73
99.162,82.782,-8.7254,-92.235,42.55,14,8.7403,528.48,457.38,269.33,185.27,140.08
104.16,85.944,-9.5766,-97.24,45.982,15.75,6.4005,533.55,463.74,274.6,190.88,147.14
109.57,89.339,-10.402,-102.78,49.478,17.831,3.7442,537.97,469.42,279.48,196.87,154.78
115.26,92.808,-11.168,-108.49,52.977,20.227,0.8727,541.96,474.45,283.89,203.29,162.82
120.78,96.303,-11.758,-113.91,56.322,22.954,-2.0708,545.66,479.02,287.95,210.14,170.98
125.83,99.933,-12.019,-118.83,59.398,26.079,-4.9525,549.17,483.35,291.88,217.31,178.95
130.57,103.94,-11.825,-123.39,62.24,29.71,-7.7014,552.52,487.66,295.9,224.64,186.55
135.41,108.64,-11.143,-127.93,64.978,33.917,-10.348,555.75,492.05,300.07,231.89,193.72
140.69,114.31,-10.07,-132.77,67.716,38.653,-13.03,558.85,496.49,304.25,238.85,200.59
146.48,120.99,-8.8104,-138.1,70.475,43.726,-15.945,561.76,500.72,308.17,245.38,207.34
152.65,128.31,-7.5969,-143.9,73.153,48.849,-19.27,564.36,504.42,311.6,251.48,214.21
158.78,135.64,-6.6068,-149.85,75.566,53.722,-23.122,566.47,507.28,314.41,257.25,221.44
164.25,142.41,-5.9052,-155.43,77.524,58.102,-27.561,567.84,509.05,316.57,262.88,229.22
168.47,148.34,-5.4396,-160.16,78.896,61.839,-32.626,568.13,509.54,318.13,268.5,237.55
171.2,153.37,-5.0801,-163.87,79.63,64.886,-38.303,566.77,508.48,319.15,274.15,246.19
172.67,157.56,-4.6828,-166.67,79.765,67.321,-44.438,563.01,505.47,319.7,279.83,254.72
173.37,161.04,-4.1476,-168.84,79.436,69.337,-50.763,556.17,500.32,319.75,285.49,262.79
173.79,163.97,-3.4469,-170.72,78.868,71.175,-57.186,545.97,493.22,319.28,291.04,270.2
174.34,166.61,-2.6247,-172.6,78.334,73.007,-63.913,532.58,484.48,318.37,296.41,277.1
175.31,169.15,-1.776,-174.69,78.081,74.861,-71.161,516.41,474.17,317.19,301.51,283.77
176.82,171.65,-1.0115,-177.04,78.242,76.672,-78.881,497.93,462.24,315.82,306.2,290.54
178.76,173.97,-0.41384,-179.51,78.799,78.367,-86.775,477.67,448.76,314.22,310.36,297.61
180.92,175.94,-0.011154,-181.86,79.615,79.878,-94.478,456.24,434.03,312.37,313.96,304.98
183.01,177.45,0.21577,-183.85,80.514,81.137,-101.74,434.29,418.66,310.28,317.12,312.43
184.81,178.48,0.31138,-185.33,81.348,82.096,-108.49,412.28,403.39,307.98,320,319.52
186.2,179.09,0.33351,-186.34,82.017,82.753,-114.77,390.36,388.81,305.51,322.72,325.83
187.24,179.46,0.35384,-187.02,82.457,83.164,-120.65,368.39,375.1,302.87,325.4,331.1
188.11,179.74,0.4545,-187.57,82.636,83.423,-126.15,346.05,362.07,300.06,328.07,335.31
188.93,180.03,0.71211,-188.07,82.533,83.606,-131.16,323.02,349.27,297.07,330.72,338.44
189.48,180.22,1.1753,-188.29,82.095,83.714,-135.5,299.18,336.22,293.98,333.24,340.36
188.98,179.93,1.8475,-187.62,81.2,83.654,-138.88,274.72,322.56,290.88,335.41,340.94
186.92,178.69,2.6841,-185.55,79.719,83.306,-141.13,250.13,308.17,287.87,336.98,340.3
183.53,176.22,3.6082,-182.27,77.675,82.594,-142.15,226.18,293.2,284.94,337.68,338.67
179.27,172.65,4.5311,-178.29,75.248,81.514,-142.02,203.72,278.04,281.83,337.24,336.11
174.4,168.35,5.3675,-173.93,72.582,80.073,-140.88,183.39,263.18,277.9,335.37,332.43
168.95,163.58,6.0451,-169.15,69.629,78.229,-138.91,165.39,249.05,272.41,331.76,327.32
162.74,158.44,6.5071,-163.75,66.154,75.901,-136.29,149.47,235.84,265.08,326.1,320.47
155.42,152.83,6.7028,-157.46,61.854,73.023,-133.18,135.1,223.44,256.39,318.22,311.58
146.79,146.61,6.5856,-150.08,56.577,69.592,-129.74,121.57,211.48,247.16,308.21,300.55
137.07,139.71,6.1295,-141.71,50.557,65.674,-126.06,108.25,199.47,237.75,296.56,287.48
126.94,132.26,5.3577,-132.74,44.5,61.394,-122.22,94.685,186.9,227.99,283.79,272.79
117.27,124.54,4.3697,-123.82,39.276,56.944,-118.2,80.867,173.48,217.33,270.23,257.21
108.87,116.97,3.3505,-115.65,35.358,52.574,-113.92,67.134,159.21,205.34,255.97,241.56
102.25,109.91,2.5544,-108.8,32.522,48.543,-109.28,53.769,144.41,191.88,241.02,226.4
97.026,103.5,2.2735,-103.19,30.028,45.017,-104.17,41.28,129.6,177.16,225.49,211.91
91.968,97.602,2.7847,-98.01,26.998,41.995,-98.508,30.721,115.25,161.69,209.53,197.92
85.771,91.831,4.2589,-92.271,22.72,39.322,-92.21,22.547,101.78,146.27,193.35,184.15
77.695,85.805,6.6607,-85.236,16.995,36.745,-85.274,16.321,89.455,131.83,177.26,170.38
67.721,79.39,9.7148,-76.675,10.522,33.998,-77.833,11.447,78.363,118.96,161.71,156.63
56.59,72.728,12.988,-67.034,4.4734,30.93,-70.149,7.4795,68.29,107.64,147.11,143.15
45.813,66.027,16.038,-57.599,-0.42366,27.686,-62.549,4.1115,58.684,97.392,133.68,130.38
36.817,59.522,18.554,-49.693,-3.9696,24.679,-55.367,1.1512,48.885,87.776,121.54,118.8
30.041,53.535,20.407,-43.575,-6.2054,22.25,-48.887,-1.4982,38.842,78.51,110.71,108.79
25.092,48.303,21.599,-38.889,-7.3212,20.462,-43.286,-3.8702,29.64,69.51,101,100.31
21.181,43.774,22.145,-35.234,-7.6207,19.183,-38.596,-5.9677,22.223,60.97,91.949,92.909
17.137,39.641,22.03,-32.216,-7.5173,18.2,-34.69,-7.7897,16.424,53.261,83.04,85.944
11.795,35.583,21.313,-29.385,-7.5016,17.294,-31.322,-9.3499,11.775,46.367,74.065,78.919
6.4451,31.499,20.292,-26.133,-7.9283,16.309,-28.209,-10.683,8.0063,39.751,65.27,71.675
3.5081,27.519,19.536,-21.696,-8.8588,15.213,-25.186,-11.84,4.9626,33.165,57.125,64.405
2.156,23.845,19.617,-16.056,-10.243,14.113,-22.282,-12.862,2.523,27.145,50.09,57.549
1.0411,20.713,20.811,-10.832,-12.07,13.22,-19.635,-13.764,0.58244,22.277,44.341,51.59
-0.22176,18.373,23.001,-7.3609,-14.255,12.757,-17.367,-14.529,-0.94956,18.552,39.644,46.804
-1.5652,16.873,25.739,-5.4922,-16.541,12.779,-15.535,-15.122,-2.1499,15.622,35.744,43.174
-2.8275,15.958,28.403,-4.5587,-18.584,13.08,-14.15,-15.524,-3.0818,13.164,32.577,40.457
-3.8742,15.207,30.39,-3.9991,-20.102,13.322,-13.186,-15.753,-3.8,10.996,30.04,38.298
-4.6142,14.257,31.304,-3.4625,-20.942,13.204,-12.58,-15.868,-4.3625,9.0598,27.852,36.361
-4.9775,12.954,31.017,-2.827,-21.053,12.561,-12.234,-15.941,-4.8373,7.3665,25.689,34.408
-4.9024,11.354,29.625,-2.1522,-20.435,11.385,-12.028,-16.04,-5.2959,5.9301,23.413,32.33
-4.3572,9.6363,27.355,-1.5484,-19.128,9.7927,-11.855,-16.201,-5.794,4.7395,21.143,30.174
-3.3777,7.9935,24.5,-1.0725,-17.231,7.9812,-11.653,-16.426,-6.3585,3.7571,19.093,28.1
-2.0993,6.5626,21.344,-0.71069,-14.935,6.1615,-11.407,-16.695,-6.9934,2.9284,17.388,26.275
-0.77112,5.3778,18.14,-0.39786,-12.55,4.4761,-11.121,-16.976,-7.6941,2.1931,16.031,24.789
0.28556,4.345,15.163,-0.04218,-10.478,2.9388,-10.791,-17.247,-8.4514,1.5015,14.95,23.648
0.77847,3.2856,12.751,0.44254,-9.1123,1.4739,-10.386,-17.5,-9.2416,0.835,14.055,22.813
0.54691,2.0746,11.197,1.0963,-8.6949,0.062224,-9.8648,-17.733,-10.017,0.21509,13.276,22.239
-0.38333,0.78295,10.601,1.8793,-9.2324,-1.1437,-9.202,-17.943,-10.713,-0.31212,12.572,21.884
-1.8085,-0.34419,10.824,2.6743,-10.517,-1.8876,-8.4085,-18.122,-11.266,-0.70412,11.922,21.709
-3.414,-1.0665,11.585,3.3321,-12.207,-2.0045,-7.5363,-18.263,-11.643,-0.94436,11.303,21.652
-4.8785,-1.2828,12.557,3.7284,-13.92,-1.5296,-6.6607,-18.362,-11.851,-1.0496,10.706,21.629
-5.9826,-1.0363,13.44,3.8081,-15.305,-0.64946,-5.8519,-18.421,-11.94,-1.0654,10.149,21.561
-6.6676,-0.46932,13.991,3.6051,-16.141,0.39735,-5.1496,-18.437,-11.979,-1.0539,9.6645,21.418
-6.997,0.22267,14.098,3.2304,-16.41,1.3904,-4.5523,-18.402,-12.028,-1.079,9.2722,21.221
-7.08,0.83566,13.828,2.8289,-16.257,2.1499,-4.0256,-18.296,-12.121,-1.1915,8.9533,21.02
-7.029,1.2056,13.307,2.5292,-15.862,2.546,-3.5292,-18.103,-12.256,-1.419,8.6506,20.851
-6.9016,1.2471,12.525,2.3991,-15.274,2.5077,-3.0475,-17.828,-12.404,-1.7628,8.2864,20.706
-6.6072,0.97494,11.325,2.4084,-14.303,2.0187,-2.6047,-17.501,-12.533,-2.2011,7.7903,20.526
-5.8931,0.48754,9.522,2.4224,-12.636,1.108,-2.2539,-17.166,-12.622,-2.6953,7.1256,20.223
-4.4583,-0.075189,6.9868,2.2571,-10.117,-0.16047,-2.0512,-16.842,-12.662,-3.1984,6.3038,19.723
-2.1168,-0.58033,3.6908,1.7773,-6.8168,-1.691,-2.0298,-16.511,-12.661,-3.6649,5.3811,18.997
1.0313,-0.94541,-0.23734,0.97722,-2.9296,-3.3492,-2.1823,-16.11,-12.644,-4.058,4.4406,18.076
4.4978,-1.1578,-4.4075,6.9128e-05,1.1807,-4.9535,-2.4568,-15.57,-12.641,-4.3544,3.5681,17.036
7.5143,-1.2558,-8.1437,-0.90819,4.8676,-6.2768,-2.7649,-14.871,-12.671,-4.5455,2.8304,15.981
9.3217,-1.2875,-10.658,-1.4878,7.3304,-7.0838,-3.0028,-14.074,-12.728,-4.6363,2.2615,15.002
9.4512,-1.2713,-11.316,-1.5561,7.9597,-7.1976,-3.0788,-13.294,-12.776,-4.6406,1.8617,14.157
7.8622,-1.1928,-9.874,-1.0701,6.6074,-6.5649,-2.9372,-12.627,-12.755,-4.5733,1.6093,13.452
4.9446,-1.0229,-6.6022,-0.14903,3.6292,-5.2847,-2.5701,-12.089,-12.598,-4.4439,1.4779,12.857
1.411,-0.73525,-2.2244,0.95762,-0.23483,-3.5902,-2.0118,-11.609,-12.245,-4.2542,1.4497,12.327
-1.9315,-0.32131,2.3128,1.9558,-4.0887,-1.7864,-1.3205,-11.064,-11.669,-4.003,1.519,11.831
-4.443,0.19472,6.1375,2.6081,-7.1786,-0.16996,-0.55462,-10.34,-10.896,-3.6942,1.6855,11.365
-5.8034,0.74887,8.7048,2.8012,-9.1138,1.0454,0.24624,-9.387,-10.007,-3.344,1.9429,10.935
-6.021,1.2536,9.8958,2.5583,-9.8947,1.779,1.0676,-8.2412,-9.1108,-2.9819,2.2682,10.543
-5.3516,1.6445,9.9904,2.0018,-9.7974,2.0976,1.9155,-7.0022,-8.3097,-2.6451,2.6175,10.185
-4.1891,1.9226,9.5456,1.2913,-9.235,2.1825,2.8045,-5.7857,-7.6614,-2.3688,2.9331,9.8496
-2.9538,2.138,9.1716,0.58041,-8.6518,2.2498,3.7447,-4.6729,-7.164,-2.1757,3.1526,9.5209
-1.9989,2.3224,9.2374,0.0053081,-8.382,2.4432,4.7289,-3.682,-6.7558,-2.0681,3.2278,9.1696
-1.5313,2.4427,9.6628,-0.32452,-8.4903,2.7477,5.7253,-2.7697,-6.3381,-2.0248,3.1391,8.7522
-1.5694,2.4076,10.036,-0.34615,-8.7594,2.9898,6.679,-1.8603,-5.818,-2.0063,2.9066,8.2216
-1.9689,2.1085,9.8963,-0.05188,-8.866,2.9273,7.5232,-0.88499,-5.1503,-1.9675,2.5786,7.5351
-2.5027,1.4609,8.9222,0.52033,-8.5744,2.3654,8.1969,0.18787,-4.3556,-1.8748,2.2132,6.6761
-2.9535,0.42849,7.0351,1.3027,-7.8135,1.2217,8.6635,1.3432,-3.5058,-1.7187,1.8568,5.6657
-3.1756,-0.96214,4.3702,2.2115,-6.6339,-0.46268,8.9239,2.5267,-2.6878,-1.5163,1.5314,4.5566
-3.1144,-2.6113,1.1899,3.1571,-5.1288,-2.5314,9.017,3.6662,-1.9629,-1.3016,1.2361,3.4236
-2.8053,-4.3455,-2.1679,4.0464,-3.4255,-4.7368,9.0088,4.7021,-1.341,-1.1082,0.95781,2.3381
-2.3618,-5.9384,-5.2997,4.7847,-1.7258,-6.7762,8.9721,5.6149,-0.77772,-0.95266,0.68419,1.3578
-1.948,-7.1559,-7.7493,5.2882,-0.30451,-8.3444,8.9619,6.4332,-0.19419,-0.82641,0.41409,0.52068
-1.7309,-7.8119,-9.0938,5.5039,0.55351,-9.1882,8.9973,7.2136,0.4901,-0.69908,0.16259,-0.15785
-1.8267,-7.8142,-9.0462,5.4226,0.64389,-9.1536,9.0583,8.004,1.3217,-0.52984,-0.040229,-0.68598
-2.2637,-7.1791,-7.5313,5.0769,-0.09061,-8.2159,9.1038,8.8165,2.2866,-0.28212,-0.15586,-1.0905
-2.9716,-6.0171,-4.7531,4.5281,-1.5366,-6.5034,9.1029,9.6265,3.3072,0.06286,-0.14715,-1.4045
-3.7929,-4.5102,-1.207,3.8494,-3.4239,-4.3056,9.0585,10.391,4.2729,0.49802,0.011404,-1.6456
-4.5129,-2.8905,2.4047,3.1114,-5.3642,-2.0257,9.0058,11.07,5.0908,0.99048,0.32458,-1.809
-4.9047,-1.4046,5.345,2.3739,-6.9263,-0.072711,8.987,11.641,5.7225,1.4898,0.77036,-1.8737
-4.7882,-0.26035,7.0424,1.6852,-7.7454,1.2403,9.0213,12.102,6.1866,1.9419,1.2999,-1.8255
-4.0868,0.41001,7.2343,1.0892,-7.6211,1.7478,9.0924,12.458,6.5372,2.3042,1.8458,-1.6793
-2.8684,0.55437,5.9967,0.63795,-6.5639,1.4412,9.1638,12.72,6.8335,2.5587,2.3414,-1.4834
-1.3566,0.19543,3.6812,0.39503,-4.7921,0.45069,9.2074,12.902,7.1199,2.7183,2.7388,-1.3058
0.10576,-0.57288,0.82442,0.42193,-2.6955,-0.99121,9.2264,13.03,7.4157,2.8208,3.0188,-1.2137
1.1472,-1.6014,-1.9729,0.75341,-0.74751,-2.5944,9.2594,13.137,7.7128,2.9132,3.1855,-1.2573
1.4847,-2.7162,-4.1973,1.3751,0.63991,-4.0671,9.3647,13.249,7.9806,3.0281,3.2604,-1.4563
1.0195,-3.7537,-5.5348,2.2135,1.244,-5.1838,9.5946,13.366,8.179,3.1699,3.2723,-1.7959
-0.12858,-4.5872,-5.913,3.1438,1.0612,-5.8364,9.9722,13.466,8.2764,3.3155,3.2487,-2.2281
-1.6593,-5.1416,-5.4771,4.0117,0.27141,-6.0328,10.48,13.529,8.2661,3.4317,3.212,-2.6801
-3.1849,-5.3923,-4.5074,4.665,-0.81791,-5.8615,11.063,13.563,8.1701,3.4941,3.176,-3.0778
-4.3341,-5.357,-3.3608,4.9832,-1.8425,-5.4648,11.651,13.594,8.0285,3.4988,3.1451,-3.3657
-4.8285,-5.0855,-2.4319,4.8968,-2.4564,-5.0171,12.184,13.648,7.8813,3.4599,3.1161,-3.5259
-4.5162,-4.6515,-2.068,4.3953,-2.4073,-4.6839,12.651,13.726,7.7527,3.401,3.0846,-3.5792
-3.3736,-4.146,-2.4678,3.5328,-1.5951,-4.5735,13.082,13.81,7.6451,3.345,3.0485,-3.5731
-1.5069,-3.6654,-3.6256,2.4312,-0.082317,-4.7145,13.508,13.859,7.5377,3.3045,3.006,-3.5633
0.82794,-3.2961,-5.3558,1.2724,1.9254,-5.0732,13.913,13.81,7.393,3.2769,2.9516,-3.5932
3.2124,-3.1054,-7.3639,0.268,4.0951,-5.5867,14.239,13.584,7.1707,3.2468,2.8765,-3.6768
5.12,-3.1362,-9.2899,-0.38198,5.9977,-6.1797,14.414,13.128,6.8456,3.1952,2.7747,-3.7959
6.067,-3.3988,-10.738,-0.53036,7.1961,-6.7585,14.386,12.463,6.4218,3.11,2.6481,-3.9094
5.8089,-3.8604,-11.36,-0.11828,7.3805,-7.2102,14.145,11.694,5.9358,2.9922,2.5054,-3.9784
4.4288,-4.4437,-10.975,0.80041,6.4888,-7.4342,13.724,10.963,5.4488,2.856,2.3578,-3.9864
2.233,-5.042,-9.6683,2.0568,4.7303,-7.3808,13.198,10.38,5.031,2.7244,2.2157,-3.9489
-0.35962,-5.546,-7.7874,3.3924,2.5186,-7.0769,12.66,9.9794,4.7427,2.6213,2.0866,-3.9086
-2.7789,-5.8721,-5.8849,4.5101,0.39691,-6.6322,12.197,9.7184,4.6183,2.5624,1.9729,-3.9188
-4.3442,-5.979,-4.6019,5.1393,-1.0174,-6.2209,11.857,9.5067,4.6597,2.5512,1.8719,-4.0209
-4.5085,-5.8669,-4.4446,5.1036,-1.19,-6.0214,11.633,9.2419,4.845,2.5855,1.7836,-4.2239
-3.0854,-5.5648,-5.5934,4.3736,0.071146,-6.1323,11.487,8.8476,5.1458,2.6687,1.7205,-4.489
-0.35246,-5.1149,-7.8145,3.0907,2.5043,-6.5094,11.361,8.3172,5.543,2.8122,1.7103,-4.7341
2.9759,-4.5632,-10.456,1.5452,5.4419,-6.9608,11.205,7.7391,6.0264,3.0233,1.7829,-4.8625
5.9485,-3.9604,-12.609,0.10554,7.9839,-7.2094,10.977,7.2735,6.5793,3.286,1.9485,-4.8059
7.6984,-3.3636,-13.403,-0.88172,9.2813,-7.0014,10.651,7.0848,7.1662,3.5553,2.1868,-4.556
7.7164,-2.8335,-12.33,-1.1877,8.8248,-6.2152,10.228,7.2714,7.7359,3.7746,2.4536,-4.1662
5.9746,-2.4293,-9.4814,-0.76312,6.6379,-4.9265,9.7373,7.82,8.2397,3.9057,2.6987,-3.7263
2.9286,-2.2022,-5.551,0.24718,3.2707,-3.3989,9.2243,8.6021,8.6467,3.9451,2.8796,-3.3306
-0.58787,-2.1876,-1.5987,1.5459,-0.38107,-2.0033,8.7263,9.4155,8.9439,3.913,2.9651,-3.0544
-3.6208,-2.3922,1.3054,2.7783,-3.3344,-1.0956,8.2613,10.059,9.128,3.8297,2.935,-2.9403
-5.4328,-2.7863,2.4249,3.6496,-4.8454,-0.89957,7.8366,10.402,9.196,3.7027,2.7837,-2.9922
-5.7184,-3.3061,1.5854,4.0147,-4.6389,-1.4364,7.4605,10.423,9.1427,3.5262,2.5225,-3.181
-4.6023,-3.8658,-0.83404,3.9,-2.9073,-2.5225,7.1415,10.188,8.9564,3.2863,2.1763,-3.4614
-2.5352,-4.3775,-4.1011,3.4579,-0.19123,-3.8375,6.8801,9.8086,8.6185,2.9661,1.7754,-3.789
-0.17269,-4.7705,-7.3465,2.8921,2.7419,-5.0334,6.6687,9.386,8.1102,2.5553,1.3486,-4.1293
1.8336,-5.0004,-9.7385,2.3891,5.093,-5.8275,6.5058,8.9776,7.4327,2.0628,0.92256,-4.4563
3.0483,-5.0403,-10.698,2.0628,6.296,-6.0534,6.414,8.5806,6.6238,1.5272,0.52851,-4.7444
3.3233,-4.8605,-10.085,1.9237,6.1943,-5.6761,6.4409,8.1468,5.7561,1.0119,0.2057,-4.9617
2.7506,-4.4329,-8.1907,1.9018,4.9982,-4.7762,6.6319,7.6211,4.9165,0.58484,-0.0037009,-5.0728
1.5988,-3.7695,-5.5357,1.9034,3.1038,-3.5022,6.9912,6.9767,4.1762,0.29218,-0.068858,-5.0549
0.19703,-2.9508,-2.6178,1.8739,0.94344,-2.0465,7.457,6.2265,3.5663,0.14016,0.015496,-4.9137
-1.2133,-2.1183,0.14986,1.8387,-1.1388,-0.62704,7.9097,5.4103,3.0664,0.093915,0.22363,-4.6848
-2.5139,-1.4389,2.432,1.8829,-2.9337,0.54938,8.2069,4.5772,2.6195,0.09406,0.50475,-4.4231
-3.6634,-1.0608,4.0079,2.0941,-4.3162,1.3319,8.2352,3.7732,2.1659,0.083107,0.79734,-4.185
-4.6504,-1.0665,4.7848,2.5125,-5.2065,1.6477,7.9518,3.0369,1.677,0.028985,1.0461,-4.0093
-5.4231,-1.4416,4.767,3.096,-5.5553,1.4992,7.3966,2.3979,1.1704,-0.066541,1.2147,-3.905
-5.8295,-2.0726,4.012,3.7092,-5.3117,0.95085,6.6697,1.8785,0.69855,-0.1777,1.2879,-3.852
-5.6483,-2.7808,2.5991,4.1534,-4.4181,0.10927,5.8922,1.495,0.31586,-0.27512,1.266,-3.82
-4.6918,-3.3783,0.62743,4.2351,-2.8562,-0.89724,5.1733,1.2523,0.046074,-0.34436,1.156,-3.7861
-2.8992,-3.7244,-1.7618,3.8397,-0.69982,-1.9377,4.5929,1.1363,-0.13473,-0.39332,0.96616,-3.7443
-0.38469,-3.7653,-4.3635,2.981,1.8647,-2.9008,4.2015,1.1067,-0.28897,-0.44642,0.70655,-3.7032
2.5381,-3.5489,-6.9098,1.8107,4.5431,-3.7081,4.0167,1.0981,-0.48832,-0.53058,0.39037,-3.6716
5.3563,-3.2078,-9.0969,0.5871,6.9446,-4.318,4.0177,1.0326,-0.78135,-0.66133,0.034829,-3.6549
7.4512,-2.9114,-10.628,-0.38973,8.6312,-4.7177,4.1503,0.84526,-1.1759,-0.83897,-0.34255,-3.6543
8.2874,-2.8043,-11.262,-0.86376,9.2336,-4.9068,4.3489,0.51478,-1.6417,-1.053,-0.72788,-3.6728
7.5879,-2.9565,-10.867,-0.69514,8.5716,-4.884,4.5569,0.080682,-2.127,-1.2896,-1.1159,-3.7195
5.4221,-3.345,-9.4405,0.1063,6.6985,-4.6427,4.7333,-0.37223,-2.5802,-1.5365,-1.5089,-3.8079
2.1901,-3.8652,-7.1282,1.3885,3.887,-4.1797,4.849,-0.75551,-2.9676,-1.7834,-1.9108,-3.9475
-1.5054,-4.3735,-4.2315,2.9019,0.57574,-3.5192,4.8924,-1.0173,-3.2811,-2.0185,-2.3208,-4.1299
-5.0383,-4.7474,-1.2026,4.3685,-2.7161,-2.7362,4.8854,-1.1614,-3.5351,-2.2256,-2.7267,-4.3228
-7.8799,-4.9297,1.4352,5.5502,-5.4666,-1.9616,4.888,-1.2377,-3.756,-2.388,-3.1064,-4.4737
-9.6458,-4.9402,3.199,6.2901,-7.2377,-1.3607,4.9608,-1.3191,-3.9719,-2.496,-3.4354,-4.54
-10.106,-4.8578,3.7334,6.5169,-7.7362,-1.1077,5.1083,-1.4744,-4.2058,-2.5541,-3.6988,-4.5099
-9.1995,-4.7872,2.8856,6.2386,-6.8452,-1.3439,5.2531,-1.7424,-4.47,-2.5825,-3.9037,-4.4087
-7.0819,-4.8195,0.74038,5.5417,-4.6755,-2.1253,5.2598,-2.1145,-4.7633,-2.6093,-4.0803,-4.2884
-4.1329,-5.0034,-2.3871,4.5844,-1.5942,-3.3847,4.9913,-2.5365,-5.0701,-2.6594,-4.2622,-4.2065
-0.89516,-5.3314,-5.9823,3.5655,1.8305,-4.9262,4.3613,-2.935,-5.3644,-2.7435,-4.4725,-4.2053
2.0271,-5.7478,-9.4162,2.6838,4.9634,-6.4687,3.3629,-3.2558,-5.6149,-2.8519,-4.7083,-4.2987
4.0989,-6.1695,-12.084,2.0953,7.262,-7.7197,2.074,-3.4875,-5.7883,-2.9526,-4.937,-4.4585
4.996,-6.5105,-13.547,1.8792,8.3925,-8.457,0.63929,-3.6537,-5.8517,-2.9988,-5.104,-4.6241
4.6916,-6.7033,-13.642,2.0172,8.2875,-8.5901,-0.76526,-3.7828,-5.7773,-2.9431,-5.1498,-4.7221
3.4552,-6.7189,-12.536,2.3996,7.1576,-8.1805,-1.9803,-3.8839,-5.5516,-2.7563,-5.0334,-4.6928
1.7633,-6.5738,-10.677,2.8631,5.4438,-7.4156,-2.9054,-3.9436,-5.1865,-2.4409,-4.7521,-4.5177
0.14058,-6.324,-8.6533,3.2473,3.6899,-6.5456,-3.5236,-3.9482,-4.7227,-2.0344,-4.3485,-4.2253
-1.0185,-6.0459,-7.0141,3.447,2.3612,-5.8057,-3.9007,-3.9026,-4.2185,-1.5968,-3.8965,-3.8823
-1.5589,-5.8139,-6.102,3.4421,1.6926,-5.3478,-4.1615,-3.8331,-3.7263,-1.189,-3.4679,-3.5686
-1.5658,-5.6802,-5.9512,3.2955,1.6394,-5.2028,-4.447,-3.7769,-3.2709,-0.85117,-3.1059,-3.3468
-1.2904,-5.6642,-6.3002,3.126,1.9354,-5.2864,-4.8603,-3.7645,-2.8424,-0.59292,-2.8122,-3.2409
-1.0509,-5.7556,-6.7388,3.067,2.2222,-5.4503,-5.4254,-3.8022,-2.4081,-0.39537,-2.555,-3.2331
-1.1302,-5.9317,-6.9016,3.2242,2.1936,-5.5585,-6.0801,-3.8663,-1.9366,-0.22235,-2.2905,-3.2779
-1.6868,-6.1754,-6.6064,3.6414,1.6933,-5.5469,-6.7157,-3.9137,-1.4238,-0.037345,-1.9905,-3.3244
-2.6971,-6.4765,-5.9041,4.2825,0.76445,-5.4353,-7.2386,-3.9075,-0.90471,0.17769,-1.6535,-3.3426
-3.949,-6.8149,-5.0368,5.0349,-0.36061,-5.2994,-7.6107,-3.8401,-0.44348,0.41095,-1.3041,-3.3249
-5.1053,-7.1448,-4.3244,5.7333,-1.3492,-5.2241,-7.8482,-3.7449,-0.1092,0.62377,-0.98945,-3.2856
-5.8173,-7.3939,-4.0336,6.2033,-1.8923,-5.2595,-8.0004,-3.693,0.048305,0.76489,-0.77264,-3.2561
-5.8393,-7.4797,-4.2818,6.3085,-1.8043,-5.3985,-8.1281,-3.7747,0.011076,0.78818,-0.71423,-3.2815
-5.0972,-7.3372,-5.0041,5.9882,-1.0727,-5.5806,-8.2845,-4.0673,-0.20537,0.66769,-0.86179,-3.4103
-3.7017,-6.9398,-5.9779,5.272,0.14109,-5.7092,-8.4945,-4.5987,-0.55698,0.40696,-1.2328,-3.6797
-1.9213,-6.3088,-6.8915,4.2723,1.5422,-5.6811,-8.7392,-5.3253,-0.98563,0.040241,-1.8072,-4.0961
-0.12443,-5.5127,-7.4425,3.164,2.7848,-5.4245,-8.9555,-6.137,-1.4363,-0.37562,-2.5271,-4.6329
1.311,-4.6628,-7.4385,2.1484,3.5785,-4.9355,-9.059,-6.8938,-1.8765,-0.77741,-3.3075,-5.2327
2.0996,-3.8965,-6.8641,1.4084,3.777,-4.2912,-8.9856,-7.489,-2.3068,-1.115,-4.0575,-5.8238
2.1277,-3.3521,-5.8923,1.0685,3.4106,-3.6334,-8.7286,-7.9074,-2.756,-1.3656,-4.7052,-6.3414
1.4783,-3.1402,-4.836,1.1692,2.6627,-3.1342,-8.3467,-8.2414,-3.2575,-1.5358,-5.2148,-6.7446
0.39276,-3.3224,-4.0571,1.6645,1.8106,-2.9563,-7.938,-8.6373,-3.8216,-1.6538,-5.5922,-7.024
-0.81706,-3.8938,-3.8525,2.4387,1.1408,-3.2095,-7.6023,-9.2108,-4.4231,-1.7519,-5.8752,-7.1992
-1.8719,-4.7756,-4.3521,3.3401,0.85631,-3.9096,-7.4139,-9.985,-5.0075,-1.8519,-6.122,-7.3082
-2.6021,-5.8231,-5.4678,4.219,1.0128,-4.9537,-7.4028,-10.882,-5.5101,-1.9576,-6.3879,-7.3933
-2.9707,-6.855,-6.9125,4.9582,1.5091,-6.1334,-7.5465,-11.761,-5.8771,-2.0538,-6.6996,-7.4848
-3.0474,-7.697,-8.2897,5.486,2.134,-7.1901,-7.7751,-12.472,-6.0815,-2.115,-7.0323,-7.5899
-2.9568,-8.2239,-9.2285,5.7741,2.6519,-7.8968,-7.9984,-12.907,-6.131,-2.1211,-7.3135,-7.6918
-2.8174,-8.3867,-9.5129,5.8282,2.8975,-8.1349,-8.1462,-13.034,-6.0659,-2.0686,-7.4683,-7.7639
-2.6896,-8.2194,-9.1542,5.6787,2.8433,-7.9324,-8.2021,-12.9,-5.9416,-1.9768,-7.478,-7.7942
-2.5599,-7.8268,-8.3782,5.3743,2.5979,-7.4455,-8.2079,-12.618,-5.8119,-1.8852,-7.3961,-7.7948
-2.3704,-7.3556,-7.5336,4.9778,2.344,-6.8958,-8.2338,-12.322,-5.709,-1.8394,-7.31,-7.7965
-2.0688,-6.9531,-6.9596,4.562,2.2533,-6.4925,-8.3322,-12.104,-5.6344,-1.8709,-7.2835,-7.8253
-1.6541,-6.7234,-6.8629,4.2007,2.4124,-6.3658,-8.5,-11.978,-5.5596,-1.9803,-7.3287,-7.881
-1.1957,-6.6955,-7.2488,3.9551,2.7861,-6.5289,-8.6707,-11.869,-5.441,-2.1291,-7.404,-7.9327
-0.81515,-6.8196,-7.926,3.8597,3.23,-6.8789,-8.7397,-11.666,-5.2427,-2.2568,-7.4379,-7.932
-0.64109,-6.9984,-8.583,3.9156,3.5466,-7.2393,-8.6095,-11.284,-4.9571,-2.3047,-7.3631,-7.8347
-0.7567,-7.1337,-8.9102,4.0921,3.562,-7.4308,-8.2325,-10.711,-4.6161,-2.2409,-7.1481,-7.6233
-1.1638,-7.1571,-8.7196,4.3334,3.1966,-7.3365,-7.6273,-10.015,-4.2836,-2.0745,-6.8128,-7.3183
-1.7763,-7.0383,-8.0164,4.57,2.504,-6.9383,-6.867,-9.3181,-4.0318,-1.853,-6.4202,-6.9739
-2.4437,-6.7847,-6.9939,4.7363,1.6584,-6.3167,-6.0517,-8.7493,-3.9125,-1.6442,-6.0494,-6.6574
-2.9949,-6.4392,-5.9578,4.7889,0.89277,-5.6206,-5.2823,-8.3862,-3.9369,-1.5115,-5.7667,-6.4256
-3.2908,-6.067,-5.207,4.719,0.41432,-5.0141,-4.6389,-8.2221,-4.0748,-1.4919,-5.6053,-6.3071
-3.2655,-5.7312,-4.9192,4.5467,0.33515,-4.6182,-4.1636,-8.1695,-4.267,-1.5876,-5.56,-6.2971
-2.9349,-5.4668,-5.0871,4.3031,0.64332,-4.466,-3.8512,-8.1051,-4.45,-1.7718,-5.5971,-6.3675
-2.3758,-5.2576,-5.5275,4.0069,1.2152,-4.4852,-3.6622,-7.9353,-4.584,-2.0042,-5.6788,-6.486
-1.6902,-5.0239,-5.9562,3.6484,1.8612,-4.5186,-3.5568,-7.6413,-4.671,-2.2509,-5.7877,-6.6332
-0.96913,-4.6493,-6.1068,3.1939,2.3975,-4.3904,-3.5248,-7.2794,-4.7566,-2.5005,-5.9314,-6.8055
-0.26884,-4.0511,-5.8487,2.6162,2.72,-3.9967,-3.5827,-6.9468,-4.9087,-2.7643,-6.1293,-7.0041
0.39357,-3.2463,-5.2491,1.9313,2.8405,-3.3659,-3.7431,-6.7383,-5.1857,-3.0669,-6.3941,-7.2218
1.0248,-2.3706,-4.5559,1.2178,2.8707,-2.6596,-3.9885,-6.718,-5.6132,-3.4278,-6.7254,-7.4373
1.6335,-1.6443,-4.1239,0.60589,2.9745,-2.1285,-4.2673,-6.9047,-6.1739,-3.8472,-7.1053,-7.6236
2.2159,-1.2974,-4.3064,0.23556,3.3166,-2.0399,-4.5098,-7.2729,-6.8161,-4.3033,-7.5033,-7.7584
2.7534,-1.4847,-5.3276,0.20606,4.0124,-2.5807,-4.653,-7.7627,-7.4727,-4.7599,-7.889,-7.8346
3.2185,-2.2206,-7.1837,0.53655,5.0743,-3.7671,-4.6638,-8.2981,-8.079,-5.1761,-8.242,-7.8625
3.5841,-3.3578,-9.6067,1.1459,6.3786,-5.4091,-4.5505,-8.8099,-8.5868,-5.5147,-8.5511,-7.8642
3.8349,-4.6101,-12.105,1.8581,7.6843,-7.1465,-4.3606,-9.2564,-8.9711,-5.7448,-8.8019,-7.8616
3.9795,-5.6257,-14.099,2.4447,8.7005,-8.5485,-4.1654,-9.6303,-9.2307,-5.8477,-8.9644,-7.8644
4.0594,-6.1023,-15.113,2.701,9.1838,-9.2489,-4.0361,-9.9451,-9.3806,-5.8266,-8.993,-7.862
4.1427,-5.8977,-14.941,2.5246,9.0411,-9.0783,-4.0236,-10.208,-9.4396,-5.7073,-8.8462,-7.8278
4.2912,-5.0867,-13.715,1.9566,8.3942,-8.1329,-4.1467,-10.402,-9.4179,-5.5255,-8.5164,-7.7351
4.5102,-3.9429,-11.873,1.1738,7.536,-6.7409,-4.3908,-10.486,-9.3081,-5.3027,-8.0418,-7.5773
4.7135,-2.8471,-10.013,0.43521,6.7761,-5.3412,-4.7113,-10.407,-9.0822,-5.0351,-7.4859,-7.3752
4.7294,-2.1545,-8.6852,0.0022973,6.2744,-4.3274,-5.0426,-10.127,-8.7015,-4.7034,-6.9021,-7.1682
4.3521,-2.0814,-8.1388,0.061452,5.9682,-3.9189,-5.3104,-9.6325,-8.1393,-4.2878,-6.3136,-6.9964
3.4124,-2.6393,-8.2187,0.6744,5.6201,-4.0927,-5.4432,-8.9442,-7.3994,-3.7738,-5.7173,-6.8809
1.8372,-3.6237,-8.4462,1.7626,4.9347,-4.587,-5.3821,-8.1114,-6.5116,-3.156,-5.0958,-6.8115
-0.3169,-4.6734,-8.1825,3.1269,3.6666,-4.9864,-5.0937,-7.1935,-5.5182,-2.447,-4.4304,-6.7462
-2.863,-5.4054,-6.8415,4.505,1.7053,-4.8756,-4.5837,-6.2412,-4.4682,-1.6886,-3.7129,-6.6285
-5.516,-5.5584,-4.1522,5.6498,-0.86474,-4.0023,-3.8994,-5.2842,-3.4204,-0.95184,-2.9594,-6.4144
-7.9444,-5.0701,-0.36324,6.3929,-3.7502,-2.3909,-3.1165,-4.333,-2.4458,-0.32417,-2.2199,-6.0992
-9.8217,-4.0766,3.7963,6.6668,-6.4972,-0.35086,-2.316,-3.3956,-1.6218,0.11263,-1.5706,-5.7281
-10.877,-2.8446,7.4083,6.4943,-8.604,1.6405,-1.5609,-2.4995,-1.0178,0.30422,-1.0964,-5.3848
-10.95,-1.6702,9.7131,5.9643,-9.668,3.1223,-0.88107,-1.7029,-0.67846,0.23985,-0.86341,-5.1597
-10.027,-0.78505,10.348,5.2031,-9.5053,3.8125,-0.27305,-1.0832,-0.60949,-0.04276,-0.89506,-5.1135
-8.2506,-0.29517,9.3825,4.3402,-8.1907,3.6831,0.28053,-0.71026,-0.77415,-0.46901,-1.1618,-5.2522
-5.9041,-0.15618,7.2423,3.4772,-6.0328,2.9361,0.78114,-0.62099,-1.1053,-0.95297,-1.5882,-5.5261
-3.3807,-0.19902,4.6327,2.6727,-3.5246,1.9218,1.195,-0.80681,-1.5273,-1.4252,-2.0752,-5.8508
-1.1154,-0.20511,2.3679,1.9503,-1.2421,1.0519,1.4583,-1.2159,-1.978,-1.8511,-2.5283,-6.1391
0.52392,0.0030565,1.0757,1.3188,0.33498,0.70528,1.5042,-1.7662,-2.4237,-2.2325,-2.8808,-6.329
1.3418,0.49759,0.99697,0.78675,0.97751,1.08,1.2967,-2.3634,-2.8614,-2.5905,-3.1032,-6.3958
1.3608,1.2248,1.9172,0.36407,0.73392,2.0497,0.85659,-2.9222,-3.3047,-2.9386,-3.2001,-6.3479
0.79267,2.0191,3.2404,0.060833,-0.1211,3.2104,0.2668,-3.3871,-3.7619,-3.2656,-3.1954,-6.2117
-0.040514,2.6528,4.3353,-0.10667,-1.1694,4.1145,-0.34751,-3.7438,-4.2185,-3.5369,-3.1186,-6.0186
-0.81012,2.916,4.7715,-0.11137,-1.968,4.4554,-0.85857,-4.0122,-4.634,-3.7077,-2.9941,-5.7958
-1.2828,2.6843,4.273,0.077667,-2.1737,4.0858,-1.1786,-4.2228,-4.9509,-3.7395,-2.834,-5.5588
-1.3828,1.9422,2.7209,0.48128,-1.6297,2.9947,-1.2865,-4.3884,-5.1135,-3.6152,-2.6331,-5.3089
-1.1924,0.774,0.25478,1.0968,-0.41542,1.3133,-1.2258,-4.4887,-5.0879,-3.3466,-2.371,-5.036
-0.89838,-0.65407,-2.7052,1.8877,1.1664,-0.69985,-1.0743,-4.4768,-4.8765,-2.9706,-2.0251,-4.7209
-0.71181,-2.1261,-5.5733,2.7781,2.6873,-2.7096,-0.90246,-4.2988,-4.5193,-2.5351,-1.5852,-4.3366
-0.7882,-3.4226,-7.7872,3.6565,3.7497,-4.3775,-0.74314,-3.9237,-4.0844,-2.0856,-1.0599,-3.8579
-1.1666,-4.3628,-8.9769,4.3895,4.13,-5.4512,-0.58456,-3.3598,-3.6512,-1.6598,-0.47799,-3.2809
-1.7495,-4.8304,-9.0572,4.8475,3.8396,-5.8375,-0.38484,-2.663,-3.2933,-1.2873,0.11367,-2.6405
-2.3381,-4.7921,-8.2368,4.9391,3.0942,-5.6061,-0.10101,-1.926,-3.0646,-0.99164,0.65547,-2.0072
-2.7087,-4.3132,-6.9399,4.6436,2.2258,-4.943,0.28314,-1.2521,-2.9915,-0.7909,1.0872,-1.4678
-2.6968,-3.5561,-5.6749,4.0243,1.5774,-4.1048,0.74321,-0.72431,-3.0737,-0.69843,1.3609,-1.0994
-2.2514,-2.7405,-4.8961,3.2158,1.4038,-3.3654,1.2224,-0.38429,-3.2901,-0.72277,1.4498,-0.94924
-1.4423,-2.0741,-4.8737,2.3862,1.8041,-2.938,1.6593,-0.226,-3.6099,-0.86593,1.3523,-1.0231
-0.4224,-1.6866,-5.6069,1.6868,2.7013,-2.9032,2.0136,-0.20456,-4.0023,-1.1197,1.0923,-1.2821
0.6257,-1.59,-6.8299,1.2061,3.8696,-3.1859,2.2843,-0.25363,-4.4439,-1.4621,0.71523,-1.6518
1.5355,-1.6758,-8.1112,0.94772,5.0003,-3.5888,2.5088,-0.30596,-4.9149,-1.8574,0.28057,-2.0415
2.1782,-1.7542,-8.9916,0.84492,5.7893,-3.8638,2.7491,-0.31336,-5.3964,-2.2614,-0.14996,-2.3705
2.4657,-1.6312,-9.1081,0.80473,6.0104,-3.7895,3.0722,-0.26321,-5.8611,-2.6314,-0.52391,-2.5918
2.3476,-1.1907,-8.2802,0.76049,5.5564,-3.2378,3.5295,-0.1855,-6.2751,-2.9358,-0.80695,-2.7059
1.8084,-0.44837,-6.5546,0.70831,4.4508,-2.2278,4.1391,-0.14083,-6.6063,-3.1581,-0.98492,-2.7544
0.86862,0.4457,-4.2019,0.7073,2.836,-0.93337,4.8751,-0.18634,-6.8278,-3.2928,-1.0573,-2.7931
-0.40329,1.263,-1.6436,0.84324,0.94181,0.37752,5.6743,-0.33555,-6.9151,-3.3377,-1.0283,-2.8586
-1.8851,1.7909,0.67324,1.1802,-0.96023,1.4429,6.4563,-0.54102,-6.8441,-3.289,-0.90478,-2.9523
-3.4095,1.9188,2.3828,1.7224,-2.5962,2.0889,7.147,-0.71739,-6.5979,-3.145,-0.70015,-3.0457
-4.7659,1.6736,3.257,2.3937,-3.7201,2.263,7.6971,-0.79135,-6.1803,-2.9106,-0.43757,-3.0945
-5.694,1.1993,3.219,3.0409,-4.1361,2.022,8.088,-0.74496,-5.625,-2.6054,-0.14798,-3.0565
-5.9189,0.69947,2.3242,3.4699,-3.7147,1.4917,8.3255,-0.61408,-4.9908,-2.2617,0.1366,-2.9065
-5.2401,0.36618,0.72229,3.5128,-2.4338,0.82447,8.4237,-0.46099,-4.345,-1.9168,0.39243,-2.6425
-3.6166,0.31348,-1.3662,3.0943,-0.42113,0.1659,8.3871,-0.33409,-3.7412,-1.6023,0.61214,-2.2842
-1.2169,0.54019,-3.637,2.2659,2.0443,-0.37531,8.2053,-0.23924,-3.2031,-1.3337,0.80842,-1.8666
1.5552,0.9479,-5.7143,1.1971,4.5478,-0.74652,7.8599,-0.13598,-2.722,-1.103,1.014,-1.4253
4.0948,1.4143,-7.2192,0.13031,6.5777,-0.92675,7.3397,0.041491,-2.2703,-0.87961,1.2701,-0.97775
5.7387,1.8728,-7.7822,-0.68318,7.623,-0.85967,6.6568,0.35014,-1.8256,-0.62651,1.6092,-0.51131
5.9757,2.3262,-7.055,-1.0482,7.3135,-0.42186,5.8496,0.80517,-1.3929,-0.32452,2.0347,0.0053336
4.6289,2.8091,-4.8528,-0.8739,5.5354,0.49856,4.9784,1.3607,-1.0144,0.009125,2.5096,0.5945
1.9278,3.3436,-1.3443,-0.19387,2.4962,1.8844,4.1067,1.9156,-0.75819,0.32094,2.9649,1.2451
-1.5749,3.9212,2.9291,0.84193,-1.2817,3.5594,3.2947,2.3471,-0.68889,0.54207,3.3254,1.9075
-5.1701,4.4988,7.1865,1.9999,-5.0727,5.2459,2.6039,2.5635,-0.82896,0.61973,3.542,2.5106
-8.1363,5.0114,10.611,3.0148,-8.1161,6.6516,2.1004,2.5539,-1.1434,0.54137,3.6108,2.992
-9.8793,5.4043,12.586,3.6491,-9.8172,7.5508,1.8489,2.409,-1.5528,0.33871,3.5698,3.3288
-10.061,5.6793,12.865,3.7425,-9.8944,7.8508,1.8943,2.2827,-1.9657,0.073509,3.4784,3.5524
-8.6575,5.9248,11.617,3.2436,-8.4139,7.6294,2.2443,2.3198,-2.3106,-0.18457,3.3967,3.7373
-5.9508,6.3102,9.3593,2.2236,-5.7478,7.1333,2.8638,2.5747,-2.5558,-0.37847,3.3716,3.9705
-2.5201,7.0607,6.8476,0.86397,-2.5118,6.7343,3.6877,2.985,-2.7132,-0.4762,3.4316,4.3162
0.85362,8.4503,4.8967,-0.60279,0.5607,6.8511,4.6467,3.4072,-2.8184,-0.4703,3.5903,4.794
3.4151,10.813,4.1468,-1.992,2.842,7.8521,5.6944,3.6911,-2.8935,-0.36657,3.8579,5.3779
4.6838,14.402,4.8078,-3.2334,3.9822,9.9282,6.8245,3.7521,-2.9169,-0.16572,4.2551,6.0176
4.5778,18.924,6.5576,-4.3005,3.9012,12.945,8.0772,3.6127,-2.8193,0.14533,4.8133,6.6653
3.3954,23.472,8.8795,-5.0831,2.7277,16.444,9.5314,3.4007,-2.5077,0.59042,5.5516,7.2919
1.71,27.493,11.554,-5.5243,0.77542,20.098,11.282,3.3043,-1.9007,1.1909,6.4485,7.8884
0.1926,31.17,14.634,-5.9142,-1.5511,24.057,13.399,3.5044,-0.95864,1.9536,7.4453,8.4602
-0.62724,34.947,18.128,-6.8553,-3.8999,28.584,15.887,4.1164,0.30454,2.8694,8.486,9.0285
-0.56426,39.198,22.235,-8.9698,-6.0225,33.769,18.662,5.1619,1.8304,3.9192,9.5578,9.6354
0.17762,44.104,27.439,-12.678,-7.8272,39.539,21.571,6.5715,3.5382,5.0767,10.688,10.337
1.1372,49.612,33.91,-18.049,-9.4813,45.673,24.441,8.2142,5.3457,6.3082,11.916,11.183
1.8031,55.451,41.372,-24.518,-11.332,51.86,27.138,9.9521,7.1906,7.5757,13.272,12.196
1.792,61.194,49.308,-30.701,-13.691,57.782,29.585,11.698,9.0258,8.8401,14.765,13.367
0.93508,66.364,57.076,-35.152,-16.662,63.141,31.762,13.436,10.792,10.054,16.357,14.659
-0.68533,70.629,63.975,-37.539,-19.997,67.658,33.677,15.165,12.385,11.149,17.933,16.004
-2.6654,74.01,69.31,-38.56,-23.06,71.148,35.335,16.757,13.668,12.04,19.314,17.32
-4.2923,76.935,72.591,-39.184,-25.048,73.618,36.728,17.888,14.543,12.653,20.339,18.535
-4.7633,80.001,73.675,-40.252,-25.404,75.287,37.835,18.393,14.993,12.969,20.967,19.631
-3.5279,83.614,72.848,-42.265,-24.064,76.521,38.636,18.617,15.041,13.048,21.298,20.649
-0.52448,87.771,70.725,-45.193,-21.389,77.703,39.11,19.039,14.725,13.001,21.515,21.68
3.942,92.197,68.081,-48.64,-17.975,79.128,39.179,19.766,14.09,12.933,21.796,22.825
9.3583,96.6,65.608,-52.323,-14.397,80.922,38.669,20.472,13.188,12.885,22.241,24.154
14.948,100.74,63.668,-56.199,-11.035,83.031,37.325,20.579,12.071,12.84,22.841,25.678
19.783,104.39,62.624,-60.015,-8.2852,85.304,34.892,19.564,10.784,12.749,23.499,27.335
22.948,107.46,62.983,-63.158,-6.7464,87.63,31.173,17.233,9.3633,12.55,24.071,29.003
23.758,109.94,65.052,-65.065,-6.9831,89.999,26.065,13.756,7.8451,12.191,24.423,30.54
22.101,111.9,68.878,-65.48,-9.3052,92.476,19.642,9.5341,6.2787,11.652,24.481,31.841
18.537,113.35,74.237,-64.433,-13.481,95.134,12.244,5.0494,4.7312,10.961,24.266,32.886
13.935,114.22,80.611,-62.19,-18.524,97.929,4.4654,0.75413,3.2763,10.192,23.883,33.737
8.9891,114.36,87.553,-59.181,-23.275,100.56,-2.962,-3.01,1.9741,9.434,23.468,34.489
4.1884,113.63,94.388,-55.923,-27.231,102.51,-9.3614,-6.0709,0.85303,8.7444,23.126,35.21
0.17499,112.1,99.57,-53.011,-30.188,103.25,-14.352,-8.4457,-0.093274,8.1154,22.894,35.908
-2.2514,110.06,101.66,-51.09,-31.688,102.48,-17.995,-10.32,-0.90338,7.4803,22.732,36.551
-2.4466,107.85,100.2,-50.563,-31.221,100.23,-20.702,-12.005,-1.6327,6.7632,22.527,37.079
-0.27348,105.58,95.252,-51.361,-28.543,96.705,-23.006,-13.863,-2.3423,5.9296,22.152,37.416
3.761,103.14,87.211,-53.067,-23.865,92.196,-25.322,-16.122,-3.0862,4.9942,21.528,37.491
8.6596,100.39,76.94,-55.1,-17.856,87.03,-27.768,-18.629,-3.8964,3.9956,20.659,37.259
13.271,97.159,65.705,-56.813,-11.427,81.549,-30.167,-20.891,-4.7797,2.9762,19.606,36.724
16.727,93.327,54.872,-57.635,-5.477,76.075,-32.211,-22.483,-5.7264,1.978,18.464,35.944
18.677,88.86,45.545,-57.132,-0.7447,70.83,-33.633,-23.332,-6.7214,1.0386,17.326,35.011
19.12,83.863,38.355,-55.001,2.268,65.873,-34.31,-23.652,-7.7467,0.18293,16.255,34.028
18.16,78.547,33.335,-51.238,3.4519,61.093,-34.285,-23.754,-8.7797,-0.58941,15.255,33.062
16.034,73.098,29.864,-46.39,3.1632,56.349,-33.739,-23.899,-9.7951,-1.2993,14.255,32.09
13.144,67.578,27.015,-41.268,2.011,51.661,-32.914,-24.196,-10.773,-1.9749,13.145,30.96
9.9169,61.979,24.819,-36.404,0.51529,47.222,-32.024,-24.592,-11.71,-2.6435,11.845,29.448
6.7271,56.344,23.996,-31.997,-1.046,43.184,-31.172,-24.948,-12.622,-3.3381,10.365,27.358
3.8587,50.755,23.435,-27.912,-2.5027,39.466,-30.336,-25.155,-13.55,-4.1072,8.7974,24.618
1.2503,45.201,22.247,-23.715,-3.7052,35.794,-29.421,-25.217,-14.55,-5.0129,7.2346,21.33
-1.2793,39.541,20.67,-18.903,-4.5607,31.949,-28.309,-25.252,-15.669,-6.1191,5.7168,17.742
-3.5441,33.675,18.94,-13.208,-5.0411,27.948,-26.906,-25.422,-16.921,-7.4788,4.241,14.151
-5.1765,27.754,17.053,-7.1538,-5.1665,23.975,-25.216,-25.83,-18.273,-9.1205,2.7903,10.78
-5.9863,22.111,15.048,-2.1306,-5.0042,20.222,-23.39,-26.455,-19.645,-11.037,1.3497,7.7199
-5.9864,17.043,13.155,0.96762,-4.6715,16.84,-21.674,-27.156,-20.943,-13.187,-0.087871,4.9647
-5.3097,12.819,11.683,2.2741,-4.3197,13.974,-20.312,-27.735,-22.1,-15.523,-1.5172,2.4911
-4.1813,9.6866,10.846,2.2874,-4.1019,11.778,-19.473,-28.039,-23.115,-18.032,-2.9243,0.31328
-2.9006,7.7225,10.675,1.5302,-4.1316,10.347,-19.213,-28.037,-24.072,-20.758,-4.3023,-1.5285
-1.8051,6.7155,11.002,0.51737,-4.4455,9.6025,-19.462,-27.843,-25.109,-23.768,-5.6669,-3.0194
-1.2151,6.2096,11.495,-0.27717,-4.9937,9.2377,-20.038,-27.691,-26.374,-27.091,-7.0614,-4.1902
-1.363,5.673,11.746,-0.49358,-5.6626,8.8249,-20.693,-27.822,-27.962,-30.65,-8.5518,-5.0883
-2.3162,4.7042,11.415,0.048979,-6.3094,8.0026,-21.185,-28.381,-29.884,-34.256,-10.216,-5.748
-3.9325,3.1498,10.339,1.3272,-6.7972,6.6133,-21.341,-29.353,-32.06,-37.642,-12.117,-6.1899
-5.8906,1.1087,8.5677,3.1211,-7.0234,4.7328,-21.086,-30.592,-34.334,-40.563,-14.242,-6.437
-7.7849,-1.1289,6.332,5.0686,-6.9332,2.6109,-20.442,-31.877,-36.511,-42.892,-16.429,-6.5277
-9.2287,-3.1897,3.9567,6.7773,-6.5141,0.56812,-19.518,-32.987,-38.42,-44.647,-18.403,-6.5176
-9.9355,-4.7559,1.7526,7.9413,-5.7892,-1.1173,-18.474,-33.761,-39.956,-45.947,-19.945,-6.4797
-9.7738,-5.6723,-0.071324,8.4038,-4.8201,-2.3019,-17.447,-34.127,-41.102,-46.935,-21.026,-6.5001
-8.7919,-5.9582,-1.445,8.1566,-3.7055,-3.0082,-16.462,-34.092,-41.9,-47.74,-21.783,-6.6604
-7.1985,-5.7317,-2.4238,7.3175,-2.5659,-3.3528,-15.398,-33.709,-42.405,-48.442,-22.399,-7.0079
-5.2992,-5.1354,-3.1053,6.1035,-1.5377,-3.4215,-14.04,-33.024,-42.63,-49.057,-23.011,-7.5345
-3.4302,-4.3267,-3.5046,4.7908,-0.77824,-3.237,-12.199,-32.029,-42.508,-49.537,-23.676,-8.1795
-1.9225,-3.4868,-3.5306,3.6551,-0.45014,-2.8355,-9.8436,-30.624,-41.89,-49.789,-24.388,-8.8603
-1.0753,-2.7877,-3.0906,2.9148,-0.67737,-2.3036,-7.1328,-28.645,-40.581,-49.705,-25.144,-9.5221
-1.1006,-2.3349,-2.171,2.6914,-1.5071,-1.7332,-4.2693,-26.038,-38.438,-49.2,-26.041,-10.201
-2.0694,-2.1449,-0.81572,2.9939,-2.9201,-1.1755,-1.3187,-23.515,-35.552,-48.218,-27.362,-11.127
-3.9444,-2.1768,0.93253,3.7565,-4.8728,-0.63985,1.7189,-25.162,-32.715,-46.705,-29.568,-13.104
-6.7228,-2.3826,3.0424,4.9294,-7.318,-0.12129,3.0277,-38.865,-32.53,-44.575,-32.949,-18.676
-10.569,-2.7345,5.4694,6.5286,-10.198,0.37136,-2.1035,-34.542,-37.663,-41.665,-36.417,-23.015
-15.729,-3.225,8.1687,8.576,-13.414,0.80408,3.6527,-18.001,-34.427,-37.659,-37.483,-24.809
-21.904,-3.8526,11.144,10.914,-16.792,1.1279,13.628,-0.2895,-25.137,-32.108,-38.038,-27.362
-27.652,-4.6061,14.438,12.986,-20.034,1.3073,24.176,17.114,-16.045,-25.786,-39.482,-30.931
-31.386,-5.4868,17.901,14.048,-22.684,1.3904,35.074,34.482,-7.1784,-27.143,-41.734,-35.62
-32.803,-6.6166,20.879,14.387,-24.244,1.7884,47.1,53.884,2.9297,-34.671,-44.767,-41.587
-34.885,-9.9358,22.576,19.125,-24.635,3.4366,62.179,78.888,16.693,-33.508,-50.282,-50.276
-49.233,-32.191,22.86,44.965,-24.696,-2.6238,83.622,115.2,37.199,-30.899,-60.036,-66.056
-56.624,-39.705,22.332,50.169,-26.134,-12.074,115.81,170.09,68.323,-26.651,-78.045,-93.382
-59.83,-44.251,22.038,53.442,-30.785,-14.963,160.61,245.34,113.17,-20.955,-107.06,-134.12
-65.162,-46.512,23.063,56.796,-39.711,-13.1,215.5,333.34,171.68,-12.963,-146.26,-186.84
-71.838,-44.144,27.01,59.206,-50.28,-5.8572,275.01,428.52,240.22,-0.15118,-190.62,-246.01
-76.19,-33.512,38.362,56.778,-60.632,7.6834,331.57,525.83,317.72,22.281,-230.04,-301.33
-72.375,-12.159,57.928,44.76,-66.756,27.627,377.01,619.43,408.02,61.847,-250.38,-339.31
-54.834,20.794,76.311,19.594,-64.298,52.785,404.34,702.88,514.79,128.22,-235.83,-345.81
-20.547,66.731,88.749,-21.433,-51.715,81.826,408.79,773.76,642.14,231.44,-170.87,-307.28
31.403,127.78,97.188,-79.567,-31.137,114.33,387.06,831.5,791.35,379.62,-42.353,-211.16
100.86,203.32,103.54,-153.38,-1.6808,151,335.9,871.78,954.85,574.1,156.28,-50.088
184.54,289.8,108.09,-239.34,37.364,192.89,253.1,882.91,1113.1,805.8,421.44,175
275.06,383.67,113,-331.81,80.906,241.13,140.5,847,1235.9,1054.8,738.07,454.82
361.69,481.45,122.84,-423.24,119.09,297.03,4.2792,744.75,1287.7,1292.3,1079.9,770.57
432.65,576.25,144.28,-504.8,143.89,358.15,-146.47,562.65,1237.2,1484.5,1411.1,1094.3
478.16,657.6,178.55,-567.37,150.16,416.56,-299.76,300.51,1068.8,1599.4,1691.2,1391.7
493.29,715.49,220.33,-603.57,137.84,466.75,-441.35,-24.124,789.2,1613.2,1881.2,1627.7
479.78,741.77,259.58,-609.93,112.55,500.5,-557.39,-377.59,427.41,1514.5,1951.8,1772.6
445.1,731.3,283.88,-587.42,83.934,508.44,-638.23,-718.01,25.743,1305.9,1889,1808.7
399.05,684.48,283.62,-541.1,61.525,485.3,-680.97,-1007,-375.32,1002.1,1697.1,1734
350.33,609.07,257.29,-479.15,50.365,434.36,-689.41,-1221.2,-745.82,627.26,1397,1561.9
304.04,518.84,213.19,-410.9,47.752,366.94,-672.24,-1356.7,-1066.4,211.09,1021.4,1317.2
261.04,428.57,165.82,-344.24,45.395,297.35,-640.87,-1427.2,-1328.1,-213.24,609.29,1029.9
219.1,348.37,128.6,-283.32,39.774,236.97,-606.85,-1454.6,-1530.2,-612.5,199.61,729.27
175.37,280.35,107.22,-227.76,29.627,190.28,-578.97,-1460.5,-1676.1,-956.72,-173.04,440.17
128.47,219.33,97.291,-173.9,17.643,153.45,-561.81,-1459.1,-1768.9,-1223.1,-482.34,181.02
79.28,156.2,87.185,-117.37,10.875,116.58,-556.57,-1454.8,-1811.2,-1399.5,-712.93,-36.718
30.452,83.445,65.201,-55.777,6.2011,70.047,-562.26,-1444.2,-1805.5,-1486.9,-861.36,-207.42
-14.535,0.76575,27.238,9.0099,-0.90549,11.146,-575.07,-1420.4,-1756.5,-1496.8,-934.76,-329.86
-52.353,-83.371,-21.298,70.608,-3.754,-53.838,-590.28,-1377.3,-1671.5,-1447.5,-947.23,-406.45
-80.338,-155.5,-68.785,120.2,-3.8587,-112.95,-603.2,-1311.7,-1559.2,-1358.2,-915.44,-442.56
-96.909,-203.91,-102.33,150.27,-2.9579,-154.4,-609.16,-1223.8,-1427.9,-1245.6,-855.08,-445.75
-102.44,-223.88,-114.56,158.85,-1.7971,-171.73,-604.22,-1116.4,-1285.8,-1122.1,-778.96,-424.82
-98.895,-219.94,-108.11,150.85,-0.7675,-166.22,-585.31,-993.42,-1141.8,-995.66,-696.59,-388.94
-88.793,-202.59,-91.975,133.19,0.12054,-145.8,-551.06,-860.72,-998.82,-871.41,-614.56,-346.62
-75.002,-174.78,-74.576,111.46,1.1284,-120.89,-502.44,-725.34,-856.87,-752.8,-536.99,-304.7
-59.004,-143.97,-62.119,90.289,2.5256,-99.745,-442.87,-593.9,-719.64,-642.49,-465.91,-267.37
-42.36,-118.37,-57.062,72.803,4.4248,-86.007,-377.85,-471.29,-592.22,-543.95,-401.58,-236.03
-26.953,-99.514,-57.822,59.809,6.7478,-78.759,-313.54,-362.98,-478.21,-455.24,-343.66,-209.37
-13.6,-85.446,-59.913,50.075,9.209,-74.929,-254.65,-273.1,-379.29,-374.01,-291.33,-183.9
-3.6926,-73.358,-58.015,42.217,11.34,-69.945,-203.54,-200.21,-295.48,-302.44,-243.07,-159.13
2.3278,-63.068,-54.771,36.335,12.628,-60.425,-159.78,-140.46,-225.35,-241.05,-198.78,-136.33
4.7964,-55.828,-51.665,31.973,12.699,-55.073,-121,-91.011,-166.63,-189.19,-159.13,-114.71
4.4547,-50.361,-46.649,28.235,11.482,-51.683,-88.012,-51.052,-117.11,-146.14,-125.4,-91.763
2.5663,-46.513,-38.676,25.025,9.2446,-48.417,-63.936,-19.954,-75.397,-111.38,-98.631,-70.187
0.29487,-43.597,-29.271,22.099,6.509,-44.268,-48.41,3.3995,-41.135,-84.33,-79.134,-54.386
-1.5985,-39.919,-21.206,17.787,3.8701,-39.235,-39.185,20.345,-14.534,-63.982,-66.231,-45.415
-2.8304,-35.412,-15.392,13.749,1.765,-34.56,-33.904,32.476,4.9973,-48.743,-58.317,-41.973
-3.5105,-31.189,-11.442,11.212,0.33785,-30.916,-30.687,41.515,18.934,-36.814,-53.268,-41.838
-3.9367,-27.863,-8.8804,9.6119,-0.49354,-28.352,-28.703,47.773,28.847,-26.985,-49.124,-42.711
-4.381,-25.606,-7.37,8.8213,-0.88385,-26.713,-27.606,44.079,36.113,-18.874,-44.708,-42.76
-5.0144,-24.35,-6.7082,8.8426,-1.0126,-25.756,-24.057,36.553,41.703,-12.355,-39.781,-40.652
-5.9007,-23.806,-6.7248,9.5132,-1.0812,-25.17,-17.148,36.29,44.457,-7.3551,-34.63,-35.456
-6.9062,-23.542,-7.1709,10.495,-1.1719,-24.639,-10.911,40.616,44.51,-3.6872,-29.858,-29.252
-7.6507,-23.134,-7.8027,11.327,-1.1313,-23.963,-6.512,48.205,47.983,-0.64938,-25.751,-24.426
-7.6517,-22.308,-8.5427,11.568,-0.67319,-23.115,-3.3569,58.988,56.015,1.7088,-21.597,-20.928
-6.5318,-20.997,-9.4676,10.957,0.43241,-22.179,-0.86612,71.861,66.823,4.2212,-17.501,-18.421
-4.1593,-19.306,-10.672,9.4845,2.2513,-21.269,1.2945,84.214,77.393,7.3441,-13.993,-16.618
-0.76957,-17.45,-12.132,7.3884,4.6246,-20.478,3.2842,94.06,85.558,11.148,-11.175,-15.213
2.9785,-15.703,-13.62,5.1013,7.1259,-19.846,5.1632,101.26,91.364,15.52,-8.8278,-13.939
6.1509,-14.331,-14.726,3.1445,9.1191,-19.346,6.9438,106.63,95.776,20.209,-6.6835,-12.622
7.852,-13.508,-14.982,1.982,9.9663,-18.881,8.6195,110.96,99.614,24.912,-4.5629,-11.189
7.5336,-13.221,-14.031,1.8758,9.2627,-18.304,10.177,114.78,103.37,29.396,-2.4063,-9.6616
5.1827,-13.244,-11.774,2.7824,6.9639,-17.469,11.601,118.29,107.26,33.565,-0.25479,-8.1281
1.3263,-13.258,-8.4527,4.362,3.4195,-16.322,12.872,121.5,111.33,37.45,1.7982,-6.7039
-3.1577,-13.057,-4.6214,6.147,-0.69517,-14.951,13.968,124.34,115.5,41.169,3.6661,-5.4914
-7.32,-12.641,-0.99408,7.7237,-4.5685,-13.566,14.863,126.79,119.63,44.871,5.3069,-4.5497
-10.373,-12.089,1.7698,8.7802,-7.4774,-12.398,15.542,128.93,123.54,48.65,6.7261,-3.8929
-11.836,-11.444,3.2444,9.1176,-8.9466,-11.605,16.004,130.87,127.14,52.445,7.9629,-3.5053
-11.557,-10.72,3.3209,8.6767,-8.8227,-11.246,16.259,132.71,130.35,56.023,9.065,-3.3533
-9.6579,-9.9562,2.1806,7.5348,-7.2782,-11.287,16.322,134.53,133.23,59.094,10.054,-3.388
-6.5152,-9.2332,0.17898,5.8891,-4.7193,-11.65,16.22,136.38,135.84,61.473,10.9,-3.5526
-2.7266,-8.6481,-2.2986,4.0244,-1.6319,-12.263,16.007,138.25,138.29,63.165,11.525,-3.7996
1.116,-8.2832,-4.9429,2.2479,1.5487,-13.097,15.76,140.14,140.64,64.313,11.857,-4.1034
4.5749,-8.1809,-7.5505,0.81728,4.4962,-14.152,15.573,142.02,142.93,65.129,11.885,-4.4519
7.2928,-8.3353,-9.9802,-0.10133,6.975,-15.419,15.54,143.89,145.16,65.82,11.682,-4.8211
8.9703,-8.708,-12.099,-0.4348,8.8048,-16.848,15.723,145.73,147.27,66.546,11.379,-5.1601
9.4938,-9.2559,-13.769,-0.17633,9.8802,-18.359,16.129,147.55,149.2,67.387,11.108,-5.4063
9.0175,-9.9454,-14.901,0.62048,10.201,-19.859,16.707,149.34,150.89,68.328,10.968,-5.5138
7.8572,-10.742,-15.53,1.8153,9.8539,-21.258,17.365,151.1,152.29,69.287,11.004,-5.4702
6.3339,-11.585,-15.834,3.1827,8.9972,-22.467,18.008,152.82,153.42,70.17,11.23,-5.2968
4.7455,-12.368,-16.008,4.4604,7.896,-23.407,18.579,154.53,154.36,70.919,11.638,-5.0404
3.41,-12.938,-16.153,5.4058,6.9089,-24.024,19.097,156.25,155.29,71.541,12.205,-4.7597
2.6362,-13.139,-16.249,5.8286,6.3211,-24.289,19.639,158.05,156.36,72.101,12.887,-4.5073
2.6218,-12.836,-16.154,5.6055,6.1708,-24.159,20.28,160,157.72,72.703,13.636,-4.3114
3.3581,-11.922,-15.597,4.702,6.2659,-23.558,21.033,162.13,159.41,73.455,14.436,-4.1601
4.6059,-10.382,-14.253,3.2135,6.316,-22.422,21.825,164.42,161.38,74.447,15.332,-3.9952
5.9644,-8.3473,-11.944,1.3843,6.0427,-20.756,22.535,166.8,163.58,75.73,16.417,-3.728
7.0011,-6.0837,-8.791,-0.4339,5.2612,-18.582,23.058,169.19,166,77.332,17.791,-3.2782
7.3959,-3.9367,-5.2694,-1.8716,3.9686,-16.006,23.359,171.59,168.62,79.262,19.514,-2.6107
7.06,-2.2957,-2.163,-2.6379,2.4213,-13.416,23.49,174.06,171.5,81.5,21.586,-1.745
6.168,-1.5277,-0.29634,-2.5931,1.0915,-11.445,23.563,176.75,174.71,83.984,23.939,-0.7301
5.0758,-1.8487,-0.19421,-1.7804,0.45588,-10.648,23.706,179.84,178.31,86.629,26.458,0.40067
4.1849,-3.2043,-1.9551,-0.41678,0.77473,-11.209,24.021,183.49,182.39,89.388,29.041,1.6585
3.8203,-5.2429,-5.2331,1.1501,2.0003,-12.849,24.552,187.8,186.99,92.294,31.644,3.0794
4.1275,-7.4037,-9.2441,2.5227,3.7962,-14.927,25.274,192.71,192.1,95.436,34.285,4.6726
4.9858,-9.0959,-12.906,3.3812,5.6353,-16.684,26.106,198.06,197.57,98.9,37.016,6.4112
6.019,-9.8721,-15.145,3.5932,6.9567,-17.488,26.959,203.62,203.16,102.71,39.902,8.2891
6.8352,-9.5012,-15.244,3.1837,7.3651,-16.949,27.762,209.11,208.62,106.79,43,10.35
7.359,-7.9711,-13.097,2.1898,6.7903,-15.032,28.487,214.29,213.76,111.01,46.327,12.638
7.8497,-5.4945,-9.267,0.62559,5.4949,-12.097,29.144,218.97,218.5,115.18,49.849,15.142
8.5995,-2.5139,-4.7916,-1.3729,3.939,-8.8072,29.774,223.17,222.93,119.19,53.48,17.779
9.7171,0.35004,-0.81428,-3.4648,2.608,-5.9577,30.407,227.17,227.31,123.02,57.099,20.432
11.154,2.4736,1.7577,-5.2205,1.8624,-4.2279,31.035,231.38,231.95,126.79,60.585,22.992
12.878,3.4497,2.4759,-6.3206,1.8649,-3.9275,31.601,236.26,237.14,130.69,63.894,25.368
15.03,3.171,1.4385,-6.7044,2.598,-4.9175,32.033,242.09,243.04,134.91,67.105,27.501
17.7,1.7898,-0.80651,-6.6009,3.8989,-6.704,32.282,248.94,249.49,139.54,70.375,29.39
20.296,-0.3139,-3.5353,-6.4036,5.4553,-8.716,32.35,256.47,256.09,144.51,73.827,31.113
21.83,-2.5871,-6.1135,-6.4057,6.8522,-10.562,32.272,263.99,262.41,149.58,77.462,32.786
22.238,-4.46,-8.1832,-6.7158,7.7853,-12.048,32.086,270.81,268.37,154.52,81.208,34.531
22.422,-5.5301,-9.7476,-7.5317,8.3047,-13.089,31.813,276.72,274.25,159.3,85.036,36.498
23.359,-5.6377,-11.033,-9.2409,8.8297,-13.674,31.444,282.14,280.46,164.05,88.997,38.893
25.722,-4.8197,-12.347,-12.128,9.9117,-13.857,30.948,287.84,287.32,168.9,93.149,41.85
29.93,-3.2357,-13.905,-16.113,11.901,-13.711,30.276,294.6,294.99,173.94,97.481,45.24
35.926,-1.1306,-15.643,-20.755,14.706,-13.289,29.385,302.85,303.45,179.18,101.92,48.729
42.806,1.2031,-17.185,-25.448,17.782,-12.615,28.259,312.5,312.48,184.61,106.39,52.083
49.117,3.4979,-17.956,-29.688,20.345,-11.66,26.942,322.97,321.72,190.17,110.84,55.3
53.516,5.5741,-17.377,-33.225,21.732,-10.353,25.529,333.44,330.79,195.78,115.26,58.538
55.333,7.3575,-15.127,-35.995,21.689,-8.6511,24.136,343.27,339.42,201.36,119.63,61.99
54.753,8.8624,-11.344,-38.005,20.438,-6.6254,22.854,352.14,347.59,206.84,123.87,65.776
52.512,10.159,-6.6531,-39.345,18.502,-4.4841,21.713,360.11,355.42,212.13,127.9,69.864
49.762,11.335,-1.9876,-40.264,16.47,-2.5307,20.688,367.46,363.17,217.24,131.78,74.08
47.708,12.459,1.7046,-41.025,14.935,-1.0722,19.731,374.55,371.11,222.22,135.64,78.204
46.882,13.546,3.7128,-41.772,14.509,-0.33114,18.816,381.77,379.42,227.18,139.68,82.103
47.397,14.58,3.713,-42.628,15.628,-0.39056,17.965,389.42,388.14,232.23,144.01,85.802
49.532,15.579,1.8187,-43.768,18.416,-1.1767,17.248,397.57,397.04,237.46,148.69,89.475
53.372,16.652,-1.4941,-45.311,22.706,-2.4817,16.736,406.06,405.62,242.88,153.75,93.37
58.449,18.011,-5.5587,-47.236,28.015,-4.024,16.446,414.62,413.44,248.47,159.14,97.694
64.02,19.9,-9.6936,-49.425,33.616,-5.525,16.302,423.13,420.45,254.25,164.69,102.47
69.55,22.465,-13.355,-51.756,38.976,-6.7716,16.158,431.72,426.92,260.12,170.25,107.5
74.916,25.636,-16.197,-54.167,43.921,-7.6432,15.86,440.61,433.27,265.94,175.8,112.49
80.028,29.156,-18.023,-56.679,48.213,-8.0964,15.32,450,439.92,271.58,181.43,117.37
84.698,32.777,-18.726,-59.421,51.555,-8.1201,14.557,459.94,447.15,277.05,187.22,122.25
88.81,36.442,-18.307,-62.6,53.982,-7.7089,13.665,470.28,455.09,282.48,193.21,127.34
92.218,40.264,-16.944,-66.335,55.743,-6.8759,12.738,480.69,463.58,288.01,199.43,132.81
95.019,44.436,-15.025,-70.491,57.178,-5.6767,11.779,490.77,472.29,293.78,205.99,138.75
97.754,49.118,-13.091,-74.819,58.775,-4.216,10.674,500.25,480.76,299.8,212.94,145.25
101.05,54.338,-11.679,-79.195,60.935,-2.6355,9.2185,508.98,488.66,305.95,220.27,152.32
105.24,59.9,-11.149,-83.681,63.726,-1.0782,7.2167,516.95,495.82,312.01,227.85,159.92
110.29,65.392,-11.609,-88.422,66.976,0.38136,4.5784,524.16,502.27,317.75,235.42,167.87
115.9,70.429,-12.957,-93.502,70.488,1.8154,1.3472,530.61,508.1,323.04,242.66,175.89
121.66,74.964,-14.898,-98.827,74.087,3.4397,-2.3598,536.27,513.46,327.81,249.35,183.68
127.33,79.255,-16.981,-104.17,77.542,5.4403,-6.4477,541.18,518.45,331.95,255.51,191.06
132.78,83.553,-18.667,-109.37,80.539,7.7996,-10.909,545.41,523.08,335.4,261.37,198.05
137.91,87.983,-19.426,-114.39,82.766,10.389,-15.794,549.08,527.3,338.34,267.25,204.81
142.69,92.611,-18.871,-119.28,84.003,13.162,-21.049,552.32,531.07,341.08,273.33,211.67
147.12,97.493,-16.903,-124.08,84.18,16.172,-26.361,555.24,534.27,343.79,279.59,218.98
151.29,102.62,-13.791,-128.82,83.44,19.483,-31.364,557.89,536.7,346.47,285.85,227
155.26,107.86,-10.108,-133.5,82.163,23.135,-36.082,560.2,538.14,349,291.95,235.69
159.01,113.06,-6.5726,-138.16,80.868,27.127,-40.932,561.98,538.39,351.26,297.78,244.76
162.38,118.14,-3.8818,-142.75,80.026,31.356,-46.345,562.99,537.29,353.14,303.3,253.78
165.21,123.13,-2.5553,-147.09,79.909,35.568,-52.526,562.97,534.71,354.6,308.49,262.42
167.54,127.81,-2.788,-150.93,80.553,39.328,-59.417,561.37,530.57,355.6,313.41,270.52
169.54,131.81,-4.4077,-154.14,81.841,42.164,-66.764,557.27,524.94,356.11,318.18,278.1
171.38,135.1,-6.9585,-156.81,83.608,43.929,-74.266,549.84,518.11,356.07,322.92,285.35
173.23,138.03,-9.8334,-159.22,85.676,44.964,-81.692,538.72,510.39,355.43,327.78,292.55
175.26,141.05,-12.416,-161.69,87.836,45.869,-88.894,524.08,501.97,354.28,332.75,300.01
177.54,144.52,-14.215,-164.5,89.854,47.124,-95.791,506.42,492.83,352.78,337.71,307.92
180.1,148.59,-14.951,-167.76,91.538,48.89,-102.36,486.55,482.84,351.14,342.5,316.04
182.8,153.03,-14.6,-171.34,92.794,51.087,-108.62,465.46,471.78,349.46,346.99,323.69
185.47,157.34,-13.383,-174.93,93.622,53.502,-114.61,444.07,459.47,347.69,350.98,330.21
187.91,161.04,-11.707,-178.16,94.074,55.829,-120.33,422.94,445.79,345.74,354.26,335.4
189.97,163.92,-10.04,-180.84,94.224,57.747,-125.7,402.09,430.9,343.44,356.88,339.45
191.53,165.96,-8.7634,-182.94,94.118,59.079,-130.54,381.11,415.24,340.66,359.17,342.75
192.42,167.31,-8.0408,-184.39,93.749,59.826,-134.65,359.45,399.55,337.3,361.54,345.64
192.45,167.92,-7.781,-184.88,93.073,60.084,-137.92,336.69,384.46,333.42,364.28,348.23
191.33,167.4,-7.7179,-183.86,92.042,60.025,-140.28,312.74,370.23,329.32,367.4,350.33
188.87,165.2,-7.5657,-181.05,90.597,59.876,-141.68,287.97,356.6,325.38,370.36,351.52
185.15,161.54,-7.1438,-176.78,88.671,59.817,-142.03,263.16,342.97,321.7,372.38,351.45
180.44,157.29,-6.4159,-171.67,86.258,59.905,-141.28,239.19,328.67,318.01,372.76,350.08
174.99,153.04,-5.4597,-166.15,83.488,60.05,-139.48,216.77,313.15,313.76,371.08,347.5
168.87,148.82,-4.3935,-160.33,80.521,60.029,-136.82,196.21,296.26,308.31,367.18,343.76
162.01,144.34,-3.2953,-154.11,77.305,59.592,-133.6,177.54,278.43,301.12,361.08,338.74
154.31,139.33,-2.1533,-147.33,73.553,58.612,-130.12,160.59,260.68,292.15,352.91,332.16
145.78,133.66,-0.83829,-139.98,68.944,57.175,-126.51,145.05,244.1,281.77,342.91,323.65
136.66,127.45,0.88777,-132.32,63.284,55.543,-122.82,130.55,229.15,270.71,331.42,312.94
127.3,121.12,3.2731,-124.72,56.645,53.996,-119.04,116.7,215.56,259.62,318.88,300.06
118.18,115.28,6.4014,-117.49,49.472,52.679,-115.21,103.09,202.54,248.58,305.58,285.32
109.68,110.23,10.063,-110.78,42.461,51.517,-111.47,89.469,189.17,237.19,291.52,269.28
101.96,105.82,13.804,-104.63,36.179,50.251,-108.01,75.843,174.56,224.89,276.54,252.6
94.876,101.66,17.139,-98.887,30.782,48.599,-104.95,62.381,158.25,211.31,260.53,235.96
88.132,97.333,19.748,-93.296,26.047,46.423,-102.34,49.102,140.55,196.3,243.64,219.89
81.426,92.575,21.572,-87.497,21.58,43.784,-99.997,35.98,122.63,180.02,226.17,204.57
74.458,87.319,22.776,-81.153,16.973,40.884,-97.612,23.782,105.98,163.06,208.54,189.75
66.954,81.671,23.621,-74.081,12.061,38.001,-94.785,13.976,91.597,146.48,191.13,175.11
58.942,75.801,24.26,-66.468,7.4389,35.383,-91.206,7.1531,79.602,131.38,174.33,160.62
51.056,69.876,24.637,-58.98,4.249,33.1,-86.823,2.769,69.491,118.32,158.55,146.54
44.109,64.019,24.563,-52.343,2.7692,30.991,-81.899,-0.023121,60.401,107.16,144.11,133.19
38.267,58.288,23.917,-46.772,2.3235,28.786,-76.865,-1.9366,51.275,97.352,131.16,120.9
33.05,52.663,22.832,-42.05,2.2002,26.283,-72.049,-3.4816,41.473,88.214,119.65,109.94
27.835,47.095,21.753,-37.84,1.9223,23.443,-67.511,-4.9867,32.021,79.148,109.33,100.27
22.163,41.595,21.208,-33.836,1.1627,20.393,-63.11,-6.6211,24.548,69.981,99.762,91.588
16.037,36.273,21.531,-29.772,-0.29759,17.431,-58.658,-8.4069,18.951,61.233,90.512,83.478
10.079,31.243,22.777,-25.387,-2.5347,14.988,-54.045,-10.231,14.487,53.643,81.458,75.721
5.0132,26.59,24.757,-20.432,-5.4307,13.369,-49.299,-11.894,10.807,47.178,72.899,68.329
1.079,22.461,27.079,-14.99,-8.6592,12.495,-44.588,-13.228,7.7473,41.239,65.199,61.361
-1.8142,18.937,29.204,-9.7665,-11.738,11.959,-40.135,-14.215,5.1196,35.533,58.517,54.949
-3.7657,15.844,30.551,-5.5314,-14.167,11.296,-36.102,-15.011,2.734,30.118,52.808,49.341
-4.8462,12.918,30.692,-2.5105,-15.619,10.207,-32.511,-15.86,0.46662,25.038,47.809,44.638
-5.1811,10.102,29.642,-0.55834,-16.079,8.7118,-29.309,-16.97,-1.7204,20.266,43.101,40.691
-4.9884,7.628,28.016,0.55509,-15.845,7.1437,-26.473,-18.427,-3.8089,15.83,38.342,37.219
-4.55,5.7886,26.715,1.061,-15.403,5.95,-24.016,-20.172,-5.7641,11.834,33.501,33.939
-4.1509,4.6893,26.311,1.186,-15.221,5.4202,-21.934,-22.046,-7.5568,8.3763,28.71,30.663
-4.0142,4.1978,26.826,1.1431,-15.546,5.5437,-20.175,-23.847,-9.1737,5.4812,24.005,27.347
-4.2381,4.023,27.864,1.1177,-16.277,6.0223,-18.66,-25.401,-10.627,3.0992,19.463,24.072
-4.7571,3.8269,28.881,1.2502,-17.011,6.3795,-17.319,-26.621,-11.961,1.1456,15.293,20.966
-5.3621,3.334,29.312,1.615,-17.292,6.1418,-16.11,-27.549,-13.237,-0.46571,11.659,18.139
-5.7881,2.4066,28.57,2.2051,-16.856,5.0555,-15.021,-28.338,-14.523,-1.8068,8.5907,15.63
-5.8215,1.0723,26.396,2.9334,-15.66,3.1935,-14.066,-29.169,-15.85,-2.9324,6.0487,13.416
-5.3782,-0.48834,23.106,3.6552,-13.836,0.88808,-13.256,-30.134,-17.2,-3.879,4.0061,11.459
-4.5276,-1.9789,19.407,4.2053,-11.713,-1.3961,-12.572,-31.171,-18.484,-4.6659,2.4529,9.7648
-3.4635,-3.0515,16.195,4.4403,-9.7908,-3.1625,-11.956,-32.098,-19.571,-5.298,1.3636,8.3863
-2.4389,-3.4136,14.321,4.2782,-8.5647,-3.9877,-11.335,-32.697,-20.337,-5.7704,0.68071,7.3791
-1.6926,-2.9443,14.29,3.7271,-8.3437,-3.6544,-10.668,-32.806,-20.721,-6.0777,0.3248,6.7381
-1.3882,-1.753,16.101,2.8922,-9.1679,-2.2549,-9.9694,-32.37,-20.757,-6.228,0.20846,6.3799
-1.583,-0.14552,19.261,1.9544,-10.803,-0.16532,-9.288,-31.468,-20.559,-6.2536,0.2457,6.1732
-2.2283,1.4801,22.86,1.1237,-12.798,2.1,-8.6639,-30.306,-20.276,-6.2083,0.3605,5.9879
-3.1912,2.7548,25.843,0.58385,-14.644,4.041,-8.0982,-29.151,-20.04,-6.1538,0.49668,5.7412
-4.2873,3.4314,27.502,0.44116,-15.964,5.2763,-7.5571,-28.223,-19.931,-6.1434,0.62286,5.421
-5.3163,3.4319,27.729,0.69434,-16.62,5.6293,-6.9866,-27.61,-19.963,-6.2092,0.72587,5.0738
-6.0921,2.8546,26.856,1.2324,-16.657,5.1698,-6.3262,-27.245,-20.087,-6.3559,0.79548,4.7608
-6.4668,1.9292,25.353,1.8729,-16.191,4.1506,-5.5263,-26.96,-20.21,-6.5619,0.81211,4.5104
-6.3534,0.92454,23.62,2.4325,-15.343,2.8833,-4.5736,-26.554,-20.219,-6.7886,0.745,4.2976
-5.7501,0.044717,21.866,2.7962,-14.202,1.631,-3.5096,-25.864,-20.026,-7.0012,0.55946,4.0574
-4.7638,-0.63714,20.111,2.9493,-12.831,0.54618,-2.4264,-24.828,-19.612,-7.1866,0.22852,3.7176
-3.6199,-1.1804,18.297,2.9659,-11.325,-0.3734,-1.4389,-23.537,-19.042,-7.3564,-0.2544,3.2322
-2.6257,-1.7077,16.447,2.9715,-9.867,-1.2505,-0.64565,-22.207,-18.437,-7.5281,-0.86527,2.6038
-2.0802,-2.3068,14.742,3.0938,-8.6921,-2.1667,-0.096646,-21.09,-17.905,-7.7026,-1.5464,1.8917
-2.1759,-2.974,13.359,3.4174,-7.9739,-3.0393,0.21947,-20.35,-17.487,-7.8522,-2.2148,1.1969
-2.934,-3.6284,12.329,3.9515,-7.7675,-3.6769,0.36328,-19.99,-17.133,-7.9285,-2.7816,0.62759
-4.1935,-4.1551,11.652,4.6179,-8.0305,-3.9282,0.41062,-19.857,-16.741,-7.8821,-3.1769,0.25939
-5.6466,-4.4387,11.373,5.2599,-8.6288,-3.7486,0.41261,-19.72,-16.207,-7.6833,-3.3691,0.10871
-6.9021,-4.3876,11.442,5.6712,-9.3207,-3.1923,0.37209,-19.377,-15.469,-7.3324,-3.3702,0.12937
-7.5701,-3.9544,11.622,5.6466,-9.7939,-2.3896,0.2491,-18.728,-14.525,-6.8553,-3.2247,0.23472
-7.3583,-3.1554,11.594,5.0489,-9.7624,-1.5197,-0.010868,-17.791,-13.427,-6.2912,-2.9882,0.33638
-6.148,-2.0942,11.103,3.8784,-9.0582,-0.77366,-0.44352,-16.676,-12.259,-5.6788,-2.707,0.38029
-4.0422,-0.96961,10.048,2.3076,-7.678,-0.31389,-1.0433,-15.533,-11.107,-5.0494,-2.4071,0.35989
-1.3852,-0.042599,8.481,0.65182,-5.7888,-0.24766,-1.7586,-14.492,-10.039,-4.4282,-2.0936,0.30277
1.2809,0.43724,6.5697,-0.71325,-3.6937,-0.62083,-2.503,-13.608,-9.0926,-3.8412,-1.7633,0.24495
3.3434,0.30185,4.5484,-1.4532,-1.7544,-1.4202,-3.1773,-12.834,-8.2735,-3.3192,-1.4206,0.20962
4.2915,-0.49507,2.6624,-1.3615,-0.29499,-2.571,-3.6968,-12.049,-7.5691,-2.8926,-1.09,0.1978
3.8705,-1.865,1.1208,-0.40666,0.4614,-3.9351,-4.0167,-11.133,-6.956,-2.5803,-0.80919,0.1886
2.1641,-3.5868,0.066917,1.2595,0.41667,-5.3248,-4.1377,-10.035,-6.4061,-2.383,-0.61549,0.14568
-0.43342,-5.3436,-0.40669,3.3254,-0.3912,-6.5285,-4.0909,-8.7823,-5.892,-2.2817,-0.53387,0.030482
-3.3503,-6.8092,-0.22772,5.3789,-1.7914,-7.3359,-3.9091,-7.4498,-5.3918,-2.2424,-0.56962,-0.18161
-5.9947,-7.7242,0.64059,7.0008,-3.5163,-7.5585,-3.6051,-6.1272,-4.8903,-2.2223,-0.70838,-0.49222
-7.8755,-7.8944,2.1455,7.8579,-5.2587,-7.0595,-3.166,-4.893,-4.3773,-2.1818,-0.92123,-0.88419
-8.6886,-7.196,4.1152,7.7637,-6.7351,-5.8033,-2.564,-3.8016,-3.8476,-2.0965,-1.1761,-1.3322
-8.3628,-5.653,6.2814,6.7161,-7.7423,-3.9141,-1.7737,-2.874,-3.3044,-1.9651,-1.4484,-1.8122
-7.0552,-3.5023,8.3341,4.9195,-8.1957,-1.6849,-0.78469,-2.0969,-2.7565,-1.8041,-1.724,-2.3008
-5.1163,-1.1673,9.9823,2.7592,-8.138,0.48712,0.39702,-1.4329,-2.2149,-1.6338,-1.9929,-2.7712
-3.0324,0.85887,11,0.71483,-7.7083,2.2079,1.7509,-0.83951,-1.6847,-1.4628,-2.2405,-3.1903
-1.3105,2.1642,11.25,-0.76607,-7.0748,3.1868,3.2415,-0.28436,-1.1576,-1.2836,-2.4428,-3.5194
-0.32205,2.5306,10.695,-1.3934,-6.3641,3.3002,4.8147,0.2484,-0.6063,-1.0723,-2.5685,-3.7262
-0.18935,1.9714,9.4121,-1.1112,-5.6314,2.6048,6.4027,0.76631,0.010881,-0.79227,-2.5862,-3.7952
-0.76977,0.70429,7.5864,-0.098034,-4.8799,1.301,7.9443,1.2752,0.73368,-0.4004,-2.4749,-3.7349
-1.7287,-0.92289,5.4548,1.3079,-4.0863,-0.33367,9.4089,1.7809,1.5816,0.13873,-2.2325,-3.5777
-2.6649,-2.54,3.2292,2.7215,-3.2106,-2.0203,10.792,2.2856,2.5455,0.83654,-1.8806,-3.3738
-3.236,-3.8612,1.0449,3.8198,-2.2071,-3.5452,12.085,2.7847,3.5938,1.6734,-1.4634,-3.1786
-3.2413,-4.7499,-1.0395,4.4178,-1.0502,-4.8036,13.254,3.2689,4.69,2.6097,-1.0391,-3.0379
-2.6478,-5.2202,-2.999,4.4875,0.2426,-5.7924,14.239,3.7301,5.8116,3.6066,-0.66356,-2.9761
-1.5642,-5.3773,-4.7892,4.1244,1.6034,-6.5543,14.983,4.1675,6.9587,4.6382,-0.36999,-2.9919
-0.18991,-5.3398,-6.3326,3.4898,2.923,-7.1283,15.456,4.5893,8.1459,5.681,-0.15725,-3.065
1.2328,-5.2009,-7.5439,2.7644,4.0678,-7.543,15.675,5.0124,9.389,6.6998,0.0064925,-3.1654
2.4545,-5.0403,-8.354,2.1235,4.9008,-7.827,15.7,5.4584,10.689,7.6541,0.17032,-3.2645
3.2462,-4.9332,-8.7148,1.7104,5.305,-8.0002,15.623,5.9498,12.023,8.5242,0.3851,-3.3412
3.4298,-4.9233,-8.6029,1.5977,5.2048,-8.062,15.533,6.5037,13.347,9.3253,0.69241,-3.3815
2.9094,-5.0084,-8.0307,1.7836,4.5776,-8.0011,15.487,7.1298,14.598,10.092,1.1108,-3.3739
1.682,-5.1797,-7.0601,2.2522,3.4579,-7.8265,15.497,7.826,15.705,10.84,1.6225,-3.3126
-0.14759,-5.4692,-5.8102,3.0189,1.9358,-7.5909,15.519,8.5693,16.608,11.542,2.1701,-3.208
-2.3554,-5.9299,-4.4519,4.0773,0.15924,-7.3816,15.473,9.3102,17.272,12.13,2.6694,-3.096
-4.6547,-6.5662,-3.1874,5.3224,-1.6626,-7.2807,15.283,9.9796,17.7,12.536,3.0335,-3.0308
-6.7626,-7.2903,-2.218,6.5556,-3.2669,-7.3195,14.92,10.509,17.92,12.727,3.2006,-3.0633
-8.3705,-7.9323,-1.7082,7.5313,-4.3682,-7.4581,14.421,10.853,17.979,12.723,3.1518,-3.221
-9.0863,-8.2767,-1.7565,7.9876,-4.7148,-7.5976,13.86,11.007,17.912,12.589,2.9186,-3.4942
-8.5073,-8.1168,-2.382,7.6882,-4.1425,-7.6229,13.285,10.995,17.732,12.41,2.5746,-3.8373
-6.3949,-7.329,-3.5277,6.4967,-2.6004,-7.4497,12.688,10.861,17.43,12.26,2.2168,-4.1812
-2.7916,-5.9293,-5.073,4.4367,-0.17151,-7.0563,12.005,10.641,16.986,12.181,1.9399,-4.4511
1.9833,-4.0801,-6.8467,1.7078,2.9048,-6.4825,11.151,10.355,16.394,12.173,1.8124,-4.585
7.3654,-2.0499,-8.6375,-1.3285,6.2439,-5.8086,10.055,10.011,15.673,12.203,1.861,-4.5477
12.579,-0.15122,-10.211,-4.2011,9.3676,-5.1286,8.7092,9.6081,14.868,12.228,2.0737,-4.3393
16.759,1.328,-11.343,-6.435,11.789,-4.5283,7.1841,9.1555,14.044,12.208,2.4145,-3.9953
19.151,2.1881,-11.864,-7.6746,13.119,-4.0735,5.6176,8.6715,13.267,12.121,2.8339,-3.5798
19.338,2.3536,-11.705,-7.7686,13.148,-3.8048,4.1711,8.1857,12.585,11.952,3.2718,-3.1688
17.389,1.8706,-10.908,-6.7939,11.907,-3.7368,2.9816,7.7321,12.017,11.698,3.6701,-2.8246
13.783,0.87339,-9.6158,-5.0176,9.6546,-3.8597,2.1294,7.3396,11.56,11.379,4.0005,-2.5729
9.1711,-0.46292,-8.0311,-2.8022,6.8064,-4.145,1.6325,7.0255,11.202,11.043,4.2791,-2.4007
4.2318,-1.9726,-6.3869,-0.47258,3.8109,-4.5579,1.4625,6.7977,10.935,10.746,4.5455,-2.2801
-0.35821,-3.5417,-4.9291,1.7874,1.0536,-5.0749,1.5732,6.657,10.759,10.524,4.8182,-2.1966
-4.1977,-5.1256,-3.8979,3.937,-1.2001,-5.6989,1.9228,6.5981,10.667,10.37,5.0654,-2.1608
-7.2361,-6.718,-3.5049,5.9508,-2.8005,-6.4603,2.4831,6.6072,10.63,10.229,5.2149,-2.2053
-9.3418,-8.2756,-3.9028,7.6798,-3.6155,-7.3915,3.2294,6.6611,10.589,10.032,5.1901,-2.3725
-10.215,-9.6759,-5.1395,8.8812,-3.4392,-8.4783,4.1263,6.7315,10.467,9.714,4.9413,-2.6915
-9.651,-10.747,-7.1464,9.3514,-2.144,-9.6256,5.1219,6.7971,10.213,9.2479,4.4625,-3.1575
-7.7076,-11.31,-9.7319,8.998,0.12002,-10.656,6.1526,6.8532,9.8216,8.6634,3.7997,-3.7228
-4.6986,-11.215,-12.496,7.8562,2.9462,-11.335,7.1536,6.9082,9.3477,8.0456,3.0522,-4.2968
-1.1445,-10.385,-14.818,6.0936,5.7566,-11.418,8.0584,6.9683,8.8733,7.5039,2.3581,-4.7597
2.3097,-8.8675,-16.006,3.9928,7.9243,-10.717,8.7958,7.0233,8.4716,7.1278,1.8583,-4.9932
5.0267,-6.8401,-15.522,1.8969,8.9337,-9.1656,9.2941,7.0473,8.177,6.9555,1.652,-4.9191
6.5232,-4.5728,-13.185,0.12944,8.5138,-6.868,9.4985,7.0117,7.9732,6.9608,1.7632,-4.5308
6.5928,-2.3703,-9.2765,-1.0778,6.7245,-4.106,9.3856,6.8988,7.803,7.0589,2.1321,-3.9011
5.3713,-0.50973,-4.5128,-1.627,3.9619,-1.2903,8.9659,6.7094,7.5977,7.1307,2.6347,-3.161
3.2938,0.80769,0.15298,-1.5609,0.85333,1.1377,8.2811,6.4632,7.3116,7.0662,3.1279,-2.4559
0.94119,1.4861,3.8274,-1.0334,-1.9369,2.8267,7.4003,6.1944,6.944,6.8146,3.5037,-1.8994
-1.1618,1.5466,5.9452,-0.24985,-3.9187,3.6079,6.414,5.9414,6.5359,6.4085,3.7209,-1.5464
-2.6987,1.1143,6.3964,0.59229,-4.8847,3.5312,5.4245,5.7351,6.144,5.9413,3.8001,-1.3936
-3.5883,0.37987,5.5009,1.3461,-4.8862,2.8276,4.5312,5.5882,5.8075,5.5096,3.789,-1.3996
-3.9134,-0.46837,3.8366,1.9423,-4.1707,1.8073,3.8137,5.4897,5.5237,5.1579,3.7273,-1.5126
-3.829,-1.3108,1.965,2.3953,-3.0837,0.73248,3.3183,5.4066,5.2424,4.8575,3.6223,-1.6963
-3.4818,-2.1276,0.20423,2.7688,-1.8945,-0.27829,3.0499,5.294,4.883,4.5194,3.4407,-1.9471
-2.9699,-2.9762,-1.4572,3.1178,-0.69059,-1.274,2.9817,5.1128,4.3702,4.0345,3.1159,-2.2959
-2.3544,-3.9245,-3.2421,3.4692,0.57277,-2.4142,3.0771,4.8489,3.6728,3.3303,2.5777,-2.7843
-1.6741,-4.9949,-5.381,3.8403,1.9698,-3.8337,3.3193,4.5229,2.8236,2.4176,1.8049,-3.4188
-0.9723,-6.1481,-7.931,4.2403,3.4927,-5.5189,3.72,4.1804,1.9066,1.3925,0.85913,-4.1402
-0.32433,-7.2862,-10.669,4.6541,4.9974,-7.2954,4.2953,3.8675,1.0174,0.3927,-0.13298,-4.8447
0.16841,-8.2668,-13.126,5.0326,6.2323,-8.8822,5.0282,3.6011,0.22191,-0.45774,-1.0343,-5.4321
0.41783,-8.9121,-14.725,5.2879,6.9163,-9.9563,5.839,3.3608,-0.46399,-1.0832,-1.7425,-5.8418
0.39626,-9.0167,-14.961,5.3008,6.8409,-10.222,6.5956,3.1028,-1.0652,-1.4676,-2.2105,-6.0634
0.1559,-8.4153,-13.588,4.9624,5.9543,-9.4968,7.1551,2.7916,-1.6183,-1.6474,-2.4473,-6.1264
-0.1941,-7.0896,-10.744,4.2355,4.3918,-7.8119,7.413,2.4251,-2.1437,-1.6903,-2.5041,-6.0866
-0.53243,-5.2238,-6.9609,3.1971,2.4437,-5.4653,7.3312,2.0381,-2.6333,-1.6699,-2.4516,-6.0033
-0.76107,-3.18,-3.0439,2.0436,0.4825,-2.967,6.9407,1.6837,-3.0554,-1.6405,-2.3542,-5.9212
-0.81526,-1.4042,0.17269,1.0396,-1.1047,-0.89106,6.3245,1.407,-3.3678,-1.6235,-2.2516,-5.8588
-0.67152,-0.29296,2.0556,0.42542,-1.9506,0.29747,5.5855,1.2203,-3.5359,-1.6085,-2.1512,-5.8096
-0.38189,-0.069863,2.2953,0.34124,-1.7847,0.37293,4.8165,1.1028,-3.5484,-1.5704,-2.034,-5.7514
-0.069073,-0.72035,0.92616,0.78261,-0.66021,-0.59921,4.0812,1.0124,-3.4262,-1.4909,-1.8756,-5.6615
0.22613,-1.9998,-1.7313,1.5702,0.98164,-2.3162,3.407,0.90934,-3.2195,-1.3743,-1.669,-5.5292
0.73452,-3.5199,-5.2448,2.3687,2.7809,-4.3798,2.7913,0.77703,-2.9923,-1.2521,-1.4356,-5.3547
1.9,-4.8795,-9.2099,2.797,4.8751,-6.4438,2.2192,0.62862,-2.8017,-1.1746,-1.2146,-5.1499
4.1119,-5.7885,-13.3,2.5821,7.627,-8.273,1.6869,0.4947,-2.677,-1.1921,-1.0438,-4.9284
7.4678,-6.1359,-17.311,1.6679,11.116,-9.7321,1.2181,0.40071,-2.6097,-1.3304,-0.94274,-4.6983
11.562,-5.9909,-21.045,0.24916,14.984,-10.763,0.8657,0.34999,-2.5567,-1.5736,-0.90464,-4.4591
15.441,-5.5474,-24.126,-1.2748,18.472,-11.343,0.69389,0.32461,-2.4584,-1.8666,-0.89762,-4.204
17.89,-5.043,-25.965,-2.4264,20.544,-11.455,0.74796,0.30373,-2.2628,-2.1347,-0.87754,-3.9283
17.929,-4.6948,-25.924,-2.8099,20.331,-11.097,1.0273,0.28695,-1.9456,-2.3088,-0.80612,-3.6367
15.232,-4.6574,-23.601,-2.2191,17.625,-10.3,1.482,0.30634,-1.5187,-2.3445,-0.66507,-3.3445
10.211,-4.9825,-19.127,-0.65667,12.857,-9.1338,2.0325,0.40851,-1.0271,-2.2324,-0.45929,-3.0676
3.7749,-5.5959,-13.187,1.6796,6.7409,-7.6992,2.6041,0.62203,-0.53775,-1.9993,-0.21042,-2.8177
-3.0969,-6.3241,-6.7879,4.4051,0.082366,-6.137,3.1526,0.9326,-0.12171,-1.6995,0.053211,-2.5977
-9.5291,-6.9655,-0.94452,7.0135,-6.1704,-4.6217,3.6697,1.278,0.16731,-1.3982,0.30341,-2.4074
-14.508,-7.35,3.489,9.0093,-10.915,-3.3354,4.1666,1.5774,0.31108,-1.153,0.51383,-2.2461
-17.097,-7.3629,5.9094,10.029,-13.352,-2.4269,4.6471,1.7713,0.32928,-1.0004,0.66036,-2.119
-16.909,-6.9589,6.113,9.8818,-13.245,-1.9735,5.0834,1.8503,0.26388,-0.95194,0.72307,-2.0369
-14.039,-6.1741,4.3135,8.5578,-10.702,-1.9702,5.4105,1.8552,0.1545,-0.99837,0.68829,-2.0126
-9.0241,-5.1269,0.99338,6.2752,-6.2117,-2.3402,5.5446,1.8517,0.016218,-1.1193,0.5511,-2.0547
-2.8583,-3.9969,-3.1859,3.4789,-0.70346,-2.9577,5.4167,1.889,-0.17011,-1.2915,0.31969,-2.163
3.3214,-2.982,-7.4195,0.73563,4.6899,-3.6685,5.0048,1.9723,-0.4477,-1.4924,0.018061,-2.3264
8.4594,-2.2432,-10.892,-1.4247,8.9738,-4.2999,4.3447,2.0584,-0.85751,-1.7023,-0.3149,-2.518
11.617,-1.8531,-12.96,-2.6444,11.51,-4.6694,3.516,2.0735,-1.4114,-1.9025,-0.62781,-2.6988
12.227,-1.774,-13.25,-2.8124,11.979,-4.6176,2.6117,1.9445,-2.0787,-2.0745,-0.86587,-2.8203
10.375,-1.8856,-11.702,-2.0697,10.362,-4.0611,1.7126,1.63,-2.7907,-2.2008,-0.98678,-2.8456
6.7653,-2.0464,-8.6144,-0.73947,7.0541,-3.0374,0.87053,1.1422,-3.4586,-2.2705,-0.97843,-2.77
2.3881,-2.1589,-4.6103,0.81076,2.8375,-1.7124,0.10617,0.54896,-3.9993,-2.2856,-0.86804,-2.6298
-1.8683,-2.208,-0.51172,2.2986,-1.3727,-0.34466,-0.58142,-0.04432,-4.3612,-2.2644,-0.71655,-2.492
-5.4403,-2.2641,2.865,3.5808,-4.848,0.77726,-1.1966,-0.5328,-4.5408,-2.2373,-0.60009,-2.4316
-8.0483,-2.4454,4.943,4.6338,-7.1957,1.4082,-1.7294,-0.85617,-4.5833,-2.2373,-0.58602,-2.5077
-9.6212,-2.8507,5.5388,5.4933,-8.3116,1.4173,-2.1468,-1.0318,-4.5671,-2.2894,-0.71275,-2.7449
-10.249,-3.4963,4.8486,6.1825,-8.2938,0.83202,-2.4003,-1.1515,-4.575,-2.4052,-0.9805,-3.1323
-10.069,-4.2847,3.3109,6.6724,-7.3936,-0.16396,-2.4454,-1.3448,-4.6655,-2.5824,-1.3555,-3.6279
-9.2296,-5.0158,1.4655,6.8899,-5.9773,-1.2763,-2.267,-1.7173,-4.8517,-2.807,-1.7826,-4.1722
-7.9122,-5.4401,-0.19114,6.7346,-4.4121,-2.1737,-1.9012,-2.2917,-5.1009,-3.057,-2.2012,-4.7049
-6.2585,-5.3474,-1.3506,6.1073,-2.9231,-2.5869,-1.4417,-2.994,-5.3526,-3.3061,-2.5568,-5.1777
-4.3422,-4.6571,-1.9491,4.969,-1.5584,-2.4119,-1.0215,-3.6854,-5.5453,-3.5264,-2.8083,-5.5609
-2.2321,-3.4601,-2.121,3.3999,-0.29313,-1.7541,-0.77355,-4.2196,-5.6376,-3.689,-2.9302,-5.8411
-0.074542,-1.9987,-2.0939,1.6154,0.8619,-0.87207,-0.78833,-4.4941,-5.619,-3.7678,-2.9126,-6.0178
1.8839,-0.60182,-2.0715,-0.073406,1.8529,-0.065759,-1.0884,-4.4792,-5.5108,-3.7474,-2.7624,-6.1033
3.3512,0.40496,-2.1992,-1.3366,2.6261,0.41065,-1.6318,-4.2236,-5.3573,-3.6354,-2.5088,-6.1251
4.0833,0.78822,-2.5911,-1.915,3.1522,0.39409,-2.339,-3.8447,-5.2153,-3.4692,-2.2028,-6.1213
3.9783,0.46126,-3.3174,-1.6912,3.4299,-0.16568,-3.1259,-3.4947,-5.1391,-3.3086,-1.9062,-6.1286
3.1248,-0.50348,-4.3673,-0.72221,3.4863,-1.2009,-3.9211,-3.3041,-5.164,-3.2156,-1.6735,-6.1688
1.7762,-1.8836,-5.6406,0.76931,3.3766,-2.5398,-4.6639,-3.3257,-5.2909,-3.2312,-1.5369,-6.2437
0.26824,-3.3486,-6.9675,2.4394,3.1818,-3.9372,-5.2992,-3.5063,-5.4836,-3.3616,-1.5014,-6.3381
-1.0623,-4.5533,-8.143,3.9006,2.9994,-5.1144,-5.777,-3.7012,-5.6783,-3.5784,-1.5498,-6.4259
-1.9137,-5.2325,-8.9732,4.8192,2.9295,-5.8132,-6.0544,-3.7323,-5.8074,-3.829,-1.6521,-6.4787
-2.0339,-5.2411,-9.3215,4.9855,3.0581,-5.8662,-6.0955,-3.4755,-5.825,-4.0564,-1.7768,-6.4747
-1.277,-4.5534,-9.1354,4.332,3.4233,-5.2451,-5.8714,-2.9365,-5.7273,-4.2172,-1.9004,-6.4073
0.30254,-3.2561,-8.4482,2.9375,3.9764,-4.0533,-5.3684,-2.2613,-5.5537,-4.2935,-2.0128,-6.2873
2.4031,-1.54,-7.3488,1.04,4.568,-2.4804,-4.6033,-1.6709,-5.366,-4.2919,-2.1165,-6.14
4.5285,0.31913,-5.93,-0.9871,4.9749,-0.75611,-3.6397,-1.36,-5.2168,-4.2334,-2.2201,-5.9939
6.1231,2.0064,-4.2565,-2.7192,4.9604,0.88333,-2.5879,-1.4079,-5.1208,-4.1372,-2.3269,-5.8653
6.7383,3.236,-2.4056,-3.7945,4.3542,2.2294,-1.5814,-1.7421,-5.0447,-4.0069,-2.4244,-5.7459
6.1659,3.8158,-0.53846,-4.0077,3.1338,3.1361,-0.74168,-2.1743,-4.9185,-3.8275,-2.4821,-5.6043
4.4957,3.6791,1.0947,-3.3537,1.4652,3.5297,-0.15091,-2.4951,-4.6679,-3.5757,-2.4623,-5.4036
2.0939,2.8834,2.2086,-2.0159,-0.32009,3.3913,0.1548,-2.5716,-4.2532,-3.2375,-2.3374,-5.1251
-0.49916,1.5846,2.5474,-0.30237,-1.807,2.7389,0.17407,-2.3982,-3.6956,-2.822,-2.1049,-4.7821
-2.738,-0.0056714,1.9485,1.4506,-2.6178,1.6229,-0.076199,-2.0812,-3.0757,-2.3615,-1.7899,-4.4175
-4.2318,-1.6752,0.39423,2.9761,-2.5332,0.13134,-0.56743,-1.7785,-2.5042,-1.9019,-1.4361,-4.0865
-4.8278,-3.2654,-1.9554,4.1362,-1.5644,-1.6078,-1.2527,-1.6254,-2.0817,-1.4892,-1.0882,-3.8329
-4.6089,-4.6895,-4.751,4.9172,0.041752,-3.4255,-2.0569,-1.6787,-1.8649,-1.1589,-0.77871,-3.6721
-3.8367,-5.8856,-7.4886,5.3648,1.8621,-5.1046,-2.8789,-1.897,-1.855,-0.92903,-0.52311,-3.5875
-2.8652,-6.7491,-9.6024,5.5241,3.4067,-6.3829,-3.6153,-2.1662,-2.01,-0.80162,-0.3241,-3.543
-2.046,-7.1501,-10.6,5.4446,4.2545,-7.0114,-4.193,-2.3602,-2.2699,-0.7675,-0.17873,-3.5002
-1.6386,-7.0223,-10.205,5.2006,4.1727,-6.8504,-4.5793,-2.4073,-2.5823,-0.8095,-0.08128,-3.4327
-1.7468,-6.4136,-8.469,4.8743,3.1782,-5.9346,-4.7645,-2.3218,-2.9176,-0.90245,-0.021568,-3.333
-2.3022,-5.4715,-5.7767,4.5253,1.5202,-4.4719,-4.7399,-2.1821,-3.2676,-1.013,0.015872,-3.2125
-3.1039,-4.3975,-2.7381,4.183,-0.40336,-2.7841,-4.4926,-2.0758,-3.6327,-1.1035,0.047364,-3.0964
-3.9008,-3.3944,0.0053877,3.8595,-2.1697,-1.2165,-4.0145,-2.0507,-4.0055,-1.1401,0.082486,-3.0132
-4.4794,-2.6171,1.9607,3.5628,-3.4523,-0.045321,-3.3142,-2.0981,-4.3609,-1.1029,0.11914,-2.9844
-4.721,-2.1419,2.8998,3.3053,-4.0852,0.58976,-2.4224,-2.1694,-4.6632,-0.99447,0.1432,-3.0169
-4.6201,-1.9665,2.8841,3.1082,-4.0666,0.70328,-1.3916,-2.2071,-4.884,-0.84129,0.13287,-3.1017
-4.2718,-2.0385,2.1879,3.004,-3.5338,0.42217,-0.2981,-2.1777,-5.019,-0.6884,0.066967,-3.218
-3.8408,-2.2926,1.1645,3.0348,-2.7224,-0.090123,0.75734,-2.0958,-5.0885,-0.58344,-0.064945,-3.3377
-3.5098,-2.6722,0.11288,3.2403,-1.8919,-0.69875,1.6587,-2.0205,-5.1234,-0.55488,-0.25552,-3.4316
-3.4123,-3.1303,-0.81288,3.6328,-1.2248,-1.3266,2.2961,-2.0203,-5.1463,-0.59838,-0.48189,-3.4774
-3.577,-3.6184,-1.6054,4.1725,-0.77305,-1.9504,2.5948,-2.1317,-5.1626,-0.68418,-0.7171,-3.4685
-3.9126,-4.0778,-2.332,4.7611,-0.48135,-2.5717,2.5374,-2.3401,-5.1665,-0.77838,-0.9415,-3.4202
-4.2303,-4.4451,-3.0581,5.2603,-0.23355,-3.1753,2.1697,-2.5918,-5.1524,-0.86104,-1.1484,-3.369
-4.2872,-4.6565,-3.81,5.5141,0.11459,-3.6998,1.5848,-2.8247,-5.1277,-0.93447,-1.3466,-3.3646
-3.8344,-4.6205,-4.5741,5.3556,0.70136,-4.0384,0.89194,-2.9981,-5.1221,-1.0245,-1.561,-3.4551
-2.6687,-4.2079,-5.3074,4.6264,1.6191,-4.0756,0.18582,-3.1082,-5.1845,-1.1713,-1.8252,-3.6701
-0.69669,-3.3188,-5.9447,3.2544,2.8791,-3.7404,-0.46737,-3.1823,-5.3578,-1.4071,-2.1613,-4.0058
1.9716,-1.9782,-6.4066,1.3477,4.3854,-3.0433,-1.0236,-3.2598,-5.6486,-1.7311,-2.556,-4.4189
4.9385,-0.37065,-6.614,-0.78519,5.9214,-2.0845,-1.4474,-3.369,-6.0118,-2.0977,-2.9511,-4.8323
7.5585,1.2029,-6.5082,-2.7065,7.1735,-1.0332,-1.7093,-3.5123,-6.3622,-2.4282,-3.2576,-5.1555
9.1417,2.4149,-6.0666,-3.9739,7.8076,-0.087715,-1.7943,-3.6619,-6.6072,-2.639,-3.3877,-5.312
9.2066,3.0081,-5.3074,-4.2743,7.571,0.57558,-1.7115,-3.7712,-6.6841,-2.6735,-3.2905,-5.2659
7.6451,2.8686,-4.2828,-3.5129,6.3742,0.85402,-1.4951,-3.7959,-6.5854,-2.524,-2.9726,-5.0333
4.7426,2.0607,-3.0656,-1.8361,4.332,0.75374,-1.1975,-3.715,-6.3611,-2.2342,-2.4953,-4.6741
1.0751,0.81886,-1.7435,0.39404,1.7528,0.39351,-0.87931,-3.5422,-6.1005,-1.8841,-1.9556,-4.2666
-2.6522,-0.50999,-0.4266,2.6739,-0.92602,-0.033589,-0.59703,-3.3257,-5.9022,-1.5648,-1.4584,-3.8783
-5.7617,-1.5698,0.73673,4.5004,-3.226,-0.33717,-0.39185,-3.137,-5.8449,-1.3533,-1.0911,-3.5481
-7.719,-2.1128,1.5591,5.5289,-4.7255,-0.4148,-0.28368,-3.0485,-5.9643,-1.2964,-0.90428,-3.2857
-8.2061,-2.0809,1.8334,5.6484,-5.1446,-0.30114,-0.27346,-3.1052,-6.2434,-1.4045,-0.90575,-3.0832
-7.1611,-1.614,1.3702,4.9521,-4.3724,-0.15713,-0.35122,-3.303,-6.6203,-1.6543,-1.0707,-2.9316
-4.8003,-0.976,0.056471,3.6695,-2.4639,-0.20423,-0.50303,-3.5875,-7.0141,-1.9997,-1.3605,-2.8303
-1.5932,-0.43834,-2.088,2.1155,0.34403,-0.62421,-0.71354,-3.8801,-7.3597,-2.3887,-1.7336,-2.7873
1.8549,-0.19135,-4.8825,0.64494,3.6446,-1.4683,-0.96634,-4.1205,-7.6328,-2.7802,-2.1486,-2.8125
4.9523,-0.30913,-7.9709,-0.42658,6.9083,-2.6272,-1.2454,-4.3009,-7.8507,-3.153,-2.5665,-2.9108
7.1905,-0.73566,-10.822,-0.91813,9.5535,-3.8633,-1.5374,-4.4657,-8.0454,-3.5015,-2.955,-3.0797
8.1899,-1.2938,-12.811,-0.82941,11.064,-4.8702,-1.8341,-4.6749,-8.2322,-3.8196,-3.2881,-3.3052
7.8043,-1.7383,-13.385,-0.31142,11.114,-5.3393,-2.1321,-4.9589,-8.3937,-4.0888,-3.5421,-3.5598
6.195,-1.8493,-12.228,0.41201,9.6492,-5.0409,-2.4302,-5.2908,-8.4845,-4.2782,-3.6914,-3.8014
3.7624,-1.5194,-9.3922,1.1291,6.9269,-3.9168,-2.7233,-5.5899,-8.4465,-4.3547,-3.7125,-3.9811
0.99159,-0.79375,-5.3512,1.7,3.4643,-2.1334,-2.9976,-5.7513,-8.2293,-4.2956,-3.5917,-4.058
-1.6719,0.14792,-0.89606,2.0801,-0.096995,-0.047642,-3.2255,-5.6879,-7.8101,-4.0989,-3.3348,-4.0157
-3.879,1.0586,3.0681,2.303,-3.1362,1.899,-3.3643,-5.3646,-7.207,-3.7885,-2.9719,-3.8706
-5.3901,1.7095,5.7685,2.4313,-5.1722,3.3059,-3.3627,-4.8195,-6.48,-3.4122,-2.5547,-3.6667
-6.0652,1.9582,6.7811,2.5105,-5.9407,3.9223,-3.1763,-4.1526,-5.7207,-3.0326,-2.1463,-3.4606
-5.8611,1.7804,6.1199,2.55,-5.4157,3.7093,-2.7836,-3.4921,-5.033,-2.7136,-1.8098,-3.3032
-4.8444,1.2726,4.1546,2.523,-3.793,2.8342,-2.1928,-2.9511,-4.5073,-2.5062,-1.5966,-3.2244
-3.1946,0.62691,1.4606,2.3803,-1.4553,1.6032,-1.4344,-2.5897,-4.203,-2.4369,-1.5341,-3.2252
-1.1843,0.066995,-1.3154,2.0821,1.096,0.37198,-0.55106,-2.3985,-4.1302,-2.5017,-1.6173,-3.2772
0.84333,-0.24001,-3.5959,1.6367,3.3536,-0.54301,0.4088,-2.3131,-4.2455,-2.6658,-1.8058,-3.3296
2.5049,-0.25015,-5.0002,1.1172,4.9149,-0.95958,1.3909,-2.2539,-4.4651,-2.8748,-2.0322,-3.3215
3.45,-0.048578,-5.3795,0.64878,5.5383,-0.89107,2.3578,-2.1738,-4.6922,-3.0673,-2.2173,-3.199
3.4654,0.20437,-4.8049,0.37153,5.1651,-0.50293,3.3318,-2.0838,-4.8506,-3.1913,-2.2908,-2.9326
2.5466,0.34522,-3.5389,0.39683,3.9383,-0.0059067,4.3797,-2.0442,-4.9111,-3.2165,-2.2105,-2.53
0.90012,0.24979,-1.9662,0.77408,2.184,0.40336,5.5166,-2.1291,-4.8956,-3.14,-1.9734,-2.0364
-1.1175,-0.1558,-0.54522,1.4785,0.33864,0.54808,6.6352,-2.3904,-4.8565,-2.9824,-1.614,-1.5185
-3.092,-0.89209,0.25795,2.4204,-1.1477,0.2897,7.5217,-2.8357,-4.8431,-2.7762,-1.1898,-1.0408
-4.6438,-1.9196,0.096937,3.4671,-1.9109,-0.43629,7.9392,-3.4174,-4.8733,-2.5523,-0.76125,-0.64395
-5.4984,-3.136,-1.134,4.4678,-1.7495,-1.5939,7.7304,-4.0377,-4.9215,-2.3303,-0.37401,-0.33857
-5.5295,-4.3816,-3.2923,5.2786,-0.66772,-3.0397,6.8821,-4.5752,-4.9267,-2.1143,-0.048742,-0.11351
-4.7802,-5.4658,-6.0359,5.7859,1.1139,-4.5454,5.532,-4.9253,-4.8161,-1.896,0.21706,0.050334
-3.4584,-6.2063,-8.8231,5.9252,3.1904,-5.836,3.926,-5.0368,-4.5343,-1.6609,0.43861,0.17014
-1.9018,-6.46,-10.972,5.6912,5.0471,-6.6299,2.3482,-4.9238,-4.0647,-1.3975,0.63186,0.25754
-0.50529,-6.142,-11.843,5.1373,6.1836,-6.6901,1.0442,-4.6541,-3.4361,-1.1052,0.80679,0.31842
0.38465,-5.2411,-11.016,4.3647,6.2545,-5.8769,0.16184,-4.3126,-2.715,-0.79764,0.96546,0.35378
0.56831,-3.8351,-8.4219,3.4989,5.1668,-4.1973,-0.26553,-3.9682,-1.9863,-0.50058,1.102,0.36089
0.043993,-2.093,-4.4232,2.6616,3.1085,-1.8443,-0.30426,-3.6511,-1.3298,-0.24501,1.2044,0.33504
-1.0026,-0.25219,0.24785,1.9453,0.50196,0.81665,-0.079735,-3.3528,-0.80088,-0.058286,1.2599,0.27306
-2.2645,1.4283,4.6989,1.4049,-2.1156,3.3332,0.29561,-3.0463,-0.41526,0.044233,1.2628,0.17915
-3.4128,2.7225,8.12,1.0631,-4.2425,5.2908,0.77632,-2.7138,-0.15294,0.066614,1.2233,0.071703
-4.1905,3.4838,9.9924,0.91711,-5.5321,6.424,1.3667,-2.3619,0.028749,0.035644,1.1698,-0.014449
-4.4637,3.6749,10.206,0.94226,-5.8466,6.6731,2.0684,-2.0192,0.17449,-0.0031813,1.1391,-0.03697
-4.2277,3.3753,9.0383,1.095,-5.2548,6.1738,2.8476,-1.7222,0.30818,-0.0054497,1.1573,0.033742
-3.5815,2.7592,7.0058,1.3186,-3.9895,5.1953,3.6253,-1.5019,0.4186,0.049164,1.2234,0.19526
-2.6818,2.0419,4.6675,1.5535,-2.3688,4.0576,4.2754,-1.3731,0.46538,0.14543,1.3075,0.40932
-1.6957,1.4051,2.4492,1.7534,-0.69758,3.0449,4.6559,-1.33,0.40459,0.23985,1.3631,0.61653
-0.76643,0.93313,0.56675,1.8997,0.8108,2.3061,4.6725,-1.3496,0.2168,0.2813,1.3459,0.76052
0.0033068,0.60134,-0.95526,2.0022,2.0586,1.7858,4.3316,-1.3942,-0.081376,0.23353,1.2301,0.81015
0.55671,0.3465,-2.2294,2.0862,3.0321,1.3024,3.7509,-1.4313,-0.44568,0.090266,1.017,0.77003
0.88253,0.17127,-3.3872,2.1722,3.7542,0.76184,3.1163,-1.4463,-0.82123,-0.12094,0.73577,0.6788
1.0079,0.18435,-4.4251,2.259,4.2571,0.28376,2.6181,-1.4438,-1.1561,-0.34438,0.4374,0.59535
0.9842,0.57082,-5.18,2.3143,4.5736,0.1391,2.4025,-1.4349,-1.4074,-0.5088,0.18392,0.57837
0.87372,1.5453,-5.401,2.2793,4.729,0.64814,2.5534,-1.4173,-1.5427,-0.54374,0.035981,0.6664
0.75104,3.2714,-4.7923,2.085,4.7315,2.1041,3.0947,-1.3631,-1.5413,-0.39616,0.0402,0.86543
0.70837,5.7724,-3.0813,1.6564,4.5659,4.6342,4.0011,-1.2235,-1.3961,-0.041836,0.21953,1.1504
0.83779,8.9655,-0.19135,0.89926,4.1944,8.0888,5.2241,-0.94852,-1.1132,0.51378,0.56989,1.4821
1.1863,12.806,3.6371,-0.3024,3.5693,12.203,6.7278,-0.50952,-0.70858,1.2461,1.065,1.8325
1.7135,17.319,8.0356,-2.064,2.6513,16.855,8.5103,0.090804,-0.19123,2.1273,1.6671,2.2024
2.2861,22.493,12.814,-4.4853,1.4251,22.054,10.6,0.82799,0.44061,3.1383,2.3392,2.6223
2.7213,28.173,17.973,-7.6625,-0.093768,27.767,13.047,1.676,1.1995,4.2721,3.0547,3.1414
2.8585,34.081,23.452,-11.652,-1.8562,33.81,15.914,2.623,2.1011,5.5297,3.8028,3.813
2.6153,39.898,28.964,-16.273,-3.7726,39.868,19.232,3.6717,3.1531,6.9104,4.5894,4.6793
2.0071,45.361,34.087,-20.928,-5.7071,45.595,22.871,4.8242,4.3465,8.4186,5.4367,5.7637
1.1548,50.311,38.507,-24.912,-7.4828,50.709,26.463,6.0607,5.6514,10.059,6.3836,7.0748
0.30086,54.715,42.212,-27.978,-8.905,55.053,29.584,7.3217,7.0149,11.821,7.4795,8.6164
-0.21158,58.639,45.529,-30.405,-9.8023,58.616,32.034,8.5141,8.3604,13.655,8.761,10.389
-0.040907,62.209,48.717,-32.651,-10.075,61.523,33.886,9.546,9.5946,15.456,10.225,12.375
1.014,65.563,51.394,-35.053,-9.7213,63.936,35.352,10.372,10.628,17.068,11.806,14.522
2.9114,68.814,53.105,-37.708,-8.8447,65.986,36.689,11,11.402,18.327,13.391,16.723
5.3387,72.024,54.122,-40.504,-7.686,67.796,38.257,11.462,11.907,19.121,14.849,18.83
7.7886,75.197,55.103,-43.217,-6.6314,69.51,40.521,11.762,12.165,19.435,16.09,20.714
9.7277,78.297,56.6,-45.603,-6.1206,71.253,43.489,11.827,12.202,19.346,17.086,22.312
10.761,81.23,58.902,-47.453,-6.4752,73.091,45.924,11.482,12.019,18.968,17.861,23.65
10.705,83.865,61.995,-48.644,-7.7717,75.026,46.011,10.531,11.582,18.393,18.459,24.799
9.603,86.112,65.587,-49.189,-9.8203,76.968,42.726,8.8712,10.838,17.658,18.901,25.835
7.7126,87.936,69.22,-49.218,-12.238,78.729,36.065,6.5484,9.7469,16.765,19.188,26.814
5.4432,89.3,72.409,-48.86,-14.573,80.08,26.62,3.7004,8.3132,15.705,19.315,27.759
3.2221,90.118,74.768,-48.157,-16.446,80.83,15.319,0.49927,6.6057,14.483,19.294,28.669
1.3584,90.282,76.111,-47.105,-17.634,80.892,3.4176,-2.8631,4.7294,13.121,19.147,29.522
0.0079716,89.714,76.491,-45.762,-18.081,80.284,-7.7202,-6.1785,2.7934,11.652,18.899,30.274
-0.75775,88.394,76.152,-44.314,-17.856,79.101,-16.904,-9.2516,0.87855,10.117,18.563,30.873
-0.88328,86.404,75.337,-43.051,-17.093,77.507,-23.308,-11.962,-0.97327,8.5618,18.14,31.269
-0.33961,84.013,73.967,-42.25,-15.935,75.729,-26.757,-14.333,-2.7521,7.0363,17.611,31.425
0.81993,81.607,71.607,-41.979,-14.48,73.946,-27.839,-16.534,-4.4621,5.5858,16.954,31.349
2.4384,79.376,67.93,-41.995,-12.763,72.126,-27.732,-18.754,-6.1034,4.2485,16.156,31.105
4.2829,77.122,63.185,-41.796,-10.796,70.034,-27.6,-21.043,-7.6588,3.0567,15.236,30.802
6.0824,74.405,57.983,-40.765,-8.6501,67.374,-27.925,-23.263,-9.0915,2.038,14.241,30.533
7.5603,70.777,52.575,-38.402,-6.4773,63.925,-28.743,-25.193,-10.352,1.2065,13.226,30.304
8.4726,65.971,46.748,-34.61,-4.4572,59.642,-29.955,-26.656,-11.389,0.55253,12.238,30.024
8.6513,60.033,40.434,-29.797,-2.7324,54.695,-31.264,-27.578,-12.17,0.041792,11.307,29.576
8.0397,53.369,34.235,-24.619,-1.3943,49.37,-32.368,-27.992,-12.688,-0.37263,10.435,28.88
6.7068,46.602,28.971,-19.655,-0.49547,43.97,-33.131,-28.016,-12.977,-0.73608,9.5917,27.911
4.832,40.301,24.882,-15.243,-0.051028,38.796,-33.523,-27.835,-13.101,-1.0842,8.7254,26.672
2.6626,34.752,21.69,-11.451,-0.02886,34.088,-33.503,-27.634,-13.143,-1.4416,7.7905,25.176
0.45556,29.85,18.94,-8.142,-0.34013,29.871,-33.009,-27.538,-13.177,-1.825,6.7725,23.46
-1.5704,25.159,16.172,-5.0803,-0.83738,25.886,-32.039,-27.585,-13.262,-2.2475,5.6934,21.58
-3.2436,20.091,13.118,-2.1278,-1.3269,21.653,-30.697,-27.747,-13.432,-2.7244,4.5969,19.605
-4.4183,14.238,9.842,0.54484,-1.604,16.762,-29.159,-27.962,-13.715,-3.2772,3.5256,17.557
-4.9758,8.0731,6.5999,2.5549,-1.5019,11.441,-27.579,-28.173,-14.142,-3.9348,2.5003,15.378
-4.8695,2.9763,3.5902,3.7164,-0.93581,6.6394,-26.03,-28.347,-14.746,-4.7333,1.5135,12.948
-4.1688,-0.33359,0.87171,4.1883,0.070225,3.0212,-24.488,-28.484,-15.55,-5.7162,0.53704,10.218
-3.0666,-2.2535,-1.5661,4.2713,1.3802,0.48073,-22.858,-28.596,-16.563,-6.9355,-0.46402,7.3311
-1.8535,-3.4212,-3.7177,4.2416,2.7698,-1.3618,-21.025,-28.692,-17.785,-8.4495,-1.528,4.5773
-0.8635,-4.2867,-5.5358,4.3159,3.9737,-2.8012,-18.941,-28.773,-19.224,-10.316,-2.7016,2.1847
-0.39248,-5.1095,-6.9437,4.6488,4.7457,-4.002,-16.703,-28.842,-20.908,-12.589,-4.038,0.19227
-0.61576,-6.0124,-7.8555,5.3167,4.9156,-5.027,-14.552,-28.937,-22.882,-15.325,-5.5876,-1.4874
-1.5345,-7.0128,-8.205,6.3015,4.4332,-5.8668,-12.767,-29.133,-25.19,-18.572,-7.3913,-2.9508
-2.969,-8.0455,-7.9904,7.4904,3.3925,-6.4781,-11.551,-29.523,-27.835,-22.312,-9.4752,-4.2506
-4.6021,-8.9931,-7.3136,8.7001,2.0238,-6.8259,-10.976,-30.166,-30.736,-26.388,-11.832,-5.3963
-6.0626,-9.7273,-6.3846,9.7317,0.64608,-6.913,-10.986,-31.048,-33.713,-30.502,-14.402,-6.3736
-7.0279,-10.165,-5.4882,10.446,-0.40657,-6.7951,-11.442,-32.066,-36.538,-34.328,-17.073,-7.1699
-7.313,-10.327,-4.9242,10.826,-0.87141,-6.5925,-12.173,-33.065,-39.019,-37.654,-19.717,-7.795
-6.9166,-10.364,-4.9268,10.985,-0.63556,-6.4782,-13.032,-33.898,-41.049,-40.417,-22.233,-8.2888
-6.0215,-10.505,-5.5868,11.12,0.22273,-6.6199,-13.921,-34.482,-42.621,-42.666,-24.559,-8.7107
-4.9618,-10.957,-6.8036,11.442,1.4418,-7.0993,-14.772,-34.811,-43.787,-44.493,-26.674,-9.1199
-4.1702,-11.812,-8.2791,12.09,2.6227,-7.862,-15.512,-34.926,-44.607,-45.983,-28.576,-9.5561
-4.0673,-12.987,-9.5784,13.087,3.3176,-8.7276,-16.047,-34.851,-45.103,-47.189,-30.253,-10.029
-4.8851,-14.251,-10.251,14.333,3.1585,-9.4558,-16.308,-34.551,-45.227,-48.119,-31.665,-10.518
-6.5794,-15.336,-9.9709,15.659,1.9766,-9.8389,-16.276,-33.916,-44.868,-48.752,-32.766,-10.981
-8.9278,-16.094,-8.6552,16.909,-0.14299,-9.7813,-15.933,-32.792,-43.893,-49.058,-33.541,-11.377
-11.652,-16.556,-6.5029,18.011,-2.8846,-9.3267,-15.236,-31.034,-42.189,-49.012,-34.041,-11.711
-14.448,-16.871,-3.9353,19.009,-5.7869,-8.6223,-14.138,-28.599,-39.699,-48.604,-34.412,-12.065
-17.023,-17.214,-1.4461,20.067,-8.3705,-7.8442,-12.653,-25.72,-36.456,-47.836,-34.896,-12.643
-19.175,-17.731,0.56247,21.424,-10.275,-7.1363,-11.012,-23.473,-32.634,-46.731,-35.811,-13.819
-20.888,-18.527,1.8749,23.273,-11.365,-6.5927,-10.233,-25.754,-28.768,-45.313,-37.4,-16.44
-22.387,-19.563,2.4746,25.468,-11.758,-6.2509,-12.528,-37.833,-26.378,-43.576,-39.539,-22.245
-23.992,-20.51,2.4907,27.35,-11.792,-6.0492,-11.071,-35.398,-29.09,-41.406,-41.608,-26.717
-25.581,-20.884,2.1072,28.289,-11.931,-5.8462,-0.61966,-20.477,-32.759,-38.477,-42.479,-29.354
-26.475,-20.583,1.5126,28.222,-12.506,-5.6209,12.576,-3.6077,-26.199,-34.098,-42.92,-32.078
-26.6,-20.099,1.1172,27.625,-13.251,-5.6249,26.181,13.64,-17.723,-27.517,-44.029,-35.231
-26.792,-19.94,2.5003,27.376,-13.578,-6.1164,39.147,31.269,-9.2627,-22.707,-46.113,-39.371
-28.261,-20.644,5.7975,28.893,-13.497,-6.781,51.735,51.109,0.12737,-35.25,-48.95,-44.951
-32.906,-27.868,4.0656,34.911,-13.314,-10.594,65.743,76.887,12.783,-35.374,-54.102,-52.985
-41.63,-42.325,-0.7239,45.276,-13.968,-20.752,84.547,112.95,32.272,-33.114,-64.266,-68.178
-50.652,-54.469,-4.2484,55.691,-17.086,-28.789,112.88,162.74,62.447,-29.934,-82.903,-95.104
-60.299,-63.251,-3.395,65.101,-21.384,-31.716,154.3,228.08,105.53,-25.754,-112.67,-135.91
-70.675,-65.418,4.0027,71.571,-28.918,-27.299,207.72,308.38,160.87,-19.919,-152.67,-189.08
-80.966,-58.646,18.99,73.56,-42.421,-14.416,267.49,402.06,226.76,-10.37,-197.2,-248.27
-88.919,-41.873,41.893,69.229,-61.487,6.2467,325.42,503.32,304.51,7.8081,-236.4,-303
-89.607,-15.174,69.625,56.003,-79.551,32.339,372.9,604.76,396.1,43.13,-257.05,-340.23
-76.966,20.861,94.765,31.287,-86.745,60.992,402.78,703.43,504.87,106.72,-243.2,-345.36
-45.964,66.277,111.83,-7.1407,-78.84,90.573,410.39,799.92,635.71,209.3,-178.99,-304.65
6.705,122.71,120.16,-61.418,-55.289,121.53,393.37,891.39,790.12,358.72,-52.165,-208.45
80.69,192.65,120.86,-132.52,-17.904,155.68,350.09,966.05,960.35,557.22,144.07,-50.682
170.96,277.24,116.7,-219.04,29.464,195.25,278.09,1002.1,1125.5,796.52,408.22,170.65
269.95,374.35,114.33,-316.76,80.314,242.03,174.79,971.82,1253.1,1056.2,727.42,449.05
368.35,478.42,118.99,-418.32,126.43,296.41,40.592,849.7,1306.3,1306.9,1076.6,767.34
454.78,582.21,133.58,-513.71,160.21,356.27,-117.61,623.61,1254.7,1514.8,1420.2,1098.1
518.07,675.31,159.83,-591.91,176.73,416.58,-285.82,302.63,1084.4,1648.1,1717.4,1406.6
550.99,744.01,194.38,-643.01,175.66,468.81,-446.29,-81.916,803.9,1682.2,1928.6,1656.6
552.72,775.88,225.44,-660.55,161.99,501.46,-582,-483.86,442.62,1603.9,2023.1,1817.6
528.62,763.73,238.43,-643.53,144.66,504.05,-680.93,-855.26,41.557,1413.2,1985.6,1871.1
487.84,708.1,224.26,-596.54,133.06,471.4,-738.87,-1159.9,-358.95,1122.4,1818.5,1814.8
439.71,617.34,182.23,-528.08,132.03,406.31,-760.17,-1381.5,-728.6,753.8,1540.9,1661.2
390.07,506.04,121.13,-448.07,138.28,319.85,-755.6,-1524.2,-1050.2,337.14,1183.5,1433.9
339.94,390.82,55.853,-365.32,142.41,228.03,-738.51,-1605,-1316.8,-93.875,783.24,1161.1
287.9,284.45,0.3481,-285.68,138.87,145.31,-720.85,-1644,-1526.5,-504.69,377.37,869.89
233.03,191.83,-38.768,-211.37,129.64,78.39,-710.44,-1656.4,-1679.5,-863.46,-0.40547,583.21
176.76,110.42,-64.24,-142.19,118.02,24.819,-709.99,-1649.5,-1776,-1145.1,-323.28,318.68
123.29,34.381,-85.198,-77.66,106.61,-23.189,-717.95,-1624.5,-1816.7,-1335.6,-574.01,88.682
76.416,-40.488,-110.94,-17.35,98.59,-72.741,-730.32,-1580,-1804.5,-1434,-746.36,-99.087
38.052,-113.44,-144.12,37.936,96.044,-125.5,-742.58,-1515.8,-1746.7,-1451.5,-844.33,-240.99
9.0807,-178.75,-179.6,85.308,96.875,-176.61,-751.18,-1432.1,-1653.6,-1406.4,-878.92,-336.58
-10.647,-228.16,-208.6,120.84,97.586,-217.25,-752.45,-1332,-1535.7,-1318.7,-864.29,-388.32
-22.378,-254.84,-222.68,141.4,95.401,-239.33,-742.73,-1219.4,-1401.3,-1205.6,-814.79,-401.88
-28.229,-257.14,-218.07,146.38,89.016,-239.56,-719.52,-1095.8,-1256.6,-1080.4,-743.59,-386.12
-30.348,-239.46,-198.5,138.48,78.964,-221.06,-681.72,-963.03,-1107.7,-953.18,-662.29,-352.21
-30.545,-210.18,-171.95,122.98,67.13,-192.08,-629.69,-825.33,-959.87,-831.25,-580.71,-311.78
-29.209,-178.17,-143.2,105.66,55.718,-161.36,-565.52,-688.75,-817.57,-718.57,-505.78,-273.93
-18.696,-149.65,-117.01,90.258,45.721,-134.65,-492.72,-559.39,-683.85,-615.53,-439.77,-242.53
-14.477,-127.14,-96.701,77.852,37.453,-114.07,-415.53,-442.33,-561.53,-521.28,-381.62,-216.68
-12.182,-110.04,-82.051,67.763,30.99,-98.672,-338.58,-340.75,-452.7,-435.71,-327.73,-193.42
-9.9826,-96.162,-70.683,58.645,26.22,-86.116,-266.59,-255.17,-358.02,-358.09,-275.82,-169.78
-7.8738,-84.017,-60.8,50.482,22.761,-74.965,-203.35,-184.18,-276.71,-288.44,-228.81,-144.74
-6.0297,-73.599,-52.232,43.97,19.796,-65.275,-150.55,-125.2,-207.27,-226.82,-185.26,-119.96
-4.6118,-64.613,-45.403,38.739,15.597,-57.226,-107.27,-75.662,-148.24,-173.66,-145.34,-94.987
-3.7154,-56.798,-40.723,34.219,8.988,-51.428,-72.252,-34.622,-98.435,-129.88,-111.02,-71.138
-3.3455,-50.527,-37.952,30.267,4.2604,-47.864,-48.455,-2.3582,-57.145,-96.084,-84.539,-52.537
-3.4149,-46.486,-34.972,27.053,2.3518,-44.912,-35.485,21.214,-25.439,-71.624,-66.878,-41.507
-3.7677,-44.039,-28.941,24.438,1.2694,-42.017,-29.896,37.222,-2.8341,-54.347,-56.798,-37.384
-4.2165,-41.653,-21.446,21.773,0.43029,-38.474,-28.635,47.492,13.351,-41.647,-51.558,-37.873
-4.5735,-38.422,-15.234,18.527,-0.059199,-34.375,-29.363,54.07,25.146,-31.472,-48.332,-40.322
-4.6734,-34.426,-10.996,15.066,-0.0080748,-30.396,-30.493,58.924,33.676,-22.727,-45.033,-42.288
-4.3908,-30.55,-8.8118,12.283,0.5819,-27.447,-31.059,63.041,40.108,-15.21,-40.616,-41.565
-3.632,-27.642,-9.066,10.506,1.6048,-26.177,-25.793,68.52,45.203,-9.1676,-35.043,-35.524
-2.2907,-25.915,-11.888,9.4802,3.1593,-26.574,-19.139,78.376,46.425,-4.9538,-28.714,-28.062
-0.21992,-25.139,-16.886,8.7966,5.5572,-28.127,-14.478,89.933,48.558,-2.0264,-23.002,-23.629
2.7148,-24.82,-23.247,8.0777,8.9841,-30.118,-11.086,99.88,54.876,-0.073844,-18.622,-21.361
6.4788,-24.328,-29.861,7.051,13.195,-31.763,-8.2781,107.62,63.371,1.8622,-15.526,-20.287
10.671,-23.14,-35.361,5.617,17.452,-32.358,-5.7007,113.6,72.321,4.1098,-13.273,-19.817
14.488,-21.097,-38.318,3.8931,20.691,-31.49,-3.1934,118.39,80.401,6.7378,-11.437,-19.583
16.982,-18.457,-37.765,2.1942,21.876,-29.183,-0.69974,122.43,86.939,9.7425,-9.7486,-19.318
17.433,-15.715,-33.612,0.92382,20.42,-25.841,1.7804,126.02,92.032,13.039,-8.0922,-18.845
15.576,-13.368,-26.595,0.43084,16.427,-22.039,4.2201,129.34,96.179,16.464,-6.4727,-18.091
11.629,-11.776,-17.987,0.89241,10.615,-18.363,6.5871,132.52,99.888,19.826,-4.9478,-17.068
6.2154,-11.075,-9.3037,2.2446,4.0275,-15.316,8.8602,135.62,103.52,22.977,-3.568,-15.847
0.18903,-11.115,-1.8768,4.1923,-2.3591,-13.177,11.03,138.72,107.26,25.86,-2.3552,-14.527
-5.5822,-11.515,3.5434,6.3351,-7.8758,-11.862,13.084,141.84,111.13,28.514,-1.3121,-13.226
-10.429,-11.905,6.731,8.3487,-12.099,-10.994,14.996,144.98,115.04,31.033,-0.43378,-12.062
-14,-12.193,7.7212,10.044,-14.587,-10.288,16.736,148.1,118.81,33.525,0.28991,-11.111
-16.116,-12.483,6.859,11.29,-15.027,-9.8078,18.286,151.1,122.3,36.085,0.87563,-10.389
-16.6,-12.802,4.8464,11.976,-13.788,-9.7176,19.653,153.89,125.42,38.768,1.3436,-9.8575
-15.428,-13.053,2.3304,12.036,-11.676,-10.019,20.854,156.39,128.19,41.562,1.7129,-9.45
-12.882,-13.104,-0.37398,11.441,-9.1553,-10.584,21.888,158.64,130.68,44.361,2.0009,-9.101
-9.3565,-12.85,-3.1674,10.215,-6.2719,-11.256,22.74,160.8,133.01,46.993,2.2274,-8.7639
-5.1493,-12.235,-6.0108,8.442,-2.9881,-11.898,23.403,163.12,135.28,49.319,2.4213,-8.4164
-0.50814,-11.253,-8.8014,6.2705,0.61034,-12.391,23.905,165.87,137.6,51.327,2.6223,-8.0577
4.1865,-9.9626,-11.309,3.9198,4.2095,-12.635,24.318,169.18,139.99,53.112,2.8746,-7.7021
8.3318,-8.4869,-13.187,1.6725,7.2915,-12.559,24.727,172.97,142.42,54.792,3.2125,-7.3718
11.261,-6.9934,-14.061,-0.17611,9.3052,-12.126,25.192,176.94,144.81,56.438,3.6493,-7.087
12.515,-5.6511,-13.672,-1.3812,9.861,-11.351,25.726,180.68,147.02,58.057,4.1781,-6.8536
12.001,-4.587,-12.002,-1.8202,8.8778,-10.297,26.291,183.88,148.98,59.613,4.7825,-6.6566
10.002,-3.8622,-9.3266,-1.5333,6.627,-9.0813,26.827,186.42,150.64,61.063,5.4445,-6.4663
7.0702,-3.4788,-6.1609,-0.69813,3.6423,-7.8672,27.273,188.39,152.02,62.365,6.1423,-6.2544
3.8541,-3.403,-3.1331,0.43839,0.55797,-6.8402,27.59,190.04,153.19,63.5,6.85,-6.0086
0.92294,-3.5861,-0.79622,1.6376,-2.0733,-6.1617,27.769,191.66,154.25,64.491,7.546,-5.7366
-1.3447,-3.9726,0.53007,2.7234,-3.9148,-5.9164,27.828,193.48,155.34,65.415,8.2283,-5.4608
-2.7952,-4.5021,0.81636,3.6039,-4.871,-6.0861,27.813,195.64,156.61,66.383,8.9242,-5.2087
-3.4852,-5.1109,0.27872,4.2622,-5.0357,-6.5618,27.772,198.13,158.2,67.508,9.6886,-5.0012
-3.5926,-5.7317,-0.73182,4.7184,-4.6285,-7.186,27.751,200.89,160.2,68.866,10.592,-4.8425
-3.2834,-6.2929,-1.8692,4.9855,-3.9146,-7.8086,27.767,203.82,162.61,70.476,11.702,-4.7146
-2.6793,-6.7274,-2.9139,5.0582,-3.103,-8.338,27.82,206.83,165.4,72.309,13.062,-4.5803
-1.8613,-6.988,-3.8235,4.9282,-2.2746,-8.7635,27.891,209.9,168.47,74.308,14.671,-4.3905
-0.82719,-7.0597,-4.6887,4.5945,-1.3887,-9.1389,27.97,213.05,171.75,76.41,16.501,-4.0942
0.48996,-6.9592,-5.6352,4.0673,-0.36414,-9.5369,28.065,216.4,175.23,78.573,18.521,-3.6459
2.1352,-6.7219,-6.7361,3.3735,0.83755,-10.001,28.206,220.07,178.97,80.796,20.716,-3.0129
4.0665,-6.3837,-7.9716,2.5583,2.1866,-10.52,28.426,224.16,183.08,83.121,23.082,-2.1845
6.1604,-5.9648,-9.2383,1.6746,3.5981,-11.025,28.744,228.72,187.61,85.605,25.6,-1.1806
8.2633,-5.465,-10.38,0.76651,4.9502,-11.416,29.158,233.69,192.53,88.299,28.243,-0.049987
10.232,-4.8709,-11.223,-0.1363,6.1045,-11.593,29.658,238.92,197.7,91.239,30.99,1.1476
11.941,-4.1744,-11.625,-1.0082,6.9311,-11.486,30.242,244.18,202.98,94.453,33.859,2.3756
13.289,-3.3957,-11.523,-1.8116,7.3396,-11.085,30.916,249.22,208.25,97.944,36.909,3.6483
14.21,-2.5992,-10.966,-2.491,7.3023,-10.454,31.68,253.85,213.42,101.66,40.202,5.0297
14.679,-1.8905,-10.11,-2.9811,6.8638,-9.7318,32.509,258.04,218.44,105.51,43.73,6.6027
14.721,-1.3901,-9.1786,-3.2273,6.1316,-9.0922,33.344,261.96,223.35,109.33,47.369,8.4251
14.405,-1.1911,-8.3892,-3.2079,5.2508,-8.6877,34.114,265.93,228.25,113.06,50.915,10.494
13.854,-1.3196,-7.8864,-2.948,4.3658,-8.5898,34.766,270.33,233.31,116.69,54.201,12.736
13.228,-1.7144,-7.6971,-2.5272,3.5859,-8.7626,35.296,275.47,238.65,120.27,57.18,15.038
12.716,-2.2327,-7.7366,-2.0873,2.9739,-9.0786,35.741,281.41,244.29,123.9,59.918,17.291
12.539,-2.681,-7.8554,-1.8357,2.5578,-9.3644,36.158,287.94,250.05,127.68,62.53,19.436
12.975,-2.863,-7.8974,-2.0361,2.3414,-9.4552,36.598,294.68,255.68,131.61,65.126,21.476
14.329,-2.6334,-7.7501,-2.9887,2.3088,-9.2406,37.083,301.37,260.98,135.66,67.79,23.471
16.828,-1.9359,-7.378,-5.0108,2.4368,-8.6964,37.591,308.03,266.02,139.75,70.58,25.517
20.422,-0.81279,-6.8353,-8.3589,2.7119,-7.8925,38.067,314.85,270.98,143.77,73.511,27.697
24.601,0.61381,-6.2546,-12.936,3.1451,-6.9743,38.435,322.05,276.09,147.64,76.541,30.044
28.637,2.1733,-5.8121,-18.004,3.7744,-6.1175,38.624,329.76,281.53,151.33,79.576,32.518
32.151,3.6967,-5.6787,-22.617,4.6486,-5.4712,38.594,337.95,287.4,154.83,82.531,35.008
35.257,5.0964,-5.9695,-26.375,5.7978,-5.1088,38.358,346.53,293.74,158.24,85.381,37.362
38.297,6.4413,-6.7111,-29.491,7.2134,-5.0058,37.986,355.35,300.56,161.67,88.174,39.442
41.614,7.9625,-7.8325,-32.408,8.8709,-5.0578,37.582,364.24,307.82,165.3,91.023,41.208
45.45,9.975,-9.1823,-35.482,10.776,-5.1284,37.242,373.02,315.47,169.3,94.079,42.773
49.819,12.742,-10.564,-38.821,12.962,-5.1057,37.008,381.56,323.37,173.84,97.505,44.377
54.425,16.301,-11.768,-42.275,15.421,-4.931,36.854,389.83,331.37,178.97,101.42,46.325
58.779,20.352,-12.596,-45.547,18.046,-4.5901,36.695,398.01,339.36,184.61,105.84,48.953
62.387,24.392,-12.881,-48.334,20.573,-4.0867,36.417,406.48,347.4,190.54,110.64,52.519
64.863,28.056,-12.534,-50.445,22.581,-3.4236,35.922,415.71,355.69,196.5,115.54,56.959
66.102,31.291,-11.585,-51.882,23.688,-2.6029,35.174,426.06,364.47,202.27,120.23,61.769
66.36,34.255,-10.192,-52.841,23.875,-1.6381,34.225,437.57,373.78,207.81,124.5,66.376
66.168,37.167,-8.6184,-53.658,23.582,-0.56834,33.205,449.95,383.32,213.15,128.41,70.498
66.176,40.2,-7.1676,-54.715,23.519,0.53721,32.267,462.74,392.63,218.4,132.18,74.16
66.988,43.445,-6.0928,-56.321,24.325,1.5924,31.523,475.38,401.35,223.68,136.13,77.592
69.012,46.922,-5.5151,-58.625,26.213,2.5224,31.003,487.37,409.39,229.05,140.52,81.108
72.307,50.59,-5.4018,-61.618,28.878,3.2908,30.649,498.45,416.91,234.53,145.47,85.001
76.454,54.358,-5.6049,-65.123,31.792,3.9103,30.333,508.59,424.15,240.08,150.93,89.445
80.728,58.093,-5.9364,-68.798,34.534,4.4369,29.888,517.91,431.43,245.64,156.68,94.437
84.546,61.678,-6.2532,-72.301,36.841,4.9658,29.159,526.66,439.06,251.21,162.45,99.798
87.716,65.073,-6.5226,-75.516,38.616,5.6284,28.059,535.1,447.27,256.82,168.02,105.27
90.4,68.319,-6.8394,-78.587,40.001,6.5821,26.619,543.38,455.94,262.54,173.33,110.62
93.018,71.531,-7.3734,-81.801,41.374,7.9716,24.986,551.53,464.53,268.43,178.4,115.77
96.093,74.877,-8.2714,-85.445,43.209,9.8569,23.308,559.29,472.4,274.41,183.38,120.72
100.07,78.513,-9.5464,-89.742,45.853,12.175,21.599,566.33,479.24,280.34,188.55,125.73
105.12,82.476,-11.005,-94.797,49.322,14.827,19.718,572.45,485.21,286.09,194.24,131.27
111.03,86.677,-12.27,-100.47,53.232,17.803,17.474,577.79,490.71,291.61,200.71,137.82
117.07,91.017,-12.897,-106.33,56.869,21.194,14.732,582.68,496.02,296.87,207.91,145.49
122.42,95.481,-12.537,-111.85,59.54,25.104,11.464,587.46,501.21,301.81,215.55,153.91
126.79,100.13,-11.098,-116.85,61.039,29.561,7.7418,592.3,506.22,306.38,223.26,162.52
130.53,105.02,-8.8063,-121.43,61.722,34.45,3.7166,597.18,510.98,310.57,230.73,170.88
134.28,110.24,-6.1556,-125.86,62.263,39.534,-0.40185,601.85,515.38,314.45,237.75,178.83
138.6,115.83,-3.7479,-130.42,63.362,44.528,-4.3829,606.04,519.31,318.1,244.24,186.39
143.81,121.81,-2.1098,-135.35,65.483,49.183,-8.0513,609.5,522.6,321.58,250.28,193.57
149.85,128.15,-1.536,-140.73,68.626,53.317,-11.377,612.08,525.17,324.91,256.02,200.46
156.31,134.63,-2.0134,-146.42,72.313,56.817,-14.505,613.65,526.98,328.06,261.69,207.25
162.52,140.93,-3.2651,-152.07,75.915,59.661,-17.68,613.98,527.94,330.96,267.53,214.21
167.72,146.7,-4.862,-157.17,78.996,61.936,-21.12,612.75,527.9,333.52,273.64,221.61
171.4,151.71,-6.3346,-161.35,81.326,63.812,-24.925,609.72,526.65,335.64,279.93,229.71
173.5,155.86,-7.2743,-164.47,82.739,65.462,-29.083,604.8,523.96,337.3,286.13,238.58
174.27,159.19,-7.423,-166.68,83.125,66.988,-33.594,597.97,519.77,338.5,292.02,247.85
174.19,161.87,-6.7267,-168.27,82.558,68.423,-38.586,589.13,514.22,339.29,297.57,256.85
173.82,164.19,-5.34,-169.59,81.369,69.796,-44.192,578.32,507.66,339.66,302.85,265.07
173.74,166.4,-3.5787,-170.97,80.055,71.175,-50.312,565.61,500.4,339.66,307.92,272.44
174.35,168.65,-1.8409,-172.73,79.101,72.627,-56.755,550.98,492.52,339.3,312.82,279.26
175.81,170.92,-0.5252,-174.97,78.816,74.125,-63.542,534.23,483.84,338.65,317.62,285.97
178.05,173.06,0.055702,-177.6,79.26,75.517,-70.761,515.32,474.07,337.76,322.41,292.93
180.91,174.96,-0.24538,-180.36,80.356,76.583,-78.314,494.73,462.96,336.66,327.22,300.28
184.13,176.51,-1.3729,-182.97,82.001,77.166,-85.932,473.3,450.35,335.33,332.02,307.98
187.42,177.71,-3.0769,-185.24,84.014,77.253,-93.361,451.66,436.35,333.73,336.69,315.76
190.37,178.57,-4.9545,-187.06,86.061,76.954,-100.49,430.07,421.45,331.83,341.16,323.18
192.62,179.05,-6.5379,-188.29,87.707,76.431,-107.33,408.49,406.42,329.59,345.41,329.82
193.9,179.02,-7.4243,-188.79,88.564,75.832,-113.96,386.75,391.92,327.04,349.46,335.36
194.04,178.27,-7.3951,-188.36,88.433,75.269,-120.38,364.66,378.21,324.21,353.29,339.56
192.91,176.7,-6.4815,-186.88,87.355,74.767,-126.4,341.94,365.13,321.21,356.65,342.23
190.42,174.31,-4.95,-184.36,85.554,74.239,-131.64,318.45,352.27,318.11,359.17,343.24
186.64,171.15,-3.2135,-180.92,83.315,73.501,-135.63,294.29,339.08,314.87,360.42,342.8
181.87,167.18,-1.7039,-176.69,80.844,72.336,-138.12,269.87,325.07,311.33,360.05,341.23
176.47,162.36,-0.74545,-171.7,78.206,70.568,-139.18,245.75,309.91,307.15,357.69,338.59
170.63,156.71,-0.46638,-165.97,75.438,68.133,-139.05,222.51,293.57,301.88,353.03,334.52
164.3,150.48,-0.77534,-159.47,72.609,65.134,-137.98,200.6,276.54,295.1,346.01,328.44
157.24,143.99,-1.4088,-152.29,69.618,61.812,-136.12,180.36,259.69,286.5,336.8,319.9
149.35,137.5,-2.0291,-144.68,66.154,58.431,-133.61,161.93,243.88,276.2,325.75,308.73
140.77,131.14,-2.3371,-136.99,61.922,55.18,-130.6,145.23,229.45,265.03,313.22,295.11
131.79,124.92,-2.1604,-129.47,56.793,52.153,-127.3,129.99,216.11,253.72,299.49,279.56
122.76,118.79,-1.489,-122.19,50.89,49.377,-123.85,115.74,203.18,242.35,284.75,262.86
114.07,112.63,-0.44174,-115.12,44.737,46.818,-120.29,102.06,189.87,230.54,269.12,245.92
106.03,106.43,0.82116,-108.19,39.115,44.366,-116.55,88.733,175.58,217.85,252.75,229.49
98.732,100.21,2.1801,-101.33,34.442,41.834,-112.47,75.725,160.16,204.08,235.8,213.86
91.898,94.02,3.5585,-94.475,30.496,39.053,-107.87,63.002,143.97,189.23,218.47,198.96
85.102,87.861,4.9223,-87.623,26.749,36.033,-102.66,50.422,127.75,173.55,200.89,184.51
77.947,81.79,6.3792,-80.698,22.649,33.002,-96.857,38.192,112.3,157.48,183.35,170.27
70.153,75.968,8.1925,-73.567,17.79,30.254,-90.524,27.466,98.248,141.73,166.37,156.2
61.647,70.553,10.594,-66.24,12.224,27.995,-83.763,19.406,85.887,127.19,150.67,142.49
52.766,65.57,13.601,-59.023,6.7059,26.287,-76.691,13.839,75.141,114.55,136.83,129.46
44.255,60.889,16.972,-52.392,2.1311,25.03,-69.48,9.8445,65.549,103.9,124.96,117.48
36.806,56.307,20.281,-46.744,-1.2417,23.997,-62.367,6.6947,56.249,94.715,114.81,107
30.501,51.621,23.049,-42.246,-3.6547,22.935,-55.622,4.0231,46.349,86.2,105.97,98.225
24.717,46.668,24.9,-38.661,-5.3846,21.652,-49.491,1.689,36.515,77.76,97.918,90.821
18.616,41.438,25.68,-35.387,-6.6029,20.059,-44.123,-0.34712,28.776,69.437,90.094,84.161
12.352,36.19,25.51,-31.79,-7.4491,18.185,-39.504,-2.0906,23.315,62.05,82.285,77.724
7.1967,31.246,24.746,-27.514,-8.1036,16.19,-35.477,-3.553,19.146,56.14,74.636,71.241
3.7304,26.796,23.841,-22.628,-8.7701,14.318,-31.862,-4.7666,15.675,50.975,67.292,64.713
1.6027,22.94,23.171,-17.549,-9.5962,12.788,-28.574,-5.791,12.691,45.655,60.413,58.389
0.34707,19.712,22.925,-12.824,-10.602,11.695,-25.638,-6.7081,10.101,40.234,54.266,52.612
-0.36243,17.035,23.053,-8.9125,-11.672,10.959,-23.103,-7.6004,7.8355,35.196,49.027,47.588
-0.75001,14.708,23.316,-5.9982,-12.629,10.322,-20.97,-8.5166,5.8324,30.722,44.591,43.308
-0.99691,12.464,23.401,-3.924,-13.326,9.4525,-19.182,-9.4457,4.0497,26.692,40.631,39.616
-1.2746,10.107,23.056,-2.3491,-13.714,8.1285,-17.664,-10.323,2.4708,22.947,36.803,36.346
-1.7389,7.6241,22.189,-0.95695,-13.85,6.3638,-16.368,-11.07,1.0978,19.439,32.92,33.412
-2.4911,5.1494,20.912,0.43795,-13.866,4.3605,-15.291,-11.643,-0.061974,16.239,29.079,30.8
-3.5383,2.8441,19.494,1.8821,-13.909,2.3725,-14.464,-12.057,-1.0122,13.438,25.609,28.451
-4.7761,0.85201,18.249,3.3033,-14.072,0.62969,-13.917,-12.373,-1.7798,11.071,22.627,26.207
-6.0001,-0.67776,17.431,4.5319,-14.369,-0.67004,-13.646,-12.661,-2.4176,9.124,19.925,23.952
-6.9515,-1.6063,17.167,5.3506,-14.729,-1.3759,-13.596,-12.969,-2.9946,7.5554,17.408,21.746
-7.3895,-1.8668,17.433,5.5757,-15.031,-1.4268,-13.661,-13.313,-3.5776,6.3098,15.181,19.752
-7.1617,-1.5063,18.074,5.1271,-15.167,-0.88586,-13.715,-13.691,-4.2137,5.3174,13.345,18.107
-6.2446,-0.67141,18.862,4.0531,-15.089,0.072965,-13.657,-14.113,-4.9191,4.5019,11.892,16.846
-4.7484,0.434,19.582,2.5276,-14.819,1.2149,-13.449,-14.612,-5.6841,3.792,10.733,15.907
-2.9031,1.576,20.087,0.83209,-14.413,2.2929,-13.117,-15.225,-6.4737,3.1336,9.7562,15.176
-1.0374,2.5118,20.3,-0.69343,-13.925,3.0914,-12.721,-15.961,-7.2421,2.4953,8.8775,14.536
0.46723,3.0391,20.191,-1.7362,-13.423,3.4744,-12.318,-16.775,-7.9451,1.8779,8.0544,13.907
1.2602,3.0538,19.801,-2.0901,-13.055,3.4191,-11.94,-17.569,-8.5534,1.3039,7.282,13.258
1.1066,2.5667,19.26,-1.6891,-13.039,3.0073,-11.578,-18.228,-9.0615,0.8047,6.5926,12.599
-0.081004,1.6794,18.734,-0.593,-13.538,2.3842,-11.194,-18.67,-9.4855,0.40733,6.0322,11.972
-2.2065,0.54671,18.337,1.0352,-14.515,1.7068,-10.73,-18.884,-9.8483,0.12495,5.6402,11.422
-4.9543,-0.66061,18.087,2.9497,-15.745,1.0981,-10.15,-18.925,-10.159,-0.045732,5.4326,10.982
-7.8548,-1.7905,17.905,4.8541,-16.936,0.61643,-9.4694,-18.879,-10.397,-0.12079,5.395,10.657
-10.384,-2.7321,17.622,6.4533,-17.789,0.24833,-8.7623,-18.808,-10.512,-0.12099,5.4899,10.428
-12.044,-3.4169,17.015,7.5024,-18.017,-0.079042,-8.1321,-18.712,-10.44,-0.064057,5.6712,10.265
-12.46,-3.7992,15.859,7.8302,-17.387,-0.45664,-7.6612,-18.529,-10.132,0.038986,5.8965,10.153
-11.457,-3.8484,14.02,7.3584,-15.793,-0.94379,-7.3734,-18.164,-9.5802,0.18343,6.1351,10.097
-9.1061,-3.5704,11.524,6.1339,-13.308,-1.5479,-7.2258,-17.526,-8.8319,0.36888,6.3724,10.11
-5.7147,-3.0308,8.568,4.3485,-10.173,-2.2283,-7.129,-16.576,-7.9794,0.59654,6.6113,10.202
-1.7895,-2.3472,5.4837,2.3105,-6.7565,-2.9077,-6.9837,-15.371,-7.1317,0.86503,6.8666,10.367
2.0368,-1.6525,2.6683,0.37493,-3.5144,-3.4858,-6.7153,-14.064,-6.3819,1.1655,7.1527,10.58
5.1108,-1.0583,0.50362,-1.1388,-0.90818,-3.8614,-6.2938,-12.851,-5.7809,1.4782,7.4691,10.801
6.8971,-0.6363,-0.74471,-2.0133,0.69264,-3.9632,-5.7304,-11.869,-5.3247,1.7747,7.7912,10.983
7.1307,-0.41939,-1.009,-2.1698,1.1127,-3.7816,-5.0598,-11.128,-4.9613,2.0243,8.0708,11.083
5.9115,-0.41145,-0.42954,-1.6677,0.43184,-3.3787,-4.3201,-10.516,-4.6201,2.2046,8.2533,11.081
3.6583,-0.59397,0.72151,-0.67597,-1.0448,-2.869,-3.5424,-9.861,-4.248,2.3108,8.3024,10.974
0.93822,-0.92668,2.1364,0.56994,-2.907,-2.3777,-2.7492,-9.0333,-3.8356,2.3568,8.2194,10.775
-1.7227,-1.3481,3.52,1.8221,-4.7703,-2.0004,-1.9602,-8.0086,-3.4192,2.3677,8.0428,10.494
-3.9432,-1.7839,4.6233,2.8803,-6.341,-1.7817,-1.1999,-6.8715,-3.0577,2.3667,7.8303,10.144
-5.5015,-2.166,5.3002,3.6322,-7.4353,-1.7175,-0.49892,-5.7601,-2.7966,2.3655,7.6339,9.7369
-6.3214,-2.4513,5.5387,4.0522,-7.9891,-1.773,0.12168,-4.7998,-2.6369,2.3641,7.4837,9.2888
-6.4504,-2.6314,5.4305,4.1709,-8.0524,-1.9061,0.67275,-4.0595,-2.5284,2.3547,7.3838,8.8202
-6.0254,-2.7259,5.1028,4.0467,-7.7539,-2.0842,1.2032,-3.5361,-2.389,2.3268,7.3132,8.3459
-5.2379,-2.7653,4.6576,3.7557,-7.2434,-2.2874,1.7791,-3.1606,-2.14,2.2676,7.2284,7.8646
-4.2875,-2.775,4.1488,3.3805,-6.6386,-2.5008,2.4565,-2.8218,-1.7352,2.1656,7.0753,7.3575
-3.3357,-2.7639,3.5954,2.9905,-6.008,-2.7044,3.2717,-2.4049,-1.1717,2.0204,6.8166,6.7992
-2.4911,-2.7265,3.0116,2.6285,-5.3941,-2.8716,4.2487,-1.8337,-0.48097,1.8549,6.4596,6.1738
-1.8252,-2.6554,2.4353,2.3178,-4.843,-2.9762,5.3965,-1.1,0.28992,1.7151,6.0586,5.4837
-1.3898,-2.555,1.94,2.0767,-4.4107,-3.0027,6.685,-0.26693,1.0952,1.6509,5.6832,4.7457
-1.2214,-2.45,1.6099,1.9277,-4.1437,-2.957,8.0262,0.55869,1.901,1.6917,5.3789,3.9789
-1.3357,-2.3872,1.4796,1.8984,-4.0526,-2.8743,9.2853,1.2747,2.6903,1.8309,5.1457,3.1993
-1.7186,-2.4308,1.4868,2.0168,-4.097,-2.8241,10.317,1.8273,3.4605,2.0291,4.9444,2.4226
-2.3201,-2.6541,1.4796,2.3033,-4.1927,-2.904,11.013,2.2283,4.2154,2.2295,4.7189,1.6664
-3.0546,-3.1226,1.2711,2.7612,-4.2352,-3.2206,11.333,2.5408,4.9541,2.3798,4.4218,0.94661
-3.8105,-3.8691,0.70382,3.368,-4.1263,-3.8573,11.316,2.8443,5.6649,2.4498,4.0317,0.27246
-4.465,-4.8713,-0.30389,4.0692,-3.7933,-4.8391,11.049,3.1993,6.326,2.4386,3.5565,-0.35819
-4.9043,-6.0442,-1.738,4.7823,-3.1996,-6.1156,10.633,3.6256,6.91,2.3689,3.0239,-0.9595
-5.0426,-7.2538,-3.4948,5.4104,-2.3517,-7.5684,10.138,4.1001,7.3927,2.2741,2.4697,-1.5543
-4.8424,-8.3494,-5.4062,5.8657,-1.3039,-9.0405,9.5913,4.5738,7.7589,2.1846,1.9276,-2.1659
-4.3296,-9.2049,-7.2728,6.096,-0.15808,-10.375,8.9805,4.9985,8.0044,2.119,1.4245,-2.8051
-3.5947,-9.7526,-8.8989,6.1008,0.95236,-11.453,8.2936,5.3499,8.1308,2.0803,0.97669,-3.46
-2.7715,-9.9903,-10.125,5.9232,1.8959,-12.214,7.5634,5.6333,8.1365,2.0547,0.58572,-4.0957
-1.9948,-9.9603,-10.858,5.6262,2.5832,-12.654,6.8855,5.8722,8.0148,2.0174,0.23859,-4.6682
-1.3513,-9.7186,-11.086,5.2639,2.9935,-12.814,6.3988,6.0912,7.7647,1.9453,-0.086057,-5.1432
-0.84098,-9.3095,-10.88,4.8547,3.1761,-12.751,6.2456,6.3054,7.408,1.8316,-0.41079,-5.5108
-0.37368,-8.7547,-10.377,4.3677,3.2347,-12.521,6.5308,6.5186,6.996,1.6894,-0.7553,-5.7896
0.1922,-8.0635,-9.7507,3.7466,3.2988,-12.175,7.2978,6.7277,6.5975,1.5459,-1.1312,-6.0165
0.98046,-7.2599,-9.1797,2.963,3.4873,-11.757,8.522,6.9278,6.2802,1.4331,-1.5343,-6.2275
2.0211,-6.4063,-8.8117,2.0603,3.8691,-11.311,10.118,7.1136,6.0947,1.3807,-1.9413,-6.4385
3.1979,-5.6099,-8.7365,1.1618,4.4318,-10.885,11.949,7.2772,6.0697,1.4103,-2.3127,-6.6368
4.2549,-5.0169,-8.97,0.44987,5.0708,-10.554,13.852,7.4105,6.2144,1.5329,-2.6047,-6.7873
4.8701,-4.7871,-9.4538,0.12262,5.6109,-10.413,15.68,7.5127,6.5238,1.7491,-2.7825,-6.8502
4.7677,-5.0406,-10.067,0.33282,5.8554,-10.544,17.363,7.5969,6.982,2.0494,-2.8333,-6.8029
3.8178,-5.7963,-10.646,1.1275,5.6454,-10.959,18.925,7.6884,7.5633,2.4126,-2.7691,-6.656
2.0855,-6.9426,-11.008,2.4162,4.9092,-11.574,20.429,7.8152,8.2363,2.8073,-2.6197,-6.4526
-0.18054,-8.2571,-10.991,3.9839,3.6888,-12.22,21.887,7.9963,8.9715,3.2042,-2.4195,-6.2495
-2.6093,-9.462,-10.493,5.541,2.138,-12.697,23.219,8.238,9.7506,3.5959,-2.1928,-6.0912
-4.7945,-10.298,-9.5183,6.7951,0.49258,-12.836,24.294,8.5402,10.566,4.0073,-1.944,-5.988
-6.385,-10.597,-8.1943,7.5241,-0.98079,-12.555,25.02,8.9064,11.414,4.4798,-1.6584,-5.9096
-7.1554,-10.326,-6.7548,7.6275,-2.0439,-11.888,25.404,9.3455,12.277,5.0399,-1.3153,-5.7988
-7.0414,-9.5982,-5.4913,7.1416,-2.5346,-10.975,25.532,9.8632,13.115,5.6741,-0.9067,-5.6012
-6.1359,-8.6344,-4.6843,6.2221,-2.3931,-10.024,25.497,10.447,13.871,6.3263,-0.45175,-5.2951
-4.6642,-7.6965,-4.5284,5.105,-1.6719,-9.2514,25.343,11.061,14.482,6.9166,0.0035294,-4.908
-2.9476,-7.0136,-5.0743,4.0556,-0.52938,-8.8163,25.078,11.648,14.9,7.3695,0.40145,-4.5097
-1.3465,-6.7153,-6.2053,3.3056,0.7946,-8.7662,24.705,12.151,15.104,7.6391,0.69446,-4.1866
-0.17676,-6.7921,-7.651,2.9901,2.0219,-9.0208,24.242,12.528,15.099,7.7223,0.86331,-4.0075
0.37388,-7.1099,-9.0335,3.1069,2.8907,-9.3986,23.715,12.756,14.909,7.6593,0.925,-3.9979
0.28954,-7.469,-9.944,3.5222,3.2108,-9.6719,23.153,12.83,14.56,7.5169,0.92807,-4.1315
-0.28659,-7.6517,-10.043,4.0166,2.9054,-9.6158,22.575,12.754,14.07,7.3583,0.93696,-4.3395
-1.1095,-7.461,-9.1498,4.3504,2.0299,-9.0496,21.962,12.539,13.444,7.211,1.0104,-4.5355
-1.9163,-6.7766,-7.3016,4.3377,0.75626,-7.8939,21.272,12.202,12.668,7.0509,1.1803,-4.6453
-2.5121,-5.6098,-4.7497,3.9106,-0.67815,-6.2267,20.459,11.77,11.726,6.8148,1.4389,-4.6328
-2.8263,-4.1207,-1.9016,3.1426,-2.042,-4.2865,19.49,11.263,10.611,6.4351,1.7414,-4.511
-2.9156,-2.5834,0.77565,2.2269,-3.1689,-2.4107,18.348,10.688,9.341,5.877,2.023,-4.3359
-2.9148,-1.3115,2.8538,1.4174,-3.9747,-0.9403,17.056,10.029,7.9636,5.1557,2.2207,-4.1884
-2.9658,-0.57294,4.0268,0.9522,-4.4352,-0.13015,15.683,9.2603,6.5496,4.3282,2.2877,-4.1484
-3.1597,-0.52409,4.1557,0.98091,-4.5478,-0.095785,14.333,8.3723,5.1778,3.4681,2.1991,-4.2708
-3.4945,-1.1768,3.2575,1.5192,-4.299,-0.81106,13.114,7.3883,3.9121,2.6375,1.9528,-4.5686
-3.8447,-2.4004,1.4506,2.4385,-3.6413,-2.1451,12.102,6.364,2.7827,1.868,1.5687,-5.0107
-3.9648,-3.9549,-1.1106,3.4962,-2.4864,-3.912,11.324,5.3655,1.781,1.1591,1.0838,-5.5337
-3.5602,-5.5492,-4.2655,4.4001,-0.74472,-5.9095,10.762,4.4421,0.86858,0.4883,0.54453,-6.0632
-2.4034,-6.9112,-7.8308,4.8955,1.5967,-7.937,10.364,3.6093,-0.0037691,-0.17388,-0.0018382,-6.5336
-0.43731,-7.8497,-11.582,4.8393,4.4225,-9.8035,10.071,2.8489,-0.87364,-0.84784,-0.51536,-6.9019
2.1569,-8.2836,-15.21,4.2346,7.4558,-11.331,9.8523,2.1264,-1.7494,-1.5334,-0.96763,-7.1508
4.9501,-8.2258,-18.264,3.218,10.243,-12.356,9.7186,1.4153,-2.6051,-2.2064,-1.3402,-7.2851
7.3605,-7.7409,-20.19,2.0152,12.233,-12.738,9.7097,0.71586,-3.3909,-2.8241,-1.6192,-7.3227
8.836,-6.919,-20.49,0.88218,12.96,-12.393,9.8635,0.054401,-4.057,-3.339,-1.7939,-7.2858
9.029,-5.8787,-18.929,0.043313,12.203,-11.327,10.186,-0.53508,-4.5803,-3.7167,-1.8612,-7.1944
7.8904,-4.7643,-15.683,-0.36049,10.066,-9.6609,10.635,-1.0346,-4.9827,-3.9523,-1.8336,-7.0654
5.6765,-3.7235,-11.333,-0.2969,6.9501,-7.6406,11.127,-1.4569,-5.3304,-4.0789,-1.7434,-6.9135
2.8638,-2.8899,-6.7203,0.1682,3.457,-5.6037,11.562,-1.8439,-5.7164,-4.1693,-1.6453,-6.7558
-0.0036233,-2.3712,-2.7157,0.90437,0.21528,-3.8984,11.853,-2.2505,-6.24,-4.3334,-1.6167,-6.6166
-2.4645,-2.2242,0.047121,1.7555,-2.2895,-2.7819,11.95,-2.7235,-6.9899,-4.7099,-1.748,-6.5269
-4.2259,-2.4301,1.328,2.5755,-3.8047,-2.3498,11.853,-3.2846,-8.0246,-5.4333,-2.1176,-6.5168
-5.1791,-2.8925,1.2519,3.2528,-4.2933,-2.5244,11.599,-3.9268,-9.3363,-6.5579,-2.7574,-6.6073
-5.3652,-3.4644,0.19391,3.7186,-3.8915,-3.1003,11.241,-4.6225,-10.825,-7.9882,-3.6366,-6.8093
-4.9289,-3.9911,-1.3517,3.9405,-2.8834,-3.8241,10.814,-5.3421,-12.328,-9.5053,-4.6785,-7.1274
-4.0704,-4.3557,-2.9356,3.9136,-1.5972,-4.4814,10.319,-6.0702,-13.713,-10.892,-5.7949,-7.5567
-2.9701,-4.511,-4.3175,3.6561,-0.23932,-4.9655,9.7403,-6.8098,-14.943,-12.042,-6.9097,-8.0754
-1.7134,-4.4877,-5.5176,3.208,1.1528,-5.2996,9.0839,-7.5725,-16.066,-12.975,-7.9605,-8.6392
-0.29943,-4.3727,-6.7147,2.6311,2.6265,-5.5992,8.4036,-8.3643,-17.134,-13.776,-8.8872,-9.184
1.273,-4.2687,-8.1083,2.0041,4.2221,-5.9901,7.7908,-9.1786,-18.149,-14.526,-9.6255,-9.6352
2.9146,-4.2515,-9.773,1.4152,5.8932,-6.5252,7.3192,-9.9966,-19.046,-15.263,-10.114,-9.9225
4.407,-4.3414,-11.539,0.9512,7.4429,-7.1437,6.982,-10.786,-19.729,-15.998,-10.314,-9.9983
5.4426,-4.4946,-13,0.6852,8.5336,-7.682,6.6719,-11.501,-20.114,-16.746,-10.226,-9.8534
5.721,-4.6205,-13.64,0.66314,8.7953,-7.9231,6.2242,-12.08,-20.17,-17.521,-9.9024,-9.5232
5.0544,-4.6207,-13.02,0.89499,7.9718,-7.6733,5.4867,-12.474,-19.936,-18.321,-9.4345,-9.0812
3.4379,-4.4374,-10.956,1.3549,6.0233,-6.8472,4.3743,-12.668,-19.516,-19.105,-8.9289,-8.6205
1.066,-4.0879,-7.6446,1.9906,3.1663,-5.5264,2.8938,-12.7,-19.041,-19.801,-8.4708,-8.2254
-1.7117,-3.6673,-3.6647,2.7373,-0.15472,-3.9514,1.1393,-12.65,-18.626,-20.33,-8.0953,-7.9445
-4.4756,-3.3174,0.18106,3.5276,-3.37,-2.451,-0.73688,-12.6,-18.337,-20.642,-7.7898,-7.7783
-6.8311,-3.1745,3.1143,4.294,-5.9315,-1.3423,-2.5678,-12.61,-18.197,-20.741,-7.5335,-7.6919
-8.4809,-3.32,4.6153,4.9689,-7.4505,-0.84053,-4.2113,-12.713,-18.206,-20.701,-7.3404,-7.6434
-9.2615,-3.7487,4.5572,5.4855,-7.7744,-1.0006,-5.5726,-12.919,-18.37,-20.667,-7.2636,-7.6105
-9.1464,-4.3632,3.1918,5.7815,-6.9889,-1.7088,-6.6176,-13.231,-18.721,-20.836,-7.3646,-7.6021
-8.2293,-4.9959,1.0217,5.8031,-5.3712,-2.7223,-7.3861,-13.65,-19.312,-21.407,-7.685,-7.6505
-6.6997,-5.4506,-1.3529,5.509,-3.3201,-3.7361,-7.9892,-14.171,-20.197,-22.527,-8.2367,-7.792
-4.8024,-5.5523,-3.3873,4.8793,-1.2502,-4.4534,-8.5673,-14.779,-21.4,-24.242,-8.9993,-8.0454
-2.769,-5.1999,-4.7362,3.9331,0.53805,-4.6681,-9.2206,-15.448,-22.895,-26.458,-9.9165,-8.3984
-0.77577,-4.4084,-5.3158,2.7509,1.915,-4.3461,-9.9548,-16.155,-24.617,-28.959,-10.896,-8.8084
1.0286,-3.3232,-5.2726,1.4829,2.8659,-3.6376,-10.684,-16.897,-26.479,-31.485,-11.831,-9.2155
2.4785,-2.1924,-4.8806,0.33242,3.4173,-2.8011,-11.295,-17.687,-28.411,-33.837,-12.643,-9.563
3.3983,-1.3005,-4.411,-0.48301,3.6138,-2.1097,-11.714,-18.527,-30.365,-35.924,-13.318,-9.8169
3.6421,-0.88766,-4.0715,-0.78001,3.5085,-1.7807,-11.941,-19.377,-32.313,-37.749,-13.91,-9.9752
3.1286,-1.0874,-3.9923,-0.45317,3.1465,-1.9291,-12.022,-20.17,-34.219,-39.354,-14.517,-10.067
1.8745,-1.8986,-4.2016,0.49554,2.5595,-2.544,-12.01,-20.863,-36.036,-40.774,-15.24,-10.138
0.019517,-3.1895,-4.6149,1.9479,1.7774,-3.4986,-11.94,-21.472,-37.713,-42.019,-16.138,-10.231
-2.1827,-4.7226,-5.0699,3.6842,0.84665,-4.5888,-11.828,-22.066,-39.209,-43.081,-17.195,-10.361
-4.4063,-6.204,-5.386,5.4221,-0.15488,-5.5807,-11.681,-22.721,-40.5,-43.949,-18.304,-10.508
-6.3131,-7.3475,-5.4161,6.874,-1.1202,-6.2573,-11.505,-23.457,-41.591,-44.631,-19.312,-10.624
-7.6156,-7.936,-5.0782,7.8031,-1.9337,-6.4589,-11.304,-24.226,-42.529,-45.161,-20.104,-10.652
-8.1307,-7.8547,-4.3638,8.0597,-2.5004,-6.1119,-11.088,-24.939,-43.403,-45.597,-20.668,-10.562
-7.8136,-7.0933,-3.3273,7.598,-2.7744,-5.234,-10.872,-25.535,-44.33,-46.009,-21.087,-10.373
-6.7684,-5.7333,-2.0589,6.4852,-2.7746,-3.9159,-10.693,-26.031,-45.413,-46.466,-21.485,-10.143
-5.2319,-3.9331,-0.65402,4.8982,-2.5861,-2.2972,-10.613,-26.51,-46.692,-47.003,-21.963,-9.9417
-3.5256,-1.9136,0.80616,3.097,-2.3393,-0.55134,-10.693,-27.071,-48.118,-47.611,-22.56,-9.8096
-1.9763,0.06972,2.2489,1.369,-2.1635,1.1334,-10.961,-27.748,-49.576,-48.229,-23.246,-9.7433
-0.82074,1.7738,3.5817,-0.040285,-2.1268,2.5841,-11.402,-28.487,-50.944,-48.786,-23.93,-9.6998
-0.1368,3.0197,4.6652,-0.98716,-2.1951,3.6714,-11.976,-29.17,-52.152,-49.236,-24.51,-9.6235
0.16405,3.7346,5.3216,-1.4584,-2.2423,4.3249,-12.637,-29.686,-53.193,-49.577,-24.899,-9.4759
0.28063,3.9693,5.3915,-1.5562,-2.1081,4.5409,-13.344,-29.988,-54.107,-49.842,-25.048,-9.253
0.43447,3.8699,4.8108,-1.4444,-1.6712,4.379,-14.057,-30.107,-54.937,-50.074,-24.94,-8.9787
0.78249,3.6058,3.6544,-1.2794,-0.89597,3.9419,-14.728,-30.126,-55.698,-50.295,-24.588,-8.6885
1.3628,3.3001,2.1139,-1.1569,0.15895,3.3449,-15.322,-30.133,-56.365,-50.502,-24.036,-8.417
2.0979,2.996,0.43341,-1.0953,1.359,2.6847,-15.83,-30.171,-56.876,-50.664,-23.358,-8.1926
2.8399,2.6641,-1.1589,-1.053,2.5251,2.0164,-16.274,-30.214,-57.149,-50.737,-22.638,-8.036
3.4158,2.2403,-2.4945,-0.96101,3.4697,1.3528,-16.687,-30.175,-57.104,-50.663,-21.936,-7.9584
3.6565,1.6806,-3.4706,-0.75227,4.0329,0.69676,-17.091,-29.943,-56.689,-50.389,-21.275,-7.9597
3.4272,0.99886,-4.0187,-0.38305,4.1071,0.081604,-17.475,-29.438,-55.9,-49.888,-20.66,-8.0278
2.6626,0.25926,-4.0789,0.15596,3.6455,-0.42424,-17.799,-28.657,-54.797,-49.189,-20.119,-8.1397
1.3866,-0.4661,-3.6213,0.84303,2.664,-0.75533,-18.003,-27.686,-53.49,-48.371,-19.71,-8.2639
-0.29587,-1.1317,-2.6911,1.6381,1.2463,-0.89021,-18.048,-26.676,-52.107,-47.542,-19.472,-8.3664
-2.2219,-1.7271,-1.4302,2.4948,-0.45547,-0.86454,-17.929,-25.779,-50.745,-46.787,-19.384,-8.4187
-4.1953,-2.2696,-0.062435,3.3667,-2.2326,-0.75922,-17.681,-25.084,-49.439,-46.136,-19.353,-8.4072
-6.0092,-2.7957,1.1449,4.2102,-3.8424,-0.68011,-17.36,-24.584,-48.17,-45.567,-19.261,-8.3404
-7.468,-3.3506,1.9284,4.9842,-5.0434,-0.73887,-17.021,-24.18,-46.898,-45.025,-19.027,-8.2519
-8.4125,-3.9691,2.083,5.6475,-5.6418,-1.0308,-16.705,-23.739,-45.596,-44.444,-18.648,-8.192
-8.7466,-4.6506,1.5126,6.1583,-5.5376,-1.6021,-16.434,-23.165,-44.277,-43.761,-18.19,-8.2075
-8.4615,-5.3382,0.26684,6.4772,-4.7531,-2.4152,-16.203,-22.449,-42.985,-42.928,-17.736,-8.3195
-7.6375,-5.9191,-1.4462,6.5691,-3.4348,-3.3351,-15.98,-21.669,-41.783,-41.936,-17.342,-8.5069
-6.4179,-6.2493,-3.2816,6.4043,-1.8272,-4.1537,-15.727,-20.936,-40.729,-40.834,-17.019,-8.7071
-4.9736,-6.1952,-4.8208,5.965,-0.22403,-4.6433,-15.422,-20.342,-39.873,-39.73,-16.743,-8.835
-3.476,-5.6748,-5.6762,5.2558,1.0953,-4.6227,-15.08,-19.932,-39.245,-38.751,-16.481,-8.8142
-2.0791,-4.6816,-5.6089,4.3115,1.9312,-4.0104,-14.75,-19.699,-38.854,-37.981,-16.202,-8.6055
-0.90791,-3.2855,-4.6017,3.1982,2.2024,-2.8397,-14.483,-19.605,-38.667,-37.431,-15.885,-8.2238
-0.047524,-1.6192,-2.8397,2.0096,1.9421,-1.2349,-14.314,-19.597,-38.613,-37.032,-15.516,-7.7359
0.46602,0.14413,-0.61904,0.85699,1.2656,0.62306,-14.244,-19.628,-38.596,-36.668,-15.085,-7.2405
0.64788,1.8164,1.7368,-0.14571,0.33514,2.5179,-14.24,-19.666,-38.519,-36.216,-14.597,-6.8345
0.55456,3.2232,3.918,-0.89994,-0.66887,4.2248,-14.248,-19.684,-38.314,-35.577,-14.074,-6.5806
0.27022,4.231,5.6575,-1.3441,-1.5682,5.552,-14.21,-19.66,-37.948,-34.688,-13.55,-6.4894
-0.099972,4.7676,6.7722,-1.4705,-2.2074,6.3773,-14.082,-19.578,-37.421,-33.517,-13.048,-6.5246
-0.43844,4.8345,7.1937,-1.3255,-2.4798,6.6648,-13.846,-19.439,-36.751,-32.062,-12.567,-6.6264
-0.64054,4.5077,6.9659,-0.99352,-2.35,6.4678,-13.507,-19.26,-35.962,-30.36,-12.093,-6.7391
-0.65022,3.9182,6.2167,-0.56971,-1.8642,5.9141,-13.081,-19.074,-35.083,-28.518,-11.628,-6.8267
-0.48907,3.2134,5.1278,-0.13168,-1.1466,5.1727,-12.586,-18.911,-34.154,-26.724,-11.199,-6.8786
-0.26683,2.506,3.9098,0.28684,-0.38219,4.4026,-12.036,-18.8,-33.226,-25.19,-10.845,-6.9055
-0.16298,1.8382,2.784,0.70646,0.21073,3.7034,-11.433,-18.752,-32.352,-24.072,-10.603,-6.9323
-0.37692,1.1948,1.9677,1.1836,0.42026,3.1106,-10.769,-18.76,-31.574,-23.411,-10.495,-6.9868
-1.0599,0.55992,1.6441,1.7716,0.094789,2.6449,-10.037,-18.797,-30.918,-23.143,-10.531,-7.0879
-2.252,-0.047311,1.8953,2.4897,-0.79811,2.3377,-9.2409,-18.841,-30.399,-23.138,-10.698,-7.2386
-3.8511,-0.5993,2.6291,3.3139,-2.1354,2.1898,-8.4161,-18.886,-30.037,-23.253,-10.972,-7.4257
-5.628,-1.0954,3.5725,4.1782,-3.6529,2.1287,-7.645,-18.958,-29.851,-23.394,-11.326,-7.6282
-7.2732,-1.556,4.3615,4.979,-5.0131,2.0314,-7.0463,-19.102,-29.849,-23.536,-11.753,-7.8295
-8.4577,-1.9877,4.6783,5.5872,-5.8948,1.7933,-6.7423,-19.35,-30.011,-23.716,-12.265,-8.0232
-8.8988,-2.353,4.3488,5.8688,-6.0689,1.3834,-6.8136,-19.674,-30.281,-23.987,-12.878,-8.2087
-8.422,-2.5687,3.3624,5.7125,-5.4379,0.85054,-7.2668,-19.986,-30.589,-24.369,-13.579,-8.3807
-6.996,-2.5462,1.8349,5.0599,-4.0412,0.28565,-8.029,-20.171,-30.869,-24.817,-14.308,-8.5238
-4.7215,-2.2516,-0.056151,3.9353,-2.026,-0.23167,-8.977,-20.166,-31.073,-25.223,-14.967,-8.6165
-1.7949,-1.7479,-2.1462,2.4699,0.40718,-0.67868,-9.9809,-20.004,-31.185,-25.459,-15.447,-8.6446
1.496,-1.1928,-4.3325,0.89753,3.0457,-1.1095,-10.934,-19.797,-31.206,-25.423,-15.672,-8.6101
4.7283,-0.79715,-6.5739,-0.48947,5.6706,-1.6384,-11.758,-19.668,-31.15,-25.067,-15.617,-8.5301
7.3574,-0.76131,-8.846,-1.4072,8.0317,-2.3838,-12.397,-19.673,-31.021,-24.419,-15.316,-8.4257
8.8631,-1.21,-11.052,-1.6481,9.8296,-3.3963,-12.822,-19.779,-30.805,-23.558,-14.838,-8.3102
8.9284,-2.144,-12.94,-1.1345,10.751,-4.6073,-13.026,-19.885,-30.464,-22.582,-14.258,-8.1821
7.5202,-3.4243,-14.118,0.057216,10.555,-5.8223,-13.015,-19.88,-29.933,-21.554,-13.625,-8.0241
4.8653,-4.7998,-14.175,1.715,9.1616,-6.765,-12.8,-19.68,-29.142,-20.481,-12.957,-7.8071
1.3723,-5.9782,-12.844,3.5506,6.7033,-7.1606,-12.391,-19.24,-28.04,-19.324,-12.234,-7.4998
-2.4526,-6.7194,-10.127,5.2785,3.4902,-6.8342,-11.796,-18.558,-26.618,-18.035,-11.42,-7.081
-6.0876,-6.9126,-6.3633,6.6817,-0.053175,-5.7945,-11.033,-17.675,-24.935,-16.596,-10.494,-6.5537
-9.086,-6.6073,-2.2088,7.6403,-3.4348,-4.2579,-10.136,-16.675,-23.1,-15.044,-9.4725,-5.9534
-11.144,-5.9875,1.5096,8.1258,-6.1557,-2.593,-9.1758,-15.666,-21.242,-13.464,-8.42,-5.3458
-12.118,-5.3041,4.0378,8.1796,-7.8201,-1.2109,-8.2544,-14.732,-19.47,-11.953,-7.4263,-4.81
-12.011,-4.794,4.932,7.8961,-8.2385,-0.44305,-7.4718,-13.899,-17.84,-10.593,-6.5748,-4.4157
-10.954,-4.6093,4.1722,7.4025,-7.4562,-0.44142,-6.888,-13.116,-16.36,-9.4252,-5.9163,-4.2022
-9.1804,-4.772,2.1068,6.8292,-5.727,-1.133,-6.5008,-12.282,-14.999,-8.4556,-5.46,-4.1702
-7.0218,-5.1676,-0.6586,6.2782,-3.4777,-2.2506,-6.2543,-11.303,-13.72,-7.668,-5.1797,-4.2859
-4.8821,-5.5897,-3.3775,5.8026,-1.2372,-3.4217,-6.0647,-10.171,-12.51,-7.0388,-5.0277,-4.4954
-3.1565,-5.8268,-5.3528,5.4049,0.51601,-4.2749,-5.8495,-8.974,-11.394,-6.539,-4.9465,-4.7393
-2.1188,-5.7431,-6.1472,5.0599,1.5011,-4.541,-5.5496,-7.8616,-10.416,-6.1324,-4.8779,-4.9644
-1.855,-5.3168,-5.6888,4.7551,1.6506,-4.1415,-5.1407,-6.9654,-9.615,-5.7801,-4.7721,-5.1313
-2.2666,-4.6348,-4.2508,4.5081,1.0657,-3.2108,-4.636,-6.3451,-9.0009,-5.4503,-4.5975,-5.2188
-3.1246,-3.8555,-2.3178,4.3467,-0.0069763,-2.0231,-4.0742,-5.9778,-8.5482,-5.1242,-4.3446,-5.2236
-4.1515,-3.1522,-0.40763,4.2861,-1.2342,-0.88092,-3.4994,-5.7811,-8.2022,-4.7926,-4.0235,-5.1555
-5.0931,-2.6572,1.0429,4.3188,-2.296,-0.030839,-2.9428,-5.6436,-7.8937,-4.4507,-3.658,-5.0322
-5.7575,-2.4247,1.7513,4.4119,-2.9611,0.38828,-2.4131,-5.4534,-7.5604,-4.0963,-3.2778,-4.8753
-6.025,-2.4192,1.6488,4.5069,-3.113,0.37151,-1.8912,-5.1313,-7.1694,-3.7312,-2.9127,-4.7079
-5.8423,-2.5309,0.88377,4.5262,-2.7461,0.036988,-1.3356,-4.6635,-6.7267,-3.3633,-2.5862,-4.55
-5.2074,-2.6154,-0.26136,4.3862,-1.9459,-0.42747,-0.71312,-4.1178,-6.271,-3.0065,-2.3132,-4.4161
-4.1532,-2.5461,-1.5021,4.0192,-0.84411,-0.84089,-0.037598,-3.6251,-5.8544,-2.6771,-2.1015,-4.3157
-2.74,-2.2628,-2.6632,3.401,0.43788,-1.0991,0.6138,-3.3277,-5.5201,-2.3891,-1.9541,-4.2557
-1.0622,-1.7978,-3.7186,2.5728,1.8179,-1.2128,1.122,-3.3115,-5.2865,-2.1484,-1.8673,-4.2409
0.73931,-1.2691,-4.7509,1.6453,3.239,-1.2941,1.3737,-3.5597,-5.1426,-1.9497,-1.8274,-4.2718
2.4706,-0.84205,-5.8652,0.77905,4.6376,-1.4928,1.3103,-3.9518,-5.0526,-1.7764,-1.8105,-4.3425
3.9014,-0.67281,-7.1066,0.14564,5.9199,-1.9186,0.95441,-4.3158,-4.9689,-1.6051,-1.7876,-4.44
4.8125,-0.85494,-8.4191,-0.11944,6.9616,-2.5944,0.40552,-4.5078,-4.8473,-1.4127,-1.7325,-4.5477
5.0527,-1.389,-9.6551,0.043686,7.6291,-3.4514,-0.19203,-4.4765,-4.6608,-1.1836,-1.6286,-4.6464
4.5832,-2.1833,-10.615,0.60264,7.8167,-4.3542,-0.69394,-4.2785,-4.4038,-0.91088,-1.4715,-4.7126
3.4939,-3.0834,-11.111,1.4442,7.4858,-5.1411,-0.9973,-4.04,-4.0882,-0.59373,-1.2666,-4.7166
1.9846,-3.92,-11.03,2.4081,6.6881,-5.6731,-1.0666,-3.8942,-3.7331,-0.23356,-1.0263,-4.6284
0.31598,-4.5603,-10.395,3.3305,5.5672,-5.8795,-0.94029,-3.924,-3.357,0.16744,-0.76787,-4.4322
-1.2499,-4.9454,-9.3737,4.0837,4.3328,-5.7847,-0.71819,-4.1251,-2.9719,0.60594,-0.51235,-4.1388
-2.5022,-5.1021,-8.2444,4.5999,3.2136,-5.5017,-0.5273,-4.4043,-2.5821,1.076,-0.28152,-3.7874
-3.3069,-5.121,-7.3247,4.8698,2.4068,-5.1943,-0.4748,-4.6182,-2.1866,1.5668,-0.094844,-3.4341
-3.6042,-5.1115,-6.8861,4.9237,2.0506,-5.0239,-0.60744,-4.6429,-1.7828,2.0611,0.033218,-3.1368
-3.3964,-5.1559,-7.0719,4.8079,2.2138,-5.0983,-0.90011,-4.4347,-1.372,2.5348,0.095488,-2.9384
-2.7496,-5.2811,-7.8497,4.5711,2.873,-5.4379,-1.2803,-4.05,-0.96169,2.9609,0.093946,-2.8577
-1.8013,-5.455,-9.0153,4.2593,3.8869,-5.9675,-1.6691,-3.6117,-0.56607,3.3158,0.040484,-2.8851
-0.75276,-5.6035,-10.243,3.9153,5.0108,-6.5356,-2.0092,-3.2485,-0.20269,3.589,-0.043641,-2.9873
0.16538,-5.6461,-11.17,3.5826,5.9602,-6.962,-2.2675,-3.0383,0.11118,3.7893,-0.12969,-3.1171
0.7513,-5.5368,-11.515,3.3091,6.4995,-7.1039,-2.4269,-2.9839,0.36094,3.942,-0.18604,-3.2268
0.8893,-5.2894,-11.172,3.1405,6.5096,-6.9159,-2.483,-3.0271,0.53609,4.0761,-0.18629,-3.2823
0.58485,-4.9751,-10.257,3.1016,6.0126,-6.4749,-2.4497,-3.0884,0.63406,4.2124,-0.11807,-3.2725
-0.020496,-4.6955,-9.0748,3.1789,5.1668,-5.9537,-2.3651,-3.1084,0.6672,4.3584,0.012244,-3.2094
-0.66557,-4.5464,-8.0537,3.3205,4.2622,-5.561,-2.288,-3.0688,0.66803,4.5133,0.1811,-3.1219
-1.0456,-4.5892,-7.6323,3.4585,3.6866,-5.4748,-2.2799,-2.9873,0.68731,4.6774,0.35545,-3.0443
-0.93295,-4.8389,-8.1123,3.5388,3.787,-5.7935,-2.3786,-2.8898,0.78534,4.8639,0.5061,-3.0024
-0.28666,-5.267,-9.5267,3.5433,4.6676,-6.5066,-2.5741,-2.7791,1.0221,5.1091,0.62371,-3.0008
0.6956,-5.8183,-11.598,3.506,6.1011,-7.4893,-2.8026,-2.6227,1.4491,5.4762,0.73033,-3.0161
1.6175,-6.4292,-13.789,3.5205,7.6074,-8.5277,-2.9657,-2.37,2.1016,6.0476,0.87959,-3.0013
2.0201,-7.0432,-15.446,3.7199,8.6241,-9.3767,-2.9676,-1.981,2.9919,6.9041,1.144,-2.9005
1.5566,-7.6141,-16.003,4.2185,8.6852,-9.8315,-2.7475,-1.4433,4.1038,8.0967,1.5929,-2.6663
0.11881,-8.1006,-15.175,5.0458,7.5721,-9.7847,-2.2881,-0.76629,5.3957,9.6165,2.2678,-2.2755
-2.1231,-8.4557,-13.056,6.1167,5.4031,-9.2503,-1.6066,0.030712,6.8147,11.381,3.167,-1.7365
-4.7535,-8.6247,-10.095,7.2405,2.614,-8.3529,-0.73827,0.92806,8.317,13.258,4.2498,-1.0837
-7.2053,-8.5572,-6.9546,8.1655,-0.16914,-7.2886,0.27911,1.9156,9.8865,15.132,5.4611,-0.3615
-8.9128,-8.2268,-4.3292,8.6503,-2.31,-6.2697,1.4178,2.9987,11.538,16.969,6.758,0.39289
-9.4777,-7.6496,-2.7684,8.5452,-3.3409,-5.467,2.6692,4.1918,13.302,18.824,8.1221,1.1589
-8.7706,-6.8903,-2.5368,7.8424,-3.0764,-4.97,4.0438,5.4998,15.2,20.81,9.5557,1.932
-6.9384,-6.0544,-3.5612,6.6769,-1.6241,-4.783,5.5555,6.9004,17.22,23.031,11.063,2.7163
-4.3549,-5.2622,-5.4979,5.2859,0.68323,-4.8517,7.2026,8.3336,19.311,25.533,12.628,3.5135
-1.5322,-4.6046,-7.8798,3.9452,3.3888,-5.0793,8.9609,9.7121,21.405,28.281,14.196,4.3173
1.0085,-4.0838,-10.254,2.8968,6.014,-5.2922,10.799,10.948,23.443,31.158,15.683,5.1138
2.8554,-3.5465,-12.179,2.2817,8.134,-5.1698,12.699,11.986,25.388,34,17.011,5.886
3.7696,-2.6091,-13.094,2.0993,9.4246,-4.2108,14.652,12.819,27.229,36.657,18.139,6.6167
3.7225,-0.62511,-12.394,2.2057,9.6926,-1.912,16.635,13.505,28.967,39.079,19.077,7.2918
2.8998,2.9979,-9.7735,2.3409,8.8898,1.8114,18.607,14.147,30.634,41.355,19.879,7.91
1.6254,8.0651,-5.4489,2.1824,7.1181,6.5161,20.547,14.862,32.309,43.675,20.614,8.4928
0.23517,13.749,0.14119,1.4483,4.6052,11.753,22.479,15.734,34.134,46.23,21.345,9.0817
-1.0085,19.597,6.6963,0.012596,1.6409,17.579,24.447,16.787,36.307,49.095,22.113,9.719
-1.9254,25.604,14.128,-2.0816,-1.4912,24.246,26.462,18,39.08,52.162,22.933,10.431
-2.3987,31.817,22.395,-4.7328,-4.5261,31.722,28.469,19.357,42.734,55.188,23.808,11.228
-2.3747,38.217,31.185,-7.9098,-7.2028,39.594,30.367,20.871,47.488,57.95,24.746,12.121
-1.8803,44.725,39.479,-11.72,-9.2912,47.223,32.042,22.562,53.295,60.362,25.761,13.142
-1.0338,51.161,45.963,-16.376,-10.643,53.943,33.408,24.375,59.678,62.484,26.877,14.343
-0.02652,57.169,50.041,-21.898,-11.228,59.234,34.417,26.099,65.884,64.441,28.122,15.784
0.92935,62.27,51.926,-27.523,-11.155,62.899,35.062,27.423,71.293,66.343,29.512,17.492
1.6598,66.148,52.181,-31.96,-10.645,65.149,35.366,28.153,75.638,68.236,31.03,19.434
2.0681,68.939,51.507,-34.686,-9.9689,66.447,35.383,28.386,78.883,70.092,32.615,21.513
2.1694,71.153,50.861,-36.125,-9.3443,67.325,35.196,28.404,81.037,71.818,34.155,23.598
2.1273,73.291,51.146,-36.953,-8.8634,68.232,34.929,28.419,82.045,73.289,35.513,25.569
2.2291,75.66,52.363,-37.757,-8.4968,69.319,34.709,28.415,81.784,74.39,36.557,27.354
2.7707,78.434,53.796,-38.982,-8.1603,70.454,34.481,28.199,80.089,75.059,37.209,28.938
7.3438,67.469,50.927,-31.889,-16.381,62.175,52.57,93.006,105.95,95.944,55.011,36.67
13.531,78.08,55.301,-40.078,-15.515,69.498,49.811,89.925,109.6,97.453,57.013,39.237
22.311,90.655,59.045,-50.668,-13.029,77.608,43.193,80.806,109.81,97.037,58.117,41.896
30.971,101.51,61.192,-60.419,-9.8252,84.185,32.339,67.431,106.54,95.178,58.451,44.77
36.508,107.35,61.439,-66.126,-7.25,87.37,17.888,52.277,100.21,92.314,58.07,47.633
37.049,106.6,60.1,-66.02,-6.357,86.442,1.3989,37.776,91.571,88.715,56.905,49.971
32.563,99.904,57.838,-60.36,-7.4335,81.939,-15.234,25.596,81.627,84.482,54.836,51.245
24.5,89.38,55.327,-50.898,-10.048,75.171,-30.618,16.188,71.229,79.603,51.788,51.161
14.739,77.342,52.997,-39.721,-13.472,67.495,-44.398,8.8877,60.833,74.081,47.842,49.821
4.6699,65.3,50.973,-28.317,-17.119,59.809,-57.21,2.4716,50.525,68.109,43.349,47.753
