-27.871,-26.715,13.699,20.923,-74.868,-12.075,-22.242,585.47,360.69,-58.225,102.34,13.854
-18.434,-19.432,11.985,12.956,-69.249,-8.5842,-12.39,600.51,369.17,4.6171,122.46,28.885
-12.73,-13.892,12.26,7.8991,-66.444,-5.0559,-3.0687,613.87,376.85,59.878,138.08,41.794
-12.762,-11.007,15.616,7.3074,-67.956,-1.413,5.4586,624.35,383.24,101.58,146.46,51.237
-17.614,-10.389,21.521,10.53,-73.031,2.3262,13.212,631.84,388.46,126.68,147.27,57.04
-24.359,-10.639,28.449,15.305,-79.445,6.1851,20.349,637.05,393.07,135.38,142.78,60.211
-30.047,-10.192,35.017,19.219,-85.066,10.316,26.984,640.9,397.58,131.09,137.03,62.492
-33.506,-8.2517,40.848,21.133,-89.177,14.924,33.09,643.85,401.95,119.8,134.21,65.629
-35.826,-5.2098,46.639,21.697,-92.728,20.091,38.536,645.7,405.6,108.71,137.18,70.68
-39.241,-2.247,53.444,22.629,-97.41,25.647,43.198,646.09,407.87,104.38,146.39,77.748
-45.252,-0.42531,61.702,25.322,-104.22,31.185,47.076,645.22,408.58,110.97,159.94,86.212
-31.58,1.7871,60.73,16.212,-112.92,39.478,36.396,637.9,413.13,143.77,173.35,97.721
-34.422,4.921,71.542,16.843,-120.34,45.902,39.922,637.85,414.26,155.27,179.53,105.21
-37.646,8.3208,83.19,17.57,-128.09,52.008,43.056,637.78,415.27,164.74,185.05,112.47
-41.012,12.079,94.676,18.21,-135.89,57.885,45.798,637.69,416.22,172.38,190.1,119.55
-44.173,16.383,106.06,18.543,-143.42,63.72,48.166,637.58,417.11,178.51,195.04,126.51
-46.857,21.466,118,18.424,-150.44,69.766,50.187,637.46,417.95,183.54,200.36,133.43
-48.976,27.495,130.73,17.862,-156.86,76.345,51.89,637.29,418.72,188.03,206.37,140.32
-50.61,34.438,143.43,17.003,-162.65,83.921,53.302,637.07,419.42,192.61,213.12,147.13
-51.892,42.004,154.88,16.034,-167.72,93.071,54.449,636.76,420.06,197.63,220.51,153.82
-52.853,49.734,164.43,15.083,-172.02,103.88,55.341,636.36,420.61,202.96,228.47,160.37
-53.392,57.232,172.13,14.168,-175.6,114.98,55.971,635.82,421.08,208.02,236.8,166.8
-53.35,64.345,178.36,13.224,-178.68,124.35,56.3,635.06,421.48,212.23,244.68,173.07
-52.625,71.182,183.62,12.136,-181.57,131.29,56.251,633.94,421.81,215.39,251.01,179.1
-51.229,77.937,188.37,10.763,-184.47,136.59,55.7,632.17,422.1,217.47,255.29,184.82
-49.338,84.713,192.81,8.9201,-187.19,141.37,54.465,629.25,422.43,218.6,257.9,190.21
-47.497,91.477,196.96,6.3429,-188.62,146.57,52.331,624.43,422.92,219.03,259.87,195.29
-47.543,98.128,201.15,2.6473,-187.72,152.86,49.163,617.01,423.71,219.19,262.4,200.01
-53.711,104.55,206.33,-2.5707,-186.1,160.41,45.18,607.06,424.8,219.4,266.22,204.22
-61.503,110.62,212.17,-9.1192,-185.31,168.56,41.133,595.64,425.61,219.61,271.06,207.5
-61.473,116.27,216.44,-16.006,-184.4,175.94,37.816,583.34,424.69,219.19,275.69,209.35
-57.055,121.46,217.27,-23.223,-181.08,180.98,34.672,569.56,420.4,217.58,278.56,209.42
-47.617,126.23,212.99,-31.096,-173.38,182.49,29.141,553.25,412.11,214.69,278.49,207.68
-32.002,130.68,202.21,-39.829,-160.15,179.82,18.823,533.56,400.1,210.57,274.88,204.3
-10.906,134.84,184.4,-49.968,-140.86,172.83,3.4242,510.08,384.79,204.94,267.76,199.47
15.515,138.65,159.4,-61.845,-115.04,161.84,-15.804,482.86,366.59,197.38,257.76,193.34
48.132,141.92,127.61,-75.139,-82.28,147.46,-37.123,452.48,345.94,187.62,245.9,186
86.639,144.41,90.418,-88.659,-43.263,130.65,-58.962,419.93,323.46,175.79,233.36,177.53
128.18,145.91,50.437,-100.95,-0.91983,112.76,-80.265,386.7,300.02,162.31,221.35,168.07
167.77,146.33,11.885,-111.05,39.524,95.356,-100.3,354.47,276.74,147.97,210.82,157.81
199.91,145.66,-20.062,-118.53,72.259,79.599,-117.83,324.74,254.8,133.83,201.88,147
220.76,143.94,-41.942,-123.59,93.643,66.065,-131.07,298.2,234.94,120.78,193.58,135.85
230.46,141.23,-54.02,-127.34,104.03,55.222,-139.2,274.42,216.85,108.89,184.5,124.55
233.12,137.57,-59.705,-130.93,107.2,47.234,-143.35,251.67,199.22,97.317,173.58,113.29
234.57,132.99,-63.434,-134.72,108.07,41.612,-145.91,227.63,180.94,84.991,160.64,102.23
237.49,127.57,-68.646,-138.32,110.42,36.922,-149.47,202,162,71.471,146.23,91.414
241.22,121.47,-77.036,-141.07,116.05,31.32,-155.98,177.68,143.03,56.802,131.43,80.727
246.58,114.91,-89.102,-142.4,125.45,24.157,-164.85,156.43,124.45,41.251,117.26,69.935
254.34,108.04,-104.59,-142.21,139.04,16.185,-173.26,137.5,106.43,26.411,104.34,58.957
260.63,100.92,-121.35,-140.77,153.95,8.4652,-179.56,119.6,89.051,14.345,92.788,48.017
263.31,93.505,-135.22,-138.31,164.01,1.535,-183.87,101.79,72.328,5.1572,82.313,37.302
263.52,85.723,-145.12,-134.89,169.53,-4.6214,-186.79,83.541,56.131,-2.2179,72.302,26.742
262.46,77.555,-152.59,-130.5,172.77,-10.217,-188.89,64.73,40.298,-8.7217,62.011,16.18
260.82,69.046,-158.83,-125.2,174.92,-15.422,-190.56,45.776,24.854,-14.923,50.886,5.7362
258.77,60.28,-164.3,-119.18,176.33,-20.313,-192.01,27.657,10.201,-21.079,38.82,-3.6059
256.21,51.371,-169.09,-112.61,177.04,-24.962,-193.34,11.587,-3.0018,-27.317,26.186,-10.503
252.98,42.497,-173.23,-105.66,177.04,-29.529,-194.54,-1.7151,-14.325,-33.814,13.839,-15.17
249.09,33.902,-176.57,-98.506,176.38,-34.241,-195.56,-12.403,-23.894,-40.7,3.3801,-18.83
244.84,25.817,-179.03,-91.366,175.28,-39.261,-196.35,-21.114,-32.15,-47.912,-4.1684,-22.144
240.62,18.4,-180.69,-84.403,173.99,-44.569,-196.88,-28.432,-39.483,-55.169,-9.4085,-25.246
236.6,11.71,-181.78,-77.654,172.6,-49.948,-197.17,-34.698,-46.158,-61.958,-13.365,-28.228
232.6,5.7269,-182.43,-71.028,171.04,-55.11,-197.21,-40.072,-52.371,-67.697,-16.774,-31.309
228.19,0.39758,-182.73,-64.379,169.2,-59.839,-196.98,-44.619,-58.247,-72.149,-20.038,-34.725
222.93,-4.3192,-182.62,-57.595,167.06,-64.019,-196.43,-48.371,-63.804,-75.621,-23.308,-38.533
216.61,-8.4557,-181.97,-50.609,164.55,-67.577,-195.43,-51.375,-68.956,-78.687,-26.568,-42.508
209.29,-12.064,-180.6,-43.376,161.63,-70.438,-193.77,-53.711,-73.581,-81.801,-29.707,-46.24
201.19,-15.225,-178.46,-35.873,158.27,-72.526,-191.24,-55.497,-77.608,-85.14,-32.582,-49.392
192.5,-18.037,-175.61,-28.193,154.43,-73.821,-187.67,-56.864,-81.042,-88.605,-35.053,-51.854
183.4,-20.595,-172.19,-20.645,150,-74.408,-183.04,-57.914,-83.937,-91.852,-37.032,-53.701
174.05,-22.969,-168.31,-13.706,144.9,-74.475,-177.44,-58.705,-86.343,-94.4,-38.553,-55.072
164.54,-25.205,-164.15,-7.7595,139.2,-74.261,-171.08,-59.258,-88.285,-95.831,-39.773,-56.083
155.08,-27.332,-159.93,-2.8687,133.1,-73.96,-164.14,-59.573,-89.779,-96.033,-40.877,-56.789
145.99,-29.38,-155.9,1.172,126.85,-73.637,-156.76,-59.657,-90.859,-95.312,-41.975,-57.191
137.53,-31.374,-152.13,4.6379,120.5,-73.207,-149.03,-59.518,-91.57,-94.242,-43.097,-57.257
129.86,-33.318,-148.53,7.7372,113.97,-72.488,-141.02,-59.162,-91.949,-93.365,-44.17,-56.947
123.17,-35.176,-144.86,10.565,107.22,-71.284,-132.83,-58.585,-92.012,-92.998,-44.997,-56.222
117.56,-36.877,-140.91,13.125,100.41,-69.447,-124.65,-57.784,-91.761,-93.134,-45.334,-55.043
112.81,-38.359,-136.61,15.394,93.787,-66.925,-116.79,-56.782,-91.206,-93.433,-44.99,-53.375
108.63,-39.617,-132.24,17.397,87.553,-63.786,-109.63,-55.633,-90.394,-93.453,-43.927,-51.214
104.64,-40.713,-128.35,19.246,81.707,-60.228,-103.31,-54.425,-89.409,-92.915,-42.344,-48.628
100.44,-41.736,-125.31,21.108,76.207,-56.528,-97.63,-53.244,-88.341,-91.583,-40.593,-45.772
95.699,-42.748,-122.7,23.139,71.081,-52.936,-92.096,-52.151,-87.254,-89.355,-38.989,-42.849
90.259,-43.748,-119.77,25.455,66.242,-49.596,-86.251,-51.172,-86.175,-86.532,-37.697,-40.037
84.203,-44.684,-116.02,28.172,61.435,-46.525,-80.012,-50.313,-85.109,-83.639,-36.733,-37.43
77.676,-45.498,-111.13,31.463,56.483,-43.66,-73.744,-49.575,-84.063,-81.094,-36.003,-35.039
70.746,-46.152,-104.81,35.568,51.327,-40.908,-67.932,-48.954,-83.056,-79.066,-35.348,-32.821
63.463,-46.63,-96.835,40.714,45.943,-38.205,-62.819,-48.432,-82.101,-77.463,-34.591,-30.711
55.991,-46.924,-87.166,46.897,40.324,-35.535,-58.379,-47.962,-81.185,-75.971,-33.589,-28.646
48.636,-47.022,-76.135,53.68,34.515,-32.923,-54.47,-47.479,-80.267,-74.181,-32.275,-26.576
41.66,-46.923,-64.642,60.383,28.65,-30.396,-50.942,-46.918,-79.296,-71.746,-30.672,-24.47
35.088,-46.649,-53.979,66.555,22.937,-27.951,-47.671,-46.238,-78.239,-68.485,-28.858,-22.321
28.696,-46.248,-45.378,72.1,17.617,-25.56,-44.562,-45.435,-77.094,-64.5,-26.941,-20.15
22.284,-45.762,-39.519,76.948,12.891,-23.191,-41.548,-44.531,-75.875,-60.18,-25.029,-18.008
16.027,-45.187,-35.901,80.861,8.8285,-20.822,-38.587,-43.562,-74.603,-55.984,-23.225,-15.961
10.489,-44.454,-32.848,83.649,5.3402,-18.432,-35.666,-42.567,-73.299,-52.244,-21.596,-14.062
6.1431,-43.461,-28.923,85.397,2.2723,-15.987,-32.783,-41.582,-71.989,-49.097,-20.15,-12.331
2.972,-42.14,-23.997,86.395,-0.54082,-13.431,-29.94,-40.64,-70.709,-46.484,-18.822,-10.748
0.58837,-40.502,-18.644,86.946,-3.2812,-10.694,-27.123,-39.765,-69.499,-44.19,-17.495,-9.2692
-1.4352,-38.628,-13.267,87.279,-6.1091,-7.7117,-24.31,-38.96,-68.369,-41.922,-16.067,-7.8498
-3.3624,-36.619,-7.9631,87.531,-9.0704,-4.4389,-21.467,-38.19,-67.283,-39.404,-14.513,-6.4626
-5.2323,-34.554,-2.781,87.755,-12.048,-0.86247,-18.557,-37.391,-66.155,-36.494,-12.896,-5.1042
-6.9157,-32.472,2.1402,87.948,-14.857,2.999,-15.555,-36.498,-64.897,-33.245,-11.334,-3.7936
-8.247,-30.387,6.6208,88.089,-17.419,7.1096,-12.457,-35.489,-63.469,-29.859,-9.952,-2.5659
-9.1432,-28.309,10.571,88.158,-19.873,11.45,-9.2827,-34.405,-61.914,-26.594,-8.8426,-1.4605
-9.6429,-26.247,14.154,88.142,-22.537,16.026,-6.0772,-33.33,-60.328,-23.698,-8.0431,-0.50779
-9.8791,-24.199,17.752,88.038,-25.704,20.816,-2.9009,-32.353,-58.815,-21.336,-7.5214,0.28596
-10.024,-22.156,21.647,87.85,-29.367,25.713,0.18588,-31.521,-57.438,-19.544,-7.1716,0.95042
-10.242,-20.109,25.926,87.596,-33.207,30.545,3.1442,-30.822,-56.196,-18.203,-6.8377,1.5521
-10.689,-18.077,30.642,87.32,-36.915,35.165,5.9761,-30.2,-55.03,-17.076,-6.3727,2.1765
-11.526,-16.13,35.788,87.094,-40.437,39.523,8.735,-29.56,-53.847,-15.883,-5.6968,2.899
-12.861,-14.369,41.192,87.007,-43.918,43.619,11.524,-28.794,-52.544,-14.423,-4.8242,3.7625
-14.626,-12.902,46.5,87.133,-47.429,47.418,14.482,-27.777,-51.038,-12.638,-3.8525,4.7646
-16.504,-11.798,51.239,87.454,-50.777,50.828,17.779,-26.382,-49.284,-10.624,-2.9337,5.8382
-18.04,-11.073,54.906,87.836,-53.595,53.736,21.603,-24.492,-47.297,-8.5887,-2.2502,6.8104
-18.828,-10.703,57.044,88.105,-55.553,56.054,26.125,-22.015,-45.135,-6.8042,-1.9977,7.3767
-18.654,-10.644,57.361,88.151,-56.464,57.72,31.311,-18.892,-42.873,-5.547,-2.3142,7.221
-17.581,-10.851,55.891,87.958,-56.347,58.648,36.317,-15.087,-40.543,-4.986,-3.1517,6.3039
-15.973,-11.265,53.194,87.578,-55.389,58.689,37.892,-10.559,-38.062,-4.9905,-4.2576,5.0027
-14.301,-11.795,50.496,87.106,-53.673,57.701,31.821,-5.2378,-35.189,-5.0462,-5.2842,3.8175
-12.896,-12.318,49.109,86.639,-50.94,55.81,27.846,0.98477,-31.526,-4.3879,-5.8457,3.0501
-12.014,-12.69,49.493,86.237,-47.414,53.418,31.985,8.1127,-26.689,-2.1087,-5.5541,2.8354
-12.225,-12.798,50.796,85.95,-45.66,50.906,41.291,15.27,-21.436,3.3362,-4.0739,3.3221
-15.357,-12.561,51.748,86.934,-49.424,48.508,55.593,18.425,-26.271,15.829,-1.0209,5.0871
-29.07,-11.975,51.186,95.138,-59.328,46.402,75.861,11.234,-28.528,7.6876,-2.942,13.719
-46.749,-12.234,47.765,107.76,-66.826,44.82,102.46,6.7854,-21.165,4.6582,-13.921,18.189
-52.019,-25.858,40.552,115.27,-62.444,44.056,134.2,25.423,-12.759,-2.4059,-27.989,2.8542
-51.012,-45.722,29.983,116.96,-50.995,43.869,167.91,56.307,-2.0427,-12.042,-43.87,-17.158
-42.894,-53.05,17.75,112.67,-35.815,40.305,198.52,92.498,12.669,-18.502,-56.676,-36.931
-27.118,-53.758,5.7513,101.37,-15.891,24.53,220.25,131.41,33.537,-14.776,-59.57,-48.74
-2.073,-45.82,-4.59,82.418,5.9511,13.21,228.38,171.33,63.753,7.5607,-45.005,-45.05
35.269,-28.617,-12.44,56.254,28.132,16.149,221.38,213.24,111.3,56.215,-8.1358,-20.87
82.154,-3.1246,-17.784,24.173,51.38,26.223,202.2,262.24,192.05,138.3,53.139,25.336
132.43,30.254,-21.824,-12.837,75.372,39.58,176.79,327.19,316.43,267.91,138.96,92.664
182.06,72.308,-27.357,-55.368,100.68,53.935,150.32,417.23,474.42,439.25,247.37,179.18
235.36,123.68,-37.435,-105.9,129.11,69.568,122.65,535.67,664.9,632.83,375.91,282.64
296.76,184.77,-47.27,-167.08,161.91,90.562,89.068,672.05,877.76,838.67,521.94,400.69
366.56,255.51,-52.23,-238.14,197.92,123.45,44.18,799.66,1088.6,1041.9,679.67,529.6
440.09,333.48,-52.939,-314.7,233.37,168.46,-15.563,885.09,1264,1224.5,837.48,662.19
509.34,412.8,-46.503,-389.29,264.18,215.99,-90.378,903.14,1374.7,1361.4,978.43,786.88
565.49,484.72,-32.396,-452.13,285.72,260.5,-176.38,839.41,1397.1,1428,1085.2,889.6
601.36,540.5,-10.817,-495.3,293.46,298.86,-266.21,683.97,1311.8,1410.7,1142.2,957.41
612.83,575.09,17.38,-515.29,285.52,328.19,-351.08,435.43,1114.1,1304.6,1138.1,981.56
599.36,588.05,50.157,-513.16,262.68,348.26,-423.46,110.37,819.9,1116.5,1071.1,960.09
564.03,582.72,85.374,-492.73,227.64,360.88,-478.71,-254.9,464.18,867.27,952.18,899.13
513.21,565.19,120.86,-459.28,185.06,368.38,-514.9,-613.29,92.496,588.1,801.96,811.55
455.35,541.64,153.17,-418.93,141.04,372.09,-533.66,-921.05,-248.88,312.86,644.03,712.69
398.65,515.1,177.99,-377.35,101.77,371.5,-538.49,-1146.6,-523.49,70.181,497.8,615.67
348.25,484.63,192.16,-337.62,71.419,364.78,-532.93,-1273.4,-712.67,-123.23,373.09,526.99
304.78,447.05,194.02,-298.75,50.452,349.85,-521.16,-1305.3,-816.73,-264.56,270.72,446.18
265.26,399.21,183.51,-255.74,35.95,325.1,-506.64,-1265.7,-849.82,-359.2,186.7,370.14
226.08,342.43,164.58,-206.39,23.961,291.23,-490.4,-1184.2,-832.81,-414.21,116.17,296.12
185.87,282.99,145.85,-158.2,11.955,252.47,-470.45,-1084.4,-790.2,-440.36,54.496,222.98
146.86,226.21,129.67,-113.84,0.14652,213.43,-443.21,-980.31,-739.13,-447.96,-1.9532,154.91
113.86,175.6,114.32,-74.23,-8.6826,177.06,-407.21,-878.81,-684.1,-441.45,-50.086,97.311
91.532,132.78,97.22,-42.378,-11.037,144.32,-363.45,-782.84,-626.21,-425.4,-86.936,51.469
82.227,97.864,76.416,-19.93,-4.9758,114.93,-314.28,-689.35,-566.6,-405.31,-111.79,16.332
85.694,70.55,51.485,-6.7742,6.2882,88.634,-263.35,-594.83,-505.25,-380.27,-125.09,-9.0027
100.2,50.618,22.576,-2.805,21.366,65.511,-214.31,-503.39,-443.81,-342.05,-129.07,-25.766
123.63,37.901,-9.8931,-7.7946,43.095,45.586,-170.11,-420.05,-382.58,-293.4,-125.15,-35.054
153.31,31.518,-44.488,-21.431,74.664,29.063,-132.79,-342.91,-321.92,-244.81,-112.28,-37.418
185.25,31.513,-78.325,-43.55,115.66,16.266,-103.6,-269.47,-264.13,-200.55,-83.232,-33.565
214.28,44.806,-107.87,-55.687,151.57,7.1881,-82.308,-202.13,-212.91,-161.49,-64.892,-20.731
235.76,52.801,-130.37,-55.862,175.78,1.1086,-67.271,-147.3,-169.7,-127.65,-61.339,-7.5193
247.77,47.507,-144.93,-56.6,190.57,-2.3349,-57.399,-108.3,-135.29,-99.698,-59.481,-10.017
252.48,38.75,-152.82,-58.45,198.48,-5.3226,-52.854,-83.955,-111.3,-78.977,-57.758,-12.982
254.72,31.558,-156.98,-60.856,202.72,-10.276,-55.411,-70.666,-97.798,-66.603,-57.582,-15.263
257.7,26.61,-160.6,-63.509,206.47,-15.873,-64.417,-64.492,-92.324,-62.104,-59.115,-17.069
262.79,23.085,-165.84,-66.391,211.72,-20.824,-65.542,-64.499,-91.384,-63.952,-61.19,-18.609
270.93,20.36,-173.35,-69.552,218.92,-25.251,-58.615,-68.774,-92.905,-71.504,-62.417,-20.008
280.78,18.062,-183.39,-72.837,228.03,-29.646,-53.176,-65.281,-94.686,-79.28,-62.395,-21.321
286.77,15.946,-196.03,-75.806,238.45,-34.369,-49.602,-58.267,-90.311,-78.507,-61.956,-22.572
289.1,13.85,-208.61,-77.986,247.26,-39.56,-47.056,-51.805,-82.895,-73.943,-62.067,-23.788
290.37,11.703,-218.41,-79.206,253.27,-45.145,-45.09,-46.576,-76.149,-69.966,-63.092,-24.995
291.49,9.5272,-225.6,-79.639,257.42,-50.92,-43.47,-42.462,-70.876,-67.423,-64.956,-26.212
292.69,7.414,-231.18,-79.636,260.65,-56.676,-42.062,-39.157,-66.801,-66.243,-67.362,-27.435
294.12,5.4691,-235.75,-79.559,263.51,-62.26,-40.782,-36.335,-63.433,-66.213,-69.886,-28.651
296,3.7672,-239.54,-79.642,266.27,-67.574,-39.573,-33.728,-60.347,-67.049,-72.086,-29.847
298.51,2.3342,-242.7,-79.939,269.08,-72.553,-38.404,-31.158,-57.272,-68.381,-73.644,-31.002
301.65,1.1606,-245.7,-80.389,272.03,-77.118,-37.263,-28.538,-54.08,-69.772,-74.437,-32.085
305.21,0.23244,-249.03,-80.937,275.15,-81.132,-36.157,-25.837,-50.738,-70.8,-74.5,-33.037
308.87,-0.45068,-252.79,-81.598,278.36,-84.422,-35.099,-23.053,-47.253,-71.14,-73.966,-33.78
312.37,-0.88263,-256.57,-82.432,281.54,-86.898,-34.106,-20.198,-43.645,-70.667,-73.024,-34.239
315.56,-1.0718,-259.96,-83.469,284.66,-88.618,-33.194,-17.297,-39.939,-69.52,-71.877,-34.373
318.49,-1.0521,-262.79,-84.679,287.75,-89.738,-32.373,-14.392,-36.178,-68.036,-70.683,-34.191
321.31,-0.87149,-265.14,-86.013,290.91,-90.426,-31.648,-11.52,-32.41,-66.593,-69.494,-33.745
324.18,-0.56641,-267.22,-87.47,294.21,-90.824,-31.015,-8.6905,-28.675,-65.468,-68.247,-33.098
327.19,-0.14808,-269.12,-89.118,297.63,-91.04,-30.456,-5.8699,-24.996,-64.74,-66.784,-32.307
330.23,0.38109,-270.85,-91.03,300.98,-91.161,-29.943,-2.9964,-21.377,-64.27,-64.911,-31.416
333.09,0.99331,-272.31,-93.167,303.95,-91.254,-29.438,-0.0083635,-17.817,-63.761,-62.492,-30.45
335.5,1.6174,-273.36,-95.335,306.24,-91.36,-28.902,3.1342,-14.314,-62.896,-59.555,-29.425
337.28,2.1592,-273.93,-97.268,307.74,-91.505,-28.302,6.4543,-10.855,-61.478,-56.315,-28.341
338.38,2.5472,-274.04,-98.765,308.45,-91.695,-27.609,9.9807,-7.3967,-59.511,-53.064,-27.184
338.85,2.7687,-273.74,-99.775,308.49,-91.922,-26.804,13.77,-3.8586,-57.174,-50.012,-25.933
338.79,2.8664,-273.11,-100.38,307.97,-92.163,-25.871,17.907,-0.12559,-54.725,-47.22,-24.574
338.34,2.8996,-272.28,-100.7,307.08,-92.384,-24.79,22.487,3.9287,-52.409,-44.66,-23.112
337.66,2.9029,-271.43,-100.83,306.05,-92.556,-23.535,27.586,8.4097,-50.383,-42.287,-21.58
336.91,2.8724,-270.73,-100.82,305.1,-92.658,-22.069,33.253,13.373,-48.66,-40.066,-20.036
336.24,2.7848,-270.32,-100.69,304.42,-92.688,-20.358,39.522,18.827,-47.089,-37.951,-18.544
335.74,2.6261,-270.29,-100.46,304.1,-92.656,-18.378,46.433,24.771,-45.409,-35.878,-17.16
335.41,2.4025,-270.61,-100.16,304.13,-92.575,-16.126,54.028,31.235,-43.359,-33.813,-15.917
335.23,2.1299,-271.2,-99.82,304.43,-92.458,-13.619,62.294,38.253,-40.832,-31.779,-14.822
335.12,1.8171,-271.91,-99.421,304.89,-92.311,-10.886,71.107,45.779,-37.933,-29.834,-13.865
334.96,1.4669,-272.58,-98.928,305.38,-92.134,-7.968,80.239,53.649,-34.899,-28.036,-13.03
334.6,1.0942,-273.02,-98.328,305.73,-91.926,-4.9118,89.444,61.623,-31.978,-26.422,-12.298
333.94,0.74029,-273.12,-97.658,305.78,-91.691,-1.7709,98.555,69.5,-29.363,-24.996,-11.655
332.97,0.46214,-272.79,-96.982,305.44,-91.438,1.3981,107.5,77.175,-27.149,-23.718,-11.08
331.8,0.30028,-272.03,-96.35,304.72,-91.166,4.5413,116.22,84.612,-25.32,-22.51,-10.556
330.47,0.25139,-270.9,-95.743,303.65,-90.855,7.6161,124.6,91.799,-23.754,-21.272,-10.066
328.96,0.27111,-269.4,-95.084,302.27,-90.469,10.597,132.47,98.71,-22.262,-19.922,-9.5955
327.15,0.30948,-267.53,-94.303,300.55,-89.956,13.476,139.7,105.31,-20.651,-18.42,-9.1248
324.92,0.3519,-265.23,-93.393,298.44,-89.259,16.267,146.26,111.6,-18.798,-16.771,-8.6255
322.27,0.43174,-262.48,-92.414,295.94,-88.314,19,152.18,117.58,-16.687,-15.014,-8.0563
319.25,0.60619,-259.29,-91.452,293.05,-87.037,21.722,157.59,123.26,-14.387,-13.196,-7.3731
315.9,0.91895,-255.71,-90.547,289.81,-85.319,24.488,162.55,128.66,-12.012,-11.35,-6.5409
312.22,1.382,-251.83,-89.682,286.23,-83.04,27.341,167.17,133.83,-9.6651,-9.493,-5.5419
308.24,1.9905,-247.76,-88.805,282.29,-80.119,30.29,171.5,138.82,-7.4012,-7.6176,-4.371
304.16,2.7567,-243.62,-87.903,278.08,-76.574,33.283,175.6,143.75,-5.2117,-5.6946,-3.0249
300.34,3.7307,-239.39,-87.024,273.69,-72.538,36.201,179.54,148.74,-3.0337,-3.6734,-1.4934
297.05,4.9907,-234.83,-86.255,269.19,-68.19,38.886,183.33,153.9,-0.76369,-1.492,0.23831
294.31,6.6133,-229.69,-85.653,264.53,-63.662,41.18,186.94,159.19,1.7332,0.90642,2.1836
291.97,8.6477,-223.81,-85.211,259.63,-59.003,42.964,190.29,164.54,4.6061,3.5662,4.3481
289.93,11.109,-217.18,-84.903,254.46,-54.23,44.171,193.33,169.77,7.9955,6.5181,6.7304
288.16,13.986,-209.91,-84.753,249.12,-49.395,44.781,196.04,174.75,12.001,9.7709,9.3353
286.68,17.27,-202.21,-84.859,243.84,-44.616,44.798,198.42,179.41,16.607,13.297,12.202
285.54,20.959,-194.36,-85.345,238.86,-40.034,44.229,200.51,183.73,21.581,17.04,15.425
284.71,25.046,-186.68,-86.267,234.34,-35.757,43.075,202.33,187.7,26.463,20.963,19.126
284.17,29.479,-179.46,-87.576,230.37,-31.841,41.328,203.88,191.31,30.769,25.094,23.381
283.9,34.148,-173.01,-89.161,227.02,-28.304,38.965,205.11,194.55,34.266,29.516,28.12
283.87,38.94,-167.64,-90.941,224.43,-25.137,35.964,206.02,197.41,37.102,34.319,33.105
284.09,43.789,-163.54,-92.909,222.66,-22.311,32.306,206.62,199.93,39.72,39.519,38.032
284.49,48.666,-160.6,-95.113,221.66,-19.777,27.992,206.94,202.11,42.665,45.007,42.684
285.01,53.52,-158.47,-97.57,221.21,-17.482,23.042,207.02,204,46.343,50.557,46.991
285.6,58.249,-156.8,-100.22,221.09,-15.371,17.502,206.87,205.59,50.822,55.903,50.991
286.21,62.748,-155.37,-102.94,221.15,-13.391,11.44,206.51,206.88,55.798,60.862,54.77
286.82,66.989,-154.04,-105.67,221.26,-11.489,4.9489,205.94,207.86,60.757,65.395,58.43
287.39,71.057,-152.7,-108.44,221.37,-9.6128,-1.8519,205.18,208.56,65.237,69.601,62.072
287.92,75.109,-151.27,-111.34,221.42,-7.7108,-8.7966,204.27,209.02,69.018,73.682,65.785
288.44,79.284,-149.69,-114.44,221.4,-5.7233,-15.678,203.25,209.29,72.184,77.874,69.636
288.92,83.621,-147.86,-117.72,221.32,-3.5781,-22.292,202.16,209.39,75.045,82.374,73.662
289.34,88.037,-145.55,-121,221.17,-1.1924,-28.503,201,209.38,77.998,87.277,77.875
289.61,92.398,-142.53,-124.09,220.95,1.5174,-34.285,199.82,209.29,81.406,92.568,82.295
289.67,96.612,-138.66,-126.91,220.65,4.6214,-39.707,198.69,209.21,85.479,98.143,86.97
289.53,100.68,-134.28,-129.51,220.23,8.1628,-44.888,197.69,209.22,90.188,103.87,91.963
289.26,104.65,-130.3,-132,219.58,12.163,-49.942,196.89,209.38,95.255,109.64,97.314
288.91,108.61,-127.3,-134.4,218.49,16.636,-54.936,196.31,209.71,100.27,115.37,102.99
288.42,112.59,-124.74,-136.68,216.73,21.574,-59.907,195.93,210.19,104.91,121.01,108.87
287.68,116.63,-121.47,-138.76,214.07,26.88,-64.87,195.69,210.75,109.05,126.54,114.76
286.64,120.73,-116.56,-140.6,210.22,32.363,-69.815,195.51,211.31,112.85,131.98,120.49
285.31,124.85,-109.58,-142.16,205.02,37.828,-74.664,195.34,211.83,116.62,137.34,125.97
283.72,128.9,-100.64,-143.4,198.56,43.157,-79.263,195.12,212.28,120.67,142.64,131.19
281.8,132.8,-90.183,-144.29,191.05,48.307,-83.435,194.8,212.64,125.15,147.82,136.19
279.26,136.45,-78.685,-144.81,182.65,53.255,-87.057,194.32,212.87,129.95,152.82,141
275.69,139.8,-66.784,-144.97,173.59,57.963,-90.103,193.63,212.92,134.67,157.54,145.69
270.52,142.8,-55.596,-144.82,164.65,62.372,-92.627,192.7,212.79,138.79,161.95,150.3
263.49,145.42,-46.389,-144.42,157.19,66.428,-94.702,191.52,212.47,141.93,166.14,154.95
255.49,147.6,-39.764,-143.81,152.25,70.092,-96.385,190.08,211.96,143.97,170.25,159.75
248.4,149.22,-35.315,-143.02,149.82,73.346,-97.683,188.34,211.26,145.03,174.48,164.85
243.32,150.19,-31.971,-142,148.88,76.183,-98.558,186.24,210.31,145.42,178.88,170.26
239.8,150.43,-28.763,-140.62,147.94,78.59,-98.931,183.68,209.03,145.45,183.15,175.78
236.61,149.92,-25.298,-138.62,145.54,80.541,-98.707,180.59,207.31,145.24,186.68,180.9
232.56,148.69,-21.65,-135.75,140.9,81.997,-97.807,176.89,205.03,144.54,188.83,184.79
227.03,146.78,-18.046,-131.83,134.28,82.931,-96.188,172.52,202.05,142.93,189.35,186.59
219.92,144.2,-14.607,-126.79,126.54,83.34,-93.851,167.39,198.2,140.17,188.35,185.84
211.49,140.94,-11.343,-120.71,118.46,83.255,-90.839,161.33,193.33,136.3,186.09,182.8
202.16,136.92,-8.2596,-113.78,110.48,82.733,-87.227,154.16,187.37,131.41,182.76,178.14
192.41,132.14,-5.3968,-106.27,102.81,81.848,-83.097,145.68,180.35,125.48,178.43,172.48
182.63,126.65,-2.8119,-98.499,95.7,80.673,-78.512,135.79,172.46,118.52,173.09,166.16
172.98,120.63,-0.53685,-90.84,89.381,79.268,-73.517,124.55,163.97,110.7,166.77,159.39
163.38,114.31,1.4503,-83.577,83.902,77.663,-68.188,112.15,155.1,102.39,159.62,152.27
153.59,107.78,3.2207,-76.759,78.935,75.858,-62.678,98.915,145.97,93.983,151.91,144.86
143.15,101.02,4.8478,-70.175,73.672,73.822,-57.217,85.226,136.58,85.794,143.9,137.19
131.92,93.909,6.3473,-63.484,67.11,71.502,-52.032,71.59,126.89,77.854,135.74,129.28
121.14,86.382,7.6565,-56.42,59.357,68.834,-47.27,58.606,116.88,69.931,127.46,121.22
112.39,78.486,8.6752,-48.903,52.082,65.76,-42.982,46.813,106.53,61.621,119.05,113.14
105.22,70.347,9.3331,-41.009,46.335,62.246,-39.151,36.508,95.843,52.543,110.5,105.21
98.378,62.079,9.6287,-32.904,41.895,58.285,-35.723,27.685,84.785,42.681,101.87,97.523
91.261,53.751,9.6046,-24.86,38.254,53.909,-32.622,20.149,73.316,32.708,93.317,90.1
83.851,45.444,9.287,-17.264,35.122,49.17,-29.774,13.648,61.469,23.68,85.057,82.887
76.48,37.295,8.6487,-10.497,32.454,44.131,-27.12,7.9665,49.492,16.269,77.242,75.819
69.57,29.47,7.6316,-4.8,30.335,38.863,-24.621,2.9352,37.931,10.471,69.868,68.868
63.344,22.089,6.2086,-0.20569,28.83,33.464,-22.251,-1.58,27.481,5.8934,62.79,62.08
57.647,15.211,4.4264,3.4134,27.872,28.056,-19.999,-5.6928,18.646,2.09,55.781,55.543
52.05,8.8854,2.3942,6.2753,27.28,22.765,-17.856,-9.4924,11.514,-1.2755,48.598,49.312
46.262,3.2118,0.23399,8.6246,26.881,17.696,-15.818,-13.028,5.8374,-4.3869,41.072,43.358
40.567,-1.7119,-1.9583,10.663,26.602,12.932,-13.881,-16.298,1.2522,-7.3141,33.302,37.58
35.603,-5.8763,-4.1152,12.503,26.442,8.5359,-12.028,-19.266,-2.5612,-10.087,25.828,31.891
31.649,-9.3626,-6.1768,14.176,26.389,4.5533,-10.236,-21.892,-5.8205,-12.734,19.384,26.291
28.495,-12.292,-8.0862,15.685,26.387,1.0121,-8.4798,-24.163,-8.6608,-15.252,14.339,20.926
25.807,-14.791,-9.8221,17.026,26.39,-2.091,-6.7436,-26.105,-11.181,-17.6,10.579,16.052
23.431,-16.965,-11.436,18.177,26.442,-4.796,-5.0229,-27.758,-13.453,-19.705,7.7851,11.918
21.467,-18.887,-13.048,19.08,26.694,-7.1654,-3.3159,-29.141,-15.524,-21.503,5.6646,8.6131
20.122,-20.595,-14.777,19.667,27.314,-9.2595,-1.6083,-30.247,-17.415,-22.964,4.0079,6.0424
19.469,-22.11,-16.652,19.91,28.337,-11.115,0.13716,-31.05,-19.119,-24.11,2.679,4.0347
19.306,-23.454,-18.555,19.882,29.569,-12.742,1.9787,-31.547,-20.618,-25.01,1.5908,2.4403
19.226,-24.657,-20.258,19.741,30.666,-14.137,3.9759,-31.766,-21.887,-25.76,0.69031,1.1573
18.852,-25.746,-21.533,19.658,31.321,-15.305,6.1631,-31.767,-22.902,-26.438,-0.048093,0.11942
18.037,-26.723,-22.275,19.736,31.415,-16.266,8.5346,-31.613,-23.635,-27.062,-0.62726,-0.71672
16.886,-27.568,-22.555,19.977,31.046,-17.056,11.048,-31.356,-24.059,-27.575,-1.0375,-1.3797
15.611,-28.261,-22.559,20.319,30.43,-17.718,13.65,-31.029,-24.163,-27.859,-1.2721,-1.8912
14.363,-28.819,-22.483,20.702,29.771,-18.288,16.296,-30.664,-23.972,-27.796,-1.3418,-2.2742
13.175,-29.292,-22.463,21.103,29.172,-18.792,18.961,-30.289,-23.541,-27.322,-1.2791,-2.5537
12.016,-29.744,-22.558,21.521,28.649,-19.242,21.637,-29.926,-22.942,-26.463,-1.1356,-2.7503
10.888,-30.208,-22.768,21.934,28.188,-19.639,24.321,-29.581,-22.237,-25.319,-0.96254,-2.8699
9.8503,-30.664,-23.027,22.29,27.782,-19.971,26.999,-29.249,-21.457,-24.029,-0.79346,-2.8992
8.9421,-31.059,-23.204,22.533,27.382,-20.217,29.638,-28.93,-20.614,-22.732,-0.63751,-2.819
8.105,-31.346,-23.122,22.656,26.849,-20.355,32.191,-28.649,-19.718,-21.542,-0.4867,-2.6227
7.202,-31.51,-22.632,22.717,26.002,-20.376,34.601,-28.451,-18.795,-20.529,-0.32993,-2.3311
6.1261,-31.564,-21.694,22.793,24.734,-20.286,36.818,-28.389,-17.886,-19.702,-0.16414,-1.9924
4.8871,-31.518,-20.405,22.918,23.107,-20.109,38.813,-28.491,-17.023,-19.003,0.0043159,-1.6631
3.6082,-31.362,-18.955,23.06,21.328,-19.867,40.59,-28.752,-16.209,-18.326,0.16655,-1.3842
2.4433,-31.069,-17.524,23.146,19.632,-19.569,42.182,-29.144,-15.428,-17.563,0.31769,-1.1667
1.4785,-30.618,-16.203,23.12,18.14,-19.199,43.631,-29.639,-14.661,-16.661,0.4562,-0.99487
0.69349,-30.015,-14.969,22.976,16.808,-18.727,44.97,-30.224,-13.9,-15.65,0.57822,-0.83938
0.022633,-29.275,-13.737,22.729,15.514,-18.119,46.21,-30.891,-13.153,-14.628,0.67408,-0.67055
-0.54607,-28.394,-12.432,22.37,14.195,-17.349,47.341,-31.618,-12.435,-13.724,0.7321,-0.46738
-0.94456,-27.344,-11.032,21.852,12.901,-16.399,48.35,-32.355,-11.755,-13.044,0.74677,-0.22328
-1.1063,-26.091,-9.5442,21.127,11.72,-15.259,49.23,-33.033,-11.121,-12.642,0.73216,0.051172
-1.0704,-24.635,-7.9595,20.207,10.65,-13.915,49.99,-33.593,-10.542,-12.506,0.71875,0.32955
-1.0025,-23.022,-6.2324,19.193,9.5637,-12.354,50.648,-34.006,-10.038,-12.561,0.74033,0.57775
-1.1118,-21.32,-4.3009,18.228,8.2905,-10.563,51.223,-34.277,-9.6244,-12.694,0.81886,0.7705
-1.5309,-19.584,-2.1285,17.414,6.7386,-8.5418,51.716,-34.424,-9.2986,-12.79,0.95797,0.90924
-2.2474,-17.816,0.28531,16.75,4.9439,-6.2955,52.108,-34.458,-9.0301,-12.761,1.1459,1.0291
-3.1334,-15.976,2.9297,16.154,3.0224,-3.8308,52.361,-34.39,-8.7706,-12.569,1.3683,1.1883
-4.04,-14.011,5.8131,15.524,1.08,-1.1482,52.421,-34.237,-8.481,-12.238,1.6126,1.4427
-4.8812,-11.893,8.9723,14.802,-0.84566,1.7573,52.24,-34.036,-8.1441,-11.84,1.8698,1.8183
-5.6516,-9.6347,12.457,13.991,-2.7723,4.8861,51.776,-33.83,-7.7693,-11.468,2.1361,2.3019
-6.3665,-7.2731,16.295,13.114,-4.7076,8.222,51.003,-33.642,-7.3758,-11.189,2.4203,2.8512
-7.0071,-4.8485,20.44,12.186,-6.6038,11.726,49.915,-33.449,-6.9742,-11.014,2.75,3.4176
-7.5324,-2.3925,24.765,11.211,-8.3809,15.345,48.523,-33.201,-6.5633,-10.881,3.1669,3.9675
-7.9418,0.062846,29.122,10.216,-9.9946,19.034,46.85,-32.84,-6.1416,-10.689,3.7129,4.489
-8.3128,2.4698,33.432,9.2708,-11.489,22.778,44.923,-32.346,-5.7196,-10.343,4.4075,4.9859
-8.7682,4.7666,37.689,8.47,-12.97,26.577,42.765,-31.735,-5.3192,-9.8064,5.2368,5.4669
-9.3929,6.9005,41.892,7.872,-14.552,30.431,40.396,-31.049,-4.9608,-9.1088,6.1555,5.9401
-10.173,8.8579,46.017,7.4553,-16.31,34.302,37.837,-30.321,-4.6469,-8.3294,7.103,6.4156
-11.009,10.67,50.081,7.1327,-18.284,38.117,35.117,-29.567,-4.3608,-7.5615,8.0286,6.9051
-11.804,12.378,54.198,6.8176,-20.493,41.79,32.282,-28.795,-4.0805,-6.8861,8.9121,7.4124
-12.539,13.998,58.534,6.4883,-22.979,45.244,29.399,-28.021,-3.7956,-6.3538,9.7682,7.9228
-13.298,15.503,63.207,6.1977,-25.829,48.423,26.55,-27.269,-3.5119,-5.9671,10.628,8.4023
-14.19,16.846,68.16,6.0252,-29.118,51.285,23.814,-26.552,-3.2384,-5.6696,11.518,8.8126
-15.259,18.009,73.102,6.0123,-32.771,53.809,21.26,-25.861,-2.9717,-5.3564,12.444,9.135
-16.453,19.014,77.619,6.1359,-36.486,55.996,18.939,-25.163,-2.693,-4.9156,13.389,9.3848
-17.667,19.894,81.439,6.3372,-39.911,57.867,16.894,-24.422,-2.3818,-4.2845,14.302,9.6019
-18.83,20.649,84.537,6.5724,-42.863,59.449,15.154,-23.621,-2.0354,-3.4823,15.114,9.8228
-19.928,21.227,87.032,6.8254,-45.369,60.762,13.743,-22.769,-1.6742,-2.6017,15.742,10.056
-20.968,21.561,89.051,7.0884,-47.515,61.81,12.672,-21.875,-1.3288,-1.77,16.127,10.282
-21.915,21.63,90.664,7.3288,-49.31,62.583,11.935,-20.934,-1.0192,-1.1042,16.256,10.466
-22.676,21.477,91.892,7.4862,-50.699,63.063,11.513,-19.926,-0.74644,-0.67432,16.18,10.584
-23.162,21.169,92.741,7.5109,-51.648,63.237,11.365,-18.838,-0.50157,-0.48406,15.988,10.624
-23.366,20.732,93.223,7.4125,-52.197,63.09,11.439,-17.694,-0.28396,-0.47159,15.769,10.581
-23.385,20.131,93.344,7.2667,-52.426,62.605,11.675,-16.554,-0.10831,-0.53205,15.56,10.454
-23.358,19.306,93.078,7.1776,-52.395,61.746,12.014,-15.486,0.0062447,-0.55671,15.336,10.242
-23.367,18.24,92.334,7.2105,-52.101,60.462,12.408,-14.529,0.053636,-0.47369,15.029,9.9569
-23.389,16.978,90.927,7.3608,-51.491,58.7,12.823,-13.672,0.047099,-0.27201,14.568,9.6217
-23.341,15.602,88.583,7.5794,-50.486,56.434,13.243,-12.874,0.0069163,-0.002075,13.913,9.2581
-23.172,14.164,84.999,7.8278,-49.018,53.671,13.66,-12.096,-0.061126,0.24094,13.071,8.869
-22.92,12.663,80.015,8.1132,-47.055,50.442,14.064,-11.332,-0.1775,0.34571,12.08,8.4296
-22.664,11.054,73.865,8.471,-44.611,46.783,14.438,-10.606,-0.37883,0.22669,10.999,7.9
-22.444,9.2913,67.3,8.9186,-41.744,42.712,14.754,-9.9416,-0.69379,-0.13058,9.8926,7.2507
-22.216,7.3585,61.28,9.4263,-38.574,38.248,14.988,-9.3458,-1.1262,-0.65109,8.8093,6.4827
-21.888,5.2707,56.382,9.9325,-35.309,33.45,15.125,-8.8116,-1.6582,-1.2021,7.7735,5.6252
-21.397,3.0564,52.506,10.386,-32.193,28.442,15.16,-8.3433,-2.2694,-1.6617,6.782,4.7158
-20.748,0.74458,49.028,10.772,-29.341,23.39,15.093,-7.9717,-2.9534,-1.9801,5.8105,3.779
-19.967,-1.6251,45.119,11.095,-26.647,18.449,14.919,-7.7452,-3.7208,-2.1986,4.8259,2.8195
-19.04,-3.9853,40.143,11.339,-23.897,13.716,14.626,-7.7019,-4.5862,-2.4198,3.7994,1.8287
-17.891,-6.2465,33.964,11.452,-20.902,9.2369,14.201,-7.8486,-5.5556,-2.7552,2.719,0.79762
-16.446,-8.3302,26.962,11.385,-17.578,5.025,13.641,-8.1628,-6.6245,-3.2829,1.5966,-0.27725
-14.731,-10.206,19.8,11.145,-13.99,1.0891,12.956,-8.6142,-7.7855,-4.0254,0.46713,-1.393
-12.906,-11.901,13.117,10.821,-10.337,-2.5563,12.171,-9.1835,-9.032,-4.9435,-0.62341,-2.5419
-11.208,-13.471,7.2917,10.546,-6.8678,-5.8929,11.315,-9.8628,-10.352,-5.9442,-1.6346,-3.709
-9.8205,-14.955,2.4116,10.411,-3.7768,-8.9014,10.407,-10.64,-11.718,-6.9051,-2.5443,-4.8675
-8.7915,-16.343,-1.6051,10.409,-1.1407,-11.563,9.4478,-11.487,-13.081,-7.716,-3.3518,-5.9776
-8.0332,-17.581,-4.8873,10.444,1.0727,-13.864,8.4239,-12.366,-14.39,-8.3193,-4.0733,-6.9956
-7.4094,-18.609,-7.5548,10.398,2.9433,-15.798,7.3155,-13.248,-15.611,-8.73,-4.7328,-7.8882
-6.8307,-19.395,-9.6928,10.206,4.5321,-17.374,6.1147,-14.131,-16.745,-9.0225,-5.352,-8.6438
-6.2837,-19.955,-11.36,9.8794,5.861,-18.621,4.8361,-15.027,-17.816,-9.2939,-5.942,-9.2737
-5.7916,-20.332,-12.621,9.4782,6.9489,-19.579,3.5205,-15.937,-18.85,-9.622,-6.4963,-9.8017
-5.3611,-20.57,-13.575,9.0646,7.8483,-20.297,2.2281,-16.837,-19.849,-10.033,-6.9889,-10.248
-4.9741,-20.698,-14.342,8.6832,8.6336,-20.82,1.0255,-17.68,-20.793,-10.492,-7.3803,-10.62
-4.628,-20.739,-15.013,8.373,9.3444,-21.182,-0.032412,-18.429,-21.65,-10.915,-7.6351,-10.913
-4.3725,-20.724,-15.613,8.179,9.9358,-21.404,-0.91669,-19.079,-22.404,-11.21,-7.7441,-11.121
-4.2782,-20.687,-16.092,8.1353,10.31,-21.502,-1.6322,-19.659,-23.061,-11.318,-7.7374,-11.248
-4.3655,-20.641,-16.389,8.2235,10.415,-21.495,-2.2166,-20.211,-23.646,-11.24,-7.6794,-11.309
-4.5482,-20.565,-16.496,8.3488,10.325,-21.405,-2.7292,-20.767,-24.186,-11.032,-7.6448,-11.325
-4.662,-20.409,-16.463,8.3717,10.21,-21.255,-3.2321,-21.332,-24.704,-10.781,-7.689,-11.318
-4.5688,-20.132,-16.361,8.1865,10.221,-21.068,-3.7733,-21.9,-25.209,-10.576,-7.8301,-11.31
-4.2529,-19.743,-16.23,7.7894,10.395,-20.862,-4.3773,-22.473,-25.715,-10.483,-8.0492,-11.328
-3.8248,-19.3,-16.084,7.2814,10.647,-20.656,-5.0468,-23.067,-26.234,-10.528,-8.3069,-11.401
-3.4314,-18.88,-15.95,6.8013,10.87,-20.471,-5.7741,-23.706,-26.774,-10.681,-8.5635,-11.553
-3.1468,-18.537,-15.902,6.4396,11.046,-20.334,-6.5565,-24.4,-27.339,-10.861,-8.7948,-11.795
-2.9295,-18.272,-16.04,6.197,11.266,-20.262,-7.4061,-25.141,-27.929,-10.968,-8.9967,-12.119
-2.6733,-18.047,-16.425,6.0091,11.647,-20.253,-8.3466,-25.91,-28.549,-10.918,-9.1819,-12.502
-2.2974,-17.813,-17.019,5.8038,12.228,-20.281,-9.403,-26.701,-29.213,-10.687,-9.375,-12.911
-1.7909,-17.539,-17.702,5.537,12.944,-20.31,-10.588,-27.526,-29.948,-10.324,-9.6097,-13.326
-1.1739,-17.207,-18.344,5.183,13.703,-20.31,-11.908,-28.414,-30.776,-9.9291,-9.9244,-13.742
-0.42213,-16.804,-18.901,4.7076,14.498,-20.275,-13.369,-29.391,-31.702,-9.6226,-10.353,-14.173
0.55368,-16.32,-19.435,4.0644,15.432,-20.22,-14.973,-30.475,-32.71,-9.5021,-10.91,-14.643
1.8386,-15.754,-20.056,3.2308,16.62,-20.176,-16.727,-31.676,-33.773,-9.6132,-11.583,-15.169
3.4158,-15.134,-20.828,2.2485,18.065,-20.163,-18.624,-33.001,-34.866,-9.9262,-12.332,-15.757
5.1287,-14.504,-21.717,1.2266,19.615,-20.18,-20.641,-34.436,-35.976,-10.359,-13.114,-16.394
6.7434,-13.905,-22.625,0.2929,21.049,-20.206,-22.748,-35.98,-37.092,-10.797,-13.899,-17.058
8.0929,-13.347,-23.46,-0.47855,22.227,-20.203,-24.905,-37.61,-38.188,-11.14,-14.692,-17.717
9.1844,-12.796,-24.194,-1.1054,23.173,-20.136,-27.072,-39.285,-39.24,-11.329,-15.517,-18.336
10.176,-12.2,-24.842,-1.6784,24.023,-19.977,-29.212,-40.953,-40.219,-11.368,-16.404,-18.894
11.22,-11.523,-25.407,-2.2952,24.889,-19.714,-31.296,-42.601,-41.105,-11.313,-17.365,-19.388
12.329,-10.775,-25.849,-2.9879,25.772,-19.354,-33.303,-44.214,-41.895,-11.265,-18.394,-19.84
13.388,-10.001,-26.102,-3.7179,26.579,-18.916,-35.234,-45.771,-42.617,-11.315,-19.467,-20.29
14.282,-9.2479,-26.131,-4.4296,27.215,-18.427,-37.101,-47.267,-43.28,-11.508,-20.554,-20.771
14.993,-8.5403,-25.949,-5.0974,27.644,-17.91,-38.931,-48.675,-43.854,-11.833,-21.616,-21.285
15.57,-7.8739,-25.586,-5.7184,27.87,-17.377,-40.744,-49.956,-44.316,-12.216,-22.615,-21.803
16.012,-7.2361,-25.046,-6.2688,27.868,-16.821,-42.552,-51.087,-44.643,-12.556,-23.523,-22.281
16.207,-6.6273,-24.286,-6.6753,27.549,-16.228,-44.351,-52.083,-44.834,-12.774,-24.336,-22.682
15.999,-6.0612,-23.262,-6.8495,26.825,-15.583,-46.134,-52.992,-44.913,-12.853,-25.081,-22.999
15.342,-5.5442,-22.007,-6.7606,25.713,-14.887,-47.896,-53.886,-44.909,-12.84,-25.801,-23.25
14.389,-5.0573,-20.646,-6.4846,24.384,-14.148,-49.647,-54.798,-44.844,-12.802,-26.529,-23.462
13.411,-4.5609,-19.339,-6.1741,23.083,-13.38,-51.404,-55.729,-44.722,-12.806,-27.255,-23.65
12.612,-4.022,-18.184,-5.9638,21.976,-12.585,-53.182,-56.666,-44.558,-12.89,-27.924,-23.809
11.993,-3.4396,-17.159,-5.8924,21.042,-11.761,-54.979,-57.599,-44.358,-13.057,-28.454,-23.917
11.397,-2.839,-16.166,-5.902,20.121,-10.896,-56.772,-58.52,-44.134,-13.268,-28.771,-23.947
10.689,-2.2515,-15.114,-5.9139,19.067,-9.9927,-58.53,-59.425,-43.897,-13.455,-28.832,-23.878
9.8886,-1.6897,-13.989,-5.9034,17.873,-9.069,-60.229,-60.317,-43.645,-13.536,-28.652,-23.702
9.1274,-1.1424,-12.835,-5.9053,16.652,-8.1575,-61.863,-61.174,-43.374,-13.448,-28.281,-23.422
8.4993,-0.59392,-11.686,-5.951,15.504,-7.2859,-63.439,-61.986,-43.105,-13.183,-27.792,-23.053
7.9627,-0.046666,-10.521,-6.019,14.415,-6.4646,-64.984,-62.763,-42.861,-12.789,-27.254,-22.62
7.3817,0.47685,-9.2865,-6.0417,13.282,-5.6869,-66.521,-63.531,-42.682,-12.354,-26.727,-22.152
6.6552,0.95381,-7.9579,-5.9626,12.026,-4.9431,-68.084,-64.296,-42.597,-11.967,-26.25,-21.672
5.8199,1.3828,-6.5853,-5.7964,10.689,-4.2299,-69.714,-65.054,-42.608,-11.676,-25.829,-21.19
5.0341,1.7834,-5.2872,-5.6235,9.4263,-3.5618,-71.456,-65.8,-42.666,-11.483,-25.44,-20.702
4.4539,2.1662,-4.1919,-5.5193,8.3974,-2.9624,-73.337,-66.498,-42.736,-11.345,-25.047,-20.204
4.1097,2.5072,-3.3756,-5.4832,7.6598,-2.458,-75.338,-67.129,-42.817,-11.187,-24.618,-19.707
3.8847,2.7375,-2.8415,-5.4244,7.1448,-2.0795,-77.369,-67.68,-42.921,-10.943,-24.159,-19.243
3.6064,2.766,-2.5521,-5.2165,6.734,-1.8694,-79.253,-68.114,-43.069,-10.589,-23.732,-18.862
3.1685,2.5151,-2.4779,-4.7786,6.3579,-1.8849,-80.727,-68.334,-43.275,-10.165,-23.448,-18.631
2.5742,1.942,-2.6189,-4.1115,6.0282,-2.1893,-81.427,-68.167,-43.533,-9.7702,-23.454,-18.63
1.8777,1.0317,-2.9856,-3.269,5.7837,-2.8306,-80.888,-67.36,-43.826,-9.5449,-23.901,-18.958
1.1024,-0.22647,-3.5694,-2.3065,5.6178,-3.8223,-78.603,-65.671,-44.124,-9.6431,-24.9,-19.711
0.23738,-1.8503,-4.3385,-1.2596,5.4702,-5.1393,-74.668,-62.912,-44.368,-10.163,-26.461,-20.914
-0.6934,-3.8513,-5.2681,-0.15354,5.2947,-6.7323,-71.268,-59.032,-44.416,-11.071,-28.427,-22.373
-1.5937,-6.2028,-6.3764,0.99168,5.1338,-8.553,-74.427,-54.202,-44.041,-12.153,-30.478,-23.577
-2.3511,-8.813,-7.7421,2.1713,5.1153,-10.569,-86.277,-48.923,-42.902,-13,-32.343,-24.294
-2.9226,-11.512,-9.4633,3.3932,5.3751,-12.757,-92.811,-44.162,-40.579,-13.043,-34.073,-25.024
-3.3563,-14.11,-11.599,4.6444,5.9752,-15.076,-93.685,-41.716,-36.692,-11.618,-35.829,-26.395
-3.7304,-16.46,-14.142,5.8807,6.9088,-17.438,-90.789,-44.518,-32.068,-8.022,-36.438,-28.666
-4.0658,-18.438,-17.033,7.0629,8.1952,-19.687,-80.718,-50.727,-36.911,-3.0756,-33.461,-30.315
-4.3313,-19.961,-20.187,8.309,9.9488,-21.614,-59.442,-43.748,-34.308,-16.585,-40.732,-39.093
-5.3955,-22.008,-23.493,11.747,11.951,-23.052,-27.132,-16.841,-27.821,-23.599,-60.049,-57.174
-21.122,-36.336,-26.787,31.049,10.478,-24.162,12.783,22.771,-23.096,-33.948,-83.462,-79.607
-38.031,-61.589,-29.832,46.325,2.7495,-26.766,55.543,66.809,-17.014,-44.297,-106.15,-102.17
-46.336,-76.658,-32.388,57.574,-0.6711,-41.398,95.911,109.37,-4.3318,-47.831,-121.75,-119.14
-48.344,-83.811,-34.33,62.405,-1.1347,-58.524,127.98,147.97,19.753,-36.599,-123.59,-124.54
-41.789,-79.943,-35.727,57.738,1.8007,-58.813,144.85,184.36,58.912,-4.8119,-106.24,-113.49
-25.245,-64.807,-36.763,42.531,8.6987,-52.15,144.32,223.05,118.76,51.913,-65.709,-82.77
2.1271,-39.622,-37.586,16.635,20.672,-41.354,131.37,273.01,209.33,139.36,1.0652,-30.437
41.079,-5.1879,-38.523,-20.247,40.645,-27.377,112.88,346.46,339.73,264.1,96.114,44.726
93.174,39.044,-41.402,-68.886,71.134,-9.5826,93.34,451.92,513.22,429.36,220.3,143.3
158.24,94.74,-51.659,-129.9,110.06,13.781,73.153,587.28,725.97,632.08,372.21,264.64
233.38,163.21,-64.709,-202.42,151.89,44.446,49.269,737.24,962.5,860.49,546.2,405.21
313.14,243.21,-65.823,-282.82,192.05,83.016,15.951,875.55,1195.3,1092.5,730.24,556.75
390.59,329.41,-58.625,-364.62,226.91,128.04,-33.011,969.5,1387.7,1297.3,905.49,705.81
457.21,412.68,-45.253,-439.65,252.55,175.57,-100.99,985.57,1499.4,1439.8,1048.6,835.31
504.64,482.99,-26.65,-499.06,265.92,220.74,-185.19,898.35,1496.7,1488.6,1136.9,928.22
527.33,532.36,-3.9995,-535.6,265.33,259.23,-276.16,699.65,1364.1,1426.6,1155.3,972.49
523.93,556.84,21.671,-546.31,250.38,287.13,-362.3,403.77,1110.6,1258.3,1102.8,965.37
497.26,558.2,50.604,-533.67,221.84,303.19,-433.62,46.453,770.17,1010.3,993.17,914.71
453.18,544.06,83.934,-504.52,182.22,311.77,-484.32,-323.18,393.94,723.37,850.8,835.81
399.73,524.24,121.41,-467.76,136.21,318.62,-513.26,-655.6,35.951,441.48,701.63,745.76
345.24,505.66,160.29,-431.01,89.548,326.83,-523.48,-913.65,-260.52,199.21,565.88,658.06
295.61,489.95,195.67,-398.01,47.034,336.2,-520.81,-1080,-472.42,14.185,453.73,579.31
252.59,473.95,223.25,-367.9,11.509,343.15,-511.29,-1157.6,-599.01,-113.86,364.7,508.84
214.47,451.64,239.75,-336.66,-15.62,341.51,-499.81,-1163.5,-656.57,-197.73,291.18,441.5
178.51,417.64,242.37,-300.69,-34.426,326.36,-489.91,-1121.4,-668.93,-254.29,223.25,372.07
142.82,370.89,230.74,-259.34,-46.294,297.35,-483.62,-1054.8,-658.36,-296.8,154.56,298.83
106.88,315.02,208,-213.92,-52.701,258.34,-480.31,-981.44,-639.75,-331.69,86.323,225.19
72.69,256.38,179.08,-168.04,-55.093,214.86,-476.64,-910.95,-619.55,-359.61,23.097,156.83
42.547,200.19,148.71,-124.98,-54.484,171.85,-468.48,-845.48,-597.98,-378.52,-30.015,98.278
16.947,149.42,120.79,-86.98,-42.332,133,-452.53,-781.17,-572.5,-386.63,-69.657,51.77
-2.7121,106.42,97.994,-55.629,-24.595,100.23,-426.78,-711.1,-539.03,-383.58,-95.803,17.01
-16.813,71.384,80.09,-30.869,-20.76,73.43,-390.7,-634.47,-493.18,-370.67,-110.56,-7.8005
-25.416,43.915,64.778,-12.284,-19.811,51.775,-344.6,-555.51,-439.07,-348.74,-116.55,-24.871
-26.094,23.97,51.815,0.534,-19.03,34.881,-291,-473.25,-383.69,-319.03,-115.83,-35.59
-17.651,11.262,40.943,7.8606,-17.828,22.597,-234.77,-389.54,-325.83,-282.66,-108.38,-40.143
-8.8958,5.0621,32.134,9.7883,-16.13,14.824,-180.79,-309.78,-266.48,-240.4,-91.586,-38.366
-6.2393,4.2881,25.908,4.451,-14.087,11.292,-132.65,-238.93,-209.63,-195.11,-60.846,-30.057
-5.3892,10.001,22.492,-4.6874,-11.927,12.472,-92.5,-180.11,-159.11,-151.76,-41.332,-10.165
-4.8512,16.412,20.198,-4.5886,-9.8996,16.342,-61.335,-134.59,-117.56,-114.88,-31.462,-2.3477
-4.4823,12.111,16.056,-2.6996,-8.2286,13.17,-39.019,-102.06,-86.363,-86.687,-22.619,-2.9748
-4.3551,7.4711,12.188,-1.542,-7.0497,8.2019,-24.053,-80.822,-65.449,-67.449,-15.562,-3.2418
-4.5246,4.6167,9.7488,-0.66065,-6.3663,4.5972,-14.953,-68.293,-53.415,-56.391,-11.872,-2.9792
-4.9467,2.6792,8.305,0.1468,-6.0673,2.1057,-10.911,-61.662,-47.94,-52.039,-11.187,-2.5104
-5.5156,1.2067,7.4187,0.92334,-6.015,0.28615,-10.54,-59.344,-46.478,-52.704,-11.65,-2.0777
-6.1635,-0.0090319,6.8675,1.6762,-6.1421,-1.118,-15.191,-60.188,-46.818,-56.137,-11.412,-1.7604
-6.92,-1.091,6.5923,2.44,-6.4853,-2.2403,-21.323,-55.799,-42.469,-54.836,-10.177,-1.5304
-7.8775,-2.1297,6.6077,3.2765,-7.1317,-3.1571,-18.439,-47.902,-34.046,-47.379,-8.6035,-1.3434
-9.096,-3.1878,6.9085,4.2316,-8.1189,-3.9303,-14.221,-40.833,-27.284,-40.576,-7.1977,-1.1788
-10.535,-4.2937,7.4141,5.2987,-9.3707,-4.6267,-10.736,-35.38,-22.419,-35.78,-6.1302,-1.0354
-12.07,-5.4513,7.9789,6.4265,-10.724,-5.3134,-8.0737,-31.343,-18.955,-32.534,-5.4058,-0.92397
-13.576,-6.6615,8.4522,7.564,-12.013,-6.0444,-6.0498,-28.353,-16.492,-30.41,-4.9709,-0.86199
-14.985,-7.9359,8.735,8.6934,-13.132,-6.849,-4.4556,-26.066,-14.721,-29.087,-4.7535,-0.86707
-16.282,-9.2867,8.7926,9.8202,-14.037,-7.7298,-3.1096,-24.209,-13.396,-28.292,-4.6792,-0.95355
-17.445,-10.7,8.6253,10.932,-14.701,-8.6699,-1.8756,-22.583,-12.322,-27.759,-4.6796,-1.1264
-18.41,-12.122,8.2389,11.971,-15.09,-9.6425,-0.66782,-21.054,-11.342,-27.241,-4.6953,-1.3681
-19.091,-13.477,7.6445,12.853,-15.178,-10.62,0.55254,-19.55,-10.347,-26.549,-4.6761,-1.6297
-19.456,-14.706,6.881,13.527,-14.999,-11.579,1.7885,-18.055,-9.2977,-25.595,-4.5869,-1.839
-19.581,-15.801,6.0222,14.019,-14.661,-12.508,3.022,-16.599,-8.2119,-24.411,-4.4156,-1.9283
-19.632,-16.798,5.1467,14.427,-14.319,-13.409,4.2288,-15.219,-7.1447,-23.114,-4.1779,-1.8659
-19.762,-17.751,4.2906,14.854,-14.086,-14.296,5.3899,-13.926,-6.1495,-21.85,-3.9111,-1.6712
-20.025,-18.693,3.4259,15.348,-13.977,-15.183,6.4976,-12.691,-5.2484,-20.736,-3.6587,-1.4054
-20.352,-19.615,2.488,15.878,-13.914,-16.076,7.5574,-11.458,-4.4254,-19.825,-3.4516,-1.1461
-20.63,-20.484,1.4351,16.375,-13.801,-16.963,8.5845,-10.184,-3.6384,-19.099,-3.2978,-0.96026
-20.788,-21.268,0.29018,16.783,-13.595,-17.818,9.5989,-8.8602,-2.84,-18.489,-3.1832,-0.88647
-20.818,-21.939,-0.86771,17.074,-13.316,-18.605,10.621,-7.5119,-1.9888,-17.9,-3.079,-0.92369
-20.727,-22.472,-1.9555,17.226,-12.991,-19.295,11.667,-6.1658,-1.0505,-17.251,-2.9514,-1.0276
-20.484,-22.827,-2.9388,17.196,-12.611,-19.87,12.742,-4.8259,0.0058758,-16.494,-2.7691,-1.1201
-20.026,-22.965,-3.8427,16.939,-12.129,-20.326,13.837,-3.47,1.2041,-15.633,-2.5084,-1.1158
-19.326,-22.869,-4.7123,16.443,-11.509,-20.669,14.932,-2.0681,2.5524,-14.718,-2.1563,-0.95826
-18.455,-22.56,-5.5607,15.769,-10.777,-20.901,15.997,-0.60479,4.0365,-13.821,-1.7126,-0.64573
-17.554,-22.09,-6.3526,15.03,-10.021,-21.018,17.006,0.91865,5.6265,-13.013,-1.1894,-0.23102
-16.754,-21.499,-7.0328,14.317,-9.3245,-21.007,17.948,2.5025,7.2986,-12.319,-0.60496,0.20825
-16.075,-20.788,-7.5657,13.642,-8.7103,-20.85,18.826,4.1678,9.0638,-11.707,0.026507,0.60878
-15.43,-19.913,-7.9408,12.933,-8.1302,-20.533,19.663,5.9563,10.984,-11.089,0.70418,0.94756
-14.693,-18.823,-8.1408,12.091,-7.5296,-20.043,20.483,7.9098,13.166,-10.357,1.4454,1.2455
-13.813,-17.492,-8.1113,11.062,-6.92,-19.37,21.308,10.048,15.741,-9.4333,2.2826,1.5545
-12.839,-15.94,-7.769,9.8745,-6.3929,-18.509,22.151,12.368,18.845,-8.2987,3.2535,1.938
-11.88,-14.211,-7.0524,8.5988,-6.0615,-17.463,23.014,14.86,22.609,-6.9881,4.3919,2.4552
-11.01,-12.344,-5.9755,7.2986,-5.9804,-16.242,23.898,17.544,27.135,-5.5589,5.7258,3.1513
-10.236,-10.358,-4.6388,5.9979,-6.1094,-14.865,24.804,20.471,32.453,-4.0621,7.2791,4.053
-9.5263,-8.2623,-3.1858,4.6952,-6.3521,-13.357,25.735,23.711,38.471,-2.5298,9.0739,5.1707
-8.8676,-6.0797,-1.74,3.3979,-6.6271,-11.746,26.701,27.324,44.978,-0.97626,11.128,6.5009
-8.286,-3.8584,-0.36869,2.1372,-6.9071,-10.065,27.718,31.341,51.711,0.60165,13.446,8.0201
-7.8104,-1.6593,0.90804,0.94737,-7.1964,-8.3494,28.8,35.772,58.468,2.2326,16.007,9.6726
-7.4112,0.47655,2.0855,-0.17947,-7.4778,-6.6372,29.947,40.636,65.172,3.9856,18.787,11.377
-6.9802,2.5525,3.1537,-1.3193,-7.6893,-4.9605,31.144,45.971,71.845,5.9764,21.776,13.074
-6.383,4.6093,4.1053,-2.5881,-7.7592,-3.3407,32.35,51.809,78.526,8.3531,25.004,14.782
-5.5475,6.6906,4.9545,-4.0698,-7.662,-1.7837,33.509,58.128,85.198,11.267,28.532,16.603
-4.5123,8.8128,5.7355,-5.7645,-7.4426,-0.28227,34.568,64.822,91.774,14.833,32.411,18.694
-3.3877,10.965,6.4711,-7.5947,-7.1759,1.1767,35.493,71.741,98.158,19.078,36.625,21.205
-2.262,13.14,7.1343,-9.4828,-6.8951,2.6011,36.274,78.765,104.32,23.892,41.063,24.215
-1.1354,15.355,7.6421,-11.429,-6.5586,3.9842,36.929,85.846,110.3,29.045,45.563,27.685
0.06662,17.645,7.8998,-13.508,-6.0916,5.3017,37.492,92.985,116.21,34.297,49.965,31.428
1.4046,20.016,7.8714,-15.798,-5.4679,6.5177,37.995,100.15,122.1,39.519,54.191,35.162
2.8569,22.408,7.6205,-18.277,-4.7544,7.5998,38.452,107.23,127.98,44.731,58.254,38.659
4.3365,24.717,7.2872,-20.817,-4.0765,8.5342,38.85,114.07,133.78,50.05,62.217,41.847
5.7851,26.876,7.0167,-23.311,-3.5303,9.3315,39.144,120.54,139.42,55.579,66.148,44.819
7.2668,28.921,6.8914,-25.816,-3.1146,10.021,39.27,126.57,144.84,61.327,70.094,47.771
8.9668,30.971,6.9052,-28.533,-2.7319,10.634,39.162,132.16,150.03,67.182,74.074,50.876
11.076,33.138,6.9856,-31.653,-2.2563,11.188,38.776,137.31,155.01,72.95,78.084,54.213
13.661,35.445,7.0359,-35.174,-1.6061,11.68,38.106,142.01,159.82,78.442,82.115,57.746
16.637,37.824,6.9661,-38.891,-0.76447,12.099,37.184,146.28,164.54,83.564,86.162,61.371
19.881,40.195,6.7002,-42.561,0.26122,12.433,36.079,150.16,169.24,88.362,90.246,64.997
23.366,42.551,6.177,-46.08,1.4885,12.686,34.869,153.73,173.98,93.014,94.41,68.61
27.184,44.974,5.3677,-49.496,2.9621,12.88,33.627,157.08,178.79,97.757,98.723,72.28
31.422,47.572,4.3032,-52.894,4.7035,13.06,32.404,160.25,183.61,102.79,103.25,76.133
36.005,50.392,3.0819,-56.29,6.663,13.28,31.221,163.25,188.34,108.2,108.04,80.297
40.709,53.388,1.8331,-59.644,8.7338,13.584,30.077,166.06,192.85,113.89,113.08,84.855
45.339,56.469,0.65194,-62.941,10.835,13.988,28.958,168.69,197.07,119.66,118.32,89.824
49.899,59.558,-0.45027,-66.237,12.995,14.463,27.848,171.16,201.02,125.29,123.65,95.155
54.549,62.618,-1.5376,-69.634,15.346,14.945,26.743,173.55,204.8,130.65,128.99,100.76
59.426,65.622,-2.6866,-73.195,18.009,15.366,25.659,175.91,208.52,135.72,134.24,106.51
64.471,68.53,-3.9167,-76.866,20.955,15.691,24.63,178.26,212.31,140.59,139.37,112.28
69.454,71.311,-5.1665,-80.506,23.979,15.945,23.689,180.57,216.25,145.39,144.4,117.98
74.15,73.993,-6.3276,-83.998,26.828,16.21,22.852,182.8,220.38,150.28,149.37,123.58
78.499,76.702,-7.306,-87.342,29.35,16.603,22.105,184.91,224.76,155.38,154.36,129.15
82.619,79.623,-8.0641,-90.638,31.544,17.246,21.41,186.87,229.39,160.7,159.44,134.78
86.67,82.912,-8.6156,-93.995,33.488,18.236,20.712,188.67,234.25,166.16,164.65,140.55
90.716,86.605,-8.9936,-97.447,35.25,19.633,19.965,190.31,239.19,171.54,169.98,146.47
94.684,90.59,-9.2263,-100.95,36.846,21.441,19.143,191.79,244.03,176.61,175.38,152.48
98.452,94.681,-9.3384,-104.47,38.276,23.615,18.246,193.1,248.55,181.2,180.76,158.48
101.96,98.733,-9.3578,-107.98,39.561,26.068,17.295,194.28,252.65,185.3,186.06,164.35
105.24,102.71,-9.2988,-111.53,40.754,28.706,16.313,195.36,256.31,189.01,191.24,169.98
108.31,106.63,-9.1275,-115.19,41.883,31.47,15.31,196.34,259.59,192.53,196.29,175.34
111.14,110.55,-8.7444,-118.93,42.897,34.357,14.278,197.18,262.52,195.98,201.26,180.47
113.62,114.49,-8.017,-122.65,43.672,37.402,13.191,197.81,265.1,199.39,206.2,185.47
115.7,118.43,-6.8516,-126.19,44.091,40.636,12.019,198.17,267.31,202.64,211.15,190.43
117.39,122.35,-5.2583,-129.48,44.13,44.043,10.748,198.21,269.15,205.6,216.17,195.42
118.82,126.25,-3.3627,-132.51,43.888,47.547,9.3816,197.95,270.62,208.13,221.29,200.46
120.11,130.09,-1.3548,-135.3,43.529,51.037,7.9454,197.42,271.74,210.21,226.48,205.51
121.33,133.84,0.59034,-137.87,43.183,54.415,6.4834,196.64,272.55,211.86,231.61,210.44
122.47,137.47,2.3678,-140.2,42.882,57.631,5.0506,195.57,273.04,213.15,236.52,215.1
123.48,140.94,3.9454,-142.29,42.582,60.668,3.7045,194.18,273.24,214.22,241.05,219.3
124.34,144.22,5.3318,-144.14,42.237,63.532,2.497,192.4,273.13,215.21,245.14,222.98
125.07,147.27,6.5494,-145.78,41.85,66.216,1.468,190.2,272.73,216.2,248.83,226.13
125.69,150.03,7.634,-147.23,41.442,68.686,0.64227,187.54,271.99,217.19,252.23,228.79
126.2,152.41,8.6414,-148.44,40.994,70.871,0.026178,184.35,270.83,218.08,255.45,231
126.53,154.26,9.6378,-149.35,40.42,72.66,-0.39318,180.52,269.08,218.73,258.53,232.73
126.56,155.47,10.664,-149.89,39.618,73.93,-0.64346,175.92,266.51,219,261.36,233.96
126.19,155.95,11.694,-149.97,38.551,74.592,-0.75605,170.39,262.89,218.78,263.63,234.64
125.4,155.66,12.617,-149.54,37.288,74.62,-0.75142,163.77,258.1,218,264.87,234.6
124.16,154.57,13.286,-148.57,35.965,74.053,-0.62819,155.95,252.24,216.55,264.52,233.61
122.48,152.66,13.601,-147,34.682,72.96,-0.36299,146.85,245.63,214.24,262.13,231.38
120.29,149.9,13.559,-144.77,33.433,71.413,0.081688,136.45,238.65,210.74,257.5,227.67
117.49,146.19,13.23,-141.78,32.119,69.461,0.73454,124.7,231.5,205.72,250.82,222.35
114.06,141.52,12.689,-137.94,30.651,67.117,1.6007,111.65,224.2,199.04,242.64,215.54
110.12,135.93,11.976,-133.19,29.022,64.356,2.6607,97.409,216.61,190.92,233.66,207.64
105.77,129.63,11.105,-127.54,27.304,61.131,3.871,82.352,208.57,181.72,224.52,199.17
101.04,122.87,10.119,-121.04,25.554,57.394,5.1788,67.064,199.9,171.77,215.57,190.51
95.76,115.85,9.1134,-113.82,23.721,53.123,6.5378,52.291,190.49,161.26,206.9,181.77
89.732,108.63,8.2122,-106.08,21.667,48.336,7.9174,38.716,180.35,150.23,198.37,172.87
82.856,101.13,7.4896,-98.081,19.292,43.107,9.2993,26.745,169.57,138.68,189.71,163.63
75.27,93.255,6.9202,-90.066,16.64,37.579,10.666,16.439,158.38,126.65,180.61,153.88
67.335,84.959,6.3881,-82.237,13.89,31.939,11.991,7.5939,147.01,114.26,170.79,143.55
59.455,76.297,5.7512,-74.719,11.245,26.378,13.23,-0.10963,135.59,101.8,160.14,132.78
51.861,67.373,4.9141,-67.538,8.827,21.055,14.331,-6.9832,124.19,89.608,148.81,121.93
44.536,58.293,3.8567,-60.564,6.6615,16.063,15.242,-13.276,112.81,77.82,137.18,111.35
37.319,49.199,2.6111,-53.524,4.7472,11.436,15.918,-19.16,101.4,66.247,125.62,101.23
30.102,40.296,1.2185,-46.156,3.1158,7.1728,16.326,-24.735,89.826,54.434,114.44,91.631
23.011,31.808,-0.28814,-38.374,1.8216,3.2574,16.446,-30.049,77.859,41.942,103.78,82.537
16.426,23.932,-1.8685,-30.301,0.87274,-0.3209,16.269,-35.132,65.339,28.882,93.674,73.893
10.741,16.834,-3.4568,-22.235,0.1876,-3.5654,15.791,-40.02,52.52,16.471,84.116,65.624
6.1035,10.639,-4.9746,-14.705,-0.37698,-6.4812,15.005,-44.76,40.25,6.2921,75.098,57.676
2.4346,5.3865,-6.3699,-8.378,-0.93089,-9.0859,13.889,-49.393,29.483,-1.3067,66.584,50.03
-0.41885,1.024,-7.6549,-3.635,-1.4834,-11.41,12.398,-53.93,20.692,-7.1038,58.455,42.657
-2.5762,-2.5521,-8.8837,-0.33092,-1.9587,-13.477,10.488,-58.343,13.78,-11.919,50.501,35.441
-4.1184,-5.4497,-10.094,1.905,-2.2773,-15.299,8.1304,-62.588,8.3417,-16.216,42.519,28.306
-5.1414,-7.7723,-11.258,3.3888,-2.4333,-16.869,5.3395,-66.628,3.975,-20.203,34.496,21.548
-5.7856,-9.6164,-12.283,4.3515,-2.5025,-18.177,2.1776,-70.452,0.35032,-23.975,26.801,15.754
-6.1929,-11.071,-13.082,4.9667,-2.5726,-19.224,-1.2554,-74.048,-2.7624,-27.594,20.067,11.242
-6.4381,-12.203,-13.65,5.3482,-2.6556,-20.029,-4.8437,-77.395,-5.5019,-31.09,14.731,7.8821
-6.5167,-13.056,-14.091,5.5547,-2.664,-20.627,-8.4727,-80.458,-7.9366,-34.454,10.762,5.3568
-6.409,-13.666,-14.551,5.6246,-2.4859,-21.064,-12.038,-83.196,-10.087,-37.638,7.8446,3.3741
-6.1613,-14.084,-15.114,5.6219,-2.0924,-21.381,-15.446,-85.6,-11.975,-40.571,5.6435,1.7272
-5.9039,-14.381,-15.747,5.6464,-1.5824,-21.602,-18.619,-87.697,-13.637,-43.193,3.9112,0.29007
-5.7949,-14.628,-16.322,5.7937,-1.1304,-21.737,-21.494,-89.52,-15.111,-45.468,2.4899,-0.99694
-5.9251,-14.865,-16.694,6.0959,-0.88737,-21.791,-24.031,-91.1,-16.433,-47.408,1.2844,-2.1434
-6.2692,-15.086,-16.771,6.4967,-0.91206,-21.764,-26.22,-92.455,-17.627,-49.067,0.23796,-3.1297
-6.722,-15.263,-16.525,6.8893,-1.186,-21.664,-28.076,-93.593,-18.714,-50.529,-0.68454,-3.934
-7.1863,-15.379,-15.974,7.1903,-1.6672,-21.507,-29.631,-94.528,-19.712,-51.892,-1.51,-4.5584
-7.6339,-15.454,-15.161,7.3909,-2.3276,-21.315,-30.913,-95.276,-20.638,-53.248,-2.265,-5.0416
-8.0947,-15.54,-14.16,7.5494,-3.1396,-21.113,-31.937,-95.832,-21.499,-54.644,-2.9771,-5.4483
-8.6063,-15.688,-13.09,7.7436,-4.0461,-20.929,-32.703,-96.15,-22.274,-56.063,-3.6683,-5.8423
-9.1744,-15.922,-12.087,8.0281,-4.9544,-20.78,-33.205,-96.164,-22.932,-57.418,-4.3459,-6.2617
-9.7932,-16.235,-11.253,8.4278,-5.7872,-20.667,-33.445,-95.818,-23.445,-58.59,-4.9999,-6.7077
-10.487,-16.608,-10.594,8.961,-6.5385,-20.568,-33.445,-95.116,-23.808,-59.474,-5.6096,-7.153
-11.316,-17.028,-10.024,9.6504,-7.2773,-20.457,-33.256,-94.14,-24.055,-60.04,-6.1592,-7.5584
-12.326,-17.487,-9.4331,10.5,-8.0813,-20.311,-32.951,-93.016,-24.24,-60.341,-6.6481,-7.8889
-13.482,-17.961,-8.7636,11.455,-8.9541,-20.124,-32.61,-91.858,-24.417,-60.481,-7.0903,-8.1254
-14.642,-18.408,-8.0437,12.398,-9.8078,-19.904,-32.311,-90.723,-24.617,-60.567,-7.504,-8.2695
-15.632,-18.775,-7.341,13.191,-10.528,-19.661,-32.11,-89.612,-24.845,-60.681,-7.9002,-8.344
-16.346,-19.034,-6.6892,13.754,-11.068,-19.404,-32.036,-88.5,-25.095,-60.865,-8.2784,-8.3864
-16.826,-19.197,-6.0491,14.108,-11.492,-19.128,-32.095,-87.362,-25.357,-61.121,-8.6292,-8.4366
-17.225,-19.305,-5.3393,14.359,-11.94,-18.821,-32.275,-86.192,-25.621,-61.405,-8.9377,-8.5205
-17.711,-19.387,-4.4889,14.621,-12.546,-18.471,-32.556,-84.992,-25.862,-61.624,-9.183,-8.6329
-18.364,-19.441,-3.4761,14.951,-13.364,-18.069,-32.912,-83.753,-26.033,-61.646,-9.3361,-8.7321
-19.162,-19.425,-2.3191,15.332,-14.359,-17.605,-33.321,-82.455,-26.076,-61.338,-9.3635,-8.7502
-20.035,-19.291,-1.0403,15.714,-15.464,-17.064,-33.758,-81.078,-25.943,-60.62,-9.2371,-8.6179
-20.931,-19.007,0.35575,16.054,-16.634,-16.422,-34.201,-79.611,-25.612,-59.506,-8.946,-8.2907
-21.819,-18.576,1.8655,16.325,-17.844,-15.657,-34.625,-78.047,-25.088,-58.098,-8.5013,-7.7633
-22.645,-18.016,3.4488,16.498,-19.051,-14.755,-35.005,-76.372,-24.384,-56.536,-7.9301,-7.0657
-23.301,-17.339,5.0118,16.517,-20.181,-13.72,-35.315,-74.555,-23.513,-54.936,-7.2621,-6.2445
-23.656,-16.545,6.4379,16.322,-21.15,-12.565,-35.529,-72.571,-22.476,-53.349,-6.518,-5.3439
-23.647,-15.637,7.6524,15.897,-21.927,-11.304,-35.622,-70.415,-21.28,-51.755,-5.7057,-4.3972
-23.356,-14.634,8.6768,15.312,-22.587,-9.9452,-35.571,-68.118,-19.941,-50.093,-4.8245,-3.4252
-22.994,-13.58,9.6302,14.707,-23.324,-8.4914,-35.357,-65.725,-18.481,-48.282,-3.8731,-2.4354
-22.794,-12.513,10.677,14.218,-24.347,-6.9478,-34.97,-63.26,-16.92,-46.242,-2.8537,-1.4222
-22.881,-11.447,11.952,13.905,-25.735,-5.3265,-34.405,-60.711,-15.263,-43.912,-1.7706,-0.36905
-23.232,-10.366,13.51,13.733,-27.378,-3.6461,-33.661,-58.025,-13.513,-41.264,-0.62681,0.74267
-23.726,-9.2419,15.324,13.61,-29.07,-1.9265,-32.731,-55.149,-11.69,-38.328,0.57336,1.9182
-24.248,-8.0664,17.329,13.459,-30.679,-0.18596,-31.606,-52.064,-9.8394,-35.188,1.8171,3.1358
-24.73,-6.8631,19.448,13.244,-32.193,1.5555,-30.278,-48.8,-8.0349,-31.947,3.0753,4.3441
-25.124,-5.6705,21.593,12.957,-33.633,3.2717,-28.745,-45.418,-6.3546,-28.683,4.3019,5.4757
-25.364,-4.5144,23.638,12.59,-34.969,4.9321,-27.018,-41.987,-4.8532,-25.42,5.446,6.4706
-25.373,-3.3947,25.452,12.127,-36.126,6.5145,-25.116,-38.558,-3.5444,-22.152,6.473,7.3015
-25.124,-2.2981,26.97,11.573,-37.073,8.0191,-23.061,-35.173,-2.4077,-18.865,7.3813,7.9863
-24.703,-1.2237,28.253,10.986,-37.908,9.4738,-20.864,-31.875,-1.4101,-15.56,8.1985,8.5758
-24.294,-0.19442,29.465,10.464,-38.822,10.919,-18.536,-28.708,-0.52327,-12.252,8.9588,9.1256
-24.075,0.75594,30.751,10.096,-39.948,12.383,-16.09,-25.705,0.27374,-8.956,9.6819,9.6708
-24.108,1.6088,32.12,9.8988,-41.239,13.857,-13.544,-22.869,0.99877,-5.6762,10.363,10.215
-24.301,2.3737,33.423,9.8095,-42.483,15.292,-10.93,-20.171,1.6675,-2.403,10.979,10.729
-24.495,3.076,34.499,9.7308,-43.468,16.628,-8.2829,-17.575,2.2869,0.87018,11.493,11.163
-24.594,3.7282,35.309,9.6042,-44.145,17.818,-5.637,-15.061,2.8485,4.1323,11.871,11.456
-24.635,4.3138,35.962,9.4455,-44.645,18.85,-3.0162,-12.633,3.3305,7.36,12.086,11.552
-24.738,4.7988,36.622,9.3182,-45.173,19.741,-0.4337,-10.303,3.7139,10.553,12.13,11.433
-24.993,5.161,37.392,9.2745,-45.857,20.513,2.1072,-8.0688,4.0003,13.771,12.017,11.132
-25.392,5.4079,38.266,9.3186,-46.67,21.183,4.6099,-5.9126,4.2121,17.123,11.788,10.726
-25.857,5.5669,39.157,9.4174,-47.492,21.754,7.0805,-3.815,4.3717,20.691,11.486,10.304
-26.311,5.6568,39.967,9.5426,-48.222,22.221,9.5228,-1.7807,4.4755,24.422,11.142,9.9223
-26.745,5.6682,40.63,9.7,-48.836,22.567,11.933,0.15455,4.4858,28.068,10.753,9.5861
-27.19,5.5723,41.114,9.9182,-49.353,22.769,14.296,1.9448,4.3517,31.253,10.289,9.2546
-27.662,5.3491,41.396,10.211,-49.776,22.804,16.597,3.569,4.0472,33.665,9.721,8.8748
-28.124,5.0068,41.451,10.555,-50.072,22.658,18.828,5.0525,3.5968,35.225,9.0522,8.4208
-28.516,4.5727,41.276,10.909,-50.213,22.341,21.001,6.4552,3.0673,36.115,8.3249,7.903
-28.825,4.0658,40.917,11.252,-50.225,21.887,23.144,7.8368,2.5333,36.673,7.6057,7.3634
-29.103,3.479,40.455,11.607,-50.175,21.329,25.286,9.2302,2.0434,37.241,6.9551,6.8516
-29.428,2.7883,39.961,12.014,-50.122,20.681,27.435,10.642,1.6097,38.049,6.4048,6.4044
-29.818,1.9826,39.43,12.493,-50.052,19.935,29.575,12.079,1.2195,39.168,5.9525,6.0411
-30.198,1.0868,38.779,13.005,-49.887,19.071,31.669,13.559,0.8524,40.523,5.5732,5.767
-30.445,0.15353,37.901,13.48,-49.526,18.084,33.684,15.106,0.48856,41.938,5.2346,5.5781
-30.493,-0.76595,36.747,13.872,-48.913,16.997,35.605,16.719,0.10869,43.196,4.9069,5.4601
-30.408,-1.6484,35.384,14.201,-48.08,15.863,37.444,18.356,-0.30408,44.099,4.5674,5.3869
-30.351,-2.4984,33.968,14.547,-47.143,14.744,39.236,19.958,-0.75508,44.532,4.2018,5.326
-30.465,-3.3253,32.659,14.979,-46.231,13.683,41.018,21.481,-1.227,44.519,3.8102,5.2494
-30.765,-4.1203,31.516,15.504,-45.383,12.687,42.807,22.928,-1.679,44.225,3.4069,5.1489
-31.134,-4.856,30.473,16.055,-44.519,11.74,44.59,24.332,-2.0635,43.898,3.0199,5.0412
-31.403,-5.5067,29.41,16.536,-43.52,10.813,46.329,25.722,-2.3527,43.755,2.6792,4.9544
-31.449,-6.0666,28.24,16.874,-42.315,9.8837,47.974,27.081,-2.5543,43.897,2.3987,4.9074
-31.226,-6.5495,26.937,17.038,-40.903,8.937,49.483,28.36,-2.7043,44.28,2.1661,4.8964
-30.721,-6.9685,25.51,17.015,-39.294,7.9693,50.834,29.513,-2.8402,44.763,1.9475,4.8991
-29.92,-7.3184,23.97,16.793,-37.467,6.9901,52.037,30.538,-2.9783,45.184,1.704,4.8875
-28.829,-7.5779,22.341,16.37,-35.403,6.026,53.121,31.487,-3.1087,45.417,1.4116,4.8388
-27.522,-7.7322,20.698,15.79,-33.177,5.1188,54.129,32.415,-3.2136,45.395,1.0693,4.7385
-26.169,-7.7936,19.139,15.157,-30.972,4.3107,55.092,33.338,-3.2888,45.107,0.6934,4.5766
-24.965,-7.8008,17.724,14.603,-28.968,3.6248,56.018,34.211,-3.3499,44.597,0.30368,4.3526
-24.016,-7.7921,16.418,14.208,-27.203,3.0525,56.893,34.964,-3.4181,43.952,-0.087799,4.0779
-23.263,-7.7776,15.106,13.954,-25.555,2.5604,57.684,35.541,-3.5022,43.284,-0.47911,3.7784
-22.519,-7.7314,13.664,13.735,-23.837,2.1093,58.356,35.917,-3.5954,42.692,-0.87347,3.4879
-21.604,-7.6116,12.05,13.426,-21.942,1.6746,58.883,36.068,-3.6904,42.205,-1.276,3.2325
-20.464,-7.3909,10.348,12.961,-19.941,1.2539,59.24,35.935,-3.7987,41.761,-1.6945,3.0147
-19.195,-7.0707,8.7266,12.357,-18.033,0.86298,59.404,35.432,-3.9577,41.208,-2.1407,2.811
-17.955,-6.6694,7.3502,11.676,-16.409,0.52404,59.345,34.49,-4.2165,40.352,-2.6256,2.5857
-16.848,-6.2009,6.3044,10.97,-15.156,0.25283,59.016,33.112,-4.6143,39.038,-3.1518,2.3117
-15.886,-5.6662,5.5698,10.25,-14.232,0.050772,58.354,31.369,-5.1684,37.227,-3.7073,1.9808
-15.016,-5.0686,5.0458,9.5045,-13.521,-0.096491,57.282,29.363,-5.8797,35.019,-4.2698,1.6005
-14.178,-4.4352,4.6019,8.7327,-12.89,-0.21562,55.725,27.171,-6.7441,32.604,-4.8133,1.184
-13.336,-3.8241,4.1191,7.9577,-12.228,-0.34067,53.624,24.836,-7.7561,30.174,-5.322,0.74337
-12.458,-3.2947,3.502,7.2031,-11.443,-0.50777,50.954,22.39,-8.9014,27.838,-5.7947,0.28934
-11.476,-2.875,2.6758,6.4566,-10.447,-0.74758,47.737,19.891,-10.149,25.605,-6.2422,-0.16761
-10.309,-2.5449,1.598,5.6695,-9.1721,-1.0744,44.035,17.41,-11.454,23.421,-6.6798,-0.62084
-8.9263,-2.2616,0.29043,4.8033,-7.6212,-1.4777,39.944,15.003,-12.775,21.224,-7.1208,-1.0741
-7.4143,-1.9954,-1.1454,3.8839,-5.9143,-1.9222,35.574,12.686,-14.09,18.994,-7.5733,-1.5452
-5.9625,-1.7525,-2.5654,3.0096,-4.2564,-2.3746,31.033,10.429,-15.398,16.755,-8.0403,-2.0605
-4.7636,-1.5652,-3.8655,2.297,-2.8321,-2.8254,26.407,8.1937,-16.708,14.575,-8.5202,-2.6412
-3.8958,-1.4632,-5.052,1.8079,-1.6941,-3.2992,21.749,5.9634,-18.012,12.554,-9.0033,-3.2897
-3.2839,-1.4525,-6.2422,1.5176,-0.73633,-3.8404,17.086,3.7518,-19.291,10.782,-9.47,-3.9836
-2.7583,-1.5193,-7.5822,1.3464,0.22743,-4.484,12.435,1.5886,-20.524,9.2984,-9.8946,-4.6834
-2.1632,-1.6508,-9.1491,1.2186,1.3444,-5.2327,7.8148,-0.50546,-21.711,8.0642,-10.256,-5.3491
-1.4334,-1.8467,-10.911,1.0978,2.6537,-6.0567,3.2625,-2.5332,-22.88,6.9798,-10.552,-5.9551
-0.58862,-2.1074,-12.763,0.9735,4.1041,-6.9135,-1.1664,-4.501,-24.069,5.9335,-10.796,-6.4946
0.34225,-2.4137,-14.59,0.81639,5.6315,-7.7602,-5.4003,-6.3959,-25.303,4.8526,-11.016,-6.973
1.3907,-2.7143,-16.321,0.55388,7.2217,-8.5639,-9.357,-8.1817,-26.56,3.7269,-11.223,-7.3969
2.6234,-2.9438,-17.927,0.10319,8.8878,-9.2987,-12.957,-9.8055,-27.766,2.6007,-11.408,-7.7672
4.0461,-3.0586,-19.387,-0.56,10.61,-9.9432,-16.143,-11.223,-28.835,1.5505,-11.537,-8.0798
5.5543,-3.0584,-20.677,-1.3676,12.3,-10.483,-18.902,-12.421,-29.682,0.66066,-11.569,-8.3274
6.9961,-2.9771,-21.799,-2.1958,13.861,-10.916,-21.261,-13.411,-30.255,-0.0011043,-11.477,-8.4998
8.2912,-2.8499,-22.815,-2.9429,15.273,-11.257,-23.279,-14.224,-30.528,-0.40423,-11.249,-8.5823
9.5,-2.6847,-23.835,-3.5826,16.63,-11.53,-25.029,-14.886,-30.51,-0.56656,-10.896,-8.5592
10.763,-2.465,-24.945,-4.1532,18.053,-11.753,-26.574,-15.429,-30.24,-0.55054,-10.441,-8.4219
12.164,-2.1735,-26.124,-4.7001,19.56,-11.93,-27.959,-15.888,-29.787,-0.44806,-9.9131,-8.1802
13.627,-1.8144,-27.223,-5.2228,21.002,-12.047,-29.202,-16.301,-29.227,-0.35617,-9.341,-7.8659
14.943,-1.4145,-28.048,-5.6767,22.159,-12.087,-30.302,-16.697,-28.62,-0.34784,-8.7528,-7.5245
15.942,-1.0059,-28.477,-6.0295,22.912,-12.052,-31.248,-17.078,-27.999,-0.45145,-8.1714,-7.2003
16.661,-0.60551,-28.556,-6.3211,23.359,-11.968,-32.029,-17.417,-27.358,-0.6436,-7.6123,-6.9231
17.323,-0.21681,-28.469,-6.654,23.747,-11.878,-32.645,-17.676,-26.675,-0.86749,-7.0819,-6.7042
18.144,0.14669,-28.434,-7.1082,24.315,-11.828,-33.096,-17.838,-25.942,-1.0667,-6.5792,-6.5421
19.166,0.44188,-28.605,-7.6611,25.15,-11.857,-33.392,-17.913,-25.17,-1.2124,-6.1008,-6.4286
20.259,0.6062,-29.042,-8.1955,26.191,-11.992,-33.537,-17.929,-24.384,-1.3081,-5.6452,-6.3515
21.264,0.59085,-29.737,-8.5832,27.32,-12.243,-33.538,-17.908,-23.599,-1.3744,-5.2105,-6.2934
22.11,0.38584,-30.65,-8.7586,28.45,-12.613,-33.403,-17.842,-22.805,-1.4329,-4.8027,-6.2341
22.802,0.012812,-31.702,-8.7195,29.528,-13.088,-33.143,-17.718,-21.978,-1.5035,-4.4329,-6.1622
23.307,-0.4992,-32.777,-8.4731,30.48,-13.645,-32.78,-17.539,-21.105,-1.613,-4.1213,-6.0833
23.492,-1.1398,-33.728,-8.0041,31.203,-14.26,-32.349,-17.348,-20.217,-1.8029,-3.9014,-6.038
23.21,-1.9173,-34.465,-7.3008,31.62,-14.923,-31.899,-17.218,-19.383,-2.1212,-3.8155,-6.0817
22.48,-2.8398,-35.028,-6.4118,31.785,-15.648,-31.484,-17.223,-18.682,-2.5967,-3.8987,-6.2654
21.575,-3.8973,-35.604,-5.4581,31.914,-16.468,-31.148,-17.394,-18.167,-3.2183,-4.1567,-6.6079
20.897,-5.0667,-36.446,-4.5735,32.297,-17.416,-30.909,-17.706,-17.847,-3.9389,-4.5552,-7.0753
20.722,-6.3334,-37.763,-3.8211,33.129,-18.515,-30.748,-18.099,-17.692,-4.6987,-5.0344,-7.5976
21.042,-7.7109,-39.661,-3.1527,34.385,-19.771,-30.615,-18.498,-17.648,-5.4474,-5.5228,-8.0923
21.594,-9.2342,-42.191,-2.4446,35.847,-21.186,-30.445,-18.845,-17.66,-6.1537,-5.9722,-8.5008
22.069,-10.925,-45.478,-1.5922,37.249,-22.778,-30.18,-19.103,-17.674,-6.8047,-6.3757,-8.8126
22.306,-12.759,-49.787,-0.58935,38.425,-24.59,-29.788,-19.258,-17.656,-7.4056,-6.7676,-9.0674
22.326,-14.661,-55.167,0.47144,39.35,-26.683,-29.271,-19.326,-17.592,-7.9792,-7.2062,-9.3356
22.228,-16.531,-60.854,1.4637,40.116,-29.104,-28.657,-19.351,-17.491,-8.5607,-7.7492,-9.6899
22.083,-18.292,-65.798,2.2941,40.87,-31.822,-27.99,-19.404,-17.386,-9.1853,-8.43,-10.177
21.926,-19.916,-69.844,2.9301,41.755,-34.706,-27.307,-19.551,-17.311,-9.8688,-9.239,-10.796
21.84,-21.414,-73.637,3.3813,42.892,-37.596,-26.626,-19.814,-17.278,-10.593,-10.118,-11.49
22.025,-22.819,-77.857,3.6683,44.398,-40.42,-25.94,-20.148,-17.257,-11.307,-10.969,-12.148
22.71,-24.159,-82.822,3.817,46.361,-43.24,-25.213,-20.452,-17.186,-11.941,-11.687,-12.649
23.959,-25.456,-88.453,3.8812,48.716,-46.191,-24.396,-20.615,-17,-12.443,-12.199,-12.908
25.545,-26.719,-94.275,3.957,51.162,-49.343,-23.439,-20.57,-16.666,-12.792,-12.489,-12.924
27.008,-27.936,-99.438,4.1533,53.258,-52.595,-22.305,-20.314,-16.191,-13.006,-12.603,-12.773
27.867,-29.053,-103.05,4.5285,54.616,-55.644,-20.975,-19.886,-15.605,-13.126,-12.623,-12.574
27.876,-29.963,-104.61,5.039,55.049,-58.083,-19.457,-19.335,-14.931,-13.179,-12.624,-12.419
27.167,-30.549,-104.03,5.5462,54.628,-59.565,-17.777,-18.691,-14.17,-13.167,-12.634,-12.345
26.142,-30.735,-101.57,5.8919,53.661,-59.938,-15.963,-17.966,-13.304,-13.064,-12.623,-12.316
25.197,-30.549,-97.978,5.9915,52.555,-59.306,-14.034,-17.172,-12.311,-12.84,-12.518,-12.245
24.516,-30.113,-95.023,5.8746,51.666,-58.008,-11.987,-16.33,-11.185,-12.489,-12.238,-12.039
24.072,-29.588,-94.757,5.648,51.228,-56.471,-9.8089,-15.462,-9.9371,-12.037,-11.732,-11.626
23.75,-29.088,-97.104,5.4173,51.286,-54.973,-7.4937,-14.583,-8.5909,-11.54,-11.009,-10.988
23.425,-28.631,-99.652,5.2324,51.565,-53.501,-5.064,-13.697,-7.1792,-11.062,-10.138,-10.169
22.966,-28.142,-100.35,5.0883,51.56,-51.832,-2.5799,-12.817,-5.7471,-10.667,-9.2196,-9.2635
22.209,-27.509,-98.428,4.9659,50.852,-49.702,-0.13054,-11.98,-4.3568,-10.408,-8.3554,-8.3933
20.98,-26.651,-93.659,4.8632,49.284,-46.966,2.1877,-11.249,-3.0819,-10.319,-7.6263,-7.6762
19.207,-25.556,-85.86,4.79,46.913,-43.717,4.2961,-10.686,-1.9876,-10.396,-7.0727,-7.1963
17.045,-24.282,-75.487,4.7406,43.968,-40.298,6.154,-10.317,-1.1031,-10.595,-6.686,-6.9785
14.871,-22.935,-64.575,4.6862,40.882,-37.119,7.77,-10.124,-0.40654,-10.836,-6.4076,-6.975
13.103,-21.64,-55.667,4.6017,38.196,-34.445,9.1955,-10.052,0.16217,-11.041,-6.1476,-7.0758
11.949,-20.517,-49.768,4.5043,36.297,-32.33,10.5,-10.052,0.66701,-11.162,-5.8279,-7.1671
11.284,-19.644,-46.517,4.46,35.21,-30.675,11.739,-10.107,1.1455,-11.209,-5.4275,-7.187
10.761,-19.025,-45.124,4.5384,34.608,-29.301,12.932,-10.234,1.5991,-11.241,-4.9937,-7.1536
10.072,-18.575,-44.566,4.7447,34.017,-28.024,14.054,-10.461,2.0015,-11.339,-4.614,-7.1502
9.137,-18.135,-43.742,4.9886,33.056,-26.722,15.05,-10.807,2.3125,-11.579,-4.3722,-7.2796
8.0632,-17.54,-42.104,5.1285,31.558,-25.359,15.859,-11.271,2.4906,-12.002,-4.3131,-7.6161
6.9869,-16.694,-39.774,5.0628,29.546,-23.951,16.45,-11.845,2.5029,-12.606,-4.4264,-8.1754
5.9643,-15.614,-37.035,4.7975,27.161,-22.531,16.835,-12.519,2.3381,-13.34,-4.6534,-8.9108
4.9873,-14.415,-34.176,4.4396,24.619,-21.132,17.066,-13.277,2.018,-14.122,-4.9086,-9.7272
4.0643,-13.248,-31.556,4.1246,22.209,-19.79,17.213,-14.086,1.596,-14.861,-5.1104,-10.506
3.2617,-12.221,-29.496,3.9386,20.233,-18.525,17.327,-14.899,1.1381,-15.48,-5.2121,-11.139
2.6528,-11.366,-28.054,3.8874,18.836,-17.326,17.421,-15.671,0.69638,-15.951,-5.2195,-11.573
2.2312,-10.635,-26.941,3.9144,17.872,-16.153,17.475,-16.39,0.29012,-16.302,-5.1856,-11.824
1.8783,-9.9154,-25.625,3.9393,16.941,-14.941,17.454,-17.082,-0.094407,-16.606,-5.1864,-11.975
1.4222,-9.0675,-23.574,3.8881,15.585,-13.585,17.335,-17.792,-0.48893,-16.95,-5.2884,-12.138
0.74088,-7.9707,-20.556,3.7092,13.537,-11.976,17.121,-18.554,-0.92077,-17.394,-5.5232,-12.401
-0.16747,-6.5704,-16.734,3.3809,10.836,-10.051,16.856,-19.363,-1.3931,-17.938,-5.8722,-12.792
-1.1921,-4.8987,-12.513,2.9195,7.7853,-7.8225,16.613,-20.168,-1.878,-18.521,-6.268,-13.261
-2.1755,-3.0622,-8.3517,2.3849,4.8093,-5.373,16.469,-20.9,-2.3257,-19.044,-6.6151,-13.695
-2.991,-1.2056,-4.6641,1.8705,2.2872,-2.8313,16.469,-21.499,-2.6859,-19.412,-6.8234,-13.962
-3.5884,0.53671,-1.7383,1.47,0.43072,-0.34878,16.595,-21.946,-2.9294,-19.576,-6.8408,-13.961
-3.9887,2.0787,0.31653,1.2347,-0.74687,1.9449,16.753,-22.28,-3.0636,-19.554,-6.6755,-13.659
-4.25,3.4045,1.6256,1.1437,-1.4108,3.9964,16.781,-22.587,-3.1382,-19.43,-6.3953,-13.109
-4.4401,4.5743,2.5489,1.1065,-1.8496,5.8476,16.491,-22.985,-3.2369,-19.329,-6.1032,-12.427
-4.6286,5.7058,3.5527,1.0048,-2.3779,7.6133,15.726,-23.594,-3.4546,-19.38,-5.9007,-11.757
-4.882,6.9225,5.0191,0.75054,-3.238,9.4313,14.421,-24.499,-3.8628,-19.663,-5.8566,-11.22
-5.2394,8.298,7.1274,0.32215,-4.5239,11.407,12.609,-25.721,-4.4785,-20.189,-5.9885,-10.878
-5.6762,9.8323,9.815,-0.2402,-6.1289,13.574,10.392,-27.208,-5.2544,-20.885,-6.2606,-10.72
-6.0889,11.462,12.777,-0.8639,-7.757,15.875,7.8757,-28.847,-6.101,-21.632,-6.5987,-10.667
-6.336,13.093,15.543,-1.4715,-9.0373,18.181,5.1373,-30.508,-6.9279,-22.313,-6.9211,-10.612
-6.3212,14.629,17.639,-1.9935,-9.6941,20.325,2.2086,-32.093,-7.6827,-22.862,-7.172,-10.462
-6.0695,15.975,18.811,-2.3686,-9.6774,22.168,-0.9095,-33.568,-8.3693,-23.292,-7.343,-10.188
-5.7405,17.047,19.196,-2.5441,-9.2087,23.674,-4.2225,-34.964,-9.04,-23.686,-7.476,-9.8365
-5.5681,17.807,19.288,-2.4908,-8.7176,24.932,-7.7188,-36.352,-9.7683,-24.155,-7.6428,-9.511
-5.7611,18.297,19.719,-2.2266,-8.6613,26.096,-11.36,-37.808,-10.617,-24.793,-7.914,-9.3278
-6.4118,18.629,21.01,-1.8286,-9.3282,27.315,-15.083,-39.378,-11.612,-25.628,-8.3284,-9.365
-7.4471,18.932,23.365,-1.4159,-10.736,28.662,-18.813,-41.075,-12.735,-26.611,-8.8732,-9.6281
-8.6448,19.284,26.54,-1.1054,-12.625,30.06,-22.474,-42.872,-13.929,-27.633,-9.4839,-10.044
-9.717,19.648,29.885,-0.96332,-14.547,31.303,-25.992,-44.723,-15.12,-28.565,-10.063,-10.483
-10.421,19.897,32.61,-0.97852,-16.043,32.164,-29.305,-46.57,-16.245,-29.311,-10.516,-10.804
-10.651,19.885,34.126,-1.0691,-16.818,32.487,-32.361,-48.363,-17.27,-29.848,-10.788,-10.91
-10.473,19.527,34.22,-1.1181,-16.823,32.214,-35.132,-50.059,-18.202,-30.231,-10.888,-10.783
-10.104,18.82,33.079,-1.0188,-16.268,31.411,-37.619,-51.636,-19.073,-30.577,-10.885,-10.495
-9.8119,17.853,31.219,-0.71208,-15.55,30.28,-39.852,-53.081,-19.924,-31.012,-10.874,-10.167
-9.8144,16.781,29.326,-0.20605,-15.069,29.1,-41.867,-54.385,-20.78,-31.62,-10.937,-9.9214
-10.197,15.766,27.997,0.42076,-15.06,28.091,-43.689,-55.545,-21.638,-32.409,-11.113,-9.8377
-10.867,14.916,27.492,1.037,-15.521,27.28,-45.327,-56.558,-22.474,-33.309,-11.384,-9.9291
-11.565,14.235,27.552,1.5004,-16.194,26.48,-46.779,-57.429,-23.253,-34.195,-11.688,-10.145
-11.944,13.616,27.477,1.7101,-16.617,25.397,-48.045,-58.165,-23.945,-34.94,-11.947,-10.39
-11.725,12.898,26.485,1.6453,-16.325,23.815,-49.127,-58.776,-24.539,-35.47,-12.096,-10.564
-10.814,11.945,24.145,1.372,-15.085,21.681,-50.018,-59.262,-25.04,-35.789,-12.111,-10.602
-9.3379,10.71,20.608,1.0189,-12.99,19.104,-50.709,-59.622,-25.469,-35.973,-12.016,-10.508
-7.5956,9.2362,16.503,0.72971,-10.394,16.282,-51.199,-59.849,-25.849,-36.134,-11.879,-10.352
-5.9527,7.6306,12.551,0.6113,-7.7741,13.443,-51.501,-59.939,-26.197,-36.375,-11.785,-10.248
-4.7156,6.0254,9.252,0.69979,-5.5739,10.776,-51.644,-59.891,-26.515,-36.753,-11.797,-10.301
-4.0334,4.5368,6.8166,0.95613,-4.0552,8.3846,-51.661,-59.706,-26.795,-37.257,-11.939,-10.565
-3.863,3.2268,5.1865,1.2903,-3.2241,6.2653,-51.574,-59.382,-27.013,-37.815,-12.182,-11.025
-3.9964,2.0858,4.0666,1.6057,-2.8402,4.3178,-51.372,-58.91,-27.139,-38.318,-12.46,-11.612
-4.151,1.0333,3.0055,1.8465,-2.5015,2.3946,-50.999,-58.261,-27.142,-38.669,-12.705,-12.235
-4.0987,-0.056825,1.5762,2.03,-1.819,0.37042,-50.334,-57.369,-27.001,-38.84,-12.887,-12.834
-3.7733,-1.3172,-0.43765,2.2477,-0.59688,-1.8036,-49.193,-56.121,-26.711,-38.891,-13.058,-13.425
-3.2974,-2.8469,-3.0021,2.6297,1.1,-4.0908,-47.351,-54.35,-26.285,-38.967,-13.356,-14.111
-2.9104,-4.6807,-5.9039,3.2827,2.9955,-6.4025,-44.592,-51.853,-25.736,-39.241,-13.966,-15.059
-2.8305,-6.7783,-8.821,4.2276,4.7134,-8.6387,-40.769,-48.451,-25.055,-39.831,-15.049,-16.426
-3.1265,-9.0344,-11.402,5.3795,5.9292,-10.717,-36.623,-44.106,-24.184,-40.713,-16.651,-18.265
-3.6915,-11.309,-13.385,6.5868,6.5079,-12.588,-37.717,-39.053,-22.985,-41.646,-18.619,-20.412
-4.3287,-13.456,-14.704,7.6912,6.5498,-14.244,-41.428,-33.878,-21.226,-42.151,-20.588,-22.436
-4.8615,-15.336,-15.507,8.5661,6.3216,-15.701,-40.116,-29.45,-18.579,-41.55,-22.111,-23.972
-5.1846,-16.841,-16.096,9.1327,6.1352,-16.982,-36.673,-26.823,-14.673,-39.101,-22.786,-25.221
-5.2457,-17.913,-16.81,9.3798,6.2568,-18.101,-30.593,-27.38,-9.8349,-34.308,-22.108,-26.322
-5.0155,-18.522,-17.892,9.3808,6.8776,-19.054,-19.332,-31.235,-15.183,-29.391,-19.262,-25.876
-4.5255,-18.693,-19.391,9.3888,8.1425,-19.782,0.10897,-29.386,-23.268,-39.867,-21.456,-29.115
-4.7213,-19.557,-21.125,12.102,10.058,-20.147,29.685,-9.7839,-16.147,-43.435,-36.894,-46.171
-18.866,-33.742,-22.711,32.255,10.649,-19.995,69.304,23.666,-8.7404,-50.062,-57.123,-68.036
-36.658,-56.535,-23.657,46.575,4.5924,-19.998,114.77,63.374,0.12885,-56.443,-78.365,-90.96
-46.672,-67.866,-23.601,56.85,-0.50613,-28.899,157.82,104.62,13.745,-57.533,-94.578,-108.89
-50.992,-71.818,-22.57,61.023,-3.7646,-45.847,190.39,144.32,35.575,-47.862,-98.654,-115.71
-47.047,-65.621,-20.994,56.291,-4.4601,-44.636,206.42,182.21,68.513,-21.446,-84.411,-106.51
-33.052,-48.795,-19.452,41.305,-0.59383,-35.86,204.64,221.87,119.48,28.085,-47.488,-77.979
-7.255,-22.271,-18.518,15.624,9.885,-23.065,189.29,271.15,203.65,109.72,15.273,-27.99
31.639,13.104,-19.234,-20.841,28.896,-7.6777,166.39,341.72,330.88,230.37,105.98,44.97
84.265,57.582,-25.513,-68.802,57.449,10.457,140.22,442.42,498.88,391.72,226.42,141.77
149.67,112.59,-37.875,-129.23,95.428,33.254,112.04,572.2,705.09,591.13,376.08,262.09
225.05,179.49,-44.724,-201.48,136.92,63.517,80.159,718.1,936.26,818.09,549.47,402.53
305.19,257.31,-43.194,-281.9,175.13,102.92,40.97,856.51,1168.2,1051.8,734.35,554.85
383.05,341.32,-32.912,-363.91,207.06,150.21,-9.3355,955.02,1365.9,1261.8,911.38,705.36
450.27,423.66,-14.567,-439.28,229.38,200.95,-72.328,978.69,1485.7,1412.8,1056.7,836.63
498.9,495.28,9.6749,-499.34,239.83,249.16,-146.32,901.21,1490.6,1472.6,1147.2,931.45
523.14,548.16,37.607,-536.98,237.23,290.31,-226.38,713.65,1364.9,1422.4,1168.1,977.74
520.73,577.81,67.232,-549.03,221.34,321.2,-303.63,428.71,1117.9,1264.8,1118.3,972.78
493.91,585.21,97.188,-537.57,193.51,340.57,-368.1,79.53,783.47,1024.5,1011.7,924.42
449.1,576.19,127.05,-509.17,156.75,350.49,-413.85,-287.44,411.3,742.1,872.46,847.94
395,558.48,156.73,-472.37,115.03,355.38,-440.14,-623.8,54.273,461.66,726.57,759.95
339.88,538.47,185.91,-434.7,72.748,359.33,-449.98,-891.14,-244.81,218.9,594.53,673.41
289.11,518.8,213.64,-400.19,33.74,363.79,-448.71,-1069.5,-462.04,32.661,486.27,595.17
243.95,498,238.39,-368.41,-0.60835,366.81,-442.81,-1158.9,-594.73,-96.341,400.35,525.09
202.59,472.01,257.77,-335.75,-30.017,364.08,-438.28,-1174.3,-657.33,-180.3,328.23,458.45
163.15,437.22,268.4,-298.83,-51.943,351.57,-438.81,-1138.8,-672.97,-236.04,260.49,390.92
125.06,393.33,267.89,-257.24,-66.73,328.64,-444.74,-1075.9,-664.08,-277.3,191.6,320.9
88.453,342.62,256.51,-212.57,-77.017,297.76,-453.11,-1004.3,-646.13,-310.71,122.33,248.75
54.999,287.21,236.68,-167.5,-84.428,261.68,-458.69,-934.14,-626.24,-336.93,58.545,179.22
26.081,230.91,211.75,-124.84,-88.721,222.67,-455.97,-868.63,-605.28,-354.61,5.6678,118.74
1.7469,178.8,185.43,-86.399,-89.679,183.46,-440.62,-805.15,-581.47,-362.66,-34.307,70.509
-17.736,134.04,160.93,-54.083,-86.337,147.54,-409.75,-738.22,-551.99,-359.9,-61.985,33.975
-32.834,97.682,140.09,-28.371,-77.901,117.32,-364.39,-664.66,-512.16,-344.47,-79.197,6.6998
-43.255,69.151,123.23,-9.1061,-70.887,93.024,-309.42,-586.86,-461.53,-317.61,-87.75,-13.569
-46.405,47.67,109.67,3.8815,-66.609,73.794,-250.31,-505.34,-407.18,-283.87,-88.576,-27.561
-36.502,32.944,98.218,10.76,-63.105,58.888,-191.31,-420.78,-350.03,-245.14,-82.215,-35.047
-25.872,24.592,87.497,11.836,-59.516,48.004,-135.43,-337.57,-290.47,-202.37,-62.228,-35.818
-22.144,21.888,76.725,6.6197,-55.674,41.193,-83.554,-261.01,-231.88,-158.43,-23.108,-30.02
-20.236,27.769,65.996,-1.2538,-51.54,38.588,-41.685,-195.49,-178.54,-118.15,-12.471,-15.693
-18.592,38.658,56.509,-2.0042,-47.104,43.376,-14.976,-143.61,-133.68,-85.501,-9.5562,1.5003
-17.089,36.596,50.437,-0.44616,-42.401,48.243,0.95188,-105.85,-99.08,-61.778,-6.3259,4.6785
-15.933,27.854,47.328,0.72078,-37.601,45.256,10.661,-80.872,-75.07,-46.398,-2.7808,5.2386
-15.376,20.548,44.59,1.7929,-33.095,39.263,16.483,-66.059,-60.626,-38.05,-0.093373,5.7915
-15.526,15.697,41.517,2.9506,-29.324,32.935,19.738,-58.167,-53.645,-35.01,1.2482,6.236
-16.215,12.302,38.389,4.1793,-26.452,27.406,21.858,-54.44,-51.557,-34.78,1.6206,6.2886
-17.051,9.7209,35.295,5.3494,-24.256,22.852,22.413,-52.401,-52.346,-31.641,1.6753,5.8838
-17.642,7.5928,32.106,6.3215,-22.347,19.013,23.502,-45.222,-51.308,-23.953,1.8024,5.2474
-17.769,5.6685,28.599,7.0312,-20.439,15.581,28.25,-36.205,-44.272,-17.592,2.0619,4.7051
-17.413,3.7641,24.676,7.5088,-18.425,12.342,32.135,-29.206,-37.765,-13.295,2.3933,4.4558
-16.705,1.7824,20.528,7.853,-16.336,9.2121,34.552,-24.292,-33.254,-10.37,2.7168,4.5034
-15.887,-0.2786,16.568,8.1872,-14.328,6.2053,35.642,-20.982,-30.27,-8.3873,2.905,4.6354
-15.25,-2.353,13.214,8.6156,-12.671,3.3919,35.695,-18.837,-28.384,-7.114,2.8203,4.5072
-15.029,-4.35,10.726,9.1924,-11.63,0.84933,34.999,-17.512,-27.269,-6.4017,2.4304,3.9399
-15.318,-6.1863,9.1523,9.9066,-11.327,-1.3763,33.772,-16.738,-26.674,-6.1246,1.8127,3.0303
-16.027,-7.8036,8.3347,10.684,-11.663,-3.2918,32.15,-16.31,-26.404,-6.1462,1.0656,1.9625
-16.897,-9.1801,7.9368,11.41,-12.314,-4.958,30.2,-16.083,-26.319,-6.3161,0.26677,0.86692
-17.583,-10.336,7.5304,11.964,-12.841,-6.4696,27.945,-15.968,-26.332,-6.4918,-0.51005,-0.1625
-17.798,-11.33,6.7392,12.276,-12.864,-7.9234,25.398,-15.933,-26.41,-6.5742,-1.1867,-1.0307
-17.433,-12.239,5.3579,12.351,-12.207,-9.3862,22.58,-15.984,-26.563,-6.5317,-1.7012,-1.6578
-16.594,-13.138,3.3876,12.271,-10.932,-10.877,19.537,-16.143,-26.817,-6.3996,-2.0336,-2.0159
-15.537,-14.067,1.0098,12.163,-9.2907,-12.366,16.338,-16.42,-27.195,-6.2546,-2.2113,-2.1469
-14.56,-15.026,-1.4789,12.142,-7.6284,-13.799,13.079,-16.791,-27.692,-6.178,-2.2941,-2.1495
-13.881,-15.976,-3.7739,12.268,-6.2451,-15.119,9.8767,-17.202,-28.278,-6.2259,-2.352,-2.1465
-13.564,-16.862,-5.6817,12.519,-5.2756,-16.294,6.8576,-17.584,-28.895,-6.4132,-2.4468,-2.2419
-13.496,-17.633,-7.2003,12.809,-4.6364,-17.32,4.1364,-17.869,-29.479,-6.7096,-2.6168,-2.4992
-13.428,-18.267,-8.509,13.022,-4.0641,-18.224,1.7978,-18.006,-29.955,-7.0454,-2.8636,-2.9203
-13.093,-18.778,-9.8692,13.063,-3.2445,-19.051,-0.115,-17.958,-30.254,-7.3305,-3.1433,-3.4365
-12.325,-19.21,-11.503,12.896,-1.9618,-19.849,-1.6045,-17.695,-30.314,-7.4827,-3.3742,-3.9189
-11.144,-19.613,-13.493,12.56,-0.19559,-20.645,-2.7126,-17.195,-30.092,-7.4551,-3.4636,-4.2278
-9.7665,-20.019,-15.726,12.159,1.8396,-21.435,-3.5062,-16.445,-29.575,-7.2481,-3.3569,-4.2765
-8.5438,-20.425,-17.895,11.823,3.7379,-22.18,-4.0588,-15.446,-28.782,-6.9027,-3.0554,-4.0668
-7.8314,-20.789,-19.6,11.664,5.0407,-22.815,-4.4314,-14.217,-27.752,-6.4832,-2.6105,-3.6766
-7.8601,-21.048,-20.477,11.733,5.3997,-23.267,-4.6553,-12.791,-26.533,-6.0591,-2.0971,-3.2114
-8.6441,-21.145,-20.344,11.996,4.7073,-23.487,-4.7356,-11.205,-25.164,-5.6885,-1.5861,-2.7545
-9.9251,-21.054,-19.324,12.329,3.2138,-23.48,-4.6569,-9.4936,-23.662,-5.3992,-1.1293,-2.3336
-11.215,-20.78,-17.894,12.554,1.5267,-23.311,-4.4034,-7.6803,-22.03,-5.1734,-0.75048,-1.9322
-11.983,-20.359,-16.709,12.497,0.37507,-23.08,-3.9668,-5.7772,-20.252,-4.9484,-0.43107,-1.498
-11.87,-19.846,-16.319,12.064,0.29409,-22.882,-3.3533,-3.7766,-18.311,-4.6392,-0.1057,-0.9416
-10.813,-19.295,-16.951,11.278,1.4473,-22.77,-2.5815,-1.6293,-16.189,-4.1625,0.32956,-0.15289
-9.0527,-18.746,-18.435,10.27,3.5706,-22.739,-1.679,0.71405,-13.873,-3.4843,0.96411,0.95782
-7.0376,-18.216,-20.285,9.2294,6.0444,-22.737,-0.67858,3.303,-11.37,-2.6162,1.8332,2.4239
-5.2464,-17.693,-21.909,8.3249,8.1743,-22.697,0.38544,6.1691,-8.7021,-1.6048,2.9145,4.2178
-4.0245,-17.138,-22.857,7.6444,9.5052,-22.563,1.4848,9.294,-5.9133,-0.51181,4.1537,6.2665
-3.4917,-16.504,-22.972,7.1777,9.9235,-22.317,2.5963,12.65,-3.0321,0.60914,5.4932,8.4633
-3.5057,-15.755,-22.405,6.8264,9.6283,-21.971,3.7092,16.197,-0.083864,1.7383,6.8857,10.674
-3.6988,-14.884,-21.556,6.4475,9.0817,-21.564,4.8229,19.938,2.9273,2.8937,8.2986,12.778
-3.6443,-13.92,-20.918,5.9158,8.8366,-21.147,5.939,23.887,6.0347,4.1577,9.7303,14.745
-3.0501,-12.922,-20.885,5.1743,9.2949,-20.768,7.053,28.102,9.3244,5.6396,11.235,16.683
-1.8663,-11.962,-21.595,4.2568,10.566,-20.448,8.1525,32.663,12.939,7.4352,12.919,18.811
-0.29152,-11.099,-22.841,3.2738,12.42,-20.175,9.2227,37.642,17.061,9.6119,14.892,21.355
1.2985,-10.353,-24.122,2.3674,14.319,-19.91,10.255,43.071,21.866,12.156,17.218,24.449
2.4958,-9.6809,-24.864,1.6526,15.635,-19.591,11.257,48.942,27.432,14.996,19.894,28.07
3.0258,-8.9858,-24.662,1.1608,15.94,-19.143,12.251,55.235,33.725,18.049,22.849,32.005
2.8314,-8.1456,-23.37,0.82533,15.119,-18.505,13.273,61.91,40.59,21.286,25.954,35.9
2.0985,-7.057,-21.113,0.49881,13.359,-17.656,14.366,69.004,47.829,24.785,29.064,39.439
1.2518,-5.6712,-18.347,-0.0014385,11.198,-16.627,15.561,76.554,55.292,28.692,32.092,42.497
0.83145,-4.006,-15.775,-0.83517,9.413,-15.476,16.871,84.546,62.885,33.197,35.067,45.169
1.2548,-2.1335,-14.041,-2.089,8.6437,-14.273,18.284,92.874,70.523,38.394,38.114,47.665
2.6534,-0.15408,-13.463,-3.7546,9.1329,-13.077,19.775,101.34,78.112,44.18,41.384,50.191
4.8775,1.8285,-13.96,-5.7381,10.722,-11.927,21.313,109.66,85.52,50.22,44.96,52.871
7.5789,3.7275,-15.062,-7.8895,12.913,-10.835,22.877,117.58,92.595,56.078,48.806,55.711
10.309,5.511,-16.086,-10.046,15.013,-9.7781,24.454,124.93,99.21,61.375,52.778,58.617
12.646,7.2205,-16.46,-12.081,16.449,-8.6957,26.05,131.66,105.32,65.917,56.68,61.447
14.335,8.9469,-15.935,-13.94,16.979,-7.5164,27.681,137.89,111,69.729,60.349,64.084
15.373,10.782,-14.561,-15.661,16.662,-6.2019,29.374,143.75,116.41,73.025,63.745,66.498
16.013,12.784,-12.612,-17.364,15.8,-4.771,31.164,149.4,121.74,76.133,66.966,68.775
16.653,14.98,-10.553,-19.21,14.895,-3.2857,33.084,154.92,127.16,79.42,70.206,71.09
17.666,17.378,-8.8806,-21.351,14.451,-1.8065,35.153,160.34,132.75,83.141,73.672,73.644
19.235,19.978,-7.8986,-23.866,14.73,-0.36142,37.364,165.61,138.46,87.371,77.505,76.585
21.263,22.762,-7.6249,-26.691,15.641,1.0583,39.676,170.66,144.14,91.981,81.726,79.943
23.405,25.664,-7.821,-29.577,16.784,2.4898,42.018,175.39,149.63,96.672,86.228,83.614
25.208,28.588,-8.0669,-32.197,17.641,3.9904,44.304,179.77,154.83,101.15,90.809,87.41
26.351,31.49,-7.9124,-34.39,17.803,5.6205,46.461,183.78,159.69,105.23,95.247,91.13
26.816,34.445,-7.0862,-36.299,17.138,7.4194,48.444,187.44,164.23,108.86,99.377,94.628
26.903,37.621,-5.5845,-38.284,15.812,9.3959,50.234,190.84,168.53,112.12,103.15,97.855
27.079,41.174,-3.6066,-40.697,14.204,11.524,51.828,194,172.65,115.17,106.65,100.87
27.774,45.126,-1.4674,-43.686,12.768,13.756,53.228,196.96,176.65,118.18,110.08,103.85
29.237,49.322,0.48358,-47.144,11.894,16.031,54.425,199.71,180.53,121.27,113.65,106.99
31.512,53.51,1.9777,-50.808,11.784,18.289,55.398,202.25,184.28,124.47,117.55,110.49
34.487,57.497,2.9104,-54.435,12.4,20.485,56.1,204.58,187.84,127.73,121.87,114.46
37.932,61.243,3.3528,-57.877,13.487,22.63,56.473,206.67,191.18,130.99,126.59,118.9
41.513,64.835,3.5273,-61.079,14.652,24.814,56.448,208.51,194.28,134.2,131.58,123.7
44.85,68.41,3.7452,-64.052,15.515,27.178,55.952,210.1,197.15,137.36,136.63,128.7
47.672,72.098,4.2785,-66.888,15.865,29.845,54.917,211.43,199.81,140.53,141.53,133.72
50.005,76.008,5.2374,-69.768,15.736,32.867,53.279,212.5,202.27,143.79,146.19,138.6
52.207,80.209,6.5339,-72.905,15.408,36.188,50.987,213.29,204.56,147.22,150.63,143.28
54.779,84.707,7.9314,-76.436,15.291,39.645,48.018,213.8,206.68,150.83,155,147.85
58.061,89.41,9.1609,-80.309,15.716,43.039,44.401,214.05,208.6,154.57,159.44,152.46
61.998,94.108,10.054,-84.274,16.74,46.233,40.223,214.04,210.31,158.26,164.02,157.31
66.132,98.56,10.61,-88.015,18.132,49.198,35.611,213.79,211.78,161.67,168.71,162.44
69.878,102.64,10.975,-91.317,19.505,51.989,30.707,213.29,212.99,164.62,173.38,167.72
72.864,106.4,11.371,-94.139,20.511,54.705,25.637,212.57,213.94,167.03,177.88,172.95
75.05,110.02,12.036,-96.589,20.956,57.444,20.517,211.61,214.63,168.92,182.14,177.94
76.627,113.7,13.172,-98.84,20.821,60.271,15.455,210.43,215.11,170.46,186.17,182.64
77.837,117.52,14.903,-101.06,20.195,63.2,10.564,209,215.42,171.83,190.08,187.11
78.861,121.46,17.235,-103.34,19.215,66.193,5.9513,207.31,215.58,173.24,194.05,191.46
79.815,125.38,20.018,-105.68,18.054,69.175,1.7135,205.33,215.62,174.76,198.17,195.75
80.785,129.14,22.96,-108.03,16.912,72.044,-2.0665,203.06,215.55,176.35,202.42,199.92
81.827,132.61,25.73,-110.32,15.96,74.711,-5.3307,200.54,215.38,177.83,206.56,203.81
82.874,135.73,28.123,-112.45,15.246,77.126,-8.057,197.75,215.06,178.96,210.23,207.23
83.66,138.47,30.15,-114.27,14.631,79.292,-10.266,194.68,214.55,179.53,213.13,210.03
83.788,140.82,31.99,-115.59,13.842,81.231,-12.016,191.22,213.76,179.4,215.12,212.09
82.918,142.73,33.855,-116.27,12.621,82.944,-13.385,187.22,212.6,178.48,216.22,213.35
80.934,144.13,35.854,-116.3,10.889,84.382,-14.448,182.53,211.03,176.79,216.5,213.79
77.979,144.89,37.933,-115.78,8.7883,85.478,-15.259,176.98,208.97,174.4,216.04,213.51
74.345,144.87,39.92,-114.78,6.5955,86.19,-15.846,170.43,206.29,171.4,214.86,212.54
70.292,143.98,41.623,-113.22,4.572,86.527,-16.221,162.73,202.79,167.82,212.77,210.76
65.942,142.24,42.903,-110.92,2.8562,86.525,-16.405,153.73,198.18,163.59,209.55,207.94
61.291,139.77,43.695,-107.75,1.4522,86.203,-16.44,143.26,192.3,158.65,205.12,203.93
56.319,136.67,44.008,-103.73,0.2824,85.543,-16.391,131.21,185.16,152.93,199.63,198.81
51.057,133.05,43.92,-99.075,-0.76498,84.509,-16.332,117.53,176.91,146.4,193.3,192.79
45.586,128.98,43.572,-94.023,-1.8172,83.077,-16.332,102.44,167.74,139.01,186.23,186.02
39.963,124.52,43.151,-88.749,-3.0137,81.271,-16.435,86.456,157.82,130.74,178.4,178.53
34.163,119.72,42.887,-83.304,-4.4959,79.177,-16.658,70.376,147.25,121.61,169.73,170.28
28.129,114.61,43.009,-77.655,-6.3611,76.92,-16.995,55.063,136.15,111.86,160.27,161.26
21.917,109.25,43.62,-71.777,-8.5778,74.614,-17.444,41.13,124.69,101.86,150.2,151.63
15.821,103.66,44.584,-65.763,-10.929,72.319,-18.009,28.802,113.11,92.022,139.84,141.74
10.308,97.866,45.548,-59.801,-13.073,70.016,-18.71,17.985,101.67,82.537,129.51,131.94
5.7591,91.863,46.099,-54.021,-14.698,67.61,-19.562,8.4436,90.405,73.326,119.43,122.43
2.2615,85.619,45.925,-48.335,-15.654,64.964,-20.572,-0.073976,79.151,64.055,109.71,113.25
-0.38136,79.082,44.928,-42.465,-16.016,61.938,-21.725,-7.7771,67.502,54.227,100.31,104.32
-2.4859,72.224,43.246,-36.158,-16.049,58.433,-22.995,-14.833,54.976,43.405,91.144,95.541
-4.3377,65.111,41.203,-29.46,-16.07,54.44,-24.344,-21.374,41.515,31.735,82.079,86.878
-6.1216,57.946,39.172,-22.844,-16.299,50.081,-25.731,-27.481,28.278,20.482,73.075,78.294
-7.9091,50.996,37.418,-16.923,-16.797,45.553,-27.112,-33.174,17.203,11.253,64.175,69.781
-9.6828,44.428,35.969,-12.002,-17.484,41.002,-28.443,-38.428,9.0883,4.5024,55.403,61.489
-11.381,38.224,34.589,-8.0124,-18.194,36.461,-29.679,-43.206,3.3017,-0.36354,46.704,53.724
-12.927,32.263,32.902,-4.7316,-18.72,31.889,-30.782,-47.487,-1.0506,-4.0583,38.12,46.677
-14.237,26.469,30.549,-1.9636,-18.863,27.246,-31.717,-51.269,-4.5572,-7.0586,30.026,40.268
-15.225,20.883,27.331,0.40762,-18.485,22.55,-32.465,-54.561,-7.5306,-9.6429,22.973,34.316
-15.846,15.636,23.365,2.4406,-17.578,17.898,-33.032,-57.386,-10.136,-11.979,17.288,28.758
-16.146,10.864,19.111,4.1797,-16.296,13.448,-33.44,-59.779,-12.472,-14.169,12.919,23.664
-16.281,6.6491,15.156,5.6835,-14.932,9.3674,-33.717,-61.787,-14.601,-16.265,9.5854,19.138
-16.455,3.0099,11.901,7.0183,-13.796,5.7714,-33.88,-63.45,-16.556,-18.276,6.9713,15.238
-16.805,-0.077549,9.4542,8.2249,-13.077,2.6801,-33.922,-64.784,-18.332,-20.166,4.8327,11.961
-17.314,-2.6608,7.6802,9.2932,-12.751,0.021121,-33.821,-65.766,-19.895,-21.869,3.0245,9.254
-17.816,-4.8033,6.2864,10.173,-12.6,-2.3281,-33.541,-66.362,-21.196,-23.311,1.4818,7.0517
-18.106,-6.5837,4.9563,10.822,-12.348,-4.4781,-33.057,-66.56,-22.199,-24.443,0.18388,5.2863
-18.075,-8.0879,3.4926,11.252,-11.826,-6.478,-32.355,-66.395,-22.911,-25.268,-0.88184,3.886
-17.777,-9.3902,1.8734,11.54,-11.047,-8.3066,-31.443,-65.938,-23.379,-25.846,-1.741,2.7721
-17.362,-10.528,0.20414,11.777,-10.149,-9.9049,-30.337,-65.258,-23.663,-26.264,-2.4365,1.8648
-16.963,-11.487,-1.3607,12.005,-9.287,-11.217,-29.057,-64.385,-23.807,-26.6,-3.0189,1.0966
-16.621,-12.218,-2.686,12.187,-8.5616,-12.213,-27.618,-63.303,-23.824,-26.888,-3.5325,0.41954
-16.295,-12.671,-3.698,12.242,-7.9946,-12.898,-26.024,-61.98,-23.698,-27.115,-4.0032,-0.19573
-15.934,-12.843,-4.3925,12.117,-7.5611,-13.314,-24.271,-60.407,-23.411,-27.24,-4.4326,-0.75294
-15.528,-12.792,-4.8252,11.833,-7.2233,-13.528,-22.354,-58.615,-22.954,-27.221,-4.798,-1.2356
-15.1,-12.625,-5.1026,11.469,-6.9304,-13.628,-20.273,-56.667,-22.343,-27.041,-5.0659,-1.6135
-14.653,-12.447,-5.3666,11.103,-6.6013,-13.697,-18.053,-54.637,-21.604,-26.71,-5.2071,-1.856
-14.144,-12.315,-5.7506,10.762,-6.137,-13.8,-15.749,-52.592,-20.784,-26.252,-5.2122,-1.9502
-13.525,-12.229,-6.3138,10.427,-5.4854,-13.958,-13.447,-50.585,-19.939,-25.706,-5.1023,-1.917
-12.826,-12.155,-6.9914,10.085,-4.709,-14.148,-11.238,-48.67,-19.137,-25.115,-4.931,-1.8148
-12.18,-12.056,-7.6152,9.7641,-3.9915,-14.322,-9.1916,-46.905,-18.446,-24.528,-4.778,-1.727
-11.763,-11.916,-7.9871,9.5212,-3.5545,-14.426,-7.3283,-45.329,-17.909,-23.985,-4.7224,-1.7366
-11.677,-11.729,-7.9921,9.3938,-3.5249,-14.429,-5.6225,-43.952,-17.527,-23.498,-4.8182,-1.8956
-11.868,-11.489,-7.6733,9.3555,-3.8417,-14.333,-4.0192,-42.738,-17.255,-23.038,-5.0683,-2.2007
-12.153,-11.188,-7.2174,9.3296,-4.277,-14.157,-2.4648,-41.62,-17.02,-22.546,-5.4161,-2.5895
-12.318,-10.826,-6.8526,9.2395,-4.5636,-13.924,-0.93503,-40.536,-16.761,-21.963,-5.7633,-2.9637
-12.237,-10.429,-6.738,9.0577,-4.5313,-13.648,0.55426,-39.456,-16.453,-21.261,-6.0094,-3.231
-11.907,-10.034,-6.9114,8.8134,-4.1576,-13.329,1.9561,-38.383,-16.109,-20.464,-6.0931,-3.3429
-11.413,-9.6744,-7.2943,8.5566,-3.5405,-12.961,3.2114,-37.333,-15.765,-19.629,-6.0161,-3.3083
-10.861,-9.3479,-7.7213,8.3125,-2.8505,-12.54,4.2668,-36.315,-15.453,-18.832,-5.8363,-3.1838
-10.345,-9.0136,-7.9826,8.066,-2.2841,-12.064,5.0883,-35.33,-15.192,-18.132,-5.6382,-3.0442
-9.9507,-8.6122,-7.8766,7.7867,-2.0231,-11.529,5.6704,-34.374,-14.985,-17.558,-5.4963,-2.9564
-9.7683,-8.1032,-7.257,7.4723,-2.2083,-10.917,6.0386,-33.459,-14.818,-17.095,-5.4502,-2.9632
-9.8761,-7.4905,-6.0761,7.1628,-2.9057,-10.214,6.2441,-32.6,-14.671,-16.698,-5.4945,-3.0731
-10.281,-6.8196,-4.4324,6.9107,-4.0445,-9.4252,6.3469,-31.806,-14.511,-16.296,-5.5824,-3.2533
-10.866,-6.149,-2.5863,6.7318,-5.3753,-8.5869,6.3961,-31.059,-14.3,-15.823,-5.6443,-3.433
-11.401,-5.518,-0.88934,6.5838,-6.536,-7.7555,6.4204,-30.322,-14.004,-15.239,-5.6134,-3.5264
-11.653,-4.934,0.35633,6.3959,-7.2116,-6.9793,6.4322,-29.554,-13.606,-14.548,-5.4512,-3.4708
-11.518,-4.385,1.0155,6.1286,-7.2793,-6.275,6.4403,-28.732,-13.12,-13.806,-5.1622,-3.2575
-11.072,-3.8577,1.157,5.8076,-6.8547,-5.6225,6.4601,-27.849,-12.578,-13.098,-4.7898,-2.9381
-10.513,-3.3427,1.0061,5.5024,-6.2227,-4.9793,6.5158,-26.906,-12.015,-12.512,-4.395,-2.5992
-10.037,-2.8246,0.8303,5.267,-5.6841,-4.3046,6.6334,-25.886,-11.444,-12.092,-4.0304,-2.3206
-9.7435,-2.2761,0.82019,5.0974,-5.4162,-3.5791,6.8327,-24.755,-10.853,-11.826,-3.7207,-2.1418
-9.6147,-1.6722,1.0408,4.9409,-5.4375,-2.8144,7.1192,-23.475,-10.212,-11.65,-3.458,-2.0538
-9.5768,-1.0154,1.4575,4.7462,-5.6621,-2.0514,7.4828,-22.036,-9.5045,-11.478,-3.2095,-2.0117
-9.5569,-0.35304,1.9782,4.5018,-5.9657,-1.351,7.9008,-20.467,-8.7367,-11.25,-2.9361,-1.9571
-9.4977,0.23997,2.4826,4.2298,-6.2179,-0.77844,8.3455,-18.835,-7.9416,-10.952,-2.6162,-1.8438
-9.3334,0.70568,2.8492,3.9452,-6.2922,-0.38215,8.7911,-17.214,-7.1607,-10.612,-2.2629,-1.6573
-8.9845,1.0426,2.9959,3.625,-6.0909,-0.1718,9.2181,-15.661,-6.4282,-10.282,-1.9193,-1.4189
-8.4034,1.3107,2.9239,3.2254,-5.5961,-0.10391,9.6151,-14.214,-5.7642,-10.012,-1.6363,-1.1737
-7.6422,1.5959,2.7402,2.7321,-4.9173,-0.085997,9.9816,-12.9,-5.1782,-9.8384,-1.4484,-0.97406
-6.8709,1.9611,2.6272,2.1966,-4.2809,-0.0067114,10.327,-11.745,-4.6772,-9.7822,-1.3666,-0.8669
-6.3074,2.4184,2.7555,1.7215,-3.9315,0.2181,10.666,-10.774,-4.2676,-9.8515,-1.3854,-0.88729
-6.0942,2.9338,3.177,1.3993,-3.9896,0.6066,11.012,-9.992,-3.9501,-10.039,-1.4917,-1.0488
-6.2023,3.4537,3.7676,1.2522,-4.3591,1.0995,11.366,-9.3692,-3.7119,-10.32,-1.6637,-1.3314
-6.4369,3.9247,4.2733,1.2214,-4.7649,1.5825,11.718,-8.8415,-3.5264,-10.659,-1.8646,-1.677
-6.5542,4.2969,4.4446,1.2147,-4.9095,1.9346,12.047,-8.3344,-3.3637,-11.02,-2.0433,-2.0016
-6.4101,4.5173,4.1712,1.1747,-4.6413,2.0746,12.331,-7.794,-3.2042,-11.377,-2.1524,-2.2309
-6.0261,4.5385,3.5287,1.1093,-4.015,1.9851,12.551,-7.206,-3.0477,-11.727,-2.174,-2.3406
-5.5286,4.349,2.7201,1.0542,-3.2235,1.706,12.694,-6.5944,-2.9123,-12.079,-2.1342,-2.3738
-5.0331,4.0026,1.9703,1.011,-2.4707,1.3122,12.745,-6.0015,-2.8229,-12.452,-2.0924,-2.4201
-4.5802,3.605,1.4381,0.92984,-1.8822,0.88612,12.696,-5.4688,-2.8,-12.858,-2.1141,-2.5716
-4.1647,3.2586,1.1803,0.76153,-1.4948,0.49157,12.543,-5.0289,-2.8546,-13.3,-2.2441,-2.8841
-3.8062,3.0059,1.1596,0.52541,-1.3005,0.15675,12.289,-4.7088,-2.99,-13.776,-2.4949,-3.3603
-3.5808,2.8094,1.2699,0.32597,-1.2822,-0.12773,11.945,-4.5302,-3.2028,-14.285,-2.8491,-3.9548
-3.5785,2.581,1.3642,0.30121,-1.4019,-0.39764,11.529,-4.5009,-3.4812,-14.83,-3.2722,-4.5924
-3.8202,2.2392,1.2854,0.54032,-1.5654,-0.69688,11.058,-4.6015,-3.8022,-15.415,-3.7255,-5.1896
-4.2105,1.7551,0.91327,1.0279,-1.6263,-1.0582,10.551,-4.7846,-4.1349,-16.04,-4.1773,-5.6779
-4.5833,1.1592,0.22052,1.6516,-1.4601,-1.4877,10.028,-4.9948,-4.452,-16.701,-4.611,-6.0288
-4.8125,0.51548,-0.68919,2.2677,-1.0558,-1.9611,9.5086,-5.1972,-4.7437,-17.397,-5.0319,-6.27
-4.8856,-0.11249,-1.602,2.7721,-0.54447,-2.4342,9.0132,-5.3935,-5.0229,-18.136,-5.4684,-6.4815
-4.8765,-0.68157,-2.2841,3.1228,-0.12597,-2.8669,8.5635,-5.6124,-5.3163,-18.932,-5.9639,-6.7645
-4.8485,-1.1696,-2.5985,3.3112,0.065697,-3.246,8.1787,-5.8814,-5.6467,-19.784,-6.5569,-7.1956
-4.7868,-1.5696,-2.5729,3.3319,0.053592,-3.5968,7.8707,-6.2047,-6.0182,-20.662,-7.2568,-7.7872
-4.6219,-1.8927,-2.3811,3.1915,-0.0072423,-3.9688,7.6389,-6.5643,-6.4171,-21.503,-8.0306,-8.4768
-4.3177,-2.178,-2.2523,2.9474,0.054934,-4.4048,7.4686,-6.9437,-6.8272,-22.234,-8.8097,-9.1524
-3.9373,-2.4905,-2.3604,2.7209,0.31791,-4.9151,7.3355,-7.3511,-7.2468,-22.802,-9.5157,-9.7032
-3.6188,-2.8957,-2.7657,2.6561,0.74291,-5.476,7.2097,-7.8231,-7.6935,-23.202,-10.093,-10.071
-3.4744,-3.4229,-3.4402,2.8409,1.2466,-6.0486,7.0592,-8.4051,-8.1948,-23.473,-10.534,-10.272
-3.4895,-4.038,-4.3231,3.2426,1.7936,-6.5955,6.8498,-9.1267,-8.7742,-23.681,-10.877,-10.385
-3.5141,-4.6497,-5.3442,3.7102,2.4189,-7.0864,6.5483,-9.9902,-9.4433,-23.896,-11.192,-10.509
-3.3711,-5.151,-6.4087,4.0565,3.1589,-7.4975,6.1301,-10.978,-10.203,-24.167,-11.542,-10.724
-2.9953,-5.4769,-7.3838,4.1698,3.9653,-7.8134,5.5904,-12.066,-11.049,-24.52,-11.97,-11.073
-2.4892,-5.6379,-8.1241,4.0719,4.6896,-8.0334,4.9511,-13.229,-11.969,-24.944,-12.482,-11.556
-2.0533,-5.7087,-8.5325,3.8871,5.165,-8.1768,4.2528,-14.438,-12.941,-25.397,-13.048,-12.13
-1.8439,-5.7811,-8.6226,3.7508,5.3279,-8.2797,3.5349,-15.656,-13.935,-25.803,-13.61,-12.715
-1.869,-5.9146,-8.5275,3.73,5.279,-8.3812,2.8134,-16.845,-14.916,-26.081,-14.096,-13.22
-2.0041,-6.1192,-8.4313,3.8091,5.2185,-8.5097,2.0706,-17.993,-15.87,-26.174,-14.449,-13.583
-2.1079,-6.3733,-8.4625,3.9384,5.3021,-8.6752,1.2613,-19.125,-16.813,-26.089,-14.661,-13.808
-2.1286,-6.6474,-8.6241,4.086,5.5365,-8.8675,0.33212,-20.3,-17.789,-25.895,-14.778,-13.97
-2.113,-6.9103,-8.8041,4.246,5.7917,-9.0559,-0.75691,-21.569,-18.843,-25.695,-14.888,-14.182
-2.1314,-7.1211,-8.8514,4.4067,5.9064,-9.1962,-2.0184,-22.941,-19.991,-25.572,-15.084,-14.538
-2.1982,-7.2305,-8.6624,4.5243,5.8007,-9.2476,-3.4332,-24.367,-21.2,-25.551,-15.416,-15.067
-2.2613,-7.2032,-8.2311,4.5404,5.5137,-9.1923,-4.9549,-25.76,-22.393,-25.589,-15.874,-15.718
-2.2604,-7.0513,-7.6485,4.4333,5.1575,-9.0474,-6.5189,-27.04,-23.48,-25.597,-16.389,-16.385
-2.1798,-6.8468,-7.0706,4.2512,4.85,-8.8638,-8.0566,-28.162,-24.39,-25.49,-16.867,-16.954
-2.0485,-6.6962,-6.677,4.089,4.6927,-8.7156,-9.5083,-29.128,-25.101,-25.219,-17.232,-17.337
-1.8751,-6.6882,-6.6312,4.023,4.7843,-8.6793,-10.833,-29.962,-25.635,-24.788,-17.449,-17.502
-1.6112,-6.8502,-7.0325,4.0576,5.2164,-8.8098,-12.007,-30.688,-26.044,-24.243,-17.54,-17.47
-1.184,-7.1435,-7.8657,4.1315,6.019,-9.1191,-13.024,-31.32,-26.387,-23.648,-17.56,-17.305
-0.58222,-7.4974,-8.9756,4.1756,7.0915,-9.5697,-13.878,-31.859,-26.706,-23.062,-17.567,-17.087
0.078432,-7.856,-10.098,4.176,8.1864,-10.086,-14.544,-32.309,-27.018,-22.515,-17.598,-16.887
0.57435,-8.2055,-10.949,4.185,8.9866,-10.592,-14.988,-32.671,-27.306,-22.001,-17.656,-16.743
0.71767,-8.5679,-11.359,4.2711,9.271,-11.049,-15.177,-32.925,-27.527,-21.496,-17.713,-16.648
0.50811,-8.9776,-11.382,4.4537,9.0787,-11.471,-15.096,-33.061,-27.627,-20.96,-17.717,-16.551
0.16817,-9.4613,-11.307,4.6821,8.7316,-11.919,-14.755,-33.069,-27.556,-20.365,-17.616,-16.384
-0.0022742,-10.034,-11.501,4.8769,8.651,-12.456,-14.177,-32.945,-27.307,-19.708,-17.373,-16.089
0.16612,-10.702,-12.205,5.0077,9.0935,-13.109,-13.39,-32.704,-26.912,-19.02,-16.984,-15.648
0.60697,-11.462,-13.406,5.1215,10.001,-13.841,-12.422,-32.4,-26.436,-18.365,-16.477,-15.09
1.0781,-12.281,-14.851,5.3084,11.05,-14.569,-11.298,-32.069,-25.938,-17.789,-15.908,-14.483
1.323,-13.087,-16.166,5.6316,11.843,-15.193,-10.048,-31.709,-25.452,-17.305,-15.328,-13.909
1.2069,-13.783,-17.027,6.0818,12.109,-15.626,-8.7071,-31.318,-24.982,-16.888,-14.77,-13.428
0.74182,-14.284,-17.273,6.5941,11.791,-15.822,-7.3119,-30.891,-24.496,-16.485,-14.231,-13.066
0.020562,-14.561,-16.936,7.0998,10.996,-15.785,-5.9108,-30.439,-23.978,-16.027,-13.693,-12.811
-0.84892,-14.658,-16.182,7.5635,9.9094,-15.563,-4.5512,-30,-23.421,-15.476,-13.129,-12.634
-1.7538,-14.661,-15.231,7.9786,8.7435,-15.222,-3.2715,-29.615,-22.833,-14.826,-12.528,-12.493
-2.5589,-14.646,-14.291,8.3194,7.7119,-14.827,-2.0961,-29.305,-22.22,-14.089,-11.893,-12.347
-3.1086,-14.643,-13.491,8.5257,6.9801,-14.419,-1.0395,-29.053,-21.572,-13.29,-11.243,-12.159
-3.3017,-14.623,-12.836,8.5292,6.593,-14.008,-0.1176,-28.845,-20.873,-12.47,-10.61,-11.907
-3.1741,-14.537,-12.201,8.3089,6.4226,-13.572,0.64076,-28.664,-20.111,-11.674,-10.03,-11.602
-2.9157,-14.345,-11.381,7.9296,6.1969,-13.065,1.2,-28.531,-19.308,-10.964,-9.5412,-11.282
-2.7845,-14.034,-10.189,7.522,5.6293,-12.44,1.5243,-28.498,-18.528,-10.407,-9.1751,-11.004
-2.9673,-13.622,-8.5806,7.2205,4.5847,-11.683,1.5795,-28.616,-17.842,-10.047,-8.9442,-10.818
-3.4784,-13.149,-6.7052,7.089,3.1701,-10.832,1.3532,-28.902,-17.299,-9.8999,-8.8347,-10.736
-4.1756,-12.671,-4.869,7.1181,1.6884,-9.9723,0.8594,-29.35,-16.907,-9.9054,-8.8033,-10.73
-4.861,-12.26,-3.4082,7.2677,0.47979,-9.2117,0.13803,-29.931,-16.637,-9.9677,-8.7858,-10.735
-5.4051,-11.995,-2.5375,7.5141,-0.25327,-8.6395,-0.75653,-30.604,-16.455,-9.9904,-8.716,-10.669
-5.7982,-11.934,-2.2718,7.8608,-0.51966,-8.2954,-1.7739,-31.349,-16.334,-9.9088,-8.5472,-10.47
-6.0997,-12.085,-2.4547,8.296,-0.47695,-8.1639,-2.8791,-32.166,-16.25,-9.702,-8.2667,-10.11
-6.3471,-12.394,-2.8545,8.7597,-0.3067,-8.1942,-4.0545,-33.028,-16.2,-9.3703,-7.8969,-9.6151
-6.52,-12.765,-3.2623,9.1519,-0.13176,-8.3266,-5.2977,-33.939,-16.183,-8.9553,-7.4843,-9.0483
-6.5866,-13.114,-3.5421,9.3849,-0.016049,-8.5155,-6.6079,-34.924,-16.206,-8.5106,-7.0851,-8.4961
-6.5727,-13.414,-3.634,9.4562,-0.0048148,-8.7431,-7.974,-36.022,-16.287,-8.0985,-6.7504,-8.0443
-6.5775,-13.704,-3.5542,9.4568,-0.13665,-9.0219,-9.3692,-37.259,-16.462,-7.76,-6.509,-7.7545
-6.6988,-14.059,-3.4019,9.5171,-0.40078,-9.3839,-10.742,-38.647,-16.748,-7.5163,-6.3624,-7.6421
-6.9486,-14.539,-3.3514,9.7219,-0.68506,-9.8602,-12.036,-40.153,-17.148,-7.3475,-6.2774,-7.6641
-7.2197,-15.15,-3.5945,10.055,-0.79276,-10.46,-13.209,-41.71,-17.658,-7.2118,-6.1963,-7.7299
-7.3537,-15.838,-4.2399,10.429,-0.5507,-11.158,-14.25,-43.245,-18.27,-7.0677,-6.0582,-7.7367
-7.2663,-16.525,-5.2381,10.753,0.062606,-11.897,-15.175,-44.713,-18.995,-6.8879,-5.8239,-7.6139
-7.0163,-17.142,-6.3743,10.992,0.86782,-12.6,-16.015,-46.083,-19.853,-6.6676,-5.4914,-7.3534
-6.7741,-17.642,-7.3518,11.17,1.5716,-13.191,-16.792,-47.369,-20.865,-6.4217,-5.0947,-7.0083
-6.6961,-18.003,-7.9331,11.323,1.9276,-13.625,-17.515,-48.564,-22.019,-6.1605,-4.6876,-6.6652
-6.8264,-18.231,-8.0523,11.455,1.8698,-13.904,-18.173,-49.628,-23.253,-5.8805,-4.3227,-6.4024
-7.0928,-18.347,-7.8249,11.539,1.5157,-14.068,-18.754,-50.504,-24.483,-5.5696,-4.0253,-6.2625
-7.3876,-18.397,-7.4556,11.566,1.0554,-14.177,-19.254,-51.168,-25.64,-5.2138,-3.7862,-6.2383
-7.6556,-18.447,-7.1282,11.575,0.63026,-14.278,-19.686,-51.651,-26.705,-4.8273,-3.5704,-6.2805
-7.9122,-18.562,-6.9393,11.641,0.28919,-14.396,-20.081,-52.025,-27.722,-4.4461,-3.3397,-6.3175
-8.1897,-18.776,-6.9023,11.818,0.027531,-14.538,-20.483,-52.392,-28.766,-4.117,-3.0767,-6.285
-8.4801,-19.073,-6.9795,12.093,-0.16199,-14.7,-20.933,-52.824,-29.899,-3.8817,-2.7975,-6.152
-8.7395,-19.394,-7.0945,12.392,-0.29155,-14.875,-21.455,-53.34,-31.161,-3.7658,-2.5418,-5.9296
-8.9496,-19.673,-7.1284,12.636,-0.42501,-15.038,-22.052,-53.932,-32.537,-3.7809,-2.3502,-5.6613
-9.1726,-19.876,-6.9339,12.806,-0.70197,-15.155,-22.694,-54.549,-33.988,-3.9104,-2.242,-5.4013
-9.531,-20.013,-6.3924,12.959,-1.2825,-15.193,-23.327,-55.132,-35.444,-4.115,-2.2051,-5.1925
-10.115,-20.131,-5.5031,13.18,-2.2252,-15.154,-23.886,-55.601,-36.814,-4.3298,-2.2013,-5.0468
-10.888,-20.281,-4.4439,13.51,-3.3898,-15.075,-24.312,-55.877,-37.995,-4.4879,-2.1852,-4.9447
-11.69,-20.5,-3.5215,13.929,-4.471,-15.013,-24.558,-55.88,-38.902,-4.5369,-2.1219,-4.8524
-12.329,-20.807,-3.0241,14.383,-5.1621,-15.022,-24.572,-55.545,-39.499,-4.4655,-2.0118,-4.7487
-12.722,-21.227,-3.0751,14.854,-5.3323,-15.128,-24.265,-54.818,-39.795,-4.3239,-1.9093,-4.6514
-12.961,-21.802,-3.5789,15.401,-5.1018,-15.337,-23.47,-53.624,-39.84,-4.2234,-1.9293,-4.6364
-13.262,-22.579,-4.2612,16.121,-4.7813,-15.635,-21.928,-51.826,-39.684,-4.3118,-2.2255,-4.8332
-13.839,-23.584,-4.7996,17.075,-4.7067,-16.01,-19.372,-49.227,-39.324,-4.7047,-2.9374,-5.3879
-14.782,-24.791,-4.9577,18.233,-5.0889,-16.448,-16.03,-45.639,-38.678,-5.4203,-4.1351,-6.4115
-16.04,-26.125,-4.6323,19.486,-5.9676,-16.926,-15.141,-41.08,-37.584,-6.3346,-5.7848,-7.9245
-17.483,-27.478,-3.8328,20.705,-7.2596,-17.41,-23.203,-36.035,-35.826,-7.179,-7.7039,-9.7653
-18.977,-28.738,-2.6743,21.787,-8.8036,-17.862,-28.031,-31.673,-33.164,-7.5552,-9.5199,-11.524
-20.386,-29.813,-1.3923,22.645,-10.371,-18.249,-27.255,-29.762,-29.389,-6.9361,-10.747,-12.83
-21.519,-30.606,-0.30615,23.166,-11.677,-18.552,-23.587,-31.664,-24.75,-4.5964,-10.915,-13.682
-22.1,-30.956,0.26239,23.275,-12.423,-18.76,-15.931,-35.888,-24.065,0.787,-9.5199,-13.877
-21.886,-30.648,0.10174,23.097,-12.407,-18.828,-1.8373,-35.92,-32.108,0.32796,-8.4576,-14.273
-21.064,-29.78,-0.75039,23.222,-11.635,-18.63,21.44,-23.741,-26.569,-14.246,-22.178,-27.946
-22.774,-31.85,-1.937,29.817,-10.401,-17.964,55.285,2.5386,-19.496,-22.085,-38.959,-44.811
-40.036,-53.042,-2.9054,48.268,-10.253,-16.894,97.635,38.671,-11.806,-31.933,-60.049,-65.158
-51.215,-69.133,-3.1496,60.401,-16.442,-19.283,142.36,79.672,-0.81178,-38.32,-79.107,-84.615
-57.513,-77.53,-2.4238,69.04,-22.323,-36.685,181.96,121.24,17.225,-34.074,-88.845,-96.599
-59.028,-77.927,-0.85171,70.997,-25.217,-41.206,209.62,160.65,45.909,-12.518,-82.553,-94.933
-53.672,-68.099,1.2328,63.974,-25.363,-34.296,220.97,198.73,87.948,30.563,-55.853,-75.468
-39.553,-47.904,3.6017,46.787,-20.154,-22.497,216.52,240.09,149.19,98.677,-6.563,-36.507
-14.485,-18.566,5.2394,18.948,-6.8175,-7.5866,200.64,293.65,242.87,199.12,69.471,23.044
24.757,19.243,2.271,-19.899,15.558,9.9634,178.09,370.91,377.85,339.23,174.38,104.58
78.754,66.391,-3.1524,-70.432,45.638,30.99,152.11,478.47,556.31,519.05,308.98,209.39
144.04,124.8,-6.7509,-132.68,81.396,57.915,123.57,612.21,774.84,734.97,471.68,336.98
216.29,195.81,-5.714,-205.13,118.64,93.611,90.674,755.75,1015.8,973.78,656,483.22
290.76,277.86,1.4965,-284.31,151.76,138.83,49.66,883.19,1248.7,1211.8,848.8,639.36
361.44,365.03,15.307,-364.05,177.42,190.74,-3.3515,962.43,1434.8,1417.1,1030.1,791.74
420.63,447.6,35.589,-436.1,193.2,242.39,-69.489,960.62,1533.9,1554,1175.6,923.13
460.43,515.25,61.344,-492.03,197.06,287.29,-144.91,854.7,1514.2,1591.1,1262.2,1016.3
475.43,560.27,92.529,-524.85,188.1,321.85,-221.58,639.92,1362.1,1511.6,1274.7,1059
464.77,579.75,125.54,-531.12,167.27,344.03,-291.5,334.08,1089.7,1320.8,1212.2,1047.9
432.14,576.47,154.18,-513.33,137.38,354.9,-348.33,-24.568,734.17,1047.5,1088.7,990.53
384.84,557.85,179.22,-479.28,102.12,358.65,-387.35,-386.7,348.42,735.51,929.62,902.44
331.93,533.06,203.61,-438.69,65.327,359.98,-408.43,-705.08,-13.322,431.49,762.9,801.83
281.07,508.94,227.35,-399.23,29.628,361.35,-413.52,-946.01,-309.14,171.87,610.74,703.19
235.69,486.73,248.6,-363.78,-4.9178,361.92,-403.95,-1095.3,-517.63,-24.632,484.01,613.29
194.5,461.88,264.97,-330.34,-36.178,357.93,-383.28,-1158.1,-639.18,-158.44,381.88,531.33
153.82,427.74,273.32,-293.56,-59.892,344.48,-358.5,-1153.3,-690.95,-244.54,295.68,452.43
114.04,381.41,271.13,-249.56,-76.203,319.59,-337.28,-1105.4,-697.43,-299.22,215.68,372.77
78.1,327.86,258.53,-202.75,-86.677,286.3,-325.34,-1037.4,-681.72,-334.93,139.55,293.12
46.504,272.39,237.21,-158.58,-91.904,248.61,-324.24,-965.65,-659.97,-364.16,69.77,217.5
19.318,218.09,209.89,-117.71,-92.789,209.56,-329.59,-898.02,-639.34,-390.06,9.3068,150.08
-3.0069,166.97,180.32,-80.126,-90.13,171.24,-333.12,-834.41,-619.62,-409.9,-40.58,92.223
-20.601,120.46,152.02,-47.596,-83.93,135.32,-328.54,-769.8,-596.3,-420.21,-78.705,45.559
-34.081,80.901,126.87,-21.893,-75.701,103.52,-312.28,-698.16,-563.64,-417.85,-103.65,10.846
-42.6,49.241,104.74,-3.3919,-67.802,76.58,-283.53,-620.24,-520.23,-402.11,-116.85,-13.547
-42.049,26.083,85.44,8.522,-60.874,54.332,-244.48,-540.02,-472.07,-376.59,-121.15,-30.069
-28.37,11.266,69.413,14.655,-54.584,36.674,-198.84,-457.28,-420.71,-343.47,-118.02,-39.743
-20.383,3.2795,56.27,15.665,-48.651,23.686,-150.7,-374.93,-365.46,-305.56,-107.7,-42.373
-17.9,0.32056,44.892,11.317,-42.765,15.229,-102.8,-297.82,-306.1,-263.28,-88.924,-37.897
-16.023,1.6234,34.591,4.0148,-36.439,10.768,-58.792,-229.92,-245.8,-218.09,-62.273,-26.025
-13.793,7.8814,25.899,2.4676,-29.37,10.59,-27.314,-173.51,-189.29,-173.58,-41.175,-4.6875
-11.331,10.631,19.928,2.5357,-21.984,15.13,-8.6421,-129.48,-140.2,-133.98,-25.297,-0.58167
-9.0446,7.106,17.444,2.2515,-15.588,15.024,1.5316,-97.426,-100.94,-101.83,-12.949,-0.33029
-7.3467,4.3872,15.643,1.8483,-11.294,11.125,6.671,-75.879,-72.585,-77.617,-5.1555,0.44136
-6.5107,2.9648,13.752,1.5212,-9.2861,7.946,8.8575,-62.639,-54.645,-60.919,-1.9378,1.5317
-6.5969,2.3262,12.955,1.3955,-9.1213,6.0029,9.4013,-55.162,-45.276,-51.106,-2.5405,2.5072
-7.4463,2.1354,13.109,1.5452,-10.104,4.9719,7.3586,-51.073,-41.725,-47.315,-4.6512,3.1567
-8.7316,2.1594,13.688,1.9727,-11.513,4.5503,5.2018,-46.029,-41.185,-48.192,-5.5374,3.5023
-10.062,2.2362,14.271,2.5885,-12.793,4.494,9.8818,-34.049,-38.682,-47.704,-4.9635,3.652
-11.107,2.2757,14.579,3.2295,-13.638,4.5961,14.444,-22.916,-29.342,-39.351,-3.9638,3.7057
-11.686,2.2491,14.464,3.7247,-13.935,4.6915,17.638,-14.883,-21.414,-31.258,-3.1011,3.7358
-11.793,2.1587,13.968,3.9777,-13.738,4.6749,19.633,-9.215,-15.957,-25.712,-2.5021,3.7668
-11.598,2.0026,13.327,4.0143,-13.283,4.5101,20.738,-5.2148,-12.209,-21.932,-2.1623,3.7558
-11.361,1.7615,12.868,3.9585,-12.916,4.213,21.287,-2.3585,-9.5815,-19.272,-2.0515,3.6294
-11.308,1.4127,12.832,3.9453,-12.895,3.8115,21.569,-0.24978,-7.6398,-17.317,-2.1305,3.3507
-11.518,0.95675,13.229,4.0337,-13.271,3.3058,21.784,1.4128,-6.0664,-15.785,-2.3522,2.939
-11.893,0.42501,13.791,4.1851,-13.88,2.6624,22.022,2.8493,-4.64,-14.481,-2.6647,2.4454
-12.213,-0.14029,14.078,4.315,-14.398,1.8451,22.279,4.201,-3.2241,-13.274,-3.0081,1.9298
-12.276,-0.71417,13.709,4.3687,-14.495,0.85593,22.495,5.5354,-1.7557,-12.085,-3.3106,1.4563
-12.017,-1.2985,12.572,4.3615,-14.021,-0.24994,22.594,6.8633,-0.22789,-10.877,-3.4993,1.0881
-11.515,-1.9064,10.817,4.3569,-13.04,-1.3861,22.514,8.1645,1.3301,-9.6535,-3.5245,0.87074
-10.901,-2.5378,8.7043,4.4096,-11.736,-2.4748,22.225,9.4153,2.8712,-8.4492,-3.3828,0.81082
-10.279,-3.1683,6.4971,4.5214,-10.305,-3.4735,21.726,10.602,4.3427,-7.3208,-3.1207,0.87208
-9.7153,-3.7633,4.4404,4.6538,-8.9321,-4.3775,21.046,11.716,5.6938,-6.334,-2.8121,0.98946
-9.2715,-4.301,2.7514,4.7728,-7.7976,-5.2055,20.232,12.747,6.8847,-5.5441,-2.5259,1.0984
-9.0206,-4.7872,1.581,4.8788,-7.0553,-5.9824,19.336,13.674,7.9016,-4.9718,-2.2983,1.1567
-9.0095,-5.2429,0.96728,4.9911,-6.7774,-6.7287,18.402,14.492,8.7754,-4.5845,-2.1236,1.1543
-9.2029,-5.6798,0.80663,5.1101,-6.8997,-7.4551,17.466,15.224,9.5923,-4.2974,-1.9563,1.114
-9.4759,-6.0861,0.88429,5.2017,-7.2305,-8.1571,16.558,15.934,10.482,-3.9996,-1.727,1.0847
-9.6846,-6.4384,0.97397,5.2255,-7.5478,-8.8117,15.71,16.702,11.584,-3.5952,-1.3649,1.1246
-9.7683,-6.7252,0.94392,5.1889,-7.7238,-9.3864,14.954,17.591,13.01,-3.039,-0.82221,1.2775
-9.7952,-6.9651,0.78952,5.1647,-7.7776,-9.8557,14.317,18.625,14.805,-2.3522,-0.091538,1.5528
-9.9044,-7.1985,0.58416,5.2551,-7.8255,-10.217,13.813,19.795,16.937,-1.6127,0.78866,1.9175
-10.187,-7.4593,0.39908,5.5138,-7.9693,-10.494,13.433,21.09,19.304,-0.92526,1.7457,2.3074
-10.601,-7.7481,0.24592,5.8951,-8.2059,-10.731,13.157,22.531,21.783,-0.37629,2.6942,2.6556
-10.984,-8.0299,0.072582,6.2648,-8.4273,-10.977,12.967,24.184,24.301,0.0090745,3.5724,2.9241
-11.152,-8.2645,-0.19383,6.4751,-8.5032,-11.271,12.865,26.147,26.894,0.28499,4.3771,3.1236
-11.015,-8.4373,-0.60011,6.4503,-8.3672,-11.635,12.884,28.519,29.717,0.56375,5.1794,3.3094
-10.614,-8.5756,-1.1584,6.2195,-8.0369,-12.079,13.071,31.376,33.003,0.97102,6.1095,3.5634
-10.06,-8.7272,-1.8785,5.8791,-7.5612,-12.61,13.469,34.772,37.002,1.6063,7.3209,3.9706
-9.4402,-8.9294,-2.8018,5.5243,-6.9508,-13.229,14.093,38.745,41.902,2.5268,8.9606,4.6037
-8.7777,-9.1808,-3.9898,5.2042,-6.163,-13.928,14.918,43.312,47.749,3.7528,11.16,5.5185
-8.0576,-9.4429,-5.4658,4.9228,-5.1564,-14.674,15.891,48.452,54.368,5.281,14.03,6.7558
-7.287,-9.6622,-7.1625,4.6725,-3.961,-15.412,16.946,54.084,61.397,7.0909,17.596,8.3395
-6.5157,-9.788,-8.9289,4.4474,-2.6879,-16.075,18.031,60.087,68.449,9.1483,21.742,10.259
-5.7925,-9.776,-10.596,4.2259,-1.4601,-16.601,19.124,66.373,75.3,11.422,26.186,12.444
-5.1019,-9.5783,-12.049,3.9438,-0.32789,-16.947,20.233,72.952,81.938,13.915,30.625,14.779
-4.349,-9.1441,-13.253,3.4965,0.74868,-17.091,21.387,79.919,88.483,16.694,34.915,17.151
-3.4255,-8.4317,-14.209,2.7834,1.8284,-17.024,22.613,87.35,95.046,19.884,39.113,19.542
-2.3073,-7.4245,-14.889,1.7653,2.8921,-16.741,23.921,95.186,101.64,23.636,43.378,22.026
-1.0926,-6.1375,-15.208,0.48882,3.8094,-16.234,25.299,103.21,108.19,28.068,47.849,24.721
0.059581,-4.6089,-15.065,-0.95421,4.4076,-15.505,26.715,111.16,114.59,33.209,52.54,27.723
1.0525,-2.8769,-14.421,-2.5007,4.5939,-14.573,28.125,118.87,120.8,38.965,57.336,31.046
1.9421,-0.96025,-13.351,-4.1786,4.4303,-13.478,29.483,126.29,126.88,45.13,62.069,34.609
2.9246,1.1423,-12.007,-6.1038,4.0984,-12.268,30.75,133.46,132.96,51.46,66.62,38.263
4.2216,3.4312,-10.55,-8.4076,3.7912,-10.981,31.917,140.42,139.18,57.766,70.985,41.877
5.9381,5.8765,-9.0977,-11.13,3.6233,-9.6411,33.002,147.11,145.62,63.964,75.266,45.391
8.0065,8.4105,-7.7336,-14.168,3.6283,-8.2672,34.035,153.42,152.28,70.047,79.59,48.828
10.298,10.951,-6.5619,-17.355,3.8486,-6.8937,35.025,159.27,159.07,76.034,84.051,52.262
12.822,13.446,-5.7469,-20.636,4.4244,-5.5766,35.948,164.61,165.83,81.93,88.672,55.779
15.786,15.898,-5.4757,-24.138,5.5615,-4.3831,36.757,169.47,172.38,87.707,93.394,59.437
19.417,18.347,-5.8527,-28.047,7.3747,-3.3675,37.405,173.92,178.56,93.3,98.099,63.239
23.722,20.823,-6.8143,-32.384,9.7531,-2.5506,37.884,178.04,184.27,98.637,102.65,67.124
28.395,23.312,-8.1438,-36.884,12.391,-1.9138,38.229,181.93,189.5,103.68,106.93,70.986
32.967,25.776,-9.5814,-41.15,14.964,-1.413,38.51,185.69,194.34,108.47,110.9,74.736
37.107,28.203,-10.939,-44.945,17.288,-0.9989,38.806,189.39,198.93,113.11,114.58,78.332
40.807,30.664,-12.15,-48.327,19.368,-0.63047,39.173,193.06,203.41,117.79,118.09,81.819
44.301,33.292,-13.229,-51.517,21.321,-0.27247,39.621,196.69,207.91,122.63,121.56,85.311
47.829,36.21,-14.208,-54.69,23.25,0.11755,40.115,200.18,212.53,127.71,125.15,88.952
51.447,39.45,-15.081,-57.875,25.151,0.59779,40.59,203.44,217.35,132.98,128.93,92.836
55.05,42.941,-15.812,-61.002,26.939,1.2389,40.977,206.42,222.44,138.33,132.89,96.981
58.523,46.581,-16.354,-64.019,28.541,2.1135,41.222,209.12,227.81,143.61,136.93,101.32
61.856,50.326,-16.666,-66.958,29.936,3.2873,41.294,211.58,233.37,148.7,140.91,105.76
65.083,54.189,-16.693,-69.883,31.113,4.8126,41.189,213.87,238.98,153.51,144.7,110.16
68.134,58.178,-16.339,-72.806,32.005,6.7227,40.928,216.01,244.41,158.02,148.28,114.43
70.806,62.246,-15.494,-75.652,32.479,9.02,40.551,217.97,249.46,162.26,151.67,118.49
72.926,66.312,-14.116,-78.336,32.445,11.657,40.094,219.74,253.98,166.27,154.95,122.31
74.547,70.322,-12.302,-80.862,31.969,14.516,39.562,221.27,257.91,170.13,158.21,125.91
75.989,74.27,-10.274,-83.357,31.305,17.425,38.908,222.54,261.27,173.87,161.5,129.37
77.657,78.198,-8.2785,-85.989,30.781,20.202,38.055,223.57,264.12,177.51,164.86,132.78
79.785,82.16,-6.4802,-88.851,30.604,22.748,36.917,224.36,266.5,181.03,168.24,136.19
82.294,86.207,-4.9021,-91.899,30.734,25.109,35.438,224.95,268.46,184.37,171.56,139.64
84.893,90.376,-3.4546,-95.011,30.954,27.472,33.604,225.35,270.05,187.47,174.76,143.11
87.321,94.695,-2.0299,-98.096,31.072,30.099,31.433,225.58,271.34,190.32,177.83,146.64
89.545,99.16,-0.61247,-101.16,31.081,33.217,28.966,225.67,272.38,192.92,180.85,150.24
91.757,103.7,0.67495,-104.3,31.155,36.897,26.24,225.62,273.22,195.33,183.89,153.89
94.213,108.19,1.6323,-107.62,31.526,40.978,23.283,225.44,273.88,197.57,187.07,157.59
97.023,112.46,2.1048,-111.17,32.335,45.097,20.101,225.09,274.33,199.65,190.43,161.37
100.08,116.46,2.0799,-114.84,33.545,48.903,16.695,224.5,274.56,201.53,193.98,165.32
103.17,120.23,1.7149,-118.5,34.972,52.268,13.061,223.65,274.53,203.16,197.65,169.52
106.12,123.91,1.2979,-122.05,36.382,55.279,9.2076,222.47,274.2,204.46,201.33,173.99
108.85,127.61,1.1629,-125.5,37.581,58.088,5.1623,220.95,273.53,205.4,204.89,178.66
111.35,131.4,1.5968,-128.91,38.426,60.805,0.97519,219.06,272.45,205.94,208.22,183.38
113.59,135.26,2.771,-132.26,38.808,63.489,-3.2795,216.78,270.82,206.08,211.21,187.97
115.49,139.1,4.6964,-135.44,38.657,66.156,-7.5091,214.06,268.46,205.81,213.82,192.26
117.03,142.77,7.2033,-138.34,37.995,68.768,-11.613,210.83,265.16,205.15,216.07,196.18
118.23,146.15,9.9634,-140.91,36.983,71.254,-15.502,207.05,260.78,204.09,217.99,199.69
119.16,149.13,12.575,-143.13,35.896,73.54,-19.106,202.64,255.34,202.6,219.59,202.76
119.88,151.65,14.69,-144.99,35.002,75.571,-22.387,197.55,249.12,200.57,220.78,205.2
120.36,153.66,16.125,-146.42,34.424,77.322,-25.343,191.67,242.52,197.85,221.32,206.69
120.47,155.09,16.909,-147.31,34.055,78.762,-28.005,184.83,235.79,194.23,220.89,206.89
120.07,155.86,17.253,-147.51,33.61,79.81,-30.43,176.78,228.89,189.54,219.2,205.6
119.01,155.84,17.442,-146.9,32.794,80.303,-32.675,167.26,221.59,183.65,216.12,202.85
117.21,154.88,17.7,-145.39,31.469,80.056,-34.775,156.07,213.54,176.57,211.71,198.81
114.68,152.77,18.1,-142.99,29.69,79.003,-36.725,143.21,204.46,168.39,206.19,193.71
111.48,149.45,18.557,-139.78,27.635,77.257,-38.484,128.86,194.24,159.3,199.81,187.72
107.69,145.06,18.885,-135.81,25.484,75.007,-39.992,113.28,183,149.55,192.76,180.9
103.36,139.94,18.895,-131.1,23.36,72.406,-41.202,96.665,170.98,139.34,185.12,173.23
98.52,134.44,18.47,-125.65,21.329,69.553,-42.101,79.27,158.44,128.85,176.87,164.65
93.223,128.77,17.596,-119.53,19.439,66.516,-42.716,61.629,145.58,118.22,167.97,155.27
87.553,123.06,16.366,-112.94,17.709,63.336,-43.107,44.61,132.54,107.54,158.53,145.42
81.592,117.31,14.962,-106.15,16.077,60.038,-43.34,29.084,119.41,96.885,148.73,135.47
75.316,111.46,13.645,-99.363,14.368,56.645,-43.471,15.484,106.24,86.227,138.74,125.71
68.594,105.41,12.69,-92.611,12.376,53.182,-43.532,3.7084,93.009,75.449,128.69,116.2
61.345,99.069,12.278,-85.866,10.011,49.659,-43.537,-6.6453,79.64,64.334,118.65,106.93
53.725,92.372,12.414,-79.137,7.3897,46.062,-43.489,-16.014,65.99,52.68,108.62,97.856
46.117,85.347,12.921,-72.532,4.7693,42.358,-43.391,-24.724,52.014,40.643,98.685,88.974
38.908,78.12,13.532,-66.215,2.3941,38.543,-43.241,-32.962,38.092,28.99,89.007,80.316
32.272,70.833,14.036,-60.237,0.37333,34.668,-43.035,-40.798,25.116,18.693,79.797,71.952
26.118,63.549,14.367,-54.416,-1.3484,30.859,-42.761,-48.238,13.968,10.258,71.193,63.965
20.246,56.243,14.576,-48.402,-2.931,27.271,-42.403,-55.269,4.9641,3.606,63.16,56.395
14.587,48.951,14.733,-41.869,-4.522,24.013,-41.95,-61.883,-2.1601,-1.6306,55.499,49.22
9.289,41.92,14.848,-34.767,-6.1643,21.102,-41.4,-68.084,-7.9325,-5.87,47.916,42.336
4.5718,35.48,14.864,-27.492,-7.7879,18.478,-40.767,-73.904,-12.861,-9.4813,40.178,35.53
0.56777,29.797,14.694,-20.725,-9.2659,16.048,-40.082,-79.405,-17.307,-12.74,32.395,28.571
-2.6917,24.816,14.261,-14.967,-10.472,13.722,-39.387,-84.679,-21.476,-15.813,25.177,21.613
-5.2157,20.377,13.506,-10.327,-11.305,11.427,-38.727,-89.823,-25.461,-18.766,19.173,15.473
-7.0114,16.338,12.382,-6.695,-11.686,9.1132,-38.139,-94.908,-29.282,-21.598,14.541,10.82
-8.0889,12.629,10.87,-3.917,-11.57,6.7646,-37.642,-99.945,-32.914,-24.26,11.054,7.5433
-8.5138,9.2415,9.0093,-1.8467,-10.976,4.4,-37.236,-104.9,-36.312,-26.703,8.4279,5.2145
-8.4705,6.1824,6.9355,-0.3116,-10.042,2.068,-36.898,-109.69,-39.446,-28.905,6.4347,3.5057
-8.2671,3.4354,4.8589,0.90349,-9.0227,-0.16802,-36.592,-114.23,-42.315,-30.89,4.9014,2.2054
-8.2424,0.95926,2.9959,2.0189,-8.2106,-2.2514,-36.276,-118.49,-44.953,-32.713,3.6845,1.1565
-8.6199,-1.2859,1.4838,3.1848,-7.7987,-4.1495,-35.911,-122.43,-47.41,-34.425,2.6626,0.23123
-9.4042,-3.3105,0.33581,4.4238,-7.7883,-5.8545,-35.471,-125.98,-49.707,-36.033,1.7386,-0.66403
-10.391,-5.0874,-0.52661,5.6359,-8.0153,-7.3661,-34.937,-129.11,-51.832,-37.494,0.85168,-1.5807
-11.305,-6.5767,-1.1864,6.6741,-8.286,-8.6731,-34.297,-131.78,-53.753,-38.737,-0.020774,-2.5318
-11.973,-7.7613,-1.6581,7.4456,-8.5111,-9.7516,-33.532,-134.03,-55.45,-39.717,-0.8715,-3.5049
-12.41,-8.6708,-1.8855,7.9653,-8.7332,-10.58,-32.62,-135.93,-56.945,-40.452,-1.6857,-4.4767
-12.751,-9.3747,-1.8038,8.3321,-9.0512,-11.157,-31.545,-137.57,-58.293,-41.034,-2.4651,-5.4245
-13.128,-9.9556,-1.4159,8.6582,-9.5192,-11.522,-30.307,-139.01,-59.557,-41.595,-3.2375,-6.3354
-13.597,-10.482,-0.81886,9.0152,-10.102,-11.744,-28.925,-140.23,-60.763,-42.248,-4.0458,-7.2049
-14.145,-11.002,-0.16107,9.4308,-10.716,-11.902,-27.429,-141.18,-61.911,-43.057,-4.9269,-8.0343
-14.752,-11.55,0.43257,9.9203,-11.301,-12.067,-25.85,-141.84,-62.985,-44.03,-5.8975,-8.8328
-15.434,-12.151,0.90614,10.506,-11.862,-12.278,-24.207,-142.19,-63.977,-45.136,-6.9568,-9.6223
-16.212,-12.819,1.2571,11.199,-12.43,-12.544,-22.506,-142.26,-64.892,-46.328,-8.0934,-10.431
-17.048,-13.539,1.482,11.961,-12.995,-12.863,-20.739,-142.08,-65.739,-47.545,-9.2866,-11.271
-17.816,-14.273,1.5358,12.698,-13.47,-13.233,-18.901,-141.69,-66.506,-48.714,-10.499,-12.122
-18.353,-14.984,1.344,13.299,-13.732,-13.66,-16.985,-141.09,-67.157,-49.75,-11.675,-12.92
-18.576,-15.668,0.85449,13.717,-13.708,-14.16,-14.992,-140.3,-67.658,-50.593,-12.745,-13.584
-18.548,-16.371,0.07757,14.01,-13.429,-14.746,-12.932,-139.35,-68.004,-51.221,-13.658,-14.043
-18.443,-17.164,-0.92323,14.309,-13.005,-15.432,-10.832,-138.33,-68.23,-51.661,-14.396,-14.272
-18.42,-18.093,-2.0807,14.728,-12.535,-16.22,-8.7343,-137.28,-68.401,-51.971,-14.989,-14.302
-18.524,-19.142,-3.36,15.288,-12.04,-17.092,-6.6961,-136.24,-68.562,-52.208,-15.489,-14.207
-18.674,-20.229,-4.7422,15.912,-11.471,-18.006,-4.7673,-135.16,-68.722,-52.404,-15.943,-14.074
-18.76,-21.249,-6.1721,16.486,-10.787,-18.897,-2.9744,-134.02,-68.877,-52.567,-16.37,-13.982
-18.737,-22.126,-7.5369,16.942,-10.022,-19.699,-1.3176,-132.83,-69.018,-52.686,-16.759,-13.977
-18.657,-22.839,-8.7037,17.283,-9.2806,-20.364,0.21643,-131.61,-69.146,-52.757,-17.079,-14.068
-18.603,-23.411,-9.5838,17.552,-8.6648,-20.877,1.6388,-130.46,-69.26,-52.778,-17.303,-14.221
-18.616,-23.879,-10.167,17.784,-8.2185,-21.253,2.9523,-129.43,-69.339,-52.755,-17.41,-14.368
-18.678,-24.258,-10.494,17.98,-7.9344,-21.517,4.1571,-128.55,-69.333,-52.683,-17.389,-14.437
-18.767,-24.542,-10.587,18.129,-7.8109,-21.681,5.2598,-127.76,-69.194,-52.554,-17.247,-14.382
-18.911,-24.715,-10.412,18.245,-7.8974,-21.734,6.2758,-127.02,-68.913,-52.369,-17.016,-14.217
-19.196,-24.762,-9.8895,18.368,-8.2776,-21.649,7.2248,-126.29,-68.511,-52.133,-16.753,-14.017
-19.69,-24.675,-8.9688,18.531,-8.9974,-21.401,8.1284,-125.52,-68.017,-51.84,-16.517,-13.881
-20.358,-24.442,-7.7021,18.717,-9.9906,-20.989,9.0206,-124.63,-67.408,-51.456,-16.346,-13.89
-21.047,-24.061,-6.2636,18.853,-11.072,-20.45,9.9626,-123.49,-66.588,-50.903,-16.24,-14.065
-21.569,-23.563,-4.8909,18.866,-12.016,-19.854,11.063,-121.86,-65.416,-50.112,-16.18,-14.377
-21.826,-23.027,-3.7847,18.749,-12.67,-19.284,12.495,-119.42,-63.763,-49.069,-16.154,-14.775
-21.875,-22.569,-3.0279,18.585,-13.022,-18.805,14.509,-115.83,-61.555,-47.834,-16.181,-15.226
-21.876,-22.289,-2.5706,18.494,-13.179,-18.449,17.414,-110.75,-58.755,-46.492,-16.313,-15.727
-21.961,-22.213,-2.2831,18.541,-13.265,-18.199,21.432,-104.1,-55.318,-45.06,-16.597,-16.292
-22.127,-22.256,-2.0382,18.668,-13.336,-18.001,25.574,-96.365,-51.166,-43.399,-17.006,-16.902
-22.231,-22.249,-1.7688,18.716,-13.351,-17.779,21.517,-88.887,-46.233,-41.19,-17.383,-17.467
-22.081,-22,-1.4783,18.504,-13.227,-17.456,7.0587,-84.226,-40.864,-38.008,-17.413,-17.812
-21.546,-21.356,-1.2169,17.923,-12.895,-16.96,4.1853,-85.472,-37.885,-33.588,-16.649,-17.693
-20.599,-20.23,-1.0481,16.977,-12.35,-16.226,7.6492,-89.603,-40.694,-29.433,-14.565,-16.774
-19.287,-18.586,-1.0018,15.749,-11.637,-15.176,15.843,-87.239,-37.687,-39.75,-11.01,-14.647
-17.727,-16.498,-1.0174,14.416,-10.841,-13.706,30.699,-75.909,-31.609,-44.847,-15.422,-13.695
-16.343,-16.13,-0.90149,14.238,-10.068,-11.962,54.549,-56.79,-24.431,-45.683,-23.084,-26.15
-17.393,-32.997,-0.34049,25.983,-9.4425,-12.288,87.967,-29.941,-13.512,-47.129,-32.29,-35.789
-32.494,-48.429,1.0244,40.526,-9.1003,-22.154,128.05,4.0705,4.9136,-46.151,-41.954,-46.535
-48.016,-53.163,3.5118,47.418,-9.2559,-30.793,168.79,43.627,32.384,-38.527,-47.979,-54.639
-53.476,-51.431,7.3192,49.551,-10.444,-26.675,202.83,88.564,70.505,-19,-45.329,-55.558
-54.143,-41.279,12.22,44.804,-13.523,-16.159,223.79,142.02,121.29,18.63,-28.623,-44.722
-47.514,-22.185,17.038,31.264,-17.48,-2.6653,229.14,196.13,193.2,80.092,6.7862,-19.055
-31.116,4.6814,21.009,8.0213,-18.349,12.804,220.56,248.63,288.27,168.4,64.358,23.028
-2.6914,38.578,24.838,-23.922,-12.331,31.477,202.37,308.38,404.2,285.36,146.3,82.684
36.589,80.603,28.68,-63.086,0.45909,55.137,179.45,379.21,543.92,433.76,252.73,160.95
83.385,131.94,32.857,-109.74,16.006,84.657,153.95,461.17,708.69,611.19,381.38,258.19
136.54,192.68,38.561,-164.97,33.147,120.05,123.65,549.01,890.92,809.33,527.62,373.02
194.66,262.13,47.425,-228.43,53.892,161.12,84.694,629.52,1072.1,1011.3,684.18,501.1
254.54,337.61,61.839,-296.9,77.828,206.34,34.17,682.62,1225.4,1191,840.1,634.02
311.44,413.84,83.64,-364.59,99.09,252.26,-28.863,686.36,1322.6,1320.9,979.2,759.4
359.61,483.42,109.61,-424.2,112.95,295.26,-101.07,622.29,1338.4,1380,1082.1,862.98
392.92,538.42,134.86,-468.79,117.98,331.02,-176.42,479.05,1254.7,1353.5,1131.8,931.58
406.32,573.29,159.36,-493.59,113.16,357.55,-247.74,256.27,1066.4,1235.5,1119.6,956.54
397.68,587.14,185.83,-497.28,97.106,375.92,-306.99,-32.019,785.57,1035.2,1048,936.73
368.96,583.43,216.01,-482.19,69.606,388.64,-348.19,-357.21,441.79,776.57,931.26,879.66
325.91,568.13,249.03,-453.62,32.879,398.08,-369.9,-681.14,78.147,493.79,791.02,799.09
276.3,547.23,280.08,-418.31,-9.3829,405.12,-374.27,-964.66,-258.72,222.85,650.05,710.12
227.41,523.85,302.55,-381.98,-46.286,407.95,-369.24,-1176.5,-530.86,-7.6505,525.06,624.48
183.73,497.5,312.63,-346.73,-67.718,402.58,-363.8,-1299.7,-718,-183.65,422.23,547.3
145.92,465.62,309.6,-311.21,-79.806,385.48,-360.72,-1332.1,-819.81,-306.14,337.73,476.22
110.2,425.06,294.9,-272.87,-87.855,356.26,-359.29,-1285.6,-851.29,-383.78,262.54,405.18
73.279,374.47,271.5,-228.72,-91.744,317.77,-356.86,-1193.1,-833.85,-427.75,189.54,331.04
42.321,317.08,242.91,-181.43,-92.165,274.4,-349.81,-1089.2,-788.37,-451,118.22,256.16
17.858,258.39,212.36,-137.68,-90.266,230.59,-336.24,-985.25,-731.07,-462.21,53.79,185.59
-2.1567,203.38,182.3,-99.424,-85.165,189.83,-314.07,-884.88,-669.06,-462.07,1.4155,124.55
-18.116,155.1,154.48,-66.661,-76.467,153.89,-282.76,-791.01,-604.77,-448.89,-36.462,75.536
-29.781,114.46,130.05,-39.643,-68.652,122.88,-244.19,-702.63,-537.75,-423.61,-60.603,38.399
-35.422,81.196,109.39,-18.794,-62.601,96.078,-201.47,-615.44,-462.83,-388.8,-74.217,11.644
-32.013,54.795,92.069,-4.0743,-57.155,73.018,-158.4,-528.33,-384.49,-345.9,-79.251,-6.4511
-22.138,35.259,77.023,4.9156,-52.066,53.828,-118.31,-445.11,-311.88,-300.06,-75.935,-16.946
-16.533,22.795,63.336,8.4124,-47.16,38.665,-83.705,-366.19,-242.22,-253.95,-63.315,-20.748
-14.809,16.776,51.376,4.4347,-42.235,28.005,-56.666,-290.43,-178.31,-209.75,-21.554,-18.846
-14.316,17.347,40.843,-4.6909,-37.219,22.319,-37.951,-220.21,-127.21,-169.2,-6.2294,-8.6826
-13.972,27.454,32.692,-5.0247,-32.057,21.534,-26.453,-161.37,-89.432,-133.54,-6.1669,8.9623
-13.287,30.657,27.586,-1.7768,-26.704,26.498,-20.275,-117.85,-62.22,-103.99,-6.3981,7.9889
-12.123,24.08,25.464,-0.091397,-21.355,28.07,-17.796,-89.436,-45.075,-81.46,-6.0299,4.413
-10.668,16.675,24.213,0.61847,-16.546,23.771,-19.301,-73.139,-37.037,-66.646,-5.6143,2.3047
-9.3194,11.426,20.772,0.9728,-12.895,17.916,-24.921,-64.978,-35.452,-59.579,-5.3883,0.96883
-8.5134,7.8915,16.598,1.3347,-10.76,12.755,-24.771,-62.382,-37.521,-59.073,-5.1835,0.048719
-8.6115,5.3663,13.549,1.9291,-10.127,8.6826,-20.593,-65.764,-38.644,-63.478,-4.9071,-0.68981
-9.7596,3.4157,11.63,2.8991,-10.663,5.529,-16.253,-63.739,-32.17,-65.329,-4.6489,-1.413
-11.729,1.7876,10.297,4.2668,-11.803,3.0737,-12.445,-56.374,-26.827,-58.397,-4.5497,-2.2361
-13.964,0.33752,9.1208,5.8766,-12.916,1.1368,-9.1736,-49.587,-23.743,-50.162,-4.7131,-3.2312
-15.819,-0.99693,7.8151,7.4245,-13.496,-0.42785,-6.3174,-44.48,-22.373,-43.814,-5.181,-4.4132
-16.741,-2.2143,6.1421,8.5541,-13.205,-1.7401,-3.7455,-40.881,-22.192,-39.185,-5.9207,-5.7191
-16.34,-3.2803,3.9125,8.9752,-11.747,-2.8913,-1.3444,-38.353,-22.748,-35.669,-6.8337,-7.0252
-14.413,-4.1639,1.1234,8.5594,-8.9181,-3.9418,0.96843,-36.439,-23.67,-32.754,-7.7986,-8.2045
-11.169,-4.8624,-1.8976,7.4064,-5.0098,-4.9221,3.2357,-34.756,-24.691,-30.081,-8.7189,-9.1836
-7.4327,-5.4021,-4.5626,5.8674,-1.0106,-5.8353,5.4582,-33.04,-25.641,-27.44,-9.5458,-9.9665
-4.3352,-5.8248,-6.313,4.4409,1.9156,-6.664,7.6066,-31.143,-26.426,-24.74,-10.271,-10.619
-2.6774,-6.1674,-6.8667,3.5373,3.0956,-7.3935,9.6418,-29.015,-26.986,-21.972,-10.901,-11.218
-2.7029,-6.45,-6.2645,3.3178,2.3995,-8.0355,11.533,-26.668,-27.259,-19.163,-11.422,-11.791
-4.3738,-6.6777,-4.841,3.7615,-0.0037632,-8.6243,13.267,-24.145,-27.18,-16.36,-11.801,-12.289
-7.3334,-6.8533,-3.1976,4.7529,-3.4485,-9.1942,14.853,-21.504,-26.707,-13.633,-11.997,-12.62
-10.649,-6.9863,-2.0114,6.0287,-6.714,-9.7604,16.307,-18.812,-25.857,-11.059,-11.991,-12.703
-13.171,-7.0944,-1.7479,7.1991,-8.6376,-10.319,17.645,-16.144,-24.732,-8.7158,-11.799,-12.513
-14.23,-7.201,-2.5509,7.9357,-8.7445,-10.858,18.865,-13.586,-23.495,-6.6672,-11.486,-12.101
-13.848,-7.3335,-4.3307,8.1074,-7.2394,-11.369,19.949,-11.218,-22.323,-4.9622,-11.161,-11.587
-12.309,-7.5213,-6.8379,7.7394,-4.5197,-11.851,20.877,-9.0969,-21.344,-3.6317,-10.95,-11.125
-9.797,-7.7887,-9.6868,6.9303,-0.97555,-12.32,21.631,-7.2362,-20.599,-2.6746,-10.953,-10.85
-6.6205,-8.1474,-12.452,5.8417,2.8357,-12.798,22.206,-5.5887,-20.04,-2.0405,-11.21,-10.839
-3.4001,-8.5909,-14.822,4.7006,6.2294,-13.316,22.603,-4.0542,-19.556,-1.6287,-11.692,-11.093
-0.80187,-9.0962,-16.673,3.7439,8.7267,-13.905,22.828,-2.5044,-19.013,-1.3132,-12.314,-11.542
0.78779,-9.6308,-18.022,3.137,10.219,-14.579,22.89,-0.81338,-18.305,-0.98018,-12.961,-12.072
1.2752,-10.16,-18.94,2.9457,10.777,-15.333,22.808,1.1197,-17.372,-0.55805,-13.529,-12.56
0.70691,-10.651,-19.524,3.1714,10.472,-16.135,22.614,3.3509,-16.208,-0.030846,-13.95,-12.909
-0.74623,-11.077,-19.901,3.7765,9.4849,-16.936,22.346,5.9009,-14.849,0.57042,-14.205,-13.078
-2.7015,-11.419,-20.191,4.6577,8.2276,-17.685,22.04,8.7445,-13.355,1.181,-14.318,-13.086
-4.616,-11.666,-20.455,5.625,7.2071,-18.335,21.724,11.811,-11.791,1.7246,-14.34,-12.987
-6.0019,-11.822,-20.727,6.4495,6.7283,-18.862,21.416,15.004,-10.218,2.1388,-14.326,-12.853
-6.615,-11.905,-21.109,6.9467,6.8314,-19.261,21.127,18.199,-8.675,2.4015,-14.311,-12.739
-6.4624,-11.944,-21.775,7.0198,7.4816,-19.553,20.871,21.289,-7.1745,2.5457,-14.294,-12.67
-5.6132,-11.972,-22.879,6.646,8.6916,-19.771,20.662,24.208,-5.698,2.6529,-14.236,-12.623
-4.06,-12.013,-24.475,5.8537,10.492,-19.952,20.515,26.977,-4.1958,2.8134,-14.074,-12.532
-1.8382,-12.082,-26.45,4.7265,12.842,-20.124,20.439,29.699,-2.5946,3.0966,-13.747,-12.309
0.80883,-12.177,-28.542,3.4176,15.53,-20.305,20.433,32.533,-0.79691,3.536,-13.222,-11.866
3.4275,-12.282,-30.441,2.137,18.151,-20.497,20.486,35.667,1.2986,4.13,-12.5,-11.153
5.5116,-12.377,-31.904,1.1104,20.258,-20.687,20.584,39.294,3.8186,4.8672,-11.611,-10.167
6.6744,-12.433,-32.775,0.5185,21.532,-20.854,20.716,43.581,6.9107,5.7358,-10.599,-8.9584
6.7255,-12.427,-32.955,0.45699,21.795,-20.974,20.881,48.646,10.733,6.7298,-9.5123,-7.619
5.6842,-12.349,-32.405,0.92263,21.004,-21.031,21.087,54.55,15.421,7.8514,-8.3916,-6.2522
3.7965,-12.2,-31.197,1.8103,19.32,-21.017,21.342,61.215,21.034,9.1183,-7.262,-4.9417
1.5122,-11.994,-29.542,2.9251,17.153,-20.935,21.65,68.437,27.504,10.581,-6.1189,-3.7157
-0.65455,-11.743,-27.767,4.025,15.017,-20.79,22.008,75.908,34.632,12.309,-4.9238,-2.5269
-2.3215,-11.457,-26.236,4.8846,13.307,-20.581,22.398,83.284,42.171,14.389,-3.6199,-1.2693
-3.3337,-11.137,-25.231,5.3427,12.216,-20.305,22.789,90.256,49.837,16.901,-2.1608,0.1678
-3.6587,-10.772,-24.853,5.3131,11.807,-19.955,23.136,96.634,57.383,19.884,-0.52929,1.8495
-3.222,-10.345,-24.993,4.7812,12.075,-19.523,23.396,102.35,64.643,23.301,1.2646,3.7827
-1.9821,-9.8343,-25.385,3.8094,12.906,-19.001,23.54,107.46,71.568,27.029,3.1989,5.9365
-0.14527,-9.2155,-25.728,2.5373,14.035,-18.391,23.569,112.16,78.221,30.912,5.2456,8.2638
1.8665,-8.4654,-25.816,1.1376,15.13,-17.71,23.502,116.66,84.751,34.845,7.3732,10.708
3.6773,-7.5595,-25.613,-0.25229,15.96,-16.986,23.366,121.19,91.325,38.827,9.566,13.216
5.1535,-6.4707,-25.199,-1.5775,16.517,-16.247,23.173,125.91,98.077,42.956,11.867,15.802
6.3733,-5.1658,-24.655,-2.8684,16.902,-15.506,22.919,130.85,105.06,47.359,14.418,18.603
7.4891,-3.6065,-23.99,-4.2255,17.131,-14.746,22.589,135.92,112.19,52.121,17.457,21.873
8.7047,-1.754,-23.167,-5.8253,17.145,-13.933,22.179,140.92,119.3,57.219,21.266,25.871
10.324,0.4192,-22.176,-7.9163,16.982,-13.022,21.695,145.65,126.11,62.491,26.069,30.674
12.601,2.9166,-21.104,-10.704,16.839,-11.982,21.154,149.91,132.43,67.692,31.84,36.013
15.475,5.702,-20.145,-14.158,16.969,-10.797,20.569,153.6,138.12,72.566,38.16,41.319
18.619,8.6898,-19.529,-17.977,17.575,-9.4682,19.947,156.68,143.15,76.94,44.365,46.058
21.754,11.755,-19.399,-21.792,18.757,-8.0017,19.278,159.17,147.57,80.771,49.965,50.014
24.813,14.778,-19.729,-25.38,20.513,-6.399,18.548,161.11,151.55,84.152,54.855,53.274
27.857,17.704,-20.316,-28.718,22.74,-4.6521,17.738,162.63,155.26,87.262,59.219,56.101
30.877,20.583,-20.865,-31.923,25.215,-2.7465,16.828,163.85,158.89,90.289,63.355,58.817
33.721,23.571,-21.098,-35.156,27.57,-0.67002,15.787,164.89,162.58,93.385,67.54,61.72
36.274,26.895,-20.798,-38.594,29.379,1.5789,14.582,165.88,166.38,96.613,71.945,65
38.677,30.812,-19.83,-42.433,30.334,3.9897,13.177,166.91,170.29,99.95,76.594,68.696
41.264,35.55,-18.141,-46.781,30.358,6.5456,11.542,168.05,174.28,103.33,81.383,72.698
44.207,41.192,-15.758,-51.388,29.488,9.2365,9.6505,169.32,178.31,106.7,86.146,76.807
47.15,47.523,-12.801,-55.637,27.75,12.073,7.486,170.69,182.31,110.06,90.735,80.817
49.359,54.049,-9.4835,-59.092,25.269,15.102,5.035,172.07,186.19,113.45,95.078,84.591
50.448,60.311,-6.0744,-61.915,22.438,18.417,2.2896,173.35,189.87,116.9,99.205,88.104
50.831,66.191,-2.8198,-64.6,19.805,22.145,-0.75012,174.37,193.25,120.46,103.23,91.442
51.321,71.828,0.11834,-67.503,17.817,26.42,-4.0735,175.03,196.28,124.13,107.31,94.766
52.612,77.38,2.6615,-70.737,16.693,31.297,-7.6577,175.24,198.89,127.86,111.56,98.253
55.084,82.913,4.7411,-74.335,16.494,36.659,-11.465,174.96,201.09,131.56,116.02,102.03
58.791,88.426,6.2341,-78.362,17.193,42.186,-15.442,174.23,202.9,135.12,120.63,106.1
63.434,93.918,7.0858,-82.827,18.663,47.525,-19.518,173.16,204.38,138.48,125.23,110.4
68.459,99.397,7.6035,-87.592,20.565,52.506,-23.616,171.88,205.65,141.62,129.65,114.76
73.284,104.87,8.5084,-92.427,22.275,57.177,-27.659,170.56,206.84,144.61,133.76,119.03
77.478,110.34,10.476,-97.112,23.157,61.668,-31.581,169.37,208.07,147.55,137.57,123.12
80.735,115.78,13.583,-101.43,22.917,66.078,-35.326,168.4,209.4,150.57,141.16,127.03
82.681,121.14,17.509,-105.1,21.479,70.442,-38.842,167.63,210.85,153.75,144.71,130.84
82.993,126.41,22.065,-107.98,18.8,74.726,-42.085,166.93,212.33,157.09,148.4,134.61
81.895,131.55,27.032,-110.34,15.123,78.846,-45.024,166.1,213.69,160.47,152.28,138.4
80.263,136.53,31.97,-112.79,11.138,82.696,-47.652,164.87,214.73,163.7,156.29,142.19
79.086,141.23,36.377,-115.73,7.661,86.166,-49.991,162.97,215.27,166.52,160.25,145.93
78.876,145.45,39.865,-118.98,5.2367,89.157,-52.071,160.13,215.18,168.67,163.96,149.51
79.614,148.94,42.178,-122.03,4.0786,91.579,-53.903,156.1,214.43,169.95,167.27,152.87
81.205,151.54,43.192,-124.5,4.2086,93.357,-55.463,150.62,213.05,170.24,170.22,156.06
83.62,153.16,42.95,-126.36,5.5165,94.426,-56.696,143.46,211.02,169.46,172.98,159.23
86.496,153.79,41.669,-127.7,7.6744,94.745,-57.536,134.57,208.19,167.55,175.64,162.41
88.986,153.42,39.713,-128.4,10.081,94.319,-57.936,124.11,204.28,164.39,177.69,164.92
90.227,152.1,37.525,-128.19,12.038,93.219,-57.893,112.55,199.06,159.87,177.82,165.31
89.797,149.91,35.512,-126.83,13.117,91.574,-57.45,100.44,192.54,154.02,175.02,162.49
87.739,146.98,33.912,-124.29,13.24,89.529,-56.691,88.272,184.89,147.02,169.67,156.83
84.278,143.44,32.783,-120.64,12.404,87.199,-55.713,76.334,176.33,139.08,162.84,149.67
79.593,139.35,32.134,-116.02,10.644,84.664,-54.596,64.718,166.98,130.33,155.24,142.04
73.881,134.76,31.842,-110.61,8.2518,81.97,-53.379,53.44,156.88,120.83,147.13,134.24
67.553,129.69,31.567,-104.61,5.7498,79.15,-52.059,42.531,146.07,110.67,138.52,126.22
61.233,124.22,30.99,-98.291,3.5777,76.22,-50.62,32.056,134.6,100.01,129.4,117.92
55.416,118.5,29.977,-91.99,1.9253,73.178,-49.056,22.106,122.61,89.09,119.91,109.43
50.251,112.65,28.5,-86.056,0.87481,70,-47.392,12.771,110.25,78.107,110.23,100.93
45.595,106.72,26.614,-80.711,0.45558,66.645,-45.676,4.1189,97.643,67.052,100.63,92.638
41.035,100.62,24.496,-75.895,0.50012,63.051,-43.957,-3.8375,84.788,55.706,91.311,84.661
36.064,94.173,22.432,-71.268,0.64632,59.139,-42.268,-11.161,71.52,43.815,82.369,76.975
30.581,87.291,20.674,-66.365,0.55008,54.845,-40.62,-17.965,57.589,31.474,73.751,69.493
25.072,79.997,19.311,-60.818,0.054488,50.16,-39.003,-24.351,43.146,19.453,65.314,62.146
20.04,72.448,18.218,-54.538,-0.79721,45.162,-37.399,-30.356,29.346,8.8797,56.884,54.935
15.647,64.871,17.109,-47.754,-1.8111,40.008,-35.781,-35.953,17.742,0.31849,48.306,47.906
11.917,57.494,15.673,-40.963,-2.6991,34.871,-34.13,-41.094,8.8717,-6.5275,39.551,41.068
8.8855,50.484,13.706,-34.762,-3.1785,29.885,-32.439,-45.755,2.2122,-12.272,30.905,34.38
6.5834,43.885,11.2,-29.489,-3.0811,25.118,-30.715,-49.957,-2.9776,-17.386,22.985,27.895
4.9772,37.624,8.2903,-25.028,-2.3835,20.583,-28.982,-53.757,-7.2304,-22.133,16.297,21.855
3.9166,31.578,5.1706,-20.981,-1.1997,16.264,-27.271,-57.223,-10.865,-26.657,10.881,16.506
3.1157,25.656,2.0709,-16.974,0.18685,12.141,-25.612,-60.419,-14.079,-31.064,6.4899,11.919
2.222,19.859,-0.75069,-12.871,1.3563,8.2042,-24.035,-63.401,-17.01,-35.446,2.8641,8.058
0.95815,14.281,-3.071,-8.8033,1.9265,4.4575,-22.558,-66.207,-19.766,-39.883,-0.1827,4.8719
-0.77711,9.0567,-4.7856,-5.0083,1.7237,0.91174,-21.19,-68.854,-22.41,-44.421,-2.8026,2.2761
-2.8952,4.3016,-5.96,-1.6473,0.83261,-2.4209,-19.932,-71.328,-24.955,-49.045,-5.1351,0.1299
-5.1551,0.071797,-6.818,1.2335,-0.4411,-5.528,-18.775,-73.596,-27.361,-53.661,-7.28,-1.7145
-7.2538,-3.6503,-7.6493,3.6436,-1.6877,-8.397,-17.702,-75.623,-29.571,-58.109,-9.277,-3.3588
-8.9656,-6.9438,-8.6844,5.629,-2.5737,-11.023,-16.691,-77.397,-31.546,-62.207,-11.113,-4.85
-10.233,-9.9234,-10.029,7.2856,-2.9639,-13.417,-15.722,-78.948,-33.296,-65.814,-12.758,-6.2018
-11.127,-12.705,-11.686,8.739,-2.8963,-15.618,-14.783,-80.332,-34.875,-68.863,-14.2,-7.4168
-11.736,-15.367,-13.622,10.089,-2.4665,-17.676,-13.881,-81.596,-36.356,-71.355,-15.457,-8.5015
-12.107,-17.932,-15.796,11.373,-1.7486,-19.65,-13.037,-82.758,-37.795,-73.327,-16.568,-9.4691
-12.278,-20.374,-18.158,12.576,-0.80967,-21.583,-12.28,-83.802,-39.207,-74.817,-17.575,-10.338
-12.319,-22.657,-20.614,13.677,0.24017,-23.502,-11.632,-84.701,-40.575,-75.854,-18.503,-11.13
-12.352,-24.77,-23.04,14.696,1.247,-25.411,-11.1,-85.447,-41.87,-76.468,-19.363,-11.87
-12.495,-26.737,-25.331,15.68,2.0816,-27.287,-10.674,-86.053,-43.074,-76.69,-20.152,-12.577
-12.786,-28.59,-27.448,16.652,2.7227,-29.088,-10.321,-86.532,-44.182,-76.549,-20.852,-13.253
-13.127,-30.329,-29.417,17.566,3.2788,-30.768,-9.9814,-86.875,-45.195,-76.053,-21.427,-13.865
-13.341,-31.908,-31.275,18.322,3.9095,-32.282,-9.5824,-87.048,-46.115,-75.188,-21.828,-14.36
-13.293,-33.255,-32.996,18.833,4.6927,-33.589,-9.0544,-87.016,-46.958,-73.935,-22.003,-14.677
-12.998,-34.306,-34.454,19.084,5.5463,-34.63,-8.3515,-86.768,-47.737,-72.293,-21.92,-14.787
-12.605,-35.032,-35.457,19.145,6.2613,-35.333,-7.4613,-86.319,-48.467,-70.29,-21.586,-14.704
-12.3,-35.418,-35.827,19.105,6.6212,-35.643,-6.4074,-85.692,-49.135,-67.981,-21.039,-14.474
-12.196,-35.445,-35.491,19.017,6.5206,-35.539,-5.2313,-84.912,-49.688,-65.404,-20.338,-14.15
-12.303,-35.095,-34.497,18.881,5.9892,-35.038,-3.9737,-83.971,-50.045,-62.588,-19.534,-13.777
-12.577,-34.379,-32.97,18.688,5.1195,-34.177,-2.6587,-82.866,-50.139,-59.56,-18.66,-13.38
-12.989,-33.369,-31.029,18.46,3.9805,-33.005,-1.2858,-81.619,-49.947,-56.368,-17.737,-12.977
-13.549,-32.18,-28.749,18.259,2.5941,-31.585,0.16538,-80.276,-49.515,-53.094,-16.775,-12.575
-14.253,-30.924,-26.182,18.127,0.98639,-29.991,1.7222,-78.869,-48.913,-49.832,-15.778,-12.177
-15.018,-29.653,-23.407,18.029,-0.74182,-28.295,3.3965,-77.423,-48.196,-46.668,-14.755,-11.773
-15.674,-28.349,-20.549,17.854,-2.4086,-26.553,5.1732,-75.953,-47.385,-43.678,-13.72,-11.355
-16.049,-26.97,-17.744,17.479,-3.8314,-24.799,7.0171,-74.455,-46.481,-40.931,-12.694,-10.921
-16.085,-25.5,-15.071,16.86,-4.9316,-23.056,8.8928,-72.945,-45.482,-38.498,-11.712,-10.491
-15.894,-23.986,-12.543,16.086,-5.7746,-21.341,10.782,-71.464,-44.413,-36.438,-10.812,-10.099
-15.714,-22.528,-10.15,15.352,-6.5134,-19.679,12.686,-70.063,-43.31,-34.778,-10.026,-9.7854
-15.78,-21.228,-7.9102,14.855,-7.282,-18.103,14.621,-68.778,-42.214,-33.5,-9.3703,-9.5797
-16.205,-20.147,-5.8681,14.698,-8.1293,-16.643,16.598,-67.614,-41.152,-32.531,-8.8359,-9.4825
-16.951,-19.285,-4.0612,14.86,-9.038,-15.318,18.617,-66.566,-40.131,-31.774,-8.3902,-9.4642
-17.906,-18.605,-2.4693,15.24,-9.9878,-14.127,20.655,-65.626,-39.159,-31.144,-7.9909,-9.477
-18.966,-18.06,-1.0036,15.722,-10.995,-13.049,22.669,-64.834,-38.254,-30.615,-7.6076,-9.4742
-20.059,-17.605,0.45045,16.209,-12.096,-12.053,24.596,-64.251,-37.443,-30.226,-7.2383,-9.4282
-21.111,-17.197,1.9684,16.613,-13.29,-11.117,26.372,-63.929,-36.758,-30.047,-6.9104,-9.3386
-22.024,-16.79,3.5489,16.851,-14.514,-10.237,27.944,-63.883,-36.209,-30.146,-6.6653,-9.2274
-22.701,-16.35,5.1272,16.87,-15.665,-9.4181,29.3,-64.084,-35.788,-30.542,-6.5362,-9.1296
-23.122,-15.866,6.6225,16.688,-16.672,-8.6664,30.453,-64.467,-35.47,-31.21,-6.5342,-9.0822
-23.392,-15.359,7.9851,16.413,-17.554,-7.9709,31.427,-64.993,-35.229,-32.09,-6.6428,-9.1129
-23.678,-14.864,9.205,16.194,-18.395,-7.302,32.221,-65.653,-35.053,-33.103,-6.8226,-9.2289
-24.1,-14.391,10.279,16.123,-19.246,-6.6188,32.783,-66.471,-34.94,-34.174,-7.0235,-9.4106
-24.618,-13.901,11.176,16.169,-20.06,-5.8838,32.999,-67.487,-34.892,-35.245,-7.1975,-9.6138
-25.033,-13.311,11.838,16.182,-20.703,-5.0704,32.726,-68.748,-34.92,-36.277,-7.3082,-9.7819
-25.114,-12.542,12.245,15.982,-21.035,-4.1603,31.845,-70.267,-35.031,-37.25,-7.3345,-9.8666
-24.757,-11.555,12.466,15.466,-21.022,-3.1379,30.331,-71.994,-35.215,-38.145,-7.277,-9.851
-24.041,-10.375,12.66,14.66,-20.765,-1.9927,28.263,-73.814,-35.425,-38.94,-7.1655,-9.767
-23.148,-9.0813,13.002,13.678,-20.435,-0.73464,25.794,-75.483,-35.561,-39.593,-7.0619,-9.6939
-22.24,-7.7661,13.599,12.647,-20.175,0.59216,23.133,-76.608,-35.45,-40.05,-7.049,-9.7416
-21.397,-6.5081,14.441,11.649,-20.041,1.9126,20.624,-76.664,-34.863,-40.218,-7.2029,-10.015
-20.653,-5.3591,15.441,10.733,-20.026,3.1501,18.846,-75.121,-33.534,-39.961,-7.5548,-10.573
-20.066,-4.3457,16.536,9.9428,-20.148,4.2605,18.527,-71.662,-31.228,-39.106,-8.0561,-11.395
-19.737,-3.4678,17.749,9.3301,-20.497,5.2622,19.748,-66.572,-27.84,-37.452,-8.5626,-12.362
-19.741,-2.6784,19.165,8.9156,-21.173,6.2356,15.851,-61.878,-23.707,-34.806,-8.8355,-13.26
-20.013,-1.8761,20.824,8.6474,-22.149,7.2929,-5.9397,-63.676,-21.263,-31.028,-8.5671,-13.818
-20.337,-0.91311,22.647,8.3925,-23.184,8.5454,-16.434,-74.31,-27.575,-26.485,-7.4133,-13.763
-20.426,0.39099,24.442,7.9954,-23.898,10.089,-19.522,-77.679,-31.673,-26.944,-4.9878,-12.835
-20.091,2.2701,26.006,7.3377,-23.997,12.022,-17.871,-68.685,-28.793,-42.286,-1.1396,-10.793
-19.38,5.1394,27.233,6.3375,-23.523,14.487,-9.9056,-50.585,-23.077,-44.48,-11.803,-10.675
-18.733,9.8212,28.157,4.9637,-22.903,17.752,7.2658,-22.714,-11.933,-45.181,-19.409,-25.21
-20.316,15.977,28.905,7.0232,-22.69,22.194,36.784,16.254,5.4599,-44.44,-27.832,-34.928
-34.835,7.3259,29.613,27.216,-23.317,27.774,78.368,62.723,30.451,-39.721,-35.958,-45.868
-49.12,-11.874,30.37,36.757,-25.919,31.654,124.25,110.95,65.259,-26.128,-40.232,-54.285
-54.086,-14.579,31.238,39.718,-33.199,27.414,166.85,158.44,112.47,1.7208,-34.915,-55.503
-54.326,-9.6471,32.271,36.871,-38.877,23.797,201.66,201.98,181.05,49.186,-14.149,-44.954
-47.518,2.6867,33.478,26.025,-38.65,27.981,223.31,244.41,270.03,122.41,26.206,-19.243
-31.365,22.501,34.756,4.8222,-33.457,35.741,228.47,292.72,370.66,221.44,87.928,23.447
-3.347,49.717,35.898,-26.632,-21.957,45.519,218.64,355.47,487.7,346.79,171.4,84.04
36.803,83.268,36.743,-65.781,-2.8921,57.223,199.34,440.13,631.39,499,277.05,163.23
84.788,122.67,37.431,-111.56,22.132,72.095,176.12,551.89,808.07,680.78,405.01,261.07
138.64,172.74,38.572,-164.46,50.444,93.461,151.63,686.43,1012.5,888.34,553.09,376
197.13,239.01,40.947,-224.97,79.965,126.7,124.79,824.49,1225.7,1106.4,714.54,503.56
257.66,312.28,45.323,-290.88,109.16,171.49,91.277,934.83,1416.7,1309.1,876.49,635.61
315.51,383.47,52.444,-356.74,135.65,213.86,45.569,983.66,1548.3,1465.3,1020.7,760.67
364.51,445.4,62.042,-414.18,156.05,247.39,-14.298,943.47,1584.9,1543.8,1126.7,865.03
398.08,489.75,73.344,-454.56,166.98,272.67,-85.56,798.8,1500.5,1520.7,1176.3,934.59
411.22,512.64,85.714,-472.85,166.17,289.8,-164.02,551.49,1288.2,1387.5,1159.4,958.86
402.15,514.58,98.5,-468.74,153.08,298.92,-243.99,224.46,965.11,1156.1,1077.2,935.4
373.02,498.89,111.93,-445.83,129.43,301.51,-316.74,-141.79,570.98,857.28,943.47,871.66
329.56,471.51,127.47,-410.46,98.767,300.31,-374.6,-499.94,159.05,532.62,780.87,782.12
279.39,439.75,145.12,-369.84,65.049,297.73,-413.11,-807.58,-216.78,225.62,615.28,682.76
229.67,409.4,162.9,-329.7,31.173,294.57,-429.38,-1035.7,-515,-28.082,467.92,586.22
185.01,382.66,179.57,-292.76,-1.3044,289.73,-426.22,-1173.2,-715.63,-211.29,347.88,499.1
146.48,357.6,192.48,-258.24,-29.511,280.15,-411.24,-1227.3,-822.13,-327.37,252.68,422.3
111.29,327.79,197.71,-222.95,-49.4,262.76,-392.7,-1217.8,-855.48,-392.21,175.1,352.26
77.076,286.14,192.79,-182.94,-60.299,237.42,-377.84,-1169,-844.06,-425.24,108.14,282.85
47.279,238.04,178.17,-143.37,-64.883,206.16,-371.63,-1102,-813.96,-442.67,46.74,212.59
21.632,188.84,156.66,-106.95,-65.687,170.7,-374.75,-1032,-782.82,-454.38,-9.6981,146.68
-0.53822,140.4,132.01,-72.141,-62.224,133.48,-382.93,-967.51,-758.09,-463.7,-58.494,88.892
-18.868,94.968,107.41,-38.893,-51.189,97.916,-389.85,-908.7,-738.73,-469.15,-97.431,41.632
-33.087,54.169,84.689,-10.375,-40.32,66.603,-390.41,-851.03,-718.59,-466.72,-125.64,5.4405
-42.467,19.974,64.571,9.2793,-35.454,40.712,-379.72,-790.42,-688.76,-451.42,-143.34,-21.171
-44.509,-5.2713,47.016,20.385,-33.335,20.118,-355.26,-724.21,-643.03,-424.88,-151.25,-39.948
-36.463,-22.687,31.976,25.788,-31.477,3.4612,-321.22,-658.36,-589.87,-392.35,-150.85,-51.566
-28.485,-34.972,18.872,27.711,-28.879,-10.508,-280.69,-591.96,-525.71,-352.88,-142.84,-56.245
-25.164,-43.749,6.3177,26.799,-25.389,-21.75,-235.31,-515.98,-457.08,-309.67,-127.14,-54.356
-23.514,-48.564,-5.7843,22.307,-21.284,-29.071,-188.33,-432.24,-398.94,-267.19,-105.57,-46.101
-22.299,-43.128,-15.479,18.786,-17.011,-30.99,-143.49,-350.16,-341.62,-225.89,-85.593,-25.354
-21.224,-29.787,-20.165,19.056,-12.961,-29.12,-105.31,-275.5,-283.03,-185.48,-69.593,-18.172
-20.207,-29.782,-21.193,20.071,-9.3518,-29.854,-76.995,-211.09,-228.83,-147.79,-56.694,-19.391
-19.246,-33.23,-22.996,20.937,-6.2336,-32.681,-57.279,-159.17,-183.08,-115.28,-47.552,-20.422
-18.382,-36.558,-26.228,21.542,-3.5441,-36.07,-43.75,-120.67,-147.16,-89.473,-42.293,-20.703
-17.632,-39.223,-29.768,21.971,-1.1791,-39.558,-35.111,-94.681,-121.27,-71.009,-40.422,-20.401
-16.949,-41.231,-32.989,22.284,0.96011,-42.897,-30.754,-78.994,-105.05,-60.108,-40.941,-19.797
-16.217,-42.701,-35.791,22.458,2.971,-45.924,-31.094,-70.826,-97.029,-56.257,-41.593,-19.099
-15.304,-43.727,-38.23,22.409,4.9373,-48.564,-37.92,-69.91,-94.397,-58.35,-40.17,-18.405
-14.166,-44.352,-40.288,22.074,6.8471,-50.782,-38.396,-77.633,-94.673,-62.559,-37.348,-17.746
-12.94,-44.612,-41.811,21.485,8.5136,-52.515,-33.826,-78.528,-96.104,-58.408,-34.736,-17.147
-11.937,-44.576,-42.557,20.8,9.6092,-53.652,-29.625,-72.349,-92.721,-50.196,-32.823,-16.639
-11.493,-44.331,-42.34,20.241,9.8303,-54.104,-26.166,-65.541,-85.924,-43.323,-31.527,-16.237
-11.768,-43.951,-41.198,19.975,9.1035,-53.894,-23.258,-59.529,-79.166,-38.167,-30.691,-15.937
-12.65,-43.467,-39.464,20.021,7.6841,-53.195,-20.716,-54.34,-73.373,-34.213,-30.173,-15.711
-13.806,-42.882,-37.652,20.258,6.0616,-52.261,-18.399,-49.75,-68.397,-30.999,-29.837,-15.521
-14.837,-42.192,-36.237,20.491,4.7356,-51.288,-16.199,-45.53,-63.893,-28.203,-29.552,-15.32
-15.447,-41.397,-35.473,20.547,4.0064,-50.317,-14.03,-41.518,-59.607,-25.622,-29.199,-15.067
-15.523,-40.491,-35.317,20.326,3.8966,-49.246,-11.823,-37.62,-55.417,-23.133,-28.686,-14.713
-15.098,-39.45,-35.466,19.791,4.2241,-47.912,-9.5216,-33.787,-51.281,-20.659,-27.953,-14.212
-14.261,-38.23,-35.531,18.94,4.751,-46.208,-7.0928,-29.981,-47.176,-18.145,-26.974,-13.522
-13.121,-36.798,-35.26,17.797,5.2928,-44.147,-4.5368,-26.17,-43.074,-15.555,-25.758,-12.622
-11.818,-35.161,-34.633,16.443,5.7397,-41.865,-1.8829,-22.341,-38.944,-12.879,-24.333,-11.526
-10.533,-33.383,-33.787,15.026,6.0448,-39.548,0.81696,-18.502,-34.77,-10.128,-22.743,-10.282
-9.4393,-31.562,-32.912,13.727,6.2119,-37.367,3.5031,-14.684,-30.556,-7.3269,-21.042,-8.9648
-8.6309,-29.785,-32.178,12.671,6.3094,-35.417,6.1261,-10.915,-26.312,-4.4801,-19.281,-7.641
-8.0739,-28.079,-31.69,11.874,6.456,-33.705,8.654,-7.193,-22.049,-1.5558,-17.499,-6.348
-7.6346,-26.397,-31.424,11.234,6.7508,-32.148,11.08,-3.4831,-17.765,1.5212,-15.713,-5.0823
-7.1805,-24.658,-31.193,10.605,7.1777,-30.617,13.421,0.25859,-13.446,4.8596,-13.914,-3.8098
-6.6794,-22.793,-30.661,9.877,7.5608,-28.99,15.704,4.0721,-9.0644,8.5761,-12.089,-2.486
-6.211,-20.777,-29.468,9.0256,7.6236,-27.201,17.957,7.9637,-4.5671,12.761,-10.229,-1.0756
-5.8866,-18.622,-27.414,8.0811,7.1443,-25.249,20.203,11.927,0.13151,17.459,-8.3464,0.43961
-5.749,-16.353,-24.579,7.0751,6.1012,-23.17,22.455,15.956,5.1409,22.63,-6.4637,2.0655
-5.741,-13.991,-21.26,6.0126,4.6792,-21.012,24.717,20.093,10.576,28.181,-4.5974,3.8088
-5.7693,-11.558,-17.794,4.8977,3.1325,-18.817,26.994,24.419,16.541,33.987,-2.7472,5.6912
-5.7975,-9.0915,-14.418,3.767,1.6321,-16.612,29.299,29.034,23.118,39.968,-0.89166,7.7585
-5.8769,-6.6512,-11.23,2.6959,0.2074,-14.414,31.651,34.033,30.372,46.072,1.0067,10.078
-6.0808,-4.2983,-8.2309,1.7591,-1.1928,-12.23,34.06,39.504,38.334,52.25,2.9948,12.725
-6.3988,-2.0605,-5.4108,0.96369,-2.5831,-10.06,36.513,45.546,46.989,58.439,5.1269,15.768
-6.6852,0.099468,-2.798,0.2047,-3.8737,-7.8989,38.971,52.306,56.262,64.563,7.4686,19.249
-6.7219,2.2748,-0.446,-0.70073,-4.9119,-5.7351,41.374,59.892,65.963,70.574,10.105,23.175
-6.3568,4.5607,1.613,-1.9069,-5.5902,-3.5556,43.658,68.316,75.793,76.407,13.137,27.487
-5.6034,7.006,3.3829,-3.4498,-5.9209,-1.3568,45.79,77.44,85.443,82.019,16.664,32.033
-4.6241,9.5984,4.8817,-5.241,-6.0128,0.84704,47.755,86.989,94.732,87.402,20.73,36.594
-3.6185,12.285,6.1074,-7.1371,-5.9809,3.0161,49.564,96.65,103.64,92.586,25.278,40.962
-2.7086,15.003,7.0265,-9.0274,-5.8746,5.0841,51.229,106.16,112.23,97.638,30.139,45.019
-1.8985,17.695,7.6035,-10.897,-5.6796,6.9716,52.753,115.33,120.56,102.62,35.094,48.758
-1.1176,20.309,7.8548,-12.811,-5.3777,8.6133,54.135,123.97,128.67,107.53,39.964,52.232
-0.28844,22.797,7.8795,-14.848,-4.9967,9.9807,55.359,131.95,136.54,112.35,44.645,55.51
0.64382,25.121,7.8333,-17.05,-4.5995,11.086,56.406,139.19,144.16,116.99,49.092,58.653
1.7379,27.273,7.8542,-19.436,-4.2233,11.969,57.252,145.7,151.5,121.41,53.302,61.717
3.0928,29.294,7.9923,-22.053,-3.826,12.678,57.877,151.63,158.59,125.61,57.32,64.772
4.8248,31.252,8.1919,-24.965,-3.2973,13.253,58.253,157.15,165.47,129.62,61.232,67.895
6.9654,33.183,8.3354,-28.15,-2.5399,13.724,58.349,162.46,172.22,133.56,65.136,71.156
9.3547,35.034,8.3143,-31.381,-1.5551,14.112,58.13,167.62,178.86,137.54,69.113,74.577
11.661,36.678,8.0704,-34.28,-0.44581,14.437,57.554,172.64,185.33,141.63,73.187,78.116
13.576,38.015,7.5818,-36.548,0.67809,14.72,56.576,177.49,191.57,145.85,77.323,81.687
15.05,39.085,6.8311,-38.193,1.8044,14.989,55.147,182.11,197.48,150.17,81.45,85.203
16.332,40.092,5.8137,-39.554,3.0169,15.279,53.23,186.44,203.05,154.53,85.492,88.611
17.76,41.316,4.5917,-41.084,4.3787,15.636,50.806,190.45,208.35,158.88,89.403,91.906
19.495,42.957,3.3352,-43.05,5.8138,16.11,47.883,194.08,213.49,163.16,93.155,95.111
21.398,45.016,2.2897,-45.37,7.0969,16.729,44.511,197.29,218.58,167.31,96.736,98.256
23.136,47.287,1.678,-47.697,7.9676,17.473,40.773,200.08,223.64,171.31,100.14,101.36
24.433,49.478,1.6003,-49.704,8.2902,18.26,36.774,202.49,228.64,175.15,103.35,104.41
25.283,51.376,1.9946,-51.297,8.1437,18.978,32.63,204.58,233.5,178.85,106.41,107.44
25.934,52.935,2.6794,-52.603,7.7727,19.539,28.455,206.43,238.16,182.4,109.37,110.45
26.691,54.227,3.45,-53.831,7.4428,19.925,24.359,208.09,242.59,185.76,112.3,113.47
27.739,55.379,4.165,-55.123,7.3166,20.188,20.442,209.59,246.73,188.89,115.26,116.51
29.109,56.519,4.7637,-56.531,7.4311,20.427,16.783,210.95,250.56,191.8,118.31,119.59
30.792,57.766,5.2242,-58.085,7.7695,20.734,13.425,212.22,254.08,194.5,121.44,122.7
32.845,59.234,5.5177,-59.839,8.3383,21.166,10.367,213.46,257.35,197.08,124.67,125.85
35.351,60.995,5.6053,-61.837,9.1666,21.732,7.5679,214.7,260.39,199.61,127.96,129.01
38.29,63.023,5.4677,-64.03,10.242,22.406,4.9671,215.96,263.18,202.11,131.28,132.18
41.439,65.173,5.125,-66.257,11.473,23.141,2.5025,217.21,265.68,204.55,134.55,135.27
44.475,67.242,4.6187,-68.331,12.741,23.878,0.12433,218.39,267.8,206.87,137.71,138.22
47.215,69.087,3.9698,-70.183,14.008,24.549,-2.2051,219.43,269.51,208.99,140.7,141
49.791,70.717,3.1589,-71.937,15.378,25.101,-4.5168,220.33,270.81,210.85,143.49,143.62
52.57,72.285,2.1589,-73.84,17.037,25.526,-6.8375,221.07,271.74,212.45,146.1,146.15
55.864,73.995,1.0043,-76.091,19.077,25.887,-9.1834,221.68,272.35,213.8,148.6,148.7
59.659,75.995,-0.17032,-78.679,21.368,26.319,-11.552,222.14,272.69,214.94,151.07,151.36
63.585,78.313,-1.1685,-81.391,23.585,26.99,-13.922,222.47,272.8,215.92,153.57,154.19
67.182,80.879,-1.8287,-83.982,25.411,28.041,-16.268,222.66,272.73,216.77,156.14,157.2
70.214,83.604,-2.1089,-86.33,26.722,29.533,-18.571,222.72,272.49,217.54,158.77,160.34
72.748,86.424,-2.086,-88.462,27.625,31.418,-20.822,222.64,272.14,218.25,161.45,163.54
74.982,89.302,-1.8704,-90.464,28.313,33.569,-23.021,222.44,271.68,218.93,164.14,166.76
77.03,92.203,-1.5094,-92.392,28.891,35.86,-25.156,222.08,271.13,219.59,166.83,169.94
78.864,95.097,-0.95334,-94.242,29.309,38.232,-27.204,221.54,270.43,220.2,169.48,173.07
80.419,98.001,-0.099142,-96.007,29.446,40.687,-29.127,220.77,269.5,220.76,172.05,176.15
81.722,100.99,1.1357,-97.736,29.236,43.256,-30.883,219.72,268.25,221.24,174.5,179.19
82.912,104.18,2.768,-99.539,28.713,45.967,-32.434,218.37,266.55,221.63,176.8,182.21
84.103,107.61,4.7539,-101.49,27.952,48.828,-33.755,216.66,264.23,221.92,178.93,185.2
85.228,111.18,7.0166,-103.54,26.968,51.808,-34.841,214.54,261.11,222.08,180.9,188.17
86.029,114.69,9.4629,-105.46,25.698,54.821,-35.696,211.94,257,222.1,182.73,191.09
86.222,117.92,11.974,-107.04,24.077,57.74,-36.334,208.75,251.84,221.94,184.45,193.91
85.69,120.79,14.392,-108.11,22.161,60.436,-36.77,204.87,245.81,221.53,186.02,196.49
84.549,123.35,16.533,-108.7,20.148,62.82,-37.011,200.24,239.34,220.77,187.32,198.58
83.048,125.7,18.252,-108.94,18.279,64.843,-37.06,194.74,232.88,219.53,188.1,199.72
81.362,127.85,19.534,-108.96,16.666,66.483,-36.91,188.31,226.59,217.62,188,199.44
79.449,129.54,20.531,-108.78,15.216,67.712,-36.558,180.8,220.28,214.88,186.7,197.46
77.102,130.17,21.489,-108.25,13.73,68.466,-36,172.12,213.63,211.08,184.01,193.81
74.14,129.2,22.598,-107.13,12.082,68.669,-35.239,162.15,206.26,206.05,179.93,188.77
70.562,126.66,23.854,-105.25,10.314,68.296,-34.283,150.88,197.94,199.64,174.63,182.68
66.52,123.09,25.046,-102.6,8.5852,67.405,-33.135,138.38,188.63,191.88,168.3,175.84
62.157,118.96,25.889,-99.274,7.0351,66.078,-31.797,124.73,178.42,182.93,161.17,168.46
57.465,114.49,26.177,-95.341,5.6919,64.36,-30.271,110.05,167.51,173.07,153.39,160.68
52.343,109.57,25.86,-90.789,4.4979,62.247,-28.58,94.443,156.07,162.61,145.13,152.56
46.81,104.11,25.002,-85.602,3.4008,59.718,-26.777,78.138,144.2,151.79,136.48,144.1
41.142,98.116,23.723,-79.885,2.4115,56.763,-24.947,61.636,131.98,140.76,127.56,135.36
35.746,91.832,22.187,-73.962,1.5739,53.421,-23.187,45.688,119.49,129.6,118.48,126.41
30.893,85.552,20.62,-68.264,0.88613,49.789,-21.568,31.068,106.79,118.34,109.37,117.41
26.549,79.439,19.27,-63.027,0.25786,45.98,-20.106,18.272,93.969,107.03,100.36,108.54
22.462,73.417,18.298,-58.121,-0.44936,42.069,-18.75,7.3895,80.976,95.754,91.579,99.939
18.413,67.263,17.678,-53.158,-1.3208,38.069,-17.396,-1.7874,67.666,84.618,83.148,91.693
14.411,60.774,17.178,-47.734,-2.3039,33.976,-15.919,-9.5732,54,73.653,75.146,83.814
10.669,53.866,16.483,-41.63,-3.2166,29.806,-14.214,-16.241,40.494,62.736,67.593,76.28
7.4266,46.612,15.368,-34.957,-3.8547,25.633,-12.224,-21.975,28.274,51.688,60.432,69.079
4.7795,39.321,13.81,-28.207,-4.1167,21.58,-9.9481,-26.905,18.293,40.557,53.537,62.229
2.6632,32.478,11.965,-22.027,-4.0569,17.776,-7.4355,-31.144,10.704,29.852,46.771,55.749
0.94028,26.455,10.056,-16.839,-3.8369,14.291,-4.7626,-34.81,5.0644,20.394,40.062,49.616
-0.5063,21.328,8.2769,-12.71,-3.6268,11.132,-2.0064,-38.005,0.78924,12.81,33.475,43.76
-1.7486,16.967,6.7411,-9.4762,-3.5329,8.2564,0.77357,-40.801,-2.6101,7.1471,27.234,38.089
-2.8504,13.16,5.4665,-6.8918,-3.5941,5.5922,3.5398,-43.243,-5.4604,3.0091,21.64,32.539
-3.9041,9.6906,4.3916,-4.6947,-3.814,3.051,6.2728,-45.363,-7.9454,-0.088761,16.922,27.124
-5.0207,6.3762,3.4032,-2.6535,-4.1752,0.55159,8.9623,-47.191,-10.153,-2.5097,13.137,21.961
-6.2719,3.1102,2.3664,-0.62115,-4.6194,-1.9509,11.601,-48.75,-12.115,-4.4742,10.193,17.267
-7.6293,-0.11069,1.1542,1.4322,-5.0245,-4.4443,14.187,-50.035,-13.834,-6.1048,7.9351,13.301
-8.9581,-3.2055,-0.31851,3.4368,-5.2269,-6.8669,16.728,-51.015,-15.292,-7.4661,6.2109,10.214
-10.086,-6.0685,-2.0605,5.2785,-5.0995,-9.1401,19.244,-51.653,-16.472,-8.5926,4.8964,7.9506
-10.909,-8.624,-3.9785,6.8641,-4.6385,-11.201,21.758,-51.944,-17.375,-9.509,3.8977,6.3286
-11.45,-10.851,-5.8896,8.1679,-3.9888,-13.018,24.275,-51.939,-18.031,-10.244,3.1405,5.1614
-11.83,-12.777,-7.5877,9.2302,-3.3727,-14.592,26.765,-51.736,-18.491,-10.837,2.5581,4.3057
-12.164,-14.447,-8.9412,10.111,-2.9597,-15.951,29.156,-51.454,-18.818,-11.332,2.0856,3.6556
-12.49,-15.903,-9.9568,10.843,-2.774,-17.14,31.334,-51.2,-19.062,-11.771,1.6645,3.133
-12.758,-17.167,-10.762,11.423,-2.7024,-18.202,33.171,-51.053,-19.262,-12.179,1.2545,2.6849
-12.897,-18.26,-11.517,11.842,-2.5884,-19.167,34.541,-51.074,-19.451,-12.569,0.84203,2.2813
-12.88,-19.2,-12.324,12.121,-2.3325,-20.038,35.356,-51.306,-19.664,-12.949,0.43536,1.9079
-12.73,-20.003,-13.199,12.303,-1.9228,-20.799,35.573,-51.775,-19.942,-13.331,0.050017,1.5576
-12.476,-20.671,-14.111,12.419,-1.3873,-21.431,35.206,-52.481,-20.318,-13.73,-0.30446,1.2246
-12.105,-21.189,-15.04,12.459,-0.73288,-21.922,34.305,-53.391,-20.802,-14.158,-0.62724,0.90373
-11.581,-21.537,-15.977,12.392,0.052207,-22.272,32.949,-54.447,-21.379,-14.614,-0.92013,0.59315
-10.918,-21.717,-16.889,12.208,0.93306,-22.499,31.217,-55.596,-22.017,-15.091,-1.1823,0.29238
-10.226,-21.775,-17.69,11.966,1.7797,-22.626,29.179,-56.806,-22.688,-15.583,-1.4125,-0.0018686
-9.6927,-21.797,-18.269,11.782,2.4024,-22.688,26.887,-58.07,-23.376,-16.09,-1.6143,-0.29686
-9.4776,-21.87,-18.555,11.769,2.6534,-22.722,24.382,-59.392,-24.071,-16.62,-1.7994,-0.59959
-9.6219,-22.051,-18.571,11.968,2.5196,-22.766,21.699,-60.757,-24.761,-17.175,-1.9841,-0.9106
-10.026,-22.342,-18.427,12.327,2.1307,-22.85,18.874,-62.138,-25.429,-17.749,-2.183,-1.2213
-10.522,-22.711,-18.252,12.744,1.6734,-22.983,15.943,-63.512,-26.062,-18.334,-2.4031,-1.5188
-10.989,-23.116,-18.123,13.14,1.2753,-23.158,12.944,-64.881,-26.67,-18.933,-2.6449,-1.7964
-11.414,-23.539,-18.032,13.506,0.94843,-23.353,9.9153,-66.272,-27.284,-19.567,-2.9072,-2.063
-11.855,-23.983,-17.923,13.883,0.62931,-23.55,6.8977,-67.721,-27.944,-20.272,-3.193,-2.3418
-12.358,-24.448,-17.763,14.311,0.26697,-23.736,3.9366,-69.231,-28.678,-21.076,-3.5092,-2.6578
-12.914,-24.92,-17.573,14.788,-0.1279,-23.906,1.0846,-70.763,-29.483,-21.981,-3.8606,-3.0222
-13.476,-25.376,-17.39,15.288,-0.51454,-24.057,-1.5992,-72.242,-30.334,-22.96,-4.2425,-3.4249
-14.027,-25.798,-17.22,15.799,-0.8875,-24.175,-4.06,-73.598,-31.198,-23.974,-4.6409,-3.8393
-14.593,-26.194,-17.015,16.34,-1.2914,-24.243,-6.2646,-74.795,-32.057,-24.994,-5.0438,-4.2397
-15.195,-26.581,-16.732,16.928,-1.7579,-24.255,-8.216,-75.845,-32.913,-26.02,-5.4539,-4.6178
-15.786,-26.961,-16.395,17.523,-2.2326,-24.22,-9.9526,-76.792,-33.777,-27.071,-5.8908,-4.9894
-16.232,-27.31,-16.083,18.025,-2.5849,-24.16,-11.534,-77.689,-34.651,-28.174,-6.3825,-5.3905
-16.395,-27.578,-15.857,18.315,-2.7089,-24.097,-13.024,-78.581,-35.531,-29.345,-6.9524,-5.8667
-16.248,-27.721,-15.687,18.346,-2.6302,-24.03,-14.472,-79.511,-36.407,-30.593,-7.6132,-6.4625
-15.939,-27.724,-15.444,18.177,-2.5287,-23.937,-15.907,-80.517,-37.282,-31.922,-8.3678,-7.2103
-15.725,-27.599,-14.963,17.953,-2.6525,-23.784,-17.333,-81.613,-38.161,-33.331,-9.2115,-8.1188
-15.832,-27.371,-14.143,17.817,-3.1799,-23.543,-18.73,-82.774,-39.037,-34.807,-10.132,-9.1626
-16.327,-27.053,-13.018,17.831,-4.1158,-23.207,-20.057,-83.924,-39.885,-36.318,-11.106,-10.282
-17.099,-26.649,-11.751,17.965,-5.2796,-22.789,-21.27,-84.967,-40.674,-37.821,-12.102,-11.402
-17.926,-26.173,-10.559,18.138,-6.3958,-22.312,-22.329,-85.828,-41.388,-39.28,-13.087,-12.456
-18.59,-25.653,-9.6075,18.273,-7.2289,-21.795,-23.214,-86.494,-42.042,-40.683,-14.034,-13.423
-18.96,-25.129,-8.9619,18.323,-7.6576,-21.249,-23.921,-87.01,-42.671,-42.052,-14.935,-14.322
-18.98,-24.623,-8.5949,18.257,-7.6557,-20.679,-24.468,-87.451,-43.309,-43.421,-15.795,-15.203
-18.639,-24.12,-8.4111,18.037,-7.268,-20.079,-24.882,-87.881,-43.967,-44.811,-16.621,-16.103
-17.992,-23.579,-8.2606,17.631,-6.6375,-19.441,-25.196,-88.333,-44.621,-46.209,-17.407,-17.021
-17.215,-22.968,-7.9549,17.07,-6.0237,-18.75,-25.43,-88.805,-45.227,-47.572,-18.124,-17.911
-16.605,-22.297,-7.3085,16.479,-5.7465,-18.001,-25.59,-89.279,-45.738,-48.848,-18.732,-18.698
-16.479,-21.624,-6.2041,16.047,-6.0688,-17.198,-25.666,-89.718,-46.115,-50,-19.201,-19.321
-17.02,-21.018,-4.6538,15.925,-7.0785,-16.373,-25.637,-90.07,-46.335,-51.017,-19.532,-19.751
-18.168,-20.518,-2.8127,16.145,-8.6358,-15.568,-25.484,-90.28,-46.388,-51.908,-19.748,-20.001
-19.643,-20.118,-0.92679,16.603,-10.423,-14.825,-25.189,-90.303,-46.282,-52.697,-19.88,-20.118
-21.074,-19.777,0.76643,17.123,-12.08,-14.167,-24.741,-90.127,-46.046,-53.409,-19.948,-20.164
-22.18,-19.457,2.1244,17.544,-13.358,-13.586,-24.133,-89.781,-45.726,-54.066,-19.956,-20.19
-22.843,-19.132,3.1174,17.777,-14.172,-13.059,-23.37,-89.308,-45.368,-54.663,-19.889,-20.224
-23.074,-18.786,3.7838,17.791,-14.561,-12.563,-22.461,-88.729,-44.982,-55.16,-19.726,-20.255
-22.932,-18.411,4.1809,17.595,-14.609,-12.093,-21.422,-88.024,-44.531,-55.467,-19.438,-20.235
-22.509,-18.01,4.3673,17.233,-14.425,-11.665,-20.26,-87.137,-43.942,-55.474,-19.002,-20.107
-21.955,-17.617,4.4019,16.8,-14.143,-11.313,-18.952,-85.989,-43.133,-55.096,-18.415,-19.832
-21.467,-17.297,4.3365,16.431,-13.902,-11.08,-17.42,-84.493,-42.046,-54.325,-17.715,-19.428
-21.21,-17.131,4.1937,16.254,-13.788,-11.002,-15.5,-82.529,-40.654,-53.245,-16.994,-18.983
-21.24,-17.173,3.9487,16.323,-13.79,-11.106,-12.94,-79.912,-38.936,-51.996,-16.377,-18.636
-21.456,-17.424,3.5413,16.583,-13.788,-11.392,-9.4877,-76.406,-36.851,-50.695,-15.984,-18.533
-21.65,-17.826,2.9253,16.896,-13.624,-11.828,-5.3568,-71.811,-34.318,-49.362,-15.874,-18.765
-21.627,-18.281,2.1213,17.106,-13.19,-12.349,-3.7206,-66.183,-31.224,-47.87,-16.001,-19.31
-21.291,-18.686,1.2289,17.103,-12.491,-12.867,-14.357,-60.287,-27.45,-45.93,-16.186,-20.015
-20.662,-18.945,0.38424,16.848,-11.629,-13.296,-21.35,-56.282,-22.962,-43.136,-16.127,-20.621
-19.831,-18.975,-0.30954,16.359,-10.744,-13.57,-20.22,-57.277,-18.286,-39.068,-15.436,-20.831
-18.886,-18.699,-0.82574,15.686,-9.9629,-13.644,-16.162,-62.075,-17.527,-33.672,-13.672,-20.33
-17.865,-18.047,-1.1968,14.893,-9.3594,-13.487,-8.6877,-62.119,-26.904,-30.966,-10.408,-18.713
-16.829,-16.946,-1.4542,14.069,-8.9569,-13.036,4.1477,-51.805,-26.104,-44.212,-7.4379,-15.87
-16.161,-15.387,-1.578,13.57,-8.7757,-12.153,24.913,-30.358,-18.893,-45.52,-17.738,-22.971
-17.683,-14.882,-1.4965,16.733,-8.8727,-10.609,55.353,2.8552,-8.6618,-47.597,-27.03,-33.052
-31.017,-29.194,-1.1313,34.166,-9.4921,-8.2874,93.862,45.527,4.8724,-49.411,-39.733,-44.601
-47.413,-46.97,-0.45707,44.96,-12.235,-6.8266,135.23,91.388,22.919,-47.153,-51.756,-56.222
-53.659,-52.248,0.4681,51.025,-18.848,-14.156,175.04,134.55,48.219,-35.809,-55.695,-63.605
-55.243,-50.899,1.5262,51.383,-22.479,-23.558,208.8,172.65,87.661,-10.526,-45.201,-62.426
-50.064,-40.94,2.5947,43.385,-22.848,-19.643,231.42,209.87,149.5,35.484,-16.58,-48.031
-36.398,-21.623,3.5925,25.531,-20.019,-8.5563,240.3,250.14,232.77,106.3,32.707,-16.367
-12.935,5.9319,4.5109,-2.3495,-11.525,6.1025,236.33,301.58,339.15,205.57,105.81,35.45
23.054,40.355,5.4477,-39.408,5.0163,22.935,223.32,373.55,476.54,340.71,205.48,109.17
70.353,81.617,6.5955,-83.956,29.883,41.842,206.38,474.53,653.99,514.92,330.78,203.77
125.93,131.06,7.7549,-135.7,61.763,64.136,189.1,605.91,866.47,724.2,477.78,315.84
187.89,190.2,7.0576,-194.82,98.011,91.287,171.14,755.26,1097.4,955.03,640.18,441.41
253.34,258.49,5.8698,-260,133.82,124.1,147.3,897.35,1319.7,1183.5,806.81,573.87
317.36,331.03,8.3737,-327.15,164.82,162.29,111.29,999.93,1498.5,1377.6,960.09,702.47
373.48,399.74,14.994,-389.57,188.11,202.06,60.78,1029.9,1596.1,1503,1079,813.07
414.72,456.6,25.304,-439.55,201.71,238.11,-2.0972,959.47,1580.7,1531.7,1145,891.16
435.48,495.6,37.81,-470.68,204.36,266.95,-73.842,774.83,1436.1,1450.8,1146.9,926.04
433.34,512.74,50.607,-479.58,194.85,285.8,-151.59,484.7,1169.2,1266.6,1084.5,914.59
409.93,508.64,67.141,-467.35,172.76,294.54,-229.62,122.37,811.37,1004.3,969.53,862.53
370.48,489.79,94.227,-439.29,140.17,297.78,-298.13,-261.82,411.94,702.61,823.04,782.54
322.07,463.95,129.4,-402.43,101.09,299.27,-348.57,-614.56,26.915,403.44,669,689.82
271.51,436.36,161.19,-363,59.994,300.22,-377.78,-893.97,-295.68,142.02,526.62,597.08
223.84,408.97,184.64,-324.7,21.524,299.6,-387.49,-1078.4,-527.56,-61.408,405.62,511.06
181.59,381.01,197.79,-288.03,-9.9141,293.01,-382.75,-1168.3,-665,-204.3,306.08,432.56
144.25,348.7,198.92,-250.95,-31.928,274.34,-372.07,-1180.5,-725.27,-297.62,222.53,359.61
108.61,301.62,187.62,-208.64,-45.004,241.98,-363.81,-1139.9,-735.27,-358.29,148.9,289.4
75.406,243.43,165.11,-163,-51.404,200.8,-360.11,-1070.9,-720.65,-400.65,80.162,218.09
46.224,186.77,135.99,-121.58,-53.183,157.28,-358.41,-992.74,-695.19,-428.68,17.52,150.3
20.71,135.57,105.38,-84.507,-50.403,116.6,-355.17,-916.92,-663.6,-443.53,-34.516,91.509
-0.69725,91.613,76.782,-51.561,-34.917,81.95,-350.23,-846.55,-631,-447.41,-73.801,44.424
-17.671,55.114,54.632,-24.209,-19.757,54.507,-337.82,-777.6,-596.11,-440.72,-100.58,9.3268
-30.172,27.476,41.371,-3.9873,-17.109,34.968,-313.68,-699.84,-553.73,-422.8,-116.01,-15.648
-36.372,9.8923,33.417,9.1437,-17.383,22.102,-279.25,-616.64,-500.67,-393.69,-121.94,-32.86
-32.652,0.47032,28.157,15.953,-18.108,13.883,-237.13,-535.22,-443.09,-356.29,-120.26,-43.398
-23.152,-3.5163,24.656,17.565,-18.483,9.0529,-191.03,-451.66,-384.49,-315.96,-111.29,-47.335
-18.617,-3.843,22.281,14.571,-18.154,6.9405,-144.75,-366.49,-324.35,-273.12,-93.716,-44.682
-16.861,-0.60261,20.03,7.2712,-17.087,8.2983,-101.29,-285.65,-263.64,-229.41,-66.725,-35.349
-15.489,5.899,15.54,3.9105,-15.389,11.753,-63.589,-215.48,-205.8,-186.86,-46.039,-13.88
-13.942,5.2942,10.974,4.1075,-13.233,9.1228,-35.406,-159.51,-154.88,-147.82,-31.618,-7.3743
-12.249,2.7457,7.8845,3.9962,-10.934,5.8894,-17.675,-118.31,-113.74,-114.42,-19.573,-7.8141
-10.67,1.4692,5.886,3.6143,-8.9447,3.9499,-8.0948,-90.41,-83.614,-87.807,-11.009,-7.7563
-9.5534,0.98562,4.7789,3.2134,-7.6986,2.9292,-3.9436,-73.217,-64.195,-68.486,-6.5844,-7.0724
-9.1702,0.93311,4.5043,2.984,-7.4323,2.479,-3.0062,-63.649,-53.765,-56.63,-5.9174,-6.1317
-9.5685,1.1015,4.9213,3.003,-8.09,2.3482,-4.7443,-58.964,-49.674,-51.664,-7.3345,-5.2412
-10.54,1.3566,5.7464,3.2293,-9.3523,2.3429,-11.188,-58.319,-49.267,-52.218,-8.3428,-4.5249
-11.727,1.5918,6.6069,3.564,-10.762,2.3096,-11.329,-56.657,-49.412,-55.458,-7.9644,-3.9722
-12.783,1.7099,7.1512,3.9164,-11.887,2.142,-7.1623,-48.893,-42.448,-52.197,-6.8738,-3.5422
-13.482,1.6371,7.1513,4.2273,-12.457,1.7889,-3.4747,-41,-34.207,-44.439,-5.7734,-3.2209
-13.725,1.3482,6.5314,4.4545,-12.377,1.2478,-0.83521,-34.904,-28.197,-38.396,-4.9167,-3.0098
-13.498,0.87058,5.3377,4.5611,-11.675,0.54612,0.93495,-30.489,-23.932,-34.327,-4.3222,-2.9053
-12.846,0.26005,3.7085,4.5322,-10.469,-0.2811,2.0848,-27.314,-20.837,-31.573,-3.9424,-2.895
-11.904,-0.43397,1.8517,4.3989,-8.9851,-1.2064,2.8196,-24.963,-18.469,-29.637,-3.7246,-2.9652
-10.887,-1.1821,-0.01389,4.2317,-7.5027,-2.2163,3.2871,-23.119,-16.522,-28.184,-3.6282,-3.1099
-10.003,-1.9623,-1.7426,4.0975,-6.236,-3.3112,3.5866,-21.558,-14.801,-26.999,-3.6298,-3.3321
-9.3588,-2.7403,-3.306,4.0186,-5.2437,-4.4963,3.7816,-20.129,-13.192,-25.937,-3.7102,-3.6303
-8.9437,-3.4671,-4.7712,3.9709,-4.4493,-5.7635,3.9154,-18.726,-11.629,-24.9,-3.835,-3.9797
-8.6807,-4.098,-6.2403,3.9212,-3.7247,-7.0774,4.0215,-17.279,-10.083,-23.82,-3.9458,-4.3264
-8.4803,-4.6125,-7.7833,3.8594,-2.9623,-8.3704,4.1297,-15.782,-8.5557,-22.664,-3.9752,-4.6001
-8.2642,-5.0153,-9.412,3.7942,-2.1071,-9.5661,4.256,-14.275,-7.0696,-21.439,-3.8731,-4.7399
-7.9601,-5.3139,-11.102,3.7192,-1.1439,-10.604,4.3964,-12.818,-5.6562,-20.174,-3.6273,-4.7151
-7.4865,-5.4935,-12.829,3.5818,-0.056531,-11.45,4.5323,-11.455,-4.3402,-18.907,-3.2643,-4.5341
-6.7626,-5.5164,-14.562,3.2962,1.1828,-12.095,4.6308,-10.197,-3.1266,-17.672,-2.8356,-4.2391
-5.7654,-5.3437,-16.225,2.7921,2.5588,-12.539,4.6699,-9.0274,-2.008,-16.487,-2.3961,-3.8923
-4.5852,-4.9632,-17.675,2.0695,3.9534,-12.782,4.6534,-7.9135,-0.9713,-15.356,-1.987,-3.5562
-3.411,-4.3989,-18.726,1.209,5.1613,-12.824,4.6155,-6.8094,0.019328,-14.261,-1.6261,-3.2739
-2.441,-3.6923,-19.232,0.3251,5.9826,-12.666,4.6203,-5.6545,1.0332,-13.165,-1.3029,-3.0527
-1.7862,-2.8784,-19.156,-0.49792,6.3265,-12.32,4.7399,-4.3803,2.1645,-12.017,-0.97902,-2.8558
-1.4391,-1.9788,-18.592,-1.2304,6.2458,-11.814,5.0332,-2.9014,3.5138,-10.763,-0.59892,-2.6142
-1.3177,-1.0205,-17.716,-1.8727,5.8841,-11.19,5.5234,-1.1691,5.1485,-9.3797,-0.11443,-2.2578
-1.3319,-0.055305,-16.706,-2.4156,5.3922,-10.502,6.1976,0.82413,7.1047,-7.8842,0.48827,-1.7529
-1.416,0.85212,-15.693,-2.8421,4.8781,-9.8053,7.0232,3.0617,9.3889,-6.3254,1.1792,-1.1213
-1.5204,1.655,-14.752,-3.1539,4.406,-9.1419,7.9644,5.514,11.967,-4.7633,1.8964,-0.42748
-1.5959,2.3512,-13.916,-3.3942,4.0128,-8.5342,9.006,8.2002,14.798,-3.2405,2.5791,0.2552
-1.61,2.9744,-13.178,-3.6259,3.7063,-7.9831,10.159,11.197,17.873,-1.7686,3.1989,0.87825
-1.5828,3.5545,-12.502,-3.8787,3.447,-7.4798,11.451,14.575,21.246,-0.30788,3.7758,1.4339
-1.5861,4.0858,-11.849,-4.1207,3.1577,-7.0225,12.903,18.396,25.023,1.2237,4.3755,1.9547
-1.6963,4.5274,-11.229,-4.2865,2.7875,-6.6303,14.52,22.705,29.364,2.9387,5.0917,2.503
-1.9044,4.8316,-10.745,-4.3431,2.3899,-6.3511,16.279,27.528,34.416,4.9725,6.0226,3.1572
-2.0875,4.9726,-10.574,-4.3293,2.1396,-6.2475,18.129,32.922,40.303,7.4568,7.2536,3.9931
-2.0684,4.9562,-10.883,-4.3331,2.2438,-6.3712,20.018,38.955,47.01,10.507,8.8514,5.0681
-1.7191,4.8053,-11.741,-4.4305,2.827,-6.7386,21.899,45.679,54.328,14.192,10.868,6.4159
-1.0224,4.5457,-13.078,-4.6439,3.8664,-7.3224,23.747,53.075,61.912,18.489,13.333,8.0485
-0.055399,4.2101,-14.73,-4.9586,5.2223,-8.0637,25.565,61.133,69.454,23.275,16.225,9.9666
1.1038,3.8473,-16.515,-5.3688,6.7434,-8.8955,27.369,69.846,76.832,28.371,19.461,12.171
2.4313,3.5198,-18.308,-5.9043,8.3452,-9.7639,29.173,79.193,84.117,33.693,22.931,14.675
3.9441,3.2836,-20.056,-6.6063,10.018,-10.631,30.983,89.064,91.435,39.288,26.61,17.532
5.6296,3.1626,-21.758,-7.474,11.769,-11.47,32.782,99.201,98.849,45.273,30.607,20.843
7.4039,3.1444,-23.444,-8.4463,13.579,-12.262,34.539,109.22,106.31,51.711,35.125,24.734
9.1798,3.2069,-25.17,-9.458,15.43,-12.987,36.215,118.71,113.69,58.52,40.32,29.275
10.999,3.3596,-27.025,-10.534,17.375,-13.625,37.78,127.45,120.91,65.506,46.159,34.394
13.064,3.6675,-29.084,-11.831,19.545,-14.152,39.216,135.42,127.93,72.456,52.381,39.822
15.599,4.2349,-31.313,-13.568,22.007,-14.525,40.53,142.7,134.81,79.224,58.644,45.203
18.658,5.1696,-33.501,-15.92,24.624,-14.689,41.759,149.47,141.64,85.754,64.731,50.29
22.039,6.5521,-35.3,-18.925,27.052,-14.585,42.953,155.82,148.55,92.067,70.589,55.034
25.371,8.434,-36.348,-22.455,28.906,-14.161,44.156,161.78,155.61,98.257,76.259,59.516
28.346,10.862,-36.43,-26.314,29.97,-13.385,45.39,167.39,162.84,104.45,81.816,63.874
30.903,13.901,-35.565,-30.376,30.289,-12.241,46.643,172.68,170.18,110.77,87.349,68.251
33.223,17.63,-33.979,-34.622,30.11,-10.721,47.879,177.69,177.5,117.26,92.937,72.771
35.539,22.097,-31.98,-39.047,29.727,-8.8081,49.055,182.42,184.6,123.86,98.626,77.506
37.996,27.276,-29.847,-43.588,29.348,-6.4829,50.135,186.87,191.3,130.44,104.41,82.447
40.664,33.084,-27.751,-48.175,29.071,-3.7313,51.1,191.04,197.54,136.86,110.21,87.521
43.622,39.427,-25.729,-52.806,28.922,-0.549,51.95,194.92,203.38,143.04,115.94,92.615
46.964,46.206,-23.694,-57.533,28.892,3.0701,52.686,198.56,208.98,148.99,121.5,97.627
50.686,53.263,-21.472,-62.379,28.904,7.1507,53.312,201.96,214.52,154.76,126.84,102.48
54.559,60.381,-18.887,-67.28,28.785,11.734,53.823,205.08,220.17,160.47,131.97,107.15
58.196,67.4,-15.87,-72.098,28.33,16.847,54.202,207.9,226.07,166.17,136.97,111.65
61.293,74.295,-12.506,-76.704,27.425,22.436,54.415,210.39,232.24,171.89,141.93,116.05
63.831,81.102,-8.9744,-81.071,26.137,28.346,54.41,212.53,238.6,177.53,146.94,120.46
66.072,87.849,-5.4567,-85.289,24.701,34.356,54.122,214.36,244.92,182.97,152.04,124.99
68.389,94.544,-2.0903,-89.49,23.411,40.263,53.479,215.89,250.87,187.99,157.16,129.67
71.053,101.16,1.0337,-93.758,22.482,45.931,52.403,217.15,256.14,192.44,162.16,134.46
74.12,107.62,3.8692,-98.108,21.96,51.289,50.806,218.13,260.55,196.23,166.92,139.23
77.441,113.87,6.4122,-102.52,21.749,56.317,48.597,218.82,264.1,199.4,171.4,143.82
80.777,119.82,8.6974,-106.95,21.705,61.033,45.704,219.23,266.96,202.09,175.6,148.16
83.926,125.44,10.801,-111.33,21.698,65.475,42.118,219.39,269.31,204.46,179.63,152.28
86.765,130.71,12.83,-115.59,21.626,69.694,37.906,219.33,271.3,206.66,183.63,156.34
89.234,135.66,14.909,-119.64,21.391,73.737,33.174,219.09,273,208.75,187.74,160.54
91.317,140.33,17.14,-123.42,20.922,77.64,27.982,218.66,274.4,210.73,192.02,165.02
93.091,144.77,19.547,-126.95,20.258,81.412,22.338,218.05,275.52,212.53,196.38,169.75
94.767,149.06,22.024,-130.28,19.587,85.024,16.247,217.25,276.35,214.07,200.66,174.56
96.624,153.24,24.365,-133.48,19.174,88.415,9.77,216.27,276.94,215.32,204.66,179.22
98.844,157.35,26.39,-136.53,19.196,91.519,3.0408,215.12,277.32,216.27,208.28,183.55
101.37,161.34,28.068,-139.37,19.624,94.295,-3.7606,213.78,277.54,216.97,211.52,187.52
103.94,165.04,29.505,-141.85,20.251,96.725,-10.443,212.24,277.64,217.49,214.47,191.2
106.24,168.29,30.83,-143.88,20.826,98.804,-16.834,210.48,277.63,217.89,217.25,194.73
108.05,171,32.098,-145.45,21.191,100.54,-22.798,208.47,277.52,218.25,219.96,198.2
109.36,173.18,33.271,-146.62,21.32,101.96,-28.236,206.21,277.26,218.58,222.64,201.7
110.27,174.91,34.278,-147.53,21.261,103.07,-33.073,203.66,276.8,218.85,225.32,205.17
110.91,176.25,35.072,-148.26,21.073,103.9,-37.253,200.77,276,218.97,227.89,208.47
111.42,177.25,35.626,-148.89,20.818,104.44,-40.74,197.48,274.69,218.81,230.18,211.36
111.92,177.9,35.914,-149.45,20.584,104.66,-43.536,193.72,272.64,218.25,231.91,213.6
112.46,178.23,35.903,-149.94,20.469,104.57,-45.679,189.45,269.61,217.18,232.85,215.05
112.98,178.23,35.598,-150.31,20.51,104.18,-47.217,184.64,265.42,215.54,232.84,215.67
113.31,177.87,35.074,-150.48,20.627,103.54,-48.177,179.25,260.03,213.25,231.87,215.52
113.23,177.03,34.448,-150.34,20.646,102.68,-48.574,173.2,253.67,210.25,230,214.62
112.51,175.55,33.802,-149.74,20.387,101.62,-48.432,166.32,246.73,206.42,227.19,212.91
110.96,173.27,33.134,-148.52,19.765,100.31,-47.81,158.41,239.56,201.64,223.35,210.25
108.44,170.13,32.376,-146.54,18.82,98.704,-46.798,149.3,232.33,195.83,218.41,206.52
104.89,166.18,31.481,-143.69,17.63,96.717,-45.5,138.85,224.98,189,212.44,201.7
100.29,161.51,30.502,-139.91,16.198,94.293,-44.011,126.93,217.32,181.24,205.66,195.91
94.666,156.18,29.576,-135.11,14.431,91.42,-42.401,113.52,209.1,172.66,198.33,189.36
88.086,150.21,28.854,-129.24,12.236,88.134,-40.711,98.739,200.09,163.4,190.56,182.17
80.765,143.66,28.371,-122.34,9.6508,84.5,-38.964,83.034,190.18,153.56,182.25,174.36
73.084,136.64,27.987,-114.61,6.8825,80.591,-37.175,67.145,179.4,143.2,173.17,165.86
65.496,129.36,27.443,-106.47,4.2243,76.459,-35.363,51.934,167.92,132.37,163.1,156.57
58.319,121.98,26.513,-98.366,1.9318,72.128,-33.553,38.073,155.95,121.12,152.08,146.6
51.596,114.58,25.099,-90.662,0.13834,67.58,-31.772,25.849,143.61,109.56,140.43,136.22
45.107,107.09,23.234,-83.481,-1.1465,62.758,-30.051,15.2,130.93,97.962,128.57,125.81
38.504,99.364,21.016,-76.732,-1.9876,57.587,-28.422,5.8866,117.97,86.56,116.93,115.67
31.569,91.292,18.552,-70.2,-2.4857,52.024,-26.915,-2.3661,104.84,75.461,105.76,105.94
24.536,82.875,15.948,-63.655,-2.7708,46.127,-25.55,-9.7963,91.662,64.535,95.228,96.636
17.998,74.213,13.298,-56.911,-2.9892,40.059,-24.33,-16.593,78.471,53.507,85.315,87.711
12.332,65.416,10.678,-49.825,-3.2578,34.027,-23.242,-22.894,65.202,42.223,75.913,79.072
7.5674,56.557,8.1353,-42.325,-3.6026,28.193,-22.258,-28.783,51.819,30.979,66.845,70.623
3.6759,47.717,5.675,-34.523,-3.9315,22.644,-21.344,-34.291,38.597,20.593,57.923,62.314
0.67353,39.047,3.2721,-26.81,-4.0889,17.42,-20.451,-39.397,26.266,11.907,48.968,54.181
-1.4816,30.777,0.9221,-19.751,-3.9682,12.558,-19.522,-44.062,15.655,5.2115,39.859,46.329
-2.9714,23.18,-1.3104,-13.753,-3.6045,8.1206,-18.495,-48.252,7.1482,0.2356,30.633,38.792
-4.094,16.478,-3.2938,-8.8897,-3.1858,4.1804,-17.321,-51.958,0.56992,-3.4767,21.732,31.449
-5.1664,10.783,-4.8724,-4.9924,-2.98,0.78864,-15.983,-55.188,-4.5245,-6.3122,14.043,24.267
-6.4211,6.0796,-5.9213,-1.8351,-3.2166,-2.051,-14.502,-57.949,-8.579,-8.5411,8.2164,17.682
-7.9557,2.267,-6.3871,0.78053,-3.9984,-4.3735,-12.928,-60.246,-11.927,-10.349,4.1319,12.347
-9.7586,-0.80148,-6.2963,3.0129,-5.2967,-6.2313,-11.327,-62.089,-14.782,-11.863,1.2496,8.4591
-11.761,-3.2828,-5.7407,4.9809,-6.9959,-7.6849,-9.7513,-63.507,-17.26,-13.163,-0.93038,5.714
-13.854,-5.3239,-4.8679,6.7557,-8.9109,-8.8035,-8.2341,-64.547,-19.416,-14.278,-2.7226,3.705
-15.875,-7.046,-3.8795,8.3517,-10.791,-9.6654,-6.7844,-65.253,-21.26,-15.19,-4.2791,2.1464
-17.62,-8.5325,-3.0113,9.7281,-12.36,-10.352,-5.3989,-65.644,-22.774,-15.853,-5.6445,0.89193
-18.893,-9.8273,-2.4784,10.821,-13.386,-10.934,-4.0757,-65.728,-23.93,-16.23,-6.8101,-0.11355
-19.588,-10.953,-2.4,11.6,-13.763,-11.46,-2.8236,-65.521,-24.726,-16.333,-7.7635,-0.88909
-19.754,-11.933,-2.7497,12.105,-13.562,-11.955,-1.6646,-65.076,-25.204,-16.247,-8.5256,-1.4599
-19.583,-12.797,-3.3751,12.443,-13.01,-12.429,-0.63189,-64.486,-25.46,-16.111,-9.161,-1.8791
-19.317,-13.575,-4.0847,12.73,-12.39,-12.892,0.23752,-63.851,-25.607,-16.071,-9.7633,-2.2244
-19.126,-14.273,-4.7435,13.027,-11.912,-13.359,0.91381,-63.242,-25.744,-16.219,-10.42,-2.5755
-19.065,-14.881,-5.3073,13.331,-11.659,-13.846,1.3862,-62.69,-25.929,-16.57,-11.181,-2.9869
-19.11,-15.387,-5.7935,13.609,-11.608,-14.362,1.6688,-62.185,-26.171,-17.063,-12.041,-3.4696
-19.22,-15.8,-6.2463,13.835,-11.665,-14.9,1.7956,-61.707,-26.451,-17.599,-12.949,-3.9945
-19.328,-16.147,-6.73,13.996,-11.692,-15.445,1.8049,-61.232,-26.738,-18.084,-13.836,-4.504
-19.319,-16.455,-7.334,14.069,-11.528,-15.98,1.7243,-60.742,-27.006,-18.466,-14.641,-4.9349
-19.044,-16.726,-8.1569,14.007,-11.028,-16.493,1.5674,-60.221,-27.238,-18.747,-15.333,-5.2405
-18.387,-16.938,-9.2515,13.76,-10.116,-16.97,1.3457,-59.651,-27.424,-18.959,-15.908,-5.405
-17.348,-17.059,-10.559,13.322,-8.8405,-17.384,1.0847,-59.018,-27.556,-19.141,-16.375,-5.4451
-16.093,-17.073,-11.887,12.765,-7.4063,-17.694,0.82968,-58.308,-27.618,-19.308,-16.75,-5.3995
-14.894,-16.98,-12.969,12.211,-6.1097,-17.856,0.63853,-57.502,-27.584,-19.446,-17.039,-5.3099
-14.008,-16.784,-13.585,11.774,-5.2155,-17.838,0.56316,-56.577,-27.419,-19.516,-17.24,-5.2039
-13.562,-16.48,-13.663,11.499,-4.8427,-17.631,0.63283,-55.508,-27.09,-19.468,-17.339,-5.0845
-13.522,-16.054,-13.27,11.356,-4.9427,-17.249,0.84923,-54.288,-26.589,-19.268,-17.318,-4.9302
-13.757,-15.497,-12.533,11.282,-5.3745,-16.714,1.193,-52.939,-25.943,-18.912,-17.16,-4.7041
-14.133,-14.817,-11.555,11.221,-5.9971,-16.047,1.6351,-51.506,-25.204,-18.424,-16.862,-4.371
-14.544,-14.024,-10.387,11.13,-6.7127,-15.259,2.1496,-50.031,-24.424,-17.841,-16.436,-3.9087
-14.906,-13.112,-9.0492,10.966,-7.4598,-14.342,2.724,-48.522,-23.621,-17.182,-15.904,-3.31
-15.14,-12.042,-7.5462,10.667,-8.1965,-13.262,3.3634,-46.94,-22.756,-16.436,-15.283,-2.58
-15.188,-10.749,-5.8826,10.179,-8.8975,-11.965,4.0844,-45.22,-21.753,-15.568,-14.579,-1.7344
-15.036,-9.1842,-4.0662,9.4796,-9.5565,-10.395,4.9012,-43.317,-20.544,-14.548,-13.796,-0.80589
-14.714,-7.338,-2.131,8.5948,-10.172,-8.5234,5.8064,-41.23,-19.105,-13.378,-12.953,0.15203
-14.261,-5.2461,-0.16536,7.5785,-10.717,-6.3705,6.758,-39.015,-17.478,-12.095,-12.089,1.0704
-13.688,-2.9697,1.6905,6.4741,-11.121,-4.0157,7.6805,-36.753,-15.754,-10.761,-11.254,1.8865
-12.977,-0.5751,3.3003,5.2954,-11.305,-1.5765,8.4817,-34.532,-14.039,-9.4332,-10.481,2.5717
-12.121,1.8652,4.6093,4.0487,-11.241,0.8303,9.0743,-32.428,-12.429,-8.1487,-9.7775,3.1424
-11.174,4.2682,5.686,2.769,-10.996,3.128,9.3942,-30.51,-10.993,-6.9244,-9.1351,3.641
-10.243,6.5523,6.6973,1.5283,-10.722,5.3014,9.4092,-28.83,-9.7707,-5.7666,-8.5491,4.1037
-9.4386,8.6682,7.8322,0.3958,-10.582,7.3855,9.1165,-27.413,-8.7732,-4.6814,-8.0337,4.537
-8.8009,10.621,9.2105,-0.61477,-10.661,9.4264,8.5331,-26.253,-7.9884,-3.6826,-7.6217,4.9172
-8.283,12.457,10.825,-1.5487,-10.925,11.44,7.6869,-25.312,-7.3929,-2.7946,-7.3524,5.2055
-7.8032,14.214,12.543,-2.4525,-11.254,13.395,6.6122,-24.544,-6.9655,-2.0512,-7.2565,5.3669
-7.3247,15.874,14.167,-3.3118,-11.524,15.219,5.3505,-23.913,-6.6934,-1.4869,-7.344,5.3846
-6.8928,17.359,15.519,-4.0409,-11.679,16.832,3.9524,-23.393,-6.5674,-1.1196,-7.5989,5.2676
-6.6064,18.559,16.503,-4.5283,-11.745,18.166,2.4725,-22.96,-6.5701,-0.93425,-7.9812,5.052
-6.5558,19.391,17.126,-4.6976,-11.794,19.188,0.95937,-22.581,-6.6695,-0.88185,-8.4383,4.7932
-6.7805,19.835,17.483,-4.5394,-11.91,19.915,-0.55385,-22.232,-6.826,-0.90053,-8.9217,4.5474
-7.2651,19.93,17.728,-4.104,-12.162,20.403,-2.0539,-21.91,-7.0096,-0.94676,-9.4031,4.3471
-7.951,19.739,18.022,-3.4747,-12.584,20.719,-3.5467,-21.647,-7.2151,-1.0153,-9.8873,4.1839
-8.7375,19.325,18.457,-2.753,-13.144,20.897,-5.0486,-21.49,-7.4587,-1.1337,-10.412,4.0107
-9.4768,18.738,18.987,-2.0537,-13.726,20.912,-6.5696,-21.468,-7.7581,-1.3351,-11.031,3.7662
-9.9951,18,19.418,-1.4864,-14.153,20.684,-8.0966,-21.565,-8.1125,-1.6296,-11.787,3.4104
-10.156,17.111,19.5,-1.1154,-14.254,20.136,-9.5834,-21.717,-8.4982,-1.9938,-12.69,2.9452
-9.9404,16.058,19.066,-0.92006,-13.958,19.24,-10.955,-21.844,-8.8815,-2.3821,-13.707,2.4096
-9.4747,14.834,18.127,-0.79308,-13.336,18.037,-12.127,-21.884,-9.2351,-2.7502,-14.782,1.8559
-8.9784,13.446,16.846,-0.59119,-12.572,16.605,-13.028,-21.809,-9.5453,-3.0753,-15.865,1.3242
-8.653,11.936,15.433,-0.21186,-11.867,15.028,-13.624,-21.615,-9.807,-3.3619,-16.935,0.8296
-8.5976,10.377,14.052,0.35995,-11.349,13.374,-13.923,-21.304,-10.013,-3.6349,-17.998,0.36475
-8.8,8.8547,12.799,1.0656,-11.05,11.701,-13.962,-20.874,-10.156,-3.9275,-19.077,-0.08985
-9.1826,7.4319,11.696,1.8217,-10.928,10.056,-13.795,-20.328,-10.231,-4.2695,-20.183,-0.55448
-9.6434,6.1266,10.703,2.5583,-10.895,8.4805,-13.475,-19.683,-10.249,-4.6785,-21.313,-1.0425
-10.07,4.9162,9.7351,3.226,-10.828,6.9971,-13.049,-18.968,-10.234,-5.1519,-22.448,-1.5561
-10.342,3.7637,8.6914,3.7831,-10.595,5.6149,-12.557,-18.218,-10.207,-5.6604,-23.563,-2.0838
-10.335,2.6486,7.478,4.1872,-10.066,4.3355,-12.03,-17.458,-10.181,-6.1507,-24.632,-2.601
-9.9622,1.577,6.04,4.4148,-9.1466,3.1641,-11.493,-16.71,-10.154,-6.5624,-25.64,-3.0771
-9.2535,0.56321,4.4079,4.4976,-7.8489,2.1114,-10.963,-16,-10.121,-6.8546,-26.584,-3.4909
-8.3965,-0.39239,2.7315,4.5321,-6.3621,1.1849,-10.453,-15.363,-10.083,-7.0279,-27.49,-3.844
-7.6718,-1.3051,1.2576,4.6405,-5.0179,0.37758,-9.9696,-14.829,-10.045,-7.1244,-28.388,-4.163
-7.3259,-2.1867,0.24446,4.9076,-4.1487,-0.33549,-9.5186,-14.408,-10.016,-7.2085,-29.29,-4.4885
-7.4763,-3.0282,-0.13616,5.3442,-3.9477,-0.98363,-9.1022,-14.083,-10.005,-7.3437,-30.153,-4.8587
-8.0993,-3.8047,0.15196,5.899,-4.4315,-1.5825,-8.7216,-13.829,-10.03,-7.5766,-30.87,-5.2976
-9.0756,-4.4978,1.011,6.502,-5.4786,-2.1293,-8.3766,-13.634,-10.121,-7.9326,-31.282,-5.813
-10.236,-5.1137,2.2327,7.0989,-6.8645,-2.6145,-8.0645,-13.511,-10.321,-8.4153,-31.229,-6.3978
-11.389,-5.6803,3.5366,7.6559,-8.2939,-3.0381,-7.7776,-13.483,-10.659,-9.0049,-30.61,-7.0321
-12.344,-6.231,4.6232,8.1461,-9.46,-3.4172,-7.5048,-13.556,-11.132,-9.6588,-29.429,-7.6828
-12.939,-6.7906,5.2356,8.5472,-10.114,-3.7818,-7.2361,-13.713,-11.702,-10.32,-27.778,-8.3084
-13.1,-7.374,5.2199,8.8596,-10.127,-4.1603,-6.9649,-13.924,-12.311,-10.935,-25.78,-8.8707
-12.887,-7.9918,4.5803,9.1269,-9.5406,-4.5647,-6.6885,-14.171,-12.907,-11.466,-23.527,-9.3492
-12.484,-8.6512,3.4923,9.4257,-8.5803,-4.9882,-6.41,-14.459,-13.468,-11.904,-21.037,-9.7473
-12.112,-9.3465,2.2362,9.819,-7.5597,-5.4184,-6.1435,-14.804,-13.998,-12.269,-18.245,-10.088
-11.92,-10.05,1.0764,10.307,-6.7371,-5.8553,-5.9138,-15.219,-14.517,-12.588,-15.069,-10.399
-11.931,-10.718,0.16789,10.818,-6.2178,-6.3197,-5.7477,-15.696,-15.045,-12.884,-11.505,-10.701
-12.063,-11.312,-0.45794,11.25,-5.9654,-6.8458,-5.6585,-16.213,-15.588,-13.161,-7.6738,-10.997
-12.203,-11.826,-0.85904,11.53,-5.8775,-7.4635,-5.6348,-16.749,-16.142,-13.41,-3.8041,-11.276
-12.261,-12.287,-1.1496,11.644,-5.8383,-8.1833,-5.6437,-17.288,-16.693,-13.621,-0.19313,-11.515
-12.172,-12.73,-1.4747,11.614,-5.7285,-8.9939,-5.6465,-17.82,-17.221,-13.796,2.8813,-11.69
-11.879,-13.173,-1.9783,11.47,-5.4256,-9.8674,-5.6167,-18.329,-17.708,-13.948,5.2679,-11.782
-11.345,-13.602,-2.7618,11.228,-4.8302,-10.765,-5.5467,-18.798,-18.144,-14.093,7.0076,-11.773
-10.594,-13.979,-3.8385,10.915,-3.9177,-11.637,-5.4425,-19.211,-18.531,-14.246,8.3132,-11.661
-9.7324,-14.27,-5.1076,10.583,-2.7814,-12.426,-5.3135,-19.569,-18.886,-14.403,9.4618,-11.455
-8.9187,-14.463,-6.3902,10.308,-1.6044,-13.078,-5.1653,-19.882,-19.23,-14.545,10.638,-11.175
-8.268,-14.563,-7.5296,10.133,-0.55074,-13.562,-5.0024,-20.163,-19.573,-14.631,11.837,-10.85
-7.7749,-14.58,-8.4887,10.039,0.34954,-13.886,-4.8371,-20.414,-19.905,-14.615,12.908,-10.505
-7.3142,-14.532,-9.357,9.9498,1.2158,-14.091,-4.6922,-20.636,-20.198,-14.457,13.685,-10.156
-6.7346,-14.439,-10.256,9.7837,2.2046,-14.23,-4.5953,-20.838,-20.424,-14.147,14.066,-9.8121
-5.969,-14.334,-11.23,9.5109,3.3745,-14.343,-4.568,-21.042,-20.57,-13.71,14.011,-9.4726
-5.0695,-14.249,-12.207,9.1616,4.6392,-14.442,-4.6191,-21.278,-20.649,-13.209,13.557,-9.1405
-4.1649,-14.193,-13.034,8.7919,5.8141,-14.516,-4.7468,-21.567,-20.69,-12.722,12.83,-8.8244
-3.4019,-14.144,-13.542,8.4493,6.6977,-14.541,-4.9442,-21.904,-20.729,-12.317,11.995,-8.5356
-2.9113,-14.061,-13.598,8.1665,7.1352,-14.491,-5.1998,-22.267,-20.799,-12.035,11.181,-8.2838
-2.8014,-13.912,-13.128,7.982,7.026,-14.344,-5.4905,-22.633,-20.925,-11.879,10.448,-8.0758
-3.1546,-13.699,-12.118,7.9516,6.3205,-14.086,-5.7754,-22.988,-21.113,-11.814,9.8038,-7.9147
-3.9888,-13.453,-10.646,8.1243,5.0535,-13.713,-6.0001,-23.328,-21.346,-11.78,9.2309,-7.798
-5.1915,-13.212,-8.9038,8.4935,3.4029,-13.245,-6.1129,-23.651,-21.58,-11.707,8.7161,-7.7117
-6.4931,-12.989,-7.1765,8.9686,1.7014,-12.713,-6.0821,-23.944,-21.754,-11.538,8.2648,-7.6265
-7.5592,-12.774,-5.7526,9.4033,0.33036,-12.154,-5.9024,-24.188,-21.815,-11.243,7.8991,-7.503
-8.13,-12.544,-4.8118,9.6639,-0.43948,-11.591,-5.5885,-24.374,-21.74,-10.825,7.6449,-7.3038
-8.1276,-12.283,-4.3583,9.6864,-0.55611,-11.02,-5.1646,-24.503,-21.548,-10.313,7.516,-7.009
-7.6463,-11.98,-4.2386,9.4843,-0.17499,-10.421,-4.6558,-24.589,-21.286,-9.7504,7.5031,-6.6235
-6.8717,-11.621,-4.2329,9.1145,0.43631,-9.7741,-4.091,-24.643,-21.01,-9.1791,7.5737,-6.1752
-6.0132,-11.185,-4.1587,8.6416,1.0165,-9.0802,-3.4986,-24.668,-20.761,-8.6308,7.6814,-5.7055
-5.2428,-10.659,-3.9224,8.1258,1.4007,-8.36,-2.9008,-24.664,-20.556,-8.1173,7.7797,-5.2593
-4.6776,-10.053,-3.5013,7.631,1.526,-7.6444,-2.3052,-24.623,-20.39,-7.6481,7.8321,-4.8763
-4.3801,-9.3978,-2.9099,7.2231,1.3823,-6.9553,-1.7019,-24.556,-20.244,-7.2232,7.8185,-4.5823
-4.3414,-8.7262,-2.1992,6.9396,1.0099,-6.2982,-1.0668,-24.469,-20.095,-6.8307,7.7386,-4.3795
-4.4453,-8.0467,-1.4664,6.7502,0.53841,-5.67,-0.37615,-24.342,-19.915,-6.4441,7.6137,-4.2434
-4.4778,-7.3369,-0.83442,6.5508,0.1775,-5.0612,0.38275,-24.142,-19.675,-6.0276,7.481,-4.1304
-4.2155,-6.5591,-0.39816,6.2093,0.12822,-4.4563,1.2087,-23.848,-19.37,-5.5471,7.3786,-3.9972
-3.5483,-5.6886,-0.16885,5.6398,0.46987,-3.8268,2.0906,-23.451,-19.021,-4.992,7.3302,-3.824
-2.5517,-4.7305,-0.059634,4.8495,1.1046,-3.1294,3.0167,-22.95,-18.663,-4.361,7.3408,-3.6206
-1.4416,-3.7141,0.066964,3.927,1.8107,-2.3162,3.9806,-22.365,-18.323,-3.6625,7.4063,-3.4135
-0.44063,-2.6749,0.31556,2.9865,2.3884,-1.3547,4.9825,-21.699,-17.996,-2.8949,7.5249,-3.2246
0.34053,-1.6456,0.69611,2.1169,2.7697,-0.24891,6.0178,-20.944,-17.663,-2.064,7.6969,-3.0593
0.91899,-0.66295,1.1305,1.3675,3.0192,0.94831,7.0658,-20.099,-17.288,-1.183,7.9149,-2.9115
1.3666,0.22056,1.5185,0.76522,3.2436,2.1372,8.084,-19.196,-16.879,-0.283,8.1508,-2.7747
1.7252,0.93994,1.8078,0.33131,3.4895,3.1901,9.0149,-18.302,-16.482,0.58597,8.3524,-2.6487
1.9946,1.4449,2.0232,0.074496,3.7202,3.9868,9.8006,-17.501,-16.162,1.3657,8.456,-2.5375
2.1485,1.7337,2.2514,-0.022524,3.8476,4.4565,10.4,-16.843,-15.968,1.9958,8.4109,-2.442
2.1468,1.846,2.611,0.0055431,3.7669,4.6099,10.802,-16.341,-15.92,2.4491,8.2011,-2.3596
1.9204,1.8337,3.2205,0.13895,3.363,4.5298,11.026,-15.988,-16.004,2.7235,7.8489,-2.2904
1.3644,1.7229,4.1526,0.39325,2.5255,4.3302,11.12,-15.772,-16.189,2.8356,7.3999,-2.2468
0.40029,1.5015,5.3718,0.80918,1.2203,4.0984,11.138,-15.683,-16.447,2.8126,6.9018,-2.2546
-0.9301,1.1394,6.6954,1.4002,-0.41249,3.8651,11.122,-15.71,-16.741,2.6858,6.3918,-2.3412
-2.397,0.61997,7.8163,2.1133,-2.0347,3.6079,11.086,-15.838,-17.035,2.5019,5.896,-2.5171
-3.651,-0.044877,8.3928,2.8416,-3.2125,3.2749,11.018,-16.029,-17.293,2.3092,5.4325,-2.7675
-4.3945,-0.8297,8.1722,3.4825,-3.5968,2.8119,10.88,-16.257,-17.497,2.1389,5.0089,-3.0608
-4.5319,-1.7083,7.0963,3.9941,-3.0883,2.1881,10.624,-16.534,-17.658,1.9874,4.6188,-3.3688
-4.2023,-2.6624,5.3518,4.4075,-1.9016,1.401,10.204,-16.902,-17.826,1.8149,4.2387,-3.6749
-3.6931,-3.6703,3.3286,4.7937,-0.48311,0.47788,9.5896,-17.39,-18.043,1.5635,3.8354,-3.9797
-3.3061,-4.6952,1.4822,5.2123,0.69562,-0.53587,8.7733,-18.019,-18.334,1.1881,3.3769,-4.2948
-3.2557,-5.6891,0.17245,5.687,1.3253,-1.5908,7.7699,-18.793,-18.698,0.65956,2.8409,-4.6375
-3.6372,-6.613,-0.42788,6.2098,1.2917,-2.6481,6.6081,-19.691,-19.114,-0.027127,2.2172,-5.0285
-4.4241,-7.4545,-0.36006,6.7542,0.64018,-3.6924,5.3169,-20.701,-19.566,-0.86685,1.5037,-5.489
-5.4521,-8.2274,0.10643,7.2782,-0.38618,-4.7296,3.9209,-21.827,-20.04,-1.8371,0.7053,-6.032
-6.432,-8.9515,0.54315,7.7212,-1.3549,-5.7687,2.4428,-23.071,-20.535,-2.9087,-0.16469,-6.6499
-7.0461,-9.6327,0.55409,8.0139,-1.8196,-6.8017,0.90914,-24.422,-21.039,-4.0508,-1.0842,-7.3117
-7.085,-10.261,-0.065201,8.1097,-1.5159,-7.8021,-0.64894,-25.865,-21.535,-5.2393,-2.0265,-7.9732
-6.5457,-10.824,-1.3041,8.0243,-0.44581,-8.7353,-2.1997,-27.384,-22.022,-6.4637,-2.9693,-8.6012
-5.6432,-11.332,-2.9698,7.8476,1.1216,-9.5708,-3.7194,-28.992,-22.517,-7.7226,-3.9019,-9.188
-4.7147,-11.806,-4.7375,7.7069,2.7377,-10.29,-5.1976,-30.704,-23.042,-9.0272,-4.827,-9.7504
-4.062,-12.26,-6.2656,7.6976,3.9736,-10.89,-6.6371,-32.511,-23.602,-10.378,-5.7528,-10.311
-3.8316,-12.687,-7.3414,7.8361,4.6122,-11.39,-8.0437,-34.362,-24.16,-11.749,-6.6805,-10.876
-3.9937,-13.063,-7.9355,8.0598,4.684,-11.824,-9.4106,-36.175,-24.634,-13.086,-7.5968,-11.426
-4.4014,-13.377,-8.1586,8.2806,4.374,-12.233,-10.701,-37.863,-24.949,-14.327,-8.4823,-11.931
-4.8705,-13.655,-8.2019,8.4401,3.9284,-12.661,-11.83,-39.35,-25.066,-15.441,-9.334,-12.38
-5.2455,-13.964,-8.287,8.5333,3.588,-13.151,-12.644,-40.564,-25.001,-16.453,-10.19,-12.808
-5.4401,-14.386,-8.6028,8.5996,3.5231,-13.733,-12.903,-41.399,-24.81,-17.452,-11.136,-13.3
-5.4582,-14.996,-9.2429,8.7062,3.7816,-14.428,-12.286,-41.689,-24.56,-18.573,-12.296,-13.977
-5.4022,-15.846,-10.17,8.939,4.2603,-15.233,-10.473,-41.221,-24.299,-19.956,-13.796,-14.972
-5.4485,-16.967,-11.215,9.3869,4.7199,-16.123,-7.6046,-39.802,-24.026,-21.689,-15.721,-16.383
-5.7729,-18.353,-12.14,10.116,4.8768,-17.056,-6.5793,-37.346,-23.667,-23.75,-18.045,-18.207
-6.4595,-19.953,-12.734,11.127,4.5504,-17.985,-16.401,-33.943,-23.048,-25.936,-20.555,-20.221
-7.4534,-21.646,-12.936,12.323,3.771,-18.885,-23.953,-29.89,-21.873,-27.808,-22.872,-21.974
-8.5767,-23.247,-12.863,13.5,2.765,-19.742,-23.751,-25.69,-19.732,-28.696,-24.645,-23.202
-9.5899,-24.565,-12.762,14.406,1.8366,-20.537,-20.577,-22.259,-16.187,-27.798,-25.682,-24.235
-10.284,-25.449,-12.884,14.865,1.2433,-21.228,-13.743,-21.913,-11.66,-24.446,-25.579,-25.153
-10.565,-25.77,-13.375,14.908,1.1408,-21.756,-1.0349,-28.606,-19.017,-20.259,-23.325,-24.771
-10.525,-25.543,-14.22,14.851,1.6109,-22.063,20.162,-33.202,-23.874,-32.107,-27.533,-30.561
-10.988,-26.898,-15.253,17.488,2.7241,-22.139,51.369,-15.268,-17.518,-38.382,-44.451,-47.826
-21.705,-45.741,-16.198,36.442,4.3454,-22.492,90.899,18.955,-11.844,-47.368,-65.883,-69.578
-40.834,-65.942,-16.751,50.703,3.8804,-28.309,133.57,59.57,-4.6527,-55.573,-87.367,-92.007
-49.393,-77.627,-16.668,61.221,-1.9898,-46.721,173.77,100.99,7.9478,-57.938,-102.81,-109.42
-53.288,-81.041,-15.868,65.494,-6.1978,-51.009,206.01,139.93,30.273,-48.19,-105.77,-115.9
-50.633,-73.804,-14.459,60.748,-8.3514,-45.513,225.36,176.72,66.188,-20.131,-90.699,-106.56
-39.537,-55.925,-12.651,45.7,-7.0987,-35.092,229.18,215.64,121.36,32.213,-53.075,-77.937
-17.791,-28.533,-10.591,19.916,-0.1224,-21.42,218.93,265.4,208.67,116.44,10.63,-27.549
17.595,7.6629,-8.303,-17.036,14.809,-4.8761,199.44,336.77,337.64,238.85,102.62,46.111
68.986,53.374,-6.1038,-65.916,38.613,15.842,175.96,437.46,506.19,402.15,224.58,143.73
134.43,110.6,-6.5556,-126.89,71.562,43.242,151.42,567.37,714.06,604.06,375.78,264.68
209.69,180.81,-10.627,-198.75,111.96,79.222,124.66,714.14,948.31,833.61,550.37,405.21
289.23,262.38,-10.318,-278.09,151.58,123.25,91.554,853.92,1182.6,1069,735.59,556.86
366.3,349.11,-3.487,-358.69,185.22,171.43,47.245,954.96,1380.1,1278.7,911.69,705.98
433.3,431.1,8.3909,-432.71,210.04,217.97,-11.655,983.03,1499.6,1426.9,1054.7,835.31
482.68,498.3,23.954,-491.74,223.72,258.44,-85.007,910.51,1506.9,1482.4,1142,927.79
508.52,543.41,42.236,-528.3,225.1,289.87,-168.26,726.2,1385.5,1427.5,1159.4,971.52
508.07,563.28,62.279,-538.74,213.71,309.86,-254.34,441.44,1142.4,1265.3,1106.4,963.96
482.89,560.57,85.264,-525.09,189.6,319.79,-335.05,89.619,809.67,1020.6,996.71,912.96
438.82,543.28,114.88,-494.56,154.62,324.89,-401.54,-281.19,436.51,733.3,854.03,833.7
384.79,520.72,149.6,-456.58,113.23,330,-447.22,-620.67,76.739,447.03,703.75,743.23
330.09,499.46,184.04,-418.86,70.824,336.98,-470.06,-889.43,-225.49,197.21,566.09,655.08
280.81,481.27,214.24,-384.9,31.811,343.92,-473.07,-1067.6,-445.42,3.6242,451.64,575.72
237.62,462.42,235.17,-353.61,-0.91865,345.44,-463.04,-1155.8,-580.25,-131.3,360.49,504.28
197.49,435.61,242.71,-320.49,-25.817,335.08,-448.18,-1169.8,-644.55,-218.98,285.22,435.69
158.1,394.76,235.92,-281.29,-42.444,310.09,-435.97,-1132.7,-661.43,-276.7,215.92,364.98
119.92,341.62,217.01,-236.4,-51.975,273.52,-431.02,-1068.1,-653.19,-318.86,146.62,290.66
84.714,283.19,190.41,-189.93,-56.488,230.85,-432.86,-994.64,-635.67,-353.2,78.184,216.72
53.464,225.06,160.98,-145.65,-57.897,186.96,-434.92,-923.15,-616.22,-381.72,14.839,148.67
25.543,170.32,132.57,-104.64,-56.005,145.78,-427.63,-856.84,-595.39,-402.79,-38.405,90.585
1.9912,121.91,107.65,-68.268,-41.455,109.85,-405.76,-792.99,-570.75,-413.68,-78.484,44.526
-16.074,81.262,87.157,-37.897,-29.766,79.6,-370.54,-724.84,-539.29,-412.56,-105.33,10.097
-29.229,48.602,70.362,-14.633,-28.815,54.745,-324.69,-649.16,-495.59,-399.94,-120.46,-14.504
-37.615,25.111,56.626,1.6814,-30.053,35.811,-271.52,-570.54,-440.89,-377.29,-126.01,-31.309
-39.759,10.173,46.162,11.696,-30.725,22.633,-215.57,-488.89,-385.05,-345.51,-123.93,-41.476
-32.34,2.0568,38.469,16.026,-30.272,14.409,-161.48,-405.02,-327.34,-308.18,-114.73,-45.052
-21.834,-0.75373,33.213,15.442,-28.811,10.32,-112.35,-324,-268.02,-266.14,-98.021,-41.818
-16.944,0.72625,30.672,9.6315,-26.684,9.9876,-70.114,-251.06,-210.76,-221.34,-73.686,-31.627
-14.807,7.6418,31.471,1.5621,-24.35,16.53,-38.442,-189.71,-159.42,-177.27,-50.811,-9.9275
-13.559,12.816,31.603,0.39506,-22.24,19.865,-17.432,-141.56,-116.79,-137.83,-32.874,-2.9464
-12.704,10.879,29.3,0.40776,-20.598,16.345,-4.4283,-106.55,-84.432,-105.46,-18.84,-2.7075
-12.072,9.1462,26.624,0.29738,-19.409,13.043,2.462,-83.199,-62.497,-81.025,-9.3042,-2.1606
-11.522,8.1067,24.259,0.072768,-18.475,10.616,4.5959,-69.076,-49.698,-64.652,-4.342,-1.2838
-10.892,7.4505,22.113,-0.25133,-17.546,8.6723,3.6808,-61.384,-43.772,-55.916,-3.9369,-0.51049
-10.077,6.9635,19.997,-0.64996,-16.433,6.9255,-0.86947,-57.996,-42.136,-53.673,-6.997,-0.10101
-9.0776,6.4876,17.769,-1.0598,-15.06,5.2103,-6.5511,-58.132,-42.587,-56.587,-10.072,-0.040233
-7.9805,5.8942,15.31,-1.3894,-13.432,3.4306,-3.27,-54.286,-39.053,-60.627,-10.916,-0.16259
-6.8904,5.0802,12.514,-1.5512,-11.593,1.5191,-0.088885,-46.38,-31.043,-56.826,-10.431,-0.32304
-5.8999,3.9716,9.3159,-1.4835,-9.6022,-0.57734,1.647,-39.294,-24.709,-49.913,-9.7483,-0.4664
-5.0883,2.5256,5.7215,-1.1528,-7.5359,-2.8944,2.2673,-33.853,-20.272,-44.492,-9.2671,-0.60971
-4.5245,0.73201,1.829,-0.55383,-5.4935,-5.4371,2.1885,-29.799,-17.2,-40.719,-9.058,-0.81599
-4.2333,-1.3821,-2.1968,0.27635,-3.5621,-8.1764,1.7616,-26.752,-15.084,-38.154,-9.1155,-1.1636
-4.1456,-3.7441,-6.1843,1.2444,-1.7609,-11.047,1.2561,-24.371,-13.61,-36.432,-9.4174,-1.6982
-4.1026,-6.239,-10.016,2.2183,-0.025783,-13.95,0.86614,-22.376,-12.531,-35.255,-9.9247,-2.4077
-3.9472,-8.7349,-13.648,3.0809,1.7251,-16.774,0.71647,-20.561,-11.657,-34.361,-10.576,-3.2381
-3.64,-11.128,-17.077,3.7903,3.4898,-19.418,0.86325,-18.808,-10.859,-33.529,-11.286,-4.1189
-3.3072,-13.378,-20.272,4.4063,5.1293,-21.826,1.2984,-17.088,-10.072,-32.61,-11.962,-4.9758
-3.1821,-15.506,-23.119,5.0573,6.4089,-23.999,1.965,-15.43,-9.2805,-31.543,-12.516,-5.7373
-3.4747,-17.553,-25.466,5.8594,7.1186,-25.988,2.7824,-13.88,-8.4863,-30.338,-12.891,-6.3454
-4.2562,-19.536,-27.215,6.8461,7.1915,-27.873,3.6723,-12.453,-7.6928,-29.039,-13.07,-6.7679
-5.4357,-21.425,-28.371,7.9562,6.7299,-29.73,4.5764,-11.128,-6.8789,-27.697,-13.073,-7.0081
-6.8188,-23.159,-29.011,9.0751,5.9385,-31.595,5.465,-9.8597,-6.0196,-26.354,-12.95,-7.1047
-8.1862,-24.674,-29.248,10.089,5.0399,-33.431,6.3391,-8.5986,-5.0867,-25.04,-12.759,-7.1167
-9.3455,-25.925,-29.235,10.912,4.219,-35.122,7.2222,-7.2959,-4.0732,-23.766,-12.542,-7.1
-10.15,-26.899,-29.177,11.497,3.6187,-36.52,8.1438,-5.9093,-2.9825,-22.52,-12.314,-7.0852
-10.5,-27.607,-29.291,11.819,3.3659,-37.526,9.1191,-4.4131,-1.83,-21.277,-12.054,-7.0684
-10.368,-28.083,-29.734,11.891,3.5506,-38.138,10.138,-2.8166,-0.64566,-20.022,-11.72,-7.0159
-9.8353,-28.377,-30.518,11.773,4.1435,-38.425,11.164,-1.174,0.52755,-18.761,-11.267,-6.8785
-9.0981,-28.531,-31.488,11.558,4.9574,-38.461,12.152,0.43289,1.6498,-17.521,-10.673,-6.6116
-8.3822,-28.561,-32.388,11.332,5.7277,-38.291,13.052,1.9334,2.7059,-16.34,-9.9569,-6.1953
-7.8441,-28.434,-32.98,11.123,6.2491,-37.938,13.824,3.3058,3.7163,-15.248,-9.1822,-5.6454
-7.5198,-28.085,-33.143,10.89,6.4525,-37.418,14.435,4.5865,4.729,-14.261,-8.433,-5.0086
-7.357,-27.454,-32.875,10.558,6.3739,-36.754,14.866,5.8452,5.7949,-13.371,-7.7767,-4.3436
-7.29,-26.534,-32.218,10.088,6.0703,-35.972,15.12,7.1481,6.9448,-12.55,-7.2428,-3.7053
-7.2799,-25.382,-31.212,9.4959,5.5846,-35.09,15.225,8.5371,8.1828,-11.759,-6.8155,-3.128
-7.2921,-24.086,-29.929,8.8321,4.9788,-34.122,15.228,10.037,9.5041,-10.951,-6.4394,-2.614
-7.2547,-22.721,-28.521,8.1236,4.3722,-33.078,15.184,11.676,10.923,-10.075,-6.0347,-2.1288
-7.0458,-21.32,-27.196,7.3459,3.9323,-31.968,15.141,13.492,12.485,-9.0821,-5.52,-1.6094
-6.5352,-19.869,-26.13,6.4421,3.8141,-30.792,15.135,15.514,14.256,-7.9469,-4.8397,-0.98703
-5.6581,-18.352,-25.378,5.371,4.078,-29.547,15.176,17.744,16.284,-6.6756,-3.9857,-0.21598
-4.4617,-16.761,-24.855,4.1418,4.6454,-28.238,15.262,20.155,18.589,-5.3078,-3.0033,0.70803
-3.0804,-15.104,-24.385,2.8054,5.3389,-26.88,15.385,22.724,21.149,-3.8968,-1.9688,1.752
-1.6666,-13.384,-23.8,1.4178,5.9768,-25.501,15.556,25.477,23.949,-2.4823,-0.95354,2.8666
-0.33573,-11.594,-23.013,0.011133,6.448,-24.123,15.804,28.506,27.002,-1.0742,0.005944,4.0063
0.84017,-9.7315,-22.024,-1.3892,6.7198,-22.758,16.162,31.924,30.373,0.34576,0.91702,5.1375
1.8138,-7.8198,-20.883,-2.7474,6.803,-21.406,16.655,35.818,34.151,1.8141,1.823,6.2396
2.5654,-5.9024,-19.657,-4.0195,6.7316,-20.063,17.284,40.217,38.426,3.378,2.7859,7.3152
3.1399,-4.0231,-18.422,-5.1922,6.573,-18.732,18.027,45.104,43.28,5.0963,3.8696,8.4034
3.67,-2.1967,-17.251,-6.3242,6.4273,-17.427,18.847,50.465,48.776,7.0438,5.1373,9.5997
4.3355,-0.39785,-16.181,-7.5439,6.3859,-16.164,19.701,56.308,54.902,9.3088,6.6471,11.043
5.2699,1.4255,-15.183,-8.9928,6.4663,-14.945,20.559,62.645,61.514,11.979,8.4613,12.886
6.4783,3.3293,-14.155,-10.764,6.5763,-13.742,21.408,69.458,68.345,15.116,10.645,15.262
7.8368,5.3645,-12.962,-12.881,6.5519,-12.501,22.258,76.685,75.102,18.733,13.246,18.222
9.193,7.586,-11.518,-15.341,6.2622,-11.163,23.136,84.25,81.6,22.789,16.257,21.674
10.503,10.066,-9.8655,-18.18,5.7195,-9.6918,24.065,92.073,87.812,27.21,19.602,25.369
11.884,12.885,-8.178,-21.47,5.1056,-8.0803,25.05,100.04,93.822,31.938,23.18,29.016
13.528,16.101,-6.6829,-25.225,4.686,-6.3533,26.076,107.99,99.74,36.947,26.945,32.471
15.558,19.686,-5.561,-29.307,4.6702,-4.5557,27.116,115.7,105.63,42.23,30.961,35.8
17.961,23.511,-4.8829,-33.468,5.1278,-2.7414,28.144,122.99,111.51,47.763,35.373,39.209
20.662,27.401,-4.603,-37.521,6.0015,-0.95948,29.146,129.79,117.33,53.488,40.292,42.913
23.604,31.244,-4.5819,-41.438,7.1585,0.76173,30.125,136.16,123.04,59.313,45.692,47.001
26.751,35.046,-4.6184,-45.295,8.4204,2.4307,31.09,142.2,128.65,65.13,51.357,51.383
30.009,38.889,-4.4968,-49.146,9.5839,4.0949,32.044,147.99,134.15,70.835,56.987,55.86
33.202,42.846,-4.0512,-52.961,10.463,5.8204,32.981,153.52,139.54,76.358,62.364,60.264
36.157,46.934,-3.2268,-56.655,10.953,7.6582,33.883,158.74,144.84,81.682,67.426,64.508
38.838,51.122,-2.1084,-60.176,11.093,9.6217,34.732,163.59,150.06,86.851,72.225,68.583
41.393,55.36,-0.88998,-63.543,11.067,11.688,35.515,168.05,155.22,91.959,76.885,72.552
44.044,59.576,0.21654,-66.816,11.11,13.82,36.227,172.14,160.33,97.113,81.558,76.533
46.916,63.676,1.0779,-70.015,11.381,15.983,36.863,175.92,165.36,102.36,86.377,80.654
49.972,67.581,1.6768,-73.107,11.897,18.154,37.406,179.42,170.19,107.68,91.394,84.982
53.106,71.281,2.0806,-76.048,12.569,20.32,37.823,182.64,174.72,112.93,96.559,89.491
56.279,74.849,2.3931,-78.858,13.314,22.463,38.076,185.58,178.84,118,101.74,94.08
59.534,78.428,2.7248,-81.632,14.102,24.569,38.135,188.26,182.54,122.77,106.79,98.625
62.866,82.156,3.1818,-84.487,14.924,26.654,38.003,190.67,185.86,127.25,111.66,103.05
66.142,86.094,3.8505,-87.472,15.715,28.794,37.718,192.85,188.91,131.53,116.4,107.37
69.207,90.182,4.7581,-90.558,16.361,31.093,37.342,194.82,191.76,135.75,121.15,111.68
72.034,94.276,5.8147,-93.677,16.832,33.619,36.93,196.62,194.45,140.07,126.06,116.1
74.775,98.252,6.8006,-96.792,17.283,36.337,36.5,198.3,197.01,144.55,131.25,120.76
77.714,102.07,7.4378,-99.954,18.047,39.117,36.019,199.87,199.44,149.21,136.7,125.7
81.133,105.78,7.5122,-103.27,19.452,41.811,35.405,201.34,201.72,153.97,142.27,130.87
85.107,109.48,6.9968,-106.81,21.58,44.361,34.557,202.67,203.82,158.68,147.79,136.14
89.426,113.24,6.1049,-110.57,24.171,46.817,33.386,203.81,205.72,163.18,153.11,141.32
93.724,117.1,5.2125,-114.5,26.771,49.273,31.857,204.73,207.45,167.35,158.17,146.29
97.69,121.07,4.6952,-118.48,28.975,51.791,29.994,205.45,209.04,171.16,163.02,150.99
101.17,125.06,4.7886,-122.43,30.568,54.358,27.871,206.02,210.58,174.71,167.78,155.5
104.16,128.98,5.5275,-126.25,31.528,56.894,25.566,206.49,212.14,178.15,172.58,159.96
106.74,132.71,6.7538,-129.84,31.979,59.298,23.119,206.91,213.75,181.6,177.56,164.51
109.01,136.16,8.1717,-133.09,32.153,61.493,20.515,207.24,215.37,185.11,182.75,169.27
111.08,139.28,9.4398,-135.95,32.346,63.431,17.696,207.45,216.91,188.62,188.1,174.27
113.09,142.06,10.275,-138.44,32.832,65.101,14.594,207.5,218.31,192.02,193.48,179.45
115.11,144.56,10.543,-140.65,33.759,66.522,11.168,207.36,219.52,195.18,198.71,184.68
117.13,146.85,10.308,-142.64,35.062,67.739,7.4208,207.03,220.5,198.06,203.7,189.8
118.99,148.93,9.7977,-144.41,36.469,68.797,3.4078,206.48,221.26,200.65,208.39,194.69
120.47,150.77,9.2972,-145.91,37.642,69.71,-0.77611,205.69,221.79,202.99,212.75,199.29
121.49,152.25,9.0044,-147.1,38.363,70.42,-5.0314,204.61,222.09,205.13,216.8,203.54
122.1,153.28,8.9302,-148,38.655,70.801,-9.2851,203.18,222.12,207.09,220.5,207.4
122.5,153.79,8.8921,-148.62,38.763,70.719,-13.491,201.32,221.83,208.8,223.85,210.79
122.88,153.74,8.6106,-149.01,38.989,70.102,-17.601,198.94,221.08,210.16,226.82,213.62
123.33,153.11,7.8774,-149.14,39.504,68.97,-21.531,195.95,219.76,211.06,229.3,215.8
123.76,151.88,6.6865,-148.94,40.25,67.4,-25.182,192.25,217.77,211.39,231.09,217.21
123.95,150.05,5.2131,-148.29,41.011,65.477,-28.459,187.78,215.06,211.08,231.94,217.68
123.7,147.59,3.6868,-147.1,41.55,63.27,-31.309,182.44,211.56,210.05,231.63,217.03
122.89,144.49,2.2949,-145.32,41.706,60.818,-33.715,176.16,207.14,208.23,229.99,215.12
121.44,140.75,1.1492,-142.87,41.415,58.125,-35.681,168.8,201.6,205.48,226.94,211.86
119.28,136.38,0.28281,-139.7,40.689,55.171,-37.218,160.21,194.74,201.6,222.46,207.23
116.36,131.43,-0.34509,-135.75,39.6,51.91,-38.331,150.24,186.49,196.39,216.65,201.34
112.76,125.97,-0.83334,-130.98,38.279,48.296,-39.027,138.81,177,189.79,209.77,194.38
108.64,120.16,-1.299,-125.46,36.874,44.317,-39.322,125.92,166.59,181.96,202.17,186.54
104.16,114.1,-1.8216,-119.35,35.485,40.027,-39.252,111.62,155.58,173.21,194.15,178.01
99.332,107.83,-2.4022,-112.84,34.088,35.569,-38.866,96.036,144.16,163.88,185.8,168.88
94.07,101.34,-2.966,-106.11,32.527,31.149,-38.218,79.593,132.38,154.18,177.01,159.24
88.225,94.609,-3.4099,-99.291,30.6,26.964,-37.36,63.148,120.26,144.19,167.62,149.19
81.751,87.658,-3.6663,-92.507,28.188,23.131,-36.339,47.786,107.84,133.9,157.52,138.85
74.766,80.554,-3.7401,-85.826,25.33,19.666,-35.206,34.294,95.199,123.31,146.79,128.35
67.491,73.376,-3.6967,-79.259,22.201,16.524,-34.012,22.849,82.453,112.44,135.67,117.9
60.127,66.157,-3.617,-72.775,19.013,13.649,-32.8,13.164,69.632,101.44,124.52,107.68
52.806,58.869,-3.5558,-66.352,15.928,11,-31.6,4.8091,56.72,90.532,113.62,97.817
45.602,51.487,-3.5346,-59.971,13.053,8.5539,-30.429,-2.5717,43.801,79.867,103.18,88.373
38.558,44.079,-3.5561,-53.575,10.478,6.2982,-29.297,-9.2065,31.271,69.396,93.322,79.387
31.721,36.852,-3.6091,-47.058,8.2639,4.2244,-28.219,-15.232,19.88,58.849,84.086,70.856
25.193,30.106,-3.6451,-40.318,6.3691,2.3326,-27.215,-20.753,10.347,47.911,75.416,62.734
19.115,24.103,-3.56,-33.345,4.6348,0.63821,-26.307,-25.865,2.851,36.663,67.16,54.949
13.582,18.966,-3.2177,-26.304,2.8463,-0.8327,-25.506,-30.646,-3.0006,25.977,59.106,47.433
8.6094,14.672,-2.5139,-19.582,0.83609,-2.0602,-24.804,-35.132,-7.7797,17.065,51.002,40.061
4.1734,11.121,-1.439,-13.67,-1.4351,-3.046,-24.171,-39.313,-11.923,10.422,42.656,32.62
0.25459,8.192,-0.095276,-8.8687,-3.8616,-3.8157,-23.565,-43.142,-15.66,5.6817,34.268,25.143
-3.1544,5.767,1.3467,-5.1422,-6.248,-4.4093,-22.942,-46.574,-19.068,2.237,26.601,18.434
-6.0466,3.7333,2.717,-2.2681,-8.3948,-4.8694,-22.271,-49.598,-22.158,-0.37234,20.374,13.352
-8.4021,1.9973,3.893,-0.034385,-10.159,-5.2335,-21.541,-52.236,-24.934,-2.4246,15.68,9.8507
-10.191,0.50132,4.8072,1.6854,-11.465,-5.5312,-20.756,-54.525,-27.406,-4.0872,12.192,7.4231
-11.396,-0.77224,5.4414,2.9493,-12.303,-5.783,-19.936,-56.487,-29.586,-5.4751,9.534,5.6349
-12.059,-1.8208,5.8297,3.8018,-12.736,-5.999,-19.098,-58.126,-31.474,-6.6797,7.4301,4.2131
-12.321,-2.6568,6.0597,4.3294,-12.907,-6.1841,-18.248,-59.449,-33.062,-7.779,5.7045,2.9952
-12.409,-3.3319,6.2444,4.6745,-13.005,-6.3467,-17.376,-60.479,-34.345,-8.8331,4.2486,1.8874
-12.547,-3.9261,6.4674,4.9947,-13.19,-6.507,-16.461,-61.257,-35.329,-9.8709,2.9966,0.84388
-12.862,-4.5105,6.7322,5.3964,-13.523,-6.6979,-15.481,-61.82,-36.025,-10.882,1.9141,-0.14312
-13.338,-5.1143,6.9515,5.894,-13.934,-6.9542,-14.424,-62.182,-36.446,-11.827,0.99132,-1.053
-13.838,-5.7215,6.9933,6.4242,-14.265,-7.2963,-13.299,-62.344,-36.606,-12.659,0.23205,-1.8527
-14.203,-6.2932,6.7616,6.9006,-14.367,-7.714,-12.13,-62.309,-36.528,-13.355,-0.36085,-2.5158
-14.345,-6.7939,6.2611,7.2671,-14.184,-8.164,-10.95,-62.093,-36.252,-13.928,-0.798,-3.0361
-14.283,-7.202,5.5981,7.5168,-13.778,-8.5813,-9.79,-61.713,-35.821,-14.415,-1.1079,-3.4306
-14.094,-7.5038,4.9201,7.6738,-13.269,-8.9002,-8.662,-61.173,-35.265,-14.86,-1.3299,-3.7304
-13.861,-7.6873,4.3451,7.7663,-12.767,-9.0738,-7.5619,-60.462,-34.589,-15.291,-1.5014,-3.9675
-13.644,-7.7466,3.9314,7.8178,-12.334,-9.0822,-6.4769,-59.58,-33.78,-15.712,-1.6488,-4.1654
-13.488,-7.6916,3.6938,7.856,-12.004,-8.9283,-5.4007,-58.553,-32.823,-16.102,-1.7839,-4.3364
-13.437,-7.5468,3.6355,7.9137,-11.803,-8.6264,-4.3429,-57.443,-31.725,-16.427,-1.9039,-4.4803
-13.508,-7.3345,3.7642,8.0084,-11.747,-8.1933,-3.3301,-56.32,-30.508,-16.653,-1.9943,-4.5821
-13.663,-7.0532,4.0884,8.1139,-11.831,-7.6482,-2.4003,-55.236,-29.212,-16.763,-2.0329,-4.6132
-13.823,-6.675,4.6132,8.1603,-12.026,-7.0151,-1.5942,-54.211,-27.878,-16.762,-1.9969,-4.5387
-13.913,-6.1687,5.349,8.075,-12.311,-6.316,-0.94287,-53.247,-26.555,-16.685,-1.8706,-4.3346
-13.931,-5.5314,6.3197,7.8345,-12.703,-5.5609,-0.45721,-52.35,-25.298,-16.582,-1.6552,-4.005
-13.94,-4.8015,7.5445,7.481,-13.243,-4.7491,-0.1208,-51.536,-24.161,-16.506,-1.3746,-3.5885
-14.004,-4.0403,8.9867,7.0877,-13.931,-3.8869,0.10779,-50.818,-23.181,-16.487,-1.0733,-3.1472
-14.112,-3.3015,10.512,6.7046,-14.678,-3.0041,0.28248,-50.19,-22.36,-16.519,-0.80416,-2.7459
-14.167,-2.6138,11.898,6.3359,-15.311,-2.1541,0.45145,-49.62,-21.669,-16.564,-0.60921,-2.4294
-14.047,-1.9896,12.91,5.9644,-15.653,-1.3957,0.64349,-49.072,-21.063,-16.57,-0.49958,-2.2085
-13.7,-1.4434,13.397,5.5945,-15.613,-0.77028,0.86451,-48.525,-20.506,-16.494,-0.44748,-2.0573
-13.18,-0.99878,13.353,5.2687,-15.223,-0.29011,1.1028,-47.982,-19.983,-16.319,-0.39824,-1.9253
-12.611,-0.67561,12.896,5.0407,-14.613,0.05643,1.3389,-47.452,-19.5,-16.057,-0.29665,-1.757
-12.106,-0.47243,12.199,4.9343,-13.931,0.29043,1.5563,-46.931,-19.067,-15.74,-0.11241,-1.513
-11.722,-0.36694,11.42,4.9284,-13.288,0.42837,1.7494,-46.404,-18.693,-15.409,0.14694,-1.1881
-11.465,-0.33824,10.671,4.9805,-12.741,0.47207,1.9268,-45.867,-18.388,-15.112,0.43765,-0.81788
-11.319,-0.39136,10.005,5.0592,-12.302,0.4024,2.1117,-45.337,-18.168,-14.893,0.69178,-0.4719
-11.253,-0.55969,9.4164,5.1566,-11.948,0.18145,2.3357,-44.851,-18.046,-14.787,0.836,-0.23034
-11.219,-0.87877,8.8519,5.2724,-11.626,-0.23047,2.6319,-44.432,-18.024,-14.802,0.8188,-0.14937
-11.149,-1.352,8.245,5.3915,-11.267,-0.84837,3.0274,-44.064,-18.074,-14.906,0.63982,-0.23053
-10.974,-1.9404,7.5541,5.4848,-10.811,-1.6442,3.5351,-43.701,-18.144,-15.034,0.35783,-0.41561
-10.68,-2.5859,6.7901,5.5361,-10.258,-2.5509,4.1469,-43.295,-18.187,-15.124,0.061468,-0.61648
-10.323,-3.2441,6.0101,5.5656,-9.6691,-3.4867,4.8335,-42.834,-18.176,-15.146,-0.17953,-0.76187
-10.01,-3.8965,5.2794,5.6227,-9.1429,-4.3847,5.551,-42.35,-18.12,-15.115,-0.34896,-0.83197
-9.8268,-4.5382,4.627,5.7511,-8.7494,-5.211,6.2538,-41.894,-18.045,-15.084,-0.48656,-0.86339
-9.7948,-5.1613,4.023,5.9603,-8.4902,-5.9653,6.9068,-41.507,-17.98,-15.116,-0.66287,-0.92698
-9.8733,-5.7565,3.3918,6.2286,-8.3019,-6.6699,7.4925,-41.208,-17.947,-15.256,-0.94539,-1.0953
-9.9963,-6.3282,2.6525,6.5315,-8.0946,-7.3545,8.0051,-41.001,-17.97,-15.53,-1.375,-1.4172
-10.106,-6.9037,1.7592,6.8599,-7.795,-8.0443,8.4368,-40.892,-18.08,-15.938,-1.9582,-1.9059
-10.156,-7.5176,0.71234,7.2072,-7.3624,-8.7535,8.7649,-40.89,-18.309,-16.462,-2.6696,-2.5359
-10.089,-8.1838,-0.46097,7.5413,-6.7704,-9.486,8.9476,-40.998,-18.669,-17.065,-3.4614,-3.2502
-9.8307,-8.878,-1.7281,7.7947,-5.9888,-10.237,8.9265,-41.213,-19.146,-17.709,-4.2788,-3.9772
-9.3254,-9.5482,-3.0476,7.8928,-5.006,-10.996,8.638,-41.542,-19.715,-18.37,-5.0811,-4.6578
-8.6005,-10.148,-4.3541,7.8077,-3.8779,-11.747,8.0261,-42.016,-20.36,-19.054,-5.86,-5.2708
-7.7914,-10.668,-5.5593,7.5925,-2.7427,-12.47,7.0516,-42.69,-21.09,-19.8,-6.647,-5.8458
-7.0933,-11.134,-6.5802,7.3643,-1.7722,-13.152,5.6963,-43.616,-21.933,-20.664,-7.5006,-6.4483
-6.6721,-11.587,-7.3765,7.2465,-1.0947,-13.785,3.9622,-44.796,-22.908,-21.686,-8.4756,-7.1435
-6.597,-12.051,-7.97,7.3144,-0.73913,-14.362,1.8693,-46.176,-24.003,-22.868,-9.5924,-7.9613
-6.8257,-12.53,-8.4293,7.578,-0.63164,-14.876,-0.54924,-47.663,-25.18,-24.171,-10.823,-8.8845
-7.2357,-13.014,-8.8377,7.9937,-0.63851,-15.321,-3.252,-49.182,-26.397,-25.536,-12.101,-9.8632
-7.671,-13.493,-9.2703,8.485,-0.61635,-15.697,-6.1955,-50.705,-27.627,-26.918,-13.354,-10.84
-7.9807,-13.96,-9.7831,8.9573,-0.44227,-16.02,-9.336,-52.255,-28.866,-28.298,-14.53,-11.773
-8.0497,-14.393,-10.396,9.3142,-0.038473,-16.307,-12.624,-53.868,-30.122,-29.686,-15.612,-12.636
-7.8411,-14.758,-11.061,9.4855,0.58246,-16.564,-15.997,-55.563,-31.4,-31.096,-16.608,-13.421
-7.4417,-15.017,-11.646,9.4679,1.2766,-16.776,-19.377,-57.321,-32.701,-32.529,-17.54,-14.134
-7.0587,-15.161,-11.958,9.3453,1.789,-16.911,-22.679,-59.098,-34.018,-33.969,-18.435,-14.791
-6.939,-15.212,-11.827,9.2595,1.8551,-16.931,-25.822,-60.839,-35.337,-35.379,-19.315,-15.418
-7.2451,-15.208,-11.197,9.3359,1.3414,-16.82,-28.742,-62.481,-36.624,-36.701,-20.187,-16.036
-7.9608,-15.172,-10.187,9.6137,0.34203,-16.578,-31.39,-63.963,-37.816,-37.851,-21.037,-16.646
-8.8874,-15.097,-9.0359,10.026,-0.8492,-16.22,-33.734,-65.234,-38.836,-38.741,-21.821,-17.225
-9.7405,-14.957,-7.9868,10.444,-1.8859,-15.766,-35.75,-66.275,-39.622,-39.313,-22.481,-17.733
-10.291,-14.736,-7.1765,10.746,-2.5341,-15.235,-37.431,-67.108,-40.16,-39.565,-22.971,-18.138
-10.465,-14.444,-6.5885,10.877,-2.759,-14.643,-38.778,-67.78,-40.489,-39.56,-23.275,-18.425
-10.346,-14.102,-6.0724,10.847,-2.7153,-14.007,-39.797,-68.333,-40.673,-39.386,-23.411,-18.595
-10.113,-13.729,-5.4172,10.707,-2.6679,-13.335,-40.498,-68.772,-40.765,-39.119,-23.413,-18.652
-9.9629,-13.332,-4.4436,10.523,-2.8768,-12.629,-40.891,-69.076,-40.792,-38.795,-23.32,-18.608
-10.053,-12.918,-3.0733,10.356,-3.4991,-11.893,-40.988,-69.22,-40.759,-38.42,-23.158,-18.489
-10.462,-12.516,-1.3536,10.272,-4.5543,-11.148,-40.807,-69.207,-40.668,-37.978,-22.947,-18.335
-11.18,-12.171,0.5488,10.32,-5.9317,-10.44,-40.37,-69.067,-40.525,-37.456,-22.698,-18.195
-12.092,-11.926,2.3751,10.516,-7.4073,-9.8214,-39.702,-68.834,-40.337,-36.843,-22.414,-18.097
-13.004,-11.802,3.8386,10.826,-8.6925,-9.341,-38.837,-68.525,-40.102,-36.136,-22.09,-18.043
-13.715,-11.792,4.7205,11.183,-9.5342,-9.0231,-37.813,-68.137,-39.816,-35.341,-21.713,-18.003
-14.102,-11.875,4.9495,11.521,-9.8164,-8.8617,-36.677,-67.666,-39.485,-34.484,-21.279,-17.943
-14.17,-12.029,4.6225,11.808,-9.5993,-8.8244,-35.476,-67.128,-39.125,-33.604,-20.801,-17.846
-14.029,-12.231,3.9598,12.039,-9.0777,-8.865,-34.26,-66.555,-38.753,-32.747,-20.318,-17.727
-13.815,-12.454,3.22,12.221,-8.4916,-8.9374,-33.065,-65.979,-38.378,-31.952,-19.883,-17.627
-13.638,-12.662,2.6087,12.353,-8.0346,-9.0084,-31.906,-65.417,-37.996,-31.234,-19.54,-17.594
-13.558,-12.824,2.226,12.43,-7.8003,-9.0642,-30.774,-64.867,-37.604,-30.601,-19.304,-17.665
-13.585,-12.93,2.0633,12.465,-7.778,-9.108,-29.641,-64.326,-37.223,-30.059,-19.155,-17.853
-13.692,-13,2.0326,12.487,-7.8779,-9.1497,-28.47,-63.802,-36.899,-29.619,-19.049,-18.149
-13.812,-13.066,2.0192,12.523,-7.9711,-9.1914,-27.239,-63.305,-36.674,-29.285,-18.931,-18.515
-13.857,-13.137,1.94,12.571,-7.9411,-9.217,-25.946,-62.833,-36.554,-29.025,-18.746,-18.888
-13.753,-13.186,1.7841,12.591,-7.7362,-9.1925,-24.613,-62.356,-36.486,-28.768,-18.443,-19.181
-13.493,-13.16,1.6298,12.534,-7.4083,-9.0763,-23.268,-61.831,-36.377,-28.421,-17.995,-19.319
-13.171,-13.019,1.6297,12.393,-7.117,-8.8348,-21.923,-61.213,-36.138,-27.923,-17.415,-19.272
-12.952,-12.767,1.9526,12.212,-7.0732,-8.4585,-20.537,-60.462,-35.723,-27.281,-16.779,-19.088
-13,-12.46,2.704,12.072,-7.4375,-7.9765,-18.98,-59.51,-35.139,-26.579,-16.218,-18.891
-13.401,-12.186,3.8694,12.051,-8.2507,-7.4622,-17.009,-58.229,-34.422,-25.953,-15.895,-18.847
-14.138,-12.045,5.3113,12.202,-9.4142,-7.0211,-14.299,-56.423,-33.614,-25.548,-15.963,-19.116
-15.119,-12.13,6.816,12.552,-10.742,-6.7623,-10.6,-53.871,-32.734,-25.471,-16.529,-19.808
-16.231,-12.511,8.1617,13.112,-12.036,-6.7627,-6.4471,-50.412,-31.773,-25.752,-17.616,-20.922
-17.363,-13.218,9.174,13.871,-13.121,-7.041,-6.6594,-46.052,-30.67,-26.304,-19.104,-22.287
-18.402,-14.215,9.7476,14.774,-13.87,-7.5554,-18.104,-41.021,-29.288,-26.897,-20.706,-23.458
-19.217,-15.396,9.839,15.704,-14.197,-8.2253,-22.302,-35.755,-27.396,-27.146,-22.048,-23.914
-19.676,-16.598,9.452,16.493,-14.07,-8.9633,-20.525,-30.815,-24.655,-26.522,-22.906,-23.898
-19.698,-17.638,8.6384,16.965,-13.544,-9.6983,-15.765,-27.078,-20.68,-24.404,-23.242,-24.199
-19.263,-18.353,7.5008,17.028,-12.767,-10.374,-6.806,-26.74,-15.902,-20.245,-22.691,-25.115
-18.429,-18.594,6.174,16.767,-11.915,-10.929,8.6751,-32.492,-21.966,-15.988,-20.33,-25.557
-17.67,-18.321,4.7821,16.626,-11.14,-11.253,32.973,-32.336,-25.879,-28.972,-26.6,-32.796
-21.195,-19.551,3.409,22.057,-10.795,-11.169,66.636,-9.4781,-19.189,-35.147,-43.686,-50.277
-40.637,-42.083,2.1104,42.385,-13.404,-10.693,106.63,27.257,-13.606,-43.956,-65.428,-72.494
-51.465,-62.068,0.94658,55.854,-21.891,-14.694,147.65,68.481,-6.6918,-52.202,-87.293,-95.317
-57.977,-72.927,-0.014612,65.794,-25.139,-35.394,185.07,109.16,5.9541,-54.641,-102.78,-112.79
-59.141,-74.505,-0.74141,68.482,-24.795,-39.67,214.24,146.9,28.533,-44.288,-104.98,-118.87
-52.558,-64.92,-1.266,61.29,-21.464,-33.853,230.71,183.15,64.481,-14.945,-88.635,-108.8
-36.197,-44.667,-1.6449,43.239,-13.61,-23.239,232.39,222.38,120.22,39.245,-49.977,-79.427
-8.1569,-15.115,-1.8875,14.507,0.30547,-9.6707,221.2,273.52,209.27,125.54,14.241,-28.545
33.01,23.459,-1.958,-24.694,21.43,6.6513,202.03,348.84,342.28,249.73,106.68,45.59
87.893,72.399,-2.2914,-75.074,49.917,27.553,179.75,456.53,517.77,414.77,229.24,143.87
154.86,133.76,-4.6747,-137.51,84.775,56.198,156.59,593.8,733.27,618.09,381.04,265.51
230.25,208.25,-6.6651,-211.13,123.51,94.765,130.95,744.28,972.74,848,556.07,406.56
309.09,293.05,-3.2924,-292.17,160.94,142.27,98.451,880.62,1206.6,1082.3,741.45,558.48
385.15,380.94,5.3365,-373.95,193.03,193.75,54.067,969.95,1396.8,1289.6,917.35,707.62
450.87,461.95,18.253,-448.03,216.65,242.25,-5.2335,979.63,1503,1434.2,1059.7,836.74
498.64,526.53,34.674,-505.86,229.54,283.28,-79.344,885.38,1492.3,1484.5,1146,928.81
522.57,568.43,53.612,-540.89,230.43,314.29,-165.04,680.12,1350,1423,1161.7,971.95
520.29,586.05,75.056,-550.65,218.73,334.08,-255.44,379.28,1086.7,1254.2,1106.4,963.56
493.99,583.04,99.807,-537.61,194.56,344.14,-340.88,19.546,738.47,1004.9,994.19,911.45
449.83,567.09,127.94,-508.47,159.48,348.68,-412.02,-349.52,357.51,717.64,849.76,831.2
396.25,546.64,157.67,-471.61,117.67,352.25,-463.34,-678.59,-1.2821,437.81,700.52,740.61
341.73,527.17,187.23,-434.13,75.206,356.99,-493.96,-931.43,-294.15,200.47,567.46,653.62
292.11,509.1,214.83,-399.74,36.523,361.32,-506.31,-1092.1,-498.72,22.548,459.94,576.5
248.84,488.56,236.82,-368.03,3.6359,361.04,-505.12,-1164.8,-616.56,-97.425,375.84,507.88
209.92,460.62,248.98,-335.7,-22.103,351.89,-497.36,-1167.4,-666.57,-173.16,306.1,442.22
172.56,423.39,248.86,-299.97,-40.076,332.45,-489.76,-1123.7,-673.86,-221.87,240.88,374.42
135.63,378.9,236.6,-260.14,-50.956,303.96,-486,-1056.9,-660.52,-257.15,174.97,303.17
100.01,328.67,214.78,-216.41,-56.157,268.47,-485.59,-983.76,-640.81,-286.24,109.47,231.47
67.848,273.67,187.56,-171.74,-57.15,228.55,-483.44,-912.88,-620.53,-310.69,48.975,164.73
40.117,218.39,158.85,-129.85,-53.101,187.35,-472.7,-846.06,-599.23,-328.91,-2.0428,107.5
17.132,166.95,131.38,-92.775,-34.202,148.31,-449.55,-779.74,-572.88,-338.69,-40.603,61.632
0.11456,122.12,106.59,-62.186,-22.328,113.85,-414.08,-708.82,-536.45,-337.19,-66.284,26.706
-10.45,85.16,83.832,-37.709,-18.576,84.574,-367.85,-633.95,-487.2,-321.62,-81.008,1.4064
-11.204,55.519,63.157,-18.648,-16.733,60.075,-313.44,-556.84,-433.24,-294.74,-87.257,-15.841
-2.6687,32.873,47.366,-4.9761,-15.351,40.611,-254.81,-474.96,-378.73,-261,-86.428,-26.421
2.5362,17.534,36.919,3.1555,-14.076,26.629,-196.53,-390.43,-321.34,-221.17,-78.578,-31.011
-0.18683,9.2203,30.588,4.6119,-13.132,17.898,-142.59,-309.51,-262.97,-175.86,-54.256,-29.885
-4.0337,6.6719,27.733,-3.3735,-12.835,13.769,-95.264,-237.85,-208.46,-129.64,-19.163,-22.793
-6.7347,10.069,28.058,-10.16,-13.224,13.635,-57.022,-178.84,-161.83,-91.518,-12.879,-6.5503
-8.7209,17.769,30.088,-7.0048,-13.989,17.807,-30.372,-133.7,-125.5,-66.791,-12,3.006
-10.268,16.407,28.82,-1.9918,-14.66,18.027,-13.716,-101.88,-99.996,-53.473,-10.612,1.7227
-11.4,9.2008,24.156,1.1003,-14.858,11.88,-3.8327,-81.457,-84.07,-47.73,-8.776,0.40107
-12.058,3.6413,19.666,3.0298,-14.403,6.0843,1.0957,-69.648,-75.463,-46.835,-7.4299,-0.40819
-12.22,-0.18497,15.786,4.3954,-13.302,1.7448,2.0454,-63.68,-71.764,-48.53,-6.7074,-0.8992
-11.958,-3.1138,12.169,5.436,-11.693,-1.6068,0.25174,-62.943,-71.234,-47.318,-6.1,-1.2237
-11.415,-5.5483,8.6587,6.268,-9.8133,-4.3343,-6.6446,-65.947,-72.358,-40.043,-5.3287,-1.4491
-10.736,-7.6746,5.2811,6.9535,-7.9028,-6.6859,-4.8253,-62.195,-68.359,-32.718,-4.5293,-1.629
-10.021,-9.5862,2.071,7.5134,-6.1075,-8.8592,0.077635,-55.167,-60.316,-27.514,-3.9274,-1.8529
-9.3255,-11.332,-0.99582,7.9517,-4.4482,-11.002,3.7332,-48.922,-53.587,-24.012,-3.652,-2.2243
-8.7055,-12.944,-3.9439,8.2945,-2.9006,-13.18,6.1166,-44.094,-48.776,-21.683,-3.7267,-2.8105
-8.2488,-14.456,-6.7352,8.6078,-1.4814,-15.359,7.6107,-40.464,-45.318,-20.124,-4.0896,-3.5971
-8.0373,-15.89,-9.3004,8.9688,-0.23857,-17.44,8.5918,-37.653,-42.693,-19.028,-4.6195,-4.4851
-8.0702,-17.242,-11.613,9.4081,0.82137,-19.319,9.3687,-35.296,-40.51,-18.155,-5.1793,-5.3412
-8.2263,-18.462,-13.704,9.8725,1.7659,-20.929,10.155,-33.105,-38.491,-17.332,-5.6544,-6.051
-8.3082,-19.469,-15.604,10.242,2.6942,-22.234,11.061,-30.9,-36.459,-16.44,-5.9707,-6.5474
-8.1474,-20.183,-17.301,10.394,3.6629,-23.216,12.107,-28.613,-34.338,-15.425,-6.0969,-6.8155
-7.682,-20.562,-18.719,10.266,4.6498,-23.858,13.254,-26.269,-32.131,-14.287,-6.0368,-6.8827
-6.9588,-20.606,-19.739,9.8688,5.5704,-24.152,14.439,-23.941,-29.888,-13.065,-5.8151,-6.794
-6.1002,-20.341,-20.231,9.2694,6.3028,-24.105,15.606,-21.692,-27.665,-11.809,-5.4575,-6.5824
-5.2842,-19.804,-20.094,8.566,6.7018,-23.741,16.727,-19.542,-25.494,-10.553,-4.9754,-6.248
-4.7187,-19.045,-19.27,7.8764,6.6198,-23.094,17.814,-17.468,-23.383,-9.3021,-4.3639,-5.7591
-4.5944,-18.126,-17.746,7.3269,5.937,-22.201,18.904,-15.428,-21.329,-8.0436,-3.6165,-5.0815
-5.0268,-17.131,-15.57,7.0225,4.6053,-21.108,20.03,-13.392,-19.336,-6.7589,-2.7444,-4.2122
-5.994,-16.138,-12.873,7.0006,2.7033,-19.875,21.205,-11.346,-17.417,-5.4326,-1.7832,-3.1909
-7.3119,-15.196,-9.8787,7.1981,0.45011,-18.582,22.418,-9.2839,-15.58,-4.0493,-0.78084,-2.0846
-8.6949,-14.318,-6.8623,7.4716,-1.8593,-17.312,23.641,-7.1942,-13.812,-2.5884,0.2244,-0.96076
-9.8764,-13.499,-4.0738,7.6677,-3.9595,-16.131,24.852,-5.0583,-12.088,-1.0234,1.2224,0.13328
-10.712,-12.739,-1.6772,7.6965,-5.6937,-15.077,26.05,-2.8547,-10.374,0.67432,2.2358,1.1781
-11.205,-12.059,0.26212,7.5606,-7.0292,-14.167,27.254,-0.55897,-8.6446,2.5334,3.3105,2.1805
-11.444,-11.497,1.7425,7.3303,-8.0078,-13.408,28.502,1.8604,-6.8811,4.5851,4.4978,3.1674
-11.523,-11.079,2.7751,7.0958,-8.6767,-12.812,29.834,4.4459,-5.0707,6.8702,5.8419,4.1799
-11.511,-10.817,3.3577,6.9306,-9.064,-12.394,31.279,7.2425,-3.2058,9.4438,7.3725,5.2638
-11.462,-10.706,3.4868,6.8795,-9.2001,-12.167,32.839,10.28,-1.2841,12.367,9.1019,6.4533
-11.416,-10.734,3.1796,6.9595,-9.126,-12.136,34.481,13.563,0.69595,15.693,11.024,7.7593
-11.383,-10.887,2.4736,7.1542,-8.8678,-12.298,36.146,17.078,2.7513,19.449,13.119,9.1716
-11.303,-11.132,1.4093,7.3957,-8.4057,-12.641,37.762,20.822,4.9317,23.631,15.359,10.676
-11.049,-11.411,0.027144,7.5596,-7.6761,-13.144,39.271,24.83,7.3281,28.209,17.719,12.267
-10.481,-11.641,-1.6092,7.4995,-6.6213,-13.773,40.643,29.181,10.062,33.141,20.188,13.953
-9.5366,-11.746,-3.3881,7.1152,-5.2603,-14.478,41.885,33.977,13.261,38.372,22.771,15.729
-8.287,-11.684,-5.1519,6.4047,-3.7218,-15.198,43.032,39.319,17.033,43.844,25.496,17.575
-6.9017,-11.457,-6.7357,5.46,-2.2015,-15.874,44.133,45.296,21.46,49.498,28.427,19.474
-5.5578,-11.089,-8.0275,4.4091,-0.86647,-16.459,45.231,52.009,26.624,55.29,31.679,21.466
-4.3542,-10.603,-9.0166,3.3514,0.23271,-16.921,46.348,59.548,32.611,61.179,35.39,23.673
-3.2735,-9.9978,-9.7919,2.3232,1.1816,-17.236,47.475,67.93,39.457,67.104,39.633,26.262
-2.2081,-9.2615,-10.483,1.3038,2.1369,-17.388,48.578,76.989,47.026,72.97,44.311,29.352
-1.0308,-8.3813,-11.188,0.24291,3.2317,-17.362,49.605,86.363,54.966,78.661,49.159,32.875
0.3443,-7.3501,-11.941,-0.91589,4.5251,-17.15,50.51,95.625,62.847,84.077,53.882,36.614
1.9475,-6.16,-12.7,-2.2264,5.9953,-16.755,51.263,104.46,70.372,89.17,58.296,40.32
3.7532,-4.7998,-13.36,-3.7306,7.5341,-16.19,51.856,112.75,77.459,93.965,62.363,43.847
5.6692,-3.2662,-13.768,-5.4363,8.9528,-15.475,52.299,120.53,84.185,98.541,66.142,47.19
7.529,-1.5789,-13.76,-7.2931,10.015,-14.622,52.609,127.86,90.672,103,69.745,50.417
9.1182,0.21806,-13.207,-9.1962,10.498,-13.638,52.8,134.79,97.023,107.42,73.29,53.615
10.268,2.0787,-12.079,-11.046,10.291,-12.532,52.876,141.33,103.29,111.85,76.869,56.849
10.997,3.9901,-10.502,-12.843,9.494,-11.323,52.822,147.45,109.47,116.28,80.532,60.152
11.576,5.9922,-8.7361,-14.75,8.4339,-10.035,52.614,153.15,115.53,120.67,84.292,63.524
12.434,8.1658,-7.0864,-17.04,7.5493,-8.6925,52.226,158.43,121.41,125.01,88.136,66.95
13.957,10.597,-5.7865,-19.967,7.21,-7.3017,51.646,163.3,127.02,129.27,92.043,70.399
16.301,13.349,-4.9284,-23.63,7.5653,-5.8548,50.871,167.76,132.28,133.43,95.988,73.851
19.367,16.451,-4.4627,-27.927,8.5192,-4.3356,49.911,171.86,137.19,137.49,99.959,77.306
22.928,19.915,-4.2523,-32.623,9.828,-2.7324,48.781,175.64,141.79,141.46,103.96,80.799
26.772,23.738,-4.1415,-37.458,11.23,-1.0485,47.492,179.18,146.18,145.38,108,84.398
30.764,27.889,-4.0142,-42.222,12.547,0.69163,46.051,182.5,150.45,149.24,112.07,88.161
34.849,32.289,-3.8259,-46.791,13.734,2.4407,44.455,185.61,154.63,153.05,116.13,92.099
39.057,36.827,-3.6022,-51.15,14.875,4.1368,42.692,188.48,158.7,156.75,120.09,96.152
43.491,41.415,-3.4162,-55.381,16.142,5.7231,40.751,191.07,162.62,160.33,123.89,100.22
48.269,46.029,-3.3552,-59.621,17.72,7.1732,38.633,193.41,166.38,163.81,127.48,104.21
53.418,50.698,-3.4815,-63.995,19.724,8.5085,36.357,195.57,170.03,167.25,130.95,108.11
58.816,55.439,-3.8002,-68.56,22.11,9.795,33.959,197.65,173.67,170.74,134.4,111.96
64.229,60.209,-4.2549,-73.26,24.676,11.118,31.486,199.72,177.37,174.35,137.98,115.83
69.429,64.913,-4.7628,-77.928,27.195,12.547,28.982,201.81,181.12,178.08,141.75,119.8
74.306,69.464,-5.2733,-82.388,29.541,14.106,26.469,203.88,184.87,181.89,145.7,123.89
78.91,73.832,-5.8052,-86.584,31.741,15.762,23.941,205.91,188.54,185.73,149.77,128.12
83.413,78.043,-6.4258,-90.589,33.914,17.449,21.365,207.82,192.04,189.51,153.89,132.44
87.985,82.169,-7.1829,-94.527,36.167,19.108,18.687,209.56,195.3,193.15,157.99,136.81
92.664,86.289,-8.0444,-98.49,38.508,20.732,15.852,211.11,198.26,196.58,162.05,141.18
97.318,90.457,-8.8981,-102.52,40.84,22.372,12.807,212.42,200.88,199.75,166.05,145.52
101.74,94.68,-9.6056,-106.62,43.031,24.106,9.515,213.5,203.13,202.6,169.98,149.81
105.78,98.924,-10.068,-110.77,44.984,25.998,5.9625,214.37,205.01,205.12,173.86,154.09
109.36,103.13,-10.255,-114.92,46.666,28.06,2.1679,215.03,206.53,207.32,177.69,158.4
112.47,107.21,-10.196,-118.99,48.086,30.254,-1.8187,215.51,207.72,209.23,181.46,162.77
115.16,111.12,-9.9473,-122.89,49.266,32.504,-5.928,215.78,208.58,210.91,185.17,167.26
117.47,114.84,-9.573,-126.55,50.232,34.733,-10.097,215.78,209.15,212.38,188.81,171.86
119.47,118.38,-9.1314,-129.95,51.021,36.875,-14.284,215.47,209.41,213.64,192.36,176.52
121.26,121.8,-8.6639,-133.14,51.677,38.898,-18.47,214.81,209.33,214.67,195.78,181.17
122.88,125.17,-8.1778,-136.15,52.226,40.807,-22.634,213.74,208.89,215.42,199.06,185.69
124.33,128.47,-7.6379,-138.98,52.65,42.635,-26.729,212.24,208.03,215.85,202.12,189.96
125.56,131.62,-6.9843,-141.53,52.89,44.421,-30.677,210.27,206.71,215.91,204.88,193.87
126.49,134.43,-6.1776,-143.64,52.893,46.181,-34.374,207.82,204.88,215.6,207.23,197.28
127.1,136.72,-5.2421,-145.23,52.66,47.878,-37.717,204.89,202.49,214.9,209.03,200.06
127.44,138.37,-4.269,-146.26,52.258,49.423,-40.63,201.48,199.51,213.79,210.19,202.09
127.53,139.43,-3.3709,-146.76,51.775,50.708,-43.08,197.57,195.88,212.22,210.6,203.3
127.36,139.95,-2.6196,-146.79,51.245,51.658,-45.074,193.12,191.51,210.08,210.2,203.57
126.87,140.05,-2.0048,-146.38,50.6,52.264,-46.629,188.07,186.33,207.24,208.85,202.8
126.02,139.8,-1.4362,-145.55,49.706,52.589,-47.741,182.34,180.3,203.59,206.49,200.93
124.76,139.27,-0.79331,-144.34,48.445,52.732,-48.374,175.88,173.48,199.07,203.11,198.01
123.08,138.47,-0.004672,-142.79,46.82,52.78,-48.483,168.65,166.04,193.79,198.85,194.19
121.03,137.38,0.88719,-140.94,44.99,52.764,-48.054,160.6,158.15,187.89,193.89,189.66
118.74,135.97,1.7352,-138.88,43.222,52.637,-47.117,151.59,149.88,181.54,188.36,184.56
116.49,134.22,2.3761,-136.73,41.766,52.325,-45.74,141.36,141.18,174.78,182.26,178.9
114.51,132.11,2.7369,-134.47,40.695,51.763,-43.997,129.62,131.92,167.63,175.53,172.59
112.7,129.59,2.8855,-131.89,39.822,50.922,-41.955,116.15,121.97,160.08,168.07,165.55
110.58,126.59,3.0044,-128.65,38.776,49.806,-39.67,101.17,111.34,152.11,159.88,157.77
107.55,123.01,3.3137,-124.49,37.171,48.441,-37.182,85.412,100.16,143.76,151.04,149.38
103.14,118.78,3.9936,-119.37,34.736,46.86,-34.519,69.863,88.647,135.06,141.76,140.58
97.172,113.88,5.1315,-113.37,31.386,45.1,-31.709,55.43,76.951,126.07,132.21,131.59
89.791,108.36,6.6934,-106.67,27.225,43.191,-28.786,42.613,65.195,116.84,122.56,122.59
81.456,102.34,8.5223,-99.471,22.546,41.147,-25.801,31.508,53.528,107.42,112.9,113.7
72.85,96.059,10.364,-92.047,17.79,38.959,-22.821,21.969,42.194,97.832,103.32,105.01
64.649,89.711,11.937,-84.78,13.415,36.604,-19.917,13.702,31.558,88.116,93.914,96.565
57.241,83.384,13.024,-78.013,9.7211,34.068,-17.154,6.3873,21.964,78.269,84.771,88.344
50.582,76.993,13.545,-71.842,6.7753,31.365,-14.578,-0.22117,13.596,68.228,75.963,80.294
44.262,70.378,13.574,-66.034,4.4473,28.556,-12.203,-6.3083,6.4307,57.896,67.51,72.397
37.725,63.417,13.276,-60.148,2.5015,25.715,-10.018,-11.999,0.26706,47.349,59.366,64.709
30.527,56.087,12.836,-53.763,0.72257,22.895,-7.9923,-17.368,-5.1665,36.998,51.427,57.332
22.724,48.495,12.378,-46.64,-0.98836,20.094,-6.1066,-22.449,-10.109,27.421,43.573,50.33
15.266,40.904,11.938,-38.787,-2.6055,17.276,-4.3667,-27.259,-14.712,19.037,35.727,43.652
9.2055,33.681,11.467,-30.604,-4.0456,14.409,-2.8013,-31.809,-19.057,11.944,27.928,37.122
4.734,27.115,10.9,-22.96,-5.2465,11.504,-1.4433,-36.108,-23.18,6.0476,20.443,30.503
1.4845,21.339,10.208,-16.606,-6.1917,8.6299,-0.31196,-40.164,-27.086,1.1914,13.777,23.675
-0.92916,16.356,9.4101,-11.663,-6.8964,5.8743,0.59094,-43.964,-30.761,-2.813,8.3704,16.966
-2.7523,12.11,8.5346,-7.88,-7.3807,3.3094,1.274,-47.474,-34.171,-6.1767,4.2687,11.173
-4.1273,8.5178,7.587,-4.9659,-7.6609,0.96886,1.7487,-50.662,-37.282,-9.0706,1.1948,6.8255
-5.1709,5.4734,6.5633,-2.6894,-7.7695,-1.1454,2.0269,-53.521,-40.081,-11.609,-1.184,3.7562
-6.017,2.8625,5.4839,-0.85095,-7.7755,-3.0428,2.1218,-56.079,-42.583,-13.868,-3.1171,1.5398
-6.7965,0.58888,4.4072,0.71064,-7.7697,-4.7266,2.0477,-58.385,-44.827,-15.907,-4.7602,-0.15659
-7.5863,-1.3969,3.4132,2.0883,-7.8224,-6.19,1.8164,-60.481,-46.857,-17.765,-6.2015,-1.5267
-8.3777,-3.093,2.5771,3.2925,-7.9517,-7.4203,1.4349,-62.388,-48.701,-19.462,-7.4842,-2.6695
-9.0977,-4.4734,1.9527,4.2783,-8.1299,-8.4089,0.90396,-64.107,-50.375,-20.991,-8.6242,-3.632
-9.6712,-5.5306,1.5716,5.0036,-8.322,-9.1609,0.2189,-65.642,-51.893,-22.34,-9.6268,-4.4395
-10.074,-6.3057,1.4412,5.4759,-8.5152,-9.7023,-0.62556,-67.009,-53.273,-23.505,-10.502,-5.1157
-10.334,-6.882,1.533,5.7542,-8.7127,-10.08,-1.6278,-68.229,-54.524,-24.493,-11.273,-5.689
-10.493,-7.3473,1.778,5.9114,-8.9089,-10.349,-2.7735,-69.3,-55.624,-25.316,-11.964,-6.1875
-10.574,-7.7544,2.0854,5.9985,-9.0811,-10.554,-4.0358,-70.194,-56.514,-25.977,-12.591,-6.6299
-10.598,-8.1081,2.3857,6.0418,-9.2177,-10.711,-5.381,-70.866,-57.111,-26.468,-13.155,-7.0232
-10.614,-8.3852,2.666,6.0675,-9.3507,-10.803,-6.7788,-71.29,-57.354,-26.783,-13.645,-7.3684
-10.703,-8.5646,2.9652,6.1194,-9.5538,-10.801,-8.2093,-71.486,-57.236,-26.931,-14.051,-7.6701
-10.941,-8.6417,3.3275,6.2436,-9.8925,-10.687,-9.665,-71.511,-56.812,-26.948,-14.375,-7.9382
-11.338,-8.6222,3.7513,6.4541,-10.366,-10.467,-11.146,-71.435,-56.168,-26.879,-14.629,-8.182
-11.821,-8.5132,4.1747,6.7152,-10.894,-10.172,-12.651,-71.316,-55.384,-26.77,-14.829,-8.4039
-12.276,-8.3277,4.5091,6.9623,-11.36,-9.8511,-14.176,-71.189,-54.516,-26.659,-14.985,-8.596
-12.61,-8.0955,4.6919,7.1415,-11.675,-9.5483,-15.698,-71.073,-53.593,-26.577,-15.099,-8.7501
-12.784,-7.8623,4.7159,7.2324,-11.809,-9.2955,-17.175,-70.975,-52.627,-26.557,-15.18,-8.8668
-12.803,-7.6688,4.6202,7.2352,-11.783,-9.105,-18.555,-70.879,-51.616,-26.623,-15.241,-8.9578
-12.659,-7.5219,4.4569,7.1387,-11.62,-8.9718,-19.781,-70.742,-50.54,-26.788,-15.302,-9.04
-12.321,-7.386,4.2664,6.9072,-11.33,-8.879,-20.811,-70.496,-49.376,-27.046,-15.383,-9.1278
-11.77,-7.2074,4.078,6.5111,-10.926,-8.805,-21.624,-70.083,-48.109,-27.383,-15.494,-9.2312
-11.056,-6.9538,3.922,5.9729,-10.455,-8.7306,-22.22,-69.482,-46.745,-27.782,-15.633,-9.3548
-10.305,-6.6379,3.8261,5.3813,-10,-8.6468,-22.606,-68.71,-45.309,-28.227,-15.788,-9.4973
-9.6643,-6.3104,3.79,4.857,-9.6376,-8.5615,-22.799,-67.803,-43.82,-28.699,-15.942,-9.6499
-9.228,-6.0297,3.7654,4.4946,-9.3869,-8.4992,-22.813,-66.787,-42.278,-29.171,-16.072,-9.7946
-9.0031,-5.833,3.674,4.3265,-9.2057,-8.4866,-22.661,-65.662,-40.659,-29.613,-16.156,-9.9071
-8.9419,-5.7268,3.4631,4.3313,-9.0389,-8.5321,-22.352,-64.414,-38.933,-30.004,-16.172,-9.9634
-8.9992,-5.6997,3.1523,4.4669,-8.8748,-8.6145,-21.891,-63.039,-37.099,-30.335,-16.106,-9.9497
-9.1536,-5.7376,2.823,4.6918,-8.7493,-8.6957,-21.285,-61.559,-35.191,-30.624,-15.962,-9.8674
-9.3723,-5.8273,2.5529,4.9573,-8.6883,-8.746,-20.549,-60.021,-33.279,-30.899,-15.762,-9.7319
-9.5695,-5.9494,2.3521,5.1918,-8.6488,-8.7648,-19.719,-58.479,-31.445,-31.189,-15.538,-9.563
-9.6213,-6.0757,2.1605,5.313,-8.5279,-8.7779,-18.85,-56.976,-29.754,-31.496,-15.315,-9.3708
-9.4482,-6.1801,1.9109,5.2739,-8.246,-8.8164,-17.997,-55.53,-28.24,-31.796,-15.09,-9.1472
-9.0982,-6.2583,1.5972,5.1089,-7.8327,-8.8952,-17.195,-54.135,-26.904,-32.038,-14.836,-8.8694
-8.7471,-6.3322,1.2892,4.9316,-7.4334,-9.0043,-16.446,-52.771,-25.722,-32.173,-14.517,-8.5128
-8.5995,-6.4303,1.0839,4.8722,-7.2233,-9.1172,-15.718,-51.399,-24.646,-32.167,-14.112,-8.0636
-8.7665,-6.5565,1.0385,4.9979,-7.2962,-9.2041,-14.97,-49.975,-23.623,-32.007,-13.621,-7.5233
-9.201,-6.677,1.1346,5.2732,-7.6058,-9.2416,-14.176,-48.459,-22.599,-31.692,-13.059,-6.9064
-9.7226,-6.735,1.2942,5.5799,-7.9963,-9.216,-13.342,-46.843,-21.541,-31.231,-12.441,-6.2356
-10.108,-6.6778,1.429,5.7762,-8.2889,-9.1208,-12.508,-45.164,-20.444,-30.64,-11.781,-5.5363
-10.187,-6.4732,1.4799,5.7528,-8.3586,-8.9536,-11.74,-43.489,-19.326,-29.941,-11.086,-4.8296
-9.8783,-6.1056,1.4237,5.4554,-8.1547,-8.7144,-11.102,-41.885,-18.212,-29.153,-10.363,-4.125
-9.1798,-5.5633,1.2597,4.8773,-7.6819,-8.4025,-10.646,-40.383,-17.111,-28.295,-9.6147,-3.4158
-8.1586,-4.8346,1.0083,4.0523,-6.9906,-8.011,-10.391,-38.979,-16.028,-27.391,-8.8432,-2.6868
-6.955,-3.9162,0.72507,3.0563,-6.1865,-7.5194,-10.327,-37.647,-14.966,-26.469,-8.0538,-1.9242
-5.768,-2.8257,0.50405,2.0022,-5.427,-6.8951,-10.406,-36.367,-13.947,-25.565,-7.2576,-1.1254
-4.7986,-1.6049,0.44503,1.0137,-4.8735,-6.1099,-10.558,-35.123,-13.003,-24.712,-6.472,-0.30214
-4.1659,-0.31084,0.59726,0.18019,-4.6082,-5.164,-10.707,-33.913,-12.17,-23.929,-5.7183,0.52036
-3.8381,1.0012,0.92726,-0.48707,-4.5745,-4.0974,-10.794,-32.739,-11.476,-23.219,-5.0166,1.3067
-3.6343,2.2966,1.344,-1.0657,-4.5996,-2.9747,-10.787,-31.605,-10.927,-22.565,-4.3784,2.0186
-3.3183,3.5725,1.7662,-1.6838,-4.498,-1.8488,-10.679,-30.513,-10.504,-21.934,-3.8007,2.6263
-2.731,4.8555,2.1815,-2.452,-4.1842,-0.72989,-10.464,-29.445,-10.158,-21.283,-3.267,3.1221
-1.8738,6.1814,2.6587,-3.4066,-3.7215,0.41733,-10.137,-28.364,-9.8203,-20.569,-2.7539,3.5256
-0.90175,7.5664,3.3054,-4.488,-3.2868,1.645,-9.6801,-27.226,-9.4226,-19.767,-2.2457,3.8731
-0.048874,8.9876,4.2022,-5.5581,-3.0802,2.9815,-9.0797,-25.994,-8.9243,-18.882,-1.7425,4.1968
0.47561,10.382,5.3519,-6.4525,-3.228,4.4045,-8.3249,-24.658,-8.3217,-17.941,-1.2599,4.5091
0.56459,11.658,6.6722,-7.0386,-3.7333,5.8399,-7.4127,-23.231,-7.6434,-16.983,-0.81966,4.7987
0.22406,12.715,8.0328,-7.2441,-4.5027,7.1887,-6.3472,-21.748,-6.9363,-16.05,-0.43972,5.0381
-0.4623,13.47,9.3133,-7.0611,-5.409,8.3668,-5.1373,-20.259,-6.2486,-15.174,-0.12881,5.1959
-1.3658,13.882,10.444,-6.5504,-6.3377,9.3337,-3.796,-18.807,-5.6167,-14.374,0.11277,5.2468
-2.3279,13.976,11.412,-5.8466,-7.197,10.095,-2.3404,-17.424,-5.0589,-13.659,0.28891,5.1807
-3.1869,13.837,12.237,-5.1322,-7.9185,10.687,-0.78952,-16.121,-4.5776,-13.028,0.40469,5.0057
-3.8336,13.572,12.961,-4.5613,-8.4732,11.15,0.84187,-14.892,-4.1647,-12.47,0.46589,4.7463
-4.2657,13.244,13.632,-4.1748,-8.8918,11.508,2.549,-13.72,-3.8084,-11.964,0.47784,4.4319
-4.5852,12.831,14.287,-3.8796,-9.2517,11.749,4.3366,-12.586,-3.4939,-11.49,0.44345,4.0828
-4.9332,12.249,14.904,-3.5152,-9.6264,11.818,6.212,-11.464,-3.1983,-11.025,0.36275,3.7014
-5.4156,11.406,15.387,-2.951,-10.038,11.629,8.1747,-10.328,-2.8903,-10.556,0.23395,3.2745
-6.0729,10.261,15.6,-2.1359,-10.457,11.11,10.21,-9.1621,-2.5396,-10.088,0.054936,2.7801
-6.893,8.836,15.451,-1.0898,-10.841,10.241,12.289,-7.9675,-2.1294,-9.6378,-0.17891,2.1977
-7.8306,7.2065,14.951,0.12031,-11.165,9.0683,14.378,-6.7593,-1.6614,-9.2319,-0.47309,1.5198
-8.8133,5.4729,14.208,1.3951,-11.428,7.6874,16.445,-5.5535,-1.1499,-8.8874,-0.83126,0.75874
-9.7461,3.7352,13.349,2.619,-11.626,6.2013,18.465,-4.3593,-0.61525,-8.6027,-1.2519,-0.055149
-10.534,2.0632,12.46,3.6945,-11.738,4.6838,20.424,-3.1832,-0.081129,-8.3612,-1.7265,-0.88372
-11.114,0.47646,11.547,4.5776,-11.731,3.1618,22.315,-2.0393,0.42603,-8.1437,-2.2419,-1.6944
-11.474,-1.0532,10.552,5.2884,-11.563,1.6196,24.145,-0.94646,0.88403,-7.9397,-2.7806,-2.4676
-11.637,-2.5744,9.3741,5.891,-11.193,0.025152,25.934,0.084741,1.2867,-7.7489,-3.32,-3.1947
-11.651,-4.1248,7.933,6.4617,-10.595,-1.6349,27.714,1.0605,1.6473,-7.5756,-3.833,-3.8742
-11.578,-5.7152,6.217,7.0672,-9.7826,-3.3346,29.512,1.9943,1.9875,-7.4254,-4.2951,-4.5104
-11.481,-7.3294,4.2976,7.7458,-8.8152,-5.0157,31.337,2.8892,2.3208,-7.3042,-4.6945,-5.1139
-11.392,-8.9295,2.2945,8.4879,-7.7656,-6.6146,33.169,3.7313,2.6447,-7.2162,-5.0377,-5.6972
-11.287,-10.46,0.33309,9.2268,-6.6847,-8.0844,34.956,4.4976,2.9452,-7.1597,-5.3451,-6.2653
-11.105,-11.855,-1.4688,9.8623,-5.608,-9.401,36.639,5.1701,3.2073,-7.1239,-5.6382,-6.808
-10.817,-13.069,-2.9993,10.316,-4.599,-10.558,38.168,5.7436,3.4223,-7.0914,-5.9269,-7.2989
-10.479,-14.088,-4.1635,10.581,-3.7699,-11.564,39.522,6.2284,3.5911,-7.0462,-6.2048,-7.7059
-10.217,-14.942,-4.9155,10.725,-3.2431,-12.438,40.703,6.6506,3.7241,-6.9782,-6.4517,-8.0016
-10.16,-15.682,-5.2897,10.855,-3.0841,-13.21,41.728,7.0494,3.8396,-6.8829,-6.6411,-8.1723
-10.375,-16.365,-5.3996,11.068,-3.2703,-13.916,42.611,7.463,3.9544,-6.7581,-6.7494,-8.2231
-10.864,-17.033,-5.397,11.427,-3.7101,-14.584,43.345,7.9095,4.0727,-6.6028,-6.7664,-8.1798
-11.568,-17.703,-5.4245,11.945,-4.2778,-15.227,43.903,8.3779,4.1837,-6.4149,-6.7029,-8.0841
-12.365,-18.36,-5.59,12.57,-4.8264,-15.84,44.24,8.8331,4.2696,-6.1908,-6.5874,-7.9803
-13.065,-18.952,-5.9655,13.183,-5.1849,-16.407,44.299,9.2257,4.3155,-5.9276,-6.4582,-7.901
-13.453,-19.408,-6.5853,13.633,-5.1792,-16.904,44.025,9.4958,4.3095,-5.6309,-6.3502,-7.8585
-13.361,-19.67,-7.4389,13.793,-4.692,-17.313,43.37,9.5792,4.2395,-5.3214,-6.2821,-7.8426
-12.738,-19.723,-8.4739,13.614,-3.7199,-17.626,42.312,9.4266,4.0952,-5.0306,-6.2484,-7.8256
-11.664,-19.596,-9.6167,13.139,-2.3725,-17.849,40.857,9.0289,3.876,-4.7878,-6.2217,-7.7729
-10.298,-19.348,-10.803,12.467,-0.80852,-18,39.03,8.4239,3.5941,-4.6091,-6.1657,-7.6592
-8.823,-19.047,-11.99,11.72,0.82445,-18.098,36.858,7.6722,3.2663,-4.4977,-6.0564,-7.4858
-7.4041,-18.749,-13.136,11.005,2.4029,-18.157,34.343,6.825,2.9041,-4.451,-5.8966,-7.2826
-6.1672,-18.482,-14.182,10.387,3.8181,-18.184,31.48,5.9162,2.516,-4.4626,-5.7118,-7.0913
-5.1816,-18.229,-15.04,9.8782,4.979,-18.169,28.275,4.9741,2.1165,-4.5168,-5.5333,-6.9386
-4.4645,-17.936,-15.599,9.443,5.8137,-18.087,24.769,4.0296,1.7281,-4.5853,-5.3808,-6.8213
-4.0133,-17.536,-15.737,9.0376,6.2577,-17.9,21.035,3.11,1.3722,-4.633,-5.2541,-6.711
-3.8348,-16.989,-15.343,8.651,6.255,-17.567,17.166,2.2262,1.0569,-4.63,-5.1373,-6.5711
-3.9408,-16.303,-14.376,8.3131,5.7911,-17.062,13.251,1.3686,0.77338,-4.5619,-5.0088,-6.3746
-4.3115,-15.528,-12.925,8.0699,4.9346,-16.399,9.3593,0.5127,0.50258,-4.4347,-4.8524,-6.115
-4.8764,-14.739,-11.203,7.9531,3.84,-15.628,5.5348,-0.37253,0.22519,-4.2722,-4.6625,-5.8079
-5.5353,-14.017,-9.4767,7.9696,2.6955,-14.818,1.8041,-1.318,-0.072669,-4.1085,-4.4451,-5.4855
-6.1908,-13.423,-7.9677,8.1018,1.6611,-14.034,-1.8103,-2.3452,-0.39842,-3.9835,-4.2149,-5.1855
-6.7558,-12.972,-6.7977,8.3022,0.84148,-13.312,-5.2773,-3.4487,-0.75213,-3.9277,-3.9898,-4.9364
-7.1469,-12.631,-5.9728,8.4905,0.28905,-12.652,-8.5532,-4.6011,-1.1266,-3.9504,-3.7829,-4.7459
-7.2928,-12.323,-5.405,8.5729,0.0022448,-12.024,-11.586,-5.7557,-1.5094,-4.0365,-3.5956,-4.5989
-7.1708,-11.973,-4.959,8.4811,-0.078979,-11.39,-14.321,-6.8613,-1.8939,-4.1541,-3.4155,-4.4647
-6.8252,-11.535,-4.5148,8.2037,-0.051603,-10.725,-16.717,-7.879,-2.2786,-4.2708,-3.2204,-4.3088
-6.3424,-11.007,-4.0214,7.7849,0.003682,-10.037,-18.758,-8.7747,-2.6633,-4.3613,-2.9884,-4.1067
-5.804,-10.428,-3.5227,7.2974,0.071113,-9.3679,-20.465,-9.5292,-3.0469,-4.4187,-2.7097,-3.8547
-5.258,-9.8586,-3.1343,6.8145,0.20138,-8.7914,-21.894,-10.14,-3.4319,-4.4561,-2.3929,-3.5746
-4.7257,-9.3662,-2.984,6.3975,0.46645,-8.3805,-23.12,-10.639,-3.8294,-4.5001,-2.0642,-3.3091
-4.2152,-9.0063,-3.1527,6.0876,0.91388,-8.1857,-24.215,-11.071,-4.2473,-4.5773,-1.759,-3.1061
-3.7126,-8.8071,-3.649,5.8875,1.559,-8.2184,-25.229,-11.478,-4.6886,-4.6969,-1.5087,-2.9994
-3.1648,-8.7515,-4.4203,5.7484,2.4044,-8.4505,-26.192,-11.883,-5.1447,-4.8489,-1.3303,-2.9943
-2.4911,-8.7842,-5.3771,5.5867,3.4469,-8.8253,-27.12,-12.289,-5.6029,-5.01,-1.2236,-3.0681
-1.6252,-8.839,-6.4191,5.3261,4.6688,-9.2787,-28.022,-12.697,-6.0554,-5.1564,-1.1739,-3.1796
-0.54236,-8.8701,-7.4747,4.9306,6.0448,-9.7651,-28.906,-13.1,-6.5015,-5.2752,-1.1595,-3.2854
0.75289,-8.8695,-8.5522,4.4101,7.5789,-10.278,-29.773,-13.49,-6.9418,-5.3626,-1.1585,-3.3515
2.252,-8.8653,-9.7604,3.8074,9.3239,-10.847,-30.622,-13.847,-7.3697,-5.4212,-1.152,-3.36
3.9233,-8.9113,-11.256,3.2013,11.339,-11.513,-31.445,-14.145,-7.7717,-5.4561,-1.124,-3.3083
5.6703,-9.0712,-13.15,2.6948,13.615,-12.299,-32.229,-14.366,-8.1329,-5.4756,-1.0652,-3.2088
7.3307,-9.3991,-15.451,2.3886,16.054,-13.198,-32.956,-14.512,-8.4497,-5.4967,-0.98043,-3.088
8.7497,-9.9081,-18.061,2.335,18.514,-14.174,-33.613,-14.604,-8.7318,-5.5386,-0.89217,-2.9812
9.8746,-10.561,-20.82,2.502,20.879,-15.177,-34.198,-14.677,-8.9974,-5.6179,-0.83407,-2.9221
10.782,-11.28,-23.53,2.7784,23.077,-16.159,-34.721,-14.769,-9.2633,-5.7411,-0.83673,-2.9273
11.605,-11.971,-25.997,3.0255,25.058,-17.088,-35.191,-14.908,-9.5407,-5.9037,-0.91213,-2.9879
12.426,-12.562,-28.049,3.1433,26.764,-17.944,-35.61,-15.116,-9.8275,-6.0936,-1.0546,-3.0741
13.222,-13.028,-29.553,3.1101,28.12,-18.715,-35.959,-15.388,-10.109,-6.2944,-1.2434,-3.1523
13.877,-13.391,-30.441,2.9828,29.07,-19.399,-36.202,-15.699,-10.357,-6.4897,-1.4506,-3.1986
14.261,-13.704,-30.762,2.8534,29.615,-19.995,-36.288,-15.996,-10.535,-6.6598,-1.6475,-3.2132
14.311,-14.022,-30.695,2.8092,29.83,-20.503,-36.175,-16.214,-10.599,-6.7814,-1.8078,-3.2055
14.052,-14.374,-30.5,2.9026,29.835,-20.926,-35.84,-16.29,-10.515,-6.8326,-1.9115,-3.1868
13.561,-14.759,-30.4,3.1429,29.736,-21.259,-35.286,-16.194,-10.282,-6.8003,-1.9475,-3.1629
12.911,-15.145,-30.483,3.507,29.581,-21.49,-34.543,-15.943,-9.9382,-6.6868,-1.9156,-3.1314
12.149,-15.489,-30.667,3.9481,29.342,-21.597,-33.654,-15.596,-9.5532,-6.5056,-1.8296,-3.0929
11.337,-15.742,-30.761,4.3947,28.966,-21.564,-32.665,-15.223,-9.2044,-6.2773,-1.7092,-3.0501
10.585,-15.859,-30.586,4.7543,28.441,-21.397,-31.62,-14.886,-8.9493,-6.021,-1.5755,-3.0053
10.015,-15.815,-30.069,4.9451,27.813,-21.125,-30.549,-14.62,-8.8089,-5.7507,-1.4429,-2.9585
9.6633,-15.621,-29.234,4.9447,27.123,-20.784,-29.468,-14.441,-8.7726,-5.4782,-1.315,-2.9095
9.415,-15.329,-28.128,4.8205,26.336,-20.409,-28.376,-14.354,-8.8155,-5.2154,-1.1876,-2.8617
9.0499,-15.017,-26.789,4.6971,25.349,-20.017,-27.256,-14.361,-8.914,-4.9732,-1.0572,-2.8245
8.3825,-14.747,-25.285,4.6877,24.091,-19.61,-26.081,-14.442,-9.0522,-4.7552,-0.92708,-2.8097
7.4001,-14.533,-23.762,4.8295,22.619,-19.182,-24.828,-14.558,-9.2142,-4.5499,-0.80312,-2.8236
6.2818,-14.347,-22.404,5.0705,21.117,-18.715,-23.478,-14.657,-9.3805,-4.3317,-0.68771,-2.866
5.2708,-14.139,-21.331,5.3156,19.786,-18.191,-22.021,-14.697,-9.5342,-4.0741,-0.57853,-2.928
4.5154,-13.874,-20.517,5.4907,18.716,-17.589,-20.457,-14.661,-9.6694,-3.7664,-0.4747,-3.0042
4.0119,-13.547,-19.797,5.5755,17.846,-16.899,-18.793,-14.56,-9.7908,-3.4197,-0.38485,-3.0969
3.6594,-13.17,-18.962,5.5913,17.019,-16.117,-17.044,-14.407,-9.9051,-3.0589,-0.32201,-3.2084
3.3378,-12.752,-17.858,5.5701,16.074,-15.252,-15.23,-14.206,-10.012,-2.7079,-0.29681,-3.3312
2.9412,-12.295,-16.417,5.5391,14.901,-14.318,-13.371,-13.956,-10.103,-2.3804,-0.31008,-3.4507
2.3671,-11.806,-14.631,5.5406,13.432,-13.33,-11.484,-13.669,-10.18,-2.0854,-0.35519,-3.5503
1.5084,-11.307,-12.515,5.641,11.61,-12.297,-9.5751,-13.385,-10.257,-1.8362,-0.42806,-3.6346
0.28731,-10.835,-10.113,5.9098,9.4191,-11.225,-7.6413,-13.156,-10.366,-1.6533,-0.53457,-3.73
-1.2757,-10.409,-7.5268,6.3712,6.9407,-10.112,-5.6761,-13.018,-10.53,-1.5557,-0.689,-3.8731
-3.0175,-10.015,-4.9196,6.9676,4.3877,-8.9577,-3.6765,-12.973,-10.752,-1.5503,-0.90444,-4.093
-4.672,-9.6079,-2.4775,7.5698,2.0464,-7.7598,-1.6473,-12.989,-11.005,-1.6282,-1.1793,-4.3894
-5.9931,-9.1356,-0.33998,8.0382,0.15043,-6.5162,0.39959,-13.023,-11.251,-1.7704,-1.4961,-4.7332
-6.8774,-8.5757,1.4571,8.2945,-1.231,-5.2216,2.4462,-13.053,-11.455,-1.9577,-1.827,-5.0799
-7.3885,-7.9462,2.9831,8.3508,-2.2064,-3.8743,4.4677,-13.085,-11.605,-2.1783,-2.1487,-5.3913
-7.6673,-7.2918,4.3514,8.2751,-2.9644,-2.4935,6.4294,-13.142,-11.705,-2.4277,-2.4549,-5.6521
-7.8249,-6.654,5.6441,8.1298,-3.6469,-1.1334,8.2858,-13.242,-11.769,-2.704,-2.758,-5.8746
-7.9108,-6.0513,6.8811,7.9364,-4.2981,0.12513,9.988,-13.386,-11.806,-3.0022,-3.0767,-6.089
-7.9469,-5.4801,8.0459,7.692,-4.9086,1.2117,11.5,-13.561,-11.822,-3.3119,-3.4197,-6.3258
-7.9778,-4.9302,9.1393,7.4135,-5.493,2.1137,12.816,-13.755,-11.816,-3.6172,-3.7748,-6.6003
-8.09,-4.3974,10.208,7.1575,-6.1164,2.895,13.961,-13.963,-11.793,-3.9009,-4.1135,-6.9031
-8.3644,-3.8791,11.314,6.9898,-6.8384,3.6699,14.985,-14.188,-11.762,-4.1475,-4.4047,-7.2094
-8.7929,-3.3615,12.481,6.9307,-7.6309,4.5535,15.934,-14.429,-11.726,-4.3452,-4.6273,-7.4853
-9.2519,-2.8171,13.664,6.9319,-8.3618,5.619,16.834,-14.682,-11.687,-4.4883,-4.7756,-7.6987
-9.5791,-2.2212,14.789,6.9152,-8.8705,6.8815,17.682,-14.946,-11.645,-4.5789,-4.8553,-7.83
-9.6912,-1.5767,15.808,6.8387,-9.076,8.3052,18.456,-15.235,-11.607,-4.6265,-4.8751,-7.8775
-9.6442,-0.92356,16.766,6.7311,-9.0429,9.8229,19.13,-15.575,-11.585,-4.6452,-4.8429,-7.856
-9.5923,-0.31953,17.802,6.6642,-8.9667,11.352,19.684,-15.988,-11.596,-4.6463,-4.767,-7.7879
-9.692,0.19732,19.076,6.6918,-9.0857,12.809,20.109,-16.478,-11.648,-4.6304,-4.6546,-7.688
-10.027,0.63534,20.681,6.8123,-9.5781,14.126,20.406,-17.022,-11.733,-4.5832,-4.5082,-7.5534
-10.602,1.0429,22.639,6.9817,-10.51,15.271,20.579,-17.591,-11.833,-4.4829,-4.3242,-7.3657
-11.39,1.4743,24.937,7.1578,-11.858,16.268,20.64,-18.168,-11.931,-4.3169,-4.0975,-7.1066
-12.364,1.9552,27.538,7.3305,-13.548,17.174,20.593,-18.767,-12.027,-4.0941,-3.8313,-6.7741
-13.483,2.4728,30.325,7.5126,-15.457,18.043,20.437,-19.415,-12.134,-3.8457,-3.5433,-6.3888
-14.641,2.9916,33.049,7.7031,-17.371,18.882,20.159,-20.123,-12.267,-3.612,-3.2619,-5.9842
-15.651,3.4765,35.36,7.8632,-19.005,19.652,19.752,-20.877,-12.434,-3.424,-3.013,-5.5896
-16.307,3.9,36.926,7.934,-20.091,20.289,19.215,-21.64,-12.63,-3.2954,-2.8085,-5.2202
-16.487,4.2339,37.572,7.882,-20.499,20.744,18.555,-22.39,-12.858,-3.2278,-2.645,-4.8793
-16.217,4.4448,37.361,7.7286,-20.275,21.009,17.776,-23.138,-13.137,-3.2211,-2.5113,-4.5652
-15.638,4.5079,36.542,7.5317,-19.592,21.104,16.858,-23.937,-13.502,-3.2787,-2.3986,-4.2794
-14.901,4.4311,35.409,7.3323,-18.658,21.056,15.749,-24.848,-13.99,-3.4076,-2.3067,-4.028
-14.095,4.2608,34.154,7.1173,-17.645,20.856,14.368,-25.923,-14.629,-3.6144,-2.2439,-3.8211
-13.234,4.0535,32.818,6.8403,-16.618,20.441,12.635,-27.187,-15.423,-3.9043,-2.2231,-3.6723
-12.324,3.8299,31.359,6.486,-15.562,19.72,10.504,-28.648,-16.362,-4.282,-2.2574,-3.6007
-11.446,3.5478,29.731,6.1189,-14.507,18.624,7.9806,-30.303,-17.424,-4.752,-2.3594,-3.6312
-10.752,3.1178,27.926,5.8657,-13.561,17.15,5.1256,-32.135,-18.584,-5.3168,-2.5425,-3.7883
-10.361,2.4536,25.94,5.8411,-12.799,15.339,2.0363,-34.1,-19.808,-5.9714,-2.8205,-4.0868
-10.271,1.5204,23.755,6.0754,-12.172,13.261,-1.1726,-36.124,-21.061,-6.6991,-3.2022,-4.5224
-10.348,0.35142,21.368,6.5005,-11.54,10.998,-4.3881,-38.114,-22.305,-7.4711,-3.6827,-5.0703
-10.424,-0.97744,18.861,7.0001,-10.78,8.6542,-7.5139,-39.995,-23.517,-8.2546,-4.2398,-5.6944
-10.393,-2.3898,16.385,7.4813,-9.8622,6.3348,-10.478,-41.731,-24.695,-9.0246,-4.8399,-6.3629
-10.253,-3.8378,14.063,7.9122,-8.8557,4.1213,-13.237,-43.33,-25.855,-9.7703,-5.4484,-7.0565
-10.048,-5.3044,11.935,8.3092,-7.8518,2.0444,-15.771,-44.818,-27.004,-10.488,-6.0379,-7.7671
-9.8172,-6.7908,9.9517,8.7054,-6.8928,0.079806,-18.074,-46.201,-28.121,-11.171,-6.5957,-8.4903
-9.5837,-8.3076,8.0201,9.1364,-5.9604,-1.8319,-20.134,-47.457,-29.156,-11.807,-7.1292,-9.2259
-9.4014,-9.8821,6.0609,9.6563,-5.0356,-3.7531,-21.892,-48.528,-30.061,-12.393,-7.6741,-9.9887
-9.3905,-11.569,4.0642,10.357,-4.1651,-5.7246,-23.215,-49.333,-30.815,-12.951,-8.3021,-10.828
-9.7137,-13.446,2.092,11.35,-3.4677,-7.7596,-23.877,-49.742,-31.437,-13.542,-9.1235,-11.837
-10.49,-15.589,0.23216,12.716,-3.0702,-9.8526,-23.568,-49.561,-31.951,-14.247,-10.276,-13.143
-11.706,-18.044,-1.4571,14.441,-3.0239,-11.991,-21.967,-48.538,-32.355,-15.135,-11.893,-14.873
-13.194,-20.816,-2.9716,16.42,-3.2681,-14.163,-19.087,-46.436,-32.579,-16.212,-14.052,-17.08
-14.71,-23.852,-4.3426,18.507,-3.6675,-16.362,-17.212,-43.167,-32.475,-17.39,-16.68,-19.601
-16.051,-27.013,-5.602,20.578,-4.0862,-18.6,-23.545,-38.922,-31.827,-18.446,-19.451,-21.846
-17.109,-30.051,-6.7822,22.538,-4.4279,-20.907,-29.163,-34.21,-30.353,-19.012,-21.867,-23.254
-17.855,-32.758,-7.969,24.259,-4.6095,-23.281,-29.061,-29.855,-27.712,-18.577,-23.607,-24.199
-18.258,-35.16,-9.3465,25.47,-4.51,-25.627,-26.175,-27.26,-23.668,-16.533,-24.677,-25.421
-18.227,-37.392,-11.163,25.787,-3.9624,-27.771,-19.472,-29.3,-20.232,-12.392,-24.691,-27.349
-17.694,-39.267,-13.617,25.421,-2.7991,-29.524,-6.4521,-36.392,-30.222,-12.49,-22.985,-29.171
-17.182,-40.552,-16.724,26.22,-0.91615,-30.727,15.512,-31.733,-27.179,-25.756,-32.181,-38.963
-22.29,-44.423,-20.271,35.202,1.189,-31.347,47.947,-5.7041,-21.163,-31.967,-50.078,-57.436
-42.008,-63.486,-23.89,53.126,-1.7324,-31.79,89.574,31.593,-15.856,-40.406,-72.209,-80.342
-51.998,-82.99,-27.189,66.633,-7.2654,-34.169,134.58,72.769,-8.0385,-47.501,-93.702,-103.15
-58.222,-96.055,-29.888,76.211,-8.9552,-46.908,175.26,113.68,6.3529,-46.784,-108.07,-120.03
-58.922,-100.79,-31.904,78.496,-7.9379,-62.762,204.52,152.28,31.179,-31.41,-108.85,-125.13
-51.43,-94.965,-33.333,71.36,-3.1644,-63.687,216.9,189.93,70.439,3.9077,-91.011,-113.81
-33.448,-78.468,-34.365,53.736,5.364,-57.76,211.96,231.35,132.13,64.896,-50.413,-82.853
-3.7627,-52.011,-35.204,25.058,18.186,-47.614,194.3,286.32,228.85,159.64,16.811,-30.012
38.435,-15.706,-36.076,-15.106,37.927,-33.934,170.13,366.79,369.16,293.69,113.74,46.357
93.807,30.931,-37.821,-66.854,68.217,-16.317,144.04,478.47,551.28,467.67,241.41,146.91
160.79,88.551,-45.106,-129.43,108.41,6.5133,117.03,616.54,769.9,676.43,397.39,270.47
235.92,157.41,-61.508,-201.07,151.17,35.892,86.022,763.4,1006.8,906.13,574.3,412.65
314.4,235.91,-67.999,-278.86,192.09,72.211,45.841,891.03,1231.5,1132.3,758.34,564.47
390.1,319.28,-64.388,-358.2,228.1,114.1,-8.2507,966.36,1405.9,1322.3,929.33,712.11
455.49,399.75,-53.606,-431.75,255.28,158.47,-77.731,957.9,1490.4,1441.2,1063.5,838.42
502.69,468.39,-37.158,-490.32,270.08,201.68,-159.03,844.09,1454.8,1460.4,1139.2,926.51
525.54,517.07,-16.217,-526.33,269.96,240.22,-244.86,621.24,1288.3,1368,1143.4,964.76
521.54,541.05,8.0248,-536.46,254.18,270.18,-326.45,308.1,1006.8,1174.3,1078,951.28
493.12,542.14,35.648,-522.92,224.3,288.99,-395.32,-56.03,650.86,910.98,959.38,895.08
447.1,528.63,67.841,-493,183.88,300.36,-445.69,-420.77,274.77,621.86,813.47,812.72
392.5,510.34,104.63,-455.98,137.9,309.49,-475.84,-738.45,-68.694,349.98,666.79,722.24
337.43,493.89,144.4,-419.31,91.337,319.41,-487.65,-976.41,-341.26,126.17,538.26,636.64
286.75,480.64,183.44,-386.27,48.049,330.4,-486.06,-1122.5,-526.16,-37.083,434.32,560.23
241.59,466.84,216.14,-355.51,10.383,339.45,-477.98,-1183.3,-628.76,-144.79,350.96,490.14
200.5,445.58,237.4,-322.05,-20.365,340.91,-469.85,-1178.1,-670.4,-213.21,279.48,420.91
161.61,410.47,244.34,-281.47,-41.551,329.7,-465.58,-1130.9,-676.77,-261,210.34,348.77
123.91,360.14,237.14,-235.14,-54.094,304.51,-465.6,-1063.3,-667.2,-301.51,139.88,274.51
87.315,301.33,219.48,-188.19,-61.583,268.16,-466.58,-989.2,-650.79,-336.86,73.031,202.62
53.943,242.62,196.69,-143.98,-66.277,226.33,-462.52,-916.64,-630.56,-361.94,15.147,138.62
25.517,188.81,173.4,-104.09,-69.237,185.2,-447.58,-847.8,-606.41,-374.76,-30.147,85.952
2.3425,142.93,152.41,-70.412,-69.649,148.69,-419.46,-779.56,-575.29,-375.01,-62.143,44.827
-15.451,105.91,134.12,-43.19,-61.968,118.01,-379.16,-708.29,-534.56,-363.26,-82.778,13.493
-28.47,77.374,117.5,-22.108,-50.189,93.127,-329.04,-634.45,-483.07,-340.93,-93.76,-9.6023
-35.486,56.275,102.18,-6.9262,-46.222,73.733,-272.62,-557.73,-427.89,-310.78,-96.284,-25.293
-31.589,41.724,88.755,2.6374,-44.93,59.285,-214.32,-475.57,-370.91,-274.25,-91.552,-34.046
-19.284,33.173,77.076,6.4555,-43.144,49.101,-158.4,-390.43,-311.3,-231.9,-78.639,-35.944
-13.98,30.131,66.411,1.3714,-40.361,42.731,-107.68,-308.5,-251.31,-186.01,-43.134,-31.234
-11.905,37.311,56.842,-10.073,-36.686,40.58,-63.893,-235.58,-195.28,-141.96,-21.675,-18.555
-10.35,51.227,49.961,-11.817,-32.376,48.166,-31.523,-175.44,-147.02,-105.43,-17.253,-0.45033
-9.0071,50.595,46.767,-9.0568,-27.844,54.315,-11.136,-129.57,-108.79,-78.605,-13.745,1.1339
-7.9587,43.421,45.098,-7.775,-23.688,52.768,1.2738,-97.43,-81.317,-60.816,-9.7494,0.36067
-7.372,36.995,43.413,-7.3327,-20.583,48.735,8.7019,-77.03,-63.96,-50.634,-6.7215,0.10458
-7.4117,33.019,41.955,-7.1313,-18.928,44.08,12.428,-65.457,-54.921,-46.579,-5.2028,0.14343
-8.074,30.554,40.644,-6.8633,-18.521,39.638,13.991,-59.66,-51.62,-47.048,-4.6074,0.16354
-9.0992,28.795,39.18,-6.3737,-18.699,35.844,13.867,-58.226,-51.698,-48.271,-4.1742,0.0097792
-10.074,27.313,37.412,-5.6614,-18.772,32.797,11.225,-57.538,-51.563,-42.984,-3.5866,-0.29197
-10.607,25.906,35.277,-4.8779,-18.307,30.374,14.985,-50.619,-44.718,-35.203,-2.9146,-0.63127
-10.434,24.502,32.7,-4.2655,-17.116,28.371,19.933,-42.702,-37.196,-29.511,-2.3017,-0.92214
-9.4018,23.087,29.625,-4.0332,-15.073,26.58,23.942,-36.441,-31.722,-25.758,-1.8292,-1.1515
-7.5291,21.648,26.14,-4.2221,-12.181,24.838,26.993,-31.906,-27.888,-23.324,-1.5391,-1.3795
-5.185,20.156,22.555,-4.655,-8.8688,23.046,29.255,-28.703,-25.209,-21.791,-1.46,-1.7004
-3.063,18.6,19.327,-5.0296,-5.9511,21.164,30.919,-26.394,-23.296,-20.868,-1.5894,-2.1687
-1.8156,17.015,16.902,-5.0852,-4.1609,19.216,32.172,-24.596,-21.823,-20.326,-1.8825,-2.7659
-1.7734,15.463,15.576,-4.6967,-3.8683,17.268,33.175,-23.006,-20.531,-19.975,-2.2717,-3.4308
-2.993,13.994,15.365,-3.848,-5.1206,15.401,34.053,-21.43,-19.242,-19.662,-2.6867,-4.0908
-5.2923,12.625,15.933,-2.5932,-7.6047,13.675,34.875,-19.791,-17.87,-19.286,-3.06,-4.6801
-8.143,11.336,16.701,-1.081,-10.559,12.102,35.646,-18.113,-16.418,-18.806,-3.3325,-5.1478
-10.785,10.097,17.1,0.43616,-13.041,10.654,36.314,-16.482,-14.954,-18.233,-3.4651,-5.4591
-12.588,8.8891,16.798,1.6779,-14.414,9.267,36.783,-15.004,-13.568,-17.622,-3.4495,-5.5962
-13.266,7.7088,15.694,2.4451,-14.495,7.883,36.943,-13.764,-12.339,-17.039,-3.3128,-5.5665
-12.819,6.5592,13.853,2.6877,-13.368,6.4761,36.7,-12.808,-11.313,-16.542,-3.1101,-5.4056
-11.465,5.4374,11.509,2.5096,-11.349,5.0654,36.007,-12.132,-10.502,-16.168,-2.9069,-5.1698
-9.6234,4.3344,9.0353,2.1181,-8.9908,3.6917,34.873,-11.69,-9.8865,-15.927,-2.7606,-4.9211
-7.82,3.2456,6.7995,1.7347,-6.8812,2.3802,33.352,-11.405,-9.4257,-15.806,-2.7059,-4.7097
-6.4742,2.179,5.0094,1.5125,-5.3751,1.1137,31.507,-11.185,-9.0622,-15.771,-2.7464,-4.5611
-5.7412,1.1517,3.6608,1.5009,-4.5115,-0.16486,29.379,-10.946,-8.7374,-15.775,-2.8527,-4.4709
-5.5493,0.1743,2.5752,1.6731,-4.1155,-1.5258,26.968,-10.635,-8.4085,-15.768,-2.9718,-4.4087
-5.7363,-0.76382,1.4881,1.9829,-3.9386,-3.0215,24.256,-10.242,-8.0615,-15.717,-3.0484,-4.3326
-6.1105,-1.6955,0.15373,2.39,-3.726,-4.6651,21.237,-9.7919,-7.7121,-15.618,-3.0506,-4.2088
-6.4482,-2.6578,-1.5718,2.8443,-3.2469,-6.4269,17.939,-9.3231,-7.3893,-15.493,-2.984,-4.0275
-6.5417,-3.6682,-3.6975,3.2752,-2.3461,-8.2443,14.427,-8.8628,-7.1127,-15.376,-2.8848,-3.8063
-6.2912,-4.7156,-6.1117,3.6145,-1.0042,-10.039,10.79,-8.4118,-6.8771,-15.29,-2.7979,-3.5807
-5.7433,-5.7711,-8.6251,3.8288,0.63973,-11.736,7.1398,-7.9513,-6.6554,-15.239,-2.7556,-3.39
-5.0423,-6.8106,-11.045,3.9288,2.3422,-13.292,3.5924,-7.461,-6.4141,-15.207,-2.7685,-3.2658
-4.3328,-7.8302,-13.266,3.9521,3.8877,-14.708,0.25418,-6.9346,-6.1305,-15.175,-2.8277,-3.2249
-3.6693,-8.8422,-15.342,3.9319,5.2304,-16.023,-2.7924,-6.3754,-5.795,-15.123,-2.9099,-3.2632
-2.984,-9.858,-17.458,3.8775,6.5341,-17.289,-5.4952,-5.7787,-5.4014,-15.029,-2.9822,-3.3522
-2.1499,-10.874,-19.829,3.7824,8.0653,-18.55,-7.8334,-5.118,-4.9345,-14.869,-3.0083,-3.442
-1.1003,-11.868,-22.573,3.6528,10.005,-19.815,-9.8125,-4.3468,-4.3672,-14.618,-2.9579,-3.4729
0.093483,-12.807,-25.638,3.5281,12.311,-21.065,-11.451,-3.4116,-3.6641,-14.261,-2.8151,-3.3936
1.25,-13.653,-28.79,3.4736,14.734,-22.258,-12.765,-2.2662,-2.79,-13.79,-2.5824,-3.1781
2.1778,-14.371,-31.684,3.547,16.953,-23.349,-13.759,-0.88147,-1.7168,-13.206,-2.2771,-2.8336
2.7464,-14.923,-33.944,3.7636,18.692,-24.305,-14.426,0.75154,-0.42679,-12.515,-1.9192,-2.3912
2.9062,-15.283,-35.253,4.0786,19.731,-25.101,-14.76,2.6219,1.0861,-11.713,-1.5166,-1.8868
2.714,-15.444,-35.478,4.3975,20.002,-25.719,-14.757,4.6999,2.8158,-10.79,-1.0571,-1.345
2.3182,-15.431,-34.794,4.6175,19.707,-26.154,-14.421,6.9415,4.7447,-9.7364,-0.51342,-0.7737
1.8824,-15.298,-33.673,4.6632,19.22,-26.414,-13.768,9.2996,6.8517,-8.5496,0.14557,-0.16521
1.5911,-15.102,-32.758,4.4778,18.911,-26.533,-12.83,11.743,9.1294,-7.2392,0.94329,0.50224
1.7341,-14.874,-32.647,3.999,19.125,-26.545,-11.658,14.275,11.603,-5.8202,1.8922,1.2622
2.6423,-14.595,-33.61,3.1804,20.197,-26.466,-10.309,16.947,14.339,-4.3044,2.9973,2.1532
4.3997,-14.216,-35.429,2.0524,22.209,-26.283,-8.8406,19.853,17.44,-2.6951,4.2618,3.2121
6.6587,-13.683,-37.5,0.75279,24.685,-25.961,-7.2976,23.116,21.032,-0.98543,5.6885,4.4589
8.8434,-12.965,-39.136,-0.5207,26.808,-25.484,-5.7173,26.864,25.253,0.8431,7.2833,5.9025
10.554,-12.066,-39.857,-1.6045,28.035,-24.868,-4.1306,31.229,30.242,2.8274,9.068,7.5551
11.684,-11.009,-39.479,-2.4318,28.272,-24.165,-2.5628,36.338,36.115,5.0326,11.086,9.4507
12.222,-9.8224,-38.01,-3.0443,27.444,-23.433,-1.028,42.3,42.916,7.5602,13.419,11.658
12.296,-8.5276,-35.631,-3.6041,25.546,-22.722,0.47447,49.166,50.538,10.546,16.198,14.278
12.409,-7.1429,-32.834,-4.3794,23.18,-22.063,1.9569,56.879,58.684,14.141,19.581,17.431
13.201,-5.6893,-30.356,-5.6238,21.35,-21.462,3.4359,65.235,66.929,18.464,23.706,21.214
14.983,-4.1862,-28.895,-7.4362,20.814,-20.904,4.9212,73.91,74.873,23.528,28.605,25.642
17.71,-2.6473,-28.868,-9.7713,21.818,-20.356,6.4122,82.559,82.259,29.183,34.107,30.569
21.27,-1.0631,-30.277,-12.533,24.257,-19.777,7.8963,90.91,89,35.118,39.837,35.699
25.582,0.60341,-32.695,-15.671,27.807,-19.127,9.3514,98.832,95.143,41,45.36,40.691
30.369,2.4095,-35.385,-19.169,31.815,-18.378,10.758,106.34,100.86,46.629,50.416,45.323
35.146,4.4236,-37.589,-23.017,35.393,-17.519,12.102,113.56,106.35,52.016,54.977,49.574
39.621,6.7282,-38.849,-27.259,37.943,-16.548,13.38,120.62,111.84,57.327,59.195,53.577
43.9,9.4362,-39.104,-32,39.459,-15.462,14.594,127.64,117.49,62.783,63.306,57.535
48.075,12.709,-38.458,-37.229,40.126,-14.242,15.748,134.61,123.35,68.53,67.548,61.654
51.818,16.748,-37.007,-42.581,39.965,-12.846,16.852,141.46,129.42,74.6,72.103,66.094
54.717,21.719,-34.926,-47.481,39.112,-11.203,17.917,148.09,135.59,80.923,77.067,70.938
56.864,27.63,-32.551,-51.668,38.034,-9.2237,18.955,154.38,141.77,87.366,82.444,76.167
58.794,34.223,-30.28,-55.421,37.218,-6.8238,19.975,160.23,147.88,93.77,88.155,81.668
60.946,41.047,-28.383,-59.169,36.809,-3.9502,20.972,165.58,153.82,99.991,94.053,87.29
63.464,47.695,-26.874,-63.091,36.713,-0.59054,21.928,170.35,159.53,105.96,99.965,92.897
66.432,53.988,-25.511,-67.155,36.888,3.2441,22.818,174.52,164.94,111.69,105.75,98.401
69.855,59.965,-23.894,-71.315,37.294,7.536,23.614,178.11,170,117.27,111.37,103.77
73.441,65.754,-21.664,-75.551,37.717,12.253,24.29,181.17,174.7,122.8,116.87,109.05
76.69,71.495,-18.736,-79.801,37.795,17.333,24.824,183.85,179.07,128.37,122.35,114.33
79.251,77.309,-15.279,-83.964,37.265,22.686,25.197,186.27,183.18,134.04,127.9,119.75
81.095,83.291,-11.494,-87.981,36.118,28.222,25.401,188.59,187.1,139.83,133.57,125.4
82.367,89.489,-7.5064,-91.841,34.487,33.858,25.439,190.91,190.95,145.74,139.35,131.36
83.179,95.863,-3.4236,-95.517,32.477,39.502,25.326,193.3,194.81,151.76,145.15,137.55
83.69,102.26,0.5945,-99.003,30.208,45.053,25.075,195.75,198.71,157.88,150.89,143.8
84.259,108.47,4.3384,-102.44,27.949,50.404,24.695,198.19,202.64,164.04,156.57,149.87
85.349,114.4,7.6092,-106.13,26.064,55.469,24.18,200.51,206.51,170.17,162.24,155.58
87.252,120.05,10.279,-110.27,24.847,60.209,23.505,202.57,210.23,176.17,167.99,161.02
89.915,125.5,12.319,-114.76,24.416,64.639,22.638,204.27,213.69,181.96,173.92,166.43
93.044,130.78,13.794,-119.28,24.703,68.823,21.547,205.48,216.8,187.39,180.03,172
96.34,135.83,14.856,-123.6,25.507,72.838,20.208,206.19,219.45,192.32,186.2,177.79
99.661,140.58,15.742,-127.66,26.58,76.726,18.61,206.4,221.61,196.65,192.26,183.64
102.99,144.95,16.722,-131.5,27.709,80.454,16.765,206.15,223.28,200.32,197.99,189.31
106.27,148.91,17.938,-135.17,28.724,83.926,14.703,205.54,224.51,203.38,203.21,194.61
109.28,152.48,19.328,-138.56,29.511,87.038,12.477,204.64,225.37,205.92,207.85,199.41
111.76,155.75,20.798,-141.51,30.026,89.744,10.165,203.52,225.98,208.09,211.91,203.72
113.49,158.84,22.389,-143.86,30.198,92.076,7.8576,202.22,226.42,210.03,215.51,207.58
114.41,161.87,24.233,-145.56,29.837,94.105,5.6546,200.74,226.74,211.82,218.78,211.09
114.6,164.86,26.396,-146.67,28.769,95.905,3.6458,199.02,226.88,213.48,221.83,214.29
114.28,167.68,28.815,-147.28,27.049,97.522,1.8999,196.91,226.71,214.92,224.72,217.17
113.66,170.08,31.334,-147.49,24.964,98.968,0.45445,194.23,226.07,216.04,227.36,219.67
112.75,171.85,33.763,-147.42,22.839,100.22,-0.68909,190.81,224.79,216.71,229.59,221.64
111.51,172.9,35.889,-147.16,20.899,101.26,-1.5665,186.45,222.77,216.82,231.16,222.91
110.03,173.22,37.48,-146.79,19.322,102.02,-2.2424,181.02,220,216.24,231.77,223.3
108.69,172.86,38.363,-146.32,18.32,102.47,-2.7938,174.4,216.5,214.83,231.18,222.61
107.99,171.83,38.56,-145.77,18.022,102.57,-3.2907,166.47,212.22,212.42,229.18,220.69
107.78,170.15,38.324,-145.05,18.159,102.28,-3.7819,157.17,206.95,208.79,225.68,217.44
107.17,167.8,38.002,-143.91,18.06,101.54,-4.2886,146.46,200.45,203.82,220.71,212.88
105.21,164.86,37.874,-141.97,17.13,100.29,-4.8081,134.4,192.73,197.58,214.53,207.26
101.36,161.38,38.091,-138.9,15.211,98.534,-5.3305,121.19,184.06,190.36,207.54,200.86
95.609,157.43,38.69,-134.51,12.37,96.283,-5.8576,107.12,174.8,182.46,200.13,193.92
88.238,152.97,39.58,-128.85,8.675,93.619,-6.4126,92.572,165.23,174.13,192.46,186.56
79.835,147.94,40.499,-122.17,4.4288,90.644,-7.0367,77.924,155.4,165.43,184.51,178.84
71.218,142.26,41.066,-114.8,0.27827,87.449,-7.7756,63.568,145.23,156.37,176.13,170.7
63.118,135.92,40.969,-107.04,-3.1512,84.09,-8.6649,49.881,134.57,146.88,167.14,162.04
55.837,129.02,40.1,-99.091,-5.5414,80.588,-9.7236,37.167,123.35,136.93,157.45,152.74
49.301,121.79,38.495,-91.215,-6.7628,76.929,-10.955,25.595,111.59,126.54,147.09,142.81
43.396,114.44,36.242,-83.779,-6.7413,73.087,-12.354,15.208,99.422,115.8,136.28,132.47
37.982,107.03,33.498,-77.041,-5.6352,69.036,-13.905,5.9567,86.989,104.86,125.32,122.07
32.55,99.451,30.524,-70.843,-4.0059,64.762,-15.583,-2.2534,74.283,93.901,114.52,111.94
26.482,91.564,27.629,-64.71,-2.6352,60.259,-17.351,-9.5345,61.116,83.029,104.1,102.29
20.033,83.351,25.058,-58.224,-2.1158,55.513,-19.163,-15.997,47.424,72.159,94.171,93.178
14.079,74.951,22.946,-51.242,-2.6358,50.494,-20.979,-21.748,33.933,60.99,84.734,84.561
8.9116,66.534,21.335,-43.795,-4.1409,45.173,-22.767,-26.901,22.215,49.255,75.707,76.348
4.1798,58.205,20.143,-35.985,-6.5122,39.58,-24.508,-31.579,13.319,37.319,66.996,68.446
-0.44483,50.032,19.176,-28.189,-9.4588,33.866,-26.182,-35.898,6.9362,26.375,58.501,60.829
-4.8823,42.131,18.226,-20.96,-12.42,28.301,-27.755,-39.957,2.1546,17.486,50.112,53.567
-8.7834,34.674,17.12,-14.603,-14.783,23.168,-29.185,-43.823,-1.7573,10.756,41.834,46.741
-11.85,27.806,15.741,-9.1483,-16.183,18.64,-30.429,-47.533,-5.2102,5.6565,33.982,40.342
-13.858,21.628,14.041,-4.6645,-16.534,14.732,-31.46,-51.098,-8.4042,1.603,27.011,34.296
-14.544,16.195,11.995,-1.3502,-15.83,11.351,-32.278,-54.509,-11.433,-1.8149,21.144,28.576
-13.841,11.5,9.5853,0.75798,-14.094,8.3596,-32.909,-57.741,-14.342,-4.8379,16.31,23.248
-12.164,7.4821,6.8716,1.9392,-11.576,5.6255,-33.398,-60.757,-17.148,-7.6002,12.339,18.469
-10.239,4.0598,4.0518,2.6081,-8.831,3.0532,-33.79,-63.503,-19.852,-10.182,9.0875,14.427
-8.7182,1.1531,1.4214,3.131,-6.478,0.60038,-34.116,-65.914,-22.43,-12.634,6.4289,11.207
-7.9497,-1.3154,-0.73681,3.7445,-4.9486,-1.7257,-34.382,-67.926,-24.829,-14.973,4.2229,8.7049
-8.0529,-3.415,-2.2483,4.5636,-4.4809,-3.8889,-34.57,-69.493,-26.987,-17.177,2.3437,6.72
-9.0917,-5.2053,-3.0878,5.6346,-5.1883,-5.8503,-34.646,-70.604,-28.849,-19.199,0.7223,5.0943
-10.998,-6.7436,-3.3889,6.9451,-6.9173,-7.5895,-34.577,-71.295,-30.403,-20.987,-0.65301,3.7504
-13.387,-8.0911,-3.4222,8.3905,-9.1084,-9.1129,-34.34,-71.649,-31.685,-22.505,-1.7726,2.6578
-15.647,-9.3115,-3.5089,9.7888,-11.008,-10.451,-33.93,-71.785,-32.777,-23.752,-2.6453,1.7866
-17.278,-10.461,-3.9028,10.958,-12.096,-11.642,-33.363,-71.828,-33.781,-24.767,-3.3188,1.0807
-18.074,-11.579,-4.7306,11.785,-12.243,-12.712,-32.662,-71.882,-34.783,-25.617,-3.8731,0.46107
-18.004,-12.671,-6.0004,12.229,-11.485,-13.665,-31.85,-71.996,-35.828,-26.367,-4.3958,-0.15145
-17.078,-13.717,-7.5982,12.313,-9.8635,-14.487,-30.942,-72.151,-36.902,-27.062,-4.9579,-0.81037
-15.476,-14.679,-9.2772,12.118,-7.6328,-15.163,-29.942,-72.269,-37.94,-27.706,-5.5979,-1.5339
-13.671,-15.517,-10.724,11.792,-5.3744,-15.696,-28.846,-72.237,-38.85,-28.265,-6.3154,-2.3077
-12.233,-16.208,-11.691,11.512,-3.7225,-16.109,-27.651,-71.946,-39.544,-28.677,-7.0722,-3.0893
-11.523,-16.743,-12.073,11.421,-3.0414,-16.436,-26.345,-71.31,-39.959,-28.874,-7.8028,-3.8154
-11.667,-17.129,-11.878,11.607,-3.4294,-16.706,-24.91,-70.293,-40.069,-28.801,-8.434,-4.4167
-12.711,-17.376,-11.18,12.107,-4.8612,-16.928,-23.32,-68.912,-39.889,-28.436,-8.9061,-4.8396
-14.569,-17.495,-10.142,12.895,-7.089,-17.093,-21.55,-67.228,-39.469,-27.791,-9.189,-5.0654
-16.812,-17.483,-9.013,13.826,-9.5198,-17.168,-19.581,-65.334,-38.876,-26.902,-9.2877,-5.1172
-18.788,-17.33,-8.0392,14.663,-11.462,-17.112,-17.412,-63.329,-38.178,-25.817,-9.2329,-5.0491
-19.999,-17.024,-7.3634,15.179,-12.533,-16.877,-15.055,-61.301,-37.423,-24.571,-9.0629,-4.9218
-20.294,-16.559,-7.0189,15.239,-12.711,-16.423,-12.529,-59.31,-36.63,-23.187,-8.8067,-4.7776
-19.683,-15.947,-6.9705,14.819,-12.012,-15.732,-9.866,-57.39,-35.798,-21.675,-8.4781,-4.6364
-18.183,-15.218,-7.127,13.972,-10.407,-14.815,-7.1061,-55.557,-34.921,-20.049,-8.0806,-4.4932
-15.981,-14.409,-7.335,12.823,-8.1163,-13.705,-4.3054,-53.811,-33.998,-18.335,-7.615,-4.3228
-13.578,-13.56,-7.3748,11.562,-5.7524,-12.459,-1.5316,-52.141,-33.031,-16.573,-7.0895,-4.0905
-11.61,-12.692,-6.9841,10.404,-4.0576,-11.142,1.1443,-50.521,-32.016,-14.815,-6.5239,-3.7669
-10.546,-11.81,-5.9291,9.524,-3.5547,-9.8094,3.6613,-48.91,-30.94,-13.106,-5.9441,-3.3395
-10.568,-10.893,-4.0829,9.0247,-4.4194,-8.4806,5.9814,-47.257,-29.783,-11.469,-5.3728,-2.8184
-11.662,-9.9126,-1.4639,8.9342,-6.5792,-7.1394,8.0974,-45.515,-28.524,-9.9051,-4.823,-2.2334
-13.669,-8.8452,1.7416,9.2079,-9.7638,-5.7501,10.033,-43.66,-27.153,-8.3981,-4.2953,-1.6241
-16.204,-7.6872,5.188,9.7205,-13.429,-4.2819,11.834,-41.706,-25.678,-6.9253,-3.7836,-1.0268
-18.692,-6.4665,8.4682,10.285,-16.847,-2.7254,13.554,-39.703,-24.133,-5.472,-3.2763,-0.46586
-20.618,-5.2444,11.245,10.722,-19.438,-1.1012,15.23,-37.733,-22.569,-4.0443,-2.7623,0.045316
-21.754,-4.1077,13.288,10.919,-20.991,0.53664,16.859,-35.894,-21.063,-2.6751,-2.2346,0.50048
-22.094,-3.1489,14.445,10.842,-21.514,2.1052,18.394,-34.285,-19.699,-1.4234,-1.6923,0.8964
-21.632,-2.4343,14.682,10.499,-21.016,3.5059,19.742,-32.982,-18.558,-0.36195,-1.1502,1.2273
-20.371,-1.9742,14.176,9.9121,-19.606,4.6467,20.792,-32.026,-17.689,0.44372,-0.64825,1.4846
-18.514,-1.7175,13.303,9.1224,-17.711,5.4687,21.445,-31.399,-17.097,0.95616,-0.24351,1.6564
-16.482,-1.576,12.459,8.213,-15.937,5.9678,21.648,-31.025,-16.732,1.1787,0.01106,1.7304
-14.708,-1.4631,11.918,7.309,-14.674,6.1908,21.412,-30.776,-16.503,1.155,0.089088,1.6989
-13.47,-1.3248,11.819,6.5529,-13.958,6.2035,20.806,-30.502,-16.304,0.95767,0.0034941,1.5662
-12.914,-1.1518,12.174,6.0743,-13.778,6.0588,19.923,-30.07,-16.04,0.6705,-0.19761,1.3504
-13.149,-0.97664,12.835,5.9755,-14.266,5.788,18.859,-29.391,-15.652,0.37183,-0.44497,1.0852
-14.192,-0.85296,13.503,6.3122,-15.416,5.409,17.687,-28.447,-15.127,0.12199,-0.6685,0.80948
-15.789,-0.84005,13.853,7.0483,-16.837,4.9368,16.464,-27.283,-14.494,-0.046021,-0.81484,0.55543
-17.426,-0.98759,13.682,8.0203,-17.948,4.3864,15.231,-25.994,-13.812,-0.13203,-0.86032,0.33915
-18.604,-1.3211,12.953,8.9886,-18.36,3.7704,14.02,-24.7,-13.159,-0.16863,-0.81704,0.15509
-19.072,-1.8346,11.734,9.7266,-17.99,3.0962,12.856,-23.516,-12.617,-0.2141,-0.73071,-0.024512
-18.764,-2.484,10.133,10.077,-16.885,2.3661,11.755,-22.526,-12.253,-0.33638,-0.66871,-0.24191
-17.628,-3.2,8.3046,9.9514,-15.096,1.5803,10.731,-21.766,-12.099,-0.58836,-0.6993,-0.5369
-15.69,-3.9254,6.4598,9.3447,-12.793,0.73793,9.8003,-21.2,-12.142,-0.98436,-0.86974,-0.92835
-13.268,-4.6472,4.8132,8.3966,-10.349,-0.16775,8.9884,-20.735,-12.32,-1.4931,-1.187,-1.4048
-10.943,-5.3942,3.5153,7.4026,-8.2206,-1.1528,8.3314,-20.242,-12.539,-2.0516,-1.619,-1.9288
-9.2874,-6.2144,2.613,6.7073,-6.7663,-2.2346,7.8669,-19.593,-12.698,-2.5899,-2.1081,-2.4508
-8.6345,-7.1461,2.0474,6.5591,-6.1755,-3.4163,7.6232,-18.696,-12.71,-3.0528,-2.5922,-2.926
-9.0866,-8.1973,1.6817,7.0562,-6.4851,-4.6765,7.6088,-17.513,-12.525,-3.413,-3.0243,-3.3279
-10.591,-9.3433,1.3513,8.1767,-7.5724,-5.9733,7.8075,-16.066,-12.137,-3.6745,-3.3841,-3.6547
-12.887,-10.538,0.91593,9.7803,-9.1183,-7.257,8.1827,-14.423,-11.587,-3.8687,-3.6799,-3.9288
-15.44,-11.727,0.29491,11.586,-10.654,-8.4838,8.6882,-12.686,-10.95,-4.0437,-3.9402,-4.1853
-17.62,-12.868,-0.5318,13.244,-11.737,-9.6255,9.2794,-10.975,-10.317,-4.2495,-4.1993,-4.4564
-19.012,-13.942,-1.5471,14.487,-12.126,-10.674,9.9209,-9.4123,-9.7773,-4.5232,-4.4835,-4.7588
-19.52,-14.96,-2.7249,15.212,-11.801,-11.642,10.587,-8.1004,-9.3939,-4.8809,-4.8022,-5.0895
-19.147,-15.955,-4.0489,15.429,-10.805,-12.556,11.258,-7.0957,-9.1913,-5.3183,-5.1472,-5.4298
-17.873,-16.959,-5.5151,15.204,-9.1696,-13.447,11.91,-6.3944,-9.1523,-5.821,-5.5024,-5.7573
-15.848,-17.993,-7.1115,14.677,-7.023,-14.338,12.511,-5.936,-9.2301,-6.3762,-5.8573,-6.0579
-13.542,-19.049,-8.79,14.067,-4.6884,-15.241,13.02,-5.6244,-9.3684,-6.9787,-6.2175,-6.3329
-11.519,-20.095,-10.454,13.595,-2.5861,-16.153,13.394,-5.3542,-9.5182,-7.6297,-6.6025,-6.5955
-10.149,-21.075,-11.976,13.39,-1.059,-17.056,13.602,-5.0348,-9.6455,-8.3284,-7.0338,-6.861
-9.6091,-21.92,-13.233,13.505,-0.31843,-17.92,13.634,-4.6069,-9.7311,-9.0665,-7.5196,-7.1371
-10.044,-22.579,-14.13,13.962,-0.49196,-18.714,13.5,-4.0526,-9.7702,-9.8251,-8.0469,-7.4206
-11.495,-23.044,-14.626,14.733,-1.5669,-19.421,13.223,-3.4005,-9.7746,-10.58,-8.5833,-7.7035
-13.639,-23.36,-14.774,15.679,-3.2185,-20.049,12.826,-2.7226,-9.7739,-11.311,-9.0877,-7.9789
-15.798,-23.607,-14.766,16.575,-4.8077,-20.632,12.32,-2.1194,-9.809,-12.006,-9.5199,-8.2422
-17.303,-23.88,-14.909,17.22,-5.6872,-21.216,11.709,-1.6938,-9.9184,-12.663,-9.8498,-8.4896
-17.817,-24.262,-15.533,17.517,-5.5231,-21.844,10.998,-1.5253,-10.126,-13.283,-10.066,-8.7188
-17.278,-24.806,-16.866,17.443,-4.2852,-22.544,10.2,-1.6493,-10.436,-13.868,-10.182,-8.9329
-15.645,-25.526,-18.958,16.996,-2.0187,-23.322,9.3417,-2.0444,-10.833,-14.418,-10.234,-9.1416
-12.961,-26.392,-21.647,16.215,1.133,-24.167,8.4579,-2.6338,-11.281,-14.929,-10.267,-9.3599
-9.6466,-27.331,-24.588,15.246,4.7024,-25.052,7.5864,-3.3032,-11.734,-15.391,-10.326,-9.6046
-6.4683,-28.244,-27.376,14.32,7.9817,-25.939,6.7605,-3.929,-12.143,-15.792,-10.438,-9.8881
-4.1344,-29.027,-29.704,13.65,10.41,-26.784,6.008,-4.4054,-12.458,-16.112,-10.606,-10.21
-3.0348,-29.598,-31.408,13.371,11.761,-27.542,5.352,-4.6646,-12.635,-16.323,-10.803,-10.551
-3.3203,-29.911,-32.399,13.56,11.979,-28.176,4.811,-4.6852,-12.642,-16.395,-10.98,-10.873
-4.9642,-29.967,-32.638,14.232,11.116,-28.661,4.3988,-4.4929,-12.471,-16.304,-11.074,-11.123
-7.5814,-29.803,-32.201,15.265,9.5227,-28.984,4.1237,-4.1522,-12.14,-16.044,-11.025,-11.249
-10.386,-29.463,-31.32,16.378,7.8488,-29.138,3.9892,-3.7517,-11.691,-15.632,-10.799,-11.217
-12.564,-28.981,-30.342,17.239,6.6569,-29.101,3.994,-3.3831,-11.182,-15.105,-10.389,-11.019
-13.698,-28.371,-29.596,17.604,6.0876,-28.834,4.1335,-3.1202,-10.672,-14.512,-9.8278,-10.681
-13.765,-27.618,-29.232,17.358,6.0082,-28.285,4.4017,-3.0015,-10.205,-13.9,-9.1753,-10.25
-12.768,-26.683,-29.105,16.467,6.3972,-27.404,4.795,-3.0194,-9.7988,-13.296,-8.4966,-9.7834
-10.674,-25.52,-28.85,14.969,7.3391,-26.168,5.3137,-3.1197,-9.4343,-12.695,-7.8372,-9.314
-7.785,-24.103,-28.051,13.044,8.6375,-24.581,5.9594,-3.2117,-9.0594,-12.062,-7.2076,-8.8394
-4.8499,-22.438,-26.393,11.016,9.7166,-22.668,6.7273,-3.1898,-8.6061,-11.349,-6.5853,-8.3204
-2.677,-20.559,-23.771,9.2269,9.9728,-20.478,7.5969,-2.9611,-8.0192,-10.514,-5.9339,-7.7023
-1.7394,-18.525,-20.323,7.9152,9.1109,-18.088,8.5287,-2.4707,-7.2805,-9.5488,-5.2267,-6.9435
-2.1465,-16.404,-16.309,7.2094,7.1428,-15.594,9.4719,-1.714,-6.4144,-8.4763,-4.4607,-6.0368
-3.8222,-14.255,-11.944,7.1456,4.2058,-13.087,10.381,-0.73487,-5.4765,-7.3431,-3.6547,-5.0147
-6.5053,-12.114,-7.3979,7.6094,0.5108,-10.619,11.232,0.38356,-4.5347,-6.2027,-2.8395,-3.9392
-9.6479,-9.9826,-2.8324,8.3018,-3.5704,-8.1818,12.033,1.5331,-3.6514,-5.1036,-2.0461,-2.8841
-12.536,-7.8454,1.5557,8.8486,-7.5106,-5.7259,12.813,2.5992,-2.8714,-4.0837,-1.2963,-1.915
-14.608,-5.6859,5.5444,8.9703,-10.785,-3.1964,13.608,3.4821,-2.2163,-3.1618,-0.5997,-1.0752
-15.628,-3.5113,8.9222,8.5569,-13.024,-0.56789,14.433,4.1253,-1.6871,-2.3505,0.043712,-0.38004
-15.562,-1.3645,11.499,7.6307,-14.028,2.1369,15.278,4.5028,-1.2638,-1.6496,0.63883,0.1814
-14.398,0.68296,13.13,6.3029,-13.712,4.8442,16.103,4.6344,-0.92234,-1.0441,1.1925,0.63925
-12.276,2.5571,13.822,4.7559,-12.193,7.4426,16.856,4.5806,-0.63264,-0.50721,1.7108,1.0306
-9.6579,4.2161,13.843,3.2039,-9.943,9.8159,17.483,4.4164,-0.35983,-0.0073079,2.1967,1.386
-7.1544,5.6799,13.629,1.8207,-7.6651,11.888,17.949,4.2403,-0.066066,0.4834,2.6503,1.7211
-5.2023,7.0369,13.548,0.68672,-5.9354,13.653,18.24,4.1535,0.27757,0.97242,3.0705,2.0369
-3.9796,8.4219,13.82,-0.20684,-5.0309,15.178,18.361,4.2135,0.69634,1.4602,3.4596,2.3285
-3.5292,9.9784,14.579,-0.9223,-5.0487,16.574,18.324,4.4312,1.2045,1.9302,3.827,2.5946
-3.8236,11.819,15.881,-1.5518,-5.9982,17.947,18.136,4.7653,1.7848,2.3558,4.1899,2.8474
-4.6863,13.99,17.623,-2.206,-7.7032,19.37,17.796,5.125,2.3949,2.7229,4.5687,3.1055
-5.7451,16.449,19.523,-2.9745,-9.7045,20.861,17.292,5.3878,2.9739,3.0202,4.9821,3.3851
-6.5708,19.035,21.226,-3.8707,-11.408,22.404,16.615,5.4306,3.4598,3.2543,5.4439,3.6959
-6.9124,21.48,22.491,-4.792,-12.404,23.958,15.759,5.1668,3.8085,3.4437,5.9593,4.0389
-6.7573,23.483,23.253,-5.5752,-12.612,25.486,14.731,4.5599,4.0044,3.6045,6.5188,4.4044
-6.1427,24.854,23.538,-6.1467,-12.058,26.961,13.544,3.6541,4.0588,3.7227,7.0881,4.7698
-4.9808,25.602,23.431,-6.6227,-10.702,28.367,12.214,2.5436,3.9907,3.7732,7.5948,5.0996
-3.2006,25.932,23.129,-7.2234,-8.6443,29.681,10.752,1.3419,3.8307,3.7143,7.947,5.3505
-1.0167,26.125,22.858,-8.0839,-6.3453,30.85,9.1628,0.15513,3.6032,3.5055,8.0553,5.4849
1.0912,26.403,22.721,-9.1586,-4.4181,31.783,7.4541,-0.93452,3.3254,3.13,7.8732,5.4768
2.677,26.849,22.714,-10.291,-3.2832,32.355,5.6416,-1.8757,3.0082,2.6042,7.4237,5.3236
3.5084,27.405,22.829,-11.321,-3.1143,32.446,3.756,-2.6566,2.6596,1.983,6.791,5.0474
3.4885,27.91,23.076,-12.119,-3.9929,31.98,1.8358,-3.2868,2.2837,1.3373,6.0828,4.687
2.6091,28.148,23.4,-12.549,-5.8487,30.964,-0.080339,-3.8052,1.8876,0.7276,5.3901,4.2863
1.1204,27.908,23.619,-12.48,-8.2229,29.492,-1.964,-4.276,1.4742,0.18442,4.7641,3.8829
-0.42508,27.076,23.447,-11.853,-10.304,27.724,-3.7996,-4.7686,1.0392,-0.29753,4.2175,3.4994
-1.4847,25.711,22.601,-10.753,-11.318,25.83,-5.5786,-5.359,0.5689,-0.74969,3.7235,3.1374
-1.8328,24.047,20.925,-9.4198,-10.918,23.946,-7.289,-6.1101,0.049647,-1.2046,3.2351,2.7763
-1.4785,22.349,18.448,-8.2615,-9.2077,22.139,-8.9068,-7.0366,-0.53252,-1.6891,2.7037,2.3814
-0.31219,20.713,15.307,-7.706,-6.3374,20.4,-10.392,-8.111,-1.1842,-2.2106,2.0958,1.9215
1.8749,19.036,11.662,-7.8546,-2.387,18.656,-11.7,-9.2702,-1.8921,-2.7609,1.4059,1.379
4.8761,17.188,7.7343,-8.3833,2.2179,16.805,-12.798,-10.431,-2.6298,-3.3308,0.64747,0.76073
7.8756,15.149,3.8685,-8.82,6.6177,14.77,-13.675,-11.506,-3.3622,-3.9047,-0.14987,0.097264
9.9703,13.005,0.50477,-8.818,9.9836,12.546,-14.34,-12.427,-4.0548,-4.4738,-0.94957,-0.56386
10.727,10.875,-1.9585,-8.2575,11.863,10.201,-14.826,-13.165,-4.6857,-5.0399,-1.7184,-1.1684
10.08,8.8552,-3.3232,-7.1431,12.063,7.8492,-15.171,-13.729,-5.2548,-5.6155,-2.4325,-1.679
8.0433,6.9987,-3.6411,-5.4901,10.538,5.6079,-15.415,-14.184,-5.7868,-6.2123,-3.0796,-2.0811
4.9045,5.3248,-3.1798,-3.4062,7.6525,3.5771,-15.594,-14.625,-6.3214,-6.8495,-3.6554,-2.394
1.4066,3.8284,-2.3316,-1.1853,4.2844,1.824,-15.735,-15.153,-6.9127,-7.5433,-4.1687,-2.6684
-1.6372,2.4841,-1.4687,0.7924,1.3953,0.36983,-15.864,-15.859,-7.6101,-8.3039,-4.64,-2.969
-3.8126,1.2533,-0.86732,2.2238,-0.47225,-0.81359,-16.006,-16.804,-8.4455,-9.1352,-5.0883,-3.354
-5.0358,0.089758,-0.73445,2.9522,-1.1806,-1.7953,-16.187,-18.013,-9.427,-10.036,-5.533,-3.8525
-5.0654,-1.0545,-1.2632,2.964,-0.56263,-2.6668,-16.433,-19.469,-10.538,-11,-5.9914,-4.4544
-3.5777,-2.2204,-2.581,2.3925,1.5723,-3.5204,-16.772,-21.117,-11.743,-12.02,-6.4754,-5.1178
-0.87683,-3.4313,-4.5816,1.5422,4.8439,-4.4273,-17.212,-22.869,-12.995,-13.089,-6.99,-5.7896
1.9621,-4.6843,-6.8702,0.82346,8.1793,-5.4228,-17.749,-24.618,-14.242,-14.194,-7.535,-6.4294
3.8847,-5.9574,-8.9779,0.56418,10.543,-6.5052,-18.361,-26.258,-15.438,-15.32,-8.1125,-7.0283
4.5285,-7.2199,-10.635,0.89164,11.682,-7.6533,-19.026,-27.708,-16.547,-16.451,-8.7251,-7.6116
3.9164,-8.4444,-11.777,1.803,11.732,-8.8539,-19.73,-28.935,-17.56,-17.578,-9.3813,-8.2256
2.0472,-9.6195,-12.409,3.2314,10.625,-10.118,-20.47,-29.96,-18.483,-18.716,-10.092,-8.9182
-0.72701,-10.755,-12.672,4.9827,8.6743,-11.473,-21.253,-30.856,-19.349,-19.883,-10.864,-9.7106
-3.4782,-11.877,-12.973,6.7265,6.941,-12.937,-22.078,-31.736,-20.203,-21.104,-11.695,-10.59
-5.2747,-13.022,-13.834,8.1326,6.439,-14.498,-22.937,-32.704,-21.095,-22.393,-12.564,-11.509
-5.7915,-14.226,-15.613,9.0127,7.4398,-16.116,-23.801,-33.846,-22.063,-23.744,-13.439,-12.403
-5.2724,-15.514,-18.376,9.3333,9.6418,-17.734,-24.625,-35.206,-23.117,-25.131,-14.283,-13.208
-3.9524,-16.887,-21.969,9.1454,12.714,-19.288,-25.372,-36.763,-24.247,-26.502,-15.067,-13.892
-1.8045,-18.315,-26.101,8.5544,16.46,-20.72,-26.015,-38.455,-25.424,-27.819,-15.784,-14.456
1.0337,-19.742,-30.278,7.7484,20.504,-21.985,-26.553,-40.198,-26.602,-29.058,-16.448,-14.94
3.9317,-21.092,-33.895,6.9914,24.155,-23.064,-27.009,-41.887,-27.729,-30.226,-17.095,-15.405
6.0797,-22.296,-36.55,6.5265,26.743,-23.965,-27.414,-43.432,-28.756,-31.333,-17.76,-15.897
6.9991,-23.303,-38.187,6.4833,28.035,-24.721,-27.794,-44.77,-29.64,-32.39,-18.459,-16.432
6.5907,-24.098,-38.88,6.9036,28.128,-25.374,-28.154,-45.877,-30.353,-33.396,-19.184,-16.987
4.8798,-24.701,-38.602,7.8126,27.031,-25.96,-28.485,-46.767,-30.888,-34.329,-19.895,-17.51
2.0549,-25.153,-37.308,9.1732,24.797,-26.495,-28.762,-47.488,-31.258,-35.157,-20.533,-17.947
-1.3539,-25.499,-35.161,10.8,21.856,-26.962,-28.966,-48.118,-31.509,-35.844,-21.038,-18.264
-4.6428,-25.763,-32.595,12.389,18.849,-27.307,-29.093,-48.746,-31.717,-36.395,-21.376,-18.457
-7.2991,-25.94,-30.226,13.651,16.272,-27.448,-29.16,-49.471,-31.969,-36.849,-21.551,-18.556
-9.1199,-26.008,-28.579,14.389,14.344,-27.314,-29.203,-50.378,-32.344,-37.281,-21.606,-18.613
-9.9164,-25.932,-27.882,14.497,13.169,-26.887,-29.26,-51.518,-32.897,-37.771,-21.608,-18.679
-9.3178,-25.684,-28.089,13.944,12.954,-26.214,-29.366,-52.896,-33.63,-38.38,-21.621,-18.792
-7.2142,-25.246,-28.888,12.828,13.839,-25.372,-29.544,-54.464,-34.504,-39.109,-21.68,-18.948
-4.2036,-24.611,-29.712,11.422,15.484,-24.42,-29.801,-56.13,-35.435,-39.912,-21.783,-19.109
-1.3439,-23.778,-29.94,10.079,17.037,-23.381,-30.134,-57.772,-36.318,-40.7,-21.89,-19.21
0.50685,-22.745,-29.208,9.0686,17.657,-22.246,-30.543,-59.293,-37.059,-41.377,-21.948,-19.189
1.0383,-21.51,-27.52,8.5128,17.049,-20.998,-31.045,-60.642,-37.609,-41.881,-21.914,-19.011
0.24742,-20.068,-25.033,8.4418,15.3,-19.631,-31.662,-61.825,-37.975,-42.205,-21.772,-18.683
-1.7844,-18.413,-21.872,8.7904,12.462,-18.153,-32.403,-62.899,-38.19,-42.396,-21.524,-18.241
-4.6683,-16.546,-18.175,9.3174,8.7319,-16.569,-33.244,-63.922,-38.284,-42.495,-21.18,-17.724
-7.5936,-14.476,-14.195,9.6506,4.7298,-14.865,-34.113,-64.915,-38.263,-42.51,-20.732,-17.149
-9.7404,-12.233,-10.265,9.4892,1.2118,-12.999,-34.89,-65.86,-38.095,-42.388,-20.155,-16.511
-10.765,-9.8755,-6.6864,8.7499,-1.3968,-10.924,-35.429,-66.685,-37.738,-42.071,-19.429,-15.8
-10.783,-7.4955,-3.6512,7.5259,-3.0299,-8.6185,-35.574,-67.282,-37.164,-41.53,-18.572,-15.04
-9.8749,-5.2165,-1.2707,5.9666,-3.5855,-6.1262,-35.165,-67.509,-36.38,-40.802,-17.674,-14.316
-7.9101,-3.1805,0.32839,4.2289,-2.8021,-3.5665,-34.019,-67.183,-35.416,-40.007,-16.892,-13.767
-4.9985,-1.5184,1.0662,2.4942,-0.77234,-1.1144,-31.92,-66.081,-34.296,-39.308,-16.423,-13.56
-1.7748,-0.30804,1.182,0.96897,1.7494,1.0445,-28.73,-63.962,-32.99,-38.866,-16.447,-13.825
0.86228,0.45899,1.2376,-0.14506,3.721,2.7696,-25.476,-60.662,-31.392,-38.738,-17.045,-14.598
2.1729,0.87809,1.7769,-0.68767,4.377,4.0258,-28.183,-56.232,-29.321,-38.81,-18.125,-15.757
1.8005,1.0914,3.1318,-0.57837,3.4265,4.9144,-33.62,-51.181,-26.542,-38.751,-19.383,-16.968
-0.20894,1.2408,5.4498,0.14045,0.86896,5.6311,-33.528,-46.725,-22.824,-38.028,-20.393,-17.826
-3.4428,1.4494,8.6115,1.2933,-3.0264,6.3781,-30.735,-44.796,-18.125,-35.991,-20.8,-18.273
-7.2415,1.8286,12.134,2.6373,-7.586,7.3138,-24.938,-47.088,-13.964,-32.05,-20.263,-18.532
-10.962,2.5119,15.351,3.9612,-11.915,8.5736,-14.487,-51.512,-20.933,-26.481,-18.075,-18.235
-14.172,3.7549,17.703,5.1378,-15.27,10.331,2.9282,-49.021,-25.751,-31.902,-17.208,-19.431
-16.68,5.9976,18.863,6.4863,-17.143,12.848,29.509,-32.454,-18.692,-38.632,-30.016,-33.444
-20.281,4.7666,18.748,16.651,-17.221,16.379,65.87,-2.4263,-9.2807,-42.473,-46.163,-50.07
-37.993,-17.02,17.565,35.432,-16.269,20.225,109.34,36.787,2.4062,-47.881,-65.199,-69.047
-47.631,-29.816,15.806,42.98,-20.625,19.486,154,79.627,17.783,-51.593,-82.099,-86.562
-50.66,-33.875,14.081,45.657,-24.012,10.795,192.26,121.94,39.831,-48.164,-90.096,-96.87
-48.156,-29.255,12.883,41.746,-22.18,8.0003,216.75,161.85,71.787,-31.843,-82.528,-94.021
-38.138,-14.832,12.434,30.059,-17.927,13.963,223.61,200.87,117.9,3.7518,-53.647,-73.328
-18.705,8.4681,12.66,9.816,-9.7904,24.706,214.52,244.75,189.98,69.952,0.27291,-31.781
10.603,39.779,13.253,-20.66,2.5315,38.075,194.72,304.3,299.66,173.56,80.42,31.605
47.594,79.5,13.894,-61.411,18.204,53.21,169.99,389.11,445.38,313.73,187.52,116.78
93.925,128.64,14.627,-112.13,38.767,71.219,144.49,502.8,628.65,490.13,322.08,223.89
153.74,188.18,15.979,-173.65,68.003,95.455,117.66,639.78,843.21,697.68,481.13,351.37
226.4,257.85,16.507,-245.92,106.8,129.16,84.815,782,1071.1,921.42,655.7,493.89
306.66,333.99,10.896,-325.41,150.5,169.9,40.443,900.73,1282.5,1135.7,831.44,641.69
387.28,410.74,6.6082,-405.39,193.03,209.18,-19.178,962.66,1438.8,1307.4,989.16,780.49
459.28,480.89,4.5372,-477.04,230.33,242.94,-93.988,937.77,1501.5,1403.1,1105.7,893.23
512.69,536.72,5.6198,-530.99,257.1,271.31,-179.57,807.46,1443.2,1397.6,1160.4,964.35
539.51,572.13,11.612,-560.41,268.34,293.51,-268.32,571.41,1258.4,1283.5,1144.1,985.22
537.01,585.51,23.168,-564.39,262.03,309.25,-351.31,251.09,967.73,1075.1,1062.7,957.7
508.94,580.89,39.938,-547.64,239.14,320.18,-420.3,-113.09,613.63,805.87,936.17,893.34
462.8,565.74,65.737,-516.81,201.83,328.81,-469.76,-471.71,248,519.13,790.97,808.63
406.88,546.78,106.5,-478.77,154.29,337.08,-498.14,-779.44,-81.303,255.06,650.8,719.14
348.8,527.49,156.45,-439.65,102.49,345.39,-508.09,-1005.8,-340.67,40.23,529.93,635.04
294.18,507.55,198.94,-402.89,52.271,351.82,-505.11,-1140.3,-515.98,-116.33,432.01,559.59
245.61,483.59,230.62,-368.13,8.8274,352.57,-495.75,-1190.9,-612.29,-219.05,352.35,490.69
202.99,451.26,247.25,-332.26,-24.217,343.81,-485.86,-1178.3,-648.52,-282.8,281.84,423.47
164.98,408.95,246.76,-292.84,-45.475,323.28,-479.09,-1127.4,-648.68,-327.08,212.22,353.2
130.4,359.06,230.49,-250.8,-55.838,291.1,-476.18,-1058,-632.6,-362.99,141.63,279.23
97.869,304.1,202.53,-207.56,-57.821,250.37,-474.66,-983.59,-611.64,-393.13,74.615,206.6
66.879,247.25,168.85,-164.26,-54.923,206.23,-469.71,-911.5,-589.56,-416.5,16.512,141.09
39.157,193.1,135.03,-123.33,-50.219,163.64,-456.67,-842.71,-565.55,-430.66,-29.199,86.587
15.325,144.21,104.75,-85.966,-37.068,125.95,-433.2,-773.84,-536.39,-433.79,-62.214,43.776
-3.5846,102.07,80.437,-53.974,-16.843,94.265,-399.01,-701.98,-494.94,-427.26,-84.227,11.237
-16.55,67.047,62.658,-28.438,-13.675,67.909,-354.63,-628.2,-432.03,-412.43,-96.37,-12.402
-18.113,39.116,49.688,-9.4383,-13.955,46.326,-302.23,-551.76,-369.17,-389.02,-99.751,-28.439
-8.6406,19.02,39.612,3.2683,-14.61,29.642,-246.18,-469.7,-309.41,-359.93,-95.867,-37.768
-5.9559,6.8873,31.496,10.172,-14.81,17.939,-191.45,-384.85,-250.24,-325.44,-84.066,-40.436
-8.3874,1.3691,25.294,11.205,-14.244,10.955,-142.09,-303.8,-194.06,-287.37,-47.719,-36.476
-10.063,0.57314,20.847,6.1032,-12.97,7.8463,-100.49,-232.24,-144.26,-248.31,-24.371,-23.583
-10.375,4.5084,17.229,0.27193,-11.255,8.8663,-67.548,-173.6,-103.44,-210.66,-20.426,-3.6594
-9.6331,10.548,12.064,-0.94267,-9.3001,12.877,-43.14,-129.06,-72.946,-176.53,-17.414,-1.9567
-8.1844,10.719,7.8155,-0.68912,-7.1719,11.613,-26.198,-97.961,-52.6,-147.36,-13.574,-2.5587
-6.3915,8.4099,5.4196,-0.7727,-4.9989,8.9275,-15.364,-78.252,-40.782,-124.07,-10.315,-2.7296
-4.6649,6.925,4.1952,-1.1144,-3.1128,7.256,-9.8198,-67.023,-34.963,-107.13,-8.3187,-2.5728
-3.3953,6.2878,3.8618,-1.5206,-1.9196,6.4634,-8.2764,-61.386,-32.489,-96.481,-7.1935,-2.321
-2.8428,6.2695,4.3242,-1.8587,-1.6826,6.281,-10.414,-60.395,-30.586,-91.801,-6.3416,-2.1279
-3.1127,6.7168,5.4781,-2.0384,-2.4472,6.5254,-17.071,-61.072,-22.836,-92.681,-5.4844,-2.0321
-4.1964,7.5096,7.1482,-2.0092,-4.0881,7.0603,-15.305,-55.225,-13.811,-96.39,-4.6287,-1.9922
-5.9564,8.5242,9.0791,-1.7629,-6.3345,7.7663,-10.312,-47.053,-7.7803,-96.43,-3.8539,-1.958
-8.0841,9.6153,10.97,-1.3393,-8.7785,8.533,-5.8099,-39.792,-3.9677,-91.695,-3.2106,-1.9143
-10.159,10.62,12.545,-0.81872,-10.965,9.2689,-2.1473,-33.904,-1.675,-85.001,-2.7177,-1.8789
-11.794,11.392,13.61,-0.29929,-12.524,9.9122,0.82712,-29.205,-0.45514,-77.983,-2.3764,-1.8834
-12.723,11.839,14.053,0.10753,-13.229,10.429,3.3113,-25.424,-0.0055758,-70.704,-2.1755,-1.9587
-12.755,11.963,13.832,0.25677,-12.967,10.801,5.4664,-22.321,-0.11437,-62.352,-2.0962,-2.1242
-11.739,11.847,12.975,-0.010297,-11.711,11.011,7.4067,-19.714,-0.62972,-52.211,-2.1176,-2.3831
-9.6822,11.609,11.604,-0.76958,-9.5738,11.045,9.2042,-17.457,-1.4432,-40.46,-2.2175,-2.7222
-6.9148,11.341,9.9402,-1.9222,-6.9134,10.888,10.892,-15.426,-2.4801,-28.371,-2.3662,-3.1103
-4.0688,11.08,8.2587,-3.198,-4.2839,10.527,12.469,-13.514,-3.6936,-17.578,-2.5213,-3.4949
-1.7906,10.811,6.8085,-4.2836,-2.1972,9.9403,13.903,-11.641,-5.0587,-9.0229,-2.6416,-3.8097
-0.46802,10.486,5.7476,-4.9563,-0.93468,9.0951,15.145,-9.7646,-6.5641,-2.6287,-2.6993,-3.9959
-0.2404,10.041,5.0995,-5.1136,-0.58264,7.9593,16.142,-7.885,-8.2024,2.3341,-2.6951,-4.028
-1.1015,9.4212,4.7328,-4.7337,-1.1168,6.5267,16.863,-6.0335,-9.9624,6.718,-2.652,-3.9254
-2.7941,8.603,4.3926,-3.8909,-2.3108,4.8408,17.312,-4.2624,-11.827,11.153,-2.6022,-3.7471
-4.7193,7.612,3.81,-2.7856,-3.6327,2.9982,17.531,-2.6278,-13.77,15.916,-2.573,-3.568
-6.1865,6.5187,2.8237,-1.6867,-4.4145,1.1224,17.593,-1.1706,-15.742,20.934,-2.5734,-3.4503
-6.8102,5.4041,1.383,-0.82835,-4.2402,-0.67857,17.585,0.098974,-17.661,25.888,-2.5885,-3.4208
-6.6204,4.311,-0.51807,-0.35533,-3.148,-2.3473,17.588,1.2035,-19.426,30.385,-2.5832,-3.4632
-5.7526,3.2247,-2.8493,-0.3245,-1.3591,-3.8848,17.662,2.188,-20.941,34.152,-2.5172,-3.5258
-4.1535,2.0923,-5.6019,-0.6799,1.1342,-5.3309,17.847,3.1094,-22.138,37.133,-2.3559,-3.5401
-1.7865,0.87087,-8.7968,-1.2385,4.4568,-6.7272,18.167,4.033,-22.991,39.442,-2.0834,-3.4423
0.99354,-0.43573,-12.312,-1.7372,8.3445,-8.0846,18.64,5.0337,-23.503,41.281,-1.7061,-3.1943
3.4798,-1.7789,-15.776,-1.9368,12.05,-9.3747,19.278,6.194,-23.697,42.856,-1.2485,-2.7965
5.0028,-3.0859,-18.68,-1.7095,14.764,-10.547,20.083,7.5956,-23.594,44.329,-0.74342,-2.2864
5.2035,-4.2731,-20.588,-1.0407,15.961,-11.553,21.049,9.3103,-23.211,45.816,-0.21747,-1.7192
4.0135,-5.264,-21.23,0.01553,15.408,-12.356,22.169,11.393,-22.55,47.416,0.3222,-1.1403
1.5849,-6.0067,-20.506,1.3514,13.118,-12.931,23.437,13.871,-21.612,49.228,0.89408,-0.56831
-1.6755,-6.4901,-18.54,2.7989,9.4565,-13.268,24.851,16.736,-20.407,51.333,1.5374,0.0059023
-5.153,-6.7548,-15.736,4.1607,5.1796,-13.389,26.401,19.922,-18.976,53.739,2.2984,0.61277
-8.2508,-6.8882,-12.694,5.2731,1.1586,-13.352,28.065,23.319,-17.385,56.364,3.2117,1.2872
-10.604,-7.0022,-10.044,6.0439,-1.9645,-13.238,29.808,26.78,-15.716,59.045,4.29,2.0558
-12.057,-7.1965,-8.2897,6.441,-3.8414,-13.131,31.589,30.18,-14.042,61.597,5.5164,2.9225
-12.44,-7.5221,-7.6942,6.4661,-4.2738,-13.087,33.377,33.456,-12.405,63.883,6.8509,3.8633
-11.573,-7.9658,-8.1964,6.158,-3.2337,-13.13,35.153,36.66,-10.8,65.858,8.2366,4.8318
-9.6415,-8.4599,-9.4172,5.6099,-1.0854,-13.241,36.911,39.954,-9.1835,67.579,9.6093,5.7773
-7.3041,-8.9135,-10.832,4.9636,1.3763,-13.386,38.645,43.589,-7.4883,69.184,10.916,6.6648
-5.2928,-9.25,-12.035,4.3698,3.3311,-13.538,40.328,47.844,-5.6477,70.839,12.139,7.4908
-4.0014,-9.4375,-12.891,3.9452,4.4668,-13.705,41.9,52.953,-3.6178,72.683,13.321,8.2929
-3.5082,-9.4984,-13.466,3.7661,4.9076,-13.929,43.275,59.032,-1.3814,74.788,14.567,9.1502
-3.8014,-9.4998,-13.89,3.8817,4.7996,-14.265,44.371,66.018,1.063,77.15,16.023,10.173
-4.7583,-9.5178,-14.342,4.2939,4.3319,-14.752,45.135,73.651,3.7133,79.697,17.842,11.483
-5.9991,-9.6052,-15.045,4.9121,3.9194,-15.39,45.554,81.515,6.5615,82.313,20.15,13.186
-6.9792,-9.7767,-16.172,5.5526,4.06,-16.139,45.641,89.16,9.5752,84.867,23.012,15.349
-7.2726,-10.006,-17.761,6.0033,5.0185,-16.929,45.423,96.229,12.677,87.248,26.38,17.956
-6.745,-10.231,-19.699,6.091,6.7088,-17.679,44.942,102.54,15.756,89.383,30.059,20.865
-5.4739,-10.371,-21.773,5.7015,8.8616,-18.317,44.249,108.09,18.719,91.255,33.758,23.815
-3.5771,-10.348,-23.746,4.7842,11.223,-18.79,43.396,113.02,21.565,92.906,37.233,26.557
-1.1988,-10.115,-25.435,3.3863,13.595,-19.085,42.428,117.51,24.422,94.434,40.416,29
1.4015,-9.6768,-26.777,1.6827,15.812,-19.226,41.371,121.79,27.538,95.98,43.423,31.273
3.8963,-9.0718,-27.826,-0.072461,17.774,-19.265,40.236,126.04,31.24,97.709,46.491,33.662
6.078,-8.3506,-28.692,-1.6644,19.498,-19.256,39.03,130.41,35.875,99.77,49.881,36.5
7.9447,-7.5464,-29.464,-2.9976,21.065,-19.236,37.762,134.95,41.691,102.25,53.755,39.999
9.6107,-6.6651,-30.161,-4.0783,22.494,-19.21,36.446,139.66,48.689,105.13,58.095,44.105
11.235,-5.6928,-30.733,-4.989,23.705,-19.153,35.102,144.47,56.508,108.3,62.714,48.495
13.008,-4.6118,-31.103,-5.8999,24.622,-19.022,33.753,149.25,64.553,111.61,67.383,52.786
15.032,-3.4161,-31.227,-7.0076,25.289,-18.772,32.424,153.89,72.296,114.95,71.948,56.755
17.193,-2.1201,-31.138,-8.403,25.864,-18.376,31.142,158.25,79.475,118.27,76.364,60.358
19.27,-0.75565,-30.961,-10.025,26.511,-17.834,29.93,162.23,86.06,121.56,80.663,63.666
21.171,0.64054,-30.896,-11.757,27.36,-17.17,28.8,165.75,92.124,124.86,84.922,66.813
23.046,2.0378,-31.129,-13.561,28.54,-16.427,27.752,168.8,97.744,128.19,89.213,69.962
25.138,3.4196,-31.715,-15.497,30.154,-15.644,26.775,171.43,102.97,131.51,93.566,73.255
27.54,4.7947,-32.524,-17.63,32.141,-14.849,25.849,173.73,107.84,134.75,97.954,76.765
30.199,6.2088,-33.306,-20.008,34.194,-14.055,24.944,175.84,112.4,137.84,102.3,80.491
33.174,7.7479,-33.827,-22.779,35.939,-13.261,24.028,177.9,116.76,140.73,106.52,84.38
36.723,9.5343,-33.96,-26.243,37.182,-12.45,23.071,180.03,121,143.43,110.56,88.383
40.897,11.719,-33.623,-30.64,37.738,-11.587,22.047,182.27,125.26,146.03,114.44,92.488
45.036,14.469,-32.673,-35.744,37.212,-10.629,20.94,184.61,129.6,148.62,118.24,96.726
48.12,17.937,-31.006,-40.773,35.476,-9.5325,19.735,186.93,134.03,151.32,122.08,101.15
49.898,22.193,-28.807,-45.072,33.165,-8.267,18.41,189.09,138.45,154.17,126.08,105.8
51.167,27.138,-26.594,-48.736,31.278,-6.8129,16.938,190.93,142.73,157.13,130.32,110.68
52.949,32.48,-24.996,-52.289,30.561,-5.1569,15.286,192.31,146.64,160.06,134.76,115.73
55.903,37.858,-24.471,-56.122,31.383,-3.2873,13.417,193.19,149.98,162.76,139.31,120.84
60.342,43.055,-25.116,-60.373,33.807,-1.1878,11.306,193.57,152.61,165.07,143.78,125.89
66.264,48.088,-26.582,-65.049,37.59,1.1698,8.9435,193.51,154.52,166.87,148.01,130.76
73.14,53.135,-28.178,-70.058,42.062,3.8346,6.3385,193.13,155.83,168.22,151.93,135.41
80.001,58.404,-29.148,-75.219,46.221,6.8748,3.5157,192.53,156.73,169.25,155.59,139.86
85.931,64.038,-28.988,-80.368,49.186,10.36,0.50621,191.79,157.47,170.15,159.11,144.2
90.463,70.082,-27.576,-85.427,50.661,14.332,-2.657,190.95,158.2,171.08,162.66,148.53
93.505,76.516,-25.032,-90.313,50.784,18.773,-5.9387,190.02,158.99,172.12,166.34,152.97
95.08,83.267,-21.544,-94.778,49.676,23.593,-9.296,188.93,159.79,173.26,170.25,157.63
95.535,90.135,-17.378,-98.597,47.555,28.659,-12.675,187.6,160.48,174.38,174.35,162.56
95.808,96.84,-12.919,-101.97,45.053,33.839,-16.007,185.94,160.92,175.36,178.56,167.68
96.907,103.2,-8.5657,-105.48,42.908,39.051,-19.214,183.87,160.97,176.08,182.73,172.81
99.009,109.22,-4.5746,-109.46,41.427,44.263,-22.21,181.29,160.59,176.5,186.74,177.71
101.49,115.04,-1.0326,-113.78,40.541,49.452,-24.915,178.17,159.77,176.6,190.53,182.23
103.84,120.74,2.0473,-118.13,40.131,54.566,-27.262,174.47,158.58,176.42,194.07,186.33
106.11,126.34,4.6254,-122.32,40.044,59.529,-29.2,170.19,157.07,176.01,197.42,190.07
108.57,131.68,6.7181,-126.26,40.059,64.278,-30.694,165.34,155.33,175.41,200.62,193.54
111,136.56,8.5889,-129.79,39.866,68.785,-31.731,159.97,153.36,174.6,203.67,196.8
112.74,140.81,10.673,-132.72,39.1,73.02,-32.322,154.08,151.16,173.51,206.47,199.79
113.22,144.36,13.23,-134.87,37.579,76.912,-32.505,147.65,148.66,172.05,208.79,202.3
112.31,147.23,16.166,-136.19,35.421,80.361,-32.341,140.57,145.78,170.11,210.35,203.99
110.14,149.48,19.262,-136.76,32.755,83.277,-31.901,132.61,142.42,167.61,210.94,204.6
107.02,151.19,22.402,-136.74,29.522,85.613,-31.25,123.5,138.4,164.49,210.46,203.99
103.38,152.38,25.534,-136.25,25.752,87.372,-30.431,113.03,133.5,160.72,208.93,202.15
99.693,153.04,28.574,-135.33,21.785,88.592,-29.454,101.16,127.44,156.27,206.4,199.1
96.213,153.12,31.378,-133.92,18.081,89.339,-28.299,88.195,120.05,151.1,202.91,194.88
93.02,152.53,33.767,-131.98,14.943,89.668,-26.937,74.651,111.34,145.13,198.53,189.54
90.229,151.18,35.518,-129.64,12.571,89.6,-25.348,61.16,101.58,138.32,193.36,183.14
87.906,149.01,36.388,-126.97,11.222,89.103,-23.535,48.301,91.191,130.72,187.47,175.82
85.795,146.03,36.244,-123.82,11.008,88.105,-21.535,36.502,80.529,122.45,180.94,167.76
83.327,142.28,35.208,-119.97,11.537,86.53,-19.407,25.997,69.758,113.66,173.8,159.18
79.871,137.8,33.642,-115.37,12.024,84.337,-17.222,16.811,58.972,104.5,166.08,150.29
74.994,132.61,31.992,-110.14,11.818,81.559,-15.048,8.8046,48.36,95.103,157.81,141.24
68.707,126.79,30.674,-104.37,10.702,78.307,-12.934,1.7499,38.283,85.559,149.07,132.12
61.498,120.49,30.001,-98.088,8.6487,74.729,-10.914,-4.594,29.162,75.938,139.97,123
53.962,113.93,30.022,-91.355,5.665,70.946,-9.0063,-10.447,21.252,66.246,130.68,113.93
46.549,107.23,30.382,-84.37,2.0649,67.017,-7.2254,-16,14.521,56.462,121.35,105.01
39.618,100.44,30.439,-77.397,-1.465,62.94,-5.5855,-21.419,8.7305,46.611,112.11,96.319
33.368,93.454,29.642,-70.654,-4.2535,58.666,-4.1014,-26.846,3.5777,36.813,103.08,87.945
27.649,86.119,27.855,-64.206,-5.9813,54.127,-2.7866,-32.384,-1.1936,27.31,94.369,79.943
22.074,78.293,25.284,-57.884,-6.6107,49.275,-1.6489,-38.085,-5.7619,18.465,86.041,72.29
16.538,69.935,22.202,-51.305,-6.1976,44.149,-0.68607,-43.923,-10.236,10.681,78.103,64.91
11.47,61.137,18.875,-44.148,-4.9689,38.883,0.1156,-49.799,-14.671,4.1863,70.485,57.721
7.3641,52.102,15.634,-36.422,-3.4511,33.642,0.77904,-55.554,-19.071,-1.1266,63.064,50.676
4.2617,43.122,12.826,-28.403,-2.2966,28.531,1.3272,-61.018,-23.387,-5.6012,55.683,43.736
1.7338,34.515,10.701,-20.6,-1.9413,23.586,1.7697,-66.062,-27.542,-9.5944,48.202,36.812
-0.71354,26.535,9.372,-13.699,-2.4849,18.824,2.093,-70.629,-31.458,-13.344,40.602,29.826
-3.3574,19.337,8.7811,-8.0716,-3.866,14.269,2.2638,-74.739,-35.091,-16.961,33.106,22.987
-6.2924,13.004,8.6794,-3.5487,-5.9663,9.9396,2.2421,-78.471,-38.442,-20.477,26.119,16.84
-9.4673,7.5394,8.6895,0.24049,-8.4991,5.8742,1.9944,-81.945,-41.558,-23.884,20,11.805
-12.673,2.8496,8.4569,3.5719,-10.987,2.1518,1.5032,-85.299,-44.52,-27.177,14.906,7.8775
-15.624,-1.2133,7.807,6.5662,-12.978,-1.1471,0.76936,-88.672,-47.423,-30.369,10.792,4.8113
-18.099,-4.794,6.7617,9.2379,-14.248,-3.9911,-0.19223,-92.188,-50.367,-33.507,7.4893,2.335
-19.957,-8.0054,5.3955,11.561,-14.75,-6.4098,-1.3609,-95.941,-53.434,-36.66,4.7784,0.22589
-21.064,-10.93,3.7291,13.507,-14.427,-8.4782,-2.7161,-99.977,-56.682,-39.894,2.4479,-1.6863
-21.344,-13.626,1.7783,15.067,-13.221,-10.288,-4.2363,-104.28,-60.131,-43.25,0.33094,-3.5177
-20.942,-16.125,-0.33724,16.262,-11.306,-11.919,-5.8934,-108.76,-63.744,-46.702,-1.6771,-5.3235
-20.278,-18.439,-2.3652,17.172,-9.1949,-13.418,-7.6519,-113.24,-67.426,-50.161,-3.6204,-7.0962
-19.851,-20.56,-4.0012,17.929,-7.5233,-14.801,-9.4724,-117.51,-71.029,-53.48,-5.4983,-8.7807
-19.978,-22.477,-5.0063,18.669,-6.7387,-16.062,-11.319,-121.36,-74.39,-56.508,-7.2867,-10.307
-20.74,-24.187,-5.2839,19.499,-7.0251,-17.196,-13.164,-124.64,-77.374,-59.14,-8.9595,-11.632
-22.132,-25.697,-4.9041,20.511,-8.4187,-18.206,-14.989,-127.31,-79.917,-61.359,-10.509,-12.775
-24.14,-27.023,-4.0863,21.772,-10.792,-19.105,-16.784,-129.42,-82.038,-63.231,-11.953,-13.811
-26.598,-28.18,-3.135,23.254,-13.704,-19.903,-18.542,-131.1,-83.83,-64.875,-13.326,-14.837
-29.078,-29.176,-2.3375,24.79,-16.463,-20.599,-20.251,-132.56,-85.425,-66.404,-14.656,-15.927
-31.086,-30.012,-1.8752,26.146,-18.455,-21.176,-21.879,-133.98,-86.943,-67.891,-15.946,-17.104
-32.356,-30.684,-1.7993,27.137,-19.423,-21.603,-23.382,-135.49,-88.458,-69.352,-17.162,-18.326
-32.855,-31.191,-2.0756,27.677,-19.386,-21.85,-24.703,-137.16,-89.979,-70.754,-18.253,-19.51
-32.529,-31.542,-2.6495,27.739,-18.334,-21.907,-25.79,-138.94,-91.456,-72.046,-19.169,-20.561
-31.261,-31.754,-3.4666,27.317,-16.239,-21.79,-26.618,-140.73,-92.82,-73.206,-19.896,-21.416
-29.19,-31.841,-4.43,26.484,-13.449,-21.534,-27.192,-142.38,-94.011,-74.27,-20.464,-22.062
-26.884,-31.805,-5.3363,25.444,-10.779,-21.183,-27.547,-143.77,-94.997,-75.322,-20.937,-22.54
-25.036,-31.631,-5.8873,24.451,-8.978,-20.782,-27.734,-144.8,-95.772,-76.461,-21.381,-22.916
-24.068,-31.289,-5.8114,23.702,-8.2646,-20.364,-27.807,-145.42,-96.345,-77.749,-21.834,-23.257
-24.128,-30.759,-4.9625,23.36,-8.6064,-19.947,-27.8,-145.63,-96.719,-79.177,-22.288,-23.587
-25.31,-30.04,-3.3346,23.551,-10.235,-19.527,-27.722,-145.49,-96.886,-80.658,-22.69,-23.876
-27.555,-29.167,-1.0811,24.211,-13.294,-19.081,-27.557,-145.07,-96.828,-82.056,-22.969,-24.057
-30.316,-28.2,1.4819,25.027,-17.199,-18.59,-27.276,-144.49,-96.531,-83.238,-23.064,-24.063
-32.726,-27.211,3.953,25.642,-20.856,-18.046,-26.861,-143.84,-95.999,-84.124,-22.946,-23.858
-34.173,-26.268,5.9617,25.849,-23.36,-17.462,-26.307,-143.23,-95.255,-84.725,-22.63,-23.453
-34.552,-25.416,7.2308,25.61,-24.378,-16.866,-25.627,-142.7,-94.339,-85.13,-22.164,-22.896
-33.85,-24.672,7.5522,24.924,-23.825,-16.291,-24.842,-142.24,-93.285,-85.464,-21.618,-22.25
-31.783,-24.023,6.7938,23.745,-21.531,-15.764,-23.97,-141.8,-92.094,-85.817,-21.056,-21.573
-28.275,-23.427,5.0465,22.09,-17.684,-15.294,-23.018,-141.21,-90.704,-86.192,-20.511,-20.899
-24.012,-22.82,2.7482,20.172,-13.225,-14.866,-21.983,-140.28,-88.982,-86.491,-19.973,-20.224
-20.123,-22.14,0.55749,18.34,-9.3923,-14.452,-20.844,-138.78,-86.765,-86.545,-19.401,-19.515
-17.458,-21.355,-0.93,16.925,-6.9928,-14.025,-19.559,-136.46,-83.916,-86.179,-18.752,-18.741
-16.443,-20.48,-1.3573,16.172,-6.3228,-13.579,-18.036,-133.11,-80.395,-85.289,-18.018,-17.905
-17.353,-19.581,-0.64271,16.207,-7.5548,-13.129,-16.117,-128.57,-76.289,-83.893,-17.248,-17.063
-20.023,-18.743,0.97363,16.936,-10.537,-12.712,-13.582,-122.72,-71.792,-82.123,-16.542,-16.319
-23.453,-18.042,2.9599,17.998,-14.327,-12.361,-10.25,-115.62,-67.102,-80.153,-16.02,-15.792
-26.288,-17.515,4.7407,18.921,-17.538,-12.084,-6.3561,-107.56,-62.321,-78.074,-15.753,-15.559
-27.745,-17.124,5.998,19.38,-19.294,-11.84,-4.034,-99.09,-57.381,-75.763,-15.698,-15.595
-27.902,-16.75,6.7269,19.251,-19.67,-11.537,-9.7593,-90.925,-52.06,-72.808,-15.649,-15.739
-26.814,-16.228,7.017,18.404,-18.843,-11.054,-18.728,-83.845,-46.069,-68.567,-15.243,-15.715
-24.213,-15.39,6.8783,16.716,-16.667,-10.273,-20.339,-79.022,-39.511,-62.505,-14.015,-15.197
-20.384,-14.088,6.3321,14.345,-13.486,-9.1023,-17.424,-78.235,-35.671,-55.285,-11.466,-13.812
-16.287,-12.174,5.5898,11.702,-10.292,-7.4714,-9.87,-80.616,-38.237,-53.558,-7.4622,-11.207
-12.595,-9.4092,4.9986,9.1171,-7.8401,-5.2979,5.4262,-76.93,-32.127,-53.973,-13.072,-13.345
-10.519,-5.9419,4.8334,8.2231,-6.3277,-2.453,32.207,-60.333,-23.655,-52.7,-21.471,-26.601
-22.316,-14.152,5.2683,23.966,-6.7128,1.1469,71.761,-31.949,-13.602,-53.976,-31.227,-36.951
-40.313,-34.772,6.399,37.731,-13.526,4.7714,119.27,4.3567,0.00019464,-54.509,-41.535,-48.22
-52.539,-41.783,8.0984,48.765,-23.334,4.204,163.2,43.369,18.72,-49.567,-48.24,-57.589
-61.218,-42.209,9.9675,54.675,-29.875,-3.4801,192.41,82.967,44.64,-35.072,-46,-60.049
-61.488,-34.113,11.561,51.822,-33.323,-3.8744,203,127.22,83.529,-6.5378,-29.366,-49.83
-50.251,-16.673,12.675,38.317,-31.451,5.172,196.94,176.93,142.75,48.241,6.6718,-22.585
-26.414,9.3304,13.401,13.737,-22.761,18.07,178.73,229.91,229.66,133.04,65.731,23.504
10.5,43.402,13.861,-21.859,-5.1623,32.497,153.56,294,352.95,249.27,149.24,88.848
61.754,86.165,13.888,-69.12,23.188,47.993,124.78,372.91,504.33,396.93,257.02,173.91
127.13,138.22,10.522,-128.91,61.316,65.72,92.205,467.01,682.4,571.07,387.2,278.11
203.74,200.14,0.7104,-200.67,105.63,88.552,52.714,569.67,873.59,760.96,535.06,398.76
286.1,271.5,-8.5902,-281.13,149.95,120.29,2.2167,661.27,1055.2,949.25,692.17,530.76
366.6,348.96,-13.324,-363.74,188.95,161.82,-62.513,716.11,1198.9,1113,845.88,665.65
436.82,426.53,-10.468,-439.63,218.66,207.17,-140.35,711.5,1275.2,1226.9,979.45,791.22
489.3,495.61,1.3001,-499.9,236.13,250.59,-223.99,630.12,1260.1,1267.9,1074.4,892.65
518.53,547.99,21.09,-537.83,239.62,288.8,-304.6,462.55,1140.9,1221.9,1115.4,955.54
521.41,579.15,47.437,-550.47,228.21,318.41,-374.17,212.13,921.95,1088.5,1094.8,970.84
498.34,589.36,80.564,-539.64,202.33,338.7,-426.23,-102.35,625.36,883.5,1016.7,939.13
454.61,582.78,121.21,-511.5,164.63,351.46,-457.98,-447.86,287.52,635.45,896.83,871.28
399.66,565.53,163.14,-474.48,120,359.36,-470.93,-782.56,-48.694,378.65,758.35,784.37
343.32,543.05,199.29,-436.05,74.791,363.75,-470.13,-1065.4,-343.41,144.38,622.79,694.3
291.95,517.84,226.16,-400.19,34.758,363.65,-462.76,-1266.5,-568.86,-46.598,503.17,610.45
246.94,489.07,239.88,-366.58,2.7925,356.72,-455.63,-1374.6,-714.88,-187.66,402.9,535.25
206.46,454.12,239.14,-332.01,-21.035,340.48,-452.74,-1396.5,-788.06,-284.84,318.16,465.74
168.47,410.66,226.05,-293.47,-37.438,313.62,-454.56,-1352.6,-804.86,-349.66,242.4,396.62
131.76,358.78,205.44,-250.59,-47.684,277.73,-458.03,-1269.4,-785.59,-389.46,171.82,324.33
95.554,301.9,182.59,-205.33,-53.915,237.65,-456.93,-1168.9,-749.8,-412.21,105.66,250.65
61.068,244.57,161.49,-160.21,-58.24,197.92,-444.46,-1063.1,-707.46,-424.72,45.541,181.03
30.095,190.91,144.26,-117.37,-60.834,161.14,-417.19,-956.28,-659.8,-427.67,-4.2975,120.67
3.3356,143.13,129.46,-78.36,-54.293,128.3,-376.12,-849.31,-606.23,-419.25,-41.257,72.084
-18.393,101.91,114.26,-45.232,-41.599,99.45,-324.77,-743.26,-544.94,-397.87,-65.853,35.3
-35.011,67.311,97.734,-19.21,-37.876,74.456,-267.74,-643.37,-476.69,-364.91,-79.396,8.9045
-45.981,39.592,80.767,-0.19418,-36.785,53.222,-209.75,-554.78,-408.5,-323.38,-83.168,-8.7773
-49.858,19.825,64.331,11.875,-35.133,35.98,-154.89,-473.03,-342.68,-276.87,-78.304,-18.846
-42.371,8.2745,49.067,17.084,-32.152,23.464,-105.84,-394.93,-278.06,-229.06,-61.379,-22.145
-27.572,3.5455,36.046,16.303,-27.759,15.926,-64.678,-319.32,-218.48,-183.51,-17.533,-19.441
-18.467,3.9179,25.832,10.263,-22.268,12.407,-34.542,-247.86,-166.87,-143.39,-11.527,-7.7965
-13.336,9.6135,18.608,2.6675,-16.414,12.775,-15.108,-185.04,-124.66,-110.6,-12.998,8.6622
-10.266,14.361,14.363,2.0071,-11.079,15.273,-3.342,-135.66,-93.015,-85.792,-13.841,5.9681
-8.8531,9.027,12.335,3.1106,-7.0261,13.87,3.1458,-101.32,-72.419,-69.046,-13.828,2.768
-8.8497,2.8297,10.954,4.353,-4.8936,8.8028,5.5174,-80.468,-61.8,-60.107,-13.549,0.93223
-10.189,-1.2337,9.4832,5.8852,-5.1218,3.7026,5.2984,-69.642,-58.545,-58.078,-13.273,-0.23922
-12.934,-4.174,8.8319,7.8071,-7.6455,-0.34834,0.97056,-65.771,-59.663,-62.037,-13.023,-1.0891
-16.812,-6.5472,9.0283,10.101,-11.679,-3.5051,-0.71025,-71.582,-61.991,-68.36,-12.897,-1.8466
-20.999,-8.6017,9.3251,12.542,-15.974,-6.0302,4.2548,-74.393,-55.932,-66.636,-13.067,-2.6783
-24.535,-10.493,9.1777,14.809,-19.358,-8.1329,8.571,-68.63,-48.698,-61.1,-13.648,-3.6963
-26.901,-12.339,8.3188,16.675,-21.157,-9.9829,11.66,-62.856,-44.054,-56.84,-14.655,-4.9462
-28.062,-14.225,6.5946,18.071,-21.205,-11.717,13.837,-58.625,-41.282,-54.322,-15.999,-6.3924
-27.914,-16.197,3.916,18.977,-19.493,-13.431,15.414,-55.735,-39.678,-53.061,-17.529,-7.9268
-26.161,-18.256,0.31772,19.362,-16.022,-15.179,16.635,-53.713,-38.717,-52.546,-19.094,-9.4117
-22.985,-20.365,-3.9299,19.288,-11.223,-16.969,17.66,-52.105,-38.015,-52.382,-20.592,-10.74
-19.343,-22.466,-8.3209,18.994,-6.119,-18.779,18.574,-50.567,-37.315,-52.312,-21.995,-11.88
-16.351,-24.489,-12.311,18.786,-1.8505,-20.569,19.392,-48.895,-36.473,-52.19,-23.324,-12.877
-14.613,-26.372,-15.538,18.873,0.86731,-22.299,20.093,-47.008,-35.428,-51.941,-24.6,-13.804
-14.273,-28.054,-17.843,19.364,1.7696,-23.937,20.65,-44.912,-34.173,-51.538,-25.807,-14.705
-15.443,-29.487,-19.193,20.321,0.79828,-25.463,21.058,-42.673,-32.735,-50.963,-26.882,-15.56
-18.02,-30.649,-19.719,21.685,-1.7276,-26.867,21.343,-40.382,-31.16,-50.203,-27.728,-16.294
-21.246,-31.555,-19.774,23.182,-4.856,-28.153,21.551,-38.134,-29.51,-49.253,-28.253,-16.801
-23.991,-32.242,-19.784,24.438,-7.3476,-29.32,21.73,-36.01,-27.854,-48.129,-28.406,-16.996
-25.481,-32.757,-20.071,25.185,-8.4184,-30.354,21.91,-34.069,-26.258,-46.879,-28.211,-16.849
-25.627,-33.14,-20.88,25.345,-8.0744,-31.218,22.089,-32.333,-24.767,-45.566,-27.756,-16.406
-24.577,-33.409,-22.354,24.924,-6.5458,-31.865,22.238,-30.801,-23.395,-44.256,-27.162,-15.771
-22.329,-33.565,-24.373,23.928,-3.9095,-32.265,22.314,-29.437,-22.114,-42.989,-26.537,-15.074
-19.079,-33.588,-26.528,22.443,-0.52346,-32.429,22.282,-28.189,-20.854,-41.757,-25.934,-14.422
-15.551,-33.441,-28.354,20.717,2.7822,-32.408,22.13,-26.993,-19.525,-40.512,-25.346,-13.862
-12.585,-33.074,-29.592,19.08,5.2293,-32.263,21.875,-25.786,-18.033,-39.165,-24.71,-13.364
-10.639,-32.441,-30.228,17.793,6.5704,-32.035,21.56,-24.512,-16.314,-37.626,-23.936,-12.832
-9.8918,-31.525,-30.31,16.996,6.8588,-31.741,21.241,-23.129,-14.346,-35.836,-22.935,-12.147
-10.445,-30.351,-29.872,16.713,6.1574,-31.383,20.97,-21.595,-12.163,-33.802,-21.655,-11.212
-12.039,-28.994,-29.035,16.814,4.7863,-30.969,20.783,-19.857,-9.8312,-31.588,-20.096,-9.9878
-13.897,-27.541,-28.079,17.009,3.4611,-30.506,20.696,-17.837,-7.4338,-29.298,-18.318,-8.5098
-15.131,-26.068,-27.354,16.967,2.8888,-29.995,20.713,-15.428,-5.046,-27.037,-16.417,-6.8629
-15.253,-24.626,-27.152,16.474,3.3287,-29.423,20.827,-12.522,-2.7226,-24.878,-14.494,-5.144
-14.276,-23.233,-27.583,15.483,4.619,-28.768,21.028,-9.0525,-0.48849,-22.849,-12.629,-3.4292
-12.388,-21.883,-28.511,14.031,6.5077,-28.01,21.307,-4.9987,1.6732,-20.933,-10.856,-1.7675
-9.7433,-20.551,-29.588,12.182,8.7763,-27.151,21.656,-0.37105,3.8132,-19.081,-9.1708,-0.18665
-6.6222,-19.22,-30.399,10.078,11.099,-26.21,22.058,4.8436,6.0075,-17.237,-7.5365,1.3141
-3.5603,-17.882,-30.662,7.9749,13.042,-25.226,22.491,10.727,8.3611,-15.356,-5.905,2.7896
-1.1267,-16.54,-30.319,6.1503,14.283,-24.237,22.932,17.425,11.002,-13.411,-4.2297,4.3572
0.34181,-15.202,-29.497,4.8013,14.767,-23.279,23.358,25.103,14.08,-11.39,-2.4769,6.1702
0.75391,-13.881,-28.363,4.0194,14.579,-22.377,23.761,33.878,17.753,-9.2894,-0.62554,8.3826
0.1783,-12.588,-27.044,3.8035,13.812,-21.536,24.147,43.784,22.155,-7.1108,1.339,11.133
-1.121,-11.329,-25.618,4.0347,12.626,-20.742,24.541,54.684,27.345,-4.8551,3.433,14.524
-2.6689,-10.102,-24.138,4.473,11.298,-19.961,24.983,66.264,33.273,-2.5202,5.6726,18.533
-3.9759,-8.8955,-22.645,4.8485,10.09,-19.142,25.518,78.104,39.741,-0.1088,8.0651,22.912
-4.7864,-7.6973,-21.191,4.9698,9.1041,-18.239,26.179,89.814,46.481,2.3772,10.608,27.259
-5.0827,-6.4898,-19.854,4.7395,8.3419,-17.222,26.966,101.15,53.24,4.9468,13.311,31.279
-4.8446,-5.2545,-18.72,4.1064,7.8962,-16.081,27.838,112.01,59.837,7.6281,16.202,34.926
-3.9333,-3.9744,-17.846,3.0617,7.9953,-14.826,28.714,122.39,66.165,10.47,19.325,38.338
-2.3192,-2.6364,-17.217,1.6902,8.7592,-13.477,29.493,132.24,72.181,13.524,22.718,41.692
-0.31595,-1.2238,-16.717,0.17896,9.934,-12.054,30.078,141.4,77.901,16.827,26.391,45.081
1.5475,0.29484,-16.139,-1.2687,10.983,-10.571,30.408,149.6,83.394,20.382,30.311,48.499
2.8637,1.9714,-15.262,-2.5358,11.45,-9.0349,30.462,156.53,88.766,24.169,34.388,51.847
3.4797,3.8715,-13.912,-3.6146,11.14,-7.4388,30.264,162.02,94.124,28.167,38.504,55.017
3.3706,6.0604,-12.001,-4.5702,9.9813,-5.766,29.856,166.1,99.539,32.382,42.568,57.976
2.616,8.5843,-9.5536,-5.5373,7.9632,-3.9997,29.27,168.97,105.01,36.84,46.576,60.808
1.5617,11.449,-6.7439,-6.7218,5.3432,-2.1402,28.507,170.94,110.48,41.555,50.603,63.673
0.79713,14.602,-3.8965,-8.3257,2.7225,-0.21404,27.528,172.31,115.81,46.485,54.747,66.734
0.84592,17.919,-1.3961,-10.435,0.7719,1.7315,26.278,173.31,120.85,51.496,59.068,70.088
1.8965,21.229,0.44468,-12.972,-0.07665,3.6464,24.707,174.04,125.42,56.37,63.537,73.718
3.8131,24.355,1.4745,-15.739,0.28613,5.5012,22.8,174.53,129.42,60.874,68.041,77.502
6.3147,27.197,1.7271,-18.526,1.7175,7.3042,20.581,174.75,132.81,64.836,72.423,81.255
9.0725,29.768,1.3972,-21.177,3.8808,9.1008,18.114,174.68,135.65,68.201,76.539,84.808
11.716,32.195,0.77805,-23.606,6.2755,10.954,15.471,174.37,138.08,71.032,80.297,88.074
13.915,34.687,0.18067,-25.819,8.356,12.919,12.71,173.91,140.23,73.482,83.698,91.069
15.528,37.482,-0.12925,-27.943,9.7472,15.02,9.8741,173.43,142.26,75.755,86.84,93.908
16.645,40.791,0.034027,-30.229,10.348,17.242,6.9864,173.03,144.27,78.04,89.892,96.768
17.481,44.731,0.754,-32.963,10.216,19.543,4.0614,172.76,146.27,80.457,93.032,99.832
18.263,49.232,1.9981,-36.312,9.4408,21.881,1.1146,172.63,148.26,83.031,96.396,103.23
19.177,54.004,3.6331,-40.143,8.1736,24.236,-1.8316,172.55,150.17,85.696,100.03,106.99
20.306,58.655,5.4847,-44.02,6.6699,26.628,-4.7459,172.44,151.94,88.336,103.88,111.05
21.564,62.909,7.4095,-47.519,5.2006,29.103,-7.5895,172.19,153.51,90.828,107.83,115.26
22.743,66.697,9.3288,-50.495,3.9225,31.72,-10.322,171.73,154.85,93.086,111.73,119.44
23.68,70.076,11.204,-53.015,2.873,34.515,-12.912,171.02,155.94,95.076,115.47,123.4
24.393,73.138,12.998,-55.208,2.0938,37.484,-15.343,170.04,156.8,96.82,118.97,127.05
25.096,75.987,14.662,-57.241,1.7102,40.58,-17.613,168.8,157.45,98.383,122.27,130.38
26.076,78.745,16.173,-59.316,1.8574,43.73,-19.728,167.39,157.94,99.871,125.44,133.49
27.532,81.552,17.547,-61.617,2.5268,46.862,-21.691,165.91,158.38,101.41,128.61,136.55
29.506,84.542,18.82,-64.238,3.5032,49.918,-23.494,164.52,158.86,103.15,131.91,139.74
31.974,87.82,20.026,-67.16,4.4666,52.865,-25.116,163.41,159.52,105.18,135.39,143.18
34.949,91.432,21.201,-70.265,5.1526,55.69,-26.53,162.7,160.47,107.57,139.06,146.91
38.374,95.342,22.41,-73.378,5.4054,58.388,-27.706,162.47,161.77,110.31,142.86,150.9
41.912,99.421,23.727,-76.307,5.1317,60.952,-28.625,162.69,163.43,113.33,146.73,155.03
44.987,103.49,25.192,-78.919,4.3282,63.374,-29.281,163.26,165.37,116.55,150.62,159.15
47.239,107.42,26.771,-81.207,3.1963,65.652,-29.675,164.01,167.48,119.89,154.5,163.18
48.823,111.17,28.359,-83.284,2.1218,67.79,-29.812,164.76,169.57,123.31,158.4,167.19
50.168,114.78,29.819,-85.287,1.4698,69.796,-29.696,165.35,171.5,126.79,162.38,171.31
51.631,118.28,31.02,-87.33,1.4372,71.675,-29.325,165.68,173.16,130.33,166.49,175.69
53.497,121.67,31.863,-89.545,2.1042,73.426,-28.695,165.72,174.51,133.9,170.74,180.36
55.961,124.87,32.302,-92.048,3.4941,75.037,-27.808,165.52,175.57,137.47,175.08,185.23
58.838,127.77,32.394,-94.764,5.4388,76.48,-26.671,165.2,176.4,140.96,179.37,190.08
61.549,130.25,32.284,-97.362,7.4741,77.716,-25.308,164.87,177.08,144.28,183.44,194.62
63.581,132.27,32.141,-99.449,9.0441,78.696,-23.747,164.63,177.67,147.34,187.17,198.59
64.788,133.82,32.112,-100.78,9.8042,79.374,-22.021,164.54,178.17,150.11,190.5,201.78
65.189,134.91,32.306,-101.31,9.6356,79.714,-20.151,164.54,178.54,152.62,193.49,204.01
64.642,135.55,32.781,-101.11,8.4916,79.704,-18.147,164.49,178.62,154.92,196.09,204.99
63,135.7,33.482,-100.33,6.4934,79.353,-16.011,164.13,178.17,157.07,198.07,204.33
60.475,135.19,34.2,-99.159,4.1105,78.687,-13.756,163.18,176.81,159.04,198.91,201.78
57.563,133.78,34.63,-97.741,1.9852,77.723,-11.411,161.24,174.13,160.63,198.13,197.42
54.671,131.26,34.521,-95.96,0.56729,76.459,-9.0303,157.96,169.83,161.54,195.63,191.61
51.974,127.55,33.733,-93.431,0.033018,74.866,-6.6842,153,163.87,161.38,191.7,184.79
49.46,122.84,32.211,-89.897,0.47726,72.908,-4.4411,146.18,156.47,159.92,186.7,177.32
46.944,117.47,30.026,-85.626,1.8712,70.562,-2.3529,137.48,147.95,157.08,180.87,169.37
44.09,111.77,27.428,-81.121,3.7899,67.842,-0.44403,127.1,138.59,152.98,174.28,160.94
40.526,105.96,24.8,-76.634,5.4874,64.794,1.2916,115.35,128.61,147.79,166.91,151.98
36.223,100.14,22.533,-72.133,6.3493,61.492,2.8813,102.63,118.16,141.69,158.78,142.54
31.642,94.401,20.918,-67.527,6.161,58.015,4.3546,89.397,107.38,134.86,150.04,132.87
27.22,88.793,20.035,-62.775,4.9476,54.421,5.7238,76.146,96.348,127.47,140.99,123.29
22.979,83.364,19.699,-57.864,2.8366,50.736,6.973,63.353,85.133,119.71,131.91,114.06
18.796,78.082,19.519,-52.813,0.19382,46.954,8.0646,51.365,73.732,111.68,123.02,105.29
14.779,72.839,19.087,-47.704,-2.3605,43.059,8.9603,40.369,62.131,103.43,114.41,96.995
11.181,67.484,18.187,-42.615,-4.2499,39.076,9.6453,30.418,50.407,94.956,106.04,89.112
8.1036,61.868,16.833,-37.491,-5.2241,35.094,10.139,21.49,38.848,86.2,97.827,81.537
5.503,55.901,15.147,-32.17,-5.3196,31.247,10.487,13.515,27.984,77.107,89.702,74.164
3.5024,49.627,13.261,-26.703,-4.6458,27.656,10.737,6.3932,18.377,67.635,81.69,66.944
2.4267,43.277,11.318,-21.635,-3.3552,24.384,10.921,0.0082176,10.304,57.793,73.921,59.941
2.3219,37.189,9.4934,-17.549,-1.7735,21.435,11.048,-5.7481,3.6522,47.757,66.533,53.288
2.6995,31.658,7.9521,-14.496,-0.36343,18.762,11.111,-10.951,-1.9041,37.948,59.574,47.075
2.8933,26.836,6.7934,-12.141,0.50044,16.299,11.101,-15.63,-6.6859,28.92,52.969,41.276
2.4837,22.738,6.022,-10.115,0.66149,13.978,11.026,-19.786,-10.909,21.131,46.56,35.782
1.3332,19.274,5.5581,-8.1559,0.11391,11.748,10.902,-23.416,-14.697,14.782,40.178,30.5
-0.55722,16.295,5.2701,-6.0902,-1.066,9.5839,10.749,-26.553,-18.125,9.8023,33.773,25.434
-3.0549,13.66,5.0179,-3.8502,-2.6976,7.4901,10.581,-29.273,-21.26,5.9347,27.566,20.732
-5.8476,11.282,4.6973,-1.513,-4.4942,5.5001,10.403,-31.683,-24.169,2.8602,22.017,16.624
-8.5179,9.121,4.2666,0.72149,-6.1432,3.6645,10.221,-33.887,-26.904,0.31026,17.485,13.249
-10.702,7.1608,3.7401,2.6244,-7.4017,2.0307,10.045,-35.96,-29.491,-1.8833,13.986,10.559
-12.176,5.3839,3.1417,4.0267,-8.1319,0.61781,9.8836,-37.938,-31.932,-3.7975,11.318,8.4068
-12.791,3.7695,2.4514,4.8365,-8.2495,-0.59533,9.7431,-39.817,-34.211,-5.4578,9.2508,6.656
-12.401,2.3037,1.5964,5.0395,-7.6544,-1.6583,9.6254,-41.562,-36.299,-6.8769,7.6069,5.2147
-11.019,0.98558,0.50916,4.7312,-6.3013,-2.6176,9.534,-43.11,-38.164,-8.0747,6.261,4.0219
-9.0145,-0.16852,-0.78229,4.1384,-4.3895,-3.4855,9.4821,-44.379,-39.766,-9.0798,5.1307,3.0324
-7.0165,-1.1233,-2.1124,3.5503,-2.3886,-4.2302,9.492,-45.28,-41.063,-9.9209,4.1694,2.2065
-5.5761,-1.8323,-3.2219,3.1846,-0.81897,-4.7909,9.5838,-45.747,-42.018,-10.618,3.3532,1.5035
-4.9748,-2.2534,-3.8532,3.1306,-0.045637,-5.1059,9.759,-45.758,-42.617,-11.176,2.6652,0.88367
-5.3066,-2.3671,-3.8355,3.406,-0.24729,-5.1393,9.9909,-45.345,-42.874,-11.588,2.0907,0.31793
-6.5465,-2.1903,-3.1335,3.9863,-1.4295,-4.8951,10.226,-44.595,-42.832,-11.84,1.6218,-0.20632
-8.4602,-1.7841,-1.8535,4.7687,-3.377,-4.419,10.397,-43.639,-42.564,-11.925,1.2598,-0.68734
-10.587,-1.2484,-0.21106,5.5773,-5.6587,-3.7865,10.438,-42.624,-42.157,-11.863,1.0094,-1.1136
-12.422,-0.70286,1.5248,6.2329,-7.7732,-3.0881,10.298,-41.698,-41.708,-11.708,0.86487,-1.4731
-13.628,-0.25616,3.0918,6.6114,-9.3358,-2.4148,9.9391,-40.98,-41.31,-11.54,0.7953,-1.7694
-14.056,0.024815,4.2802,6.6435,-10.142,-1.8442,9.3402,-40.54,-41.032,-11.448,0.74178,-2.0338
-13.644,0.12721,4.9629,6.3037,-10.107,-1.4262,8.4971,-40.381,-40.905,-11.494,0.63243,-2.3198
-12.418,0.077298,5.1257,5.6361,-9.2723,-1.1741,7.4256,-40.443,-40.911,-11.701,0.40813,-2.6818
-10.647,-0.088449,4.8896,4.797,-7.9137,-1.0695,6.1566,-40.617,-40.993,-12.04,0.044202,-3.1521
-8.8658,-0.34576,4.4773,4.0334,-6.5284,-1.0805,4.725,-40.782,-41.076,-12.45,-0.44248,-3.729
-7.6285,-0.69043,4.1126,3.5894,-5.5861,-1.1849,3.1597,-40.838,-41.087,-12.856,-1.0019,-4.3797
-7.2437,-1.1309,3.9214,3.6142,-5.3122,-1.3869,1.481,-40.728,-40.976,-13.195,-1.5684,-5.0519
-7.7609,-1.6807,3.8941,4.142,-5.7074,-1.717,-0.28927,-40.443,-40.719,-13.429,-2.0798,-5.6879
-9.0708,-2.353,3.9057,5.1211,-6.636,-2.2117,-2.115,-40.013,-40.316,-13.553,-2.4923,-6.2385
-10.904,-3.159,3.7806,6.4269,-7.8302,-2.8887,-3.9407,-39.493,-39.791,-13.585,-2.7895,-6.6746
-12.841,-4.105,3.3797,7.8692,-8.935,-3.7361,-5.7019,-38.953,-39.186,-13.567,-2.9864,-6.9966
-14.47,-5.1894,2.6485,9.2384,-9.6497,-4.7215,-7.3454,-38.474,-38.564,-13.56,-3.1264,-7.2362
-15.541,-6.4002,1.6071,10.37,-9.8277,-5.8096,-8.8473,-38.13,-37.999,-13.631,-3.2726,-7.4482
-15.971,-7.7125,0.31907,11.169,-9.4492,-6.971,-10.213,-37.981,-37.555,-13.839,-3.4905,-7.6936
-15.73,-9.088,-1.1265,11.598,-8.5515,-8.1799,-11.461,-38.04,-37.27,-14.214,-3.8267,-8.0169
-14.846,-10.482,-2.6256,11.67,-7.2288,-9.4115,-12.601,-38.267,-37.131,-14.739,-4.2917,-8.4294
-13.515,-11.853,-4.0764,11.482,-5.6835,-10.644,-13.624,-38.57,-37.077,-15.354,-4.8561,-8.9044
-12.112,-13.177,-5.4046,11.213,-4.2065,-11.864,-14.506,-38.828,-37.009,-15.973,-5.4631,-9.3861
-11.026,-14.443,-6.5831,11.063,-3.0556,-13.068,-15.226,-38.921,-36.824,-16.506,-6.0497,-9.8082
-10.487,-15.641,-7.6296,11.168,-2.3663,-14.25,-15.777,-38.768,-36.439,-16.892,-6.5662,-10.119
-10.592,-16.753,-8.5857,11.578,-2.1771,-15.398,-16.171,-38.346,-35.818,-17.109,-6.9859,-10.299
-11.363,-17.75,-9.4954,12.289,-2.4471,-16.486,-16.433,-37.693,-34.973,-17.177,-7.3069,-10.372
-12.652,-18.595,-10.395,13.228,-2.9982,-17.477,-16.594,-36.901,-33.967,-17.147,-7.5459,-10.392
-14.091,-19.262,-11.311,14.232,-3.5237,-18.339,-16.687,-36.089,-32.883,-17.083,-7.7272,-10.423
-15.225,-19.737,-12.27,15.089,-3.7295,-19.047,-16.745,-35.378,-31.812,-17.039,-7.8708,-10.514
-15.732,-20.027,-13.303,15.612,-3.4571,-19.593,-16.794,-34.859,-30.822,-17.043,-7.9845,-10.679
-15.476,-20.151,-14.44,15.695,-2.6589,-19.983,-16.86,-34.584,-29.959,-17.102,-8.064,-10.901
-14.429,-20.137,-15.688,15.317,-1.3079,-20.226,-16.968,-34.557,-29.244,-17.213,-8.1014,-11.132
-12.636,-20.006,-16.985,14.515,0.57867,-20.329,-17.138,-34.739,-28.676,-17.371,-8.0954,-11.318
-10.313,-19.762,-18.173,13.398,2.7927,-20.284,-17.387,-35.064,-28.235,-17.579,-8.0553,-11.419
-7.9024,-19.384,-19.013,12.137,4.8878,-20.074,-17.723,-35.441,-27.885,-17.836,-7.9988,-11.418
-5.9186,-18.832,-19.257,10.924,6.364,-19.676,-18.141,-35.778,-27.579,-18.139,-7.9431,-11.33
-4.7333,-18.062,-18.733,9.907,6.8905,-19.069,-18.626,-35.993,-27.263,-18.472,-7.897,-11.192
-4.5194,-17.045,-17.391,9.1781,6.3561,-18.239,-19.152,-36.035,-26.889,-18.802,-7.8571,-11.047
-5.2843,-15.785,-15.31,8.782,4.8213,-17.184,-19.692,-35.895,-26.424,-19.085,-7.8017,-10.926
-6.8226,-14.319,-12.691,8.6951,2.5456,-15.915,-20.221,-35.612,-25.854,-19.269,-7.6961,-10.833
-8.6808,-12.71,-9.8218,8.7951,-0.0016711,-14.451,-20.72,-35.267,-25.196,-19.318,-7.5048,-10.743
-10.324,-11.035,-6.9987,8.8981,-2.3147,-12.819,-21.181,-34.961,-24.488,-19.221,-7.204,-10.612
-11.396,-9.3849,-4.4552,8.8483,-4.0766,-11.053,-21.598,-34.779,-23.785,-19.009,-6.789,-10.394
-11.792,-7.8458,-2.3404,8.5649,-5.165,-9.205,-21.968,-34.775,-23.134,-18.743,-6.2795,-10.067
-11.482,-6.4889,-0.74539,8.0165,-5.4792,-7.3464,-22.292,-34.948,-22.569,-18.504,-5.7248,-9.6457
-10.408,-5.3511,0.29767,7.1913,-4.9388,-5.5715,-22.571,-35.251,-22.099,-18.368,-5.1972,-9.1879
-8.6559,-4.4314,0.87418,6.1239,-3.7171,-3.9818,-22.807,-35.604,-21.707,-18.381,-4.772,-8.7677
-6.6249,-3.7018,1.2118,4.9446,-2.3217,-2.6599,-22.995,-35.908,-21.353,-18.546,-4.5033,-8.4513
-4.8905,-3.1239,1.5894,3.8681,-1.3274,-1.6438,-23.12,-36.074,-20.981,-18.814,-4.4065,-8.2655
-3.8954,-2.6622,2.2214,3.1108,-1.0661,-0.92004,-23.16,-36.036,-20.53,-19.096,-4.4533,-8.1925
-3.8345,-2.2942,3.2135,2.8136,-1.6328,-0.44262,-23.089,-35.77,-19.953,-19.292,-4.5815,-8.1788
-4.7667,-2.0153,4.5366,3.0309,-3.0603,-0.16231,-22.887,-35.29,-19.227,-19.324,-4.7139,-8.1531
-6.6249,-1.8413,5.985,3.7445,-5.238,-0.044478,-22.542,-34.647,-18.363,-19.16,-4.7817,-8.0514
-9.0512,-1.8049,7.2211,4.839,-7.7055,-0.071653,-22.057,-33.921,-17.412,-18.831,-4.747,-7.8431
-11.418,-1.9444,7.9221,6.0901,-9.7789,-0.23903,-21.449,-33.216,-16.457,-18.424,-4.6169,-7.5437
-13.139,-2.2837,7.901,7.2271,-10.924,-0.54802,-20.75,-32.641,-15.605,-18.059,-4.4423,-7.2164
-13.898,-2.8092,7.1161,8.0175,-10.933,-0.99535,-20,-32.298,-14.954,-17.851,-4.3013,-6.9519
-13.568,-3.4579,5.6373,8.3,-9.7872,-1.5593,-19.231,-32.247,-14.565,-17.873,-4.2699,-6.8336
-12.069,-4.1323,3.6509,7.9915,-7.5541,-2.1937,-18.449,-32.489,-14.431,-18.124,-4.3902,-6.9028
-9.5333,-4.7351,1.4634,7.1336,-4.5513,-2.8391,-17.633,-32.953,-14.476,-18.539,-4.6564,-7.1399
-6.5088,-5.2036,-0.56285,5.9444,-1.4204,-3.4447,-16.741,-33.509,-14.581,-19.01,-5.0173,-7.4715
-3.7772,-5.5242,-2.1167,4.7656,1.1388,-3.9883,-15.734,-34.007,-14.629,-19.435,-5.3994,-7.7992
-1.9384,-5.7253,-3.0234,3.9055,2.6936,-4.4807,-14.596,-34.315,-14.537,-19.75,-5.7368,-8.0396
-1.2407,-5.8532,-3.2772,3.5323,3.1185,-4.9533,-13.34,-34.358,-14.287,-19.946,-5.9947,-8.1572
-1.7505,-5.9478,-3.0242,3.7111,2.4328,-5.4343,-12.007,-34.139,-13.913,-20.06,-6.1765,-8.1748
-3.3925,-6.0312,-2.5022,4.4346,0.80463,-5.9243,-10.642,-33.724,-13.484,-20.143,-6.3128,-8.1565
-5.7284,-6.106,-1.9448,5.5426,-1.2928,-6.3874,-9.2809,-33.217,-13.072,-20.233,-6.4412,-8.1758
-7.9972,-6.1576,-1.496,6.7063,-3.1807,-6.7609,-7.936,-32.723,-12.719,-20.332,-6.5885,-8.2844
-9.5487,-6.1566,-1.1939,7.575,-4.3636,-6.9772,-6.5955,-32.315,-12.431,-20.411,-6.7589,-8.4889
-10.157,-6.0691,-1.029,7.9167,-4.7473,-6.9881,-5.2305,-32.015,-12.176,-20.424,-6.9334,-8.7515
-9.8283,-5.8776,-1.0148,7.6294,-4.3891,-6.7831,-3.8103,-31.794,-11.903,-20.337,-7.079,-8.9992
-8.4512,-5.5991,-1.2152,6.71,-3.167,-6.3949,-2.317,-31.584,-11.57,-20.142,-7.1635,-9.1492
-5.9865,-5.285,-1.701,5.3114,-0.98951,-5.8907,-0.75466,-31.308,-11.154,-19.865,-7.1724,-9.1398
-2.9267,-4.9988,-2.4476,3.7833,1.7498,-5.3483,0.85063,-30.898,-10.659,-19.551,-7.1171,-8.952
-0.18979,-4.7815,-3.2541,2.5436,4.2478,-4.8282,2.4597,-30.311,-10.099,-19.243,-7.0299,-8.6122
1.4603,-4.6302,-3.7857,1.8787,5.7824,-4.3533,4.0346,-29.53,-9.4831,-18.962,-6.9482,-8.1778
1.7008,-4.5056,-3.715,1.8887,5.9875,-3.9089,5.5493,-28.563,-8.8059,-18.7,-6.9004,-7.7151
0.46509,-4.3587,-2.8394,2.5645,4.7368,-3.4631,6.9946,-27.442,-8.0558,-18.43,-6.9012,-7.2806
-2.1224,-4.1558,-1.1469,3.7871,2.0896,-2.993,8.3734,-26.222,-7.2327,-18.125,-6.953,-6.9121
-5.5487,-3.8911,1.1566,5.2723,-1.5308,-2.5026,9.6923,-24.979,-6.3641,-17.769,-7.0489,-6.6229
-8.9583,-3.5885,3.6888,6.6402,-5.3282,-2.0215,10.956,-23.798,-5.5044,-17.366,-7.1725,-6.3969
-11.558,-3.2933,6.012,7.5841,-8.4619,-1.5868,12.167,-22.755,-4.7164,-16.936,-7.2969,-6.1894
-12.979,-3.0555,7.7823,7.9667,-10.409,-1.2204,13.332,-21.9,-4.0471,-16.501,-7.3895,-5.9464
-13.228,-2.9169,8.8318,7.7921,-11.042,-0.91845,14.454,-21.25,-3.514,-16.082,-7.4281,-5.6357
-12.34,-2.9038,9.1238,7.1464,-10.412,-0.66073,15.527,-20.799,-3.1082,-15.702,-7.4186,-5.269
-10.33,-3.0245,8.666,6.1899,-8.6035,-0.43713,16.519,-20.526,-2.8094,-15.391,-7.4036,-4.905
-7.573,-3.2683,7.5353,5.1608,-5.9595,-0.27168,17.37,-20.405,-2.6014,-15.188,-7.4549,-4.6285
-4.8509,-3.6076,5.9785,4.3155,-3.2063,-0.22292,18.003,-20.412,-2.4813,-15.129,-7.6509,-4.5163
-2.8779,-4.0026,4.383,3.8283,-1.0923,-0.35657,18.345,-20.523,-2.4592,-15.234,-8.0449,-4.6042
-1.9327,-4.413,3.1113,3.7598,0.057893,-0.71163,18.346,-20.728,-2.5525,-15.498,-8.6404,-4.8709
-2.0575,-4.8127,2.4009,4.1188,0.20895,-1.286,17.986,-21.038,-2.7787,-15.89,-9.3842,-5.2435
-3.3237,-5.2012,2.3272,4.891,-0.73158,-2.0491,17.268,-21.485,-3.1511,-16.367,-10.182,-5.6224
-5.5674,-5.6059,2.7407,5.9807,-2.6679,-2.9629,16.208,-22.123,-3.6772,-16.892,-10.933,-5.9187
-8.1541,-6.0725,3.2762,7.1841,-4.9632,-3.992,14.831,-23.009,-4.3611,-17.448,-11.569,-6.0891
-10.307,-6.6472,3.513,8.2638,-6.7397,-5.1044,13.168,-24.187,-5.2051,-18.044,-12.079,-6.1533
-11.545,-7.357,3.1529,9.0307,-7.4323,-6.269,11.266,-25.675,-6.2103,-18.71,-12.518,-6.1842
-11.702,-8.1939,2.0523,9.3549,-6.9004,-7.4685,9.1796,-27.461,-7.3729,-19.463,-12.975,-6.2758
-10.643,-9.124,0.16133,9.1477,-5.1063,-8.6904,6.9677,-29.493,-8.678,-20.316,-13.541,-6.5025
-8.2769,-10.094,-2.4713,8.409,-2.0345,-9.9151,4.6817,-31.67,-10.082,-21.242,-14.257,-6.8865
-4.9,-11.05,-5.6007,7.2961,1.9602,-11.11,2.3609,-33.88,-11.53,-22.178,-15.099,-7.3874
-1.3215,-11.951,-8.7823,6.1242,6.034,-12.237,0.029722,-36.011,-12.95,-23.044,-15.985,-7.9178
1.5283,-12.778,-11.534,5.2458,9.2717,-13.267,-2.2988,-37.995,-14.276,-23.773,-16.812,-8.3761
3.0635,-13.534,-13.538,4.9074,11.164,-14.193,-4.6165,-39.785,-15.46,-24.358,-17.499,-8.6844
3.1028,-14.234,-14.703,5.2114,11.611,-15.036,-6.9157,-41.366,-16.491,-24.826,-18.017,-8.8182
1.6842,-14.897,-15.099,6.1458,10.675,-15.83,-9.182,-42.779,-17.406,-25.242,-18.401,-8.815
-0.85801,-15.536,-14.938,7.5615,8.6832,-16.601,-11.388,-44.085,-18.259,-25.668,-18.723,-8.7559
-3.7587,-16.152,-14.549,9.1505,6.4058,-17.347,-13.485,-45.345,-19.102,-26.154,-19.055,-8.7294
-6.1401,-16.733,-14.257,10.549,4.7069,-18.036,-15.408,-46.601,-19.981,-26.706,-19.435,-8.797
-7.5384,-17.262,-14.246,11.489,3.9666,-18.623,-17.08,-47.881,-20.906,-27.288,-19.855,-8.9762
-7.9833,-17.729,-14.573,11.865,4.0318,-19.065,-18.441,-49.191,-21.863,-27.842,-20.27,-9.2449
-7.5717,-18.138,-15.222,11.681,4.7208,-19.347,-19.464,-50.523,-22.816,-28.33,-20.633,-9.5569
-6.2803,-18.506,-16.08,11.021,6.0215,-19.485,-20.173,-51.86,-23.722,-28.727,-20.908,-9.8573
-4.3033,-18.85,-16.938,10.083,7.7314,-19.52,-20.631,-53.151,-24.538,-29.037,-21.086,-10.094
-2.2564,-19.17,-17.586,9.1572,9.3167,-19.499,-20.923,-54.323,-25.227,-29.275,-21.169,-10.229
-0.79476,-19.443,-17.904,8.4966,10.288,-19.463,-21.138,-55.302,-25.747,-29.45,-21.183,-10.246
-0.21121,-19.63,-17.877,8.2211,10.523,-19.436,-21.343,-56.03,-26.068,-29.564,-21.151,-10.153
-0.53546,-19.701,-17.535,8.354,10.083,-19.435,-21.566,-56.475,-26.173,-29.611,-21.095,-9.9853
-1.7651,-19.664,-16.921,8.8889,8.9515,-19.466,-21.77,-56.627,-26.065,-29.611,-21.032,-9.7995
-3.7484,-19.564,-16.111,9.7584,7.2179,-19.537,-21.839,-56.472,-25.771,-29.589,-20.988,-9.6691
-6.0098,-19.479,-15.254,10.78,5.2959,-19.659,-21.562,-55.981,-25.342,-29.61,-21.014,-9.6884
-7.9714,-19.519,-14.579,11.73,3.7263,-19.851,-20.628,-55.047,-24.826,-29.768,-21.204,-9.9674
-9.3143,-19.794,-14.338,12.466,2.825,-20.14,-18.667,-53.492,-24.255,-30.17,-21.671,-10.605
-9.9835,-20.398,-14.72,12.95,2.637,-20.552,-15.461,-51.094,-23.614,-30.89,-22.502,-11.659
-9.7775,-21.381,-15.778,13.156,3.232,-21.105,-12.209,-47.7,-22.819,-31.897,-23.686,-13.11
-8.2528,-22.73,-17.382,13.025,4.8313,-21.798,-16.39,-43.364,-21.698,-33.015,-25.066,-14.802
-5.3975,-24.327,-19.235,12.589,7.3591,-22.605,-25.462,-38.479,-19.984,-33.867,-26.374,-16.334
-2.1072,-25.937,-20.982,12.061,10.118,-23.482,-26.445,-33.968,-17.359,-33.893,-27.396,-17.301
0.40371,-27.307,-22.364,11.633,12.209,-24.352,-24.296,-31.546,-13.559,-32.415,-28.054,-17.824
1.5455,-28.261,-23.305,11.315,13.191,-25.115,-19.177,-33.846,-9.6212,-28.861,-27.995,-18.316
1.4449,-28.62,-23.86,11.189,13.184,-25.662,-8.9278,-40.589,-18.425,-24.152,-26.155,-18.558
-0.17171,-28.408,-24.105,12.095,12.28,-25.902,9.5854,-39.311,-23.671,-34.055,-26.687,-22.963
-5.6148,-30.544,-24.066,20.403,10.356,-25.795,39.009,-19.837,-16.79,-39.407,-41.153,-38.741
-24.582,-50.045,-23.723,41.314,6.3289,-25.459,79.104,13.506,-8.6081,-45.614,-59.629,-57.915
-42.324,-69.211,-23.099,56.552,-1.7978,-26.423,124.4,53.926,1.5923,-51.808,-79.343,-78.62
-55.34,-81.484,-22.355,68.167,-8.3002,-39.732,166.82,96.015,16.178,-53.563,-94.977,-96.169
-60.73,-85.996,-21.761,72.577,-12.283,-54.516,199.7,136.36,38.407,-45.522,-100.51,-105
-55.743,-80.004,-21.56,67.021,-11.767,-52.482,218.39,174.34,72.48,-22.313,-89.988,-99.61
-38.743,-62.949,-21.813,50.241,-4.0144,-43.632,221.27,213.5,123.86,21.234,-58.358,-75.772
-8.5337,-35.803,-22.563,22.045,11.959,-30.575,209.93,261.91,203.33,92.293,-2.5611,-31.48
35.376,0.48375,-24.884,-17.407,36.037,-14.505,188.84,330.28,320.01,199.82,78.65,34.027
91.763,46.287,-33.482,-68.173,67.963,4.6662,163.48,426.41,472.36,346.62,186.82,121.68
158.53,103,-44.986,-130.49,105.71,28.462,137.54,551.63,663.39,531.84,323.46,232.05
233.05,171.38,-48.889,-202.97,144.12,59.305,110.11,695.63,885.38,748.26,485.79,363.23
310.54,249.85,-44.415,-281.65,179.11,98.83,76.502,835.75,1116.7,977.93,663.9,509.3
384.34,333.52,-30.831,-360.93,207.55,145.58,31.264,940.62,1324.4,1192.9,842,659.99
447.53,414.73,-9.5068,-433.25,226.94,195.01,-29.221,976.63,1469.3,1360.3,1000.5,801.03
493.96,485.46,17.186,-491.28,235.5,242.51,-104.31,916.66,1514.2,1448,1116.4,915.5
518.28,539.46,46.485,-529.84,231.64,284.55,-188.8,748.49,1434.8,1431.2,1169.4,987.38
517.09,572.89,75.682,-545.8,214.61,318.05,-274.99,480.35,1229.7,1303.9,1150.4,1007.2
491.59,585.5,104.71,-539.27,186.35,341.52,-354.21,141.22,923.35,1083.7,1066,976.68
448.7,581.6,134.71,-515.26,151.23,356.77,-418.16,-225.08,561.17,807.98,936.57,908.1
398.45,568.78,166.25,-482.99,112.98,367.85,-461.8,-570.52,196.69,521.9,789.59,819.91
348.79,554.27,198.99,-451.03,74.073,378.07,-485.12,-854.54,-122.91,265.52,649.49,729.41
303.13,541.1,231.1,-422.64,36.736,387.69,-492.02,-1053.1,-368.28,63.551,530.88,647.11
261.29,526.68,260.19,-395.45,2.3637,394.08,-487.95,-1161.8,-531.58,-78.044,436.65,574.72
220.87,505.1,284.31,-364.55,-28.267,393.05,-478.66,-1192.7,-622.37,-169.11,359.9,507.08
179.35,471.41,300.25,-326.71,-54.172,381.04,-469.57,-1167.7,-659.91,-227.29,290.1,437.82
136.15,425.12,304.1,-281.33,-76.506,356.97,-464.35,-1110.6,-666.56,-268.65,220.6,365.43
92.758,369.9,294.73,-230.82,-95.021,322.46,-463.42,-1041.2,-660.79,-302.98,150.21,291.01
51.896,309.25,274.29,-179.73,-106.91,281.04,-463.53,-971.42,-651.71,-332.93,81.724,217.15
17.665,247.11,246.36,-131.84,-111.52,237.24,-459.47,-905.38,-639.74,-356.2,20.501,148.83
-8.0787,189.36,214.64,-88.57,-111.01,194.61,-446.91,-841.21,-621.17,-369.18,-29.019,90.815
-25.894,139.66,182.24,-49.525,-106.86,155.17,-423.73,-775.57,-595.26,-370.1,-65.792,45.136
-36.678,97.914,150.9,-19.89,-98.591,120.09,-389.22,-707.4,-561.64,-359,-90.733,10.993
-41.422,62.531,121.31,-2.2821,-85.804,89.568,-343.5,-638.01,-520.98,-337.66,-104.76,-13.287
-41.722,34.615,93.16,6.8018,-70.425,63.199,-289.63,-564.84,-477.2,-309.76,-109.79,-29.742
-35.434,15.303,66.944,11.627,-55.356,42.017,-232.94,-484.06,-428.6,-276.06,-107.84,-39.614
-21.355,3.7076,48.219,13.715,-42.972,26.793,-178.43,-399.47,-374.37,-236.45,-99.036,-42.85
-17.161,-1.2341,37.721,11.878,-34.689,16.99,-129.67,-318.3,-315.42,-192.18,-79.452,-39.149
-17.161,-0.92648,31.65,4.5348,-31.178,11.946,-88.682,-245.71,-256.68,-147.46,-46.369,-27.853
-17.968,5.054,28.749,5.211,-31.612,10.757,-56.555,-184.85,-202.87,-108.41,-30.482,-5.8118
-19.154,9.1178,29.146,7.0228,-33.091,14.628,-33.565,-137.3,-157.44,-78.662,-21.886,-2.9633
-20.285,6.092,31.902,8.0663,-32.444,18.382,-18.458,-103.1,-122.18,-58,-14.003,-3.4357
-20.73,3.9227,34.066,8.4951,-29.662,15.921,-9.5565,-80.815,-97.471,-44.968,-8.5755,-3.2539
-20.177,2.9293,32.028,8.3382,-26.325,12.854,-5.7969,-67.914,-82.603,-38.294,-6.2916,-2.6008
-18.675,2.547,28.138,7.6533,-23.085,10.768,-5.6848,-61.391,-75.602,-36.557,-5.9416,-1.8219
-16.377,2.4756,24.304,6.5484,-19.831,9.3764,-10.014,-59.776,-73.621,-36.25,-5.7719,-1.1263
-13.518,2.5746,20.864,5.1747,-16.407,8.4134,-16.273,-61.038,-74.585,-30.416,-4.9699,-0.57039
-10.547,2.7823,17.979,3.73,-13.13,7.7351,-13.195,-56.215,-75.273,-22.841,-3.7732,-0.13291
-8.0465,3.0605,15.887,2.4411,-10.594,7.2549,-8.8506,-48.8,-69.735,-17.372,-2.5719,0.22049
-6.4729,3.3604,14.725,1.5073,-9.2019,6.884,-5.3251,-42.151,-61.948,-13.574,-1.5343,0.51457
-6.0054,3.6142,14.389,1.045,-9.0084,6.5009,-2.6367,-36.678,-55.369,-10.854,-0.68464,0.76077
-6.5738,3.7452,14.519,1.0731,-9.7962,5.9658,-0.5849,-32.175,-50.217,-8.8572,-0.010848,0.95751
-7.8816,3.6834,14.608,1.5245,-11.111,5.1693,1.0142,-28.383,-46.094,-7.3683,0.50183,1.0968
-9.4235,3.3806,14.214,2.2597,-12.322,4.0804,2.3116,-25.096,-42.658,-6.2569,0.87447,1.1738
-10.67,2.8228,13.172,3.0979,-12.9,2.7582,3.4242,-22.185,-39.673,-5.4389,1.1376,1.188
-11.333,2.0393,11.602,3.867,-12.684,1.3221,4.4381,-19.588,-36.999,-4.854,1.3246,1.1366
-11.4,1.0982,9.726,4.4293,-11.825,-0.10127,5.3958,-17.292,-34.574,-4.4493,1.4649,1.0156
-10.914,0.084301,7.7189,4.6836,-10.484,-1.4287,6.3013,-15.309,-32.386,-4.1683,1.5824,0.82715
-9.8513,-0.93326,5.6878,4.5838,-8.7453,-2.6458,7.1243,-13.633,-30.442,-3.945,1.6988,0.5919
-8.3035,-1.9215,3.7126,4.1837,-6.7675,-3.8004,7.8253,-12.221,-28.725,-3.7068,1.837,0.3531
-6.6052,-2.8832,1.8735,3.651,-4.8425,-4.9696,8.386,-10.949,-27.168,-3.3735,2.0185,0.16421
-5.1846,-3.8425,0.24249,3.2122,-3.2623,-6.218,8.8292,-9.6675,-25.652,-2.8893,2.2546,0.065132
-4.3589,-4.8263,-1.138,3.0578,-2.2168,-7.568,9.2173,-8.2127,-24.043,-2.2258,2.5376,0.062278
-4.2958,-5.8436,-2.2721,3.2935,-1.8051,-8.9921,9.6348,-6.452,-22.243,-1.3877,2.8446,0.12589
-5.0353,-6.8793,-3.2127,3.9382,-2.0274,-10.428,10.151,-4.3356,-20.211,-0.4117,3.1473,0.2048
-6.4279,-7.8947,-4.0433,4.9118,-2.714,-11.805,10.801,-1.8796,-17.985,0.63915,3.4211,0.24876
-8.085,-8.8419,-4.8579,6.0209,-3.5183,-13.071,11.581,0.84033,-15.676,1.674,3.651,0.22124
-9.505,-9.6835,-5.7559,7.0061,-4.0388,-14.204,12.453,3.6772,-13.433,2.6169,3.835,0.11124
-10.287,-10.408,-6.8419,7.6424,-3.9826,-15.217,13.364,6.468,-11.39,3.4227,3.9892,-0.060086
-10.255,-11.035,-8.2062,7.8148,-3.237,-16.144,14.261,9.0796,-9.6268,4.092,4.1445,-0.2412
-9.4047,-11.607,-9.8967,7.5189,-1.8263,-17.023,15.112,11.451,-8.1433,4.6796,4.3337,-0.36717
-7.8216,-12.172,-11.895,6.8467,0.15811,-17.885,15.914,13.618,-6.8719,5.2454,4.5739,-0.38641
-5.7278,-12.772,-14.103,5.9794,2.5218,-18.741,16.692,15.706,-5.7068,5.8467,4.8596,-0.28167
-3.5442,-13.422,-16.344,5.1546,4.9096,-19.591,17.491,17.896,-4.5433,6.5285,5.1679,-0.073694
-1.7522,-14.105,-18.424,4.582,6.9216,-20.423,18.357,20.356,-3.287,7.3236,5.4708,0.1921
-0.67125,-14.769,-20.195,4.3665,8.3065,-21.221,19.329,23.254,-1.8715,8.2592,5.7503,0.46805
-0.39219,-15.346,-21.586,4.5025,9.0012,-21.966,20.429,26.703,-0.25881,9.348,6.013,0.72711
-0.8575,-15.766,-22.562,4.9147,9.0367,-22.635,21.663,30.754,1.5698,10.63,6.3015,0.97786
-1.881,-15.984,-23.104,5.4858,8.5347,-23.199,23.025,35.402,3.6192,12.159,6.6929,1.2657
-3.1274,-15.988,-23.237,6.0695,7.7632,-23.626,24.504,40.59,5.8955,13.986,7.2837,1.6594
-4.214,-15.792,-23.069,6.5196,7.0471,-23.89,26.094,46.233,8.3983,16.144,8.1662,2.229
-4.8808,-15.425,-22.793,6.7262,6.5942,-23.973,27.788,52.205,11.118,18.608,9.4109,3.022
-5.048,-14.917,-22.63,6.6273,6.4597,-23.872,29.575,58.408,14.037,21.31,11.058,4.0489
-4.7239,-14.289,-22.728,6.2063,6.6598,-23.588,31.429,64.756,17.148,24.142,13.103,5.282
-3.8971,-13.555,-23.077,5.4769,7.2588,-23.117,33.302,71.179,20.477,26.993,15.475,6.6636
-2.5605,-12.702,-23.488,4.4711,8.2866,-22.449,35.138,77.668,24.098,29.799,18.007,8.1137
-0.84094,-11.695,-23.652,3.2388,9.5615,-21.575,36.883,84.232,28.141,32.591,20.492,9.5497
0.95187,-10.473,-23.267,1.8538,10.676,-20.493,38.505,90.906,32.81,35.523,22.802,10.935
2.4657,-8.9723,-22.156,0.40241,11.222,-19.206,40.003,97.814,38.345,38.818,25.005,12.343
3.4788,-7.1379,-20.287,-1.0472,10.997,-17.716,41.403,105.06,44.946,42.704,27.364,13.975
3.9176,-4.9452,-17.728,-2.4732,9.9487,-16.02,42.745,112.65,52.637,47.32,30.259,16.139
3.7897,-2.3999,-14.625,-3.9022,8.1051,-14.119,44.072,120.46,61.157,52.612,34.042,19.178
3.2263,0.46839,-11.226,-5.4127,5.6702,-12.02,45.42,128.25,69.999,58.343,38.858,23.357
2.5404,3.6101,-7.8645,-7.112,3.0853,-9.7469,46.805,135.76,78.639,64.159,44.488,28.616
2.108,6.9464,-4.8515,-9.0592,0.85078,-7.3379,48.225,142.76,86.763,69.743,50.401,34.388
2.1569,10.367,-2.3917,-11.199,-0.69469,-4.8328,49.653,149.16,94.27,74.919,56.079,39.87
2.7245,13.758,-0.55679,-13.417,-1.4039,-2.255,51.045,154.89,101.2,79.681,61.279,44.584
3.8066,17.058,0.69576,-15.664,-1.2283,0.39205,52.355,160.02,107.67,84.164,66.014,48.507
5.4618,20.298,1.4911,-18.041,-0.21143,3.1104,53.543,164.65,113.81,88.542,70.412,51.866
7.6881,23.59,2.0151,-20.748,1.3887,5.8799,54.579,168.95,119.74,92.971,74.621,54.941
10.267,27.085,2.4917,-23.977,3.0837,8.6361,55.45,173.06,125.55,97.537,78.745,57.969
12.885,30.931,3.1268,-27.866,4.3911,11.274,56.15,177.09,131.29,102.24,82.831,61.115
15.464,35.215,4.0369,-32.513,5.0943,13.677,56.683,181.08,136.98,107,86.87,64.433
18.213,39.914,5.2393,-37.828,5.1779,15.762,57.049,185.04,142.62,111.74,90.816,67.885
21.297,44.848,6.6773,-43.246,4.5881,17.511,57.25,188.9,148.22,116.38,94.643,71.385
24.601,49.732,8.2083,-47.91,3.3478,18.984,57.288,192.57,153.75,120.91,98.374,74.864
27.808,54.29,9.6091,-51.425,1.8803,20.296,57.164,195.97,159.19,125.36,102.08,78.308
30.615,58.374,10.658,-54.164,0.85455,21.578,56.878,199.04,164.49,129.78,105.86,81.753
33.034,61.952,11.219,-56.773,0.69726,22.931,56.419,201.74,169.54,134.18,109.81,85.267
35.385,65.042,11.218,-59.585,1.4811,24.394,55.766,204.06,174.22,138.55,113.97,88.911
38.15,67.676,10.579,-62.611,3.2401,25.932,54.878,205.99,178.4,142.8,118.29,92.696
41.917,69.938,9.2425,-65.857,6.1147,27.455,53.706,207.54,181.99,146.84,122.67,96.575
46.857,71.963,7.2898,-69.302,9.9969,28.858,52.202,208.76,184.96,150.61,126.93,100.46
52.414,73.907,5.0333,-72.754,14.231,30.076,50.339,209.72,187.42,154.09,130.92,104.26
57.828,75.914,2.9438,-75.938,17.932,31.12,48.114,210.5,189.5,157.38,134.54,107.96
62.659,78.091,1.4889,-78.697,20.544,32.063,45.55,211.21,191.38,160.62,137.84,111.54
66.617,80.504,0.98793,-81.023,21.916,33.005,42.677,211.9,193.22,163.94,140.93,115.06
69.124,83.188,1.5167,-82.922,21.986,34.038,39.524,212.6,195.09,167.44,143.96,118.59
69.754,86.149,2.8718,-84.412,20.842,35.229,36.117,213.31,196.97,171.11,147.08,122.23
69.051,89.348,4.6256,-85.678,19.054,36.618,32.495,213.96,198.78,174.88,150.43,126.06
68.306,92.697,6.296,-87.06,17.497,38.222,28.72,214.51,200.41,178.63,154.05,130.15
68.622,96.084,7.5556,-88.831,16.831,40.037,24.871,214.86,201.78,182.23,157.94,134.5
70.388,99.414,8.2982,-91.055,17.237,42.042,21.025,214.99,202.86,185.59,162.03,139.08
73.54,102.63,8.5225,-93.686,18.618,44.2,17.237,214.87,203.64,188.7,166.25,143.76
77.896,105.7,8.2442,-96.669,20.844,46.462,13.528,214.51,204.18,191.55,170.51,148.44
82.95,108.61,7.5702,-99.857,23.596,48.773,9.8962,213.97,204.53,194.2,174.77,153.01
87.771,111.38,6.7773,-102.97,26.224,51.078,6.3265,213.26,204.73,196.68,178.97,157.41
91.497,114.07,6.2186,-105.78,28.101,53.317,2.7999,212.42,204.81,199.02,183.1,161.68
93.922,116.75,6.1538,-108.29,29.126,55.434,-0.6943,211.43,204.78,201.25,187.17,165.95
95.382,119.49,6.686,-110.64,29.586,57.384,-4.1472,210.28,204.61,203.37,191.22,170.36
96.122,122.33,7.7892,-112.82,29.554,59.143,-7.5198,208.93,204.3,205.34,195.24,174.99
96.236,125.23,9.3033,-114.82,28.878,60.708,-10.743,207.35,203.82,207.13,199.2,179.78
96.135,128.12,10.941,-116.85,27.691,62.092,-13.733,205.48,203.15,208.66,202.94,184.53
96.433,130.91,12.388,-119.14,26.471,63.311,-16.414,203.24,202.21,209.85,206.32,188.95
97.338,133.47,13.427,-121.61,25.655,64.377,-18.736,200.54,200.9,210.64,209.26,192.86
98.531,135.66,13.974,-123.89,25.378,65.303,-20.68,197.28,199.1,211.01,211.73,196.2
99.721,137.36,14.018,-125.65,25.599,66.094,-22.245,193.34,196.65,210.92,213.78,199.01
101.06,138.49,13.582,-126.85,26.289,66.747,-23.45,188.62,193.4,210.36,215.44,201.34
102.8,138.97,12.79,-127.65,27.342,67.239,-24.323,183.01,189.22,209.28,216.65,203.11
104.58,138.76,11.919,-127.92,28.397,67.513,-24.901,176.4,184.05,207.58,217.16,204.04
105.44,137.8,11.292,-127.32,28.9,67.484,-25.224,168.67,177.91,205.13,216.54,203.71
104.5,136.05,11.099,-125.51,28.418,67.046,-25.33,159.71,170.86,201.77,214.43,201.85
101.42,133.46,11.403,-122.4,26.884,66.105,-25.253,149.42,162.98,197.36,210.77,198.55
96.305,129.98,12.253,-118.1,24.395,64.603,-25.023,137.82,154.33,191.85,205.77,194.07
89.529,125.63,13.659,-112.77,20.945,62.537,-24.656,124.98,144.9,185.33,199.78,188.66
81.641,120.46,15.461,-106.63,16.651,59.966,-24.165,111.03,134.72,177.93,193.03,182.42
73.362,114.63,17.286,-99.939,12.001,56.993,-23.559,96.075,123.85,169.84,185.59,175.33
65.4,108.36,18.693,-92.955,7.6535,53.734,-22.845,80.315,112.4,161.2,177.42,167.32
58.12,101.82,19.369,-85.925,4.086,50.273,-22.035,64.208,100.53,152.14,168.48,158.4
51.491,95.05,19.169,-79.085,1.5863,46.652,-21.144,48.544,88.376,142.71,158.86,148.76
45.433,87.99,18.031,-72.618,0.43681,42.879,-20.197,34.189,76.035,132.94,148.74,138.77
39.925,80.549,15.998,-66.5,0.74227,38.949,-19.236,21.653,63.578,122.85,138.34,128.76
34.603,72.72,13.326,-60.479,2.0821,34.856,-18.315,10.934,51.118,112.49,127.83,118.95
28.824,64.61,10.463,-54.235,3.5853,30.611,-17.498,1.717,38.906,101.93,117.33,109.42
22.692,56.372,7.9023,-47.523,4.4274,26.255,-16.84,-6.3636,27.359,91.259,106.91,100.13
17.043,48.164,6.0486,-40.229,4.2716,21.857,-16.376,-13.597,16.943,80.507,96.633,91.017
12.223,40.172,5.1132,-32.478,3.1324,17.505,-16.121,-20.183,7.9665,69.603,86.595,82.037
7.8737,32.631,5.0148,-24.823,1.0271,13.281,-16.063,-26.263,0.44283,58.347,76.878,73.202
3.563,25.762,5.3761,-17.957,-1.893,9.2306,-16.17,-31.941,-5.853,46.612,67.553,64.62
-0.7107,19.688,5.6536,-12.198,-5.048,5.3922,-16.396,-37.287,-11.23,34.77,58.62,56.468
-4.5412,14.41,5.3827,-7.5111,-7.6275,1.8245,-16.691,-42.341,-15.959,23.829,49.979,48.879
-7.5247,9.8449,4.3891,-3.7688,-9.0868,-1.3998,-17.006,-47.111,-20.23,14.771,41.484,41.824
-9.4705,5.8802,2.7557,-0.88016,-9.3348,-4.2342,-17.306,-51.59,-24.163,7.8488,33.086,35.099
-10.233,2.4062,0.61284,1.1998,-8.4717,-6.6823,-17.564,-55.757,-27.822,2.6763,25.052,28.418
-9.6928,-0.6654,-1.9442,2.5448,-6.5747,-8.7908,-17.765,-59.584,-31.237,-1.3056,17.972,21.691
-8.0829,-3.3944,-4.7482,3.3267,-3.894,-10.627,-17.906,-63.039,-34.4,-4.5428,12.338,15.398
-6.0728,-5.815,-7.5058,3.7934,-1.0154,-12.256,-17.993,-66.093,-37.286,-7.3123,8.1588,10.367
-4.4225,-7.945,-9.8917,4.1949,1.3756,-13.73,-18.043,-68.722,-39.854,-9.7581,5.0983,6.8655
-3.6124,-9.795,-11.666,4.7125,2.8201,-15.074,-18.074,-70.909,-42.067,-11.937,2.7918,4.5209
-3.7912,-11.376,-12.708,5.4357,3.1235,-16.291,-18.096,-72.648,-43.903,-13.858,0.98384,2.8939
-4.9715,-12.705,-13.005,6.3956,2.2151,-17.37,-18.112,-73.942,-45.365,-15.508,-0.47281,1.7304
-7.0898,-13.81,-12.664,7.5901,0.18505,-18.301,-18.111,-74.822,-46.487,-16.877,-1.6594,0.90194
-9.8508,-14.737,-11.923,8.9586,-2.553,-19.083,-18.079,-75.354,-47.332,-17.977,-2.6269,0.32792
-12.698,-15.536,-11.085,10.359,-5.3259,-19.732,-17.994,-75.632,-47.98,-18.84,-3.415,-0.06313
-15.059,-16.255,-10.428,11.61,-7.5205,-20.26,-17.826,-75.761,-48.505,-19.508,-4.061,-0.33986
-16.599,-16.922,-10.138,12.554,-8.8339,-20.671,-17.544,-75.818,-48.957,-20.015,-4.5903,-0.56014
-17.198,-17.54,-10.294,13.092,-9.2031,-20.957,-17.122,-75.841,-49.35,-20.38,-5.0201,-0.76195
-16.745,-18.089,-10.864,13.176,-8.5628,-21.107,-16.558,-75.821,-49.671,-20.607,-5.3611,-0.96031
-15.183,-18.535,-11.705,12.803,-6.8783,-21.122,-15.883,-75.718,-49.891,-20.7,-5.6212,-1.1509
-12.818,-18.844,-12.604,12.067,-4.47,-21.027,-15.158,-75.479,-49.985,-20.669,-5.8081,-1.3173
-10.343,-19,-13.345,11.177,-2.0535,-20.865,-14.452,-75.054,-49.934,-20.527,-5.9299,-1.4401
-8.439,-19.012,-13.774,10.383,-0.3237,-20.69,-13.82,-74.398,-49.715,-20.285,-5.9952,-1.5062
-7.4728,-18.914,-13.816,9.8957,0.38573,-20.548,-13.279,-73.484,-49.304,-19.947,-6.0137,-1.5168
-7.6498,-18.745,-13.431,9.8711,-0.055107,-20.453,-12.81,-72.304,-48.675,-19.512,-5.9969,-1.4877
-9.1374,-18.539,-12.594,10.395,-1.742,-20.389,-12.368,-70.881,-47.813,-18.986,-5.9597,-1.4444
-11.726,-18.306,-11.379,11.391,-4.4262,-20.316,-11.913,-69.277,-46.734,-18.389,-5.9211,-1.4199
-14.638,-18.041,-10.006,12.568,-7.3345,-20.191,-11.428,-67.588,-45.493,-17.763,-5.8986,-1.4461
-16.946,-17.726,-8.7759,13.54,-9.5947,-19.983,-10.926,-65.931,-44.175,-17.163,-5.9051,-1.5448
-18.114,-17.348,-7.9427,14.016,-10.754,-19.678,-10.437,-64.412,-42.874,-16.642,-5.9369,-1.7171
-18.021,-16.901,-7.6552,13.866,-10.725,-19.283,-9.9963,-63.107,-41.668,-16.231,-5.9735,-1.9407
-16.617,-16.395,-7.9392,13.077,-9.3978,-18.815,-9.6322,-62.035,-40.605,-15.935,-5.9867,-2.1767
-13.966,-15.854,-8.6688,11.747,-6.8,-18.298,-9.353,-61.158,-39.691,-15.736,-5.956,-2.3856
-10.624,-15.313,-9.5567,10.147,-3.5312,-17.756,-9.1452,-60.38,-38.889,-15.602,-5.8781,-2.5421
-7.5553,-14.801,-10.228,8.6639,-0.61808,-17.214,-8.977,-59.57,-38.13,-15.492,-5.7679,-2.6427
-5.5767,-14.331,-10.364,7.6272,1.0922,-16.694,-8.812,-58.6,-37.327,-15.363,-5.6523,-2.7043
-5.0307,-13.895,-9.8099,7.196,1.2767,-16.212,-8.6277,-57.385,-36.408,-15.184,-5.5615,-2.7561
-5.9675,-13.474,-8.5668,7.3877,-0.080824,-15.781,-8.424,-55.912,-35.337,-14.942,-5.5196,-2.8275
-8.2749,-13.052,-6.7673,8.1161,-2.8558,-15.412,-8.2174,-54.234,-34.124,-14.642,-5.5337,-2.9337
-11.419,-12.625,-4.7071,9.1538,-6.4769,-15.107,-8.0213,-52.446,-32.816,-14.301,-5.5852,-3.0651
-14.438,-12.213,-2.8074,10.163,-9.8946,-14.864,-7.8274,-50.648,-31.467,-13.942,-5.6296,-3.1857
-16.481,-11.848,-1.4411,10.853,-12.168,-14.669,-7.6009,-48.918,-30.129,-13.586,-5.6105,-3.2459
-17.288,-11.574,-0.79631,11.102,-12.99,-14.505,-7.2946,-47.303,-28.84,-13.257,-5.4834,-3.2045
-16.977,-11.424,-0.90892,10.911,-12.488,-14.361,-6.8728,-45.821,-27.627,-12.984,-5.238,-3.0507
-15.532,-11.417,-1.7542,10.312,-10.678,-14.236,-6.3322,-44.465,-26.511,-12.796,-4.9035,-2.8123
-12.94,-11.54,-3.2321,9.384,-7.6118,-14.14,-5.7079,-43.205,-25.498,-12.71,-4.5366,-2.5469
-9.7014,-11.754,-5.0874,8.3077,-3.8848,-14.09,-5.0618,-41.996,-24.576,-12.725,-4.1995,-2.3201
-6.7092,-11.997,-6.9198,7.3313,-0.48586,-14.098,-4.4576,-40.781,-23.707,-12.811,-3.9349,-2.1809
-4.6654,-12.203,-8.3297,6.6591,1.8055,-14.164,-3.9377,-39.5,-22.831,-12.91,-3.7501,-2.1409
-3.8609,-12.316,-9.0463,6.4044,2.6705,-14.268,-3.5092,-38.105,-21.884,-12.953,-3.6115,-2.1691
-4.4551,-12.302,-8.9292,6.6358,1.9705,-14.375,-3.1451,-36.565,-20.813,-12.88,-3.4573,-2.2023
-6.5393,-12.154,-7.9823,7.3787,-0.31389,-14.443,-2.7934,-34.88,-19.594,-12.658,-3.2195,-2.1688
-9.7379,-11.881,-6.4345,8.5142,-3.6923,-14.431,-2.3923,-33.074,-18.228,-12.293,-2.849,-2.015
-13.117,-11.499,-4.7001,9.7382,-7.1356,-14.295,-1.8902,-31.199,-16.747,-11.824,-2.3328,-1.7268
-15.699,-11.015,-3.1721,10.686,-9.6626,-13.994,-1.2648,-29.327,-15.203,-11.312,-1.6984,-1.3356
-16.973,-10.428,-2.0669,11.078,-10.892,-13.482,-0.53285,-27.538,-13.66,-10.823,-1.0045,-0.90849
-16.836,-9.7258,-1.4806,10.768,-10.826,-12.727,0.25384,-25.912,-12.182,-10.414,-0.32561,-0.52721
-15.186,-8.8973,-1.4828,9.7202,-9.2877,-11.715,1.0249,-24.504,-10.821,-10.122,0.26642,-0.26458
-12.037,-7.9389,-2.0319,8.0406,-6.2662,-10.461,1.7129,-23.337,-9.6018,-9.9569,0.72174,-0.16282
-8.0212,-6.8597,-2.8215,6.0189,-2.5352,-9.0128,2.2712,-22.388,-8.5228,-9.9007,1.0311,-0.21547
-4.2905,-5.6805,-3.3218,4.0651,0.64874,-7.4439,2.6823,-21.592,-7.5549,-9.9141,1.232,-0.36354
-1.8248,-4.4311,-3.0388,2.538,2.3162,-5.8397,2.9568,-20.858,-6.6544,-9.9482,1.3904,-0.51721
-1.0299,-3.1477,-1.7151,1.6343,2.1437,-4.2757,3.1232,-20.087,-5.7768,-9.9582,1.5663,-0.59621
-1.9716,-1.8726,0.66406,1.4209,0.15757,-2.8061,3.2159,-19.206,-4.8892,-9.9102,1.7867,-0.56416
-4.5341,-0.65186,3.8722,1.864,-3.4368,-1.4601,3.2678,-18.182,-3.9785,-9.7842,2.0424,-0.43874
-8.1343,0.47002,7.4076,2.7729,-7.9423,-0.24072,3.3091,-17.038,-3.0533,-9.574,2.3018,-0.27802
-11.716,1.4549,10.654,3.814,-12.209,0.87356,3.3669,-15.843,-2.1464,-9.2909,2.5282,-0.15491
-14.316,2.2747,13.162,4.6613,-15.249,1.9193,3.4612,-14.701,-1.3138,-8.9658,2.69,-0.13325
-15.589,2.9143,14.756,5.1226,-16.727,2.9326,3.6015,-13.723,-0.62664,-8.6472,2.7659,-0.25064
-15.647,3.3695,15.401,5.1307,-16.747,3.9312,3.7853,-12.998,-0.15089,-8.3918,2.7481,-0.50642
-14.534,3.6405,15.078,4.6925,-15.34,4.9014,4.0014,-12.566,0.078042,-8.2511,2.6447,-0.85851
-12.268,3.7253,13.91,3.911,-12.623,5.7935,4.2314,-12.399,0.07188,-8.2577,2.4752,-1.2391
-9.343,3.6213,12.311,3.0119,-9.2331,6.5263,4.4504,-12.409,-0.11364,-8.4174,2.2555,-1.5878
-6.6856,3.3325,10.816,2.2794,-6.1923,7.0014,4.6278,-12.482,-0.39892,-8.7089,1.9858,-1.8808
-5.0475,2.8764,9.7769,1.9375,-4.2884,7.1294,4.7351,-12.509,-0.70434,-9.089,1.6507,-2.1382
-4.6808,2.283,9.3264,2.0858,-3.7643,6.8667,4.7544,-12.413,-0.96798,-9.5023,1.2365,-2.4054
-5.5609,1.5897,9.5545,2.726,-4.6156,6.2392,4.6812,-12.159,-1.155,-9.8931,0.74827,-2.7273
-7.5907,0.83666,10.461,3.7921,-6.805,5.337,4.5224,-11.754,-1.2594,-10.217,0.2145,-3.1274
-10.445,0.061219,11.811,5.1375,-9.9653,4.282,4.2933,-11.236,-1.2986,-10.447,-0.32246,-3.6001
-13.472,-0.71116,13.16,6.5404,-13.267,3.1928,4.0153,-10.66,-1.3065,-10.576,-0.81961,-4.1153
-15.963,-1.4749,14.062,7.7697,-15.811,2.1579,3.7146,-10.089,-1.3249,-10.616,-1.2446,-4.6291
-17.511,-2.2444,14.27,8.662,-17.1,1.2229,3.4169,-9.5865,-1.3959,-10.596,-1.5839,-5.096
-18.039,-3.0446,13.732,9.1464,-17.096,0.39061,3.1391,-9.212,-1.554,-10.555,-1.8466,-5.4846
-17.52,-3.8947,12.435,9.2248,-15.857,-0.366,2.8829,-9.0107,-1.819,-10.537,-2.0631,-5.7924
-15.915,-4.7944,10.389,8.9571,-13.397,-1.0853,2.6313,-9.004,-2.1917,-10.587,-2.2783,-6.0506
-13.463,-5.7189,7.7667,8.4696,-10.026,-1.8025,2.3512,-9.185,-2.6553,-10.741,-2.5406,-6.3146
-10.789,-6.6274,4.9773,7.9421,-6.4896,-2.5463,1.9991,-9.5204,-3.181,-11.025,-2.8894,-6.6435
-8.5833,-7.4759,2.5269,7.547,-3.6092,-3.339,1.5323,-9.9571,-3.7325,-11.443,-3.3422,-7.0776
-7.2423,-8.2279,0.82559,7.3896,-1.8778,-4.1934,0.92351,-10.429,-4.2687,-11.977,-3.8856,-7.6203
-6.8958,-8.8596,0.084587,7.5074,-1.4651,-5.1065,0.17287,-10.869,-4.7469,-12.581,-4.4755,-8.2327
-7.6069,-9.3617,0.27021,7.9019,-2.4156,-6.0553,-0.68839,-11.221,-5.1311,-13.194,-5.0462,-8.8437
-9.3108,-9.7384,1.0895,8.5377,-4.5407,-6.9997,-1.6017,-11.459,-5.403,-13.75,-5.5284,-9.3734
-11.587,-10.005,2.069,9.315,-7.197,-7.8873,-2.4909,-11.598,-5.573,-14.201,-5.8711,-9.7606
-13.73,-10.18,2.7491,10.071,-9.4622,-8.6633,-3.2761,-11.687,-5.6826,-14.529,-6.0591,-9.9864
-15.123,-10.284,2.8761,10.627,-10.635,-9.2808,-3.8872,-11.798,-5.7953,-14.757,-6.1196,-10.083
-15.504,-10.328,2.4134,10.85,-10.55,-9.7097,-4.2744,-11.999,-5.9774,-14.939,-6.1127,-10.121
-14.853,-10.316,1.3866,10.667,-9.3308,-9.937,-4.412,-12.329,-6.2759,-15.142,-6.1119,-10.184
-13.161,-10.238,-0.18128,10.066,-6.9943,-9.9607,-4.296,-12.788,-6.7026,-15.419,-6.1777,-10.327
-10.502,-10.078,-2.1545,9.099,-3.6507,-9.7841,-3.9392,-13.331,-7.2294,-15.783,-6.3379,-10.559
-7.2887,-9.8115,-4.2014,7.9015,0.12671,-9.4165,-3.3656,-13.883,-7.7973,-16.212,-6.5807,-10.834
-4.2418,-9.4139,-5.867,6.6735,3.4592,-8.8763,-2.6071,-14.358,-8.3317,-16.655,-6.8634,-11.075
-2.0365,-8.8689,-6.7243,5.6179,5.6167,-8.1901,-1.6981,-14.682,-8.7581,-17.048,-7.1292,-11.198
-1.0515,-8.1699,-6.5011,4.8814,6.2323,-7.3859,-0.67384,-14.804,-9.0163,-17.334,-7.3272,-11.146
-1.4059,-7.3216,-5.1395,4.5451,5.2222,-6.4834,0.4336,-14.707,-9.0728,-17.472,-7.4293,-10.908
-3.0354,-6.3375,-2.8207,4.6305,2.7452,-5.4866,1.5974,-14.414,-8.9278,-17.448,-7.4367,-10.519
-5.6072,-5.2377,0.069025,5.0699,-0.7113,-4.384,2.7967,-13.983,-8.6178,-17.276,-7.3747,-10.051
-8.4877,-4.05,3.0775,5.687,-4.3671,-3.1552,4.0137,-13.499,-8.2125,-16.993,-7.2783,-9.5846
-10.971,-2.8117,5.8585,6.2503,-7.4711,-1.7794,5.2306,-13.063,-7.8021,-16.649,-7.1779,-9.1865
-12.617,-1.5719,8.2313,6.5679,-9.6322,-0.24387,6.4306,-12.765,-7.4752,-16.294,-7.0871,-8.8833
-13.329,-0.38584,10.1,6.5345,-10.797,1.4472,7.6011,-12.66,-7.2912,-15.961,-6.9985,-8.6522
-13.108,0.6957,11.368,6.1129,-10.961,3.2619,8.7338,-12.755,-7.2629,-15.658,-6.8915,-8.4322
-11.874,1.6361,11.976,5.3104,-10.061,5.1254,9.8216,-13.004,-7.3607,-15.374,-6.7494,-8.1571
-9.6975,2.4187,12.047,4.2047,-8.2367,6.9078,10.844,-13.338,-7.5361,-15.103,-6.5783,-7.7937
-7.0697,3.0313,11.902,2.9786,-6.0437,8.4395,11.766,-13.687,-7.7466,-14.853,-6.4153,-7.3631
-4.7159,3.4689,11.835,1.8885,-4.2098,9.556,12.536,-14.003,-7.9674,-14.656,-6.3165,-6.9294
-3.1982,3.7352,11.957,1.1737,-3.2151,10.175,13.11,-14.27,-8.1912,-14.539,-6.335,-6.5687
-2.774,3.8398,12.351,0.99115,-3.232,10.331,13.453,-14.489,-8.424,-14.528,-6.4988,-6.3359
-3.5726,3.7925,13.171,1.4084,-4.3869,10.15,13.552,-14.712,-8.6822,-14.629,-6.7996,-6.2472
-5.6046,3.593,14.455,2.4126,-6.7099,9.7674,13.415,-15.013,-8.9829,-14.823,-7.1954,-6.2813
-8.5156,3.2261,15.955,3.8678,-9.7825,9.2769,13.075,-15.475,-9.3634,-15.076,-7.6279,-6.3954
-11.568,2.6653,17.217,5.5128,-12.765,8.707,12.571,-16.193,-9.8686,-15.36,-8.0464,-6.5471
-14.027,1.8889,17.836,7.0472,-14.877,8.0361,11.94,-17.223,-10.546,-15.679,-8.4299,-6.7127
-15.501,0.89522,17.584,8.2382,-15.754,7.2201,11.198,-18.575,-11.435,-16.045,-8.7961,-6.8975
-15.846,-0.2769,16.378,8.9551,-15.278,6.2346,10.339,-20.232,-12.558,-16.489,-9.1963,-7.1339
-14.941,-1.5576,14.268,9.1506,-13.39,5.0922,9.3443,-22.136,-13.922,-17.045,-9.6952,-7.4682
-12.905,-2.8613,11.529,8.88,-10.387,3.8396,8.1939,-24.187,-15.487,-17.723,-10.347,-7.9417
-10.354,-4.1066,8.6579,8.3477,-7.0858,2.5371,6.8825,-26.26,-17.169,-18.518,-11.172,-8.5704
-8.1395,-5.2357,6.1965,7.8479,-4.4063,1.2366,5.4241,-28.22,-18.858,-19.393,-12.145,-9.3305
-6.8461,-6.2247,4.5449,7.6269,-2.8819,-0.030418,3.8473,-29.953,-20.433,-20.273,-13.198,-10.159
-6.6945,-7.0805,3.8435,7.8065,-2.6657,-1.2558,2.184,-31.389,-21.792,-21.077,-14.239,-10.975
-7.7677,-7.8286,3.9268,8.4229,-3.7386,-2.4502,0.45604,-32.543,-22.888,-21.752,-15.185,-11.71
-9.8801,-8.5011,4.358,9.4172,-5.7343,-3.6313,-1.3303,-33.48,-23.749,-22.281,-15.99,-12.333
-12.326,-9.1278,4.5948,10.566,-7.8012,-4.8077,-3.1814,-34.315,-24.46,-22.695,-16.655,-12.857
-14.17,-9.7299,4.2445,11.531,-8.9973,-5.9667,-5.101,-35.17,-25.134,-23.056,-17.215,-13.323
-14.826,-10.301,3.2094,12.027,-8.8643,-7.0772,-7.0836,-36.144,-25.872,-23.426,-17.718,-13.775
-14.228,-10.818,1.6066,11.922,-7.511,-8.0959,-9.1109,-37.289,-26.724,-23.839,-18.193,-14.246
-12.504,-11.257,-0.36593,11.21,-5.2123,-8.9866,-11.159,-38.607,-27.694,-24.303,-18.653,-14.746
-9.8503,-11.622,-2.4667,9.9939,-2.2788,-9.7342,-13.201,-40.069,-28.743,-24.785,-19.083,-15.258
-6.7493,-11.938,-4.4322,8.5372,0.77178,-10.353,-15.206,-41.596,-29.809,-25.227,-19.453,-15.747
-3.9582,-12.245,-6.0606,7.2203,3.3211,-10.884,-17.146,-43.096,-30.831,-25.575,-19.725,-16.16
-2.1165,-12.572,-7.2744,6.3732,4.9813,-11.379,-18.996,-44.478,-31.737,-25.788,-19.87,-16.444
-1.4855,-12.927,-8.1046,6.1517,5.6944,-11.878,-20.731,-45.649,-32.469,-25.853,-19.875,-16.557
-2.0498,-13.296,-8.6423,6.5642,5.5594,-12.393,-22.328,-46.551,-32.983,-25.769,-19.743,-16.485
-3.6257,-13.642,-8.9989,7.5243,4.7495,-12.902,-23.764,-47.173,-33.263,-25.572,-19.483,-16.241
-5.7956,-13.931,-9.2667,8.8233,3.5698,-13.369,-25.015,-47.528,-33.317,-25.3,-19.108,-15.862
-7.9496,-14.132,-9.4846,10.135,2.4202,-13.754,-26.068,-47.672,-33.174,-24.98,-18.617,-15.392
-9.5577,-14.227,-9.6355,11.139,1.6115,-14.025,-26.92,-47.697,-32.893,-24.628,-17.999,-14.873
-10.4,-14.211,-9.6783,11.636,1.2315,-14.157,-27.587,-47.712,-32.556,-24.228,-17.245,-14.33
-10.503,-14.087,-9.5928,11.565,1.218,-14.14,-28.096,-47.811,-32.226,-23.757,-16.355,-13.773
-9.897,-13.866,-9.4099,10.949,1.5343,-13.983,-28.466,-48.041,-31.951,-23.203,-15.347,-13.199
-8.5804,-13.577,-9.2094,9.8909,2.2174,-13.717,-28.68,-48.364,-31.743,-22.581,-14.278,-12.611
-6.7261,-13.268,-9.0834,8.6053,3.248,-13.388,-28.651,-48.623,-31.579,-21.928,-13.238,-12.037
-4.7575,-12.998,-9.0834,7.3772,4.4323,-13.056,-28.194,-48.556,-31.399,-21.319,-12.354,-11.546
-3.156,-12.825,-9.1842,6.4658,5.4649,-12.78,-27.017,-47.816,-31.117,-20.832,-11.766,-11.25
-2.2677,-12.796,-9.2882,6.041,6.0753,-12.605,-24.77,-46.044,-30.625,-20.524,-11.6,-11.286
-2.2753,-12.931,-9.2631,6.1776,6.084,-12.552,-21.306,-42.996,-29.802,-20.398,-11.934,-11.769
-3.2013,-13.211,-8.9852,6.8366,5.3949,-12.604,-18.395,-38.713,-28.529,-20.367,-12.754,-12.73
-4.8505,-13.571,-8.3734,7.8426,4.0387,-12.707,-23.694,-33.675,-26.675,-20.231,-13.905,-14.034
-6.8224,-13.913,-7.4252,8.9285,2.23,-12.794,-29.463,-28.853,-24.077,-19.668,-15.08,-15.348
-8.6647,-14.137,-6.2519,9.8394,0.32883,-12.81,-29.193,-25.487,-20.528,-18.249,-15.888,-16.332
-10.035,-14.163,-5.0761,10.406,-1.2767,-12.72,-26.323,-24.55,-15.89,-15.474,-15.943,-16.946
-10.73,-13.926,-4.1658,10.547,-2.2539,-12.502,-20.142,-26.246,-11.788,-10.841,-14.74,-17.18
-10.625,-13.343,-3.7485,10.232,-2.3408,-12.108,-8.4634,-28.689,-22.368,-7.9771,-11.809,-16.444
-9.6232,-12.27,-3.9309,9.4473,-1.391,-11.427,11.411,-23.818,-23.681,-23.543,-18.193,-21.41
-7.6655,-10.914,-4.6205,8.5878,0.57534,-10.27,41.45,-2.7009,-17.096,-29.188,-33.163,-38.481
-8.0122,-18.982,-5.52,19.72,3.4218,-8.6465,81.037,31.465,-10.548,-37.291,-52.96,-59.113
-32.694,-43.361,-6.2603,38.342,5.1547,-8.6061,125.24,72.169,-2.1982,-44.963,-74.554,-81.158
-42.52,-52.191,-6.5693,47.337,-0.88764,-17.202,167.04,114,11.425,-46.236,-91.137,-99.189
-46.003,-53.582,-6.3321,51.179,-3.4972,-26.122,199.98,152.94,34.459,-33.087,-94.381,-106.9
-42.586,-45.787,-5.5716,47.358,-3.5,-23.219,219.08,189.37,70.526,0.31989,-78.298,-98.792
-30.126,-28.22,-4.4532,34.206,-1.0394,-13.113,222.45,227.39,125.82,57.767,-39.492,-71.121
-7.9563,-1.7207,-3.2526,10.813,3.6447,1.1634,211.78,275.36,213.94,145.08,24.276,-21.686
23.318,32.35,-2.1838,-22.892,11.984,18.033,191.56,345.05,343.37,269.96,115.43,50.967
66.013,73.763,-1.2288,-67.964,27.104,36.899,166.8,445.91,515.17,436.17,236.67,147.88
124.12,124.82,-0.18142,-126.17,53.411,58.648,140.38,577.46,727.1,640.46,387.82,268.75
198.65,188.65,0.89324,-197.36,96.101,84.908,111.56,725.74,963.97,870.63,562.86,409.83
284.14,265.22,-2.1021,-278.27,147.53,116.82,76.52,865.4,1197.6,1103.8,748.57,562.27
370.55,349.12,-10.623,-361.89,194.23,153.62,30.466,964.17,1390.2,1308.3,924.81,712.15
448.48,430.37,-16.784,-438.53,235.2,191.33,-29.07,988.57,1501.3,1449,1067.2,842.18
507.08,496.76,-18.161,-498.6,265.45,225.61,-100.11,912.16,1496.8,1495.1,1153.2,935.39
538.26,539.28,-12.607,-535.08,279.73,254.19,-178.3,724.71,1361.1,1430,1168.5,979.83
539.35,555.86,1.0886,-544.97,275.32,275.02,-257.78,438.3,1104.3,1258.5,1112.9,972.66
513.07,550.29,21.506,-530.61,252.42,288.07,-329.89,86.67,761.22,1007.3,1000.6,921.34
466.11,530.73,47.789,-499.03,213.72,296.17,-386.31,-282.65,383.07,717.2,855.32,840.89
407.73,506.89,82.274,-459.41,164.35,303.29,-422.39,-620.65,23.101,431.65,703.27,748.62
347.39,485.69,125.15,-419.85,110.97,311.92,-436.9,-889.1,-276.66,184.96,565.17,658.49
291.63,468.44,168.56,-384.22,60.031,321,-432.95,-1068.8,-493.47,-4.8956,451.29,577.36
242.49,451.27,204.4,-351.06,16.39,326.6,-417.16,-1160.9,-625.11,-136.92,360.61,504.65
198.85,427.9,229.35,-315.83,-17.493,324.13,-397.12,-1180.5,-685.52,-222.41,285.11,435.57
159.8,393.06,240.78,-276.3,-40.425,310.55,-379.92,-1149.2,-697.36,-278.07,215.54,364.44
125.29,346.83,237.24,-235.2,-52.866,285.58,-370.77,-1089.3,-684.25,-318.66,146.62,289.5
93.38,295.05,218.68,-194.34,-57.472,251.22,-371.21,-1019.4,-664.17,-352.39,78.677,215.87
61.951,242.22,188.79,-154.1,-57.722,210.27,-377.48,-950.95,-645.95,-381.41,15.623,148.14
32.847,188.37,154.29,-114.82,-56.337,166.49,-381.97,-887.5,-630.14,-403.91,-37.534,89.631
7.1336,136.14,121.18,-76.493,-53.434,124.84,-378.45,-826.34,-612.34,-416.65,-77.714,42.847
-14.042,89.804,93.385,-41.938,-37.113,89.333,-363.18,-762.87,-586.64,-416.9,-104.84,7.7984
-30.285,50.675,72.765,-13.992,-26.522,61.384,-334.87,-695.62,-550.97,-404.72,-120.39,-17.364
-41.017,20.897,57.628,6.1183,-25.522,40.187,-295.95,-626.14,-508.95,-384.07,-126.51,-34.723
-44.029,2.2124,45.842,19,-26.144,24.354,-250.03,-551.97,-463.03,-355.54,-125.4,-45.403
-36.92,-7.6037,36.248,25.561,-26.046,13.203,-200.68,-470.3,-413.97,-321.08,-117.42,-49.426
-28.67,-11.53,28.442,26.605,-24.541,6.342,-151.28,-386.62,-359.36,-281.39,-101.78,-46.602
-24.026,-11.596,22.088,22.643,-21.664,3.0647,-104.32,-307.81,-300.06,-237.57,-77.362,-37.003
-20.097,-8.7207,16.496,13.94,-17.715,2.8612,-63.452,-238,-241.08,-192.27,-55.518,-16.339
-15.796,-3.0424,11.199,8.2101,-12.986,4.5912,-33.808,-179.69,-187.45,-150.07,-39.743,-8.172
-11.367,-2.8403,5.9865,6.3167,-7.9743,1.3915,-15.124,-134.3,-142.7,-114.54,-26.543,-8.0036
-7.4465,-4.7525,2.5217,4.8122,-3.5463,-1.9494,-4.2913,-101.82,-108.72,-87.077,-16.431,-7.5923
-4.5975,-5.4489,0.8622,3.5457,-0.54989,-3.6337,0.97554,-80.759,-85.606,-67.707,-10.176,-6.5734
-3.157,-5.3097,0.69926,2.604,0.5531,-4.2463,2.3646,-68.575,-72.075,-55.955,-7.9616,-5.36
-3.3011,-4.622,1.7524,2.1045,-0.27624,-4.2306,1.1658,-62.434,-65.933,-50.904,-9.0992,-4.3568
-4.9865,-3.5949,3.6511,2.1251,-2.7131,-3.8708,-5.3569,-61.353,-64.605,-51.187,-11.137,-3.704
-7.7441,-2.4223,5.9367,2.5659,-6.079,-3.3569,-6.2488,-63.618,-66.342,-54.132,-11.676,-3.283
-10.709,-1.2887,8.141,3.1752,-9.4623,-2.8161,-2.2433,-59.051,-65.452,-50.673,-10.744,-2.9245
-13.045,-0.35957,9.8887,3.7266,-12.061,-2.336,0.71451,-52.032,-57.835,-42.636,-9.3678,-2.5623
-14.386,0.23828,10.943,4.1188,-13.5,-1.9856,2.369,-46.32,-51.068,-36.46,-8.1194,-2.2219
-14.787,0.44247,11.161,4.3025,-13.75,-1.8275,3.1028,-42.301,-46.538,-32.392,-7.1515,-1.9613
-14.231,0.26566,10.45,4.1873,-12.769,-1.9128,3.2649,-39.624,-43.615,-29.792,-6.473,-1.8402
-12.515,-0.22344,8.8384,3.6922,-10.496,-2.2659,3.1056,-37.837,-41.737,-28.166,-6.0628,-1.8947
-9.7683,-0.93299,6.5699,2.8721,-7.2686,-2.8751,2.7855,-36.531,-40.475,-27.129,-5.8875,-2.118
-6.7034,-1.7729,4.0649,1.9579,-3.9021,-3.7024,2.3977,-35.398,-39.491,-26.362,-5.8956,-2.4717
-4.1975,-2.6702,1.7512,1.254,-1.2166,-4.7046,1.9877,-34.238,-38.535,-25.616,-6.0174,-2.9008
-2.7757,-3.5801,-0.083158,0.98685,0.3895,-5.8488,1.5713,-32.947,-37.445,-24.742,-6.1733,-3.3406
-2.6313,-4.489,-1.3322,1.2605,0.80598,-7.1114,1.1514,-31.492,-36.149,-23.694,-6.29,-3.7249
-3.9089,-5.408,-2.068,2.1267,-0.037797,-8.4664,0.73394,-29.887,-34.652,-22.51,-6.3159,-3.9964
-6.5256,-6.3582,-2.5209,3.567,-1.9393,-9.8772,0.33541,-28.171,-33.014,-21.267,-6.2299,-4.1187
-9.8176,-7.3543,-2.9984,5.3722,-4.1751,-11.298,-0.018468,-26.399,-31.326,-20.039,-6.0437,-4.0893
-12.775,-8.3956,-3.7593,7.1627,-5.8198,-12.682,-0.2993,-24.634,-29.687,-18.878,-5.7968,-3.9457
-14.629,-9.4572,-4.9343,8.5431,-6.3155,-13.985,-0.47864,-22.934,-28.178,-17.806,-5.5436,-3.7554
-15.107,-10.481,-6.536,9.2122,-5.6301,-15.171,-0.52236,-21.338,-26.835,-16.82,-5.3331,-3.5895
-14.105,-11.391,-8.5076,8.9866,-3.8362,-16.209,-0.38462,-19.838,-25.639,-15.888,-5.19,-3.4949
-11.473,-12.123,-10.716,7.8303,-0.91838,-17.076,-0.015108,-18.38,-24.52,-14.967,-5.1047,-3.4764
-7.5193,-12.654,-12.923,5.9829,2.7717,-17.768,0.61903,-16.873,-23.38,-14.008,-5.0377,-3.497
-3.3124,-13.003,-14.836,3.9814,6.3366,-18.298,1.5121,-15.215,-22.119,-12.973,-4.9333,-3.49
-0.089497,-13.222,-16.237,2.4143,8.8801,-18.699,2.6162,-13.313,-20.66,-11.842,-4.7379,-3.3795
1.4741,-13.369,-17.041,1.625,10.015,-19.009,3.8586,-11.112,-18.962,-10.609,-4.4144,-3.1039
1.2107,-13.476,-17.256,1.7242,9.7069,-19.254,5.1679,-8.6003,-17.018,-9.2826,-3.9491,-2.6311
-0.88881,-13.542,-16.936,2.722,8.0016,-19.433,6.493,-5.8136,-14.852,-7.8733,-3.347,-1.9694
-4.4128,-13.529,-16.189,4.4165,5.2564,-19.52,7.8093,-2.8241,-12.508,-6.4003,-2.6234,-1.1576
-8.3041,-13.378,-15.186,6.2883,2.2842,-19.478,9.1143,0.27797,-10.046,-4.8919,-1.7958,-0.25186
-11.363,-13.046,-14.136,7.7373,-0.058994,-19.282,10.42,3.4109,-7.5254,-3.3871,-0.87852,0.68893
-12.925,-12.525,-13.246,8.3766,-1.3431,-18.934,11.748,6.5259,-5.0008,-1.9294,0.10852,1.6142
-12.968,-11.852,-12.683,8.0986,-1.5333,-18.469,13.122,9.6262,-2.501,-0.55361,1.1423,2.4949
-11.624,-11.101,-12.539,6.9677,-0.64253,-17.949,14.565,12.776,-0.019105,0.72963,2.2045,3.3362
-8.9962,-10.359,-12.799,5.1911,1.2694,-17.448,16.088,16.095,2.4902,1.94,3.2907,4.1805
-5.549,-9.7031,-13.33,3.147,3.7735,-17.031,17.684,19.738,5.1046,3.1203,4.4113,5.0866
-2.2166,-9.1718,-13.938,1.2869,6.1129,-16.739,19.325,23.872,7.9251,4.3218,5.5828,6.1138
0.20203,-8.7471,-14.458,-0.075125,7.735,-16.574,20.968,28.651,11.067,5.5933,6.8189,7.3025
1.4864,-8.3647,-14.797,-0.86738,8.5694,-16.508,22.574,34.194,14.651,6.9745,8.1232,8.6732
1.682,-7.949,-14.892,-1.1353,8.65,-16.492,24.117,40.566,18.785,8.4921,9.4954,10.232
0.88992,-7.451,-14.717,-0.96435,7.9783,-16.487,25.586,47.736,23.548,10.157,10.939,11.966
-0.43483,-6.8704,-14.383,-0.55509,6.9085,-16.482,26.991,55.56,28.969,11.967,12.456,13.834
-1.5213,-6.2552,-14.172,-0.1868,6.1314,-16.492,28.349,63.789,35.016,13.91,14.053,15.766
-1.81,-5.6837,-14.407,-0.056656,6.1583,-16.549,29.689,72.133,41.6,15.981,15.759,17.699
-1.2556,-5.2331,-15.307,-0.21769,7.0683,-16.677,31.043,80.348,48.583,18.187,17.639,19.628
-0.059263,-4.9461,-16.922,-0.66507,8.7572,-16.879,32.431,88.298,55.797,20.549,19.784,21.615
1.7019,-4.808,-19.099,-1.4058,11.165,-17.13,33.854,95.966,63.073,23.097,22.292,23.795
3.9764,-4.7481,-21.478,-2.425,14.083,-17.383,35.289,103.42,70.275,25.863,25.234,26.312
6.4544,-4.6629,-23.585,-3.6259,16.957,-17.583,36.699,110.77,77.332,28.888,28.629,29.253
8.6511,-4.4441,-25.029,-4.8663,19.154,-17.678,38.055,118.09,84.245,32.233,32.431,32.593
10.264,-3.9983,-25.615,-6.0494,20.367,-17.623,39.339,125.39,91.097,35.991,36.545,36.182
11.287,-3.2533,-25.308,-7.1919,20.597,-17.386,40.546,132.61,97.949,40.255,40.863,39.826
11.812,-2.1548,-24.183,-8.3981,19.903,-16.948,41.663,139.63,104.83,45.092,45.306,43.392
12.012,-0.66137,-22.471,-9.8316,18.487,-16.303,42.664,146.31,111.71,50.409,49.85,46.85
12.3,1.2535,-20.572,-11.711,16.895,-15.449,43.506,152.51,118.51,55.978,54.474,50.246
13.197,3.5868,-18.915,-14.236,15.782,-14.388,44.146,158.15,125.11,61.502,59.151,53.639
14.964,6.2837,-17.788,-17.414,15.517,-13.124,44.553,163.15,131.41,66.717,63.835,57.061
17.513,9.2345,-17.245,-21.065,16.115,-11.67,44.716,167.51,137.35,71.457,68.472,60.496
20.643,12.329,-17.104,-24.984,17.431,-10.046,44.645,171.28,142.95,75.647,73.002,63.892
24.222,15.504,-17.048,-29.077,19.242,-8.2706,44.361,174.55,148.25,79.33,77.383,67.206
28.073,18.782,-16.781,-33.36,21.207,-6.3548,43.888,177.43,153.36,82.621,81.606,70.427
31.952,22.255,-16.156,-37.871,22.933,-4.3079,43.247,180.07,158.35,85.705,85.713,73.614
35.693,26.061,-15.184,-42.589,24.186,-2.1524,42.441,182.58,163.29,88.761,89.797,76.891
39.369,30.336,-13.962,-47.423,24.995,0.07266,41.459,185.06,168.2,91.941,93.972,80.405
43.177,35.147,-12.613,-52.189,25.526,2.3178,40.28,187.54,173.03,95.329,98.33,84.277
47.112,40.418,-11.253,-56.597,25.888,4.5394,38.875,190.01,177.68,98.921,102.9,88.556
50.818,45.901,-9.9702,-60.434,26.095,6.7185,37.222,192.39,182.05,102.63,107.63,93.204
53.95,51.273,-8.8111,-63.749,26.162,8.8761,35.308,194.6,186.04,106.29,112.41,98.096
56.504,56.322,-7.7646,-66.833,26.168,11.075,33.142,196.53,189.59,109.77,117.11,103.05
58.73,60.999,-6.7733,-69.946,26.183,13.407,30.756,198.09,192.68,112.96,121.61,107.88
60.836,65.344,-5.7701,-73.116,26.222,15.953,28.195,199.23,195.29,115.79,125.84,112.44
62.949,69.401,-4.7219,-76.218,26.287,18.76,25.498,199.93,197.43,118.26,129.81,116.69
65.207,73.199,-3.6546,-79.175,26.415,21.802,22.687,200.2,199.12,120.38,133.58,120.68
67.682,76.764,-2.6365,-81.996,26.659,24.979,19.762,200.11,200.39,122.2,137.25,124.54
70.256,80.121,-1.7221,-84.677,27.015,28.145,16.71,199.75,201.31,123.81,140.91,128.41
72.687,83.304,-0.89268,-87.164,27.386,31.164,13.516,199.25,202,125.33,144.63,132.39
74.785,86.383,-0.047605,-89.4,27.641,33.968,10.168,198.73,202.58,126.87,148.39,136.54
76.463,89.456,0.94974,-91.4,27.695,36.567,6.6599,198.3,203.18,128.52,152.19,140.85
77.642,92.629,2.2174,-93.221,27.472,39.028,2.9918,198.02,203.88,130.33,155.99,145.26
78.229,95.968,3.8098,-94.915,26.845,41.435,-0.83149,197.84,204.66,132.31,159.78,149.67
78.302,99.499,5.6728,-96.558,25.747,43.848,-4.801,197.64,205.47,134.37,163.56,154.02
78.275,103.19,7.6214,-98.277,24.386,46.27,-8.9009,197.24,206.21,136.43,167.37,158.29
78.707,106.95,9.3779,-100.21,23.225,48.642,-13.103,196.48,206.77,138.36,171.24,162.52
79.965,110.67,10.668,-102.4,22.707,50.883,-17.362,195.22,207.03,140.08,175.17,166.82
82.075,114.19,11.309,-104.79,23.044,52.927,-21.615,193.4,206.93,141.49,179.12,171.23
84.889,117.36,11.234,-107.25,24.231,54.738,-25.79,191,206.46,142.51,183,175.69
88.225,120.1,10.472,-109.68,26.112,56.306,-29.817,188.07,205.62,143.07,186.64,180.03
91.828,122.4,9.1593,-111.98,28.392,57.636,-33.639,184.69,204.45,143.1,189.89,184.06
95.275,124.34,7.5693,-114.02,30.653,58.732,-37.217,180.94,203,142.62,192.66,187.66
98.09,125.97,6.0692,-115.69,32.475,59.589,-40.527,176.85,201.29,141.67,194.98,190.83
99.931,127.32,5.0128,-116.92,33.63,60.19,-43.542,172.43,199.36,140.35,196.93,193.68
100.67,128.41,4.6478,-117.68,34.055,60.511,-46.228,167.61,197.17,138.75,198.55,196.26
100.35,129.2,5.0583,-118.02,33.682,60.54,-48.543,162.26,194.63,136.92,199.75,198.46
99.169,129.64,6.1229,-117.99,32.48,60.292,-50.441,156.15,191.59,134.85,200.18,199.82
97.451,129.66,7.5401,-117.6,30.677,59.81,-51.888,149.02,187.87,132.42,199.47,199.71
95.479,129.14,8.9591,-116.81,28.705,59.151,-52.869,140.57,183.29,129.51,197.41,197.74
93.274,127.94,10.133,-115.54,26.865,58.366,-53.389,130.57,177.78,125.99,194.09,193.99
90.717,125.86,10.948,-113.68,25.199,57.487,-53.475,118.91,171.33,121.77,189.71,188.84
87.83,122.81,11.341,-111.12,23.717,56.52,-53.164,105.69,164.05,116.78,184.44,182.57
84.681,118.82,11.275,-107.78,22.546,55.44,-52.498,91.24,156.08,110.98,178.29,175.34
81.233,114.17,10.835,-103.81,21.703,54.207,-51.51,76.146,147.56,104.43,171.21,167.22
77.359,109.21,10.283,-99.58,20.866,52.788,-50.223,61.217,138.63,97.294,163.2,158.3
72.854,104.28,9.9458,-95.35,19.553,51.169,-48.661,47.336,129.39,89.851,154.45,148.87
67.509,99.525,10.08,-91.171,17.534,49.348,-46.846,35.192,119.97,82.345,145.26,139.34
61.273,94.931,10.802,-86.904,14.833,47.314,-44.81,25.039,110.41,74.902,136,129.99
54.315,90.355,12.048,-82.336,11.456,45.029,-42.597,16.709,100.72,67.489,126.91,120.98
46.939,85.604,13.561,-77.308,7.4666,42.452,-40.261,9.7955,90.801,59.96,118.08,112.28
39.558,80.534,14.959,-71.801,3.2854,39.577,-37.86,3.8558,80.539,52.155,109.48,103.82
32.67,75.093,15.894,-65.934,-0.40726,36.472,-35.445,-1.4831,69.885,44.037,100.96,95.508
26.626,69.316,16.183,-59.967,-3.0695,33.279,-33.047,-6.4842,58.939,35.796,92.46,87.312
21.46,63.287,15.819,-54.233,-4.4593,30.168,-30.674,-11.299,48.009,27.839,83.984,79.229
17.153,57.115,14.874,-48.855,-4.5044,27.263,-28.313,-15.98,37.594,20.603,75.695,71.287
13.908,50.923,13.465,-43.658,-3.329,24.601,-25.943,-20.498,28.247,14.348,67.785,63.578
11.823,44.853,11.78,-38.424,-1.4542,22.144,-23.553,-24.774,20.371,9.0834,60.332,56.257
10.514,39.055,10.074,-33.014,0.30835,19.81,-21.149,-28.713,14.078,4.6672,53.252,49.437
9.3437,33.697,8.5959,-27.552,1.3172,17.522,-18.77,-32.24,9.2126,0.92627,46.343,43.057
7.9151,28.948,7.534,-22.584,1.3761,15.237,-16.473,-35.325,5.4791,-2.2813,39.407,36.898
6.0135,24.907,6.9697,-18.479,0.48672,12.964,-14.323,-37.982,2.557,-5.0669,32.458,30.803
3.3982,21.56,6.845,-15.035,-1.3423,10.76,-12.365,-40.262,0.17059,-7.531,25.911,24.98
0.11295,18.827,6.9705,-11.932,-3.8332,8.7128,-10.608,-42.232,-1.8805,-9.7612,20.381,19.957
-3.2633,16.603,7.1086,-9.1417,-6.3274,6.9155,-9.0192,-43.957,-3.7169,-11.814,16.148,16.063
-6.0174,14.773,7.0889,-6.8218,-8.1704,5.435,-7.5427,-45.493,-5.394,-13.702,13.049,13.188
-7.7866,13.218,6.8539,-5.1088,-9.0965,4.3003,-6.1217,-46.877,-6.9258,-15.411,10.785,11.052
-8.4779,11.849,6.3959,-4.0739,-9.1077,3.5039,-4.7131,-48.129,-8.307,-16.917,9.1221,9.4362
-7.9117,10.63,5.6771,-3.7416,-8.0923,3.0129,-3.2979,-49.246,-9.5297,-18.213,7.8971,8.1981
-5.9859,9.572,4.6594,-4.0221,-5.941,2.7781,-1.8843,-50.207,-10.591,-19.319,6.9794,7.2388
-3.18,8.7016,3.444,-4.6313,-3.0512,2.7408,-0.50015,-50.976,-11.487,-20.27,6.2605,6.4849
-0.50735,8.0403,2.3589,-5.1883,-0.33682,2.8412,0.82432,-51.502,-12.209,-21.094,5.6591,5.8846
1.1191,7.5994,1.8328,-5.4182,1.3028,3.0321,2.0757,-51.733,-12.731,-21.791,5.1238,5.4009
1.3086,7.3728,2.1904,-5.2163,1.3837,3.2909,3.2657,-51.627,-13.024,-22.335,4.6294,5.0075
-0.011746,7.3337,3.5825,-4.5501,-0.23504,3.6211,4.4234,-51.18,-13.073,-22.687,4.176,4.6876
-2.7957,7.4322,5.9522,-3.4145,-3.4779,4.0348,5.5769,-50.44,-12.899,-22.829,3.7841,4.4318
-6.618,7.592,8.9747,-1.915,-7.8379,4.5287,6.7367,-49.514,-12.571,-22.785,3.4799,4.2337
-10.592,7.7144,12.119,-0.29303,-12.324,5.0713,7.8906,-48.544,-12.192,-22.628,3.2775,4.0867
-13.832,7.6982,14.858,1.1711,-15.942,5.6051,9.0098,-47.671,-11.869,-22.46,3.1642,3.9787
-15.918,7.4731,16.833,2.2558,-18.203,6.0605,10.06,-46.997,-11.687,-22.387,3.0979,3.8873
-16.77,7.0249,17.837,2.8331,-19.025,6.3728,11.013,-46.559,-11.685,-22.481,3.0165,3.7782
-16.281,6.3885,17.776,2.8785,-18.354,6.4954,11.854,-46.334,-11.855,-22.768,2.8567,3.6111
-14.467,5.6172,16.76,2.4909,-16.329,6.4039,12.575,-46.249,-12.151,-23.224,2.5713,3.3487
-11.91,4.7573,15.162,1.9053,-13.615,6.0937,13.173,-46.218,-12.516,-23.785,2.1389,2.9675
-9.598,3.84,13.474,1.4315,-11.196,5.5726,13.634,-46.167,-12.894,-24.37,1.5673,2.4655
-8.2591,2.882,12.115,1.3181,-9.7558,4.8517,13.937,-46.052,-13.248,-24.899,0.88969,1.8645
-8.0927,1.8869,11.365,1.6754,-9.4567,3.9377,14.052,-45.869,-13.568,-25.323,0.15496,1.2062
-9.1221,0.84628,11.292,2.5277,-10.311,2.8284,13.948,-45.656,-13.873,-25.632,-0.58794,0.54228
-11.292,-0.2569,11.653,3.8367,-12.223,1.5181,13.598,-45.482,-14.21,-25.86,-1.3064,-0.085039
-14.094,-1.4399,11.929,5.43,-14.589,0.014367,12.986,-45.434,-14.645,-26.069,-1.9938,-0.65722
-16.617,-2.7082,11.592,7.0043,-16.426,-1.6441,12.123,-45.592,-15.248,-26.325,-2.669,-1.186
-18.138,-4.0477,10.413,8.2575,-17.046,-3.3849,11.049,-46.006,-16.08,-26.684,-3.368,-1.7084
-18.464,-5.4263,8.4891,9.0039,-16.397,-5.121,9.8195,-46.687,-17.182,-27.174,-4.1327,-2.2753
-17.647,-6.8031,6.026,9.1792,-14.679,-6.7773,8.4941,-47.599,-18.56,-27.798,-4.9987,-2.9344
-15.72,-8.1416,3.2093,8.8246,-12.006,-8.3068,7.1191,-48.663,-20.178,-28.53,-5.9815,-3.7112
-12.97,-9.4201,0.27675,8.1228,-8.6796,-9.6917,5.7304,-49.767,-21.952,-29.315,-7.0651,-4.5914
-10.129,-10.633,-2.4501,7.3928,-5.3709,-10.935,4.3607,-50.787,-23.766,-30.078,-8.2018,-5.5169
-8.0169,-11.783,-4.6585,6.9679,-2.8093,-12.051,3.0432,-51.613,-25.499,-30.741,-9.326,-6.3999
-7.1197,-12.871,-6.1461,7.0497,-1.4551,-13.054,1.8041,-52.176,-27.061,-31.248,-10.381,-7.1562
-7.5375,-13.886,-6.862,7.6797,-1.4505,-13.957,0.65533,-52.461,-28.422,-31.578,-11.338,-7.7381
-9.1518,-14.811,-6.902,8.7997,-2.6966,-14.763,-0.40229,-52.501,-29.602,-31.752,-12.204,-8.1518
-11.642,-15.624,-6.4656,10.265,-4.854,-15.467,-1.3639,-52.352,-30.649,-31.804,-13.005,-8.4499
-14.429,-16.313,-5.7809,11.828,-7.3464,-16.055,-2.2082,-52.075,-31.611,-31.776,-13.771,-8.7078
-16.855,-16.879,-5.0299,13.2,-9.554,-16.511,-2.8979,-51.725,-32.518,-31.705,-14.519,-8.9966
-18.526,-17.335,-4.3198,14.181,-11.106,-16.819,-3.3924,-51.342,-33.382,-31.628,-15.246,-9.363
-19.399,-17.709,-3.709,14.706,-11.951,-16.972,-3.6651,-50.958,-34.205,-31.578,-15.933,-9.8181
-19.533,-18.036,-3.2488,14.796,-12.13,-16.982,-3.715,-50.586,-34.983,-31.578,-16.548,-10.334
-18.914,-18.351,-2.9964,14.521,-11.603,-16.882,-3.5701,-50.219,-35.704,-31.631,-17.061,-10.85
-17.657,-18.679,-2.9892,14.02,-10.415,-16.724,-3.2825,-49.822,-36.349,-31.712,-17.458,-11.3
-16.182,-19.03,-3.1999,13.498,-8.8974,-16.57,-2.918,-49.342,-36.887,-31.78,-17.754,-11.635
-14.992,-19.394,-3.5197,13.151,-7.5478,-16.477,-2.5394,-48.724,-37.28,-31.789,-17.993,-11.855
-14.369,-19.746,-3.7985,13.09,-6.7379,-16.477,-2.1927,-47.925,-37.488,-31.711,-18.227,-12.007
-14.39,-20.063,-3.9031,13.358,-6.6403,-16.577,-1.902,-46.932,-37.483,-31.543,-18.496,-12.168
-15.125,-20.329,-3.744,13.957,-7.3681,-16.753,-1.6714,-45.771,-37.259,-31.303,-18.815,-12.409
-16.599,-20.549,-3.2941,14.834,-8.9445,-16.974,-1.494,-44.504,-36.845,-31.023,-19.164,-12.767
-18.564,-20.745,-2.6242,15.849,-11.089,-17.21,-1.3631,-43.219,-36.304,-30.742,-19.505,-13.231
-20.508,-20.949,-1.9284,16.81,-13.205,-17.449,-1.2847,-42.02,-35.738,-30.499,-19.801,-13.756
-21.926,-21.198,-1.4811,17.55,-14.671,-17.698,-1.2819,-41.003,-35.261,-30.333,-20.032,-14.284
-22.539,-21.529,-1.5343,17.982,-15.137,-17.98,-1.3867,-40.239,-34.969,-30.275,-20.206,-14.772
-22.233,-21.97,-2.2515,18.077,-14.478,-18.315,-1.6246,-39.742,-34.91,-30.337,-20.36,-15.213
-20.909,-22.538,-3.6857,17.839,-12.605,-18.715,-2.0035,-39.468,-35.071,-30.511,-20.552,-15.64
-18.661,-23.225,-5.7133,17.334,-9.6596,-19.183,-2.5149,-39.323,-35.39,-30.774,-20.845,-16.108
-15.999,-23.993,-7.9888,16.713,-6.3022,-19.71,-3.1416,-39.191,-35.775,-31.099,-21.288,-16.68
-13.635,-24.778,-10.075,16.167,-3.4388,-20.281,-3.8642,-38.96,-36.139,-31.454,-21.892,-17.397
-12.087,-25.505,-11.655,15.856,-1.6893,-20.879,-4.6583,-38.548,-36.408,-31.801,-22.623,-18.254
-11.62,-26.109,-12.581,15.886,-1.3099,-21.482,-5.4909,-37.911,-36.53,-32.085,-23.406,-19.188
-12.43,-26.56,-12.787,16.31,-2.4132,-22.075,-6.3201,-37.048,-36.488,-32.242,-24.141,-20.093
-14.459,-26.869,-12.373,17.089,-4.7651,-22.649,-7.1022,-36.005,-36.296,-32.225,-24.74,-20.854
-17.087,-27.082,-11.729,18.052,-7.5121,-23.2,-7.7995,-34.86,-36.007,-32.018,-25.15,-21.388
-19.367,-27.254,-11.389,18.944,-9.5552,-23.725,-8.3849,-33.708,-35.689,-31.652,-25.366,-21.675
-20.605,-27.43,-11.745,19.54,-10.235,-24.213,-8.8432,-32.634,-35.405,-31.187,-25.426,-21.756
-20.616,-27.625,-12.963,19.721,-9.5331,-24.643,-9.1737,-31.689,-35.192,-30.683,-25.394,-21.719
-19.412,-27.816,-15.008,19.434,-7.5639,-24.979,-9.3886,-30.885,-35.044,-30.18,-25.331,-21.655
-16.953,-27.951,-17.588,18.653,-4.345,-25.183,-9.5066,-30.182,-34.915,-29.676,-25.272,-21.619
-13.486,-27.95,-20.136,17.429,-0.3131,-25.22,-9.5424,-29.506,-34.729,-29.13,-25.21,-21.602
-9.8018,-27.732,-22.027,15.948,3.5278,-25.071,-9.4987,-28.758,-34.399,-28.475,-25.091,-21.53
-6.8319,-27.225,-22.877,14.487,6.2028,-24.734,-9.3626,-27.846,-33.851,-27.639,-24.838,-21.303
-5.1347,-26.393,-22.603,13.286,7.264,-24.215,-9.1068,-26.7,-33.039,-26.569,-24.373,-20.828
-4.9259,-25.247,-21.27,12.509,6.6508,-23.528,-8.6992,-25.293,-31.957,-25.25,-23.643,-20.056
-6.279,-23.843,-19.044,12.264,4.4771,-22.688,-8.1157,-23.65,-30.635,-23.71,-22.64,-18.998
-8.8898,-22.253,-16.261,12.523,1.2515,-21.701,-7.3463,-21.838,-29.128,-22.015,-21.398,-17.713
-11.889,-20.524,-13.373,13.023,-2.0828,-20.549,-6.3922,-19.946,-27.5,-20.245,-19.983,-16.289
-14.246,-18.671,-10.745,13.356,-4.6467,-19.19,-5.2579,-18.067,-25.819,-18.473,-18.472,-14.82
-15.362,-16.691,-8.5422,13.188,-6.112,-17.577,-3.9477,-16.277,-24.136,-16.744,-16.933,-13.379
-15.201,-14.583,-6.7592,12.377,-6.5824,-15.679,-2.4686,-14.62,-22.49,-15.075,-15.412,-12.005
-13.859,-12.344,-5.2989,10.901,-6.1059,-13.5,-0.84044,-13.109,-20.9,-13.457,-13.924,-10.701
-11.344,-9.9779,-4.0658,8.8047,-4.6535,-11.079,0.89668,-11.73,-19.364,-11.878,-12.466,-9.4453
-7.9422,-7.5048,-2.9869,6.2639,-2.5381,-8.4883,2.6821,-10.457,-17.87,-10.325,-11.032,-8.2046
-4.4253,-4.9644,-1.9195,3.6196,-0.47873,-5.821,4.4438,-9.2525,-16.388,-8.8015,-9.6243,-6.9559
-1.6302,-2.4047,-0.64734,1.251,0.83123,-3.1777,6.1118,-8.0791,-14.889,-7.3194,-8.2548,-5.6984
-0.012199,0.13354,1.0071,-0.58866,1.0941,-0.64122,7.6342,-6.9015,-13.35,-5.9005,-6.9451,-4.461
0.29019,2.626,3.1197,-1.7955,0.27319,1.7416,8.9897,-5.6954,-11.767,-4.5724,-5.7194,-3.299
-0.73368,5.0643,5.6484,-2.3778,-1.627,3.9678,10.195,-4.4555,-10.16,-3.3646,-4.5987,-2.2788
-2.7605,7.4506,8.4016,-2.4977,-4.3511,6.0702,11.305,-3.1972,-8.57,-2.3029,-3.5941,-1.4554
-5.0017,9.7894,11.07,-2.4741,-7.2264,8.0948,12.393,-1.9477,-7.0455,-1.3982,-2.7032,-0.84687
-6.5834,12.075,13.335,-2.6435,-9.486,10.069,13.531,-0.73343,-5.6253,-0.63802,-1.9073,-0.42228
-7.0076,14.273,14.943,-3.2244,-10.657,11.971,14.758,0.42841,-4.3281,0.010873,-1.1729,-0.1108
-6.1988,16.306,15.713,-4.2931,-10.57,13.724,16.068,1.5265,-3.1532,0.58444,-0.46384,0.16685
-4.295,18.048,15.579,-5.7934,-9.2382,15.214,17.409,2.548,-2.0905,1.1004,0.23927,0.46228
-1.6157,19.356,14.667,-7.521,-6.9423,16.336,18.702,3.479,-1.1306,1.548,0.92638,0.7803
1.2931,20.132,13.289,-9.1691,-4.2615,17.035,19.86,4.315,-0.26951,1.8966,1.5615,1.0855
3.8357,20.383,11.82,-10.46,-1.8274,17.309,20.813,5.0682,0.49285,2.1125,2.097,1.3259
5.653,20.218,10.57,-11.261,-0.029804,17.194,21.51,5.7598,1.1535,2.1758,2.4903,1.4574
6.7112,19.79,9.699,-11.6,1.0536,16.739,21.923,6.398,1.7056,2.0879,2.7172,1.4592
7.1583,19.224,9.199,-11.577,1.5149,15.987,22.048,6.9591,2.1375,1.8706,2.7795,1.3375
7.1853,18.584,8.9002,-11.27,1.5162,14.983,21.899,7.3878,2.4355,1.5574,2.7071,1.1214
7.0276,17.879,8.5352,-10.737,1.3242,13.774,21.503,7.624,2.5919,1.1836,2.552,0.85649
6.9445,17.098,7.8585,-10.064,1.2943,12.416,20.899,7.6434,2.6148,0.78019,2.3752,0.59498
7.1233,16.225,6.7578,-9.387,1.705,10.968,20.132,7.4842,2.5315,0.37187,2.2275,0.38202
7.6023,15.235,5.2588,-8.8342,2.6279,9.4851,19.253,7.2408,2.3818,-0.023823,2.1342,0.24178
8.3049,14.101,3.4504,-8.4276,3.9781,8.0049,18.317,7.0305,2.2069,-0.39554,2.0894,0.17087
9.0966,12.804,1.4477,-8.0619,5.5855,6.5445,17.374,6.9515,2.0383,-0.73617,2.0631,0.14235
9.8102,11.364,-0.59159,-7.6189,7.2016,5.103,16.465,7.0527,1.8915,-1.0395,2.0176,0.11739
10.258,9.8319,-2.4748,-7.0482,8.552,3.6794,15.61,7.3242,1.7654,-1.2961,1.9261,0.059634
10.275,8.2747,-4.0267,-6.332,9.437,2.2866,14.808,7.7033,1.6457,-1.4859,1.7852,-0.053698
9.7492,6.738,-5.1357,-5.4508,9.7761,0.95266,14.032,8.1024,1.508,-1.5991,1.6134,-0.2267
8.6934,5.237,-5.7806,-4.4117,9.6022,-0.29109,13.239,8.3945,1.3312,-1.6417,1.4391,-0.44495
7.2747,3.763,-6.0342,-3.2773,9.0544,-1.4247,12.38,8.4562,1.0848,-1.6415,1.2824,-0.68205
5.774,2.2998,-6.0384,-2.1497,8.3464,-2.4513,11.412,8.2053,0.74968,-1.6431,1.1401,-0.91326
4.4825,0.84425,-5.959,-1.1323,7.7037,-3.3983,10.316,7.6157,0.32677,-1.6932,0.97996,-1.1303
3.586,-0.58413,-5.9415,-0.28441,7.291,-4.3068,9.0986,6.754,-0.16179,-1.8294,0.7523,-1.3479
3.0859,-1.9515,-6.063,0.39577,7.146,-5.2065,7.7949,5.7494,-0.68023,-2.0543,0.41216,-1.5986
2.794,-3.2305,-6.2955,0.98498,7.1441,-6.0983,6.4581,4.7179,-1.203,-2.3429,-0.058619,-1.9203
2.3948,-4.4148,-6.5054,1.6247,7.026,-6.9505,5.1505,3.745,-1.7028,-2.6537,-0.64171,-2.3397
1.5473,-5.522,-6.503,2.4746,6.48,-7.7112,3.9298,2.8739,-2.1553,-2.9376,-1.2886,-2.8591
-0.0045566,-6.5701,-6.1318,3.6476,5.2519,-8.3348,2.8321,2.1085,-2.5643,-3.1681,-1.9388,-3.4537
-2.3193,-7.5684,-5.379,5.1569,3.2791,-8.8088,1.8591,1.4201,-2.9501,-3.3464,-2.5414,-4.0789
-5.1403,-8.5171,-4.4515,6.8847,0.85367,-9.1667,0.97539,0.75386,-3.3488,-3.5034,-3.0718,-4.687
-7.8803,-9.4179,-3.7237,8.5934,-1.386,-9.4801,0.11899,0.036393,-3.8079,-3.6908,-3.5368,-5.2445
-9.8763,-10.284,-3.5595,9.9928,-2.7698,-9.8288,-0.7781,-0.82094,-4.3741,-3.9625,-3.9682,-5.7433
-10.692,-11.13,-4.14,10.86,-2.9137,-10.262,-1.7686,-1.8761,-5.0784,-4.357,-4.4056,-6.2016
-10.2,-11.951,-5.3855,11.104,-1.7944,-10.777,-2.875,-3.1532,-5.924,-4.8721,-4.8795,-6.6529
-8.5342,-12.709,-6.9708,10.755,0.28155,-11.314,-4.0921,-4.6355,-6.8942,-5.4711,-5.3944,-7.1288
-6.1385,-13.346,-8.4286,9.965,2.6907,-11.784,-5.3935,-6.2657,-7.9355,-6.0946,-5.934,-7.6406
-3.7497,-13.806,-9.3214,9.0067,4.6607,-12.104,-6.745,-7.954,-8.9755,-6.676,-6.4618,-8.1689
-2.112,-14.065,-9.3991,8.2037,5.6147,-12.23,-8.1122,-9.5965,-9.9358,-7.1618,-6.9323,-8.6658
-1.6384,-14.141,-8.6539,7.8009,5.3658,-12.177,-9.4645,-11.111,-10.748,-7.515,-7.3015,-9.0691
-2.3993,-14.084,-7.2755,7.9184,4.0069,-11.993,-10.774,-12.437,-11.378,-7.7255,-7.5344,-9.3228
-4.295,-13.962,-5.5724,8.5942,1.7797,-11.733,-12.014,-13.564,-11.823,-7.8072,-7.6097,-9.3968
-7.0281,-13.822,-3.8629,9.7728,-0.89517,-11.421,-13.154,-14.528,-12.125,-7.7893,-7.5219,-9.2971
-10.01,-13.677,-2.3549,11.238,-3.4656,-11.039,-14.168,-15.394,-12.354,-7.7056,-7.2838,-9.0625
-12.568,-13.506,-1.0936,12.642,-5.5046,-10.534,-15.036,-16.254,-12.596,-7.5833,-6.9178,-8.7497
-14.309,-13.27,-0.021989,13.67,-6.8854,-9.8516,-15.752,-17.202,-12.922,-7.4527,-6.4616,-8.4229
-15.152,-12.935,0.91861,14.149,-7.6281,-8.9639,-16.332,-18.294,-13.364,-7.3407,-5.964,-8.1331
-15.036,-12.477,1.741,14.017,-7.6833,-7.8908,-16.804,-19.537,-13.92,-7.2668,-5.4742,-7.9043
-13.878,-11.895,2.4458,13.28,-7.0449,-6.7038,-17.206,-20.894,-14.557,-7.2424,-5.0254,-7.7295
-11.933,-11.223,3.0804,12.071,-5.9786,-5.5082,-17.576,-22.294,-15.206,-7.2574,-4.6253,-7.5773
-9.8365,-10.521,3.7386,10.686,-4.9501,-4.4087,-17.931,-23.649,-15.789,-7.286,-4.2588,-7.4058
-8.2154,-9.8416,4.5153,9.4659,-4.3504,-3.4716,-18.269,-24.875,-16.238,-7.2937,-3.9026,-7.1814
-7.4122,-9.2143,5.486,8.6507,-4.3893,-2.7056,-18.569,-25.917,-16.518,-7.2491,-3.5425,-6.8956
-7.5839,-8.6351,6.6929,8.3633,-5.1851,-2.0739,-18.804,-26.753,-16.64,-7.1393,-3.1858,-6.5749
-8.7918,-8.0868,8.1017,8.6371,-6.7663,-1.5277,-18.957,-27.428,-16.662,-6.9761,-2.8627,-6.2789
-10.82,-7.5607,9.5728,9.3656,-8.9179,-1.0349,-19.033,-28.029,-16.68,-6.8039,-2.6145,-6.073
-13.065,-7.0659,10.883,10.264,-11.125,-0.58993,-19.048,-28.665,-16.785,-6.6799,-2.4755,-6.0029
-14.805,-6.6279,11.795,10.985,-12.785,-0.2075,-19.019,-29.432,-17.055,-6.6528,-2.447,-6.0705
-15.605,-6.2813,12.128,11.298,-13.508,0.087833,-18.951,-30.388,-17.529,-6.747,-2.4935,-6.2303
-15.393,-6.062,11.801,11.139,-13.198,0.27067,-18.834,-31.538,-18.199,-6.9563,-2.5544,-6.4058
-14.198,-5.999,10.834,10.533,-11.874,0.32269,-18.638,-32.831,-19.02,-7.2495,-2.5696,-6.5202
-12.069,-6.1051,9.3363,9.5592,-9.6095,0.23857,-18.334,-34.17,-19.92,-7.5807,-2.5057,-6.5256
-9.3435,-6.368,7.5246,8.4144,-6.7543,0.024979,-17.899,-35.442,-20.821,-7.9025,-2.3691,-6.419
-6.731,-6.7493,5.7112,7.3955,-3.9932,-0.30705,-17.328,-36.536,-21.644,-8.1754,-2.1983,-6.2359
-4.9264,-7.1942,4.2247,6.7641,-2.0093,-0.74667,-16.641,-37.378,-22.325,-8.3703,-2.0396,-6.027
-4.2643,-7.6476,3.32,6.645,-1.1721,-1.2764,-15.873,-37.94,-22.818,-8.4663,-1.9263,-5.8306
-4.8362,-8.0653,3.1366,7.0633,-1.6064,-1.86,-15.052,-38.238,-23.106,-8.4464,-1.8584,-5.6469
-6.6634,-8.4191,3.6612,7.9968,-3.3134,-2.4408,-14.189,-38.327,-23.202,-8.2994,-1.8013,-5.4415
-9.4798,-8.698,4.7006,9.3166,-5.9851,-2.9562,-13.277,-38.289,-23.152,-8.0284,-1.7044,-5.1644
-12.584,-8.9072,5.9336,10.744,-8.9055,-3.3596,-12.298,-38.22,-23.026,-7.66,-1.528,-4.7762
-15.171,-9.0632,7.0401,11.95,-11.283,-3.6348,-11.246,-38.217,-22.909,-7.2463,-1.2636,-4.268
-16.751,-9.1843,7.7955,12.689,-12.665,-3.7965,-10.14,-38.361,-22.873,-6.8543,-0.93858,-3.6669
-17.153,-9.28,8.0542,12.835,-12.92,-3.8785,-9.0197,-38.698,-22.961,-6.5475,-0.60377,-3.0245
-16.249,-9.3448,7.7096,12.339,-11.943,-3.9157,-7.9478,-39.229,-23.178,-6.3652,-0.31169,-2.3944
-14.015,-9.3602,6.7498,11.252,-9.7221,-3.9276,-6.9934,-39.906,-23.492,-6.3123,-0.097656,-1.8115
-10.887,-9.2997,5.3623,9.7842,-6.7165,-3.9109,-6.2237,-40.654,-23.839,-6.3603,0.029496,-1.2831
-7.7391,-9.136,3.9236,8.2755,-3.8007,-3.8431,-5.6934,-41.389,-24.143,-6.4594,0.08643,-0.79943
-5.3881,-8.8497,2.8504,7.0484,-1.7668,-3.6998,-5.4372,-42.04,-24.338,-6.5539,0.10638,-0.34433
-4.2484,-8.4418,2.4405,6.301,-0.98944,-3.4769,-5.4672,-42.572,-24.385,-6.6009,0.12479,0.090165
-4.4747,-7.9419,2.7947,6.1395,-1.5591,-3.2018,-5.7781,-42.997,-24.295,-6.5852,0.16454,0.49713
-6.0807,-7.4056,3.793,6.5952,-3.3964,-2.9254,-6.3553,-43.38,-24.126,-6.5255,0.22715,0.85782
-8.6596,-6.9009,5.1099,7.5229,-6.0269,-2.7004,-7.1825,-43.824,-23.977,-6.4684,0.29322,1.1491
-11.314,-6.4896,6.3257,8.577,-8.5611,-2.5609,-8.2462,-44.45,-23.956,-6.474,0.33165,1.3509
-13.158,-6.2066,7.1129,9.3779,-10.19,-2.514,-9.5347,-45.362,-24.155,-6.5982,0.31371,1.4522
-13.822,-6.0456,7.3413,9.6847,-10.637,-2.5442,-11.035,-46.621,-24.621,-6.8764,0.22508,1.4535
-13.328,-5.9682,7.0236,9.4001,-9.9788,-2.6243,-12.727,-48.222,-25.344,-7.3155,0.069931,1.3639
-11.709,-5.9344,6.2383,8.5141,-8.2881,-2.7283,-14.579,-50.088,-26.262,-7.892,-0.13316,1.1964
-9.1554,-5.9292,5.1375,7.1711,-5.825,-2.8459,-16.546,-52.086,-27.273,-8.561,-0.36081,0.96288
-6.317,-5.9753,3.9565,5.7275,-3.2421,-2.994,-18.548,-54.039,-28.261,-9.2716,-0.59773,0.6684
-4.0578,-6.1293,2.9443,4.6214,-1.2725,-3.219,-20.456,-55.746,-29.126,-9.9835,-0.85059,0.30537
-2.9684,-6.4683,2.2748,4.1798,-0.32956,-3.5882,-22.053,-56.98,-29.797,-10.681,-1.1594,-0.1536
-3.2728,-7.0717,2.0043,4.5635,-0.50919,-4.1697,-23.024,-57.484,-30.234,-11.382,-1.6003,-0.76083
-4.9684,-8.0003,2.0682,5.7915,-1.7549,-5.0083,-22.98,-56.996,-30.416,-12.128,-2.274,-1.59
-7.732,-9.2701,2.2988,7.6907,-3.7847,-6.1046,-21.596,-55.298,-30.325,-12.966,-3.277,-2.72
-10.841,-10.837,2.483,9.8797,-6.0267,-7.4068,-19.162,-52.32,-29.918,-13.906,-4.6694,-4.2154
-13.518,-12.607,2.4481,11.941,-7.878,-8.8257,-19.269,-48.255,-29.114,-14.878,-6.4406,-6.1014
-15.36,-14.471,2.1162,13.623,-9.0205,-10.265,-26.706,-43.636,-27.775,-15.687,-8.4555,-8.298
-16.286,-16.313,1.4865,14.822,-9.3857,-11.65,-30.601,-39.238,-25.688,-15.991,-10.403,-10.517
-16.272,-18.001,0.57248,15.462,-8.9377,-12.934,-30.413,-35.826,-22.577,-15.289,-11.836,-12.352
-15.445,-19.416,-0.63029,15.518,-7.7434,-14.092,-27.491,-34.237,-18.444,-12.947,-12.254,-13.577
-14.173,-20.449,-2.1021,15.131,-6.16,-15.101,-19.761,-36.091,-17.987,-8.426,-11.058,-13.942
-12.791,-20.988,-3.733,14.621,-4.6364,-15.913,-3.6797,-41.007,-29.308,-14.723,-9.8575,-13.927
-11.65,-21.213,-5.3272,14.798,-3.3149,-16.43,23.599,-36.3,-23.82,-25.957,-23.828,-27.297
-16.117,-25.983,-6.6684,24.999,-2.4134,-16.52,62.495,-12.347,-16.28,-34.398,-41.449,-44.827
-38.167,-51.183,-7.5516,44.129,-5.0874,-16.455,108.52,24.061,-7.2649,-43.594,-63.119,-66.253
-49.891,-67.002,-7.8086,57.18,-13.204,-21.084,151.97,65.252,5.3932,-47.89,-81.926,-86.328
-58.014,-75.486,-7.4082,66.233,-17.286,-38.851,184.71,106.51,24.83,-41.345,-90.85,-98.103
-60.301,-74.913,-6.5119,67.681,-19.498,-42.746,201.91,146.8,54.561,-18.037,-83.443,-95.805
-53.687,-63.856,-5.3523,59.274,-18.644,-36.426,202.24,187.84,99.665,27.221,-55.102,-75.55
-36.142,-42.674,-4.0662,40.19,-12.29,-25.399,188.73,233.4,171.61,98.99,-2.7309,-34.882
-4.7986,-12.245,-2.741,9.4048,2.7254,-11.468,166.32,296.04,283.1,204.94,77.133,28.404
43.562,27.444,-2.5679,-35.027,27.83,5.048,139.58,386.33,435.82,354.16,186.9,115.66
107.5,78.218,-8.5063,-93.629,62.567,25.645,111.01,504.94,628.14,546.93,327.36,227.1
182.29,142.48,-17.202,-164.55,104.72,53.177,79.887,642.9,853.24,774.39,496.59,362.15
261.93,219.64,-21.29,-243.94,146.56,89.606,42.768,779.78,1086.8,1016.7,685.41,515.37
339.31,304.82,-18.633,-325.57,181.89,133.96,-4.5912,886.23,1294.5,1244.3,875.48,673.71
407.03,389.61,-8.5086,-401.91,207.77,182.18,-64.468,929.45,1438.7,1421.7,1041.7,818.26
457.9,463.56,8.8248,-465.07,221.78,228.19,-134.96,880.5,1483.2,1512.4,1157.6,928.96
485.82,517.3,32.283,-507.13,222.46,266.96,-210.18,724.21,1401.6,1489.7,1202.9,990.36
486.99,546.08,59.599,-522.84,209.16,295.7,-282.26,466.37,1189.2,1347.3,1169.8,996.08
462.12,550.92,88.946,-512.53,182.49,313.57,-343.51,134.18,869.51,1103.9,1066.6,950.69
417.53,537.61,119.77,-482.65,145.04,323.03,-388.7,-229.57,489.22,799.56,916.34,868.83
363.1,515.03,150.72,-443.42,101.6,328.49,-415.93,-576.36,104.63,483.48,749.21,770.36
308.25,492.06,180.6,-404.36,58.29,333.75,-425.21,-862.81,-233.38,198.99,590.42,672.37
259.08,473.45,208.05,-370.36,19.711,340.05,-418.94,-1061.6,-490.01,-27.336,454.72,583.77
217.19,457.86,231.07,-340.99,-13.565,345.35,-402.7,-1167.6,-652.54,-185.58,348.25,506.16
180.43,439.73,247.54,-312.35,-39.597,345.19,-383.21,-1195,-730.98,-280.96,266.72,435.46
146.44,412.67,255.32,-279.31,-56.233,335.07,-366.25,-1167.7,-750.05,-332.79,198.21,365.17
114,372.91,252.78,-240.24,-65.785,313.39,-356.09,-1110.2,-736.38,-364.15,132.5,291.61
82.053,322.75,240.12,-198.19,-72.508,282.08,-354.38,-1041.9,-709.61,-388.48,68.098,218.32
50.528,268.46,220.41,-156,-79.702,244.74,-358.59,-974,-680.98,-409.07,9.1053,150.44
19.793,213.04,198.07,-113.83,-87.185,205.02,-361.96,-909.84,-654.79,-424.58,-41.056,91.545
-8.9737,158.7,176.6,-73.805,-93.547,166.23,-358.18,-847.09,-629.36,-432.7,-79.759,44.255
-34.306,110.99,158.03,-38.6,-97.271,130.93,-344.05,-782.36,-599.61,-430.17,-105.61,8.9563
-54.469,72.074,142.24,-10.953,-97.857,100.56,-318.76,-715.14,-561.39,-413.23,-120.23,-16.361
-67.892,42.031,127.55,8.3049,-96.309,75.356,-283.5,-647.27,-516.34,-385.81,-125.66,-33.821
-73.378,21.191,112.39,20.145,-92.558,54.925,-240.67,-576.07,-466.82,-353.45,-123.52,-44.53
-67.742,8.4461,96.407,25.231,-86.22,39.04,-193.49,-496.85,-415.19,-317.28,-114.63,-48.802
-50.524,2.0273,80.112,24.338,-77.156,27.661,-145.32,-412.36,-359.61,-278.35,-97.546,-46.74
-34.779,0.47157,63.974,18.85,-65.913,20.7,-98.352,-330.1,-300.12,-237.12,-72.957,-38.556
-25.311,3.1779,49.544,9.8329,-53.909,17.784,-55.925,-255.83,-240.47,-194.85,-53.136,-20.1
-19.491,10.224,39.178,4.4492,-42.902,19.908,-25.279,-192.9,-185.52,-154.53,-38.571,-7.9145
-16.02,10.03,33.187,4.2123,-34.442,23.69,-6.8114,-143.06,-138.81,-119.37,-25.81,-7.4343
-14.312,4.1316,30.687,4.7219,-29.593,21.091,3.7258,-106.51,-102.23,-91.247,-15.672,-7.0908
-14.426,0.40056,30.727,5.5598,-28.437,15.25,9.4805,-81.94,-76.284,-70.764,-9.2546,-6.0362
-16.339,-2.0209,31.305,6.816,-29.114,9.8489,12.543,-67.027,-60.212,-57.76,-6.8075,-4.6506
-19.103,-3.7851,29.605,8.4233,-28.725,5.6035,14.438,-58.871,-52.108,-51.456,-7.5761,-3.3683
-21.407,-5.147,25.548,9.9848,-26.86,2.2959,14.422,-55.009,-49.292,-50.617,-9.1881,-2.3762
-22.395,-6.2404,21.078,11.074,-24.644,-0.33636,13.99,-52.777,-49.392,-52.975,-9.3599,-1.6155
-22.024,-7.1595,16.995,11.511,-22.225,-2.4904,19.255,-44.184,-46.631,-49.859,-8.154,-0.9776
-20.618,-7.9837,13.219,11.31,-19.463,-4.3183,25.052,-33.894,-37.81,-40.907,-6.622,-0.42967
-18.231,-8.7769,9.4961,10.55,-16.01,-5.9358,29.873,-25.851,-30.158,-33.421,-5.3313,0.014746
-15.021,-9.5767,5.8045,9.4168,-11.899,-7.4176,33.65,-20.021,-24.582,-28.205,-4.4065,0.34781
-11.686,-10.384,2.4348,8.2375,-7.8791,-8.7959,36.547,-15.818,-20.475,-24.564,-3.817,0.56864
-9.0899,-11.171,-0.2143,7.3463,-4.8263,-10.066,38.789,-12.702,-17.348,-21.962,-3.5063,0.67196
-7.7472,-11.896,-1.8474,6.9316,-3.2528,-11.201,40.598,-10.256,-14.868,-20.047,-3.4242,0.64893
-7.82,-12.519,-2.3852,7.0317,-3.3204,-12.168,42.15,-8.2017,-12.819,-18.583,-3.529,0.48999
-9.213,-13.007,-2.0131,7.5883,-4.8648,-12.951,43.559,-6.3775,-11.074,-17.401,-3.7799,0.19182
-11.426,-13.337,-1.1477,8.4227,-7.2572,-13.553,44.866,-4.7087,-9.5562,-16.379,-4.1287,-0.23142
-13.626,-13.496,-0.27633,9.2396,-9.562,-14.002,46.034,-3.1761,-8.2164,-15.425,-4.5189,-0.73731
-15.08,-13.489,0.23253,9.7469,-11.034,-14.34,46.989,-1.7934,-7.0233,-14.488,-4.8888,-1.2594
-15.482,-13.349,0.20351,9.7835,-11.412,-14.611,47.657,-0.59528,-5.9596,-13.554,-5.1869,-1.7213
-14.916,-13.134,-0.36889,9.3552,-10.794,-14.844,48.001,0.3756,-5.0217,-12.645,-5.386,-2.0671
-13.668,-12.917,-1.3488,8.5938,-9.4625,-15.05,48.025,1.0868,-4.2149,-11.809,-5.4944,-2.287
-12.077,-12.754,-2.5014,7.6874,-7.8096,-15.226,47.768,1.5374,-3.5434,-11.101,-5.5546,-2.4202
-10.465,-12.666,-3.5858,6.8118,-6.2354,-15.375,47.286,1.7696,-2.9991,-10.556,-5.6262,-2.532
-9.1074,-12.633,-4.458,6.0838,-5.0234,-15.508,46.638,1.8641,-2.5529,-10.175,-5.7577,-2.6826
-8.1621,-12.606,-5.1078,5.5463,-4.258,-15.647,45.886,1.9195,-2.1546,-9.9167,-5.9613,-2.8975
-7.6295,-12.545,-5.623,5.1894,-3.8444,-15.815,45.088,2.0295,-1.7424,-9.7009,-6.2016,-3.1584
-7.4079,-12.436,-6.1305,4.9851,-3.6025,-16.029,44.294,2.2672,-1.2555,-9.4353,-6.4065,-3.4121
-7.3476,-12.292,-6.7465,4.8984,-3.3466,-16.29,43.54,2.6802,-0.64659,-9.0407,-6.4913,-3.588
-7.2885,-12.142,-7.5301,4.8801,-2.9445,-16.585,42.839,3.2894,0.10569,-8.4742,-6.3893,-3.6203
-7.1225,-12.013,-8.4543,4.8758,-2.3647,-16.889,42.188,4.0853,0.98721,-7.7408,-6.0781,-3.4707
-6.8454,-11.923,-9.404,4.8529,-1.6889,-17.174,41.569,5.0265,1.9471,-6.888,-5.5822,-3.1437
-6.549,-11.876,-10.206,4.8126,-1.0826,-17.409,40.963,6.0484,2.9109,-5.9871,-4.9637,-2.6874
-6.3478,-11.862,-10.697,4.7692,-0.71909,-17.57,40.354,7.0854,3.8065,-5.1101,-4.2993,-2.1785
-6.2868,-11.847,-10.806,4.7108,-0.67538,-17.645,39.726,8.0974,4.5926,-4.3068,-3.657,-1.6981
-6.2999,-11.782,-10.598,4.5844,-0.87725,-17.643,39.057,9.0821,5.2734,-3.591,-3.0784,-1.306
-6.2628,-11.626,-10.239,4.3313,-1.1506,-17.59,38.312,10.06,5.8864,-2.943,-2.5687,-1.0236
-6.0966,-11.374,-9.9027,3.9462,-1.3387,-17.518,37.45,11.043,6.4739,-2.3265,-2.0982,-0.82863
-5.8338,-11.071,-9.6951,3.5055,-1.3896,-17.456,36.437,12.018,7.0602,-1.7124,-1.619,-0.66934
-5.5884,-10.788,-9.64,3.1322,-1.3484,-17.419,35.263,12.949,7.6499,-1.0939,-1.0941,-0.48682
-5.4497,-10.578,-9.7265,2.9146,-1.269,-17.414,33.941,13.811,8.2442,-0.48481,-0.52072,-0.24594
-5.3875,-10.443,-9.9599,2.8375,-1.1261,-17.442,32.505,14.618,8.8619,0.095028,0.06642,0.048909
-5.2504,-10.327,-10.364,2.7791,-0.81779,-17.498,30.997,15.43,9.5455,0.63668,0.6129,0.3585
-4.8704,-10.154,-10.936,2.5843,-0.25775,-17.567,29.465,16.326,10.35,1.149,1.0686,0.62841
-4.1817,-9.8674,-11.607,2.158,0.5337,-17.624,27.944,17.368,11.326,1.6557,1.4061,0.81233
-3.2519,-9.4563,-12.271,1.5043,1.4357,-17.646,26.451,18.59,12.511,2.188,1.6296,0.88994
-2.2026,-8.9411,-12.862,0.69115,2.327,-17.625,24.977,19.999,13.937,2.7811,1.7765,0.87711
-1.1066,-8.346,-13.408,-0.21442,3.1829,-17.568,23.499,21.604,15.646,3.4724,1.9107,0.82793
0.041481,-7.6784,-14.003,-1.1818,4.0744,-17.49,22.005,23.415,17.688,4.3015,2.1074,0.82469
1.2654,-6.9321,-14.715,-2.2019,5.0711,-17.395,20.502,25.426,20.097,5.3013,2.4302,0.95304
2.5316,-6.1057,-15.511,-3.2497,6.1464,-17.266,19.021,27.597,22.859,6.4886,2.9128,1.2734
3.7326,-5.2126,-16.253,-4.2687,7.1671,-17.07,17.606,29.873,25.904,7.8635,3.5609,1.807
4.7565,-4.2681,-16.764,-5.2089,7.9758,-16.779,16.31,32.228,29.161,9.4232,4.3702,2.545
5.6001,-3.2609,-16.919,-6.1021,8.4998,-16.369,15.179,34.72,32.628,11.186,5.3477,3.4725
6.4224,-2.1361,-16.693,-7.1013,8.8003,-15.829,14.254,37.484,36.411,13.213,6.5201,4.5897
7.4581,-0.818,-16.143,-8.4205,9.0171,-15.148,13.553,40.679,40.682,15.605,7.9287,5.9158
8.8523,0.74289,-15.353,-10.212,9.26,-14.322,13.074,44.415,45.586,18.484,9.6181,7.4778
10.573,2.5426,-14.409,-12.488,9.5501,-13.354,12.792,48.717,51.169,21.95,11.63,9.303
12.476,4.5374,-13.405,-15.147,9.8584,-12.256,12.661,53.551,57.355,26.045,14.011,11.432
14.446,6.6797,-12.459,-18.059,10.187,-11.059,12.618,58.87,63.966,30.723,16.822,13.94
16.469,8.9424,-11.683,-21.146,10.592,-9.8002,12.594,64.629,70.747,35.833,20.136,16.936
18.586,11.322,-11.122,-24.374,11.116,-8.5075,12.514,70.762,77.424,41.156,24.006,20.531
20.773,13.834,-10.707,-27.705,11.707,-7.1794,12.319,77.149,83.761,46.475,28.421,24.764
22.924,16.519,-10.279,-31.085,12.227,-5.779,11.97,83.635,89.633,51.661,33.259,29.527
24.956,19.466,-9.6819,-34.513,12.553,-4.2501,11.46,90.09,95.055,56.726,38.326,34.563
26.944,22.818,-8.8512,-38.094,12.684,-2.542,10.802,96.455,100.17,61.792,43.456,39.597
29.106,26.735,-7.837,-41.959,12.757,-0.62911,10.027,102.72,105.16,67.013,48.596,44.48
31.634,31.282,-6.7535,-46.118,12.948,1.4804,9.1666,108.85,110.18,72.483,53.784,49.225
34.545,36.311,-5.7117,-50.387,13.36,3.7413,8.2504,114.76,115.25,78.19,59.082,53.941
37.69,41.443,-4.7807,-54.489,13.975,6.0691,7.2969,120.35,120.31,84.021,64.52,58.758
40.891,46.262,-3.9849,-58.214,14.708,8.3496,6.3088,125.59,125.27,89.824,70.091,63.767
44.086,50.551,-3.3108,-61.529,15.479,10.471,5.2686,130.5,130.1,95.466,75.764,68.987
47.334,54.355,-2.7071,-64.566,16.251,12.369,4.1405,135.19,134.83,100.88,81.494,74.364
50.688,57.866,-2.0876,-67.523,17.004,14.05,2.8832,139.73,139.48,106.08,87.212,79.799
54.08,61.283,-1.3542,-70.549,17.688,15.591,1.47,144.12,144.09,111.13,92.841,85.2
57.365,64.728,-0.44473,-73.686,18.236,17.105,-0.094332,148.31,148.65,116.11,98.327,90.52
60.464,68.239,0.60933,-76.883,18.653,18.681,-1.7711,152.23,153.16,121.09,103.68,95.776
63.439,71.791,1.6504,-80.054,19.076,20.353,-3.5022,155.89,157.63,126.12,108.95,101.04
66.446,75.315,2.4288,-83.127,19.745,22.086,-5.232,159.3,162.07,131.24,114.27,106.41
69.617,78.71,2.7036,-86.049,20.877,23.796,-6.9252,162.51,166.45,136.42,119.7,111.97
72.963,81.876,2.3529,-88.775,22.539,25.397,-8.5713,165.52,170.71,141.62,125.29,117.74
76.385,84.783,1.4292,-91.289,24.614,26.854,-10.178,168.35,174.79,146.82,130.98,123.69
79.756,87.527,0.14271,-93.634,26.871,28.212,-11.759,171.02,178.68,152,136.67,129.74
83.004,90.305,-1.2054,-95.925,29.07,29.6,-13.325,173.58,182.41,157.19,142.27,135.76
86.124,93.319,-2.3092,-98.313,31.02,31.182,-14.881,176.09,186.06,162.39,147.72,141.64
89.118,96.651,-2.9332,-100.93,32.588,33.104,-16.422,178.57,189.64,167.59,153.03,147.28
91.959,100.21,-2.9659,-103.82,33.698,35.431,-17.946,180.97,193.1,172.71,158.28,152.67
94.629,103.81,-2.4562,-106.97,34.379,38.105,-19.456,183.21,196.32,177.65,163.56,157.9
97.18,107.32,-1.5992,-110.28,34.801,40.96,-20.964,185.22,199.17,182.25,168.91,163.1
99.73,110.72,-0.64579,-113.66,35.214,43.806,-22.472,186.93,201.58,186.42,174.29,168.37
102.38,114.07,0.22081,-117.02,35.808,46.541,-23.966,188.31,203.56,190.12,179.62,173.67
105.11,117.47,0.96144,-120.37,36.612,49.187,-25.409,189.35,205.14,193.37,184.78,178.86
107.81,121.01,1.6703,-123.7,37.49,51.823,-26.756,190.05,206.37,196.23,189.65,183.78
110.3,124.77,2.4996,-127.03,38.241,54.516,-27.962,190.42,207.34,198.78,194.17,188.32
112.48,128.78,3.5751,-130.35,38.72,57.281,-28.998,190.42,208.1,201.09,198.35,192.48
114.36,132.96,4.9388,-133.65,38.881,60.066,-29.852,190.05,208.71,203.23,202.23,196.3
115.94,137.12,6.533,-136.83,38.76,62.741,-30.522,189.22,209.17,205.18,205.91,199.87
117.23,140.97,8.2183,-139.74,38.413,65.12,-31.011,187.82,209.39,206.86,209.44,203.18
118.21,144.19,9.7995,-142.18,37.886,67.011,-31.318,185.73,209.21,208.12,212.72,206.17
118.8,146.49,11.06,-143.92,37.24,68.288,-31.439,182.85,208.43,208.74,215.48,208.6
118.94,147.7,11.813,-144.79,36.569,68.913,-31.367,179.13,206.87,208.56,217.3,210.19
118.56,147.72,11.949,-144.61,35.981,68.912,-31.104,174.53,204.41,207.46,217.81,210.69
117.63,146.47,11.474,-143.36,35.545,68.329,-30.65,169.03,200.94,205.37,216.81,209.99
116.14,143.9,10.519,-141.09,35.235,67.194,-30.005,162.51,196.31,202.19,214.29,208.02
114.1,140.08,9.3106,-137.96,34.918,65.538,-29.16,154.82,190.41,197.82,210.31,204.76
111.56,135.29,8.096,-134.12,34.417,63.405,-28.11,145.81,183.19,192.18,205.02,200.21
108.49,129.96,7.0667,-129.69,33.593,60.852,-26.855,135.37,174.79,185.32,198.63,194.43
104.8,124.49,6.3226,-124.71,32.372,57.933,-25.407,123.5,165.48,177.47,191.4,187.59
100.35,119.05,5.881,-119.18,30.713,54.7,-23.791,110.27,155.55,168.93,183.54,179.86
94.989,113.63,5.7027,-113.08,28.577,51.208,-22.042,95.833,145.15,159.99,175.14,171.42
88.708,108.08,5.7089,-106.46,25.977,47.505,-20.215,80.524,134.34,150.83,166.24,162.47
81.718,102.23,5.7878,-99.553,23.066,43.621,-18.383,64.977,123.1,141.48,156.88,153.15
74.489,96,5.812,-92.713,20.15,39.616,-16.623,50.056,111.42,131.91,147.08,143.57
67.567,89.482,5.6913,-86.22,17.549,35.618,-14.992,36.545,99.359,122.06,136.96,133.77
61.262,82.849,5.4402,-80.205,15.388,31.798,-13.506,24.838,87.007,111.93,126.67,123.86
55.467,76.246,5.1933,-74.64,13.522,28.305,-12.136,14.895,74.416,101.62,116.39,113.98
49.753,69.712,5.137,-69.353,11.659,25.221,-10.834,6.4271,61.622,91.29,106.27,104.3
43.662,63.211,5.3978,-64.097,9.5811,22.543,-9.5698,-0.91013,48.813,81.115,96.479,94.965
37.029,56.71,5.9653,-58.642,7.2709,20.19,-8.3548,-7.4179,36.498,71.106,87.172,86.088
30.18,50.246,6.6937,-52.838,4.8799,18.039,-7.246,-13.337,25.396,61.107,78.488,77.715
23.714,43.961,7.371,-46.61,2.6029,15.97,-6.3282,-18.86,16.057,50.907,70.419,69.803
18.035,38.043,7.8102,-40.022,0.58988,13.91,-5.6845,-24.138,8.5661,40.475,62.791,62.233
13.231,32.64,7.9071,-33.387,-1.0656,11.847,-5.3608,-29.272,2.601,30.225,55.315,54.881
9.2792,27.835,7.6427,-27.201,-2.302,9.8155,-5.3546,-34.295,-2.3104,20.979,47.673,47.665
6.1843,23.648,7.0544,-21.892,-3.0801,7.8611,-5.6196,-39.18,-6.5747,13.434,39.699,40.512
3.9141,20.033,6.2196,-17.598,-3.4192,6.0132,-6.0835,-43.861,-10.448,7.6785,31.697,33.307
2.3094,16.875,5.2568,-14.172,-3.4449,4.2777,-6.6705,-48.263,-14.054,3.3305,24.453,26.17
1.0923,14.029,4.3082,-11.348,-3.3764,2.6414,-7.3203,-52.335,-17.437,-0.069038,18.578,19.779
-0.018811,11.371,3.4839,-8.9035,-3.4305,1.0768,-7.998,-56.05,-20.609,-2.8595,14.085,14.772
-1.1885,8.8422,2.8016,-6.7256,-3.7007,-0.45004,-8.6962,-59.394,-23.568,-5.2473,10.653,11.123
-2.4224,6.4528,2.1771,-4.7787,-4.1187,-1.9633,-9.4241,-62.367,-26.306,-7.3515,7.9587,8.4638
-3.6168,4.2484,1.492,-3.0631,-4.5269,-3.4565,-10.19,-64.977,-28.817,-9.2458,5.7697,6.4599
-4.6616,2.2647,0.69227,-1.5827,-4.7994,-4.886,-10.983,-67.257,-31.105,-10.987,3.9334,4.8865
-5.5171,0.50852,-0.16252,-0.32357,-4.9283,-6.1878,-11.765,-69.256,-33.183,-12.624,2.3431,3.591
-6.2181,-1.033,-0.93733,0.74284,-5.0034,-7.3058,-12.481,-71.027,-35.075,-14.197,0.92102,2.4661
-6.8054,-2.3703,-1.5069,1.6335,-5.1166,-8.2114,-13.08,-72.603,-36.799,-15.726,-0.38238,1.4463
-7.2752,-3.5015,-1.8218,2.3439,-5.2889,-8.9098,-13.535,-73.997,-38.375,-17.21,-1.5843,0.5054
-7.6053,-4.4252,-1.9106,2.8681,-5.4848,-9.4294,-13.848,-75.207,-39.815,-18.634,-2.674,-0.3471
-7.8254,-5.1639,-1.8289,3.2459,-5.6865,-9.8037,-14.048,-76.24,-41.135,-19.976,-3.6257,-1.0845
-8.0477,-5.7761,-1.6129,3.5791,-5.9424,-10.06,-14.168,-77.118,-42.357,-21.217,-4.4233,-1.6886
-8.4192,-6.3336,-1.2763,3.9912,-6.3403,-10.22,-14.233,-77.869,-43.494,-22.346,-5.0757,-2.1692
-9.0284,-6.8909,-0.84153,4.5579,-6.9292,-10.312,-14.246,-78.508,-44.542,-23.36,-5.6183,-2.5653
-9.8437,-7.4618,-0.36122,5.2633,-7.6666,-10.373,-14.186,-79.018,-45.463,-24.255,-6.0993,-2.9307
-10.735,-8.0246,0.099199,6.0131,-8.4404,-10.44,-14.02,-79.37,-46.213,-25.028,-6.5607,-3.3143
-11.556,-8.5477,0.50261,6.6952,-9.1423,-10.536,-13.715,-79.547,-46.756,-25.676,-7.0229,-3.7459
-12.226,-9.0153,0.86132,7.2391,-9.7238,-10.661,-13.256,-79.56,-47.086,-26.215,-7.4815,-4.2306
-12.735,-9.4339,1.2108,7.6305,-10.191,-10.798,-12.655,-79.455,-47.232,-26.668,-7.9134,-4.7511
-13.09,-9.82,1.5508,7.8891,-10.546,-10.936,-11.958,-79.286,-47.245,-27.067,-8.2907,-5.2737
-13.273,-10.189,1.8061,8.0369,-10.75,-11.086,-11.233,-79.102,-47.181,-27.449,-8.5944,-5.7592
-13.26,-10.558,1.8514,8.0996,-10.735,-11.275,-10.551,-78.935,-47.097,-27.848,-8.823,-6.1778
-13.082,-10.954,1.5906,8.133,-10.484,-11.536,-9.9649,-78.804,-47.05,-28.292,-8.9951,-6.5245
-12.853,-11.417,1.0225,8.2285,-10.065,-11.881,-9.4925,-78.713,-47.083,-28.805,-9.1467,-6.8249
-12.718,-11.975,0.23869,8.4753,-9.603,-12.297,-9.1176,-78.653,-47.215,-29.397,-9.3233,-7.1281
-12.764,-12.618,-0.63352,8.9014,-9.2088,-12.754,-8.8103,-78.594,-47.439,-30.063,-9.5701,-7.4878
-12.97,-13.288,-1.4853,9.4439,-8.9198,-13.216,-8.5413,-78.498,-47.718,-30.785,-9.9162,-7.9404
-13.228,-13.906,-2.2415,9.9822,-8.7118,-13.651,-8.2958,-78.329,-48.01,-31.53,-10.362,-8.4892
-13.437,-14.419,-2.8497,10.412,-8.554,-14.042,-8.0767,-78.082,-48.289,-32.262,-10.878,-9.105
-13.57,-14.829,-3.2744,10.702,-8.4499,-14.388,-7.9029,-77.788,-48.56,-32.956,-11.419,-9.7404
-13.665,-15.193,-3.5135,10.896,-8.4266,-14.71,-7.8092,-77.499,-48.848,-33.6,-11.942,-10.35
-13.777,-15.585,-3.6155,11.068,-8.4925,-15.043,-7.8444,-77.26,-49.175,-34.2,-12.426,-10.906
-13.921,-16.052,-3.6678,11.269,-8.6162,-15.418,-8.0592,-77.072,-49.536,-34.762,-12.87,-11.397
-14.086,-16.596,-3.7536,11.515,-8.749,-15.842,-8.4868,-76.895,-49.899,-35.29,-13.281,-11.824
-14.262,-17.185,-3.9058,11.804,-8.8657,-16.293,-9.128,-76.668,-50.217,-35.784,-13.665,-12.198
-14.467,-17.779,-4.1004,12.138,-8.9774,-16.727,-9.9511,-76.342,-50.454,-36.244,-14.03,-12.536
-14.714,-18.345,-4.2972,12.515,-9.0988,-17.107,-10.907,-75.893,-50.598,-36.669,-14.379,-12.855
-14.971,-18.854,-4.4975,12.91,-9.1993,-17.421,-11.949,-75.314,-50.65,-37.047,-14.716,-13.168
-15.153,-19.285,-4.7636,13.267,-9.1914,-17.683,-13.046,-74.61,-50.61,-37.349,-15.038,-13.468
-15.171,-19.633,-5.1793,13.532,-8.9811,-17.926,-14.185,-73.789,-50.475,-37.535,-15.331,-13.733
-15.015,-19.927,-5.7832,13.697,-8.5437,-18.185,-15.356,-72.874,-50.236,-37.571,-15.568,-13.93
-14.771,-20.222,-6.5359,13.816,-7.9556,-18.484,-16.545,-71.894,-49.888,-37.444,-15.726,-14.03
-14.57,-20.575,-7.3464,13.965,-7.3501,-18.83,-17.731,-70.867,-49.427,-37.171,-15.792,-14.013
-14.48,-21.002,-8.1321,14.172,-6.8307,-19.218,-18.881,-69.788,-48.842,-36.788,-15.771,-13.882
-14.466,-21.462,-8.854,14.386,-6.4187,-19.631,-19.966,-68.622,-48.12,-36.33,-15.678,-13.649
-14.42,-21.868,-9.5031,14.507,-6.0742,-20.038,-20.952,-67.322,-47.25,-35.819,-15.526,-13.336
-14.254,-22.132,-10.062,14.453,-5.7586,-20.399,-21.808,-65.852,-46.234,-35.253,-15.313,-12.964
-13.955,-22.204,-10.498,14.214,-5.4678,-20.673,-22.504,-64.204,-45.089,-34.611,-15.027,-12.549
-13.565,-22.083,-10.794,13.84,-5.2084,-20.834,-23.023,-62.397,-43.839,-33.854,-14.654,-12.099
-13.124,-21.796,-10.994,13.399,-4.9508,-20.879,-23.357,-60.457,-42.502,-32.94,-14.183,-11.606
-12.639,-21.382,-11.193,12.943,-4.6235,-20.825,-23.511,-58.399,-41.08,-31.836,-13.609,-11.053
-12.107,-20.882,-11.471,12.5,-4.1628,-20.687,-23.495,-56.231,-39.569,-30.535,-12.93,-10.416
-11.546,-20.331,-11.838,12.085,-3.569,-20.472,-23.313,-53.961,-37.972,-29.068,-12.159,-9.6851
-10.987,-19.752,-12.216,11.694,-2.9098,-20.18,-22.963,-51.61,-36.309,-27.506,-11.326,-8.8744
-10.437,-19.139,-12.493,11.288,-2.2708,-19.806,-22.441,-49.207,-34.609,-25.929,-10.48,-8.0235
-9.8536,-18.45,-12.582,10.792,-1.7034,-19.351,-21.748,-46.777,-32.902,-24.409,-9.6737,-7.183
-9.1764,-17.626,-12.445,10.125,-1.2172,-18.819,-20.894,-44.332,-31.202,-22.983,-8.9386,-6.3983
-8.3841,-16.629,-12.081,9.2598,-0.81384,-18.208,-19.89,-41.881,-29.513,-21.655,-8.2793,-5.6987
-7.5387,-15.476,-11.503,8.2542,-0.52003,-17.522,-18.747,-39.433,-27.837,-20.403,-7.6719,-5.094
-6.7639,-14.232,-10.743,7.2358,-0.37865,-16.767,-17.473,-37.001,-26.176,-19.194,-7.0783,-4.574
-6.1737,-12.986,-9.8758,6.3402,-0.40049,-15.955,-16.08,-34.594,-24.537,-17.995,-6.4622,-4.1109
-5.8058,-11.802,-9.014,5.6496,-0.52668,-15.104,-14.591,-32.217,-22.93,-16.79,-5.8019,-3.6668
-5.611,-10.702,-8.2676,5.1696,-0.64832,-14.22,-13.042,-29.876,-21.374,-15.581,-5.0961,-3.209
-5.4964,-9.6721,-7.6789,4.8475,-0.67492,-13.291,-11.476,-27.586,-19.894,-14.396,-4.3628,-2.7241
-5.3801,-8.6816,-7.1914,4.6048,-0.59142,-12.285,-9.9241,-25.382,-18.521,-13.28,-3.6355,-2.2252
-5.211,-7.6919,-6.6769,4.3577,-0.45582,-11.164,-8.3988,-23.297,-17.278,-12.28,-2.9574,-1.7465
-4.9568,-6.6565,-6.0003,4.025,-0.35439,-9.8972,-6.8942,-21.355,-16.166,-11.424,-2.3703,-1.3264
-4.6032,-5.5274,-5.0743,3.5437,-0.36561,-8.4795,-5.3961,-19.551,-15.163,-10.715,-1.9009,-0.9885
-4.1827,-4.274,-3.8716,2.8994,-0.55261,-6.9288,-3.8958,-17.863,-14.236,-10.122,-1.5502,-0.73271
-3.7965,-2.9047,-2.4043,2.1509,-0.96969,-5.282,-2.3957,-16.269,-13.348,-9.5994,-1.292,-0.53712
-3.5926,-1.4694,-0.70589,1.4183,-1.6642,-3.5858,-0.90284,-14.751,-12.472,-9.0979,-1.0829,-0.36644
-3.7076,-0.037016,1.1692,0.83179,-2.6585,-1.8861,0.58111,-13.29,-11.58,-8.5738,-0.87746,-0.1815
-4.1975,1.3389,3.1422,0.47083,-3.9163,-0.21905,2.066,-11.854,-10.641,-7.997,-0.64384,0.051709
-4.9931,2.6394,5.117,0.3279,-5.3229,1.3973,3.5688,-10.409,-9.6322,-7.3563,-0.37305,0.35284
-5.9053,3.8746,6.9984,0.31259,-6.7047,2.9647,5.1023,-8.9373,-8.5591,-6.6695,-0.081978,0.71807
-6.6916,5.0649,8.7109,0.29107,-7.8824,4.4978,6.6671,-7.4617,-7.4661,-5.9848,0.19101,1.1165
-7.1454,6.2281,10.203,0.13474,-8.7217,6.0091,8.2526,-6.0367,-6.4249,-5.3672,0.40004,1.4993
-7.1437,7.3784,11.437,-0.24826,-9.1474,7.4953,9.8433,-4.7194,-5.5,-4.8686,0.51333,1.8217
-6.65,8.5238,12.382,-0.89539,-9.1382,8.9299,11.423,-3.538,-4.7171,-4.5005,0.53164,2.0653
-5.7313,9.6526,13.023,-1.768,-8.7407,10.268,12.979,-2.4855,-4.0569,-4.2278,0.49124,2.2468
-4.5779,10.713,13.379,-2.7373,-8.0861,11.451,14.499,-1.5369,-3.4763,-3.9921,0.44756,2.4059
-3.4654,11.604,13.503,-3.6076,-7.3681,12.415,15.981,-0.66853,-2.9352,-3.7433,0.44893,2.5817
-2.6621,12.209,13.479,-4.1811,-6.7875,13.101,17.435,0.13968,-2.4073,-3.4584,0.5158,2.7935
-2.3346,12.445,13.386,-4.3383,-6.4873,13.462,18.881,0.91681,-1.8753,-3.1394,0.63582,3.035
-2.4946,12.317,13.279,-4.0897,-6.5059,13.491,20.345,1.7061,-1.3247,-2.8032,0.77444,3.2797
-3.0111,11.911,13.183,-3.5597,-6.7772,13.22,21.845,2.5519,-0.74708,-2.4706,0.8935,3.4924
-3.6761,11.344,13.099,-2.9212,-7.1717,12.718,23.385,3.4794,-0.1453,-2.159,0.96857,3.642
-4.2885,10.709,13.001,-2.3261,-7.546,12.058,24.96,4.4854,0.46931,-1.8767,0.99752,3.7128
-4.7181,10.045,12.835,-1.8604,-7.782,11.289,26.559,5.5497,1.0874,-1.6192,0.99866,3.7111
-4.9234,9.3234,12.519,-1.5264,-7.8056,10.424,28.184,6.6551,1.7106,-1.3704,1.002,3.6657
-4.9387,8.481,11.971,-1.2483,-7.5904,9.4483,29.838,7.7921,2.3457,-1.1156,1.0361,3.6185
-4.8596,7.4547,11.146,-0.90876,-7.1655,8.3483,31.521,8.9408,2.9826,-0.86207,1.112,3.6021
-4.8205,6.2159,10.064,-0.40134,-6.6187,7.1234,33.211,10.045,3.5748,-0.65473,1.2103,3.6158
-4.9419,4.7801,8.8015,0.32638,-6.0651,5.7911,34.856,11.01,4.0406,-0.57051,1.2811,3.6172
-5.2683,3.2067,7.4628,1.2493,-5.59,4.3813,36.396,11.74,4.2949,-0.68796,1.262,3.5378
-5.7439,1.5912,6.1442,2.2662,-5.2182,2.9316,37.779,12.189,4.2942,-1.0462,1.1082,3.3164
-6.2476,0.044125,4.9197,3.2361,-4.9223,1.4862,38.986,12.39,4.0624,-1.6183,0.81725,2.931
-6.6638,-1.3451,3.8402,4.038,-4.6646,0.092111,40.031,12.436,3.6788,-2.3193,0.43261,2.4066
-6.9411,-2.5393,2.9319,4.6218,-4.4306,-1.2105,40.945,12.425,3.2372,-3.0414,0.021091,1.7975
-7.0979,-3.5605,2.1881,5.0186,-4.2229,-2.3984,41.754,12.426,2.8099,-3.695,-0.3574,1.1588
-7.1863,-4.4665,1.5588,5.3081,-4.033,-3.4684,42.465,12.466,2.4354,-4.2317,-0.67003,0.5287
-7.2418,-5.3141,0.9602,5.5718,-3.8215,-4.4281,43.08,12.552,2.1242,-4.6467,-0.91501,-0.07744
-7.2706,-6.1341,0.31126,5.8629,-3.5338,-5.2822,43.597,12.678,1.8677,-4.9699,-1.1149,-0.66437
-7.2708,-6.9294,-0.4217,6.2037,-3.1425,-6.0255,44.025,12.822,1.6424,-5.2511,-1.306,-1.2527
-7.2569,-7.6871,-1.1998,6.5941,-2.6819,-6.6464,44.374,12.949,1.416,-5.5437,-1.5272,-1.8721
-7.2585,-8.3849,-1.9206,7.0151,-2.2436,-7.1343,44.648,13.015,1.1577,-5.8846,-1.8103,-2.5497
-7.2999,-8.9908,-2.4593,7.4253,-1.9321,-7.4905,44.85,12.993,0.85728,-6.2776,-2.1708,-3.2949
-7.3803,-9.4696,-2.7191,7.7678,-1.8179,-7.7297,44.973,12.88,0.52483,-6.6965,-2.6025,-4.0888
-7.4946,-9.8034,-2.6636,8.0022,-1.9242,-7.8794,45.012,12.687,0.1768,-7.1007,-3.0785,-4.888
-7.6639,-10.019,-2.3172,8.1374,-2.2468,-7.9789,44.953,12.405,-0.18365,-7.4605,-3.5611,-5.6406
-7.9395,-10.187,-1.7594,8.239,-2.7652,-8.0754,44.776,12.002,-0.57437,-7.7739,-4.0163,-6.3064
-8.3622,-10.393,-1.1211,8.3935,-3.4267,-8.2184,44.455,11.447,-1.0235,-8.0656,-4.4267,-6.8695
-8.9111,-10.698,-0.57134,8.6534,-4.1234,-8.4475,43.967,10.737,-1.5485,-8.3707,-4.793,-7.3367
-9.4896,-11.106,-0.27813,9.0078,-4.6984,-8.7764,43.314,9.9225,-2.1418,-8.7083,-5.126,-7.726
-9.9657,-11.574,-0.34963,9.3972,-5.001,-9.1868,42.535,9.0826,-2.7731,-9.0701,-5.4347,-8.0561
-10.234,-12.045,-0.79248,9.7537,-4.9569,-9.6319,41.7,8.286,-3.4047,-9.4237,-5.7222,-8.342
-10.249,-12.474,-1.5226,10.028,-4.5881,-10.06,40.884,7.5668,-4.0061,-9.7228,-5.9893,-8.5943
-10.008,-12.836,-2.4311,10.189,-3.9661,-10.436,40.14,6.9226,-4.5608,-9.926,-6.2388,-8.8178
-9.5188,-13.125,-3.4456,10.219,-3.1454,-10.758,39.456,6.3231,-5.0693,-10.014,-6.4782,-9.0104
-8.8067,-13.344,-4.538,10.117,-2.1565,-11.05,38.76,5.7151,-5.5507,-9.9956,-6.7176,-9.1649
-7.9543,-13.513,-5.6839,9.9175,-1.057,-11.348,37.929,5.0246,-6.0431,-9.9082,-6.9677,-9.2763
-7.1073,-13.666,-6.8217,9.7033,0.038992,-11.677,36.827,4.1659,-6.5976,-9.8014,-7.2407,-9.3531
-6.4338,-13.841,-7.8506,9.5702,0.98013,-12.039,35.327,3.0669,-7.2628,-9.722,-7.5525,-9.4218
-6.0549,-14.049,-8.6622,9.5778,1.6315,-12.411,33.348,1.6997,-8.0659,-9.6984,-7.9215,-9.5211
-5.9944,-14.262,-9.1768,9.7141,1.928,-12.754,30.878,0.093302,-9.0015,-9.7357,-8.3622,-9.6881
-6.1818,-14.418,-9.3617,9.9033,1.892,-13.023,27.975,-1.6822,-10.038,-9.8227,-8.8785,-9.9468
-6.4966,-14.456,-9.2308,10.05,1.6087,-13.184,24.74,-3.5471,-11.133,-9.9436,-9.4579,-10.301
-6.822,-14.345,-8.8354,10.088,1.1865,-13.215,21.264,-5.4349,-12.249,-10.087,-10.07,-10.731
-7.0797,-14.094,-8.2639,10.001,0.73239,-13.116,17.603,-7.2952,-13.354,-10.237,-10.67,-11.193
-7.2261,-13.745,-7.6339,9.8108,0.34502,-12.901,13.797,-9.0876,-14.413,-10.374,-11.206,-11.626
-7.2409,-13.345,-7.0695,9.5613,0.10872,-12.597,9.8911,-10.774,-15.389,-10.467,-11.63,-11.967
-7.1304,-12.939,-6.6597,9.3036,0.065354,-12.23,5.9426,-12.335,-16.251,-10.489,-11.915,-12.173
-6.937,-12.564,-6.4223,9.0884,0.18921,-11.819,2.0134,-13.783,-16.983,-10.432,-12.062,-12.239
-6.7244,-12.245,-6.3017,8.95,0.39519,-11.377,-1.8408,-15.151,-17.59,-10.309,-12.098,-12.2
-6.5379,-11.981,-6.2041,8.8832,0.58631,-10.911,-5.5734,-16.474,-18.084,-10.148,-12.067,-12.109
-6.3748,-11.731,-6.0432,8.8284,0.70663,-10.424,-9.1426,-17.758,-18.467,-9.9717,-12.007,-12.009
-6.1957,-11.424,-5.7632,8.6913,0.75142,-9.909,-12.502,-18.972,-18.734,-9.7908,-11.933,-11.909
-5.9705,-10.99,-5.3324,8.3961,0.7328,-9.3483,-15.599,-20.072,-18.879,-9.6052,-11.836,-11.785
-5.7248,-10.391,-4.7279,7.9389,0.6362,-8.7157,-18.377,-21.022,-18.905,-9.4089,-11.687,-11.593
-5.5453,-9.6388,-3.9384,7.4009,0.41061,-7.9837,-20.791,-21.809,-18.825,-9.192,-11.455,-11.294
-5.5364,-8.7805,-2.9813,6.9077,0.0031099,-7.1329,-22.81,-22.421,-18.644,-8.9388,-11.109,-10.863
-5.7573,-7.8688,-1.9125,6.5635,-0.59395,-6.1584,-24.418,-22.833,-18.353,-8.6306,-10.629,-10.297
-6.1834,-6.9391,-0.81343,6.4043,-1.3223,-5.0727,-25.613,-23.012,-17.928,-8.2556,-10.013,-9.6144
-6.7077,-6.0116,0.23744,6.3871,-2.0747,-3.9069,-26.404,-22.936,-17.357,-7.8219,-9.2817,-8.8523
-7.1722,-5.1045,1.1884,6.4073,-2.7311,-2.7102,-26.81,-22.616,-16.652,-7.3614,-8.4797,-8.0639
-7.4133,-4.2307,2.0236,6.3303,-3.1921,-1.5425,-26.873,-22.1,-15.852,-6.9193,-7.6682,-7.3033
-7.3012,-3.3792,2.7609,6.0277,-3.4012,-0.46294,-26.65,-21.442,-15.009,-6.53,-6.9039,-6.6052
-6.7831,-2.5129,3.4461,5.4185,-3.3644,0.49228,-26.214,-20.692,-14.159,-6.1964,-6.2175,-5.9715
-5.9226,-1.5977,4.1376,4.5106,-3.1612,1.3183,-25.643,-19.884,-13.319,-5.89,-5.6067,-5.3762
-4.9042,-0.64076,4.8837,3.4229,-2.9274,2.0291,-25.013,-19.053,-12.495,-5.572,-5.0468,-4.7879
-3.9728,0.29448,5.686,2.3565,-2.8027,2.6317,-24.392,-18.241,-11.693,-5.2176,-4.5116,-4.1924
-3.3349,1.1098,6.4675,1.5187,-2.8634,3.1096,-23.827,-17.486,-10.926,-4.8271,-3.9893,-3.6015
-3.0765,1.716,7.0731,1.0428,-3.0712,3.4267,-23.342,-16.796,-10.204,-4.4182,-3.4818,-3.0419
-3.1337,2.0694,7.3212,0.94745,-3.2764,3.5497,-22.936,-16.144,-9.5268,-4.014,-2.9964,-2.5368
-3.3322,2.1791,7.084,1.148,-3.2874,3.4703,-22.591,-15.487,-8.8907,-3.6372,-2.5392,-2.0976
-3.4707,2.091,6.3468,1.4996,-2.9648,3.2134,-22.283,-14.803,-8.2953,-3.3124,-2.1175,-1.7287
-3.3975,1.8689,5.2087,1.8441,-2.274,2.8252,-21.993,-14.105,-7.7492,-3.0652,-1.7444,-1.4362
-3.0359,1.58,3.8311,2.0488,-1.2687,2.3512,-21.719,-13.427,-7.2628,-2.9134,-1.436,-1.2298
-2.377,1.2796,2.3816,2.0361,-0.050587,1.8181,-21.466,-12.806,-6.8376,-2.8564,-1.2003,-1.1144
-1.4883,0.99196,1.0011,1.8099,1.2461,1.2298,-21.243,-12.258,-6.4631,-2.872,-1.0267,-1.0821
-0.53097,0.69782,-0.20786,1.467,2.4603,0.57522,-21.056,-11.789,-6.1251,-2.9264,-0.88886,-1.1124
0.26914,0.3417,-1.1882,1.1698,3.4318,-0.15843,-20.904,-11.398,-5.8172,-2.9915,-0.76071,-1.1837
0.70726,-0.14001,-1.9409,1.08,4.0532,-0.97732,-20.779,-11.082,-5.5425,-3.0557,-0.63369,-1.284
0.69307,-0.78263,-2.5318,1.2872,4.3236,-1.8774,-20.661,-10.824,-5.3047,-3.121,-0.51976,-1.4126
0.29827,-1.5709,-3.0692,1.7719,4.3637,-2.8404,-20.521,-10.582,-5.0965,-3.1928,-0.43962,-1.5737
-0.27587,-2.4446,-3.6518,2.4195,4.363,-3.8311,-20.314,-10.302,-4.8977,-3.2709,-0.40722,-1.7687
-0.79626,-3.3258,-4.3223,3.0742,4.4852,-4.8027,-19.991,-9.9481,-4.6829,-3.348,-0.42232,-1.9933
-1.0966,-4.1516,-5.0629,3.6004,4.8031,-5.715,-19.517,-9.5168,-4.4327,-3.4137,-0.4743,-2.2396
-1.1145,-4.896,-5.8331,3.9249,5.3041,-6.5537,-18.877,-9.036,-4.139,-3.4579,-0.54865,-2.4981
-0.87315,-5.5748,-6.6142,4.0495,5.9388,-7.3399,-18.084,-8.5386,-3.8003,-3.4705,-0.62738,-2.7543
-0.46148,-6.2363,-7.4229,4.0459,6.6501,-8.1209,-17.173,-8.0404,-3.4155,-3.4414,-0.68571,-2.9834
-0.029846,-6.9452,-8.2877,4.0383,7.3638,-8.9482,-16.183,-7.5397,-2.9848,-3.3665,-0.69605,-3.1536
0.236,-7.7627,-9.2163,4.1692,7.9799,-9.8527,-15.157,-7.0378,-2.519,-3.258,-0.64328,-3.2407
0.17859,-8.7249,-10.191,4.5502,8.401,-10.835,-14.134,-6.5569,-2.0477,-3.1499,-0.54142,-3.2447
-0.24859,-9.8246,-11.201,5.2117,8.6012,-11.874,-13.147,-6.1377,-1.6154,-3.09,-0.43695,-3.1947
-0.92945,-11.004,-12.276,6.0759,8.681,-12.938,-12.222,-5.8156,-1.265,-3.1201,-0.39102,-3.138
-1.6225,-12.166,-13.478,6.9799,8.84,-14,-11.368,-5.5979,-1.018,-3.2531,-0.44751,-3.1165
-2.0847,-13.214,-14.838,7.748,9.2573,-15.023,-10.577,-5.4584,-0.86433,-3.4587,-0.6059,-3.1469
-2.203,-14.085,-16.293,8.2716,9.9631,-15.968,-9.8214,-5.3514,-0.76985,-3.6703,-0.81769,-3.2139
-2.0383,-14.768,-17.696,8.5444,10.813,-16.791,-9.0702,-5.2307,-0.69225,-3.8086,-1.0103,-3.28
-1.7479,-15.288,-18.884,8.6332,11.59,-17.457,-8.2973,-5.0619,-0.59746,-3.8124,-1.1239,-3.3058
-1.4618,-15.672,-19.757,8.6197,12.15,-17.947,-7.4945,-4.8278,-0.46942,-3.6601,-1.1373,-3.2705
-1.232,-15.926,-20.302,8.5595,12.466,-18.253,-6.6676,-4.5328,-0.31129,-3.3732,-1.0707,-3.1809
-1.0693,-16.027,-20.535,8.4774,12.576,-18.358,-5.8264,-4.2049,-0.13999,-3.0023,-0.9674,-3.0672
-0.99078,-15.937,-20.443,8.3798,12.5,-18.235,-4.9776,-3.8904,0.023127,-2.604,-0.87202,-2.9712
-1.0188,-15.613,-19.979,8.2601,12.219,-17.843,-4.1259,-3.6344,0.16365,-2.2197,-0.81333,-2.9293
-1.1498,-15.02,-19.093,8.0907,11.719,-17.151,-3.2765,-3.4552,0.28314,-1.8604,-0.79525,-2.9571
-1.3436,-14.132,-17.765,7.8259,11.01,-16.139,-2.4327,-3.3325,0.39874,-1.5058,-0.79572,-3.0407
-1.5565,-12.944,-16,7.4299,10.106,-14.812,-1.5924,-3.223,0.53106,-1.1191,-0.77456,-3.1415
-1.7866,-11.496,-13.821,6.9113,8.9933,-13.195,-0.74779,-3.0932,0.68842,-0.67088,-0.6897,-3.2118
-2.0823,-9.867,-11.268,6.3295,7.6323,-11.336,0.1111,-2.9415,0.85965,-0.15653,-0.51623,-3.2127
-2.4948,-8.1535,-8.4276,5.7604,6.0113,-9.2999,0.99213,-2.7909,1.0215,0.40426,-0.25802,-3.1251
-3.0114,-6.4313,-5.4433,5.2458,4.2076,-7.1629,1.9015,-2.6605,1.1549,0.98397,0.056198,-2.9492
-3.5339,-4.732,-2.4972,4.7688,2.3918,-4.9921,2.8487,-2.5424,1.2573,1.5644,0.3898,-2.6968
-3.9332,-3.0551,0.24806,4.2782,0.75713,-2.8357,3.851,-2.4057,1.3399,2.1404,0.71518,-2.3865
-4.1365,-1.4008,2.6987,3.7399,-0.57737,-0.71938,4.9324,-2.2197,1.4163,2.7103,1.0195,-2.0422
-4.1714,0.20887,4.8395,3.1695,-1.6151,1.3496,6.1164,-1.9751,1.4938,3.2677,1.3,-1.6918
-4.1331,1.7353,6.7028,2.6199,-2.444,3.3687,7.415,-1.6856,1.5729,3.7996,1.5564,-1.3601
-4.1107,3.1407,8.3211,2.1423,-3.1522,5.3199,8.8166,-1.3778,1.6486,4.2877,1.7867,-1.0605
-4.1406,4.3958,9.6998,1.7593,-3.7739,7.1544,10.282,-1.0821,1.7091,4.7057,1.9867,-0.79232
-4.2185,5.4705,10.826,1.4724,-4.3026,8.7961,11.754,-0.82996,1.7335,5.0183,2.151,-0.54832
-4.3421,6.323,11.7,1.2876,-4.7401,10.167,13.175,-0.65296,1.6959,5.1863,2.2742,-0.32539
-4.5317,6.9118,12.358,1.2231,-5.1232,11.22,14.509,-0.57147,1.5777,5.1837,2.3521,-0.13021
-4.8054,7.2269,12.87,1.2842,-5.5036,11.959,15.75,-0.57917,1.3792,5.0156,2.3838,0.022489
-5.1405,7.3124,13.308,1.4368,-5.9049,12.431,16.912,-0.6382,1.1222,4.7212,2.3712,0.11465
-5.4714,7.2531,13.71,1.6126,-6.3068,12.704,18.024,-0.6952,0.83856,4.3577,2.317,0.12921
-5.7355,7.1335,14.08,1.7519,-6.6718,12.846,19.112,-0.70926,0.5541,3.9761,2.2234,0.053994
-5.9263,6.9997,14.413,1.8452,-6.9857,12.921,20.198,-0.67219,0.27964,3.6038,2.091,-0.1139
-6.099,6.8515,14.704,1.9387,-7.2668,12.971,21.295,-0.60646,0.014156,3.2434,1.9177,-0.36379
-6.3203,6.6658,14.931,2.0951,-7.5317,13.014,22.401,-0.54211,-0.24367,2.8851,1.7008,-0.66892
-6.6101,6.4319,15.045,2.3443,-7.7606,13.04,23.499,-0.49229,-0.48793,2.5215,1.4405,-0.99016
-6.9346,6.163,14.989,2.6679,-7.9073,13.02,24.563,-0.44923,-0.71089,2.15,1.1427,-1.2885
-7.247,5.8807,14.756,3.0233,-7.9473,12.924,25.566,-0.40324,-0.91675,1.7656,0.81694,-1.5413
-7.5284,5.5938,14.412,3.3731,-7.9119,12.735,26.478,-0.36582,-1.13,1.3521,0.47211,-1.7528
-7.7807,5.2995,14.074,3.6889,-7.8684,12.459,27.264,-0.37538,-1.389,0.88444,0.1108,-1.95
-7.983,5.0076,13.836,3.9287,-7.8617,12.113,27.876,-0.48058,-1.7271,0.34089,-0.27054,-2.1638
-8.0617,4.7576,13.717,4.0231,-7.8691,11.727,28.25,-0.7172,-2.1558,-0.28181,-0.67579,-2.4095
-7.9206,4.6027,13.659,3.9025,-7.8114,11.328,28.323,-1.1003,-2.6644,-0.96486,-1.1027,-2.6796
-7.5156,4.5693,13.571,3.553,-7.6107,10.937,28.041,-1.6357,-3.2343,-1.6776,-1.5411,-2.9512
-6.9078,4.6297,13.375,3.0514,-7.2454,10.561,27.376,-2.3332,-3.8525,-2.3908,-1.9762,-3.1981
-6.241,4.7124,13.029,2.5409,-6.7556,10.195,26.329,-3.2032,-4.5128,-3.0833,-2.3946,-3.3994
-5.6577,4.7443,12.512,2.159,-6.1975,9.8243,24.925,-4.2438,-5.2079,-3.7423,-2.7901,-3.5443
-5.2179,4.692,11.811,1.9679,-5.5925,9.437,23.192,-5.434,-5.9289,-4.364,-3.1695,-3.6369
-4.8827,4.5729,10.928,1.9354,-4.9226,9.0269,21.147,-6.7451,-6.6728,-4.9592,-3.5524,-3.6998
-4.5714,4.4323,9.9096,1.9737,-4.1756,8.6015,18.792,-8.1615,-7.4541,-5.5577,-3.967,-3.7725
-4.235,4.311,8.8602,1.999,-3.3924,8.1821,16.119,-9.6883,-8.3023,-6.205,-4.4403,-3.9004
-3.8806,4.2315,7.9163,1.9639,-2.6626,7.7987,13.13,-11.338,-9.2445,-6.946,-4.9872,-4.1157
-3.5347,4.2055,7.1839,1.8496,-2.0695,7.4775,9.8457,-13.106,-10.285,-7.8063,-5.6036,-4.4227
-3.1931,4.2458,6.6891,1.6457,-1.6314,7.2281,6.3174,-14.962,-11.397,-8.7804,-6.2673,-4.7949
-2.8183,4.3633,6.3757,1.3488,-1.2975,7.0412,2.6238,-16.857,-12.54,-9.8361,-6.9429,-5.1865
-2.3911,4.5532,6.1534,0.98547,-1.0036,6.8981,-1.1337,-18.751,-13.679,-10.929,-7.5905,-5.5514
-1.9587,4.7828,5.9563,0.62682,-0.73294,6.7836,-4.8405,-20.624,-14.796,-12.017,-8.1762,-5.8605
-1.6166,5.0017,5.7645,0.36262,-0.51946,6.6885,-8.3837,-22.479,-15.889,-13.072,-8.6817,-6.1088
-1.4251,5.1711,5.5793,0.23996,-0.38834,6.6025,-11.67,-24.315,-16.95,-14.069,-9.1084,-6.3101
-1.3333,5.294,5.3932,0.21302,-0.29719,6.5103,-14.643,-26.114,-17.948,-14.979,-9.4708,-6.4833
-1.1911,5.4217,5.1929,0.15465,-0.14614,6.4018,-17.281,-27.83,-18.825,-15.762,-9.7808,-6.6378
-0.84931,5.6258,4.9888,-0.068092,0.14568,6.2883,-19.587,-29.407,-19.516,-16.373,-10.031,-6.7654
-0.26702,5.9526,4.8283,-0.50906,0.56924,6.2032,-21.56,-30.788,-19.965,-16.769,-10.194,-6.8421
0.46115,6.3907,4.7644,-1.1112,1.0305,6.178,-23.174,-31.918,-20.146,-16.933,-10.236,-6.8412
1.1781,6.8719,4.7974,-1.7444,1.4319,6.2109,-24.354,-32.723,-20.059,-16.886,-10.148,-6.7522
1.7705,7.2943,4.8382,-2.2727,1.7592,6.251,-24.959,-33.089,-19.723,-16.689,-9.9717,-6.6012
2.2093,7.541,4.7328,-2.5946,2.0912,6.2045,-24.768,-32.852,-19.17,-16.439,-9.8086,-6.467
2.4994,7.4903,4.3405,-2.6419,2.5226,5.9606,-23.489,-31.816,-18.436,-16.255,-9.8075,-6.4805
2.6164,7.0424,3.614,-2.38,3.0748,5.4299,-20.865,-29.795,-17.54,-16.244,-10.124,-6.7927
2.5235,6.1757,2.6292,-1.8413,3.6751,4.5872,-17.338,-26.683,-16.452,-16.445,-10.864,-7.5186
2.2489,4.9862,1.5522,-1.1545,4.2102,3.4969,-17.705,-22.537,-15.058,-16.767,-12.016,-8.6766
1.9089,3.6586,0.57316,-0.50022,4.5934,2.3004,-26.364,-17.679,-13.145,-16.953,-13.405,-10.129
1.6245,2.3944,-0.15682,-0.015052,4.789,1.1615,-28.695,-12.831,-10.393,-16.58,-14.677,-11.542
1.43,1.3579,-0.56965,0.27315,4.7976,0.20861,-27.048,-9.3401,-6.35,-15.101,-15.402,-12.535
1.2857,0.65306,-0.702,0.42565,4.648,-0.48402,-22.728,-9.2281,-0.47933,-11.907,-15.153,-12.982
1.1899,0.3438,-0.68959,0.49777,4.4283,-0.86816,-14.217,-13.376,2.1765,-6.4405,-13.384,-12.717
1.3125,0.55734,-0.72345,0.4367,4.3324,-0.85923,0.99631,-15.491,-15.223,-11.23,-10.575,-11.827
2.0815,1.5711,-0.9694,0.33215,4.6725,-0.25835,25.538,-2.872,-10.17,-23.225,-21.15,-23.481
1.9963,-0.83441,-1.4733,10.415,5.757,1.2375,60.633,25.116,-1.5017,-29.582,-36.069,-39.449
-16.86,-24.401,-2.0993,32.837,6.0747,2.9693,103.75,61.628,7.9539,-37.463,-56.487,-59.132
-30.498,-37.621,-2.5485,43.189,0.88943,-3.4957,148.41,102.04,20.066,-42.381,-76.581,-79.226
-38.454,-43.038,-2.4751,48.392,-3.2245,-17.693,187.6,141.88,38.604,-37.289,-87.457,-92.733
-38.948,-39.331,-1.6629,45.732,-5.7352,-16.477,214.2,179.08,67.963,-15.519,-82.433,-92.891
-29.79,-25.619,-0.115,33.48,-5.4994,-7.465,223.12,216.83,112.9,28.315,-57.031,-75.252
-9.8377,-1.9335,2.0531,10.414,-0.22332,5.1886,215.06,262.28,181.14,97.861,-8.9743,-37.67
21.387,31.245,4.1804,-23.45,12.877,21.311,195.55,324.5,284.75,198.28,64.022,21.124
65.057,72.876,1.8967,-67.78,35.627,40.643,170.99,411.12,422.81,335.93,165.26,102.17
123.01,123.34,-2.7777,-122.66,68.732,62.741,145.5,525.48,600.99,512.73,297.08,206.41
194.77,184.88,-5.2642,-187.96,110.55,89.456,118.6,661.94,816.96,724.68,457.86,333.53
274.73,259.43,-2.6921,-262.61,152.09,124.66,86.168,802.27,1052.5,958.57,640.45,479.51
355.01,345.01,6.2363,-343.45,187.31,171.29,42.995,917.23,1277.1,1191.4,831.02,635.46
427.57,435.79,19.76,-424.65,213.53,223.55,-15.096,973.37,1452.7,1392.2,1009.2,787.46
484.59,522.39,36.627,-497.27,228.15,274.71,-88.617,941.74,1540.4,1525.8,1151.1,918.25
519.96,594.22,59.747,-551.7,229.74,322.8,-173.47,805.41,1509.8,1561.1,1234.4,1010.8
530.33,642.96,94.077,-581.44,217.85,363.59,-262.3,565.1,1348.9,1481.7,1245.5,1052.9
515.96,665.32,137.03,-585.18,192.83,393.59,-345.82,242.45,1070.8,1293.8,1184.6,1041.9
480.76,664.33,175.46,-566.64,156.75,412.6,-414.91,-122.5,713.38,1026.1,1066.4,985.35
431.86,647.99,209.02,-533.47,114.21,423.56,-463.9,-480.75,329.18,722.32,916.1,899.26
377.88,625.63,240.09,-494.78,70.956,430.24,-492.42,-787.42,-28.416,427.97,760.5,801.94
325.93,603.6,267.68,-457.34,31.351,434.59,-503.77,-1012.7,-318.37,178.51,620.1,707.71
279.26,582.34,289.69,-422.79,-2.4137,435.4,-502.85,-1146.8,-520.31,-8.7582,503.72,622.83
237.54,556.83,303.29,-388.37,-28.73,428.81,-495.75,-1198.2,-636.2,-135.6,408.76,545.59
199.24,520.38,305.4,-350.6,-46.544,410.59,-488.55,-1186.8,-684.63,-216.35,326.93,470.46
162.91,469.65,294.02,-308.85,-57.054,379,-484.95,-1137.1,-690.62,-268.67,252.74,394.05
127.09,407.11,270.57,-265.61,-62.535,336.1,-485.13,-1068.5,-676.38,-307.7,183.91,318.65
91.515,339.7,239.99,-221.7,-65.112,286.82,-485.67,-993.34,-656.29,-340.97,115.93,247.59
58.766,276.36,207.41,-176.39,-65.332,237.1,-481.28,-920.17,-636.27,-368.74,51.224,179.59
30.342,219.32,176.02,-132.14,-57.542,191.81,-467.28,-850.79,-615.99,-387.46,-3.5832,118.27
6.9347,167.79,147.34,-92.067,-43.412,153.2,-441.14,-781.97,-591.2,-393.76,-45.599,68.405
-10.469,123.6,122.03,-58.121,-38.491,120.98,-402.44,-711.29,-556.92,-386.86,-75.354,30.34
-22.801,86.916,100.15,-31.165,-37.499,93.478,-352.83,-639.49,-511.99,-369.2,-94.463,1.916
-29.886,56.851,81.406,-11.256,-36.331,69.525,-295.85,-565.12,-462.76,-343.25,-104.61,-18.698
-28.989,33.577,65.76,2.0782,-34.214,49.84,-235.94,-484.46,-410.6,-309.6,-106.25,-32.225
-19.55,17.579,53.41,9.3124,-31.291,34.952,-177.5,-399.31,-354.78,-269.68,-99.699,-38.77
-13.234,9.0881,43.703,10.744,-27.87,24.658,-123.59,-316.26,-295.71,-225.12,-76.437,-38.383
-11.733,7.1911,35.965,5.0778,-24.33,19.243,-74.942,-241.74,-237.47,-179.79,-37.301,-30.929
-11.334,12.747,31.533,-2.0948,-21.08,19.174,-37.323,-179.89,-185.07,-138.81,-30.817,-11.1
-11.166,20.517,31.151,-0.29729,-18.401,25.689,-13.616,-132.42,-142.05,-105.61,-29.92,-6.3289
-11.095,15.624,30.831,2.1197,-16.338,25.962,0.4445,-98.96,-110.06,-81.223,-28.243,-8.3854
-11.118,8.8892,27.147,3.6343,-14.77,20.139,9.0234,-77.58,-88.964,-65.383,-26.066,-9.8591
-11.252,4.4692,22.379,4.7814,-13.521,14.394,13.991,-65.354,-77.135,-57.196,-24.295,-10.744
-11.473,1.3783,18.224,5.7906,-12.433,9.9225,16.516,-59.111,-72.087,-55.259,-23.136,-11.305
-11.705,-1.0594,14.816,6.7259,-11.376,6.4092,17.845,-57.022,-71.271,-58.15,-22.302,-11.737
-11.832,-3.1301,11.882,7.5678,-10.251,3.4983,15.932,-56.178,-73.279,-62.002,-21.523,-12.146
-11.758,-4.9529,9.1812,8.2694,-8.9958,0.96296,17.752,-49.496,-73.103,-59.111,-20.76,-12.555
-11.463,-6.5859,6.5943,8.8098,-7.6179,-1.3295,22.229,-41.677,-66.168,-52.473,-20.125,-12.957
-11.037,-8.0781,4.1164,9.228,-6.217,-3.4503,25.642,-35.655,-59.327,-46.916,-19.719,-13.34
-10.646,-9.481,1.8181,9.6126,-4.9544,-5.4285,27.716,-31.557,-54.654,-43.114,-19.579,-13.699
-10.448,-10.832,-0.21254,10.054,-3.9787,-7.2641,28.612,-28.986,-51.658,-40.672,-19.683,-14.036
-10.521,-12.133,-1.9175,10.597,-3.3559,-8.9381,28.565,-27.491,-49.722,-39.15,-19.984,-14.356
-10.834,-13.352,-3.2861,11.219,-3.0488,-10.42,27.807,-26.686,-48.374,-38.202,-20.424,-14.681
-11.272,-14.441,-4.3435,11.849,-2.948,-11.678,26.524,-26.297,-47.286,-37.571,-20.94,-15.04
-11.683,-15.358,-5.1316,12.398,-2.9248,-12.69,24.835,-26.169,-46.27,-37.09,-21.466,-15.452
-11.928,-16.079,-5.6976,12.784,-2.8692,-13.452,22.805,-26.233,-45.248,-36.656,-21.94,-15.907
-11.91,-16.593,-6.0892,12.949,-2.7066,-13.977,20.471,-26.464,-44.213,-36.219,-22.302,-16.354
-11.606,-16.893,-6.3414,12.874,-2.4159,-14.289,17.864,-26.84,-43.186,-35.762,-22.504,-16.712
-11.099,-16.986,-6.4515,12.597,-2.0618,-14.413,15.027,-27.34,-42.198,-35.301,-22.511,-16.899
-10.58,-16.896,-6.3648,12.224,-1.803,-14.369,12.016,-27.945,-41.285,-34.879,-22.326,-16.873
-10.298,-16.672,-5.9953,11.903,-1.8404,-14.171,8.9012,-28.641,-40.482,-34.553,-21.997,-16.654
-10.447,-16.365,-5.2803,11.766,-2.3225,-13.83,5.7573,-29.402,-39.807,-34.371,-21.609,-16.321
-11.082,-16.007,-4.2333,11.859,-3.2623,-13.363,2.6613,-30.19,-39.255,-34.355,-21.255,-15.984
-12.077,-15.596,-2.9566,12.123,-4.5135,-12.784,-0.31099,-30.956,-38.79,-34.486,-21.001,-15.733
-13.171,-15.112,-1.607,12.418,-5.8189,-12.104,-3.0857,-31.667,-38.362,-34.713,-20.858,-15.614
-14.066,-14.542,-0.33837,12.595,-6.912,-11.332,-5.5929,-32.313,-37.927,-34.965,-20.781,-15.61
-14.552,-13.89,0.74058,12.546,-7.6128,-10.476,-7.7727,-32.898,-37.454,-35.171,-20.686,-15.65
-14.538,-13.171,1.577,12.228,-7.8534,-9.5461,-9.5851,-33.417,-36.92,-35.272,-20.485,-15.633
-14.045,-12.397,2.1733,11.654,-7.6638,-8.5531,-11.018,-33.841,-36.308,-35.227,-20.107,-15.464
-13.212,-11.576,2.5991,10.897,-7.1847,-7.5086,-12.091,-34.126,-35.604,-35.028,-19.533,-15.084
-12.293,-10.724,2.995,10.09,-6.6652,-6.4228,-12.846,-34.242,-34.817,-34.702,-18.797,-14.503
-11.593,-9.8732,3.5369,9.3955,-6.3878,-5.3072,-13.341,-34.187,-33.981,-34.303,-17.978,-13.797
-11.351,-9.0631,4.3682,8.947,-6.5619,-4.1822,-13.638,-33.981,-33.142,-33.896,-17.164,-13.078
-11.651,-8.3205,5.5361,8.7949,-7.2472,-3.0836,-13.79,-33.648,-32.337,-33.524,-16.424,-12.446
-12.387,-7.6498,6.9632,8.8831,-8.3347,-2.0627,-13.835,-33.202,-31.571,-33.188,-15.779,-11.952
-13.317,-7.0412,8.4728,9.0801,-9.5959,-1.1768,-13.792,-32.646,-30.821,-32.851,-15.203,-11.584
-14.163,-6.4919,9.8561,9.2418,-10.774,-0.47623,-13.66,-31.997,-30.049,-32.452,-14.64,-11.279
-14.721,-6.0188,10.942,9.2705,-11.669,0.0040095,-13.435,-31.284,-29.226,-31.936,-14.029,-10.953
-14.912,-5.6528,11.633,9.138,-12.18,0.24811,-13.114,-30.539,-28.334,-31.273,-13.331,-10.533
-14.76,-5.4215,11.905,8.8725,-12.305,0.26144,-12.709,-29.774,-27.366,-30.463,-12.541,-9.9826
-14.356,-5.3374,11.79,8.5365,-12.103,0.071665,-12.24,-28.973,-26.321,-29.525,-11.69,-9.3094
-13.828,-5.3991,11.358,8.2116,-11.676,-0.27726,-11.732,-28.113,-25.207,-28.5,-10.829,-8.5682
-13.312,-5.602,10.69,7.9829,-11.138,-0.74111,-11.215,-27.191,-24.057,-27.444,-10.018,-7.8457
-12.909,-5.944,9.831,7.9142,-10.565,-1.2946,-10.708,-26.231,-22.916,-26.421,-9.3086,-7.2355
-12.638,-6.4196,8.7675,8.0204,-9.9623,-1.9406,-10.222,-25.269,-21.828,-25.481,-8.7316,-6.8057
-12.429,-7.01,7.4463,8.2581,-9.2587,-2.6997,-9.7555,-24.329,-20.818,-24.644,-8.2801,-6.5722
-12.173,-7.6807,5.8367,8.5469,-8.3713,-3.5864,-9.2974,-23.411,-19.881,-23.885,-7.9076,-6.487
-11.804,-8.3933,3.9994,8.8146,-7.2868,-4.5868,-8.8368,-22.502,-18.995,-23.155,-7.5401,-6.4525
-11.354,-9.121,2.1017,9.0329,-6.1057,-5.6582,-8.369,-21.588,-18.141,-22.404,-7.1065,-6.3607
-10.927,-9.8518,0.36168,9.2167,-5.0101,-6.7456,-7.8993,-20.666,-17.312,-21.604,-6.5705,-6.1374
-10.635,-10.575,-1.0378,9.3938,-4.1776,-7.802,-7.4409,-19.729,-16.506,-20.758,-5.9428,-5.7671
-10.537,-11.265,-2.0092,9.576,-3.7052,-8.7978,-7.0072,-18.759,-15.712,-19.887,-5.2679,-5.2889
-10.632,-11.891,-2.5704,9.7564,-3.5909,-9.7189,-6.6028,-17.733,-14.911,-19.018,-4.5986,-4.7724
-10.892,-12.429,-2.8149,9.9289,-3.7687,-10.56,-6.2155,-16.638,-14.08,-18.166,-3.973,-4.2856
-11.284,-12.882,-2.8708,10.104,-4.1452,-11.319,-5.8159,-15.482,-13.201,-17.326,-3.4012,-3.8713
-11.754,-13.274,-2.8748,10.296,-4.6004,-12,-5.3667,-14.284,-12.259,-16.465,-2.8617,-3.53
-12.204,-13.63,-2.9612,10.499,-4.9794,-12.606,-4.8355,-13.055,-11.236,-15.531,-2.3041,-3.2117
-12.493,-13.962,-3.2538,10.666,-5.1089,-13.15,-4.207,-11.787,-10.111,-14.468,-1.6605,-2.8238
-12.483,-14.267,-3.8432,10.733,-4.8484,-13.644,-3.488,-10.463,-8.8785,-13.251,-0.86703,-2.2612
-12.104,-14.545,-4.7551,10.654,-4.147,-14.102,-2.7026,-9.0786,-7.555,-11.9,0.11379,-1.447
-11.374,-14.812,-5.9434,10.425,-3.0589,-14.542,-1.8814,-7.6447,-6.1807,-10.475,1.283,-0.35618
-10.372,-15.083,-7.3209,10.069,-1.7062,-14.985,-1.051,-6.1811,-4.8015,-9.0535,2.6129,0.99122
-9.2056,-15.364,-8.8038,9.6208,-0.22861,-15.46,-0.22656,-4.6968,-3.4505,-7.6949,4.0652,2.5602
-8.0001,-15.642,-10.328,9.1239,1.2435,-15.989,0.59156,-3.1814,-2.1361,-6.4169,5.6114,4.3288
-6.9074,-15.901,-11.829,8.6458,2.5872,-16.576,1.4161,-1.6144,-0.84137,-5.1857,7.2511,6.2932
-6.0986,-16.131,-13.217,8.2826,3.6691,-17.195,2.2635,0.017353,0.468,-3.9265,9.029,8.4608
-5.7195,-16.337,-14.389,8.1295,4.3659,-17.803,3.1407,1.7109,1.8337,-2.5447,11.049,10.862
-5.808,-16.517,-15.294,8.2249,4.647,-18.355,4.0355,3.4514,3.2978,-0.94996,13.474,13.582
-6.2359,-16.661,-15.99,8.5114,4.6467,-18.826,4.9165,5.2189,4.8936,0.92658,16.518,16.778
-6.7376,-16.738,-16.624,8.8462,4.632,-19.211,5.7441,6.988,6.6322,3.1231,20.395,20.63
-7.0193,-16.716,-17.342,9.0557,4.873,-19.513,6.4887,8.72,8.4859,5.6392,25.236,25.239
-6.8791,-16.562,-18.199,8.9981,5.5105,-19.723,7.1444,10.36,10.38,8.423,30.938,30.482
-6.2619,-16.243,-19.119,8.5991,6.5065,-19.82,7.7295,11.85,12.213,11.366,37.085,35.967
-5.2302,-15.717,-19.93,7.8482,7.6911,-19.767,8.2728,13.151,13.895,14.334,43.121,41.219
-3.9124,-14.936,-20.442,6.7827,8.8478,-19.524,8.7936,14.262,15.402,17.235,48.682,45.974
-2.4673,-13.858,-20.518,5.4751,9.7918,-19.06,9.2851,15.205,16.775,20.077,53.73,50.262
-1.0515,-12.47,-20.121,4.0175,10.417,-18.357,9.7108,16.002,18.09,22.978,58.444,54.297
0.22611,-10.789,-19.314,2.4947,10.715,-17.419,10.015,16.659,19.416,26.12,63.075,58.332
1.3501,-8.8537,-18.243,0.95011,10.77,-16.265,10.139,17.173,20.79,29.686,67.841,62.574
2.425,-6.6881,-17.082,-0.64861,10.748,-14.918,10.044,17.545,22.216,33.793,72.874,67.132
3.6509,-4.2818,-15.974,-2.4211,10.835,-13.393,9.7164,17.783,23.67,38.429,78.203,72
5.2284,-1.5912,-14.961,-4.5375,11.149,-11.68,9.165,17.883,25.094,43.417,83.758,77.071
7.2347,1.441,-13.961,-7.1464,11.655,-9.7347,8.4115,17.813,26.39,48.441,89.403,82.191
9.562,4.8727,-12.81,-10.316,12.178,-7.4938,7.4759,17.509,27.439,53.172,94.983,87.228
11.994,8.7687,-11.352,-14.036,12.501,-4.8996,6.3689,16.915,28.152,57.414,100.39,92.126
14.378,13.212,-9.541,-18.277,12.515,-1.9334,5.0929,16.004,28.508,61.141,105.59,96.906
16.735,18.294,-7.4648,-23.045,12.278,1.3701,3.652,14.793,28.552,64.444,110.64,101.64
19.22,24.065,-5.2836,-28.349,11.953,4.9321,2.0653,13.327,28.352,67.444,115.61,106.42
22.006,30.478,-3.1367,-34.106,11.691,8.6639,0.37287,11.655,27.954,70.213,120.55,111.26
25.196,37.37,-1.0847,-40.092,11.548,12.515,-1.3729,9.8183,27.37,72.747,125.43,116.15
40.093,47.846,1.2293,-47.798,18.287,21.179,0.28716,39.172,63.561,87.957,129.55,121.75
43.647,52.488,2.2205,-51.914,19.827,24.243,-3.4701,37.1,64.777,95.518,139.88,130.73
46.34,57.381,4.322,-55.811,20.239,27.957,-7.9027,34.004,64.171,99.94,148.92,139
47.094,62.67,8.7587,-58.977,18.369,32.944,-12.788,29.589,61.551,100.45,155.21,145.37
46.428,68.554,15.21,-61.727,14.673,39.108,-17.679,24.06,57.456,97.742,158.34,149.41
46.16,75.219,22.043,-65.068,10.904,45.723,-21.925,17.998,52.93,93.562,159.05,151.53
48.067,82.642,27.46,-69.934,8.8518,51.883,-24.822,11.988,48.985,89.884,158.76,152.6
52.765,90.531,30.549,-76.558,9.2635,56.981,-25.876,6.3204,46.158,88.049,158.91,153.54
59.694,98.544,31.531,-84.517,11.746,60.958,-25.137,0.97864,44.403,88.355,160.29,154.89
67.836,106.59,31.328,-93.203,15.364,64.274,-23.339,-4.1875,43.3,90.153,162.85,156.8
