47.264,388.72,305.88,-232,-109.27,349.72,-107.83,14.65,38.007,159.12,438.23,300.11
48.039,387.27,304.03,-231.52,-108.1,348.1,-109.15,14.792,37.578,158.17,438.46,300.82
48.828,384.41,300.74,-230.34,-106.22,345.04,-111.29,13.68,36.221,156.44,438.68,301.51
49.522,379.26,295.25,-227.97,-103.34,339.67,-114.68,10.371,33.248,153.62,438.95,302.25
49.911,371.79,287.75,-224.29,-99.674,332.07,-119.17,4.5,28.439,150.06,439.33,303.13
49.716,362.77,279.28,-219.54,-95.902,323.13,-124.15,-3.6449,22.026,146.59,439.92,304.23
48.681,353.35,271.25,-214.17,-92.832,314.15,-128.81,-13.248,14.555,144.15,440.7,305.55
46.722,344.56,264.77,-208.65,-91.004,306.25,-132.58,-23.243,6.7389,143.32,441.59,306.99
44.057,336.93,260.16,-203.36,-90.392,299.94,-135.29,-32.632,-0.65164,144,442.27,308.2
41.223,330.4,256.81,-198.54,-90.364,294.94,-137.17,-40.761,-6.9181,145.48,442.28,308.68
38.941,324.45,253.48,-194.29,-89.925,290.37,-138.66,-47.458,-11.606,146.77,441.02,307.75
46.397,316.97,242.69,-192.75,-80.908,281,-140.57,-33.975,-6.7798,127.73,436.21,296.12
46.309,307.61,235.38,-186.95,-77.655,272.72,-142.64,-38.713,-8.1017,124.49,431.08,290.81
46.324,297.19,226.28,-181.24,-73.316,263.23,-144.56,-42.846,-9.1049,121.33,423.79,284.7
46.358,286.02,215.21,-176.09,-67.826,252.47,-146.13,-46.35,-9.9299,118.32,414.41,277.52
46.271,274.38,202.37,-171.31,-61.445,240.58,-147.06,-49.386,-10.675,115.45,403.13,269.11
45.84,262.33,188.35,-166.24,-54.594,227.74,-147.13,-52.139,-11.375,112.66,390.26,259.54
44.801,249.78,173.95,-160.24,-47.735,214.27,-146.27,-54.626,-12.013,109.83,376.3,249
42.929,236.61,159.98,-152.88,-41.309,200.56,-144.5,-56.69,-12.55,106.85,361.85,237.74
40.139,222.73,147.08,-144.12,-35.698,187.05,-141.88,-58.167,-12.943,103.68,347.57,225.96
36.541,208.18,135.67,-134.22,-31.113,174.01,-138.47,-58.994,-13.166,100.27,333.91,213.83
32.421,193.13,125.7,-123.64,-27.376,161.5,-134.33,-59.203,-13.224,96.594,320.95,201.55
28.127,177.9,116.77,-112.99,-23.886,149.37,-129.57,-58.857,-13.15,92.612,308.26,189.29
23.927,162.73,108.17,-102.92,-19.954,137.34,-124.32,-58.01,-12.997,88.272,295.13,177.2
19.949,147.86,99.189,-93.94,-15.481,125.2,-118.76,-56.684,-12.821,83.55,281.28,165.46
16.201,133.59,89.343,-86.189,-11.547,112.93,-113.03,-54.875,-12.654,78.478,267.25,154.17
12.625,120.25,78.628,-79.421,-8.942,100.73,-107.24,-52.571,-12.5,73.169,253.72,143.39
9.1712,108.03,67.57,-73.189,-7.2564,88.974,-101.46,-49.773,-12.335,67.79,240.56,132.99
5.9328,96.853,56.95,-66.948,-5.9695,78.018,-95.723,-46.513,-12.127,62.481,227.02,122.82
3.161,86.458,47.369,-60.151,-4.8496,68.045,-90.063,-42.861,-11.856,57.28,212.64,112.72
1.004,76.502,39.037,-52.602,-3.8213,59.062,-84.475,-38.92,-11.524,52.112,197.67,102.63
-0.64522,66.724,31.857,-44.912,-2.8521,50.951,-78.93,-34.799,-11.154,46.84,182.73,92.625
-1.9669,57.041,25.561,-37.954,-1.9094,43.5,-73.39,-30.606,-10.784,41.317,168.37,82.956
-3.0662,47.606,19.799,-31.92,-0.95712,36.362,-67.846,-26.45,-10.452,35.417,154.89,73.889
-3.9804,38.813,14.382,-26.433,0.034678,29.114,-62.332,-22.472,-10.185,29.111,142.37,65.476
-4.7265,30.976,9.6219,-21.02,1.0801,21.711,-56.926,-18.827,-9.9888,22.618,130.74,57.617
-5.3253,23.974,5.91,-15.369,2.1674,14.937,-51.732,-15.643,-9.848,16.492,119.78,50.349
-5.8029,17.479,3.1551,-9.8019,3.2556,9.6528,-46.832,-12.976,-9.7301,11.349,109.26,43.902
-6.1806,11.694,1.0333,-5.4039,4.2937,5.9514,-42.226,-10.805,-9.5989,7.4522,99.021,38.456
-6.4679,7.2189,-0.72338,-2.7355,5.2515,3.4287,-37.823,-9.0601,-9.4295,4.6535,89.104,33.857
-6.6625,4.1232,-2.2867,-1.3085,6.133,1.6418,-33.496,-7.6564,-9.2185,2.6415,79.694,29.603
-6.7585,2.0086,-3.7533,-0.50872,6.9624,0.27779,-29.163,-6.5143,-8.984,1.1369,71.057,25.195
-6.7597,0.48381,-5.1633,-0.00015609,7.7535,-0.85078,-24.86,-5.5688,-8.7562,-0.05436,63.577,20.487
-6.6893,-0.7038,-6.5126,0.36703,8.4869,-1.8515,-20.752,-4.7705,-8.5627,-1.0567,57.679,15.791
-6.5915,-1.7045,-7.7622,0.66396,9.1053,-2.7845,-17.07,-4.0836,-8.4156,-1.9499,53.426,11.656
-6.5221,-2.6092,-8.8529,0.93015,9.5333,-3.6786,-13.997,-3.4821,-8.3056,-2.7852,50.472,8.411
-6.5348,-3.4713,-9.7283,1.1904,9.7103,-4.5403,-11.575,-2.9459,-8.2066,-3.592,48.332,6.0159
-6.6678,-4.3163,-10.361,1.4626,9.62,-5.3608,-9.7194,-2.4569,-8.0865,-4.3792,46.5,4.2656
-6.9348,-5.1458,-10.767,1.7624,9.2997,-6.1245,-8.3016,-1.9969,-7.9201,-5.1376,44.527,2.97
-7.3244,-5.9422,-10.999,2.1034,8.8251,-6.8168,-7.206,-1.5485,-7.6962,-5.8466,42.131,2.0013
-7.8137,-6.6756,-11.12,2.4953,8.2771,-7.4264,-6.3456,-1.0959,-7.4193,-6.4839,39.269,1.2783
-8.3901,-7.3142,-11.183,2.9438,7.7134,-7.9429,-5.6607,-0.62623,-7.1046,-7.0345,36.083,0.74315
-9.062,-7.8336,-11.209,3.4535,7.1576,-8.3518,-5.1102,-0.12842,-6.7709,-7.495,32.773,0.34711
-9.8435,-8.2224,-11.189,4.025,6.6077,-8.6353,-4.6634,0.40668,-6.4334,-7.8724,29.496,0.044496
-10.723,-8.4847,-11.104,4.6458,6.0583,-8.7843,-4.2963,0.98567,-6.0994,-8.1798,26.326,-0.20621
-11.636,-8.6401,-10.957,5.2765,5.5222,-8.816,-3.9893,1.612,-5.7688,-8.435,23.284,-0.43781
-12.459,-8.7179,-10.787,5.8433,5.0426,-8.7806,-3.7251,2.2863,-5.4363,-8.6584,20.384,-0.6705
-13.033,-8.7498,-10.667,6.2487,4.685,-8.7524,-3.4852,3.0076,-5.0935,-8.8718,17.653,-0.91227
-13.205,-8.767,-10.674,6.4,4.5147,-8.8092,-3.2454,3.7735,-4.7305,-9.0983,15.127,-1.1646
-12.869,-8.8048,-10.865,6.2432,4.5722,-9.0157,-2.9777,4.581,-4.3403,-9.3622,12.825,-1.4303
-12.013,-8.9079,-11.258,5.7854,4.8583,-9.4168,-2.6579,5.427,-3.9238,-9.69,10.733,-1.7193
-10.731,-9.1312,-11.832,5.1019,5.3352,-10.035,-2.2748,6.3102,-3.4938,-10.103,8.8119,-2.0478
-9.2103,-9.5266,-12.546,4.3287,5.9417,-10.865,-1.8353,7.2342,-3.0719,-10.605,7.0145,-2.4331
-7.6792,-10.114,-13.359,3.6288,6.6161,-11.862,-1.3586,8.2097,-2.6809,-11.167,5.2996,-2.8863
-6.3471,-10.853,-14.245,3.1417,7.3166,-12.953,-0.86542,9.2545,-2.3354,-11.72,3.6451,-3.4056
-5.3663,-11.653,-15.204,2.9433,8.0263,-14.051,-0.36572,10.391,-2.0351,-12.171,2.0487,-3.9734
-4.8285,-12.413,-16.244,3.049,8.744,-15.094,0.14807,11.641,-1.7632,-12.426,0.52223,-4.557
-4.7867,-13.072,-17.365,3.4512,9.466,-16.057,0.69975,13.021,-1.4903,-12.432,-0.91656,-5.1143
-5.2656,-13.641,-18.542,4.1423,10.166,-16.952,1.3203,14.54,-1.1824,-12.191,-2.2517,-5.6036
-6.219,-14.185,-19.719,5.093,10.79,-17.805,2.0341,16.198,-0.80912,-11.763,-3.4735,-5.9961
-7.467,-14.775,-20.822,6.209,11.292,-18.638,2.8449,17.98,-0.35115,-11.235,-4.5821,-6.2861
-8.7076,-15.436,-21.789,7.3221,11.676,-19.447,3.7301,19.845,0.19551,-10.692,-5.5885,-6.4936
-9.6093,-16.127,-22.576,8.2312,12.004,-20.203,4.6484,21.723,0.81943,-10.196,-6.5134,-6.6565
-9.9144,-16.764,-23.167,8.765,12.351,-20.867,5.5589,23.526,1.4979,-9.771,-7.382,-6.8152
-9.5132,-17.273,-23.573,8.833,12.774,-21.411,6.4428,25.174,2.207,-9.4152,-8.2147,-6.9974
-8.4692,-17.619,-23.823,8.448,13.292,-21.826,7.315,26.628,2.9346,-9.1039,-9.0212,-7.2074
-6.9847,-17.806,-23.95,7.7159,13.872,-22.114,8.2181,27.9,3.69,-8.8026,-9.7975,-7.428
-5.3329,-17.849,-23.98,6.8001,14.436,-22.268,9.1994,29.051,4.5031,-8.4775,-10.53,-7.6316
-3.7953,-17.741,-23.911,5.8754,14.872,-22.267,10.282,30.158,5.4131,-8.104,-11.2,-7.7956
-2.6157,-17.455,-23.716,5.0863,15.069,-22.079,11.445,31.289,6.452,-7.6708,-11.794,-7.9131
-1.9595,-16.97,-23.36,4.5206,14.951,-21.673,12.63,32.489,7.6289,-7.1791,-12.306,-7.9943
-1.8745,-16.288,-22.818,4.1975,14.508,-21.03,13.765,33.776,8.9222,-6.6393,-12.735,-8.0604
-2.277,-15.446,-22.093,4.0774,13.806,-20.159,14.794,35.14,10.286,-6.0686,-13.086,-8.133
-2.9815,-14.504,-21.214,4.0941,12.967,-19.094,15.697,36.558,11.666,-5.4907,-13.37,-8.2248
-3.7676,-13.543,-20.241,4.1853,12.125,-17.905,16.481,37.995,13.022,-4.9345,-13.598,-8.3348
-4.4471,-12.654,-19.233,4.3021,11.379,-16.683,17.168,39.413,14.332,-4.4306,-13.783,-8.45
-4.9096,-11.912,-18.224,4.4087,10.748,-15.518,17.779,40.77,15.587,-4.0053,-13.937,-8.553
-5.1427,-11.353,-17.198,4.4891,10.169,-14.46,18.324,42.022,16.772,-3.677,-14.07,-8.6333
-5.2218,-10.966,-16.093,4.5516,9.5298,-13.504,18.792,43.114,17.861,-3.4556,-14.198,-8.695
-5.2676,-10.702,-14.843,4.6206,8.7306,-12.598,19.167,43.981,18.809,-3.3427,-14.339,-8.7578
-5.3904,-10.488,-13.421,4.7202,7.7474,-11.685,19.43,44.561,19.569,-3.3329,-14.511,-8.8488
-5.6522,-10.251,-11.873,4.8571,6.6499,-10.727,19.572,44.819,20.101,-3.4141,-14.727,-8.9888
-6.0562,-9.9336,-10.303,5.0151,5.5519,-9.7287,19.601,44.768,20.391,-3.5677,-14.989,-9.1806
-6.5575,-9.5128,-8.8214,5.1636,4.5388,-8.7248,19.534,44.478,20.457,-3.7694,-15.283,-9.4041
-7.0919,-9.0027,-7.4996,5.2735,3.6386,-7.7607,19.393,44.053,20.347,-3.9902,-15.586,-9.6232
-7.6032,-8.4385,-6.3457,5.3265,2.8368,-6.8671,19.199,43.596,20.12,-4.1991,-15.872,-9.8025
-8.0568,-7.8561,-5.3128,5.3156,2.0967,-6.0463,18.959,43.175,19.823,-4.3696,-16.122,-9.9235
-8.4354,-7.2778,-4.3202,5.2405,1.3764,-5.2737,18.672,42.803,19.476,-4.4872,-16.329,-9.994
-8.7314,-6.7079,-3.2844,5.105,0.64563,-4.5095,18.327,42.446,19.067,-4.5554,-16.503,-10.046
-8.9456,-6.1377,-2.1531,4.9176,-0.095917,-3.7155,17.915,42.036,18.561,-4.5965,-16.666,-10.123
-9.0893,-5.5549,-0.92882,4.6927,-0.81259,-2.8717,17.436,41.497,17.914,-4.6457,-16.841,-10.266
-9.1843,-4.9534,0.33583,4.4509,-1.4528,-1.9844,16.903,40.763,17.092,-4.7405,-17.049,-10.5
-9.2583,-4.3388,1.5712,4.2171,-1.9863,-1.0818,16.34,39.797,16.079,-4.9109,-17.301,-10.822
-9.34,-3.7262,2.7291,4.0183,-2.4308,-0.19768,15.767,38.593,14.89,-5.1739,-17.596,-11.205
-9.463,-3.1332,3.8006,3.8802,-2.8491,0.64439,15.19,37.173,13.567,-5.5306,-17.922,-11.607
-9.6758,-2.5722,4.8078,3.8246,-3.3208,1.439,14.609,35.571,12.168,-5.9669,-18.263,-11.984
-10.041,-2.0456,5.7814,3.8659,-3.9084,2.1948,14.019,33.825,10.755,-6.454,-18.598,-12.307
-10.617,-1.5467,6.7418,4.0069,-4.638,2.9247,13.424,31.974,9.3807,-6.9508,-18.909,-12.565
-11.428,-1.0617,7.6907,4.2317,-5.51,3.6356,12.838,30.06,8.0873,-7.4103,-19.173,-12.757
-12.437,-0.57315,8.6134,4.4996,-6.5139,4.3247,12.274,28.134,6.9045,-7.7889,-19.369,-12.883
-13.525,-0.063896,9.4834,4.7445,-7.6133,4.9821,11.736,26.255,5.8495,-8.0584,-19.469,-12.931
-14.494,0.47926,10.266,4.8849,-8.7102,5.5968,11.218,24.481,4.9246,-8.2105,-19.451,-12.881
-15.119,1.0607,10.919,4.844,-9.6426,6.1597,10.713,22.853,4.1188,-8.2523,-19.295,-12.708
-15.214,1.6716,11.399,4.5694,-10.232,6.6628,10.219,21.389,3.4139,-8.1958,-18.994,-12.396
-14.677,2.2892,11.673,4.0482,-10.345,7.097,9.7476,20.076,2.7935,-8.0505,-18.559,-11.946
-13.522,2.8816,11.736,3.3107,-9.9357,7.4539,9.3152,18.888,2.2482,-7.8226,-18.011,-11.381
-11.877,3.417,11.619,2.4243,-9.0563,7.7302,8.9357,17.791,1.7746,-7.5199,-17.379,-10.736
-9.9596,3.8738,11.383,1.4803,-7.8463,7.9323,8.6084,16.758,1.3711,-7.1546,-16.69,-10.049
-8.0211,4.2471,11.104,0.57656,-6.499,8.0776,8.3135,15.769,1.034,-6.7432,-15.965,-9.3465
-6.2958,4.5488,10.858,-0.19705,-5.2237,8.1935,8.0143,14.81,0.75832,-6.3035,-15.217,-8.6408
-4.9642,4.8006,10.708,-0.76957,-4.2112,8.3132,7.6666,13.871,0.53981,-5.8485,-14.456,-7.9292
-4.1353,5.026,10.701,-1.0946,-3.604,8.4727,7.2339,12.944,0.37629,-5.3824,-13.687,-7.2007
-3.8429,5.2451,10.864,-1.1544,-3.4719,8.7069,6.7036,12.025,0.26497,-4.9001,-12.916,-6.4457
-4.0607,5.4729,11.197,-0.96276,-3.8013,9.0427,6.093,11.113,0.19736,-4.3936,-12.149,-5.6664
-4.719,5.7212,11.678,-0.5675,-4.5018,9.4913,5.4425,10.213,0.15621,-3.8595,-11.392,-4.8796
-5.7051,6.0027,12.267,-0.0471,-5.4361,10.046,4.7976,9.3363,0.11859,-3.3051,-10.647,-4.1118
-6.8645,6.3354,12.921,0.49924,-6.4651,10.69,4.1904,8.5041,0.064239,-2.7475,-9.9107,-3.3881
-8.0213,6.7492,13.603,0.96666,-7.4775,11.409,3.6288,7.738,-0.016529,-2.2091,-9.1805,-2.7239
-9.0115,7.2886,14.294,1.2601,-8.3927,12.2,3.0951,7.0527,-0.12189,-1.7127,-8.4534,-2.1218
-9.7107,8.0068,14.99,1.3057,-9.1568,13.077,2.5571,6.4479,-0.24531,-1.2782,-7.7327,-1.5761
-10.043,8.9491,15.696,1.0579,-9.7399,14.055,1.9841,5.9069,-0.38431,-0.92171,-7.0314,-1.08
-9.9737,10.129,16.415,0.50431,-10.129,15.137,1.3636,5.4014,-0.54398,-0.65383,-6.371,-0.63232
-9.5012,11.507,17.146,-0.32704,-10.317,16.301,0.70806,4.8995,-0.73316,-0.47765,-5.7756,-0.23889
-8.6562,12.99,17.878,-1.3602,-10.301,17.493,0.048769,4.3766,-0.95747,-0.38683,-5.262,0.090362
-7.504,14.443,18.588,-2.4801,-10.089,18.638,-0.5794,3.8237,-1.2152,-0.36552,-4.8309,0.3483
-6.1281,15.739,19.235,-3.5722,-9.7026,19.651,-1.1517,3.2493,-1.4995,-0.39135,-4.4626,0.53615
-4.6095,16.788,19.755,-4.5701,-9.1635,20.463,-1.6603,2.6736,-1.8047,-0.44127,-4.1222,0.66443
-3.0307,17.568,20.076,-5.4601,-8.497,21.031,-2.1124,2.1187,-2.1308,-0.4973,-3.7727,0.74966
-1.4963,18.108,20.147,-6.2394,-7.7495,21.351,-2.5246,1.6013,-2.4816,-0.54958,-3.3886,0.80983
-0.14441,18.457,19.972,-6.878,-7.0099,21.447,-2.9148,1.1308,-2.8598,-0.5955,-2.9627,0.86114
0.86579,18.65,19.609,-7.3164,-6.4028,21.349,-3.2961,0.7105,-3.2617,-0.63622,-2.5052,0.91649
1.3911,18.68,19.145,-7.4894,-6.0479,21.08,-3.6742,0.34042,-3.6771,-0.67269,-2.0342,0.98498
1.3486,18.511,18.648,-7.3517,-6.0111,20.641,-4.0472,0.019888,-4.0909,-0.70238,-1.5673,1.0722
0.74593,18.104,18.15,-6.8945,-6.2747,20.032,-4.408,-0.25155,-4.4847,-0.71779,-1.1138,1.1818
-0.3122,17.449,17.643,-6.1552,-6.7411,19.257,-4.7479,-0.47383,-4.8369,-0.70698,-0.67153,1.3181
-1.641,16.58,17.096,-5.2181,-7.2641,18.339,-5.0584,-0.64719,-5.1252,-0.65661,-0.22865,1.4887
-3.0111,15.573,16.474,-4.2036,-7.6937,17.311,-5.3327,-0.77431,-5.3299,-0.5565,0.23282,1.7043
-4.1925,14.508,15.754,-3.2421,-7.9128,16.218,-5.5668,-0.86328,-5.4402,-0.4041,0.73058,1.9762
-4.9979,13.452,14.941,-2.4441,-7.857,15.101,-5.7604,-0.92928,-5.4585,-0.20639,1.2756,2.3116
-5.3187,12.44,14.063,-1.8781,-7.5186,13.998,-5.9181,-0.99265,-5.4004,0.021977,1.8665,2.7082
-5.1424,11.487,13.165,-1.566,-6.9377,12.941,-6.0488,-1.0739,-5.2906,0.26284,2.4859,3.1484
-4.5415,10.595,12.288,-1.4929,-6.1864,11.949,-6.1646,-1.1877,-5.1545,0.49888,3.1005,3.5984
-3.6366,9.7741,11.457,-1.6205,-5.3498,11.032,-6.2775,-1.3393,-5.0111,0.71644,3.6643,4.0114
-2.5609,9.0364,10.677,-1.8968,-4.5082,10.189,-6.3962,-1.5243,-4.8689,0.90614,4.1279,4.3411
-1.4378,8.3964,9.9355,-2.2619,-3.7217,9.4141,-6.5251,-1.7314,-4.7274,1.0612,4.4527,4.5604
-0.37078,7.8601,9.2178,-2.6532,-3.019,8.6987,-6.6653,-1.9476,-4.583,1.1743,4.6239,4.6733
0.5592,7.4212,8.5145,-3.0111,-2.4012,8.0414,-6.8172,-2.1622,-4.4348,1.2357,4.6536,4.7089
1.2897,7.0621,7.8302,-3.285,-1.8616,7.4484,-6.9825,-2.3687,-4.2873,1.2354,4.5695,4.7005
1.7752,6.7611,7.1849,-3.4376,-1.4022,6.9331,-7.162,-2.5641,-4.1483,1.1689,4.4003,4.6663
1.9937,6.5,6.6112,-3.4486,-1.036,6.5126,-7.3525,-2.7453,-4.0243,1.0424,4.1686,4.6036
1.9557,6.2696,6.1472,-3.3191,-0.7811,6.2027,-7.5448,-2.9083,-3.9163,0.87462,3.8935,4.4945
1.7064,6.0715,5.8244,-3.073,-0.64971,6.0124,-7.7252,-3.0479,-3.8195,0.69323,3.5971,4.3181
1.3211,5.9123,5.6546,-2.7537,-0.6346,5.9388,-7.8804,-3.1597,-3.7262,0.52855,3.3057,4.0633
0.89355,5.7934,5.6245,-2.4153,-0.70631,5.9616,-8.0025,-3.2426,-3.6302,0.4055,3.0474,3.7365
0.51762,5.7023,5.7004,-2.1111,-0.82641,6.0433,-8.0893,-3.2995,-3.5305,0.33708,2.8456,3.3622
0.26363,5.613,5.8422,-1.8827,-0.96773,6.1351,-8.1403,-3.3368,-3.4321,0.32235,2.714,2.9741
0.15892,5.4958,6.0201,-1.7533,-1.1279,6.1912,-8.1513,-3.364,-3.3444,0.34963,2.6534,2.6037
0.18054,5.3324,6.2259,-1.7247,-1.3292,6.1851,-8.1133,-3.3921,-3.2768,0.40276,2.6505,2.2705
0.26372,5.1226,6.471,-1.7758,-1.6069,6.1177,-8.0148,-3.4318,-3.2337,0.46792,2.6808,1.9802
0.32128,4.8777,6.7719,-1.8611,-1.9905,6.0121,-7.8474,-3.4888,-3.2112,0.53907,2.7155,1.7285
0.26493,4.6071,7.1312,-1.914,-2.488,5.8968,-7.6101,-3.5603,-3.1957,0.6209,2.7338,1.5103
0.023139,4.3095,7.5252,-1.8602,-3.0783,5.7894,-7.3115,-3.6334,-3.1681,0.72787,2.7326,1.3265
-0.44509,3.9746,7.9068,-1.6368,-3.7149,5.6903,-6.9694,-3.6882,-3.1094,0.87888,2.7307,1.1864
-1.1438,3.5929,8.2184,-1.2096,-4.3377,5.5858,-6.608,-3.7049,-3.0086,1.0899,2.7611,1.1039
-2.0468,3.1646,8.4099,-0.57718,-4.8894,5.4579,-6.2544,-3.6711,-2.8677,1.3679,2.8551,1.0888
-3.1122,2.7026,8.4527,0.23372,-5.3339,5.2931,-5.9352,-3.5868,-2.7027,1.7084,3.0241,1.1381
-4.2859,2.2315,8.35,1.1716,-5.665,5.0887,-5.6713,-3.4636,-2.5391,2.0981,3.2503,1.2332
-5.4862,1.7853,8.1351,2.1542,-5.8968,4.8557,-5.4726,-3.3191,-2.4027,2.5198,3.4919,1.3459
-6.5841,1.4035,7.8598,3.0653,-6.0399,4.615,-5.3354,-3.1703,-2.3096,2.9555,3.6987,1.4503
-7.4073,1.1226,7.5753,3.767,-6.0862,4.389,-5.2446,-3.0299,-2.2623,3.3874,3.8287,1.5334
-7.7783,0.96475,7.3153,4.1311,-6.0102,4.1929,-5.1828,-2.9052,-2.2537,3.7972,3.8562,1.5967
-7.5691,0.93246,7.0893,4.0746,-5.7801,4.0297,-5.1407,-2.7992,-2.2752,4.1663,3.7708,1.6491
-6.7248,1.0126,6.8846,3.575,-5.3672,3.8916,-5.1239,-2.7121,-2.3222,4.4785,3.5721,1.6965
-5.274,1.182,6.6768,2.6684,-4.7561,3.7651,-5.1489,-2.6424,-2.3952,4.7228,3.2642,1.7351
-3.3561,1.4041,6.4397,1.4607,-3.9629,3.6345,-5.233,-2.5876,-2.498,4.8935,2.8545,1.7509
-1.2205,1.6245,6.1552,0.13498,-3.0512,3.4835,-5.3823,-2.5463,-2.6354,4.9903,2.3536,1.7262
0.82028,1.7782,5.8211,-1.0855,-2.1314,3.296,-5.5865,-2.5193,-2.8106,5.0171,1.7759,1.6491
2.4481,1.8071,5.4521,-1.9963,-1.3384,3.0611,-5.8213,-2.5094,-3.0227,4.9802,1.1379,1.5206
3.3932,1.6777,5.075,-2.4509,-0.79843,2.7785,-6.0564,-2.5183,-3.2634,4.8876,0.45765,1.3556
3.4857,1.3866,4.7165,-2.3752,-0.59779,2.4599,-6.2644,-2.5437,-3.5166,4.7487,-0.24386,1.1779
2.6891,0.95238,4.3924,-1.7687,-0.76124,2.1244,-6.427,-2.5781,-3.7614,4.5744,-0.94284,1.0122
1.1126,0.40662,4.1028,-0.70467,-1.2402,1.7888,-6.5379,-2.6109,-3.9803,4.3756,-1.6161,0.87533
-0.9899,-0.20933,3.8357,0.67019,-1.915,1.4611,-6.603,-2.6341,-4.1661,4.159,-2.2479,0.77283
-3.2394,-0.842,3.5742,2.1469,-2.6195,1.1416,-6.6382,-2.6465,-4.3245,3.9263,-2.8353,0.70002
-5.1989,-1.4301,3.3046,3.4872,-3.1841,0.83071,-6.6643,-2.6539,-4.4701,3.6771,-3.3863,0.64861
-6.4852,-1.9179,3.0229,4.4765,-3.48,0.53403,-6.699,-2.6655,-4.6171,3.4148,-3.9136,0.61443
-6.8798,-2.2674,2.7384,4.9703,-3.4484,0.26347,-6.7489,-2.6882,-4.7723,3.1511,-4.4251,0.60222
-6.3757,-2.4607,2.4716,4.9164,-3.1048,0.033658,-6.8052,-2.7242,-4.9313,2.9033,-4.9202,0.62442
-5.1357,-2.4987,2.2459,4.3559,-2.5211,-0.14143,-6.8465,-2.7696,-5.0809,2.6885,-5.39,0.6944
-3.421,-2.3993,2.0778,3.414,-1.8013,-0.25066,-6.8468,-2.8173,-5.2037,2.5188,-5.821,0.81818
-1.5405,-2.1901,1.9715,2.2754,-1.0637,-0.28745,-6.7867,-2.8598,-5.2844,2.4004,-6.1984,0.9899
0.20114,-1.8961,1.9173,1.1396,-0.42526,-0.25144,-6.6617,-2.8914,-5.3123,2.3367,-6.5077,1.1941
1.5501,-1.5377,1.8958,0.17359,0.018366,-0.15104,-6.484,-2.9103,-5.2822,2.3292,-6.7362,1.4131
2.3306,-1.1457,1.8823,-0.50752,0.21364,-0.0070689,-6.2769,-2.9181,-5.1936,2.3778,-6.8751,1.6331
2.4693,-0.77514,1.8518,-0.84144,0.16235,0.14663,-6.0641,-2.9178,-5.0502,2.4791,-6.9221,1.8476
2.0147,-0.49414,1.7853,-0.82314,-0.07715,0.2713,-5.8597,-2.9104,-4.86,2.6268,-6.8838,2.055
1.1353,-0.35189,1.6746,-0.5096,-0.4049,0.33838,-5.6644,-2.8915,-4.6347,2.8132,-6.7751,2.255
0.092003,-0.35252,1.5262,-0.014239,-0.70668,0.3421,-5.4677,-2.8497,-4.3885,3.0309,-6.6169,2.4458
-0.81683,-0.45182,1.3578,0.51245,-0.88253,0.30079,-5.2547,-2.7691,-4.1356,3.2736,-6.4299,2.6222
-1.3342,-0.57739,1.1902,0.91911,-0.86944,0.24644,-5.013,-2.6353,-3.8874,3.5355,-6.2283,2.7768
-1.3267,-0.66147,1.0404,1.0989,-0.65483,0.20956,-4.7375,-2.4438,-3.6517,3.8085,-6.0165,2.9006
-0.82157,-0.66996,0.9209,1.0221,-0.2771,0.20739,-4.4327,-2.2067,-3.434,4.0794,-5.7909,2.9838
0.025168,-0.61298,0.84428,0.73868,0.18487,0.24017,-4.1124,-1.9527,-3.2409,4.3306,-5.5463,3.0161
0.99617,-0.53392,0.82715,0.35407,0.62812,0.29546,-3.7962,-1.7201,-3.0812,4.5439,-5.2834,2.9872
1.8685,-0.48487,0.88889,-0.0074496,0.94576,0.35796,-3.5036,-1.5452,-2.9639,4.7068,-5.0128,2.8903
2.454,-0.5011,1.0466,-0.2397,1.0498,0.4199,-3.2464,-1.451,-2.8935,4.815,-4.7548,2.7247
2.631,-0.58485,1.3085,-0.28196,0.89189,0.48677,-3.0239,-1.4426,-2.869,4.8706,-4.5354,2.4966
2.3647,-0.70426,1.6691,-0.12957,0.47457,0.57506,-2.8246,-1.5077,-2.8861,4.8771,-4.38,2.2182
1.7057,-0.80757,2.1076,0.17444,-0.15255,0.70282,-2.6313,-1.6227,-2.942,4.837,-4.3063,1.9063
0.7607,-0.84677,2.5917,0.56273,-0.91239,0.87828,-2.4306,-1.7602,-3.0378,4.7528,-4.322,1.5806
-0.34911,-0.79915,3.0845,0.97098,-1.7283,1.0923,-2.2197,-1.8972,-3.1774,4.6283,-4.425,1.2615
-1.5155,-0.67665,3.5515,1.3551,-2.544,1.3186,-2.0082,-2.0208,-3.3639,4.4683,-4.6072,0.9651
-2.6468,-0.5196,3.9651,1.6924,-3.3223,1.5204,-1.8158,-2.1313,-3.5971,4.2763,-4.8587,0.69729
-3.6615,-0.3796,4.3029,1.9742,-4.0242,1.6613,-1.6653,-2.2398,-3.8723,4.0533,-5.1712,0.4508
-4.4778,-0.29869,4.5439,2.1947,-4.5909,1.7167,-1.5748,-2.3633,-4.1831,3.8,-5.5402,0.20769
-5.0012,-0.29213,4.666,2.3389,-4.9448,1.681,-1.5523,-2.5165,-4.5223,3.5208,-5.9647,-0.051821
-5.137,-0.34232,4.6467,2.3767,-5.0094,1.5681,-1.594,-2.707,-4.8815,3.2269,-6.4429,-0.3387
-4.8202,-0.40711,4.4704,2.2689,-4.7342,1.4061,-1.6876,-2.9335,-5.2503,2.9356,-6.9666,-0.64777
-4.0291,-0.43889,4.1393,1.9818,-4.1117,1.2282,-1.8176,-3.1896,-5.6178,2.6653,-7.5178,-0.95778
-2.7958,-0.4056,3.6831,1.508,-3.1839,1.0637,-1.9703,-3.468,-5.9747,2.4297,-8.0706,-1.2394
-1.2296,-0.30486,3.1572,0.88335,-2.0426,0.92986,-2.1362,-3.7627,-6.3145,2.2326,-8.5986,-1.4674
0.47838,-0.16544,2.6279,0.19021,-0.82299,0.82952,-2.3091,-4.0691,-6.6327,2.0667,-9.0819,-1.6324
2.0856,-0.036166,2.1558,-0.45887,0.31389,0.75407,-2.4849,-4.3819,-6.9256,1.9167,-9.5119,-1.7444
3.3478,0.032387,1.786,-0.9486,1.2091,0.69122,-2.6614,-4.694,-7.1897,1.7655,-9.8898,-1.8279
4.0695,0.0041834,1.549,-1.1895,1.7356,0.63233,-2.8382,-4.9959,-7.4229,1.6004,-10.222,-1.9102
4.1447,-0.13497,1.4634,-1.1386,1.8232,0.5748,-3.0168,-5.2765,-7.6271,1.4155,-10.513,-2.0098
3.5795,-0.3798,1.5344,-0.80728,1.4718,0.51932,-3.198,-5.524,-7.8092,1.2103,-10.764,-2.1292
2.4907,-0.71253,1.7521,-0.255,0.74836,0.46612,-3.3769,-5.7269,-7.978,0.98805,-10.97,-2.2552
1.0758,-1.1091,2.0891,0.42864,-0.23092,0.41361,-3.5397,-5.8771,-8.1393,0.75449,-11.123,-2.3641
-0.44321,-1.5447,2.503,1.1484,-1.3308,0.358,-3.6646,-5.9723,-8.2925,0.51717,-11.214,-2.4325
-1.887,-1.9985,2.9412,1.8281,-2.4268,0.2922,-3.7287,-6.0192,-8.4313,0.28373,-11.24,-2.4492
-3.1657,-2.4565,3.3489,2.4266,-3.4247,0.20497,-3.7172,-6.0329,-8.5487,0.05913,-11.203,-2.4226
-4.2755,-2.9105,3.6771,2.9388,-4.2684,0.082938,-3.6296,-6.0332,-8.6416,-0.15707,-11.113,-2.3787
-5.2566,-3.3558,3.8897,3.3879,-4.9363,-0.08459,-3.4798,-6.039,-8.7135,-0.37098,-10.988,-2.352
-6.1463,-3.7897,3.9651,3.8155,-5.4222,-0.301,-3.2887,-6.0613,-8.7724,-0.59091,-10.854,-2.3709
-6.9494,-4.2096,3.8934,4.2621,-5.7127,-0.5604,-3.0761,-6.0987,-8.8258,-0.82215,-10.736,-2.4461
-7.6206,-4.6065,3.6725,4.7366,-5.7807,-0.84894,-2.8557,-6.1363,-8.8772,-1.0641,-10.651,-2.5654
-8.0674,-4.9591,3.3078,5.193,-5.6023,-1.1483,-2.6348,-6.1516,-8.9262,-1.3125,-10.607,-2.6989
-8.1747,-5.2338,2.8156,5.5347,-5.1715,-1.4393,-2.4172,-6.1244,-8.9733,-1.5641,-10.6,-2.8133
-7.8348,-5.3932,2.2279,5.6497,-4.499,-1.7046,-2.2063,-6.046,-9.0238,-1.8202,-10.622,-2.8882
-6.9743,-5.4066,1.5903,5.4537,-3.6046,-1.9284,-2.006,-5.9247,-9.0877,-2.0855,-10.665,-2.9278
-5.5924,-5.2605,0.95756,4.9168,-2.5269,-2.0961,-1.8222,-5.7829,-9.1765,-2.3645,-10.724,-2.9605
-3.7954,-4.9664,0.38508,4.0751,-1.342,-2.1953,-1.6645,-5.6485,-9.2988,-2.6569,-10.794,-3.0257
-1.792,-4.5601,-0.078033,3.0289,-0.16745,-2.2186,-1.5454,-5.5426,-9.4562,-2.9535,-10.876,-3.1546
0.14983,-4.0921,-0.39616,1.9235,0.85831,-2.1649,-1.4755,-5.4714,-9.641,-3.2343,-10.968,-3.3552
1.7614,-3.6108,-0.55201,0.9147,1.6089,-2.0372,-1.4572,-5.4241,-9.8347,-3.4706,-11.067,-3.6074
2.8255,-3.1484,-0.54854,0.13311,2.0004,-1.8406,-1.4802,-5.3797,-10.011,-3.6324,-11.168,-3.8701
3.2157,-2.7176,-0.40723,-0.34151,2.009,-1.581,-1.5249,-5.3188,-10.143,-3.7011,-11.266,-4.0966
2.9161,-2.3196,-0.16276,-0.48907,1.6728,-1.2691,-1.5708,-5.2355,-10.216,-3.6791,-11.356,-4.2523
2.0178,-1.9576,0.14413,-0.34419,1.0771,-0.92461,-1.6062,-5.1419,-10.232,-3.5929,-11.434,-4.3265
0.70439,-1.643,0.47445,0.016343,0.33282,-0.57794,-1.6331,-5.064,-10.212,-3.4842,-11.499,-4.3333
-0.767,-1.3924,0.79808,0.4877,-0.44693,-0.2638,-1.6644,-5.0305,-10.185,-3.3944,-11.549,-4.303
-2.1049,-1.2186,1.0976,0.95396,-1.165,-0.011593,-1.7135,-5.0602,-10.174,-3.3505,-11.581,-4.2678
-3.0562,-1.1251,1.3647,1.3101,-1.7505,0.16177,-1.7838,-5.1539,-10.187,-3.3582,-11.59,-4.2498
-3.4798,-1.1053,1.5907,1.483,-2.1573,0.25245,-1.8643,-5.2934,-10.215,-3.4039,-11.571,-4.2562
-3.363,-1.149,1.7566,1.4441,-2.3534,0.26444,-1.9361,-5.4488,-10.242,-3.4629,-11.515,-4.2802
-2.7836,-1.2492,1.8347,1.2139,-2.3186,0.20291,-1.9817,-5.5899,-10.251,-3.5095,-11.423,-4.3086
-1.8791,-1.4072,1.7999,0.85943,-2.059,0.070615,-1.991,-5.6978,-10.234,-3.5277,-11.303,-4.3305
-0.83522,-1.6322,1.6447,0.4803,-1.6253,-0.13071,-1.9624,-5.7684,-10.198,-3.5157,-11.173,-4.3458
0.14068,-1.9356,1.3872,0.18525,-1.1121,-0.39573,-1.9001,-5.8114,-10.158,-3.4837,-11.057,-4.3669
0.85754,-2.3241,1.0682,0.066468,-0.63532,-0.71091,-1.812,-5.843,-10.132,-3.4464,-10.974,-4.4114
1.1734,-2.7934,0.74151,0.18168,-0.30225,-1.0529,-1.7083,-5.8758,-10.133,-3.4163,-10.933,-4.4914
1.0189,-3.3254,0.46215,0.54565,-0.18654,-1.391,-1.5997,-5.9113,-10.163,-3.3997,-10.932,-4.6048
0.40922,-3.8891,0.27528,1.1299,-0.31342,-1.6916,-1.4948,-5.939,-10.215,-3.398,-10.96,-4.7374
-0.56202,-4.444,0.20908,1.8698,-0.65806,-1.9246,-1.3972,-5.9418,-10.277,-3.4104,-11.001,-4.872
-1.7453,-4.9477,0.2731,2.6787,-1.1576,-2.0677,-1.3058,-5.9041,-10.337,-3.4369,-11.039,-4.9978
-2.9701,-5.364,0.46131,3.4648,-1.733,-2.1094,-1.2188,-5.8202,-10.386,-3.4794,-11.057,-5.1139
-4.0851,-5.671,0.75737,4.1486,-2.3134,-2.0503,-1.1391,-5.6954,-10.421,-3.5399,-11.047,-5.2248
-4.9903,-5.8645,1.1393,4.675,-2.8522,-1.9031,-1.075,-5.5429,-10.44,-3.6157,-11.005,-5.3309
-5.6523,-5.9558,1.5831,5.0194,-3.3318,-1.6888,-1.0367,-5.3758,-10.44,-3.6965,-10.937,-5.4236
-6.0945,-5.9602,2.0671,5.1855,-3.7577,-1.4291,-1.0306,-5.1998,-10.41,-3.7634,-10.849,-5.4857
-6.3692,-5.8848,2.575,5.1962,-4.1478,-1.1379,-1.0563,-5.0097,-10.332,-3.7931,-10.75,-5.4989
-6.5304,-5.7202,3.0967,5.0823,-4.5222,-0.81775,-1.1065,-4.7898,-10.185,-3.7659,-10.636,-5.453
-6.6166,-5.4451,3.6244,4.8724,-4.8954,-0.46329,-1.1684,-4.5207,-9.9528,-3.6729,-10.495,-5.349
-6.6461,-5.0427,4.1452,4.5904,-5.2685,-0.071153,-1.2263,-4.1869,-9.6301,-3.5179,-10.306,-5.1971
-6.6187,-4.5197,4.6346,4.2576,-5.6233,0.34917,-1.2644,-3.7838,-9.2271,-3.3133,-10.045,-5.0086
-6.5172,-3.9131,5.0568,3.8949,-5.9203,0.77203,-1.2713,-3.3208,-8.7629,-3.0727,-9.6919,-4.7899
-6.3096,-3.2786,5.3727,3.5204,-6.1044,1.1624,-1.2452,-2.8204,-8.2589,-2.806,-9.2378,-4.5394
-5.9571,-2.6663,5.5519,3.144,-6.119,1.4896,-1.1964,-2.3135,-7.7314,-2.519,-8.6802,-4.2503
-5.4248,-2.1024,5.5831,2.7649,-5.9244,1.7395,-1.1459,-1.8333,-7.1893,-2.2163,-8.019,-3.9171
-4.6973,-1.5819,5.4798,2.3731,-5.5126,1.9217,-1.1166,-1.404,-6.6327,-1.9011,-7.2537,-3.5422
-3.789,-1.0755,5.2794,1.955,-4.913,2.0673,-1.1208,-1.0296,-6.0511,-1.572,-6.3837,-3.1389
-2.7474,-0.54071,5.0373,1.4987,-4.1891,2.2219,-1.1496,-0.68859,-5.4226,-1.2191,-5.4095,-2.7281
-1.6437,0.06751,4.8173,0.99692,-3.4256,2.4366,-1.173,-0.3369,-4.7127,-0.82076,-4.3333,-2.3279
-0.55691,0.79106,4.6808,0.44363,-2.7106,2.7598,-1.1495,0.082199,-3.8745,-0.34453,-3.1557,-1.9422
0.4471,1.6688,4.676,-0.17407,-2.1177,3.2335,-1.0402,0.62816,-2.8435,0.24906,-1.8703,-1.5544
1.3356,2.7428,4.8322,-0.88884,-1.6924,3.8946,-0.81893,1.3585,-1.5292,1.0049,-0.45856,-1.1292
2.1236,4.0677,5.1599,-1.7677,-1.4457,4.7779,-0.47233,2.33,0.18782,1.9766,1.1163,-0.62237
2.8813,5.7178,5.6523,-2.9246,-1.3559,5.9168,0.0066737,3.6001,2.4234,3.2327,2.9121,0.0091582
3.7349,7.7859,6.2937,-4.5228,-1.3785,7.3368,0.62657,5.2138,5.1899,4.8503,5.0036,0.80142
4.8663,10.363,7.0586,-6.7524,-1.4607,9.0398,1.3979,7.1736,8.2973,6.8763,7.4613,1.7853
6.5082,13.497,7.911,-9.7602,-1.5563,10.985,2.3248,9.4061,11.45,9.2643,10.309,2.9906
8.9053,17.14,8.803,-13.54,-1.6337,13.081,3.3928,11.77,14.521,11.856,13.484,4.4429
12.186,21.138,9.6771,-17.875,-1.6718,15.199,4.5642,14.119,17.618,14.459,16.852,6.1524
16.178,25.268,10.478,-22.43,-1.644,17.201,5.7796,16.366,20.885,16.964,20.29,8.1096
20.423,29.301,11.166,-26.908,-1.4974,18.976,6.9706,18.512,24.336,19.383,23.75,10.299
24.509,33.052,11.712,-31.125,-1.1426,20.456,8.0664,20.617,27.865,21.827,27.258,12.719
28.31,36.396,12.093,-34.987,-0.46458,21.611,8.9969,22.761,31.345,24.432,30.851,15.388
31.903,39.252,12.28,-38.46,0.64028,22.438,9.6989,25.008,34.704,27.28,34.521,18.332
35.404,41.56,12.223,-41.546,2.2139,22.937,10.132,27.386,37.924,30.35,38.18,21.567
38.9,43.265,11.855,-44.256,4.2224,23.084,10.3,29.879,40.999,33.53,41.715,25.055
42.429,44.307,11.065,-46.595,6.6448,22.819,10.245,32.437,43.854,36.67,45.051,28.68
45.97,44.629,9.6929,-48.546,9.593,22.035,10.007,34.984,46.292,39.645,48.194,32.277
49.449,44.206,7.5616,-50.066,13.251,20.621,9.5759,37.427,48.062,42.402,51.21,35.709
52.755,43.074,4.6222,-51.119,17.679,18.561,8.9004,39.639,49.059,44.939,54.182,38.917
55.778,41.345,1.0711,-51.714,22.723,16.015,7.931,41.435,49.467,47.225,57.142,41.885
58.453,39.158,-2.7075,-51.912,28.034,13.267,6.651,42.609,49.601,49.129,60.015,44.553
60.777,36.623,-6.3307,-51.802,33.135,10.58,5.0842,43.004,49.701,50.441,62.636,46.798
62.774,33.799,-9.5542,-51.461,37.526,8.1136,3.3011,42.601,49.95,50.995,64.844,48.491
64.419,30.719,-12.296,-50.917,40.808,5.9372,1.4258,41.531,50.544,50.795,66.59,49.604
65.576,27.419,-14.605,-50.108,42.778,4.0725,-0.38147,39.993,51.551,50.053,68.009,50.335
66.021,23.981,-16.595,-48.857,43.47,2.5124,-1.9698,38.134,52.727,49.063,69.401,51.176
65.559,20.557,-18.338,-46.958,43.08,1.223,-3.246,35.996,53.629,47.999,71.088,52.659
64.171,17.333,-19.778,-44.372,41.843,0.14108,-4.1934,33.566,53.843,46.797,73.118,54.737
61.977,14.444,-20.798,-41.293,39.955,-0.82092,-4.8525,30.836,53.085,45.227,75.095,56.599
59.091,11.899,-21.355,-37.899,37.625,-1.752,-5.2853,27.799,51.133,43.016,76.343,57.263
55.564,9.6098,-21.508,-34.148,35.063,-2.7179,-5.5505,24.437,47.792,39.939,76.213,56.099
51.376,7.4417,-21.379,-29.866,32.385,-3.7515,-5.6916,20.736,42.997,35.928,74.297,52.899
46.454,5.2753,-21.102,-24.96,29.607,-4.8672,-5.7337,16.733,36.954,31.118,70.479,47.801
40.771,3.034,-20.797,-19.563,26.715,-6.0769,-5.6854,12.555,30.178,25.776,65.056,41.286
34.492,0.6874,-20.546,-14.026,23.754,-7.393,-5.5464,8.4309,23.329,20.183,59.012,34.169
27.992,-1.759,-20.393,-8.7799,20.84,-8.8244,-5.3177,4.6628,16.857,14.596,53.531,27.32
21.738,-4.2774,-20.356,-4.1673,18.144,-10.377,-5.0088,1.5195,10.927,9.3096,49.049,21.195
16.096,-6.8278,-20.445,-0.38401,15.831,-12.056,-4.6381,-0.90345,5.712,4.7145,45.398,15.781
11.211,-9.365,-20.676,2.4953,14,-13.86,-4.2261,-2.7145,1.4768,1.1856,42.435,10.975
7.0345,-11.849,-21.06,4.4978,12.664,-15.766,-3.7902,-4.1175,-1.6017,-1.223,40.315,6.8992
3.6091,-14.256,-21.592,5.7637,11.786,-17.72,-3.3433,-5.2946,-3.6897,-2.8771,39.344,3.8602
1.2344,-16.581,-22.241,6.5252,11.312,-19.635,-2.8935,-6.3571,-5.2026,-4.2641,39.368,1.9079
0.063361,-18.798,-22.956,7.0221,11.177,-21.415,-2.4454,-7.3477,-6.4123,-5.7154,39.631,0.62483
-0.18294,-20.84,-23.69,7.424,11.304,-22.98,-2.003,-8.2668,-7.4109,-7.3633,39.615,-0.39146
0.067322,-22.625,-24.41,7.8187,11.609,-24.295,-1.5736,-9.1071,-8.2315,-9.1916,39.34,-1.2994
0.48757,-24.113,-25.096,8.2368,12.014,-25.376,-1.1684,-9.8774,-8.8994,-11.101,39.012,-2.1316
0.88369,-25.322,-25.734,8.6778,12.449,-26.264,-0.79932,-10.605,-9.4458,-12.975,38.79,-2.8817
1.1565,-26.308,-26.304,9.1308,12.849,-27.004,-0.47222,-11.318,-9.9047,-14.725,38.747,-3.5387
1.2692,-27.135,-26.777,9.5946,13.147,-27.632,-0.18442,-12.032,-10.304,-16.304,38.874,-4.1048
1.224,-27.865,-27.119,10.091,13.276,-28.17,0.071973,-12.74,-10.654,-17.701,39.093,-4.6067
1.043,-28.541,-27.307,10.662,13.186,-28.631,0.30231,-13.419,-10.954,-18.939,39.268,-5.0951
0.74603,-29.187,-27.335,11.356,12.858,-29.028,0.50395,-14.043,-11.195,-20.075,39.215,-5.6311
0.33218,-29.811,-27.223,12.202,12.314,-29.372,0.66828,-14.606,-11.369,-21.177,38.738,-6.2649
-0.22586,-30.412,-27.01,13.19,11.603,-29.674,0.78915,-15.125,-11.478,-22.313,37.676,-7.0187
-0.9677,-30.991,-26.743,14.285,10.782,-29.942,0.87219,-15.635,-11.534,-23.529,35.949,-7.8787
-1.924,-31.551,-26.454,15.452,9.8831,-30.175,0.9391,-16.18,-11.552,-24.835,33.594,-8.7997
-3.1015,-32.098,-26.148,16.675,8.9058,-30.356,1.0247,-16.785,-11.552,-26.208,30.751,-9.7196
-4.4761,-32.635,-25.802,17.957,7.8266,-30.461,1.1692,-17.45,-11.545,-27.583,27.597,-10.58
-5.9901,-33.151,-25.371,19.29,6.6345,-30.466,1.4114,-18.142,-11.532,-28.867,24.266,-11.34
-7.5547,-33.619,-24.811,20.627,5.3665,-30.358,1.7839,-18.806,-11.497,-29.962,20.863,-11.977
-9.0608,-33.993,-24.097,21.866,4.1139,-30.131,2.311,-19.376,-11.41,-30.789,17.519,-12.479
-10.397,-34.222,-23.241,22.869,2.9857,-29.79,3.0025,-19.79,-11.236,-31.307,14.403,-12.832
-11.468,-34.256,-22.302,23.501,2.0592,-29.341,3.8425,-20.006,-10.949,-31.523,11.652,-13.024
-12.218,-34.063,-21.372,23.678,1.3593,-28.797,4.7838,-20.018,-10.551,-31.494,9.3026,-13.052
-12.641,-33.633,-20.538,23.395,0.87085,-28.172,5.7628,-19.859,-10.076,-31.319,7.2961,-12.928
-12.775,-32.981,-19.831,22.735,0.55862,-27.478,6.737,-19.588,-9.5739,-31.118,5.5291,-12.681
-12.66,-32.134,-19.206,21.814,0.37651,-26.71,7.7171,-19.262,-9.0899,-30.995,3.8838,-12.356
-12.321,-31.121,-18.542,20.69,0.26832,-25.834,8.7656,-18.912,-8.6466,-31.005,2.243,-12.007
-11.776,-29.952,-17.673,19.376,0.17688,-24.786,9.9568,-18.542,-8.24,-31.14,0.50301,-11.696
-11.037,-28.619,-16.416,17.947,0.07767,-23.471,11.316,-18.154,-7.8516,-31.351,-1.4069,-11.479
-10.099,-27.089,-14.609,16.532,0.020085,-21.77,12.772,-17.79,-7.4699,-31.576,-3.4998,-11.397
-8.9707,-25.287,-12.175,15.156,0.11212,-19.528,14.157,-17.583,-7.1123,-31.778,-5.7137,-11.457
-7.7038,-23.055,-9.2128,13.719,0.41307,-16.583,15.281,-17.789,-6.8399,-31.96,-7.9258,-11.614
-6.404,-20.144,-6.1186,12.105,0.83829,-12.925,15.957,-18.805,-6.7556,-32.174,-10.044,-11.764
-5.2427,-16.382,-3.7151,10.281,1.2766,-9.1474,15.943,-21.094,-6.9802,-32.531,-12.141,-11.755
-4.4718,-12.32,-4.0432,8.3945,1.9894,-7.3577,14.975,-24.348,-7.5543,-33.215,-14.328,-11.417
-4.3507,-10.586,-7.8274,6.8944,2.6444,-11.808,14.068,-25.172,-6.3145,-34.493,-16.406,-10.613
-5.0413,-16.8,-8.7022,6.5675,1.4558,-16.258,14.296,-25.391,-0.13919,-36.658,-18.004,-9.3308
-6.647,-24.559,-6.5146,8.9672,-2.3695,-16.168,15.212,-25.642,0.43696,-39.809,-19.138,-8.4489
-9.1911,-25.87,-1.3715,14.887,-8.876,-13.287,16.977,-25.755,0.50607,-43.788,-20.63,-16.813
-12.492,-22.68,7.8649,19.577,-17.959,-7.1086,19.342,-26.862,-0.078742,-46.597,-27.767,-26.428
-16.545,-15.548,22.181,20.895,-29.207,2.8931,21.094,-31.272,-1.8939,-46.49,-46.771,-28.354
-23.618,-4.6461,41.485,18.342,-42.035,16.592,19.927,-42.668,-6.525,-44.96,-54.849,-27.636
-37.134,11.012,64.959,11.179,-55.541,34.682,12.754,-65.95,-17.024,-43.645,-57.144,-23.447
-39.328,34.125,91.557,-0.12054,-68.021,59.321,-5.2899,-105.74,-38.013,-45.028,-54.034,-15.018
-32.624,66.568,118.13,-15.276,-77.507,90.152,-42.313,-163.97,-74.222,-50.74,-44.178,-1.6287
-21.923,103.16,139.66,-35.576,-82.455,120.42,-92.702,-242.83,-127.59,-63.837,-27.108,17.61
-9.8471,133.2,154.12,-59.153,-82.125,143.92,-152.66,-344.63,-201.7,-87.496,-4.3332,44.262
1.9249,155.09,160.63,-78.182,-76.428,160.01,-223.15,-469.31,-301.11,-124.5,21.549,80.308
14.388,171.61,160.66,-92.759,-66.526,169.7,-299.83,-614.38,-426.5,-176.75,52.064,125.49
30.03,185.34,159.63,-106.96,-55.19,174.51,-378.83,-773.96,-573.79,-243.24,92.664,179.23
51.166,202.02,155.89,-124.31,-44.469,179.52,-456.58,-938.62,-732.55,-318.6,145.99,243.78
78.14,228.02,153.28,-149.48,-32.665,190.38,-529.48,-1096.7,-886.41,-389.57,217.65,321.95
111.35,267.06,156.64,-185.76,-17.403,210.29,-594.91,-1236.7,-1016.8,-436.24,313.28,416.99
151.06,317.93,167.38,-232.33,-0.84971,239.43,-650.72,-1348.8,-1107.2,-442.51,433.66,528.38
193.71,372.67,180.9,-282.6,14.25,273.1,-693.47,-1425.1,-1145.3,-399.42,571.24,648.57
231.83,417.38,187.83,-325.33,28.477,300.28,-717.6,-1460.1,-1125.4,-305.41,709.02,762.52
255.74,436.43,181.07,-347.8,42.698,308.77,-717.22,-1452.8,-1051.1,-169.79,822.77,850.23
257.61,418.51,158.62,-340.18,55.795,291.11,-689.82,-1409.8,-937.64,-14.411,887.08,892.04
234.12,362.81,122.8,-299.95,63.563,247.79,-639.08,-1345.5,-811.92,128.4,882.84,875.15
186.72,281.48,83.774,-234.68,59.81,189,-574.41,-1279.3,-706.8,221.76,802.89,797.74
121.28,194.36,57.721,-158.82,38.784,132.06,-506.73,-1228.8,-651.67,232.92,652.97,668.6
46.179,119.88,57.817,-85.713,-1.1553,93.086,-443.57,-1202.7,-662.97,142.94,448.97,503.34
-30.395,68.045,85.688,-23.125,-55.2,79.159,-387.07,-1198.7,-738.58,-45.349,213.14,320.19
-101.28,37.97,131.36,26.992,-113.6,86.005,-335.79,-1205.5,-858.11,-304.44,-29.144,137.22
-160.42,20.945,178.23,66.393,-165.55,101.26,-287.77,-1207.3,-989.18,-586.96,-252.35,-29.346
-203.4,6.9998,210.98,97.059,-202.17,111.5,-243.48,-1190.6,-1097.6,-838.41,-434.37,-166.54
-228.18,-10.322,221.07,119.99,-218.3,108.88,-205.94,-1148.9,-1157.1,-1013.9,-560.66,-266.11
-235.67,-32.817,207.07,136.03,-213.72,91.738,-175.82,-1081.6,-1155.7,-1091.3,-627.19,-325.52
-229.06,-58.966,173.65,146,-192.83,62.356,-149.87,-993.18,-1097,-1074.9,-640.51,-348.15
-212.82,-85.516,129.99,150.94,-162.59,26.688,-124.89,-891.61,-996.23,-989.07,-614.56,-342.35
-192.24,-109.63,85.408,152.61,-129.78,-7.8191,-98.738,-784.64,-872.87,-867.3,-565.84,-318.77
-172.09,-129.76,45.117,152.85,-99.475,-36.838,-70.387,-677.81,-745.04,-740.26,-509.11,-287.37
-155.12,-144.71,11.582,152.28,-74.587,-60.503,-40.54,-576.23,-625.53,-626.84,-454.74,-255.52
-141.61,-154.71,-13.644,150.33,-55.934,-79.058,-11.744,-485.45,-520.42,-534.3,-408.14,-227.19
-130.31,-159.65,-30.135,146.2,-42.879,-90.813,13.025,-409.4,-431.7,-462.56,-370.53,-203.01
-120.09,-158.24,-38.253,138.46,-34.483,-95.083,31.78,-348.47,-359.64,-407.06,-340.36,-181.24
-110.56,-149.15,-38.774,125.68,-30.044,-92.149,43.42,-299.75,-302.35,-361.63,-314.45,-160.42
-100.4,-131.71,-32.696,107.94,-28.442,-80.558,48.084,-258.8,-254.61,-320.54,-291.17,-141.95
-88.13,-107.07,-21.364,87.498,-28.177,-56.6,47.458,-221.25,-211.41,-279.86,-268.27,-125.06
-73.961,-79.51,-4.387,67.764,-27.09,-36.035,43.686,-184.12,-170.39,-238.76,-243.81,-107.34
-59.824,-55.192,0.063879,51.207,-23.294,-26.735,38.724,-146.54,-130.34,-198.51,-219.51,-89.378
-47.596,-38.099,-0.065415,38.602,-17.508,-20.323,33.31,-109.61,-91.066,-161.56,-196.53,-72.461
-38.159,-27.89,-0.1716,29.72,-10.229,-15.516,26.041,-75.231,-53.553,-130.17,-176.82,-57.938
-31.401,-22.491,0.1447,23.984,-6.2811,-12.898,22.775,-45.927,-19.38,-105.54,-161.73,-46.46
-26.931,-20.07,0.7783,20.67,-4.389,-11.296,21.508,-24.857,9.602,-87.446,-151.23,-38.011
-24.559,-19.154,1.5822,18.975,-3.1752,-9.0127,20.145,-12.423,31.224,-74.506,-144.39,-32.229
-23.815,-17.819,2.4803,18.055,-2.4419,-5.8181,18.48,-6.3968,44.689,-65.301,-139.9,-28.546
-23.145,-14.404,3.444,16.278,-2.1824,-2.8532,16.529,-4.836,51.303,-58.514,-136.63,-26.247
-21.175,-10.329,4.4543,12.518,-2.342,-0.60229,14.217,-6.1583,52.915,-52.78,-133.76,-24.194
-18.762,-7.0377,5.4789,9.2189,-2.7767,1.145,11.575,-9.4746,52.219,-46.882,-130.59,-20.653
-16.954,-4.6055,6.4632,7.205,-3.2839,2.6115,8.8047,-9.8648,52.409,-39.971,-126.31,-16.711
-15.669,-2.7401,7.341,5.876,-3.6699,3.8838,6.1467,-5.4481,55.838,-33.19,-121.91,-13.915
-14.53,-1.226,8.0625,4.796,-3.8126,4.9838,3.8128,-2.0494,63.316,-28.302,-119.14,-11.903
-13.341,0.054768,8.6231,3.7868,-3.6914,5.9331,1.9052,0.63099,74.969,-22.774,-117.52,-10.315
-12.095,1.1755,9.0731,2.8113,-3.3798,6.7744,0.40188,3.1342,86.05,-17.122,-116.29,-8.9926
-10.9,2.1909,9.4929,1.8965,-3.0065,7.5636,-0.7791,5.5798,92.783,-12.435,-115.09,-7.8558
-9.8959,3.1359,9.9477,1.092,-2.7021,8.3445,-1.7178,7.9605,96.739,-8.8305,-113.81,-6.8573
-9.2019,4.0173,10.451,0.44775,-2.5582,9.1246,-2.4652,10.286,99.385,-6.0211,-112.41,-5.9701
-8.8779,4.814,10.963,-0.0014014,-2.6121,9.8655,-3.042,12.611,101.51,-3.748,-110.88,-5.1751
-8.902,5.4912,11.409,-0.24795,-2.8451,10.499,-3.455,15.009,103.66,-1.8531,-109.19,-4.4518
-9.1671,6.0207,11.717,-0.31735,-3.1816,10.963,-3.7174,17.516,106.27,-0.23964,-107.35,-3.7784
-9.5136,6.3984,11.837,-0.26397,-3.5032,11.227,-3.857,20.084,109.49,1.1596,-105.35,-3.1397
-9.7883,6.6496,11.762,-0.15838,-3.6872,11.305,-3.9122,22.577,113.05,2.3897,-103.21,-2.5348
-9.8866,6.8196,11.519,-0.070757,-3.6492,11.249,-3.9251,24.835,116.4,3.4762,-100.95,-1.9793
-9.7568,6.9561,11.157,-0.055836,-3.3638,11.121,-3.9328,26.744,119.18,4.4323,-98.616,-1.4978
-9.3928,7.098,10.734,-0.14421,-2.8628,10.985,-3.9595,28.274,121.32,5.2705,-96.254,-1.1131
-8.8255,7.2737,10.299,-0.34282,-2.2147,10.891,-4.0122,29.479,122.92,6.0128,-93.887,-0.8358
-8.109,7.5076,9.893,-0.64269,-1.497,10.876,-4.0841,30.461,124.16,6.6933,-91.531,-0.66054
-7.3041,7.8237,9.5476,-1.0285,-0.77706,10.967,-4.1632,31.329,125.2,7.3533,-89.183,-0.56847
-6.466,8.2436,9.2832,-1.4848,-0.10307,11.183,-4.2413,32.173,126.17,8.0291,-86.835,-0.53355
-5.6391,8.7796,9.1075,-1.999,0.49733,11.528,-4.3153,33.035,127.15,8.7377,-84.469,-0.52997
-4.8564,9.4299,9.0164,-2.5607,1.0146,11.993,-4.3832,33.912,128.14,9.466,-82.075,-0.53774
-4.1444,10.176,9.0026,-3.1575,1.4464,12.553,-4.441,34.76,129.13,10.17,-79.655,-0.54441
-3.5273,10.982,9.0684,-3.7694,1.7829,13.179,-4.4861,35.519,130.05,10.793,-77.23,-0.54344
-3.0271,11.8,9.233,-4.3637,1.998,13.843,-4.5199,36.128,130.8,11.288,-74.806,-0.53131
-2.6593,12.578,9.5271,-4.902,2.0545,14.532,-4.546,36.556,131.34,11.642,-72.337,-0.50456
-2.4295,13.287,9.9749,-5.3587,1.9236,15.243,-4.5623,36.819,131.66,11.885,-69.708,-0.45587
-2.3368,13.935,10.579,-5.7354,1.6057,15.987,-4.5567,36.987,131.84,12.085,-66.771,-0.37053
-2.3804,14.571,11.315,-6.0513,1.1359,16.783,-4.5086,37.155,131.97,12.338,-63.417,-0.22607
-2.5633,15.26,12.139,-6.3179,0.56839,17.643,-4.3993,37.408,132.18,12.74,-59.629,0.0036196
-2.8922,16.056,13.002,-6.5279,-0.045273,18.569,-4.2249,37.779,132.57,13.367,-55.504,0.34046
-3.3763,16.982,13.854,-6.666,-0.67055,19.542,-4.0051,38.247,133.2,14.25,-51.239,0.79398
-4.0194,18.02,14.653,-6.7263,-1.2921,20.523,-3.7822,38.748,134.06,15.366,-47.074,1.3569
-4.8042,19.109,15.368,-6.7209,-1.9057,21.457,-3.6098,39.214,135.07,16.645,-43.215,2.0064
-5.6747,20.174,15.982,-6.6838,-2.504,22.293,-3.533,39.607,136.16,17.999,-39.773,2.7102
-6.5302,21.183,16.507,-6.6778,-3.064,23.023,-3.5719,39.928,137.25,19.364,-36.75,3.434
-7.2373,22.193,16.988,-6.8051,-3.5432,23.706,-3.7167,40.217,138.3,20.73,-34.081,4.151
-7.6571,23.34,17.485,-7.2004,-3.8874,24.458,-3.9388,40.53,139.3,22.136,-31.682,4.8521
-7.6775,24.781,18.063,-7.9925,-4.0455,25.408,-4.2072,40.915,140.27,23.636,-29.487,5.5551
-7.2443,26.616,18.776,-9.2521,-3.985,26.646,-4.4996,41.399,141.27,25.263,-27.46,6.3077
-6.3786,28.843,19.656,-10.951,-3.7055,28.192,-4.8075,41.98,142.31,27.014,-25.579,7.1798
-5.1771,31.367,20.714,-12.97,-3.245,29.985,-5.1376,42.631,143.42,28.853,-23.814,8.2547
-3.7915,34.052,21.934,-15.162,-2.6792,31.92,-5.5079,43.312,144.58,30.743,-22.122,9.6245
-2.3955,36.799,23.286,-17.447,-2.1102,33.904,-5.9379,43.976,145.76,32.663,-20.448,11.391
-1.1502,39.582,24.735,-19.859,-1.6463,35.903,-6.4352,44.591,146.97,34.618,-18.735,13.649
-0.17831,42.422,26.249,-22.511,-1.379,37.952,-6.9855,45.146,148.23,36.62,-16.936,16.432
0.44772,45.34,27.808,-25.492,-1.3657,40.124,-7.5532,45.668,149.57,38.674,-15.025,19.632
0.70927,48.335,29.416,-28.746,-1.6232,42.48,-8.0905,46.203,151.04,40.766,-13.004,23.009
0.64237,51.385,31.094,-32.056,-2.1282,45.041,-8.5517,46.791,152.63,42.871,-10.902,26.329
0.33958,54.467,32.876,-35.16,-2.8206,47.767,-8.9063,47.447,154.32,44.958,-8.7597,29.482
-0.05744,57.552,34.802,-37.887,-3.6101,50.584,-9.1447,48.163,156.03,47.001,-6.6043,32.471
-0.38947,60.597,36.921,-40.2,-4.3883,53.422,-9.2777,48.931,157.69,48.989,-4.4251,35.34
-0.52327,63.576,39.288,-42.169,-5.0483,56.248,-9.3284,49.767,159.24,50.942,-2.1703,38.129
-0.375,66.524,41.937,-43.92,-5.5079,59.07,-9.3212,50.71,160.67,52.916,0.24623,40.866
0.089702,69.547,44.854,-45.583,-5.7341,61.925,-9.2699,51.804,162.01,54.997,2.9342,43.595
0.85493,72.777,47.967,-47.252,-5.7579,64.864,-9.1753,53.069,163.32,57.263,6.0204,46.38
1.8484,76.295,51.172,-48.964,-5.6729,67.954,-9.0333,54.489,164.65,59.759,9.6404,49.296
2.9461,80.091,54.388,-50.711,-5.6153,71.272,-8.8482,56.015,166,62.467,13.899,52.427
3.9974,84.073,57.605,-52.473,-5.7287,74.857,-8.641,57.58,167.36,65.308,18.777,55.862
4.8628,88.127,60.876,-54.249,-6.1244,78.661,-8.446,59.124,168.71,68.164,24.053,59.679
5.4522,92.18,64.266,-56.071,-6.8501,82.572,-8.3019,60.586,170.01,70.91,29.4,63.888
5.7542,96.229,67.798,-58.012,-7.8835,86.5,-8.2442,61.905,171.24,73.453,34.579,68.358
5.8474,100.33,71.464,-60.167,-9.1592,90.429,-8.3022,63.012,172.38,75.745,39.498,72.809
5.8901,104.58,75.273,-62.622,-10.605,94.408,-8.4974,63.854,173.41,77.789,44.159,76.938
6.0765,109.06,79.259,-65.412,-12.162,98.514,-8.84,64.41,174.31,79.616,48.658,80.585
6.5616,113.84,83.443,-68.505,-13.789,102.82,-9.3241,64.711,175.07,81.276,53.184,83.796
7.3995,118.92,87.798,-71.82,-15.474,107.35,-9.9266,64.827,175.68,82.814,57.978,86.754
8.5593,124.29,92.249,-75.281,-17.239,112.1,-10.616,64.848,176.11,84.271,63.256,89.691
10.001,129.93,96.719,-78.852,-19.113,117.04,-11.366,64.854,176.35,85.679,69.131,92.817
11.721,135.81,101.16,-82.549,-21.092,122.11,-12.168,64.897,176.4,87.058,75.522,96.299
13.734,141.89,105.55,-86.411,-23.114,127.25,-13.029,64.979,176.26,88.403,82.146,100.28
16.044,148.09,109.9,-90.458,-25.088,132.4,-13.968,65.04,175.93,89.689,88.682,104.86
18.623,154.31,114.25,-94.657,-26.966,137.51,-15.006,64.954,175.42,90.876,94.997,110.07
21.404,160.44,118.66,-98.91,-28.772,142.6,-16.161,64.561,174.69,91.929,101.2,115.79
24.277,166.48,123.18,-103.09,-30.572,147.72,-17.438,63.72,173.74,92.838,107.5,121.75
27.107,172.48,127.83,-107.1,-32.429,152.97,-18.834,62.35,172.53,93.62,114.1,127.71
29.772,178.6,132.67,-111.02,-34.37,158.44,-20.324,60.467,171.05,94.309,121.18,133.65
32.223,185.01,137.76,-115.04,-36.393,164.26,-21.875,58.157,169.31,94.943,128.91,139.66
34.495,191.92,143.15,-119.46,-38.474,170.54,-23.465,55.544,167.32,95.547,137.37,145.87
36.673,199.58,148.8,-124.47,-40.588,177.36,-25.111,52.73,165.03,96.134,146.52,152.3
38.845,208.19,154.66,-130.02,-42.72,184.74,-26.861,49.776,162.38,96.715,156.13,158.97
41.066,217.72,160.64,-135.84,-44.866,192.61,-28.782,46.702,159.29,97.306,165.88,165.91
43.341,227.85,166.73,-141.68,-47.019,200.78,-30.921,43.507,155.71,97.925,175.52,173.16
45.631,238.05,172.97,-147.37,-49.181,209.03,-33.295,40.17,151.65,98.579,184.89,180.71
47.864,247.84,179.41,-152.85,-51.376,217.13,-35.901,36.64,147.23,99.249,194,188.5
49.958,256.85,186.04,-158.11,-53.641,224.93,-38.73,32.831,142.61,99.889,202.96,196.37
51.831,265,192.88,-163.14,-55.996,232.43,-41.755,28.664,137.81,100.44,211.97,204.21
53.415,272.48,199.94,-167.96,-58.421,239.73,-44.927,24.138,132.69,100.84,221.25,211.92
54.673,279.67,207.28,-172.63,-60.861,246.99,-48.209,19.371,127.11,101.05,230.85,219.49
55.618,286.9,214.81,-177.21,-63.242,254.32,-51.638,14.57,121.03,101.08,240.64,226.94
56.322,294.24,222.21,-181.7,-65.478,261.58,-55.329,9.9336,114.59,100.94,250.32,234.25
56.924,301.47,228.93,-185.96,-67.459,268.41,-59.416,5.5337,107.95,100.66,259.52,241.39
57.607,308.24,234.38,-189.84,-69.038,274.41,-63.982,1.2179,101.25,100.27,267.94,248.3
58.558,314.29,238.19,-193.28,-70.041,279.31,-69.01,-3.4405,94.502,99.818,275.47,254.89
59.93,319.52,240.25,-196.33,-70.327,283.02,-74.375,-9.0577,87.588,99.298,282.14,261.06
61.823,323.93,240.7,-199.11,-69.844,285.55,-79.886,-16.108,80.283,98.688,288.16,266.8
64.251,327.51,239.9,-201.71,-68.639,286.99,-85.357,-24.547,72.395,97.926,293.84,272.17
67.098,330.21,238.3,-204.16,-66.854,287.51,-90.658,-33.96,63.959,96.935,299.46,277.23
70.082,332.01,236.34,-206.41,-64.715,287.3,-95.7,-44.041,55.268,95.65,305.05,281.95
72.852,332.95,234.23,-208.34,-62.489,286.59,-100.41,-54.616,46.588,94.04,310.43,286.24
75.128,333.13,232.01,-209.75,-60.396,285.49,-104.72,-65.39,37.929,92.116,315.26,289.97
76.772,332.56,229.6,-210.44,-58.536,284.01,-108.6,-75.932,29.279,89.917,319.27,293.06
77.754,331.13,226.95,-210.27,-56.916,282.15,-112.06,-85.921,20.847,87.501,322.28,295.4
78.054,328.61,224.09,-209.14,-55.529,279.81,-115.15,-95.294,12.845,84.939,324.23,296.88
77.585,324.76,221.15,-207.05,-54.456,276.86,-117.94,-104.16,5.3028,82.305,325.07,297.42
76.235,319.4,218.17,-204.02,-53.861,273.05,-120.49,-112.62,-1.7724,79.671,324.77,296.98
74.032,312.52,214.73,-200.11,-53.681,268.05,-122.84,-120.69,-8.1552,77.078,323.33,295.6
71.221,304.31,210.08,-195.33,-53.364,261.58,-125.03,-128.31,-13.441,74.522,320.77,293.36
68.204,295.03,203.65,-189.78,-52.204,253.53,-127.05,-135.32,-17.358,71.949,317.1,290.34
65.454,284.98,195.31,-183.79,-49.768,243.97,-128.82,-141.52,-19.985,69.269,312.37,286.57
63.444,274.34,185.28,-177.97,-45.961,233.08,-130.2,-146.73,-21.675,66.397,306.61,281.94
62.54,263.17,173.9,-172.78,-40.832,221.14,-131.05,-150.82,-22.841,63.293,299.87,276.12
62.854,251.51,161.61,-168.05,-34.524,208.52,-131.28,-153.77,-23.804,59.993,292.31,268.82
64.063,239.31,149.05,-163.11,-27.47,195.64,-130.92,-155.61,-24.738,56.585,284.22,260.09
65.476,226.53,137.04,-157.25,-20.486,182.86,-129.97,-156.45,-25.675,53.147,275.87,250.29
66.375,213.15,126.25,-150.08,-14.464,170.44,-128.43,-156.38,-26.543,49.659,267.3,239.84
66.281,199.27,116.73,-141.68,-9.8923,158.47,-126.17,-155.53,-27.226,46.003,258.26,229.04
64.997,185.11,107.93,-132.46,-6.723,146.85,-123.02,-154,-27.614,42.055,248.48,218.03
62.602,170.92,99.043,-122.9,-4.5332,135.38,-118.82,-151.91,-27.634,37.793,237.72,206.88
59.397,156.92,89.423,-113.34,-2.7924,123.84,-113.74,-149.38,-27.258,33.31,225.96,195.59
55.783,143.31,78.758,-104.05,-1.175,112.19,-108.2,-146.49,-26.507,28.743,213.3,184.18
52.162,130.29,67.214,-95.356,0.38037,100.54,-102.64,-143.33,-25.46,24.212,199.94,172.8
48.885,118.05,55.469,-87.568,2.0275,89.14,-97.283,-139.98,-24.232,19.827,186.22,161.67
46.159,106.73,44.51,-80.843,4.0377,78.293,-92.169,-136.51,-22.95,15.706,172.52,150.93
43.95,96.372,35.074,-75.082,6.4654,68.244,-87.213,-132.99,-21.716,11.96,159.26,140.57
41.986,86.818,27.21,-69.925,9.0738,59.118,-82.261,-129.42,-20.582,8.6507,146.75,130.46
39.863,77.733,20.487,-64.822,11.52,50.865,-77.166,-125.78,-19.562,5.7771,135.1,120.42
37.164,68.688,14.63,-59.137,13.545,43.273,-71.861,-122.05,-18.649,3.2929,124.17,110.31
33.565,59.337,9.6436,-52.575,15.044,35.988,-66.395,-118.2,-17.841,1.1166,113.67,100.01
29,49.752,5.4885,-45.81,16.053,28.686,-60.902,-114.28,-17.142,-0.8699,103.32,89.608
23.873,40.597,2.038,-39.763,16.708,21.505,-55.555,-110.34,-16.55,-2.8154,92.968,79.452
18.979,32.388,-0.9006,-34.409,17.183,15.046,-50.504,-106.41,-16.05,-4.8775,82.75,69.935
14.915,24.98,-3.6199,-29.24,17.621,9.6199,-45.824,-102.52,-15.609,-7.1921,73.002,61.169
11.745,18.182,-6.4306,-23.936,18.09,5.1733,-41.473,-98.642,-15.189,-9.843,64.226,53.221
9.2073,12.074,-9.4315,-18.457,18.575,1.6017,-37.296,-94.794,-14.763,-12.836,56.86,46.209
6.9944,6.7805,-12.399,-12.958,19.013,-1.3006,-33.082,-90.998,-14.327,-16.091,50.816,40.033
4.9323,2.3399,-15.028,-7.7879,19.338,-3.7969,-28.65,-87.298,-13.903,-19.462,45.656,34.366
3.0213,-1.3054,-17.203,-3.4629,19.503,-6.081,-23.972,-83.756,-13.526,-22.792,41.014,28.908
1.3329,-4.2891,-18.985,-0.32244,19.485,-8.2577,-19.315,-80.43,-13.228,-25.955,36.618,23.522
-0.1287,-6.7699,-20.479,1.7774,19.288,-10.369,-15.206,-77.361,-13.029,-28.87,32.176,18.216
-1.4233,-8.8692,-21.74,3.2147,18.946,-12.405,-11.966,-74.546,-12.925,-31.486,27.417,13.113
-2.5899,-10.645,-22.764,4.2596,18.51,-14.308,-9.4863,-71.93,-12.891,-33.763,22.326,8.6094
-3.6124,-12.108,-23.523,5.024,18.026,-15.996,-7.5095,-69.411,-12.883,-35.676,17.38,5.2077
-4.4391,-13.259,-23.995,5.5427,17.53,-17.386,-5.8362,-66.867,-12.853,-37.23,13.204,2.8846
-5.0117,-14.117,-24.189,5.8368,17.042,-18.424,-4.3467,-64.19,-12.764,-38.46,10.01,1.2507
-5.2893,-14.727,-24.135,5.9375,16.573,-19.098,-2.9772,-61.327,-12.608,-39.424,7.6377,0.00541
-5.2633,-15.151,-23.876,5.8885,16.135,-19.443,-1.693,-58.305,-12.413,-40.191,5.8516,-1.0008
-4.9668,-15.453,-23.462,5.7412,15.737,-19.526,-0.47263,-55.232,-12.221,-40.822,4.4648,-1.8404
-4.4749,-15.68,-22.958,5.5467,15.378,-19.432,0.69377,-52.268,-12.07,-41.37,3.3404,-2.5557
-3.8935,-15.853,-22.436,5.3467,15.051,-19.242,1.7985,-49.57,-11.979,-41.872,2.3747,-3.1788
-3.3393,-15.968,-21.973,5.1682,14.748,-19.018,2.816,-47.229,-11.94,-42.348,1.4932,-3.7372
-2.9265,-16.015,-21.621,5.0301,14.454,-18.805,3.7119,-45.243,-11.934,-42.802,0.65365,-4.2543
-2.7642,-16.001,-21.398,4.9596,14.132,-18.635,4.4548,-43.53,-11.935,-43.227,-0.1535,-4.7488
-2.9436,-15.968,-21.289,4.9997,13.733,-18.543,5.027,-41.968,-11.923,-43.609,-0.91494,-5.2332
-3.5053,-15.989,-21.27,5.1967,13.225,-18.567,5.4298,-40.441,-11.89,-43.933,-1.6108,-5.7129
-4.4026,-16.142,-21.328,5.5732,12.626,-18.748,5.6834,-38.869,-11.834,-44.184,-2.2306,-6.1845
-5.4907,-16.476,-21.463,6.1079,12.012,-19.1,5.8212,-37.217,-11.759,-44.352,-2.7807,-6.6363
-6.5547,-16.986,-21.674,6.7334,11.501,-19.597,5.8805,-35.49,-11.672,-44.437,-3.2826,-7.0532
-7.3648,-17.614,-21.956,7.3542,11.211,-20.177,5.8933,-33.71,-11.573,-44.445,-3.7648,-7.4256
-7.7429,-18.274,-22.295,7.8746,11.218,-20.765,5.8787,-31.915,-11.457,-44.397,-4.2548,-7.7554
-7.6173,-18.897,-22.68,8.2274,11.534,-21.316,5.8392,-30.146,-11.309,-44.314,-4.7727,-8.0556
-7.0421,-19.461,-23.102,8.394,12.102,-21.826,5.765,-28.454,-11.111,-44.22,-5.3276,-8.3454
-6.1741,-19.987,-23.555,8.4085,12.805,-22.324,5.6482,-26.881,-10.837,-44.129,-5.9183,-8.6439
-5.2227,-20.521,-24.024,8.345,13.492,-22.846,5.5004,-25.446,-10.47,-44.044,-6.537,-8.9655
-4.3944,-21.096,-24.474,8.2909,14.021,-23.406,5.3617,-24.135,-9.9963,-43.96,-7.1744,-9.3163
-3.846,-21.707,-24.86,8.3147,14.296,-23.981,5.2914,-22.9,-9.4197,-43.866,-7.8231,-9.6917
-3.6532,-22.308,-25.139,8.4411,14.298,-24.526,5.3453,-21.681,-8.7581,-43.749,-8.4785,-10.078
-3.7961,-22.83,-25.286,8.6469,14.076,-24.985,5.5571,-20.42,-8.0404,-43.59,-9.1386,-10.46
-4.1753,-23.204,-25.297,8.8794,13.72,-25.316,5.9336,-19.07,-7.2975,-43.363,-9.8025,-10.831
-4.6584,-23.397,-25.187,9.0879,13.316,-25.493,6.4629,-17.609,-6.5511,-43.035,-10.469,-11.2
-5.1343,-23.413,-24.968,9.2501,12.913,-25.51,7.1264,-16.04,-5.8042,-42.567,-11.132,-11.585
-5.5414,-23.294,-24.644,9.3785,12.508,-25.375,7.9083,-14.393,-5.0376,-41.916,-11.78,-12.001
-5.8716,-23.096,-24.198,9.5059,12.046,-25.099,8.7978,-12.716,-4.2147,-41.041,-12.395,-12.446
-6.16,-22.869,-23.595,9.6629,11.446,-24.691,9.7829,-11.055,-3.2924,-39.91,-12.954,-12.901
-6.4649,-22.625,-22.794,9.8593,10.637,-24.146,10.841,-9.4427,-2.2313,-38.511,-13.432,-13.334
-6.8398,-22.339,-21.761,10.077,9.5962,-23.452,11.935,-7.8927,-1.0025,-36.872,-13.817,-13.71
-7.3097,-21.955,-20.491,10.275,8.3736,-22.593,13.022,-6.3957,0.40705,-35.063,-14.105,-14.003
-7.8627,-21.42,-19.023,10.402,7.0682,-21.565,14.067,-4.9254,1.9893,-33.188,-14.312,-14.203
-8.4596,-20.702,-17.434,10.418,5.7782,-20.387,15.05,-3.4467,3.7136,-31.338,-14.466,-14.315
-9.054,-19.813,-15.816,10.314,4.5623,-19.101,15.962,-1.9271,5.538,-29.555,-14.601,-14.345
-9.6093,-18.806,-14.243,10.112,3.4377,-17.768,16.801,-0.34666,7.4266,-27.822,-14.742,-14.303
-10.103,-17.759,-12.757,9.8521,2.3986,-16.447,17.561,1.2977,9.3568,-26.093,-14.898,-14.194
-10.518,-16.748,-11.362,9.5716,1.4382,-15.181,18.238,2.9936,11.306,-24.34,-15.066,-14.025
-10.833,-15.822,-10.05,9.2902,0.56424,-13.988,18.822,4.7165,13.225,-22.575,-15.234,-13.807
-11.02,-14.991,-8.8153,9.0046,-0.1966,-12.869,19.301,6.4344,15.034,-20.841,-15.392,-13.556
-11.051,-14.227,-7.666,8.6943,-0.8071,-11.809,19.665,8.1154,16.635,-19.181,-15.537,-13.293
-10.907,-13.48,-6.6159,8.3338,-1.2366,-10.791,19.905,9.7384,17.962,-17.608,-15.678,-13.035
-10.592,-12.704,-5.6789,7.9097,-1.4746,-9.8006,20.015,11.3,19.003,-16.11,-15.831,-12.797
-10.146,-11.882,-4.866,7.4367,-1.5338,-8.8433,19.998,12.808,19.812,-14.678,-16.011,-12.591
-9.6373,-11.04,-4.1858,6.9608,-1.4463,-7.9422,19.863,14.264,20.464,-13.324,-16.223,-12.423
-9.1459,-10.235,-3.6427,6.5421,-1.2542,-7.1314,19.623,15.652,21.021,-12.092,-16.461,-12.284
-8.7368,-9.5225,-3.2316,6.2293,-1.0017,-6.4363,19.298,16.938,21.501,-11.041,-16.708,-12.155
-8.4401,-8.934,-2.9334,6.0374,-0.72953,-5.8622,18.913,18.084,21.875,-10.214,-16.94,-12.012
-8.2453,-8.4671,-2.7149,5.9432,-0.47295,-5.3936,18.488,19.051,22.096,-9.6265,-17.136,-11.839
-8.1106,-8.094,-2.5319,5.8958,-0.26172,-5.0024,18.033,19.806,22.125,-9.2565,-17.288,-11.631
-7.9817,-7.7751,-2.337,5.8362,-0.1195,-4.6564,17.549,20.325,21.95,-9.0474,-17.4,-11.392
-7.8148,-7.4705,-2.089,5.7155,-0.063219,-4.3261,17.03,20.598,21.582,-8.9187,-17.489,-11.13
-7.5956,-7.1478,-1.7606,5.5081,-0.10376,-3.9886,16.481,20.618,21.052,-8.7867,-17.57,-10.858
-7.346,-6.79,-1.3423,5.2195,-0.24835,-3.6289,15.905,20.385,20.393,-8.5905,-17.647,-10.587
-7.1195,-6.3943,-0.8396,4.8835,-0.50244,-3.2404,15.302,19.892,19.626,-8.3105,-17.713,-10.329
-6.984,-5.9659,-0.26754,4.5524,-0.86821,-2.8197,14.659,19.136,18.759,-7.9661,-17.747,-10.097
-7.0003,-5.51,0.35564,4.2798,-1.34,-2.3625,13.955,18.145,17.798,-7.5943,-17.723,-9.8929
-7.2031,-5.0264,1.013,4.1073,-1.9002,-1.8633,13.171,16.991,16.767,-7.2249,-17.616,-9.707
-7.5908,-4.5121,1.6924,4.0559,-2.5186,-1.3176,12.311,15.794,15.719,-6.8667,-17.403,-9.5126
-8.1223,-3.9663,2.3884,4.1212,-3.1551,-0.72513,11.402,14.686,14.735,-6.5101,-17.067,-9.2715
-8.7184,-3.3917,3.1008,4.271,-3.7647,-0.089554,10.48,13.777,13.901,-6.137,-16.603,-8.9451
-9.2711,-2.7867,3.831,4.4456,-4.3031,0.5862,9.5771,13.114,13.276,-5.7329,-16.016,-8.5066
-9.665,-2.1392,4.5805,4.5686,-4.736,1.3056,8.7077,12.682,12.864,-5.2939,-15.327,-7.9507
-9.8065,-1.428,5.353,4.5635,-5.0471,2.0796,7.8756,12.402,12.6,-4.827,-14.57,-7.2932
-9.6492,-0.629,6.1545,4.3718,-5.2447,2.9224,7.0756,12.157,12.374,-4.3437,-13.781,-6.5649
-9.2058,0.2704,6.9917,3.9679,-5.3625,3.8425,6.2969,11.827,12.062,-3.8538,-12.986,-5.8019
-8.5453,1.2587,7.8656,3.3671,-5.452,4.8327,5.5236,11.324,11.572,-3.3649,-12.2,-5.0363
-7.7779,2.2953,8.7637,2.6225,-5.5713,5.8601,4.7419,10.619,10.869,-2.884,-11.419,-4.292
-7.0294,3.3178,9.6565,1.8117,-5.7697,6.8687,3.9456,9.75,9.9881,-2.4179,-10.636,-3.5829
-6.4122,4.262,10.504,1.0169,-6.0761,7.795,3.1443,8.8003,9.0278,-1.9725,-9.8399,-2.916
-5.9986,5.0881,11.269,0.3061,-6.4927,8.5945,2.368,7.8649,8.1052,-1.5456,-9.0242,-2.2944
-5.8078,5.7949,11.929,-0.27653,-6.9974,9.2592,1.659,7.014,7.3013,-1.13,-8.1864,-1.7218
-5.8131,6.4116,12.481,-0.71117,-7.5479,9.8158,1.054,6.2759,6.6322,-0.71714,-7.3325,-1.2024
-5.959,6.9768,12.924,-0.99655,-8.0842,10.305,0.56502,5.6449,6.0622,-0.30033,-6.4797,-0.73877
-6.1797,7.5191,13.247,-1.1457,-8.5325,10.755,0.18132,5.0947,5.5382,0.11894,-5.6529,-0.32725
-6.403,8.0464,13.421,-1.1852,-8.8145,11.165,-0.12053,4.5981,5.0166,0.5286,-4.8752,0.043953
-6.5503,8.5443,13.412,-1.1553,-8.8636,11.503,-0.36169,4.141,4.4802,0.91228,-4.1576,0.39186
-6.541,8.9826,13.198,-1.1075,-8.6392,11.722,-0.55372,3.7212,3.935,1.2554,-3.4955,0.73101
-6.3037,9.3283,12.773,-1.0967,-8.1356,11.782,-0.7003,3.342,3.3986,1.5484,-2.8745,1.0658
-5.7886,9.5634,12.161,-1.1735,-7.3825,11.668,-0.80455,2.999,2.8834,1.7934,-2.2819,1.3869
-4.9751,9.6993,11.407,-1.3792,-6.4394,11.399,-0.87631,2.671,2.387,1.9982,-1.7144,1.6735
-3.877,9.7758,10.57,-1.741,-5.3854,11.024,-0.93589,2.3247,1.8921,2.1754,-1.1818,1.9004
-2.5435,9.8377,9.7152,-2.2628,-4.3059,10.6,-1.0119,1.9289,1.3759,2.3389,-0.70587,2.0454
-1.0575,9.9105,8.899,-2.9166,-3.2783,10.172,-1.1317,1.4695,0.82254,2.4886,-0.31855,2.0957
0.47282,9.991,8.1608,-3.6472,-2.3586,9.7661,-1.3074,0.95634,0.23259,2.6098,-0.055356,2.0533
1.9318,10.056,7.5201,-4.3868,-1.5748,9.3878,-1.5263,0.41905,-0.37452,2.686,0.056839,1.9371
3.2154,10.079,6.9748,-5.07,-0.92745,9.0324,-1.7541,-0.1031,-0.96536,2.7024,0.014302,1.7789
4.2396,10.042,6.5049,-5.6378,-0.39908,8.6894,-1.951,-0.57345,-1.5007,2.6553,-0.15678,1.6149
4.9387,9.9424,6.083,-6.0387,0.030252,8.3514,-2.0903,-0.96683,-1.9451,2.5579,-0.40827,1.4758
5.2671,9.792,5.691,-6.2363,0.36929,8.0202,-2.1681,-1.2745,-2.2781,2.4361,-0.68913,1.3791
5.2117,9.6119,5.3306,-6.2192,0.61009,7.7069,-2.2025,-1.5045,-2.5044,2.3197,-0.96455,1.3262
4.8042,9.4211,5.0214,-6.0052,0.73239,7.4249,-2.2253,-1.6777,-2.6572,2.2263,-1.2254,1.3056
4.1224,9.2271,4.7872,-5.6347,0.71552,7.1811,-2.2686,-1.8193,-2.788,2.1571,-1.4846,1.3026
3.2777,9.0227,4.643,-5.1602,0.55424,6.9723,-2.3516,-1.9496,-2.9476,2.1002,-1.7629,1.3103
2.3936,8.7913,4.5895,-4.6359,0.27048,6.7904,-2.4747,-2.0774,-3.1677,2.0422,-2.0732,1.3353
1.5911,8.5208,4.6186,-4.1161,-0.086298,6.6336,-2.6209,-2.1987,-3.4536,1.9733,-2.4124,1.3955
0.98613,8.2181,4.7214,-3.6584,-0.44998,6.5135,-2.7625,-2.3015,-3.7875,1.8979,-2.7639,1.5122
0.67596,7.9136,4.8906,-3.3215,-0.75488,6.4496,-2.8718,-2.3721,-4.1386,1.8308,-3.1052,1.7006
0.70454,7.6497,5.1179,-3.149,-0.95562,6.4559,-2.9306,-2.4,-4.4726,1.7919,-3.415,1.9653
1.0271,7.4606,5.3918,-3.1454,-1.0458,6.5321,-2.9354,-2.381,-4.7599,1.8018,-3.6748,2.3005
1.5066,7.3567,5.7002,-3.2644,-1.067,6.6645,-2.8982,-2.3164,-4.9817,1.8728,-3.87,2.6947
1.9523,7.3231,6.0352,-3.4199,-1.0986,6.832,-2.8414,-2.2131,-5.1328,2.0085,-3.9927,3.136
2.1765,7.3274,6.3951,-3.5142,-1.2326,7.0124,-2.7882,-2.0834,-5.2219,2.1984,-4.0462,3.613
2.0427,7.3299,6.7812,-3.4678,-1.5441,7.1845,-2.7521,-1.9445,-5.2696,2.4157,-4.0437,4.1109
1.496,7.2926,7.1879,-3.241,-2.0688,7.3248,-2.7304,-1.8167,-5.3026,2.6272,-4.0005,4.6042
0.57772,7.1852,7.5934,-2.8427,-2.7903,7.4043,-2.7048,-1.719,-5.3459,2.802,-3.9239,5.0558
-0.57888,6.9911,7.958,-2.3277,-3.6368,7.3903,-2.651,-1.6655,-5.4139,2.9146,-3.8093,5.4278
-1.7745,6.7132,8.234,-1.7813,-4.4911,7.2572,-2.5518,-1.6613,-5.5035,2.9562,-3.6455,5.7002
-2.7919,6.3715,8.377,-1.296,-5.2158,6.9981,-2.407,-1.701,-5.5956,2.936,-3.4263,5.88
-3.453,5.9904,8.3523,-0.94297,-5.6859,6.6255,-2.2335,-1.7697,-5.6655,2.8735,-3.1621,5.9902
-3.6643,5.583,8.1341,-0.75079,-5.8156,6.1632,-2.0593,-1.8482,-5.6989,2.7877,-2.8819,6.0522
-3.433,5.1442,7.7074,-0.69971,-5.5749,5.6355,-1.9118,-1.9198,-5.7,2.6881,-2.6242,6.0769
-2.8499,4.658,7.0763,-0.73255,-4.9919,5.0616,-1.8093,-1.9762,-5.6889,2.574,-2.4209,6.0665
-2.0528,4.11,6.2735,-0.77544,-4.1443,4.4571,-1.7559,-2.0191,-5.691,2.4403,-2.2844,6.0186
-1.1912,3.4965,5.363,-0.76067,-3.1441,3.838,-1.7413,-2.0546,-5.7248,2.2857,-2.2041,5.9281
-0.39724,2.831,4.4294,-0.64582,-2.1159,3.2242,-1.7457,-2.0867,-5.7937,2.1142,-2.1517,5.7894
0.2356,2.1452,3.5571,-0.42352,-1.1734,2.6395,-1.7462,-2.1109,-5.8842,1.9401,-2.0936,5.601
0.66106,1.4839,2.8117,-0.11881,-0.40132,2.1084,-1.7283,-2.1171,-5.9718,1.7776,-2.0033,5.3695
0.87344,0.89178,2.2294,0.22423,0.15153,1.6518,-1.6929,-2.0978,-6.0321,1.6336,-1.871,5.111
0.88969,0.39904,1.819,0.56025,0.46575,1.2822,-1.6596,-2.0587,-6.0523,1.5047,-1.7065,4.847
0.73051,0.013422,1.5725,0.85753,0.53874,1.0008,-1.6618,-2.0237,-6.0362,1.3814,-1.5338,4.5978
0.41015,-0.27992,1.4763,1.1053,0.37433,0.80038,-1.7316,-2.0294,-6.002,1.2562,-1.3825,4.3748
-0.063534,-0.50861,1.5197,1.313,-0.020296,0.67092,-1.8821,-2.1071,-5.9733,1.1306,-1.2767,4.176
-0.68138,-0.70159,1.6933,1.5027,-0.62684,0.60478,-2.0979,-2.2634,-5.9675,1.0163,-1.2269,3.9853
-1.4214,-0.87584,1.9835,1.6981,-1.4007,0.59815,-2.3413,-2.4726,-5.9878,0.92994,-1.2263,3.7809
-2.2386,-1.0297,2.3651,1.9138,-2.2613,0.64978,-2.5697,-2.6863,-6.0232,0.88735,-1.2551,3.5461
-3.0663,-1.1448,2.7978,2.1496,-3.1021,0.75755,-2.7522,-2.8525,-6.0529,0.89761,-1.288,3.2785
-3.8297,-1.1983,3.23,2.3912,-3.8167,0.91353,-2.8774,-2.9346,-6.0523,0.96182,-1.3053,2.9926
-4.4637,-1.1812,3.6081,2.6193,-4.3275,1.0982,-2.9525,-2.9224,-6.0007,1.0727,-1.2967,2.7136
-4.9241,-1.1089,3.8895,2.8171,-4.6008,1.2806,-2.9958,-2.8339,-5.8879,1.2152,-1.2587,2.4671
-5.1898,-1.0162,4.0521,2.9716,-4.6466,1.4272,-3.0263,-2.708,-5.7182,1.3686,-1.1877,2.2697
-5.2561,-0.93971,4.1001,3.069,-4.5072,1.5137,-3.0522,-2.592,-5.5064,1.5118,-1.073,2.1255
-5.1271,-0.90164,4.0617,3.0899,-4.2421,1.5337,-3.0623,-2.5262,-5.2717,1.6296,-0.89592,2.0295
-4.8103,-0.89628,3.9801,3.0098,-3.9136,1.5035,-3.0241,-2.5312,-5.0317,1.7191,-0.63457,1.9775
-4.3117,-0.88746,3.9006,2.8038,-3.5739,1.4581,-2.8936,-2.6011,-4.7996,1.7885,-0.27025,1.9744
-3.6412,-0.82325,3.8586,2.4584,-3.2535,1.4401,-2.6341,-2.7097,-4.5844,1.8505,0.20662,2.0338
-2.8315,-0.66392,3.8703,1.9889,-2.9587,1.4819,-2.2365,-2.8241,-4.3933,1.9128,0.79202,2.1682
-1.9555,-0.40717,3.9268,1.4486,-2.684,1.5894,-1.7284,-2.9181,-4.2339,1.9732,1.4655,2.3762
-1.1283,-0.09621,3.9995,0.92373,-2.4319,1.7385,-1.1676,-2.9792,-4.1131,2.0215,2.191,2.6328
-0.49266,0.19504,4.0568,0.51515,-2.2263,1.8865,-0.62156,-3.007,-4.0336,2.0468,2.9233,2.8951
-0.18509,0.39509,4.0865,0.31142,-2.1119,1.9955,-0.14013,-3.0063,-3.9921,2.0453,3.6209,3.1266
-0.29474,0.46789,4.1094,0.35965,-2.1395,2.0542,0.26079,-2.9793,-3.9819,2.0247,4.2583,3.3215
-0.83002,0.43022,4.1709,0.64711,-2.3438,2.0847,0.5956,-2.9227,-3.9981,2.0014,4.83,3.5047
-1.7058,0.34327,4.3161,1.1019,-2.7225,2.1308,0.88864,-2.8313,-4.0416,1.9928,5.3409,3.7051
-2.7561,0.28669,4.5619,1.612,-3.225,2.235,1.1517,-2.7044,-4.1181,2.0101,5.7965,3.9309
-3.7705,0.32501,4.8827,2.0559,-3.7587,2.415,1.3711,-2.5501,-4.2323,2.0558,6.191,4.1599
-4.5442,0.48376,5.2161,2.3326,-4.2119,2.6528,1.5095,-2.3842,-4.3825,2.1255,6.512,4.3479
-4.9289,0.74379,5.483,2.3826,-4.4853,2.8998,1.5201,-2.2255,-4.5593,2.2113,6.7455,4.4465
-4.8671,1.0533,5.6116,2.1975,-4.5213,3.0937,1.3667,-2.0907,-4.7499,2.3038,6.8815,4.4232
-4.3997,1.3492,5.558,1.8161,-4.3154,3.1794,1.0412,-1.9904,-4.9438,2.3924,6.9154,4.2755
-3.6374,1.5775,5.3167,1.309,-3.906,3.125,0.57217,-1.9283,-5.1355,2.4654,6.8452,4.0279
-2.7124,1.7051,4.9135,0.75753,-3.3485,2.9262,0.019679,-1.9021,-5.3261,2.5111,6.6687,3.7147
-1.7381,1.724,4.3833,0.23144,-2.6904,2.6017,-0.54457,-1.9053,-5.5191,2.52,6.3818,3.3597
-0.79737,1.6487,3.7457,-0.22782,-1.9667,2.1812,-1.0618,-1.9273,-5.7134,2.4868,5.9817,2.9709
0.061462,1.5057,2.9928,-0.6122,-1.2065,1.6917,-1.503,-1.9543,-5.898,2.4111,5.4704,2.5456
0.83751,1.3173,2.0982,-0.93747,-0.42602,1.1469,-1.8705,-1.9709,-6.0535,2.296,4.8583,2.0774
1.5794,1.0834,1.0454,-1.2207,0.39282,0.54674,-2.1841,-1.9662,-6.159,2.1464,4.1655,1.564
2.3536,0.78032,-0.14409,-1.459,1.2982,-0.11322,-2.4618,-1.9389,-6.199,1.9685,3.424,1.0122
3.1917,0.37423,-1.4088,-1.6238,2.3248,-0.82799,-2.7038,-1.8991,-6.1676,1.7722,2.6773,0.44498
4.0501,-0.15386,-2.6698,-1.6701,3.4529,-1.5782,-2.8927,-1.8623,-6.068,1.573,1.9771,-0.094578
4.8043,-0.78713,-3.8502,-1.5527,4.5971,-2.3254,-3.0042,-1.8405,-5.9092,1.3909,1.3735,-0.55085
5.2864,-1.4731,-4.8786,-1.2405,5.6238,-3.0167,-3.0219,-1.8352,-5.7027,1.2439,0.90204,-0.87623
5.3449,-2.1446,-5.6919,-0.73039,6.388,-3.5988,-2.9486,-1.8367,-5.4594,1.1409,0.57648,-1.0533
4.8993,-2.7426,-6.2429,-0.054747,6.7746,-4.0334,-2.8072,-1.8289,-5.1887,1.0776,0.38389,-1.102
3.9705,-3.2241,-6.5137,0.71621,6.7277,-4.3055,-2.6343,-1.7961,-4.8963,1.0415,0.29923,-1.0667
2.6847,-3.5552,-6.5119,1.4806,6.2649,-4.4164,-2.4659,-1.73,-4.5835,1.0201,0.30064,-0.99031
1.2527,-3.7037,-6.2646,2.1209,5.4755,-4.3732,-2.3243,-1.6331,-4.2478,1.0085,0.38266,-0.89269
-0.072666,-3.6417,-5.8103,2.5277,4.5,-4.1812,-2.2123,-1.518,-3.887,1.01,0.55298,-0.76466
-1.0557,-3.3589,-5.1903,2.6263,3.4949,-3.8453,-2.1169,-1.4031,-3.5069,1.0309,0.82011,-0.57837
-1.5421,-2.8787,-4.4392,2.3989,2.5883,-3.3758,-2.0186,-1.3063,-3.1284,1.0737,1.1791,-0.30839
-1.5026,-2.2624,-3.5838,1.8921,1.8483,-2.7956,-1.9006,-1.2383,-2.7843,1.1354,1.6049,0.048609
-1.0293,-1.5957,-2.6508,1.2061,1.2807,-2.1429,-1.7537,-1.1976,-2.5066,1.2113,2.0597,0.46859
-0.28989,-0.96202,-1.6755,0.46858,0.85392,-1.4653,-1.5771,-1.1686,-2.3073,1.3023,2.5088,0.9122
0.51846,-0.42172,-0.70299,-0.19556,0.52764,-0.81127,-1.3766,-1.1261,-2.1713,1.4176,2.9339,1.3433
1.2021,-0.0055316,0.21645,-0.68985,0.26318,-0.2219,-1.1622,-1.0453,-2.0676,1.5708,3.3333,1.7402
1.6031,0.27763,1.0367,-0.95975,0.017796,0.27284,-0.94429,-0.91422,-1.969,1.7698,3.7112,2.0932
1.6293,0.42819,1.7243,-0.9923,-0.25485,0.65511,-0.72946,-0.7416,-1.8681,2.0084,4.0657,2.3985
1.2668,0.45103,2.262,-0.80612,-0.58862,0.91739,-0.5193,-0.55518,-1.7802,2.2638,4.3822,2.6497
0.57058,0.35105,2.645,-0.43912,-0.98661,1.0584,-0.31244,-0.39097,-1.7347,2.5037,4.6352,2.8351
-0.36152,0.13235,2.8734,0.061261,-1.4175,1.0778,-0.10878,-0.27824,-1.759,2.6958,4.7959,2.9402
-1.4159,-0.20131,2.9478,0.64514,-1.8299,0.97725,0.08672,-0.2289,-1.8629,2.8178,4.8426,2.952
-2.4827,-0.64313,2.8698,1.2659,-2.173,0.76097,0.26233,-0.2366,-2.0342,2.8624,4.7672,2.8631
-3.4667,-1.1778,2.6477,1.8817,-2.4103,0.43974,0.40094,-0.28427,-2.2453,2.8368,4.5775,2.674
-4.2905,-1.7741,2.3012,2.454,-2.5217,0.034993,0.48519,-0.35399,-2.4656,2.7579,4.2923,2.3966
-4.8914,-2.3852,1.8611,2.9444,-2.499,-0.41978,0.50393,-0.43347,-2.6729,2.646,3.9409,2.0541
-5.2184,-2.9549,1.366,3.3135,-2.3411,-0.88257,0.45482,-0.51745,-2.8592,2.5187,3.5528,1.6776
-5.2366,-3.4309,0.8521,3.5253,-2.0516,-1.3123,0.33997,-0.60538,-3.0297,2.3868,3.147,1.2976
-4.936,-3.777,0.34487,3.5553,-1.6386,-1.6787,0.16148,-0.6984,-3.1984,2.2527,2.7318,0.93452
-4.3377,-3.982,-0.14358,3.3985,-1.116,-1.97,-0.083056,-0.79711,-3.3792,2.1135,2.3056,0.59185
-3.4963,-4.0587,-0.61137,3.0746,-0.5048,-2.192,-0.39867,-0.90043,-3.5775,1.9648,1.8665,0.25791
-2.4978,-4.0346,-1.0587,2.6263,0.16292,-2.3593,-0.78695,-1.0053,-3.786,1.8055,1.4208,-0.085124
-1.4508,-3.9411,-1.481,2.1121,0.84118,-2.4858,-1.2396,-1.1072,-3.9869,1.6372,0.98411,-0.45031
-0.47204,-3.8073,-1.8648,1.596,1.4718,-2.5796,-1.7361,-1.2032,-4.1631,1.4609,0.57356,-0.8405
0.33226,-3.6605,-2.1887,1.1371,1.9917,-2.6444,-2.2474,-1.2941,-4.309,1.2728,0.19675,-1.2498
0.88451,-3.5259,-2.4275,0.78062,2.3453,-2.6823,-2.7442,-1.386,-4.4363,1.063,-0.15384,-1.6684
1.1499,-3.4231,-2.5595,0.55137,2.4966,-2.6953,-3.2047,-1.4877,-4.5689,0.82113,-0.49648,-2.0874
1.1406,-3.3607,-2.5717,0.45149,2.4399,-2.6834,-3.6194,-1.606,-4.731,0.54315,-0.84951,-2.5012
0.90851,-3.3327,-2.463,0.46411,2.2017,-2.6427,-3.9903,-1.7411,-4.9344,0.23695,-1.2215,-2.9076
0.52488,-3.3207,-2.2427,0.56239,1.8324,-2.5644,-4.3256,-1.8855,-5.1734,-0.078585,-1.6074,-3.3063
0.056801,-3.3032,-1.9258,0.72069,1.3873,-2.4371,-4.6319,-2.0265,-5.4287,-0.38002,-1.9915,-3.698
-0.45111,-3.2668,-1.5277,0.92392,0.90845,-2.2533,-4.9089,-2.1517,-5.6776,-0.6481,-2.3532,-4.084
-0.98142,-3.2173,-1.0609,1.1709,0.41529,-2.0169,-5.1496,-2.2532,-5.905,-0.87433,-2.6741,-4.4666
-1.5357,-3.1801,-0.53617,1.4701,-0.092382,-1.7464,-5.343,-2.3291,-6.1089,-1.0614,-2.9419,-4.8458
-2.1202,-3.1874,0.037,1.8283,-0.62255,-1.4679,-5.4779,-2.3812,-6.297,-1.2171,-3.1525,-5.2151
-2.7337,-3.2593,0.65063,2.238,-1.179,-1.2023,-5.5451,-2.4108,-6.4781,-1.3467,-3.3083,-5.5602
-3.3627,-3.3856,1.3009,2.6701,-1.7581,-0.95334,-5.5399,-2.4165,-6.6528,-1.4473,-3.4163,-5.8614
-3.9852,-3.5213,1.9888,3.0778,-2.3545,-0.70359,-5.4644,-2.3942,-6.8098,-1.51,-3.4851,-6.1004
-4.5783,-3.5981,2.7183,3.4104,-2.9663,-0.41891,-5.3285,-2.341,-6.9298,-1.526,-3.5222,-6.2699
-5.1268,-3.5515,3.4901,3.6307,-3.5952,-0.064361,-5.1504,-2.2596,-6.9967,-1.495,-3.5368,-6.3783
-5.633,-3.3497,4.296,3.7299,-4.2422,0.37769,-4.9531,-2.1612,-7.0077,-1.4286,-3.5403,-6.4479
-6.1232,-3.0105,5.1147,3.7341,-4.9051,0.89534,-4.758,-2.0631,-6.9796,-1.3477,-3.5466,-6.5051
-6.641,-2.5935,5.912,3.6967,-5.5782,1.4484,-4.5796,-1.983,-6.9399,-1.2743,-3.5687,-6.5683
-7.2254,-2.1719,6.6484,3.6768,-6.2521,1.9826,-4.4223,-1.9321,-6.9157,-1.2222,-3.6149,-6.6391
-7.8821,-1.799,7.2892,3.7122,-6.9114,2.4508,-4.2825,-1.9117,-6.9182,-1.1926,-3.684,-6.7027
-8.5652,-1.4872,7.8118,3.7998,-7.5293,2.8294,-4.1533,-1.9148,-6.9379,-1.175,-3.7654,-6.7363
-9.1766,-1.2075,8.2062,3.8945,-8.061,3.1238,-4.0306,-1.9316,-6.9524,-1.1539,-3.8415,-6.7215
-9.5833,-0.90882,8.4681,3.9241,-8.4442,3.3591,-3.9191,-1.9556,-6.9408,-1.1184,-3.8931,-6.653
-9.6507,-0.54617,8.5924,3.814,-8.6075,3.5606,-3.8326,-1.9847,-6.8939,-1.0689,-3.9049,-6.542
-9.279,-0.10656,8.5694,3.5124,-8.4898,3.7361,-3.7908,-2.0208,-6.8198,-1.0189,-3.8704,-6.4124
-8.4345,0.37943,8.3867,3.0073,-8.06,3.8671,-3.8115,-2.0671,-6.7402,-0.98965,-3.7944,-6.2941
-7.163,0.84419,8.0338,2.3311,-7.328,3.9139,-3.904,-2.1268,-6.6824,-1.0013,-3.6938,-6.2169
-5.5807,1.2063,7.5088,1.5512,-6.3448,3.8315,-4.0646,-2.201,-6.6677,-1.0647,-3.5947,-6.2025
-3.8462,1.4022,6.8244,0.75179,-5.1927,3.5908,-4.2766,-2.2886,-6.7023,-1.1779,-3.5257,-6.259
-2.1272,1.4103,6.0094,0.013433,-3.973,3.1945,-4.5136,-2.3878,-6.7742,-1.328,-3.5077,-6.3778
-0.57434,1.2556,5.109,-0.59985,-2.792,2.6789,-4.7454,-2.4981,-6.8564,-1.4963,-3.5444,-6.5357
0.69209,0.99204,4.179,-1.0456,-1.747,2.1009,-4.9449,-2.6213,-6.9188,-1.6633,-3.6195,-6.7021
1.5846,0.6762,3.2771,-1.2994,-0.91266,1.5207,-5.094,-2.7606,-6.9406,-1.8138,-3.7034,-6.8501
2.0483,0.34205,2.4524,-1.347,-0.33039,0.98395,-5.1859,-2.9179,-6.9194,-1.9386,-3.7663,-6.9676
2.0653,-0.0096729,1.736,-1.1801,-0.0023227,0.51133,-5.224,-3.0895,-6.8729,-2.0346,-3.7916,-7.062
1.6656,-0.40143,1.1355,-0.80467,0.10549,0.098008,-5.2182,-3.2631,-6.8279,-2.103,-3.7807,-7.1553
0.93323,-0.85321,0.63723,-0.25101,0.05091,-0.27499,-5.177,-3.4199,-6.8069,-2.1452,-3.7478,-7.2724
-0.0024846,-1.3599,0.21977,0.42186,-0.10079,-0.62323,-5.1029,-3.5397,-6.815,-2.1602,-3.709,-7.4287
-0.98603,-1.8833,-0.12604,1.1302,-0.29214,-0.94451,-4.9924,-3.6106,-6.8386,-2.1468,-3.6725,-7.6239
-1.8598,-2.3628,-0.3852,1.7771,-0.48354,-1.2161,-4.8409,-3.635,-6.8523,-2.1071,-3.637,-7.8441
-2.4898,-2.7389,-0.52422,2.2712,-0.65604,-1.4056,-4.6503,-3.6284,-6.8357,-2.0516,-3.5972,-8.0709
-2.7905,-2.9787,-0.51115,2.5477,-0.80742,-1.4903,-4.433,-3.6149,-6.7869,-1.999,-3.5532,-8.2909
-2.7411,-3.0922,-0.3363,2.5841,-0.94439,-1.4722,-4.2097,-3.6161,-6.7265,-1.9727,-3.5174,-8.5035
-2.3921,-3.1328,-0.021304,2.4064,-1.0754,-1.3831,-4.0041,-3.6436,-6.6878,-1.997,-3.5161,-8.7207
-1.8589,-3.1833,0.38618,2.0877,-1.2117,-1.2762,-3.8365,-3.6981,-6.7062,-2.0927,-3.5838,-8.9662
-1.3045,-3.3314,0.82675,1.7391,-1.3718,-1.2092,-3.7212,-3.772,-6.806,-2.2729,-3.7487,-9.2647
-0.90728,-3.6414,1.2461,1.4898,-1.5836,-1.2253,-3.6652,-3.8533,-6.9908,-2.5374,-4.0173,-9.6291
-0.81501,-4.124,1.6095,1.4493,-1.8786,-1.3371,-3.6667,-3.9276,-7.242,-2.8663,-4.3632,-10.05
-1.1093,-4.7165,1.9077,1.666,-2.2817,-1.5186,-3.7138,-3.9775,-7.5224,-3.2159,-4.7294,-10.49
-1.8092,-5.2959,2.1522,2.1157,-2.806,-1.7129,-3.7875,-3.9856,-7.7842,-3.5234,-5.0439,-10.897
-2.9066,-5.7408,2.3604,2.7466,-3.4545,-1.8586,-3.8658,-3.9372,-7.9816,-3.7239,-5.2444,-11.218
-4.3843,-6.0064,2.5385,3.5404,-4.216,-1.9259,-3.9298,-3.823,-8.0845,-3.776,-5.302,-11.427
-6.1775,-6.1457,2.6722,4.5099,-5.0457,-1.9322,-3.9683,-3.6406,-8.086,-3.6792,-5.2305,-11.531
-8.1102,-6.2505,2.7359,5.6222,-5.8491,-1.9223,-3.9777,-3.3936,-7.9977,-3.4692,-5.0775,-11.565
-9.8826,-6.3615,2.7097,6.7381,-6.4918,-1.9278,-3.9583,-3.0892,-7.8368,-3.1959,-4.9005,-11.569
-11.133,-6.427,2.5952,7.6328,-6.8347,-1.9402,-3.9087,-2.7365,-7.6156,-2.9003,-4.7417,-11.565
-11.549,-6.3252,2.4214,8.0679,-6.7728,-1.9086,-3.8214,-2.3446,-7.3366,-2.6022,-4.6104,-11.545
-10.959,-5.9164,2.2374,7.8667,-6.2624,-1.7586,-3.6822,-1.9198,-6.9904,-2.298,-4.4806,-11.478
-9.3427,-5.0899,2.098,6.9571,-5.3327,-1.4192,-3.4729,-1.4619,-6.5572,-1.9645,-4.304,-11.318
-6.8256,-3.7923,2.0487,5.3754,-4.0803,-0.83999,-3.1765,-0.95942,-6.0083,-1.5648,-4.0329,-11.02
-3.6345,-2.031,2.1164,3.2297,-2.6496,-0.0017937,-2.7823,-0.38849,-5.3112,-1.0569,-3.6404,-10.554
-0.014437,0.14984,2.308,0.62227,-1.2042,1.0877,-2.2885,0.28499,-4.4321,-0.40132,-3.1271,-9.9104
3.8847,2.7147,2.6175,-2.4504,0.10419,2.4087,-1.7012,1.1045,-3.3306,0.43586,-2.5103,-9.0987
8.0791,5.683,3.0361,-6.1257,1.1647,3.9483,-1.0274,2.1215,-1.9414,1.4871,-1.8062,-8.1367
12.558,9.15,3.5615,-10.465,1.9314,5.7161,-0.2658,3.3959,-0.15386,2.7954,-1.015,-7.0414
16.952,13.238,4.198,-15.181,2.435,7.7457,0.598,4.9915,2.1812,4.4241,-0.12037,-5.8204
20.844,17.991,4.9484,-19.918,2.7719,10.074,1.5877,6.9548,5.1454,6.4468,0.89523,-4.4719
24.314,23.304,5.8022,-24.698,3.0716,12.695,2.7198,9.2791,8.5689,8.899,2.0283,-2.9916
27.704,28.938,6.7266,-29.641,3.455,15.519,3.9795,11.876,12.066,11.714,3.2391,-1.3864
31.249,34.541,7.6641,-34.533,3.9963,18.363,5.3037,14.588,15.406,14.708,4.456,0.31412
35.017,39.682,8.5378,-38.977,4.705,21.005,6.5912,17.248,18.663,17.658,5.607,2.0635
38.889,44.037,9.2716,-42.753,5.5352,23.232,7.7352,19.753,21.998,20.406,6.6578,3.8249
42.547,47.547,9.8197,-45.878,6.4204,24.931,8.6552,22.078,25.495,22.918,7.6363,5.6023
45.669,50.365,10.183,-48.456,7.3089,26.129,9.3111,24.252,29.164,25.267,8.6288,7.4493
48.116,52.665,10.385,-50.565,8.1788,26.948,9.7011,26.317,32.97,27.558,9.7581,9.4635
49.932,54.494,10.442,-52.231,9.0303,27.485,9.8494,28.293,36.826,29.879,11.155,11.75
51.254,55.755,10.329,-53.452,9.8737,27.736,9.7895,30.168,40.565,32.275,12.929,14.379
52.249,56.281,9.981,-54.224,10.742,27.61,9.5463,31.906,43.939,34.733,15.142,17.336
53.068,55.932,9.3114,-54.56,11.728,26.975,9.1194,33.454,46.659,37.179,17.769,20.493
53.838,54.674,8.2399,-54.503,12.996,25.728,8.477,34.752,48.498,39.497,20.673,23.63
54.656,52.63,6.7278,-54.142,14.715,23.851,7.5682,35.726,49.407,41.579,23.618,26.528
55.589,50.049,4.7976,-53.594,16.966,21.443,6.3475,36.297,49.565,43.335,26.348,29.05
56.673,47.196,2.528,-52.979,19.719,18.7,4.8039,36.391,49.34,44.679,28.667,31.153
57.908,44.242,0.032117,-52.381,22.851,15.847,2.9771,35.971,49.175,45.529,30.491,32.86
59.261,41.232,-2.562,-51.833,26.159,13.07,0.9537,35.047,49.417,45.847,31.815,34.212
60.658,38.123,-5.1236,-51.309,29.363,10.495,-1.1511,33.652,50.062,45.646,32.665,35.231
61.979,34.834,-7.5351,-50.712,32.114,8.1902,-3.2113,31.795,50.66,44.938,33.041,35.9
63.029,31.293,-9.7219,-49.846,34.085,6.1765,-5.1047,29.439,50.568,43.687,32.908,36.186
63.536,27.507,-11.684,-48.441,35.1,4.4362,-6.7312,26.555,49.299,41.833,32.232,36.066
63.208,23.611,-13.485,-46.284,35.215,2.918,-8.0386,23.197,46.701,39.373,31.034,35.541
61.864,19.844,-15.185,-43.413,34.636,1.5445,-9.036,19.516,42.929,36.426,29.425,34.621
59.552,16.398,-16.774,-40.059,33.58,0.22288,-9.7724,15.705,38.27,33.169,27.556,33.294
56.449,13.319,-18.186,-36.367,32.194,-1.1383,-10.296,11.938,32.967,29.679,25.508,31.487
52.655,10.515,-19.377,-32.291,30.551,-2.6097,-10.629,8.3329,27.216,25.881,23.209,29.066
48.157,7.8399,-20.352,-27.742,28.674,-4.2322,-10.769,4.9739,21.237,21.671,20.502,25.933
42.944,5.1666,-21.15,-22.713,26.579,-6.0211,-10.708,1.9284,15.311,17.078,17.303,22.156
37.121,2.4298,-21.808,-17.323,24.321,-7.9708,-10.449,-0.75564,9.7199,12.286,13.693,17.968
30.961,-0.37025,-22.355,-11.837,22.017,-10.051,-10.014,-3.0702,4.7023,7.54,9.8654,13.623
24.862,-3.1874,-22.819,-6.6649,19.834,-12.204,-9.4471,-5.0607,0.46146,3.0716,6.0482,9.346
19.25,-5.9571,-23.236,-2.2609,17.958,-14.362,-8.802,-6.8133,-2.8206,-0.93379,2.4708,5.3629
14.42,-8.622,-23.645,1.0809,16.539,-16.46,-8.1279,-8.4223,-5.0914,-4.373,-0.67967,1.8867
10.445,-11.151,-24.075,3.3533,15.641,-18.449,-7.4581,-9.9587,-6.5735,-7.2825,-3.3271,-0.97702
7.2853,-13.545,-24.539,4.7672,15.21,-20.296,-6.8101,-11.454,-7.6436,-9.8467,-5.516,-3.2769
4.9732,-15.828,-25.023,5.6095,15.1,-21.975,-6.1938,-12.903,-8.5628,-12.291,-7.3436,-5.1474
3.5773,-18.011,-25.498,6.1512,15.122,-23.46,-5.6179,-14.283,-9.4161,-14.745,-8.8972,-6.7148
2.9611,-20.068,-25.921,6.6065,15.097,-24.732,-5.0917,-15.568,-10.198,-17.205,-10.238,-8.0615
2.7421,-21.927,-26.255,7.1116,14.907,-25.786,-4.623,-16.74,-10.881,-19.59,-11.404,-9.2303
2.5285,-23.509,-26.472,7.7164,14.514,-26.624,-4.2152,-17.793,-11.443,-21.805,-12.417,-10.233
2.0894,-24.768,-26.557,8.4007,13.942,-27.263,-3.8665,-18.72,-11.872,-23.769,-13.28,-11.057
1.3687,-25.713,-26.511,9.1128,13.245,-27.725,-3.5693,-19.51,-12.162,-25.418,-13.991,-11.671
0.43478,-26.399,-26.355,9.811,12.485,-28.041,-3.3124,-20.153,-12.315,-26.715,-14.545,-12.046
-0.57726,-26.919,-26.119,10.486,11.711,-28.253,-3.0825,-20.642,-12.337,-27.653,-14.945,-12.171
-1.5223,-27.371,-25.839,11.158,10.956,-28.403,-2.8668,-20.985,-12.248,-28.264,-15.202,-12.072
-2.296,-27.831,-25.544,11.861,10.226,-28.531,-2.6552,-21.208,-12.075,-28.615,-15.343,-11.8
-2.87,-28.334,-25.245,12.623,9.4993,-28.655,-2.4412,-21.344,-11.851,-28.798,-15.4,-11.422
-3.2935,-28.862,-24.935,13.44,8.7435,-28.77,-2.2212,-21.429,-11.602,-28.907,-15.415,-10.998
-3.6599,-29.368,-24.603,14.278,7.9405,-28.856,-1.9934,-21.487,-11.342,-29.015,-15.421,-10.567
-4.0648,-29.801,-24.237,15.077,7.1016,-28.893,-1.7577,-21.531,-11.07,-29.157,-15.445,-10.142
-4.5768,-30.137,-23.835,15.792,6.2584,-28.87,-1.5148,-21.562,-10.77,-29.336,-15.503,-9.7137
-5.2296,-30.378,-23.401,16.415,5.4378,-28.79,-1.266,-21.58,-10.423,-29.536,-15.6,-9.2667
-6.0229,-30.544,-22.939,16.975,4.6488,-28.669,-1.0116,-21.587,-10.021,-29.743,-15.731,-8.7886
-6.9197,-30.664,-22.449,17.51,3.8935,-28.518,-0.74967,-21.589,-9.573,-29.959,-15.893,-8.2803
-7.8428,-30.751,-21.927,18.029,3.1856,-28.344,-0.47584,-21.593,-9.1026,-30.195,-16.075,-7.755
-8.6861,-30.8,-21.367,18.506,2.5541,-28.141,-0.18544,-21.594,-8.6385,-30.457,-16.261,-7.2321
-9.3433,-30.793,-20.766,18.895,2.0299,-27.901,0.12016,-21.57,-8.2034,-30.736,-16.429,-6.73
-9.7417,-30.714,-20.124,19.157,1.6274,-27.614,0.42641,-21.488,-7.8072,-31.017,-16.56,-6.262
-9.8681,-30.566,-19.442,19.291,1.3354,-27.282,0.70587,-21.333,-7.4472,-31.29,-16.645,-5.8386
-9.7774,-30.373,-18.725,19.342,1.1179,-26.919,0.93293,-21.126,-7.1111,-31.572,-16.701,-5.4714
-9.5802,-30.173,-17.972,19.387,0.92509,-26.539,1.1076,-20.925,-6.7827,-31.913,-16.766,-5.1758
-9.4132,-29.993,-17.175,19.495,0.70675,-26.15,1.2701,-20.793,-6.4454,-32.363,-16.886,-4.9709
-9.3995,-29.826,-16.3,19.689,0.42324,-25.729,1.4922,-20.767,-6.0882,-32.942,-17.09,-4.8754
-9.6114,-29.616,-15.272,19.918,0.053428,-25.204,1.852,-20.856,-5.7109,-33.616,-17.378,-4.9014
-10.049,-29.255,-13.971,20.058,-0.40199,-24.441,2.3993,-21.062,-5.3317,-34.298,-17.718,-5.046
-10.65,-28.555,-12.26,19.938,-0.92427,-23.218,3.109,-21.44,-4.9969,-34.891,-18.059,-5.283
-11.332,-27.231,-10.036,19.411,-1.4888,-21.212,3.8178,-22.14,-4.7902,-35.33,-18.341,-5.5573
-12.041,-24.945,-7.3524,18.496,-2.0825,-18.101,4.2005,-23.425,-4.8317,-35.618,-18.503,-5.7863
-12.755,-21.901,-4.5561,17.62,-2.7245,-14.285,3.8735,-25.5,-5.2399,-35.847,-18.483,-5.8683
-13.427,-20.87,-2.4285,17.823,-3.4996,-12.672,2.9475,-27.464,-6.0042,-36.22,-18.214,-5.6947
-13.947,-26.229,-2.9405,20.48,-4.6219,-16.559,8.24,-27.577,-4.5027,-37.043,-17.626,-5.1665
-14.17,-31.933,-6.6658,25.308,-6.4662,-19.333,11.034,-28.164,1.5716,-38.643,-16.666,-4.2349
-13.949,-33.111,-7.6298,28.654,-9.2637,-19.174,12.197,-29.039,2.0843,-41.169,-15.519,-3.273
-13.166,-30.181,-5.485,28.208,-12.643,-16.512,13.911,-29.793,2.164,-44.499,-16.431,-7.9544
-11.766,-22.696,-0.30788,24.443,-16.222,-10.336,15.947,-31.583,1.7112,-47.282,-30.329,-16.645
-9.8113,-10.215,8.891,17.726,-19.884,0.47924,17.514,-36.76,0.10152,-47.307,-40.001,-18.157
-7.6822,7.666,23.026,7.7094,-23.257,16.776,16.785,-49.027,-4.2608,-45.686,-38.388,-17.767
-7.7099,31.611,42.557,-5.4743,-26.096,39.213,10.236,-73.254,-14.599,-43.833,-31.599,-14.957
-6.4747,61.55,67.169,-21.453,-29.306,67.501,-9.099,-114.03,-36.257,-43.606,-20.226,-8.8015
-4.0837,94.206,94.767,-39.279,-36.031,98.535,-50.933,-174.2,-74.642,-46.294,-5.3592,1.9185
-2.1334,123.8,121.34,-56.647,-48.994,126.64,-105.65,-256.48,-129.8,-56.334,12.265,19.034
0.43435,146.9,143.77,-71.788,-63.447,148.01,-169.95,-362.85,-204.88,-77.99,33.441,45.418
4.7282,164.11,160.44,-84.577,-71.126,162.93,-243.73,-492.97,-304.84,-114.21,60.828,83.505
12.339,178.36,168.66,-96.927,-70.344,172.44,-322.91,-643.96,-430.79,-166.85,97.601,129.7
26.635,193.41,168.4,-112.35,-63.725,179.03,-402.79,-810.08,-578.88,-233.87,145.22,182.49
51.578,213.9,165.55,-133.83,-53.357,187.99,-480.27,-982.44,-738.62,-306.86,205.26,247.32
85.951,244.56,165.27,-163.91,-40.638,203.85,-554.19,-1149.2,-893.91,-373.04,284.43,327.62
124.88,287.2,168.76,-203.35,-25.994,227.76,-624.03,-1297.5,-1026,-415.44,387.89,424.93
167.9,338.67,175.58,-249.62,-6.9265,257.34,-688.28,-1415.3,-1117.1,-416.69,516.13,537.56
212.11,390.33,182.25,-296.72,15.308,286.6,-742.95,-1493.1,-1153.2,-364.97,662.08,658.62
250.82,428.52,182.3,-335.47,36.038,305.41,-781.41,-1525.4,-1127.8,-258.53,809.66,774.57
275.81,438,168.08,-354.34,57.321,302.48,-796.48,-1512.7,-1044.9,-109.3,935.77,866.83
280.38,409,134.8,-343.61,78.354,271.28,-784.25,-1464,-921.79,56.906,1015.6,916.54
261.01,343.71,86.755,-301.48,93.139,215.28,-746.91,-1395.7,-788,204.32,1029.3,910.65
218.21,256.4,38.502,-235.9,94.951,148.61,-692.11,-1328.3,-678.27,295.02,967.52,846.11
157,167.15,7.027,-160.19,79.022,89.694,-628.85,-1278.7,-622.69,297.74,833.16,729.78
85.115,93.413,2.9761,-86.97,44.621,52.233,-563.23,-1253.8,-637.41,196.3,639.8,575.03
10.546,43.339,26.021,-24.117,-3.8809,39.624,-497.44,-1248.9,-719.15,-3.5048,407.99,397.99
-59.757,14.109,65.615,26.28,-57.674,45.026,-432.07,-1251,-845.7,-271.76,162.39,215.21
-120.34,-4.0381,106.23,66.081,-106.56,55.721,-369.13,-1246.3,-982.82,-560.06,-71.023,42.434
-167.67,-21.219,134.45,98.294,-142.66,59.835,-312.83,-1224.1,-1094.9,-814.59,-268.45,-106.41
-200.43,-43.191,143.35,125.03,-162.33,51.607,-266.12,-1178.8,-1155.6,-992.49,-412.76,-220.68
-218.78,-70.257,132.11,146.55,-165.5,31.256,-228.14,-1108.9,-1154.2,-1073.8,-497.11,-295.27
-223.08,-98.784,105,161.79,-154.92,2.5845,-197.28,-1017.9,-1096.1,-1063.8,-525.94,-331.99
-215.63,-124.31,71.471,169.96,-135.33,-29.276,-170.79,-912.89,-997.19,-986.36,-511.86,-337.46
-200.86,-144.14,39.521,171.66,-111.89,-56.799,-144.67,-801.41,-876.4,-871.98,-470.14,-320.55
-182.88,-157.68,12.402,168.94,-88.77,-75.377,-115.44,-690.28,-750.16,-747.33,-415.22,-290.95
-164.93,-164.81,-6.7485,164.19,-68.887,-87.327,-82.322,-585.68,-629.69,-631.52,-358.78,-257.19
-149.81,-166.12,-13.739,158.55,-54.621,-93.683,-47.607,-492.46,-521.99,-535.3,-308.49,-225.24
-139.38,-161.73,-18.181,151.98,-46.752,-92.824,-15.308,-413.13,-430.04,-460.73,-267.9,-198.15
-130.99,-151.03,-21.2,143.29,-43.071,-84.145,10.947,-347.53,-353.41,-403.62,-236.76,-175.98
-121.48,-133.88,-16.528,131.07,-40.757,-68.933,28.888,-293.4,-289.51,-356.91,-210.76,-155.8
-110.17,-111.81,-5.9027,115.31,-38.601,-52.095,38.13,-247.24,-234.88,-314.9,-186.19,-134.53
-97.172,-88.4,-0.42488,97.662,-36.101,-38.816,40.203,-205.46,-186.6,-273.95,-162.78,-115.67
-82.894,-67.372,0.2349,79.724,-32.38,-28.416,37.836,-165.59,-142.83,-232.96,-139.02,-97.7
-68.185,-50.444,-0.026602,62.482,-27.921,-20.303,33.828,-126.87,-102.54,-193.11,-115.48,-79.517
-54.164,-37.684,-0.30031,47.031,-22.157,-15.277,30.307,-89.816,-65.224,-156.44,-93.969,-62.528
-42.026,-28.8,-0.3464,34.726,-14.969,-13.076,25.836,-56.046,-30.908,-124.56,-75.9,-48.5
-32.732,-23.377,-0.1289,26.384,-8.952,-12.7,20.628,-28.716,-0.17142,-99.128,-62.296,-38.151
-26.568,-20.548,0.32963,21.67,-5.3524,-12.604,21.145,-10.404,25.56,-81.148,-53.186,-31.176
-23.322,-19.034,0.97871,19.454,-3.4878,-10.989,21.735,-0.94904,43.257,-69.038,-47.454,-26.817
-22.495,-17.396,1.7429,18.422,-2.6714,-7.861,21.854,1.9278,51.989,-60.668,-43.958,-24.184
-22.759,-14.069,2.5463,16.972,-2.4447,-4.7527,21.492,1.1657,54.289,-54.331,-41.463,-21.907
-20.274,-10.013,3.3252,12.377,-2.4754,-2.3781,20.779,-0.44192,53.876,-48.658,-37.96,-17.546
-15.005,-6.7146,4.0175,7.8172,-2.5289,-0.66115,19.913,-0.043706,54.301,-42.617,-31.305,-12.486
-11.787,-4.3394,4.567,5.4769,-2.4575,0.60446,19.064,3.9451,57.819,-35.938,-24.215,-9.0739
-10.069,-2.6513,4.9592,4.2038,-2.2339,1.5689,18.328,8.5925,65.328,-30.571,-19.648,-6.7575
-9.0447,-1.4167,5.2516,3.4784,-1.9537,2.3451,17.723,13.639,77.03,-25.868,-16.775,-5.0163
-8.5264,-0.45578,5.5523,3.1071,-1.7735,3.0322,17.213,18.777,88.109,-20.337,-14.711,-3.6357
-8.4609,0.36814,5.9628,2.967,-1.8287,3.7106,16.732,23.513,95.122,-15.084,-13.091,-2.5241
-8.7585,1.1542,6.5331,2.9356,-2.1764,4.4309,16.198,27.578,99.544,-10.946,-11.77,-1.638
-9.2576,1.968,7.2491,2.887,-2.7813,5.2105,15.539,30.96,102.79,-7.8926,-10.685,-0.94931
-9.7387,2.8456,8.0469,2.7091,-3.5293,6.0365,14.726,33.797,105.51,-5.5971,-9.7939,-0.42718
-9.973,3.7885,8.8366,2.3237,-4.2499,6.8705,13.8,36.286,108.09,-3.7759,-9.0605,-0.029879
-9.7966,4.757,9.5233,1.7066,-4.7597,7.6562,12.847,38.62,110.87,-2.2532,-8.4458,0.29127
-9.1681,5.678,10.027,0.8996,-4.9281,8.3305,11.954,40.928,113.97,-0.93211,-7.9136,0.579
-8.1771,6.4673,10.305,0.0025573,-4.7224,8.8407,11.175,43.239,117.21,0.24427,-7.4373,0.85766
-7.007,7.058,10.365,-0.8544,-4.2097,9.1625,10.521,45.497,120.18,1.3164,-7.0055,1.1294
-5.8791,7.419,10.261,-1.5467,-3.5239,9.3079,9.9688,47.607,122.64,2.3188,-6.6196,1.3798
-4.9964,7.5621,10.07,-1.9862,-2.8208,9.3183,9.4749,49.492,124.57,3.2836,-6.2875,1.5884
-4.4988,7.5354,9.8627,-2.1376,-2.2393,9.2469,8.9906,51.131,126.06,4.2415,-6.0147,1.7394
-4.4341,7.4042,9.684,-2.0179,-1.8769,9.1367,8.484,52.559,127.24,5.2187,-5.8005,1.8296
-4.7531,7.2258,9.5459,-1.6809,-1.7713,9.0059,7.9506,53.853,128.19,6.2305,-5.6404,1.8696
-5.3373,7.0268,9.4355,-1.1969,-1.8895,8.8494,7.4067,55.096,129.02,7.2714,-5.5312,1.8788
-6.0499,6.7954,9.3242,-0.63477,-2.1379,8.6511,6.8724,56.336,129.83,8.3059,-5.4741,1.8776
-6.7788,6.4947,9.1764,-0.051701,-2.4031,8.3943,6.3622,57.558,130.73,9.2685,-5.4729,1.8814
-7.4514,6.0923,8.9629,0.51016,-2.5995,8.0679,5.8857,58.692,131.77,10.082,-5.5271,1.9002
-8.0351,5.5927,8.6815,1.0211,-2.6964,7.68,5.4508,59.644,132.97,10.694,-5.6231,1.942
-8.5297,5.0534,8.3701,1.4567,-2.7167,7.2742,5.0614,60.352,134.28,11.104,-5.7295,2.0171
-8.9505,4.575,8.0981,1.793,-2.712,6.9276,4.7124,60.819,135.62,11.373,-5.8001,2.1379
-9.305,4.2672,7.9357,2.0076,-2.7285,6.7266,4.3864,61.118,136.93,11.597,-5.7828,2.316
-9.58,4.2127,7.9248,2.0842,-2.7851,6.7357,4.0591,61.365,138.17,11.879,-5.6303,2.5602
-9.7464,4.4426,8.0685,2.016,-2.8723,6.9779,3.713,61.692,139.36,12.304,-5.3075,2.8754
-9.7712,4.9326,8.3426,1.8076,-2.9613,7.434,3.3514,62.218,140.55,12.932,-4.7956,3.2638
-9.6298,5.6159,8.7134,1.4747,-3.0141,8.0571,3.0024,63.035,141.87,13.799,-4.0913,3.7269
-9.3135,6.4099,9.1538,1.0417,-2.9936,8.7947,2.7075,64.186,143.41,14.916,-3.2029,4.2684
-8.8342,7.2497,9.6515,0.53367,-2.8812,9.61,2.5025,65.654,145.27,16.264,-2.1481,4.8946
-8.2253,8.1132,10.209,-0.033429,-2.6907,10.491,2.3982,67.353,147.45,17.794,-0.95125,5.6103
-7.5398,9.0242,10.839,-0.65126,-2.4729,11.447,2.3698,69.154,149.85,19.441,0.36326,6.4124
-6.8471,10.033,11.551,-1.307,-2.3042,12.494,2.3629,70.909,152.33,21.133,1.7797,7.2846
-6.2336,11.185,12.346,-1.9723,-2.2665,13.64,2.3157,72.5,154.69,22.81,3.295,8.1974
-5.8021,12.493,13.215,-2.6039,-2.4281,14.876,2.185,73.864,156.82,24.432,4.9126,9.1168
-5.654,13.93,14.137,-3.1547,-2.8285,16.171,1.9599,74.999,158.67,25.99,6.6322,10.018
-5.8512,15.436,15.077,-3.5907,-3.464,17.479,1.6572,75.954,160.26,27.51,8.4407,10.901
-6.3766,16.95,15.993,-3.9073,-4.2769,18.757,1.3061,76.806,161.69,29.05,10.31,11.796
-7.1197,18.441,16.841,-4.1388,-5.157,19.974,0.93496,77.632,163.06,30.685,12.204,12.765
-7.897,19.926,17.594,-4.3585,-5.9632,21.133,0.5645,78.497,164.42,32.476,14.096,13.881
-8.4984,21.473,18.26,-4.6659,-6.5591,22.27,0.20505,79.437,165.78,34.44,15.986,15.22
-8.7425,23.168,18.888,-5.1632,-6.8482,23.448,-0.14428,80.451,167.09,36.532,17.91,16.838
-8.5228,25.083,19.575,-5.9308,-6.7972,24.742,-0.49483,81.507,168.28,38.667,19.931,18.75
-7.8342,27.254,20.446,-7.011,-6.4428,26.235,-0.86318,82.556,169.28,40.753,22.105,20.91
-6.7707,29.687,21.633,-8.4086,-5.8811,28.001,-1.2619,83.551,170.09,42.723,24.439,23.221
-5.4954,32.377,23.238,-10.109,-5.2474,30.094,-1.6909,84.456,170.73,44.547,26.874,25.574
-4.195,35.327,25.294,-12.109,-4.6876,32.53,-2.1343,85.252,171.25,46.235,29.309,27.903
-3.0357,38.531,27.75,-14.439,-4.3299,35.286,-2.5639,85.938,171.71,47.826,31.649,30.215
-2.1355,41.965,30.498,-17.152,-4.2615,38.322,-2.9468,86.527,172.14,49.385,33.855,32.551
-1.5537,45.578,33.435,-20.261,-4.5214,41.6,-3.2543,87.052,172.58,50.993,35.955,34.944
-1.2939,49.338,36.511,-23.677,-5.1101,45.093,-3.4695,87.549,173.04,52.728,38.019,37.399
-1.3148,53.249,39.752,-27.22,-6.0088,48.778,-3.5926,88.056,173.51,54.647,40.123,39.914
-1.5407,57.351,43.237,-30.697,-7.2016,52.64,-3.6412,88.594,174,56.776,42.304,42.488
-1.8715,61.68,47.064,-33.973,-8.7031,56.668,-3.6478,89.175,174.49,59.102,44.564,45.111
-2.2008,66.244,51.315,-36.988,-10.586,60.868,-3.6521,89.802,175,61.584,46.891,47.766
-2.4395,71.024,56.031,-39.741,-12.992,65.292,-3.6913,90.479,175.52,64.165,49.289,50.464
-2.5348,75.988,61.176,-42.269,-16.071,70.049,-3.7903,91.217,176.08,66.786,51.778,53.273
-2.4762,81.116,66.643,-44.628,-19.779,75.252,-3.9559,92.033,176.71,69.375,54.381,56.315
-2.2931,86.379,72.33,-46.877,-23.711,80.913,-4.1796,92.936,177.4,71.856,57.116,59.726
-2.0453,91.748,78.193,-49.076,-27.383,86.904,-4.449,93.915,178.15,74.152,59.998,63.58
-1.8085,97.226,84.225,-51.305,-30.642,93.056,-4.7587,94.932,178.89,76.216,63.05,67.801
-1.6561,102.91,90.424,-53.691,-33.635,99.281,-5.1168,95.933,179.58,78.048,66.32,72.152
-1.6424,109.01,96.777,-56.424,-36.572,105.6,-5.543,96.861,180.12,79.709,69.876,76.338
-1.7878,115.78,103.26,-59.714,-39.602,112.1,-6.0605,97.68,180.49,81.287,73.794,80.189
-2.0648,123.41,109.81,-63.693,-42.773,118.83,-6.6852,98.375,180.67,82.861,78.141,83.745
-2.3845,131.96,116.41,-68.377,-46.042,125.8,-7.4181,98.966,180.67,84.469,82.925,87.209
-2.5871,141.22,123.04,-73.716,-49.306,133,-8.244,99.494,180.55,86.092,88.041,90.846
-2.4436,150.73,129.74,-79.503,-52.455,140.37,-9.1363,100.01,180.35,87.672,93.294,94.917
-1.6954,159.99,136.56,-85.353,-55.397,147.9,-10.066,100.54,180.11,89.14,98.529,99.653
-0.14593,168.74,143.49,-90.942,-58.062,155.58,-11.012,101.08,179.85,90.445,103.72,105.17
2.2411,177.07,150.46,-96.279,-60.38,163.43,-11.975,101.57,179.54,91.565,108.96,111.35
5.3448,185.34,157.36,-101.7,-62.314,171.53,-12.985,101.9,179.14,92.507,114.34,117.77
8.9943,194.01,164.2,-107.59,-63.916,180.01,-14.107,101.98,178.61,93.306,119.97,124.09
13.046,203.48,171.04,-114.19,-65.326,188.91,-15.437,101.73,177.92,94.007,125.89,130.19
17.367,213.94,177.98,-121.48,-66.716,198.14,-17.085,101.14,177.06,94.659,132.12,136.18
21.78,225.24,185.08,-129.22,-68.22,207.49,-19.139,100.24,176.01,95.305,138.67,142.2
26.045,236.92,192.35,-137.02,-69.918,216.7,-21.638,99.089,174.73,95.973,145.49,148.43
29.91,248.28,199.72,-144.4,-71.858,225.52,-24.554,97.717,173.13,96.672,152.56,154.97
33.21,258.67,207.07,-151.02,-74.078,233.88,-27.77,96.113,171.1,97.398,159.8,161.88
35.919,267.8,214.28,-156.77,-76.582,241.83,-31.154,94.193,168.52,98.138,167.16,169.16
38.137,275.86,221.24,-161.79,-79.306,249.47,-34.649,91.793,165.28,98.876,174.59,176.72
39.998,283.39,227.85,-166.39,-82.113,256.83,-38.213,88.731,161.4,99.59,182.01,184.44
41.583,290.87,234.09,-170.88,-84.841,263.84,-41.784,84.906,157,100.24,189.37,192.24
42.91,298.47,240.05,-175.47,-87.377,270.43,-45.333,80.353,152.28,100.79,196.63,200.01
43.98,305.95,245.92,-180.13,-89.692,276.68,-48.91,75.156,147.35,101.2,203.76,207.71
44.825,312.94,251.81,-184.6,-91.838,282.79,-52.645,69.35,142.21,101.46,210.82,215.32
45.5,319.23,257.66,-188.6,-93.885,288.85,-56.72,62.902,136.76,101.56,217.86,222.81
46.067,324.82,263.24,-192.05,-95.86,294.76,-61.331,55.78,130.87,101.5,224.89,230.12
46.58,329.78,268.31,-194.95,-97.731,300.31,-66.598,48.063,124.39,101.29,231.91,237.17
47.073,334.21,272.72,-197.37,-99.448,305.32,-72.472,39.99,117.3,100.95,238.84,243.88
47.544,338.16,276.49,-199.38,-100.99,309.74,-78.719,31.856,109.69,100.52,245.55,250.24
47.96,341.67,279.69,-201.01,-102.4,313.58,-85.025,23.913,101.79,100.02,251.91,256.25
48.28,344.76,282.43,-202.35,-103.71,316.93,-91.095,16.342,93.803,99.45,257.78,261.95
48.481,347.4,284.75,-203.48,-104.96,319.8,-96.748,9.058,85.766,98.808,263.12,267.38
48.603,349.55,286.62,-204.46,-106.05,322.16,-102.03,1.5411,77.527,98.054,267.94,272.62
48.747,351.14,287.91,-205.35,-106.83,323.9,-107.25,-6.6747,68.959,97.157,272.33,277.68
49.055,352.11,288.41,-206.14,-107.15,324.87,-112.74,-15.534,60.168,96.113,276.39,282.48
49.666,352.45,287.96,-206.83,-106.89,324.94,-118.65,-24.9,51.348,94.942,280.16,286.92
50.677,352.14,286.39,-207.43,-105.94,323.99,-124.79,-34.904,42.496,93.663,283.6,290.88
52.116,351.15,283.52,-207.93,-104.19,321.9,-130.89,-45.717,33.48,92.273,286.63,294.26
53.911,349.43,279.2,-208.31,-101.5,318.56,-136.74,-57.197,24.443,90.741,289.11,296.98
55.913,346.9,273.52,-208.51,-97.721,313.98,-142.32,-68.779,15.849,89.014,290.81,298.89
57.942,343.54,267.02,-208.43,-93.03,308.38,-147.64,-79.817,8.0364,87.024,291.48,299.79
59.854,339.34,260.49,-207.9,-88.128,302.14,-152.6,-90.024,1.0526,84.707,290.85,299.47
61.564,334.18,254.42,-206.6,-83.782,295.59,-156.96,-99.5,-5.0878,82.026,288.82,297.84
63.035,327.77,248.71,-203.99,-80.212,288.77,-160.51,-108.49,-10.133,78.987,285.6,295
64.23,319.78,242.68,-199.39,-77.116,281.47,-163.24,-117.17,-13.647,75.634,281.63,291.21
65.056,310.17,235.47,-192.79,-73.927,273.24,-165.33,-125.58,-15.592,72.037,277.24,286.64
65.36,299.29,226.25,-185.53,-70.009,263.62,-167.02,-133.48,-16.605,68.283,272.25,281.17
65.021,287.6,214.52,-179.07,-64.883,252.33,-168.48,-140.37,-17.421,64.478,266.15,274.46
64.08,275.32,200.29,-173.52,-58.526,239.46,-169.65,-145.68,-18.393,60.729,258.58,266.33
62.718,262.43,184.44,-168.08,-51.52,225.32,-170.31,-149.11,-19.532,57.105,249.48,256.89
61.055,248.91,168.52,-161.96,-44.771,210.53,-170.17,-150.73,-20.684,53.606,238.92,246.4
59.065,234.86,153.95,-154.68,-38.854,195.88,-169.07,-150.94,-21.661,50.159,226.99,235.18
56.693,220.37,141.3,-146.08,-33.781,181.9,-167.01,-150.11,-22.341,46.65,213.93,223.45
53.996,205.53,130.41,-136.33,-29.338,168.72,-164.01,-148.51,-22.693,42.942,200.04,211.36
51.157,190.43,120.64,-125.86,-25.26,156.15,-160.17,-146.28,-22.763,38.881,185.78,199.05
48.401,175.19,111.2,-115.22,-21.19,143.87,-155.66,-143.5,-22.632,34.328,171.57,186.72
45.913,160.01,101.35,-105.03,-16.7,131.56,-150.78,-140.27,-22.381,29.24,157.78,174.55
43.814,145.22,90.591,-95.89,-11.666,119.08,-145.74,-136.7,-22.059,23.793,144.64,162.66
42.143,131.2,78.874,-88.128,-6.8271,106.5,-140.54,-132.94,-21.676,18.402,132.12,151.06
40.815,118.31,66.601,-81.725,-3.0691,94.155,-135.04,-129.09,-21.203,13.545,119.93,139.69
39.581,106.75,54.545,-76.357,-0.34884,82.464,-129.1,-125.19,-20.604,9.4835,107.68,128.48
38.079,96.438,43.563,-71.549,1.734,71.783,-122.71,-121.26,-19.853,6.1698,95.124,117.32
35.951,87.092,34.246,-66.709,3.3938,62.264,-115.93,-117.31,-18.959,3.3683,82.369,106.15
32.994,78.256,26.745,-61.238,4.7092,53.837,-108.96,-113.31,-17.967,0.8055,69.723,95.012
29.316,69.396,20.621,-55.261,5.7458,46.251,-102.01,-109.26,-16.942,-1.746,57.406,84.085
25.306,60.226,15.233,-49.708,6.5963,39.063,-95.242,-105.12,-15.951,-4.4447,45.424,73.623
21.387,51.41,10.915,-44.869,7.3584,31.856,-88.757,-100.87,-15.047,-7.385,33.684,63.787
17.804,43.968,7.9516,-40.345,8.0959,25.16,-82.628,-96.535,-14.256,-10.609,22.456,54.671
14.586,37.735,5.7583,-35.804,8.82,19.742,-76.887,-92.13,-13.585,-14.108,12.18,46.371
11.637,32.011,3.877,-31.127,9.5022,15.309,-71.463,-87.702,-13.024,-17.817,2.8498,38.843
8.8435,26.458,2.1119,-26.292,10.098,11.481,-66.234,-83.292,-12.556,-21.61,-5.5374,31.843
6.1551,21.047,0.37807,-21.257,10.569,8.1905,-61.104,-78.939,-12.155,-25.324,-12.634,25.206
3.64,15.889,-1.3636,-15.994,10.894,5.4413,-56.009,-74.682,-11.803,-28.79,-18.055,18.973
1.4836,11.227,-3.1221,-10.774,11.089,3.1907,-50.901,-70.568,-11.488,-31.884,-22.042,13.168
-0.11849,7.3278,-4.8809,-6.379,11.199,1.339,-45.863,-66.647,-11.209,-34.547,-25.407,7.8984
-1.083,4.2632,-6.606,-3.4058,11.287,-0.24415,-41.148,-62.95,-10.973,-36.785,-28.926,3.5211
-1.4411,1.8892,-8.257,-1.6907,11.399,-1.6885,-36.993,-59.471,-10.778,-38.639,-33.246,0.23103
-1.2974,-0.012244,-9.7999,-0.78068,11.564,-3.1001,-33.439,-56.16,-10.615,-40.161,-39.004,-2.2478
-0.82335,-1.6375,-11.216,-0.31807,11.787,-4.5466,-30.357,-52.935,-10.458,-41.401,-46.531,-4.3047
-0.246,-3.1319,-12.497,-0.049694,12.044,-6.0458,-27.55,-49.725,-10.283,-42.396,-55.155,-6.1533
0.19377,-4.5746,-13.642,0.214,12.271,-7.5627,-24.838,-46.499,-10.074,-43.171,-63.319,-7.8523
0.28777,-5.9729,-14.656,0.60322,12.388,-9.0258,-22.134,-43.291,-9.8308,-43.754,-69.953,-9.3919
-0.11151,-7.2873,-15.549,1.1895,12.318,-10.366,-19.483,-40.182,-9.5708,-44.172,-75.026,-10.754
-1.0791,-8.4821,-16.341,2.003,12.019,-11.555,-17.026,-37.259,-9.3147,-44.465,-78.952,-11.937
-2.6043,-9.5624,-17.057,3.0456,11.501,-12.616,-14.9,-34.588,-9.0783,-44.682,-82.131,-12.963
-4.5613,-10.566,-17.717,4.2731,10.82,-13.596,-13.151,-32.206,-8.8667,-44.869,-84.862,-13.866
-6.6882,-11.527,-18.332,5.5699,10.081,-14.533,-11.736,-30.125,-8.6742,-45.056,-87.361,-14.679
-8.6212,-12.448,-18.891,6.7605,9.4143,-15.43,-10.578,-28.34,-8.4877,-45.249,-89.786,-15.428
-9.9931,-13.301,-19.374,7.6603,8.9478,-16.257,-9.5981,-26.825,-8.2906,-45.43,-92.23,-16.128
-10.541,-14.057,-19.763,8.1347,8.766,-16.976,-8.7384,-25.534,-8.0682,-45.57,-94.716,-16.789
-10.182,-14.705,-20.059,8.1393,8.8851,-17.574,-7.9602,-24.399,-7.8128,-45.645,-97.204,-17.423
-9.0444,-15.264,-20.288,7.7345,9.2518,-18.07,-7.2468,-23.35,-7.5262,-45.644,-99.617,-18.043
-7.4105,-15.773,-20.494,7.0677,9.7669,-18.506,-6.5998,-22.324,-7.2185,-45.576,-101.87,-18.663
-5.6243,-16.254,-20.721,6.3265,10.327,-18.916,-6.0309,-21.277,-6.9029,-45.46,-103.92,-19.296
-4.0056,-16.7,-21,5.681,10.853,-19.314,-5.5506,-20.175,-6.5887,-45.32,-105.72,-19.953
-2.8044,-17.071,-21.337,5.2416,11.29,-19.689,-5.1602,-18.988,-6.2777,-45.168,-107.3,-20.645
-2.1787,-17.321,-21.716,5.0516,11.601,-20.022,-4.8524,-17.693,-5.9638,-44.997,-108.65,-21.39
-2.1745,-17.418,-22.113,5.099,11.779,-20.294,-4.6153,-16.285,-5.6359,-44.786,-109.81,-22.206
-2.718,-17.351,-22.503,5.3328,11.852,-20.494,-4.4361,-14.788,-5.2817,-44.506,-110.8,-23.104
-3.6402,-17.138,-22.868,5.6815,11.878,-20.622,-4.302,-13.257,-4.8912,-44.132,-111.64,-24.081
-4.7152,-16.823,-23.199,6.0709,11.923,-20.69,-4.1986,-11.757,-4.457,-43.649,-112.37,-25.115
-5.6864,-16.471,-23.494,6.423,12.049,-20.726,-4.1088,-10.344,-3.9745,-43.062,-113,-26.167
-6.309,-16.153,-23.757,6.6526,12.3,-20.765,-4.0105,-9.0451,-3.4398,-42.391,-113.58,-27.196
-6.42,-15.918,-23.994,6.6861,12.687,-20.835,-3.8775,-7.8603,-2.8481,-41.667,-114.13,-28.173
-5.9881,-15.779,-24.204,6.4915,13.19,-20.942,-3.681,-6.7709,-2.1935,-40.92,-114.63,-29.099
-5.101,-15.718,-24.375,6.0892,13.759,-21.062,-3.3954,-5.752,-1.4713,-40.169,-115.08,-30.006
-3.9127,-15.69,-24.491,5.5402,14.322,-21.153,-3.0059,-4.7819,-0.68135,-39.421,-115.45,-30.938
-2.5986,-15.644,-24.536,4.9227,14.806,-21.176,-2.5131,-3.8449,0.17082,-38.674,-115.74,-31.913
-1.3283,-15.536,-24.505,4.3107,15.16,-21.113,-1.9333,-2.9295,1.0767,-37.924,-115.95,-32.903
-0.24505,-15.35,-24.408,3.7626,15.375,-20.97,-1.2914,-2.0236,2.0305,-37.169,-116.1,-33.832
0.54753,-15.085,-24.26,3.32,15.47,-20.766,-0.60911,-1.1081,3.0353,-36.416,-116.19,-34.599
0.9882,-14.754,-24.078,3.0114,15.462,-20.515,0.10597,-0.15453,4.1046,-35.673,-116.22,-35.109
1.054,-14.376,-23.863,2.8556,15.343,-20.221,0.86214,0.86979,5.2569,-34.942,-116.19,-35.298
0.75668,-13.974,-23.605,2.8608,15.084,-19.879,1.6773,1.9901,6.5039,-34.211,-116.12,-35.149
0.14462,-13.582,-23.282,3.0208,14.654,-19.487,2.5689,3.2115,7.8351,-33.454,-116.03,-34.681
-0.696,-13.237,-22.871,3.3123,14.041,-19.048,3.5443,4.5115,9.2113,-32.636,-115.93,-33.938
-1.6484,-12.977,-22.352,3.6958,13.255,-18.578,4.5967,5.8463,10.572,-31.73,-115.84,-32.97
-2.5843,-12.825,-21.715,4.1227,12.322,-18.093,5.7036,7.1692,11.854,-30.725,-115.78,-31.827
-3.3889,-12.784,-20.95,4.5447,11.285,-17.601,6.8314,8.4537,13.012,-29.628,-115.73,-30.562
-3.9858,-12.83,-20.041,4.923,10.19,-17.085,7.9456,9.7046,14.025,-28.469,-115.69,-29.23
-4.3539,-12.912,-18.964,5.2359,9.077,-16.503,9.0218,10.95,14.894,-27.284,-115.61,-27.878
-4.5329,-12.963,-17.687,5.4802,7.9812,-15.799,10.05,12.215,15.626,-26.113,-115.49,-26.546
-4.6135,-12.92,-16.195,5.6684,6.9309,-14.928,11.03,13.501,16.235,-24.982,-115.29,-25.264
-4.7134,-12.741,-14.511,5.8239,5.9441,-13.883,11.956,14.774,16.731,-23.901,-115.02,-24.052
-4.9475,-12.423,-12.719,5.9748,5.0139,-12.706,12.82,15.976,17.12,-22.849,-114.66,-22.911
-5.4008,-11.988,-10.929,6.1471,4.0998,-11.469,13.603,17.058,17.404,-21.784,-114.18,-21.826
-6.1106,-11.462,-9.2306,6.3531,3.1446,-10.241,14.294,18.002,17.58,-20.658,-113.58,-20.765
-7.0602,-10.854,-7.6602,6.5805,2.104,-9.0548,14.895,18.837,17.646,-19.432,-112.83,-19.692
-8.1834,-10.146,-6.1999,6.7928,0.96651,-7.9012,15.425,19.627,17.606,-18.099,-111.85,-18.579
-9.3732,-9.3157,-4.8044,6.9398,-0.24081,-6.7484,15.915,20.434,17.469,-16.688,-110.57,-17.411
-10.491,-8.3537,-3.4297,6.972,-1.4554,-5.57,16.389,21.282,17.253,-15.261,-108.81,-16.198
-11.382,-7.2802,-2.0558,6.8475,-2.5875,-4.3641,16.854,22.139,16.971,-13.892,-106.44,-14.973
-11.907,-6.1378,-0.69661,6.5363,-3.5369,-3.1548,17.291,22.92,16.622,-12.65,-103.33,-13.786
-11.973,-4.9785,0.60528,6.0268,-4.2169,-1.9818,17.669,23.515,16.179,-11.581,-99.469,-12.682
-11.564,-3.8517,1.7964,5.3339,-4.5791,-0.88614,17.958,23.834,15.596,-10.707,-94.951,-11.683
-10.745,-2.7944,2.8369,4.4979,-4.6289,0.10132,18.143,23.833,14.819,-10.019,-89.845,-10.784
-9.6473,-1.8212,3.7154,3.5749,-4.4291,0.96859,18.224,23.53,13.811,-9.4944,-84.132,-9.9598
-8.431,-0.91997,4.4506,2.628,-4.086,1.7282,18.212,22.993,12.577,-9.0956,-77.856,-9.183
-7.2512,-0.062543,5.082,1.7227,-3.725,2.414,18.116,22.313,11.183,-8.7829,-71.348,-8.4333
-6.2468,0.77709,5.6559,0.92599,-3.4652,3.0675,17.941,21.572,9.7427,-8.523,-64.959,-7.703
-5.5395,1.6067,6.2099,0.30498,-3.3983,3.7207,17.69,20.821,8.3839,-8.2992,-58.626,-6.9957
-5.2233,2.4114,6.7591,-0.082845,-3.5714,4.3832,17.366,20.066,7.195,-8.1166,-52.002,-6.3213
-5.3362,3.1616,7.2894,-0.21048,-3.9728,5.0362,16.972,19.283,6.2027,-7.9968,-44.918,-5.6917
-5.8286,3.8246,7.7635,-0.10235,-4.5293,5.6394,16.514,18.44,5.3722,-7.9647,-37.621,-5.1151
-6.5521,4.3762,8.1381,0.16123,-5.1242,6.1477,16.003,17.51,4.6281,-8.0331,-30.589,-4.59
-7.2832,4.8136,8.3859,0.46184,-5.6295,6.5349,15.456,16.488,3.8869,-8.1919,-24.189,-4.1013
-7.779,5.1671,8.5099,0.67161,-5.9388,6.8124,14.888,15.389,3.0959,-8.4032,-18.575,-3.6246
-7.8424,5.4989,8.5435,0.67954,-5.9893,7.0285,14.312,14.252,2.2603,-8.6039,-13.776,-3.1335
-7.376,5.8788,8.5352,0.41401,-5.7713,7.2473,13.728,13.125,1.4419,-8.718,-9.782,-2.6103
-6.4074,6.35,8.5303,-0.13692,-5.3251,7.5189,13.128,12.061,0.72646,-8.6767,-6.5243,-2.0516
-5.0768,6.905,8.5588,-0.91613,-4.7284,7.8604,12.494,11.1,0.17959,-8.4394,-3.8656,-1.4693
-3.5925,7.489,8.6321,-1.8078,-4.0786,8.2528,11.82,10.269,-0.18328,-8.0202,-1.6849,-0.88346
-2.1787,8.0223,8.7466,-2.6672,-3.4761,8.6529,11.113,9.5675,-0.39949,-7.476,0.059929,-0.31268
-1.0299,8.4336,8.8916,-3.3584,-3.0088,9.0153,10.394,8.9709,-0.53878,-6.8801,1.3541,0.23361
-0.27764,8.6885,9.0613,-3.788,-2.7384,9.3156,9.693,8.4371,-0.67204,-6.2964,2.1774,0.76027
0.027373,8.8028,9.2642,-3.9242,-2.694,9.5631,9.0279,7.9248,-0.84412,-5.7553,2.5442,1.2862
-0.088472,8.8316,9.5209,-3.7936,-2.8757,9.793,8.4005,7.4109,-1.0592,-5.2558,2.5114,1.8368
-0.54862,8.8425,9.8531,-3.4615,-3.2637,10.046,7.7937,6.8958,-1.2863,-4.7838,2.1555,2.4293
-1.2622,8.8867,10.269,-3.0074,-3.8259,10.346,7.1785,6.3917,-1.4797,-4.3229,1.5382,3.0618
-2.15,8.9828,10.755,-2.5053,-4.5215,10.69,6.5275,5.9055,-1.6066,-3.8553,0.69435,3.7085
-3.1498,9.1165,11.271,-2.0106,-5.3032,11.047,5.8273,5.4274,-1.6699,-3.375,-0.3513,4.3265
-4.2068,9.253,11.764,-1.5551,-6.1234,11.375,5.0847,4.9346,-1.7104,-2.8846,-1.5535,4.8694
-5.2603,9.3552,12.181,-1.1523,-6.9402,11.63,4.3236,4.4045,-1.7891,-2.394,-2.8455,5.3029
-6.2318,9.3969,12.488,-0.81192,-7.711,11.782,3.5742,3.8265,-1.9572,-1.9164,-4.1544,5.6183
-7.0211,9.3703,12.678,-0.54824,-8.3753,11.827,2.8613,3.2082,-2.2344,-1.4641,-5.4196,5.8378
-7.5139,9.2895,12.762,-0.38192,-8.8491,11.792,2.1994,2.5703,-2.6044,-1.0451,-6.6009,6.0074
-7.6075,9.1896,12.759,-0.33866,-9.0463,11.723,1.5928,1.9398,-3.0271,-0.66201,-7.6743,6.1789
-7.237,9.1153,12.684,-0.44806,-8.9097,11.664,1.038,1.3399,-3.4557,-0.31349,-8.6237,6.3892
-6.394,9.0995,12.553,-0.73414,-8.4306,11.633,0.52506,0.78216,-3.8511,0.0038858,-9.4326,6.6484
-5.1456,9.1474,12.375,-1.1937,-7.6549,11.618,0.040913,0.26354,-4.1912,0.29273,-10.08,6.9446
-3.6404,9.2353,12.159,-1.7782,-6.6778,11.59,-0.42675,-0.2282,-4.474,0.55523,-10.541,7.2602
-2.0895,9.3255,11.915,-2.3961,-5.6342,11.531,-0.88471,-0.70599,-4.7126,0.78862,-10.796,7.5894
-0.72779,9.3859,11.669,-2.9355,-4.6836,11.443,-1.3323,-1.1734,-4.9243,0.99235,-10.834,7.9444
0.2319,9.4035,11.464,-3.2943,-3.9829,11.352,-1.7632,-1.6219,-5.1223,1.1682,-10.658,8.3492
0.64241,9.3842,11.342,-3.4064,-3.65,11.288,-2.1691,-2.0364,-5.3136,1.3232,-10.276,8.8272
0.45477,9.3441,11.321,-3.2568,-3.7309,11.269,-2.5432,-2.4039,-5.5001,1.4725,-9.6884,9.3897
-0.2724,9.2993,11.386,-2.8853,-4.1868,11.288,-2.883,-2.7194,-5.6783,1.6308,-8.8954,10.028
-1.386,9.2603,11.497,-2.3759,-4.9088,11.318,-3.19,-2.9871,-5.8384,1.8056,-7.9033,10.709
-2.6679,9.2288,11.604,-1.8371,-5.7537,11.323,-3.4691,-3.2159,-5.9659,1.9971,-6.7437,11.376
-3.8733,9.1949,11.666,-1.375,-6.5791,11.268,-3.7266,-3.4135,-6.0431,2.1981,-5.4756,11.958
-4.7758,9.1349,11.659,-1.0676,-7.2603,11.123,-3.9685,-3.5813,-6.0538,2.3922,-4.1688,12.383
-5.213,9.0177,11.57,-0.94905,-7.6976,10.874,-4.2006,-3.7147,-5.9895,2.5676,-2.8813,12.607
-5.1239,8.8175,11.393,-1.0127,-7.8247,10.525,-4.4267,-3.8071,-5.8559,2.7208,-1.6474,12.636
-4.5537,8.5259,11.12,-1.2261,-7.6186,10.092,-4.6483,-3.855,-5.6755,2.8573,-0.47825,12.52
-3.6202,8.152,10.742,-1.5418,-7.1017,9.5998,-4.8631,-3.8607,-5.4837,2.9881,0.62993,12.338
-2.4736,7.7115,10.253,-1.897,-6.3336,9.0631,-5.0639,-3.8311,-5.32,3.1232,1.6852,12.156
-1.2733,7.2116,9.6534,-2.2128,-5.4011,8.4804,-5.2402,-3.7745,-5.2165,3.2653,2.6889,11.999
-0.17194,6.646,8.9539,-2.4073,-4.4055,7.8366,-5.3805,-3.6975,-5.186,3.4083,3.6284,11.856
0.69853,6.002,8.1743,-2.4135,-3.4472,7.1184,-5.4764,-3.6037,-5.2157,3.5436,4.4762,11.693
1.2318,5.273,7.3517,-2.1909,-2.6186,6.3336,-5.5254,-3.4948,-5.2727,3.6677,5.1964,11.482
1.3495,4.4678,6.5441,-1.7296,-2.0021,5.5181,-5.531,-3.373,-5.3215,3.786,5.7566,11.217
1.0118,3.6139,5.8188,-1.0503,-1.6593,4.7261,-5.5018,-3.2441,-5.3444,3.9086,6.1376,10.914
0.23385,2.7513,5.2318,-0.20244,-1.6147,4.0101,-5.4483,-3.119,-5.3498,4.0446,6.333,10.595
-0.90192,1.9218,4.8088,0.74,-1.8459,3.4025,-5.3801,-3.0119,-5.3664,4.1928,6.3482,10.277
-2.2492,1.1585,4.5374,1.6867,-2.285,2.9077,-5.3026,-2.9346,-5.4263,4.3393,6.1991,9.9757
-3.6182,0.48083,4.3735,2.542,-2.8323,2.5057,-5.2154,-2.8893,-5.5498,4.4606,5.9141,9.6978
-4.8113,-0.10396,4.2596,3.2205,-3.3778,2.1644,-5.1138,-2.8655,-5.7346,4.5334,5.531,9.4493
-5.6622,-0.59681,4.1443,3.661,-3.8238,1.8534,-4.9911,-2.8425,-5.9548,4.5488,5.0914,9.2335
-6.0708,-1.0032,3.9973,3.8391,-4.1031,1.553,-4.8422,-2.799,-6.1682,4.5185,4.6354,9.0528
-6.0221,-1.3342,3.8124,3.7725,-4.1864,1.2562,-4.667,-2.7236,-6.3308,4.4702,4.2005,8.91
-5.5824,-1.6075,3.5986,3.5187,-4.0801,0.9637,-4.4738,-2.6235,-6.4124,4.4364,3.8228,8.8136
-4.8756,-1.8464,3.3641,3.1623,-3.8161,0.67636,-4.2796,-2.5241,-6.4066,4.4425,3.5341,8.7809
-4.0487,-2.0759,3.1012,2.7956,-3.438,0.38813,-4.1069,-2.4587,-6.3304,4.4978,3.3565,8.8319
-3.2426,-2.3194,2.7807,2.4978,-2.9913,0.082533,-3.9767,-2.4533,-6.2148,4.5956,3.2993,8.9845
-2.57,-2.5966,2.3597,2.3234,-2.5161,-0.26615,-3.8992,-2.5134,-6.0904,4.7183,3.3599,9.2427
-2.1066,-2.9247,1.7964,2.3019,-2.0416,-0.68558,-3.8695,-2.6212,-5.9763,4.845,3.5291,9.5866
-1.8903,-3.3153,1.0653,2.4417,-1.5813,-1.1952,-3.8711,-2.744,-5.875,4.9561,3.7947,9.9669
-1.92,-3.7694,0.16624,2.73,-1.1314,-1.7978,-3.8856,-2.8486,-5.7731,5.037,4.141,10.306
-2.1492,-4.2744,-0.8721,3.1291,-0.67592,-2.4751,-3.9019,-2.9138,-5.6483,5.0818,4.5456,10.514
-2.4822,-4.8044,-1.9925,3.5753,-0.19794,-3.1908,-3.9204,-2.9349,-5.4789,5.0968,4.9824,10.531
-2.7884,-5.325,-3.1131,3.9881,0.30715,-3.8972,-3.9499,-2.9186,-5.2529,5.1013,5.4289,10.346
-2.9321,-5.8004,-4.1419,4.2875,0.82811,-4.5462,-4.0021,-2.875,-4.9716,5.1208,5.8751,10.008
-2.8048,-6.2028,-4.9958,4.4135,1.3493,-5.1,-4.0831,-2.8119,-4.6482,5.1771,6.3216,9.5938
-2.3482,-6.5181,-5.624,4.3414,1.8655,-5.5393,-4.1861,-2.7338,-4.3033,5.2806,6.7734,9.1673
-1.5726,-6.7451,-6.0199,4.0876,2.3809,-5.8633,-4.2903,-2.6452,-3.9599,5.4278,7.2294,8.765
-0.57029,-6.8883,-6.2135,3.7054,2.8882,-6.0804,-4.368,-2.5559,-3.6415,5.6028,7.6785,8.3917
0.49355,-6.9495,-6.2456,3.2725,3.3443,-6.1967,-4.3971,-2.4822,-3.3718,5.7807,8.1004,8.0292
1.4161,-6.9246,-6.1429,2.8724,3.6684,-6.2085,-4.3704,-2.443,-3.1706,5.9335,8.4695,7.6475
2.0026,-6.8067,-5.9134,2.5779,3.7663,-6.107,-4.2987,-2.4514,-3.0462,6.0401,8.7617,7.217
2.1079,-6.5919,-5.5592,2.4377,3.5666,-5.8868,-4.2038,-2.5083,-2.9871,6.0953,8.962,6.7221
1.667,-6.2796,-5.0876,2.4689,3.0472,-5.5503,-4.1062,-2.6011,-2.9644,6.1093,9.0688,6.1685
0.712,-5.8712,-4.5118,2.6545,2.245,-5.1029,-4.0144,-2.7093,-2.9456,6.0982,9.0925,5.5812
-0.62501,-5.3711,-3.8461,2.947,1.2509,-4.551,-3.9231,-2.8122,-2.9112,6.0709,9.0479,4.9925
-2.1215,-4.7936,-3.1065,3.2741,0.19564,-3.9088,-3.818,-2.8976,-2.8647,6.0229,8.9454,4.4332
-3.4972,-4.1683,-2.3167,3.5482,-0.77359,-3.2078,-3.6871,-2.9664,-2.8301,5.9395,8.7864,3.9217
-4.4762,-3.5345,-1.5168,3.6813,-1.5215,-2.4981,-3.5308,-3.033,-2.8413,5.8052,8.5642,3.4604
-4.8572,-2.9304,-0.76236,3.605,-1.9513,-1.836,-3.3667,-3.1193,-2.9249,5.6145,8.2708,3.0347
-4.5571,-2.382,-0.11349,3.285,-2.0207,-1.2664,-3.2258,-3.247,-3.0863,5.3777,7.9053,2.6211
-3.6189,-1.893,0.38416,2.723,-1.7458,-0.81066,-3.1405,-3.4278,-3.3067,5.1196,7.4802,2.2018
-2.2002,-1.443,0.71268,1.9578,-1.1955,-0.46444,-3.1316,-3.6586,-3.55,4.8717,7.0227,1.7785
-0.5404,-0.99925,0.88269,1.0657,-0.48252,-0.20435,-3.1995,-3.921,-3.7783,4.6617,6.5666,1.374
1.0887,-0.53851,0.9251,0.15239,0.25572,0.00013342,-3.3241,-4.1864,-3.9654,4.5051,6.1405,1.0241
2.4345,-0.064749,0.88147,-0.66641,0.88356,0.17438,-3.4728,-4.4256,-4.1057,4.4022,5.7572,0.75832
3.3076,0.38838,0.79508,-1.2879,1.2947,0.33062,-3.6125,-4.6156,-4.2139,4.3417,5.4116,0.58485
3.6199,0.76959,0.70125,-1.6452,1.4394,0.46574,-3.7203,-4.7438,-4.3147,4.3082,5.0863,0.48738
3.402,1.0284,0.61744,-1.7221,1.3449,0.56398,-3.7895,-4.8082,-4.4304,4.2908,4.7607,0.43296
2.7967,1.1319,0.5381,-1.5574,1.1131,0.60357,-3.8279,-4.8132,-4.5688,4.2872,4.4175,0.38568
2.0369,1.0755,0.44022,-1.2361,0.88613,0.56624,-3.8503,-4.7675,-4.717,4.3028,4.0456,0.31897
1.4001,0.88504,0.30005,-0.87095,0.79273,0.44639,-3.8684,-4.685,-4.8469,4.3441,3.6392,0.22351
1.1194,0.60926,0.11241,-0.57096,0.89771,0.25564,-3.8855,-4.5872,-4.9284,4.4111,3.196,0.10054
1.2835,0.3018,-0.10031,-0.40552,1.1771,0.019898,-3.8954,-4.5016,-4.9458,4.4905,2.7144,-0.043597
1.7935,0.00085188,-0.29671,-0.38022,1.5308,-0.23061,-3.8864,-4.4539,-4.9071,4.5567,2.1946,-0.20473
2.4105,-0.28822,-0.43659,-0.43579,1.8239,-0.47401,-3.8483,-4.457,-4.8401,4.5812,1.6404,-0.38333
2.8581,-0.59313,-0.49843,-0.47027,1.9332,-0.70373,-3.7782,-4.5059,-4.7801,4.5455,1.0625,-0.58233
2.9178,-0.95841,-0.48424,-0.37407,1.7807,-0.92958,-3.684,-4.5815,-4.7553,4.4506,0.48061,-0.80338
2.4791,-1.4181,-0.41398,-0.066139,1.3497,-1.1666,-3.5813,-4.6603,-4.7784,4.3149,-0.083285,-1.043
1.5497,-1.9701,-0.31584,0.47862,0.68976,-1.422,-3.4868,-4.7228,-4.8451,4.1649,-0.60748,-1.2897
0.2478,-2.5653,-0.2223,1.219,-0.08994,-1.6838,-3.4092,-4.7577,-4.9383,4.0252,-1.0752,-1.5238
-1.224,-3.1206,-0.16041,2.06,-0.84503,-1.9201,-3.3425,-4.7599,-5.0332,3.9135,-1.477,-1.7206
-2.6279,-3.5543,-0.14178,2.8853,-1.4404,-2.0906,-3.2681,-4.7271,-5.1017,3.8392,-1.8111,-1.8566
-3.7494,-3.8242,-0.15649,3.5914,-1.7949,-2.1689,-3.1625,-4.6592,-5.1181,3.8028,-2.084,-1.919
-4.4449,-3.9397,-0.17798,4.1062,-1.9027,-2.1563,-3.006,-4.5607,-5.064,3.7958,-2.3112,-1.9125
-4.6697,-3.9438,-0.17706,4.3914,-1.8204,-2.0776,-2.789,-4.443,-4.935,3.8036,-2.5147,-1.8588
-4.4696,-3.8831,-0.13441,4.4375,-1.6287,-1.9639,-2.514,-4.3212,-4.7408,3.8117,-2.7182,-1.7871
-3.938,-3.7865,-0.042766,4.2578,-1.3942,-1.8349,-2.1956,-4.2078,-4.5013,3.8126,-2.9409,-1.7223
-3.1781,-3.6572,0.099921,3.8802,-1.1578,-1.6913,-1.8539,-4.1089,-4.2409,3.8082,-3.1948,-1.677
-2.2893,-3.4758,0.29662,3.3431,-0.94167,-1.5162,-1.5064,-4.0234,-3.9825,3.806,-3.4847,-1.6516
-1.3653,-3.215,0.549,2.6958,-0.75629,-1.287,-1.1641,-3.9467,-3.7422,3.8111,-3.8091,-1.6414
-0.49608,-2.8594,0.85075,2.0002,-0.60296,-0.99,-0.83395,-3.8733,-3.525,3.8211,-4.1613,-1.6446
0.2285,-2.4222,1.1863,1.3308,-0.48383,-0.62956,-0.52465,-3.7974,-3.3245,3.8257,-4.5322,-1.6675
0.71594,-1.9514,1.5387,0.77292,-0.41576,-0.22961,-0.2505,-3.7117,-3.1297,3.8132,-4.9141,-1.7167
0.88049,-1.5194,1.8997,0.41172,-0.43541,0.17419,-0.031197,-3.6075,-2.9337,3.7781,-5.3047,-1.7951
0.66627,-1.1994,2.2744,0.31078,-0.5898,0.5469,0.11215,-3.4785,-2.741,3.7245,-5.7101,-1.8987
0.071503,-1.0371,2.6772,0.48874,-0.91632,0.86613,0.16309,-3.3273,-2.5699,3.6627,-6.1445,-2.0207
-0.83971,-1.0342,3.1226,0.90732,-1.4216,1.1278,0.11537,-3.1688,-2.4465,3.6009,-6.6257,-2.1564
-1.9447,-1.1466,3.6147,1.4773,-2.0703,1.3467,-0.024886,-3.0255,-2.395,3.539,-7.1682,-2.3073
-3.0888,-1.3019,4.1391,2.0809,-2.7905,1.5449,-0.24255,-2.9192,-2.4268,3.4669,-7.7718,-2.4789
-4.1238,-1.4266,4.6609,2.6043,-3.4939,1.7391,-0.52157,-2.8626,-2.5362,3.3686,-8.4208,-2.6766
-4.9464,-1.4746,5.1332,2.9676,-4.1017,1.9297,-0.85075,-2.8559,-2.7029,3.2299,-9.089,-2.9029
-5.5188,-1.4419,5.5081,3.1436,-4.5646,2.0994,-1.2236,-2.8884,-2.9023,3.0454,-9.7476,-3.1561
-5.8643,-1.3606,5.7509,3.157,-4.871,2.2215,-1.6309,-2.9442,-3.117,2.8236,-10.372,-3.4294
-6.0411,-1.2791,5.8504,3.0683,-5.0368,2.2725,-2.0539,-3.0065,-3.3421,2.587,-10.946,-3.7129
-6.1053,-1.2347,5.8176,2.9456,-5.084,2.2444,-2.465,-3.0617,-3.5792,2.3651,-11.455,-3.9955
-6.0793,-1.2356,5.6742,2.8338,-5.0215,2.1478,-2.8306,-3.1019,-3.8294,2.1825,-11.897,-4.2645
-5.9435,-1.2604,5.4394,2.7367,-4.843,2.0063,-3.1162,-3.1271,-4.0905,2.0478,-12.27,-4.5057
-5.6466,-1.275,5.1226,2.6185,-4.5339,1.844,-3.2942,-3.1444,-4.3587,1.9505,-12.579,-4.7054
-5.1216,-1.2525,4.7253,2.4245,-4.0763,1.6739,-3.3507,-3.1624,-4.6266,1.8659,-12.831,-4.8549
-4.3096,-1.1865,4.2489,2.1074,-3.4524,1.4948,-3.2899,-3.1829,-4.8806,1.767,-13.031,-4.9528
-3.1989,-1.0912,3.7021,1.6495,-2.6593,1.2963,-3.1321,-3.1958,-5.1004,1.6361,-13.176,-5.0064
-1.8582,-0.99449,3.1057,1.0765,-1.7324,1.0694,-2.9088,-3.1816,-5.2643,1.4714,-13.263,-5.0306
-0.43884,-0.92921,2.4946,0.45856,-0.75601,0.81322,-2.654,-3.1184,-5.3585,1.2859,-13.288,-5.0448
0.85624,-0.92628,1.9159,-0.10451,0.14901,0.53694,-2.3983,-2.9923,-5.3846,1.0995,-13.251,-5.0684
1.8219,-1.0084,1.4229,-0.50783,0.85372,0.25652,-2.1639,-2.8029,-5.3625,0.92993,-13.153,-5.1165
2.3003,-1.1859,1.0642,-0.66823,1.2542,-0.0093886,-1.9627,-2.5632,-5.3249,0.78748,-12.992,-5.1964
2.2182,-1.4551,0.87182,-0.54504,1.2998,-0.24384,-1.7958,-2.293,-5.3066,0.67294,-12.763,-5.3055
1.6049,-1.802,0.85097,-0.14897,1.0073,-0.4362,-1.6546,-2.0109,-5.3355,0.57987,-12.465,-5.4305
0.58439,-2.2077,0.97804,0.46326,0.45583,-0.58605,-1.5252,-1.7288,-5.4263,0.49847,-12.101,-5.5501
-0.66071,-2.654,1.2086,1.206,-0.24176,-0.70356,-1.3943,-1.45,-5.5781,0.41971,-11.687,-5.6399
-1.9443,-3.1251,1.4937,1.9873,-0.97903,-0.80504,-1.2547,-1.172,-5.7767,0.33784,-11.247,-5.6802
-3.1318,-3.6069,1.7962,2.7298,-1.6868,-0.90579,-1.1075,-0.89084,-6.0001,0.25002,-10.807,-5.6633
-4.1693,-4.0854,2.0983,3.3852,-2.3414,-1.0147,-0.95979,-0.60642,-6.226,0.15387,-10.389,-5.5952
-5.0739,-4.548,2.3965,3.9373,-2.9519,-1.1335,-0.81563,-0.32521,-6.4399,0.045371,-10.005,-5.4944
-5.8963,-4.9839,2.6899,4.3956,-3.539,-1.2588,-0.66891,-0.060416,-6.6385,-0.080865,-9.6616,-5.3831
-6.6827,-5.3838,2.9706,4.7851,-4.1149,-1.3852,-0.5024,0.17145,-6.829,-0.22902,-9.3572,-5.2793
-7.4488,-5.7379,3.22,5.1322,-4.6686,-1.5058,-0.29476,0.35603,-7.0221,-0.39934,-9.0826,-5.1925
-8.1706,-6.033,3.4116,5.4511,-5.1624,-1.6117,-0.03067,0.48598,-7.2242,-0.58706,-8.8252,-5.1234
-8.7847,-6.2511,3.5165,5.733,-5.5371,-1.694,0.29108,0.56284,-7.4315,-0.78293,-8.5723,-5.068
-9.199,-6.3734,3.51,5.9459,-5.7253,-1.7487,0.65477,0.59511,-7.6283,-0.97423,-8.3191,-5.022
-9.3125,-6.387,3.3771,6.0438,-5.6668,-1.7819,1.0307,0.59336,-7.7924,-1.1467,-8.0748,-4.9848
-9.0455,-6.29,3.1149,5.9835,-5.3287,-1.8086,1.3835,0.56504,-7.9041,-1.2881,-7.8629,-4.9613
-8.3724,-6.0899,2.7338,5.739,-4.7227,-1.8445,1.6845,0.51256,-7.9538,-1.3917,-7.7113,-4.9596
-7.3392,-5.7959,2.2584,5.3098,-3.9102,-1.8956,1.9211,0.43637,-7.9438,-1.4575,-7.6398,-4.985
-6.0547,-5.4128,1.7258,4.72,-2.9882,-1.9515,2.0998,0.3403,-7.8844,-1.4907,-7.65,-5.0351
-4.6613,-4.9417,1.1798,4.0131,-2.0645,-1.9884,2.2383,0.23447,-7.787,-1.4982,-7.7256,-5.0986
-3.2996,-4.3864,0.66183,3.2431,-1.2319,-1.9797,2.3538,0.13227,-7.661,-1.4869,-7.8408,-5.1605
-2.077,-3.7617,0.20028,2.4622,-0.54865,-1.9094,2.4515,0.043471,-7.5121,-1.4646,-7.9709,-5.2098
-1.0488,-3.0957,-0.19317,1.7111,-0.025945,-1.7779,2.5191,-0.031646,-7.3419,-1.4404,-8.1009,-5.2457
-0.21512,-2.4262,-0.52122,1.0137,0.37396,-1.6013,2.5292,-0.10304,-7.1477,-1.4245,-8.2272,-5.2778
0.46812,-1.7931,-0.79261,0.37958,0.72235,-1.4023,2.4507,-0.1865,-6.9238,-1.4259,-8.354,-5.3215
1.0713,-1.2317,-1.0133,-0.19224,1.0934,-1.2031,2.2657,-0.29726,-6.6669,-1.4498,-8.4866,-5.3899
1.674,-0.76985,-1.1835,-0.71084,1.5339,-1.023,1.981,-0.44544,-6.382,-1.4979,-8.6256,-5.4884
2.3431,-0.42713,-1.301,-1.1865,2.0435,-0.87761,1.6269,-0.63514,-6.0864,-1.5696,-8.7644,-5.6141
3.095,-0.21542,-1.3634,-1.6159,2.5687,-0.77919,1.2396,-0.86444,-5.806,-1.6649,-8.8905,-5.7581
3.8589,-0.14142,-1.3668,-1.97,3.0138,-0.73523,0.84369,-1.1281,-5.5687,-1.7857,-8.9901,-5.9101
4.476,-0.20982,-1.3069,-2.1932,3.2681,-0.74888,0.44325,-1.4173,-5.3918,-1.9347,-9.0513,-6.0608
4.7503,-0.42611,-1.1845,-2.2172,3.2373,-0.82147,0.027441,-1.7202,-5.2786,-2.1129,-9.0664,-6.2042
4.5194,-0.79723,-1.0097,-1.9807,2.8717,-0.95537,-0.41571,-2.0243,-5.2206,-2.3174,-9.0313,-6.3359
3.7065,-1.3275,-0.80275,-1.4472,2.1771,-1.1535,-0.88603,-2.3157,-5.204,-2.539,-8.9431,-6.4515
2.3379,-2.0093,-0.58779,-0.61819,1.2126,-1.414,-1.3659,-2.5808,-5.2158,-2.7629,-8.7951,-6.5455
0.53478,-2.8128,-0.38483,0.46294,0.080245,-1.7222,-1.8235,-2.8078,-5.245,-2.9695,-8.5739,-6.6122
-1.5099,-3.6841,-0.20103,1.7142,-1.0919,-2.0471,-2.2216,-2.9885,-5.2826,-3.1389,-8.26,-6.6499
-3.5633,-4.5559,-0.027097,3.0258,-2.1726,-2.3474,-2.5307,-3.1212,-5.321,-3.2582,-7.8379,-6.6635
-5.3942,-5.3671,0.15427,4.2763,-3.0513,-2.5877,-2.7409,-3.214,-5.3557,-3.3271,-7.3059,-6.6663
-6.8161,-6.0763,0.35177,5.3501,-3.6552,-2.7539,-2.8634,-3.286,-5.3863,-3.3604,-6.6851,-6.6759
-7.7219,-6.6608,0.55818,6.1557,-3.9601,-2.8534,-2.9226,-3.3626,-5.4149,-3.3807,-6.0163,-6.7061
-8.0981,-7.1055,0.76028,6.6395,-3.9919,-2.8996,-2.9404,-3.4663,-5.443,-3.4078,-5.3458,-6.7587
-8.0142,-7.3925,0.9564,6.7911,-3.8217,-2.8964,-2.9231,-3.6046,-5.4666,-3.4493,-4.707,-6.8185
-7.5928,-7.4959,1.1614,6.6407,-3.5489,-2.8307,-2.8552,-3.7637,-5.4762,-3.4967,-4.1078,-6.8576
-6.9717,-7.3868,1.4002,6.2476,-3.2792,-2.6776,-2.7076,-3.9107,-5.4599,-3.5263,-3.5284,-6.8461
-6.2795,-7.0452,1.6962,5.6884,-3.1044,-2.4133,-2.4528,-4.005,-5.4072,-3.5056,-2.9302,-6.7648
-5.6279,-6.478,2.0597,5.0475,-3.0849,-2.0292,-2.0804,-4.011,-5.3102,-3.4023,-2.2703,-6.613
-5.105,-5.729,2.4869,4.4078,-3.2357,-1.537,-1.6036,-3.9078,-5.1627,-3.1956,-1.5151,-6.4067
-4.7572,-4.8716,2.9612,3.8337,-3.5196,-0.96395,-1.0563,-3.6924,-4.9579,-2.8828,-0.65041,-6.1679
-4.569,-3.9813,3.4625,3.3538,-3.8582,-0.34155,-0.48182,-3.3771,-4.6875,-2.4797,0.31593,-5.913
-4.4641,-3.1058,3.9771,2.9587,-4.1596,0.31031,0.080747,-2.982,-4.3416,-2.0166,1.3563,-5.6462
-4.3331,-2.2495,4.5018,2.6095,-4.3501,0.98928,0.60882,-2.5293,-3.9131,-1.5294,2.4324,-5.3617
-4.0807,-1.3808,5.0436,2.2548,-4.3975,1.7104,1.1031,-2.0371,-3.3981,-1.0502,3.5085,-5.0512
-3.667,-0.4525,5.6165,1.8496,-4.3168,2.5006,1.5862,-1.5165,-2.7953,-0.59652,4.5671,-4.7101
-3.1226,0.58267,6.2386,1.3698,-4.1618,3.3919,2.0923,-0.96994,-2.1017,-0.16544,5.6202,-4.3417
-2.5321,1.7639,6.9275,0.81218,-4.0072,4.4147,2.6513,-0.39015,-1.3063,0.26488,6.7087,-3.9543
-1.9983,3.1247,7.6941,0.17826,-3.9294,5.5919,3.2732,0.24051,-0.38185,0.72726,7.8923,-3.5549
-1.6005,4.7003,8.5386,-0.55354,-3.9876,6.9363,3.9431,0.95036,0.7246,1.2575,9.2386,-3.1403
-1.3537,6.5413,9.449,-1.4632,-4.2054,8.4532,4.6318,1.7796,2.1004,1.8915,10.822,-2.6904
-1.1793,8.7292,10.402,-2.7237,-4.558,10.145,5.3192,2.7818,3.8664,2.6681,12.732,-2.1697
-0.89029,11.381,11.364,-4.6084,-4.9707,12.011,6.0127,4.0215,6.1407,3.6334,15.068,-1.5353
-0.1928,14.62,12.296,-7.4086,-5.3341,14.039,6.7484,5.5572,8.9315,4.8374,17.91,-0.74957
1.2852,18.498,13.154,-11.225,-5.533,16.191,7.5699,7.4094,12.022,6.3145,21.24,0.21197
3.8944,22.917,13.884,-15.814,-5.4751,18.385,8.502,9.5284,15.094,8.0521,24.882,1.3571
7.7567,27.622,14.428,-20.758,-5.1065,20.499,9.5351,11.794,18.062,9.9712,28.559,2.6754
12.6,32.292,14.734,-25.736,-4.4084,22.38,10.627,14.059,21.113,11.947,32.014,4.1362
17.907,36.643,14.776,-30.551,-3.3758,23.897,11.72,16.209,24.411,13.862,35.103,5.6909
23.245,40.508,14.578,-35.059,-1.9937,24.992,12.753,18.202,27.928,15.653,37.802,7.2822
28.382,43.864,14.203,-39.17,-0.23479,25.712,13.675,20.059,31.513,17.336,40.176,8.8678
33.206,46.767,13.71,-42.855,1.8848,26.151,14.441,21.843,35.039,18.99,42.326,10.431
37.682,49.254,13.091,-46.117,4.2329,26.351,15.017,23.626,38.463,20.732,44.328,11.985
41.85,51.277,12.236,-48.943,6.7063,26.246,15.38,25.461,41.774,22.682,46.211,13.575
45.809,52.707,10.975,-51.291,9.5067,25.697,15.509,27.369,44.909,24.938,47.968,15.263
49.635,53.393,9.1734,-53.11,12.982,24.581,15.39,29.32,47.691,27.528,49.591,17.115
53.305,53.233,6.8121,-54.387,17.282,22.863,14.998,31.236,49.812,30.354,51.077,19.174
56.704,52.232,3.9904,-55.157,22.269,20.618,14.298,32.999,50.995,33.183,52.421,21.437
59.754,50.5,0.87741,-55.494,27.593,18.015,13.248,34.46,51.248,35.741,53.618,23.832
62.471,48.219,-2.3407,-55.49,32.819,15.259,11.815,35.463,50.884,37.812,54.66,26.232
64.884,45.575,-5.4978,-55.245,37.553,12.541,10.003,35.876,50.338,39.269,55.548,28.491
66.944,42.709,-8.4668,-54.838,41.497,10.011,7.8706,35.646,50.096,40.055,56.288,30.494
68.509,39.688,-11.166,-54.293,44.437,7.7564,5.5261,34.817,50.636,40.192,56.901,32.177
69.377,36.502,-13.555,-53.555,46.242,5.8145,3.1055,33.49,52.04,39.756,57.42,33.514
69.366,33.097,-15.63,-52.49,46.89,4.1759,0.74986,31.741,53.7,38.807,57.868,34.501
68.433,29.442,-17.402,-50.928,46.468,2.7911,-1.4105,29.596,54.707,37.341,58.244,35.146
66.708,25.598,-18.877,-48.757,45.144,1.58,-3.2769,27.074,54.348,35.35,58.512,35.474
64.365,21.738,-20.055,-46.005,43.136,0.44885,-4.8072,24.243,52.327,32.921,58.596,35.519
61.503,18.065,-20.937,-42.777,40.711,-0.68353,-6.0241,21.202,48.767,30.243,58.358,35.323
58.163,14.706,-21.542,-39.118,38.134,-1.8565,-6.9882,18.044,43.99,27.51,57.556,34.893
54.339,11.679,-21.906,-34.99,35.556,-3.0546,-7.7552,14.82,38.253,24.765,55.871,34.17
49.991,8.9312,-22.071,-30.363,32.985,-4.2316,-8.354,11.559,31.735,21.842,53.055,33.028
45.1,6.3975,-22.089,-25.293,30.371,-5.3599,-8.7933,8.2909,24.743,18.505,49.078,31.318
39.75,4.0234,-22.013,-19.933,27.705,-6.4608,-9.0805,5.0814,17.801,14.663,44.129,28.923
34.138,1.774,-21.899,-14.515,25.067,-7.5964,-9.2381,2.0404,11.376,10.451,38.552,25.814
28.568,-0.36292,-21.802,-9.3892,22.611,-8.8394,-9.3094,-0.69636,5.6524,6.1316,32.717,22.107
23.42,-2.3812,-21.769,-5.0281,20.512,-10.245,-9.3519,-3.0339,0.75751,1.9851,26.879,18.045
18.992,-4.2749,-21.837,-1.8232,18.906,-11.829,-9.423,-4.9944,-3.0158,-1.7613,21.153,13.897
15.32,-6.0599,-22.03,0.15686,17.839,-13.559,-9.562,-6.7145,-5.367,-5.0126,15.628,9.8848
12.279,-7.7772,-22.351,1.1629,17.253,-15.36,-9.776,-8.3521,-6.609,-7.8885,10.493,6.1994
9.8554,-9.473,-22.782,1.5758,17.018,-17.14,-10.034,-9.9881,-7.5113,-10.66,6.0151,3.0144
8.133,-11.172,-23.289,1.7486,16.979,-18.818,-10.275,-11.592,-8.3986,-13.527,2.3829,0.43004
7.0099,-12.865,-23.826,1.9419,16.99,-20.344,-10.436,-13.063,-9.2244,-16.466,-0.43146,-1.5891
6.1719,-14.513,-24.356,2.313,16.941,-21.7,-10.485,-14.315,-9.8949,-19.29,-2.6065,-3.1838
5.317,-16.067,-24.858,2.9238,16.79,-22.895,-10.447,-15.329,-10.37,-21.844,-4.3288,-4.5114
4.3021,-17.491,-25.334,3.7528,16.564,-23.954,-10.388,-16.159,-10.673,-24.115,-5.7324,-5.6879
3.1592,-18.769,-25.799,4.7108,16.349,-24.902,-10.368,-16.894,-10.864,-26.19,-6.9037,-6.7758
2.0449,-19.892,-26.265,5.6686,16.242,-25.757,-10.41,-17.605,-11.011,-28.159,-7.8947,-7.7917
1.1631,-20.86,-26.733,6.4949,16.313,-26.522,-10.49,-18.315,-11.157,-30.045,-8.7311,-8.7204
0.67895,-21.677,-27.189,7.0919,16.578,-27.19,-10.563,-18.991,-11.314,-31.801,-9.4223,-9.5363
0.64842,-22.362,-27.608,7.4188,17,-27.758,-10.571,-19.564,-11.471,-33.359,-9.9732,-10.223
0.99541,-22.948,-27.964,7.4993,17.501,-28.228,-10.467,-19.974,-11.605,-34.675,-10.394,-10.786
1.557,-23.48,-28.237,7.4121,17.985,-28.615,-10.226,-20.206,-11.702,-35.751,-10.703,-11.248
2.1597,-23.991,-28.421,7.2656,18.365,-28.936,-9.857,-20.302,-11.768,-36.628,-10.926,-11.645
2.6631,-24.485,-28.52,7.1614,18.586,-29.206,-9.3949,-20.336,-11.826,-37.364,-11.091,-12.011
2.966,-24.924,-28.548,7.1569,18.636,-29.426,-8.8901,-20.373,-11.9,-38.022,-11.229,-12.371
3.014,-25.256,-28.516,7.2502,18.542,-29.587,-8.3843,-20.441,-12,-38.648,-11.369,-12.732
2.8102,-25.443,-28.43,7.3998,18.346,-29.668,-7.8948,-20.518,-12.118,-39.266,-11.529,-13.086
2.4126,-25.477,-28.287,7.5617,18.078,-29.651,-7.4129,-20.552,-12.23,-39.876,-11.712,-13.416
1.9119,-25.381,-28.08,7.7166,17.75,-29.524,-6.9146,-20.49,-12.31,-40.456,-11.904,-13.707
1.4024,-25.187,-27.791,7.8691,17.353,-29.283,-6.3761,-20.312,-12.351,-40.983,-12.087,-13.954
0.95408,-24.932,-27.397,8.0347,16.866,-28.928,-5.7836,-20.044,-12.354,-41.437,-12.247,-14.166
0.5953,-24.644,-26.859,8.2335,16.255,-28.462,-5.1384,-19.746,-12.329,-41.816,-12.383,-14.354
0.31492,-24.357,-26.13,8.4918,15.483,-27.888,-4.4616,-19.495,-12.283,-42.134,-12.509,-14.527
0.072477,-24.113,-25.163,8.8437,14.514,-27.222,-3.7956,-19.36,-12.213,-42.421,-12.657,-14.684
-0.19568,-23.96,-23.949,9.3251,13.339,-26.496,-3.193,-19.378,-12.103,-42.715,-12.863,-14.824
-0.57035,-23.943,-22.542,9.9619,11.997,-25.762,-2.6891,-19.554,-11.938,-43.049,-13.164,-14.959
-1.1336,-24.07,-21.054,10.754,10.552,-25.073,-2.2767,-19.857,-11.71,-43.439,-13.58,-15.122
-1.9471,-24.295,-19.583,11.658,9.0476,-24.445,-1.906,-20.233,-11.43,-43.868,-14.113,-15.357
-3.0399,-24.502,-18.137,12.581,7.4734,-23.828,-1.5108,-20.634,-11.123,-44.283,-14.737,-15.7
-4.4081,-24.522,-16.601,13.395,5.7977,-23.089,-1.0442,-21.055,-10.827,-44.614,-15.401,-16.141
-6.0206,-24.157,-14.753,13.969,4.0038,-22.012,-0.51271,-21.575,-10.584,-44.796,-16.034,-16.605
-7.8167,-23.18,-12.319,14.22,2.1169,-20.302,-0.013822,-22.385,-10.447,-44.789,-16.564,-16.948
-9.6959,-21.352,-9.118,14.149,0.22354,-17.611,0.22989,-23.765,-10.494,-44.596,-16.931,-16.995
-11.51,-18.654,-5.3752,13.901,-1.5417,-13.903,-0.067526,-25.871,-10.836,-44.274,-17.077,-16.604
-13.078,-16.281,-2.1198,13.821,-3.1115,-10.897,-0.86301,-27.824,-11.546,-43.951,-16.943,-15.732
-14.22,-18.712,-2.0498,14.604,-4.7301,-13.701,4.865,-27.935,-10.102,-43.842,-16.468,-14.496
-14.792,-27.112,-5.7167,17.539,-6.84,-17.837,8.9035,-28.091,-3.6902,-44.232,-15.707,-13.714
-14.72,-31.411,-6.5675,23.241,-8.9713,-18.432,9.806,-29.213,-2.9049,-45.369,-15.803,-19.349
-14.025,-30.708,-5.1831,27.282,-10.882,-16.858,11.361,-30.347,-2.7019,-47.288,-25.019,-31.7
-12.875,-25.324,-1.1592,25.538,-13.422,-12.244,13.269,-32.489,-3.4018,-49.632,-39.713,-35.458
-11.845,-14.435,6.9715,18.647,-16.186,-3.3409,14.696,-37.874,-5.5896,-49.982,-41.034,-35.946
-12.778,2.8016,20.408,7.5011,-18.39,10.808,13.565,-50.121,-10.826,-48.176,-37.958,-32.902
-11.899,26.881,39.44,-6.205,-21.308,31.052,5.6585,-73.971,-21.912,-45.467,-31.372,-25.318
-10.12,57.215,63.563,-21.343,-28.197,57.771,-16.456,-114.15,-42.657,-42.874,-20.366,-12.789
-8.8014,90.885,91.088,-37.865,-41.104,88.855,-58.719,-174.44,-77.266,-41.881,-5.0616,4.7703
-6.3222,121.99,118.44,-54.808,-57.416,118.63,-113.17,-257.71,-129.19,-49.881,14.631,28.061
-1.6231,146.16,141.97,-70.588,-68.96,142.72,-179.29,-364.57,-202.38,-71.298,40.366,58.714
4.0453,164.03,159.1,-84.147,-70.251,160.4,-255.1,-493.67,-301.57,-107.78,74.084,97.524
12.513,178.73,166.22,-97.109,-63.385,171.39,-336.1,-641.99,-427.88,-160.6,116.4,142.56
31.04,194.21,164.44,-114.42,-51.371,178.19,-417.54,-803.83,-576.41,-227.56,166.51,195.52
65.015,214.8,160.19,-138.32,-36.074,186.36,-495.54,-970.49,-735.7,-300.17,230.37,261.75
103.07,244.97,158.11,-170.22,-18.652,200.61,-567.74,-1131,-889.1,-364.53,314.47,345.05
143.29,287.01,161.07,-210.66,0.034633,223.55,-633,-1273.4,-1017.8,-404.22,421.88,446.8
186.72,338.29,169.6,-257.65,19.094,253.74,-690.03,-1386.3,-1104.1,-403.31,551.53,563.96
228.88,390.11,177.64,-305.2,37.401,284.18,-735.58,-1460.2,-1134.9,-351.32,695.36,687.25
264.12,428.58,176.12,-343.04,56.142,303.29,-763.85,-1489.6,-1104.7,-247.09,836.85,801.05
286.22,438.58,159.4,-359.53,75.369,300.01,-768.73,-1475.3,-1018.8,-102.02,952.84,885.97
288.8,410.54,127.19,-346.6,92.862,270.08,-747.52,-1425.8,-895.5,58.88,1019.2,924
267.5,346.18,85.594,-303.56,103.39,218.41,-703.5,-1358,-764.53,200.2,1017.8,904.31
221.92,259.74,48.027,-237.91,99.281,157.69,-644.73,-1292.4,-660.66,283.49,941.46,826.3
155.48,172.37,29.849,-162.07,74.389,104.09,-580.02,-1246,-613.78,277.14,794.56,698.41
74.792,101.22,39.309,-87.383,28.137,70.106,-515.26,-1225.8,-639.01,166.21,590.75,534.63
-11.049,52.458,73.298,-20.987,-33.017,59.014,-452.5,-1225.7,-731.07,-40.937,350.81,351.28
-91.935,22.836,119.46,33.674,-97.26,64.781,-391.68,-1231.1,-864.5,-311.87,100.44,165.41
-158.64,4.3083,161.63,75.729,-151.68,75.921,-333.29,-1227.3,-1002.2,-597.08,-132.68,-6.3793
-204.75,-11.837,186.57,106.49,-186.99,81.123,-280.04,-1204.1,-1108.7,-843.34,-323.68,-149.72
-228.04,-31.102,188.58,127.92,-199.52,74.277,-235.58,-1156.4,-1160.5,-1009.5,-456.08,-254.95
-230.4,-54.31,169.42,141.3,-190.88,55.248,-200.11,-1084.3,-1149.5,-1078.2,-525.65,-318.77
-217.34,-79.011,135.59,147.85,-167.08,27.625,-170.4,-992.86,-1083.4,-1057.6,-539.32,-344.71
-196.39,-102.21,95.251,149.54,-136.29,-3.3258,-143.11,-889.45,-980.29,-973.4,-511.65,-341.28
-174.68,-122.47,55.389,149.16,-105.42,-31.914,-115.13,-781.04,-859.59,-856.28,-460.55,-318.84
-157.07,-139.66,19.993,149.12,-78.768,-55.75,-84.826,-673.47,-736.13,-732.96,-402.63,-288.03
-144.97,-152.53,-7.8976,149.7,-58.719,-75.085,-53.036,-572.55,-619.8,-621.85,-349.59,-256.66
-135.93,-160.19,-26.367,149.07,-45.457,-89.367,-22.466,-483.28,-516.78,-531.49,-306.77,-228.48
-126.89,-162.39,-36.287,145.73,-37.158,-96.785,3.7721,-408.28,-430.37,-461.37,-273.95,-204.08
-116.95,-158.17,-38.152,138.72,-32.379,-96.553,23.053,-347.44,-361.1,-406.32,-246.88,-182.08
-106.9,-146.9,-33.359,127.64,-30.401,-88.857,33.886,-298.32,-305.69,-361,-222.21,-160.89
-94.884,-129.11,-23.804,112.69,-29.389,-73.777,37.266,-256.78,-258.59,-320.04,-200.22,-141.92
-80.044,-106.54,-8.9963,94.414,-27.131,-55.094,36.28,-218.39,-215.21,-279.67,-178.29,-124.81
-64.62,-81.784,-1.6942,74.382,-22.478,-39.135,33.893,-180.19,-173.04,-238.85,-155.36,-107.16
-51.403,-58.419,-0.92766,55.432,-15.767,-26.566,31.764,-141.71,-131.28,-198.68,-132.4,-89.352
-41.4,-40.204,-0.43987,40.324,-9.5136,-17.375,27.283,-104.25,-90.375,-161.61,-110.78,-72.495
-34.125,-28.682,0.53788,29.997,-6.9798,-12.206,20.794,-69.63,-51.754,-130.25,-91.715,-57.947
-28.937,-22.618,1.9374,23.681,-5.9481,-9.9258,21.235,-40.42,-17.667,-106.01,-76.002,-46.393
-25.826,-19.844,3.5684,20.311,-5.6302,-8.8689,22.034,-19.305,10.035,-88.081,-64.147,-37.869
-25.061,-18.371,5.282,18.998,-5.8701,-7.2949,22.335,-6.4051,30.424,-74.844,-55.975,-32.117
-26.255,-16.056,6.9697,18.665,-6.5098,-3.948,22.249,-0.15297,43.704,-65.18,-50.835,-28.634
-27.527,-10.952,8.5403,17.609,-7.3091,-0.34758,21.974,1.2027,50.258,-57.945,-48.038,-26.673
-25.602,-6.0157,9.9169,13.187,-8.0017,2.236,21.681,-0.0459,51.497,-51.862,-46.618,-25.035
-22.111,-2.8188,11.032,9.1636,-8.3685,4.1004,21.455,-1.2853,50.572,-45.781,-44.699,-21.727
-19.421,-0.6234,11.825,6.8793,-8.2801,5.5118,21.294,0.59997,50.945,-38.83,-39.192,-17.815
-17.148,0.96454,12.252,5.2791,-7.715,6.5171,21.143,4.9446,54.668,-31.46,-31.495,-15.151
-15.031,2.0748,12.309,4.0036,-6.7564,7.1183,20.932,9.3902,61.284,-25.454,-26.251,-13.311
-13.124,2.7819,12.052,3.0039,-5.5647,7.3625,20.611,13.845,70.694,-19.804,-23.262,-11.918
-11.565,3.1824,11.593,2.2922,-4.3367,7.3559,20.177,17.909,80.516,-14.481,-21.383,-10.833
-10.463,3.3985,11.062,1.8599,-3.2657,7.2337,19.672,21.308,87.502,-10.234,-20.054,-9.9825
-9.8415,3.5526,10.569,1.6659,-2.5042,7.1163,19.157,24.069,91.855,-7.11,-19.005,-9.2994
-9.6145,3.7375,10.18,1.6571,-2.126,7.075,18.677,26.4,94.641,-4.8065,-18.082,-8.7145
-9.6412,3.9975,9.9151,1.7826,-2.0904,7.1256,18.247,28.535,96.606,-3.043,-17.196,-8.1632
-9.8087,4.3276,9.7553,1.9849,-2.2513,7.2462,17.843,30.634,98.291,-1.6386,-16.311,-7.5977
-10.022,4.6872,9.6503,2.1882,-2.4259,7.4012,17.423,32.748,100.16,-0.48564,-15.436,-6.9957
-10.16,5.0285,9.544,2.3105,-2.47,7.5538,16.948,34.838,102.55,0.48498,-14.597,-6.3601
-10.098,5.3272,9.406,2.2852,-2.3168,7.6815,16.389,36.834,105.49,1.3255,-13.822,-5.7107
-9.7664,5.6007,9.2574,2.0717,-1.9865,7.797,15.739,38.676,108.62,2.0821,-13.131,-5.0757
-9.1781,5.9047,9.1661,1.6548,-1.5685,7.9496,15.009,40.329,111.48,2.7976,-12.524,-4.4845
-8.4124,6.3134,9.2091,1.0458,-1.177,8.2027,14.218,41.782,113.85,3.5099,-11.992,-3.9597
-7.5804,6.89,9.4306,0.28524,-0.90485,8.6053,13.396,43.05,115.75,4.2476,-11.513,-3.5105
-6.7907,7.6584,9.8208,-0.55762,-0.79876,9.1732,12.571,44.173,117.29,5.024,-11.063,-3.1308
-6.1322,8.588,10.322,-1.3941,-0.86083,9.8815,11.764,45.218,118.6,5.8305,-10.628,-2.8054
-5.6688,9.5992,10.854,-2.1327,-1.0555,10.67,10.976,46.247,119.82,6.6354,-10.207,-2.5184
-5.4296,10.586,11.336,-2.6984,-1.3162,11.459,10.19,47.3,121.04,7.3932,-9.807,-2.2599
-5.3965,11.447,11.708,-3.0495,-1.5607,12.173,9.3769,48.378,122.27,8.0662,-9.4377,-2.0258
-5.5014,12.12,11.944,-3.1906,-1.7166,12.763,8.5134,49.461,123.49,8.6498,-9.0983,-1.8133
-5.6439,12.61,12.05,-3.1773,-1.7439,13.22,7.5951,50.522,124.65,9.1839,-8.7713,-1.6176
-5.7256,12.987,12.064,-3.1048,-1.6424,13.568,6.6401,51.557,125.71,9.7423,-8.424,-1.4304
-5.6842,13.36,12.037,-3.0756,-1.4439,13.856,5.6837,52.591,126.66,10.41,-8.0181,-1.2411
-5.5102,13.818,12.024,-3.1621,-1.1985,14.135,4.7637,53.68,127.53,11.264,-7.5201,-1.0375
-5.2421,14.39,12.069,-3.3821,-0.96282,14.447,3.9058,54.895,128.39,12.368,-6.9104,-0.80581
-4.9455,15.036,12.203,-3.6966,-0.78815,14.823,3.117,56.302,129.31,13.769,-6.186,-0.53063
-4.6876,15.684,12.445,-4.0285,-0.70699,15.282,2.3906,57.925,130.37,15.497,-5.3578,-0.19445
-4.515,16.268,12.798,-4.2955,-0.72065,15.818,1.7148,59.725,131.61,17.545,-4.443,0.22176
-4.44,16.751,13.25,-4.4439,-0.79863,16.407,1.0768,61.592,133.04,19.843,-3.4553,0.73663
-4.4418,17.134,13.776,-4.4694,-0.89703,17.016,0.46166,63.375,134.61,22.27,-2.3983,1.3662
-4.4814,17.465,14.355,-4.4162,-0.98778,17.634,-0.14323,64.94,136.24,24.701,-1.2612,2.1233
-4.5268,17.833,14.995,-4.3535,-1.0799,18.288,-0.73777,66.225,137.82,27.062,-0.020187,3.0204
-4.5777,18.356,15.746,-4.3441,-1.221,19.049,-1.3025,67.268,139.29,29.357,1.359,4.0748
-4.6794,19.14,16.698,-4.4202,-1.4813,20.007,-1.8058,68.195,140.63,31.634,2.9198,5.3173
-4.9132,20.249,17.952,-4.5756,-1.9284,21.241,-2.2208,69.167,141.88,33.951,4.714,6.8013
-5.3636,21.691,19.589,-4.7741,-2.603,22.797,-2.5395,70.319,143.1,36.335,6.8003,8.6086
-6.0767,23.434,21.634,-4.9711,-3.5017,24.667,-2.7761,71.715,144.37,38.783,9.2389,10.84
-7.0298,25.431,24.027,-5.145,-4.5731,26.789,-2.9613,73.335,145.73,41.271,12.077,13.583
-8.1241,27.649,26.614,-5.3249,-5.7259,29.05,-3.1316,75.096,147.18,43.781,15.327,16.847
-9.2035,30.077,29.178,-5.6037,-6.8472,31.336,-3.3204,76.892,148.72,46.313,18.941,20.511
-10.097,32.735,31.519,-6.1384,-7.8275,33.581,-3.551,78.619,150.34,48.887,22.807,24.335
-10.667,35.647,33.53,-7.1378,-8.5904,35.791,-3.8324,80.197,152.02,51.518,26.771,28.047
-10.847,38.816,35.226,-8.8316,-9.1154,38.027,-4.158,81.586,153.73,54.2,30.665,31.45
-10.634,42.199,36.72,-11.391,-9.4374,40.359,-4.5085,82.785,155.42,56.891,34.347,34.458
-10.07,45.72,38.169,-14.791,-9.6144,42.847,-4.8597,83.833,157.07,59.534,37.736,37.08
-9.2023,49.289,39.712,-18.738,-9.6875,45.518,-5.1933,84.783,158.6,62.077,40.816,39.39
-8.08,52.826,41.432,-22.825,-9.6678,48.372,-5.5049,85.686,159.99,64.481,43.614,41.481
-6.7554,56.286,43.351,-26.779,-9.5473,51.371,-5.8059,86.569,161.21,66.725,46.164,43.45
-5.2739,59.669,45.446,-30.523,-9.3079,54.445,-6.1186,87.446,162.28,68.806,48.492,45.384
-3.6617,63.034,47.666,-34.09,-8.932,57.516,-6.4672,88.318,163.24,70.751,50.623,47.369
-1.9491,66.482,49.956,-37.517,-8.4339,60.535,-6.8657,89.182,164.16,72.607,52.586,49.476
-0.20957,70.111,52.284,-40.8,-7.8897,63.514,-7.311,90.032,165.09,74.425,54.425,51.761
1.4301,73.972,54.662,-43.874,-7.4341,66.523,-7.7851,90.848,166.07,76.234,56.201,54.281
2.8148,78.034,57.157,-46.649,-7.2284,69.667,-8.2668,91.597,167.11,78.012,57.997,57.134
3.8036,82.2,59.877,-49.058,-7.4236,73.031,-8.7455,92.236,168.2,79.704,59.914,60.433
4.3076,86.354,62.941,-51.102,-8.1373,76.638,-9.2288,92.733,169.29,81.241,62.053,64.212
4.3129,90.429,66.45,-52.855,-9.4481,80.463,-9.7415,93.082,170.29,82.582,64.504,68.304
3.8888,94.447,70.473,-54.432,-11.4,84.498,-10.319,93.305,171.14,83.72,67.325,72.377
3.1803,98.514,75.029,-55.966,-14.008,88.781,-10.998,93.443,171.78,84.68,70.552,76.175
2.3815,102.78,80.078,-57.601,-17.229,93.388,-11.806,93.539,172.22,85.514,74.216,79.679
1.692,107.4,85.492,-59.492,-20.883,98.378,-12.746,93.634,172.48,86.29,78.357,83.039
1.2623,112.52,91.086,-61.807,-24.606,103.76,-13.792,93.763,172.63,87.088,82.992,86.438
1.1481,118.25,96.697,-64.666,-28.025,109.47,-14.893,93.958,172.72,87.976,88.048,90.038
1.3103,124.62,102.26,-68.071,-31.008,115.43,-15.993,94.234,172.82,88.997,93.351,93.978
1.6753,131.59,107.78,-71.918,-33.654,121.55,-17.058,94.577,172.95,90.155,98.727,98.37
2.2194,138.96,113.28,-76.107,-36.15,127.73,-18.096,94.939,173.1,91.42,104.12,103.27
3.0123,146.48,118.77,-80.576,-38.659,133.86,-19.144,95.252,173.24,92.741,109.57,108.66
4.2058,153.86,124.2,-85.25,-41.248,139.86,-20.245,95.449,173.34,94.072,115.17,114.42
5.986,160.93,129.53,-90.018,-43.85,145.69,-21.431,95.482,173.36,95.38,121.01,120.35
8.4999,167.72,134.73,-94.785,-46.309,151.41,-22.711,95.338,173.27,96.656,127.16,126.29
11.772,174.37,139.78,-99.532,-48.478,157.1,-24.087,95.027,173.03,97.91,133.69,132.18
15.653,181.13,144.76,-104.35,-50.278,162.92,-25.567,94.575,172.61,99.16,140.65,138.07
19.885,188.2,149.76,-109.45,-51.709,169.05,-27.177,94.011,171.97,100.42,148.06,144.09
24.236,195.85,154.85,-115.09,-52.819,175.64,-28.961,93.355,171.06,101.7,155.88,150.36
28.56,204.35,160.05,-121.42,-53.655,182.82,-30.959,92.616,169.87,102.98,164.04,156.97
32.762,213.87,165.29,-128.32,-54.23,190.63,-33.184,91.789,168.36,104.24,172.36,163.91
36.763,224.28,170.56,-135.41,-54.558,198.91,-35.626,90.843,166.49,105.45,180.65,171.16
40.501,235.07,175.93,-142.2,-54.736,207.35,-38.275,89.712,164.19,106.6,188.74,178.64
43.947,245.52,181.56,-148.36,-54.954,215.58,-41.123,88.278,161.37,107.66,196.55,186.27
47.1,255.05,187.47,-153.81,-55.416,223.39,-44.168,86.38,157.97,108.61,204.19,193.94
49.96,263.48,193.64,-158.76,-56.276,230.76,-47.447,83.824,154.02,109.44,211.83,201.58
52.478,271.07,199.99,-163.46,-57.637,237.82,-51.086,80.445,149.59,110.12,219.65,209.12
54.538,278.28,206.46,-168.14,-59.572,244.7,-55.297,76.174,144.79,110.62,227.71,216.54
55.986,285.49,212.97,-172.88,-62.124,251.49,-60.272,71.046,139.6,110.94,235.91,223.82
56.718,292.76,219.42,-177.62,-65.285,258.11,-65.978,65.151,133.97,111.04,244.05,230.98
56.759,299.8,225.71,-182.12,-68.952,264.41,-72.082,58.621,127.86,110.93,251.92,238.06
56.276,306.3,231.79,-186.13,-72.896,270.26,-78.204,51.652,121.33,110.64,259.43,245.15
55.51,312.06,237.59,-189.45,-76.782,275.54,-84.146,44.452,114.58,110.23,266.6,252.29
54.695,317.04,242.96,-192.11,-80.281,280.18,-89.863,37.165,107.86,109.76,273.46,259.32
54.01,321.33,247.74,-194.24,-83.181,284.14,-95.65,29.888,101.3,109.29,279.97,265.95
53.553,324.98,251.74,-196.03,-85.426,287.37,-102.13,22.745,94.826,108.85,286.04,271.98
53.36,328.01,254.86,-197.58,-87.076,289.88,-109.79,15.88,88.228,108.44,291.67,277.4
53.433,330.44,257.14,-198.93,-88.266,291.72,-118.76,9.3833,81.218,108.04,297.02,282.33
53.76,332.25,258.67,-200.1,-89.121,292.98,-128.85,3.1728,73.568,107.61,302.27,286.91
54.315,333.47,259.46,-201.08,-89.631,293.69,-139.53,-3.1138,65.278,107.12,307.5,291.27
55.032,334.15,259.28,-201.85,-89.581,293.82,-150.08,-10.091,56.649,106.55,312.63,295.55
55.807,334.34,257.84,-202.45,-88.689,293.3,-159.77,-18.277,48.03,105.87,317.5,299.83
56.527,334.09,255.05,-202.88,-86.862,292.08,-167.92,-27.617,39.502,105.06,321.95,304.15
57.114,333.39,251.23,-203.17,-84.417,290.24,-174.1,-37.644,31.016,104.13,325.88,308.42
57.551,332.14,247.05,-203.27,-81.998,287.85,-178.2,-48.056,22.709,103.04,329.19,312.37
57.879,330.05,243.09,-203.07,-79.986,284.97,-180.52,-58.676,14.799,101.78,331.68,315.51
58.197,326.66,239.42,-202.27,-78.077,281.47,-181.7,-69.166,7.346,100.34,333.11,317.3
58.645,321.56,235.46,-200.5,-75.615,277.15,-182.59,-79.159,0.34826,98.71,333.21,317.35
59.362,314.67,230.39,-197.38,-72.083,271.76,-183.87,-88.499,-6.0099,96.87,331.84,315.55
60.435,306.27,223.58,-192.89,-67.28,265.09,-185.53,-97.222,-11.414,94.805,329.05,312.09
61.847,296.8,214.71,-187.5,-61.303,256.96,-186.8,-105.4,-15.78,92.485,325.03,307.41
63.46,286.58,203.77,-181.96,-54.456,247.26,-187.15,-113.08,-19.317,89.877,319.98,302
65.045,275.76,191.01,-176.71,-47.152,235.98,-186.67,-120.21,-22.24,86.953,313.92,296.18
66.341,264.34,177,-171.68,-39.82,223.33,-185.51,-126.69,-24.619,83.697,306.88,289.97
67.101,252.26,162.63,-166.42,-32.883,209.75,-183.69,-132.37,-26.445,80.089,298.98,283.19
67.137,239.46,149,-160.37,-26.772,195.87,-181.06,-137.05,-27.754,76.104,290.52,275.64
66.356,225.94,136.95,-153.16,-21.796,182.31,-177.52,-140.5,-28.689,71.739,281.82,267.12
64.782,211.83,126.63,-144.77,-17.903,169.42,-173.24,-142.49,-29.432,67.073,273.04,257.55
62.539,197.36,117.51,-135.47,-14.603,157.19,-168.76,-142.87,-30.082,62.299,264.15,247.1
59.81,182.81,108.71,-125.68,-11.124,145.36,-164.59,-141.74,-30.626,57.652,254.88,236.08
56.805,168.32,99.387,-115.83,-7.2518,133.57,-160.79,-139.45,-30.991,53.242,244.84,224.83
53.7,154.04,89.09,-106.32,-4.1485,121.63,-157,-136.44,-31.099,48.975,233.71,213.51
50.562,140.12,77.914,-97.454,-2.2565,109.6,-152.68,-133.05,-30.901,44.644,221.43,202.14
47.352,126.83,66.456,-89.412,-0.8453,97.756,-147.51,-129.48,-30.395,40.066,208.18,190.68
43.995,114.42,55.517,-82.222,0.50324,86.486,-141.64,-125.77,-29.634,35.149,194.3,179.21
40.444,103.11,45.687,-75.808,1.8175,76.103,-135.35,-121.96,-28.71,29.922,180.22,168
36.681,93.012,37.178,-70.01,3.0126,66.811,-128.63,-118.08,-27.724,24.538,166.36,157.21
32.721,84.017,30.043,-64.537,4.0241,58.655,-121.39,-114.17,-26.765,19.273,153.14,146.85
28.638,75.805,24.176,-59.005,4.8478,51.493,-113.8,-110.27,-25.886,14.438,140.79,136.76
24.547,67.833,19.222,-53.303,5.5331,45.001,-106.27,-106.42,-25.104,10.25,129.33,126.76
20.571,59.462,15.05,-47.917,6.1522,38.636,-99.008,-102.65,-24.408,6.738,118.49,116.72
16.824,50.748,11.917,-43.34,6.7644,31.826,-92.048,-98.969,-23.769,3.7484,107.89,106.56
13.418,43.091,9.6998,-39.376,7.4012,25.254,-85.337,-95.322,-23.152,1.0234,97.237,96.341
10.494,37.021,7.9235,-35.462,8.0773,20.445,-78.828,-91.638,-22.534,-1.7071,86.457,86.273
8.1767,31.492,6.2262,-31.148,8.8023,16.816,-72.453,-87.842,-21.914,-4.637,75.713,76.641
6.4833,25.967,4.4328,-26.262,9.5768,13.455,-66.096,-83.89,-21.312,-7.8133,65.29,67.594
5.2913,20.75,2.4993,-21.019,10.384,10.274,-59.683,-79.796,-20.754,-11.131,55.494,59.189
4.4002,16.141,0.4549,-15.958,11.191,7.4016,-53.381,-75.628,-20.262,-14.418,46.53,51.49
3.6162,12.141,-1.6494,-11.563,11.952,4.8664,-47.586,-71.477,-19.844,-17.546,38.422,44.498
2.8005,8.6266,-3.7702,-7.9874,12.621,2.6151,-42.52,-67.425,-19.495,-20.478,31.048,38.07
1.8851,5.4893,-5.8736,-5.1236,13.154,0.58181,-38.001,-63.53,-19.2,-23.232,24.239,31.965
0.87291,2.6761,-7.9233,-2.8096,13.518,-1.2824,-33.637,-59.827,-18.936,-25.825,17.913,26.045
-0.1736,0.17957,-9.8709,-0.93933,13.702,-3.0121,-29.108,-56.346,-18.679,-28.237,12.218,20.421
-1.1578,-1.9933,-11.658,0.5374,13.725,-4.6394,-24.364,-53.121,-18.41,-30.424,7.5777,15.239
-1.9847,-3.8533,-13.228,1.6526,13.631,-6.1966,-19.682,-50.187,-18.118,-32.343,4.2286,10.796
-2.5984,-5.4395,-14.537,2.4495,13.468,-7.7018,-15.531,-47.558,-17.807,-33.983,1.8501,7.5655
-3.0063,-6.8065,-15.562,2.9945,13.269,-9.1425,-12.214,-45.219,-17.489,-35.357,0.031301,5.4756
-3.2801,-8.0073,-16.307,3.3743,13.031,-10.479,-9.6883,-43.123,-17.181,-36.491,-1.4418,4.0978
-3.5331,-9.0884,-16.8,3.687,12.717,-11.668,-7.7708,-41.211,-16.891,-37.414,-2.6557,3.1137
-3.8841,-10.093,-17.09,4.0272,12.277,-12.691,-6.3128,-39.42,-16.617,-38.148,-3.6552,2.3601
-4.421,-11.055,-17.224,4.4675,11.671,-13.551,-5.216,-37.693,-16.346,-38.71,-4.477,1.7609
-5.1742,-11.98,-17.238,5.0364,10.897,-14.254,-4.404,-35.98,-16.06,-39.107,-5.1557,1.2797
-6.105,-12.837,-17.152,5.7052,9.9933,-14.795,-3.8032,-34.25,-15.745,-39.347,-5.7226,0.89389
-7.1121,-13.571,-16.972,6.3965,9.0347,-15.162,-3.3408,-32.503,-15.402,-39.444,-6.2049,0.5792
-8.0584,-14.143,-16.71,7.0166,8.1063,-15.36,-2.9558,-30.776,-15.053,-39.433,-6.6292,0.30424
-8.8151,-14.555,-16.397,7.4938,7.2877,-15.431,-2.614,-29.128,-14.735,-39.372,-7.0253,0.03143
-9.3022,-14.862,-16.099,7.8025,6.6411,-15.457,-2.3159,-27.611,-14.482,-39.335,-7.4264,-0.27612
-9.508,-15.147,-15.901,7.9627,6.2047,-15.538,-2.0851,-26.258,-14.312,-39.39,-7.8634,-0.64505
-9.4811,-15.482,-15.883,8.0235,5.9876,-15.754,-1.9453,-25.069,-14.213,-39.572,-8.3554,-1.0845
-9.3043,-15.893,-16.085,8.0395,5.9723,-16.13,-1.8978,-24.014,-14.146,-39.863,-8.9005,-1.5852
-9.0649,-16.345,-16.493,8.0481,6.1255,-16.624,-1.9128,-23.039,-14.053,-40.196,-9.4737,-2.1257
-8.8309,-16.753,-17.056,8.0573,6.4168,-17.155,-1.9355,-22.075,-13.874,-40.483,-10.033,-2.6809
-8.6384,-17.027,-17.722,8.051,6.8342,-17.646,-1.9016,-21.057,-13.566,-40.638,-10.534,-3.2308
-8.4861,-17.117,-18.46,8.0061,7.3843,-18.061,-1.7528,-19.936,-13.121,-40.607,-10.939,-3.7647
-8.3328,-17.03,-19.257,7.9068,8.0749,-18.413,-1.4484,-18.692,-12.557,-40.374,-11.232,-4.2813
-8.1041,-16.837,-20.096,7.7452,8.9006,-18.745,-0.96981,-17.327,-11.911,-39.957,-11.418,-4.785
-7.7118,-16.639,-20.943,7.5167,9.8481,-19.103,-0.32109,-15.861,-11.216,-39.398,-11.522,-5.2778
-7.0784,-16.535,-21.75,7.2216,10.9,-19.511,0.47306,-14.325,-10.493,-38.748,-11.576,-5.7517
-6.1548,-16.591,-22.473,6.8678,12.007,-19.968,1.3729,-12.762,-9.7515,-38.046,-11.608,-6.1858
-4.9439,-16.811,-23.081,6.471,13.081,-20.44,2.3378,-11.226,-8.9869,-37.306,-11.635,-6.554
-3.5273,-17.137,-23.563,6.0554,14.05,-20.884,3.3458,-9.7705,-8.1899,-36.508,-11.663,-6.8389
-2.063,-17.473,-23.924,5.6499,14.894,-21.255,4.4039,-8.4311,-7.3505,-35.613,-11.695,-7.0452
-0.74869,-17.723,-24.185,5.283,15.602,-21.53,5.542,-7.2173,-6.4647,-34.586,-11.738,-7.2017
0.21295,-17.837,-24.371,4.9892,16.133,-21.711,6.7923,-6.1131,-5.5381,-33.419,-11.811,-7.3499
0.64103,-17.82,-24.501,4.8218,16.413,-21.822,8.1644,-5.0874,-4.5847,-32.136,-11.929,-7.5261
0.41127,-17.725,-24.575,4.8461,16.366,-21.895,9.6292,-4.1063,-3.6219,-30.786,-12.105,-7.7467
-0.50058,-17.612,-24.577,5.1064,15.957,-21.953,11.122,-3.1406,-2.6639,-29.42,-12.337,-8.0028
-1.9822,-17.524,-24.49,5.5903,15.218,-22.001,12.569,-2.1682,-1.7165,-28.073,-12.611,-8.2679
-3.7809,-17.469,-24.309,6.2169,14.257,-22.022,13.917,-1.1739,-0.77282,-26.751,-12.906,-8.5119
-5.5492,-17.422,-24.039,6.8561,13.226,-21.985,15.149,-0.14728,0.18891,-25.431,-13.206,-8.7149
-6.9274,-17.349,-23.688,7.3655,12.286,-21.853,16.274,0.91961,1.2043,-24.078,-13.506,-8.8752
-7.6371,-17.215,-23.26,7.6325,11.561,-21.596,17.308,2.0354,2.3148,-22.674,-13.814,-9.0096
-7.5611,-17.012,-22.744,7.6062,11.11,-21.204,18.252,3.2116,3.5521,-21.232,-14.141,-9.1474
-6.7793,-16.756,-22.114,7.313,10.887,-20.682,19.101,4.4612,4.9223,-19.807,-14.503,-9.3207
-5.5397,-16.478,-21.336,6.8479,10.747,-20.054,19.847,5.7949,6.3983,-18.467,-14.907,-9.5511
-4.1764,-16.198,-20.387,6.3419,10.518,-19.336,20.486,7.2181,7.9302,-17.264,-15.349,-9.8399
-3.0144,-15.903,-19.272,5.9163,10.099,-18.536,21.026,8.7313,9.4702,-16.208,-15.812,-10.165
-2.293,-15.537,-18.039,5.6417,9.4952,-17.641,21.475,10.33,10.995,-15.261,-16.264,-10.489
-2.131,-15.026,-16.75,5.5279,8.7391,-16.632,21.846,12.007,12.519,-14.353,-16.677,-10.769
-2.5324,-14.315,-15.456,5.546,7.8408,-15.494,22.157,13.751,14.079,-13.403,-17.028,-10.979
-3.4188,-13.403,-14.162,5.663,6.7969,-14.229,22.428,15.549,15.714,-12.363,-17.313,-11.113
-4.661,-12.357,-12.837,5.8568,5.6238,-12.864,22.677,17.393,17.428,-11.23,-17.542,-11.183
-6.0827,-11.28,-11.437,6.1027,4.3671,-11.438,22.915,19.265,19.182,-10.051,-17.73,-11.202
-7.4605,-10.27,-9.9278,6.3513,3.0925,-9.9979,23.143,21.14,20.912,-8.8935,-17.89,-11.172
-8.571,-9.3769,-8.3046,6.5297,1.8734,-8.5898,23.35,22.968,22.553,-7.818,-18.021,-11.08
-9.2664,-8.6026,-6.6047,6.5681,0.78275,-7.2469,23.523,24.688,24.052,-6.8567,-18.114,-10.908
-9.5169,-7.9097,-4.8955,6.4272,-0.1132,-5.9845,23.651,26.229,25.378,-6.0143,-18.162,-10.642
-9.3997,-7.2352,-3.2528,6.1084,-0.77665,-4.7988,23.731,27.53,26.511,-5.2756,-18.163,-10.288
-9.0521,-6.5128,-1.7356,5.6459,-1.2242,-3.6738,23.768,28.548,27.44,-4.6186,-18.13,-9.8642
-8.6208,-5.6966,-0.37187,5.0954,-1.5309,-2.5951,23.769,29.261,28.158,-4.0278,-18.08,-9.4062
-8.2349,-4.7865,0.83506,4.5298,-1.801,-1.5646,23.736,29.663,28.659,-3.4987,-18.027,-8.9512
-8.0059,-3.8347,1.8939,4.0355,-2.1289,-0.60154,23.666,29.766,28.954,-3.0416,-17.984,-8.5331
-8.0242,-2.9214,2.814,3.6903,-2.5735,0.2671,23.544,29.594,29.064,-2.676,-17.954,-8.1745
-8.3215,-2.1133,3.6027,3.5247,-3.1452,1.0194,23.356,29.183,29.007,-2.4185,-17.935,-7.8809
-8.8234,-1.4331,4.2685,3.5004,-3.7966,1.651,23.091,28.583,28.765,-2.2685,-17.918,-7.6375
-9.35,-0.85156,4.8243,3.5241,-4.4275,2.184,22.754,27.854,28.302,-2.2033,-17.877,-7.4124
-9.6747,-0.29676,5.2874,3.4802,-4.9142,2.6649,22.359,27.051,27.6,-2.1788,-17.777,-7.1668
-9.6036,0.31803,5.6773,3.2636,-5.1519,3.1513,21.93,26.225,26.707,-2.1381,-17.582,-6.8694
-9.0395,1.0599,6.012,2.8107,-5.0893,3.6906,21.485,25.412,25.718,-2.0329,-17.268,-6.5086
-8.0109,1.9516,6.3047,2.1197,-4.7438,4.3039,21.026,24.628,24.723,-1.849,-16.836,-6.096
-6.6556,2.9675,6.5619,1.2491,-4.1928,4.9815,20.541,23.855,23.757,-1.6074,-16.307,-5.6601
-5.1735,4.049,6.7867,0.29508,-3.5496,5.6915,20.005,23.04,22.798,-1.3526,-15.712,-5.2334
-3.7693,5.1271,6.9862,-0.64028,-2.9378,6.394,19.401,22.119,21.794,-1.132,-15.08,-4.8402
-2.6077,6.1388,7.177,-1.4734,-2.4693,7.0563,18.737,21.059,20.695,-0.97794,-14.427,-4.4916
-1.7797,7.0337,7.3841,-2.1502,-2.2216,7.6573,18.037,19.871,19.473,-0.89839,-13.755,-4.184
-1.2804,7.7768,7.6288,-2.6543,-2.2141,8.1851,17.343,18.607,18.132,-0.87586,-13.05,-3.902
-1.0076,8.3628,7.9141,-3.0228,-2.396,8.6315,16.7,17.338,16.715,-0.87376,-12.291,-3.6237
-0.80534,8.8285,8.2184,-3.343,-2.6656,8.9928,16.144,16.13,15.286,-0.84949,-11.465,-3.3306
-0.53903,9.2347,8.5018,-3.7012,-2.9144,9.2699,15.691,15.025,13.906,-0.76913,-10.579,-3.0177
-0.16217,9.6218,8.7234,-4.122,-3.0712,9.467,15.334,14.033,12.615,-0.61682,-9.6574,-2.6956
0.26479,9.9725,8.8564,-4.5519,-3.1238,9.586,15.046,13.14,11.426,-0.40109,-8.7359,-2.3858
0.60672,10.218,8.8932,-4.8836,-3.1123,9.6222,14.794,12.319,10.346,-0.15084,-7.847,-2.108
0.71403,10.283,8.8406,-4.9963,-3.0998,9.5661,14.558,11.537,9.3773,0.097814,-7.0042,-1.8681
0.48498,10.128,8.7116,-4.8043,-3.138,9.4115,14.344,10.769,8.5239,0.31555,-6.1946,-1.6522
-0.089628,9.7618,8.5208,-4.2936,-3.2441,9.1625,14.177,10.001,7.7838,0.48957,-5.3854,-1.4315
-0.9148,9.2303,8.2819,-3.5317,-3.3952,8.8349,14.084,9.2274,7.1409,0.62407,-4.5395,-1.1741
-1.8099,8.6048,8.0065,-2.6518,-3.5355,8.4491,14.07,8.4384,6.5647,0.73671,-3.6323,-0.8575
-2.5531,7.9649,7.7015,-1.8204,-3.5926,8.0244,14.114,7.6231,6.0204,0.84831,-2.6576,-0.47576
-2.9514,7.3795,7.3698,-1.1933,-3.5052,7.5795,14.175,6.7807,5.484,0.9716,-1.6258,-0.037986
-2.9116,6.8908,7.0162,-0.86805,-3.2542,7.1381,14.209,5.9359,4.9545,1.1079,-0.55579,0.43927
-2.4749,6.5091,6.658,-0.85523,-2.8777,6.729,14.192,5.1387,4.457,1.252,0.53216,0.94213
-1.7964,6.2221,6.3285,-1.0836,-2.462,6.3802,14.122,4.4451,4.0339,1.3923,1.618,1.4668
-1.0871,6.0051,6.0674,-1.4304,-2.1123,6.108,14.025,3.8901,3.7245,1.5173,2.6791,2.0203
-0.54549,5.8223,5.9014,-1.7594,-1.9159,5.9084,13.935,3.472,3.5433,1.6238,3.6883,2.6144
-0.30353,5.6309,5.8287,-1.9587,-1.9134,5.7565,13.881,3.1528,3.4723,1.7174,4.6207,3.2548
-0.39844,5.396,5.8201,-1.9698,-2.0863,5.618,13.874,2.8806,3.4712,1.8145,5.4659,3.9328
-0.7673,5.1104,5.8331,-1.8015,-2.3622,5.4665,13.906,2.6129,3.4942,1.9354,6.2361,4.6235
-1.2669,4.7997,5.8311,-1.5203,-2.6379,5.2965,13.956,2.3321,3.5013,2.0919,6.9617,5.2905
-1.7217,4.5101,5.7944,-1.2211,-2.8174,5.1222,13.994,2.0453,3.4626,2.2825,7.6756,5.8953
-1.9909,4.2825,5.722,-0.9882,-2.8476,4.9647,13.984,1.7717,3.362,2.4915,8.3985,6.4058
-2.0205,4.1313,5.6232,-0.8648,-2.7336,4.8364,13.897,1.5293,3.2006,2.6915,9.1325,6.8035
-1.8576,4.0379,5.5082,-0.84216,-2.5293,4.7345,13.718,1.3287,2.9953,2.8569,9.8604,7.0862
-1.6211,3.9633,5.3835,-0.86909,-2.3098,4.6444,13.455,1.1716,2.7676,2.9762,10.547,7.2646
-1.4438,3.872,5.2524,-0.87702,-2.1436,4.5504,13.135,1.0524,2.5295,3.0498,11.139,7.3555
-1.417,3.7486,5.1171,-0.8106,-2.0725,4.4439,12.797,0.96023,2.2753,3.0877,11.582,7.3724
-1.5623,3.6003,4.9799,-0.65149,-2.1029,4.3257,12.47,0.88175,1.9868,3.1028,11.839,7.3192
-1.8304,3.4504,4.8433,-0.42649,-2.2052,4.2055,12.164,0.804,1.6479,3.1059,11.92,7.1875
-2.1152,3.3299,4.7122,-0.19883,-2.3196,4.0991,11.864,0.71566,1.2593,3.1034,11.868,6.9616
-2.2778,3.269,4.5938,-0.048393,-2.3716,4.0241,11.541,0.60532,0.83916,3.0978,11.735,6.6295
-2.1834,3.2867,4.4968,-0.048888,-2.2978,3.9929,11.158,0.45829,0.40957,3.0887,11.546,6.1919
-1.748,3.382,4.4279,-0.24567,-2.0717,4.0052,10.679,0.25558,-0.019879,3.0745,11.305,5.666
-0.97991,3.529,4.3882,-0.63659,-1.7153,4.0444,10.076,-0.021336,-0.45928,3.0521,11.003,5.0798
0.0084897,3.6798,4.3697,-1.1638,-1.2921,4.078,9.3379,-0.38338,-0.93035,3.0151,10.632,4.4653
1.0293,3.7757,4.3553,-1.7238,-0.88672,4.066,8.4704,-0.82514,-1.4486,2.9551,10.191,3.8521
1.8712,3.7645,4.3255,-2.1916,-0.58341,3.9739,7.501,-1.3233,-2.0081,2.8648,9.6957,3.2657
2.3525,3.6156,4.2676,-2.4536,-0.4483,3.7857,6.4692,-1.8419,-2.5811,2.7481,9.1754,2.7272
2.36,3.3253,4.1779,-2.4351,-0.51563,3.5079,5.4174,-2.3419,-3.1312,2.6204,8.6737,2.2532
1.8696,2.9133,4.0568,-2.1156,-0.77872,3.1634,4.3802,-2.7913,-3.6304,2.5022,8.234,1.8557
0.94956,2.4098,3.8983,-1.5281,-1.1872,2.7788,3.3784,-3.1722,-4.0679,2.4106,7.8842,1.5416
-0.25249,1.8426,3.6864,-0.74548,-1.6537,2.3734,2.4199,-3.4842,-4.4516,2.3509,7.6302,1.3129
-1.5344,1.2295,3.4001,0.13739,-2.0726,1.955,1.5034,-3.7409,-4.802,2.3188,7.4635,1.1658
-2.6775,0.58036,3.0251,1.0205,-2.3455,1.5216,0.62261,-3.9624,-5.1438,2.3083,7.3703,1.0907
-3.4955,-0.094389,2.5626,1.8138,-2.406,1.0691,-0.22902,-4.166,-5.4964,2.3186,7.3363,1.0738
-3.8784,-0.77466,2.0316,2.4479,-2.2337,0.59942,-1.0525,-4.3596,-5.8654,2.3526,7.3402,1.1007
-3.8121,-1.4248,1.4658,2.8797,-1.8549,0.12804,-1.8398,-4.5381,-6.2382,2.4169,7.3536,1.161
-3.3648,-1.9942,0.91006,3.0941,-1.3332,-0.31355,-2.5754,-4.6864,-6.5871,2.5153,7.3511,1.2512
-2.66,-2.4252,0.41718,3.1031,-0.75681,-0.6807,-3.2431,-4.7866,-6.8783,2.6446,7.3235,1.3726
-1.8466,-2.6669,0.042403,2.9433,-0.22426,-0.92566,-3.8324,-4.8282,-7.0839,2.7944,7.2821,1.5266
-1.0724,-2.6916,-0.16666,2.6674,0.17144,-1.0116,-4.3414,-4.8134,-7.192,2.9502,7.2488,1.71
-0.46192,-2.5057,-0.18169,2.3353,0.36127,-0.92474,-4.7755,-4.7541,-7.211,3.0973,7.241,1.912
-0.096746,-2.1498,-0.0030535,2.0032,0.31649,-0.67862,-5.1398,-4.6635,-7.1635,3.2238,7.2559,2.1121
0.00073111,-1.6868,0.33942,1.7112,0.056695,-0.30966,-5.4345,-4.5478,-7.0752,3.3213,7.2733,2.2821
-0.12723,-1.182,0.79494,1.4741,-0.35612,0.13342,-5.6579,-4.405,-6.9631,3.383,7.2599,2.3914
-0.38602,-0.68671,1.3081,1.28,-0.8383,0.60086,-5.8137,-4.2302,-6.8305,3.4036,7.1776,2.4137
-0.65927,-0.22914,1.8357,1.097,-1.3125,1.0519,-5.9148,-4.0234,-6.6701,3.3793,6.9954,2.3336
-0.84877,0.18578,2.3571,0.88748,-1.73,1.4628,-5.9804,-3.794,-6.4731,3.311,6.7033,2.152
-0.90713,0.56687,2.871,0.62767,-2.0786,1.829,-6.0299,-3.5586,-6.2394,3.2051,6.3191,1.8833
-0.84905,0.91989,3.3852,0.32355,-2.3754,2.1576,-6.0764,-3.3356,-5.9811,3.0719,5.8773,1.5464
-0.73932,1.2322,3.9002,0.015037,-2.6502,2.4533,-6.1243,-3.1402,-5.7193,2.9223,5.408,1.1558
-0.66598,1.4712,4.3999,-0.23367,-2.9289,2.7098,-6.1669,-2.9815,-5.4756,2.7654,4.9165,0.72088
-0.71007,1.5966,4.8548,-0.35296,-3.2226,2.9132,-6.1882,-2.8625,-5.2629,2.6102,4.3915,0.25077
-0.92168,1.5799,5.2352,-0.28871,-3.5247,3.0529,-6.1702,-2.7817,-5.0819,2.4651,3.8281,-0.23993
-1.3079,1.42,5.5288,-0.017689,-3.8149,3.1309,-6.1038,-2.7343,-4.9238,2.3357,3.2462,-0.73033
-1.8347,1.1443,5.7462,0.44583,-4.0679,3.1629,-5.9991,-2.7153,-4.7777,2.2189,2.6856,-1.1966
-2.4406,0.79773,5.9134,1.0536,-4.2657,3.1693,-5.8842,-2.7237,-4.6378,2.1011,2.193,-1.6174
-3.0601,0.42404,6.0568,1.7347,-4.4093,3.1642,-5.7925,-2.7656,-4.5054,1.9626,1.8028,-1.9771
-3.6471,0.053836,6.1903,2.4115,-4.5223,3.1462,-5.7476,-2.8516,-4.3873,1.7888,1.5349,-2.2644
-4.1892,-0.29852,6.3157,3.0144,-4.6452,3.0992,-5.7521,-2.9884,-4.2904,1.5812,1.3958,-2.4695
-4.705,-0.62677,6.4339,3.494,-4.828,3.0064,-5.7844,-3.1715,-4.2188,1.3599,1.3807,-2.583
-5.2252,-0.92465,6.5629,3.8277,-5.1229,2.8679,-5.8067,-3.3841,-4.1727,1.1557,1.4741,-2.5996
-5.7696,-1.1857,6.7322,4.0204,-5.5667,2.7068,-5.783,-3.6047,-4.1502,0.99582,1.6502,-2.5245
-6.3308,-1.4112,6.9575,4.1002,-6.1521,2.5525,-5.699,-3.8177,-4.15,0.89323,1.8804,-2.3767
-6.8701,-1.616,7.214,4.1093,-6.8106,2.4167,-5.5725,-4.0196,-4.1735,0.84436,2.1374,-2.1859
-7.3259,-1.8261,7.4352,4.0927,-7.4214,2.286,-5.4474,-4.218,-4.2236,0.8347,2.4034,-1.9844
-7.6329,-2.0671,7.5362,4.0884,-7.8467,2.1316,-5.3725,-4.4244,-4.3034,0.84745,2.6738,-1.7951
-7.7448,-2.3555,7.448,4.1224,-7.9748,1.9258,-5.3785,-4.645,-4.4137,0.86949,2.9551,-1.6231
-7.6533,-2.6945,7.1428,4.2088,-7.7536,1.6529,-5.4646,-4.875,-4.5525,0.89205,3.2572,-1.4546
-7.3942,-3.0761,6.6388,4.3521,-7.2037,1.313,-5.5988,-5.1004,-4.7153,0.90789,3.5819,-1.2669
-7.0365,-3.482,5.9906,4.5468,-6.411,0.922,-5.731,-5.3056,-4.8971,0.90887,3.916,-1.0434
-6.6612,-3.8826,5.2741,4.7766,-5.5046,0.51021,-5.8145,-5.4827,-5.0943,0.88626,4.2301,-0.78644
-6.3388,-4.2392,4.5717,5.0127,-4.6283,0.1161,-5.8259,-5.6365,-5.3056,0.83263,4.489,-0.52204
-6.1129,-4.5136,3.9564,5.2169,-3.9111,-0.22462,-5.7753,-5.7828,-5.5338,0.74305,4.6569,-0.29583
-5.9881,-4.6815,3.4764,5.3477,-3.4381,-0.49078,-5.6986,-5.9415,-5.7852,0.61542,4.7026,-0.16098
-5.9259,-4.7415,3.1439,5.368,-3.2275,-0.68178,-5.6397,-6.1297,-6.0677,0.45151,4.6052,-0.16052
-5.8531,-4.7129,2.9363,5.2518,-3.2248,-0.81484,-5.6319,-6.3552,-6.3864,0.25944,4.3622,-0.30971
-5.6841,-4.6242,2.8111,4.9906,-3.3254,-0.91398,-5.6852,-6.612,-6.7391,0.056255,3.9937,-0.58622
-5.3526,-4.4942,2.7255,4.5962,-3.4203,-0.99275,-5.7828,-6.8783,-7.1153,-0.13255,3.5449,-0.93596
-4.8389,-4.3192,2.6613,4.1,-3.4358,-1.0369,-5.8892,-7.1185,-7.4965,-0.27877,3.072,-1.2914
-4.183,-4.0726,2.6445,3.5499,-3.3514,-1.0016,-5.9669,-7.2925,-7.8607,-0.36199,2.6233,-1.5957
-3.4764,-3.7294,2.7296,3.0064,-3.1958,-0.8373,-5.9961,-7.3716,-8.188,-0.37855,2.2249,-1.8215
-2.838,-3.3002,2.9537,2.5377,-3.0273,-0.52834,-5.9855,-7.3509,-8.4672,-0.34258,1.8762,-1.9774
-2.3837,-2.8432,3.3083,2.2093,-2.9103,-0.11384,-5.9705,-7.2509,-8.7,-0.27878,1.5583,-2.1011
-2.1983,-2.4421,3.7479,2.0685,-2.8992,0.33161,-5.9987,-7.1069,-8.8992,-0.21309,1.2494,-2.24
-2.3164,-2.1662,4.2174,2.129,-3.0293,0.73323,-6.1113,-6.9534,-9.0819,-0.16653,0.93662,-2.4311
-2.7169,-2.0429,4.6702,2.366,-3.3114,1.0406,-6.3277,-6.8126,-9.2604,-0.15268,0.62443,-2.6856
-3.3347,-2.051,5.0767,2.7235,-3.7312,1.238,-6.64,-6.6912,-9.4356,-0.17664,0.33087,-2.986
-4.0876,-2.1359,5.4307,3.1318,-4.2594,1.3438,-7.0168,-6.5841,-9.5965,-0.23457,0.079642,-3.2943
-4.9033,-2.2359,5.7484,3.5277,-4.8669,1.3972,-7.4136,-6.4813,-9.7237,-0.3147,-0.1101,-3.5689
-5.7287,-2.3068,6.051,3.8699,-5.5278,1.4371,-7.7856,-6.3735,-9.7976,-0.40086,-0.23186,-3.7841
-6.5218,-2.3349,6.3426,4.1428,-6.2055,1.4838,-8.098,-6.2538,-9.8052,-0.4777,-0.29427,-3.9426
-7.2396,-2.3338,6.6007,4.3518,-6.8382,1.5347,-8.333,-6.1172,-9.7432,-0.53584,-0.31785,-4.0718
-7.8309,-2.3306,6.7826,4.5104,-7.3397,1.5729,-8.4919,-5.9591,-9.6182,-0.57546,-0.32761,-4.2097
-8.2356,-2.3472,6.8431,4.627,-7.6184,1.5792,-8.5869,-5.7769,-9.4433,-0.607,-0.34362,-4.3854
-8.3903,-2.3854,6.7522,4.6932,-7.6009,1.5431,-8.6343,-5.5726,-9.2341,-0.64835,-0.3725,-4.6051
-8.2398,-2.4215,6.5057,4.6814,-7.2528,1.4679,-8.645,-5.3549,-9.0053,-0.72011,-0.40501,-4.8494
-7.7525,-2.4124,6.1267,4.5513,-6.5898,1.3702,-8.6174,-5.1376,-8.7682,-0.84047,-0.42242,-5.0819
-6.9362,-2.3124,5.6575,4.2652,-5.678,1.2743,-8.54,-4.9361,-8.5299,-1.021,-0.40811,-5.2658
-5.8479,-2.0918,5.1487,3.8048,-4.6243,1.202,-8.4019,-4.7636,-8.2945,-1.2639,-0.3567,-5.3773
-4.5903,-1.7514,4.6479,3.1814,-3.5566,1.1639,-8.2056,-4.63,-8.0646,-1.5604,-0.2754,-5.4118
-3.2913,-1.3234,4.1929,2.4376,-2.5983,1.1572,-7.9712,-4.5423,-7.8447,-1.8921,-0.17776,-5.3822
-2.0726,-0.86011,3.8079,1.6372,-1.8412,1.1715,-7.7291,-4.504,-7.6427,-2.234,-0.074988,-5.3095
-1.0212,-0.41274,3.5014,0.84812,-1.3226,1.1961,-7.5091,-4.5128,-7.4688,-2.5598,0.029031,-5.2148
-0.17287,-0.010848,3.2658,0.12561,-1.0156,1.2269,-7.3306,-4.5572,-7.3299,-2.8441,0.1368,-5.1105
0.48479,0.34504,3.0825,-0.49693,-0.84344,1.2694,-7.1991,-4.6164,-7.2245,-3.0637,0.25246,-4.995
0.99098,0.67359,2.9343,-1.0049,-0.71524,1.3385,-7.1082,-4.6643,-7.1408,-3.1962,0.37818,-4.8519
1.3847,0.99201,2.8183,-1.3917,-0.56465,1.4502,-7.0468,-4.6772,-7.06,-3.2247,0.50951,-4.6559
1.6861,1.2966,2.7465,-1.6504,-0.37392,1.608,-7.0079,-4.6421,-6.9655,-3.1447,0.63487,-4.3873
1.8922,1.5589,2.7336,-1.7732,-0.17519,1.7955,-6.9919,-4.5609,-6.8515,-2.9696,0.73475,-4.0462
1.9807,1.7387,2.7844,-1.7571,-0.030617,1.981,-7.0066,-4.4478,-6.726,-2.7293,0.78393,-3.6572
1.92,1.8044,2.8928,-1.612,-0.0044129,2.1305,-7.0582,-4.3216,-6.6048,-2.4603,0.75821,-3.2595
1.6845,1.7496,3.048,-1.364,-0.14132,2.2209,-7.1455,-4.1994,-6.5036,-2.1953,0.6432,-2.8898
1.2706,1.5969,3.237,-1.0526,-0.45607,2.2464,-7.2588,-4.0928,-6.4307,-1.9565,0.44008,-2.5705
0.70572,1.3865,3.4449,-0.7214,-0.93204,2.2171,-7.3831,-4.0082,-6.3867,-1.7535,0.16489,-2.3101
0.043826,1.1556,3.6533,-0.40567,-1.5244,2.1492,-7.5054,-3.9478,-6.3689,-1.5823,-0.15866,-2.1111
-0.64687,0.92175,3.8379,-0.12429,-2.1667,2.053,-7.6188,-3.9095,-6.3753,-1.4274,-0.50873,-1.9776
-1.299,0.67811,3.967,0.12241,-2.7801,1.9264,-7.7239,-3.8866,-6.4057,-1.2662,-0.87211,-1.9168
-1.8588,0.40073,4.0052,0.34842,-3.2853,1.7556,-7.8273,-3.8673,-6.4594,-1.0781,-1.2454,-1.933
-2.2935,0.062719,3.922,0.57391,-3.6159,1.5235,-7.9356,-3.8367,-6.5313,-0.85417,-1.6318,-2.0219
-2.591,-0.35057,3.6997,0.81555,-3.7282,1.2203,-8.0489,-3.7791,-6.6121,-0.60203,-2.0373,-2.1669
-2.7518,-0.83154,3.3369,1.0787,-3.6048,0.84984,-8.1572,-3.6811,-6.6899,-0.34366,-2.4666,-2.3438
-2.7797,-1.35,2.8462,1.3535,-3.2545,0.43082,-8.2417,-3.5345,-6.7571,-0.10641,-2.9214,-2.528
-2.6793,-1.8633,2.251,1.6166,-2.7108,-0.01016,-8.284,-3.3383,-6.8126,0.086088,-3.3992,-2.7015
-2.4571,-2.3319,1.5835,1.8368,-2.0303,-0.44836,-8.2766,-3.1019,-6.8594,0.21863,-3.8946,-2.8564
-2.1251,-2.7342,0.87868,1.984,-1.2838,-0.87044,-8.2287,-2.8446,-6.903,0.2842,-4.4023,-2.9932
-1.7013,-3.0716,0.16461,2.0365,-0.54105,-1.2797,-8.1599,-2.5937,-6.9508,0.28158,-4.9201,-3.1176
-1.2085,-3.3661,-0.54928,1.9865,0.14637,-1.6951,-8.089,-2.3738,-7.0105,0.21352,-5.4497,-3.2367
-0.67344,-3.6509,-1.2776,1.8414,0.755,-2.146,-8.0259,-2.2018,-7.0899,0.086365,-5.993,-3.355
-0.12603,-3.9601,-2.0547,1.623,1.2883,-2.6657,-7.9696,-2.0791,-7.1925,-0.089518,-6.5466,-3.4702
0.40125,-4.3213,-2.9208,1.3656,1.7663,-3.2843,-7.9126,-1.9936,-7.3126,-0.29924,-7.0966,-3.571
0.87461,-4.7506,-3.8981,1.1127,2.2098,-4.0189,-7.8409,-1.9251,-7.4337,-0.52319,-7.6187,-3.6368
1.2621,-5.2531,-4.9596,0.91272,2.6219,-4.8582,-7.7388,-1.8553,-7.5315,-0.73801,-8.0836,-3.6448
1.5391,-5.8263,-6.0139,0.8141,2.9793,-5.7551,-7.5942,-1.7743,-7.5827,-0.92024,-8.4667,-3.5803
1.694,-6.4688,-6.9347,0.8591,3.2438,-6.6407,-7.4049,-1.682,-7.5764,-1.0531,-8.758,-3.4476
1.7287,-7.1844,-7.6278,1.0769,3.394,-7.457,-7.1843,-1.5857,-7.5212,-1.1338,-8.9676,-3.2714
1.6506,-7.9784,-8.0831,1.4766,3.4499,-8.1832,-6.9588,-1.4947,-7.4437,-1.1772,-9.1237,-3.0896
1.4584,-8.8485,-8.3723,2.0441,3.4634,-8.8373,-6.7578,-1.4173,-7.3778,-1.211,-9.2646,-2.9385
1.137,-9.7765,-8.6065,2.7438,3.4818,-9.4583,-6.6007,-1.3592,-7.3522,-1.2654,-9.428,-2.8412
0.66245,-10.729,-8.8827,3.5261,3.5107,-10.083,-6.4902,-1.3243,-7.3803,-1.3623,-9.6418,-2.8027
0.011469,-11.663,-9.2489,4.3391,3.5101,-10.731,-6.4142,-1.3163,-7.4599,-1.5094,-9.919,-2.8129
-0.82619,-12.534,-9.6953,5.1368,3.4171,-11.394,-6.3532,-1.3402,-7.5777,-1.7019,-10.257,-2.8528
-1.8331,-13.298,-10.168,5.8792,3.1765,-12.041,-6.2878,-1.4002,-7.718,-1.9263,-10.639,-2.9036
-2.9486,-13.918,-10.596,6.5279,2.7682,-12.629,-6.2024,-1.496,-7.8632,-2.1643,-11.044,-2.952
-4.0622,-14.357,-10.918,7.0395,2.2248,-13.107,-6.0866,-1.6179,-7.9949,-2.3931,-11.45,-2.9924
-5.0215,-14.581,-11.096,7.3657,1.6352,-13.432,-5.9337,-1.7448,-8.0957,-2.5848,-11.834,-3.0249
-5.6603,-14.552,-11.124,7.4602,1.126,-13.563,-5.7415,-1.8472,-8.1502,-2.7105,-12.177,-3.0521
-5.8362,-14.245,-11.014,7.2904,0.82569,-13.465,-5.5116,-1.896,-8.1483,-2.7502,-12.462,-3.0778
-5.4672,-13.654,-10.772,6.8498,0.81751,-13.114,-5.249,-1.8749,-8.0874,-2.7036,-12.681,-3.1053
-4.5574,-12.806,-10.385,6.1635,1.1064,-12.501,-4.9604,-1.7838,-7.968,-2.5926,-12.831,-3.1351
-3.2014,-11.749,-9.8286,5.2848,1.6159,-11.636,-4.6533,-1.6374,-7.7909,-2.4513,-12.92,-3.1618
-1.5646,-10.531,-9.0834,4.2837,2.2196,-10.544,-4.3373,-1.4568,-7.5553,-2.3111,-12.963,-3.1728
0.15316,-9.1871,-8.1602,3.2318,2.7888,-9.2656,-4.0249,-1.2582,-7.2578,-2.1885,-12.977,-3.1515
1.7569,-7.7366,-7.1089,2.1902,3.2225,-7.8588,-3.7322,-1.0466,-6.8953,-2.0796,-12.975,-3.0819
3.0873,-6.1965,-5.9992,1.2058,3.4541,-6.3897,-3.4747,-0.81306,-6.465,-1.9615,-12.963,-2.9545
4.0461,-4.5902,-4.8899,0.30942,3.452,-4.9182,-3.2606,-0.53609,-5.9687,-1.7996,-12.934,-2.7694
4.6235,-2.9439,-3.8141,-0.49197,3.2275,-3.4807,-3.0901,-0.1856,-5.4112,-1.5585,-12.874,-2.5353
4.9343,-1.2698,-2.7819,-1.2355,2.8348,-2.0858,-2.9566,0.27128,-4.796,-1.2133,-12.764,-2.2634
5.2615,0.44965,-1.7854,-2.0317,2.357,-0.72197,-2.8521,0.86325,-4.1187,-0.75511,-12.579,-1.9599
6.032,2.264,-0.80273,-3.0789,1.8781,0.63348,-2.7695,1.6086,-3.3604,-0.18716,-12.296,-1.6195
7.5751,4.238,0.19474,-4.614,1.4633,2.0075,-2.6997,2.5116,-2.4809,0.48383,-11.888,-1.2255
9.8024,6.4244,1.2233,-6.7812,1.1559,3.4267,-2.6237,3.5633,-1.4139,1.2565,-11.327,-0.75474
12.352,8.8475,2.269,-9.5449,0.99192,4.9138,-2.5075,4.7476,-0.068715,2.1397,-10.592,-0.18608
15.034,11.513,3.2878,-12.772,1.0155,6.4842,-2.3037,6.0513,1.6462,3.1533,-9.6728,0.49652
17.948,14.432,4.2274,-16.376,1.2742,8.1429,-1.9599,7.4726,3.7684,4.3228,-8.5715,1.3045
21.28,17.635,5.0506,-20.338,1.7966,9.8795,-1.4341,9.0233,6.2206,5.6728,-7.3049,2.25
25.096,21.145,5.7399,-24.618,2.5693,11.666,-0.71476,10.721,8.8192,7.2193,-5.8968,3.3508
29.23,24.933,6.2951,-29.054,3.5356,13.448,0.1647,12.58,11.38,8.9652,-4.3701,4.6326
33.326,28.871,6.721,-33.364,4.6145,15.15,1.1308,14.594,13.818,10.902,-2.7387,6.1278
37.017,32.747,7.0216,-37.277,5.7335,16.688,2.0986,16.743,16.155,13.014,-1.0013,7.8648
40.109,36.335,7.2046,-40.644,6.8485,17.983,3.0016,18.987,18.471,15.291,0.85954,9.8527
42.626,39.464,7.2758,-43.445,7.9479,18.982,3.8046,21.284,20.85,17.727,2.8725,12.077
44.75,42.038,7.2328,-45.735,9.0424,19.651,4.4995,23.594,23.344,20.321,5.0679,14.523
46.71,44.028,7.0609,-47.598,10.153,19.99,5.0972,25.885,25.961,23.068,7.4665,17.201
48.697,45.446,6.7341,-49.122,11.316,20.023,5.6144,28.132,28.657,25.94,10.075,20.149
50.822,46.32,6.2196,-50.388,12.601,19.785,6.057,30.299,31.344,28.876,12.887,23.379
53.11,46.676,5.4833,-51.445,14.108,19.297,6.4033,32.333,33.894,31.774,15.891,26.811
55.517,46.538,4.4997,-52.303,15.913,18.558,6.6065,34.148,36.149,34.506,19.057,30.259
57.939,45.939,3.2644,-52.946,18.026,17.557,6.6092,35.637,37.964,36.952,22.325,33.512
60.215,44.919,1.8001,-53.361,20.393,16.3,6.362,36.693,39.279,39.021,25.587,36.422
62.147,43.514,0.15492,-53.535,22.913,14.824,5.8376,37.246,40.151,40.659,28.699,38.918
63.562,41.756,-1.6045,-53.455,25.445,13.206,5.0387,37.288,40.728,41.838,31.509,40.96
64.372,39.699,-3.4002,-53.117,27.809,11.536,4.0022,36.87,41.156,42.556,33.893,42.547
64.595,37.422,-5.1558,-52.532,29.808,9.9051,2.8025,36.082,41.481,42.843,35.767,43.761
64.318,35.008,-6.8172,-51.737,31.29,8.3782,1.5451,35.004,41.617,42.76,37.094,44.811
63.642,32.505,-8.3725,-50.775,32.194,6.9835,0.34494,33.676,41.409,42.377,37.86,45.998
62.675,29.923,-9.8545,-49.676,32.552,5.7185,-0.70239,32.072,40.752,41.722,38.051,47.524
61.55,27.251,-11.312,-48.436,32.446,4.569,-1.5404,30.107,39.641,40.731,37.633,49.202
60.42,24.491,-12.766,-47.007,31.966,3.524,-2.1547,27.677,38.102,39.248,36.563,50.444
59.382,21.689,-14.175,-45.307,31.21,2.5736,-2.5625,24.71,36.088,37.088,34.824,50.612
58.415,18.935,-15.449,-43.212,30.275,1.6945,-2.7966,21.22,33.427,34.147,32.446,49.307
57.384,16.328,-16.507,-40.577,29.243,0.84248,-2.8871,17.333,29.932,30.461,29.497,46.428
56.09,13.924,-17.311,-37.313,28.169,-0.03657,-2.8511,13.277,25.571,26.193,26.065,42.131
54.343,11.714,-17.874,-33.467,27.081,-0.98451,-2.6925,9.317,20.569,21.573,22.262,36.778
52.035,9.6416,-18.245,-29.215,25.994,-2.0222,-2.4125,5.6832,15.326,16.839,18.226,30.884
49.152,7.6302,-18.501,-24.784,24.92,-3.1563,-2.0229,2.5197,10.241,12.198,14.113,25.009
45.713,5.61,-18.739,-20.367,23.868,-4.3978,-1.5543,-0.12134,5.6314,7.8256,10.085,19.541
41.74,3.527,-19.055,-16.098,22.838,-5.7727,-1.054,-2.2671,1.7493,3.8731,6.2957,14.597
37.315,1.3551,-19.519,-12.062,21.819,-7.3137,-0.57401,-4.006,-1.248,0.46101,2.8781,10.165
32.592,-0.90272,-20.137,-8.3181,20.79,-9.0405,-0.15799,-5.461,-3.4134,-2.3671,-0.076989,6.3373
27.754,-3.2224,-20.851,-4.9283,19.728,-10.942,0.17081,-6.7563,-4.9787,-4.7001,-2.5493,3.3135
22.963,-5.5717,-21.569,-1.9664,18.623,-12.969,0.41187,-7.9895,-6.17,-6.7553,-4.5961,1.123
18.346,-7.9251,-22.214,0.49975,17.498,-15.049,0.57961,-9.2182,-7.1153,-8.7888,-6.312,-0.49033
14.017,-10.274,-22.756,2.443,16.411,-17.108,0.69109,-10.458,-7.8721,-10.981,-7.7747,-1.8087
10.116,-12.622,-23.212,3.9067,15.448,-19.081,0.75613,-11.687,-8.4704,-13.37,-9.0242,-2.9722
6.8655,-14.96,-23.619,4.9995,14.689,-20.912,0.77288,-12.864,-8.9339,-15.862,-10.073,-4.0154
4.4921,-17.241,-24.003,5.8524,14.173,-22.546,0.72863,-13.943,-9.284,-18.292,-10.925,-4.9299
3.0262,-19.376,-24.366,6.5774,13.875,-23.945,0.60535,-14.89,-9.5375,-20.499,-11.586,-5.7022
2.2672,-21.29,-24.679,7.2597,13.697,-25.091,0.39005,-15.689,-9.7059,-22.37,-12.073,-6.3349
1.9271,-22.955,-24.894,7.9692,13.492,-25.995,0.086824,-16.336,-9.799,-23.861,-12.418,-6.8551
1.7505,-24.385,-24.956,8.7647,13.108,-26.679,-0.27664,-16.829,-9.8291,-24.99,-12.661,-7.3077
1.5501,-25.603,-24.817,9.6825,12.443,-27.165,-0.65402,-17.168,-9.8113,-25.83,-12.846,-7.7406
1.2055,-26.624,-24.444,10.721,11.487,-27.474,-0.99396,-17.36,-9.7591,-26.48,-13.006,-8.1903
0.65621,-27.45,-23.83,11.839,10.318,-27.621,-1.2537,-17.425,-9.6798,-27.034,-13.157,-8.6748
-0.10901,-28.09,-22.99,12.975,9.0469,-27.623,-1.4068,-17.393,-9.5731,-27.563,-13.297,-9.1937
-1.0721,-28.562,-21.955,14.079,7.7488,-27.495,-1.444,-17.298,-9.4346,-28.103,-13.418,-9.7327
-2.2116,-28.899,-20.76,15.137,6.4365,-27.253,-1.37,-17.177,-9.2634,-28.67,-13.518,-10.275
-3.5175,-29.138,-19.44,16.166,5.0818,-26.907,-1.1988,-17.066,-9.0685,-29.267,-13.602,-10.806
-4.9868,-29.311,-18.019,17.189,3.6514,-26.468,-0.94719,-17,-8.8689,-29.894,-13.687,-11.322
-6.6037,-29.433,-16.522,18.21,2.1385,-25.951,-0.63182,-17.007,-8.6852,-30.542,-13.791,-11.819
-8.3202,-29.504,-14.987,19.201,0.57521,-25.373,-0.26846,-17.101,-8.5286,-31.189,-13.932,-12.295
-10.049,-29.515,-13.47,20.105,-0.97484,-24.761,0.12354,-17.265,-8.3948,-31.801,-14.116,-12.742
-11.67,-29.463,-12.044,20.863,-2.4317,-24.152,0.5177,-17.46,-8.2661,-32.348,-14.342,-13.144
-13.055,-29.36,-10.78,21.433,-3.7087,-23.583,0.88341,-17.632,-8.1194,-32.815,-14.6,-13.493
-14.087,-29.227,-9.7279,21.81,-4.7181,-23.082,1.1966,-17.74,-7.9363,-33.209,-14.881,-13.791
-14.688,-29.092,-8.8975,22.019,-5.3809,-22.663,1.451,-17.768,-7.7096,-33.555,-15.178,-14.059
-14.838,-28.973,-8.2626,22.105,-5.6441,-22.316,1.6633,-17.73,-7.4474,-33.89,-15.493,-14.341
-14.576,-28.867,-7.7631,22.109,-5.4972,-22.003,1.8697,-17.661,-7.1702,-34.248,-15.838,-14.684
-13.998,-28.741,-7.3132,22.045,-4.9805,-21.654,2.1216,-17.62,-6.9058,-34.659,-16.23,-15.135
-13.233,-28.522,-6.8085,21.888,-4.1827,-21.152,2.4742,-17.683,-6.6837,-35.141,-16.683,-15.711
-12.414,-28.085,-6.1338,21.572,-3.2334,-20.306,2.9517,-17.971,-6.5353,-35.697,-17.19,-16.395
-11.656,-27.227,-5.1815,21.01,-2.2929,-18.834,3.4733,-18.679,-6.5028,-36.331,-17.716,-17.116
-11.052,-25.661,-3.9108,20.131,-1.5403,-16.437,3.7862,-20.111,-6.6527,-37.062,-18.202,-17.759
-10.677,-23.142,-2.4682,18.936,-1.1658,-13.259,3.5056,-22.623,-7.0765,-37.945,-18.581,-18.171
-10.574,-20.193,-1.7722,17.586,-1.3566,-11.193,2.3811,-25.95,-7.8086,-39.083,-18.785,-18.204
-10.745,-20.001,-5.6918,16.492,-2.0699,-15.023,2.4779,-26.967,-6.1242,-40.597,-18.752,-17.76
-11.141,-26.167,-9.5459,16.341,-2.8173,-19.413,9.3382,-27.304,-0.064729,-42.566,-18.416,-16.841
-11.678,-31.566,-8.4992,17.958,-4.2996,-19.795,10.387,-27.915,0.27954,-44.986,-17.734,-15.634
-12.27,-32.15,-4.6377,21.527,-7.3695,-17.727,12.452,-28.125,0.19102,-47.591,-16.888,-15.783
-12.85,-28.554,2.6151,24.908,-12.175,-12.439,15.257,-29.06,-0.53607,-48.772,-18.429,-26.756
-13.383,-20.556,14.322,24.869,-18.898,-2.8559,17.786,-33.053,-2.5601,-48.206,-34.169,-35.274
-13.95,-7.6315,31.274,20.424,-27.546,11.671,18.15,-43.588,-7.4776,-46.669,-42.21,-37.352
-15.722,11.315,53.678,11.054,-37.926,31.769,13.257,-65.218,-18.27,-47.374,-40.954,-35.468
-19.43,37.284,80.678,-2.1595,-49.927,58.003,-1.7387,-102.62,-39.341,-52.227,-34.768,-28.537
-18.184,68.945,109.04,-16.959,-63.121,88.736,-34.054,-158.59,-75.459,-59.682,-24.12,-16.372
-16.586,101.44,134.01,-32.674,-75.77,118.53,-83.662,-235.13,-128.99,-75.081,-9.3778,0.5098
-14.297,129.27,153.24,-49.001,-85.117,142.09,-142.42,-333.99,-202.47,-102.21,9.6897,22.217
-9.6941,151.06,166.26,-64.807,-88.709,158.79,-212.82,-454.91,-299.55,-142.24,33.353,49.392
-1.9098,168.08,172.23,-79.785,-85.406,169.67,-291.82,-595.79,-422.24,-196.19,61.365,83.193
9.222,182.54,171.58,-95.542,-76.556,175.94,-374.33,-752.02,-567.22,-263.77,96.926,126.76
25.873,200.4,168.11,-115.45,-64.94,182.64,-455.22,-915.98,-725.32,-339.34,147.73,183.25
53.689,227.98,166.66,-142.82,-52.47,195.57,-530.68,-1077.3,-882.55,-412.2,215.11,254.86
91.868,268.72,169.49,-180.01,-39.524,217.44,-598.53,-1224.4,-1021.9,-466.98,305.04,343.33
132.83,320.93,176.97,-226.38,-24.596,246.94,-657.41,-1346.6,-1126.6,-486.79,420.47,448.8
176.99,376.17,186.36,-276.41,-7,278.47,-705.17,-1434.8,-1182.6,-458.88,557.29,566.47
218.81,420.05,191.52,-319.58,11.071,302.09,-737.59,-1482.4,-1181.8,-378.23,702.26,684.57
249.11,436.55,185.49,-343.11,28.636,306.65,-749,-1486.8,-1124,-250.66,833.59,785.26
259.17,414.67,163.94,-336.93,45.725,285.01,-735.11,-1452.5,-1020.4,-94.504,925.48,848.63
244.17,354.53,127.19,-298.68,60.023,237.76,-696.44,-1392.1,-893.34,60.637,955.69,858.9
205.09,269.04,83.124,-235.31,66.13,174.89,-639.42,-1323.8,-773.84,178.6,912.29,809.92
147.51,178.54,47.003,-159.82,57.739,113.39,-573.87,-1265.5,-693.44,224.31,796.27,706.46
78.66,101.8,33.438,-85.873,30.856,69.236,-508.16,-1228.2,-674.6,173.2,619.55,561.16
5.4143,48.835,48.09,-22.661,-13.426,49.951,-446.24,-1213.1,-722.9,20.004,401.35,390.23
-65.877,18.109,85.189,27.378,-68.421,52.092,-388.41,-1212.1,-825.02,-216.26,165.12,210.61
-129.26,-0.040934,130.7,66.887,-124.27,64.111,-334.34,-1211.5,-952.76,-494.32,-64.047,38.398
-179.95,-16.198,169.11,99.487,-170.97,72.973,-285.09,-1197.8,-1071.5,-760.81,-262.62,-112.16
-214.98,-36.639,189.36,126.62,-201.03,70.503,-242.14,-1162.1,-1150.4,-966.06,-412.53,-230.13
-233.23,-62.235,186.68,148.03,-211.13,54.893,-206.09,-1101.6,-1171.7,-1079.1,-504.71,-309.31
-235.49,-89.741,162.68,163.16,-202.39,28.761,-176.75,-1018.3,-1133.4,-1095.2,-540.32,-349.16
-225.23,-114.87,124.62,171.54,-179.3,-2.5992,-152.17,-918.14,-1046.7,-1032.5,-529.99,-355.95
-207.84,-135.45,82.215,173.72,-148.12,-32.689,-128.54,-809.5,-929.88,-921.47,-490.3,-340.17
-188.39,-151.21,42.628,171.41,-115.4,-56.903,-102.54,-700.2,-801.77,-793.3,-437.07,-312.02
-169.77,-161.53,9.1581,166.68,-86.109,-75.383,-73.414,-595.87,-675.86,-671.38,-381.62,-279.24
-153.04,-166.31,-15.418,160.7,-63.029,-89.13,-42.756,-501.04,-559.71,-568.05,-330.53,-246.85
-139.15,-166.09,-30.287,153.52,-47.238,-96.878,-13.529,-419.6,-458.48,-486.66,-286.97,-217.68
-127.75,-160.39,-37.061,144.7,-37.688,-97.105,10.474,-353.16,-375.28,-424.28,-252.06,-193.03
-117.57,-148.48,-36.379,133.53,-32.193,-90.059,26.5,-299.97,-309.39,-374.87,-226.28,-172.74
-107.93,-130.42,-29.829,119.9,-29.658,-75.489,33.904,-256.18,-257.01,-331.85,-206.42,-155.03
-97.469,-108.02,-18.549,104.6,-28.577,-56.27,34.194,-217.73,-214.28,-290.68,-185.36,-138.29
-84.828,-85.076,-5.4522,88.548,-26.984,-40.985,30.241,-181.46,-177.3,-250.13,-162.89,-121.51
-70.145,-65.252,-2.8163,72.461,-23.36,-29.855,24.617,-145.47,-142.07,-210.65,-140.14,-103.96
-55.444,-49.945,-2.9108,57.287,-17.552,-21.583,18.022,-109.65,-105.42,-173.58,-118.02,-86.598
-43.147,-38.753,-2.7516,44.251,-9.9235,-16.862,7.9725,-75.597,-66.387,-140.98,-97.668,-70.57
-34.415,-30.908,-1.9903,34.279,-5.7799,-14.803,8.2862,-45.97,-27.978,-114.28,-80.121,-56.96
-28.813,-25.739,-0.76673,27.521,-4.2126,-14.166,9.8465,-23.786,4.9151,-93.642,-66.4,-46.247
-25.631,-22.552,0.73554,23.333,-3.5701,-13.625,10.331,-10.119,29.411,-78.443,-56.612,-38.422
-24.42,-20.773,2.3757,20.797,-3.5248,-11.604,9.8655,-3.1697,45.002,-67.615,-50.008,-33.083
-24.077,-19.176,4.0364,19.307,-3.9279,-8.16,8.7438,-0.81992,52.895,-59.851,-45.801,-29.621
-22.452,-15.922,5.6108,17.782,-4.5814,-4.6984,7.2421,-1.2663,55.076,-53.83,-43.015,-27.387
-19.62,-11.874,6.9989,14.821,-5.2485,-1.9288,5.649,-2.7989,54.381,-48.351,-40.248,-25.407
-17.335,-8.3127,8.1181,11.759,-5.7116,0.13362,4.1773,-3.0654,54.004,-42.433,-35.761,-22.629
-15.798,-5.6036,8.9282,9.541,-5.8257,1.6518,2.8976,-0.11783,56.411,-35.639,-28.766,-19.412
-14.602,-3.6423,9.4559,8.0497,-5.5502,2.789,1.7887,3.1376,63.147,-29.469,-22.165,-16.611
-13.493,-2.2075,9.8009,7.0178,-4.9553,3.6961,0.80438,6.3698,75.075,-24.166,-17.781,-14.396
-12.409,-1.0931,10.113,6.2459,-4.1963,4.5141,-0.10065,9.6187,87.193,-18.536,-14.87,-12.656
-11.403,-0.13999,10.547,5.6026,-3.4659,5.357,-0.96549,12.624,94.217,-13.559,-12.755,-11.298
-10.581,0.76008,11.212,5.0035,-2.9419,6.2871,-1.8163,15.203,98.287,-9.8747,-11.145,-10.266
-10.035,1.6566,12.137,4.4075,-2.7494,7.3019,-2.6596,17.385,100.95,-7.2664,-9.9108,-9.5146
-9.8054,2.5371,13.251,3.8174,-2.9367,8.3443,-3.4854,19.339,102.81,-5.3405,-8.9684,-8.9897
-9.8737,3.3442,14.412,3.2697,-3.4633,9.3326,-4.2767,21.257,104.4,-3.811,-8.2481,-8.6284
-10.178,4.0138,15.471,2.8159,-4.2173,10.194,-5.0148,23.271,106.29,-2.513,-7.6861,-8.3661
-10.654,4.5141,16.339,2.5016,-5.0691,10.898,-5.6767,25.419,108.84,-1.3591,-7.2262,-8.1488
-11.252,4.8644,17.018,2.3501,-5.9187,11.473,-6.2333,27.645,112.01,-0.29879,-6.8237,-7.941
-11.948,5.1267,17.576,2.3566,-6.7097,11.996,-6.655,29.85,115.28,0.70736,-6.4441,-7.7246
-12.726,5.3804,18.108,2.4969,-7.4223,12.557,-6.9241,31.949,118.12,1.6989,-6.0612,-7.4919
-13.577,5.6978,18.687,2.7433,-8.0593,13.223,-7.0411,33.901,120.35,2.7169,-5.6547,-7.2398
-14.478,6.1273,19.349,3.0693,-8.629,14.016,-7.0199,35.704,122.02,3.7992,-5.2096,-6.9654
-15.367,6.6849,20.081,3.4366,-9.1223,14.902,-6.8786,37.383,123.29,4.9702,-4.7197,-6.6678
-16.141,7.3474,20.824,3.7793,-9.5007,15.802,-6.6323,38.977,124.32,6.2263,-4.1881,-6.3499
-16.661,8.0531,21.474,4.0068,-9.7037,16.616,-6.2906,40.522,125.25,7.5262,-3.6265,-6.0194
-16.794,8.7244,21.907,4.0249,-9.6677,17.257,-5.8562,42.03,126.22,8.7959,-3.0483,-5.6848
-16.436,9.3113,22.03,3.7611,-9.3471,17.68,-5.3262,43.479,127.27,9.9592,-2.4598,-5.3495
-15.548,9.8301,21.832,3.179,-8.7355,17.91,-4.6964,44.83,128.39,10.98,-1.8503,-5.0049
-14.174,10.359,21.398,2.2863,-7.8809,18.04,-3.967,46.057,129.54,11.889,-1.1898,-4.6296
-12.441,10.99,20.874,1.1421,-6.8814,18.179,-3.1461,47.164,130.69,12.777,-0.43811,-4.1956
-10.541,11.773,20.391,-0.14316,-5.8624,18.401,-2.2484,48.197,131.81,13.762,0.4395,-3.6775
-8.7014,12.692,20.023,-1.4256,-4.9443,18.721,-1.2904,49.219,132.89,14.95,1.4596,-3.063
-7.1323,13.672,19.769,-2.5575,-4.2143,19.1,-0.28338,50.294,133.96,16.403,2.6156,-2.3569
-5.9791,14.621,19.581,-3.4212,-3.709,19.472,0.77191,51.46,135.04,18.111,3.8813,-1.5817
-5.2889,15.47,19.402,-3.9558,-3.4135,19.787,1.8861,52.727,136.17,19.994,5.2187,-0.7688
-5.0122,16.206,19.211,-4.1701,-3.2781,20.032,3.0768,54.081,137.4,21.922,6.5922,0.054453
-5.034,16.875,19.038,-4.1368,-3.2414,20.246,4.3567,55.491,138.78,23.773,7.9834,0.87582
-5.2147,17.563,18.956,-3.9727,-3.2498,20.504,5.7181,56.918,140.34,25.474,9.4023,1.7028
-5.4221,18.361,19.054,-3.8094,-3.2678,20.892,7.1225,58.319,142.05,27.016,10.888,2.5591
-5.5572,19.337,19.415,-3.7633,-3.2829,21.491,8.5097,59.66,143.86,28.427,12.5,3.475
-5.575,20.53,20.096,-3.9103,-3.3037,22.37,9.8246,60.926,145.64,29.749,14.31,4.4806
-5.49,21.971,21.119,-4.2773,-3.3505,23.58,11.038,62.135,147.3,31.022,16.387,5.6047
-5.3566,23.707,22.469,-4.8555,-3.4446,25.133,12.149,63.321,148.79,32.276,18.777,6.8825
-5.2363,25.774,24.091,-5.6229,-3.6022,26.977,13.167,64.514,150.1,33.524,21.46,8.3644
-5.1717,28.139,25.905,-6.5477,-3.8334,29.001,14.104,65.712,151.29,34.764,24.322,10.117
-5.1746,30.684,27.833,-7.5763,-4.1444,31.071,14.965,66.893,152.42,35.993,27.191,12.206
-5.2228,33.275,29.827,-8.6384,-4.5381,33.104,15.747,68.035,153.54,37.223,29.917,14.66
-5.2672,35.854,31.878,-9.6902,-5.0145,35.094,16.438,69.149,154.72,38.483,32.434,17.437
-5.2504,38.457,34,-10.773,-5.5677,37.114,17.018,70.278,155.99,39.809,34.759,20.429
-5.1339,41.163,36.191,-12.03,-6.1804,39.265,17.464,71.473,157.33,41.214,36.955,23.506
-4.9192,44.025,38.413,-13.662,-6.8208,41.638,17.757,72.757,158.69,42.677,39.076,26.552
-4.6509,47.023,40.607,-15.854,-7.451,44.276,17.881,74.098,159.94,44.145,41.139,29.48
-4.4017,50.084,42.736,-18.682,-8.0455,47.162,17.829,75.422,161.01,45.565,43.122,32.24
-4.2452,53.131,44.804,-21.997,-8.6018,50.206,17.592,76.652,161.86,46.915,45.002,34.823
-4.2231,56.115,46.853,-25.401,-9.1338,53.275,17.167,77.748,162.53,48.225,46.779,37.268
-4.3233,58.992,48.938,-28.474,-9.6615,56.243,16.551,78.732,163.11,49.564,48.48,39.653
-4.4749,61.72,51.101,-31.043,-10.211,59.041,15.748,79.676,163.69,51.013,50.142,42.072
-4.5625,64.305,53.368,-33.202,-10.824,61.673,14.77,80.667,164.35,52.637,51.809,44.602
-4.4619,66.834,55.761,-35.175,-11.563,64.211,13.638,81.763,165.13,54.465,53.537,47.274
-4.0917,69.462,58.316,-37.177,-12.498,66.767,12.38,82.962,166.01,56.482,55.397,50.084
-3.4552,72.356,61.091,-39.312,-13.67,69.47,11.034,84.206,166.95,58.639,57.465,53.049
-2.6493,75.643,64.154,-41.545,-15.066,72.44,9.6453,85.412,167.9,60.874,59.801,56.252
-1.8395,79.364,67.565,-43.765,-16.632,75.769,8.2543,86.506,168.84,63.144,62.432,59.832
-1.2093,83.491,71.351,-45.885,-18.318,79.503,6.8926,87.454,169.74,65.435,65.358,63.874
-0.90367,87.949,75.488,-47.908,-20.108,83.64,5.5843,88.273,170.64,67.77,68.59,68.278
-0.98174,92.649,79.897,-49.942,-21.998,88.133,4.3516,89.025,171.56,70.182,72.159,72.766
-1.3917,97.533,84.47,-52.143,-23.987,92.91,3.2177,89.794,172.52,72.693,76.089,77.074
-1.9732,102.61,89.113,-54.63,-26.068,97.895,2.2023,90.653,173.52,75.286,80.338,81.107
-2.4926,107.96,93.794,-57.447,-28.241,103.04,1.3169,91.63,174.53,77.902,84.787,84.921
-2.7073,113.7,98.531,-60.609,-30.503,108.34,0.56238,92.697,175.5,80.452,89.298,88.638
-2.4369,119.89,103.37,-64.145,-32.827,113.83,-0.071046,93.784,176.35,82.85,93.784,92.399
-1.6096,126.48,108.36,-68.029,-35.147,119.51,-0.60115,94.8,177.04,85.041,98.232,96.333
-0.26884,133.34,113.57,-72.16,-37.392,125.38,-1.0499,95.671,177.53,87.015,102.68,100.55
1.4488,140.37,119.08,-76.452,-39.544,131.41,-1.4397,96.358,177.85,88.795,107.19,105.15
3.3447,147.56,125.01,-80.9,-41.616,137.59,-1.7915,96.87,178.04,90.414,111.83,110.18
5.1912,154.86,131.36,-85.56,-43.624,143.95,-2.1242,97.241,178.15,91.899,116.67,115.67
6.7739,162.2,138.03,-90.446,-45.633,150.54,-2.454,97.503,178.2,93.262,121.8,121.52
7.9401,169.44,144.83,-95.435,-47.78,157.39,-2.7946,97.661,178.19,94.509,127.3,127.57
8.6378,176.57,151.6,-100.27,-50.231,164.53,-3.1571,97.687,178.09,95.655,133.24,133.69
8.9242,183.72,158.31,-104.71,-53.109,172,-3.5517,97.538,177.87,96.724,139.64,139.88
8.938,191.18,165.04,-108.75,-56.462,179.85,-3.9924,97.174,177.51,97.745,146.42,146.19
8.8408,199.21,171.89,-112.58,-60.284,188.06,-4.5023,96.576,176.99,98.748,153.5,152.71
8.7606,207.98,178.98,-116.48,-64.536,196.57,-5.1215,95.743,176.28,99.752,160.8,159.52
8.779,217.43,186.32,-120.64,-69.126,205.21,-5.9181,94.686,175.32,100.77,168.25,166.72
8.9612,227.28,193.91,-125.09,-73.803,213.79,-7.0054,93.404,173.99,101.78,175.78,174.32
9.3729,237.15,201.66,-129.74,-78.129,222.08,-8.5489,91.872,172.13,102.77,183.33,182.24
10.064,246.64,209.44,-134.5,-81.695,229.99,-10.711,90.027,169.62,103.73,190.82,190.35
11.057,255.46,217.11,-139.35,-84.438,237.55,-13.486,87.773,166.45,104.62,198.23,198.54
12.366,263.53,224.5,-144.26,-86.696,244.88,-16.63,85,162.73,105.43,205.61,206.74
14.013,270.94,231.49,-149.2,-88.927,252.08,-19.933,81.631,158.61,106.17,213.12,214.94
16.006,277.92,238.13,-154.03,-91.38,259.17,-23.388,77.666,154.2,106.85,220.9,223.16
18.305,284.76,244.57,-158.64,-93.964,266,-27.074,73.17,149.52,107.46,229.05,231.41
20.834,291.67,250.87,-163.01,-96.418,272.43,-31.06,68.209,144.56,108,237.54,239.68
23.514,298.65,256.87,-167.27,-98.547,278.46,-35.352,62.806,139.23,108.45,246.16,247.91
26.296,305.51,262.31,-171.59,-100.28,284.16,-39.837,56.955,133.45,108.77,254.65,255.96
29.171,311.94,267.04,-176.03,-101.62,289.56,-44.263,50.656,127.13,108.9,262.73,263.61
32.162,317.8,271.05,-180.45,-102.54,294.63,-48.372,43.941,120.27,108.8,270.2,270.67
35.28,323.08,274.39,-184.61,-103.03,299.29,-52.121,36.873,112.95,108.46,277.01,277.01
38.505,327.91,277.11,-188.43,-103.09,303.51,-55.756,29.575,105.38,107.89,283.14,282.66
41.803,332.42,279.25,-191.97,-102.75,307.3,-59.639,22.267,97.779,107.11,288.71,287.71
45.162,336.64,280.84,-195.43,-102.11,310.63,-64.053,15.171,90.191,106.14,293.9,292.35
48.599,340.47,281.85,-198.99,-101.22,313.41,-69.075,8.2507,82.468,104.98,298.97,296.75
52.119,343.65,282.28,-202.7,-100.08,315.46,-74.565,1.0944,74.384,103.61,304.11,301.08
55.658,345.88,282.06,-206.35,-98.647,316.58,-80.262,-6.7751,65.894,102.02,309.37,305.42
59.021,346.92,281.11,-209.48,-96.957,316.55,-85.934,-15.505,57.236,100.2,314.57,309.77
61.858,346.71,279.26,-211.51,-95.082,315.26,-91.439,-24.978,48.664,98.175,319.34,313.97
63.768,345.29,276.29,-212.05,-93.068,312.67,-96.642,-35.125,40.17,95.962,323.34,317.78
64.484,342.73,272.05,-210.91,-90.912,308.9,-101.39,-45.947,31.634,93.586,326.27,320.93
63.935,339.03,266.68,-208.14,-88.604,304.22,-105.6,-57.234,23.143,91.069,327.99,323.16
62.22,334.17,260.78,-204.01,-86.254,298.95,-109.35,-68.479,15.001,88.431,328.44,324.34
59.592,328.2,255.05,-198.95,-84.196,293.28,-112.76,-79.179,7.4925,85.693,327.7,324.4
56.484,321.26,249.75,-193.39,-82.73,287.29,-115.95,-89.142,0.76072,82.868,325.9,323.44
53.421,313.52,244.61,-187.7,-81.709,280.91,-118.98,-98.45,-5.0245,79.956,323.19,321.63
50.86,305.07,239.04,-182.14,-80.526,273.9,-121.91,-107.27,-9.4017,76.949,319.68,319.19
49.056,295.92,232.36,-176.94,-78.472,265.92,-124.81,-115.7,-11.983,73.836,315.42,316.24
48.049,286.08,223.96,-172.19,-75.044,256.67,-127.69,-123.69,-13.215,70.623,310.37,312.71
47.724,275.56,213.46,-167.81,-70.066,246.01,-130.41,-130.93,-13.962,67.33,304.47,308.46
47.889,264.36,200.86,-163.43,-63.724,233.96,-132.69,-136.9,-14.728,63.996,297.7,303.44
48.312,252.53,186.67,-158.44,-56.478,220.83,-134.28,-141.12,-15.636,60.677,290.22,297.76
48.724,240.1,171.82,-152.23,-48.846,207.09,-134.99,-143.44,-16.648,57.435,282.33,291.64
48.887,227.09,157.44,-144.63,-41.329,193.37,-134.81,-144.09,-17.682,54.303,274.3,285.04
48.711,213.53,144.45,-136.12,-34.47,180.15,-133.79,-143.51,-18.655,51.224,266.14,277.69
48.228,199.63,133.21,-127.42,-28.767,167.64,-131.96,-142.14,-19.503,48.039,257.55,269.33
47.477,185.66,123.4,-119.01,-24.284,155.72,-129.31,-140.25,-20.188,44.545,248.19,259.96
46.445,171.81,114.27,-110.99,-20.479,144.09,-125.79,-137.99,-20.693,40.578,237.81,249.72
45.094,158.18,104.94,-103.27,-16.578,132.44,-121.39,-135.42,-21.015,36.084,226.33,238.81
43.399,144.88,94.744,-95.843,-11.964,120.6,-116.31,-132.59,-21.155,31.148,213.83,227.42
41.364,132.06,83.466,-88.773,-6.9758,108.66,-110.83,-129.51,-21.113,25.968,200.57,215.74
39.016,119.91,71.479,-82.187,-3.1334,96.902,-105.24,-126.19,-20.897,20.803,186.93,203.94
36.386,108.63,59.581,-76.192,-0.68674,85.691,-99.662,-122.64,-20.514,15.887,173.37,192.22
33.533,98.347,48.602,-70.79,1.1412,75.316,-94.143,-118.9,-19.989,11.386,160.3,180.75
30.559,89.01,39.031,-65.799,2.7657,65.901,-88.67,-115.01,-19.356,7.3853,148,169.72
27.546,80.354,30.972,-60.868,4.2705,57.404,-83.2,-111.04,-18.667,3.9037,136.53,159.29
24.499,71.941,24.236,-55.639,5.6676,49.673,-77.668,-107.06,-17.976,0.90028,125.75,149.49
21.412,63.293,18.317,-50.064,6.9905,42.458,-72.037,-103.09,-17.324,-1.7287,115.41,140.14
18.368,54.151,12.916,-44.565,8.2736,35.301,-66.347,-99.158,-16.724,-4.1373,105.24,131
15.467,45.084,8.6997,-39.547,9.5053,27.731,-60.703,-95.222,-16.163,-6.4927,95.07,121.82
12.698,37.272,5.8542,-34.828,10.605,20.526,-55.227,-91.236,-15.605,-8.9246,84.963,112.62
9.9609,30.748,3.8058,-29.829,11.436,15.084,-50.021,-87.162,-15.018,-11.484,75.16,103.61
7.2015,24.669,2.1527,-24.152,11.877,11.164,-45.124,-82.99,-14.382,-14.137,66.022,95.166
4.4828,18.944,0.71881,-18.106,11.904,8.1325,-40.482,-78.75,-13.703,-16.807,57.912,87.601
1.9793,14.016,-0.57321,-12.573,11.619,5.7348,-35.971,-74.484,-13.005,-19.424,50.949,80.922
-0.087298,10.044,-1.7723,-8.1555,11.208,3.8234,-31.491,-70.223,-12.32,-21.953,44.943,74.901
-1.5364,6.8825,-2.9398,-4.9112,10.871,2.2513,-27.006,-65.957,-11.67,-24.377,39.609,69.315
-2.302,4.3398,-4.1505,-2.6773,10.757,0.88953,-22.543,-61.652,-11.067,-26.675,34.668,64.04
-2.4595,2.2678,-5.4601,-1.2739,10.914,-0.3622,-18.263,-57.286,-10.506,-28.815,29.794,59.059
-2.2035,0.54901,-6.8716,-0.5038,11.279,-1.5783,-14.511,-52.907,-9.9783,-30.764,24.715,54.518
-1.7925,-0.93137,-8.3233,-0.12312,11.706,-2.8074,-11.545,-48.647,-9.4735,-32.497,19.56,50.731
-1.4832,-2.2843,-9.7097,0.12765,12.027,-4.0615,-9.3341,-44.687,-8.985,-33.996,14.918,47.899
-1.4737,-3.5897,-10.926,0.45841,12.111,-5.3081,-7.6922,-41.172,-8.5129,-35.252,11.257,45.873
-1.8671,-4.8741,-11.913,0.98665,11.912,-6.4876,-6.4401,-38.155,-8.0627,-36.268,8.5706,44.33
-2.655,-6.1219,-12.682,1.7349,11.485,-7.5545,-5.4479,-35.595,-7.6417,-37.06,6.6204,43.027
-3.7214,-7.31,-13.307,2.6538,10.957,-8.5105,-4.6255,-33.398,-7.2544,-37.654,5.1773,41.846
-4.8787,-8.4351,-13.891,3.6544,10.476,-9.4029,-3.9108,-31.441,-6.8975,-38.084,4.0823,40.735
-5.9331,-9.5136,-14.522,4.6366,10.153,-10.294,-3.2651,-29.609,-6.5582,-38.386,3.2285,39.666
-6.7484,-10.561,-15.233,5.5126,10.024,-11.221,-2.673,-27.819,-6.2193,-38.603,2.5415,38.618
-7.2788,-11.574,-15.985,6.2207,10.039,-12.179,-2.1405,-26.038,-5.8674,-38.781,1.9675,37.568
-7.5624,-12.538,-16.698,6.7346,10.094,-13.129,-1.6873,-24.286,-5.5032,-38.97,1.4657,36.493
-7.6864,-13.438,-17.313,7.0656,10.083,-14.032,-1.335,-22.616,-5.1449,-39.207,1.0025,35.373
-7.7414,-14.279,-17.83,7.2568,9.9608,-14.888,-1.0947,-21.083,-4.8239,-39.503,0.54954,34.191
-7.7882,-15.093,-18.312,7.3664,9.7555,-15.736,-0.95902,-19.714,-4.5733,-39.835,0.083822,32.922
-7.8473,-15.913,-18.835,7.4471,9.5505,-16.628,-0.90196,-18.493,-4.4148,-40.156,-0.40921,31.521
-7.9013,-16.749,-19.441,7.5288,9.438,-17.585,-0.88383,-17.37,-4.3482,-40.408,-0.9328,29.928
-7.9044,-17.572,-20.122,7.613,9.4879,-18.572,-0.86032,-16.274,-4.3503,-40.546,-1.4787,28.092
-7.7996,-18.324,-20.837,7.6801,9.7386,-19.519,-0.79254,-15.146,-4.3845,-40.535,-2.0308,26.002
-7.5463,-18.946,-21.544,7.7052,10.197,-20.358,-0.65514,-13.96,-4.4132,-40.352,-2.5711,23.716
-7.1438,-19.405,-22.217,7.6756,10.838,-21.056,-0.43913,-12.734,-4.4084,-39.972,-3.0843,21.348
-6.6344,-19.702,-22.841,7.5992,11.599,-21.607,-0.1486,-11.519,-4.3553,-39.374,-3.5609,19.027
-6.0899,-19.856,-23.4,7.502,12.394,-22.026,0.20722,-10.367,-4.2515,-38.546,-3.998,16.85
-5.5884,-19.896,-23.875,7.4156,13.13,-22.332,0.62416,-9.3077,-4.1026,-37.499,-4.3979,14.85
-5.1917,-19.853,-24.248,7.363,13.73,-22.543,1.111,-8.3463,-3.9162,-36.275,-4.7661,13.018
-4.928,-19.749,-24.508,7.3482,14.156,-22.678,1.6894,-7.4634,-3.6938,-34.945,-5.1082,11.331
-4.7863,-19.596,-24.65,7.3526,14.413,-22.75,2.3858,-6.6274,-3.4242,-33.581,-5.4285,9.7822
-4.7208,-19.394,-24.683,7.3391,14.536,-22.768,3.2181,-5.8047,-3.0824,-32.229,-5.7312,8.3871
-4.6679,-19.132,-24.621,7.2623,14.572,-22.731,4.1837,-4.9676,-2.6371,-30.896,-6.0208,7.1613
-4.5693,-18.8,-24.493,7.0827,14.562,-22.639,5.2541,-4.0985,-2.0634,-29.561,-6.3011,6.1026
-4.3931,-18.39,-24.336,6.7792,14.538,-22.498,6.379,-3.191,-1.3553,-28.185,-6.5719,5.1907
-4.1441,-17.904,-24.189,6.3554,14.522,-22.32,7.5,-2.2459,-0.53008,-26.734,-6.8263,4.4019
-3.8578,-17.345,-24.085,5.8391,14.526,-22.123,8.5682,-1.2676,0.37591,-25.184,-7.0502,3.714
-3.5825,-16.714,-24.039,5.2781,14.551,-21.918,9.5548,-0.26109,1.319,-23.531,-7.2273,3.1041
-3.3526,-16.024,-24.047,4.731,14.577,-21.709,10.453,0.76835,2.2635,-21.8,-7.3473,2.5427
-3.1673,-15.304,-24.091,4.2513,14.585,-21.49,11.271,1.8139,3.195,-20.046,-7.413,1.996
-2.9851,-14.599,-24.152,3.8684,14.607,-21.257,12.021,2.869,4.1269,-18.34,-7.4418,1.433
-2.7421,-13.963,-24.219,3.5774,14.752,-21.003,12.714,3.9321,5.0965,-16.743,-7.4609,0.83446
-2.3624,-13.431,-24.29,3.3459,15.143,-20.723,13.347,5.0115,6.1481,-15.283,-7.4992,0.19405
-1.7531,-13.009,-24.36,3.1285,15.794,-20.413,13.909,6.1238,7.306,-13.96,-7.5801,-0.48463
-0.83926,-12.677,-24.406,2.8854,16.594,-20.065,14.378,7.2842,8.5524,-12.771,-7.7179,-1.1969
0.36084,-12.398,-24.385,2.6024,17.418,-19.663,14.742,8.4976,9.8209,-11.728,-7.9166,-1.9414
1.7013,-12.137,-24.242,2.3005,18.171,-19.189,15.007,9.7566,11.022,-10.859,-8.1711,-2.7181
2.942,-11.871,-23.93,2.0318,18.742,-18.629,15.208,11.045,12.087,-10.184,-8.4681,-3.5241
3.8148,-11.588,-23.419,1.8641,18.982,-17.977,15.396,12.343,12.994,-9.6994,-8.7902,-4.3509
4.0913,-11.289,-22.683,1.8603,18.736,-17.232,15.624,13.625,13.767,-9.3642,-9.1217,-5.1875
3.6388,-10.974,-21.705,2.0592,17.895,-16.395,15.922,14.858,14.458,-9.1096,-9.4555,-6.0247
2.4546,-10.645,-20.478,2.4602,16.441,-15.472,16.293,16.01,15.113,-8.8611,-9.79,-6.8566
0.6758,-10.299,-19.021,3.017,14.47,-14.466,16.716,17.053,15.761,-8.5636,-10.126,-7.6781
-1.4432,-9.9274,-17.386,3.6435,12.181,-13.387,17.163,17.976,16.4,-8.1982,-10.458,-8.4813
-3.5852,-9.5162,-15.644,4.2324,9.815,-12.241,17.609,18.788,17.005,-7.7835,-10.774,-9.2571
-5.4492,-9.051,-13.855,4.6825,7.5815,-11.037,18.048,19.515,17.54,-7.3607,-11.057,-10
-6.8271,-8.5259,-12.043,4.9266,5.6054,-9.7874,18.483,20.184,17.971,-6.9725,-11.289,-10.714
-7.6481,-7.9497,-10.197,4.9487,3.9183,-8.5159,18.922,20.813,18.282,-6.644,-11.46,-11.403
-7.9758,-7.3419,-8.2996,4.784,2.4871,-7.2506,19.364,21.405,18.477,-6.3752,-11.572,-12.068
-7.961,-6.7221,-6.3693,4.5039,1.2739,-6.0231,19.798,21.961,18.573,-6.1449,-11.628,-12.694
-7.7742,-6.1012,-4.4978,4.1908,0.29609,-4.8679,20.205,22.479,18.588,-5.9234,-11.637,-13.256
-7.5479,-5.4837,-2.8334,3.9119,-0.39637,-3.825,20.57,22.959,18.533,-5.6881,-11.605,-13.722
-7.3533,-4.876,-1.5071,3.7026,-0.80502,-2.9331,20.885,23.396,18.399,-5.4328,-11.535,-14.072
-7.2099,-4.2923,-0.56582,3.5632,-1.0009,-2.2169,21.151,23.776,18.167,-5.1667,-11.431,-14.307
-7.1033,-3.7476,0.024944,3.4697,-1.0726,-1.675,21.369,24.078,17.809,-4.9066,-11.301,-14.446
-7.0005,-3.2475,0.34483,3.3862,-1.0839,-1.2806,21.54,24.284,17.308,-4.6681,-11.15,-14.519
-6.8641,-2.7848,0.49043,3.2745,-1.0678,-0.98917,21.659,24.382,16.668,-4.4606,-10.981,-14.553
-6.6568,-2.3475,0.55829,3.1015,-1.0384,-0.75277,21.727,24.369,15.914,-4.2849,-10.789,-14.57
-6.3398,-1.9285,0.62828,2.8451,-1.0012,-0.53404,21.744,24.247,15.085,-4.1327,-10.577,-14.58
-5.881,-1.5304,0.74989,2.5,-0.95484,-0.31439,21.717,24.014,14.211,-3.9896,-10.358,-14.588
-5.2741,-1.1608,0.93287,2.0794,-0.88589,-0.092747,21.658,23.669,13.307,-3.8411,-10.156,-14.59
-4.5538,-0.82513,1.1509,1.6144,-0.77418,0.12322,21.58,23.218,12.368,-3.6799,-10.001,-14.585
-3.7929,-0.51961,1.3643,1.1504,-0.61199,0.32835,21.493,22.677,11.387,-3.5076,-9.9196,-14.573
-3.0895,-0.234,1.547,0.74184,-0.42371,0.52742,21.397,22.065,10.366,-3.3314,-9.9293,-14.566
-2.5557,0.038323,1.7039,0.44454,-0.26861,0.73399,21.279,21.393,9.3263,-3.1604,-10.036,-14.58
-2.3033,0.2916,1.8691,0.30797,-0.22578,0.9621,21.113,20.655,8.3024,-3.001,-10.236,-14.629
-2.4123,0.50873,2.089,0.36009,-0.36748,1.2183,20.874,19.833,7.3277,-2.855,-10.525,-14.719
-2.8903,0.6758,2.3967,0.59073,-0.72867,1.5004,20.542,18.899,6.4213,-2.7157,-10.894,-14.843
-3.6528,0.79777,2.7963,0.94468,-1.2863,1.8016,20.116,17.833,5.5783,-2.5763,-11.334,-14.985
-4.5378,0.90316,3.26,1.3313,-1.9602,2.1139,19.609,16.622,4.7732,-2.4303,-11.841,-15.132
-5.3513,1.0364,3.7401,1.6472,-2.6381,2.4327,19.041,15.262,3.976,-2.2732,-12.415,-15.283
-5.9218,1.2427,4.1891,1.8037,-3.2128,2.7594,18.429,13.773,3.1733,-2.1016,-13.052,-15.449
-6.1448,1.5519,4.5767,1.7507,-3.6148,3.1019,17.78,12.199,2.376,-1.9146,-13.747,-15.649
-6.0023,1.9678,4.8991,1.4875,-3.8268,3.469,17.086,10.602,1.6156,-1.7094,-14.471,-15.897
-5.5554,2.4676,5.1721,1.0588,-3.878,3.8635,16.327,9.0493,0.92352,-1.4833,-15.182,-16.194
-4.9175,3.0085,5.4182,0.53929,-3.8236,4.2779,15.475,7.5853,0.31538,-1.2398,-15.822,-16.528
-4.215,3.5429,5.6531,0.0095863,-3.7193,4.6973,14.512,6.2271,-0.21223,-0.98946,-16.343,-16.875
-3.5495,4.0378,5.879,-0.46691,-3.6033,5.1072,13.443,4.9736,-0.67392,-0.73408,-16.706,-17.209
-2.9731,4.4892,6.0882,-0.86118,-3.4905,5.5032,12.306,3.8211,-1.0843,-0.46947,-16.893,-17.508
-2.4827,4.9238,6.2734,-1.1815,-3.3752,5.8953,11.151,2.7732,-1.4504,-0.18689,-16.899,-17.761
-2.0341,5.385,6.4348,-1.4619,-3.2371,6.3046,10.019,1.8395,-1.7714,0.12256,-16.735,-17.967
-1.5738,5.9096,6.5825,-1.741,-3.0556,6.7517,8.913,1.0255,-2.043,0.45733,-16.425,-18.139
-1.0734,6.5074,6.7362,-2.0424,-2.8283,7.2454,7.8036,0.32654,-2.2634,0.79919,-15.999,-18.295
-0.54681,7.1478,6.9172,-2.3636,-2.5843,7.7726,6.6517,-0.2753,-2.4393,1.1187,-15.494,-18.456
-0.047819,7.7631,7.1376,-2.6767,-2.3781,8.2933,5.4386,-0.80892,-2.5867,1.3832,-14.941,-18.646
0.34773,8.2666,7.3924,-2.9388,-2.2709,8.7456,4.1799,-1.3082,-2.7255,1.5674,-14.35,-18.887
0.56859,8.5841,7.6613,-3.111,-2.3081,9.0654,2.9174,-1.8042,-2.8721,1.6623,-13.706,-19.203
0.57696,8.6864,7.9228,-3.1765,-2.5065,9.2141,1.6958,-2.3149,-3.0351,1.6783,-12.984,-19.616
0.38281,8.6005,8.1665,-3.1482,-2.852,9.1975,0.54354,-2.8418,-3.2161,1.6389,-12.161,-20.147
0.038622,8.3923,8.3935,-3.0573,-3.3035,9.0611,-0.53379,-3.3716,-3.416,1.5734,-11.232,-20.812
-0.37989,8.1301,8.6032,-2.9325,-3.8003,8.8638,-1.5434,-3.8813,-3.6367,1.5062,-10.209,-21.618
-0.80079,7.8499,8.7797,-2.7828,-4.2734,8.6468,-2.4942,-4.3447,-3.8804,1.4499,-9.1163,-22.56
-1.1801,7.5442,8.8914,-2.5927,-4.6595,8.4192,-3.3916,-4.7386,-4.1499,1.4064,-7.9906,-23.614
-1.5122,7.1774,8.9034,-2.3304,-4.9138,8.164,-4.2389,-5.0519,-4.4496,1.3727,-6.8745,-24.757
-1.8219,6.7149,8.7941,-1.9625,-5.0183,7.8569,-5.0371,-5.2914,-4.7864,1.3408,-5.8132,-25.973
-2.1458,6.1479,8.5665,-1.4714,-4.984,7.4851,-5.7813,-5.4811,-5.1649,1.2992,-4.8507,-27.288
-2.5123,5.5005,8.2509,-0.86682,-4.8469,7.0577,-6.4591,-5.6509,-5.582,1.2464,-4.0217,-28.746
-2.9279,4.8224,7.8978,-0.19058,-4.6588,6.6044,-7.0536,-5.8218,-6.0228,1.193,-3.3405,-30.408
-3.3717,4.1723,7.565,0.48931,-4.4747,6.165,-7.5514,-5.9967,-6.4647,1.1516,-2.8002,-32.326
-3.7982,3.6012,7.3003,1.092,-4.3402,5.7754,-7.9515,-6.1625,-6.8869,1.1332,-2.3842,-34.513
-4.1476,3.1387,7.1285,1.5423,-4.2817,5.4531,-8.2695,-6.301,-7.2801,1.1391,-2.0778,-36.923
-4.3627,2.786,7.0468,1.7886,-4.3017,5.1918,-8.5335,-6.402,-7.6509,1.1557,-1.8716,-39.454
-4.4075,2.5203,7.0301,1.8166,-4.3822,4.9645,-8.7742,-6.4668,-8.0175,1.1599,-1.7556,-41.992
-4.2827,2.3067,7.043,1.6536,-4.4945,4.7365,-9.013,-6.5052,-8.3995,1.1316,-1.7142,-44.452
-4.0323,2.1114,7.0529,1.3661,-4.6106,4.4823,-9.2569,-6.5248,-8.806,1.0635,-1.7253,-46.802
-3.7361,1.909,7.0374,1.0468,-4.714,4.1952,-9.4993,-6.5217,-9.2277,0.96895,-1.7647,-49.053
-3.4929,1.685,6.9868,0.79319,-4.8035,3.8874,-9.7263,-6.479,-9.6391,0.87519,-1.8111,-51.222
-3.3954,1.437,6.9012,0.68471,-4.8895,3.5808,-9.9207,-6.3727,-10.011,0.81241,-1.8494,-53.309
-3.511,1.1715,6.7821,0.76934,-4.9834,3.298,-10.069,-6.1874,-10.326,0.79938,-1.8744,-55.274
-3.8681,0.89363,6.6257,1.0638,-5.0866,3.0522,-10.167,-5.929,-10.587,0.83566,-1.894,-57.056
-4.4448,0.59468,6.4205,1.5553,-5.1837,2.8387,-10.221,-5.6262,-10.811,0.90314,-1.9292,-58.601
-5.1624,0.25571,6.1537,2.1967,-5.2438,2.6341,-10.243,-5.3201,-11.021,0.97487,-2.0053,-59.901
-5.8908,-0.13346,5.8207,2.9037,-5.2279,2.41,-10.246,-5.05,-11.233,1.0278,-2.1403,-61.018
-6.4748,-0.55587,5.4303,3.564,-5.1017,2.1496,-10.237,-4.843,-11.452,1.0511,-2.3367,-62.061
-6.7744,-0.96302,5.0052,4.0612,-4.8489,1.8604,-10.215,-4.7077,-11.67,1.05,-2.5802,-63.14
-6.7044,-1.2854,4.5802,4.3014,-4.4802,1.5753,-10.171,-4.6331,-11.86,1.0426,-2.8412,-64.315
-6.257,-1.453,4.1968,4.2355,-4.0341,1.3424,-10.092,-4.594,-11.996,1.0542,-3.0895,-65.56
-5.4995,-1.4193,3.8908,3.872,-3.5677,1.2068,-9.9724,-4.5631,-12.051,1.1038,-3.3005,-66.797
-4.5545,-1.1779,3.6789,3.2736,-3.1418,1.1918,-9.8128,-4.5244,-12.016,1.1976,-3.4601,-67.935
-3.5681,-0.76557,3.5509,2.5412,-2.8057,1.2892,-9.6268,-4.4813,-11.902,1.3283,-3.5657,-68.904
-2.6779,-0.2486,3.4738,1.7896,-2.5842,1.464,-9.4334,-4.4529,-11.737,1.4785,-3.6241,-69.69
-1.9805,0.30029,3.4055,1.1183,-2.469,1.6707,-9.2492,-4.4623,-11.552,1.6291,-3.6491,-70.342
-1.5058,0.82637,3.3097,0.58499,-2.4167,1.8724,-9.0847,-4.5226,-11.368,1.7658,-3.663,-70.956
-1.2081,1.3051,3.1669,0.1924,-2.358,2.0503,-8.9477,-4.6295,-11.192,1.8827,-3.6845,-71.638
-0.98304,1.7398,2.9751,-0.10493,-2.2136,2.2027,-8.8515,-4.7643,-11.016,1.98,-3.7363,-72.473
-0.69999,2.148,2.7445,-0.37725,-1.9151,2.3359,-8.8162,-4.904,-10.826,2.059,-3.8361,-73.495
-0.23767,2.5455,2.4879,-0.69482,-1.423,2.4541,-8.8606,-5.0312,-10.615,2.1164,-3.9903,-74.684
0.48049,2.9358,2.2148,-1.1083,-0.74084,2.5548,-8.9912,-5.1402,-10.387,2.145,-4.1905,-75.976
1.4544,3.3068,1.9328,-1.6325,0.079993,2.6308,-9.1995,-5.2372,-10.155,2.1343,-4.4179,-77.295
2.5952,3.635,1.655,-2.2367,0.94881,2.6763,-9.463,-5.3344,-9.9346,2.0748,-4.6519,-78.584
3.7463,3.8918,1.4064,-2.8483,1.755,2.6932,-9.7507,-5.4426,-9.731,1.9632,-4.8797,-79.836
4.7276,4.0538,1.2228,-3.3727,2.391,2.6927,-10.031,-5.5632,-9.5424,1.8073,-5.1017,-81.101
5.3814,4.1109,1.1415,-3.7173,2.7727,2.6913,-10.279,-5.6853,-9.3607,1.6258,-5.3222,-82.459
5.6055,4.0656,1.1909,-3.8144,2.8526,2.7045,-10.492,-5.788,-9.1792,1.4421,-5.5471,-83.991
5.3731,3.9278,1.3832,-3.6359,2.6269,2.7425,-10.684,-5.849,-8.9982,1.2741,-5.7804,-85.75
4.7336,3.7067,1.7103,-3.1996,2.1327,2.8051,-10.878,-5.8559,-8.8263,1.1272,-6.0244,-87.753
3.7932,3.4077,2.1442,-2.5628,1.4338,2.8784,-11.09,-5.815,-8.6758,0.99468,-6.2824,-89.977
2.6767,3.0354,2.6448,-1.8073,0.59849,2.9381,-11.32,-5.7506,-8.5535,0.86466,-6.5499,-92.367
1.4879,2.6008,3.1741,-1.0167,-0.31975,2.9624,-11.552,-5.6945,-8.4539,0.72752,-6.8158,-94.848
0.28451,2.1263,3.7118,-0.2542,-1.2882,2.9469,-11.76,-5.67,-8.3608,0.5793,-7.0633,-97.347
-0.9227,1.6418,4.2601,0.45028,-2.2902,2.9094,-11.915,-5.6797,-8.2569,0.42009,-7.2768,-99.817
-2.1472,1.1728,4.8303,1.0966,-3.3125,2.8769,-12.001,-5.7033,-8.1331,0.25073,-7.45,-102.23
-3.3972,0.73184,5.4182,1.7029,-4.3314,2.8675,-12.022,-5.7077,-7.9946,0.071573,-7.5906,-104.56
-4.6562,0.3146,5.9889,2.2958,-5.304,2.8773,-12.007,-5.6633,-7.8583,-0.11546,-7.715,-106.76
-5.8782,-0.094646,6.4829,2.8977,-6.1708,2.8827,-11.998,-5.5584,-7.7452,-0.30372,-7.8483,-108.74
-6.9903,-0.5108,6.8372,3.5109,-6.8647,2.8526,-12.026,-5.4017,-7.6691,-0.48025,-8.0035,-110.46
-7.902,-0.9326,7.0089,4.1058,-7.3246,2.7659,-12.104,-5.2137,-7.6286,-0.62794,-8.1781,-111.89
-8.5227,-1.3347,6.9896,4.6237,-7.5096,2.6228,-12.218,-5.0148,-7.6062,-0.73093,-8.3551,-113.04
-8.7853,-1.6735,6.8074,4.9937,-7.4118,2.4451,-12.344,-4.8167,-7.5755,-0.78107,-8.513,-113.97
-8.6654,-1.9032,6.5156,5.1552,-7.0608,2.2658,-12.458,-4.6201,-7.5128,-0.78176,-8.6356,-114.72
-8.1886,-1.9922,6.1743,5.075,-6.5191,2.1144,-12.541,-4.418,-7.4064,-0.74751,-8.7186,-115.34
-7.4248,-1.9325,5.8328,4.7556,-5.8692,2.0072,-12.584,-4.202,-7.2619,-0.70013,-8.7694,-115.87
-6.4728,-1.7415,5.5193,4.2351,-5.1968,1.9435,-12.583,-3.9691,-7.0992,-0.66347,-8.7984,-116.34
-5.4408,-1.4584,5.2393,3.5795,-4.5748,1.9084,-12.548,-3.7263,-6.9446,-0.65782,-8.8167,-116.75
-4.427,-1.1356,4.9791,2.8694,-4.05,1.8778,-12.497,-3.4914,-6.8199,-0.6943,-8.8268,-117.14
-3.505,-0.82721,4.7154,2.1836,-3.6369,1.8257,-12.449,-3.2892,-6.7326,-0.77052,-8.8229,-117.53
-2.7164,-0.57737,4.4254,1.5848,-3.3192,1.7324,-12.416,-3.1425,-6.6728,-0.87023,-8.7858,-117.95
-2.0717,-0.40935,4.0976,1.1106,-3.0614,1.592,-12.392,-3.0614,-6.6185,-0.96801,-8.6902,-118.4
-1.5568,-0.32442,3.7394,0.77324,-2.8241,1.4159,-12.356,-3.0379,-6.5464,-1.0378,-8.5128,-118.89
-1.1447,-0.30713,3.3776,0.56652,-2.5784,1.228,-12.286,-3.0489,-6.4434,-1.0617,-8.2427,-119.41
-0.8117,-0.34037,3.047,0.47833,-2.3137,1.0537,-12.164,-3.0687,-6.3123,-1.0341,-7.8866,-119.96
-0.5509,-0.42042,2.7736,0.49969,-2.0388,0.90467,-11.981,-3.0814,-6.1691,-0.96082,-7.4675,-120.54
-0.37909,-0.56122,2.5648,0.62765,-1.7767,0.77461,-11.733,-3.0882,-6.0358,-0.85407,-7.0166,-121.16
-0.33227,-0.78486,2.4126,0.86272,-1.5578,0.645,-11.422,-3.1033,-5.9295,-0.72905,-6.5633,-121.86
-0.45277,-1.1048,2.3023,1.2033,-1.4142,0.49603,-11.059,-3.1428,-5.855,-0.60234,-6.1279,-122.66
-0.77322,-1.5127,2.2187,1.64,-1.3753,0.31704,-10.657,-3.2143,-5.8026,-0.49098,-5.7212,-123.57
-1.3044,-1.9778,2.1518,2.152,-1.4643,0.11106,-10.23,-3.3129,-5.7544,-0.411,-5.3488,-124.59
-2.0314,-2.4576,2.0997,2.7091,-1.6952,-0.10846,-9.782,-3.4258,-5.6942,-0.37583,-5.0189,-125.68
-2.9139,-2.9154,2.0653,3.2775,-2.0701,-0.32711,-9.3104,-3.5422,-5.6178,-0.39539,-4.7469,-126.82
-3.8865,-3.3327,2.0483,3.8232,-2.573,-0.5392,-8.8064,-3.6601,-5.5346,-0.47481,-4.5523,-127.99
-4.8585,-3.709,2.0381,4.3126,-3.1592,-0.75053,-8.2576,-3.7867,-5.4607,-0.61207,-4.4495,-129.18
-5.7194,-4.0503,2.0122,4.7102,-3.7506,-0.97201,-7.6536,-3.9305,-5.4058,-0.79524,-4.4395,-130.4
-6.3562,-4.3562,1.9414,4.9813,-4.2448,-1.2095,-6.9906,-4.0931,-5.3639,-1.001,-4.5072,-131.61
-6.6764,-4.6149,1.8005,5.0999,-4.5373,-1.4566,-6.2736,-4.2636,-5.3151,-1.1971,-4.6273,-132.78
-6.6287,-4.8079,1.5784,5.0582,-4.5473,-1.6939,-5.5144,-4.4204,-5.2356,-1.3489,-4.7734,-133.9
-6.2158,-4.9198,1.2827,4.8726,-4.2373,-1.8969,-4.7261,-4.5349,-5.1086,-1.4315,-4.9264,-134.95
-5.4933,-4.947,0.9359,4.5814,-3.6231,-2.0462,-3.9168,-4.5768,-4.9295,-1.4396,-5.076,-135.91
-4.5585,-4.8999,0.56701,4.2356,-2.771,-2.1355,-3.088,-4.5215,-4.7057,-1.3892,-5.2272,-136.78
-3.5317,-4.8001,0.20439,3.8854,-1.7867,-2.1717,-2.2363,-4.3586,-4.4517,-1.3089,-5.3942,-137.57
-2.5362,-4.6732,-0.12763,3.5691,-0.79657,-2.1701,-1.3602,-4.0983,-4.1847,-1.2265,-5.5968,-138.28
-1.6787,-4.5434,-0.40923,3.3073,0.075004,-2.148,-0.46687,-3.7716,-3.9195,-1.1605,-5.8549,-138.94
-1.0363,-4.4266,-0.62547,3.1018,0.72763,-2.1204,0.42411,-3.4215,-3.6648,-1.1178,-6.1841,-139.58
-0.64853,-4.323,-0.76688,2.9388,1.1028,-2.0927,1.2841,-3.0914,-3.4182,-1.0971,-6.5915,-140.28
-0.51755,-4.2165,-0.82945,2.7949,1.1913,-2.0603,2.0827,-2.8132,-3.1665,-1.0933,-7.0714,-141.17
-0.61531,-4.0816,-0.81484,2.6479,1.0295,-2.0103,2.7944,-2.5996,-2.8928,-1.0996,-7.607,-142.58
-0.89501,-3.8984,-0.73303,2.4881,0.68398,-1.9285,3.4022,-2.444,-2.5886,-1.107,-8.1718,-145.35
-1.3007,-3.666,-0.60167,2.3246,0.23383,-1.8092,3.8958,-2.3284,-2.2642,-1.1039,-8.7397,-150.15
-1.7723,-3.4119,-0.44721,2.1838,-0.24441,-1.6636,4.2685,-2.2335,-1.9501,-1.0776,-9.293,-153.48
-2.2486,-3.1866,-0.30265,2.0974,-0.68306,-1.5214,4.5171,-2.1458,-1.6851,-1.0172,-9.8251,-154.06
-2.6684,-3.0427,-0.20537,2.0873,-1.023,-1.422,4.6443,-2.059,-1.4966,-0.91895,-10.337,-153.8
-2.9726,-3.0087,-0.18931,2.1514,-1.2131,-1.3974,4.6595,-1.9723,-1.3859,-0.79002,-10.83,-152.41
-3.1075,-3.0738,-0.27416,2.2601,-1.2155,-1.4563,4.5811,-1.8896,-1.3275,-0.64969,-11.305,-148.66
-3.0336,-3.1951,-0.45976,2.364,-1.0153,-1.5816,4.4283,-1.8203,-1.2844,-0.52526,-11.758,-141.13
-2.7365,-3.3193,-0.73015,2.4126,-0.62867,-1.742,4.2142,-1.777,-1.2305,-0.44366,-12.19,-128.58
-2.2351,-3.4074,-1.0621,2.3727,-0.10181,-1.9078,3.9444,-1.7721,-1.1679,-0.42258,-12.604,-110.33
-1.5814,-3.4483,-1.4303,2.2398,0.4992,-2.0627,3.6192,-1.813,-1.1303,-0.46531,-13.006,-86.628
-0.85095,-3.4589,-1.8082,2.0376,1.1044,-2.2068,3.2379,-1.9015,-1.1688,-0.56112,-13.403,-58.914
-0.12764,-3.4722,-2.1708,1.8083,1.6556,-2.3518,2.8021,-2.0354,-1.3267,-0.69014,-13.795,-29.662
0.51289,-3.5182,-2.5002,1.5975,2.1163,-2.5099,2.3199,-2.2101,-1.6121,-0.82929,-14.171,-1.6651
1.0135,-3.6049,-2.7864,1.4396,2.4713,-2.681,1.81,-2.4163,-1.9948,-0.95702,-14.513,22.491
1.3373,-3.7072,-3.021,1.3492,2.7189,-2.8443,1.3018,-2.6379,-2.4161,-1.0555,-14.793,41.017
1.464,-3.7719,-3.1865,1.3215,2.8606,-2.9579,0.82841,-2.851,-2.8114,-1.1113,-14.978,53.315
1.3863,-3.7399,-3.2539,1.3404,2.8942,-2.9728,0.41565,-3.0285,-3.1307,-1.1171,-15.038,59.968
1.112,-3.5769,-3.1923,1.3893,2.8126,-2.8555,0.075137,-3.147,-3.3521,-1.0733,-14.958,62.453
0.67012,-3.2933,-2.9857,1.4556,2.6089,-2.6074,-0.19711,-3.1946,-3.4843,-0.98811,-14.747,62.439
0.11703,-2.9382,-2.644,1.5273,2.2868,-2.2662,-0.41835,-3.1748,-3.5607,-0.87456,-14.436,60.267
-0.46663,-2.574,-2.2014,1.5876,1.8693,-1.8876,-0.61386,-3.1042,-3.6228,-0.74652,-14.075,59.312
-0.98593,-2.2492,-1.7025,1.6124,1.4029,-1.5205,-0.80898,-3.0056,-3.7024,-0.6154,-13.704,62.593
-1.3425,-1.9809,-1.1845,1.5715,0.9527,-1.1883,-1.0207,-2.9008,-3.8097,-0.48995,-13.346,67.478
-1.4499,-1.7549,-0.67049,1.4349,0.58675,-0.88795,-1.2531,-2.8063,-3.933,-0.37741,-12.997,72.989
-1.2603,-1.5414,-0.16946,1.1881,0.35596,-0.60137,-1.4984,-2.7306,-4.0483,-0.28382,-12.637,78.138
-0.7927,-1.3199,0.31616,0.847,0.27478,-0.31343,-1.7393,-2.6745,-4.1324,-0.21229,-12.247,81.976
-0.142,-1.097,0.78453,0.46384,0.31287,-0.024876,-1.9567,-2.632,-4.1738,-0.16062,-11.817,84.492
0.536,-0.90901,1.2319,0.11892,0.40133,0.24579,-2.1334,-2.5934,-4.1761,-0.12067,-11.349,86.12
1.0583,-0.80829,1.6542,-0.097318,0.45111,0.47138,-2.2552,-2.5498,-4.1536,-0.080721,-10.857,87.22
1.2565,-0.84136,2.0514,-0.10661,0.37598,0.63042,-2.3118,-2.4962,-4.1231,-0.030461,-10.352,87.975
1.0159,-1.0282,2.4301,0.13707,0.11278,0.71867,-2.2957,-2.432,-4.096,0.034537,-9.8452,88.495
0.30309,-1.3524,2.8033,0.63556,-0.36441,0.75223,-2.2029,-2.3595,-4.0755,0.11117,-9.3381,88.825
-0.82843,-1.7654,3.1853,1.346,-1.0392,0.761,-2.034,-2.2808,-4.0593,0.19052,-8.8327,89.01
-2.2545,-2.2032,3.5845,2.1914,-1.8583,0.77625,-1.7978,-2.1963,-4.0464,0.26133,-8.333,89.103
-3.8119,-2.6079,3.9973,3.0785,-2.745,0.81771,-1.5114,-2.1065,-4.0386,0.31336,-7.8466,89.148
-5.3344,-2.9437,4.4059,3.9163,-3.6182,0.88579,-1.1956,-2.0141,-4.0407,0.33929,-7.3835,89.173
-6.6815,-3.2017,4.7814,4.6301,-4.4078,0.9628,-0.8687,-1.925,-4.0553,0.33581,-6.9514,89.185
-7.7542,-3.3926,5.0917,5.1688,-5.0635,1.0219,-0.54155,-1.8471,-4.0784,0.30426,-6.5505,89.173
-8.4973,-3.5323,5.3131,5.5062,-5.5544,1.0414,-0.2187,-1.7848,-4.0993,0.25103,-6.1696,89.128
-8.887,-3.628,5.4375,5.6379,-5.8628,1.0158,0.096972,-1.7356,-4.1051,0.18661,-5.7877,89.069
-8.9175,-3.6711,5.4719,5.5731,-5.9772,0.95956,0.40069,-1.6904,-4.0875,0.12277,-5.3818,89.045
-8.5957,-3.6413,5.4289,5.3288,-5.8915,0.89787,0.6856,-1.6378,-4.0453,0.068596,-4.9361,89.11
-7.9463,-3.521,5.3147,4.9283,-5.608,0.85183,0.94534,-1.5696,-3.9829,0.027087,-4.4484,89.28
-7.0148,-3.3113,5.1224,4.4025,-5.1404,0.82451,1.1768,-1.484,-3.9073,-0.0055226,-3.9292,89.533
-5.8655,-3.0394,4.8352,3.7924,-4.5112,0.79769,1.3809,-1.3855,-3.8224,-0.037389,-3.3955,89.826
-4.5784,-2.7504,4.4363,3.1467,-3.748,0.74099,1.5614,-1.2823,-3.7298,-0.077055,-2.8613,90.115
-3.2473,-2.49,3.9198,2.5173,-2.8863,0.62769,1.7219,-1.1818,-3.6296,-0.12984,-2.3299,90.373
-1.9742,-2.2891,3.2994,1.9526,-1.9746,0.44852,1.8636,-1.0873,-3.5233,-0.19598,-1.7905,90.585
-0.8582,-2.1571,2.6119,1.4907,-1.0749,0.21719,1.9866,-0.99497,-3.4136,-0.27091,-1.2205,90.747
0.02117,-2.0843,1.9151,1.1557,-0.25502,-0.033503,2.0908,-0.89514,-3.3049,-0.34745,-0.59104,90.862
0.62052,-2.051,1.2755,0.95391,0.42441,-0.26333,2.1744,-0.77565,-3.203,-0.41889,0.12753,90.931
0.9417,-2.0352,0.75089,0.87337,0.9259,-0.43902,2.2318,-0.62874,-3.1159,-0.48204,0.9613,90.959
1.0304,-2.0193,0.37135,0.88517,1.248,-0.54538,2.253,-0.45807,-3.0543,-0.53862,1.9277,90.946
0.96353,-1.9915,0.12975,0.94905,1.4267,-0.58759,2.228,-0.28265,-3.0279,-0.59416,3.0407,90.897
0.82838,-1.9456,-0.0092511,1.0219,1.5204,-0.58385,2.153,-0.13409,-3.039,-0.65461,4.3049,90.818
0.70106,-1.8774,-0.086482,1.0669,1.5829,-0.55256,2.0345,-0.046278,-3.077,-0.72211,5.7089,90.717
0.63039,-1.782,-0.12372,1.0603,1.6406,-0.50071,1.8882,-0.040763,-3.1189,-0.79174,7.2191,90.6
0.6315,-1.6503,-0.11047,0.99348,1.683,-0.41842,1.7334,-0.11557,-3.1359,-0.85029,8.7833,90.473
0.68974,-1.4686,-0.0092627,0.87109,1.6724,-0.28162,1.5872,-0.24426,-3.1045,-0.87769,10.346,90.338
0.77412,-1.2209,0.22047,0.70531,1.5688,-0.06322,1.4605,-0.38513,-3.0148,-0.8515,11.87,90.192
0.85497,-0.89575,0.59725,0.51068,1.3566,0.2528,1.3578,-0.49432,-2.8708,-0.75369,13.35,90.03
0.91634,-0.49195,1.1018,0.3007,1.0567,0.66237,1.2798,-0.53668,-2.686,-0.57676,14.815,89.85
0.95855,-0.019463,1.686,0.086525,0.71562,1.1435,1.2258,-0.49106,-2.4759,-0.32548,16.306,89.652
0.99351,0.50619,2.2965,-0.12375,0.38168,1.6688,1.1954,-0.35313,-2.2525,-0.013584,17.863,89.438
1.0376,1.0739,2.8979,-0.326,0.087363,2.22,1.1881,-0.13419,-2.0196,0.34189,19.502,89.205
1.1048,1.6842,3.4829,-0.52099,-0.15971,2.7961,1.2053,0.14293,-1.7746,0.72619,21.223,88.957
1.2016,2.3503,4.0697,-0.71498,-0.37526,3.4155,1.2557,0.45265,-1.5056,1.1319,23.019,88.71
1.3249,3.096,4.689,-0.92063,-0.58944,4.1073,1.3604,0.78031,-1.1889,1.5641,24.896,88.497
1.4648,3.9528,5.3696,-1.1588,-0.83338,4.9022,1.5531,1.1356,-0.78635,2.0435,26.874,88.363
1.6139,4.9615,6.126,-1.4616,-1.1268,5.8279,1.873,1.5576,-0.24493,2.6084,28.982,88.355
1.7803,6.1737,6.9551,-1.877,-1.4718,6.9082,2.3528,2.1055,0.50333,3.3138,31.236,88.521
2.0017,7.6563,7.8413,-2.4758,-1.8542,8.1651,3.0052,2.8423,1.5443,4.2322,33.613,88.906
2.3578,9.49,8.7663,-3.3627,-2.2476,9.6183,3.8158,3.8188,2.9869,5.4598,36.044,89.554
2.9778,11.762,9.7157,-4.6878,-2.6182,11.278,4.751,5.0648,4.9486,7.1203,38.44,90.497
4.0316,14.541,10.677,-6.632,-2.9281,13.132,5.7717,6.5854,7.4728,9.3474,40.725,91.733
5.687,17.833,11.63,-9.3275,-3.1399,15.131,6.8563,8.3629,10.389,12.217,42.869,93.232
8.0304,21.533,12.537,-12.73,-3.2196,17.185,8.0084,10.365,13.345,15.655,44.888,94.95
10.994,25.415,13.341,-16.578,-3.139,19.167,9.2418,12.556,16.146,19.424,46.811,96.859
14.371,29.203,13.968,-20.54,-2.8757,20.936,10.55,14.901,18.963,23.25,48.661,98.949
17.94,32.64,14.358,-24.362,-2.4143,22.371,11.882,17.36,22.097,26.941,50.449,101.22
21.568,35.552,14.489,-27.904,-1.745,23.405,13.147,19.874,25.72,30.395,52.185,103.64
25.208,37.862,14.379,-31.098,-0.8589,24.059,14.246,22.36,29.793,33.564,53.88,106.15
28.848,39.576,14.078,-33.936,0.26447,24.415,15.092,24.723,34.115,36.433,55.546,108.63
32.456,40.725,13.635,-36.456,1.667,24.547,15.621,26.876,38.405,39.001,57.161,110.94
35.954,41.317,13.067,-38.711,3.4029,24.431,15.786,28.767,42.37,41.274,58.678,112.93
39.224,41.336,12.328,-40.711,5.4801,23.935,15.572,30.391,45.753,43.259,60.031,114.53
42.148,40.764,11.288,-42.393,7.7648,22.878,15.004,31.781,48.37,44.975,61.177,115.71
44.66,39.605,9.7388,-43.658,10.047,21.138,14.15,32.991,50.121,46.469,62.111,116.53
46.748,37.899,7.4615,-44.421,12.406,18.728,13.076,34.059,51.012,47.816,62.868,117.06
48.475,35.731,4.3495,-44.662,15.269,15.821,11.786,34.976,51.175,49.094,63.511,117.38
49.987,33.227,0.49869,-44.464,18.959,12.689,10.226,35.67,50.865,50.337,64.121,117.55
51.469,30.528,-3.7955,-43.996,23.469,9.6104,8.3447,36.008,50.404,51.479,64.77,117.62
53.103,27.762,-8.1414,-43.453,28.542,6.7995,6.1523,35.851,50.079,52.346,65.505,117.63
55.051,25.036,-12.187,-42.994,33.795,4.3891,3.7339,35.109,50.008,52.724,66.315,117.61
57.407,22.444,-15.705,-42.709,38.812,2.4481,1.2394,33.785,50.053,52.472,67.142,117.61
60.126,20.08,-18.601,-42.602,43.207,0.98338,-1.1454,31.954,49.846,51.577,67.901,117.67
62.99,18.013,-20.887,-42.586,46.67,-0.072249,-3.2454,29.715,48.966,50.141,68.531,117.86
65.649,16.25,-22.63,-42.491,49.024,-0.84104,-4.9406,27.151,47.125,48.311,69.028,118.23
67.694,14.72,-23.895,-42.084,50.232,-1.4534,-6.192,24.327,44.3,46.196,69.466,118.79
68.77,13.328,-24.734,-41.101,50.345,-2.0173,-7.0371,21.299,40.731,43.834,69.981,119.51
68.672,12.014,-25.2,-39.324,49.429,-2.6106,-7.5635,18.126,36.774,41.199,70.695,120.25
67.371,10.765,-25.357,-36.777,47.587,-3.2793,-7.8674,14.876,32.688,38.246,71.588,120.71
64.959,9.5831,-25.27,-33.896,44.99,-4.0367,-8.0184,11.639,28.55,34.952,72.422,120.4
61.617,8.4473,-24.996,-31.219,41.909,-4.8705,-8.0464,8.5216,24.313,31.326,72.789,118.69
57.593,7.2933,-24.584,-28.766,38.68,-5.7588,-7.9506,5.6344,19.943,27.403,72.29,115.09
53.119,6.0106,-24.069,-26.081,35.583,-6.6893,-7.7188,3.0644,15.507,23.25,70.678,109.32
48.327,4.4599,-23.477,-22.762,32.712,-7.6691,-7.351,0.85502,11.181,18.978,67.946,101.59
43.239,2.5216,-22.823,-18.682,29.992,-8.7205,-6.8743,-0.99752,7.1786,14.74,64.368,93.053
37.807,0.15671,-22.119,-13.936,27.299,-9.8684,-6.3417,-2.5323,3.6908,10.712,60.412,85.299
31.994,-2.5649,-21.385,-8.8232,24.534,-11.126,-5.8134,-3.8055,0.83599,7.0738,56.553,78.879
25.887,-5.49,-20.669,-3.8399,21.711,-12.484,-5.3354,-4.875,-1.3826,3.984,53.119,73.371
19.756,-8.4382,-20.038,0.47738,19.004,-13.912,-4.9324,-5.7931,-3.0795,1.5316,50.283,68.323
13.851,-11.259,-19.551,3.8413,16.557,-15.367,-4.6138,-6.6044,-4.4099,-0.30723,48.13,63.577
8.2834,-13.868,-19.236,6.3468,14.342,-16.815,-4.3809,-7.3463,-5.4907,-1.6697,46.68,59.143
3.344,-16.258,-19.08,8.278,12.283,-18.242,-4.2304,-8.0493,-6.3875,-2.7479,45.813,55.058
-0.55914,-18.473,-19.052,9.8696,10.373,-19.646,-4.1547,-8.7377,-7.1393,-3.7179,45.234,51.414
-3.3292,-20.559,-19.114,11.243,8.657,-21.015,-4.1428,-9.4297,-7.7784,-4.7056,44.603,48.477
-5.1169,-22.513,-19.233,12.449,7.2072,-22.304,-4.1814,-10.131,-8.3336,-5.783,43.706,46.534
-6.0915,-24.261,-19.375,13.502,6.0903,-23.443,-4.2555,-10.828,-8.826,-6.9679,42.499,45.458
-6.3825,-25.7,-19.506,14.4,5.345,-24.368,-4.3493,-11.483,-9.2666,-8.2208,41.054,44.773
-6.1169,-26.768,-19.593,15.129,4.9626,-25.05,-4.448,-12.049,-9.6567,-9.4531,39.488,44.074
-5.4572,-27.486,-19.614,15.684,4.8834,-25.497,-4.5413,-12.493,-9.9919,-10.567,37.895,43.154
-4.6057,-27.931,-19.563,16.091,5.0112,-25.747,-4.6245,-12.813,-10.268,-11.511,36.291,41.961
-3.7775,-28.199,-19.449,16.392,5.2411,-25.851,-4.6942,-13.033,-10.485,-12.307,34.606,40.522
-3.1614,-28.365,-19.303,16.632,5.4804,-25.862,-4.7421,-13.193,-10.649,-13.039,32.729,38.861
-2.8859,-28.47,-19.171,16.836,5.6584,-25.823,-4.7508,-13.329,-10.768,-13.807,30.586,36.961
-3.0014,-28.522,-19.094,17.003,5.7284,-25.767,-4.6953,-13.457,-10.843,-14.683,28.181,34.784
-3.4817,-28.514,-19.084,17.125,5.6712,-25.708,-4.5503,-13.579,-10.865,-15.686,25.596,32.324
-4.2375,-28.442,-19.105,17.196,5.4928,-25.646,-4.3001,-13.692,-10.825,-16.783,22.945,29.634
-5.1319,-28.325,-19.096,17.233,5.2127,-25.571,-3.9464,-13.802,-10.717,-17.921,20.346,26.817
-5.9982,-28.212,-18.989,17.284,4.8498,-25.479,-3.5071,-13.934,-10.555,-19.049,17.909,23.969
-6.6724,-28.171,-18.731,17.419,4.4224,-25.374,-3.0101,-14.119,-10.366,-20.141,15.725,21.151
-7.0461,-28.248,-18.298,17.703,3.9578,-25.266,-2.4823,-14.379,-10.178,-21.196,13.873,18.39
-7.1151,-28.439,-17.691,18.161,3.494,-25.156,-1.9395,-14.704,-10.012,-22.215,12.407,15.735
-6.983,-28.683,-16.927,18.748,3.0675,-25.024,-1.3812,-15.036,-9.8625,-23.181,11.345,13.287
-6.8098,-28.894,-16.031,19.366,2.6897,-24.836,-0.79338,-15.286,-9.7054,-24.058,10.662,11.166
-6.7483,-29.014,-15.036,19.93,2.331,-24.552,-0.15864,-15.366,-9.5105,-24.804,10.302,9.4351
-6.9166,-29.024,-13.981,20.41,1.9273,-24.15,0.53637,-15.242,-9.2606,-25.404,10.183,8.0681
-7.4026,-28.941,-12.913,20.833,1.4081,-23.629,1.3019,-14.957,-8.9625,-25.887,10.204,6.9804
-8.2649,-28.789,-11.854,21.251,0.72492,-22.993,2.1516,-14.613,-8.6443,-26.307,10.262,6.0741
-9.5146,-28.561,-10.767,21.695,-0.13351,-22.22,3.1029,-14.333,-8.343,-26.705,10.283,5.2692
-11.079,-28.186,-9.5267,22.135,-1.1317,-21.209,4.1557,-14.236,-8.0932,-27.073,10.26,4.5237
-12.779,-27.503,-7.9533,22.459,-2.1831,-19.75,5.2397,-14.46,-7.9276,-27.352,10.256,3.843
-14.362,-26.265,-5.9242,22.501,-3.1645,-17.553,6.1607,-15.228,-7.8921,-27.475,10.405,3.2766
-15.577,-24.212,-3.5429,22.108,-3.9754,-14.488,6.607,-16.936,-8.0691,-27.427,10.894,2.9028
-16.26,-21.392,-1.3039,21.228,-4.6923,-11.252,6.2371,-20.157,-8.5873,-27.316,11.982,2.8132
-16.377,-19.026,-0.9232,19.971,-5.8509,-10.725,5.6398,-24.27,-9.4993,-27.427,14.071,3.1182
-16.025,-20.324,-5.3362,18.597,-7.8421,-15.679,11.102,-24.63,-5.7881,-28.251,17.806,4.0242
-15.38,-26.169,-7.2134,17.519,-8.6058,-18.592,12.13,-24.91,-1.6309,-30.442,23.64,6.0532
-14.619,-30.222,-5.765,17.426,-8.9668,-18.183,13.482,-25.029,-1.3581,-34.49,29.286,9.0828
-13.861,-29.72,-1.6576,19.327,-10.911,-15.089,15.343,-25.194,-1.1786,-40.155,25.847,4.1681
-13.192,-24.711,6.1487,22.476,-14.761,-8.3603,17.315,-26.896,-1.4617,-44.967,14.525,0.56453
-12.842,-14.559,18.808,21.707,-20.662,3.0796,18.393,-33.007,-2.9379,-45.052,12.976,1.0111
-13.855,1.9329,37.05,14.595,-29.043,20.181,16.483,-48.191,-7.3077,-43.451,14.557,2.6147
-18.738,25.854,60.727,2.5652,-40.968,43.641,7.5413,-78.697,-18.594,-41.299,18.17,5.5092
-21.068,55.824,88.204,-10.455,-56.481,72.572,-16.836,-129.31,-43.842,-39.554,25.297,10.559
-22.678,87.941,116.09,-22.719,-72.21,103.12,-64.878,-199.99,-89.117,-40.45,38.977,20.454
-22.031,117.53,140.74,-34.773,-84.093,130.19,-122.24,-293.59,-153.37,-50.62,63.849,40.893
-18.439,141.4,159.66,-47.914,-89.856,151.26,-189.45,-412.35,-241.78,-74.315,99.978,75.768
-13.043,159.58,169.68,-62.73,-89.26,165.74,-264.87,-554.28,-357.45,-114.4,138.61,116.5
-4.8836,173.84,170.02,-79.393,-83.389,173.7,-345.28,-714.26,-497.64,-171.04,180.44,161.07
8.6,189.33,167.24,-99.528,-72.641,180.31,-426.47,-884.1,-653.63,-239.3,232.05,216.86
33.525,212.36,167.39,-125.55,-57.96,191.96,-504.44,-1053.2,-812,-309.85,298.02,286.8
78.078,246.75,171.32,-159.61,-41.162,211.98,-576.88,-1209.9,-957.89,-370.89,382.72,372.73
126.58,292.83,177.28,-202.37,-21.77,239.73,-642.61,-1343.1,-1074.6,-406.12,489.49,474.78
175.56,346.2,182.69,-251.68,2.4374,270.63,-699.88,-1443.4,-1145.4,-398.06,617.9,589.96
224.5,396.84,182.61,-301.02,28.591,296.14,-744.79,-1503.4,-1158.7,-336.27,760.49,710.09
266.06,430.21,170.14,-339.44,55.257,304.81,-771.5,-1519.6,-1111.4,-221.1,901.01,820.82
291.91,431.76,141.46,-355.01,81.943,287.49,-774.62,-1494.9,-1012,-66.361,1016.1,903.55
295.3,394.51,98.712,-340.72,105.48,243.32,-752.7,-1439.9,-881.62,100.59,1081.1,940.58
273.33,324.06,50.108,-297.08,120.08,181.67,-709.92,-1372.4,-751.34,242.79,1077.6,921.01
227.71,236.41,9.9443,-231.51,118.53,118.92,-654.13,-1310.8,-654.79,321.11,998.06,843.83
163.19,151.09,-7.52,-156.14,95.768,71.091,-592.75,-1268.4,-617.99,304.62,847.2,717.15
86.215,83.361,4.0142,-83.085,51.714,46.889,-529.68,-1248,-650.9,180.61,639.55,554.84
4.7277,38.588,39.537,-19.798,-7.4172,44.734,-465.75,-1243.7,-744.64,-39.392,396.78,373.35
-72.707,11.928,85.238,31.573,-70.612,54.705,-401.49,-1244.6,-875.38,-319.76,145.11,189.87
-138.18,-6.3652,124.94,72.06,-125.57,63.988,-339.32,-1237.6,-1010.1,-608.29,-87.83,21.089
-185.88,-24.751,147,103.81,-162.63,63.236,-283.16,-1211.3,-1114.2,-850.67,-277.46,-118.44
-213.72,-47.159,147.73,128.77,-177.71,49.777,-236.12,-1159.5,-1162.6,-1007,-407.47,-218.68
-223.74,-72.981,130.3,147.42,-172.95,26.13,-198.68,-1082.3,-1147.6,-1063.1,-473.77,-276.35
-220.02,-99.267,101.82,159.23,-154.77,-2.8873,-168.46,-984.7,-1077.7,-1030.6,-484.55,-295.55
-206.92,-122.97,70.049,164.41,-130.26,-31.432,-141.64,-873.98,-971.18,-937.54,-455.98,-286.33
-189.34,-142.01,39.719,164.58,-104.83,-54.395,-114.68,-758.41,-846.76,-815.98,-406.54,-261.27
-171.62,-155.42,12.188,162.11,-81.976,-71.888,-85.664,-645.95,-719.24,-692.06,-352.24,-231.65
-156.22,-162.93,-9.061,158.6,-63.726,-84.919,-54.749,-543.21,-600.08,-582.19,-303.66,-204.66
-143.85,-164.78,-18.834,153.97,-51.105,-92.884,-23.693,-454.42,-496.21,-493.22,-265.02,-182.79
-133.34,-160.63,-25.798,147.25,-43.561,-93.539,4.6621,-380.66,-409.69,-424.47,-235.44,-164.8
-122,-149.89,-28.142,137.25,-37.716,-85.947,26.695,-319.98,-339.22,-371.12,-211.33,-147.46
-109.66,-132.89,-22.788,123.69,-33.349,-70.912,39.564,-268.65,-281.68,-326.61,-187.82,-125.91
-96.413,-111.42,-11.105,107.38,-30.688,-53.858,43.909,-222.75,-233.14,-285,-166.53,-104.02
-81.646,-88.312,-3.1367,89.274,-27.729,-40.72,42.702,-179.62,-190.27,-244.15,-145.53,-88.012
-66.418,-66.544,-1.9403,70.684,-23.572,-30.429,38.788,-138.51,-150.52,-204.41,-123.3,-72.235
-52.491,-48.467,-1.9087,53.543,-18.126,-21.792,34.367,-99.978,-112.18,-167.23,-102.38,-57.929
-40.896,-35.25,-1.737,39.582,-11.262,-15.906,30.763,-64.936,-74.599,-134.68,-84.351,-46.478
-32.005,-26.796,-1.2294,29.557,-6.1275,-12.875,26.496,-35.852,-38.008,-108.61,-70.27,-38.247
-26.057,-22.134,-0.4638,23.314,-3.6997,-11.715,24.427,-15.15,-4.4421,-89.104,-60.637,-32.859
-23.236,-19.86,0.46384,20.134,-2.7781,-11.049,24.405,-2.7182,21.885,-75.296,-54.887,-29.621
-23.19,-18.452,1.4896,18.896,-2.6786,-9.2858,24.593,2.7217,39.043,-65.714,-52.298,-27.71
-24.381,-16.235,2.5483,18.252,-3.0329,-6.3032,24.551,3.3035,47.716,-58.781,-51.993,-25.912
-22.532,-12.262,3.552,15.947,-3.5364,-3.4539,24.03,1.7039,50.122,-53.113,-51.976,-22.409
-17.459,-8.3399,4.3976,10.997,-3.9212,-1.3144,23.09,0.90048,49.312,-47.606,-49.549,-18.618
-14.179,-5.3871,4.9903,7.6488,-3.9797,0.21105,21.966,4.59,48.418,-41.627,-43.945,-16.064
-12.077,-3.297,5.2728,5.7369,-3.5931,1.2776,20.872,10.44,49.72,-35.975,-37.815,-14.313
-10.252,-1.859,5.2458,4.4649,-2.7597,1.9748,19.942,16.016,53.788,-32.072,-33.412,-13.003
-8.5281,-0.92291,4.97,3.558,-1.6005,2.3627,19.226,21.168,60.866,-28.434,-30.7,-11.973
-6.9758,-0.36786,4.5525,2.9223,-0.31666,2.511,18.7,25.64,71.181,-24.188,-29.026,-11.143
-5.7122,-0.067922,4.1188,2.4984,0.87736,2.512,18.296,29.378,81.23,-19.776,-27.906,-10.456
-4.8211,0.11176,3.7836,2.2183,1.7991,2.4699,17.911,32.496,88.325,-15.721,-27.05,-9.8707
-4.3222,0.29264,3.6334,2.0108,2.3208,2.4776,17.42,35.173,92.791,-12.247,-26.296,-9.3538
-4.1714,0.55273,3.716,1.8253,2.3938,2.5946,16.724,37.609,95.481,-9.3701,-25.586,-8.8924
-4.2905,0.90933,4.0291,1.6466,2.073,2.8396,15.811,39.999,97.045,-7.0338,-24.933,-8.4898
-4.6064,1.3234,4.5125,1.4932,1.5023,3.1918,14.789,42.507,98.101,-5.1736,-24.382,-8.1561
-5.0757,1.7255,5.0638,1.4051,0.85021,3.5975,13.832,45.205,99.341,-3.7204,-23.967,-7.8995
-5.6874,2.0525,5.5779,1.4276,0.2375,3.9912,13.088,48.047,101.46,-2.5956,-23.702,-7.7205
-6.444,2.2767,5.9971,1.592,-0.29533,4.33,12.604,50.876,104.78,-1.7132,-23.572,-7.6095
-7.3326,2.4147,6.3339,1.8969,-0.77268,4.6137,12.328,53.483,108.7,-0.98813,-23.552,-7.5468
-8.3057,2.5191,6.6479,2.2971,-1.2425,4.8776,12.155,55.686,112.23,-0.34452,-23.609,-7.5052
-9.2765,2.6586,7.0024,2.7074,-1.735,5.1701,11.967,57.402,114.85,0.27878,-23.711,-7.4562
-10.127,2.8961,7.4253,3.0213,-2.238,5.5286,11.672,58.676,116.59,0.92516,-23.833,-7.3761
-10.724,3.2714,7.8922,3.1387,-2.6958,5.9628,11.222,59.654,117.68,1.6201,-23.954,-7.2524
-10.947,3.7913,8.3411,2.9918,-3.0302,6.4524,10.622,60.534,118.39,2.3712,-24.061,-7.0871
-10.718,4.426,8.7033,2.562,-3.1649,6.9626,9.9386,61.503,118.99,3.1668,-24.149,-6.8932
-10.026,5.1184,8.9323,1.8867,-3.045,7.4642,9.2734,62.684,119.74,3.9806,-24.217,-6.6858
-8.9464,5.8055,9.0216,1.05,-2.6516,7.9453,8.7215,64.093,120.75,4.7841,-24.264,-6.4727
-7.627,6.4399,9.0092,0.1618,-2.015,8.4143,8.3359,65.652,121.99,5.5653,-24.28,-6.2502
-6.2653,7.0014,8.9676,-0.66905,-1.22,8.8969,8.1222,67.228,123.34,6.3396,-24.249,-6.0063
-5.0619,7.4945,8.9848,-1.3571,-0.39409,9.4251,8.0534,68.701,124.65,7.147,-24.151,-5.728
-4.1805,7.9373,9.1353,-1.8526,0.31693,10.015,8.0869,70.018,125.84,8.0365,-23.971,-5.4083
-3.7187,8.349,9.4494,-2.1416,0.77716,10.65,8.1771,71.215,126.88,9.0481,-23.707,-5.05
-3.6997,8.7451,9.8998,-2.2388,0.88835,11.285,8.2809,72.396,127.8,10.2,-23.366,-4.6623
-4.0895,9.1433,10.428,-2.1764,0.6101,11.879,8.3597,73.678,128.7,11.486,-22.964,-4.2546
-4.8311,9.5685,10.995,-1.9957,-0.038962,12.436,8.3826,75.136,129.7,12.889,-22.515,-3.8307
-5.8654,10.05,11.607,-1.74,-0.99613,13.006,8.3324,76.767,130.88,14.394,-22.031,-3.3859
-7.1169,10.616,12.29,-1.4501,-2.1659,13.656,8.2116,78.486,132.3,16.005,-21.521,-2.908
-8.4662,11.3,13.055,-1.1651,-3.4222,14.441,8.0405,80.164,133.93,17.737,-20.992,-2.3816
-9.7498,12.149,13.883,-0.92961,-4.6149,15.386,7.8443,81.691,135.68,19.595,-20.446,-1.7945
-10.792,13.216,14.738,-0.8051,-5.5892,16.496,7.634,83.013,137.43,21.542,-19.879,-1.1447
-11.439,14.571,15.588,-0.87745,-6.2188,17.761,7.3958,84.146,139.07,23.5,-19.291,-0.44254
-11.583,16.284,16.404,-1.2568,-6.4363,19.163,7.0945,85.151,140.54,25.366,-18.681,0.2923
-11.182,18.422,17.158,-2.071,-6.2481,20.677,6.6909,86.106,141.83,27.063,-18.045,1.0375
-10.26,21.006,17.818,-3.4497,-5.7262,22.27,6.1606,87.074,142.99,28.573,-17.38,1.776
-8.906,23.983,18.368,-5.4819,-4.9866,23.899,5.5054,88.091,144.1,29.939,-16.68,2.5032
-7.2538,27.212,18.82,-8.1404,-4.1642,25.513,4.751,89.156,145.2,31.232,-15.942,3.2285
-5.4597,30.495,19.207,-11.227,-3.3911,27.051,3.9315,90.24,146.34,32.516,-15.173,3.9705
-3.6805,33.655,19.568,-14.431,-2.7722,28.463,3.0749,91.306,147.5,33.822,-14.387,4.7498
-2.0329,36.605,19.939,-17.477,-2.3503,29.739,2.1957,92.316,148.64,35.151,-13.595,5.5851
-0.55221,39.368,20.366,-20.226,-2.0816,30.923,1.2992,93.257,149.75,36.481,-12.797,6.4945
0.78833,42.027,20.92,-22.706,-1.8636,32.11,0.39047,94.137,150.83,37.788,-11.97,7.4995
2.0108,44.653,21.706,-25.079,-1.6042,33.429,-0.51845,94.992,151.87,39.043,-11.074,8.6283
3.0868,47.243,22.88,-27.549,-1.2764,35.062,-1.4058,95.866,152.89,40.223,-10.061,9.9195
3.9332,49.739,24.638,-30.201,-0.93578,37.238,-2.2422,96.796,153.91,41.324,-8.8838,11.425
4.4383,52.117,27.144,-32.904,-0.70399,40.122,-2.9962,97.798,154.95,42.362,-7.5038,13.219
4.4992,54.471,30.395,-35.364,-0.72854,43.611,-3.6394,98.865,156.02,43.368,-5.8834,15.392
4.0559,56.941,34.131,-37.305,-1.1389,47.33,-4.1535,99.972,157.11,44.365,-3.9712,18.029
3.119,59.553,37.962,-38.639,-2.0129,50.922,-4.5361,101.08,158.19,45.361,-1.6912,21.142
1.7874,62.197,41.614,-39.486,-3.356,54.226,-4.8034,102.17,159.26,46.355,1.0547,24.595
0.23789,64.792,45.019,-40.085,-5.0922,57.255,-4.9867,103.2,160.3,47.346,4.3732,28.141
-1.315,67.391,48.243,-40.692,-7.0743,60.116,-5.1217,104.17,161.32,48.346,8.3561,31.561
-2.6697,70.154,51.395,-41.511,-9.1209,62.957,-5.2382,105.08,162.32,49.383,13.014,34.774
-3.6783,73.257,54.597,-42.667,-11.069,65.932,-5.3541,105.95,163.34,50.502,18.187,37.834
-4.2681,76.832,57.966,-44.225,-12.817,69.173,-5.4775,106.82,164.4,51.75,23.593,40.864
-4.435,80.943,61.592,-46.198,-14.328,72.801,-5.6138,107.75,165.5,53.167,29.074,44.01
-4.2085,85.591,65.519,-48.568,-15.624,76.928,-5.7728,108.79,166.69,54.773,34.774,47.413
-3.6114,90.711,69.727,-51.302,-16.763,81.643,-5.9729,109.98,167.96,56.565,40.99,51.193
-2.649,96.2,74.175,-54.374,-17.831,86.947,-6.2393,111.32,169.3,58.527,47.885,55.429
-1.3204,102,78.856,-57.772,-18.927,92.724,-6.599,112.78,170.69,60.641,55.368,60.14
0.37314,108.19,83.805,-61.523,-20.145,98.816,-7.0745,114.26,172.06,62.897,63.208,65.251
2.4204,114.98,89.048,-65.747,-21.581,105.14,-7.6801,115.67,173.37,65.279,71.158,70.564
4.7823,122.56,94.569,-70.563,-23.342,111.7,-8.4217,116.91,174.56,67.751,78.947,75.788
7.3683,130.84,100.31,-75.908,-25.485,118.49,-9.3008,117.91,175.58,70.249,86.329,80.705
10.033,139.49,106.23,-81.53,-27.896,125.48,-10.323,118.63,176.39,72.7,93.252,85.304
12.609,148.12,112.33,-87.164,-30.335,132.57,-11.506,119.08,176.97,75.046,99.888,89.778
14.949,156.48,118.73,-92.651,-32.677,139.71,-12.883,119.26,177.31,77.258,106.47,94.429
16.963,164.49,125.5,-97.908,-34.969,146.89,-14.479,119.23,177.43,79.335,113.21,99.594
18.633,172.2,132.62,-102.87,-37.362,154.14,-16.282,119.04,177.37,81.3,120.31,105.55
20.01,179.77,139.96,-107.48,-40.079,161.51,-18.217,118.74,177.14,83.182,127.98,112.35
21.198,187.46,147.37,-111.8,-43.357,169.09,-20.174,118.35,176.74,85.008,136.38,119.66
22.289,195.59,154.82,-116.03,-47.35,177.05,-22.069,117.87,176.18,86.794,145.51,127
23.311,204.52,162.39,-120.49,-52.066,185.53,-23.888,117.25,175.45,88.531,155.17,134.14
24.228,214.47,170.17,-125.43,-57.341,194.55,-25.697,116.44,174.53,90.185,165.02,141.12
25.025,225.35,178.23,-130.84,-62.862,203.97,-27.626,115.35,173.39,91.707,174.73,148.07
25.751,236.56,186.54,-136.42,-68.267,213.42,-29.828,113.92,171.92,93.052,184.09,155.18
26.484,247.27,194.99,-141.84,-73.247,222.53,-32.43,112.15,169.98,94.196,193.03,162.63
27.289,256.8,203.41,-146.91,-77.554,231.04,-35.463,110.05,167.36,95.134,201.68,170.46
28.221,265.01,211.62,-151.62,-81.016,238.94,-38.795,107.67,163.97,95.883,210.32,178.6
29.328,272.24,219.44,-156.07,-83.615,246.39,-42.176,104.99,159.88,96.472,219.24,186.91
30.639,279,226.68,-160.34,-85.559,253.58,-45.403,101.94,155.35,96.941,228.67,195.28
32.147,285.7,233.25,-164.47,-87.194,260.59,-48.461,98.367,150.61,97.32,238.62,203.6
33.804,292.5,239.11,-168.5,-88.802,267.28,-51.498,94.149,145.75,97.63,248.84,211.85
35.544,299.28,244.39,-172.45,-90.455,273.37,-54.734,89.22,140.75,97.869,258.81,220.05
37.316,305.75,249.19,-176.33,-92.068,278.6,-58.392,83.58,135.52,98.019,268.02,228.23
39.089,311.57,253.55,-180.11,-93.558,282.94,-62.63,77.259,129.91,98.046,276.18,236.37
40.828,316.53,257.43,-183.66,-94.908,286.54,-67.468,70.264,123.78,97.913,283.28,244.33
42.47,320.59,260.77,-186.81,-96.129,289.63,-72.758,62.573,117.07,97.59,289.54,251.97
43.915,323.93,263.56,-189.44,-97.197,292.39,-78.254,54.226,109.86,97.059,295.28,259.15
45.083,326.79,265.8,-191.63,-98.015,294.91,-83.736,45.436,102.4,96.312,300.77,265.81
46.016,329.42,267.52,-193.57,-98.452,297.21,-89.075,36.571,94.845,95.343,306.24,271.93
46.899,331.94,268.73,-195.45,-98.46,299.2,-94.203,28.005,87.21,94.148,311.76,277.52
47.947,334.31,269.39,-197.41,-98.117,300.78,-99.071,19.937,79.321,92.727,317.28,282.61
49.347,336.37,269.41,-199.49,-97.491,301.8,-103.63,12.319,70.974,91.093,322.65,287.25
51.252,337.91,268.6,-201.7,-96.508,302.1,-107.86,4.9277,62.174,89.282,327.67,291.53
53.682,338.83,266.77,-203.93,-94.977,301.58,-111.77,-2.53,53.142,87.343,332.19,295.53
56.449,339.1,263.81,-206.06,-92.703,300.21,-115.42,-10.357,44.057,85.308,336.16,299.31
59.224,338.7,259.82,-207.89,-89.611,298.07,-118.91,-18.808,34.991,83.176,339.59,302.86
61.667,337.54,255.22,-209.18,-85.926,295.3,-122.35,-27.979,26.153,80.911,342.54,306.02
63.529,335.38,250.52,-209.67,-82.214,291.96,-125.78,-37.794,17.803,78.472,345.01,308.49
64.679,331.73,246.03,-208.93,-78.981,287.93,-129.18,-48.069,10.011,75.843,346.89,309.81
65.109,326.04,241.54,-206.35,-76.224,282.98,-132.43,-58.54,2.7178,73.056,347.9,309.55
64.908,318.14,236.35,-201.45,-73.494,276.87,-135.43,-68.885,-4.1212,70.175,347.7,307.57
64.221,308.57,229.66,-194.54,-70.243,269.49,-138.16,-78.853,-10.418,67.271,346.1,304.18
63.208,298.21,221.02,-187.02,-66.099,260.8,-140.67,-88.34,-15.827,64.39,343.16,299.95
62.054,287.64,210.44,-180.34,-61.001,250.83,-143.01,-97.353,-19.748,61.552,339.08,295.26
60.992,276.92,198.34,-174.84,-55.204,239.72,-145.26,-105.89,-21.831,58.755,334.08,290.18
60.233,265.93,185.37,-170.02,-49.116,227.73,-147.4,-113.83,-22.633,55.985,328.31,284.6
59.743,254.51,172.17,-165.18,-42.994,215.21,-149.3,-120.78,-23.156,53.214,321.84,278.36
59.211,242.6,159.25,-159.67,-36.899,202.5,-150.71,-126.22,-23.928,50.4,314.68,271.28
58.303,230.11,147.01,-152.97,-31.036,189.9,-151.25,-129.71,-24.937,47.485,306.85,263.17
56.861,216.97,135.77,-144.84,-25.83,177.6,-150.65,-131.17,-25.976,44.392,298.37,253.97
54.945,203.16,125.76,-135.54,-21.527,165.65,-148.8,-130.92,-26.862,41.042,289.34,243.8
52.79,188.91,116.86,-125.76,-17.952,154.01,-145.82,-129.4,-27.5,37.361,279.96,232.9
50.644,174.69,108.6,-116.21,-14.605,142.68,-141.97,-127.05,-27.869,33.304,270.39,221.52
48.6,160.99,100.33,-107.37,-11.071,131.63,-137.53,-124.18,-27.993,28.875,260.65,209.82
46.63,148.08,91.473,-99.478,-7.7413,120.81,-132.72,-121.03,-27.916,24.177,250.39,197.92
44.728,136.05,81.837,-92.634,-5.3272,110.17,-127.68,-117.79,-27.676,19.442,239.12,186.04
42.907,124.93,71.65,-86.836,-3.6278,99.757,-122.46,-114.57,-27.292,14.967,226.57,174.4
41.018,114.64,61.478,-81.85,-2.1707,89.675,-117.06,-111.38,-26.755,10.956,212.85,163.13
38.699,105.03,51.947,-77.22,-0.79517,80.084,-111.5,-108.17,-26.047,7.3993,198.44,152.21
35.561,95.888,43.493,-72.355,0.45521,71.133,-105.84,-104.84,-25.162,4.1149,183.93,141.54
31.458,87.007,36.232,-66.739,1.4887,62.915,-100.15,-101.32,-24.133,0.87972,169.87,131.04
26.629,78.27,29.984,-60.33,2.2415,55.44,-94.541,-97.555,-23.026,-2.4446,156.64,120.66
21.515,69.661,24.47,-53.579,2.7073,48.612,-89.091,-93.536,-21.926,-5.8677,144.43,110.41
16.453,61.204,19.508,-46.936,2.9397,42.224,-83.896,-89.327,-20.899,-9.3174,133.17,100.3
11.635,52.935,15.117,-40.563,3.0358,35.972,-79.004,-85.037,-19.982,-12.724,122.6,90.338
7.2205,44.925,11.457,-34.471,3.1079,29.555,-74.367,-80.783,-19.183,-16.077,112.39,80.585
3.3983,37.325,8.5769,-28.665,3.2621,22.955,-69.845,-76.65,-18.488,-19.424,102.25,71.143
0.35547,30.295,6.3043,-23.14,3.5821,16.725,-65.297,-72.663,-17.863,-22.804,92.023,62.15
-1.7676,23.799,4.3941,-17.793,4.1095,11.629,-60.67,-68.795,-17.268,-26.173,81.736,53.73
-2.9144,17.671,2.6684,-12.453,4.8257,7.9004,-55.975,-64.994,-16.659,-29.398,71.671,46.034
-3.163,12.161,1.0405,-7.4639,5.6586,5.2637,-51.237,-61.208,-16.004,-32.314,62.431,39.237
-2.7589,7.8969,-0.50775,-4.0303,6.5129,3.3524,-46.515,-57.407,-15.292,-34.807,54.93,33.387
-2.0506,4.9957,-1.9633,-2.5054,7.3049,1.894,-41.923,-53.59,-14.534,-36.854,49.677,28.334
-1.3664,3.0404,-3.322,-2.0028,7.9824,0.70292,-37.584,-49.791,-13.763,-38.496,46.162,23.587
-0.93764,1.5939,-4.6137,-1.7631,8.5322,-0.34833,-33.566,-46.068,-13.025,-39.812,43.315,18.683
-0.88383,0.38268,-5.9046,-1.4565,8.9789,-1.347,-29.844,-42.491,-12.364,-40.889,40.225,13.973
-1.2204,-0.72905,-7.28,-0.98848,9.375,-2.3533,-26.308,-39.134,-11.81,-41.802,36.463,10.112
-1.8782,-1.7961,-8.8121,-0.37288,9.7776,-3.4099,-22.803,-36.063,-11.368,-42.608,32.032,7.2198
-2.73,-2.8346,-10.515,0.32747,10.217,-4.5445,-19.218,-33.332,-11.027,-43.339,27.26,5.0384
-3.6155,-3.8476,-12.312,1.0348,10.68,-5.766,-15.682,-30.972,-10.764,-44.005,22.623,3.3059
-4.3679,-4.8403,-14.05,1.6793,11.132,-7.0594,-12.661,-28.984,-10.56,-44.604,18.51,1.8675
-4.85,-5.8227,-15.574,2.215,11.546,-8.3857,-10.467,-27.338,-10.407,-45.13,15.09,0.6517
-4.9933,-6.8042,-16.807,2.6272,11.923,-9.6918,-8.9537,-25.975,-10.302,-45.582,12.348,-0.36863
-4.815,-7.7812,-17.764,2.9303,12.278,-10.925,-7.8582,-24.816,-10.241,-45.961,10.181,-1.2064
-4.3999,-8.7286,-18.513,3.1569,12.639,-12.041,-7.0018,-23.778,-10.211,-46.267,8.4662,-1.8801
-3.8636,-9.6011,-19.139,3.3446,13.029,-13.009,-6.2848,-22.788,-10.197,-46.499,7.0837,-2.4228
-3.3253,-10.351,-19.703,3.5264,13.457,-13.816,-5.6533,-21.8,-10.179,-46.657,5.9292,-2.877
-2.8954,-10.958,-20.226,3.7261,13.886,-14.467,-5.0775,-20.791,-10.144,-46.741,4.9212,-3.2811
-2.6656,-11.443,-20.689,3.9566,14.227,-14.992,-4.5388,-19.759,-10.081,-46.749,4.012,-3.6562
-2.6886,-11.857,-21.049,4.215,14.368,-15.436,-4.0221,-18.707,-9.9802,-46.673,3.187,-3.9996
-2.9564,-12.258,-21.269,4.48,14.229,-15.842,-3.513,-17.634,-9.8346,-46.5,2.4509,-4.2889
-3.397,-12.682,-21.327,4.7189,13.796,-16.236,-2.9971,-16.535,-9.6367,-46.215,1.8073,-4.4967
-3.8995,-13.133,-21.231,4.9005,13.129,-16.62,-2.4637,-15.41,-9.3811,-45.81,1.2473,-4.6077
-4.3558,-13.589,-21.005,5.0099,12.339,-16.973,-1.909,-14.267,-9.0678,-45.295,0.75132,-4.6303
-4.7019,-14.024,-20.692,5.0594,11.539,-17.269,-1.3375,-13.117,-8.7053,-44.689,0.30162,-4.5958
-4.9406,-14.428,-20.336,5.0902,10.81,-17.494,-0.76053,-11.974,-8.3074,-44.019,-0.10507,-4.5466
-5.1374,-14.82,-19.978,5.1649,10.18,-17.658,-0.19079,-10.843,-7.887,-43.299,-0.45519,-4.5204
-5.3946,-15.234,-19.641,5.3531,9.619,-17.782,0.36444,-9.7231,-7.4502,-42.529,-0.7289,-4.5424
-5.8103,-15.702,-19.335,5.7096,9.0688,-17.893,0.90996,-8.6151,-6.9943,-41.693,-0.91625,-4.6196
-6.4406,-16.231,-19.059,6.2532,8.4814,-18.006,1.4656,-7.5248,-6.511,-40.762,-1.0273,-4.7452
-7.2762,-16.797,-18.812,6.955,7.8485,-18.127,2.0649,-6.4662,-5.9914,-39.707,-1.0905,-4.9026
-8.2405,-17.358,-18.6,7.7429,7.2082,-18.258,2.7474,-5.4555,-5.4289,-38.518,-1.1409,-5.0726
-9.2056,-17.872,-18.44,8.5221,6.6246,-18.4,3.5463,-4.5057,-4.8203,-37.223,-1.2093,-5.2414
-10.024,-18.32,-18.348,9.2021,6.1594,-18.564,4.4722,-3.6242,-4.1682,-35.889,-1.3153,-5.4111
-10.57,-18.717,-18.335,9.7214,5.8539,-18.773,5.5,-2.8167,-3.4834,-34.607,-1.4691,-5.6013
-10.778,-19.108,-18.407,10.061,5.7221,-19.062,6.5702,-2.0877,-2.7865,-33.447,-1.6759,-5.8403
-10.664,-19.555,-18.568,10.245,5.7472,-19.467,7.6099,-1.4351,-2.1006,-32.442,-1.9368,-6.1506
-10.313,-20.104,-18.818,10.328,5.8851,-20.004,8.5671,-0.84027,-1.439,-31.567,-2.2443,-6.532
-9.8441,-20.752,-19.143,10.371,6.0771,-20.641,9.4328,-0.26416,-0.79345,-30.758,-2.5782,-6.9571
-9.3727,-21.429,-19.506,10.415,6.2664,-21.299,10.241,0.3478,-0.13088,-29.922,-2.9101,-7.384
-8.9825,-22.02,-19.852,10.461,6.409,-21.875,11.047,1.0527,0.59692,-28.97,-3.2163,-7.7785
-8.7209,-22.413,-20.122,10.475,6.475,-22.282,11.901,1.8949,1.4362,-27.841,-3.4909,-8.1317
-8.6061,-22.548,-20.268,10.43,6.4471,-22.475,12.822,2.893,2.4126,-26.524,-3.7499,-8.4599
-8.6344,-22.429,-20.265,10.326,6.3219,-22.453,13.787,4.0326,3.5184,-25.063,-4.0246,-8.7894
-8.7818,-22.111,-20.109,10.195,6.1124,-22.25,14.742,5.2694,4.7142,-23.535,-4.3478,-9.1382
-9.0014,-21.676,-19.819,10.077,5.8481,-21.916,15.623,6.5468,5.9444,-22.019,-4.7432,-9.5063
-9.2262,-21.204,-19.422,9.9985,5.5683,-21.503,16.384,7.8219,7.1648,-20.563,-5.2192,-9.8777
-9.3836,-20.739,-18.934,9.9527,5.3103,-21.035,17.015,9.0858,8.3609,-19.174,-5.768,-10.228
-9.4163,-20.268,-18.354,9.9018,5.0957,-20.497,17.537,10.364,9.5495,-17.829,-6.3669,-10.532
-9.3001,-19.724,-17.653,9.7892,4.9226,-19.829,17.99,11.696,10.762,-16.497,-6.9805,-10.766
-9.0508,-19.01,-16.788,9.5613,4.7641,-18.951,18.416,13.108,12.023,-15.169,-7.568,-10.915
-8.7186,-18.048,-15.728,9.1913,4.578,-17.801,18.842,14.591,13.336,-13.863,-8.0935,-10.978
-8.3739,-16.821,-14.484,8.6946,4.3216,-16.378,19.269,16.098,14.674,-12.624,-8.5377,-10.967
-8.0885,-15.395,-13.118,8.1258,3.9655,-14.765,19.681,17.562,15.986,-11.498,-8.9033,-10.908
-7.9127,-13.897,-11.729,7.5495,3.5024,-13.106,20.053,18.922,17.221,-10.516,-9.2124,-10.835
-7.8543,-12.457,-10.406,7.0064,2.9488,-11.539,20.37,20.151,18.343,-9.676,-9.4938,-10.769
-7.8693,-11.158,-9.197,6.5005,2.3427,-10.14,20.632,21.263,19.356,-8.944,-9.7678,-10.725
-7.8716,-10.016,-8.0927,6.0088,1.7353,-8.9045,20.859,22.307,20.291,-8.2647,-10.036,-10.699
-7.7622,-8.9929,-7.0386,5.4968,1.1772,-7.7725,21.075,23.329,21.196,-7.5888,-10.282,-10.686
-7.4692,-8.0256,-5.968,4.934,0.70655,-6.6776,21.299,24.341,22.106,-6.901,-10.486,-10.681
-6.9804,-7.067,-4.8414,4.3151,0.34251,-5.5837,21.529,25.305,23.021,-6.2223,-10.639,-10.683
-6.354,-6.1117,-3.6701,3.6733,0.083593,-4.5015,21.743,26.137,23.896,-5.6008,-10.748,-10.697
-5.706,-5.1971,-2.5134,3.0767,-0.092039,-3.4777,21.911,26.741,24.652,-5.0848,-10.831,-10.726
-5.1788,-4.3861,-1.4452,2.6094,-0.22564,-2.5678,22.003,27.041,25.211,-4.6992,-10.906,-10.768
-4.9041,-3.7375,-0.51424,2.3467,-0.3728,-1.8096,22.002,27.009,25.523,-4.4317,-10.988,-10.825
-4.9696,-3.2797,0.27586,2.3314,-0.59241,-1.207,21.911,26.674,25.594,-4.2443,-11.081,-10.897
-5.3964,-2.9942,0.96226,2.5567,-0.93121,-0.72799,21.755,26.109,25.483,-4.0871,-11.181,-10.985
-6.1299,-2.8172,1.6029,2.9642,-1.4101,-0.31377,21.58,25.404,25.263,-3.9075,-11.275,-11.085
-7.0518,-2.6601,2.253,3.4584,-2.0175,0.10136,21.433,24.641,24.989,-3.6816,-11.343,-11.187
-8.0119,-2.4394,2.9479,3.9319,-2.7123,0.56809,21.346,23.868,24.67,-3.4116,-11.362,-11.277
-8.8684,-2.1018,3.6915,4.291,-3.4368,1.1061,21.323,23.09,24.278,-3.1233,-11.322,-11.34
-9.5171,-1.6367,4.4576,4.4726,-4.1321,1.6996,21.341,22.287,23.771,-2.8517,-11.229,-11.369
-9.9048,-1.0722,5.2021,4.4497,-4.7528,2.3064,21.359,21.432,23.117,-2.6251,-11.109,-11.358
-10.025,-0.45758,5.8844,4.2308,-5.2737,2.8798,21.344,20.506,22.307,-2.4563,-10.996,-11.3
-9.9038,0.16211,6.4849,3.8496,-5.6873,3.3933,21.29,19.497,21.347,-2.3402,-10.913,-11.185
-9.5798,0.76526,7.0098,3.3518,-5.9951,3.8545,21.212,18.4,20.248,-2.2612,-10.859,-10.998
-9.0958,1.3547,7.4784,2.7819,-6.198,4.2964,21.133,17.209,19.028,-2.2038,-10.809,-10.723
-8.492,1.9428,7.9064,2.1768,-6.2935,4.7536,21.064,15.914,17.705,-2.1631,-10.724,-10.351
-7.8033,2.5319,8.2954,1.566,-6.2785,5.241,20.99,14.51,16.297,-2.1425,-10.571,-9.8832
-7.057,3.1085,8.6358,0.97499,-6.1521,5.7475,20.871,13.009,14.82,-2.1506,-10.342,-9.3348
-6.2792,3.649,8.9148,0.43132,-5.9213,6.2458,20.651,11.456,13.29,-2.183,-10.051,-8.7323
-5.5104,4.1334,9.1242,-0.033596,-5.6077,6.7091,20.272,9.925,11.733,-2.2206,-9.734,-8.107
-4.8172,4.5546,9.2689,-0.3871,-5.2553,7.1259,19.679,8.4987,10.188,-2.2317,-9.4318,-7.4868
-4.2883,4.9232,9.3713,-0.60308,-4.9318,7.5058,18.828,7.2479,8.7158,-2.1869,-9.1766,-6.8892
-4.0119,5.2654,9.4659,-0.67176,-4.7162,7.8721,17.699,6.2134,7.3791,-2.074,-8.9812,-6.3182
-4.0439,5.6147,9.5811,-0.60838,-4.6767,8.2442,16.301,5.4031,6.2205,-1.9058,-8.8326,-5.7659
-4.3817,5.9996,9.724,-0.45739,-4.85,8.6213,14.674,4.795,5.2486,-1.7079,-8.6951,-5.2192
-4.952,6.4325,9.8797,-0.28953,-5.2298,8.9795,12.877,4.3448,4.4391,-1.5063,-8.5236,-4.6675
-5.6138,6.9043,10.024,-0.18981,-5.759,9.2848,10.974,3.992,3.7448,-1.3237,-8.2805,-4.1098
-6.176,7.39,10.13,-0.23788,-6.3277,9.5096,9.0202,3.6723,3.1118,-1.1674,-7.9488,-3.5544
-6.4358,7.861,10.172,-0.48791,-6.7888,9.6427,7.0602,3.334,2.4948,-1.0365,-7.5341,-3.0193
-6.2281,8.2974,10.12,-0.95761,-6.9959,9.6889,5.1402,2.9536,1.8684,-0.92235,-7.0586,-2.5248
-5.4687,8.6928,9.9455,-1.6293,-6.8426,9.6636,3.3194,2.5391,1.2292,-0.81204,-6.5533,-2.0883
-4.1761,9.0511,9.6322,-2.4575,-6.2894,9.5891,1.6679,2.1202,0.5931,-0.69213,-6.0512,-1.7198
-2.4661,9.3796,9.1888,-3.3766,-5.3699,9.4908,0.24609,1.7349,-0.01222,-0.55245,-5.5846,-1.4186
-0.52656,9.6803,8.6499,-4.3057,-4.1819,9.3899,-0.9191,1.4146,-0.55591,-0.3871,-5.1818,-1.1736
1.4213,9.9431,8.0694,-5.1549,-2.8635,9.2945,-1.8379,1.1781,-1.0124,-0.20006,-4.8615,-0.96809
3.1602,10.146,7.5058,-5.8363,-1.5663,9.1972,-2.544,1.0309,-1.3658,-0.0003494,-4.6252,-0.78783
4.5074,10.264,7.0068,-6.2795,-0.43232,9.0826,-3.0799,0.9666,-1.6129,0.2019,-4.4582,-0.62816
5.3344,10.286,6.6017,-6.4472,0.42528,8.9406,-3.4911,0.96789,-1.7653,0.39282,-4.3398,-0.49615
5.5802,10.218,6.3068,-6.3444,0.93397,8.7758,-3.8237,1.0079,-1.8517,0.56119,-4.255,-0.40786
5.2593,10.088,6.1353,-6.0174,1.0674,8.6083,-4.1226,1.0532,-1.9147,0.69486,-4.2004,-0.38114
4.4571,9.935,6.0984,-5.5436,0.84321,8.467,-4.4249,1.07,-1.9993,0.7799,-4.1803,-0.42491
3.3166,9.7953,6.1984,-5.0134,0.3144,8.3782,-4.7545,1.0324,-2.136,0.80807,-4.1982,-0.52887
2.0147,9.6966,6.4221,-4.512,-0.44174,8.3578,-5.1194,0.92946,-2.3258,0.78862,-4.247,-0.66007
0.73467,9.6558,6.7421,-4.1055,-1.3335,8.4091,-5.5138,0.76506,-2.5421,0.74144,-4.3075,-0.77073
-0.36469,9.6801,7.1215,-3.8353,-2.2609,8.5255,-5.9222,0.55069,-2.7457,0.69096,-4.3554,-0.81467
-1.1684,9.7627,7.5177,-3.7161,-3.1208,8.6894,-6.3268,0.29675,-2.9051,0.65559,-4.3735,-0.76492
-1.6078,9.8729,7.8839,-3.7307,-3.8151,8.8689,-6.7178,0.0091089,-3.009,0.64094,-4.3615,-0.62463
-1.6544,9.9554,8.1722,-3.8315,-4.2617,9.0179,-7.1034,-0.30748,-3.0672,0.64027,-4.3389,-0.42641
-1.3166,9.9451,8.3406,-3.9623,-4.4071,9.0837,-7.5118,-0.64428,-3.1035,0.64029,-4.341,-0.22094
-0.63433,9.7953,8.3618,-4.096,-4.2392,9.0219,-7.9759,-0.98777,-3.1461,0.62769,-4.4105,-0.060437
0.32116,9.4985,8.228,-4.2463,-3.7947,8.8083,-8.5159,-1.3238,-3.22,0.59314,-4.584,0.017676
1.4341,9.0825,7.9493,-4.4313,-3.1563,8.4413,-9.1291,-1.6448,-3.3411,0.53154,-4.8777,0.0041917
2.544,8.5838,7.5458,-4.6253,-2.4371,7.933,-9.7894,-1.9504,-3.5125,0.44478,-5.2731,-0.077485
3.4695,8.0191,7.0407,-4.7514,-1.7579,7.2987,-10.454,-2.2447,-3.7232,0.34088,-5.7153,-0.1823
4.043,7.3739,6.4569,-4.7115,-1.2237,6.5546,-11.076,-2.529,-3.9534,0.2337,-6.1255,-0.26529
4.1403,6.6098,5.8176,-4.4192,-0.90346,5.7244,-11.615,-2.7998,-4.1813,0.14693,-6.4265,-0.30031
3.7035,5.6937,5.1467,-3.8222,-0.81727,4.8464,-12.056,-3.0485,-4.3922,0.10936,-6.5671,-0.28653
2.7539,4.6324,4.4677,-2.9157,-0.93298,3.9704,-12.412,-3.2666,-4.5827,0.14649,-6.5379,-0.24546
1.396,3.488,3.8025,-1.7492,-1.1754,3.1458,-12.719,-3.4496,-4.7619,0.27145,-6.3719,-0.20907
-0.18908,2.3555,3.1687,-0.42549,-1.4453,2.4084,-13.021,-3.5999,-4.9478,0.47567,-6.1297,-0.20756
-1.7665,1.3242,2.5768,0.91116,-1.644,1.7739,-13.342,-3.7255,-5.1599,0.7309,-5.8784,-0.25638
-3.0892,0.45782,2.0314,2.0975,-1.6976,1.2431,-13.678,-3.8371,-5.4079,0.99972,-5.6711,-0.35097
-3.9492,-0.20268,1.5399,2.9793,-1.5754,0.81451,-14.004,-3.9445,-5.6835,1.2455,-5.5423,-0.47312
-4.2226,-0.63066,1.1213,3.441,-1.2946,0.49218,-14.291,-4.0541,-5.9611,1.44,-5.5062,-0.60175
-3.8887,-0.81287,0.80661,3.4281,-0.90979,0.28659,-14.529,-4.168,-6.2077,1.5781,-5.5565,-0.71948
-3.0194,-0.75084,0.63147,2.9547,-0.49253,0.21182,-14.72,-4.2816,-6.3951,1.6775,-5.667,-0.81564
-1.7522,-0.46341,0.62615,2.0977,-0.11162,0.2805,-14.865,-4.3841,-6.5089,1.7693,-5.7988,-0.88781
-0.26326,0.0098034,0.80315,0.98674,0.18209,0.49509,-14.962,-4.4623,-6.5505,1.8828,-5.9123,-0.94127
1.2515,0.60756,1.1439,-0.2119,0.36302,0.83818,-15.019,-4.5075,-6.5352,2.0341,-5.9782,-0.98617
2.5983,1.2501,1.5935,-1.3245,0.42983,1.2667,-15.057,-4.5207,-6.4884,2.2201,-5.984,-1.031
3.6092,1.8483,2.0728,-2.2031,0.39437,1.7148,-15.107,-4.5129,-6.4377,2.4203,-5.9361,-1.0764
4.1597,2.3173,2.5055,-2.7441,0.26638,2.1074,-15.181,-4.4994,-6.4048,2.6048,-5.8497,-1.1147
4.181,2.5959,2.8465,-2.8947,0.043204,2.3846,-15.268,-4.4908,-6.3967,2.7473,-5.7448,-1.1351
3.6681,2.6643,3.0954,-2.6565,-0.28953,2.5244,-15.346,-4.4914,-6.4034,2.834,-5.6364,-1.1295
2.6841,2.5503,3.2888,-2.0878,-0.74551,2.5496,-15.405,-4.5025,-6.4018,2.8669,-5.5325,-1.0959
1.3579,2.318,3.4734,-1.2948,-1.3186,2.5129,-15.451,-4.5274,-6.3671,2.8567,-5.437,-1.0397
-0.13018,2.043,3.6763,-0.41112,-1.9673,2.4683,-15.504,-4.5736,-6.2879,2.8108,-5.3537,-0.97239
-1.5757,1.7874,3.8884,0.43045,-2.6123,2.4476,-15.578,-4.6485,-6.1766,2.7265,-5.2897,-0.91046
-2.784,1.5821,4.071,1.1239,-3.1509,2.4524,-15.686,-4.7546,-6.0658,2.5949,-5.2567,-0.87269
-3.6008,1.4249,4.1767,1.6039,-3.4825,2.4607,-15.827,-4.8863,-5.9934,2.4131,-5.2673,-0.87738
-3.9333,1.2944,4.168,1.8445,-3.5364,2.441,-15.998,-5.0295,-5.986,2.1932,-5.3325,-0.93596
-3.7615,1.1716,4.027,1.8492,-3.2925,2.3648,-16.186,-5.1643,-6.0479,1.9604,-5.456,-1.0466
-3.1357,1.0537,3.7615,1.641,-2.7884,2.2194,-16.38,-5.27,-6.1613,1.7446,-5.624,-1.1896
-2.164,0.95724,3.4068,1.256,-2.1105,2.0157,-16.575,-5.3311,-6.2955,1.5716,-5.8026,-1.3319
-0.99244,0.90886,3.0179,0.7408,-1.3734,1.7845,-16.78,-5.3421,-6.4227,1.4554,-5.95,-1.4417
0.21747,0.93031,2.6499,0.15,-0.69274,1.5628,-17.013,-5.3109,-6.5304,1.3928,-6.0341,-1.5054
1.3145,1.0226,2.3362,-0.45584,-0.16101,1.3773,-17.292,-5.2566,-6.6243,1.3646,-6.0461,-1.5321
2.1814,1.1578,2.0771,-1.0131,0.17254,1.2288,-17.626,-5.2017,-6.722,1.3449,-6.0034,-1.547
2.751,1.2829,1.8449,-1.4587,0.31347,1.0941,-17.996,-5.163,-6.8431,1.3123,-5.9386,-1.5773
3.0121,1.3364,1.6028,-1.7368,0.31987,0.94123,-18.359,-5.1442,-7.0004,1.259,-5.8838,-1.641
3.003,1.2712,1.3264,-1.8082,0.27998,0.74945,-18.666,-5.1364,-7.1964,1.1918,-5.8565,-1.7426
2.7933,1.072,1.0225,-1.6587,0.27506,0.52349,-18.889,-5.1246,-7.4239,1.1267,-5.8525,-1.8742
2.4603,0.75837,0.73219,-1.3022,0.34635,0.29318,-19.035,-5.0965,-7.6698,1.081,-5.8534,-2.0194
2.0646,0.37259,0.51159,-0.77729,0.48274,0.09623,-19.139,-5.0489,-7.9175,1.0656,-5.8328,-2.1579
1.6376,-0.040838,0.40066,-0.14053,0.63269,-0.043787,-19.243,-4.9878,-8.1495,1.0795,-5.7699,-2.2703
1.1833,-0.44923,0.40704,0.54233,0.72691,-0.1264,-19.375,-4.9235,-8.3504,1.1109,-5.6566,-2.3405
0.68882,-0.83369,0.51898,1.2045,0.69582,-0.16751,-19.529,-4.8631,-8.511,1.1427,-5.4982,-2.3578
0.13749,-1.1822,0.72154,1.7861,0.48052,-0.1869,-19.677,-4.8069,-8.6305,1.1604,-5.3085,-2.3179
-0.47934,-1.4811,1.0071,2.2421,0.043916,-0.1938,-19.766,-4.7487,-8.7144,1.1562,-5.1037,-2.2235
-1.1527,-1.7113,1.3812,2.5475,-0.61809,-0.17641,-19.741,-4.6805,-8.7718,1.1295,-4.8966,-2.0839
-1.853,-1.8541,1.8552,2.701,-1.4686,-0.10766,-19.559,-4.5979,-8.8136,1.0823,-4.6964,-1.9148
-2.5356,-1.8997,2.4288,2.7244,-2.4286,0.035888,-19.216,-4.5026,-8.8506,1.0163,-4.507,-1.7376
-3.1536,-1.8552,3.0764,2.6589,-3.3892,0.2605,-18.747,-4.4029,-8.8925,0.93121,-4.3282,-1.5767
-3.6722,-1.7444,3.75,2.5578,-4.2383,0.55334,-18.215,-4.3105,-8.9461,0.82661,-4.1607,-1.4542
-4.0814,-1.6086,4.3922,2.4788,-4.8902,0.88405,-17.664,-4.2366,-9.0128,0.70624,-4.0046,-1.385
-4.399,-1.5015,4.9497,2.475,-5.3063,1.2074,-17.094,-4.1877,-9.0868,0.58118,-3.8563,-1.3683
-4.6636,-1.4752,5.3865,2.5845,-5.4988,1.4737,-16.464,-4.1629,-9.1546,0.47008,-3.7058,-1.3884
-4.9217,-1.5602,5.6949,2.8196,-5.5223,1.6469,-15.727,-4.1541,-9.1993,0.39413,-3.5415,-1.42
-5.2137,-1.7498,5.8955,3.1611,-5.4557,1.7206,-14.868,-4.1487,-9.2072,0.36815,-3.3584,-1.4391
-5.5621,-2.0008,6.027,3.5625,-5.3834,1.7176,-13.909,-4.1348,-9.1736,0.3923,-3.1678,-1.4348
-5.9671,-2.2492,6.1293,3.9634,-5.3792,1.6763,-12.9,-4.1057,-9.1041,0.44999,-2.9966,-1.4145
-6.4087,-2.4392,6.2279,4.3074,-5.4924,1.6312,-11.894,-4.0617,-9.0098,0.51452,-2.8787,-1.4034
-6.8543,-2.5462,6.3236,4.5572,-5.7329,1.5976,-10.934,-4.0104,-8.9038,0.56112,-2.8405,-1.4312
-7.2647,-2.5843,6.3924,4.7017,-6.0623,1.5675,-10.045,-3.9623,-8.7976,0.57857,-2.8872,-1.5164
-7.5947,-2.5955,6.394,4.7518,-6.3994,1.5158,-9.2342,-3.9281,-8.6966,0.57428,-2.9992,-1.6569
-7.7946,-2.628,6.2852,4.7309,-6.6439,1.4117,-8.4947,-3.9146,-8.5996,0.57035,-3.14,-1.828
-7.8152,-2.7153,6.0372,4.6629,-6.7066,1.2341,-7.8119,-3.9252,-8.4997,0.59229,-3.272,-1.9932
-7.6178,-2.8649,5.649,4.563,-6.5341,0.98322,-7.176,-3.9619,-8.3901,0.65535,-3.3726,-2.1219
-7.1846,-3.0603,5.1501,4.434,-6.1186,0.68176,-6.5902,-4.0276,-8.27,0.75464,-3.4431,-2.2039
-6.5252,-3.272,4.5868,4.2685,-5.4951,0.36144,-6.0655,-4.1269,-8.1465,0.86483,-3.5042,-2.2535
-5.6797,-3.4726,3.9988,4.0569,-4.7295,0.046069,-5.6118,-4.264,-8.0329,0.95062,-3.5826,-2.2981
-4.7164,-3.6493,3.4062,3.798,-3.9033,-0.2586,-5.2319,-4.4396,-7.9437,0.98204,-3.6946,-2.3612
-3.7274,-3.8115,2.8147,3.5081,-3.0991,-0.56339,-4.9222,-4.6502,-7.8919,0.94564,-3.8384,-2.4495
-2.8194,-3.9883,2.227,3.2245,-2.3875,-0.88677,-4.6758,-4.8895,-7.8872,0.8457,-3.996,-2.5509
-2.0997,-4.2176,1.6483,2.9989,-1.8162,-1.2455,-4.4847,-5.1508,-7.9361,0.69683,-4.1426,-2.645
-1.6567,-4.5301,1.0839,2.8826,-1.4049,-1.6487,-4.341,-5.4274,-8.0414,0.51363,-4.2583,-2.7117
-1.5405,-4.935,0.5357,2.912,-1.1472,-2.0948,-4.2363,-5.7129,-8.2025,0.30384,-4.338,-2.7435
-1.7508,-5.4149,0.0053738,3.0973,-1.0186,-2.569,-4.1615,-5.9995,-8.4158,0.067782,-4.3933,-2.7458
-2.2358,-5.9342,-0.49868,3.4208,-0.98558,-3.0453,-4.1071,-6.2778,-8.6745,-0.19658,-4.447,-2.7338
-2.9002,-6.4565,-0.95884,3.841,-1.014,-3.4947,-4.0623,-6.5374,-8.9691,-0.48636,-4.521,-2.7248
-3.6216,-6.9582,-1.3557,4.3009,-1.0728,-3.8976,-4.0151,-6.7697,-9.2877,-0.7892,-4.625,-2.7303
-4.2749,-7.4304,-1.6784,4.7381,-1.1351,-4.249,-3.953,-6.9718,-9.6167,-1.0851,-4.7526,-2.7517
-4.7599,-7.8676,-1.9274,5.0958,-1.1779,-4.5533,-3.8642,-7.1491,-9.9453,-1.3541,-4.884,-2.777
-5.0246,-8.2581,-2.1103,5.3337,-1.1859,-4.8135,-3.7407,-7.3152,-10.268,-1.5858,-4.9966,-2.7851
-5.0719,-8.585,-2.2369,5.4366,-1.1545,-5.0267,-3.5792,-7.4858,-10.586,-1.784,-5.075,-2.7526
-4.9505,-8.8354,-2.3176,5.4178,-1.0912,-5.1891,-3.3806,-7.6713,-10.893,-1.9643,-5.1179,-2.6617
-4.7348,-9.011,-2.3645,5.3157,-1.0138,-5.3019,-3.1475,-7.8693,-11.179,-2.1467,-5.1364,-2.5091
-4.5037,-9.1307,-2.3913,5.1836,-0.94447,-5.3761,-2.8821,-8.0616,-11.419,-2.3466,-5.1468,-2.3084
-4.3236,-9.2258,-2.4122,5.0742,-0.90355,-5.4314,-2.5829,-8.2175,-11.589,-2.5691,-5.1619,-2.0845
-4.2354,-9.3299,-2.4373,5.0251,-0.90407,-5.49,-2.244,-8.3034,-11.668,-2.8065,-5.1853,-1.8635
-4.2475,-9.4694,-2.4687,5.051,-0.94918,-5.5682,-1.8595,-8.2934,-11.649,-3.038,-5.2116,-1.666
-4.3384,-9.6555,-2.4955,5.1456,-1.0329,-5.6679,-1.428,-8.1789,-11.543,-3.2332,-5.2314,-1.5062
-4.4674,-9.8774,-2.4929,5.2892,-1.1432,-5.7712,-0.9566,-7.9696,-11.38,-3.3593,-5.2371,-1.3954
-4.5942,-10.102,-2.4271,5.458,-1.2669,-5.842,-0.46005,-7.6876,-11.195,-3.3918,-5.2252,-1.3432
-4.697,-10.281,-2.2678,5.6316,-1.394,-5.8372,0.043252,-7.3589,-11.012,-3.323,-5.1938,-1.3549
-4.7839,-10.367,-2.0016,5.7981,-1.5228,-5.7227,0.53702,-7.0057,-10.838,-3.1615,-5.139,-1.4277
-4.8937,-10.329,-1.639,5.9568,-1.6645,-5.4881,1.0119,-6.642,-10.657,-2.9263,-5.0526,-1.548
-5.0839,-10.162,-1.2091,6.1182,-1.8432,-5.1504,1.4679,-6.2724,-10.45,-2.639,-4.923,-1.693
-5.4114,-9.8846,-0.74667,6.3018,-2.089,-4.7458,1.9141,-5.8944,-10.2,-2.322,-4.7373,-1.836
-5.9104,-9.5298,-0.27928,6.5248,-2.4279,-4.3125,2.3648,-5.5035,-9.9048,-1.9973,-4.484,-1.9521
-6.5751,-9.122,0.17862,6.7838,-2.8727,-3.8754,2.8349,-5.0962,-9.58,-1.6865,-4.1551,-2.0241
-7.3504,-8.6629,0.6256,7.0377,-3.4192,-3.4403,3.3343,-4.6743,-9.2492,-1.4069,-3.7477,-2.0435
-8.1312,-8.1315,1.0713,7.2073,-4.0435,-2.9969,3.8661,-4.2459,-8.9354,-1.1675,-3.2672,-2.0069
-8.7721,-7.4974,1.5319,7.1965,-4.695,-2.5264,4.4285,-3.8232,-8.6487,-0.96588,-2.7293,-1.9095
-9.1145,-6.737,2.0198,6.9254,-5.294,-2.0089,5.0185,-3.4171,-8.3845,-0.78902,-2.1596,-1.7412
-9.0235,-5.8469,2.5309,6.3564,-5.7424,-1.4346,5.6339,-3.0357,-8.1254,-0.61873,-1.589,-1.4881
-8.4242,-4.8538,3.0367,5.5037,-5.9467,-0.81382,6.2705,-2.6811,-7.8511,-0.43909,-1.0485,-1.1393
-7.323,-3.8136,3.4883,4.4322,-5.8426,-0.17916,6.9171,-2.3518,-7.5502,-0.24319,-0.56316,-0.69496
-5.8124,-2.7993,3.8327,3.2451,-5.4129,0.42216,7.5532,-2.0467,-7.2281,-0.036355,-0.14922,-0.17153
-4.055,-1.8803,4.0331,2.0626,-4.6975,0.9435,8.1522,-1.7691,-6.9053,0.16554,0.18723,0.39741
-2.2535,-1.1048,4.0835,0.99678,-3.7906,1.3535,8.6885,-1.5281,-6.6101,0.34097,0.45148,0.96734
-0.61664,-0.4927,4.0108,0.13367,-2.8258,1.6441,9.1457,-1.3366,-6.3667,0.4682,0.65947,1.4945
0.6715,-0.040529,3.8638,-0.47421,-1.9499,1.8279,9.5222,-1.2071,-6.1863,0.52988,0.83372,1.9488
1.4783,0.26706,3.6961,-0.80638,-1.2939,1.9293,9.8297,-1.1463,-6.0623,0.51677,0.99678,2.3212
1.7437,0.44654,3.5526,-0.8704,-0.94646,1.9727,10.088,-1.1505,-5.9732,0.43004,1.1653,2.6207
1.4904,0.51023,3.4615,-0.69938,-0.93374,1.9758,10.32,-1.2035,-5.8912,0.28119,1.3465,2.8636
0.8225,0.4659,3.4307,-0.34933,-1.2103,1.9474,10.548,-1.2779,-5.792,0.08904,1.5381,3.0633
-0.092212,0.31942,3.4455,0.10839,-1.6702,1.8884,10.79,-1.3414,-5.6627,-0.1246,1.7296,3.2243
-1.0604,0.079802,3.4696,0.60009,-2.178,1.7941,11.053,-1.3659,-5.4971,-0.33882,1.9044,3.3404
-1.9147,-0.23463,3.4556,1.0634,-2.6101,1.6565,11.325,-1.3346,-5.2973,-0.53581,2.0446,3.3967
-2.557,-0.59307,3.3641,1.456,-2.8881,1.4705,11.571,-1.245,-5.0668,-0.70112,2.1371,3.3749
-2.9678,-0.95568,3.1809,1.7576,-2.9934,1.2406,11.752,-1.1058,-4.8072,-0.82248,2.1804,3.2626
-3.183,-1.282,2.9239,1.9675,-2.9594,0.98496,11.841,-0.92868,-4.5166,-0.88869,2.1875,3.0621
-3.2577,-1.5387,2.6333,2.0978,-2.846,0.73466,11.828,-0.71844,-4.1887,-0.8903,2.1837,2.7943
-3.2372,-1.7019,2.3525,2.1624,-2.709,0.52357,11.722,-0.46752,-3.8133,-0.82166,2.1995,2.4956
-3.1397,-1.7527,2.1122,2.1652,-2.5812,0.38291,11.543,-0.16,-3.3752,-0.68278,2.2627,2.2072
-2.9517,-1.6714,1.9261,2.0938,-2.4674,0.33777,11.315,0.22012,-2.8614,-0.4789,2.3919,1.9648
-2.629,-1.4312,1.7966,1.9194,-2.342,0.40606,11.07,0.67789,-2.2658,-0.21772,2.5962,1.7905
-2.1026,-1.0042,1.7194,1.6053,-2.1468,0.59879,10.842,1.2058,-1.5887,0.095074,2.8794,1.6927
-1.2988,-0.36223,1.6855,1.1138,-1.8087,0.92315,10.676,1.7937,-0.82955,0.45998,3.2465,1.6721
-0.16289,0.52472,1.6875,0.40647,-1.2788,1.3902,10.617,2.4448,0.021021,0.88614,3.7093,1.7292
1.3363,1.6986,1.7337,-0.57164,-0.56656,2.0249,10.702,3.1853,0.9925,1.3916,4.2855,1.8699
3.2364,3.2292,1.8573,-1.9295,0.25462,2.8719,10.95,4.0619,2.1363,2.0023,4.996,2.1068
5.6202,5.2242,2.1116,-3.8716,1.07,3.9933,11.347,5.1299,3.5249,2.7522,5.8643,2.4583
8.5907,7.8169,2.5513,-6.6636,1.7591,5.4521,11.857,6.4386,5.2439,3.6832,6.9212,2.9483
12.121,11.119,3.2114,-10.416,2.2321,7.2852,12.446,8.0174,7.3638,4.8436,8.2116,3.606
15.933,15.155,4.0941,-14.873,2.4568,9.4807,13.096,9.8604,9.8785,6.281,9.7953,4.4638
19.677,19.824,5.1655,-19.611,2.4695,11.975,13.795,11.913,12.643,8.021,11.729,5.5503
23.216,24.929,6.3623,-24.381,2.3686,14.673,14.53,14.07,15.417,10.037,14.026,6.8758
26.64,30.233,7.6036,-29.102,2.2872,17.462,15.281,16.207,18.046,12.228,16.618,8.4157
30.106,35.494,8.8049,-33.696,2.3503,20.227,16.031,18.221,20.57,14.45,19.36,10.106
33.707,40.485,9.8893,-38.029,2.6343,22.846,16.779,20.067,23.13,16.577,22.105,11.87
37.41,45.011,10.797,-41.961,3.1506,25.202,17.536,21.768,25.812,18.574,24.773,13.661
41.039,48.954,11.486,-45.41,3.8648,27.193,18.317,23.383,28.621,20.497,27.373,15.494
44.359,52.274,11.933,-48.352,4.7422,28.749,19.121,24.974,31.532,22.462,29.966,17.431
47.187,54.969,12.134,-50.786,5.7823,29.853,19.926,26.579,34.53,24.579,32.615,19.549
49.454,57.017,12.111,-52.704,6.9969,30.542,20.686,28.209,37.593,26.907,35.331,21.887
51.199,58.315,11.903,-54.101,8.3235,30.87,21.334,29.862,40.656,29.438,38.055,24.418
52.548,58.671,11.528,-54.986,9.5872,30.822,21.797,31.535,43.561,32.102,40.687,27.046
53.679,57.879,10.903,-55.385,10.739,30.235,22.002,33.222,46.062,34.789,43.129,29.631
54.784,55.895,9.8091,-55.335,12.133,28.854,21.891,34.892,47.903,37.379,45.321,32.044
56.02,52.956,8.0031,-54.89,14.243,26.538,21.424,36.475,48.976,39.772,47.246,34.201
57.459,49.485,5.4066,-54.134,17.226,23.42,20.579,37.853,49.41,41.904,48.918,36.064
59.045,45.868,2.1703,-53.175,20.885,19.83,19.362,38.881,49.503,43.727,50.37,37.631
60.633,42.278,-1.4227,-52.118,24.885,16.103,17.808,39.436,49.568,45.179,51.635,38.922
62.056,38.67,-5.0816,-51.017,28.916,12.488,15.999,39.451,49.819,46.197,52.738,39.973
63.137,34.932,-8.5792,-49.852,32.682,9.1699,14.05,38.934,50.326,46.737,53.693,40.826
63.7,30.985,-11.764,-48.528,35.851,6.2753,12.086,37.945,51.014,46.811,54.513,41.515
63.617,26.841,-14.552,-46.9,38.103,3.8522,10.202,36.565,51.701,46.494,55.215,42.058
62.839,22.625,-16.912,-44.796,39.244,1.8714,8.4307,34.856,52.137,45.895,55.833,42.46
61.374,18.543,-18.852,-42.051,39.268,0.26032,6.7627,32.851,52.101,45.105,56.391,42.727
59.255,14.827,-20.389,-38.623,38.336,-1.0717,5.2075,30.556,51.449,44.136,56.837,42.834
56.576,11.652,-21.523,-34.746,36.697,-2.2286,3.8441,27.958,50.051,42.863,56.936,42.647
53.552,9.0656,-22.249,-30.785,34.626,-3.3145,2.7858,25.039,47.649,41.002,56.276,41.891
50.411,6.9805,-22.582,-26.873,32.379,-4.3968,2.1057,21.788,43.96,38.244,54.482,40.26
47.157,5.2313,-22.581,-22.887,30.122,-5.481,1.8131,18.24,38.96,34.474,51.427,37.6
43.566,3.639,-22.324,-18.667,27.87,-6.5298,1.876,14.49,33.005,29.836,47.244,33.992
39.362,2.0577,-21.882,-14.24,25.538,-7.5095,2.2408,10.703,26.677,24.612,42.244,29.728
34.375,0.39844,-21.328,-9.9095,23.054,-8.4205,2.8354,7.0822,20.467,19.099,36.822,25.166
28.671,-1.364,-20.746,-6.0742,20.457,-9.2971,3.5713,3.8302,14.685,13.582,31.318,20.596
22.589,-3.1987,-20.244,-2.9048,17.915,-10.192,4.358,1.079,9.5688,8.3662,25.939,16.205
16.624,-5.0411,-19.927,-0.32453,15.609,-11.151,5.128,-1.1468,5.2977,3.7761,20.809,12.14
11.309,-6.8256,-19.858,1.7694,13.655,-12.213,5.8553,-2.9164,1.9151,0.072196,16.062,8.5653
7.0324,-8.5147,-20.027,3.4049,12.117,-13.399,6.5532,-4.3458,-0.65516,-2.6826,11.875,5.6228
3.8727,-10.112,-20.368,4.5738,11.004,-14.704,7.2538,-5.5497,-2.5437,-4.6797,8.4113,3.3418
1.7127,-11.656,-20.801,5.2918,10.29,-16.106,7.9841,-6.6128,-3.9014,-6.2507,5.7041,1.6203
0.43277,-13.199,-21.285,5.6292,9.94,-17.56,8.7502,-7.5834,-4.8783,-7.6903,3.6263,0.30059
-0.023625,-14.773,-21.817,5.7115,9.9192,-19.007,9.5254,-8.4824,-5.6031,-9.1631,1.9824,-0.75798
0.24374,-16.347,-22.416,5.6861,10.19,-20.377,10.268,-9.3164,-6.1721,-10.709,0.61356,-1.6596
0.98926,-17.811,-23.089,5.6698,10.704,-21.603,10.936,-10.085,-6.645,-12.287,-0.57011,-2.4754
1.8944,-19.04,-23.81,5.7207,11.391,-22.637,11.509,-10.785,-7.0466,-13.824,-1.6054,-3.2457
2.6881,-19.967,-24.524,5.8524,12.133,-23.46,11.995,-11.407,-7.3735,-15.248,-2.5015,-3.9807
3.1931,-20.617,-25.156,6.0597,12.783,-24.083,12.423,-11.945,-7.6093,-16.516,-3.265,-4.6689
3.3322,-21.074,-25.636,6.3339,13.195,-24.532,12.83,-12.399,-7.7441,-17.634,-3.9183,-5.2931
3.1256,-21.438,-25.907,6.6673,13.272,-24.84,13.235,-12.782,-7.7879,-18.652,-4.5073,-5.8464
2.6722,-21.787,-25.933,7.0498,12.992,-25.036,13.646,-13.119,-7.7731,-19.639,-5.0925,-6.3402
2.1065,-22.163,-25.712,7.4675,12.409,-25.144,14.054,-13.445,-7.7447,-20.653,-5.7313,-6.8017
1.5381,-22.573,-25.279,7.9084,11.63,-25.184,14.446,-13.796,-7.7457,-21.723,-6.4601,-7.2648
1.0063,-23.001,-24.7,8.3711,10.758,-25.174,14.815,-14.205,-7.8032,-22.845,-7.288,-7.7589
0.47254,-23.429,-24.047,8.8683,9.8395,-25.125,15.16,-14.687,-7.9208,-24.004,-8.1974,-8.2987
-0.15583,-23.84,-23.357,9.4268,8.8411,-25.032,15.48,-15.237,-8.0787,-25.182,-9.1524,-8.8772
-0.98516,-24.221,-22.621,10.078,7.6854,-24.876,15.765,-15.823,-8.2421,-26.357,-10.109,-9.4651
-2.0917,-24.545,-21.788,10.835,6.3087,-24.624,15.992,-16.4,-8.3738,-27.503,-11.023,-10.017
-3.4876,-24.772,-20.8,11.673,4.7175,-24.238,16.134,-16.921,-8.4466,-28.582,-11.859,-10.481
-5.1069,-24.851,-19.622,12.523,3.0084,-23.687,16.161,-17.359,-8.4494,-29.546,-12.591,-10.815
-6.8136,-24.747,-18.263,13.297,1.3362,-22.962,16.042,-17.706,-8.3865,-30.344,-13.205,-10.994
-8.4279,-24.46,-16.784,13.928,-0.14456,-22.085,15.733,-17.974,-8.2711,-30.946,-13.701,-11.022
-9.7699,-24.045,-15.284,14.388,-1.3176,-21.117,15.177,-18.192,-8.1186,-31.354,-14.089,-10.927
-10.707,-23.599,-13.859,14.692,-2.1199,-20.143,14.319,-18.395,-7.9429,-31.615,-14.386,-10.755
-11.191,-23.227,-12.565,14.883,-2.5473,-19.237,13.123,-18.61,-7.7528,-31.816,-14.615,-10.559
-11.279,-22.988,-11.395,15.018,-2.6541,-18.434,11.615,-18.837,-7.551,-32.054,-14.796,-10.388
-11.108,-22.866,-10.287,15.143,-2.542,-17.7,9.8838,-19.038,-7.3322,-32.4,-14.954,-10.277
-10.857,-22.754,-9.142,15.259,-2.3403,-16.928,8.0493,-19.154,-7.0852,-32.862,-15.111,-10.241
-10.684,-22.473,-7.8516,15.306,-2.1866,-15.947,6.2189,-19.144,-6.7999,-33.385,-15.282,-10.277
-10.697,-21.809,-6.3311,15.179,-2.2099,-14.561,4.463,-19.048,-6.4821,-33.869,-15.465,-10.37
-10.952,-20.535,-4.5435,14.783,-2.5235,-12.598,2.7873,-19.041,-6.1725,-34.222,-15.634,-10.495
-11.479,-18.474,-2.5287,14.099,-3.2431,-10.049,1.1095,-19.468,-5.966,-34.417,-15.738,-10.608
-12.289,-15.684,-0.44793,13.23,-4.5801,-7.2894,-0.69441,-20.835,-6.0108,-34.542,-15.71,-10.651
-13.374,-12.886,1.0591,12.387,-7.0102,-5.4913,-2.6781,-23.57,-6.4547,-34.832,-15.481,-10.546
-14.689,-11.945,-1.0118,11.792,-10.595,-8.1708,-4.3754,-26.108,-7.0466,-35.658,-14.982,-10.198
-16.141,-15.557,-5.2755,11.548,-13.397,-14.38,1.3699,-26.288,-0.32641,-37.417,-14.149,-9.5116
-17.59,-22.065,-5.0968,11.606,-15.515,-16.222,0.76954,-26.79,1.5943,-40.27,-12.925,-8.4465
-18.853,-25.561,-2.0072,11.904,-18.336,-14.665,0.90245,-27.073,2.4144,-44.063,-11.369,-7.5915
-19.731,-24.594,4.3597,12.675,-22.082,-9.9111,2.6117,-27.435,2.6843,-46.888,-10.587,-14.039
-20.119,-19.338,15.14,14.686,-26.97,-1.2805,4.8392,-29.011,2.2902,-46.684,-19.968,-25.441
-20.24,-9.566,31.227,17.144,-33.3,11.615,5.0971,-34.291,0.70649,-45.169,-34.161,-27.381
-21.14,5.5451,52.709,13.986,-41.32,29.299,-0.2918,-47.86,-4.0022,-45.275,-32.899,-26.398
-25.419,27.546,78.66,3.394,-51.923,52.828,-15.607,-76.182,-16.73,-48.809,-26.626,-22.026
-27.89,56.679,106.53,-9.439,-65.539,81.794,-44.519,-124.5,-46.957,-53.853,-16.613,-13.656
-29.727,88.805,132,-22.996,-79.722,111.65,-87.341,-193.95,-100.64,-63.659,-3.807,-0.7007
-30.413,117.91,151.72,-37.449,-90.8,137.06,-143.71,-287.08,-170.97,-84.049,11.546,17.525
-28.071,141.41,164.64,-52.205,-96.118,155.61,-212.01,-403.98,-265.53,-120.13,30.435,42.224
-21.389,159.22,170.59,-66.159,-94.493,167.24,-288.02,-541.57,-386.08,-174.86,54.224,76.054
-10.272,172.7,170.59,-80.053,-86.687,173.33,-366.87,-694.66,-529.25,-246.95,88.417,121.57
5.5717,187.65,166.99,-97.308,-74.926,178.61,-443.62,-855.36,-686.67,-330.16,137.09,176.95
28.878,210.73,164.22,-121.96,-60.828,188.42,-514.4,-1013.7,-845.2,-413.03,198.29,245.7
66.116,245.31,165.69,-156.19,-45.019,206.15,-577.3,-1159.5,-988.95,-479.23,280.05,330.35
111.65,291.23,173.2,-199.13,-28.041,232.76,-631.77,-1284.6,-1102.3,-512.55,386.06,430.83
155.32,343.76,183.99,-246.79,-10.229,264.52,-676.74,-1381.2,-1172.5,-501.22,513.03,542.87
195.55,392.73,190.49,-291.82,8.1686,292.13,-708.59,-1442.3,-1190.8,-438.98,649.47,656.18
226.39,424.11,184.78,-323.97,26.781,304.33,-721.13,-1462.5,-1154.4,-328.18,775.84,754.65
241.51,424.14,163.56,-332.96,44.656,292.53,-708.48,-1441.4,-1069.1,-182.35,868.11,819.59
236.08,386.24,128.83,-313.14,58.828,255.08,-669.52,-1386.9,-952.33,-26.858,904.2,835.21
208.06,316.36,89.095,-266.2,63.852,200.06,-609.94,-1315.3,-831.76,104.05,870.44,793.66
158.85,231.4,58.157,-200.58,53.82,142.94,-540.01,-1246.6,-739.07,174.09,764.93,697.12
93.203,151.29,48.603,-128.41,25.542,99.258,-469.81,-1197.2,-700.02,154.65,597.02,556.27
18.436,89.885,65.643,-60.497,-19.717,77.65,-405.41,-1173.4,-725.45,34.515,384.45,386.91
-56.951,50.167,103.88,-2.8247,-75.904,76.81,-348.4,-1170.1,-807.38,-174.03,150.26,206.63
-125.07,26.293,149.59,43.568,-132.88,87.625,-298.2,-1173.5,-921.73,-435.75,-80.177,32.556
-179.39,9.2125,187.29,80.328,-179.36,97.99,-254.5,-1167.4,-1036.3,-700.83,-282.44,-120.19
-215.41,-8.46,205.83,109.08,-207.21,98.589,-217.94,-1140.4,-1120.7,-919.16,-437.09,-239.86
-232.07,-29.774,201.43,129.86,-214.02,85.975,-189.13,-1088.7,-1154.8,-1055.3,-533.61,-319.76
-232.21,-53.842,177.58,142.75,-202.59,62.195,-167.35,-1013.5,-1132.4,-1097.3,-572.45,-359.47
-221.1,-78.411,142.32,149.61,-179.05,32.575,-150.16,-919.63,-1060.3,-1056.3,-563.88,-365.33
-204.41,-101.59,103.69,152.73,-150.57,2.6401,-133.92,-815.22,-953.48,-957.22,-523.92,-348.16
-186.49,-121.84,66.315,153.48,-123.01,-23.965,-115.22,-708.78,-829.43,-830.42,-468.78,-317.85
-169.75,-138.42,32.661,152.89,-99.331,-47.336,-92.285,-606.8,-703.4,-704.81,-411.08,-282.77
-155.22,-151,5.6618,151.9,-79.634,-67.809,-65.591,-513.96,-586.93,-596.78,-358.67,-249.25
-143.24,-158.82,-14.742,149.76,-63.036,-84.158,-37.75,-433.67,-487.43,-510.5,-315.13,-220.71
-132.79,-161.05,-29.106,144.58,-49.421,-93.749,-12.693,-367.8,-406.66,-444.9,-280.91,-197.8
-122.36,-156.19,-35.616,134.83,-38.913,-95.069,5.8905,-315.57,-342.02,-395.65,-254.31,-179.18
-111.38,-143.38,-34.008,120.05,-32.311,-86.768,16.396,-273.31,-290.23,-354.31,-232.9,-163.43
-98.71,-123.36,-26.336,101.32,-29.017,-67.527,19.649,-236.4,-247.29,-314.99,-213.55,-148.74
-83.65,-98.786,-13.955,80.767,-25.933,-48.262,17.355,-201.16,-208.54,-275.78,-193.85,-133.32
-67.585,-73.464,-5.3997,61.051,-21.891,-36.65,11.222,-165.71,-170.53,-236.41,-172.12,-115.99
-52.688,-51.365,-3.4211,44.498,-17.224,-28.109,2.6053,-130.09,-131.67,-197.77,-150.47,-98.169
-40.226,-35.384,-2.8171,32.257,-11.815,-20.392,-3.5277,-95.875,-91.871,-161.53,-129.54,-81.652
-30.746,-25.901,-2.2352,24.21,-6.457,-14.664,-2.3674,-65.265,-52.609,-129.91,-109.65,-67.161
-24.595,-21.188,-1.3652,19.626,-4.0582,-11.462,-1.099,-40.094,-16.998,-105,-91.987,-55.167
-21.822,-19.042,-0.13124,17.615,-4.1183,-9.6197,-0.12614,-21.553,11.878,-86.849,-77.48,-45.67
-22.016,-17.481,1.4724,17.078,-4.8914,-7.461,0.41087,-10.142,32.799,-73.855,-66.239,-38.472
-24.166,-14.317,3.3735,16.403,-6.0391,-4.1067,0.47866,-4.7048,45.557,-64.52,-58.147,-33.293
-24.757,-9.2045,5.3874,12.449,-7.4545,-0.66537,0.21492,-3.3749,51.795,-57.652,-52.826,-29.786
-23.391,-5.1628,7.2675,8.4382,-8.9562,1.8612,-0.19083,-4.5572,53.288,-52.112,-49.831,-27.487
-22.564,-2.567,8.7988,6.6942,-10.298,3.61,-0.60251,-7.1817,52.512,-46.86,-48.351,-25.614
-22.133,-0.81698,9.8474,5.8238,-11.23,4.8223,-0.9553,-6.2908,52.74,-41.096,-47.078,-22.77
-21.536,0.44223,10.368,5.1798,-11.556,5.6155,-1.227,-2.8152,56.401,-34.792,-44.22,-19.313
-20.504,1.3991,10.392,4.5203,-11.187,6.0805,-1.4217,-0.068086,63.907,-29.688,-38.491,-16.714
-18.964,2.1758,10.005,3.7552,-10.139,6.317,-1.5692,2.2747,74.483,-24.994,-32.014,-14.943
-16.962,2.859,9.3163,2.861,-8.5271,6.4182,-1.7182,4.4965,84.326,-19.526,-27.442,-13.716
-14.631,3.5044,8.4287,1.8508,-6.5437,6.4493,-1.9178,6.6199,90.4,-14.432,-24.681,-12.879
-12.156,4.1428,7.4287,0.75757,-4.4414,6.4369,-2.1967,8.595,93.924,-10.513,-22.954,-12.335
-9.7035,4.7861,6.3958,-0.38176,-2.4751,6.3782,-2.556,10.404,96.216,-7.707,-21.779,-11.992
-7.3629,5.4305,5.4036,-1.5316,-0.78517,6.2655,-2.9747,12.079,98.045,-5.6815,-20.893,-11.77
-5.1687,6.0583,4.5027,-2.6514,0.63451,6.1045,-3.4192,13.672,99.967,-4.1549,-20.148,-11.604
-3.1974,6.6472,3.7173,-3.6902,1.8055,5.915,-3.8494,15.209,102.39,-2.9471,-19.461,-11.458
-1.5966,7.183,3.0544,-4.5939,2.7184,5.7228,-4.2286,16.673,105.41,-1.9539,-18.803,-11.324
-0.50322,7.6696,2.5082,-5.3209,3.4106,5.5584,-4.5336,18.023,108.69,-1.1141,-18.183,-11.208
0.025522,8.1272,2.074,-5.8581,3.9529,5.454,-4.7611,19.233,111.69,-0.38695,-17.618,-11.125
0.021269,8.5856,1.7574,-6.2311,4.3815,5.4353,-4.9278,20.322,114.13,0.263,-17.114,-11.079
-0.40726,9.0762,1.5659,-6.5028,4.6941,5.515,-5.0635,21.352,116,0.87107,-16.652,-11.058
-1.0905,9.6253,1.499,-6.757,4.8887,5.6935,-5.2004,22.408,117.48,1.4696,-16.197,-11.032
-1.8234,10.247,1.5468,-7.0643,4.9834,5.9645,-5.3614,23.563,118.78,2.0803,-15.714,-10.966
-2.4017,10.932,1.6941,-7.4417,5.0097,6.3199,-5.5534,24.843,120.09,2.7082,-15.183,-10.827
-2.6607,11.642,1.9229,-7.8406,4.9978,6.7498,-5.7685,26.228,121.51,3.3435,-14.602,-10.599
-2.5032,12.323,2.2134,-8.1874,4.9693,7.2424,-5.991,27.657,123.01,3.9688,-13.983,-10.289
-1.9221,12.929,2.5491,-8.4513,4.9405,7.7848,-6.2059,29.053,124.53,4.5688,-13.335,-9.921
-1.0156,13.458,2.9241,-8.675,4.9254,8.3686,-6.404,30.35,125.99,5.1366,-12.66,-9.5256
0.027053,13.954,3.3447,-8.938,4.9232,8.9939,-6.5831,31.508,127.34,5.6766,-11.943,-9.123
0.97455,14.488,3.8261,-9.2889,4.8946,9.6704,-6.747,32.525,128.56,6.2044,-11.161,-8.7118
1.6093,15.13,4.3852,-9.7132,4.755,10.416,-6.9017,33.444,129.7,6.7463,-10.29,-8.2658
1.7662,15.937,5.036,-10.161,4.408,11.251,-7.0518,34.345,130.79,7.3397,-9.312,-7.738
1.3563,16.946,5.7876,-10.603,3.7877,12.2,-7.1945,35.32,131.89,8.035,-8.2174,-7.0723
0.38672,18.19,6.6378,-11.064,2.8858,13.282,-7.3192,36.441,133.05,8.8936,-7.0094,-6.22
-1.0235,19.691,7.5667,-11.629,1.7617,14.507,-7.4124,37.733,134.3,9.9797,-5.7004,-5.1536
-2.6475,21.446,8.5329,-12.395,0.53881,15.861,-7.4687,39.164,135.63,11.347,-4.3066,-3.869
-4.1903,23.409,9.4774,-13.426,-0.62016,17.295,-7.498,40.666,136.99,13.023,-2.8422,-2.366
-5.3564,25.481,10.334,-14.729,-1.5565,18.724,-7.5257,42.164,138.36,15.006,-1.3155,-0.6104
-5.9217,27.544,11.048,-16.285,-2.1598,20.046,-7.5828,43.607,139.7,17.251,0.27089,1.4884
-5.7855,29.518,11.593,-18.078,-2.392,21.192,-7.6909,44.982,141.01,19.68,1.9161,4.0334
-4.9841,31.394,11.98,-20.097,-2.2832,22.151,-7.8533,46.304,142.3,22.18,3.6181,7.0592
-3.6641,33.228,12.256,-22.32,-1.9075,22.971,-8.0577,47.605,143.59,24.63,5.374,10.542
-2.0356,35.098,12.471,-24.712,-1.3583,23.727,-8.2873,48.914,144.88,26.937,7.1852,14.475
-0.32424,37.071,12.664,-27.227,-0.7308,24.48,-8.5334,50.255,146.16,29.068,9.0648,18.884
1.2705,39.169,12.856,-29.818,-0.10721,25.269,-8.8007,51.651,147.44,31.051,11.041,23.752
2.6142,41.372,13.057,-32.433,0.46341,26.129,-9.105,53.114,148.71,32.957,13.154,28.945
3.6567,43.632,13.271,-35.016,0.97957,27.11,-9.4669,54.64,149.97,34.849,15.447,34.234
4.4233,45.895,13.498,-37.492,1.4752,28.279,-9.9028,56.202,151.2,36.757,17.949,39.38
4.9883,48.136,13.741,-39.771,1.9819,29.683,-10.416,57.756,152.42,38.664,20.662,44.185
5.4556,50.381,14.018,-41.77,2.494,31.325,-10.995,59.263,153.63,40.528,23.538,48.535
5.9437,52.693,14.379,-43.458,2.9586,33.166,-11.606,60.71,154.83,42.296,26.488,52.453
6.5561,55.127,14.897,-44.884,3.2885,35.17,-12.208,62.113,156,43.932,29.395,56.103
7.3363,57.697,15.65,-46.167,3.3986,37.33,-12.749,63.496,157.12,45.414,32.161,59.749
8.2575,60.387,16.693,-47.435,3.2478,39.669,-13.179,64.872,158.16,46.737,34.736,63.68
9.2683,63.169,18.049,-48.78,2.8625,42.208,-13.46,66.231,159.08,47.912,37.131,68.083
10.346,66.021,19.716,-50.239,2.329,44.954,-13.583,67.56,159.89,48.973,39.398,72.793
11.52,68.951,21.685,-51.815,1.7617,47.903,-13.561,68.859,160.62,49.968,41.599,77.221
12.863,72.015,23.971,-53.514,1.2634,51.046,-13.42,70.147,161.32,50.96,43.778,80.85
14.467,75.309,26.627,-55.366,0.89263,54.375,-13.155,71.454,162.05,52,45.955,83.674
16.405,78.942,29.719,-57.444,0.6499,57.864,-12.73,72.804,162.87,53.127,48.141,86.009
18.696,82.991,33.258,-59.853,0.48915,61.47,-12.103,74.2,163.8,54.364,50.36,88.187
21.259,87.453,37.127,-62.692,0.34207,65.181,-11.253,75.63,164.83,55.734,52.662,90.442
23.913,92.244,41.122,-65.979,0.14126,69.066,-10.196,77.082,165.97,57.277,55.128,92.939
26.434,97.244,45.078,-69.629,-0.16509,73.241,-8.9732,78.555,167.17,59.045,57.857,95.817
28.653,102.38,48.966,-73.499,-0.60515,77.772,-7.6316,80.047,168.4,61.076,60.932,99.162
30.524,107.66,52.876,-77.435,-1.1788,82.594,-6.2184,81.55,169.63,63.36,64.4,102.93
32.11,113.06,56.938,-81.298,-1.8585,87.574,-4.7747,83.031,170.8,65.824,68.251,107
33.519,118.53,61.248,-84.996,-2.6057,92.608,-3.3334,84.446,171.88,68.348,72.429,111.31
34.847,123.98,65.849,-88.496,-3.4045,97.667,-1.9174,85.761,172.85,70.815,76.846,115.79
36.148,129.36,70.738,-91.837,-4.2976,102.77,-0.53937,86.959,173.71,73.152,81.398,120.35
37.432,134.74,75.881,-95.13,-5.3937,107.95,0.7956,88.041,174.47,75.338,85.981,124.87
38.668,140.3,81.235,-98.523,-6.8249,113.28,2.0876,89.013,175.13,77.404,90.531,129.37
39.778,146.24,86.772,-102.14,-8.6768,118.84,3.3361,89.876,175.71,79.397,95.039,133.93
40.683,152.69,92.488,-105.97,-10.951,124.68,4.5274,90.624,176.21,81.36,99.556,138.68
41.345,159.58,98.387,-109.81,-13.588,130.84,5.6193,91.242,176.63,83.309,104.16,143.73
41.759,166.63,104.45,-113.4,-16.533,137.24,6.5371,91.715,176.96,85.222,108.93,149.16
41.933,173.54,110.64,-116.78,-19.764,143.82,7.1942,92.026,177.17,87.051,113.93,154.91
41.953,180.28,116.92,-120.24,-23.249,150.48,7.5239,92.162,177.22,88.744,119.21,160.86
42.037,187.05,123.27,-124.03,-26.872,157.2,7.499,92.111,177.08,90.27,124.78,166.88
42.453,194.21,129.7,-128.25,-30.422,163.98,7.1303,91.862,176.72,91.625,130.67,172.99
43.415,202.03,136.25,-132.89,-33.686,170.94,6.4539,91.404,176.13,92.833,136.91,179.23
45.023,210.67,142.94,-137.98,-36.589,178.22,5.5206,90.722,175.28,93.924,143.54,185.7
47.22,220.17,149.73,-143.5,-39.209,185.97,4.3888,89.786,174.16,94.923,150.6,192.43
49.79,230.31,156.57,-149.34,-41.689,194.22,3.1179,88.538,172.72,95.839,158.04,199.37
52.396,240.62,163.43,-155.21,-44.151,202.82,1.7603,86.865,170.83,96.668,165.75,206.46
54.694,250.5,170.32,-160.79,-46.671,211.45,0.34984,84.603,168.35,97.397,173.55,213.59
56.441,259.51,177.26,-165.8,-49.303,219.79,-1.1119,81.573,165.14,98.015,181.28,220.66
57.561,267.51,184.25,-170.17,-52.08,227.67,-2.6693,77.678,161.26,98.518,188.82,227.63
58.131,274.67,191.28,-174.08,-55.013,235.09,-4.4185,72.979,156.94,98.909,196.12,234.46
58.296,281.46,198.37,-177.91,-58.079,242.21,-6.4976,67.664,152.36,99.191,203.26,241.17
58.207,288.46,205.51,-182.06,-61.229,249.28,-9.049,61.964,147.61,99.361,210.34,247.74
57.991,296.1,212.71,-186.66,-64.392,256.49,-12.153,56.087,142.61,99.407,217.5,254.16
57.777,304.22,219.86,-191.28,-67.473,263.83,-15.783,50.159,137.27,99.308,224.82,260.43
57.694,311.98,226.78,-195.31,-70.355,270.88,-19.904,44.167,131.45,99.035,232.29,266.54
57.822,318.52,233.11,-198.39,-72.932,277,-24.635,37.976,125.02,98.561,239.82,272.44
58.139,323.47,238.42,-200.6,-75.127,281.74,-30.024,31.463,117.97,97.86,247.23,277.99
58.565,327.04,242.38,-202.16,-76.902,285.1,-35.669,24.697,110.49,96.913,254.33,283.08
59.053,329.59,244.93,-203.32,-78.247,287.36,-40.965,17.929,102.82,95.709,260.93,287.64
59.606,331.49,246.33,-204.28,-79.182,288.85,-45.636,11.333,95.115,94.246,266.92,291.65
60.26,332.99,246.93,-205.2,-79.761,289.8,-49.813,4.7754,87.332,92.526,272.26,295.24
61.035,334.19,247.03,-206.18,-80.055,290.34,-53.786,-2.1453,79.25,90.563,276.98,298.55
61.88,335.07,246.79,-207.13,-80.119,290.52,-57.848,-9.8313,70.642,88.376,281.19,301.76
62.652,335.53,246.19,-207.9,-79.989,290.33,-62.263,-18.43,61.54,85.993,285.04,304.92
63.185,335.49,245.12,-208.27,-79.693,289.77,-67.242,-27.849,52.198,83.443,288.64,308.05
63.363,334.92,243.48,-208.12,-79.259,288.8,-72.843,-37.982,42.786,80.757,292.02,311.04
63.128,333.73,241.25,-207.37,-78.723,287.39,-78.876,-48.726,33.36,77.972,295.07,313.79
62.437,331.83,238.55,-205.95,-78.14,285.56,-84.959,-59.774,24.125,75.136,297.66,316.12
61.245,328.98,235.63,-203.72,-77.596,283.32,-90.745,-70.622,15.364,72.3,299.6,317.89
59.546,324.87,232.77,-200.49,-77.194,280.61,-96.06,-80.884,7.175,69.501,300.74,318.95
57.406,319.21,230.13,-196.08,-76.975,277.29,-100.86,-90.483,-0.49646,66.745,300.95,319.19
54.944,311.86,227.62,-190.58,-76.817,273.09,-105.17,-99.556,-7.6958,64.022,300.15,318.5
52.281,302.97,224.85,-184.5,-76.425,267.7,-109.03,-108.28,-14.336,61.324,298.34,316.76
49.532,292.92,221.24,-178.59,-75.477,260.82,-112.5,-116.74,-20.137,58.665,295.58,313.84
46.833,282.14,216.24,-173.23,-73.796,252.27,-115.64,-124.84,-24.75,56.074,292.05,309.71
44.303,270.86,209.33,-168.09,-71.397,242.04,-118.52,-132.32,-28.078,53.569,288.01,304.66
41.922,259.14,200.18,-162.49,-68.363,230.32,-121.17,-138.83,-30.407,51.126,283.58,299.05
39.484,246.99,188.76,-155.91,-64.678,217.56,-123.61,-144.12,-32.115,48.669,278.66,293.02
36.721,234.38,175.66,-148.13,-60.27,204.36,-125.91,-148.11,-33.412,46.095,272.97,286.41
33.462,221.36,161.97,-139.36,-55.358,191.27,-128.09,-150.82,-34.359,43.322,266.37,279
29.766,207.95,148.95,-130.03,-50.395,178.68,-130.02,-152.31,-34.989,40.31,258.79,270.61
25.946,194.21,137.42,-120.55,-45.664,166.66,-131.25,-152.66,-35.351,37.069,250.16,261.23
22.33,180.21,127.46,-111.22,-41.407,155.08,-131.24,-152,-35.494,33.621,240.4,250.98
18.957,166.11,118.48,-102.25,-37.729,143.68,-129.72,-150.51,-35.447,29.977,229.51,240.05
15.735,152.14,109.7,-93.848,-34.31,132.24,-126.77,-148.41,-35.231,26.149,217.56,228.62
12.775,138.58,100.45,-86.268,-30.437,120.65,-122.69,-145.91,-34.868,22.195,204.73,216.84
10.417,125.7,90.401,-79.736,-25.384,108.95,-117.82,-143.15,-34.38,18.271,191.27,204.81
8.9423,113.8,79.598,-74.284,-19.129,97.346,-112.47,-140.21,-33.784,14.59,177.6,192.7
8.3376,103.05,68.388,-69.653,-12.822,86.147,-106.91,-137.09,-33.081,11.317,164.17,180.74
8.2984,93.342,57.324,-65.272,-7.7514,75.662,-101.25,-133.77,-32.256,8.4861,151.38,169.15
8.373,84.315,46.992,-60.387,-4.2091,66.062,-95.588,-130.22,-31.289,6.0126,139.45,158.04
8.1324,75.449,37.837,-54.578,-1.9355,57.319,-89.987,-126.42,-30.172,3.7668,128.3,147.42
7.2875,66.316,30.089,-48.292,-0.65343,49.27,-84.527,-122.41,-28.923,1.6361,117.7,137.17
5.7376,56.814,23.654,-42.2,-0.097089,41.668,-79.259,-118.3,-27.586,-0.46363,107.33,127.1
3.5764,47.358,18.068,-36.348,0.035379,34.189,-74.206,-114.21,-26.225,-2.6112,96.955,117.08
1.0632,38.536,12.961,-30.45,0.055653,26.747,-69.352,-110.22,-24.905,-4.9003,86.504,107.1
-1.4467,30.411,8.6046,-24.385,0.23964,19.838,-64.645,-106.36,-23.685,-7.4397,76.102,97.362
-3.6096,22.777,5.0359,-18.308,0.78589,13.773,-59.984,-102.62,-22.609,-10.334,66.028,88.115
-5.2052,15.653,1.7866,-12.506,1.7671,8.3888,-55.235,-98.956,-21.706,-13.652,56.642,79.469
-6.1936,9.149,-1.53,-7.2171,3.0981,3.6007,-50.381,-95.372,-20.99,-17.386,48.162,71.277
-6.6853,3.3033,-5.064,-2.6614,4.569,-0.62365,-45.66,-91.877,-20.462,-21.425,40.566,63.377
-6.8748,-1.8338,-8.7451,0.84315,5.9517,-4.45,-41.435,-88.49,-20.108,-25.543,33.798,55.777
-6.9861,-6.2276,-12.363,3.0922,7.1013,-8.1229,-37.9,-85.224,-19.901,-29.451,27.688,48.627
-7.2135,-10.049,-15.704,4.4631,7.9864,-11.808,-35.008,-82.077,-19.798,-32.896,21.828,42.103
-7.6626,-13.656,-18.636,5.6601,8.6643,-15.48,-32.583,-79.011,-19.735,-35.75,15.964,36.312
-8.3263,-17.221,-21.107,7.0622,9.2358,-18.922,-30.435,-75.946,-19.631,-38.013,10.468,31.152
-9.1128,-20.513,-23.107,8.6257,9.7869,-21.877,-28.422,-72.78,-19.398,-39.755,6.0181,26.248
-9.918,-23.191,-24.641,10.133,10.339,-24.19,-26.472,-69.422,-18.97,-41.065,2.7494,21.238
-10.696,-25.129,-25.723,11.419,10.83,-25.848,-24.565,-65.83,-18.338,-42.023,0.32536,16.239
-11.465,-26.412,-26.377,12.444,11.143,-26.93,-22.72,-62.043,-17.555,-42.707,-1.5656,11.846
-12.263,-27.206,-26.636,13.25,11.164,-27.555,-20.976,-58.187,-16.726,-43.192,-3.0884,8.4841
-13.091,-27.68,-26.549,13.891,10.832,-27.848,-19.384,-54.467,-15.949,-43.546,-4.322,6.0978
-13.899,-27.963,-26.18,14.394,10.163,-27.919,-17.98,-51.092,-15.285,-43.821,-5.3143,4.4328
-14.606,-28.125,-25.613,14.754,9.2539,-27.838,-16.77,-48.189,-14.736,-44.047,-6.1073,3.2659
-15.109,-28.167,-24.943,14.935,8.2538,-27.646,-15.74,-45.749,-14.267,-44.231,-6.7433,2.4456
-15.318,-28.048,-24.253,14.891,7.3176,-27.353,-14.86,-43.645,-13.828,-44.361,-7.2613,1.8719
-15.187,-27.725,-23.598,14.585,6.5528,-26.96,-14.106,-41.694,-13.37,-44.421,-7.6896,1.4766
-14.749,-27.195,-22.988,14.037,5.9886,-26.47,-13.466,-39.738,-12.868,-44.398,-8.0417,1.2112
-14.121,-26.51,-22.402,13.341,5.5824,-25.891,-12.931,-37.695,-12.327,-44.289,-8.3183,1.0399
-13.466,-25.759,-21.816,12.636,5.2583,-25.251,-12.493,-35.567,-11.773,-44.093,-8.5156,0.93483
-12.931,-25.04,-21.221,12.056,4.9585,-24.589,-12.133,-33.411,-11.241,-43.815,-8.6356,0.87387
-12.595,-24.423,-20.64,11.674,4.6774,-23.947,-11.827,-31.294,-10.752,-43.463,-8.6944,0.83935
-12.444,-23.933,-20.117,11.482,4.456,-23.361,-11.549,-29.258,-10.308,-43.051,-8.7217,0.81574
-12.382,-23.549,-19.703,11.42,4.3482,-22.848,-11.283,-27.319,-9.8989,-42.6,-8.755,0.78584
-12.287,-23.239,-19.441,11.412,4.3862,-22.423,-11.022,-25.48,-9.5171,-42.14,-8.8305,0.72748
-12.086,-22.999,-19.359,11.415,4.5643,-22.113,-10.765,-23.753,-9.1638,-41.698,-8.9754,0.61328
-11.799,-22.879,-19.462,11.433,4.8395,-21.968,-10.509,-22.161,-8.8497,-41.299,-9.2026,0.41478
-11.513,-22.965,-19.732,11.51,5.1394,-22.046,-10.241,-20.736,-8.586,-40.954,-9.5098,0.10966
-11.331,-23.327,-20.124,11.706,5.3777,-22.376,-9.9394,-19.489,-8.3737,-40.663,-9.8818,-0.31068
-11.327,-23.974,-20.565,12.072,5.4779,-22.93,-9.5753,-18.401,-8.1988,-40.413,-10.296,-0.83626
-11.531,-24.831,-20.979,12.626,5.401,-23.621,-9.1236,-17.414,-8.0327,-40.178,-10.728,-1.4388
-11.915,-25.77,-21.305,13.343,5.1635,-24.338,-8.5732,-16.452,-7.837,-39.931,-11.155,-2.0783
-12.403,-26.654,-21.513,14.143,4.8301,-24.981,-7.9337,-15.439,-7.5713,-39.637,-11.561,-2.7159
-12.9,-27.379,-21.593,14.918,4.4831,-25.481,-7.2312,-14.32,-7.2029,-39.259,-11.937,-3.3266
-13.331,-27.894,-21.546,15.569,4.1839,-25.801,-6.4962,-13.069,-6.7159,-38.755,-12.281,-3.9058
-13.68,-28.187,-21.369,16.038,3.9478,-25.924,-5.7501,-11.697,-6.111,-38.084,-12.598,-4.4631
-13.988,-28.262,-21.056,16.316,3.7451,-25.848,-4.9978,-10.243,-5.3977,-37.205,-12.893,-5.0079
-14.317,-28.132,-20.615,16.43,3.5263,-25.586,-4.2301,-8.7646,-4.5836,-36.093,-13.165,-5.5365
-14.707,-27.807,-20.069,16.422,3.253,-25.159,-3.433,-7.3184,-3.6706,-34.748,-13.402,-6.0299
-15.148,-27.302,-19.464,16.318,2.9152,-24.598,-2.6003,-5.9438,-2.6607,-33.203,-13.592,-6.4626
-15.578,-26.639,-18.845,16.109,2.5268,-23.945,-1.7436,-4.6591,-1.5676,-31.531,-13.726,-6.8166
-15.886,-25.861,-18.239,15.749,2.1152,-23.245,-0.8952,-3.4659,-0.42216,-29.822,-13.812,-7.0913
-15.94,-25.028,-17.644,15.199,1.7159,-22.538,-0.096417,-2.356,0.73681,-28.151,-13.872,-7.3032
-15.635,-24.203,-17.042,14.479,1.3752,-21.848,0.62472,-1.3147,1.8837,-26.534,-13.928,-7.477
-14.919,-23.415,-16.418,13.646,1.1483,-21.177,1.2709,-0.31783,3.0243,-24.923,-13.992,-7.6351
-13.818,-22.645,-15.773,12.738,1.0847,-20.509,1.875,0.67021,4.1961,-23.234,-14.061,-7.7912
-12.431,-21.843,-15.12,11.768,1.2031,-19.813,2.4827,1.6898,5.4489,-21.403,-14.117,-7.9506
-10.917,-20.966,-14.472,10.769,1.4744,-19.062,3.1318,2.7712,6.8107,-19.443,-14.145,-8.1143
-9.4783,-20.01,-13.84,9.817,1.8242,-18.24,3.8366,3.918,8.2594,-17.461,-14.139,-8.2848
-8.3248,-19.021,-13.221,9.0267,2.1547,-17.354,4.5813,5.101,9.7202,-15.62,-14.108,-8.4697
-7.6334,-18.079,-12.618,8.5072,2.3728,-16.438,5.3229,6.2702,11.096,-14.064,-14.065,-8.6816
-7.488,-17.271,-12.037,8.3105,2.4151,-15.547,6.0079,7.3808,12.314,-12.868,-14.021,-8.9346
-7.8426,-16.656,-11.492,8.4149,2.2662,-14.744,6.5982,8.4178,13.351,-12.029,-13.988,-9.2381
-8.5339,-16.25,-11.003,8.7405,1.9642,-14.082,7.0887,9.4004,14.225,-11.487,-13.971,-9.5907
-9.3434,-16.028,-10.583,9.1729,1.5875,-13.589,7.5059,10.366,14.969,-11.153,-13.975,-9.9794
-10.071,-15.953,-10.244,9.5959,1.2247,-13.266,7.8898,11.348,15.611,-10.934,-14.003,-10.381
-10.592,-15.992,-9.9789,9.9285,0.93936,-13.1,8.2759,12.365,16.16,-10.753,-14.054,-10.771
-10.87,-16.133,-9.7622,10.151,0.74609,-13.072,8.6841,13.41,16.615,-10.562,-14.127,-11.13
-10.959,-16.383,-9.5368,10.302,0.60968,-13.149,9.1183,14.45,16.982,-10.347,-14.211,-11.448
-10.972,-16.738,-9.2214,10.455,0.46758,-13.277,9.5744,15.433,17.289,-10.111,-14.294,-11.722
-11.038,-17.149,-8.7313,10.673,0.26523,-13.364,10.056,16.313,17.587,-9.8524,-14.355,-11.944
-11.251,-17.491,-8.0148,10.963,-0.018706,-13.291,10.581,17.069,17.94,-9.5562,-14.371,-12.102
-11.621,-17.587,-7.083,11.241,-0.37473,-12.938,11.178,17.717,18.398,-9.1972,-14.318,-12.174
-12.08,-17.262,-6.0094,11.381,-0.7826,-12.229,11.862,18.294,18.964,-8.7604,-14.18,-12.146
-12.524,-16.43,-4.8924,11.293,-1.2259,-11.171,12.616,18.826,19.588,-8.2565,-13.955,-12.012
-12.879,-15.134,-3.8057,10.98,-1.697,-9.8558,13.386,19.305,20.185,-7.7195,-13.663,-11.786
-13.14,-13.532,-2.7741,10.527,-2.1989,-8.4142,14.109,19.697,20.669,-7.1886,-13.336,-11.486
-13.331,-11.814,-1.7767,10.02,-2.7396,-6.9566,14.733,19.966,20.988,-6.6891,-13,-11.131
-13.443,-10.103,-0.76637,9.4806,-3.3154,-5.5315,15.238,20.113,21.145,-6.2239,-12.661,-10.731
-13.408,-8.4193,0.30234,8.8571,-3.8954,-4.1297,15.635,20.183,21.195,-5.7738,-12.3,-10.289
-13.117,-6.7203,1.4473,8.0634,-4.4176,-2.715,15.944,20.251,21.219,-5.3046,-11.887,-9.8057
-12.456,-4.9508,2.6452,7.03,-4.8025,-1.2564,16.177,20.375,21.286,-4.7806,-11.403,-9.2874
-11.346,-3.0857,3.8408,5.7358,-4.9789,0.25044,16.328,20.566,21.408,-4.183,-10.853,-8.7542
-9.7798,-1.1449,4.9698,4.2139,-4.9125,1.7784,16.375,20.769,21.529,-3.5254,-10.276,-8.2364
-7.8498,0.81535,5.9821,2.5436,-4.6232,3.2779,16.287,20.884,21.555,-2.8515,-9.7214,-7.7649
-5.745,2.7267,6.8569,0.83651,-4.1871,4.6997,16.032,20.799,21.398,-2.2166,-9.2297,-7.3562
-3.7088,4.5304,7.6087,-0.78449,-3.72,6.0173,15.582,20.43,21.015,-1.6676,-8.812,-7.0053
-1.9717,6.1897,8.2785,-2.2091,-3.3459,7.2338,14.905,19.751,20.408,-1.2332,-8.4445,-6.6906
-0.69272,7.6939,8.9083,-3.3623,-3.1608,8.369,13.976,18.801,19.613,-0.92455,-8.0811,-6.3881
0.071394,9.0534,9.5177,-4.2173,-3.2038,9.4396,12.776,17.677,18.676,-0.74178,-7.6757,-6.0875
0.36672,10.288,10.094,-4.7944,-3.4444,10.445,11.311,16.501,17.633,-0.67433,-7.2041,-5.7995
0.31687,11.413,10.601,-5.1508,-3.7903,11.362,9.614,15.38,16.493,-0.70694,-6.6732,-5.5516
0.08466,12.428,10.996,-5.3619,-4.1189,12.157,7.7437,14.373,15.247,-0.82184,-6.1169,-5.3731
-0.16529,13.317,11.253,-5.5011,-4.3239,12.803,5.7682,13.485,13.889,-0.99615,-5.5788,-5.2769
-0.30204,14.059,11.377,-5.6223,-4.3528,13.301,3.7633,12.684,12.446,-1.2043,-5.0886,-5.2484
-0.25967,14.647,11.403,-5.7483,-4.2161,13.678,1.8099,11.925,10.993,-1.4145,-4.6463,-5.2472
-0.051082,15.096,11.386,-5.876,-3.9727,13.985,-0.014327,11.169,9.6239,-1.598,-4.2224,-5.2218
0.25485,15.449,11.389,-5.9943,-3.7027,14.273,-1.6506,10.386,8.4129,-1.7349,-3.7726,-5.1298
0.57794,15.758,11.462,-6.1012,-3.4799,14.583,-3.0708,9.551,7.3763,-1.821,-3.2613,-4.9525
0.85967,16.066,11.626,-6.2067,-3.3541,14.939,-4.276,8.6459,6.4714,-1.868,-2.6773,-4.6996
1.0736,16.399,11.872,-6.3276,-3.3433,15.34,-5.2833,7.6667,5.6223,-1.9004,-2.0339,-4.4016
1.2214,16.757,12.161,-6.4776,-3.4334,15.767,-6.1122,6.6317,4.7581,-1.9359,-1.358,-4.098
1.3234,17.119,12.444,-6.6568,-3.5882,16.186,-6.7792,5.5807,3.8431,-1.9794,-0.67736,-3.8236
1.4047,17.441,12.684,-6.8433,-3.7676,16.556,-7.2971,4.5626,2.8871,-2.0268,-0.012752,-3.5985
1.4838,17.668,12.874,-6.9961,-3.9459,16.849,-7.6754,3.6179,1.9346,-2.0641,0.62249,-3.4231
1.5659,17.756,13.032,-7.0734,-4.1159,17.051,-7.9222,2.7664,1.0394,-2.0783,1.2204,-3.2777
1.6415,17.683,13.183,-7.0547,-4.2817,17.16,-8.0485,2.0058,0.24067,-2.0648,1.7776,-3.1322
1.6914,17.456,13.34,-6.9479,-4.4479,17.181,-8.0714,1.3189,-0.44567,-2.0271,2.2971,-2.9629
1.6907,17.101,13.498,-6.7753,-4.6139,17.114,-8.0133,0.68649,-1.0227,-1.9712,2.789,-2.7657
1.6139,16.648,13.648,-6.5517,-4.774,16.961,-7.8964,0.097846,-1.5066,-1.9003,3.2653,-2.5576
1.438,16.123,13.778,-6.2724,-4.923,16.726,-7.74,-0.44536,-1.9231,-1.8114,3.7327,-2.3671
1.1452,15.542,13.887,-5.9171,-5.0604,16.417,-7.5579,-0.932,-2.303,-1.7021,4.1871,-2.2205
0.72491,14.904,13.974,-5.4605,-5.1938,16.043,-7.3574,-1.3489,-2.6754,-1.5701,4.6144,-2.1302
0.17508,14.199,14.03,-4.8854,-5.3371,15.607,-7.1416,-1.6907,-3.0612,-1.4177,4.9948,-2.0899
-0.4973,13.408,14.031,-4.192,-5.5055,15.098,-6.9088,-1.9661,-3.4704,-1.2574,5.3063,-2.0792
-1.2736,12.519,13.939,-3.4035,-5.71,14.496,-6.657,-2.1985,-3.903,-1.103,5.5278,-2.0744
-2.1222,11.544,13.729,-2.5668,-5.9582,13.791,-6.3856,-2.4202,-4.3515,-0.97589,5.6444,-2.0574
-2.9966,10.526,13.417,-1.7453,-6.2581,13.002,-6.0948,-2.6606,-4.8018,-0.89717,5.656,-2.0203
-3.8361,9.5291,13.053,-1.0052,-6.615,12.176,-5.7827,-2.9314,-5.2343,-0.88389,5.5813,-1.9668
-4.5706,8.6153,12.696,-0.40006,-7.0148,11.373,-5.4426,-3.2207,-5.6265,-0.9426,5.4523,-1.9114
-5.1306,7.8186,12.379,0.040326,-7.4092,10.639,-5.0613,-3.4969,-5.9584,-1.0642,5.3026,-1.8765
-5.4607,7.1396,12.098,0.31303,-7.7208,9.995,-4.6239,-3.7234,-6.2199,-1.2204,5.1549,-1.8849
-5.532,6.5544,11.822,0.43867,-7.8659,9.4333,-4.1187,-3.8744,-6.4142,-1.3753,5.0165,-1.9497
-5.351,6.0319,11.515,0.45471,-7.7816,8.9295,-3.5419,-3.9451,-6.5576,-1.4971,4.8831,-2.064
-4.9608,5.5475,11.153,0.40751,-7.4458,8.4565,-2.8965,-3.9521,-6.6728,-1.5672,4.749,-2.1977
-4.4343,5.09,10.72,0.34315,-6.8831,7.9944,-2.1884,-3.9245,-6.7797,-1.5913,4.6153,-2.3066
-3.8609,4.6651,10.216,0.29859,-6.1613,7.5352,-1.4222,-3.8919,-6.8853,-1.5911,4.4921,-2.349
-3.3341,4.294,9.6573,0.29598,-5.3805,7.0849,-0.59898,-3.8736,-6.979,-1.5899,4.3949,-2.3015
-2.9432,4.0087,9.083,0.34192,-4.6589,6.6625,0.27563,-3.8729,-7.0356,-1.6015,4.3355,-2.1668
-2.761,3.841,8.5435,0.42871,-4.1097,6.2954,1.1867,-3.88,-7.0296,-1.6279,4.3142,-1.9711
-2.8175,3.8098,8.084,0.53357,-3.8078,6.0083,2.1049,-3.8802,-6.9501,-1.666,4.3173,-1.753
-3.0696,3.9108,7.7236,0.61714,-3.7584,5.8113,2.9883,-3.8666,-6.8103,-1.7136,4.321,-1.5487
-3.3906,4.1141,7.4448,0.62761,-3.8851,5.691,3.7924,-3.8453,-6.6423,-1.7725,4.3025,-1.3784
-3.6005,4.3712,7.1983,0.51409,-4.0471,5.6122,4.4863,-3.8324,-6.4839,-1.8469,4.2483,-1.2407
-3.5197,4.632,6.92,0.24165,-4.0803,5.53,5.0655,-3.8424,-6.3613,-1.9368,4.1586,-1.115
-3.0135,4.8636,6.5544,-0.20438,-3.8479,5.4086,5.5474,-3.8778,-6.2781,-2.031,4.0453,-0.97141
-2.019,5.0604,6.0753,-0.82375,-3.2813,5.2347,5.9612,-3.9233,-6.2153,-2.1118,3.9276,-0.78282
-0.569,5.237,5.4955,-1.5979,-2.3992,5.0178,6.3363,-3.9485,-6.1421,-2.1555,3.8269,-0.53582
1.1988,5.4103,4.8566,-2.4758,-1.2997,4.7798,6.6958,-3.9201,-6.0315,-2.1401,3.7606,-0.23448
3.0652,5.581,4.2073,-3.3666,-0.1266,4.5413,7.054,-3.8174,-5.8734,-2.0498,3.738,0.10463
4.7792,5.7274,3.5837,-4.1538,0.97218,4.3118,7.4126,-3.6443,-5.6782,-1.8782,3.7602,0.46311
6.1126,5.8113,3.0034,-4.7242,1.8766,4.0875,7.7619,-3.4288,-5.4695,-1.6293,3.8229,0.83035
6.907,5.793,2.4713,-4.9952,2.5153,3.8556,8.0931,-3.2091,-5.2714,-1.3145,3.9214,1.206
7.1035,5.6448,1.987,-4.9348,2.8768,3.6031,8.4178,-3.0159,-5.0951,-0.94738,4.0529,1.5956
6.7512,5.3612,1.5474,-4.5665,3.0085,3.3222,8.7723,-2.8594,-4.9322,-0.53722,4.2146,2.0013
5.9934,4.959,1.1469,-3.9636,2.9973,3.0127,9.1972,-2.7283,-4.7582,-0.087832,4.3965,2.4116
5.0366,4.4742,0.78279,-3.2321,2.9354,2.6836,9.7098,-2.5978,-4.5443,0.39915,4.5759,2.7969
4.1035,3.9545,0.46485,-2.4889,2.8855,2.3539,10.291,-2.4428,-4.2717,0.91798,4.7218,3.1176
3.3698,3.4504,0.22269,-1.8384,2.8609,2.0528,10.892,-2.2484,-3.9419,1.4563,4.8112,3.3454
2.9052,3.0069,0.096588,-1.3525,2.8302,1.8136,11.465,-2.0131,-3.576,1.9986,4.8462,3.4812
2.6657,2.6568,0.11967,-1.0605,2.7446,1.6646,11.984,-1.7454,-3.201,2.535,4.8578,3.5546
2.5583,2.4143,0.30038,-0.9487,2.5692,1.6199,12.456,-1.4584,-2.8322,3.07,4.8909,3.6056
2.5044,2.2731,0.61761,-0.96849,2.296,1.673,12.916,-1.1648,-2.4654,3.6239,4.9817,3.6653
2.4417,2.2076,1.0278,-1.0479,1.9332,1.7969,13.408,-0.87796,-2.0837,4.2233,5.1424,3.744
2.3058,2.1787,1.4789,-1.1096,1.4893,1.9504,13.95,-0.61511,-1.6728,4.885,5.3557,3.8283
2.0408,2.142,1.9242,-1.0928,0.96902,2.0887,14.516,-0.39891,-1.2388,5.601,5.5836,3.885
1.6256,2.0588,2.3307,-0.96739,0.38141,2.1736,15.036,-0.25281,-0.81468,6.3321,5.7827,3.8725
1.0857,1.9063,2.6795,-0.7386,-0.25092,2.1818,15.427,-0.19211,-0.45104,7.0176,5.9222,3.7574
0.48382,1.684,2.9609,-0.44003,-0.89009,2.109,15.627,-0.21684,-0.19361,7.603,5.9954,3.5333
-0.10447,1.4117,3.1699,-0.11769,-1.4885,1.969,15.62,-0.31125,-0.059143,8.0702,6.0213,3.2264
-0.61732,1.1176,3.3031,0.18939,-1.9982,1.7864,15.439,-0.44944,-0.02733,8.4506,6.0345,2.8865
-1.0229,0.82352,3.356,0.46345,-2.3794,1.5862,15.152,-0.60312,-0.054052,8.8115,6.069,2.5651
-1.321,0.53483,3.3205,0.71223,-2.6051,1.3835,14.842,-0.74865,-0.099505,9.2286,6.145,2.2984
-1.5329,0.23722,3.1836,0.96264,-2.6616,1.1768,14.58,-0.8725,-0.14997,9.7611,6.2638,2.0994
-1.6863,-0.094794,2.9315,1.2473,-2.5492,0.94816,14.402,-0.97448,-0.22509,10.436,6.4109,1.9568
-1.8007,-0.48499,2.5571,1.5875,-2.2817,0.67257,14.295,-1.0672,-0.36729,11.242,6.5627,1.8425
-1.8775,-0.93743,2.0672,1.977,-1.8866,0.33468,14.209,-1.1706,-0.6183,12.127,6.6955,1.7271
-1.8979,-1.4257,1.4861,2.3751,-1.402,-0.057933,14.095,-1.3015,-0.99437,13.014,6.7924,1.5959
-1.8276,-1.8932,0.85416,2.7123,-0.87081,-0.47249,13.936,-1.4642,-1.4727,13.832,6.848,1.4588
-1.6288,-2.2675,0.22242,2.9091,-0.33394,-0.86042,13.755,-1.6462,-1.9972,14.544,6.8674,1.3475
-1.276,-2.486,-0.35678,2.9017,0.17393,-1.1735,13.597,-1.8249,-2.5001,15.163,6.858,1.301
-0.77023,-2.5196,-0.84039,2.6635,0.62735,-1.3807,13.507,-1.978,-2.9279,15.733,6.8183,1.3471
-0.14349,-2.3828,-1.2049,2.2157,1.0125,-1.4778,13.506,-2.0931,-3.255,16.298,6.7342,1.4884
0.54677,-2.129,-1.4518,1.6214,1.3294,-1.4877,13.583,-2.1701,-3.4837,16.869,6.5856,1.701
1.2314,-1.8284,-1.6057,0.9704,1.5906,-1.4484,13.701,-2.2163,-3.6333,17.418,6.3583,1.9451
1.8435,-1.5439,-1.704,0.35708,1.8159,-1.3982,13.814,-2.2405,-3.7264,17.895,6.0528,2.1801
2.329,-1.3155,-1.7839,-0.13984,2.0243,-1.3606,13.89,-2.2487,-3.7799,18.267,5.683,2.3777
2.6521,-1.1574,-1.8724,-0.47206,2.2274,-1.345,13.921,-2.2464,-3.8025,18.53,5.2669,2.5272
2.7983,-1.0657,-1.9791,-0.62565,2.4238,-1.3506,13.915,-2.2421,-3.8006,18.697,4.8161,2.6338
2.7739,-1.029,-2.1001,-0.61731,2.5969,-1.3741,13.875,-2.2489,-3.7861,18.772,4.3291,2.7106
2.6041,-1.0352,-2.2227,-0.48511,2.7217,-1.4146,13.79,-2.2802,-3.7754,18.737,3.7945,2.7719
2.3279,-1.0727,-2.3362,-0.27821,2.7762,-1.4731,13.636,-2.3428,-3.7768,18.56,3.1954,2.8291
1.9919,-1.1322,-2.4393,-0.04634,2.7544,-1.55,13.388,-2.4334,-3.7823,18.203,2.523,2.8882
1.644,-1.2098,-2.5361,0.17071,2.6705,-1.6436,13.042,-2.5405,-3.7738,17.638,1.7842,2.9471
1.3305,-1.3091,-2.627,0.3505,2.5547,-1.7506,12.605,-2.6492,-3.7385,16.855,1.0046,2.9958
1.0947,-1.4398,-2.7046,0.48835,2.4468,-1.8672,12.085,-2.7472,-3.6794,15.888,0.22366,3.0219
0.97418,-1.6113,-2.7582,0.5919,2.3866,-1.9912,11.482,-2.827,-3.6153,14.821,-0.5162,3.0156
0.99412,-1.8291,-2.7791,0.67451,2.4024,-2.1201,10.809,-2.8855,-3.5727,13.762,-1.1819,2.9721
1.1534,-2.0938,-2.7625,0.75116,2.4951,-2.2502,10.095,-2.9234,-3.5759,12.8,-1.7585,2.8917
1.4102,-2.4041,-2.7019,0.83804,2.6265,-2.377,9.3603,-2.9458,-3.6392,11.971,-2.2503,2.7814
1.6796,-2.7602,-2.5819,0.95446,2.721,-2.4958,8.6009,-2.961,-3.7618,11.266,-2.6741,2.6543
1.8489,-3.162,-2.3751,1.1244,2.6839,-2.6,7.8028,-2.9778,-3.9264,10.66,-3.0484,2.5302
1.8031,-3.6036,-2.0475,1.3746,2.4304,-2.676,6.9635,-2.9987,-4.1041,10.13,-3.3822,2.4318
1.4486,-4.0681,-1.5723,1.7295,1.9111,-2.703,6.1015,-3.0167,-4.2684,9.6562,-3.6729,2.3793
0.73353,-4.5255,-0.94699,2.2023,1.1241,-2.6606,5.2442,-3.0178,-4.4067,9.2251,-3.9123,2.3837
-0.34312,-4.9419,-0.20488,2.7884,0.11381,-2.5418,4.4062,-2.9883,-4.5255,8.8212,-4.0987,2.4399
-1.7384,-5.2971,0.58901,3.4693,-1.0424,-2.3628,3.5822,-2.9233,-4.648,8.428,-4.2451,2.5228
-3.384,-5.5997,1.3573,4.2266,-2.2549,-2.1634,2.7611,-2.8305,-4.8061,8.0274,-4.38,2.5884
-5.1959,-5.8858,2.0358,5.0513,-3.4448,-1.9912,1.9447,-2.7282,-5.0276,7.6019,-4.5398,2.5835
-7.0663,-6.1966,2.5904,5.9283,-4.5538,-1.8827,1.1503,-2.6376,-5.3206,7.1411,-4.7553,2.4647
-8.8544,-6.549,3.0239,6.8103,-5.5329,-1.8498,0.40007,-2.5741,-5.6634,6.6496,-5.0389,2.2161
-10.393,-6.9206,3.3599,7.6066,-6.3277,-1.8778,-0.28011,-2.542,-6.0087,6.1485,-5.379,1.8599
-11.515,-7.2568,3.6198,8.2041,-6.8757,-1.9323,-0.85962,-2.5352,-6.3029,5.6674,-5.7408,1.4446
-12.091,-7.4844,3.8043,8.5006,-7.1178,-1.9743,-1.3119,-2.5426,-6.5107,5.229,-6.0827,1.0174
-12.048,-7.5358,3.8902,8.433,-7.0132,-1.9748,-1.6299,-2.5557,-6.6312,4.836,-6.3745,0.60037
-11.391,-7.3716,3.842,7.994,-6.553,-1.9262,-1.8316,-2.5714,-6.6947,4.4684,-6.6102,0.18662
-10.195,-6.995,3.6295,7.2369,-5.7674,-1.8445,-1.951,-2.5906,-6.7454,4.0954,-6.81,-0.24712
-8.6004,-6.4508,3.2413,6.2707,-4.7259,-1.7581,-2.0232,-2.6166,-6.8234,3.6922,-7.0074,-0.72462
-6.8005,-5.81,2.6937,5.2382,-3.5296,-1.6928,-2.0746,-2.6539,-6.9533,3.2529,-7.2344,-1.2589
-5.0135,-5.1462,2.0341,4.2745,-2.2977,-1.6563,-2.1172,-2.7083,-7.1385,2.7912,-7.5081,-1.8458
-3.4287,-4.5106,1.3387,3.4604,-1.1478,-1.632,-2.1507,-2.7828,-7.3608,2.3313,-7.8245,-2.4622
-2.155,-3.9204,0.69754,2.8021,-0.17561,-1.5856,-2.1661,-2.8728,-7.5857,1.8977,-8.1603,-3.0703
-1.1953,-3.3616,0.18937,2.25,0.56832,-1.4806,-2.1488,-2.9641,-7.7748,1.5078,-8.4798,-3.6266
-0.45276,-2.8035,-0.1434,1.7287,1.0968,-1.2958,-2.085,-3.0381,-7.8994,1.1687,-8.7459,-4.0921
0.21989,-2.2175,-0.30512,1.1588,1.4799,-1.0344,-1.9712,-3.0792,-7.9489,0.87761,-8.9322,-4.4433
0.94561,-1.5972,-0.33676,0.48995,1.805,-0.72288,-1.823,-3.0838,-7.9318,0.62364,-9.0326,-4.681
1.7627,-0.97125,-0.29297,-0.26807,2.1262,-0.40126,-1.6773,-3.0618,-7.8712,0.39084,-9.063,-4.8336
2.603,-0.39932,-0.2182,-1.0394,2.4325,-0.11042,-1.5845,-3.0333,-7.7973,0.1619,-9.0552,-4.948
3.3114,0.048487,-0.13112,-1.7055,2.653,0.12007,-1.5912,-3.0212,-7.7379,-0.077648,-9.0433,-5.0701
3.6982,0.31971,-0.022124,-2.1431,2.6947,0.28059,-1.7206,-3.0422,-7.7098,-0.33532,-9.0501,-5.2199
3.6084,0.4,0.13559,-2.2621,2.4902,0.38343,-1.9649,-3.1013,-7.7115,-0.60985,-9.079,-5.3807
2.983,0.31509,0.3659,-2.0323,2.0296,0.4551,-2.2908,-3.1891,-7.7236,-0.89359,-9.1171,-5.5054
1.8807,0.11469,0.66968,-1.4916,1.3667,0.52074,-2.6541,-3.2868,-7.7172,-1.1785,-9.1463,-5.5414
0.46527,-0.14971,1.0157,-0.73466,0.60446,0.58924,-3.0158,-3.3748,-7.6673,-1.4616,-9.156,-5.4595
-1.0317,-0.442,1.3493,0.1116,-0.13032,0.64907,-3.3534,-3.4412,-7.5642,-1.745,-9.1492,-5.2711
-2.3623,-0.74275,1.6137,0.91546,-0.71888,0.6768,-3.664,-3.4848,-7.417,-2.0314,-9.1404,-5.0243
-3.3214,-1.0431,1.7735,1.5665,-1.0814,0.65138,-3.959,-3.5135,-7.2478,-2.3181,-9.1475,-4.7833
-3.7987,-1.3384,1.827,1.9963,-1.1979,0.56618,-4.2529,-3.5394,-7.0827,-2.5956,-9.183,-4.6048
-3.8029,-1.6245,1.8058,2.1863,-1.109,0.43305,-4.5554,-3.5754,-6.9435,-2.8525,-9.253,-4.5228
-3.4418,-1.8944,1.7608,2.164,-0.89457,0.27981,-4.8674,-3.6324,-6.8442,-3.0805,-9.3559,-4.5431
-2.8747,-2.1386,1.7455,1.9904,-0.64469,0.14127,-5.1808,-3.7179,-6.7869,-3.2785,-9.4828,-4.6466
-2.2712,-2.3483,1.7993,1.7465,-0.43944,0.047402,-5.4796,-3.8342,-6.7614,-3.4521,-9.6182,-4.7985
-1.7827,-2.5209,1.9398,1.5166,-0.34235,0.012987,-5.7435,-3.9787,-6.7481,-3.6133,-9.7428,-4.9591
-1.5205,-2.6655,2.1621,1.3715,-0.39627,0.032625,-5.9528,-4.1438,-6.7258,-3.7777,-9.8375,-5.0968
-1.544,-2.8057,2.4458,1.3594,-0.61703,0.083626,-6.0959,-4.3194,-6.6808,-3.9624,-9.8898,-5.1955
-1.8625,-2.9747,2.7641,1.5054,-0.99306,0.13568,-6.1779,-4.4944,-6.615,-4.1802,-9.8978,-5.2568
-2.4487,-3.2025,3.0939,1.814,-1.4959,0.16322,-6.2214,-4.6587,-6.5476,-4.4329,-9.8696,-5.2924
-3.2552,-3.5006,3.4231,2.2697,-2.0943,0.15551,-6.2576,-4.8033,-6.5081,-4.706,-9.818,-5.3142
-4.2296,-3.8536,3.7514,2.8386,-2.7617,0.12025,-6.3124,-4.9211,-6.5234,-4.9675,-9.7538,-5.3248
-5.3225,-4.2251,4.0853,3.4754,-3.4764,0.078316,-6.3947,-5.0055,-6.6055,-5.1751,-9.6821,-5.3173
-6.4858,-4.5754,4.4288,4.1345,-4.2178,0.051138,-6.4959,-5.0516,-6.7453,-5.2924,-9.604,-5.2825
-7.6666,-4.8813,4.7735,4.7801,-4.9595,0.047044,-6.5966,-5.0543,-6.9146,-5.3074,-9.5213,-5.2173
-8.8003,-5.1465,5.0951,5.3877,-5.6637,0.054732,-6.6777,-5.0137,-7.0776,-5.2389,-9.4396,-5.1286
-9.8103,-5.3956,5.3592,5.9373,-6.2795,0.048023,-6.727,-4.9361,-7.2039,-5.1277,-9.3666,-5.0287
-10.614,-5.655,5.5321,6.4044,-6.7484,-0.00075649,-6.741,-4.8339,-7.278,-5.0171,-9.3077,-4.9254
-11.133,-5.9331,5.5924,6.7563,-7.0169,-0.1063,-6.7237,-4.7223,-7.301,-4.9378,-9.2638,-4.8164
-11.313,-6.2092,5.5359,6.9561,-7.0499,-0.26257,-6.6849,-4.6178,-7.2856,-4.9041,-9.2333,-4.693
-11.129,-6.4385,5.3738,6.9724,-6.8402,-0.44596,-6.6392,-4.5365,-7.2496,-4.9175,-9.2165,-4.5487
-10.597,-6.5701,5.1259,6.7897,-6.4137,-0.62651,-6.6043,-4.4933,-7.2111,-4.9732,-9.2165,-4.388
-9.7772,-6.5723,4.8123,6.42,-5.8274,-0.78549,-6.5964,-4.4994,-7.1848,-5.0646,-9.2355,-4.2266
-8.7717,-6.45,4.4458,5.9094,-5.1618,-0.92367,-6.6262,-4.5576,-7.1775,-5.1854,-9.2682,-4.0835
-7.7143,-6.2423,4.0329,5.3322,-4.506,-1.0588,-6.6945,-4.6586,-7.1875,-5.3297,-9.2987,-3.97
-6.7425,-6.0038,3.5776,4.7709,-3.9369,-1.2127,-6.7925,-4.7789,-7.2048,-5.491,-9.3036,-3.883
-5.9564,-5.7753,3.0846,4.2895,-3.4954,-1.396,-6.9065,-4.889,-7.2156,-5.6596,-9.2606,-3.8074
-5.3846,-5.5663,2.5591,3.914,-3.174,-1.5995,-7.0246,-4.963,-7.209,-5.8221,-9.1571,-3.726
-4.9767,-5.3558,2.0066,3.6284,-2.9161,-1.7973,-7.1441,-4.9908,-7.1846,-5.9641,-8.9961,-3.6305
-4.6242,-5.1127,1.4328,3.3861,-2.6318,-1.9581,-7.2726,-4.9811,-7.155,-6.077,-8.7964,-3.5295
-4.1978,-4.8197,0.84483,3.1305,-2.2261,-2.0631,-7.4236,-4.9569,-7.1417,-6.1658,-8.587,-3.4478
-3.5878,-4.4894,0.2477,2.8161,-1.6312,-2.1178,-7.6076,-4.9409,-7.1681,-6.2512,-8.3992,-3.4173
-2.7352,-4.1597,-0.35852,2.4204,-0.83163,-2.1525,-7.8233,-4.9467,-7.2489,-6.3618,-8.2558,-3.4649
-1.6517,-3.8767,-0.97597,1.9475,0.12788,-2.2067,-8.054,-4.9745,-7.3848,-6.5214,-8.1621,-3.5994
-0.4191,-3.6737,-1.6016,1.4248,1.1555,-2.3101,-8.2695,-5.0121,-7.5619,-6.7341,-8.1027,-3.8046
0.83141,-3.5579,-2.2219,0.89629,2.1398,-2.4691,-8.4335,-5.0393,-7.7552,-6.9789,-8.046,-4.0423
1.9536,-3.5081,-2.8151,0.41221,2.9827,-2.6663,-8.5139,-5.0291,-7.935,-7.2136,-7.9557,-4.2647
2.8197,-3.4855,-3.3609,0.019607,3.6245,-2.8708,-8.4911,-4.9529,-8.0742,-7.3929,-7.8056,-4.4336
3.3453,-3.4504,-3.85,-0.24521,4.0552,-3.0532,-8.3652,-4.7865,-8.154,-7.4884,-7.5902,-4.535
3.5038,-3.3806,-4.2859,-0.35988,4.3115,-3.1958,-8.151,-4.5154,-8.1665,-7.5,-7.3253,-4.5818
3.3333,-3.2775,-4.6751,-0.31821,4.46,-3.2934,-7.8683,-4.1387,-8.113,-7.4488,-7.0362,-4.6012
2.9331,-3.1542,-5.0091,-0.13498,4.5702,-3.3423,-7.533,-3.6684,-7.9977,-7.3581,-6.7409,-4.6144
2.4484,-3.0131,-5.2489,0.14823,4.6924,-3.3268,-7.1502,-3.1244,-7.8205,-7.2355,-6.4355,-4.6205
2.039,-2.8299,-5.3295,0.46214,4.8483,-3.2115,-6.7134,-2.5272,-7.5716,-7.0647,-6.0902,-4.5922
1.8455,-2.5527,-5.1793,0.71602,5.031,-2.9526,-6.2089,-1.8868,-7.2291,-6.8077,-5.658,-4.4846
1.9681,-2.1123,-4.7583,0.80733,5.2175,-2.5157,-5.6236,-1.1929,-6.7624,-6.417,-5.0906,-4.2531
2.4627,-1.4315,-4.0817,0.63043,5.381,-1.8816,-4.9535,-0.40978,-6.1376,-5.8554,-4.3553,-3.8702
3.3413,-0.42916,-3.1988,0.081925,5.4958,-1.0326,-4.2058,0.52106,-5.3216,-5.1132,-3.4422,-3.3333
4.568,0.97798,-2.1615,-0.93457,5.541,0.066944,-3.3968,1.6679,-4.2777,-4.2128,-2.361,-2.6595
6.0612,2.8668,-0.99712,-2.4968,5.4956,1.4764,-2.5464,3.0927,-2.9522,-3.1932,-1.1288,-1.8713
7.7227,5.2946,0.29354,-4.6431,5.3387,3.2512,-1.6729,4.8326,-1.2568,-2.0861,0.24392,-0.98169
9.4897,8.2895,1.7186,-7.3685,5.0551,5.4093,-0.78795,6.881,0.92641,-0.89795,1.7624,0.013339
11.383,11.844,3.2756,-10.649,4.6419,7.9114,0.10482,9.1727,3.675,0.39045,3.4474,1.132
13.522,15.923,4.938,-14.462,4.1132,10.665,1.0116,11.596,6.8899,1.8119,5.3217,2.3956
16.082,20.453,6.6508,-18.75,3.5027,13.549,1.9374,14.026,10.281,3.3954,7.3913,3.8158
19.169,25.314,8.3393,-23.354,2.8656,16.441,2.8707,16.372,13.626,5.1506,9.6322,5.385
22.642,30.315,9.9226,-28.011,2.2812,19.222,3.7714,18.592,16.949,7.0601,11.994,7.076
26.127,35.206,11.323,-32.447,1.8555,21.773,4.5718,20.692,20.361,9.0842,14.425,8.8493
29.325,39.717,12.471,-36.469,1.7147,23.98,5.1927,22.707,23.858,11.179,16.897,10.665
32.208,43.644,13.316,-39.976,1.9771,25.761,5.5714,24.678,27.338,13.319,19.435,12.49
34.916,46.89,13.825,-42.951,2.7013,27.081,5.6763,26.632,30.734,15.512,22.108,14.297
37.617,49.434,13.976,-45.439,3.8456,27.931,5.5096,28.578,34.056,17.785,24.981,16.069
40.444,51.262,13.743,-47.515,5.3365,28.287,5.1002,30.501,37.332,20.165,28.059,17.798
43.473,52.336,13.063,-49.251,7.3109,28.08,4.4873,32.368,40.5,22.647,31.245,19.494
46.709,52.611,11.799,-50.705,10.171,27.2,3.7021,34.125,43.347,25.191,34.362,21.182
50.091,52.092,9.755,-51.912,14.16,25.547,2.753,35.704,45.551,27.714,37.23,22.878
53.526,50.873,6.8188,-52.895,19.161,23.148,1.6247,37.023,46.877,30.098,39.738,24.583
56.932,49.12,3.1228,-53.675,24.866,20.225,0.29042,37.977,47.366,32.196,41.87,26.266
60.259,47.008,-0.985,-54.266,30.872,17.092,-1.2728,38.453,47.334,33.861,43.673,27.876
63.452,44.653,-5.1225,-54.676,36.723,13.993,-3.0728,38.366,47.221,34.96,45.218,29.349
66.416,42.096,-9.0234,-54.894,42.008,11.072,-5.0952,37.705,47.397,35.4,46.573,30.623
69.015,39.325,-12.575,-54.896,46.441,8.4183,-7.2867,36.538,47.978,35.145,47.79,31.654
71.073,36.323,-15.783,-54.648,49.853,6.09,-9.53,34.964,48.705,34.219,48.896,32.43
72.368,33.096,-18.672,-54.102,52.154,4.1036,-11.643,33.066,49.062,32.692,49.9,32.961
72.642,29.689,-21.17,-53.192,53.324,2.4349,-13.445,30.894,48.558,30.669,50.789,33.271
71.727,26.183,-23.126,-51.819,53.446,1.0314,-14.831,28.495,46.976,28.281,51.54,33.378
69.758,22.69,-24.457,-49.884,52.589,-0.17206,-15.821,25.923,44.455,25.676,52.117,33.275
67.17,19.337,-25.207,-47.352,50.768,-1.2379,-16.515,23.222,41.352,22.994,52.464,32.919
64.341,16.221,-25.494,-44.287,48.16,-2.2145,-17.03,20.396,37.969,20.316,52.464,32.23
61.361,13.381,-25.445,-40.804,45.178,-3.1357,-17.426,17.417,34.386,17.647,51.904,31.115
58.147,10.794,-25.183,-36.978,42.233,-4.0331,-17.69,14.261,30.488,14.937,50.504,29.513
54.593,8.4001,-24.812,-32.814,39.5,-4.9479,-17.762,10.963,26.157,12.129,48.055,27.429
50.593,6.1347,-24.414,-28.271,36.93,-5.9285,-17.578,7.6474,21.462,9.2001,44.567,24.933
46.042,3.9548,-24.037,-23.317,34.381,-7.0152,-17.114,4.5119,16.661,6.1758,40.252,22.133
40.897,1.8423,-23.695,-18.008,31.709,-8.227,-16.396,1.7443,12.023,3.1061,35.381,19.145
35.259,-0.20829,-23.396,-12.625,28.85,-9.5638,-15.499,-0.56555,7.7137,0.040456,30.175,16.069
29.42,-2.2061,-23.158,-7.7097,25.885,-11.02,-14.524,-2.453,3.8595,-2.9951,24.8,12.997
23.801,-4.1736,-23.024,-3.784,23.043,-12.596,-13.564,-4.0255,0.63068,-6.0171,19.403,10.014
18.754,-6.1493,-23.039,-0.97559,20.61,-14.289,-12.678,-5.3904,-1.8799,-9.1011,14.157,7.2143
14.403,-8.1838,-23.227,0.94302,18.792,-16.076,-11.888,-6.6172,-3.7902,-12.372,9.2654,4.6964
10.725,-10.328,-23.576,2.276,17.655,-17.901,-11.193,-7.7389,-5.3007,-15.942,4.9322,2.5318
7.7323,-12.608,-24.043,3.2592,17.15,-19.68,-10.589,-8.7721,-6.5533,-19.793,1.2811,0.72043
5.5286,-15.004,-24.571,4.0607,17.144,-21.332,-10.075,-9.7364,-7.6224,-23.722,-1.696,-0.80357
4.2213,-17.429,-25.103,4.8134,17.438,-22.804,-9.6601,-10.665,-8.5504,-27.424,-4.1142,-2.1235
3.7359,-19.753,-25.591,5.6234,17.799,-24.076,-9.3655,-11.602,-9.3696,-30.662,-6.1216,-3.3039
3.7383,-21.846,-26.003,6.5491,18.035,-25.153,-9.2151,-12.593,-10.108,-33.347,-7.8427,-4.3833
3.8133,-23.629,-26.326,7.5814,18.065,-26.059,-9.221,-13.662,-10.788,-35.507,-9.3589,-5.3796
3.6542,-25.096,-26.559,8.6659,17.889,-26.82,-9.3717,-14.802,-11.425,-37.222,-10.712,-6.297
3.0958,-26.299,-26.69,9.7613,17.499,-27.464,-9.6319,-15.968,-12.022,-38.582,-11.915,-7.1324
2.0807,-27.317,-26.688,10.874,16.845,-28.01,-9.9495,-17.088,-12.567,-39.669,-12.972,-7.8839
0.63889,-28.218,-26.512,12.037,15.865,-28.457,-10.267,-18.084,-13.04,-40.548,-13.884,-8.5564
-1.1183,-29.024,-26.128,13.266,14.537,-28.784,-10.536,-18.899,-13.423,-41.271,-14.661,-9.1628
-3.0132,-29.708,-25.529,14.52,12.914,-28.958,-10.724,-19.504,-13.699,-41.876,-15.313,-9.7221
-4.84,-30.218,-24.731,15.704,11.119,-28.948,-10.821,-19.903,-13.862,-42.386,-15.854,-10.256
-6.4132,-30.509,-23.773,16.702,9.3137,-28.74,-10.833,-20.119,-13.912,-42.815,-16.296,-10.782
-7.6089,-30.568,-22.696,17.424,7.6542,-28.341,-10.772,-20.188,-13.852,-43.172,-16.659,-11.312
-8.3866,-30.413,-21.541,17.841,6.2429,-27.779,-10.644,-20.157,-13.695,-43.465,-16.964,-11.847
-8.7882,-30.087,-20.34,17.989,5.1079,-27.095,-10.437,-20.072,-13.46,-43.702,-17.24,-12.378
-8.9139,-29.635,-19.117,17.936,4.2175,-26.324,-10.131,-19.978,-13.174,-43.892,-17.511,-12.889
-8.8829,-29.085,-17.892,17.743,3.5199,-25.489,-9.7069,-19.905,-12.861,-44.037,-17.791,-13.363
-8.7927,-28.437,-16.685,17.434,2.9735,-24.594,-9.157,-19.859,-12.533,-44.131,-18.082,-13.783
-8.6968,-27.667,-15.533,16.993,2.5549,-23.636,-8.4926,-19.819,-12.185,-44.159,-18.376,-14.138
-8.6014,-26.749,-14.48,16.389,2.2508,-22.62,-7.7383,-19.751,-11.806,-44.11,-18.656,-14.428
-8.4692,-25.69,-13.57,15.612,2.0556,-21.571,-6.9258,-19.617,-11.384,-43.984,-18.912,-14.667
-8.2299,-24.547,-12.825,14.699,1.9743,-20.538,-6.0842,-19.392,-10.916,-43.807,-19.141,-14.881
-7.8098,-23.435,-12.237,13.744,2.0216,-19.583,-5.2281,-19.069,-10.412,-43.627,-19.352,-15.104
-7.1692,-22.489,-11.766,12.874,2.2039,-18.758,-4.3486,-18.657,-9.8924,-43.511,-19.558,-15.371
-6.3276,-21.805,-11.328,12.209,2.4953,-18.07,-3.4159,-18.186,-9.3882,-43.515,-19.78,-15.712
-5.3751,-21.371,-10.797,11.802,2.8313,-17.448,-2.3937,-17.709,-8.929,-43.662,-20.032,-16.146
-4.4642,-21.037,-10.019,11.616,3.1319,-16.722,-1.2588,-17.312,-8.5361,-43.93,-20.317,-16.667
-3.7615,-20.524,-8.8435,11.516,3.3264,-15.632,-0.025109,-17.125,-8.2216,-44.264,-20.62,-17.242
-3.3924,-19.478,-7.1916,11.301,3.3519,-13.884,1.209,-17.349,-8.0024,-44.609,-20.905,-17.792
-3.4335,-17.56,-5.1283,10.814,3.132,-11.318,2.2018,-18.295,-7.9243,-44.931,-21.124,-18.195
-3.9409,-14.738,-2.9276,10.102,2.5708,-8.3286,2.602,-20.385,-8.0812,-45.243,-21.22,-18.302
-4.9595,-12.082,-1.343,9.5401,1.5444,-6.6314,2.2837,-23.714,-8.5845,-45.61,-21.134,-17.982
-6.4797,-13.621,-3.2531,9.8262,-0.15264,-11.181,4.8269,-25.365,-8.4495,-46.146,-20.799,-17.193
-8.3691,-22.932,-7.3837,12.154,-2.798,-16.633,10.759,-25.47,-1.2481,-46.997,-20.149,-16.043
-10.359,-28.257,-7.0186,17.858,-6.2749,-16.982,11.935,-25.623,-0.42979,-48.285,-19.204,-15.269
-12.108,-28.164,-3.6885,23.988,-10.132,-14.658,13.79,-25.6,-0.41809,-49.961,-18.982,-20.84
-13.303,-23.565,2.8227,25.903,-14.459,-8.8751,16.107,-26.551,-1.1613,-51.243,-27.88,-33.142
-13.754,-13.622,13.491,23.257,-19.45,1.8798,18.107,-30.717,-3.0345,-51.485,-41.7,-36.857
-13.513,2.3063,29.49,16.272,-25.147,18.924,18.102,-41.679,-7.4119,-50.102,-42.836,-37.048
-13.347,24.54,51.569,5.1327,-31.556,42.638,12.961,-64.262,-17.105,-48.399,-38.66,-33.038
-14.159,53.236,78.59,-9.267,-38.894,72.113,-2.9152,-103.29,-36.403,-49.384,-30.304,-24.234
-10.625,86.925,106.95,-26.408,-48.626,104.07,-38.346,-160.89,-69.878,-55.122,-17.977,-10.397
-7.2793,119.65,132.72,-45.638,-62.521,132.07,-91.397,-238.21,-120.18,-67.749,-1.2317,8.7216
-4.7182,145.47,153.78,-63.742,-75.481,152.57,-153.36,-337.79,-191.13,-90.007,20.356,33.78
-1.3223,164.41,168.85,-78.858,-81.556,166.72,-223.4,-460.31,-288.47,-123.98,47.37,65.989
4.2718,179.67,176.13,-92.591,-80.212,176.4,-298.77,-605.41,-412.24,-172.25,81.562,106.64
13.279,194.72,177.2,-107.1,-74.446,184.06,-376.74,-769.38,-558.15,-234.99,125.85,156.72
27.924,213.92,177.69,-125.33,-66.989,194.01,-454.51,-943.75,-717.42,-306.12,182.19,217.13
53.097,242.42,180.95,-151.4,-58.381,210.25,-530.32,-1116.9,-876.12,-373.71,255.03,291.18
88.702,283.13,186.65,-187.75,-49.05,233.81,-603.24,-1275.9,-1017.1,-423.73,349.23,382.71
129,333.86,193.13,-233,-36.687,262.51,-671.9,-1408.6,-1123.2,-442.87,465.68,489.42
172.99,386.11,197.21,-281.48,-15.739,290.57,-732.82,-1504.4,-1180.4,-416.57,600.13,604.16
215.58,425.93,193.41,-323.44,13.797,307.99,-779.81,-1556,-1179.9,-336.32,741.08,715.89
249.66,437.95,175.69,-346.71,42.57,304,-805.39,-1561.4,-1121.6,-206.48,869.25,809.21
267.9,411.96,141.22,-341.31,69.847,272.93,-804.11,-1526.1,-1016.9,-46.2,960.8,867.01
263.51,348.96,93.497,-304.51,92.539,218.1,-775.85,-1463.7,-889.29,112.49,994.08,875.75
233.36,262.3,43.587,-242.55,103.47,152.07,-726.41,-1393.4,-770.06,231.01,956.48,830.3
180.24,172.35,7.0235,-168.02,96.346,92.277,-664.66,-1333.5,-690.54,273.42,847.63,735.03
111.53,97.33,-3.7139,-94.369,68.384,52.955,-598.16,-1295.3,-672.72,215.84,677.76,600.99
36.33,45.908,14.004,-30.742,22.444,38.474,-530.91,-1278.9,-722.11,54.376,464.07,441.86
-37.107,15.686,51.584,20.227,-33.219,42.65,-464.51,-1275.4,-825.45,-190.76,227.89,271.29
-102.75,-2.8444,94.146,60.782,-87.893,53.471,-400.51,-1271.2,-954.41,-477.51,-6.9078,102.59
-156.53,-19.915,127.7,94.296,-131.93,59.369,-341.01,-1253.9,-1074.2,-751.75,-216.21,-51.025
-195.58,-41.421,143.28,122.3,-159.19,53.672,-287.93,-1214.8,-1153.8,-962.75,-379.46,-177.22
-218.44,-67.854,137.85,144.46,-168.1,35.488,-242.25,-1150.1,-1175.1,-1078.6,-484.19,-266.88
-225.62,-95.885,114.58,159.95,-161.09,8.247,-203.88,-1060.9,-1136,-1094.3,-529.05,-316.61
-219.57,-121.06,82.826,168.37,-143.04,-22.746,-171.32,-953.21,-1048,-1029.3,-523.51,-330.18
-204.32,-140.85,51.128,170.7,-119.38,-49.476,-141.9,-836.25,-928.79,-916.26,-483.99,-317.02
-184.73,-155.11,22.649,169,-94.672,-67.783,-112.97,-720,-796.61,-787.38,-428.23,-288.7
-165.49,-163.27,-0.8952,164.93,-72.662,-80.644,-83.154,-612.1,-667.52,-665.5,-370.62,-255.42
-150.15,-165.46,-14.698,159.42,-56.141,-89.071,-52.797,-516.67,-552.09,-563.24,-319.94,-224.12
-139.13,-161.92,-20.588,152.79,-46.419,-91.041,-23.662,-434.86,-454.58,-483.02,-279.17,-197.77
-130.1,-152.04,-23.949,144.17,-42.039,-84.776,1.7255,-365.48,-374.76,-420.35,-246.94,-175.83
-121.09,-135.59,-20.286,132.46,-40.649,-71.339,21.003,-306.05,-309.43,-369.57,-220.33,-155.99
-111,-114.08,-7.5968,117.77,-40.146,-54.787,32.906,-253.86,-253.85,-324.38,-195.68,-135.01
-99.645,-90.897,3.6577,101.44,-39.471,-40.106,37.746,-206.75,-203.41,-280.06,-171.15,-114.62
-86.628,-69.486,6.0479,84.554,-37.239,-28.315,37.601,-163.34,-155.14,-235.82,-145.6,-95.76
-72.591,-51.647,6.5471,67.761,-33.847,-19.041,35.386,-122.83,-108.51,-193.37,-119.47,-76.576
-59.245,-37.874,6.8806,52.217,-29.76,-12.914,33.118,-84.554,-65.308,-155.68,-95.174,-58.57
-48.155,-28.241,7.2268,39.419,-23.595,-9.8618,28.736,-50.169,-27.622,-124.81,-75.049,-44.057
-39.743,-22.463,7.5832,30.229,-17.444,-8.8127,22.787,-23.685,3.5914,-100.94,-60.319,-33.995
-33.438,-19.662,7.9004,24.412,-13.083,-8.0449,22.659,-6.0589,27.629,-83.488,-50.915,-27.91
-28.709,-18.631,8.1341,21.057,-9.9994,-5.9633,23.062,2.7709,43.527,-71.494,-45.647,-24.781
-25.541,-18.064,8.2758,19.199,-7.6895,-3.1705,23.16,4.4391,51.325,-63.263,-42.967,-23.389
-24.067,-15.752,8.3566,18.207,-6.0003,-0.99857,22.982,2.4119,53.111,-56.86,-41.308,-21.792
-23.568,-12.079,8.429,16.872,-4.8867,0.45704,22.584,0.45968,52.086,-50.691,-38.581,-16.504
-21.925,-8.897,8.5323,14.093,-4.277,1.4972,21.997,2.5587,51.8,-43.667,-30.409,-11.497
-19.151,-6.6817,8.6629,11.66,-4.0317,2.2938,21.253,8.1633,55.302,-35.836,-22.236,-8.738
-17.095,-5.2268,8.7815,10.123,-3.9792,2.9068,20.396,13.742,63.601,-30.274,-18.485,-6.9289
-15.912,-4.2415,8.8534,9.1954,-3.9832,3.3691,19.486,19.075,75.815,-25.214,-16.433,-5.6472
-15.141,-3.4941,8.8896,8.5665,-3.9747,3.735,18.591,23.758,86.629,-19.794,-15.094,-4.7463
-14.468,-2.808,8.9559,8.0125,-3.944,4.0921,17.768,27.645,93.318,-15.038,-14.16,-4.1263
-13.758,-2.0509,9.1455,7.3976,-3.9182,4.5463,17.052,30.856,97.338,-11.214,-13.461,-3.6889
-12.994,-1.1381,9.5409,6.6624,-3.9356,5.1958,16.451,33.616,99.806,-8.07,-12.862,-3.3354
-12.224,-0.039199,10.188,5.8118,-4.0232,6.1076,15.953,36.176,101.41,-5.3496,-12.267,-2.9801
-11.511,1.2279,11.092,4.8987,-4.1842,7.3071,15.543,38.764,102.83,-2.9669,-11.624,-2.5676
-10.913,2.6175,12.229,4.0015,-4.3984,8.7774,15.216,41.545,104.87,-0.92024,-10.925,-2.0824
-10.452,4.0841,13.549,3.1947,-4.6331,10.467,14.984,44.577,108.13,0.8363,-10.184,-1.5434
-10.122,5.6013,14.988,2.5214,-4.8596,12.302,14.871,47.788,112.37,2.4009,-9.4234,-0.98979
-9.8882,7.162,16.484,1.9802,-5.0696,14.213,14.896,50.982,116.54,3.8658,-8.6667,-0.46756
-9.7137,8.7611,17.999,1.5329,-5.2851,16.143,15.064,53.912,119.9,5.2836,-7.9385,-0.018399
-9.5757,10.381,19.536,1.124,-5.5537,18.062,15.359,56.397,122.33,6.6714,-7.2577,0.32901
-9.466,11.996,21.124,0.69608,-5.9304,19.949,15.747,58.399,124,8.0335,-6.63,0.56422
-9.3843,13.573,22.784,0.20469,-6.4537,21.784,16.179,60.033,125.13,9.3846,-6.0441,0.69663
-9.3369,15.075,24.497,-0.3652,-7.13,23.531,16.601,61.5,125.93,10.758,-5.4758,0.7544
-9.3374,16.45,26.193,-0.98715,-7.9294,25.137,16.968,63.003,126.68,12.198,-4.8987,0.77708
-9.407,17.626,27.781,-1.5962,-8.7957,26.548,17.244,64.678,127.61,13.738,-4.2923,0.79942
-9.5702,18.54,29.189,-2.1068,-9.6639,27.72,17.412,66.55,128.86,15.381,-3.6481,0.83518
-9.849,19.167,30.4,-2.4384,-10.478,28.641,17.467,68.536,130.42,17.084,-2.9717,0.87301
-10.253,19.538,31.44,-2.5376,-11.2,29.327,17.416,70.49,132.16,18.768,-2.2801,0.88666
-10.772,19.741,32.347,-2.3917,-11.796,29.816,17.27,72.268,133.86,20.347,-1.5948,0.85174
-11.376,19.882,33.12,-2.0293,-12.222,30.153,17.038,73.784,135.37,21.777,-0.93188,0.76083
-12.027,20.046,33.714,-1.5113,-12.426,30.37,16.724,75.038,136.58,23.071,-0.29521,0.63094
-12.689,20.263,34.066,-0.9169,-12.403,30.48,16.326,76.108,137.51,24.276,0.32411,0.49911
-13.338,20.497,34.144,-0.32915,-12.23,30.48,15.846,77.107,138.3,25.445,0.94044,0.40767
-13.941,20.67,33.969,0.17696,-12.04,30.376,15.289,78.136,139.1,26.6,1.5635,0.38777
-14.44,20.721,33.618,0.54373,-11.927,30.199,14.668,79.236,140.04,27.729,2.1945,0.4506
-14.755,20.657,33.208,0.73192,-11.893,30.006,14.009,80.374,141.18,28.796,2.8305,0.5899
-14.802,20.56,32.874,0.71506,-11.864,29.869,13.346,81.462,142.47,29.762,3.4734,0.79142
-14.514,20.567,32.718,0.47632,-11.74,29.858,12.706,82.409,143.84,30.604,4.1325,1.042
-13.863,20.831,32.774,0.015323,-11.442,30.034,12.105,83.17,145.18,31.343,4.8208,1.3331
-12.873,21.486,33.022,-0.64181,-10.937,30.452,11.54,83.76,146.42,32.039,5.5483,1.6607
-11.638,22.621,33.423,-1.4429,-10.25,31.155,11,84.246,147.53,32.769,6.3178,2.0249
-10.312,24.263,33.944,-2.3248,-9.4743,32.159,10.474,84.712,148.53,33.589,7.1256,2.4311
-9.0848,26.37,34.562,-3.2349,-8.7478,33.443,9.9506,85.228,149.47,34.514,7.9704,2.8902
-8.1315,28.84,35.259,-4.152,-8.2141,34.948,9.422,85.827,150.42,35.533,8.8646,3.4164
-7.5514,31.541,36.021,-5.0981,-7.9746,36.599,8.8841,86.499,151.42,36.634,9.8426,4.0246
-7.3317,34.362,36.841,-6.1391,-8.0562,38.338,8.34,87.197,152.46,37.819,10.955,4.7281
-7.3522,37.241,37.724,-7.3748,-8.4015,40.148,7.7971,87.863,153.49,39.091,12.251,5.5383
-7.4281,40.161,38.689,-8.9168,-8.8872,42.046,7.2593,88.451,154.45,40.443,13.758,6.4664
-7.3726,43.107,39.757,-10.848,-9.3664,44.054,6.7205,88.948,155.28,41.851,15.473,7.5235
-7.0465,46.045,40.956,-13.174,-9.7194,46.176,6.1644,89.376,155.99,43.282,17.362,8.7183
-6.3869,48.916,42.316,-15.788,-9.8908,48.395,5.5729,89.79,156.64,44.703,19.38,10.051
-5.42,51.654,43.874,-18.506,-9.9024,50.688,4.9366,90.251,157.29,46.096,21.488,11.512
-4.2546,54.217,45.669,-21.139,-9.8516,53.052,4.2603,90.811,158,47.459,23.68,13.094
-3.0505,56.606,47.725,-23.571,-9.8985,55.502,3.56,91.493,158.81,48.818,25.975,14.82
-1.9734,58.878,50.045,-25.796,-10.246,58.055,2.8548,92.29,159.73,50.223,28.402,16.764
-1.1564,61.133,52.627,-27.889,-11.107,60.711,2.1614,93.176,160.71,51.734,30.984,19.033
-0.67791,63.502,55.472,-29.957,-12.658,63.463,1.4923,94.127,161.74,53.408,33.704,21.707
-0.56123,66.117,58.597,-32.077,-14.948,66.316,0.85758,95.134,162.8,55.275,36.499,24.761
-0.79239,69.073,62.041,-34.254,-17.821,69.318,0.2684,96.208,163.89,57.332,39.266,28.038
-1.3443,72.391,65.857,-36.397,-20.982,72.556,-0.26151,97.37,165,59.533,41.909,31.322
-2.1838,76.033,70.089,-38.363,-24.196,76.12,-0.71815,98.638,166.14,61.803,44.376,34.467
-3.2607,79.955,74.741,-40.053,-27.386,80.071,-1.092,100.01,167.3,64.07,46.685,37.459
-4.4946,84.126,79.762,-41.497,-30.571,84.414,-1.3836,101.46,168.47,66.292,48.899,40.374
-5.7739,88.507,85.061,-42.85,-33.768,89.118,-1.6069,102.96,169.65,68.464,51.094,43.328
-6.9659,93.05,90.532,-44.297,-36.96,94.121,-1.7887,104.47,170.83,70.6,53.337,46.426
-7.9348,97.72,96.071,-45.963,-40.114,99.345,-1.9625,105.98,172.03,72.694,55.68,49.744
-8.5641,102.51,101.59,-47.875,-43.217,104.7,-2.1589,107.49,173.23,74.712,58.157,53.329
-8.7791,107.47,107.05,-49.991,-46.266,110.09,-2.3966,109.01,174.4,76.606,60.782,57.195
-8.5615,112.63,112.41,-52.261,-49.237,115.49,-2.6805,110.55,175.53,78.345,63.565,61.332
-7.9531,118.07,117.72,-54.668,-52.056,120.88,-3.005,112.11,176.56,79.932,66.533,65.689
-7.0449,123.85,123.05,-57.255,-54.635,126.3,-3.3607,113.66,177.47,81.409,69.759,70.181
-5.9563,130.08,128.51,-60.139,-56.927,131.8,-3.7397,115.18,178.23,82.833,73.36,74.714
-4.8125,136.88,134.19,-63.519,-58.968,137.45,-4.1394,116.63,178.84,84.264,77.472,79.229
-3.7283,144.32,140.07,-67.623,-60.86,143.35,-4.5645,117.97,179.29,85.739,82.167,83.714
-2.7962,152.33,146.06,-72.58,-62.713,149.56,-5.0249,119.15,179.59,87.263,87.365,88.237
-2.0618,160.53,152.01,-78.301,-64.587,156.15,-5.5308,120.13,179.75,88.805,92.832,93.004
-1.4789,168.5,157.81,-84.383,-66.493,163.11,-6.0867,120.88,179.77,90.314,98.336,98.344
-0.87287,176.07,163.41,-90.192,-68.419,170.38,-6.6881,121.37,179.65,91.736,103.79,104.47
0.00866,183.42,168.9,-95.386,-70.344,177.92,-7.3239,121.55,179.39,93.041,109.23,111.21
1.3304,190.95,174.39,-100.21,-72.245,185.72,-7.9823,121.38,178.99,94.227,114.76,118.05
3.0828,199.05,180.07,-105.09,-74.109,193.76,-8.6581,120.84,178.47,95.319,120.51,124.63
5.2165,207.95,186.08,-110.34,-75.94,202.02,-9.3612,119.92,177.82,96.357,126.61,130.92
7.7679,217.77,192.51,-116.15,-77.734,210.42,-10.122,118.64,177.05,97.379,133.2,137.09
10.825,228.44,199.3,-122.62,-79.479,218.8,-10.998,117.06,176.13,98.414,140.38,143.37
14.44,239.56,206.34,-129.76,-81.19,226.99,-12.068,115.23,175.05,99.47,148.16,149.96
18.562,250.45,213.47,-137.31,-82.916,234.9,-13.43,113.21,173.75,100.54,156.45,156.92
22.96,260.44,220.49,-144.77,-84.736,242.54,-15.18,111.04,172.11,101.61,165.07,164.27
27.172,269.23,227.2,-151.56,-86.729,249.91,-17.387,108.73,169.95,102.65,173.79,171.97
30.684,276.91,233.56,-157.3,-88.943,256.98,-20.046,106.27,167.03,103.65,182.42,179.9
33.282,283.94,239.68,-162.01,-91.356,263.76,-23.056,103.62,163.31,104.58,190.85,187.93
35.161,290.97,245.74,-166.12,-93.827,270.33,-26.313,100.64,158.97,105.43,199.09,195.94
36.718,298.52,251.81,-170.27,-96.125,276.86,-29.878,97.168,154.26,106.18,207.25,203.83
38.347,306.6,257.76,-174.98,-98.036,283.46,-33.889,93.058,149.31,106.81,215.53,211.61
40.317,314.66,263.33,-180.3,-99.47,290.09,-38.297,88.185,144.08,107.3,224.07,219.3
42.683,322.04,268.28,-185.74,-100.46,296.48,-42.83,82.497,138.47,107.64,232.87,226.91
45.295,328.37,272.5,-190.67,-101.12,302.27,-47.281,75.981,132.3,107.81,241.78,234.44
47.897,333.61,276.01,-194.69,-101.56,307.25,-51.708,68.608,125.45,107.79,250.53,241.86
50.218,337.89,278.9,-197.81,-101.87,311.38,-56.333,60.345,117.93,107.57,258.86,249.06
52.046,341.36,281.24,-200.19,-102.12,314.76,-61.362,51.317,109.93,107.18,266.56,255.85
53.317,344.2,283.12,-202.11,-102.36,317.55,-66.879,41.914,101.77,106.63,273.53,262.12
54.137,346.51,284.59,-203.81,-102.6,319.82,-72.85,32.64,93.653,105.94,279.76,267.9
54.678,348.27,285.68,-205.38,-102.87,321.59,-79.205,23.832,85.544,105.12,285.44,273.36
55.05,349.38,286.36,-206.65,-103.12,322.77,-85.829,15.47,77.175,104.15,290.84,278.64
55.251,349.76,286.55,-207.44,-103.27,323.24,-92.473,7.2181,68.335,103.05,296.23,283.8
55.274,349.42,286.02,-207.66,-103.22,322.8,-98.802,-1.3485,59.117,101.82,301.77,288.82
55.21,348.36,284.38,-207.4,-102.79,321.21,-104.62,-10.495,49.718,100.49,307.36,293.62
55.175,346.58,281.12,-206.79,-101.66,318.2,-109.96,-20.279,40.164,99.044,312.65,298.09
55.174,344.1,275.87,-205.96,-99.34,313.78,-115.06,-30.692,30.499,97.498,317.22,302.12
55.137,341.01,269.06,-204.96,-95.536,308.26,-120.17,-41.734,21.069,95.851,320.69,305.6
55.049,337.36,262.03,-203.79,-91.152,302.23,-125.37,-53.262,12.251,94.115,322.79,308.34
55.003,333.14,255.74,-202.43,-87.661,296.08,-130.41,-64.875,4.149,92.318,323.37,310.14
55.185,328.24,250.07,-200.83,-85.098,289.9,-134.98,-76.1,-3.2607,90.49,322.41,310.76
55.812,322.52,244.27,-198.84,-82.405,283.56,-138.9,-86.665,-9.8705,88.661,319.98,310.06
57.057,315.84,237.53,-196.23,-78.558,276.8,-142.23,-96.55,-15.266,86.834,316.24,308.03
58.999,308.12,229.25,-192.74,-72.959,269.3,-145.14,-105.87,-18.823,84.976,311.42,304.89
61.586,299.37,219.07,-188.32,-65.575,260.74,-147.83,-114.69,-20.418,83.011,305.73,300.98
64.568,289.74,207,-183.42,-56.918,250.91,-150.36,-122.86,-20.903,80.833,299.31,296.55
67.511,279.45,193.35,-178.62,-47.805,239.82,-152.63,-129.92,-21.274,78.345,292.28,291.6
69.972,268.74,178.76,-174.15,-39.044,227.67,-154.41,-135.27,-21.931,75.504,284.85,285.98
71.668,257.72,164.1,-169.76,-31.313,214.8,-155.5,-138.51,-22.797,72.366,277.17,279.44
72.471,246.38,150.31,-165.05,-25.054,201.68,-155.74,-139.65,-23.642,69.085,269.24,271.72
72.323,234.64,138.14,-159.64,-20.257,188.71,-155.04,-139.04,-24.273,65.863,260.78,262.72
71.206,222.3,127.78,-153.33,-16.581,176.13,-153.38,-137.11,-24.595,62.847,251.42,252.58
69.209,209.22,118.75,-146.02,-13.586,163.98,-150.83,-134.21,-24.6,60.053,240.83,241.58
66.607,195.44,110.13,-137.8,-10.617,152.13,-147.58,-130.62,-24.315,57.378,228.85,230
63.892,181.21,100.97,-128.86,-7.2193,140.39,-143.82,-126.6,-23.766,54.659,215.59,218.01
61.61,166.88,90.664,-119.51,-3.9852,128.61,-139.7,-122.37,-22.969,51.727,201.44,205.71
60.105,152.81,79.307,-110.22,-1.1883,116.77,-135.25,-118.07,-21.941,48.432,186.93,193.28
59.414,139.3,67.581,-101.54,1.7264,105.03,-130.42,-113.8,-20.727,44.646,172.63,180.95
59.291,126.63,56.256,-93.869,5.0636,93.628,-125.19,-109.56,-19.405,40.289,158.96,168.92
59.293,114.91,45.786,-87.222,8.7146,82.791,-119.58,-105.32,-18.075,35.366,146.14,157.3
58.922,104.07,36.249,-81.311,12.371,72.616,-113.76,-101.03,-16.821,29.998,134.18,146.1
57.787,93.871,27.621,-75.705,15.704,63.1,-107.93,-96.653,-15.695,24.413,122.91,135.23
55.662,84.005,19.994,-69.958,18.457,54.184,-102.16,-92.181,-14.708,18.895,112.01,124.55
52.477,74.174,13.334,-63.694,20.499,45.8,-96.426,-87.652,-13.85,13.722,101.15,113.91
48.325,64.217,7.2651,-56.849,21.836,37.817,-90.763,-83.113,-13.091,9.1138,90.15,103.21
43.503,54.204,1.7616,-49.861,22.598,29.914,-85.233,-78.589,-12.399,5.1848,79.071,92.488
38.451,44.493,-2.3522,-43.278,22.974,21.804,-79.844,-74.063,-11.744,1.9201,68.207,81.948
33.546,35.579,-5.0036,-37.28,23.123,14.11,-74.54,-69.479,-11.11,-0.81001,57.97,71.99
28.942,27.66,-7.0823,-31.74,23.122,7.9965,-69.264,-64.774,-10.495,-3.1914,48.724,62.892
24.614,20.512,-9.2355,-26.448,22.977,3.7636,-63.999,-59.906,-9.9099,-5.4053,40.627,54.68
20.461,13.912,-11.55,-21.132,22.677,0.9316,-58.784,-54.907,-9.3724,-7.5943,33.599,47.351
16.353,8.1881,-13.843,-15.449,22.233,-1.1449,-53.679,-49.91,-8.8969,-9.8521,27.302,40.952
12.216,3.8457,-15.956,-9.5676,21.676,-2.9382,-48.741,-45.134,-8.4906,-12.22,21.289,35.433
8.2963,0.78302,-17.838,-4.8175,21.056,-4.707,-44.027,-40.784,-8.1513,-14.682,15.487,30.562
5.1247,-1.4542,-19.494,-1.9665,20.433,-6.5581,-39.607,-36.971,-7.8688,-17.173,10.407,25.954
2.9075,-3.2247,-20.947,-0.38074,19.882,-8.4966,-35.539,-33.703,-7.6273,-19.601,6.4833,21.269
1.4727,-4.7179,-22.223,0.60125,19.491,-10.474,-31.822,-30.917,-7.4085,-21.875,3.5816,16.556
0.63034,-6.0201,-23.353,1.2609,19.354,-12.429,-28.38,-28.517,-7.1952,-23.922,1.377,12.257
0.2893,-7.171,-24.364,1.6918,19.556,-14.301,-25.112,-26.39,-6.9765,-25.688,-0.35898,8.7687
0.40557,-8.1906,-25.287,1.9321,20.162,-16.035,-22.008,-24.431,-6.7521,-27.136,-1.7499,6.1533
0.92578,-9.0921,-26.154,2.0116,21.21,-17.59,-19.199,-22.562,-6.5325,-28.259,-2.864,4.2412
1.7628,-9.8921,-26.992,1.9645,22.705,-18.95,-16.814,-20.748,-6.3336,-29.085,-3.747,2.8245
2.8,-10.619,-27.821,1.8286,24.599,-20.137,-14.882,-18.992,-6.1667,-29.675,-4.4374,1.7456
3.912,-11.31,-28.641,1.6401,26.772,-21.193,-13.358,-17.328,-6.03,-30.1,-4.9693,0.90067
4.9855,-12.006,-29.436,1.4301,29.012,-22.157,-12.165,-15.8,-5.9084,-30.422,-5.3712,0.22059
5.9278,-12.738,-30.17,1.2255,31.044,-23.052,-11.224,-14.448,-5.781,-30.676,-5.6654,-0.34229
6.6777,-13.53,-30.798,1.0544,32.603,-23.882,-10.46,-13.297,-5.6325,-30.879,-5.8716,-0.81872
7.2017,-14.4,-31.277,0.95297,33.519,-24.642,-9.8151,-12.346,-5.4607,-31.031,-6.012,-1.224
7.4741,-15.362,-31.58,0.96688,33.75,-25.331,-9.2372,-11.568,-5.2767,-31.131,-6.1148,-1.5618
7.4562,-16.419,-31.707,1.1441,33.361,-25.957,-8.6881,-10.915,-5.0973,-31.174,-6.2106,-1.8299
7.0888,-17.548,-31.682,1.5225,32.472,-26.53,-8.1438,-10.328,-4.9349,-31.147,-6.3248,-2.0267
6.3155,-18.704,-31.547,2.1168,31.207,-27.052,-7.5978,-9.7505,-4.7888,-31.028,-6.4688,-2.1558
5.1135,-19.828,-31.342,2.9146,29.656,-27.519,-7.0577,-9.1421,-4.6427,-30.793,-6.6378,-2.2312
3.5114,-20.879,-31.101,3.8833,27.885,-27.922,-6.5354,-8.4819,-4.4695,-30.422,-6.8163,-2.2788
1.5956,-21.842,-30.839,4.9816,25.955,-28.26,-6.0372,-7.7682,-4.2393,-29.903,-6.989,-2.3321
-0.48675,-22.731,-30.569,6.1591,23.954,-28.538,-5.5589,-7.013,-3.927,-29.239,-7.1486,-2.4234
-2.5359,-23.561,-30.3,7.3472,22.003,-28.763,-5.0861,-6.2354,-3.517,-28.437,-7.2997,-2.5734
-4.3295,-24.327,-30.047,8.4542,20.25,-28.941,-4.5984,-5.4548,-3.0051,-27.511,-7.4559,-2.7846
-5.671,-24.999,-29.829,9.3776,18.842,-29.067,-4.0749,-4.6849,-2.3966,-26.479,-7.6343,-3.0416
-6.4348,-25.536,-29.66,10.027,17.892,-29.14,-3.4991,-3.9281,-1.7016,-25.368,-7.848,-3.3191
-6.588,-25.909,-29.555,10.35,17.44,-29.167,-2.8608,-3.1738,-0.9274,-24.214,-8.1012,-3.596
-6.1892,-26.112,-29.516,10.344,17.435,-29.161,-2.1549,-2.4,-0.070221,-23.054,-8.3874,-3.8659
-5.3698,-26.161,-29.534,10.057,17.756,-29.138,-1.3775,-1.5786,0.88963,-21.92,-8.6939,-4.1423
-4.3066,-26.079,-29.584,9.5732,18.247,-29.102,-0.52332,-0.68147,1.9835,-20.824,-9.0079,-4.4537
-3.191,-25.885,-29.629,8.9929,18.752,-29.046,0.41336,0.31233,3.2402,-19.766,-9.3226,-4.8294
-2.1959,-25.591,-29.63,8.4066,19.14,-28.955,1.4335,1.4111,4.6662,-18.736,-9.6389,-5.2826
-1.4413,-25.207,-29.557,7.8779,19.327,-28.811,2.5278,2.6057,6.2276,-17.734,-9.9626,-5.8032
-0.97283,-24.739,-29.402,7.4346,19.3,-28.603,3.6776,3.8693,7.8451,-16.773,-10.299,-6.3624
-0.76246,-24.19,-29.172,7.0715,19.106,-28.328,4.8592,5.1624,9.4111,-15.874,-10.646,-6.9252
-0.73254,-23.568,-28.888,6.7662,18.823,-27.991,6.0456,6.4424,10.825,-15.06,-10.999,-7.4636
-0.79392,-22.888,-28.572,6.5001,18.519,-27.597,7.2044,7.6709,12.025,-14.348,-11.355,-7.9678
-0.87941,-22.169,-28.232,6.2701,18.225,-27.15,8.2995,8.8199,13.009,-13.737,-11.718,-8.4473
-0.96242,-21.432,-27.86,6.0834,17.922,-26.643,9.3039,9.8784,13.823,-13.212,-12.092,-8.9217
-1.0608,-20.678,-27.43,5.9478,17.555,-26.053,10.214,10.86,14.542,-12.745,-12.476,-9.4064
-1.2233,-19.889,-26.907,5.866,17.062,-25.349,11.052,11.804,15.234,-12.305,-12.855,-9.9021
-1.4992,-19.028,-26.259,5.8357,16.399,-24.493,11.852,12.763,15.932,-11.873,-13.207,-10.394
-1.9066,-18.068,-25.465,5.8497,15.562,-23.461,12.642,13.778,16.618,-11.443,-13.507,-10.864
-2.4199,-17.016,-24.528,5.8923,14.59,-22.26,13.421,14.858,17.24,-11.025,-13.752,-11.296
-2.9749,-15.91,-23.469,5.9342,13.548,-20.927,14.167,15.973,17.732,-10.64,-13.952,-11.693
-3.4837,-14.804,-22.314,5.9317,12.498,-19.519,14.852,17.074,18.047,-10.308,-14.134,-12.068
-3.8532,-13.732,-21.072,5.8361,11.476,-18.077,15.46,18.11,18.172,-10.043,-14.323,-12.439
-4.0107,-12.687,-19.729,5.6058,10.49,-16.611,15.99,19.051,18.127,-9.8483,-14.534,-12.814
-3.9279,-11.627,-18.263,5.2167,9.5389,-15.096,16.448,19.876,17.958,-9.7135,-14.765,-13.187
-3.6331,-10.503,-16.672,4.6721,8.6296,-13.508,16.843,20.569,17.717,-9.618,-15.008,-13.54
-3.2025,-9.2897,-14.994,4.0078,7.7815,-11.845,17.176,21.121,17.438,-9.5328,-15.252,-13.852
-2.7391,-8.0032,-13.301,3.288,7.0162,-10.147,17.436,21.532,17.122,-9.4277,-15.494,-14.107
-2.3491,-6.6971,-11.675,2.5911,6.3407,-8.4845,17.612,21.816,16.742,-9.2817,-15.732,-14.308
-2.1197,-5.4423,-10.174,1.9886,5.7407,-6.9319,17.697,22.003,16.258,-9.0918,-15.967,-14.469
-2.0958,-4.2984,-8.8168,1.522,5.1863,-5.5438,17.698,22.122,15.652,-8.8737,-16.197,-14.613
-2.262,-3.2916,-7.5707,1.1913,4.6466,-4.3324,17.634,22.193,14.943,-8.6542,-16.416,-14.757
-2.5384,-2.4074,-6.3825,0.95591,4.1067,-3.2736,17.525,22.217,14.191,-8.4612,-16.612,-14.904
-2.7967,-1.6023,-5.2096,0.74881,3.5822,-2.3248,17.385,22.18,13.464,-8.3154,-16.773,-15.043
-2.8938,-0.82539,-4.0459,0.49753,3.1191,-1.4468,17.226,22.053,12.804,-8.2277,-16.888,-15.161
-2.7142,-0.040761,-2.9208,0.1469,2.7721,-0.61523,17.047,21.801,12.208,-8.2015,-16.953,-15.251
-2.2132,0.75793,-1.8737,-0.32217,2.5714,0.17898,16.841,21.392,11.624,-8.2327,-16.973,-15.327
-1.4425,1.5497,-0.9226,-0.88524,2.4984,0.93725,16.587,20.803,10.986,-8.3097,-16.967,-15.414
-0.54506,2.3018,-0.052893,-1.4812,2.483,1.6639,16.26,20.032,10.242,-8.4123,-16.954,-15.535
0.27991,2.9905,0.78072,-2.0294,2.4198,2.372,15.84,19.103,9.3879,-8.5161,-16.95,-15.7
0.83061,3.6145,1.6373,-2.4507,2.1968,3.0858,15.331,18.074,8.4702,-8.6009,-16.948,-15.898
0.95482,4.1922,2.5661,-2.6863,1.7247,3.8307,14.771,17.013,7.5656,-8.6588,-16.929,-16.101
0.58323,4.7469,3.5884,-2.7109,0.96257,4.6209,14.216,15.974,6.7495,-8.6939,-16.862,-16.269
-0.26162,5.2909,4.6869,-2.5369,-0.071102,5.4435,13.719,14.977,6.0612,-8.7154,-16.72,-16.367
-1.4772,5.817,5.8132,-2.2092,-1.3063,6.2595,13.305,14.003,5.4871,-8.7271,-16.493,-16.376
-2.9043,6.3068,6.9079,-1.7955,-2.641,7.0208,12.965,13.01,4.9706,-8.7229,-16.182,-16.296
-4.3552,6.7434,7.9195,-1.3729,-3.9659,7.6932,12.66,11.958,4.4405,-8.6906,-15.796,-16.149
-5.6462,7.123,8.8145,-1.0127,-5.1786,8.2679,12.346,10.829,3.8442,-8.6213,-15.332,-15.957
-6.6308,7.4503,9.5737,-0.76784,-6.1912,8.7544,11.98,9.637,3.1712,-8.5174,-14.778,-15.738
-7.2251,7.7309,10.184,-0.66509,-6.9364,9.1638,11.539,8.4185,2.4542,-8.3912,-14.109,-15.488
-7.4113,7.9649,10.635,-0.70453,-7.3729,9.4964,11.014,7.2239,1.7455,-8.2531,-13.307,-15.191
-7.2264,8.1463,10.916,-0.86421,-7.4904,9.7396,10.41,6.0997,1.0855,-8.1096,-12.367,-14.82
-6.7435,8.2661,11.017,-1.1067,-7.3098,9.8753,9.7327,5.0783,0.48486,-7.9553,-11.311,-14.353
-6.0568,8.3183,10.942,-1.3874,-6.8833,9.8907,8.991,4.1759,-0.072005,-7.7728,-10.174,-13.781
-5.2686,8.3081,10.714,-1.6626,-6.2918,9.7955,8.1941,3.397,-0.60927,-7.5371,-8.9913,-13.11
-4.477,8.2562,10.383,-1.8976,-5.6335,9.6274,7.3552,2.7381,-1.1413,-7.2273,-7.7823,-12.355
-3.7627,8.195,10.017,-2.0703,-5.0043,9.4454,6.4904,2.1897,-1.665,-6.8277,-6.5335,-11.529
-3.1775,8.1615,9.6861,-2.1738,-4.4768,9.312,5.6137,1.7361,-2.1622,-6.3351,-5.1997,-10.638
-2.7411,8.1884,9.4432,-2.2147,-4.088,9.2768,4.735,1.3541,-2.6133,-5.7717,-3.7132,-9.6869
-2.449,8.2998,9.3157,-2.2106,-3.8407,9.3669,3.8623,1.0157,-3.0071,-5.1647,-1.9989,-8.6826
-2.2842,8.5123,9.3022,-2.1868,-3.7172,9.5887,3.0067,0.69363,-3.3453,-4.546,0.020845,-7.6351
-2.2293,8.8367,9.3806,-2.1715,-3.6953,9.9301,2.1872,0.3686,-3.6391,-3.9401,2.4249,-6.5579
-2.2721,9.2735,9.5213,-2.1918,-3.7597,10.364,1.4289,0.032036,-3.9036,-3.3609,5.2856,-5.4697
-2.3999,9.8003,9.698,-2.2684,-3.9075,10.845,0.75705,-0.31699,-4.1531,-2.8155,8.6308,-4.3968
-2.5882,10.357,9.8967,-2.4073,-4.1444,11.313,0.19001,-0.67729,-4.3974,-2.3078,12.39,-3.3712
-2.7935,10.852,10.118,-2.5923,-4.4699,11.707,-0.26414,-1.0481,-4.6378,-1.8403,16.394,-2.4207
-2.9539,11.194,10.365,-2.7935,-4.8615,11.985,-0.60717,-1.4268,-4.866,-1.4126,20.447,-1.5581
-2.998,11.35,10.633,-3.0011,-5.2659,12.137,-0.84956,-1.8047,-5.0656,-1.019,24.411,-0.77591
-2.8586,11.367,10.895,-3.2486,-5.6058,12.182,-1.0102,-2.1649,-5.2175,-0.64759,28.216,-0.054662
-2.4958,11.327,11.101,-3.5807,-5.7985,12.152,-1.1161,-2.4847,-5.3068,-0.28424,31.843,0.62382
-1.9211,11.286,11.195,-3.9964,-5.7791,12.064,-1.1993,-2.7408,-5.3292,0.085232,35.298,1.2663
-1.2075,11.24,11.128,-4.4289,-5.5212,11.909,-1.2923,-2.918,-5.2947,0.46299,38.567,1.8643
-0.47627,11.143,10.88,-4.772,-5.0477,11.665,-1.4197,-3.016,-5.2269,0.84257,41.592,2.3982
0.13074,10.934,10.458,-4.9187,-4.4288,11.304,-1.5919,-3.0518,-5.1559,1.2088,44.294,2.8463
0.4864,10.564,9.8993,-4.7928,-3.7658,10.809,-1.8028,-3.0562,-5.1109,1.5452,46.614,3.1967
0.51225,10.008,9.2558,-4.3698,-3.168,10.177,-2.0368,-3.0661,-5.112,1.8428,48.536,3.4549
0.2034,9.2674,8.5892,-3.6852,-2.727,9.4254,-2.2795,-3.1147,-5.1651,2.0995,50.085,3.6418
-0.36352,8.3825,7.9604,-2.8309,-2.4954,8.5924,-2.5272,-3.223,-5.2611,2.3146,51.301,3.7823
-1.0455,7.4258,7.4168,-1.9394,-2.4724,7.7365,-2.7883,-3.3945,-5.3814,2.487,52.2,3.8927
-1.6718,6.4842,6.9803,-1.1529,-2.6054,6.9175,-3.0788,-3.6158,-5.5059,2.6179,52.717,3.9736
-2.1017,5.6273,6.6415,-0.58125,-2.8132,6.1747,-3.4125,-3.8624,-5.6223,2.7029,52.684,4.0119
-2.2764,4.8817,6.3667,-0.26596,-3.0207,5.5151,-3.7946,-4.1074,-5.73,2.7463,51.899,3.9891
-2.2408,4.2263,6.1118,-0.16891,-3.1856,4.9171,-4.2177,-4.3297,-5.8406,2.7615,50.256,3.8911
-2.1208,3.6114,5.8373,-0.1917,-3.3045,4.3457,-4.6627,-4.5184,-5.9707,2.7691,47.79,3.7166
-2.0701,2.9856,5.5175,-0.21079,-3.4,3.7688,-5.1033,-4.6738,-6.1342,2.7904,44.598,3.4791
-2.2113,2.3148,5.1417,-0.11406,-3.4963,3.1692,-5.5135,-4.8028,-6.3383,2.8381,40.773,3.2019
-2.5978,1.5939,4.7076,0.16666,-3.5952,2.5469,-5.8741,-4.9121,-6.585,2.9086,36.44,2.9091
-3.2012,0.84941,4.2108,0.63536,-3.6658,1.9173,-6.178,-5.006,-6.8734,2.9814,31.808,2.6158
-3.9172,0.1312,3.6382,1.2338,-3.6503,1.303,-6.4298,-5.0872,-7.2012,3.0278,27.151,2.3248
-4.5854,-0.50735,2.9717,1.8638,-3.4798,0.72543,-6.6414,-5.1603,-7.5658,3.0257,22.715,2.029
-5.027,-1.0262,2.2027,2.4169,-3.0938,0.20161,-6.8236,-5.2325,-7.961,2.9727,18.649,1.7214
-5.0898,-1.4038,1.3566,2.8004,-2.4611,-0.2524,-6.9785,-5.3101,-8.369,2.8832,15.013,1.4043
-4.6897,-1.6341,0.50771,2.9541,-1.5992,-0.61651,-7.0944,-5.3928,-8.7546,2.7868,11.833,1.0926
-3.8346,-1.7244,-0.23574,2.86,-0.58112,-0.86865,-7.1494,-5.4698,-9.0838,2.7159,9.14,0.80734
-2.6203,-1.6916,-0.77281,2.5417,0.47968,-0.99276,-7.1209,-5.5225,-9.3481,2.696,6.9563,0.56539
-1.1987,-1.5575,-1.0504,2.0528,1.4639,-0.984,-6.9985,-5.5284,-9.5601,2.7371,5.2467,0.37137
0.25182,-1.3414,-1.0706,1.4615,2.2695,-0.84748,-6.7898,-5.4659,-9.7259,2.8305,3.9099,0.21731
1.5461,-1.0546,-0.86155,0.83688,2.8077,-0.5942,-6.5163,-5.3166,-9.8337,2.9576,2.8352,0.092048
2.5125,-0.69707,-0.45066,0.24459,2.9966,-0.2368,-6.1999,-5.0665,-9.8593,3.1028,1.9562,-0.0069389
3.0162,-0.26139,0.1453,-0.25616,2.7746,0.21772,-5.8518,-4.7098,-9.7772,3.2623,1.261,-0.067243
2.9711,0.25534,0.9217,-0.61249,2.1219,0.77202,-5.4683,-4.2515,-9.5684,3.4469,0.77038,-0.065226
2.3459,0.83653,1.8777,-0.77847,1.0661,1.4286,-5.0382,-3.7113,-9.2271,3.6769,0.50608,0.022726
1.1696,1.4383,2.9944,-0.72046,-0.32737,2.1701,-4.5562,-3.1242,-8.7669,3.9622,0.46586,0.20742
-0.45796,1.9945,4.2144,-0.42882,-1.9573,2.9462,-4.0342,-2.5379,-8.2221,4.2896,0.60847,0.47862
-2.3646,2.434,5.4406,0.070735,-3.6849,3.6789,-3.5029,-2.0035,-7.6434,4.6203,0.85981,0.80564
-4.3244,2.7011,6.5546,0.71411,-5.3411,4.2822,-3.0043,-1.5598,-7.086,4.9025,1.1325,1.1475
-6.093,2.7725,7.4481,1.4068,-6.7502,4.6881,-2.5785,-1.2193,-6.5951,5.0941,1.349,1.4654
-7.4492,2.6635,8.0508,2.041,-7.7641,4.867,-2.2521,-0.96461,-6.192,5.1816,1.4583,1.7335
-8.2365,2.4227,8.3423,2.5175,-8.2891,4.8335,-2.0312,-0.76048,-5.8668,5.1846,1.4432,1.9472
-8.3944,2.1126,8.3412,2.7683,-8.2992,4.6329,-1.9023,-0.57176,-5.5854,5.1432,1.3181,2.1244
-7.9686,1.7867,8.0826,2.7735,-7.8355,4.3178,-1.8419,-0.37782,-5.3073,5.0979,1.1196,2.2981
-7.0928,1.4721,7.6029,2.5665,-6.9961,3.9284,-1.828,-0.17815,-5.0077,5.0709,0.88885,2.5004
-5.9509,1.1666,6.9393,2.2246,-5.9186,3.4883,-1.8482,0.0096663,-4.6888,5.0614,0.65528,2.7461
-4.7346,0.85097,6.139,1.8477,-4.7595,3.0102,-1.9002,0.15755,-4.3754,5.0493,0.43122,3.029
-3.6097,0.5055,5.2621,1.5313,-3.663,2.5026,-1.987,0.2377,-4.1002,5.0096,0.21882,3.3309
-2.695,0.12227,4.3674,1.3438,-2.7264,1.9718,-2.1111,0.23323,-3.8875,4.9268,0.024183,3.6365
-2.0551,-0.29212,3.4966,1.3147,-1.9872,1.4241,-2.2709,0.1441,-3.7444,4.8012,-0.13691,3.9418
-1.7045,-0.71997,2.6735,1.4346,-1.4473,0.87013,-2.4593,-0.014307,-3.6619,4.6426,-0.24502,4.2526
-1.6177,-1.1391,1.9139,1.6628,-1.0954,0.32868,-2.6627,-0.21893,-3.6232,4.4589,-0.2906,4.571
-1.7342,-1.5299,1.2339,1.939,-0.91005,-0.17887,-2.861,-0.44861,-3.6113,4.2511,-0.28487,4.8837
-1.9641,-1.8804,0.64482,2.1966,-0.86162,-0.63905,-3.0313,-0.68996,-3.6129,4.0152,-0.26033,5.1637
-2.2078,-2.188,0.13981,2.3777,-0.9133,-1.053,-3.1554,-0.93639,-3.6201,3.7489,-0.25907,5.3847
-2.381,-2.4601,-0.30916,2.4484,-1.0188,-1.4364,-3.2266,-1.182,-3.6312,3.4573,-0.31378,5.5341
-2.4339,-2.7154,-0.74033,2.4105,-1.1242,-1.8137,-3.2524,-1.4155,-3.6503,3.153,-0.43605,5.611
-2.3579,-2.9804,-1.1827,2.3019,-1.178,-2.2077,-3.252,-1.6196,-3.6847,2.8534,-0.61505,5.6175
-2.1811,-3.2821,-1.6378,2.1861,-1.1445,-2.6263,-3.2506,-1.7759,-3.7383,2.5764,-0.82822,5.554
-1.9559,-3.6385,-2.0747,2.1339,-1.0125,-3.0527,-3.2717,-1.8741,-3.8087,2.3368,-1.0527,5.421
-1.7436,-4.0526,-2.4457,2.204,-0.79462,-3.4495,-3.3305,-1.9183,-3.8858,2.1452,-1.2717,5.2256
-1.5994,-4.5081,-2.7128,2.4258,-0.5199,-3.7754,-3.4278,-1.9267,-3.953,2.0068,-1.4753,4.9834
-1.5623,-4.9716,-2.8657,2.7899,-0.22519,-4.0033,-3.5499,-1.9233,-3.9908,1.9218,-1.6579,4.7162
-1.6509,-5.3983,-2.9186,3.2507,0.047354,-4.1274,-3.6743,-1.9272,-3.9835,1.8865,-1.8157,4.4444
-1.8675,-5.7412,-2.8913,3.741,0.24964,-4.1573,-3.7774,-1.9459,-3.9242,1.8942,-1.9502,4.1788
-2.2062,-5.9611,-2.7953,4.1914,0.33145,-4.1063,-3.8407,-1.9752,-3.817,1.9377,-2.0714,3.9157
-2.6584,-6.0339,-2.6331,4.5466,0.2507,-3.986,-3.8541,-2.0045,-3.6765,2.009,-2.2002,3.6419
-3.2106,-5.9565,-2.4048,4.7717,-0.016502,-3.8072,-3.8158,-2.0233,-3.524,2.0995,-2.3632,3.3455
-3.8331,-5.7482,-2.1115,4.8527,-0.47023,-3.5838,-3.732,-2.0258,-3.3818,2.1977,-2.5848,3.028
-4.4702,-5.4467,-1.7551,4.7922,-1.0827,-3.3322,-3.6143,-2.0119,-3.2668,2.2905,-2.8771,2.7056
-5.0383,-5.0975,-1.3368,4.6042,-1.7943,-3.0651,-3.4744,-1.9859,-3.1863,2.3676,-3.2349,2.4031
-5.4378,-4.7396,-0.85561,4.3096,-2.5161,-2.7827,-3.3179,-1.9552,-3.136,2.4264,-3.6363,2.1452
-5.5745,-4.3927,-0.3091,3.9323,-3.1426,-2.4695,-3.1408,-1.9287,-3.1023,2.4742,-4.0479,1.9502
-5.3882,-4.0563,0.30082,3.4991,-3.5753,-2.1013,-2.9321,-1.9142,-3.0653,2.5246,-4.431,1.8303
-4.8853,-3.7162,0.95578,3.0419,-3.753,-1.6627,-2.681,-1.9157,-3.0038,2.5893,-4.7504,1.7909
-4.158,-3.3622,1.6164,2.6034,-3.6779,-1.165,-2.3852,-1.9324,-2.8991,2.6695,-4.9833,1.8274
-3.3715,-3.0057,2.2376,2.24,-3.4262,-0.64695,-2.0554,-1.9604,-2.7404,2.7518,-5.1278,1.9235
-2.7269,-2.6859,2.7948,2.0187,-3.1322,-0.15918,-1.7158,-1.9981,-2.5313,2.8105,-5.204,2.0525
-2.4186,-2.4577,3.2938,2.0056,-2.9493,0.25488,-1.3994,-2.05,-2.2936,2.817,-5.2475,2.1831
-2.5948,-2.3697,3.7542,2.2474,-3.0035,0.56833,-1.1404,-2.1272,-2.0677,2.7492,-5.2984,2.2858
-3.3261,-2.4439,4.1889,2.7538,-3.3608,0.76973,-0.9666,-2.2445,-1.9036,2.5969,-5.3912,2.3377
-4.5881,-2.6682,4.5984,3.4856,-4.0265,0.8607,-0.89276,-2.4135,-1.8432,2.3607,-5.5503,2.3245
-6.2572,-2.9994,4.9786,4.355,-4.9637,0.85667,-0.91945,-2.638,-1.9039,2.0492,-5.7897,2.2418
-8.121,-3.3733,5.3247,5.2394,-6.0955,0.78694,-1.0355,-2.9119,-2.073,1.6757,-6.1132,2.0934
-9.91,-3.716,5.6231,6.0061,-7.2914,0.68825,-1.2229,-3.2235,-2.3168,1.2574,-6.5119,1.8886
-11.353,-3.9594,5.8405,6.5395,-8.3721,0.5918,-1.4634,-3.5611,-2.5981,0.81315,-6.967,1.6371
-12.239,-4.059,5.9241,6.7667,-9.1475,0.51027,-1.7439,-3.9175,-2.8914,0.36106,-7.4514,1.3473
-12.454,-4.0105,5.8181,6.6724,-9.4623,0.43212,-2.0602,-4.2905,-3.1879,-0.084623,-7.9367,1.0251
-11.986,-3.8509,5.4823,6.2977,-9.2264,0.32663,-2.4149,-4.6802,-3.4924,-0.51342,-8.3996,0.67572
-10.898,-3.6392,4.9012,5.7183,-8.4239,0.15972,-2.8107,-5.0851,-3.815,-0.91567,-8.8251,0.30627
-9.2947,-3.4249,4.083,5.0121,-7.1094,-0.085988,-3.2422,-5.498,-4.1616,-1.2791,-9.2041,-0.071374
-7.3196,-3.224,3.0596,4.2344,-5.4069,-0.39748,-3.6917,-5.9029,-4.5274,-1.588,-9.5287,-0.43861
-5.1566,-3.0161,1.8914,3.413,-3.505,-0.73191,-4.131,-6.2743,-4.896,-1.8266,-9.7897,-0.77199
-2.991,-2.7609,0.67336,2.5562,-1.6172,-1.0319,-4.5282,-6.5813,-5.2426,-1.9839,-9.9781,-1.0471
-0.94984,-2.4232,-0.47251,1.6627,0.093388,-1.2486,-4.8572,-6.7972,-5.5434,-2.0586,-10.09,-1.2476
0.90817,-1.9977,-1.4323,0.7396,1.5539,-1.3612,-5.1037,-6.9114,-5.7843,-2.0586,-10.13,-1.3718
2.549,-1.5177,-2.1444,-0.18023,2.7476,-1.3818,-5.2648,-6.9369,-5.9667,-1.9971,-10.11,-1.4323
3.9265,-1.0458,-2.618,-1.0333,3.6772,-1.3467,-5.3447,-6.9053,-6.1029,-1.8877,-10.044,-1.4497
4.9796,-0.65166,-2.9095,-1.7388,4.3559,-1.2986,-5.3499,-6.8522,-6.2045,-1.7413,-9.9409,-1.4441
5.6404,-0.38838,-3.076,-2.2182,4.7914,-1.2672,-5.2869,-6.8003,-6.2702,-1.5673,-9.8037,-1.4296
5.8411,-0.27648,-3.1377,-2.4134,4.9623,-1.2573,-5.1618,-6.75,-6.2829,-1.3758,-9.6303,-1.4127
5.5275,-0.30329,-3.0736,-2.2992,4.8202,-1.2498,-4.982,-6.6825,-6.2174,-1.18,-9.4199,-1.3967
4.6842,-0.43524,-2.8478,-1.8877,4.3231,-1.214,-4.7581,-6.5739,-6.0567,-0.99514,-9.1772,-1.3846
3.362,-0.63665,-2.4447,-1.2257,3.4746,-1.1295,-4.5053,-6.413,-5.8082,-0.83751,-8.9141,-1.3858
1.6881,-0.88667,-1.892,-0.38635,2.3436,-1.0043,-4.2454,-6.212,-5.5092,-0.7225,-8.6497,-1.4195
-0.1487,-1.1865,-1.2615,0.5436,1.0548,-0.87598,-4.0018,-6.0034,-5.2154,-0.66282,-8.4099,-1.511
-1.9352,-1.5528,-0.6453,1.4765,-0.23941,-0.79593,-3.7944,-5.8241,-4.9767,-0.6648,-8.2191,-1.6831
-3.4796,-2.0001,-0.12396,2.3361,-1.3907,-0.80491,-3.6334,-5.6982,-4.8152,-0.72406,-8.0929,-1.9443
-4.6491,-2.523,0.25836,3.0651,-2.2815,-0.91387,-3.5156,-5.6267,-4.7218,-0.82405,-8.0313,-2.2827
-5.3829,-3.0873,0.49944,3.6297,-2.8401,-1.0981,-3.4274,-5.5895,-4.6687,-0.93917,-8.0164,-2.6684
-5.6886,-3.6348,0.62569,4.0204,-3.0466,-1.3062,-3.3522,-5.5577,-4.6281,-1.0424,-8.0197,-3.0642
-5.6302,-4.0999,0.67004,4.2488,-2.9297,-1.4806,-3.2779,-5.5084,-4.5843,-1.1142,-8.0139,-3.4378
-5.3102,-4.4314,0.65718,4.3415,-2.5606,-1.5817,-3.2004,-5.4352,-4.538,-1.1488,-7.9818,-3.7702
-4.8456,-4.6098,0.60437,4.3327,-2.0425,-1.5996,-3.1218,-5.3498,-4.5047,-1.1539,-7.9192,-4.056
-4.3476,-4.6468,0.52991,4.259,-1.4932,-1.548,-3.0461,-5.2731,-4.5067,-1.145,-7.8286,-4.2951
-3.9049,-4.5691,0.45637,4.1492,-1.0221,-1.4476,-2.9742,-5.2236,-4.562,-1.1369,-7.7108,-4.4839
-3.5703,-4.3978,0.40698,4.014,-0.70674,-1.312,-2.9018,-5.2073,-4.6732,-1.139,-7.5593,-4.6106
-3.3513,-4.1383,0.40159,3.8413,-0.5778,-1.1432,-2.8178,-5.2138,-4.8219,-1.1521,-7.3626,-4.6587
-3.2123,-3.7848,0.45499,3.6027,-0.61778,-0.93492,-2.7075,-5.22,-4.9725,-1.1698,-7.1125,-4.6163
-3.0896,-3.3338,0.57542,3.268,-0.77377,-0.67931,-2.5579,-5.2001,-5.086,-1.181,-6.8123,-4.4846
-2.9123,-2.7981,0.76155,2.8208,-0.9773,-0.37699,-2.3657,-5.1367,-5.136,-1.174,-6.4786,-4.2814
-2.6242,-2.2155,0.99989,2.2691,-1.1634,-0.043409,-2.1418,-5.0273,-5.1189,-1.1405,-6.1341,-4.0367
-2.2006,-1.6419,1.2657,1.648,-1.2839,0.29257,-1.9095,-4.8835,-5.0505,-1.0774,-5.7955,-3.781
-1.6581,-1.1357,1.529,1.0143,-1.3133,0.59719,-1.6984,-4.7217,-4.9547,-0.98684,-5.4647,-3.5365
-1.0526,-0.73994,1.7634,0.43565,-1.2493,0.84435,-1.5332,-4.5535,-4.8487,-0.87372,-5.1295,-3.3108
-0.46726,-0.47111,1.9505,-0.021973,-1.1087,1.0232,-1.4256,-4.38,-4.733,-0.74365,-4.7738,-3.0989
0.0067773,-0.32132,2.0814,-0.30683,-0.92295,1.137,-1.3739,-4.193,-4.5926,-0.60186,-4.3911,-2.893
0.28908,-0.26948,2.1529,-0.38902,-0.73237,1.196,-1.367,-3.9822,-4.4063,-0.45498,-3.9945,-2.693
0.32439,-0.29414,2.1634,-0.26288,-0.57775,1.2078,-1.3928,-3.7442,-4.1597,-0.31334,-3.6152,-2.5124
0.092206,-0.37985,2.1104,0.053558,-0.49071,1.173,-1.4465,-3.4873,-3.8537,-0.19177,-3.2903,-2.3766
-0.38689,-0.51476,1.991,0.51898,-0.48504,1.0871,-1.5339,-3.2305,-3.5071,-0.10789,-3.0481,-2.3147
-1.0463,-0.68408,1.8047,1.0692,-0.55144,0.94741,-1.6657,-2.9968,-3.1562,-0.07886,-2.8954,-2.3493
-1.7732,-0.86535,1.5588,1.6218,-0.65702,0.76059,-1.8466,-2.8055,-2.8488,-0.11728,-2.8162,-2.4883
-2.4206,-1.0281,1.27,2.0866,-0.75104,0.54736,-2.0671,-2.6663,-2.6293,-0.22723,-2.7798,-2.7206
-2.8377,-1.1385,0.96348,2.3812,-0.77842,0.33875,-2.3025,-2.5776,-2.5198,-0.40213,-2.7533,-3.0163
-2.9072,-1.168,0.66787,2.4459,-0.69476,0.16552,-2.5206,-2.5291,-2.5116,-0.62555,-2.7128,-3.3342
-2.5699,-1.1056,0.40976,2.2553,-0.47499,0.046408,-2.6907,-2.5061,-2.5733,-0.87508,-2.6473,-3.6339
-1.8253,-0.96699,0.20785,1.825,-0.11388,-0.018693,-2.7918,-2.4951,-2.6679,-1.1277,-2.5579,-3.8888
-0.72602,-0.79581,0.067604,1.2124,0.37463,-0.048403,-2.8173,-2.4869,-2.7674,-1.3657,-2.4523,-4.0939
0.61937,-0.65476,-0.018507,0.51078,0.95455,-0.072763,-2.7762,-2.477,-2.8591,-1.5804,-2.3396,-4.2656
2.0418,-0.60835,-0.062461,-0.16171,1.5626,-0.12228,-2.6889,-2.4647,-2.9457,-1.7738,-2.2277,-4.4309
3.324,-0.70395,-0.06912,-0.68071,2.1069,-0.21564,-2.5799,-2.4516,-3.0401,-1.9547,-2.1229,-4.613
4.2337,-0.95779,-0.030742,-0.93922,2.4767,-0.35228,-2.4678,-2.4399,-3.1604,-2.1333,-2.0327,-4.8202
4.5726,-1.3504,0.068492,-0.87068,2.5657,-0.51372,-2.3612,-2.4306,-3.3246,-2.316,-1.9696,-5.0427
4.2228,-1.8365,0.24154,-0.46077,2.3022,-0.67313,-2.2588,-2.4246,-3.5468,-2.5032,-1.9518,-5.2578
3.1617,-2.3636,0.48817,0.25945,1.6699,-0.80797,-2.1571,-2.4221,-3.8325,-2.6901,-1.9979,-5.4409
1.4454,-2.893,0.79084,1.236,0.70865,-0.90935,-2.0572,-2.4227,-4.1747,-2.8696,-2.1176,-5.5761
-0.80496,-3.4081,1.1182,2.4095,-0.50105,-0.98365,-1.9681,-2.4262,-4.5541,-3.0357,-2.3027,-5.6611
-3.3867,-3.9059,1.4335,3.7065,-1.8451,-1.0462,-1.9046,-2.4328,-4.9458,-3.186,-2.5287,-5.7057
-6.0024,-4.3787,1.7042,5.0163,-3.1739,-1.1104,-1.8828,-2.4431,-5.3276,-3.3238,-2.7645,-5.727
-8.293,-4.7984,1.9088,6.1871,-4.3151,-1.1784,-1.9136,-2.4585,-5.6871,-3.4576,-2.9881,-5.7439
-9.911,-5.1112,2.0388,7.0499,-5.1082,-1.2366,-1.9984,-2.4797,-6.0212,-3.5978,-3.1979,-5.7704
-10.603,-5.2472,2.0929,7.456,-5.439,-1.2598,-2.1279,-2.5064,-6.3317,-3.7526,-3.4117,-5.8096
-10.267,-5.1445,2.0691,7.3145,-5.2581,-1.2232,-2.2833,-2.5352,-6.6192,-3.922,-3.6542,-5.8507
-8.9512,-4.7768,1.9611,6.6199,-4.5823,-1.116,-2.4419,-2.5612,-6.8801,-4.0959,-3.9402,-5.8708
-6.84,-4.1723,1.7637,5.4581,-3.4922,-0.94937,-2.5828,-2.5759,-7.1079,-4.256,-4.2631,-5.8435
-4.2178,-3.4143,1.4839,3.9925,-2.1316,-0.75318,-2.6926,-2.5698,-7.2955,-4.3833,-4.5968,-5.7511
-1.4444,-2.619,1.1493,2.4302,-0.69643,-0.56411,-2.7685,-2.5345,-7.4377,-4.4663,-4.9071,-5.5928
1.1107,-1.9002,0.80462,0.97391,0.60687,-0.41179,-2.8179,-2.4661,-7.5321,-4.5068,-5.167,-5.3866
3.1795,-1.3344,0.4991,-0.22626,1.6261,-0.30958,-2.8535,-2.3645,-7.5786,-4.5178,-5.3652,-5.1608
4.6504,-0.94314,0.26829,-1.0953,2.3089,-0.25327,-2.8848,-2.2321,-7.5792,-4.5153,-5.5058,-4.9415
5.5193,-0.70206,0.12242,-1.6187,2.6939,-0.22703,-2.9104,-2.0699,-7.5374,-4.5075,-5.6009,-4.7421
5.8297,-0.56945,0.047864,-1.8105,2.8618,-0.2146,-2.9153,-1.8765,-7.4576,-4.4886,-5.662,-4.5601
5.6364,-0.51932,0.022176,-1.6873,2.8819,-0.20888,-2.8749,-1.6487,-7.3432,-4.4403,-5.6962,-4.3839
4.9891,-0.55803,0.031996,-1.2629,2.7773,-0.21415,-2.765,-1.3854,-7.1958,-4.3407,-5.7047,-4.2023
3.9382,-0.71207,0.084208,-0.56143,2.5184,-0.23914,-2.5726,-1.0897,-7.0145,-4.1747,-5.6829,-4.0114
2.5453,-0.99875,0.20391,0.36882,2.0462,-0.28522,-2.3027,-0.76918,-6.7954,-3.9399,-5.6211,-3.8133
0.87829,-1.3961,0.41998,1.4512,1.3202,-0.33673,-1.9771,-0.43357,-6.5328,-3.6462,-5.5065,-3.6104
-0.97081,-1.8294,0.7457,2.581,0.36636,-0.35906,-1.6263,-0.09008,-6.2223,-3.3095,-5.325,-3.4004
-2.8389,-2.1822,1.1661,3.6288,-0.70768,-0.30656,-1.2778,0.26194,-5.8616,-2.9413,-5.0629,-3.1763
-4.4889,-2.3283,1.64,4.4573,-1.742,-0.13673,-0.94454,0.6371,-5.4475,-2.5395,-4.706,-2.9277
-5.6671,-2.1648,2.1165,4.945,-2.5741,0.18115,-0.6157,1.0696,-4.9688,-2.0825,-4.2388,-2.6421
-6.1583,-1.6282,2.5545,5.0008,-3.0795,0.66332,-0.25631,1.6154,-4.3975,-1.5329,-3.6439,-2.304
-5.7993,-0.69071,2.9392,4.5604,-3.1933,1.318,0.18528,2.3498,-3.6806,-0.84711,-2.902,-1.8937
-4.478,0.66198,3.2861,3.5647,-2.9182,2.1556,0.7639,3.3579,-2.7318,0.016183,-1.9911,-1.3875
-2.1722,2.4498,3.635,1.9377,-2.3191,3.1971,1.5249,4.7238,-1.4216,1.0974,-0.8842,-0.75943
0.9665,4.714,4.0354,-0.41102,-1.501,4.4783,2.4953,6.508,0.42084,2.4505,0.4529,0.016869
4.6364,7.5191,4.5317,-3.5382,-0.57637,6.0452,3.6786,8.7203,2.9385,4.1562,2.0649,0.96942
8.5742,10.931,5.1527,-7.3899,0.36077,7.9381,5.0449,11.3,6.0716,6.3084,4.0038,2.1311
12.669,14.963,5.9077,-11.772,1.2473,10.164,6.531,14.122,9.4643,8.9581,6.3171,3.5411
16.867,19.528,6.7824,-16.446,2.0507,12.665,8.0593,17.04,12.773,12.048,9.0142,5.238
21.042,24.42,7.735,-21.248,2.7583,15.308,9.5703,19.93,16.025,15.419,12.033,7.2471
25.008,29.347,8.6958,-26.026,3.3626,17.904,11.039,22.724,19.487,18.894,15.245,9.5636
28.665,33.977,9.5779,-30.558,3.8543,20.254,12.456,25.403,23.332,22.364,18.521,12.145
32.024,38.042,10.307,-34.628,4.2287,22.202,13.801,27.98,27.533,25.79,21.795,14.924
35.05,41.422,10.857,-38.146,4.5072,23.686,15.021,30.477,31.927,29.17,25.082,17.826
37.612,44.136,11.268,-41.115,4.7638,24.759,16.049,32.913,36.31,32.497,28.453,20.797
39.643,46.232,11.596,-43.54,5.1179,25.524,16.827,35.291,40.455,35.72,31.959,23.803
41.187,47.699,11.863,-45.397,5.6471,26.036,17.322,37.603,44.11,38.757,35.562,26.828
42.359,48.46,12.002,-46.678,6.2805,26.229,17.508,39.833,47.025,41.541,39.103,29.836
43.359,48.43,11.842,-47.428,6.9319,25.95,17.353,41.955,49.022,44.064,42.368,32.746
44.418,47.615,11.162,-47.765,7.8239,25.041,16.812,43.915,50.073,46.368,45.198,35.451
45.721,46.146,9.7903,-47.837,9.4237,23.449,15.841,45.608,50.34,48.504,47.549,37.871
47.391,44.221,7.7009,-47.789,12.07,21.262,14.409,46.865,50.136,50.461,49.466,39.97
49.497,42.029,5.0139,-47.733,15.814,18.686,12.516,47.49,49.826,52.118,51.029,41.723
52.002,39.702,1.9416,-47.743,20.466,15.966,10.208,47.336,49.719,53.28,52.313,43.102
54.761,37.307,-1.2625,-47.849,25.643,13.319,7.6007,46.389,49.973,53.775,53.389,44.114
57.568,34.858,-4.3384,-48.034,30.812,10.899,4.866,44.788,50.496,53.554,54.325,44.885
60.235,32.317,-7.0614,-48.227,35.364,8.7894,2.1938,42.746,50.923,52.727,55.193,45.66
62.618,29.617,-9.2853,-48.271,38.731,7.008,-0.24571,40.41,50.762,51.486,56.039,46.65
64.557,26.705,-10.981,-47.846,40.541,5.5212,-2.3279,37.783,49.616,49.96,56.8,47.792
65.72,23.618,-12.261,-46.473,40.775,4.2609,-3.9973,34.785,47.34,48.114,57.238,48.716
65.497,20.509,-13.332,-43.962,39.762,3.1482,-5.277,31.354,44.032,45.784,56.949,48.948
63.454,17.578,-14.348,-40.907,37.959,2.1088,-6.2359,27.495,39.87,42.801,55.535,48.088
60.092,14.934,-15.288,-37.866,35.741,1.0741,-6.9351,23.287,34.952,39.086,52.819,45.901
56.144,12.517,-16.015,-34.652,33.334,-0.0081549,-7.401,18.856,29.347,34.668,48.862,42.371
51.663,10.142,-16.395,-30.806,30.796,-1.1516,-7.6349,14.368,23.25,29.67,43.845,37.707
46.321,7.6043,-16.359,-26.015,28.04,-2.3279,-7.6374,10.029,17.035,24.294,38.023,32.285
39.883,4.7894,-15.886,-20.233,24.904,-3.4935,-7.4248,6.0672,11.096,18.78,31.76,26.573
32.357,1.7169,-14.999,-13.695,21.258,-4.6169,-7.0319,2.6772,5.7271,13.373,25.46,21.007
24.053,-1.4887,-13.774,-6.9107,17.179,-5.6848,-6.5067,-0.054439,1.1634,8.3562,19.423,15.881
15.597,-4.6593,-12.362,-0.58999,13.031,-6.696,-5.9014,-2.1811,-2.3752,4.0682,13.811,11.32
7.7229,-7.6359,-10.957,4.6195,9.2594,-7.656,-5.2633,-3.8551,-4.8063,0.79183,8.774,7.3926
1.1195,-10.303,-9.7265,8.4044,6.126,-8.5744,-4.6251,-5.2531,-6.3646,-1.4692,4.5293,4.2122
-3.5952,-12.61,-8.7509,10.829,3.6853,-9.4635,-4.0039,-6.5198,-7.4676,-3.0342,1.235,1.8419
-6.3166,-14.591,-8.0157,12.223,1.8535,-10.336,-3.4089,-7.7408,-8.3977,-4.3113,-1.2008,0.1304
-7.6463,-16.345,-7.4415,13.041,0.47632,-11.199,-2.8522,-8.9393,-9.2418,-5.5815,-3.0407,-1.1796
-8.3109,-17.994,-6.9311,13.716,-0.59806,-12.054,-2.3538,-10.091,-9.9967,-6.9503,-4.4959,-2.251
-8.7589,-19.605,-6.4106,14.534,-1.4751,-12.889,-1.9388,-11.154,-10.642,-8.3807,-5.6635,-3.1412
-9.2035,-21.155,-5.8519,15.593,-2.2143,-13.681,-1.6308,-12.092,-11.167,-9.7488,-6.5803,-3.8731
-9.7358,-22.552,-5.2717,16.817,-2.8435,-14.396,-1.4458,-12.894,-11.573,-10.915,-7.2695,-4.4756
-10.373,-23.702,-4.7126,18.042,-3.3635,-14.995,-1.3879,-13.565,-11.864,-11.785,-7.7556,-4.9879
-11.061,-24.574,-4.2192,19.123,-3.7523,-15.442,-1.4471,-14.12,-12.051,-12.329,-8.0669,-5.4488
-11.695,-25.209,-3.819,20.017,-3.9859,-15.725,-1.6007,-14.578,-12.142,-12.579,-8.2371,-5.8881
-12.204,-25.692,-3.5122,20.784,-4.0722,-15.867,-1.8185,-14.962,-12.15,-12.621,-8.3099,-6.3277
-12.644,-26.124,-3.2709,21.539,-4.0714,-15.918,-2.0702,-15.3,-12.101,-12.578,-8.3404,-6.7879
-13.177,-26.597,-3.0496,22.4,-4.0879,-15.947,-2.3289,-15.623,-12.032,-12.593,-8.3877,-7.2899
-13.989,-27.179,-2.8018,23.456,-4.2398,-16.013,-2.5707,-15.959,-11.98,-12.792,-8.4996,-7.8523
-15.215,-27.892,-2.4959,24.74,-4.6216,-16.145,-2.7732,-16.325,-11.968,-13.252,-8.7011,-8.4847
-16.888,-28.701,-2.1209,26.211,-5.2778,-16.34,-2.9157,-16.722,-12.003,-13.979,-8.9932,-9.1838
-18.93,-29.527,-1.6816,27.77,-6.1899,-16.564,-2.9806,-17.138,-12.077,-14.91,-9.3606,-9.9321
-21.167,-30.284,-1.1912,29.294,-7.284,-16.768,-2.9539,-17.551,-12.177,-15.936,-9.7831,-10.699
-23.395,-30.904,-0.66383,30.681,-8.4583,-16.901,-2.8271,-17.934,-12.293,-16.936,-10.241,-11.443
-25.452,-31.352,-0.10739,31.871,-9.622,-16.915,-2.5985,-18.256,-12.419,-17.812,-10.717,-12.124
-27.267,-31.621,0.48234,32.842,-10.718,-16.77,-2.2755,-18.492,-12.559,-18.508,-11.195,-12.714
-28.831,-31.718,1.1189,33.597,-11.722,-16.434,-1.8748,-18.627,-12.714,-19.016,-11.661,-13.202
-30.15,-31.652,1.8118,34.136,-12.624,-15.895,-1.4203,-18.66,-12.882,-19.38,-12.107,-13.597
-31.217,-31.429,2.5537,34.454,-13.411,-15.158,-0.93753,-18.602,-13.053,-19.675,-12.53,-13.92
-32.012,-31.053,3.3179,34.538,-14.06,-14.256,-0.44646,-18.479,-13.213,-19.991,-12.93,-14.19
-32.516,-30.536,4.0678,34.383,-14.539,-13.244,0.045037,-18.331,-13.352,-20.407,-13.313,-14.421
-32.728,-29.9,4.7685,33.997,-14.824,-12.186,0.54645,-18.208,-13.471,-20.973,-13.687,-14.621
-32.667,-29.18,5.3933,33.402,-14.91,-11.145,1.087,-18.156,-13.573,-21.708,-14.064,-14.796
-32.37,-28.416,5.9274,32.639,-14.825,-10.168,1.7151,-18.205,-13.666,-22.606,-14.46,-14.956
-31.892,-27.632,6.3709,31.755,-14.626,-9.2689,2.4916,-18.371,-13.753,-23.644,-14.886,-15.118
-31.296,-26.814,6.7428,30.79,-14.394,-8.4124,3.4677,-18.667,-13.837,-24.783,-15.34,-15.291
-30.662,-25.89,7.088,29.769,-14.242,-7.4995,4.6304,-19.141,-13.924,-25.949,-15.794,-15.468
-30.074,-24.709,7.4915,28.688,-14.327,-6.3853,5.8354,-19.912,-14.034,-27.031,-16.191,-15.602
-29.615,-23.031,8.1085,27.507,-14.928,-4.9525,6.8048,-21.202,-14.214,-27.909,-16.446,-15.607
-29.332,-20.594,9.2082,26.167,-16.567,-3.2344,7.1975,-23.283,-14.571,-28.523,-16.471,-15.366
-29.225,-17.443,11.204,24.64,-19.831,-1.4894,6.6817,-26.038,-15.308,-28.953,-16.183,-14.773
-29.24,-14.691,13.867,23.015,-23.876,-0.81522,6.2621,-27.305,-16.507,-29.494,-15.517,-13.763
-29.292,-15.128,11.589,21.561,-26.536,-5.4678,11.323,-27.335,-10.494,-30.683,-14.445,-12.353
-29.28,-20.755,5.755,20.714,-27.67,-11.129,12.259,-27.743,-7.8228,-33.167,-13.142,-10.964
-29.079,-26.624,4.3896,21.101,-28.625,-12.04,13.925,-27.941,-8.1945,-37.218,-13.47,-13.785
-28.517,-28.28,7.4717,23.607,-30.526,-9.8168,16.295,-28.702,-8.7621,-42.409,-25.491,-28.026
-27.525,-25.176,15.451,27.498,-33.803,-4.1259,18.698,-31.851,-9.5738,-45.851,-37.293,-32.016
-26.797,-16.258,29.161,26.781,-38.363,6.3565,19.662,-40.335,-11.598,-45.761,-36.371,-31.752
-29.076,0.54442,49.104,17.917,-44.192,23.607,16.628,-58.463,-17.061,-44.215,-30.452,-27.679
-33.834,26.755,74.717,3.5358,-52.601,49.556,5.3445,-91.211,-29.86,-42.057,-20.641,-19.117
-37.031,59.031,103.06,-9.2961,-65.616,82.744,-22.139,-142.48,-55.39,-40.219,-7.5636,-6.0985
-39.776,92.29,129.33,-19.657,-80.303,115.31,-71.25,-215.25,-98.335,-41.683,8.976,11.775
-39.556,120.83,150.15,-29.573,-90.998,139.44,-129.92,-311.89,-162.21,-52.665,29.688,35.736
-34.717,141.33,164.64,-41.126,-94.985,155.48,-200.66,-432.08,-252.07,-77.335,56.091,67.777
-25.167,156.4,172.58,-55.913,-91.998,166.23,-281.19,-573.21,-369.84,-118.42,91.554,108.56
-10.974,170.39,174.45,-74.116,-83.553,173.75,-365.21,-730.25,-512.37,-175.98,136.3,155.68
8.303,188.74,172.63,-96.855,-71.572,181.89,-446.97,-895.44,-671.22,-245.91,191.69,214.54
36.053,216.86,170.77,-127.96,-57.501,194.88,-523.08,-1058.8,-831.95,-318.73,264.25,291.25
77.744,257.53,173.07,-170.61,-42.363,215.91,-591.75,-1208.8,-975.02,-378.29,359.44,387.12
127.61,310.02,182.34,-223.51,-26.008,246.88,-651.86,-1334.7,-1082.5,-404.81,478.85,500.46
179.74,368.83,194.28,-280.73,-7.5527,283.59,-701.34,-1427.4,-1142,-385.18,617.87,624.97
228.37,422.41,200.35,-332.2,12.201,314.69,-735.84,-1480.3,-1146,-313.48,763.34,747.8
263.84,454.99,193.58,-365.58,31.894,327.8,-749.32,-1490.7,-1094.3,-193.34,893.74,850.2
277.02,452.23,171.71,-369.84,49.929,314.48,-737.07,-1462.3,-997.07,-41.47,983.69,912.03
262.56,408.74,136.89,-340.23,62.607,273.83,-699.35,-1406.7,-876.11,112.77,1011.6,918.31
220.83,332.45,97.544,-281.25,64.265,215.05,-642.58,-1342,-761.85,232.22,966.07,864.22
157.5,241.81,67.901,-204.85,49.413,154.72,-576.62,-1286,-685.4,280.23,848.17,755.66
81.453,157.23,60.785,-125.34,15.467,109.16,-510.03,-1249.7,-668.96,230.68,669.23,605.9
2.0782,92.633,80.467,-53.841,-35.118,87.056,-447.06,-1233.8,-718.61,76.844,447.7,430.99
-72.493,51.137,119.95,4.3573,-94.221,85.975,-388.35,-1231.8,-822.19,-163.45,206.15,246.94
-136.01,26.095,164.26,49.151,-149.95,94.722,-333.68,-1233.5,-952.79,-449.34,-30.984,68.914
-184.18,7.7097,198.01,82.995,-191.15,101.13,-283.94,-1226.3,-1076.7,-726.49,-239.94,-89.067
-214.84,-10.457,211.43,108.71,-211.7,98.687,-240.92,-1200.2,-1163.4,-943.38,-401.49,-215.45
-228.41,-31.728,201.65,128.61,-211.47,85.467,-205.53,-1150.3,-1194.4,-1067.5,-505.14,-303.13
-227.77,-56.921,172.06,143.09,-194.62,61.458,-176.86,-1076.6,-1166.5,-1093.4,-551.24,-351.01
-216.92,-83.369,130.63,151.43,-167.28,29.584,-152.65,-984.13,-1089.5,-1039.3,-549.5,-363.81
-200.19,-107.95,86.622,154.92,-135.8,-4.8089,-129.2,-879.99,-979.87,-936.49,-514.72,-350.32
-181.4,-128.7,46.428,155.48,-105.51,-35.807,-103,-771.34,-854.89,-816.54,-462.22,-321.02
-163.65,-144.89,12.693,154.44,-79.696,-61.236,-72.954,-664.45,-728.98,-698.76,-405.09,-285.76
-149,-156.32,-13.401,152.71,-59.545,-81.232,-40.801,-565.19,-612.71,-594.41,-352.62,-251.78
-137.29,-162.35,-31.127,149.72,-44.974,-94.4,-10.18,-478.1,-512.86,-510.2,-309.52,-222.89
-126.89,-162.01,-39.987,143.61,-35.346,-99.453,14.673,-405.52,-432.42,-445.77,-276.48,-199.89
-116.58,-153.99,-40.59,132.69,-29.806,-96.687,30.926,-347.32,-369.57,-396.66,-251.32,-181.61
-105.64,-137.84,-34.72,116.59,-27.321,-87.023,38.901,-300.76,-319.07,-355.89,-230.05,-166.07
-92.871,-114.93,-24.426,96.768,-26.21,-70.741,40.581,-261.25,-277.54,-316.58,-210.07,-151.73
-78.105,-88.709,-10.998,75.908,-24.714,-51.14,38.496,-224.14,-240.74,-276.63,-189.88,-136.88
-62.853,-63.691,-5.9776,56.701,-21.316,-34.196,34.949,-186.57,-202.91,-236.32,-167.95,-120.17
-48.921,-43.64,-6.4128,40.964,-15.266,-21.462,31.635,-148.14,-160.9,-197.03,-146.09,-102.83
-37.617,-30.053,-6.9945,29.431,-7.0403,-13.352,27.952,-110.38,-115.72,-160.55,-124.89,-86.519
-29.581,-22.309,-6.9661,22.04,-3.3198,-9.7893,21.866,-75.303,-71.419,-129.36,-105.07,-71.842
-24.754,-18.846,-6.3438,18.208,-1.9225,-9.5697,21.821,-45.825,-32.593,-105.64,-87.856,-59.36
-22.759,-17.843,-5.2411,16.926,-1.1,-11.074,22.314,-25.617,-3.5043,-88.682,-74.19,-49.175
-22.971,-17.508,-3.8076,16.873,-0.66078,-11.606,22.398,-13.872,11.791,-76.373,-63.934,-41.178
-23.466,-15.567,-2.2902,16.006,-0.57186,-9.0726,22.074,-8.1547,16.264,-67.344,-56.707,-35.188
-21.315,-11.246,-0.94778,11.296,-0.73705,-5.6976,21.462,-7.2288,13.264,-60.518,-52.14,-30.976
-18.015,-7.4589,0.088195,7.5139,-0.98013,-3.2156,20.716,-9.7442,6.3839,-54.811,-49.841,-28.203
-15.941,-4.8549,0.80381,5.8903,-1.0814,-1.5676,19.95,-16.091,0.076513,-49.289,-48.92,-26.299
-14.556,-2.9665,1.2112,4.8628,-0.84766,-0.43568,19.218,-16.492,-1.0077,-43.57,-47.593,-24.098
-13.128,-1.446,1.3233,3.8033,-0.18148,0.35488,18.529,-10.5,8.401,-39.35,-43.631,-20.635
-11.383,-0.13549,1.1967,2.5376,0.88353,0.90531,17.868,-6.8044,18.387,-37.115,-37.149,-17.249
-9.3118,1.0478,0.95191,1.0749,2.2015,1.3127,17.201,-4.5859,25.149,-34.453,-31.273,-14.758
-7.03,2.1701,0.72587,-0.50758,3.5889,1.6776,16.491,-2.9814,31.26,-31.059,-27.327,-12.929
-4.7082,3.2969,0.60452,-2.1298,4.8987,2.0804,15.703,-1.6249,37.144,-27.264,-24.774,-11.564
-2.5246,4.4696,0.59449,-3.7281,6.0441,2.5543,14.813,-0.34737,42.624,-23.361,-23.009,-10.584
-0.63047,5.6686,0.6461,-5.2338,6.9944,3.0765,13.821,0.94476,47.108,-19.588,-21.687,-9.9256
0.86478,6.8115,0.69398,-6.5559,7.7761,3.5868,12.752,2.3149,50.193,-16.13,-20.612,-9.5025
1.8975,7.7903,0.67938,-7.5973,8.4644,4.0157,11.648,3.8218,52.024,-13.099,-19.661,-9.2117
2.4535,8.5188,0.55622,-8.2887,9.1484,4.3066,10.559,5.523,53.183,-10.516,-18.761,-8.9572
2.5665,8.9684,0.30159,-8.6148,9.8891,4.4339,9.5294,7.4429,54.384,-8.3346,-17.882,-8.6751
2.31,9.1748,-0.068302,-8.6249,10.692,4.4109,8.5886,9.5295,56.397,-6.488,-17.033,-8.3452
1.7848,9.2198,-0.49774,-8.4247,11.505,4.2846,7.7414,11.649,59.877,-4.9193,-16.246,-7.9841
1.1043,9.1986,-0.91551,-8.1497,12.241,4.1153,6.9712,13.641,64.963,-3.5873,-15.547,-7.6247
0.37829,9.1907,-1.2669,-7.9286,12.818,3.9546,6.2516,15.388,70.806,-2.4582,-14.937,-7.295
-0.29987,9.2427,-1.5326,-7.8559,13.193,3.8334,5.5588,16.861,75.882,-1.4975,-14.389,-7.0016
-0.85145,9.3657,-1.728,-7.9886,13.38,3.7634,4.878,18.116,79.333,-0.66895,-13.86,-6.7285
-1.2019,9.5485,-1.8928,-8.3616,13.446,3.7436,4.2031,19.266,81.283,0.062733,-13.309,-6.4475
-1.2816,9.7747,-2.0816,-8.9896,13.497,3.7615,3.532,20.426,82.289,0.72795,-12.727,-6.1351
-1.0419,10.031,-2.3566,-9.8543,13.651,3.793,2.8631,21.662,83.031,1.35,-12.142,-5.7853
-0.46881,10.307,-2.7669,-10.909,14.005,3.8137,2.1959,22.959,84.108,1.9448,-11.6,-5.41
0.41527,10.611,-3.3122,-12.109,14.617,3.8172,1.5352,24.227,85.823,2.5222,-11.14,-5.0302
1.557,10.971,-3.918,-13.439,15.491,3.8245,0.89215,25.358,88.076,3.0878,-10.77,-4.6622
2.8759,11.438,-4.4601,-14.909,16.581,3.877,0.28067,26.282,90.48,3.6451,-10.463,-4.3095
4.2657,12.063,-4.8257,-16.524,17.799,4.0175,-0.29018,27.002,92.655,4.1977,-10.168,-3.9613
5.5992,12.87,-4.965,-18.246,19.019,4.272,-0.82137,27.574,94.42,4.7487,-9.8306,-3.5978
6.7396,13.83,-4.8976,-19.958,20.1,4.6399,-1.3225,28.081,95.773,5.2991,-9.407,-3.1981
7.5682,14.851,-4.6776,-21.468,20.911,5.0937,-1.8025,28.596,96.815,5.8502,-8.877,-2.7464
8.0233,15.794,-4.3541,-22.562,21.377,5.5872,-2.2585,29.169,97.713,6.4069,-8.2411,-2.2335
8.1321,16.522,-3.9559,-23.084,21.484,6.0705,-2.6711,29.824,98.665,6.9828,-7.5134,-1.6531
7.9949,16.963,-3.4928,-23.002,21.256,6.5095,-3.0114,30.565,99.848,7.5977,-6.7106,-0.99718
7.7129,17.141,-2.9576,-22.442,20.719,6.9011,-3.2563,31.378,101.34,8.2718,-5.8427,-0.25282
7.3167,17.161,-2.3262,-21.622,19.886,7.276,-3.4029,32.244,103.07,9.0198,-4.9104,0.59475
6.755,17.156,-1.5659,-20.72,18.765,7.6854,-3.4723,33.142,104.83,9.8516,-3.9077,1.5572
5.9393,17.23,-0.65254,-19.78,17.362,8.1778,-3.5009,34.05,106.42,10.781,-2.8262,2.6359
4.7981,17.441,0.40903,-18.777,15.702,8.7805,-3.5258,34.958,107.7,11.835,-1.6586,3.8171
3.314,17.807,1.5755,-17.73,13.838,9.4913,-3.5708,35.871,108.68,13.05,-0.39824,5.0779
1.5404,18.326,2.7737,-16.758,11.869,10.285,-3.6415,36.817,109.47,14.463,0.9632,6.4108
-0.39676,18.997,3.9232,-16.053,9.9291,11.128,-3.7302,37.839,110.3,16.093,2.4384,7.8514
-2.3109,19.839,4.9593,-15.812,8.1577,11.998,-3.8253,38.983,111.33,17.933,4.0447,9.4848
-3.9821,20.896,5.8474,-16.168,6.6735,12.895,-3.9226,40.274,112.64,19.937,5.7991,11.424
-5.1957,22.235,6.583,-17.179,5.5552,13.835,-4.0333,41.7,114.16,22.032,7.7088,13.761
-5.7794,23.915,7.1799,-18.849,4.8434,14.839,-4.1868,43.205,115.73,24.125,9.7623,16.507
-5.6304,25.968,7.6554,-21.136,4.5506,15.91,-4.4247,44.691,117.16,26.131,11.93,19.538
-4.725,28.378,8.0208,-23.941,4.6689,17.033,-4.7868,46.042,118.37,27.993,14.17,22.624
-3.1144,31.093,8.284,-27.111,5.165,18.184,-5.2943,47.174,119.32,29.7,16.444,25.546
-0.92019,34.043,8.4597,-30.461,5.9691,19.357,-5.9381,48.072,120.01,31.292,18.717,28.213
1.6703,37.165,8.5785,-33.828,6.9752,20.576,-6.6759,48.798,120.5,32.843,20.955,30.676
4.427,40.41,8.6882,-37.101,8.0603,21.895,-7.4424,49.457,120.87,34.431,23.111,33.047
7.1288,43.735,8.8497,-40.216,9.112,23.39,-8.1719,50.153,121.21,36.108,25.129,35.407
9.61,47.1,9.1318,-43.139,10.047,25.152,-8.8254,50.943,121.59,37.874,26.957,37.787
11.776,50.489,9.6108,-45.842,10.815,27.294,-9.4022,51.825,122.06,39.689,28.565,40.207
13.598,53.948,10.374,-48.294,11.388,29.957,-9.9278,52.748,122.62,41.493,29.955,42.714
15.106,57.604,11.531,-50.46,11.733,33.282,-10.43,53.646,123.22,43.236,31.155,45.339
16.376,61.607,13.217,-52.339,11.805,37.316,-10.922,54.468,123.82,44.896,32.203,48.059
17.49,66.01,15.603,-54.019,11.546,41.91,-11.399,55.203,124.37,46.477,33.138,50.846
18.475,70.731,18.873,-55.681,10.904,46.782,-11.835,55.881,124.85,48.006,34.008,53.741
19.268,75.653,23.156,-57.546,9.8522,51.715,-12.2,56.554,125.25,49.521,34.873,56.88
19.772,80.711,28.392,-59.771,8.4005,56.672,-12.466,57.278,125.61,51.063,35.814,60.445
19.963,85.855,34.283,-62.388,6.6004,61.746,-12.624,58.087,125.94,52.662,36.912,64.541
19.954,91.031,40.452,-65.33,4.5458,67.061,-12.689,58.973,126.26,54.333,38.224,69.059
19.94,96.213,46.654,-68.521,2.361,72.659,-12.701,59.894,126.6,56.08,39.748,73.656
20.096,101.45,52.796,-71.927,0.17684,78.48,-12.714,60.787,126.95,57.899,41.435,77.989
20.518,106.86,58.847,-75.545,-1.8956,84.412,-12.774,61.603,127.3,59.796,43.227,81.941
21.237,112.58,64.773,-79.377,-3.7808,90.373,-12.912,62.326,127.63,61.787,45.107,85.621
22.262,118.72,70.541,-83.426,-5.447,96.339,-13.143,62.968,127.91,63.895,47.113,89.232
23.603,125.36,76.165,-87.696,-6.9078,102.34,-13.481,63.556,128.09,66.136,49.328,92.986
25.275,132.53,81.732,-92.187,-8.2186,108.45,-13.955,64.099,128.14,68.489,51.867,97.085
27.264,140.18,87.343,-96.84,-9.4637,114.74,-14.604,64.58,128.04,70.894,54.882,101.71
29.502,148.14,93.031,-101.5,-10.739,121.23,-15.464,64.95,127.78,73.257,58.559,107
31.861,156.08,98.764,-105.98,-12.146,127.86,-16.544,65.144,127.4,75.49,63.094,112.92
34.214,163.7,104.5,-110.25,-13.807,134.49,-17.817,65.096,126.94,77.55,68.592,119.22
36.486,170.9,110.21,-114.49,-15.858,141.03,-19.227,64.765,126.42,79.44,74.919,125.54
38.67,177.8,115.93,-118.91,-18.403,147.47,-20.725,64.14,125.83,81.193,81.658,131.71
40.796,184.65,121.75,-123.66,-21.413,153.87,-22.282,63.245,125.15,82.842,88.349,137.8
42.895,191.75,127.76,-128.75,-24.674,160.37,-23.897,62.12,124.35,84.402,94.795,143.91
44.971,199.38,134.01,-134.13,-27.899,167.1,-25.595,60.793,123.41,85.868,101.11,150.21
46.986,207.81,140.49,-139.69,-30.923,174.19,-27.43,59.251,122.3,87.225,107.53,156.83
48.865,217.13,147.15,-145.28,-33.756,181.75,-29.498,57.43,120.97,88.453,114.28,163.89
50.515,227.12,153.88,-150.71,-36.497,189.79,-31.918,55.239,119.31,89.54,121.54,171.42
51.843,237.27,160.67,-155.82,-39.264,198.16,-34.781,52.612,117.15,90.487,129.38,179.3
52.788,246.99,167.56,-160.53,-42.176,206.65,-38.045,49.572,114.28,91.308,137.78,187.36
53.332,255.86,174.61,-164.87,-45.349,214.99,-41.479,46.222,110.7,92.026,146.59,195.4
53.524,263.8,181.82,-168.95,-48.842,223,-44.805,42.639,106.83,92.663,155.58,203.32
53.464,271.01,189.14,-172.93,-52.611,230.6,-47.944,38.775,103.07,93.227,164.51,211.07
53.284,277.88,196.51,-176.93,-56.506,237.89,-51.055,34.491,99.262,93.706,173.2,218.7
53.103,284.81,203.95,-180.98,-60.332,245.05,-54.403,29.675,95.029,94.066,181.58,226.24
52.995,291.96,211.52,-184.97,-63.919,252.26,-58.234,24.375,90.046,94.263,189.66,233.75
52.982,299.2,219.25,-188.65,-67.168,259.58,-62.678,18.829,84.12,94.254,197.53,241.24
53.059,306.07,226.87,-191.8,-70.044,266.74,-67.69,13.385,77.234,94.004,205.31,248.67
53.235,312.17,233.66,-194.39,-72.519,273.24,-73.082,8.2542,69.591,93.502,213.13,255.89
53.568,317.3,238.77,-196.49,-74.481,278.58,-78.646,3.2487,61.588,92.748,221.06,262.66
54.169,321.53,241.7,-198.3,-75.71,282.55,-84.232,-2.3324,53.666,91.749,229.05,268.77
55.178,325.03,242.59,-200.01,-75.994,285.21,-89.742,-9.2787,45.993,90.501,236.95,274.21
56.707,327.98,241.97,-201.8,-75.271,286.75,-95.083,-17.654,38.385,88.984,244.51,279.13
58.819,330.4,240.47,-203.74,-73.622,287.39,-100.14,-26.961,30.612,87.174,251.53,283.72
61.477,332.24,238.52,-205.79,-71.241,287.3,-104.84,-36.966,22.671,85.067,257.88,288.18
64.47,333.39,236.29,-207.8,-68.412,286.61,-109.15,-47.686,14.754,82.701,263.58,292.62
67.397,333.79,233.83,-209.51,-65.442,285.44,-113.2,-58.987,7.0239,80.165,268.72,297.04
69.839,333.41,231.14,-210.66,-62.544,283.87,-117.19,-70.424,-0.48373,77.58,273.37,301.27
71.55,332.2,228.34,-211.08,-59.822,281.94,-121.25,-81.43,-7.7089,75.059,277.55,305.08
72.461,330.05,225.59,-210.73,-57.381,279.62,-125.3,-91.655,-14.517,72.664,281.22,308.18
72.541,326.89,222.94,-209.6,-55.417,276.79,-129.14,-101.09,-21.159,70.38,284.28,310.36
71.709,322.56,220.19,-207.65,-54.172,273.27,-132.62,-109.88,-28.443,68.132,286.57,311.48
69.911,316.82,216.89,-204.67,-53.687,268.77,-135.73,-118.19,-36.844,65.83,287.9,311.45
67.303,309.41,212.61,-200.32,-53.547,262.97,-138.55,-126.07,-45.839,63.427,288.08,310.2
64.368,300.32,207.07,-194.34,-52.968,255.64,-141.18,-133.49,-54.408,60.945,287.05,307.71
61.781,289.96,200.19,-187.29,-51.238,246.69,-143.67,-140.31,-61.817,58.456,284.97,304.15
60.062,278.97,191.91,-180.54,-48.07,236.33,-146.02,-146.27,-67.707,56.038,282.17,299.86
59.345,267.78,182.24,-174.95,-43.513,224.96,-148.09,-151.13,-71.885,53.724,278.94,295.16
59.383,256.53,171.33,-170.24,-37.839,213.04,-149.57,-154.73,-74.294,51.487,275.33,290.06
59.697,245.2,159.6,-165.62,-31.597,201.03,-150.1,-157.09,-75.061,49.256,271.19,284.41
59.752,233.64,147.75,-160.36,-25.586,189.22,-149.45,-158.38,-74.475,46.941,266.24,277.94
59.045,221.64,136.6,-153.91,-20.592,177.74,-147.6,-158.81,-72.956,44.461,260.18,270.44
57.197,209.01,126.66,-146.03,-16.966,166.55,-144.68,-158.57,-70.979,41.764,252.86,261.8
54.167,195.67,117.94,-136.85,-14.48,155.57,-140.86,-157.78,-68.91,38.844,244.33,252.11
50.334,181.86,109.95,-126.91,-12.543,144.72,-136.36,-156.52,-66.908,35.729,234.77,241.66
46.253,168.08,102.02,-116.97,-10.558,133.99,-131.34,-154.85,-64.952,32.458,224.37,230.78
42.406,154.9,93.598,-107.7,-8.4274,123.48,-125.89,-152.8,-62.917,29.047,213.26,219.69
39.209,142.69,84.463,-99.556,-6.5759,113.27,-120.1,-150.42,-60.649,25.49,201.59,208.42
36.963,131.56,74.787,-92.705,-5.037,103.45,-114.11,-147.76,-58.04,21.809,189.49,196.98
35.617,121.4,65.006,-87.064,-3.4789,93.988,-108.09,-144.85,-55.115,18.095,177.18,185.44
34.685,112.01,55.606,-82.343,-1.7609,84.875,-102.16,-141.77,-52.06,14.519,164.9,173.98
33.45,103.17,46.97,-78.069,0.042627,76.121,-96.357,-138.54,-49.123,11.253,152.95,162.77
31.237,94.679,39.32,-73.672,1.7848,67.802,-90.683,-135.22,-46.476,8.3781,141.61,151.89
27.768,86.351,32.69,-68.567,3.3357,60.017,-85.147,-131.82,-44.16,5.8427,131.02,141.31
23.59,78.032,26.933,-62.587,4.6393,52.816,-79.739,-128.37,-42.138,3.4992,121.05,130.98
19.653,69.658,21.783,-56.949,5.7559,46.134,-74.428,-124.86,-40.358,1.1615,111.42,120.85
16.418,61.566,17.051,-52.572,6.8429,39.795,-69.171,-121.31,-38.781,-1.3424,101.81,110.83
13.888,54.287,12.837,-48.926,8.059,33.669,-63.946,-117.73,-37.385,-4.139,91.99,100.88
11.911,47.857,9.2922,-45.433,9.467,27.8,-58.797,-114.14,-36.152,-7.3,81.973,91.037
10.272,41.934,6.3093,-41.863,11.007,22.295,-53.829,-110.56,-35.057,-10.84,71.974,81.53
8.7476,36.21,3.6614,-38.131,12.541,17.224,-49.12,-107,-34.067,-14.707,62.412,72.63
7.1947,30.498,1.1795,-34.166,13.926,12.641,-44.644,-103.45,-33.155,-18.763,53.747,64.431
5.617,24.699,-1.2223,-29.842,15.06,8.6333,-40.308,-99.894,-32.304,-22.801,46.124,56.876
4.1614,18.909,-3.5559,-24.943,15.9,5.2934,-36.048,-96.329,-31.519,-26.602,39.354,49.989
2.9969,13.55,-5.7714,-19.43,16.45,2.6292,-31.875,-92.752,-30.804,-30.001,33.175,43.903
2.1808,9.0826,-7.7937,-13.983,16.748,0.52487,-27.859,-89.184,-30.148,-32.921,27.348,38.707
1.6538,5.5981,-9.5735,-9.5995,16.857,-1.2006,-24.075,-85.656,-29.519,-35.367,21.712,34.353
1.3041,2.888,-11.113,-6.5713,16.848,-2.7176,-20.558,-82.187,-28.877,-37.389,16.285,30.559
1.0035,0.68739,-12.445,-4.5473,16.777,-4.1506,-17.314,-78.76,-28.188,-39.057,11.379,26.763
0.61685,-1.2151,-13.587,-3.0869,16.635,-5.5677,-14.361,-75.335,-27.429,-40.433,7.3975,22.562
0.012658,-2.9575,-14.506,-1.8717,16.345,-6.9707,-11.757,-71.86,-26.582,-41.574,4.3739,18.323
-0.91634,-4.6054,-15.127,-0.70799,15.787,-8.2911,-9.5694,-68.29,-25.631,-42.515,2.0208,14.739
-2.2275,-6.1577,-15.367,0.5046,14.854,-9.4164,-7.8099,-64.589,-24.562,-43.277,0.10069,12.049
-3.908,-7.5661,-15.188,1.7935,13.499,-10.245,-6.4033,-60.735,-23.375,-43.869,-1.4788,10.107
-5.8681,-8.7717,-14.626,3.1278,11.78,-10.739,-5.2352,-56.74,-22.093,-44.29,-2.7402,8.7057
-7.9529,-9.7369,-13.791,4.4349,9.8582,-10.935,-4.2056,-52.675,-20.767,-44.546,-3.7023,7.6849
-9.9725,-10.46,-12.851,5.6221,7.9458,-10.927,-3.2491,-48.667,-19.467,-44.654,-4.4068,6.9267
-11.743,-10.968,-11.976,6.5997,6.2352,-10.827,-2.3382,-44.871,-18.264,-44.638,-4.916,6.3347
-13.126,-11.309,-11.291,7.3015,4.8443,-10.73,-1.4761,-41.406,-17.209,-44.53,-5.297,5.8274
-14.044,-11.544,-10.837,7.6982,3.8018,-10.701,-0.68172,-38.318,-16.321,-44.361,-5.604,5.3401
-14.487,-11.74,-10.578,7.8022,3.0684,-10.772,0.031384,-35.584,-15.593,-44.155,-5.8687,4.8323
-14.497,-11.968,-10.438,7.6645,2.5745,-10.954,0.66957,-33.139,-14.992,-43.926,-6.1035,4.2954
-14.153,-12.285,-10.341,7.3678,2.2581,-11.236,1.2585,-30.902,-14.472,-43.681,-6.3127,3.7491
-13.565,-12.722,-10.243,7.014,2.0853,-11.595,1.8296,-28.813,-13.983,-43.428,-6.5037,3.225
-12.859,-13.267,-10.136,6.7013,2.05,-11.996,2.4059,-26.845,-13.486,-43.172,-6.69,2.7443
-12.137,-13.871,-10.045,6.5002,2.1682,-12.406,2.9951,-25.002,-12.96,-42.925,-6.8877,2.3044
-11.444,-14.476,-10.011,6.4425,2.4617,-12.801,3.5906,-23.306,-12.405,-42.694,-7.1066,1.8791
-10.805,-15.042,-10.071,6.5335,2.923,-13.177,4.1778,-21.782,-11.838,-42.483,-7.342,1.4296
-10.283,-15.554,-10.238,6.7735,3.486,-13.541,4.7427,-20.441,-11.282,-42.285,-7.5721,0.91958
-10.003,-16.023,-10.498,7.1693,4.03,-13.897,5.2813,-19.259,-10.754,-42.08,-7.7623,0.33146
-10.102,-16.46,-10.801,7.7313,4.4119,-14.236,5.8056,-18.169,-10.252,-41.831,-7.8757,-0.32385
-10.672,-16.87,-11.082,8.4591,4.5068,-14.537,6.3425,-17.063,-9.7533,-41.494,-7.8844,-1.0052
-11.727,-17.236,-11.282,9.3213,4.2449,-14.774,6.9217,-15.836,-9.2222,-41.025,-7.7774,-1.6507
-13.171,-17.531,-11.363,10.24,3.6352,-14.927,7.5594,-14.432,-8.6226,-40.39,-7.5635,-2.1988
-14.787,-17.718,-11.319,11.092,2.7683,-14.994,8.2474,-12.882,-7.9292,-39.575,-7.2717,-2.6132
-16.273,-17.773,-11.166,11.737,1.7965,-14.985,8.9565,-11.286,-7.1322,-38.597,-6.9466,-2.9004
-17.329,-17.699,-10.938,12.057,0.89634,-14.926,9.6523,-9.7551,-6.2356,-37.496,-6.6398,-3.1063
-17.744,-17.534,-10.674,11.994,0.22321,-14.844,10.317,-8.3532,-5.2515,-36.319,-6.398,-3.2936
-17.448,-17.339,-10.402,11.57,-0.13034,-14.761,10.96,-7.0799,-4.1927,-35.092,-6.2494,-3.5133
-16.519,-17.169,-10.129,10.886,-0.15432,-14.677,11.62,-5.887,-3.0636,-33.799,-6.1947,-3.7845
-15.149,-17.032,-9.8422,10.08,0.093289,-14.568,12.336,-4.7052,-1.8534,-32.391,-6.2025,-4.0884
-13.589,-16.885,-9.5227,9.2812,0.52232,-14.383,13.127,-3.4677,-0.53495,-30.808,-6.2231,-4.3806
-12.086,-16.653,-9.1565,8.5686,1.0357,-14.069,13.974,-2.1251,0.93118,-29.01,-6.2074,-4.6156
-10.849,-16.283,-8.7491,7.9754,1.5344,-13.596,14.825,-0.64899,2.5859,-26.999,-6.1289,-4.772
-10.018,-15.771,-8.3298,7.5194,1.9225,-12.983,15.621,0.9682,4.4566,-24.814,-5.9937,-4.8635
-9.6317,-15.172,-7.9383,7.2251,2.1279,-12.296,16.318,2.7129,6.5364,-22.516,-5.8356,-4.932
-9.6284,-14.59,-7.6045,7.1275,2.1275,-11.639,16.894,4.5515,8.7668,-20.176,-5.7004,-5.0292
-9.9136,-14.14,-7.3385,7.2565,1.9527,-11.111,17.348,6.4425,11.037,-17.866,-5.63,-5.1995
-10.409,-13.919,-7.1341,7.6136,1.6658,-10.77,17.693,8.3546,13.217,-15.661,-5.6473,-5.4686
-11.032,-13.961,-6.9727,8.1552,1.3252,-10.627,17.948,10.285,15.194,-13.627,-5.7584,-5.8401
-11.692,-14.233,-6.8212,8.8027,0.96215,-10.637,18.131,12.248,16.911,-11.813,-5.9546,-6.2995
-12.318,-14.643,-6.6311,9.467,0.57904,-10.721,18.255,14.243,18.363,-10.242,-6.2198,-6.8204
-12.879,-15.073,-6.3448,10.067,0.16118,-10.78,18.327,16.229,19.582,-8.9142,-6.5355,-7.3732
-13.379,-15.404,-5.9106,10.543,-0.30808,-10.717,18.35,18.121,20.621,-7.8021,-6.8841,-7.9341
-13.847,-15.54,-5.2998,10.863,-0.83557,-10.465,18.324,19.826,21.527,-6.8636,-7.2493,-8.4895
-14.311,-15.432,-4.5187,11.026,-1.411,-9.9951,18.253,21.294,22.335,-6.0485,-7.6143,-9.0335
-14.788,-15.074,-3.6112,11.059,-2.0054,-9.3265,18.15,22.542,23.069,-5.3099,-7.96,-9.5597
-15.267,-14.5,-2.6433,10.997,-2.5763,-8.5085,18.032,23.646,23.742,-4.615,-8.2614,-10.051
-15.706,-13.759,-1.6776,10.865,-3.0777,-7.5973,17.915,24.709,24.363,-3.9516,-8.488,-10.479
-16.039,-12.902,-0.75033,10.658,-3.4731,-6.6354,17.811,25.815,24.937,-3.3264,-8.6079,-10.809
-16.191,-11.972,0.136,10.358,-3.7471,-5.6486,17.727,27,25.473,-2.7557,-8.594,-11.017
-16.115,-11.011,1.0008,9.9574,-3.9134,-4.6563,17.659,28.235,25.985,-2.2551,-8.4352,-11.094
-15.815,-10.055,1.8667,9.4639,-4.0142,-3.6808,17.592,29.448,26.492,-1.8352,-8.1401,-11.049
-15.346,-9.1236,2.7436,8.8958,-4.1099,-2.7462,17.509,30.542,27,-1.4971,-7.7375,-10.905
-14.796,-8.2265,3.6224,8.2794,-4.2608,-1.8751,17.398,31.432,27.488,-1.2357,-7.2682,-10.692
-14.267,-7.3756,4.4762,7.6545,-4.5081,-1.0884,17.265,32.058,27.914,-1.0429,-6.774,-10.438
-13.861,-6.5887,5.2708,7.0756,-4.8687,-0.40309,17.126,32.4,28.225,-0.90791,-6.2882,-10.17
-13.67,-5.8853,5.9788,6.6055,-5.3498,0.17267,16.997,32.464,28.383,-0.81566,-5.8282,-9.9028
-13.758,-5.2787,6.5872,6.3032,-5.9542,0.6451,16.894,32.283,28.376,-0.75227,-5.3905,-9.6408
-14.143,-4.768,7.0951,6.2024,-6.6591,1.0348,16.829,31.906,28.233,-0.69991,-4.9564,-9.3742
-14.765,-4.34,7.5057,6.2962,-7.3932,1.3717,16.808,31.374,28.006,-0.64101,-4.4969,-9.084
-15.471,-3.9741,7.8239,6.531,-8.0428,1.685,16.82,30.705,27.748,-0.5716,-3.9883,-8.7513
-16.059,-3.6445,8.0586,6.8153,-8.4862,1.9957,16.839,29.886,27.481,-0.50076,-3.4256,-8.3708
-16.332,-3.3199,8.2232,7.0394,-8.632,2.3146,16.815,28.877,27.19,-0.45149,-2.8299,-7.9593
-16.153,-2.9639,8.3333,7.0978,-8.4457,2.6442,16.701,27.639,26.822,-0.45228,-2.2457,-7.5529
-15.482,-2.5422,8.4037,6.9132,-7.9569,2.9823,16.472,26.143,26.313,-0.52572,-1.7254,-7.1925
-14.38,-2.0323,8.451,6.458,-7.2535,3.3278,16.137,24.38,25.605,-0.67917,-1.3086,-6.9054
-12.999,-1.4331,8.5026,5.7629,-6.4684,3.6863,15.734,22.364,24.668,-0.90073,-1.0051,-6.6936
-11.541,-0.7667,8.6,4.9085,-5.7592,4.0696,15.307,20.125,23.5,-1.162,-0.79284,-6.5341
-10.225,-0.074614,8.7867,4.0031,-5.2751,4.4849,14.879,17.717,22.126,-1.4265,-0.62691,-6.3898
-9.2277,0.59238,9.0867,3.1517,-5.1143,4.9249,14.438,15.215,20.595,-1.6612,-0.45712,-6.2235
-8.6308,1.1927,9.4863,2.4281,-5.2883,5.3664,13.944,12.717,18.978,-1.8439,-0.24403,-6.0098
-8.3831,1.7075,9.934,1.8612,-5.7162,5.7795,13.342,10.335,17.342,-1.9709,0.033169,-5.7392
-8.3341,2.1425,10.358,1.4444,-6.2566,6.1396,12.592,8.1739,15.725,-2.0494,0.37715,-5.4153
-8.3411,2.5172,10.696,1.1616,-6.7685,6.4382,11.685,6.3101,14.138,-2.0894,0.77749,-5.0465
-8.3592,2.852,10.917,1.01,-7.1678,6.6864,10.649,4.7741,12.585,-2.0955,1.2173,-4.6394
-8.4448,3.1608,11.033,1.0014,-7.4452,6.9112,9.5454,3.553,11.081,-2.0649,1.6805,-4.1949
-8.6758,3.4538,11.076,1.1442,-7.6364,7.1464,8.439,2.6026,9.6605,-1.9925,2.1584,-3.7093
-9.0648,3.7437,11.079,1.4201,-7.7728,7.4213,7.3817,1.8692,8.3677,-1.8786,2.653,-3.1796
-9.5317,4.0497,11.064,1.7703,-7.8516,7.7513,6.3996,1.2971,7.2319,-1.7273,3.1744,-2.6089
-9.928,4.3946,11.04,2.0984,-7.8393,8.1335,5.4934,0.8337,6.2527,-1.5496,3.7335,-2.0103
-10.077,4.7963,11.005,2.2879,-7.6887,8.5464,4.6476,0.43325,5.3972,-1.3612,4.3354,-1.4064
-9.8109,5.2612,10.939,2.2317,-7.353,8.9555,3.8449,0.062745,4.6188,-1.1738,4.9752,-0.82432
-9.0123,5.7842,10.822,1.8599,-6.801,9.3273,3.0794,-0.29411,3.8785,-0.99749,5.6379,-0.29104
-7.651,6.356,10.651,1.1528,-6.0399,9.6479,2.3631,-0.63862,3.1598,-0.83832,6.2972,0.17114
-5.8197,6.9713,10.462,0.14237,-5.1368,9.9357,1.7196,-0.96406,2.4731,-0.69822,6.9167,0.54844
-3.7263,7.6252,10.327,-1.0847,-4.2151,10.233,1.1689,-1.2632,1.8465,-0.57597,7.4562,0.83857
-1.6484,8.2998,10.323,-2.3897,-3.4219,10.58,0.71604,-1.5336,1.3084,-0.47009,7.8836,1.0498
0.13048,8.952,10.486,-3.6025,-2.8867,10.985,0.34806,-1.7797,0.87364,-0.37992,8.1888,1.1945
1.3801,9.5194,10.796,-4.5564,-2.6866,11.414,0.039574,-2.012,0.53744,-0.31081,8.3875,1.2803
1.9643,9.9414,11.179,-5.1262,-2.8285,11.801,-0.23978,-2.2428,0.27725,-0.26926,8.5116,1.3055
1.8592,10.182,11.536,-5.2538,-3.2537,12.081,-0.51824,-2.4822,0.056465,-0.259,8.5903,1.2597
1.1366,10.239,11.784,-4.955,-3.8667,12.205,-0.81735,-2.7353,-0.16975,-0.28218,8.6348,1.1285
-0.073667,10.135,11.883,-4.3094,-4.5739,12.156,-1.1505,-3.0026,-0.44427,-0.33249,8.6353,0.89908
-1.6032,9.9037,11.838,-3.4415,-5.3068,11.938,-1.5233,-3.282,-0.79504,-0.39928,8.5711,0.56745
-3.2396,9.569,11.681,-2.4941,-6.0155,11.564,-1.9339,-3.5693,-1.2259,-0.47449,8.426,0.14363
-4.7427,9.1372,11.44,-1.5961,-6.643,11.042,-2.3736,-3.8604,-1.7178,-0.55392,8.1996,-0.34542
-5.8931,8.5998,11.12,-0.83822,-7.1098,10.38,-2.8282,-4.1511,-2.2399,-0.63045,7.9079,-0.8588
-6.5327,7.9514,10.694,-0.2751,-7.3233,9.592,-3.2812,-4.4365,-2.7622,-0.6986,7.5782,-1.3491
-6.5758,7.2091,10.121,0.058823,-7.2039,8.7131,-3.7151,-4.7096,-3.2622,-0.75024,7.2426,-1.7718
-6.0131,6.417,9.3657,0.14649,-6.7124,7.7897,-4.115,-4.9579,-3.7236,-0.77355,6.9334,-2.0945
-4.911,5.6293,8.4365,0.0012572,-5.8632,6.8677,-4.4692,-5.1621,-4.1314,-0.75421,6.6798,-2.304
-3.402,4.888,7.3983,-0.32316,-4.723,5.983,-4.7695,-5.3,-4.4712,-0.67929,6.5039,-2.4083
-1.6766,4.2119,6.3476,-0.73714,-3.4038,5.1618,-5.0108,-5.3563,-4.7336,-0.54291,6.4156,-2.4313
0.036685,3.5993,5.3761,-1.1331,-2.0536,4.4238,-5.1922,-5.3332,-4.9211,-0.35061,6.4081,-2.402
1.5021,3.0381,4.5494,-1.4085,-0.83944,3.7816,-5.3174,-5.2538,-5.0519,-0.11932,6.4551,-2.3453
2.5119,2.5118,3.9025,-1.4847,0.080774,3.2369,-5.3934,-5.1549,-5.1577,0.12688,6.513,-2.2783
2.9183,2.0023,3.4418,-1.3167,0.59197,2.7766,-5.4291,-5.0734,-5.275,0.36153,6.5306,-2.2111
2.6577,1.494,3.15,-0.89869,0.64544,2.3774,-5.4338,-5.0342,-5.4313,0.56524,6.4654,-2.1485
1.7589,0.98208,2.9987,-0.2642,0.26227,2.0178,-5.4178,-5.0435,-5.6312,0.72804,6.3,-2.0922
0.33706,0.47874,2.9594,0.51796,-0.4797,1.6899,-5.3921,-5.0907,-5.8558,0.85484,6.0449,-2.0445
-1.416,0.011613,3.0026,1.3548,-1.4621,1.3998,-5.3667,-5.1554,-6.0775,0.9608,5.7275,-2.0113
-3.252,-0.38699,3.0882,2.1455,-2.5368,1.1575,-5.3494,-5.2174,-6.2793,1.0636,5.3713,-2.0013
-4.9017,-0.69552,3.1649,2.7993,-3.5356,0.96453,-5.3476,-5.2673,-6.4635,1.1763,4.9831,-2.0233
-6.1238,-0.91466,3.1787,3.2503,-4.2916,0.80723,-5.3699,-5.3099,-6.6484,1.2984,4.5537,-2.0832
-6.748,-1.0689,3.084,3.4655,-4.6726,0.65838,-5.4264,-5.3603,-6.8579,1.4151,4.0677,-2.1851
-6.6998,-1.1972,2.8505,3.4458,-4.6093,0.48511,-5.5266,-5.4346,-7.1117,1.5063,3.5149,-2.334
-6.0055,-1.3364,2.4655,3.2192,-4.1047,0.26026,-5.6746,-5.5392,-7.4168,1.5563,2.8979,-2.5354
-4.7777,-1.5081,1.9338,2.8317,-3.2224,-0.028128,-5.8638,-5.6664,-7.7626,1.5588,2.2341,-2.7932
-3.1856,-1.7126,1.2771,2.338,-2.0715,-0.37314,-6.0728,-5.7976,-8.1222,1.5246,1.5516,-3.1044
-1.426,-1.9347,0.53708,1.7952,-0.7945,-0.75269,-6.2688,-5.9112,-8.46,1.4738,0.8834,-3.4564
0.29978,-2.1556,-0.2256,1.2623,0.45093,-1.1387,-6.4178,-5.9937,-8.7447,1.4254,0.25524,-3.8299
1.8057,-2.3651,-0.94398,0.79865,1.5202,-1.5086,-6.5003,-6.0471,-8.9618,1.3863,-0.32138,-4.2037
2.9354,-2.5686,-1.569,0.46246,2.3106,-1.8537,-6.521,-6.0866,-9.1186,1.3486,-0.85095,-4.5623
3.5716,-2.7863,-2.0878,0.30644,2.7749,-2.181,-6.5037,-6.1306,-9.2392,1.2934,-1.349,-4.9013
3.6461,-3.0432,-2.5219,0.3708,2.9174,-2.5061,-6.4733,-6.1878,-9.3542,1.2008,-1.8325,-5.228
3.1505,-3.3565,-2.9054,0.67357,2.7783,-2.8402,-6.4392,-6.2491,-9.4868,1.0603,-2.3095,-5.5508
2.1468,-3.7236,-3.2542,1.2005,2.4136,-3.1775,-6.3888,-6.2888,-9.6392,0.87931,-2.7725,-5.8696
0.77243,-4.1178,-3.5402,1.8997,1.8803,-3.4859,-6.2942,-6.2742,-9.7845,0.68369,-3.1996,-6.1721
-0.76886,-4.4926,-3.688,2.6841,1.235,-3.7107,-6.1254,-6.1793,-9.8752,0.50772,-3.5658,-6.4364
-2.2397,-4.7924,-3.6112,3.4436,0.54262,-3.7932,-5.8649,-5.9962,-9.8688,0.37994,-3.8532,-6.6393
-3.4172,-4.9665,-3.2717,4.0642,-0.11483,-3.6985,-5.5169,-5.7385,-9.7538,0.30885,-4.0607,-6.7662
-4.1422,-4.9792,-2.7158,4.4516,-0.64563,-3.4329,-5.1082,-5.4371,-9.558,0.27776,-4.2068,-6.8188
-4.3513,-4.8162,-2.0533,4.5509,-0.97581,-3.0384,-4.6779,-5.1301,-9.3308,0.25311,-4.3242,-6.8163
-4.0816,-4.4843,-1.3985,4.3577,-1.0826,-2.5692,-4.2635,-4.8495,-9.1175,0.20223,-4.4506,-6.7864
-3.4489,-4.0068,-0.82093,3.9165,-1.0087,-2.0703,-3.8875,-4.6122,-8.9416,0.11058,-4.6153,-6.7508
-2.6126,-3.4169,-0.33102,3.3081,-0.84614,-1.5663,-3.5522,-4.4175,-8.8015,-0.01137,-4.8297,-6.7122
-1.7407,-2.7518,0.105,2.6276,-0.70413,-1.0634,-3.2423,-4.2536,-8.681,-0.13515,-5.0857,-6.653
-0.98038,-2.0506,0.53673,1.9607,-0.67718,-0.55959,-2.9372,-4.1088,-8.5623,-0.23001,-5.3639,-6.5471
-0.42846,-1.3553,0.99556,1.3639,-0.81656,-0.060102,-2.6248,-3.9797,-8.4368,-0.27805,-5.6472,-6.3752
-0.10502,-0.70844,1.4691,0.85708,-1.108,0.41057,-2.3092,-3.8738,-8.306,-0.28067,-5.9285,-6.1351
0.051245,-0.1463,1.8988,0.42655,-1.4695,0.80853,-2.0106,-3.8038,-8.1759,-0.25432,-6.2134,-5.8413
0.15017,0.30646,2.2019,0.041921,-1.7795,1.0849,-1.7573,-3.7787,-8.0495,-0.21967,-6.5093,-5.516
0.29481,0.63925,2.3046,-0.31849,-1.9229,1.205,-1.5758,-3.7964,-7.9235,-0.19161,-6.8162,-5.1778
0.53825,0.85043,2.1682,-0.65043,-1.8294,1.1594,-1.4802,-3.8427,-7.7913,-0.1745,-7.1222,-4.8371
0.87178,0.94079,1.7983,-0.92177,-1.4875,0.96423,-1.4676,-3.8965,-7.6457,-0.16259,-7.4051,-4.4969
1.239,0.90867,1.2365,-1.0837,-0.93925,0.65222,-1.5222,-3.9379,-7.4826,-0.1433,-7.6407,-4.1556
1.5632,0.75182,0.53925,-1.089,-0.26134,0.26282,-1.6239,-3.9554,-7.3012,-0.10212,-7.8113,-3.8111
1.7831,0.47665,-0.24661,-0.91311,0.46546,-0.16783,-1.7549,-3.9475,-7.1039,-0.028101,-7.9104,-3.4622
1.8904,0.11048,-1.0973,-0.57163,1.1911,-0.61201,-1.9022,-3.9205,-6.8941,0.081676,-7.9409,-3.108
1.9505,-0.29179,-2.0027,-0.1298,1.9172,-1.048,-2.0556,-3.8837,-6.6745,0.2209,-7.9067,-2.7486
2.0971,-0.65316,-2.9468,0.30354,2.6922,-1.4534,-2.2042,-3.8442,-6.4456,0.37726,-7.8076,-2.3853
2.5018,-0.89123,-3.8981,0.59618,3.5863,-1.8025,-2.3345,-3.8068,-6.2054,0.53844,-7.6348,-2.0213
3.3229,-0.93877,-4.8181,0.62269,4.6534,-2.0689,-2.4329,-3.7709,-5.9507,0.69793,-7.3745,-1.6612
4.6333,-0.75966,-5.6698,0.29939,5.89,-2.2315,-2.491,-3.7304,-5.68,0.85719,-7.0146,-1.3122
6.3544,-0.35622,-6.4132,-0.38363,7.2076,-2.2782,-2.5065,-3.6749,-5.396,1.0229,-6.5535,-0.98411
8.2513,0.2334,-6.997,-1.3515,8.4439,-2.2064,-2.4808,-3.5936,-5.1071,1.2009,-6.0068,-0.69041
10.013,0.94749,-7.3607,-2.4714,9.4221,-2.0209,-2.4144,-3.481,-4.8273,1.3917,-5.4084,-0.44586
11.363,1.7167,-7.4556,-3.6054,10.026,-1.7327,-2.3047,-3.339,-4.5732,1.5883,-4.8037,-0.26274
12.136,2.475,-7.2675,-4.6524,10.236,-1.3599,-2.1469,-3.1793,-4.3594,1.7794,-4.2359,-0.14469
12.341,3.1626,-6.8254,-5.5534,10.119,-0.92911,-1.9385,-3.0201,-4.1941,1.9523,-3.7333,-0.083454
12.191,3.727,-6.188,-6.2671,9.7777,-0.47524,-1.6844,-2.8803,-4.0793,2.0969,-3.3037,-0.061118
11.983,4.1247,-5.4179,-6.7449,9.2988,-0.036968,-1.4011,-2.7727,-4.0135,2.2075,-2.9395,-0.057783
11.848,4.3257,-4.562,-6.9281,8.712,0.34984,-1.1171,-2.7002,-3.9964,2.2836,-2.6277,-0.060557
11.63,4.3138,-3.6512,-6.7667,7.9833,0.65884,-0.86728,-2.6564,-4.0315,2.3292,-2.3604,-0.068649
11.033,4.0852,-2.7137,-6.2367,7.0463,0.87684,-0.6823,-2.632,-4.1258,2.3502,-2.1389,-0.091914
9.8059,3.6454,-1.7845,-5.3394,5.8514,1.0018,-0.57789,-2.6205,-4.2862,2.3507,-1.9726,-0.14492
7.8587,3.0106,-0.90591,-4.09,4.4007,1.0383,-0.55056,-2.6225,-4.515,2.3298,-1.8739,-0.24003
5.2719,2.2158,-0.12145,-2.5313,2.7542,0.99109,-0.58197,-2.6442,-4.8079,2.2802,-1.8513,-0.38275
2.2442,1.3234,0.5269,-0.7698,1.0105,0.86324,-0.6502,-2.6932,-5.1548,2.19,-1.9074,-0.56866
-0.96072,0.41503,1.0008,1.0202,-0.71453,0.65909,-0.74262,-2.7733,-5.5417,2.0478,-2.0391,-0.78489
-4.0397,-0.42771,1.2692,2.6447,-2.2899,0.38836,-0.86396,-2.8811,-5.9513,1.8494,-2.2407,-1.0136
-6.6545,-1.1393,1.3129,3.9361,-3.5606,0.06801,-1.0333,-3.0047,-6.3637,1.6024,-2.506,-1.2367
-8.4384,-1.676,1.1281,4.7649,-4.3653,-0.28004,-1.2696,-3.1249,-6.7581,1.3257,-2.8284,-1.4394
-9.0686,-2.0146,0.7319,5.0448,-4.5815,-0.63187,-1.575,-3.2214,-7.1176,1.0429,-3.2023,-1.613
-8.4326,-2.1501,0.16505,4.753,-4.1642,-0.96337,-1.9256,-3.2805,-7.4328,0.77362,-3.6201,-1.7552
-6.7063,-2.0963,-0.5156,3.9422,-3.1565,-1.2527,-2.2811,-3.3003,-7.7032,0.52798,-4.0702,-1.8686
-4.203,-1.8843,-1.2576,2.7265,-1.674,-1.4855,-2.6016,-3.2917,-7.9334,0.3048,-4.5382,-1.9575
-1.2352,-1.5602,-2.0291,1.258,0.13056,-1.6617,-2.8597,-3.2737,-8.1265,0.0944,-5.0099,-2.025
1.8722,-1.1787,-2.8158,-0.29134,2.0886,-1.797,-3.0446,-3.2678,-8.2797,-0.11626,-5.474,-2.071
4.7828,-0.79557,-3.6036,-1.7496,4.0177,-1.916,-3.1591,-3.2891,-8.3848,-0.33724,-5.9244,-2.0919
7.192,-0.46023,-4.3683,-2.9656,5.7393,-2.0408,-3.2139,-3.3409,-8.4329,-0.56995,-6.3572,-2.0806
8.8476,-0.21008,-5.0782,-3.823,7.1068,-2.1814,-3.2236,-3.4152,-8.4223,-0.80431,-6.7678,-2.0296
9.5829,-0.070443,-5.7037,-4.2487,8.0335,-2.3358,-3.2034,-3.498,-8.364,-1.0215,-7.1503,-1.9335
9.3638,-0.057973,-6.2247,-4.2198,8.5012,-2.498,-3.1671,-3.5779,-8.2818,-1.2019,-7.5013,-1.7922
8.3074,-0.1831,-6.6367,-3.7717,8.54,-2.6685,-3.123,-3.6525,-8.205,-1.3359,-7.8256,-1.6143
6.6639,-0.44903,-6.9565,-2.9973,8.2062,-2.8605,-3.0735,-3.7283,-8.158,-1.4302,-8.1393,-1.4175
4.7644,-0.84942,-7.2219,-2.0303,7.5952,-3.0976,-3.0185,-3.8163,-8.1525,-1.5065,-8.4653,-1.2245
2.9403,-1.3674,-7.4768,-1.015,6.8541,-3.4033,-2.9605,-3.9254,-8.1871,-1.5929,-8.826,-1.0557
1.4305,-1.9752,-7.7423,-0.074006,6.1443,-3.787,-2.9091,-4.0575,-8.2519,-1.7101,-9.232,-0.91925
0.32125,-2.6351,-7.9942,0.71134,5.5764,-4.2293,-2.8788,-4.2064,-8.3352,-1.8617,-9.6746,-0.80786
-0.42554,-3.2983,-8.1656,1.3039,5.1752,-4.6761,-2.8828,-4.3592,-8.4278,-2.0317,-10.125,-0.70053
-0.87471,-3.9059,-8.1802,1.7043,4.8991,-5.0484,-2.927,-4.4994,-8.5248,-2.1913,-10.542,-0.57177
-1.0608,-4.3984,-7.9958,1.9447,4.6915,-5.2703,-3.0084,-4.6124,-8.6243,-2.3112,-10.887,-0.40327
-1.0169,-4.7342,-7.6318,2.078,4.523,-5.3023,-3.1201,-4.69,-8.7266,-2.3737,-11.139,-0.19216
-0.81841,-4.9067,-7.1609,2.1556,4.3952,-5.159,-3.2559,-4.7326,-8.8306,-2.3798,-11.302,0.047806
-0.56597,-4.9426,-6.6648,2.2068,4.3105,-4.8978,-3.4138,-4.7489,-8.9311,-2.3467,-11.398,0.29198
-0.33139,-4.8798,-6.1921,2.2295,4.2505,-4.5833,-3.5933,-4.7514,-9.0168,-2.2994,-11.464,0.51472
-0.12696,-4.7441,-5.7504,2.1938,4.1836,-4.2575,-3.7864,-4.7507,-9.0711,-2.2578,-11.529,0.69944
0.086874,-4.5413,-5.324,2.0551,4.0857,-3.9326,-3.9735,-4.7495,-9.0772,-2.2277,-11.608,0.84507
0.36134,-4.2591,-4.8889,1.7718,3.9405,-3.5992,-4.1277,-4.7396,-9.0227,-2.1995,-11.689,0.96635
0.70959,-3.8767,-4.4198,1.3294,3.7282,-3.2347,-4.2259,-4.7048,-8.9035,-2.1548,-11.745,1.0878
1.0796,-3.3846,-3.8944,0.76221,3.4187,-2.8159,-4.2589,-4.6262,-8.7225,-2.0772,-11.744,1.2345
1.3648,-2.8032,-3.2995,0.15284,2.9786,-2.3345,-4.2338,-4.4902,-8.4857,-1.9628,-11.666,1.4223
1.4422,-2.1864,-2.6441,-0.38773,2.3876,-1.8085,-4.1684,-4.2934,-8.1979,-1.8229,-11.517,1.6526
1.218,-1.6097,-1.9632,-0.75033,1.6577,-1.2819,-4.0821,-4.0453,-7.8615,-1.6794,-11.323,1.911
0.66388,-1.1484,-1.3118,-0.85807,0.84036,-0.81192,-3.989,-3.766,-7.48,-1.5544,-11.117,2.1726
-0.16361,-0.85369,-0.74971,-0.69021,0.020695,-0.44872,-3.897,-3.4819,-7.0625,-1.4612,-10.931,2.4107
-1.1261,-0.73736,-0.32288,-0.29173,-0.69752,-0.21819,-3.8091,-3.2177,-6.6265,-1.399,-10.782,2.6067
-2.0296,-0.76922,-0.055355,0.23566,-1.2122,-0.11584,-3.7262,-2.9891,-6.1925,-1.3552,-10.668,2.7568
-2.6683,-0.88833,0.04949,0.75868,-1.4439,-0.11312,-3.6493,-2.798,-5.7771,-1.3131,-10.57,2.8723
-2.8752,-1.024,0.002544,1.1464,-1.3533,-0.17178,-3.582,-2.6341,-5.3871,-1.262,-10.467,2.9723
-2.5673,-1.1192,-0.17651,1.3039,-0.9513,-0.25878,-3.5336,-2.4831,-5.0222,-1.2034,-10.345,3.0711
-1.7721,-1.1493,-0.46044,1.1968,-0.29863,-0.35571,-3.5201,-2.3374,-4.6835,-1.1508,-10.206,3.1673
-0.62154,-1.1272,-0.81393,0.85785,0.50559,-0.45977,-3.5602,-2.2033,-4.3801,-1.1223,-10.076,3.2411
0.68403,-1.0949,-1.1963,0.37418,1.3409,-0.57818,-3.6681,-2.0984,-4.1287,-1.132,-9.9898,3.2615
1.9248,-1.1005,-1.5689,-0.14072,2.0856,-0.72041,-3.8457,-2.043,-3.9462,-1.1831,-9.9763,3.2007
2.9075,-1.1761,-1.9015,-0.57784,2.6376,-0.89062,-4.0811,-2.0471,-3.8403,-1.2652,-10.043,3.0473
3.4981,-1.3247,-2.1715,-0.85778,2.9316,-1.08,-4.3498,-2.1029,-3.8056,-1.3565,-10.17,2.8125
3.6419,-1.5227,-2.3571,-0.94375,2.9491,-1.263,-4.6237,-2.1863,-3.8277,-1.4306,-10.313,2.5258
3.3647,-1.7358,-2.4324,-0.8383,2.7124,-1.4044,-4.88,-2.2672,-3.8907,-1.4657,-10.425,2.2225
2.7563,-1.9428,-2.3715,-0.56699,2.2706,-1.4757,-5.1079,-2.3218,-3.9843,-1.4533,-10.473,1.9283
1.9407,-2.1516,-2.1624,-0.16077,1.6833,-1.4734,-5.3089,-2.3419,-4.1059,-1.4019,-10.452,1.6506
1.0385,-2.3981,-1.8192,0.35321,1.007,-1.4235,-5.4914,-2.3356,-4.2575,-1.3343,-10.381,1.3757
0.13024,-2.7284,-1.3826,0.95343,0.28687,-1.3701,-5.664,-2.3217,-4.4407,-1.2773,-10.291,1.078
-0.7619,-3.1746,-0.90346,1.623,-0.4415,-1.3544,-5.8288,-2.3186,-4.65,-1.2497,-10.213,0.73376
-1.6607,-3.736,-0.42873,2.3455,-1.1538,-1.3955,-5.9765,-2.3332,-4.8692,-1.2516,-10.162,0.33644
-2.6013,-4.3707,0.010668,3.0979,-1.837,-1.4867,-6.0868,-2.3548,-5.0731,-1.2628,-10.132,-0.096145
-3.6077,-5.0002,0.40387,3.8461,-2.4906,-1.5974,-6.1344,-2.3567,-5.2314,-1.2493,-10.101,-0.52629
-4.6808,-5.5299,0.7558,4.5484,-3.1236,-1.6834,-6.0998,-2.3059,-5.3152,-1.1768,-10.036,-0.91067
-5.7954,-5.8785,1.082,5.1694,-3.7451,-1.7019,-5.9821,-2.1758,-5.3047,-1.0242,-9.911,-1.2168
-6.9014,-6.0015,1.3997,5.6892,-4.351,-1.6236,-5.8045,-1.9569,-5.1941,-0.7902,-9.7141,-1.4338
-7.9188,-5.8976,1.7183,6.0962,-4.9117,-1.4377,-5.6073,-1.6594,-4.9954,-0.49048,-9.4538,-1.5718
-8.7305,-5.588,2.0346,6.3656,-5.37,-1.1491,-5.4316,-1.3084,-4.7341,-0.14851,-9.1512,-1.6526
-9.1917,-5.0903,2.3354,6.4442,-5.6525,-0.76846,-5.3036,-0.9326,-4.4401,0.2143,-8.8275,-1.6959
-9.1624,-4.4016,2.6094,6.2554,-5.6912,-0.30097,-5.225,-0.55228,-4.1329,0.5858,-8.4915,-1.7094
-8.5452,-3.4988,2.8604,5.721,-5.4471,0.26268,-5.1746,-0.16847,-3.8122,0.96654,-8.1337,-1.6845
-7.3159,-2.3506,3.1161,4.7913,-4.9274,0.94876,-5.1183,0.24061,-3.4568,1.3696,-7.7297,-1.6002
-5.5401,-0.93303,3.4255,3.4702,-4.1909,1.7957,-5.0246,0.71667,-3.032,1.8185,-7.2493,-1.4323
-3.3709,0.76078,3.8441,1.8185,-3.3384,2.8441,-4.8784,1.3049,-2.4979,2.3437,-6.667,-1.1647
-1.0219,2.7201,4.4172,-0.062272,-2.4908,4.1266,-4.687,2.0447,-1.8104,2.9814,-5.9678,-0.79622
1.2768,4.9263,5.1676,-2.0595,-1.7637,5.6608,-4.4708,2.9661,-0.91032,3.775,-5.1459,-0.33794
3.3232,7.3721,6.0913,-4.0824,-1.2439,7.4485,-4.2455,4.0938,0.29602,4.7785,-4.1985,0.19745
4.9774,10.087,7.1625,-6.1003,-0.97648,9.4798,-4.0071,5.4514,1.9435,6.0591,-3.1192,0.80903
6.1858,13.151,8.3423,-8.1874,-0.96218,11.737,-3.7263,7.0565,4.1571,7.6887,-1.8961,1.5165
7.0076,16.678,9.5841,-10.561,-1.1668,14.187,-3.3557,8.902,6.9118,9.7122,-0.51366,2.3612
7.6548,20.735,10.835,-13.541,-1.5384,16.771,-2.8469,10.932,9.937,12.099,1.0438,3.4002
8.5361,25.227,12.037,-17.313,-2.0217,19.392,-2.1704,13.049,12.918,14.723,2.7814,4.6958
10.188,29.868,13.126,-21.608,-2.5611,21.915,-1.331,15.138,15.797,17.4,4.695,6.3052
12.89,34.282,14.038,-25.861,-3.0889,24.183,-0.37324,17.116,18.738,19.975,6.7776,8.272
16.296,38.168,14.723,-29.689,-3.5074,26.044,0.62661,18.957,21.91,22.38,9.028,10.621
19.812,41.392,15.154,-33.02,-3.6803,27.414,1.5833,20.697,25.394,24.647,11.457,13.355
23.196,43.984,15.333,-35.95,-3.4381,28.311,2.4292,22.415,29.196,26.866,14.087,16.459
26.562,46.06,15.29,-38.614,-2.6036,28.838,3.1303,24.194,33.265,29.128,16.947,19.884
30.087,47.732,15.057,-41.111,-1.0532,29.108,3.6835,26.097,37.489,31.479,20.06,23.533
33.831,49.026,14.612,-43.468,1.1839,29.144,4.1009,28.14,41.663,33.914,23.421,27.251
37.733,49.876,13.807,-45.661,3.966,28.822,4.3904,30.284,45.453,36.371,26.974,30.871
41.687,50.141,12.372,-47.644,7.3032,27.931,4.5414,32.437,48.457,38.752,30.599,34.264
45.607,49.684,10.097,-49.361,11.344,26.299,4.5203,34.465,50.397,40.97,34.139,37.369
49.454,48.439,7.0715,-50.727,16.066,23.919,4.2786,36.209,51.323,42.971,37.445,40.172
53.217,46.441,3.6961,-51.612,21.022,20.977,3.7724,37.513,51.593,44.719,40.421,42.686
56.838,43.814,0.45273,-51.854,25.399,17.774,2.9845,38.257,51.632,46.156,43.03,44.927
60.047,40.717,-2.3225,-51.316,28.573,14.602,1.9371,38.398,51.734,47.194,45.277,46.906
62.26,37.305,-4.5106,-49.932,30.481,11.665,0.68699,37.974,52.031,47.749,47.182,48.618
62.819,33.688,-6.163,-47.718,31.35,9.0623,-0.68332,37.076,52.552,47.782,48.769,50.031
61.489,29.916,-7.4203,-44.785,31.4,6.8259,-2.0771,35.79,53.239,47.323,50.066,51.119
58.585,26,-8.452,-41.325,30.753,4.9456,-3.3939,34.166,53.948,46.442,51.128,51.93
54.567,21.976,-9.4072,-37.502,29.472,3.3919,-4.5455,32.219,54.463,45.199,52.045,52.688
49.747,17.978,-10.364,-33.355,27.627,2.1209,-5.4736,29.962,54.547,43.611,52.879,53.689
44.348,14.224,-11.285,-28.851,25.341,1.065,-6.1573,27.429,53.975,41.651,53.478,54.86
38.613,10.91,-12.052,-23.983,22.794,0.12963,-6.6085,24.659,52.531,39.258,53.351,55.559
32.841,8.0935,-12.569,-18.862,20.187,-0.78405,-6.8604,21.672,50.041,36.309,51.953,55.041
27.34,5.6969,-12.832,-13.794,17.714,-1.7474,-6.9562,18.469,46.447,32.661,49.116,52.845
22.358,3.5837,-12.917,-9.204,15.556,-2.7946,-6.9372,15.063,41.865,28.281,45.009,48.928
17.993,1.6286,-12.92,-5.4413,13.857,-3.93,-6.8366,11.525,36.566,23.309,39.917,43.668
14.142,-0.24822,-12.93,-2.6279,12.661,-5.1473,-6.6778,8.0061,30.9,18.005,34.16,37.702
10.577,-2.0772,-13.039,-0.64591,11.879,-6.4427,-6.4769,4.7278,25.194,12.668,28.083,31.6
7.3428,-3.8519,-13.365,0.74508,11.366,-7.8271,-6.2471,1.9067,19.715,7.5953,22.006,25.673
4.9393,-5.5501,-14.03,1.7649,11.061,-9.3264,-6.0019,-0.34326,14.68,3.0841,16.196,20.042
3.5615,-7.1574,-15.104,2.5481,10.977,-10.97,-5.7599,-2.0618,10.215,-0.6306,10.883,14.803
2.885,-8.6899,-16.527,3.1588,11.107,-12.769,-5.5467,-3.3908,6.3102,-3.5307,6.2752,10.121
2.5522,-10.198,-18.12,3.6291,11.386,-14.705,-5.3925,-4.4825,2.9498,-5.8717,2.5131,6.2166
2.3662,-11.748,-19.673,3.9848,11.751,-16.714,-5.3231,-5.445,0.2019,-8.0283,-0.42004,3.236
2.2835,-13.394,-21.047,4.2557,12.165,-18.698,-5.3492,-6.3344,-1.9199,-10.296,-2.7003,1.1018
2.3685,-15.134,-22.198,4.4789,12.614,-20.55,-5.4609,-7.1672,-3.5201,-12.791,-4.5527,-0.46459
2.6907,-16.899,-23.143,4.6979,13.092,-22.186,-5.6319,-7.9367,-4.739,-15.433,-6.135,-1.7459
3.2238,-18.587,-23.913,4.9589,13.583,-23.565,-5.8291,-8.6281,-5.6863,-18.006,-7.5042,-2.8966
3.8284,-20.12,-24.517,5.3109,14.013,-24.685,-6.0228,-9.2308,-6.4281,-20.265,-8.6493,-3.9492
4.3049,-21.485,-24.934,5.8131,14.244,-25.572,-6.1924,-9.7444,-6.9977,-22.048,-9.5405,-4.8761
4.4542,-22.729,-25.126,6.5388,14.102,-26.263,-6.3245,-10.18,-7.4138,-23.311,-10.164,-5.6471
4.1237,-23.924,-25.04,7.5663,13.444,-26.795,-6.4091,-10.554,-7.6962,-24.121,-10.541,-6.2631
3.2376,-25.118,-24.63,8.9536,12.216,-27.196,-6.4367,-10.879,-7.8726,-24.622,-10.722,-6.7596
1.8096,-26.313,-23.863,10.705,10.493,-27.476,-6.3983,-11.158,-7.9725,-24.986,-10.782,-7.1871
-0.06444,-27.469,-22.744,12.747,8.4562,-27.641,-6.2875,-11.383,-8.0168,-25.364,-10.797,-7.5884
-2.2396,-28.536,-21.34,14.933,6.3034,-27.697,-6.1009,-11.544,-8.0097,-25.849,-10.823,-7.9882
-4.567,-29.476,-19.781,17.1,4.1642,-27.665,-5.8387,-11.636,-7.9419,-26.463,-10.898,-8.3958
-6.9275,-30.283,-18.224,19.138,2.109,-27.578,-5.5048,-11.677,-7.8011,-27.179,-11.043,-8.8151
-9.2548,-30.974,-16.781,21.019,0.17612,-27.468,-5.1075,-11.693,-7.5851,-27.948,-11.266,-9.2522
-11.544,-31.574,-15.463,22.778,-1.639,-27.351,-4.6575,-11.721,-7.3079,-28.724,-11.564,-9.7157
-13.822,-32.098,-14.191,24.463,-3.374,-27.211,-4.1632,-11.789,-6.9956,-29.467,-11.915,-10.21
-16.09,-32.539,-12.84,26.089,-5.0442,-27.01,-3.6257,-11.91,-6.6741,-30.143,-12.283,-10.728
-18.282,-32.871,-11.316,27.603,-6.5975,-26.703,-3.0367,-12.07,-6.3592,-30.711,-12.622,-11.243
-20.264,-33.064,-9.6183,28.903,-7.9295,-26.258,-2.3813,-12.228,-6.0536,-31.142,-12.893,-11.72
-21.864,-33.098,-7.852,29.879,-8.9287,-25.667,-1.6468,-12.332,-5.7528,-31.43,-13.075,-12.122
-22.905,-32.971,-6.1868,30.471,-9.5121,-24.945,-0.83094,-12.337,-5.4525,-31.613,-13.172,-12.427
-23.28,-32.7,-4.7716,30.685,-9.6583,-24.115,0.053947,-12.229,-5.1531,-31.774,-13.214,-12.645
-23.03,-32.317,-3.6726,30.585,-9.4269,-23.203,0.99078,-12.028,-4.8602,-32.022,-13.25,-12.814
-22.344,-31.847,-2.8613,30.26,-8.9455,-22.224,1.9787,-11.775,-4.5835,-32.462,-13.333,-12.993
-21.491,-31.295,-2.237,29.785,-8.3748,-21.167,3.0478,-11.513,-4.3362,-33.146,-13.507,-13.249
-20.732,-30.628,-1.6619,29.194,-7.8788,-19.979,4.2455,-11.292,-4.1354,-34.059,-13.796,-13.631
-20.244,-29.755,-0.99097,28.467,-7.6284,-18.544,5.5919,-11.176,-4.0051,-35.115,-14.193,-14.162
-20.109,-28.524,-0.08956,27.547,-7.8171,-16.687,7.019,-11.272,-3.9828,-36.198,-14.657,-14.822
-20.333,-26.702,1.1525,26.376,-8.6542,-14.226,8.339,-11.771,-4.1262,-37.211,-15.118,-15.542
-20.817,-24.009,2.8053,24.931,-10.381,-11.141,9.27,-13.024,-4.5123,-38.11,-15.496,-16.202
-21.346,-20.433,4.8706,23.274,-13.395,-7.9103,9.4799,-15.67,-5.206,-38.939,-15.709,-16.63
-21.712,-17.374,6.8599,21.673,-18.036,-6.4281,8.9246,-20.354,-6.0471,-39.83,-15.675,-16.631
-21.798,-19.418,4.7564,20.818,-23.028,-11.462,11.495,-21.855,-1.825,-40.985,-15.296,-16.05
-21.533,-26.966,-0.26,21.909,-26.214,-16.108,13.088,-21.711,1.7459,-42.606,-14.471,-14.92
-20.887,-30.27,-0.33979,25.349,-27.928,-15.918,14.127,-21.961,1.9344,-44.796,-13.224,-14.28
-19.91,-28.4,2.8492,28.005,-29.653,-12.878,15.781,-22.371,2.0345,-47.431,-12.994,-23.169
-18.735,-21.985,9.6853,26.753,-32.338,-6.2994,17.816,-23.918,1.8181,-48.887,-25.129,-33.514
-17.563,-11.049,21.334,22.001,-36.227,4.7304,19.315,-28.797,0.44578,-48.466,-37.458,-36.313
-16.911,4.3278,38.531,14.113,-41.185,20.464,18.399,-40.787,-3.8227,-46.936,-36.399,-35.776
-18.498,24.737,61.001,3.0332,-47.537,41.23,11.962,-65.299,-14.603,-46.783,-30.296,-31.21
-18.879,51.372,87.492,-10.391,-56.709,68.004,-5.9951,-107.39,-38.342,-50.488,-20.318,-22.326
-17.789,83.617,115.16,-25.359,-69.206,99.323,-45.963,-168.12,-79.933,-57.78,-7.3651,-8.5535
-16.293,115.93,139.45,-41.879,-81.539,128.22,-100.51,-249.69,-137.04,-70.617,8.9283,10.986
-13.068,141.93,157.23,-58.795,-89.694,149.56,-163.87,-355.48,-214.7,-93.084,29.489,37.294
-7.2604,161.19,168.12,-74.405,-91.977,163.87,-237.08,-484.8,-317.32,-130.16,55.584,71.609
1.1596,176.56,172.79,-89.031,-87.726,172.96,-316.47,-634.16,-444.94,-184.14,90.402,114.68
12.872,191.1,171.81,-104.38,-78.097,178.7,-398.59,-797.84,-593.64,-252.58,136.36,167.19
31.929,209.6,168.19,-123.45,-65.394,185.4,-479.43,-966.99,-753.99,-327.93,194.94,231.37
63.824,237.52,166.44,-150.19,-51.294,198.03,-555.66,-1130.2,-910.65,-398.08,271,308.97
102.87,277.73,169.35,-186.93,-36.752,219.3,-625.24,-1275.4,-1045.1,-445.32,367.57,400.34
144.24,328.46,178.03,-232.77,-20.735,248.44,-685.99,-1391.7,-1139.3,-451.02,486.21,505.81
186.95,381.68,188.56,-281.99,-2.6816,279.89,-733.98,-1469.4,-1179,-404.35,622.86,621.38
224.73,423.42,193.05,-323.67,16.126,303.11,-763.32,-1501.9,-1157.4,-304.3,763.94,734.76
249.46,437.8,184.15,-344.99,34.761,306.82,-768.06,-1488.7,-1078,-161.31,887.15,826.99
253.6,414.05,158.41,-336.44,51.399,284.3,-745.56,-1438.1,-956.97,1.2424,966.69,877.74
232.72,352.7,117.89,-296.2,61.672,236.24,-699.14,-1366.3,-822.4,149.41,981,872.26
187.38,266.84,75.04,-231.42,59.348,173.3,-637.48,-1294.5,-708.65,245.14,919.4,806.33
122.89,176.6,48.674,-155.11,39.017,113.34,-570.49,-1241.2,-646.91,255.35,784.25,686.57
47.381,100.37,50.494,-80.61,-0.40602,72.006,-504.83,-1216.2,-655.04,161.66,589.05,527.1
-30.461,47.714,78.942,-16.797,-53.854,55.41,-442.7,-1215,-731.3,-32.031,355.06,345.51
-102.8,16.931,122.18,33.873,-111.85,58.935,-383.9,-1222.1,-854.59,-297,108.15,160.12
-163.26,-1.5583,163.95,73.766,-163.68,70.643,-328.47,-1221.6,-990.8,-584.82,-124.38,-11.635
-207.26,-18.279,190.25,106.13,-199.99,77.506,-278.35,-1201.8,-1103.3,-840.14,-317.84,-154.87
-232.69,-39.515,194.06,132.14,-215.26,71.788,-236.59,-1156.9,-1164.3,-1017.5,-454.56,-259.4
-240.69,-66.099,175.14,151.64,-209.52,52.419,-203.1,-1086,-1162.6,-1094.9,-527.64,-321.98
-234.64,-94.577,138.29,164.62,-187.73,22.385,-174.86,-993.39,-1103.2,-1078,-543,-346.57
-218.72,-120.14,92.369,171.06,-156.89,-13.208,-148.99,-886,-1001.3,-993.16,-516.2,-341.84
-197.81,-140.14,48.146,171.82,-123.56,-46.475,-122.1,-771.47,-876.7,-873.17,-465.57,-318.71
-176.52,-154.58,12.167,168.49,-92.965,-71.009,-92.059,-657.7,-747.73,-746.29,-407.24,-287.72
-157.84,-162.74,-14.017,162.68,-68.439,-87.382,-59.44,-552.37,-626.51,-631.25,-352.63,-256.35
-142.74,-164.45,-30.37,155.54,-51.079,-96.297,-27.213,-461.03,-519.53,-536.9,-307.34,-228.3
-130.84,-159.65,-37.863,147.01,-40.443,-97.429,1.0103,-385.59,-429.2,-463.93,-271.6,-204.14
-121.58,-147.83,-37.265,136.33,-35.454,-91.04,22.35,-324.21,-354.73,-407.65,-241.87,-182.26
-113.95,-128.89,-30.555,123.09,-34.447,-77.487,35.358,-272.77,-292.88,-361.72,-215.23,-160.89
-106.43,-104.56,-19.329,107.82,-35.365,-57.867,40.765,-226.85,-239.69,-319.69,-191.74,-141.72
-96.856,-79.177,-2.6007,91.507,-35.906,-38.957,40.701,-183.19,-192.25,-277.54,-168.24,-124.35
-83.961,-57.569,2.5463,74.961,-34.219,-24.914,37.771,-140.56,-148.85,-235.44,-143.64,-106.22
-69.261,-41.782,2.8974,59.113,-30.553,-15.693,34.253,-99.746,-108.37,-194.98,-119.19,-88.041
-55.6,-31.229,3.2589,45.201,-25.459,-11.048,31.375,-62.811,-70.172,-158.4,-96.895,-71.149
-44.855,-24.708,4.0436,34.367,-19.506,-8.9981,26.507,-32.265,-34.39,-127.49,-78.422,-56.975
-37.339,-21.052,5.1714,27.044,-15.548,-7.6059,24.261,-9.7987,-2.1277,-103.05,-64.574,-46.065
-32.366,-18.902,6.4684,22.741,-13.146,-5.0726,24.526,4.2131,24.432,-85.1,-55.24,-38.22
-29.324,-16.369,7.7736,20.457,-11.708,-1.0923,24.792,10.664,42.692,-72.538,-49.478,-32.985
-27.973,-11.454,8.9746,19.26,-10.921,2.3936,24.777,11.784,52.09,-63.691,-46.159,-29.705
-27.98,-6.0323,10.016,17.987,-10.499,4.9543,24.472,10.62,54.914,-56.971,-44.137,-27.566
-28.157,-2.2021,10.877,14.696,-10.185,7.0653,23.983,10.658,54.609,-51.057,-41.4,-25.17
-26.763,0.47307,11.552,10.726,-9.8112,8.9382,23.445,17.635,54.656,-44.954,-34.778,-21.215
-24.115,2.531,12.036,7.9566,-9.2735,10.585,22.957,28.087,57.884,-38.389,-26.799,-17.73
-21.553,4.1893,12.328,6.1367,-8.5298,11.97,22.57,35.67,66.067,-33.112,-21.78,-15.308
-19.413,5.5136,12.447,4.825,-7.62,13.072,22.293,41.856,79.876,-28.958,-18.716,-13.513
-17.657,6.5349,12.438,3.8096,-6.6567,13.898,22.11,47.266,91.568,-24.231,-16.489,-12.082
-16.287,7.2958,12.364,3.0108,-5.7866,14.485,21.985,51.977,97.93,-19.123,-14.627,-10.872
-15.346,7.8553,12.285,2.4071,-5.1474,14.883,21.876,56.071,101.96,-14.318,-12.921,-9.8013
-14.855,8.2713,12.239,2.0007,-4.8326,15.144,21.744,59.724,105.12,-10.227,-11.28,-8.8285
-14.794,8.5768,12.225,1.8001,-4.8665,15.296,21.575,63.149,107.96,-6.957,-9.6852,-7.9467
-15.091,8.7673,12.211,1.8122,-5.1923,15.342,21.381,66.505,110.92,-4.4278,-8.1534,-7.1653
-15.653,8.8091,12.142,2.0366,-5.6847,15.26,21.188,69.849,114.35,-2.4842,-6.7167,-6.4994
-16.385,8.665,11.965,2.4598,-6.1909,15.024,21.014,73.116,118.29,-0.96709,-5.4032,-5.9647
-17.198,8.3199,11.647,3.0476,-6.5747,14.62,20.86,76.17,122.38,0.25086,-4.2271,-5.5736
-18.007,7.7951,11.184,3.7414,-6.7433,14.067,20.712,78.874,126.16,1.262,-3.1872,-5.3299
-18.731,7.1465,10.603,4.4633,-6.6551,13.413,20.55,81.16,129.42,2.134,-2.2708,-5.2231
-19.296,6.4527,9.949,5.128,-6.3181,12.718,20.351,83.048,132.19,2.92,-1.4594,-5.2276
-19.642,5.797,9.2669,5.6587,-5.777,12.034,20.083,84.633,134.58,3.6626,-0.73279,-5.308
-19.735,5.2499,8.5864,6.0012,-5.0962,11.399,19.71,86.04,136.72,4.3946,-0.071632,-5.427
-19.574,4.8554,7.9195,6.1339,-4.3464,10.835,19.201,87.387,138.72,5.1378,0.54008,-5.5538
-19.196,4.6249,7.2707,6.0729,-3.5971,10.36,18.549,88.751,140.68,5.9027,1.1147,-5.6687
-18.681,4.5407,6.6492,5.8684,-2.9074,9.9899,17.771,90.156,142.64,6.689,1.6639,-5.7619
-18.136,4.569,6.0747,5.5901,-2.315,9.7389,16.914,91.581,144.63,7.4857,2.2029,-5.8302
-17.66,4.6764,5.5725,5.3035,-1.827,9.6193,16.03,92.98,146.62,8.272,2.7541,-5.8726
-17.307,4.8454,5.1645,5.0464,-1.4221,9.6415,15.161,94.302,148.56,9.0237,3.3453,-5.8893
-17.061,5.0777,4.8644,4.8205,-1.0627,9.8145,14.324,95.503,150.39,9.7207,4.0018,-5.8811
-16.847,5.3869,4.6796,4.5992,-0.71353,10.139,13.496,96.551,152.04,10.353,4.7349,-5.8493
-16.584,5.7858,4.6128,4.3467,-0.35998,10.601,12.628,97.437,153.46,10.921,5.5342,-5.7952
-16.241,6.2787,4.6626,4.0372,-0.018142,11.176,11.665,98.178,154.64,11.437,6.3697,-5.7177
-15.848,6.8634,4.8248,3.6679,0.26779,11.841,10.582,98.824,155.63,11.932,7.2055,-5.6129
-15.484,7.5351,5.0954,3.261,0.43852,12.586,9.4121,99.439,156.48,12.447,8.0193,-5.474
-15.247,8.2892,5.4717,2.8586,0.4373,13.42,8.2494,100.08,157.31,13.036,8.8171,-5.2935
-15.228,9.1222,5.9507,2.5132,0.22714,14.36,7.2162,100.8,158.22,13.751,9.6353,-5.0657
-15.486,10.036,6.5234,2.2733,-0.19496,15.421,6.4043,101.6,159.28,14.635,10.531,-4.7876
-16.021,11.041,7.1709,2.1653,-0.78964,16.607,5.8423,102.48,160.53,15.718,11.567,-4.4602
-16.761,12.167,7.8662,2.1783,-1.4767,17.918,5.4991,103.46,161.95,17.018,12.798,-4.0897
-17.56,13.466,8.5798,2.2592,-2.149,19.359,5.3103,104.51,163.46,18.541,14.265,-3.6892
-18.229,15.021,9.2894,2.3229,-2.6985,20.946,5.2095,105.64,164.98,20.284,15.985,-3.2764
-18.597,16.937,9.9858,2.2731,-3.0466,22.708,5.1544,106.83,166.44,22.218,17.957,-2.8679
-18.567,19.322,10.675,2.0226,-3.1658,24.675,5.1355,108.02,167.82,24.296,20.16,-2.471
-18.137,22.241,11.375,1.5067,-3.0833,26.866,5.1634,109.19,169.15,26.455,22.563,-2.0789
-17.383,25.675,12.111,0.68623,-2.864,29.276,5.2455,110.29,170.44,28.643,25.125,-1.671
-16.419,29.498,12.913,-0.45465,-2.5847,31.868,5.3698,111.33,171.71,30.823,27.793,-1.2211
-15.355,33.519,13.799,-1.9094,-2.3124,34.586,5.5033,112.3,172.95,32.97,30.5,-0.7077
-14.272,37.556,14.775,-3.6503,-2.0919,37.367,5.6023,113.23,174.15,35.055,33.159,-0.1217
-13.206,41.492,15.82,-5.6451,-1.9347,40.157,5.6271,114.14,175.29,37.051,35.69,0.53238
-12.133,45.271,16.886,-7.8911,-1.8145,42.907,5.5547,115.08,176.36,38.935,38.045,1.2408
-10.985,48.875,17.905,-10.432,-1.6811,45.576,5.3855,116.09,177.36,40.697,40.223,1.9862
-9.722,52.298,18.818,-13.33,-1.4894,48.135,5.1409,117.17,178.3,42.339,42.261,2.7522
-8.3769,55.53,19.618,-16.594,-1.2226,50.576,4.8495,118.36,179.2,43.878,44.21,3.5272
-7.052,58.553,20.346,-20.121,-0.8995,52.91,4.5286,119.63,180.05,45.341,46.117,4.3097
-5.8652,61.345,21.082,-23.705,-0.56426,55.159,4.1748,120.96,180.85,46.765,48.005,5.1157
-4.8996,63.904,21.917,-27.121,-0.2702,57.342,3.7678,122.28,181.58,48.186,49.875,5.9803
-4.1839,66.26,22.928,-30.22,-0.056698,59.468,3.2795,123.54,182.22,49.639,51.715,6.9484
-3.6974,68.478,24.153,-32.969,0.070646,61.535,2.6855,124.69,182.75,51.149,53.516,8.061
-3.3832,70.662,25.583,-35.421,0.14341,63.541,1.9782,125.7,183.17,52.716,55.281,9.3475
-3.1684,72.929,27.161,-37.657,0.21324,65.498,1.1796,126.56,183.47,54.31,57.033,10.83
-2.9884,75.383,28.808,-39.722,0.32534,67.432,0.34101,127.29,183.68,55.871,58.808,12.534
-2.8071,78.088,30.452,-41.613,0.49661,69.389,-0.47299,127.94,183.82,57.336,60.657,14.501
-2.6191,81.069,32.072,-43.322,0.70664,71.43,-1.2091,128.54,183.94,58.676,62.635,16.784
-2.4335,84.333,33.707,-44.909,0.9044,73.633,-1.8409,129.14,184.06,59.916,64.799,19.423
-2.2485,87.907,35.443,-46.526,1.0301,76.094,-2.3707,129.77,184.21,61.122,67.196,22.402
-2.0274,91.816,37.373,-48.372,1.0445,78.919,-2.8213,130.45,184.41,62.373,69.857,25.615
-1.6824,96.087,39.561,-50.604,0.9491,82.198,-3.2252,131.15,184.65,63.725,72.81,28.898
-1.0816,100.74,42.04,-53.274,0.78534,85.99,-3.6143,131.84,184.9,65.198,76.091,32.102
-0.095413,105.78,44.826,-56.325,0.61604,90.305,-4.0117,132.5,185.14,66.786,79.758,35.169
1.3363,111.22,47.937,-59.671,0.50294,95.11,-4.4275,133.08,185.33,68.484,83.861,38.14
3.1715,117.05,51.389,-63.274,0.48713,100.32,-4.8574,133.58,185.46,70.3,88.378,41.138
5.3069,123.26,55.18,-67.141,0.57407,105.84,-5.2877,134,185.51,72.253,93.179,44.339
7.6474,129.82,59.291,-71.307,0.7282,111.6,-5.706,134.34,185.47,74.357,98.09,47.923
10.135,136.77,63.726,-75.817,0.8781,117.58,-6.1128,134.62,185.36,76.597,103.01,52.027
12.727,144.14,68.546,-80.698,0.92684,123.81,-6.5274,134.86,185.2,78.915,107.93,56.706
15.36,151.86,73.825,-85.901,0.7617,130.29,-6.9833,135.05,185,81.219,112.94,61.933
17.905,159.66,79.585,-91.245,0.27584,136.98,-7.518,135.19,184.76,83.411,118.13,67.584
20.156,167.26,85.77,-96.443,-0.60997,143.79,-8.1649,135.27,184.46,85.411,123.61,73.379
21.891,174.52,92.281,-101.22,-1.9385,150.65,-8.9513,135.25,184.08,87.182,129.48,78.958
22.993,181.54,99.008,-105.46,-3.7262,157.48,-9.8997,135.11,183.61,88.734,135.8,84.16
23.536,188.55,105.85,-109.22,-5.9819,164.34,-11.032,134.83,183.04,90.11,142.63,89.155
23.743,195.81,112.71,-112.71,-8.7108,171.36,-12.371,134.39,182.37,91.372,149.95,94.314
23.893,203.62,119.57,-116.21,-11.877,178.7,-13.943,133.78,181.58,92.582,157.73,100.04
24.223,212.23,126.39,-119.99,-15.35,186.54,-15.765,132.99,180.68,93.784,165.83,106.6
24.859,221.76,133.18,-124.25,-18.908,194.9,-17.838,131.98,179.62,94.989,174.05,113.9
25.806,231.91,139.94,-128.96,-22.319,203.62,-20.15,130.71,178.37,96.184,182.18,121.48
26.976,242.06,146.62,-133.92,-25.417,212.34,-22.682,129.11,176.81,97.337,190.08,128.82
28.25,251.52,153.09,-138.88,-28.135,220.71,-25.42,127.12,174.84,98.428,197.74,135.78
29.547,259.91,159.26,-143.68,-30.501,228.55,-28.362,124.69,172.33,99.441,205.3,142.47
30.869,267.31,165.13,-148.32,-32.596,235.9,-31.515,121.82,169.27,100.38,212.94,149.13
32.306,274.06,170.77,-152.88,-34.472,242.92,-34.891,118.56,165.75,101.24,220.79,155.98
33.995,280.62,176.31,-157.44,-36.093,249.81,-38.496,114.99,161.86,102.03,228.89,163.1
36.064,287.29,181.85,-162.05,-37.35,256.67,-42.29,111.18,157.64,102.74,237.13,170.45
38.575,294.2,187.45,-166.8,-38.128,263.38,-46.18,107.14,153.05,103.35,245.33,177.88
41.484,301.15,193.02,-171.69,-38.363,269.68,-50.128,102.73,148.05,103.86,253.3,185.26
44.638,307.78,198.19,-176.61,-38.031,275.26,-54.258,97.679,142.59,104.24,260.91,192.48
47.865,313.74,202.27,-181.27,-37.074,279.89,-58.784,91.708,136.6,104.49,268.11,199.5
51.079,318.94,204.71,-185.46,-35.372,283.55,-63.838,84.745,129.97,104.61,274.87,206.29
54.31,323.52,205.57,-189.19,-32.853,286.34,-69.385,76.879,122.68,104.63,281.19,212.87
57.637,327.74,205.41,-192.65,-29.634,288.45,-75.295,68.194,114.91,104.53,287.09,219.25
61.107,331.77,204.75,-196.02,-25.992,290.02,-81.456,58.771,106.92,104.31,292.62,225.41
64.752,335.62,203.91,-199.4,-22.191,291.14,-87.798,48.859,98.947,103.94,297.9,231.31
68.633,339.08,202.93,-202.7,-18.342,291.86,-94.169,38.931,91.057,103.4,302.98,236.83
72.811,341.9,201.73,-205.74,-14.51,292.16,-100.3,29.466,83.061,102.66,307.83,241.87
77.303,343.86,200.17,-208.39,-10.857,291.98,-106.06,20.65,74.655,101.73,312.4,246.31
82.102,344.87,198.09,-210.59,-7.6024,291.25,-111.58,12.321,65.736,100.64,316.64,250.02
87.089,344.92,195.27,-212.28,-4.9084,289.93,-117.08,4.1256,56.582,99.43,320.58,252.97
91.725,344.03,191.45,-213.43,-2.8194,288.05,-122.67,-4.3072,47.492,98.138,324.24,255.22
95.059,342.24,186.54,-213.96,-1.2223,285.61,-128.26,-13.202,38.459,96.757,327.53,256.87
96.491,339.5,180.63,-213.79,0.14447,282.55,-133.62,-22.587,29.392,95.256,330.19,257.93
96.211,335.64,173.7,-212.85,1.59,278.62,-138.55,-32.399,20.396,93.584,331.84,258.29
94.852,330.35,165.75,-211.03,3.2219,273.47,-143.02,-42.58,11.76,91.686,332.17,257.75
93.136,323.43,156.96,-208.24,4.9693,266.77,-147.13,-53.039,3.8033,89.525,331.06,256.22
91.727,315.01,147.43,-204.4,7.1955,258.36,-150.98,-63.585,-3.2113,87.086,328.59,253.8
91.063,305.42,137.09,-199.53,10.483,248.27,-154.51,-73.93,-8.9104,84.381,324.96,250.64
91.22,295.06,125.91,-193.88,15.102,236.7,-157.56,-83.776,-12.561,81.445,320.37,246.73
91.926,284.16,114.11,-187.91,21.005,223.99,-160.04,-92.887,-14.001,78.328,314.88,241.84
92.707,272.77,102.05,-182.11,28.032,210.61,-161.97,-101.07,-14.392,75.08,308.53,235.74
93.06,260.8,89.918,-176.77,36.109,197.03,-163.41,-108.08,-14.729,71.73,301.34,228.41
92.592,248.17,77.577,-171.8,45.154,183.64,-164.37,-113.52,-15.239,68.295,293.47,220.04
91.149,234.87,64.778,-166.69,54.497,170.71,-164.74,-116.85,-15.847,64.801,285.12,210.91
88.892,220.9,51.528,-160.79,62.562,158.24,-164.3,-117.65,-16.444,61.291,276.51,201.32
86.164,206.4,38.459,-153.64,68.188,146.06,-162.82,-116.13,-16.939,57.805,267.71,191.55
83.248,191.56,26.598,-145.23,71.775,133.91,-160.26,-113.26,-17.264,54.322,258.55,181.84
80.279,176.65,16.59,-135.91,74.418,121.55,-156.78,-110.08,-17.376,50.722,248.64,172.38
77.3,161.94,8.2773,-126.14,77.021,108.99,-152.69,-107.04,-17.252,46.816,237.62,163.25
74.335,147.68,0.69639,-116.38,80.196,96.481,-148.27,-104.15,-16.895,42.409,225.34,154.43
71.436,134.16,-7.0444,-107.07,84.027,84.453,-143.68,-101.28,-16.339,37.375,211.98,145.83
68.722,121.62,-14.773,-98.568,87.84,73.292,-138.92,-98.332,-15.644,31.73,197.92,137.35
66.371,110.16,-22.582,-91.043,91.104,63.182,-133.95,-95.25,-14.888,25.708,183.64,128.87
64.539,99.763,-30.764,-84.464,93.944,54.074,-128.71,-92.019,-14.15,19.74,169.63,120.39
63.243,90.292,-39.376,-78.698,96.684,45.758,-123.2,-88.637,-13.482,14.267,156.29,111.95
62.333,81.471,-48.706,-73.566,99.532,37.914,-117.46,-85.118,-12.91,9.5119,143.86,103.71
61.592,72.946,-58.409,-68.787,102.49,30.259,-111.61,-81.49,-12.433,5.4171,132.35,95.788
60.84,64.412,-66.995,-63.997,105.34,22.855,-105.83,-77.788,-12.039,1.7618,121.54,88.322
59.972,55.796,-73.72,-59.035,107.75,16.012,-100.22,-74.04,-11.714,-1.7104,111.12,81.35
58.967,47.397,-79.153,-54.221,109.54,9.8317,-94.85,-70.257,-11.447,-5.2219,100.81,74.806
57.889,39.676,-84.168,-50.077,110.78,4.2952,-89.717,-66.438,-11.231,-8.9371,90.478,68.575
56.854,32.762,-89.505,-46.752,111.76,-0.54955,-84.847,-62.596,-11.063,-12.944,80.181,62.591
55.98,26.337,-95.68,-43.939,112.81,-4.7545,-80.229,-58.763,-10.945,-17.231,70.135,56.94
55.332,20.131,-102.75,-41.182,114.25,-8.5598,-75.781,-54.989,-10.875,-21.673,60.728,51.862
54.885,14.378,-110.14,-38.097,116.28,-12.211,-71.391,-51.33,-10.848,-26.049,52.448,47.579
54.533,9.4972,-116.91,-34.472,118.77,-15.814,-66.983,-47.83,-10.859,-30.118,45.52,44.096
54.149,5.5982,-122.32,-30.32,121.36,-19.312,-62.539,-44.52,-10.901,-33.704,39.726,41.198
53.629,2.5288,-126.08,-25.828,123.58,-22.532,-58.089,-41.429,-10.973,-36.742,34.622,38.59
52.861,0.09072,-128.22,-21.251,125.02,-25.285,-53.699,-38.59,-11.078,-39.263,29.668,35.993
51.689,-1.8844,-128.95,-16.898,125.35,-27.484,-49.474,-36.039,-11.228,-41.353,24.448,33.183
49.958,-3.5376,-128.61,-13.124,124.46,-29.179,-45.521,-33.798,-11.433,-43.106,19.019,30.048
47.627,-4.9889,-127.56,-10.138,122.47,-30.502,-41.92,-31.86,-11.691,-44.6,13.878,26.65
44.836,-6.3318,-126.24,-7.8604,119.74,-31.594,-38.714,-30.186,-11.991,-45.889,9.4719,23.212
41.852,-7.6257,-124.98,-6.0451,116.75,-32.557,-35.929,-28.716,-12.307,-47.006,5.8863,19.99
38.946,-8.8942,-124.06,-4.4968,114.02,-33.446,-33.577,-27.384,-12.609,-47.965,2.98,17.162
36.323,-10.133,-123.63,-3.1472,112.05,-34.266,-31.596,-26.125,-12.867,-48.779,0.57787,14.792
34.156,-11.321,-123.72,-2.0269,111.21,-34.995,-29.831,-24.882,-13.062,-49.462,-1.4606,12.857
32.601,-12.439,-124.23,-1.2053,111.61,-35.608,-28.192,-23.614,-13.191,-50.034,-3.2406,11.288
31.711,-13.48,-125.04,-0.73589,113.1,-36.098,-26.754,-22.315,-13.262,-50.52,-4.8393,9.9974
31.31,-14.466,-125.95,-0.6167,115.32,-36.5,-25.598,-21.024,-13.292,-50.946,-6.3089,8.9034
31,-15.454,-126.78,-0.77423,117.84,-36.882,-24.721,-19.818,-13.304,-51.331,-7.6795,7.9404
30.354,-16.516,-127.37,-1.0743,120.18,-37.334,-24.088,-18.779,-13.313,-51.685,-8.9643,7.0629
29.169,-17.713,-127.61,-1.3538,121.85,-37.946,-23.642,-17.957,-13.323,-52.006,-10.166,6.2444
27.552,-19.045,-127.47,-1.4629,122.55,-38.779,-23.307,-17.348,-13.322,-52.284,-11.281,5.4745
25.751,-20.432,-127.01,-1.3031,122.21,-39.822,-22.994,-16.891,-13.283,-52.5,-12.306,4.7551
23.951,-21.745,-126.37,-0.84608,121.03,-40.968,-22.618,-16.494,-13.167,-52.631,-13.233,4.0933
22.239,-22.861,-125.75,-0.12779,119.3,-42.028,-22.116,-16.054,-12.936,-52.663,-14.053,3.4945
20.635,-23.72,-125.31,0.77503,117.36,-42.822,-21.458,-15.487,-12.566,-52.584,-14.756,2.9583
19.101,-24.344,-125.12,1.769,115.59,-43.265,-20.645,-14.748,-12.059,-52.399,-15.334,2.477
17.566,-24.818,-125.18,2.7582,114.34,-43.4,-19.699,-13.849,-11.44,-52.119,-15.783,2.037
15.989,-25.256,-125.46,3.6522,113.77,-43.357,-18.658,-12.849,-10.75,-51.763,-16.111,1.6216
14.402,-25.749,-125.85,4.3748,113.89,-43.292,-17.554,-11.829,-10.028,-51.353,-16.331,1.2149
12.885,-26.313,-126.27,4.8734,114.54,-43.314,-16.412,-10.863,-9.3045,-50.909,-16.463,0.80761
11.581,-26.889,-126.61,5.1246,115.48,-43.458,-15.249,-9.9971,-8.5955,-50.451,-16.533,0.40051
10.706,-27.371,-126.78,5.1343,116.43,-43.694,-14.081,-9.2417,-7.905,-49.992,-16.564,0.002101
10.489,-27.661,-126.74,4.9345,117.06,-43.965,-12.928,-8.5838,-7.2262,-49.54,-16.575,-0.38105
11.067,-27.705,-126.47,4.5776,117.13,-44.218,-11.817,-7.9966,-6.545,-49.097,-16.582,-0.75479
12.474,-27.501,-126.01,4.132,116.58,-44.423,-10.774,-7.4501,-5.8458,-48.661,-16.598,-1.1393
14.595,-27.088,-125.46,3.6686,115.58,-44.575,-9.818,-6.9151,-5.1143,-48.223,-16.632,-1.5588
17.061,-26.532,-124.93,3.2366,114.46,-44.68,-8.9603,-6.361,-4.3371,-47.774,-16.687,-2.0268
19.392,-25.899,-124.54,2.8444,113.49,-44.734,-8.1987,-5.7556,-3.4961,-47.304,-16.752,-2.5351
21.347,-25.237,-124.41,2.4636,112.91,-44.705,-7.5209,-5.0681,-2.567,-46.803,-16.802,-3.0561
22.982,-24.565,-124.56,2.0473,112.96,-44.54,-6.9097,-4.2788,-1.5249,-46.271,-16.804,-3.5538
24.463,-23.883,-125.01,1.5448,113.86,-44.188,-6.3491,-3.3856,-0.35957,-45.72,-16.735,-4.0017
25.91,-23.191,-125.69,0.91791,115.69,-43.636,-5.8268,-2.4026,0.90926,-45.177,-16.596,-4.393
27.344,-22.503,-126.51,0.16791,118.26,-42.928,-5.3325,-1.3547,2.2295,-44.672,-16.413,-4.7398
28.712,-21.855,-127.31,-0.64552,121.17,-42.143,-4.8546,-0.27266,3.5359,-44.228,-16.23,-5.0589
29.853,-21.283,-127.94,-1.412,123.92,-41.359,-4.3795,0.8126,4.7772,-43.852,-16.087,-5.3573
30.465,-20.81,-128.24,-1.9999,126,-40.619,-3.8937,1.878,5.9324,-43.531,-16.009,-5.6265
30.23,-20.436,-128.08,-2.2922,126.92,-39.927,-3.3881,2.9121,7.0088,-43.246,-15.997,-5.8472
29.019,-20.146,-127.35,-2.2167,126.28,-39.263,-2.8611,3.9091,8.0242,-42.98,-16.042,-6.002
26.956,-19.919,-126.01,-1.7646,123.84,-38.609,-2.3174,4.8593,8.9864,-42.726,-16.133,-6.0865
24.312,-19.738,-124.12,-0.99325,119.72,-37.953,-1.7641,5.7446,9.8872,-42.48,-16.262,-6.1121
21.372,-19.588,-121.84,-0.012468,114.4,-37.288,-1.2054,6.5461,10.713,-42.24,-16.425,-6.1009
18.343,-19.451,-119.35,1.0404,108.65,-36.602,-0.64069,7.2587,11.467,-41.996,-16.622,-6.0771
15.347,-19.306,-116.82,2.0304,103.31,-35.879,-0.065472,7.9016,12.178,-41.725,-16.848,-6.0592
12.475,-19.135,-114.32,2.8531,98.95,-35.101,0.52612,8.5156,12.896,-41.402,-17.1,-6.052
9.7955,-18.932,-111.81,3.4516,95.671,-34.271,1.1375,9.1485,13.664,-40.997,-17.368,-6.0415
7.3334,-18.703,-109.19,3.8193,93.233,-33.409,1.7663,9.8384,14.49,-40.491,-17.637,-5.9974
5.1419,-18.451,-106.39,3.9901,91.309,-32.544,2.4027,10.602,15.343,-39.875,-17.878,-5.8878
3.415,-18.171,-103.46,4.0211,89.634,-31.706,3.0285,11.426,16.165,-39.159,-18.059,-5.699
2.347,-17.849,-100.58,3.9718,88.103,-30.914,3.6182,12.265,16.892,-38.369,-18.152,-5.4496
1.8654,-17.473,-98.028,3.887,86.826,-30.18,4.1449,13.034,17.471,-37.548,-18.144,-5.1867
1.7124,-17.041,-95.983,3.7879,85.93,-29.516,4.5893,13.621,17.866,-36.748,-18.048,-4.9675
1.6682,-16.556,-94.473,3.6748,85.372,-28.928,4.9489,13.914,18.056,-36.018,-17.896,-4.8361
1.6186,-16.019,-93.393,3.536,85.007,-28.419,5.2399,13.836,18.039,-35.4,-17.724,-4.8088
1.5287,-15.425,-92.586,3.3593,84.702,-27.974,5.4904,13.38,17.826,-34.915,-17.56,-4.8718
1.4102,-14.765,-91.893,3.1413,84.382,-27.564,5.7292,12.617,17.457,-34.562,-17.421,-4.9903
1.2992,-14.033,-91.173,2.8891,84.025,-27.147,5.9767,11.685,16.998,-34.307,-17.304,-5.1216
1.2382,-13.231,-90.312,2.6165,83.632,-26.677,6.2427,10.737,16.523,-34.094,-17.193,-5.2292
1.2599,-12.363,-89.243,2.3379,83.212,-26.112,6.5289,9.897,16.068,-33.858,-17.062,-5.2905
1.3816,-11.444,-87.97,2.0645,82.789,-25.409,6.8298,9.2287,15.61,-33.549,-16.887,-5.2981
1.6163,-10.503,-86.568,1.801,82.428,-24.528,7.1316,8.7463,15.103,-33.152,-16.65,-5.2568
1.9868,-9.5787,-85.132,1.5469,82.243,-23.442,7.4113,8.4222,14.52,-32.702,-16.352,-5.1799
2.5153,-8.7138,-83.714,1.2972,82.408,-22.155,7.6436,8.1867,13.859,-32.271,-16.013,-5.0844
3.1815,-7.9411,-82.214,1.0464,83.113,-20.721,7.8108,7.9316,13.11,-31.957,-15.669,-4.9865
3.8821,-7.2693,-80.268,0.79423,84.269,-19.229,7.9089,7.537,12.242,-31.849,-15.362,-4.8982
4.4399,-6.6766,-77.385,0.55207,85.278,-17.777,7.9441,6.9186,11.206,-31.998,-15.128,-4.8247
4.6591,-6.1178,-73.373,0.34606,85.292,-16.421,7.9238,6.0635,9.9737,-32.393,-14.973,-4.7625
4.3842,-5.5446,-68.569,0.21275,83.572,-15.158,7.8472,5.0314,8.5702,-32.959,-14.879,-4.699
3.5358,-4.9265,-63.539,0.19123,79.73,-13.946,7.7015,3.9197,7.0794,-33.59,-14.808,-4.618
2.1239,-4.2651,-58.701,0.31369,73.906,-12.744,7.4673,2.8209,5.6153,-34.182,-14.727,-4.5083
0.25631,-3.5945,-54.27,0.59321,66.825,-11.536,7.1297,1.7967,4.2714,-34.664,-14.62,-4.3713
-1.8532,-2.9675,-50.366,1.0088,59.611,-10.336,6.6886,0.87463,3.0894,-35,-14.492,-4.2224
-3.8948,-2.4326,-47.057,1.495,53.339,-9.1736,6.1599,0.058418,2.0638,-35.179,-14.359,-4.0858
-5.5174,-2.0121,-44.321,1.9493,48.682,-8.0794,5.5672,-0.6584,1.1674,-35.195,-14.234,-3.9821
-6.427,-1.6944,-42.024,2.2588,45.939,-7.0706,4.9309,-1.2811,0.37458,-35.046,-14.111,-3.9154
-6.4663,-1.4409,-39.987,2.3289,45.263,-6.1551,4.2594,-1.8094,-0.32609,-34.725,-13.968,-3.8698
-5.6145,-1.1991,-38.159,2.0912,46.721,-5.3405,3.547,-2.244,-0.93261,-34.237,-13.775,-3.818
-3.9781,-0.9229,-36.677,1.5159,50.004,-4.6367,2.7807,-2.599,-1.4429,-33.607,-13.505,-3.7355
-1.8134,-0.59448,-35.674,0.64828,54.136,-4.0492,1.9517,-2.9098,-1.8718,-32.888,-13.152,-3.6138
0.5009,-0.23493,-35.083,-0.37314,57.575,-3.5743,1.0684,-3.2266,-2.2553,-32.149,-12.727,-3.4659
2.5549,0.10512,-34.72,-1.3501,59.009,-3.2017,0.15984,-3.5953,-2.6357,-31.451,-12.249,-3.321
3.9898,0.36997,-34.412,-2.0829,58.63,-2.9162,-0.73307,-4.0387,-3.04,-30.821,-11.742,-3.2135
4.5506,0.52312,-34.055,-2.42,57.387,-2.6954,-1.5736,-4.5505,-3.4724,-30.242,-11.215,-3.1702
4.1234,0.55896,-33.6,-2.2845,55.636,-2.5065,-2.3405,-5.0999,-3.9193,-29.661,-10.666,-3.2007
2.7476,0.50076,-33.035,-1.683,53.271,-2.3068,-3.0285,-5.6382,-4.3577,-29.023,-10.085,-3.292
0.6075,0.39196,-32.363,-0.70386,50.11,-2.0522,-3.641,-6.1055,-4.7604,-28.28,-9.4579,-3.4085
-1.9767,0.28673,-31.6,0.49277,46.187,-1.7136,-4.1827,-6.4475,-5.1014,-27.409,-8.7782,-3.5013
-4.5852,0.241,-30.779,1.7004,41.946,-1.2902,-4.6576,-6.639,-5.3646,-26.411,-8.0555,-3.5251
-6.788,0.30228,-29.951,2.7063,38.137,-0.80861,-5.0688,-6.6967,-5.5502,-25.307,-7.3125,-3.4549
-8.2539,0.49886,-29.17,3.3383,35.43,-0.30731,-5.4196,-6.6683,-5.676,-24.137,-6.5757,-3.2941
-8.8276,0.8324,-28.47,3.5013,34.046,0.18139,-5.7127,-6.6081,-5.7727,-22.949,-5.8666,-3.0696
-8.5384,1.28,-27.856,3.1896,33.734,0.64122,-5.9492,-6.5549,-5.8746,-21.785,-5.1997,-2.8167
-7.5483,1.8045,-27.301,2.4768,34.04,1.0726,-6.1293,-6.5229,-6.009,-20.678,-4.5848,-2.5644
-6.0916,2.3656,-26.763,1.492,34.614,1.4846,-6.2544,-6.5058,-6.1883,-19.648,-4.0305,-2.3271
-4.429,2.9248,-26.203,0.38786,35.361,1.8818,-6.3286,-6.4889,-6.4068,-18.705,-3.5466,-2.1045
-2.8066,3.447,-25.617,-0.69145,36.283,2.2541,-6.3591,-6.4632,-6.6467,-17.858,-3.1441,-1.8893
-1.4162,3.9021,-25.04,-1.6334,37.192,2.5765,-6.3565,-6.434,-6.888,-17.119,-2.8357,-1.6762
-0.37505,4.2675,-24.537,-2.3648,37.773,2.8197,-6.3331,-6.4185,-7.1188,-16.503,-2.6342,-1.4666
0.26576,4.5302,-24.168,-2.8436,37.838,2.9621,-6.3014,-6.4334,-7.3386,-16.018,-2.5463,-1.2673
0.48887,4.6841,-23.953,-3.0471,37.372,2.9965,-6.2735,-6.4815,-7.5519,-15.658,-2.5676,-1.0886
0.28693,4.727,-23.88,-2.9696,36.446,2.9285,-6.2593,-6.5447,-7.7588,-15.398,-2.6814,-0.94214
-0.32825,4.6572,-23.909,-2.6291,35.153,2.7706,-6.2657,-6.5901,-7.9507,-15.193,-2.8635,-0.84006
-1.2952,4.472,-24.002,-2.0703,33.631,2.5362,-6.2961,-6.5861,-8.1161,-14.984,-3.0918,-0.79166
-2.4826,4.1692,-24.132,-1.3607,32.084,2.2352,-6.3501,-6.5212,-8.2504,-14.713,-3.352,-0.79919
-3.6982,3.7521,-24.291,-0.58234,30.753,1.8716,-6.4252,-6.4113,-8.3628,-14.342,-3.639,-0.85566
-4.7228,3.2339,-24.492,0.17466,29.834,1.4453,-6.5175,-6.2918,-8.4734,-13.867,-3.9505,-0.94683
-5.3545,2.6431,-24.755,0.81626,29.461,0.95626,-6.6212,-6.2002,-8.6028,-13.324,-4.2787,-1.0563
-5.4469,2.0277,-25.104,1.2519,29.717,0.41158,-6.7279,-6.1599,-8.7598,-12.765,-4.6027,-1.1691
-4.9382,1.4525,-25.545,1.4102,30.636,-0.16765,-6.8256,-6.1723,-8.9342,-12.241,-4.8894,-1.2727
-3.8713,0.98345,-26.06,1.263,32.151,-0.7453,-6.8985,-6.2183,-9.1008,-11.77,-5.1007,-1.3549
-2.3973,0.66501,-26.599,0.84439,34.094,-1.2767,-6.9298,-6.2666,-9.2309,-11.338,-5.2061,-1.4044
-0.74542,0.50309,-27.098,0.24856,36.214,-1.7212,-6.9057,-6.2849,-9.3063,-10.906,-5.1898,-1.4125
0.82595,0.46254,-27.493,-0.39389,38.211,-2.0558,-6.8189,-6.2514,-9.3249,-10.431,-5.0523,-1.3747
2.0821,0.48008,-27.738,-0.95,39.771,-2.2819,-6.6713,-6.1618,-9.2983,-9.8915,-4.8073,-1.2906
2.8617,0.48794,-27.811,-1.3174,40.634,-2.4212,-6.4726,-6.0288,-9.244,-9.2993,-4.4773,-1.1626
3.1117,0.43896,-27.708,-1.4477,40.667,-2.5001,-6.2367,-5.8735,-9.176,-8.6863,-4.0908,-0.9941
2.8943,0.32244,-27.439,-1.3531,39.895,-2.5331,-5.9769,-5.7124,-9.1001,-8.0817,-3.6749,-0.78811
2.3565,0.16343,-27.021,-1.0934,38.476,-2.515,-5.7019,-5.5477,-9.0123,-7.4931,-3.2485,-0.5476
1.6737,0.0064319,-26.462,-0.74822,36.633,-2.4273,-5.413,-5.3663,-8.9017,-6.9054,-2.8161,-0.27764
0.98861,-0.10849,-25.765,-0.38744,34.582,-2.2534,-5.1073,-5.1495,-8.7572,-6.296,-2.3704,0.011401
0.36821,-0.16567,-24.929,-0.050398,32.469,-1.993,-4.7853,-4.8885,-8.5764,-5.6548,-1.9029,0.30304
-0.20776,-0.18139,-23.958,0.26023,30.345,-1.6695,-4.4582,-4.5954,-8.3725,-4.9957,-1.4171,0.57776
-0.82288,-0.19675,-22.878,0.57104,28.187,-1.3254,-4.151,-4.3029,-8.1734,-4.356,-0.93602,0.81734
-1.5705,-0.25959,-21.74,0.92039,25.967,-1.0101,-3.8951,-4.0527,-8.0133,-3.7836,-0.49942,1.0062
-2.4988,-0.40278,-20.619,1.337,23.713,-0.76487,-3.7166,-3.8781,-7.9204,-3.3222,-0.15168,1.1301
-3.5841,-0.62782,-19.59,1.8228,21.527,-0.61048,-3.6259,-3.7907,-7.905,-2.9977,0.073508,1.1761
-4.736,-0.90147,-18.701,2.3452,19.544,-0.54186,-3.6164,-3.7744,-7.9542,-2.8091,0.16402,1.1352
-5.8177,-1.1675,-17.954,2.8422,17.876,-0.5318,-3.6704,-3.7913,-8.0352,-2.7273,0.13188,1.0072
-6.6735,-1.3683,-17.305,3.2382,16.594,-0.54236,-3.7683,-3.7961,-8.1068,-2.7016,0.0081958,0.80249
-7.1626,-1.466,-16.688,3.467,15.728,-0.54061,-3.895,-3.7513,-8.1373,-2.6769,-0.16623,0.54065
-7.1952,-1.4521,-16.056,3.4899,15.269,-0.51191,-4.0432,-3.6394,-8.1169,-2.6134,-0.35133,0.2456
-6.7573,-1.3442,-15.404,3.3043,15.175,-0.46369,-4.2122,-3.4668,-8.0598,-2.5003,-0.51727,-0.060033
-5.9125,-1.1722,-14.776,2.9409,15.361,-0.41714,-4.4036,-3.2605,-7.9945,-2.355,-0.6508,-0.36001
-4.7802,-0.9646,-14.237,2.4532,15.724,-0.39268,-4.6146,-3.058,-7.9498,-2.2096,-0.75621,-0.64677
-3.5072,-0.73968,-13.839,1.9033,16.157,-0.39819,-4.8347,-2.8954,-7.9434,-2.093,-0.84966,-0.92027
-2.2429,-0.50566,-13.578,1.3488,16.561,-0.42585,-5.0476,-2.7969,-7.9769,-2.02,-0.94987,-1.1849
-1.1203,-0.2699,-13.397,0.83529,16.839,-0.45824,-5.2384,-2.7707,-8.0378,-1.9893,-1.0707,-1.4473
-0.23386,-0.048535,-13.203,0.39351,16.898,-0.47957,-5.3993,-2.8091,-8.1072,-1.9888,-1.2189,-1.7157
0.38141,0.13201,-12.912,0.038379,16.668,-0.48548,-5.5303,-2.8946,-8.1681,-2.0028,-1.396,-1.9976
0.75338,0.24347,-12.487,-0.22998,16.139,-0.48539,-5.6348,-3.0072,-8.2116,-2.0174,-1.5994,-2.2959
0.94565,0.26622,-11.941,-0.41563,15.359,-0.49606,-5.7145,-3.1301,-8.2375,-2.0228,-1.8214,-2.6058
1.0103,0.19289,-11.312,-0.51052,14.418,-0.53107,-5.7659,-3.2519,-8.2532,-2.0129,-2.0509,-2.9162
0.95199,0.025101,-10.635,-0.48796,13.404,-0.59315,-5.7826,-3.3649,-8.272,-1.9836,-2.2782,-3.2156
0.72144,-0.2313,-9.9177,-0.30977,12.36,-0.67357,-5.7615,-3.4635,-8.3113,-1.9309,-2.5019,-3.5009
0.23489,-0.56923,-9.1545,0.062124,11.275,-0.75849,-5.7086,-3.5433,-8.3881,-1.8485,-2.732,-3.7814
-0.59103,-0.98209,-8.3366,0.65602,10.103,-0.83793,-5.6403,-3.6007,-8.512,-1.7274,-2.986,-4.0759
-1.799,-1.463,-7.4669,1.4804,8.7942,-0.90997,-5.5768,-3.6329,-8.6784,-1.5576,-3.2793,-4.4013
-3.3564,-1.9979,-6.5592,2.5079,7.3307,-0.97556,-5.5325,-3.637,-8.8679,-1.3323,-3.6142,-4.7608
-5.1352,-2.5537,-5.6293,3.6577,5.7507,-1.028,-5.5065,-3.6099,-9.0532,-1.0517,-3.9745,-5.137
-6.9143,-3.0698,-4.6868,4.7918,4.1443,-1.0457,-5.4811,-3.5478,-9.2054,-0.72292,-4.3283,-5.4941
-8.4158,-3.4634,-3.7335,5.7371,2.6331,-0.99416,-5.4273,-3.4479,-9.299,-0.35721,-4.638,-5.7871
-9.3735,-3.6485,-2.7718,6.3278,1.3459,-0.83618,-5.3157,-3.3089,-9.3176,0.034425,-4.8715,-5.9759
-9.6078,-3.562,-1.8133,6.4496,0.39098,-0.54569,-5.1287,-3.1324,-9.2614,0.44392,-5.01,-6.039
-9.0805,-3.1836,-0.87686,6.0701,-0.18227,-0.11648,-4.8668,-2.9214,-9.1476,0.86655,-5.0509,-5.9806
-7.9098,-2.541,0.025675,5.2473,-0.41163,0.4371,-4.5468,-2.6785,-8.9939,1.2986,-5.0044,-5.8275
-6.3352,-1.6992,0.90133,4.1169,-0.41833,1.0857,-4.1956,-2.4041,-8.8027,1.7339,-4.8866,-5.6157
-4.651,-0.7411,1.7719,2.8581,-0.37041,1.7927,-3.8411,-2.097,-8.559,2.1609,-4.7105,-5.3754
-3.138,0.25476,2.6596,1.6502,-0.43175,2.5219,-3.5049,-1.7573,-8.2398,2.5646,-4.4779,-5.1193
-2.0151,1.2292,3.5774,0.63028,-0.72152,3.2447,-3.1953,-1.3891,-7.8273,2.9325,-4.1782,-4.8388
-1.4041,2.1474,4.5275,-0.13323,-1.2965,3.9431,-2.9054,-0.9998,-7.3201,3.2607,-3.7948,-4.5107
-1.3031,2.9955,5.4978,-0.643,-2.1434,4.6072,-2.6171,-0.59722,-6.7395,3.5568,-3.3179,-4.1126
-1.5908,3.7724,6.4565,-0.9505,-3.1748,5.2264,-2.3121,-0.18567,-6.1256,3.8373,-2.7572,-3.6402
-2.0679,4.4771,7.3487,-1.1265,-4.2425,5.7806,-1.9862,0.23246,-5.5256,4.1194,-2.1468,-3.1186
-2.5119,5.0985,8.1037,-1.2429,-5.1765,6.2378,-1.6571,0.65192,-4.9771,4.4144,-1.5378,-2.5984
-2.7298,5.6108,8.6539,-1.3606,-5.8344,6.5582,-1.3607,1.0617,-4.4956,4.7243,-0.98127,-2.1389
-2.6048,5.9756,8.9579,-1.5127,-6.1378,6.7069,-1.1363,1.4461,-4.071,5.0426,-0.51149,-1.7861
-2.1275,6.1534,9.0161,-1.6936,-6.0876,6.6663,-1.0088,1.788,-3.6741,5.3566,-0.13764,-1.5589
-1.3894,6.1213,8.8704,-1.8661,-5.7533,6.4448,-0.97713,2.0694,-3.2697,5.6478,0.15167,-1.4461
-0.53582,5.885,8.5869,-1.9827,-5.2441,6.0732,-1.0155,2.2707,-2.8346,5.8916,0.37562,-1.4173
0.29339,5.478,8.2346,-2.008,-4.6797,5.5932,-1.0846,2.3704,-2.3727,6.0599,0.5479,-1.4378
1.0002,4.9508,7.8705,-1.9322,-4.1711,5.0462,-1.1455,2.3515,-1.9212,6.132,0.67012,-1.4836
1.5398,4.3597,7.5359,-1.77,-3.8048,4.4709,-1.1698,2.2124,-1.5368,6.1104,0.73549,-1.5469
1.9111,3.7576,7.2606,-1.5497,-3.6247,3.9061,-1.1416,1.9764,-1.2619,6.0296,0.7402,-1.6319
2.1339,3.1849,7.0685,-1.2974,-3.6302,3.3892,-1.0563,1.6885,-1.0929,5.9469,0.69492,-1.7427
2.2246,2.663,6.9818,-1.0257,-3.8019,2.9489,-0.91874,1.4001,-0.98074,5.9214,0.62828,-1.8722
2.1853,2.1924,7.0221,-0.73069,-4.1318,2.5972,-0.74364,1.1519,-0.85844,5.9973,0.57962,-1.9996
2.0038,1.7568,7.2086,-0.3976,-4.6364,2.3301,-0.55028,0.96541,-0.67339,6.1979,0.58415,-2.0961
1.6614,1.3329,7.556,-0.011287,-5.3546,2.1354,-0.35137,0.84426,-0.40294,6.5258,0.65859,-2.1362
1.1446,0.90318,8.0683,0.43235,-6.3322,1.9987,-0.1419,0.78249,-0.052486,6.965,0.79511,-2.1071
0.45952,0.4672,8.732,0.91971,-7.5953,1.908,0.1022,0.77162,0.35703,7.4834,0.96701,-2.0121
-0.36007,0.045502,9.5145,1.4206,-9.1172,1.8567,0.4127,0.80289,0.80405,8.0375,1.1432,-1.8671
-1.2574,-0.325,10.374,1.8963,-10.806,1.8471,0.81231,0.86478,1.2762,8.5784,1.3044,-1.6924
-2.1676,-0.60348,11.275,2.3106,-12.541,1.8903,1.3023,0.94009,1.7699,9.0577,1.4528,-1.5047
-3.0329,-0.76033,12.203,2.6408,-14.241,2.0015,1.8609,1.0073,2.2804,9.4334,1.6081,-1.3132
-3.8117,-0.78825,13.16,2.8843,-15.899,2.1914,2.4521,1.0467,2.7897,9.6769,1.7952,-1.12
-4.4778,-0.70459,14.158,3.0568,-17.562,2.4587,3.0387,1.0483,3.2607,9.7824,2.0312,-0.92263
-5.0124,-0.54474,15.211,3.1828,-19.283,2.7875,3.5917,1.0147,3.644,9.772,2.3183,-0.71781
-5.394,-0.34921,16.33,3.281,-21.082,3.1509,4.0947,0.96021,3.8933,9.6909,2.644,-0.50584
-5.5938,-0.14911,17.514,3.352,-22.922,3.5195,4.5454,0.90599,3.9838,9.5958,2.9845,-0.29407
-5.5786,0.044012,18.744,3.3736,-24.729,3.8711,4.9569,0.8759,3.9265,9.5414,3.3096,-0.098131
-5.323,0.23891,19.991,3.3088,-26.45,4.198,5.354,0.8927,3.7706,9.5694,3.5869,0.061589
-4.8237,0.45606,21.252,3.1206,-28.096,4.5077,5.7614,0.97261,3.589,9.6994,3.7891,0.16758
-4.1147,0.71424,22.565,2.7906,-29.741,4.8185,6.1889,1.1175,3.4501,9.9231,3.9005,0.21317
-3.2735,1.0179,23.996,2.3322,-31.458,5.1483,6.6222,1.3077,3.3914,10.205,3.9212,0.20652
-2.4164,1.3504,25.586,1.7963,-33.267,5.502,7.0287,1.5029,3.4078,10.489,3.8646,0.16824
-1.6796,1.6758,27.3,1.2646,-35.138,5.8653,7.3761,1.6532,3.4599,10.716,3.7515,0.12321
-1.1915,1.9476,29.014,0.83156,-37.042,6.2074,7.6531,1.7195,3.4946,10.838,3.6036,0.090598
-1.046,2.1213,30.573,0.58252,-38.974,6.4912,7.8767,1.6912,3.4688,10.845,3.4422,0.077585
-1.2921,2.1658,31.867,0.5768,-40.933,6.6891,8.084,1.5897,3.3656,10.769,3.2872,0.080051
-1.9365,2.071,32.902,0.8398,-42.91,6.7955,8.3147,1.4564,3.1978,10.683,3.1564,0.089273
-2.9417,1.851,33.797,1.3589,-44.897,6.8315,8.5957,1.3345,2.9972,10.676,3.0613,0.099689
-4.2143,1.5413,34.731,2.0803,-46.896,6.8362,8.9322,1.2547,2.7975,10.839,3.0055,0.11293
-5.6002,1.1911,35.854,2.9113,-48.908,6.8509,9.3059,1.2309,2.6216,11.244,2.9864,0.13679
-6.907,0.8548,37.219,3.7319,-50.909,6.9032,9.6801,1.2647,2.4769,11.953,2.9991,0.18126
-19.265,-4.4707,53.173,14.632,-59.563,10.662,12.656,9.4987,8.8572,24.207,4.8588,1.0546
-22.792,-7.2573,54.933,17.632,-62.632,9.7666,14.17,8.8962,10.25,22.912,3.4112,0.63518
-23.374,-8.1893,55.607,18.185,-63.642,9.2552,15.129,7.3129,11.055,21.641,3.5919,1.3231
-20.76,-7.4131,54.798,16.285,-62.314,8.8535,15.504,5.2885,11.273,20.824,5.2587,2.8079
-15.775,-5.3681,52.89,12.614,-59.3,8.5331,15.436,3.5549,11.063,20.8,7.8251,4.5293
-9.9907,-2.6,50.911,8.2587,-55.929,8.5346,15.13,2.7106,10.634,21.83,10.485,5.9605
-5.0278,0.39969,49.989,4.2754,-53.575,9.1771,14.763,2.9877,10.159,24.065,12.51,6.8038
-1.8828,3.2803,50.77,1.3195,-53.043,10.609,14.445,4.2333,9.7417,27.478,13.497,7.0263
-0.63384,5.8812,53.171,-0.51568,-54.304,12.71,14.217,6.0787,9.4174,31.82,13.486,6.7853
-0.58275,8.2463,56.539,-1.6258,-56.659,15.175,14.073,8.1526,9.1743,36.642,12.894,6.3229
