-32.699,287.38,319.26,-126.1,-185.77,301.61,-915.04,-2711,-1951.8,-601.15,-99.259,159.69
-61.259,149.33,209.77,-43.028,-145.99,178.42,-816.25,-2365.9,-1750.5,-687.12,-235.22,1.6071
-85.824,31.716,116.72,27.858,-112.24,73.5,-721.27,-2036.9,-1546.1,-739.32,-342.32,-130.68
-102.74,-51.198,50.722,77.636,-87.881,-0.79612,-632.03,-1734.8,-1337.9,-736.74,-401.38,-219.42
-109.86,-95.373,13.67,103.25,-72.761,-41.495,-548.42,-1464.5,-1130,-677.59,-407.99,-259.22
-107.15,-106.24,0.086918,107.41,-64.182,-53.978,-468.84,-1225.4,-929.38,-576.3,-371.13,-256.2
-96.371,-94.73,0.82849,96.432,-58.59,-48.171,-391.76,-1014.5,-743.59,-455.29,-307.6,-223.75
-80.184,-72.459,6.9143,77.392,-52.983,-34.26,-317.12,-829.58,-579.21,-336.41,-235.58,-177.33
-61.44,-48.522,12.109,56.203,-45.818,-19.81,-246.77,-670.07,-440.71,-235.26,-169.61,-130.21
-43.217,-28.611,13.799,37.196,-37.413,-8.9155,-183.68,-536.66,-330.06,-159.3,-118.22,-91.102
-28.874,-15.756,12.313,23.536,-29.618,-2.941,-130.54,-429.61,-246.66,-108.96,-83.886,-63.686
-30.309,-44.796,6.2504,38.032,-30.564,-24.092,-71.365,-301.72,-134.8,-83.923,-59.687,-54.503
-30.363,-48.774,-8.1083,39.058,-28.672,-32.009,-39.066,-241.27,-93.918,-80.695,-56.115,-52.958
-30.534,-50.593,-14.302,39.748,-26.427,-34.995,-18.656,-196.85,-76.245,-81.906,-56.141,-51.07
-30.557,-51.534,-17.02,40.148,-25.845,-36.403,-7.4979,-166.27,-68.796,-84.911,-57.518,-48.914
-30.446,-51.941,-18.393,40.286,-25.831,-37.061,-1.1684,-145.72,-64.749,-86.537,-58.507,-46.099
-30.219,-52.003,-19.37,40.19,-25.182,-37.361,3.3897,-130.87,-62.412,-73.246,-54.004,-43.089
-29.749,-51.881,-20.479,39.894,-23.3,-37.587,7.0959,-118.52,-68.573,-60.552,-47.958,-40.563
-28.915,-51.732,-21.933,39.457,-20.129,-37.937,4.6119,-107.37,-70.375,-53.523,-44.384,-38.784
-27.743,-51.671,-23.685,38.968,-16.045,-38.478,-1.1262,-97.398,-66.373,-48.786,-42.322,-37.789
-26.398,-51.746,-25.542,38.524,-11.657,-39.168,0.63321,-92.065,-61.955,-45.386,-41.172,-37.481
-25.094,-51.953,-27.302,38.203,-7.5858,-39.918,5.7217,-89.677,-58.143,-42.84,-40.586,-37.663
-24.009,-52.267,-28.832,38.041,-4.2678,-40.655,11.541,-87.185,-54.942,-40.728,-40.288,-38.111
-23.232,-52.651,-30.091,38.024,-1.8495,-41.34,17.034,-84.582,-52.131,-38.704,-40.073,-38.655
-22.723,-53.051,-31.111,38.087,-0.18851,-41.952,21.783,-82.032,-49.473,-36.519,-39.814,-39.204
-22.342,-53.399,-31.949,38.138,1.0353,-42.479,25.688,-79.566,-46.802,-34.025,-39.463,-39.744
-21.931,-53.622,-32.651,38.086,2.1521,-42.9,28.797,-77.156,-44.037,-31.171,-39.016,-40.287
-21.392,-53.668,-33.236,37.873,3.3429,-43.19,31.245,-74.76,-41.166,-27.99,-38.492,-40.84
-20.698,-53.518,-33.705,37.493,4.5874,-43.334,33.229,-72.349,-38.203,-24.572,-37.911,-41.375
-19.876,-53.203,-34.053,36.991,5.7728,-43.343,34.974,-69.913,-35.147,-21.04,-37.28,-41.838
-19.005,-52.79,-34.285,36.444,6.8093,-43.251,36.67,-67.461,-31.969,-17.501,-36.592,-42.161
-18.193,-52.367,-34.423,35.94,7.6417,-43.11,38.433,-65.006,-28.61,-14.008,-35.827,-42.289
-17.548,-52.012,-34.493,35.546,8.2338,-42.972,40.269,-62.539,-25.011,-10.547,-34.956,-42.193
-17.131,-51.771,-34.517,35.297,8.5768,-42.866,42.088,-60.029,-21.152,-7.0622,-33.964,-41.866
-16.953,-51.638,-34.493,35.184,8.7008,-42.786,43.751,-57.429,-17.076,-3.5091,-32.866,-41.323
-16.959,-51.555,-34.398,35.156,8.6714,-42.689,45.146,-54.695,-12.888,0.10663,-31.707,-40.579
-17.028,-51.429,-34.207,35.128,8.571,-42.519,46.233,-51.813,-8.7115,3.7219,-30.542,-39.642
-17.024,-51.175,-33.912,35.009,8.4734,-42.237,47.056,-48.807,-4.6452,7.2443,-29.417,-38.511
-16.864,-50.756,-33.535,34.745,8.4197,-41.841,47.706,-45.742,-0.72728,10.595,-28.352,-37.189
-16.562,-50.201,-33.119,34.346,8.3974,-41.371,48.268,-42.708,3.0653,13.745,-27.332,-35.688
-16.219,-49.596,-32.705,33.877,8.333,-40.893,48.783,-39.775,6.7978,16.74,-26.308,-34.028
-15.96,-49.048,-32.309,33.437,8.1133,-40.47,49.243,-36.949,10.552,19.692,-25.196,-32.229
-15.884,-48.633,-31.916,33.104,7.6386,-40.131,49.621,-34.148,14.407,22.753,-23.897,-30.299
-16.023,-48.363,-31.49,32.91,6.8795,-39.862,49.887,-31.216,18.427,26.059,-22.316,-28.226
-16.327,-48.182,-31.004,32.82,5.9068,-39.617,50.019,-27.995,22.66,29.692,-20.381,-25.975
-16.678,-47.994,-30.461,32.753,4.8818,-39.337,49.999,-24.392,27.142,33.655,-18.053,-23.502
-16.924,-47.699,-29.898,32.607,4.0123,-38.979,49.811,-20.43,31.901,37.881,-15.321,-20.781
-16.936,-47.229,-29.374,32.293,3.4852,-38.53,49.451,-16.234,36.962,42.27,-12.191,-17.825
-16.64,-46.553,-28.938,31.762,3.3939,-37.995,48.923,-11.965,42.353,46.724,-8.6573,-14.68
-16.041,-45.686,-28.608,31.014,3.6961,-37.397,48.25,-7.7476,48.11,51.202,-4.6708,-11.385
-15.201,-44.681,-28.365,30.094,4.2337,-36.767,47.454,-3.6245,54.275,55.748,-0.14005,-7.9455
-14.194,-43.61,-28.182,29.061,4.8056,-36.144,46.544,0.43414,60.904,60.487,5.0239,-4.331
-13.041,-42.547,-28.047,27.954,5.2541,-35.577,45.49,4.4898,68.075,65.589,10.835,-0.52414
-11.664,-41.542,-27.973,26.767,5.5226,-35.115,44.234,8.588,75.91,71.232,17.188,3.4312
-9.8959,-40.611,-27.983,25.449,5.6611,-34.787,42.697,12.734,84.574,77.578,23.892,7.4183
-7.5661,-39.717,-28.067,23.927,5.7834,-34.566,40.816,16.907,94.259,84.755,30.768,11.296
-4.607,-38.764,-28.165,22.143,6.0061,-34.359,38.568,21.101,105.13,92.852,37.762,14.983
-1.1246,-37.606,-28.184,20.059,6.4129,-34.022,35.991,25.361,117.28,101.9,45.008,18.523
2.646,-36.083,-28.044,17.658,7.0581,-33.42,33.175,29.804,130.61,111.86,52.804,22.079
6.4704,-34.058,-27.718,14.918,7.9871,-32.471,30.23,34.594,144.87,122.58,61.525,25.868
10.226,-31.45,-27.257,11.811,9.2358,-31.168,27.242,39.906,159.7,133.83,71.47,30.079
13.921,-28.258,-26.765,8.3238,10.812,-29.574,24.25,45.883,174.82,145.42,82.729,34.84
17.634,-24.581,-26.356,4.5009,12.66,-27.814,21.244,52.598,190.08,157.24,95.153,40.246
21.426,-20.61,-26.104,0.45667,14.618,-26.032,18.191,60.041,205.53,169.32,108.48,46.423
25.283,-16.549,-25.991,-3.6602,16.41,-24.331,15.075,68.114,221.3,181.83,122.48,53.593
29.113,-12.475,-25.87,-7.747,17.697,-22.684,11.918,76.665,237.54,194.97,137,62.061
32.791,-8.2496,-25.498,-11.816,18.192,-20.902,8.7719,85.526,254.29,208.91,151.92,72.071
36.195,-3.5224,-24.625,-16.004,17.782,-18.673,5.7038,94.576,271.47,223.73,167.09,83.588
39.235,2.1517,-23.099,-20.517,16.575,-15.649,2.7616,103.77,288.99,239.43,182.44,96.23
41.89,9.1305,-20.915,-25.529,14.878,-11.534,-0.037388,113.11,306.78,255.95,197.87,109.5
44.233,17.471,-18.216,-31.088,13.112,-6.178,-2.6984,122.62,324.87,273.18,213.31,123.05
46.382,26.783,-15.259,-37.056,11.695,0.29757,-5.2248,132.27,343.41,291.01,228.69,136.75
48.42,36.333,-12.375,-43.152,10.908,7.4081,-7.6035,141.97,362.61,309.3,243.94,150.54
50.342,45.424,-9.8737,-49.071,10.787,14.476,-9.8099,151.53,382.59,327.81,259.03,164.42
52.086,53.727,-7.8717,-54.63,11.113,21.042,-11.822,160.76,403.31,346.25,273.99,178.38
53.612,61.348,-6.1391,-59.826,11.526,27.14,-13.632,169.46,424.47,364.26,288.9,192.48
54.956,68.67,-4.133,-64.791,11.7,33.215,-15.258,177.45,445.61,381.48,303.82,206.81
56.253,76.11,-1.196,-69.701,11.478,39.818,-16.747,184.65,466.26,397.71,318.67,221.41
57.686,83.876,3.2239,-74.682,10.936,47.236,-18.174,191,486.02,412.82,333.27,236.15
59.411,91.85,9.4128,-79.741,10.36,55.239,-19.619,196.48,504.65,426.77,347.39,250.67
61.47,99.68,17.247,-84.767,10.096,63.185,-21.148,201.1,522.04,439.56,360.85,264.48
63.755,107.01,26.029,-89.582,10.35,70.444,-22.794,204.94,538.08,451.16,373.63,277.23
66.024,113.68,34.59,-94.023,11.143,76.743,-24.566,208.08,552.59,461.52,385.76,288.79
67.969,119.74,41.958,-97.996,12.357,82.182,-26.469,210.64,565.29,470.57,397.3,299.22
69.309,125.4,47.942,-101.5,13.693,87.077,-28.525,212.71,575.9,478.27,408.2,308.54
69.887,130.92,53.008,-104.6,14.455,91.811,-30.784,214.36,584.27,484.62,418.29,316.72
69.734,136.53,57.846,-107.36,13.729,96.718,-33.306,215.64,590.49,489.68,427.31,323.65
69.042,142.29,63.008,-109.85,11.115,101.98,-36.124,216.57,594.8,493.52,435.05,329.29
68.054,148.07,68.706,-112.11,6.8377,107.54,-39.209,217.18,597.56,496.27,441.46,333.74
66.946,153.58,74.763,-114.18,1.3141,113.12,-42.45,217.48,599.01,498.02,446.6,337.12
65.776,158.49,80.713,-116.01,-4.8615,118.35,-45.694,217.49,599.32,498.87,450.64,339.63
64.53,162.51,86.02,-117.43,-10.757,122.85,-48.822,217.2,598.48,498.87,453.73,341.38
63.232,165.49,90.301,-118.29,-15.453,126.45,-51.806,216.6,596.4,498.01,456.01,342.47
62.073,167.48,93.448,-118.62,-18.368,129.15,-54.706,215.68,592.91,496.24,457.52,342.97
61.437,168.78,95.607,-118.62,-19.211,131.15,-57.609,214.42,587.86,493.51,458.27,342.89
61.68,169.84,97.073,-118.62,-18.086,132.81,-60.533,212.8,581.12,489.75,458.22,342.25
62.868,171.04,98.14,-118.93,-15.594,134.43,-63.353,210.76,572.56,484.9,457.26,341.02
64.817,172.6,99.02,-119.72,-12.443,136.15,-65.834,208.29,562.06,478.92,455.3,339.17
67.262,174.5,99.829,-120.97,-9.0667,137.96,-67.748,205.33,549.54,471.78,452.26,336.68
69.918,176.54,100.62,-122.53,-5.8828,139.71,-68.98,201.87,534.96,463.43,448.13,333.51
72.468,178.44,101.37,-124.1,-3.3042,141.24,-69.528,197.88,518.4,453.78,442.98,329.63
74.597,179.9,101.93,-125.42,-1.4746,142.33,-69.45,193.37,500.02,442.67,436.93,325
76.041,180.68,102.07,-126.27,-0.35984,142.78,-68.813,188.28,480.06,429.96,430.06,319.6
76.633,180.69,101.58,-126.57,0.10701,142.47,-67.673,182.52,458.73,415.5,422.27,313.41
76.333,180,100.38,-126.33,0.07936,141.44,-66.076,175.96,436.29,399.29,413.41,306.45
75.215,178.76,98.655,-125.62,-0.26227,139.88,-64.07,168.43,412.98,381.41,403.31,298.72
73.452,177.12,96.765,-124.49,-0.88856,138.03,-61.708,159.81,389.06,362,391.98,290.2
71.296,175.08,95.088,-122.96,-1.8796,136.06,-59.055,150.02,364.73,341.22,379.63,280.85
69.041,172.52,93.756,-121.04,-3.2136,133.93,-56.188,139.11,340.14,319.2,366.6,270.57
66.935,169.3,92.583,-118.73,-4.6782,131.47,-53.206,127.26,315.32,296.11,353.17,259.29
65.092,165.32,91.198,-116.02,-5.9281,128.49,-50.225,114.8,290.26,272.2,339.47,247.01
63.481,160.48,89.239,-112.87,-6.6083,124.81,-47.355,102.11,264.95,247.83,325.44,233.91
61.985,154.72,86.486,-109.22,-6.514,120.36,-44.67,89.594,239.44,223.42,310.87,220.31
60.442,148.02,82.908,-104.99,-5.6992,115.16,-42.19,77.573,213.85,199.39,295.56,206.52
58.669,140.45,78.646,-100.17,-4.4569,109.34,-39.892,66.233,188.3,175.98,279.37,192.7
56.491,132.18,73.932,-94.765,-3.1909,103.06,-37.739,55.626,162.87,153.2,262.34,178.89
53.792,123.37,68.978,-88.843,-2.2544,96.429,-35.7,45.715,137.6,130.85,244.71,165
50.549,114.17,63.874,-82.511,-1.8299,89.526,-33.766,36.418,112.76,108.75,226.89,150.95
46.851,104.74,58.547,-75.928,-1.8895,82.349,-31.948,27.633,89.074,87.054,209.32,136.75
42.876,95.186,52.778,-69.264,-2.2381,74.851,-30.27,19.243,67.565,66.353,192.28,122.51
38.832,85.552,46.263,-62.635,-2.6059,66.923,-28.758,11.129,48.93,47.366,175.89,108.39
34.878,75.764,38.733,-56.053,-2.7545,58.401,-27.424,3.1885,33.045,30.4,160.09,94.597
31.045,65.685,30.193,-49.416,-2.5741,49.135,-26.268,-4.6373,19.212,15.222,144.71,81.414
27.208,55.205,21.176,-42.564,-2.135,39.172,-25.274,-12.327,6.7217,1.4054,129.63,69.107
23.13,44.373,12.725,-35.375,-1.6314,28.956,-24.412,-19.767,-4.7956,-11.248,114.77,57.826
18.6,33.489,5.8048,-27.882,-1.2309,19.302,-23.643,-26.782,-15.388,-22.611,100.25,47.584
13.627,23.071,0.7108,-20.334,-0.94738,10.98,-22.919,-33.192,-24.966,-32.457,86.36,38.313
8.5356,13.625,-2.8976,-13.127,-0.62073,4.2643,-22.202,-38.886,-33.465,-40.714,73.577,29.95
3.8325,5.3972,-5.5925,-6.619,-0.016302,-1.0794,-21.475,-43.848,-40.895,-47.511,62.366,22.474
-0.062557,-1.6736,-7.8566,-0.97216,1.015,-5.4853,-20.747,-48.152,-47.316,-53.095,52.95,15.895
-3.0317,-7.8155,-9.947,3.8678,2.4323,-9.313,-20.043,-51.915,-52.807,-57.734,45.191,10.197
-5.2671,-13.262,-11.907,8.088,3.9844,-12.752,-19.376,-55.247,-57.452,-61.657,38.732,5.3036
-7.1103,-18.174,-13.642,11.896,5.2622,-15.859,-18.738,-58.218,-61.338,-65.038,33.223,1.1093
-8.8612,-22.624,-15.004,15.425,5.8196,-18.619,-18.095,-60.859,-64.566,-67.996,28.433,-2.4777
-10.668,-26.601,-15.864,18.689,5.3319,-20.992,-17.404,-63.179,-67.253,-70.621,24.242,-5.5224
-12.525,-30.022,-16.17,21.596,3.7202,-22.925,-16.638,-65.193,-69.526,-72.991,20.57,-8.085
-14.34,-32.778,-15.97,24.018,1.1912,-24.371,-15.799,-66.941,-71.509,-75.194,17.321,-10.253
-16.013,-34.789,-15.398,25.869,-1.8161,-25.314,-14.931,-68.487,-73.305,-77.344,14.345,-12.156
-17.476,-36.058,-14.645,27.144,-4.7523,-25.795,-14.105,-69.911,-74.983,-79.571,11.47,-13.943
-18.71,-36.672,-13.927,27.913,-7.1249,-25.913,-13.392,-71.283,-76.575,-81.996,8.5533,-15.733
-19.741,-36.788,-13.433,28.299,-8.6565,-25.806,-12.832,-72.642,-78.074,-84.698,5.5522,-17.568
-20.616,-36.607,-13.28,28.449,-9.3531,-25.63,-12.417,-73.976,-79.454,-87.666,2.5501,-19.394
-21.382,-36.365,-13.477,28.525,-9.4589,-25.53,-12.094,-75.231,-80.684,-90.782,-0.27925,-21.098
-22.06,-36.308,-13.91,28.69,-9.3259,-25.615,-11.792,-76.335,-81.748,-93.841,-2.7582,-22.558
-22.638,-36.623,-14.387,29.074,-9.2522,-25.919,-11.465,-77.237,-82.652,-96.64,-4.7973,-23.707
-23.072,-37.347,-14.73,29.708,-9.3393,-26.391,-11.122,-77.936,-83.425,-99.098,-6.4475,-24.577
-23.287,-38.328,-14.873,30.475,-9.4448,-26.923,-10.83,-78.481,-84.115,-101.31,-7.8871,-25.293
-23.192,-39.307,-14.902,31.17,-9.2981,-27.415,-10.684,-78.949,-84.767,-103.49,-9.3479,-26.032
-22.743,-40.055,-14.963,31.619,-8.6884,-27.809,-10.748,-79.408,-85.411,-105.89,-11.01,-26.935
-21.995,-40.464,-15.109,31.773,-7.5867,-28.069,-11.02,-79.886,-86.051,-108.62,-12.92,-28.039
-21.117,-40.568,-15.262,31.72,-6.1636,-28.164,-11.425,-80.372,-86.673,-111.63,-14.982,-29.258
-20.336,-40.506,-15.327,31.622,-4.7016,-28.115,-11.859,-80.831,-87.259,-114.75,-17.027,-30.442
-19.859,-40.472,-15.312,31.637,-3.4604,-28.032,-12.239,-81.235,-87.8,-117.76,-18.9,-31.455
-19.808,-40.64,-15.369,31.85,-2.6034,-28.091,-12.534,-81.57,-88.295,-120.56,-20.527,-32.23
-20.185,-41.089,-15.696,32.246,-2.2184,-28.443,-12.765,-81.837,-88.743,-123.12,-21.915,-32.781
-20.899,-41.753,-16.353,32.721,-2.3681,-29.094,-12.976,-82.033,-89.13,-125.48,-23.122,-33.181
-21.796,-42.431,-17.157,33.13,-3.0994,-29.866,-13.2,-82.142,-89.426,-127.66,-24.212,-33.518
-22.714,-42.887,-17.774,33.352,-4.3959,-30.484,-13.434,-82.128,-89.594,-129.59,-25.216,-33.858
-23.521,-42.984,-17.929,33.352,-6.1403,-30.745,-13.639,-81.95,-89.597,-131.15,-26.13,-34.22
-24.147,-42.757,-17.556,33.196,-8.1114,-30.622,-13.765,-81.579,-89.417,-132.19,-26.928,-34.584
-24.577,-42.38,-16.809,33.01,-9.9954,-30.246,-13.782,-81.013,-89.059,-132.63,-27.587,-34.906
-24.819,-42.052,-15.977,32.906,-11.424,-29.821,-13.686,-80.281,-88.547,-132.47,-28.101,-35.144
-24.874,-41.917,-15.388,32.935,-12.057,-29.547,-13.499,-79.439,-87.907,-131.79,-28.482,-35.272
-24.739,-42.054,-15.295,33.088,-11.709,-29.576,-13.249,-78.543,-87.151,-130.69,-28.754,-35.286
-24.441,-42.463,-15.773,33.332,-10.443,-29.953,-12.961,-77.638,-86.271,-129.2,-28.941,-35.196
-24.044,-43.051,-16.656,33.613,-8.5938,-30.572,-12.645,-76.744,-85.249,-127.35,-29.063,-35.02
-23.626,-43.633,-17.578,33.865,-6.6685,-31.196,-12.296,-75.854,-84.07,-125.1,-29.126,-34.778
-23.248,-43.997,-18.137,34.02,-5.1696,-31.545,-11.907,-74.94,-82.738,-122.47,-29.123,-34.483
-22.949,-43.989,-18.084,34.023,-4.4166,-31.437,-11.476,-73.971,-81.278,-119.49,-29.039,-34.138
-22.739,-43.584,-17.449,33.858,-4.4487,-30.878,-11.024,-72.916,-79.721,-116.25,-28.86,-33.723
-22.603,-42.899,-16.507,33.549,-5.0495,-30.069,-10.572,-71.75,-78.083,-112.84,-28.575,-33.205
-22.514,-42.124,-15.625,33.144,-5.8614,-29.285,-10.128,-70.454,-76.354,-109.34,-28.179,-32.545
-22.445,-41.412,-15.094,32.692,-6.5141,-28.731,-9.6721,-69.015,-74.494,-105.79,-27.674,-31.72
-22.386,-40.834,-15.05,32.226,-6.7522,-28.474,-9.1619,-67.428,-72.451,-102.22,-27.062,-30.721
-22.345,-40.391,-15.438,31.774,-6.5596,-28.468,-8.551,-65.695,-70.18,-98.629,-26.334,-29.543
-22.345,-40.041,-16.023,31.363,-6.1724,-28.581,-7.7999,-63.818,-67.655,-95.039,-25.462,-28.161
-22.395,-39.684,-16.463,30.992,-5.9267,-28.616,-6.876,-61.801,-64.872,-91.483,-24.398,-26.511
-22.461,-39.145,-16.439,30.606,-6.0555,-28.34,-5.7458,-59.644,-61.838,-88.007,-23.081,-24.5
-22.451,-38.22,-15.763,30.092,-6.5686,-27.559,-4.3638,-57.34,-58.564,-84.662,-21.455,-22.025
-22.258,-36.75,-14.431,29.332,-7.2554,-26.186,-2.6619,-54.878,-55.053,-81.481,-19.473,-19.008
-21.801,-34.683,-12.587,28.248,-7.7922,-24.254,-0.54491,-52.231,-51.288,-78.467,-17.116,-15.437
-21.069,-32.051,-10.427,26.832,-7.9048,-21.857,2.0957,-49.357,-47.237,-75.58,-14.388,-11.385
-20.126,-28.925,-8.0936,25.128,-7.4941,-19.079,5.3411,-46.198,-42.859,-72.751,-11.31,-6.9966
-19.082,-25.385,-5.6579,23.192,-6.6667,-15.981,9.1932,-42.684,-38.13,-69.9,-7.9057,-2.4395
-18.05,-21.496,-3.1647,21.052,-5.6824,-12.639,13.548,-38.741,-33.06,-66.955,-4.1911,2.1654
-17.088,-17.257,-0.62036,18.653,-4.8675,-9.1071,18.213,-34.318,-27.705,-63.864,-0.16831,6.7862
-16.172,-12.526,2.0707,15.836,-4.526,-5.3333,22.953,-29.411,-22.157,-60.594,4.1596,11.472
-15.179,-7.0086,5.1246,12.349,-4.8511,-1.1062,27.522,-24.086,-16.512,-57.117,8.7706,16.306
-13.896,-0.32505,8.8035,7.8993,-5.8535,3.8971,31.7,-18.483,-10.843,-53.399,13.611,21.345
-12.038,7.831,13.287,2.2481,-7.3435,9.9834,35.292,-12.781,-5.1857,-49.391,18.598,26.589
-9.2773,17.49,18.562,-4.6654,-8.9859,17.274,38.153,-7.1744,0.44762,-45.032,23.634,31.973
-5.3518,28.254,24.412,-12.592,-10.409,25.562,40.203,-1.8519,6.0331,-40.255,28.639,37.401
-0.26959,39.377,30.496,-20.971,-11.332,34.317,41.432,3.0065,11.505,-35.006,33.572,42.794
5.5209,50.108,36.494,-29.148,-11.648,42.917,41.845,7.2354,16.75,-29.271,38.432,48.116
11.318,60.016,42.202,-36.666,-11.411,50.942,41.422,10.701,21.62,-23.103,43.222,53.362
16.629,69.068,47.571,-43.422,-10.762,58.294,40.15,13.315,25.959,-16.642,47.9,58.507
21.392,77.532,52.679,-49.624,-9.8559,65.125,38.089,15.043,29.631,-10.117,52.336,63.459
25.85,85.791,57.671,-55.625,-8.8374,71.701,35.383,15.892,32.54,-3.8018,56.337,68.044
30.29,94.156,62.652,-61.725,-7.8537,78.255,32.015,15.899,34.67,2.0599,59.735,72.083
34.855,102.71,67.596,-68.033,-7.056,84.856,27.226,15.126,36.103,7.3345,62.49,75.498
39.49,111.27,72.35,-74.443,-6.5837,91.37,19.302,13.653,36.998,12.038,64.739,78.378
43.992,119.51,76.718,-80.713,-6.5399,97.545,6.9643,11.584,37.552,16.303,66.74,80.991
48.117,127.13,80.564,-86.609,-6.9703,103.15,-8.9091,9.0533,37.947,20.308,68.776,83.715
51.652,133.99,83.851,-91.988,-7.8477,108.09,-25.681,6.2091,38.318,24.199,71.081,86.951
54.446,140.12,86.633,-96.797,-9.0687,112.41,-40.579,3.1752,38.734,28.043,73.781,91.005
56.416,145.61,89.029,-101.02,-10.473,116.21,-51.749,0.019091,39.177,31.806,76.868,95.971
57.571,150.58,91.183,-104.64,-11.884,119.65,-58.669,-3.2539,39.544,35.355,80.172,101.62
58.051,155.03,93.206,-107.59,-13.154,122.82,-62.157,-6.6737,39.662,38.481,83.362,107.43
58.123,158.84,95.102,-109.81,-14.189,125.68,-63.839,-10.264,39.334,40.954,86.004,112.71
58.08,161.72,96.712,-111.28,-14.963,128,-65.23,-14.011,38.404,42.604,87.695,116.88
58.085,163.33,97.735,-112.02,-15.507,129.39,-67.04,-17.858,36.816,43.404,88.23,119.58
58.106,163.41,97.837,-112.05,-15.884,129.49,-69.157,-21.711,34.626,43.48,87.709,120.74
57.977,161.82,96.782,-111.27,-16.142,128.08,-71.097,-25.448,31.966,43.041,86.487,120.54
57.547,158.41,94.452,-109.55,-16.214,125.08,-72.453,-28.935,28.995,42.29,84.964,119.33
56.789,153.09,90.772,-106.73,-15.859,120.48,-73.049,-32.04,25.847,41.363,83.344,117.55
55.806,145.83,85.673,-102.75,-14.724,114.32,-72.881,-34.661,22.611,40.313,81.598,115.52
54.741,136.83,79.174,-97.665,-12.533,106.76,-72.006,-36.747,19.315,39.132,79.619,113.39
53.674,126.51,71.473,-91.622,-9.2611,98.094,-70.471,-38.306,15.946,37.78,77.372,111.22
52.567,115.43,62.948,-84.893,-5.1856,88.733,-68.27,-39.402,12.467,36.222,74.919,109.06
51.275,104.08,54.018,-77.788,-0.79572,79.036,-65.351,-40.138,8.845,34.445,72.359,106.99
49.568,92.742,44.986,-70.525,3.3657,69.231,-61.679,-40.645,5.0667,32.455,69.765,105.01
47.151,81.419,35.968,-63.113,6.8576,59.354,-57.322,-41.075,1.1344,30.254,67.124,103.01
43.717,69.88,26.906,-55.387,9.4455,49.267,-52.526,-41.585,-2.9528,27.817,64.292,100.69
39.1,57.794,17.643,-47.169,11.118,38.737,-47.689,-42.32,-7.2114,25.078,61.005,97.623
33.444,44.953,8.1195,-38.428,12.01,27.59,-43.192,-43.379,-11.665,21.952,56.968,93.423
27.233,31.461,-1.3476,-29.321,12.321,15.866,-39.237,-44.787,-16.314,18.387,51.994,87.892
21.06,17.707,-9.9323,-20.119,12.267,3.9275,-35.814,-46.49,-21.105,14.407,46.093,81.11
15.306,4.2047,-16.788,-11.085,12.051,-7.4365,-32.773,-48.365,-25.917,10.128,39.462,73.465
9.9858,-8.4556,-21.698,-2.3944,11.8,-17.169,-29.921,-50.266,-30.581,5.7289,32.389,65.568
4.8403,-19.631,-24.992,5.8532,11.522,-24.592,-27.107,-52.061,-34.922,1.4079,25.162,58.026
-0.43694,-28.843,-27.128,13.536,11.132,-29.802,-24.274,-53.662,-38.805,-2.6676,18.055,51.199
-5.904,-35.984,-28.51,20.383,10.529,-33.365,-21.46,-55.03,-42.16,-6.3922,11.334,45.173
-11.189,-41.304,-29.462,26.046,9.6921,-35.902,-18.752,-56.168,-44.99,-9.7324,5.2155,39.88
-15.706,-45.256,-30.235,30.382,8.7128,-37.886,-16.205,-57.101,-47.352,-12.718,-0.20041,35.221
-19.114,-48.278,-30.973,33.542,7.7556,-39.585,-13.808,-57.874,-49.338,-15.423,-4.9459,31.087
-21.432,-50.638,-31.71,35.79,6.9887,-41.084,-11.495,-58.547,-51.051,-17.937,-9.1366,27.35
-22.828,-52.415,-32.382,37.312,6.5173,-42.33,-9.2102,-59.184,-52.574,-20.331,-12.897,23.875
-23.484,-53.596,-32.882,38.216,6.3468,-43.227,-6.975,-59.833,-53.943,-22.626,-16.309,20.574
-23.588,-54.195,-33.126,38.605,6.3923,-43.716,-4.8954,-60.515,-55.15,-24.786,-19.401,17.442
-23.357,-54.314,-33.105,38.627,6.5269,-43.829,-3.0989,-61.219,-56.163,-26.746,-22.171,14.548
-23.005,-54.153,-32.903,38.47,6.6473,-43.698,-1.647,-61.917,-56.962,-28.451,-24.621,11.976
-22.714,-53.949,-32.682,38.32,6.7265,-43.513,-0.49276,-62.579,-57.564,-29.888,-26.769,9.7695
-22.588,-53.908,-32.621,38.314,6.8251,-43.459,0.4991,-63.188,-58.029,-31.088,-28.65,7.9036
-22.652,-54.142,-32.839,38.509,7.0527,-43.644,1.5001,-63.744,-58.428,-32.094,-30.298,6.319
-22.853,-54.631,-33.329,38.876,7.4969,-44.058,2.6614,-64.255,-58.824,-32.939,-31.735,4.9745
-23.09,-55.245,-33.95,39.316,8.1682,-44.571,4.0602,-64.746,-59.249,-33.632,-32.968,3.8833
-23.233,-55.787,-34.484,39.7,8.9907,-44.992,5.6604,-65.25,-59.704,-34.155,-33.987,3.1068
-23.174,-56.072,-34.742,39.906,9.8348,-45.156,7.308,-65.783,-60.157,-34.474,-34.778,2.7142
-22.884,-56.012,-34.65,39.879,10.567,-44.997,8.7856,-66.299,-60.537,-34.542,-35.325,2.7379
-22.45,-55.649,-34.285,39.649,11.089,-44.583,9.9249,-66.645,-60.719,-34.304,-35.621,3.1428
-22.051,-55.146,-33.838,39.321,11.349,-44.094,10.741,-66.538,-60.525,-33.712,-35.68,3.8161
-21.877,-54.725,-33.535,39.036,11.31,-43.754,11.516,-65.578,-59.72,-32.744,-35.55,4.578
-22.054,-54.592,-33.543,38.926,10.898,-43.748,12.771,-63.264,-57.995,-31.365,-35.296,5.2292
-22.602,-54.861,-33.898,39.061,10.019,-44.152,15.116,-59.049,-54.917,-29.439,-34.951,5.6589
-23.421,-55.49,-34.495,39.415,8.682,-44.892,18.854,-52.705,-49.878,-26.541,-34.416,6.005
-24.287,-56.261,-35.157,39.839,7.0773,-45.747,23.169,-45.548,-42.424,-21.779,-33.339,6.8128
-24.846,-56.814,-35.706,40.076,5.4634,-46.412,26.073,-41.499,-34.835,-13.839,-30.926,9.1495
-24.574,-56.739,-36.005,39.802,4.01,-46.575,27.318,-42.159,-41.91,-3.3363,-25.74,14.651
-22.661,-55.65,-35.949,38.628,3.3068,-45.993,29.677,-40.856,-68.45,-15.595,-23.232,24.781
-18.332,-53.176,-35.494,35.931,4.4742,-44.555,34.2,-30.372,-70.766,-35.155,-37.159,25.199
-17.126,-49.222,-34.847,31.88,8.0161,-42.357,36.026,-15.034,-57.545,-28.285,-34.057,-5.026
-21.135,-57.345,-35.031,41.701,14.018,-43.128,22.163,-7.8527,-35.672,-20.754,-31.835,-6.2867
-18.992,-78.547,-45.225,49.072,22.527,-66.967,15.005,15.243,-4.857,-12.344,-31.168,-8.7162
-15.766,-87.757,-70.468,52.158,33.123,-79.774,38.162,90.299,39.957,1.5485,-29.468,-10.745
-11.437,-95.828,-82.454,54.59,44.682,-89.298,71.859,171.96,105.87,30.529,-19.603,-4.8692
-3.5694,-98.884,-90.665,53.321,56.1,-94.59,110.68,242.98,197.11,88.273,10.475,18.7
11.545,-90.939,-94.057,43.442,66.402,-92.158,137.85,286.61,314.79,188.17,75.423,67.467
38.098,-65.782,-91.425,19.051,76.354,-79.144,139.68,292.02,444.48,337.38,186.81,149.67
79.899,-16.121,-80.45,-25.833,86.923,-50.874,110.66,251.76,580.3,535.25,344.8,272.98
134.36,67.242,-58.082,-95.115,93.781,0.90013,50.159,161.54,714.64,780.31,547.57,436.56
192.75,185.86,-14.132,-183.73,92.641,85.659,-40.362,19.313,830.34,1064,789.56,635.07
248.54,324.48,69.39,-282.22,79.486,195.8,-156.97,-177.14,905.98,1368,1054.9,856.23
294.99,474.49,175.4,-383.56,51.436,318.27,-293.01,-432.31,917.26,1663.4,1319.8,1080.7
325.28,624.17,287.4,-477.2,7.8552,447.96,-441.07,-752.02,838.28,1910.8,1553.7,1283.3
333.56,756.49,403.68,-551.02,-48.717,571.85,-592.77,-1137,647.18,2064.7,1722.1,1436.2
316.65,853.68,511.89,-593.57,-112.66,675.14,-738.05,-1573,336.52,2083.1,1791.9,1513.8
275.61,900.9,598.15,-597.08,-176.24,743.75,-865.51,-2023.7,-76.268,1939.8,1739.8,1498.2
215.43,889.25,649.18,-559.58,-230.53,766.41,-963.87,-2433.2,-545.71,1634.7,1560.1,1383.8
143.9,817.17,654.73,-485.15,-266.51,736.67,-1024.2,-2739.3,-1007,1198.6,1269.4,1179.8
70.309,691.32,610.46,-383.07,-277.35,654.88,-1042.2,-2894.2,-1394,689.19,904.77,910.91
1.1384,527.25,520.85,-266.55,-261.42,530.27,-1019.1,-2880.2,-1657.3,179.2,516.68,612.61
-50.066,347.19,399.99,-148.53,-223.3,380.72,-961.77,-2713.6,-1773.8,-260.44,157.47,324.11
-78.223,176.26,259.18,-47.615,-168.88,224.73,-870.77,-2428.2,-1745.5,-581.95,-135.03,67.459
-90.492,48.727,155.28,23.894,-124.15,105.37,-778.6,-2095,-1596.9,-743.2,-312.96,-91.346
-92.142,-40.986,68.56,69.675,-86.038,14.843,-682.21,-1755.6,-1387.4,-776.76,-406.81,-200.96
-88.054,-87.164,11.562,88.424,-58.996,-38.37,-588.6,-1438.4,-1150.4,-712.29,-424.14,-252.4
-80.783,-97.084,-15.371,86.29,-42.064,-58.071,-499.35,-1157.2,-913.99,-588.67,-384.75,-254.83
-71.025,-83.286,-18.149,72.47,-33.789,-54.126,-414.55,-915.83,-697.36,-446.27,-314.35,-225.96
-50.768,-58.655,-6.7931,55.284,-32.744,-37.009,-334.12,-713.91,-512.58,-315.33,-236.05,-183.08
-35.696,-35.023,8.4281,40.907,-35.947,-16.002,-258.43,-550.79,-366.94,-212.27,-166,-139.19
-32.705,-20.053,21.553,32.08,-39.756,-0.091148,-188.7,-423.57,-260.03,-141.75,-112.72,-102.97
-32.269,-21.561,27.716,35.571,-38.578,4.7772,-126.97,-327.5,-180.56,-101.62,-78.704,-76.74
-32.018,-43.681,13.981,38.301,-34.288,-18.97,-76.088,-257.32,-120.12,-84.972,-62.348,-65.186
-31.268,-49.748,-9.0748,39.661,-24.646,-32.825,-40.2,-207.57,-84.198,-81.14,-57.481,-63.511
-30.131,-52.176,-18.461,40.388,-14.386,-37.198,-19.289,-173.17,-68.576,-82.544,-57.478,-61.648
-28.951,-53.361,-22.832,40.592,-9.0943,-39.305,-7.8032,-149.24,-62.888,-85.965,-58.957,-61.044
-27.918,-53.764,-25.361,40.411,-5.1466,-40.371,-1.3531,-131.48,-59.794,-88.687,-60.811,-60.248
-27.058,-53.647,-26.851,40.012,-2.2109,-40.768,3.557,-117.14,-57.633,-77.431,-58.681,-58.579
-26.348,-53.285,-27.727,39.557,-0.18469,-40.798,7.8372,-104.58,-54.191,-66.434,-53.7,-56.789
-25.755,-52.956,-28.346,39.18,1.2025,-40.774,7.8368,-92.079,-45.593,-60.792,-50.572,-55.461
-25.238,-52.852,-28.951,38.959,2.3261,-40.915,4.7086,-80.688,-37.273,-57.334,-48.829,-54.709
-24.75,-53.041,-29.67,38.913,3.5158,-41.299,8.3577,-74.324,-30.602,-55.042,-47.863,-54.457
-24.249,-53.489,-30.55,39.009,4.9461,-41.905,15.286,-69.288,-25.631,-53.385,-47.333,-54.582
-23.717,-54.104,-31.567,39.185,6.6005,-42.658,22.243,-64.518,-21.986,-52.003,-47.02,-54.965
-23.173,-54.745,-32.619,39.365,8.3009,-43.435,28.009,-60.18,-19.164,-50.658,-46.795,-55.516
-22.68,-55.254,-33.535,39.477,9.7672,-44.08,32.505,-56.341,-16.7,-49.19,-46.594,-56.164
-22.325,-55.505,-34.138,39.477,10.705,-44.454,36.075,-52.931,-14.268,-47.497,-46.383,-56.849
-22.189,-55.443,-34.315,39.361,10.913,-44.492,39.055,-49.825,-11.728,-45.523,-46.145,-57.521
-22.305,-55.104,-34.074,39.161,10.362,-44.223,41.65,-46.908,-9.1233,-43.268,-45.88,-58.151
-22.642,-54.599,-33.549,38.928,9.2283,-43.762,43.938,-44.102,-6.6093,-40.785,-45.604,-58.734
-23.107,-54.071,-32.952,38.711,7.8397,-43.272,45.907,-41.37,-4.363,-38.164,-45.344,-59.292
-23.576,-53.651,-32.49,38.539,6.5831,-42.901,47.511,-38.714,-2.4886,-35.502,-45.129,-59.855
-23.933,-53.413,-32.291,38.424,5.7796,-42.729,48.726,-36.158,-0.97506,-32.867,-44.979,-60.441
-24.092,-53.36,-32.355,38.358,5.5901,-42.748,49.584,-33.74,0.27356,-30.276,-44.895,-61.033
-24.011,-53.428,-32.574,38.316,5.986,-42.87,50.165,-31.487,1.3991,-27.695,-44.855,-61.571
-23.682,-53.501,-32.779,38.256,6.7964,-42.961,50.565,-29.402,2.5221,-25.062,-44.82,-61.963
-23.129,-53.453,-32.809,38.124,7.7943,-42.89,50.864,-27.457,3.7143,-22.321,-44.749,-62.123
-22.411,-53.193,-32.573,37.882,8.76,-42.582,51.103,-25.598,5.0056,-19.444,-44.616,-62.001
-21.632,-52.706,-32.073,37.529,9.5152,-42.043,51.29,-23.756,6.4127,-16.444,-44.421,-61.601
-20.922,-52.057,-31.403,37.112,9.9474,-41.359,51.413,-21.871,7.9648,-13.359,-44.183,-60.97
-20.414,-51.376,-30.702,36.707,10.018,-40.667,51.466,-19.914,9.711,-10.232,-43.931,-60.177
-20.196,-50.804,-30.113,36.395,9.7489,-40.108,51.455,-17.893,11.705,-7.0831,-43.689,-59.286
-20.291,-50.446,-29.739,36.222,9.1944,-39.784,51.4,-15.845,13.982,-3.8997,-43.466,-58.347
-20.64,-50.331,-29.61,36.185,8.4271,-39.721,51.321,-13.807,16.543,-0.64403,-43.248,-57.377
-21.127,-50.402,-29.67,36.227,7.524,-39.86,51.219,-11.791,19.354,2.7228,-43.006,-56.364
-21.611,-50.534,-29.794,36.265,6.5611,-40.074,51.064,-9.7827,22.373,6.2145,-42.702,-55.267
-21.968,-50.576,-29.832,36.215,5.6112,-40.205,50.795,-7.7424,25.585,9.8103,-42.307,-54.039
-22.127,-50.41,-29.671,36.028,4.7451,-40.129,50.347,-5.622,29.045,13.472,-41.804,-52.648
-22.075,-49.998,-29.274,35.708,4.0411,-39.798,49.684,-3.372,32.895,17.177,-41.193,-51.093
-21.843,-49.388,-28.701,35.301,3.5953,-39.258,48.831,-0.95047,37.355,20.941,-40.469,-49.4
-21.487,-48.692,-28.088,34.873,3.5154,-38.619,47.872,1.6696,42.687,24.822,-39.613,-47.597
-21.073,-48.036,-27.586,34.491,3.8853,-38.017,46.929,4.4971,49.147,28.899,-38.589,-45.692
-20.661,-47.519,-27.31,34.203,4.711,-37.556,46.107,7.5301,56.969,33.256,-37.344,-43.663
-20.293,-47.19,-27.291,34.023,5.8854,-37.281,45.447,10.765,66.287,37.967,-35.824,-41.464
-19.972,-47.018,-27.486,33.913,7.202,-37.172,44.899,14.196,77.072,43.08,-33.983,-39.039
-19.661,-46.892,-27.794,33.775,8.4059,-37.15,44.35,17.805,89.077,48.614,-31.787,-36.343
-19.291,-46.643,-28.077,33.47,9.2477,-37.092,43.674,21.553,101.88,54.548,-29.218,-33.354
-18.779,-46.098,-28.178,32.86,9.5309,-36.867,42.773,25.389,115.03,60.851,-26.261,-30.067
-18.04,-45.145,-27.969,31.862,9.1614,-36.376,41.6,29.28,128.3,67.534,-22.882,-26.467
-17.012,-43.767,-27.398,30.46,8.1878,-35.588,40.161,33.242,141.65,74.714,-19.005,-22.499
-15.667,-42.017,-26.523,28.694,6.8164,-34.541,38.514,37.366,155.25,82.634,-14.502,-18.047
-14.013,-39.966,-25.499,26.608,5.3959,-33.311,36.746,41.801,169.29,91.585,-9.2035,-12.935
-12.061,-37.654,-24.529,24.222,4.3489,-31.981,34.953,46.738,183.85,101.76,-2.9509,-6.9684
-9.7793,-35.094,-23.8,21.536,4.0528,-30.615,33.216,52.373,198.98,113.09,4.326,-0.0076831
-7.0866,-32.285,-23.414,18.543,4.7207,-29.247,31.585,58.865,214.64,125.24,12.559,7.948
-3.9081,-29.224,-23.34,15.243,6.3272,-27.867,30.074,66.29,230.85,137.77,21.546,16.743
-0.2485,-25.851,-23.399,11.632,8.6003,-26.385,28.661,74.607,247.62,150.37,31.034,26.154
3.7782,-22.006,-23.301,7.6842,11.088,-24.608,27.297,83.669,264.99,162.96,40.819,36.036
7.9836,-17.42,-22.725,3.3428,13.289,-22.262,25.9,93.281,282.99,175.67,50.823,46.436
12.171,-11.788,-21.43,-1.4468,14.796,-19.055,24.372,103.25,301.6,188.72,61.132,57.617
16.194,-4.887,-19.301,-6.683,15.413,-14.746,22.615,113.42,320.76,202.36,71.974,69.957
20.005,3.2696,-16.326,-12.274,15.187,-9.196,20.567,123.62,340.42,216.81,83.592,83.706
23.666,12.345,-12.563,-18.069,14.355,-2.4777,18.216,133.7,360.53,232.16,96.072,98.698
27.323,21.777,-8.1909,-23.942,13.241,5.004,15.601,143.46,381.02,248.38,109.28,114.38
31.107,31.071,-3.5666,-29.864,12.144,12.644,12.79,152.74,401.78,265.3,122.95,130.17
35.003,40.045,0.93428,-35.907,11.235,20.023,9.8779,161.42,422.68,282.66,136.79,145.77
38.8,48.823,5.225,-42.145,10.48,27.143,6.969,169.48,443.49,300.23,150.58,161.1
42.187,57.638,9.6397,-48.541,9.6737,34.33,4.1665,176.95,464.03,317.82,164.23,176.21
44.936,66.622,14.76,-54.902,8.5503,41.945,1.5512,183.88,484.11,335.28,177.75,191.26
46.995,75.687,21.078,-60.97,6.9313,50.101,-0.83533,190.25,503.57,352.49,191.24,206.42
48.503,84.562,28.65,-66.562,4.8435,58.518,-2.9969,195.99,522.2,369.31,204.77,221.72
49.727,92.937,36.908,-71.64,2.5644,66.646,-4.9777,200.99,539.68,385.46,218.33,237
50.954,100.61,44.867,-76.283,0.5542,73.978,-6.8445,205.19,555.57,400.64,231.8,251.82
52.395,107.56,51.694,-80.627,-0.72933,80.307,-8.6599,208.59,569.42,414.48,244.98,265.7
54.126,113.97,57.133,-84.819,-1.042,85.763,-10.457,211.27,580.94,426.75,257.66,278.37
56.084,120.13,61.492,-88.973,-0.47751,90.706,-12.233,213.37,590.14,437.39,269.67,289.8
58.116,126.33,65.369,-93.143,0.54676,95.558,-13.952,215,597.21,446.48,280.99,300.16
60.024,132.75,69.325,-97.305,1.4338,100.63,-15.572,216.27,602.5,454.16,291.69,309.57
61.631,139.31,73.631,-101.35,1.6313,106,-17.056,217.23,606.31,460.53,301.83,318.12
62.814,145.73,78.192,-105.11,0.8459,111.45,-18.383,217.92,608.89,465.66,311.39,325.71
63.541,151.59,82.659,-108.39,-0.85738,116.6,-19.553,218.32,610.43,469.57,320.17,332.18
63.878,156.55,86.626,-111.09,-3.114,121.09,-20.587,218.42,611.08,472.32,327.89,337.38
63.97,160.44,89.781,-113.2,-5.4174,124.66,-21.523,218.18,610.95,473.96,334.3,341.24
63.987,163.36,91.997,-114.83,-7.2841,127.31,-22.398,217.59,610.14,474.59,339.32,343.85
64.075,165.56,93.396,-116.12,-8.4012,129.23,-23.244,216.68,608.73,474.29,343.06,345.38
64.31,167.38,94.336,-117.22,-8.7568,130.77,-24.072,215.48,606.74,473.16,345.71,346.05
64.676,169.06,95.293,-118.2,-8.6706,132.27,-24.877,214.02,604.12,471.21,347.5,346.03
65.068,170.75,96.657,-119.08,-8.6546,133.93,-25.64,212.29,600.74,468.38,348.55,345.42
65.329,172.4,98.556,-119.82,-9.1769,135.77,-26.341,210.25,596.36,464.51,348.84,344.23
65.31,173.9,100.82,-120.38,-10.466,137.62,-26.964,207.78,590.64,459.35,348.19,342.37
64.946,175.09,103.09,-120.7,-12.43,139.24,-27.505,204.71,583.15,452.62,346.32,339.66
64.283,175.85,104.98,-120.75,-14.713,140.4,-27.972,200.84,573.43,444.02,342.9,335.9
63.439,176.09,106.22,-120.54,-16.859,140.99,-28.37,196.02,561.13,433.39,337.74,330.89
62.531,175.82,106.72,-120.08,-18.478,140.97,-28.7,190.14,546.09,420.78,330.81,324.49
61.599,175.06,106.59,-119.34,-19.359,140.43,-28.95,183.22,528.44,406.41,322.29,316.62
60.591,173.8,106.03,-118.21,-19.511,139.5,-29.118,175.29,508.48,390.55,312.37,307.3
59.381,171.95,105.28,-116.52,-19.106,138.26,-29.218,166.41,486.53,373.42,301.23,296.6
57.848,169.41,104.46,-114.15,-18.373,136.74,-29.278,156.6,462.89,355.13,288.98,284.63
55.95,166.11,103.57,-111.07,-17.516,134.87,-29.32,145.84,437.88,335.74,275.67,271.54
53.714,162.06,102.49,-107.43,-16.706,132.56,-29.344,134.13,411.86,315.36,261.4,257.55
51.142,157.24,101.07,-103.37,-16.095,129.65,-29.323,121.58,385.19,294.17,246.35,242.93
48.134,151.5,99.128,-98.875,-15.803,125.98,-29.215,108.49,358.24,272.45,230.85,228.06
44.515,144.61,96.581,-93.762,-15.905,121.35,-28.983,95.292,331.24,250.51,215.28,213.25
40.136,136.38,93.412,-87.827,-16.426,115.65,-28.612,82.451,304.31,228.64,199.99,198.71
34.998,126.87,89.704,-81.021,-17.303,108.94,-28.109,70.285,277.47,207.05,185.17,184.48
29.312,116.47,85.588,-73.553,-18.374,101.5,-27.5,58.92,250.66,185.79,170.8,170.38
23.433,105.75,81.165,-65.833,-19.386,93.669,-26.813,48.324,223.84,164.78,156.72,156.14
17.687,95.196,76.44,-58.275,-20.041,85.718,-26.078,38.4,196.96,143.75,142.72,141.5
12.225,85.029,71.301,-51.071,-20.077,77.763,-25.32,29.045,169.99,122.43,128.66,126.29
7.0312,75.184,65.561,-44.098,-19.354,69.739,-24.56,20.174,142.84,101.01,114.53,110.55
2.0575,65.345,59.033,-36.98,-17.918,61.446,-23.811,11.726,115.67,80.46,100.52,94.638
-2.6203,55.087,51.643,-29.292,-16.006,52.64,-23.075,3.686,89.385,62.154,86.963,79.206
-6.7872,44.075,43.522,-20.828,-13.973,43.194,-22.345,-3.9118,65.656,46.727,74.199,65.03
-10.268,32.308,35.037,-11.86,-12.168,33.257,-21.61,-11.012,45.755,33.827,62.441,52.569
-13.083,20.282,26.679,-3.1117,-10.794,23.301,-20.871,-17.588,29.671,22.703,51.719,41.76
-15.348,8.8433,18.856,4.6365,-9.828,13.914,-20.144,-23.665,16.529,12.724,41.923,32.244
-17.09,-1.2595,11.754,10.94,-9.0239,5.5097,-19.456,-29.299,5.4013,3.5305,32.883,23.676
-18.238,-9.7408,5.3612,15.76,-8.0518,-1.8088,-18.83,-34.537,-4.3277,-5.008,24.46,15.851
-18.764,-16.763,-0.36953,19.347,-6.6916,-8.1469,-18.28,-39.384,-12.987,-12.883,16.592,8.6712
-18.804,-22.676,-5.4038,22.091,-4.9352,-13.639,-17.802,-43.817,-20.736,-20.036,9.3073,2.0931
-18.639,-27.758,-9.6703,24.365,-2.9507,-18.349,-17.381,-47.807,-27.652,-26.418,2.6694,-3.8962
-18.582,-32.113,-13.18,26.39,-1.0289,-22.302,-16.993,-51.356,-33.776,-32.028,-3.2813,-9.2899
-18.839,-35.761,-16.036,28.222,0.4659,-25.565,-16.626,-54.514,-39.144,-36.904,-8.5556,-14.084
-19.468,-38.764,-18.346,29.853,1.2231,-28.254,-16.281,-57.365,-43.809,-41.117,-13.206,-18.31
-20.398,-41.214,-20.162,31.264,1.1342,-30.46,-15.977,-59.997,-47.847,-44.746,-17.3,-22.033
-21.468,-43.153,-21.496,32.423,0.34386,-32.21,-15.737,-62.465,-51.352,-47.873,-20.894,-25.33
-22.469,-44.566,-22.37,33.278,-0.81703,-33.485,-15.576,-64.772,-54.411,-50.571,-24.014,-28.25
-23.208,-45.442,-22.852,33.792,-1.9482,-34.29,-15.489,-66.876,-57.092,-52.904,-26.666,-30.799
-23.562,-45.837,-23.059,33.987,-2.6851,-34.686,-15.443,-68.719,-59.434,-54.915,-28.849,-32.953
-23.516,-45.886,-23.133,33.955,-2.7793,-34.792,-15.392,-70.261,-61.455,-56.637,-30.57,-34.691
-23.158,-45.771,-23.212,33.833,-2.1462,-34.756,-15.288,-71.502,-63.166,-58.095,-31.857,-36.018
-22.627,-45.678,-23.398,33.756,-0.87065,-34.721,-15.101,-72.486,-64.589,-59.313,-32.761,-36.975
-22.068,-45.755,-23.746,33.818,0.82201,-34.808,-14.829,-73.289,-65.765,-60.323,-33.354,-37.642
-21.593,-46.085,-24.265,34.052,2.6158,-35.092,-14.503,-73.988,-66.765,-61.165,-33.728,-38.128
-21.278,-46.648,-24.898,34.419,4.1627,-35.565,-14.169,-74.647,-67.671,-61.886,-33.983,-38.541
-21.151,-47.315,-25.503,34.832,5.1468,-36.121,-13.877,-75.293,-68.558,-62.528,-34.213,-38.974
-21.197,-47.897,-25.879,35.182,5.3601,-36.582,-13.66,-75.926,-69.47,-63.128,-34.488,-39.484
-21.373,-48.231,-25.865,35.39,4.7589,-36.794,-13.531,-76.533,-70.408,-63.718,-34.843,-40.092
-21.635,-48.269,-25.422,35.444,3.4582,-36.705,-13.48,-77.111,-71.342,-64.325,-35.276,-40.791
-21.958,-48.1,-24.654,35.414,1.6861,-36.397,-13.492,-77.673,-72.229,-64.972,-35.767,-41.568
-22.335,-47.917,-23.782,35.418,-0.23597,-36.049,-13.558,-78.239,-73.037,-65.667,-36.278,-42.399
-22.762,-47.927,-23.085,35.572,-1.9237,-35.869,-13.672,-78.815,-73.754,-66.391,-36.763,-43.255
-23.226,-48.254,-22.809,35.919,-3.0277,-36.011,-13.828,-79.374,-74.387,-67.101,-37.172,-44.097
-23.695,-48.881,-23.071,36.413,-3.3676,-36.508,-14.002,-79.858,-74.944,-67.738,-37.47,-44.885
-24.136,-49.663,-23.784,36.948,-3.0269,-37.244,-14.154,-80.205,-75.431,-68.256,-37.646,-45.586
-24.545,-50.387,-24.678,37.412,-2.3481,-38.002,-14.241,-80.369,-75.844,-68.635,-37.719,-46.189
-24.942,-50.872,-25.41,37.736,-1.8012,-38.548,-14.239,-80.341,-76.172,-68.889,-37.737,-46.708
-25.358,-51.033,-25.714,37.916,-1.7726,-38.736,-14.159,-80.154,-76.399,-69.053,-37.761,-47.186
-25.805,-50.917,-25.52,38.002,-2.3823,-38.562,-14.058,-79.866,-76.516,-69.167,-37.847,-47.694
-26.258,-50.667,-24.978,38.066,-3.4255,-38.17,-14.01,-79.538,-76.523,-69.257,-38.035,-48.299
-26.652,-50.455,-24.377,38.167,-4.4697,-37.778,-14.071,-79.216,-76.433,-69.331,-38.33,-49.037
-26.89,-50.4,-24.004,38.317,-5.0529,-37.57,-14.241,-78.908,-76.27,-69.377,-38.703,-49.886
-26.885,-50.531,-24.032,38.477,-4.8677,-37.633,-14.457,-78.59,-76.057,-69.372,-39.094,-50.769
-26.598,-50.786,-24.483,38.584,-3.8616,-37.942,-14.62,-78.215,-75.804,-69.292,-39.435,-51.578
-26.071,-51.052,-25.227,38.577,-2.2661,-38.382,-14.641,-77.734,-75.507,-69.118,-39.674,-52.22
-25.417,-51.206,-26.011,38.427,-0.55073,-38.786,-14.475,-77.118,-75.149,-68.846,-39.786,-52.649
-24.785,-51.162,-26.545,38.153,0.73147,-38.992,-14.14,-76.366,-74.714,-68.484,-39.776,-52.883
-24.314,-50.902,-26.618,37.812,1.1736,-38.906,-13.714,-75.508,-74.197,-68.054,-39.672,-52.991
-24.081,-50.479,-26.198,37.475,0.68997,-38.54,-13.299,-74.584,-73.606,-67.574,-39.51,-53.047
-24.079,-49.989,-25.437,37.195,-0.46223,-38.005,-12.972,-73.63,-72.949,-67.05,-39.308,-53.095
-24.216,-49.526,-24.603,36.983,-1.8051,-37.456,-12.734,-72.652,-72.221,-66.467,-39.058,-53.117
-24.351,-49.134,-23.958,36.8,-2.8287,-37.021,-12.506,-71.614,-71.388,-65.789,-38.721,-53.039
-24.35,-48.791,-23.655,36.579,-3.164,-36.743,-12.161,-70.443,-70.387,-64.968,-38.248,-52.771
-24.135,-48.412,-23.687,36.245,-2.6985,-36.563,-11.58,-69.048,-69.142,-63.964,-37.602,-52.246
-23.709,-47.878,-23.892,35.748,-1.6057,-36.343,-10.695,-67.342,-67.583,-62.754,-36.769,-51.455
-23.135,-47.066,-24.02,35.06,-0.26466,-35.912,-9.4852,-65.267,-65.667,-61.332,-35.756,-50.437
-22.502,-45.857,-23.816,34.163,0.89717,-35.103,-7.9415,-62.786,-63.383,-59.695,-34.56,-49.252
-21.868,-44.129,-23.084,33.012,1.5606,-33.777,-5.9897,-59.868,-60.737,-57.83,-33.157,-47.94
-21.238,-41.743,-21.722,31.519,1.6173,-31.828,-3.4316,-56.474,-57.737,-55.712,-31.496,-46.5
-20.559,-38.527,-19.71,29.547,1.1829,-29.173,0.028305,-52.549,-54.375,-53.316,-29.502,-44.893
-19.744,-34.304,-17.082,26.942,0.51135,-25.742,4.5209,-48.04,-50.616,-50.62,-27.093,-43.05
-18.704,-28.993,-13.905,23.613,-0.14212,-21.514,9.4948,-42.91,-46.395,-47.601,-24.19,-40.896
-17.397,-22.738,-10.287,19.622,-0.62121,-16.601,13.817,-37.167,-41.636,-44.223,-20.734,-38.362
-15.846,-15.922,-6.371,15.206,-0.90756,-11.242,17.241,-30.873,-36.273,-40.442,-16.693,-35.404
-14.142,-8.9612,-2.234,10.68,-1.1199,-5.6718,20.935,-24.149,-30.285,-36.213,-12.077,-32.007
-12.388,-2.0565,2.182,6.2588,-1.4649,0.038061,26.173,-17.167,-23.732,-31.519,-6.9506,-28.199
-10.626,4.9081,7.0422,1.9156,-2.1421,6.0164,33.424,-10.135,-16.781,-26.398,-1.4474,-24.062
-8.7758,12.3,12.517,-2.627,-3.2497,12.514,42.353,-3.283,-9.6862,-20.943,4.2314,-19.738
-6.6423,20.553,18.684,-7.7733,-4.7438,19.777,52.115,3.1488,-2.7421,-15.292,9.8521,-15.409
-3.9585,29.906,25.457,-13.836,-6.4607,27.888,61.867,8.9349,3.7884,-9.5863,15.212,-11.246
-0.47762,40.2,32.562,-20.83,-8.1829,36.65,71.572,13.899,9.7261,-3.9388,20.202,-7.3389
3.8842,50.891,39.582,-28.423,-9.7078,45.586,81.986,17.951,14.993,1.5821,24.829,-3.6638
8.9251,61.326,46.095,-36.12,-10.887,54.136,93.257,21.089,19.587,6.9336,29.173,-0.11124
14.219,71.054,51.854,-43.503,-11.64,61.916,103.54,23.352,23.528,12.059,33.306,3.4262
19.349,79.958,56.872,-50.365,-11.953,68.851,109.22,24.781,26.836,16.865,37.239,6.9705
24.086,88.181,61.356,-56.701,-11.881,75.127,106.96,25.389,29.53,21.23,40.923,10.441
28.392,95.952,65.546,-62.61,-11.534,81.01,95.715,25.175,31.653,25.048,44.286,13.708
32.342,103.41,69.543,-68.183,-11.029,86.654,76.668,24.145,33.27,28.257,47.272,16.663
36.04,110.5,73.251,-73.431,-10.433,91.996,52.062,22.343,34.469,30.856,49.856,19.251
39.57,117.01,76.469,-78.291,-9.7307,96.808,24.572,19.858,35.327,32.904,52.051,21.476
42.968,122.67,79.004,-82.67,-8.8545,100.84,-2.9628,16.81,35.899,34.493,53.905,23.384
46.202,127.32,80.72,-86.504,-7.738,103.95,-28.132,13.329,36.198,35.733,55.48,25.043
49.193,130.99,81.542,-89.793,-6.3712,106.13,-49.572,9.543,36.194,36.71,56.819,26.516
51.839,133.83,81.464,-92.602,-4.8231,107.51,-66.893,5.5645,35.819,37.47,57.916,27.833
54.064,136.02,80.506,-95.007,-3.2363,108.19,-80.058,1.4816,35.003,38.01,58.725,28.977
55.831,137.48,78.583,-96.995,-1.7938,108.12,-88.781,-2.6422,33.707,38.303,59.189,29.894
57.131,137.7,75.454,-98.358,-0.65741,106.81,-92.486,-6.7549,31.961,38.327,59.28,30.525
57.967,135.84,70.985,-98.706,0.085622,103.69,-91.557,-10.789,29.861,38.099,59.026,30.842
58.366,131.62,65.471,-97.743,0.45901,98.722,-88.548,-14.632,27.55,37.679,58.512,30.878
58.393,125.63,59.4,-95.539,0.64934,92.567,-85.975,-18.117,25.174,37.147,57.851,30.725
58.142,118.7,53.009,-92.399,1.0206,85.887,-84.291,-21.045,22.837,36.562,57.135,30.49
57.684,111.23,46.222,-88.516,2.0054,78.934,-82.925,-23.252,20.571,35.923,56.396,30.236
57.017,103.18,38.83,-83.857,3.9027,71.59,-81.369,-24.677,18.323,35.146,55.571,29.922
56.062,94.305,30.707,-78.29,6.7177,63.572,-79.371,-25.406,15.981,34.092,54.518,29.404
54.695,84.434,21.981,-71.763,10.171,54.655,-76.846,-25.66,13.408,32.617,53.06,28.468
52.799,73.6,13.124,-64.403,13.813,44.866,-73.781,-25.741,10.487,30.636,51.051,26.914
50.32,62.094,4.8021,-56.525,17.112,34.593,-70.197,-25.964,7.1527,28.153,48.423,24.619
47.28,50.425,-2.4669,-48.557,19.538,24.437,-66.129,-26.578,3.4029,25.248,45.204,21.584
43.746,39.091,-8.496,-40.848,20.695,14.858,-61.64,-27.727,-0.71411,22.05,41.506,17.943
39.796,28.258,-13.349,-33.496,20.458,5.9446,-56.833,-29.429,-5.1166,18.698,37.486,13.933
35.492,17.68,-17.187,-26.329,19.041,-2.4607,-51.863,-31.596,-9.7056,15.32,33.291,9.8286
30.87,6.9581,-20.212,-19.041,16.933,-10.428,-46.925,-34.086,-14.373,12.005,29.022,5.8588
25.954,-3.9824,-22.681,-11.413,14.754,-17.712,-42.222,-36.74,-19.004,8.7916,24.721,2.1516
20.788,-14.59,-24.87,-3.501,13.051,-23.933,-37.923,-39.417,-23.479,5.6746,20.398,-1.2753
15.459,-23.964,-26.981,4.3086,12.158,-28.929,-34.12,-42,-27.672,2.6219,16.065,-4.4793
10.096,-31.52,-29.074,11.47,12.176,-32.821,-30.817,-44.405,-31.474,-0.39759,11.758,-7.5398
4.852,-37.239,-31.056,17.566,12.975,-35.8,-27.963,-46.587,-34.818,-3.3993,7.5297,-10.509
-0.096343,-41.42,-32.752,22.454,14.24,-38.007,-25.486,-48.549,-37.696,-6.3874,3.428,-13.378
-4.543,-44.424,-34.008,26.219,15.618,-39.556,-23.325,-50.338,-40.16,-9.3638,-0.511,-16.077
-8.2829,-46.583,-34.78,29.05,16.839,-40.585,-21.437,-52.025,-42.295,-12.326,-4.2645,-18.509
-11.207,-48.173,-35.148,31.159,17.706,-41.268,-19.787,-53.685,-44.174,-15.252,-7.8172,-20.602
-13.387,-49.418,-35.265,32.748,18.083,-41.779,-18.346,-55.363,-45.834,-18.076,-11.147,-22.329
-15.036,-50.489,-35.289,34.004,17.927,-42.251,-17.074,-57.07,-47.265,-20.69,-14.209,-23.696
-16.378,-51.499,-35.318,35.075,17.311,-42.758,-15.922,-58.773,-48.433,-22.958,-16.934,-24.72
-17.538,-52.478,-35.381,36.032,16.381,-43.303,-14.817,-60.406,-49.322,-24.765,-19.247,-25.407
-18.526,-53.369,-35.447,36.857,15.308,-43.828,-13.682,-61.887,-49.965,-26.062,-21.102,-25.758
-19.313,-54.059,-35.463,37.475,14.234,-44.243,-12.455,-63.162,-50.462,-26.898,-22.504,-25.791
-19.896,-54.445,-35.379,37.821,13.218,-44.472,-11.125,-64.23,-50.956,-27.411,-23.516,-25.553
-20.324,-54.5,-35.167,37.891,12.238,-44.484,-9.7403,-65.147,-51.574,-27.776,-24.245,-25.123
-20.672,-54.286,-34.825,37.757,11.216,-44.308,-8.3967,-66.004,-52.372,-28.136,-24.809,-24.592
-21.006,-53.94,-34.384,37.543,10.09,-44.023,-7.1969,-66.87,-53.309,-28.555,-25.318,-24.05
-21.352,-53.625,-33.927,37.369,8.8843,-43.742,-6.2141,-67.748,-54.253,-29.019,-25.85,-23.559
-21.684,-53.477,-33.589,37.314,7.7385,-43.589,-5.4602,-68.535,-55.027,-29.461,-26.443,-23.158
-21.926,-53.579,-33.51,37.395,6.8788,-43.656,-4.848,-69.013,-55.434,-29.807,-27.091,-22.859
-21.981,-53.937,-33.788,37.584,6.5385,-43.984,-4.1547,-68.843,-55.265,-29.987,-27.749,-22.64
-21.787,-54.487,-34.422,37.824,6.883,-44.538,-2.9911,-67.542,-54.266,-29.931,-28.359,-22.45
-21.341,-55.111,-35.315,38.052,7.9802,-45.214,-0.75909,-64.461,-52.084,-29.524,-28.853,-22.201
-20.686,-55.678,-36.32,38.207,9.7926,-45.88,3.304,-58.952,-48.195,-28.506,-29.121,-21.74
-19.851,-56.063,-37.303,38.226,12.186,-46.421,8.9656,-51.93,-41.987,-26.323,-28.936,-20.773
-18.816,-56.163,-38.18,38.05,14.979,-46.747,11.578,-50.648,-34.097,-21.977,-27.834,-18.754
-17.486,-55.893,-38.924,37.619,18.028,-46.797,8.7108,-62.077,-33.931,-14.124,-24.893,-14.699
-15.529,-55.152,-39.532,36.816,21.295,-46.528,6.8026,-73.569,-61.236,-4.0899,-18.595,-6.9739
-11.896,-53.767,-39.981,35.31,24.751,-45.902,9.004,-75.66,-72.603,-21.23,-16.64,4.6826
-5.7617,-51.494,-40.257,32.381,27.948,-44.902,9.2059,-65.622,-60.741,-35.264,-35.051,-5.7626
-9.9378,-52.114,-40.509,33.65,30.367,-44.504,-3.6327,-43.609,-39.002,-28.144,-32.474,-16.641
-17.575,-74.212,-42.211,46.803,32.482,-58.299,9.4192,-13.034,-9.5567,-20.77,-30.523,-17.432
-18.45,-85.775,-58.099,51.538,34.691,-78.298,37.765,46.554,32.135,-12.344,-30.138,-20.057
-18.393,-94.68,-79.729,55.622,36.611,-87.839,81.745,129.52,92.647,2.3463,-28.6,-21.231
-15.556,-100.34,-87.907,57.063,38.654,-94.684,136.59,218.55,177.39,33.562,-18.709,-12.959
-7.0902,-97.243,-92.319,51.817,43.289,-95.345,183.24,293.54,294.33,93.55,11.547,13.96
10.494,-80.535,-91.339,35.742,50.761,-86.723,201.68,337.39,439.36,193.85,76.2,65.545
41.339,-45.823,-84.488,3.9327,60.23,-66.438,178.26,336.49,602.1,343.86,185.54,152.88
88.406,17.079,-68.544,-51.225,71.6,-27.321,104.68,281.98,776.47,545.5,340.41,283.21
148.48,118.73,-35.323,-132.6,84.27,41.557,-20.583,171.55,951.39,797.13,539.18,451.1
214.19,249.16,25.725,-229.56,92.883,140.96,-191.88,6.571,1110.8,1087.4,775.54,652.26
280.17,395.52,115.75,-335.08,89.777,257.92,-397.8,-212.92,1234.2,1397,1034,874.51
339.24,549.8,220.37,-441.29,71.186,385.73,-624.12,-490.42,1295.6,1698.1,1292.8,1099.5
383.25,697.27,331.2,-536.9,37.534,513.93,-856.1,-830.57,1265,1954.3,1524.8,1303.9
404.66,821.52,439.31,-610.26,-8.5603,629,-1079.5,-1232.2,1114.4,2123,1698.4,1461.7
398.51,906.54,532.63,-650.82,-62.738,717.1,-1280.5,-1678.6,829.78,2164,1781.9,1547.6
364.43,938.54,598.19,-651.12,-117.61,765.12,-1445.3,-2130.6,424.63,2049.7,1751.6,1542.5
307.16,908.96,623.57,-608.85,-163.29,762.77,-1561.1,-2529.5,-56.259,1776.5,1599.4,1439.3
235.49,817.87,600.48,-528.22,-189.64,706.13,-1617.5,-2812.9,-545.71,1369.4,1338.4,1246.2
159.94,675.58,529.25,-419.49,-190.2,600.58,-1608.9,-2935.9,-972.5,880.57,1001.6,986.69
90.194,501.53,420.55,-297.19,-166.16,460.85,-1536.7,-2886.7,-1280.3,378.97,636.36,695.89
33.021,319.51,287.83,-177.09,-125.99,305.65,-1410,-2687.8,-1441.6,-65.554,292.39,413.4
-8.4639,156.7,171.04,-73.074,-80.621,165.79,-1244.5,-2385,-1454.8,-399.98,10.323,171.49
-34.421,38.419,74.151,-0.1031,-41.439,57.494,-1059.4,-2032.3,-1347.2,-599.98,-187.8,-3.0557
-47.866,-41.511,10.227,46.172,-15.885,-15.566,-872.69,-1675.3,-1160.1,-666.72,-295.71,-109.13
-52.863,-81.051,-19.015,69.291,-5.6622,-50.612,-697.52,-1345,-935.59,-630,-327.41,-158.5
-52.69,-88.736,-21.522,74.002,-7.68,-56.229,-540.88,-1057.4,-710.16,-528.02,-302.19,-164.77
-49.859,-75.868,-9.3544,66.078,-16.983,-44.217,-405.48,-817.9,-509.53,-400.71,-244.68,-142.79
-41.335,-53.008,6.6117,52.316,-26.935,-24.756,-292.39,-625.19,-348.29,-280.21,-178.58,-107.79
-24.671,-31.125,19.807,39.698,-31.105,-6.2763,-202.13,-474.41,-231.06,-185.84,-120.94,-73.997
-24.351,-17.893,26.493,27.133,-30.91,4.0957,-134.03,-360.21,-155.47,-124.13,-80.162,-49.335
-24.965,-20.045,16.887,27.808,-20.394,-1.3868,-85.408,-277.55,-113.18,-91.572,-56.952,-29.824
-25.219,-40.887,-9.6677,34.209,-10.846,-25.799,-52.021,-220.46,-86.316,-80.672,-50.737,-29.673
-25.313,-47.577,-18.511,36.658,-7.2169,-33.849,-30.234,-182.18,-70.821,-81.423,-53.244,-32.128
-25.357,-49.932,-21.587,37.719,-5.0092,-36.518,-16.554,-156.05,-64.115,-84.87,-57.026,-31.867
-25.421,-50.604,-22.674,38.088,-3.8481,-37.29,-5.8455,-136.74,-61.009,-88.817,-58.345,-29.876
-25.54,-50.495,-22.904,38.105,-3.3529,-37.234,2.9023,-121.04,-59.05,-87.776,-55.297,-26.932
-25.721,-50.244,-23.056,38.038,-3.0886,-37.08,9.2284,-107.19,-60.836,-75.765,-50.542,-23.812
-25.946,-50.292,-23.647,38.075,-2.7144,-37.323,13.028,-93.625,-55.354,-67.947,-47.277,-21.121
-26.186,-50.782,-24.747,38.297,-2.0726,-38.074,9.0797,-81.509,-49.148,-63.648,-45.339,-19.247
-26.406,-51.607,-26.095,38.686,-1.2087,-39.131,11.56,-75.34,-44.474,-61.054,-44.275,-18.262
-26.554,-52.548,-27.357,39.157,-0.28467,-40.205,18.347,-70.526,-41.342,-59.41,-43.759,-17.941
-26.561,-53.379,-28.301,39.592,0.57767,-41.058,24.401,-65.886,-39.322,-58.241,-43.519,-17.925
-26.368,-53.928,-28.837,39.884,1.3588,-41.559,28.66,-61.519,-37.946,-57.236,-43.353,-17.891
-25.963,-54.125,-29.003,39.974,2.1032,-41.691,31.337,-57.469,-36.836,-56.211,-43.143,-17.653
-25.406,-54.003,-28.923,39.867,2.8527,-41.538,32.843,-53.715,-35.717,-55.065,-42.843,-17.162
-24.819,-53.682,-28.758,39.627,3.5904,-41.248,33.533,-50.213,-34.399,-53.733,-42.45,-16.463
-24.359,-53.322,-28.65,39.357,4.2171,-40.978,33.738,-46.896,-32.762,-52.178,-41.976,-15.629
-24.161,-53.072,-28.681,39.162,4.5735,-40.853,33.755,-43.691,-30.754,-50.394,-41.425,-14.707
-24.294,-53.023,-28.858,39.108,4.505,-40.929,33.794,-40.553,-28.389,-48.427,-40.802,-13.714
-24.726,-53.164,-29.108,39.19,3.9463,-41.17,33.931,-37.475,-25.733,-46.361,-40.122,-12.646
-25.33,-53.388,-29.314,39.333,2.9719,-41.46,34.105,-34.503,-22.864,-44.294,-39.424,-11.513
-25.914,-53.536,-29.366,39.418,1.7877,-41.651,34.18,-31.715,-19.855,-42.292,-38.758,-10.344
-26.291,-53.47,-29.216,39.342,0.68054,-41.632,34.039,-29.185,-16.756,-40.374,-38.171,-9.1738
-26.328,-53.142,-28.905,39.064,-0.047856,-41.376,33.651,-26.944,-13.606,-38.51,-37.674,-8.0349
-25.983,-52.611,-28.554,38.618,-0.14819,-40.956,33.099,-24.959,-10.428,-36.646,-37.244,-6.9523
-25.303,-52.016,-28.318,38.095,0.51228,-40.507,32.571,-23.132,-7.2333,-34.728,-36.831,-5.9601
-24.405,-51.511,-28.313,37.605,1.9053,-40.166,32.289,-21.32,-4.0248,-32.722,-36.385,-5.1069
-23.441,-51.206,-28.57,37.236,3.829,-40.014,32.433,-19.407,-0.78257,-30.637,-35.877,-4.438
-22.555,-51.124,-29.022,37.026,5.9508,-40.05,33.063,-17.346,2.5285,-28.522,-35.309,-3.9654
-21.853,-51.201,-29.537,36.953,7.8981,-40.201,34.091,-15.173,5.9413,-26.439,-34.708,-3.6543
-21.375,-51.312,-29.967,36.944,9.3578,-40.354,35.328,-12.975,9.4742,-24.417,-34.109,-3.4455
-21.107,-51.322,-30.186,36.906,10.141,-40.398,36.592,-10.836,13.117,-22.427,-33.535,-3.2954
-21.007,-51.134,-30.121,36.764,10.197,-40.256,37.787,-8.7787,16.847,-20.379,-32.984,-3.201
-21.034,-50.721,-29.764,36.494,9.5942,-39.907,38.925,-6.7579,20.62,-18.171,-32.433,-3.1897
-21.159,-50.142,-29.169,36.131,8.489,-39.398,40.069,-4.6922,24.381,-15.735,-31.848,-3.2845
-21.365,-49.515,-28.428,35.758,7.0965,-38.815,41.269,-2.5091,28.096,-13.065,-31.197,-3.469
-21.639,-48.964,-27.647,35.469,5.6643,-38.252,42.511,-0.18049,31.779,-10.21,-30.462,-3.6754
-21.949,-48.568,-26.924,35.319,4.4247,-37.777,43.713,2.272,35.515,-7.232,-29.634,-3.8008
-22.233,-48.326,-26.331,35.29,3.5408,-37.41,44.773,4.7997,39.436,-4.1575,-28.706,-3.7391
-22.417,-48.159,-25.905,35.297,3.0813,-37.128,45.615,7.3618,43.69,-0.95661,-27.66,-3.4078
-22.449,-47.943,-25.633,35.228,3.0121,-36.868,46.216,9.952,48.403,2.439,-26.461,-2.7561
-22.319,-47.549,-25.435,34.987,3.1844,-36.537,46.608,12.611,53.652,6.0956,-25.05,-1.7514
-22.056,-46.875,-25.176,34.517,3.3537,-36.038,46.868,15.422,59.476,10.045,-23.345,-0.35686
-21.709,-45.87,-24.703,33.812,3.266,-35.289,47.09,18.492,65.905,14.28,-21.258,1.4761
-21.335,-44.543,-23.912,32.908,2.7769,-34.254,47.349,21.918,73.007,18.769,-18.706,3.7935
-21.002,-42.968,-22.792,31.887,1.9233,-32.954,47.678,25.755,80.932,23.488,-15.629,6.617
-20.779,-41.278,-21.424,30.879,0.91149,-31.471,48.052,29.997,89.918,28.441,-11.99,9.9345
-20.681,-39.658,-19.949,30.031,0.042802,-29.934,48.407,34.591,100.23,33.683,-7.7724,13.711
-20.606,-38.286,-18.547,29.437,-0.3808,-28.503,48.67,39.467,112.09,39.32,-2.9718,17.911
-20.357,-37.243,-17.412,29.046,-0.14797,-27.323,48.796,44.585,125.45,45.496,2.4077,22.505
-19.755,-36.426,-16.702,28.652,0.77659,-26.449,48.779,49.968,140,52.373,8.3471,27.477
-18.751,-35.557,-16.432,27.979,2.1857,-25.783,48.646,55.715,155.26,60.109,14.807,32.818
-17.432,-34.263,-16.393,26.78,3.6209,-25.073,48.441,61.978,170.83,68.845,21.738,38.543
-15.917,-32.193,-16.208,24.871,4.4923,-23.997,48.211,68.93,186.53,78.721,29.105,44.718
-14.238,-29.059,-15.506,22.102,4.3497,-22.272,47.994,76.715,202.44,89.864,36.933,51.466
-12.326,-24.634,-14.097,18.334,3.1125,-19.71,47.81,85.385,218.75,102.34,45.338,58.967
-10.11,-18.788,-12.024,13.535,1.1076,-16.222,47.657,94.869,235.64,116.04,54.515,67.431
-7.5909,-11.643,-9.4806,7.9281,-1.0344,-11.827,47.521,104.98,253.22,130.66,64.67,77.039
-4.7831,-3.6814,-6.7189,1.9706,-2.5912,-6.7123,47.38,115.45,271.45,145.79,75.917,87.851
-1.6069,4.476,-3.972,-3.9223,-2.9961,-1.2174,47.208,126.05,290.27,161.15,88.185,99.717
2.1396,12.483,-1.3732,-9.6365,-2.0157,4.3742,46.978,136.55,309.58,176.67,101.25,112.3
6.6365,20.428,1.16,-15.345,0.1708,10.063,46.645,146.77,329.35,192.44,114.87,125.25
11.813,28.635,3.9991,-21.281,2.9975,16.146,46.15,156.52,349.61,208.55,128.84,138.3
17.247,37.341,7.7238,-27.513,5.6718,22.999,45.428,165.64,370.41,225.1,143.01,151.33
22.336,46.486,12.882,-33.858,7.4477,30.786,44.424,173.96,391.79,242.14,157.25,164.26
26.625,55.71,19.668,-39.996,7.9004,39.257,43.112,181.4,413.64,259.71,171.5,177.05
30.03,64.57,27.653,-45.695,7.0495,47.81,41.502,187.94,435.72,277.8,185.73,189.7
32.837,72.799,35.841,-50.971,5.2547,55.818,39.624,193.64,457.65,296.3,199.95,202.28
35.552,80.435,43.199,-56.098,3.0098,62.939,37.5,198.61,479,315.02,214.18,214.86
38.636,87.785,49.237,-61.469,0.84188,69.222,35.119,202.97,499.33,333.65,228.41,227.46
42.158,95.282,54.128,-67.374,-0.81748,75.014,32.437,206.81,518.27,351.91,242.58,239.95
45.66,103.27,58.48,-73.79,-1.9102,80.798,29.411,210.16,535.59,369.56,256.58,252.11
48.587,111.83,63.026,-80.336,-2.8261,86.98,26.049,213.05,551.15,386.42,270.28,263.69
50.702,120.67,68.297,-86.469,-4.1644,93.71,22.433,215.48,564.84,402.34,283.54,274.54
51.982,129.25,74.373,-91.73,-6.4019,100.8,18.702,217.45,576.61,417.09,296.17,284.66
52.47,136.97,80.837,-95.881,-9.6278,107.77,15.002,219,586.45,430.39,307.97,294.13
52.34,143.4,86.999,-98.953,-13.437,114.06,11.44,220.18,594.44,441.99,318.75,303
51.935,148.45,92.236,-101.22,-17.076,119.28,8.0529,221.05,600.77,451.8,328.36,311.21
51.668,152.42,96.235,-103.09,-19.799,123.36,4.8136,221.64,605.69,459.88,336.75,318.63
51.867,155.77,99.053,-104.94,-21.205,126.55,1.6516,221.96,609.45,466.4,343.95,325.08
52.651,158.96,101.04,-107.02,-21.343,129.24,-1.5001,221.99,612.28,471.57,350.07,330.48
53.919,162.24,102.66,-109.36,-20.655,131.81,-4.6506,221.7,614.29,475.55,355.23,334.82
55.407,165.64,104.34,-111.8,-19.807,134.44,-7.7265,221.06,615.54,478.48,359.56,338.2
56.805,168.96,106.26,-114.11,-19.413,137.12,-10.606,220.08,616.06,480.42,363.16,340.73
57.861,171.92,108.34,-116.06,-19.791,139.65,-13.189,218.8,615.8,481.46,366.16,342.53
58.48,174.31,110.28,-117.53,-20.872,141.8,-15.437,217.26,614.76,481.66,368.61,343.7
58.758,176,111.78,-118.52,-22.279,143.4,-17.372,215.5,612.89,481.04,370.53,344.25
58.916,177.01,112.61,-119.13,-23.494,144.32,-19.053,213.49,610.15,479.59,371.88,344.17
59.163,177.44,112.64,-119.49,-24.008,144.6,-20.552,211.16,606.46,477.27,372.54,343.38
59.586,177.48,111.95,-119.73,-23.515,144.35,-21.932,208.4,601.64,473.96,372.44,341.73
60.155,177.28,110.75,-119.9,-22.071,143.77,-23.235,205.06,595.47,469.53,371.5,339.07
60.787,176.94,109.33,-120.01,-20.034,143.03,-24.467,201.02,587.65,463.87,369.67,335.25
61.392,176.46,107.95,-120,-17.867,142.23,-25.608,196.21,577.89,456.82,366.87,330.19
61.872,175.75,106.74,-119.8,-15.953,141.34,-26.627,190.55,565.95,448.25,363.02,323.88
62.121,174.69,105.69,-119.29,-14.481,140.3,-27.506,184.02,551.65,438.07,358.01,316.42
62.048,173.13,104.67,-118.34,-13.427,138.98,-28.244,176.57,534.95,426.21,351.77,307.85
61.59,170.88,103.49,-116.8,-12.629,137.22,-28.858,168.1,515.91,412.66,344.2,298.21
60.721,167.75,101.9,-114.6,-11.911,134.81,-29.356,158.5,494.76,397.49,335.25,287.49
59.452,163.57,99.683,-111.7,-11.162,131.55,-29.721,147.63,471.82,380.79,324.9,275.72
57.826,158.24,96.74,-108.09,-10.343,127.35,-29.903,135.5,447.48,362.69,313.2,263.02
55.911,151.78,93.087,-103.85,-9.5107,122.2,-29.836,122.29,422.12,343.33,300.26,249.61
53.791,144.3,88.793,-99.079,-8.7926,116.19,-29.461,108.46,396.02,322.82,286.23,235.76
51.531,135.99,83.917,-93.902,-8.3153,109.43,-28.764,94.642,369.44,301.36,271.28,221.69
49.143,127.07,78.5,-88.417,-8.1279,102.09,-27.803,81.404,342.58,279.22,255.61,207.53
46.569,117.73,72.604,-82.646,-8.1579,94.346,-26.698,69.003,315.63,256.75,239.4,193.29
43.706,108.08,66.275,-76.541,-8.1879,86.324,-25.591,57.404,288.7,234.28,222.85,178.85
40.447,98.151,59.467,-70.031,-7.8781,78.053,-24.585,46.447,261.87,212.1,206.14,164
36.742,87.902,52.056,-63.08,-6.8862,69.452,-23.717,35.998,235.23,190.38,189.51,148.56
32.637,77.281,43.938,-55.72,-5.0333,60.393,-22.969,25.998,208.82,169.19,173.18,132.56
28.273,66.28,35.159,-48.047,-2.396,50.812,-22.3,16.448,182.68,148.43,157.33,116.31
23.81,55.014,26.02,-40.206,0.71392,40.825,-21.675,7.3774,156.74,127.88,142.01,100.34
19.356,43.709,17.061,-32.337,3.8403,30.757,-21.091,-1.1743,130.9,107.42,127.23,85.176
14.998,32.604,8.8298,-24.547,6.5082,21.017,-20.575,-9.1906,105.37,87.478,112.96,71.162
10.888,21.826,1.6114,-16.948,8.3594,11.871,-20.173,-16.692,81.14,68.983,99.183,58.391
7.2295,11.393,-4.6019,-9.7038,9.2562,3.3532,-19.919,-23.724,59.771,52.868,85.92,46.678
4.1195,1.3349,-9.9166,-3.0004,9.2972,-4.5955,-19.81,-30.324,42.219,39.403,73.287,35.726
1.4524,-8.1619,-14.371,3.0483,8.7402,-11.89,-19.806,-36.489,28.18,28.192,61.5,25.305
-1.0046,-16.746,-17.954,8.4531,7.9142,-18.253,-19.843,-42.169,16.68,18.613,50.79,15.365
-3.426,-24.092,-20.726,13.283,7.1839,-23.445,-19.867,-47.303,6.862,10.177,41.246,6.0724
-5.7911,-30.077,-22.861,17.558,6.8913,-27.466,-19.866,-51.849,-1.7336,2.6256,32.771,-2.2842
-7.9293,-34.777,-24.556,21.224,7.2374,-30.502,-19.869,-55.799,-9.2698,-4.1336,25.194,-9.4704
-9.7061,-38.36,-25.949,24.227,8.2059,-32.766,-19.924,-59.172,-15.779,-10.114,18.393,-15.422
-11.14,-41.017,-27.077,26.591,9.571,-34.414,-20.056,-61.995,-21.277,-15.301,12.319,-20.234
-12.355,-42.944,-27.92,28.416,10.972,-35.563,-20.248,-64.303,-25.828,-19.678,6.9547,-24.079
-13.484,-44.336,-28.462,29.843,12.025,-36.33,-20.441,-66.152,-29.566,-23.257,2.2712,-27.148
-14.625,-45.383,-28.742,31.003,12.433,-36.849,-20.567,-67.62,-32.671,-26.092,-1.7811,-29.602
-15.839,-46.243,-28.861,31.993,12.083,-37.263,-20.577,-68.801,-35.332,-28.29,-5.2536,-31.557
-17.133,-47.028,-28.952,32.868,11.069,-37.695,-20.473,-69.801,-37.707,-30.001,-8.1905,-33.081
-18.447,-47.8,-29.125,33.642,9.6301,-38.221,-20.303,-70.717,-39.898,-31.399,-10.641,-34.216
-19.683,-48.574,-29.408,34.313,8.0426,-38.848,-20.145,-71.629,-41.949,-32.642,-12.674,-35.008
-20.743,-49.314,-29.732,34.873,6.5424,-39.504,-20.064,-72.579,-43.857,-33.834,-14.377,-35.522
-21.568,-49.951,-29.97,35.325,5.2968,-40.071,-20.092,-73.562,-45.597,-35.011,-15.837,-35.838
-22.13,-50.415,-30.015,35.672,4.4033,-40.436,-20.214,-74.532,-47.141,-36.147,-17.116,-36.027
-22.424,-50.667,-29.837,35.916,3.9067,-40.549,-20.381,-75.417,-48.477,-37.188,-18.246,-36.136
-22.456,-50.729,-29.495,36.072,3.8239,-40.438,-20.531,-76.145,-49.614,-38.091,-19.231,-36.178
-22.264,-50.669,-29.11,36.17,4.1557,-40.197,-20.612,-76.664,-50.577,-38.844,-20.069,-36.144
-21.93,-50.586,-28.82,36.25,4.8676,-39.948,-20.601,-76.959,-51.399,-39.474,-20.767,-36.026
-21.562,-50.563,-28.729,36.348,5.8568,-39.802,-20.508,-77.052,-52.119,-40.034,-21.355,-35.829
-21.269,-50.647,-28.888,36.479,6.9529,-39.822,-20.371,-76.998,-52.782,-40.591,-21.893,-35.585
-21.115,-50.822,-29.274,36.622,7.9458,-40.012,-20.238,-76.869,-53.442,-41.201,-22.465,-35.344
-21.114,-51.022,-29.776,36.73,8.609,-40.301,-20.142,-76.734,-54.151,-41.897,-23.153,-35.161
-21.244,-51.148,-30.215,36.755,8.7396,-40.569,-20.092,-76.638,-54.945,-42.683,-24.014,-35.075
-21.46,-51.115,-30.403,36.666,8.2326,-40.688,-20.067,-76.59,-55.837,-43.541,-25.056,-35.099
-21.708,-50.888,-30.234,36.467,7.1527,-40.583,-20.029,-76.566,-56.797,-44.446,-26.233,-35.218
-21.926,-50.503,-29.751,36.194,5.7535,-40.271,-19.947,-76.517,-57.759,-45.38,-27.456,-35.384
-22.048,-50.061,-29.133,35.898,4.4278,-39.86,-19.811,-76.388,-58.634,-46.332,-28.623,-35.53
-22.009,-49.695,-28.627,35.639,3.5908,-39.507,-19.631,-76.135,-59.339,-47.298,-29.653,-35.595
-21.767,-49.522,-28.444,35.466,3.5391,-39.353,-19.419,-75.738,-59.818,-48.263,-30.508,-35.55
-21.329,-49.597,-28.678,35.403,4.3457,-39.466,-19.17,-75.199,-60.062,-49.198,-31.196,-35.416
-20.75,-49.883,-29.262,35.442,5.8346,-39.802,-18.853,-74.533,-60.112,-50.064,-31.755,-35.25
-20.13,-50.258,-29.99,35.538,7.6406,-40.219,-18.414,-73.756,-60.037,-50.829,-32.229,-35.116
-19.578,-50.552,-30.591,35.625,9.3237,-40.526,-17.803,-72.874,-59.908,-51.477,-32.645,-35.051
-19.186,-50.618,-30.831,35.644,10.502,-40.555,-16.989,-71.887,-59.768,-52.01,-33.007,-35.048
-19.016,-50.387,-30.598,35.569,10.958,-40.232,-15.973,-70.793,-59.622,-52.443,-33.301,-35.073
-19.085,-49.9,-29.936,35.423,10.685,-39.601,-14.782,-69.597,-59.446,-52.793,-33.511,-35.094
-19.369,-49.291,-29.012,35.267,9.8494,-38.807,-13.46,-68.322,-59.212,-53.076,-33.64,-35.115
-19.802,-48.732,-28.054,35.168,8.7217,-38.043,-12.053,-67.007,-58.915,-53.307,-33.714,-35.181
-20.289,-48.362,-27.284,35.153,7.5923,-37.485,-10.59,-65.696,-58.581,-53.505,-33.773,-35.357
-20.742,-48.229,-26.871,35.199,6.6796,-37.234,-9.0856,-64.416,-58.256,-53.682,-33.843,-35.688
-21.117,-48.272,-26.837,35.242,6.0274,-37.269,-7.5317,-63.16,-57.973,-53.841,-33.921,-36.157
-21.426,-48.35,-26.995,35.218,5.4554,-37.433,-5.9091,-61.891,-57.733,-53.969,-33.97,-36.694
-21.72,-48.304,-27.004,35.099,4.6465,-37.493,-4.2047,-60.561,-57.502,-54.048,-33.937,-37.204
-22.046,-48.027,-26.562,34.897,3.3448,-37.251,-2.4302,-59.147,-57.227,-54.06,-33.778,-37.609
-22.407,-47.503,-25.568,34.648,1.5181,-36.64,-0.63008,-57.667,-56.858,-54.003,-33.482,-37.879
-22.75,-46.811,-24.179,34.391,-0.57882,-35.752,1.1327,-56.178,-56.369,-53.886,-33.074,-38.029
-22.979,-46.085,-22.739,34.151,-2.4493,-34.793,2.806,-54.745,-55.763,-53.726,-32.599,-38.104
-22.994,-45.46,-21.628,33.932,-3.5444,-33.994,4.3821,-53.41,-55.077,-53.532,-32.111,-38.163
-22.731,-45.023,-21.11,33.723,-3.5212,-33.512,5.9172,-52.165,-54.366,-53.297,-31.655,-38.248
-22.207,-44.777,-21.217,33.51,-2.4125,-33.367,7.5212,-50.951,-53.686,-52.995,-31.254,-38.365
-21.523,-44.641,-21.731,33.285,-0.62529,-33.429,9.3133,-49.682,-53.077,-52.599,-30.908,-38.486
-20.828,-44.476,-22.263,33.042,1.216,-33.47,11.362,-48.275,-52.552,-52.097,-30.605,-38.561
-20.276,-44.136,-22.412,32.774,2.5108,-33.25,13.647,-46.675,-52.094,-51.502,-30.326,-38.541
-19.963,-43.51,-21.911,32.469,2.8977,-32.605,16.077,-44.857,-51.658,-50.842,-30.05,-38.396
-19.902,-42.553,-20.709,32.107,2.3488,-31.498,18.567,-42.812,-51.177,-50.129,-29.753,-38.125
-20.024,-41.274,-18.932,31.651,1.1166,-29.996,21.111,-40.521,-50.569,-49.344,-29.41,-37.744
-20.211,-39.677,-16.774,31.044,-0.41178,-28.187,23.796,-37.942,-49.743,-48.434,-28.981,-37.264
-20.347,-37.705,-14.379,30.205,-1.8582,-26.087,26.723,-35.012,-48.606,-47.323,-28.413,-36.666
-20.357,-35.227,-11.807,29.046,-2.9661,-23.612,29.847,-31.652,-47.071,-45.928,-27.634,-35.882
-20.235,-32.088,-9.0087,27.502,-3.7164,-20.635,32.835,-27.793,-45.059,-44.171,-26.565,-34.804
-20.044,-28.171,-5.8075,25.555,-4.3682,-17.024,35.112,-23.402,-42.526,-41.988,-25.133,-33.321
-19.871,-23.423,-1.9361,23.22,-5.326,-12.67,36.224,-18.506,-39.468,-39.345,-23.304,-31.362
-19.756,-17.848,2.8476,20.514,-6.9109,-7.5003,36.395,-13.197,-35.942,-36.256,-21.108,-28.929
-19.647,-11.498,8.622,17.432,-9.1862,-1.5135,36.823,-7.6134,-32.068,-32.79,-18.646,-26.117
-19.431,-4.4893,15.22,13.951,-11.911,5.1727,39.176,-1.913,-28.015,-29.061,-16.065,-23.082
-18.983,2.9899,22.235,10.062,-14.638,12.313,44.492,3.7407,-23.977,-25.199,-13.502,-19.976
-18.206,10.705,29.137,5.7878,-16.9,19.583,52.662,9.1781,-20.12,-21.322,-11.031,-16.876
-17.047,18.446,35.48,1.1743,-18.399,26.684,62.964,14.216,-16.535,-17.515,-8.6396,-13.749
-15.498,26.09,41.084,-3.7244,-19.094,33.447,74.59,18.666,-13.218,-13.822,-6.2565,-10.487
-13.585,33.617,46.08,-8.8551,-19.196,39.886,86.517,22.359,-10.091,-10.264,-3.8092,-6.9829
-11.333,41.111,50.793,-14.184,-19.062,46.164,97.726,25.185,-7.0545,-6.8509,-1.267,-3.2022
-8.7303,48.727,55.543,-19.721,-19.014,52.51,108.31,27.119,-4.0326,-3.588,1.3459,0.79296
-5.6965,56.618,60.446,-25.526,-19.211,59.08,119.59,28.213,-1.0062,-0.46276,3.9664,4.8696
-2.0985,64.83,65.301,-31.662,-19.612,65.817,131.85,28.55,1.9763,2.5494,6.519,8.8797
2.1825,73.221,69.712,-38.12,-20.021,72.422,141.65,28.187,4.7996,5.4577,8.9358,12.71
7.1386,81.482,73.331,-44.751,-20.173,78.497,143.81,27.134,7.3039,8.2241,11.166,16.302
12.56,89.255,76.018,-51.281,-19.825,83.752,136.39,25.372,9.3293,10.761,13.179,19.634
18.073,96.259,77.817,-57.396,-18.859,88.092,120.83,22.878,10.769,12.967,14.958,22.693
23.286,102.35,78.89,-62.869,-17.335,91.584,99.316,19.66,11.601,14.772,16.496,25.453
27.948,107.54,79.462,-67.635,-15.456,94.399,73.989,15.762,11.883,16.157,17.784,27.869
32.027,112.01,79.756,-71.797,-13.473,96.753,46.917,11.271,11.722,17.149,18.798,29.896
35.652,115.99,79.917,-75.559,-11.603,98.841,19.98,6.3075,11.233,17.786,19.515,31.503
39.001,119.7,79.957,-79.101,-9.9838,100.74,-5.3997,1.022,10.51,18.099,19.928,32.706
42.195,123.1,79.74,-82.468,-8.6656,102.34,-28.362,-4.4261,9.6183,18.115,20.081,33.578
45.246,125.94,79.027,-85.531,-7.6098,103.35,-48.418,-9.8824,8.598,17.867,20.077,34.247
48.069,127.8,77.547,-88.072,-6.7045,103.45,-65.146,-15.21,7.4818,17.409,20.053,34.859
50.521,128.34,75.057,-89.88,-5.8015,102.38,-77.842,-20.295,6.304,16.817,20.129,35.529
52.445,127.31,71.381,-90.769,-4.7774,99.978,-84.977,-25.034,5.1028,16.179,20.366,36.289
53.714,124.5,66.465,-90.533,-3.5798,96.135,-84.677,-29.326,3.9185,15.578,20.747,37.082
54.269,119.76,60.449,-88.94,-2.2132,90.84,-78.988,-33.065,2.7913,15.072,21.199,37.784
54.14,113.12,53.656,-85.827,-0.67868,84.244,-73.895,-36.159,1.7532,14.668,21.617,38.238
53.426,104.94,46.483,-81.256,1.0577,76.702,-71.713,-38.572,0.81253,14.302,21.885,38.293
52.248,95.864,39.242,-75.599,3.0287,68.67,-71.148,-40.349,-0.062003,13.839,21.888,37.823
50.711,86.492,32.077,-69.393,5.2055,60.519,-70.786,-41.628,-0.94551,13.099,21.509,36.752
48.869,77.161,24.977,-63.055,7.4683,52.386,-69.97,-42.607,-1.9426,11.913,20.658,35.054
46.691,67.839,17.852,-56.705,9.6211,44.156,-68.517,-43.485,-3.1576,10.18,19.292,32.746
44.042,58.212,10.653,-50.181,11.435,35.549,-66.425,-44.412,-4.6643,7.9026,17.442,29.877
40.719,47.858,3.5052,-43.193,12.697,26.287,-63.745,-45.46,-6.4944,5.188,15.208,26.523
36.545,36.469,-3.2457,-35.516,13.266,16.328,-60.557,-46.638,-8.6436,2.1964,12.724,22.786
31.476,24.126,-9.1645,-27.169,13.104,6.0964,-56.982,-47.926,-11.082,-0.9216,10.107,18.759
25.708,11.508,-13.967,-18.511,12.3,-3.5508,-53.194,-49.296,-13.758,-4.0742,7.4192,14.5
19.663,-0.28716,-17.626,-10.126,11.057,-11.785,-49.414,-50.732,-16.6,-7.2389,4.6732,10.016
13.818,-10.382,-20.299,-2.5217,9.6488,-18.261,-45.859,-52.229,-19.526,-10.439,1.85,5.282
8.462,-18.577,-22.228,4.1285,8.3606,-23.136,-42.687,-53.782,-22.46,-13.701,-1.0698,0.29065
3.5971,-25.218,-23.673,9.9882,7.4153,-26.808,-39.948,-55.371,-25.346,-17.019,-4.0854,-4.9132
-0.95497,-30.79,-24.88,15.322,6.9274,-29.691,-37.59,-56.95,-28.152,-20.339,-7.1644,-10.214
-5.3438,-35.601,-26.037,20.238,6.8828,-32.094,-35.503,-58.458,-30.86,-23.569,-10.246,-15.445
-9.5095,-39.718,-27.248,24.598,7.1483,-34.197,-33.585,-59.829,-33.453,-26.615,-13.258,-20.423
-13.169,-43.112,-28.526,28.171,7.5146,-36.081,-31.785,-61.023,-35.911,-29.423,-16.132,-24.999
-16.035,-45.807,-29.812,30.874,7.775,-37.769,-30.115,-62.04,-38.217,-31.994,-18.824,-29.082
-18.048,-47.908,-31.011,32.819,7.8089,-39.253,-28.621,-62.924,-40.366,-34.381,-21.31,-32.644
-19.361,-49.533,-32.018,34.205,7.6318,-40.5,-27.338,-63.744,-42.369,-36.642,-23.581,-35.708
-20.173,-50.755,-32.753,35.192,7.391,-41.462,-26.26,-64.562,-44.237,-38.801,-25.623,-38.325
-20.617,-51.609,-33.184,35.875,7.3204,-42.103,-25.337,-65.402,-45.966,-40.828,-27.409,-40.546
-20.734,-52.117,-33.347,36.298,7.6583,-42.423,-24.487,-66.236,-47.53,-42.652,-28.902,-42.409
-20.506,-52.319,-33.326,36.487,8.546,-42.47,-23.628,-67,-48.892,-44.201,-30.064,-43.931
-19.939,-52.289,-33.227,36.483,9.9593,-42.336,-22.708,-67.629,-50.027,-45.43,-30.885,-45.128
-19.138,-52.144,-33.134,36.366,11.7,-42.134,-21.72,-68.096,-50.934,-46.341,-31.391,-46.031
-18.311,-52.001,-33.092,36.234,13.433,-41.974,-20.704,-68.43,-51.638,-46.975,-31.654,-46.7
-17.698,-51.946,-33.092,36.174,14.757,-41.916,-19.723,-68.703,-52.164,-47.388,-31.765,-47.205
-17.49,-52,-33.071,36.231,15.293,-41.951,-18.833,-68.981,-52.531,-47.613,-31.799,-47.594
-17.764,-52.11,-32.921,36.393,14.781,-42.004,-18.057,-69.276,-52.725,-47.641,-31.79,-47.882
-18.476,-52.185,-32.535,36.599,13.165,-41.978,-17.362,-69.484,-52.693,-47.421,-31.727,-48.051
-19.484,-52.152,-31.878,36.776,10.641,-41.811,-16.647,-69.358,-52.332,-46.897,-31.589,-48.091
-20.601,-52.003,-31.028,36.876,7.6287,-41.521,-15.734,-68.501,-51.468,-46.049,-31.381,-48.037
-21.646,-51.823,-30.17,36.911,4.6765,-41.217,-14.364,-66.375,-49.832,-44.896,-31.153,-47.967
-22.495,-51.752,-29.539,36.946,2.3209,-41.056,-12.156,-62.308,-46.994,-43.444,-30.959,-47.952
-23.086,-51.909,-29.334,37.05,0.93454,-41.169,-8.5245,-55.782,-42.306,-41.554,-30.766,-47.977
-23.381,-52.297,-29.633,37.223,0.64639,-41.58,-2.8371,-48.282,-35.033,-38.754,-30.355,-47.86
-23.325,-52.757,-30.359,37.366,1.3398,-42.165,3.2376,-47.77,-25.881,-34.058,-29.224,-47.226
-22.809,-52.989,-31.278,37.285,2.695,-42.668,5.1557,-60.339,-25.918,-26.008,-26.39,-45.495
-21.57,-52.592,-32.059,36.695,4.3322,-42.75,5.4125,-72.435,-59.514,-16.396,-20.282,-41.787
-18.863,-51.048,-32.364,35.082,6.1141,-42.048,8.3399,-74.649,-70.224,-34.23,-23.155,-35.697
-14.795,-47.646,-31.99,31.662,8.2352,-40.204,7.6863,-64.8,-55.812,-37.156,-35.705,-43.071
-18.341,-47.537,-31.02,35.863,10.621,-37.798,-4.3709,-42.953,-32.069,-30.031,-32.6,-45.154
-19.75,-73.922,-31.409,47.853,13.122,-55.576,9.2999,-13.232,0.54009,-23.023,-30.818,-46.001
-19.413,-85.049,-56.344,52.14,16.257,-75.618,36.01,45.921,47.092,-14.487,-30.303,-47.723
-18.479,-94.192,-76.331,55.909,20.966,-85.764,78.097,130.43,108.84,1.5468,-28.064,-47.778
-15.005,-98.981,-85.924,56.368,28.334,-92.781,132.15,219.93,190.37,35.708,-16.496,-40.182
-5.9025,-93.895,-91.495,49.379,39.763,-92.952,176.57,295.19,300.31,99.966,17.098,-16.503
12.676,-74.077,-91.034,30.586,51.428,-82.75,188.02,339.51,438.71,206.28,87.367,33.467
45.04,-33.787,-82.289,-5.3504,62.442,-58.118,155.6,339.12,597.71,363.2,203.21,126.18
93.606,36.636,-61.193,-65.259,72.094,-12.083,73.738,285.41,770.69,570.33,362.73,265.26
154.06,144.44,-20.311,-149.32,78.765,64.487,-58.37,175.88,946.95,826.37,567.21,433.92
220.03,277.11,50.626,-246.57,78.717,169.25,-235.25,11.187,1111.5,1120.4,809.77,633.71
286.02,424.32,146.22,-351.81,68.485,288.36,-446.58,-208.96,1244.3,1431.6,1072.7,852.61
344.04,577.81,251.22,-456.7,47.144,416.23,-679.03,-488.05,1318.3,1729.6,1331.3,1071.2
385.67,722.23,360.92,-549.54,14.722,541.89,-917.72,-830.63,1301.5,1975.9,1555.7,1266.1
403.83,840.7,465.14,-618.39,-26.864,651.49,-1147.3,-1235.3,1164.5,2127.4,1713.7,1411.8
394.39,917.24,551.37,-653.13,-72.795,730.88,-1352,-1684.6,892.95,2145.2,1775.7,1483.8
357.6,939.32,606.83,-647.34,-117,767.63,-1516.8,-2138.3,499.78,2004.8,1721.2,1463.8
298.62,900.3,620.77,-599.82,-152.45,753.38,-1627.9,-2536.7,28.183,1707,1546.6,1346.1
226.41,801.62,587.59,-515.27,-172.27,686.38,-1675.5,-2817.2,-457.1,1282,1268.7,1141.5
151.2,653.97,509.85,-403.99,-171.74,573.37,-1655.7,-2935.8,-887.38,785.76,923.38,876.44
82.021,476.9,399.12,-280.45,-152.71,429.93,-1573,-2881.8,-1207.9,288.32,558.61,587.28
24.982,292.86,269.8,-159.61,-122.18,274.7,-1439.5,-2678,-1388.9,-142.11,223.15,312.32
-16.349,136.55,159.39,-58.179,-87.63,143.7,-1272.7,-2372.1,-1427.4,-456.72,-45.158,76.308
-41.531,23.136,68.963,11.093,-56.482,42.712,-1090.6,-2017.4,-1343.4,-632.18,-224.83,-80.326
-54.077,-51.301,9.5596,54.227,-33.017,-23.548,-908.27,-1659.6,-1171.6,-677.85,-315.34,-178.88
-58.128,-86.424,-18.253,74.181,-18.533,-54.386,-736.23,-1329,-953.44,-625.42,-332.51,-220.14
-56.531,-90.927,-21.816,75.96,-12.424,-57.894,-580.42,-1041.8,-727.77,-515.06,-298.41,-216.99
-51.726,-75.181,-11.395,65.61,-13.622,-44.337,-443.86,-803.67,-523.34,-385.99,-238.03,-186.94
-44.26,-50.623,3.981,50.475,-19.599,-23.497,-328.25,-612.83,-356.12,-267.67,-172.75,-146
-27.902,-28.93,18.41,37.413,-25.813,-4.8953,-234.68,-464.03,-232.04,-176.44,-116.81,-106.2
-25.353,-16.338,26.171,26.509,-30.507,4.8354,-162.75,-352.17,-150.35,-116.72,-77.363,-74.765
-25.86,-25.519,17.664,31.365,-29.473,-3.6404,-109.79,-272.04,-105.98,-86.442,-55.571,-49.453
-26.576,-42.756,-6.25,35.661,-21.362,-25.83,-72.571,-217.05,-83.06,-79.49,-50.269,-46.665
-27.153,-47.707,-15.363,37.417,-17.384,-32.806,-47.516,-179.96,-70.319,-81.783,-53.493,-47.36
-27.458,-49.602,-18.92,38.284,-14.463,-35.308,-31.265,-154.15,-64.399,-85.337,-56.926,-46.225
-27.499,-50.432,-21.028,38.674,-11.583,-36.51,-19.437,-134.81,-61.297,-88.608,-58.108,-43.909
-27.341,-50.824,-22.622,38.818,-8.7357,-37.231,-9.7955,-119.11,-59.629,-81.19,-54.188,-41.011
-27.05,-51.115,-23.958,38.882,-6.0965,-37.805,-2.6747,-105.23,-61.809,-68.403,-48.624,-38.195
-26.69,-51.475,-25.126,38.95,-3.8956,-38.391,-1.1863,-91.463,-56.256,-61.782,-45.067,-35.849
-26.314,-51.905,-26.14,39.026,-2.3088,-39.017,-16.258,-79.78,-49.894,-57.948,-42.958,-34.1
-25.966,-52.303,-26.933,39.076,-1.3729,-39.597,-16.089,-73.889,-44.98,-55.572,-41.743,-32.918
-25.67,-52.576,-27.45,39.075,-0.95389,-40.028,-12.512,-69.046,-41.504,-54.015,-41.075,-32.163
-25.429,-52.711,-27.737,39.027,-0.79337,-40.294,-9.1011,-64.366,-38.99,-52.816,-40.681,-31.653
-25.224,-52.777,-27.959,38.958,-0.60448,-40.481,-5.9836,-59.904,-36.924,-51.678,-40.369,-31.254
-25.034,-52.867,-28.304,38.899,-0.16793,-40.714,-3.09,-55.664,-34.91,-50.437,-40.041,-30.908
-24.851,-53.043,-28.875,38.876,0.5948,-41.069,-0.32552,-51.616,-32.71,-49.009,-39.656,-30.607
-24.686,-53.312,-29.634,38.899,1.5945,-41.538,2.4235,-47.728,-30.243,-47.342,-39.204,-30.352
-24.554,-53.618,-30.415,38.957,2.6183,-42.023,5.2969,-43.959,-27.541,-45.403,-38.679,-30.118
-24.459,-53.856,-30.996,39.012,3.4301,-42.382,8.4314,-40.27,-24.716,-43.186,-38.075,-29.852
-24.378,-53.911,-31.203,39.009,3.8753,-42.485,11.896,-36.644,-21.921,-40.733,-37.39,-29.495
-24.269,-53.709,-30.979,38.898,3.941,-42.267,15.62,-33.122,-19.298,-38.14,-36.644,-29.024
-24.101,-53.251,-30.415,38.66,3.7471,-41.765,19.384,-29.788,-16.924,-35.534,-35.877,-28.469
-23.873,-52.627,-29.697,38.325,3.4753,-41.104,22.919,-26.747,-14.785,-33.021,-35.142,-27.912
-23.631,-51.98,-29.026,37.966,3.2722,-40.452,26.05,-24.06,-12.789,-30.636,-34.476,-27.435
-23.447,-51.461,-28.532,37.675,3.1758,-39.948,28.776,-21.697,-10.784,-28.325,-33.86,-27.064
-23.401,-51.174,-28.231,37.533,3.0939,-39.658,31.23,-19.52,-8.6186,-25.964,-33.215,-26.736
-23.541,-51.137,-28.021,37.578,2.8455,-39.551,33.6,-17.329,-6.1867,-23.42,-32.421,-26.315
-23.851,-51.275,-27.73,37.784,2.2466,-39.513,36.004,-14.943,-3.449,-20.622,-31.373,-25.674
-24.251,-51.438,-27.203,38.055,1.2069,-39.399,38.445,-12.278,-0.43855,-17.605,-30.036,-24.768
-24.629,-51.463,-26.378,38.264,-0.20473,-39.097,40.818,-9.4133,2.7552,-14.507,-28.474,-23.676
-24.894,-51.243,-25.336,38.305,-1.7631,-38.581,42.974,-6.5451,6.0197,-11.509,-26.841,-22.572
-25.021,-50.769,-24.268,38.139,-3.1843,-37.92,44.788,-3.8921,9.2675,-8.7365,-25.315,-21.642
-25.053,-50.133,-23.384,37.808,-4.2708,-37.245,46.208,-1.5784,12.476,-6.185,-24.007,-20.987
-25.078,-49.481,-22.811,37.411,-5.0052,-36.69,47.276,0.43053,15.697,-3.7115,-22.89,-20.57
-25.195,-48.943,-22.546,37.055,-5.5311,-36.33,48.103,2.3033,19.024,-1.1084,-21.82,-20.242
-25.463,-48.582,-22.481,36.814,-6.0443,-36.158,48.823,4.2498,22.551,1.788,-20.62,-19.813
-25.863,-48.371,-22.478,36.689,-6.6692,-36.099,49.537,6.4223,26.348,5.0201,-19.164,-19.138
-26.287,-48.206,-22.431,36.612,-7.3754,-36.042,50.273,8.8604,30.463,8.4994,-17.427,-18.163
-26.564,-47.949,-22.307,36.464,-7.9619,-35.888,50.975,11.498,34.931,12.062,-15.472,-16.933
-26.512,-47.483,-22.136,36.133,-8.1185,-35.573,51.547,14.216,39.785,15.557,-13.407,-15.552
-26.01,-46.754,-21.984,35.557,-7.5529,-35.086,51.909,16.914,45.064,18.918,-11.313,-14.109
-25.053,-45.798,-21.916,34.759,-6.1369,-34.47,52.046,19.565,50.81,22.196,-9.1915,-12.62
-23.76,-44.727,-21.949,33.841,-3.9971,-33.792,52.023,22.246,57.071,25.534,-6.9472,-10.994
-22.346,-43.682,-22.028,32.952,-1.4918,-33.113,51.96,25.113,63.91,29.102,-4.4217,-9.0763
-21.048,-42.779,-22.026,32.232,0.923,-32.453,51.976,28.334,71.415,33.04,-1.4707,-6.7143
-20.035,-42.053,-21.804,31.744,2.862,-31.789,52.132,32.02,79.713,37.418,1.9558,-3.8406
-19.354,-41.434,-21.282,31.432,4.1167,-31.074,52.407,36.171,88.946,42.239,5.7811,-0.50251
-18.937,-40.766,-20.483,31.138,4.6573,-30.258,52.711,40.679,99.262,47.476,9.8517,3.1751
-18.664,-39.85,-19.528,30.65,4.5742,-29.302,52.94,45.388,110.68,53.109,14.041,7.0744
-18.417,-38.507,-18.561,29.771,4.0139,-28.182,53.042,50.185,123.08,59.166,18.332,11.158
-18.099,-36.61,-17.668,28.36,3.1033,-26.87,53.035,55.078,136.22,65.749,22.834,15.49
-17.63,-34.112,-16.822,26.357,1.8887,-25.337,52.998,60.225,149.84,73.048,27.722,20.205
-16.965,-31.034,-15.924,23.792,0.37402,-23.557,53.02,65.867,163.82,81.326,33.171,25.449
-16.095,-27.462,-14.884,20.77,-1.3642,-21.524,53.144,72.231,178.15,90.85,39.291,31.31
-15.001,-23.519,-13.691,17.433,-3.1104,-19.269,53.339,79.428,192.98,101.76,46.126,37.8
-13.605,-19.334,-12.414,13.921,-4.5459,-16.85,53.518,87.404,208.48,113.95,53.68,44.881
-11.799,-14.989,-11.15,10.314,-5.3386,-14.311,53.577,95.954,224.76,127.05,61.931,52.516
-9.4985,-10.469,-9.941,6.6099,-5.248,-11.634,53.44,104.81,241.85,140.58,70.818,60.687
-6.6928,-5.6511,-8.7254,2.749,-4.2155,-8.7048,53.084,113.78,259.63,154.22,80.256,69.405
-3.4609,-0.36953,-7.3447,-1.3331,-2.3978,-5.3401,52.537,122.76,277.92,167.89,90.187,78.727
0.050008,5.4984,-5.6125,-5.6639,-0.12801,-1.3651,51.86,131.75,296.55,181.7,100.63,88.767
3.6925,11.972,-3.3962,-10.239,2.179,3.3046,51.111,140.71,315.42,195.84,111.64,99.621
7.4012,18.976,-0.67514,-15.063,4.1484,8.6226,50.319,149.56,334.58,210.45,123.26,111.27
11.229,26.377,2.4403,-20.165,5.5413,14.419,49.455,158.08,354.18,225.65,135.48,123.52
15.294,34.009,5.7473,-25.569,6.2788,20.451,48.446,166.03,374.34,241.51,148.18,136.1
19.664,41.711,9.0638,-31.25,6.405,26.504,47.195,173.18,395.1,258.09,161.19,148.81
24.289,49.387,12.373,-37.147,6.0238,32.502,45.631,179.46,416.32,275.33,174.38,161.48
29.025,57.062,15.897,-43.21,5.2385,38.548,43.747,184.92,437.67,293.09,187.63,174.07
33.639,64.835,20.031,-49.391,4.1417,44.847,41.608,189.72,458.75,311.15,200.93,186.55
37.81,72.76,25.123,-55.573,2.8582,51.531,39.326,194.07,479.21,329.23,214.24,198.96
41.274,80.752,31.224,-61.538,1.5586,58.513,37.004,198.09,498.79,347.07,227.51,211.31
44.011,88.609,37.961,-67.057,0.41964,65.506,34.674,201.83,517.36,364.47,240.68,223.55
46.201,96.124,44.712,-72.019,-0.40873,72.18,32.285,205.27,534.78,381.26,253.64,235.56
48.06,103.19,50.938,-76.484,-0.83807,78.332,29.741,208.35,550.78,397.2,266.28,247.14
49.76,109.83,56.405,-80.621,-0.90095,83.939,26.965,211,565.01,412.01,278.46,258.12
51.417,116.15,61.195,-84.616,-0.77848,89.135,23.956,213.2,577.1,425.35,290.04,268.42
53.088,122.33,65.585,-88.604,-0.75172,94.13,20.791,214.96,586.88,437.02,300.88,278.07
54.778,128.51,69.893,-92.654,-1.0951,99.14,17.593,216.33,594.46,447,310.91,287.18
56.475,134.78,74.323,-96.769,-1.9614,104.3,14.464,217.37,600.19,455.41,320.11,295.84
58.177,141.12,78.871,-100.9,-3.3119,109.6,11.44,218.11,604.49,462.46,328.47,304.05
59.884,147.4,83.339,-104.95,-4.9209,114.87,8.4968,218.57,607.77,468.36,335.97,311.72
61.582,153.37,87.441,-108.8,-6.453,119.87,5.6057,218.74,610.31,473.28,342.56,318.67
63.222,158.82,90.922,-112.31,-7.581,124.36,2.7788,218.61,612.29,477.32,348.2,324.73
64.716,163.52,93.655,-115.33,-8.111,128.17,0.08263,218.19,613.76,480.55,352.88,329.79
65.948,167.36,95.677,-117.75,-8.0695,131.25,-2.392,217.5,614.73,483,356.65,333.83
66.805,170.33,97.182,-119.53,-7.7042,133.68,-4.5749,216.56,615.14,484.63,359.6,336.95
67.234,172.58,98.431,-120.73,-7.3726,135.62,-6.4491,215.39,614.92,485.41,361.83,339.27
67.29,174.32,99.629,-121.51,-7.3702,137.24,-8.0626,213.97,613.99,485.31,363.4,340.88
67.136,175.76,100.84,-122.08,-7.7914,138.67,-9.5181,212.26,612.25,484.31,364.36,341.82
66.976,176.98,102.01,-122.57,-8.4939,139.91,-10.94,210.16,609.55,482.4,364.68,342.09
66.978,178,103,-123.05,-9.1749,140.89,-12.42,207.54,605.68,479.59,364.32,341.67
67.212,178.76,103.67,-123.51,-9.5158,141.54,-13.977,204.28,600.32,475.82,363.24,340.51
67.631,179.14,103.9,-123.85,-9.3175,141.78,-15.546,200.28,593.15,471.05,361.35,338.6
68.089,179.02,103.58,-123.95,-8.5698,141.52,-17.019,195.49,583.81,465.14,358.56,335.92
68.375,178.29,102.72,-123.65,-7.4474,140.72,-18.302,189.9,572.07,457.92,354.72,332.45
68.281,176.89,101.39,-122.85,-6.2557,139.38,-19.345,183.48,557.88,449.2,349.68,328.16
67.663,174.83,99.78,-121.5,-5.3399,137.58,-20.164,176.15,541.35,438.77,343.27,322.97
66.478,172.12,98.052,-119.58,-4.9756,135.36,-20.823,167.79,522.74,426.5,335.38,316.81
64.78,168.73,96.304,-117.08,-5.2717,132.74,-21.406,158.26,502.35,412.35,325.96,309.65
62.681,164.61,94.529,-114,-6.1272,129.69,-21.967,147.49,480.43,396.44,315.1,301.55
60.32,159.7,92.645,-110.35,-7.2637,126.14,-22.497,135.6,457.21,379.02,302.95,292.69
57.832,154.02,90.515,-106.19,-8.3153,122.06,-22.928,122.92,432.87,360.35,289.68,283.22
55.319,147.57,87.964,-101.59,-8.9482,117.41,-23.169,109.95,407.6,340.67,275.43,273.18
52.8,140.36,84.8,-96.588,-8.9775,112.13,-23.153,97.189,381.62,320.15,260.35,262.48
50.17,132.36,80.882,-91.175,-8.4355,106.19,-22.873,84.942,355.16,298.97,244.66,250.93
47.207,123.59,76.174,-85.282,-7.5448,99.588,-22.385,73.3,328.46,277.31,228.57,238.47
43.654,114.15,70.765,-78.866,-6.6038,92.387,-21.785,62.21,301.76,255.4,212.34,225.32
39.337,104.23,64.849,-71.961,-5.8512,84.691,-21.171,51.612,275.21,233.51,196.21,211.85
34.27,94.054,58.653,-64.704,-5.3863,76.662,-20.605,41.503,248.94,211.94,180.35,198.43
28.684,83.874,52.36,-57.31,-5.1685,68.492,-20.088,31.925,222.98,190.89,164.84,185.22
22.942,73.872,46.017,-49.98,-5.0734,60.327,-19.562,22.904,197.31,170.36,149.7,172.2
17.366,64.049,39.501,-42.777,-4.9546,52.143,-18.951,14.417,171.77,150.14,134.88,159.25
12.114,54.187,32.574,-35.583,-4.6843,43.719,-18.211,6.3914,146.24,129.91,120.33,146.27
7.1982,43.935,25.065,-28.173,-4.1792,34.75,-17.358,-1.2696,121,109.58,106.07,133.14
2.5998,33,17.104,-20.377,-3.4369,25.092,-16.469,-8.658,97.019,89.74,92.206,119.86
-1.628,21.4,9.1806,-12.267,-2.568,15.022,-15.638,-15.822,75.682,71.616,78.966,106.52
-5.353,9.6547,1.9399,-4.2488,-1.7657,5.2537,-14.94,-22.739,57.856,56.259,66.61,93.426
-8.4378,-1.3482,-4.15,3.0963,-1.2032,-3.4313,-14.407,-29.33,43.438,43.854,55.374,81.033
-10.806,-10.842,-8.9719,9.3183,-0.92885,-10.607,-14.024,-35.495,31.655,33.815,45.314,69.804
-12.444,-18.55,-12.713,14.274,-0.82327,-16.3,-13.75,-41.169,21.601,25.309,36.261,59.957
-13.389,-24.639,-15.704,18.072,-0.62621,-20.807,-13.552,-46.34,12.57,17.659,27.926,51.396
-13.739,-29.48,-18.275,20.96,-0.012837,-24.482,-13.42,-51.047,4.1526,10.473,20.081,43.851
-13.688,-33.452,-20.672,23.234,1.2997,-27.615,-13.376,-55.35,-3.7878,3.622,12.67,37.074
-13.5,-36.852,-23.039,25.172,3.4492,-30.393,-13.461,-59.294,-11.214,-2.8401,5.823,30.955
-13.417,-39.875,-25.426,26.972,6.3778,-32.92,-13.703,-62.896,-18.011,-8.7778,-0.2376,25.534
-13.532,-42.611,-27.805,28.706,9.838,-35.234,-14.095,-66.139,-24.093,-14.066,-5.3388,20.908
-13.769,-45.06,-30.092,30.329,13.454,-37.326,-14.587,-68.992,-29.442,-18.65,-9.4555,17.113
-13.991,-47.149,-32.159,31.734,16.814,-39.139,-15.109,-71.437,-34.112,-22.555,-12.713,14.034
-14.138,-48.791,-33.86,32.833,19.533,-40.594,-15.599,-73.49,-38.181,-25.864,-15.319,11.428
-14.263,-49.937,-35.075,33.605,21.287,-41.629,-16.025,-75.202,-41.717,-28.686,-17.483,9.0188
-14.474,-50.622,-35.756,34.102,21.872,-42.248,-16.387,-76.648,-44.754,-31.114,-19.354,6.5951
-14.863,-50.971,-35.957,34.421,21.266,-42.534,-16.711,-77.903,-47.307,-33.209,-21.003,4.0522
-15.48,-51.158,-35.819,34.682,19.664,-42.632,-17.024,-79.011,-49.389,-34.994,-22.433,1.3929
-16.336,-51.359,-35.523,34.989,17.436,-42.706,-17.342,-79.98,-51.032,-36.471,-23.607,-1.3016
-17.413,-51.701,-35.235,35.405,15.023,-42.884,-17.655,-80.785,-52.298,-37.645,-24.493,-3.9138
-18.635,-52.222,-35.056,35.925,12.788,-43.212,-17.944,-81.398,-53.278,-38.55,-25.088,-6.3404
-19.846,-52.843,-34.985,36.473,10.916,-43.635,-18.2,-81.808,-54.075,-39.252,-25.437,-8.5367
-20.845,-53.396,-34.924,36.926,9.4316,-44.007,-18.426,-82.025,-54.775,-39.834,-25.623,-10.53
-21.475,-53.694,-34.727,37.174,8.3052,-44.158,-18.634,-82.083,-55.425,-40.362,-25.734,-12.396
-21.689,-53.629,-34.292,37.167,7.5141,-43.982,-18.827,-82.021,-56.026,-40.865,-25.822,-14.209
-21.543,-53.221,-33.638,36.942,7.0552,-43.496,-19,-81.876,-56.561,-41.335,-25.9,-16.018
-21.155,-52.625,-32.919,36.602,6.9542,-42.847,-19.143,-81.684,-57.025,-41.744,-25.962,-17.853
-20.658,-52.064,-32.364,36.281,7.2575,-42.255,-19.258,-81.469,-57.434,-42.077,-26.012,-19.739
-20.177,-51.751,-32.177,36.097,7.9675,-41.931,-19.352,-81.24,-57.82,-42.345,-26.083,-21.707
-19.82,-51.806,-32.425,36.12,8.9781,-41.98,-19.436,-80.989,-58.21,-42.588,-26.229,-23.776
-19.662,-52.208,-32.994,36.356,10.078,-42.352,-19.508,-80.696,-58.605,-42.857,-26.493,-25.931
-19.726,-52.794,-33.617,36.743,11.01,-42.852,-19.552,-80.336,-58.979,-43.181,-26.883,-28.108
-19.956,-53.325,-33.979,37.161,11.551,-43.219,-19.547,-79.885,-59.289,-43.547,-27.364,-30.202
-20.218,-53.583,-33.854,37.482,11.58,-43.24,-19.465,-79.322,-59.492,-43.911,-27.868,-32.1
-20.385,-53.459,-33.21,37.622,11.116,-42.839,-19.286,-78.636,-59.572,-44.223,-28.324,-33.721
-20.436,-52.987,-32.207,37.573,10.32,-42.106,-19.006,-77.823,-59.554,-44.466,-28.687,-35.04
-20.466,-52.322,-31.111,37.402,9.4222,-41.244,-18.633,-76.894,-59.501,-44.669,-28.946,-36.08
-20.621,-51.662,-30.175,37.211,8.5868,-40.476,-18.183,-75.873,-59.487,-44.883,-29.116,-36.887
-21.034,-51.172,-29.54,37.1,7.7976,-39.954,-17.664,-74.788,-59.563,-45.15,-29.216,-37.499
-21.788,-50.939,-29.184,37.142,6.8148,-39.716,-17.073,-73.664,-59.73,-45.47,-29.258,-37.947
-22.892,-50.962,-28.921,37.365,5.2791,-39.692,-16.408,-72.519,-59.944,-45.805,-29.253,-38.26
-24.258,-51.164,-28.496,37.739,2.9469,-39.736,-15.667,-71.369,-60.142,-46.096,-29.214,-38.479
-25.69,-51.399,-27.723,38.163,-0.12738,-39.675,-14.854,-70.225,-60.271,-46.293,-29.162,-38.654
-26.915,-51.49,-26.569,38.488,-3.5482,-39.38,-13.982,-69.092,-60.315,-46.377,-29.121,-38.837
-27.67,-51.296,-25.177,38.567,-6.6708,-38.81,-13.079,-67.972,-60.293,-46.365,-29.122,-39.072
-27.788,-50.782,-23.811,38.325,-8.8278,-38.041,-12.18,-66.86,-60.242,-46.298,-29.188,-39.379
-27.266,-50.031,-22.755,37.79,-9.5849,-37.228,-11.32,-65.741,-60.185,-46.221,-29.331,-39.752
-26.267,-49.205,-22.208,37.08,-8.8979,-36.545,-10.524,-64.592,-60.111,-46.159,-29.533,-40.165
-25.067,-48.483,-22.216,36.361,-7.1296,-36.115,-9.7954,-63.394,-59.973,-46.113,-29.755,-40.578
-23.955,-47.999,-22.669,35.787,-4.9178,-35.977,-9.1233,-62.137,-59.714,-46.063,-29.944,-40.959
-23.156,-47.803,-23.343,35.455,-2.9306,-36.078,-8.486,-60.826,-59.294,-45.986,-30.058,-41.289
-22.765,-47.836,-23.979,35.368,-1.5986,-36.291,-7.8602,-59.478,-58.703,-45.868,-30.081,-41.569
-22.713,-47.936,-24.367,35.423,-0.97451,-36.446,-7.2364,-58.116,-57.968,-45.712,-30.034,-41.815
-22.794,-47.884,-24.43,35.441,-0.79656,-36.383,-6.6314,-56.761,-57.134,-45.541,-29.964,-42.054
-22.757,-47.494,-24.243,35.239,-0.6629,-36.02,-6.0818,-55.429,-56.24,-45.387,-29.914,-42.314
-22.429,-46.695,-23.956,34.709,-0.24444,-35.392,-5.6147,-54.107,-55.297,-45.271,-29.908,-42.606
-21.764,-45.571,-23.663,33.873,0.57243,-34.61,-5.2156,-52.753,-54.275,-45.171,-29.933,-42.92
-20.843,-44.304,-23.381,32.871,1.695,-33.794,-4.8165,-51.292,-53.119,-45.018,-29.947,-43.225
-19.855,-43.072,-23.098,31.88,2.9186,-33.014,-4.312,-49.637,-51.777,-44.713,-29.891,-43.482
-19.016,-41.961,-22.795,31.017,3.9819,-32.294,-3.5841,-47.704,-50.224,-44.152,-29.713,-43.656
-18.464,-40.945,-22.409,30.289,4.601,-31.589,-2.5083,-45.419,-48.456,-43.262,-29.362,-43.72
-18.225,-39.87,-21.765,29.61,4.5326,-30.745,-0.93688,-42.709,-46.475,-42.01,-28.796,-43.647
-18.245,-38.452,-20.578,28.837,3.65,-29.48,1.3198,-39.504,-44.257,-40.398,-27.964,-43.41
-18.415,-36.317,-18.503,27.787,1.9863,-27.42,4.4741,-35.747,-41.745,-38.443,-26.82,-42.979
-18.595,-33.074,-15.199,26.28,-0.26777,-24.175,8.6404,-31.413,-38.859,-36.169,-25.318,-42.33
-18.634,-28.408,-10.408,24.173,-2.7816,-19.432,13.562,-26.526,-35.523,-33.598,-23.429,-41.454
-18.414,-22.185,-4.1375,21.385,-5.1242,-13.105,18.402,-21.153,-31.703,-30.746,-21.15,-40.361
-17.904,-14.569,3.0946,17.908,-6.9141,-5.5218,22.221,-15.383,-27.426,-27.628,-18.509,-39.078
-17.182,-6.0862,10.393,13.836,-8.0542,2.5759,24.97,-9.3073,-22.783,-24.247,-15.558,-37.634
-16.378,2.5293,17.076,9.372,-8.8113,10.415,27.651,-3.0199,-17.915,-20.61,-12.361,-36.041
-15.596,10.679,23.019,4.7801,-9.6653,17.585,31.528,3.3672,-12.995,-16.761,-8.9858,-34.295
-14.855,18.152,28.508,0.25302,-11.079,24.101,37.394,9.6916,-8.2012,-12.824,-5.5202,-32.393
-14.077,25.135,33.973,-4.205,-13.304,30.258,45.31,15.722,-3.6967,-8.9948,-2.0739,-30.348
-13.111,32.046,39.806,-8.7659,-16.267,36.474,54.709,21.174,0.39969,-5.4812,1.2359,-28.196
-11.78,39.338,46.204,-13.657,-19.601,43.142,64.576,25.769,4.0314,-2.4031,4.3193,-25.977
-9.9365,47.28,52.986,-19.028,-22.766,50.416,73.799,29.318,7.2017,0.26688,7.1386,-23.721
-7.4957,55.79,59.546,-24.871,-25.178,58.027,82.206,31.789,9.9534,2.6805,9.7103,-21.433
-4.4555,64.431,65.177,-30.998,-26.35,65.357,91.194,33.295,12.344,5.0236,12.087,-19.086
-0.90133,72.666,69.508,-37.112,-26.054,71.847,102.36,34.016,14.428,7.418,14.33,-16.631
3.0288,80.163,72.621,-42.937,-24.423,77.327,114.57,34.088,16.242,9.87,16.485,-13.997
7.2167,86.916,74.893,-48.348,-21.902,82.005,122.85,33.543,17.789,12.276,18.561,-11.117
11.611,93.156,76.758,-53.402,-19.075,86.243,122.62,32.329,19.035,14.472,20.517,-7.9547
16.198,99.159,78.495,-58.259,-16.468,90.33,113.16,30.354,19.915,16.284,22.276,-4.5323
20.936,105.07,80.075,-63.067,-14.457,94.306,96.034,27.541,20.359,17.585,23.747,-0.93664
25.733,110.8,81.216,-67.873,-13.282,97.919,73.316,23.867,20.328,18.327,24.862,2.6964
30.473,116.03,81.651,-72.595,-12.987,100.78,47.26,19.4,19.825,18.555,25.606,6.2208
35.043,120.41,81.33,-77.052,-13.195,102.65,20.181,14.297,18.899,18.397,26.016,9.5175
39.314,123.69,80.299,-81.037,-13.262,103.49,-5.8865,8.7681,17.622,18.003,26.166,12.508
43.167,125.82,78.479,-84.384,-12.682,103.37,-29.524,3.0195,16.073,17.489,26.122,15.145
46.553,126.84,75.653,-87.032,-11.193,102.35,-49.946,-2.7868,14.324,16.9,25.923,17.403
49.52,126.86,71.594,-89.011,-8.7245,100.43,-66.781,-8.5358,12.437,16.214,25.577,19.277
52.15,125.83,66.224,-90.348,-5.3903,97.498,-79.778,-14.129,10.47,15.397,25.085,20.787
54.468,123.47,59.734,-90.916,-1.4982,93.321,-88.375,-19.452,8.4729,14.449,24.465,21.977
56.406,119.28,52.605,-90.409,2.5029,87.704,-91.466,-24.361,6.4807,13.419,23.756,22.906
57.852,113.17,45.391,-88.596,6.1447,80.856,-89.108,-28.706,4.5038,12.367,23.008,23.639
58.724,105.75,38.409,-85.609,9.0732,73.371,-84.835,-32.362,2.5199,11.316,22.26,24.235
58.989,97.789,31.609,-81.827,11.133,65.741,-81.978,-35.269,0.47752,10.211,21.52,24.734
58.646,89.656,24.7,-77.532,12.391,58.048,-80.579,-37.452,-1.6954,8.9421,20.752,25.139
57.71,81.276,17.36,-72.755,13.078,50.043,-79.572,-39.032,-4.0807,7.3765,19.869,25.399
56.212,72.356,9.4828,-67.38,13.464,41.365,-78.277,-40.212,-6.7527,5.4182,18.736,25.392
54.209,62.624,1.3889,-61.31,13.771,31.782,-76.437,-41.217,-9.7514,3.0415,17.211,24.957
51.778,52.008,-6.1752,-54.581,14.17,21.441,-74.007,-42.235,-13.058,0.29637,15.193,23.935
49.009,40.747,-12.488,-47.39,14.775,11.014,-71.032,-43.373,-16.598,-2.7172,12.663,22.234
45.98,29.362,-17.326,-40.01,15.583,1.4357,-67.594,-44.661,-20.266,-5.8886,9.6933,19.864
42.706,18.394,-20.87,-32.637,16.459,-6.6588,-63.78,-46.078,-23.96,-9.1263,6.4218,16.942
39.095,8.1176,-23.403,-25.282,17.197,-13.197,-59.672,-47.587,-27.592,-12.367,3.0056,13.66
34.975,-1.5011,-25.206,-17.804,17.63,-18.488,-55.356,-49.152,-31.095,-15.571,-0.42965,10.219
30.194,-10.582,-26.554,-10.079,17.697,-22.918,-50.945,-50.743,-34.416,-18.714,-3.8122,6.7759
24.75,-19.064,-27.699,-2.1919,17.447,-26.758,-46.594,-52.336,-37.523,-21.782,-7.1117,3.4199
18.868,-26.659,-28.837,5.4754,17.003,-30.136,-42.471,-53.898,-40.399,-24.76,-10.306,0.19317
12.935,-33.072,-30.073,12.387,16.506,-33.105,-38.722,-55.389,-43.046,-27.62,-13.362,-2.8792
7.3362,-38.218,-31.404,18.152,16.047,-35.693,-35.437,-56.761,-45.474,-30.329,-16.237,-5.7689
2.3176,-42.208,-32.725,22.685,15.637,-37.893,-32.665,-57.984,-47.699,-32.858,-18.893,-8.4427
-2.054,-45.221,-33.861,26.146,15.199,-39.662,-30.416,-59.05,-49.738,-35.196,-21.32,-10.873
-5.8552,-47.428,-34.635,28.79,14.629,-40.953,-28.661,-59.981,-51.603,-37.357,-23.53,-13.056
-9.2161,-49.006,-34.952,30.871,13.856,-41.767,-27.339,-60.816,-53.295,-39.363,-25.553,-15.022
-12.228,-50.137,-34.853,32.579,12.906,-42.181,-26.358,-61.598,-54.809,-41.235,-27.427,-16.838
-14.878,-51.003,-34.498,34.032,11.904,-42.354,-25.616,-62.358,-56.133,-42.978,-29.183,-18.589
-17.08,-51.768,-34.108,35.289,11.027,-42.473,-25.021,-63.111,-57.255,-44.585,-30.832,-20.33
-18.764,-52.554,-33.884,36.382,10.427,-42.706,-24.504,-63.847,-58.171,-46.047,-32.36,-22.052
-19.965,-53.409,-33.939,37.321,10.156,-43.137,-24.027,-64.539,-58.887,-47.362,-33.73,-23.673
-20.803,-54.291,-34.251,38.099,10.118,-43.746,-23.58,-65.165,-59.427,-48.546,-34.904,-25.084
-21.431,-55.09,-34.666,38.702,10.073,-44.396,-23.18,-65.73,-59.843,-49.625,-35.857,-26.197
-21.986,-55.669,-34.94,39.114,9.7083,-44.901,-22.856,-66.27,-60.192,-50.62,-36.589,-26.974
-22.565,-55.94,-34.852,39.35,8.7753,-45.108,-22.627,-66.833,-60.513,-51.517,-37.117,-27.413
-23.211,-55.902,-34.315,39.454,7.2219,-44.961,-22.494,-67.444,-60.805,-52.268,-37.461,-27.543
-23.907,-55.646,-33.432,39.493,5.2514,-44.536,-22.442,-68.085,-61.019,-52.801,-37.642,-27.394
-24.574,-55.322,-32.474,39.525,3.3013,-44.012,-22.445,-68.652,-61.072,-53.06,-37.674,-26.996
-25.094,-55.094,-31.781,39.589,1.9131,-43.607,-22.45,-68.933,-60.851,-53.025,-37.565,-26.372
-25.356,-55.084,-31.617,39.693,1.5205,-43.504,-22.351,-68.6,-60.204,-52.73,-37.335,-25.561
-25.3,-55.341,-32.079,39.826,2.2656,-43.783,-21.952,-67.188,-58.924,-52.246,-37.024,-24.65
-24.95,-55.823,-33.06,39.965,3.9286,-44.398,-20.959,-64.069,-56.707,-51.631,-36.689,-23.752
-24.395,-56.406,-34.288,40.074,6.0062,-45.185,-18.947,-58.569,-53.087,-50.842,-36.351,-22.947
-23.75,-56.911,-35.422,40.102,7.909,-45.919,-15.076,-51.34,-47.438,-49.604,-35.91,-22.13
-23.099,-57.136,-36.171,39.977,9.1966,-46.371,-8.2794,-49.601,-39.566,-47.268,-35.045,-20.879
-22.436,-56.897,-36.389,39.605,9.7297,-46.368,-3.6474,-62.799,-33.777,-42.655,-33.086,-18.323
-21.564,-56.037,-36.098,38.85,9.6912,-45.817,-4.0264,-76.968,-49.954,-34.372,-28.764,-12.943
-19.833,-54.391,-35.451,37.439,9.5131,-44.703,-4.3582,-81.475,-72.704,-30.923,-23.25,-2.8006
-16.072,-51.724,-34.675,34.81,9.7727,-43.042,-5.3021,-75.808,-66.193,-43.669,-37.071,1.9426
-15.908,-50.199,-34.016,34.46,10.973,-41.303,-10.047,-57.411,-47.116,-38.15,-35.144,-17.762
-19.842,-70.066,-34.248,46.535,13.181,-49.806,1.1638,-25.794,-20.117,-32.244,-33.029,-17.954
-19.929,-83.159,-44.009,51.127,16.453,-72.955,24.945,31.344,17.288,-25.683,-32.868,-19.17
-19.506,-92.194,-71.64,54.996,21.213,-83.69,64.642,115.25,70.965,-14.744,-32.439,-20.97
-17.147,-98.743,-83.56,56.839,27.132,-91.842,120.85,206.84,143.14,8.7028,-25.531,-17.65
-10.333,-97.867,-90.807,52.807,33.615,-95.155,175.15,284.54,241.27,57.46,-0.97991,0.10072
3.9339,-83.511,-93.334,38.488,42.249,-89.452,199.96,332.71,370.57,148.25,56.515,42.63
29.662,-49.723,-88.337,8.79,52.716,-70.234,181.57,339.34,523.9,296.12,161.77,120.84
71.197,11.806,-72.472,-43.592,64.237,-31.361,112.51,295.01,693.08,498.39,316.56,241.63
127.67,109.43,-40.35,-122.57,76.355,35.914,-9.2451,195.32,868.98,748.5,514.57,401.2
192.06,236.35,16.629,-218.92,85.195,132.79,-178.69,39.994,1038.8,1039.6,751.92,593.61
259.54,379.39,98.98,-324.11,86.705,245.67,-384.81,-170.62,1185.7,1353.3,1014.5,807.6
323.05,530.61,191.36,-430.39,78.112,367.61,-613.29,-438.49,1286.5,1661.9,1278.3,1025.7
373.88,675.83,288.92,-526.48,58.002,490.17,-849.04,-767.48,1310.1,1927.9,1513.2,1225.8
404.1,798.56,385.65,-600.57,26.911,600.49,-1077.7,-1157.6,1223.1,2107.4,1686.4,1382.7
408,882.55,470.04,-642.07,-12.458,684.31,-1285.4,-1595.3,1002.8,2157.3,1767,1471.5
383.61,914.02,528.87,-643.54,-54.714,728.31,-1458.6,-2045.6,651.16,2048.1,1732.4,1472.5
333.86,884.72,550.48,-602.66,-92.297,722.9,-1583.4,-2453.3,201.83,1774.8,1575.5,1377.8
266.21,794.87,528.07,-523.39,-117.79,665.02,-1647.5,-2756.2,-286.12,1363.6,1309.9,1194.6
190.61,654.55,462.51,-415.65,-126.34,560.36,-1644.4,-2906,-743.11,869.06,969.57,945.91
117.17,482.75,362.27,-293.74,-117.23,423.6,-1576,-2884.6,-1107,362.35,602.36,666.18
53.927,301.25,241.82,-173.09,-94.968,270.65,-1452.8,-2709.1,-1337.1,-84.9,259.06,393.91
4.8394,141.9,140.89,-68.325,-66.972,140.79,-1292,-2421.4,-1421.1,-419.34,-19.035,161.03
-28.528,22.483,56.008,4.983,-40.872,37.34,-1112.3,-2078.2,-1372.2,-615.29,-208.48,-9.2021
-47.986,-56.096,0.81449,51.798,-22.393,-30.55,-930.25,-1725.6,-1223.7,-675.65,-305.77,-114.56
-57.788,-91.837,-23.344,74.311,-14.474,-60.329,-757.79,-1395.5,-1016.6,-634.54,-327.21,-165.75
-61.384,-93.906,-22.749,77.54,-17.325,-60.257,-601.65,-1104.5,-791.19,-530.7,-295.57,-173.03
-60.175,-75.518,-7.9811,68.103,-24.437,-43.104,-465.18,-858.64,-579.84,-403.02,-236.14,-151.48
-56.026,-50.08,9.7078,53.396,-30.001,-20.941,-349.87,-658.5,-402.68,-282.46,-170.92,-117.31
-44.879,-28.774,22.714,40.295,-33.251,-3.1632,-256.53,-501.33,-267.57,-187.86,-115.09,-84.056
-29.572,-16.747,27.178,29.988,-31.895,5.3227,-183.72,-381.94,-173.75,-125.53,-76.135,-59.238
-27.712,-26.36,13.142,31.321,-25.587,-6.2954,-127.43,-294.5,-117.48,-92.511,-54.75,-38.25
-27.334,-42.027,-6.4843,35.282,-19.957,-25.943,-85.841,-232.77,-89.443,-81.481,-50.068,-39.285
-26.949,-46.706,-15.208,36.722,-15.359,-32.486,-57.203,-190.51,-74.033,-81.29,-53.394,-42.23
-26.4,-48.552,-19.205,37.201,-11.476,-35.178,-38.106,-161.77,-66.299,-84.157,-57.01,-42.65
-25.747,-49.12,-21.097,37.141,-8.4924,-36.257,-23.459,-141.35,-62.586,-88.026,-58.344,-41.681
-25.098,-48.98,-21.801,36.815,-6.3927,-36.404,-12.158,-125.28,-59.974,-87.978,-55.164,-40.032
-24.524,-48.578,-22.063,36.45,-4.8994,-36.152,-4.4621,-111.41,-63.187,-75.818,-50.332,-38.203
-24.036,-48.304,-22.526,36.21,-3.509,-36.017,0.67947,-98.328,-61.021,-67.51,-47.044,-36.489
-23.587,-48.373,-23.472,36.162,-1.739,-36.284,-4.7845,-85.773,-54.872,-62.846,-45.007,-35.028
-23.094,-48.786,-24.832,36.283,0.59452,-36.932,-12.03,-78.624,-49.335,-59.813,-43.755,-33.839
-22.495,-49.415,-26.376,36.498,3.3061,-37.789,-8.9654,-73.755,-44.979,-57.657,-42.996,-32.87
-21.811,-50.103,-27.88,36.723,6.0151,-38.68,-3.887,-68.955,-41.629,-55.948,-42.51,-32.047
-21.158,-50.708,-29.157,36.897,8.3263,-39.462,1.4728,-64.355,-38.951,-54.409,-42.137,-31.319
-20.706,-51.126,-30.042,36.997,9.8372,-40.019,6.6752,-60.124,-36.622,-52.874,-41.781,-30.663
-20.606,-51.302,-30.406,37.029,10.19,-40.273,11.573,-56.285,-34.388,-51.239,-41.385,-30.073
-20.93,-51.239,-30.212,37.016,9.226,-40.214,16.231,-52.767,-32.096,-49.423,-40.906,-29.552
-21.652,-50.999,-29.555,36.985,7.0903,-39.914,20.82,-49.457,-29.68,-47.366,-40.303,-29.095
-22.649,-50.686,-28.644,36.96,4.2119,-39.509,25.48,-46.234,-27.141,-45.039,-39.547,-28.698
-23.738,-50.423,-27.749,36.96,1.1862,-39.163,30.187,-43.015,-24.521,-42.454,-38.635,-28.359
-24.721,-50.315,-27.122,36.996,-1.3643,-39.017,34.713,-39.765,-21.854,-39.668,-37.598,-28.088
-25.424,-50.417,-26.924,37.064,-2.9551,-39.142,38.74,-36.511,-19.141,-36.753,-36.495,-27.914
-25.73,-50.704,-27.172,37.138,-3.382,-39.508,42.053,-33.321,-16.356,-33.775,-35.391,-27.868
-25.592,-51.06,-27.732,37.17,-2.7473,-39.985,44.631,-30.273,-13.459,-30.764,-34.334,-27.966
-25.04,-51.319,-28.37,37.103,-1.3709,-40.381,46.611,-27.417,-10.439,-27.715,-33.338,-28.189
-24.179,-51.336,-28.845,36.906,0.34849,-40.525,48.205,-24.759,-7.3365,-24.608,-32.384,-28.495
-23.168,-51.055,-29.011,36.591,2.0921,-40.334,49.628,-22.277,-4.2473,-21.437,-31.438,-28.843
-22.184,-50.536,-28.887,36.22,3.7338,-39.859,51.025,-19.917,-1.2904,-18.24,-30.479,-29.216
-21.372,-49.928,-28.629,35.883,5.2761,-39.258,52.433,-17.627,1.4503,-15.096,-29.511,-29.623
-20.804,-49.409,-28.441,35.661,6.7389,-38.73,53.799,-15.368,3.9781,-12.091,-28.566,-30.09
-20.467,-49.108,-28.464,35.589,8.1216,-38.426,55.028,-13.117,6.3924,-9.2748,-27.68,-30.628
-20.3,-49.061,-28.728,35.639,9.3479,-38.404,56.035,-10.857,8.8474,-6.6333,-26.863,-31.222
-20.242,-49.202,-29.166,35.728,10.263,-38.622,56.786,-8.5665,11.488,-4.0872,-26.084,-31.824
-20.258,-49.382,-29.626,35.756,10.666,-38.942,57.31,-6.2055,14.397,-1.522,-25.264,-32.37
-20.341,-49.421,-29.873,35.642,10.332,-39.163,57.689,-3.7246,17.582,1.1685,-24.305,-32.796
-20.51,-49.177,-29.666,35.362,9.1018,-39.092,58.019,-1.0694,20.995,4.0464,-23.114,-33.046
-20.799,-48.602,-28.878,34.952,7.0082,-38.622,58.378,1.7768,24.585,7.1182,-21.635,-33.09
-21.222,-47.756,-27.565,34.489,4.3214,-37.781,58.802,4.8016,28.339,10.352,-19.857,-32.926
-21.744,-46.773,-25.965,34.05,1.4964,-36.716,59.28,7.9766,32.302,13.71,-17.815,-32.58
-22.263,-45.803,-24.403,33.683,-0.93746,-35.63,59.758,11.275,36.569,17.183,-15.567,-32.092
-22.647,-44.968,-23.18,33.391,-2.5156,-34.706,60.168,14.683,41.244,20.798,-13.171,-31.506
-22.781,-44.323,-22.472,33.148,-2.9751,-34.054,60.457,18.203,46.399,24.603,-10.651,-30.843
-22.611,-43.849,-22.285,32.907,-2.3521,-33.674,60.61,21.839,52.043,28.638,-7.9905,-30.103
-22.149,-43.446,-22.454,32.607,-0.99137,-33.459,60.648,25.585,58.121,32.906,-5.1405,-29.262
-21.469,-42.963,-22.698,32.179,0.55624,-33.224,60.599,29.417,64.559,37.37,-2.0464,-28.29
-20.67,-42.243,-22.716,31.569,1.7276,-32.778,60.477,33.289,71.354,41.98,1.3265,-27.157
-19.853,-41.197,-22.308,30.757,2.1652,-32.003,60.275,37.167,78.672,46.721,4.9903,-25.837
-19.092,-39.839,-21.468,29.76,1.841,-30.917,59.975,41.051,86.873,51.661,8.9518,-24.294
-18.42,-38.257,-20.363,28.619,1.0167,-29.645,59.575,45.002,96.432,56.987,13.235,-22.471
-17.833,-36.555,-19.225,27.376,0.097541,-28.334,59.094,49.14,107.77,62.995,17.89,-20.279
-17.302,-34.79,-18.228,26.059,-0.53411,-27.063,58.565,53.638,121.03,70.059,22.985,-17.597
-16.773,-32.956,-17.435,24.679,-0.6329,-25.817,58.031,58.703,135.98,78.564,28.604,-14.292
-16.163,-30.972,-16.798,23.194,-0.12913,-24.502,57.539,64.551,152.09,88.788,34.847,-10.246
-15.364,-28.683,-16.193,21.496,0.87388,-22.98,57.107,71.348,168.76,100.72,41.858,-5.4034
-14.29,-25.883,-15.467,19.419,2.1238,-21.102,56.708,79.143,185.63,113.98,49.829,0.1924
-12.917,-22.367,-14.451,16.8,3.2716,-18.735,56.271,87.826,202.61,127.94,58.944,6.4154
-11.271,-17.989,-12.981,13.54,3.9621,-15.77,55.724,97.158,219.8,142.08,69.268,13.125
-9.4084,-12.7,-10.923,9.6443,3.9551,-12.135,55.026,106.87,237.39,156.22,80.671,20.24
-7.405,-6.5554,-8.212,5.2172,3.2214,-7.7919,54.176,116.72,255.49,170.48,92.898,27.771
-5.3162,0.31558,-4.8644,0.40954,1.9442,-2.7378,53.195,126.51,274.12,185.09,105.71,35.809
-3.1025,7.7485,-0.9806,-4.6651,0.44168,2.9679,52.1,136.07,293.22,200.24,118.94,44.47
-0.58068,15.607,3.2605,-9.9939,-0.92493,9.1917,50.881,145.24,312.72,216,132.49,53.833
2.5223,23.83,7.6626,-15.65,-1.8456,15.783,49.497,153.87,332.57,232.33,146.25,63.885
6.412,32.411,12.131,-21.703,-2.1672,22.659,47.893,161.93,352.81,249.19,160.14,74.565
11.052,41.324,16.74,-28.126,-1.9592,29.809,46.038,169.44,373.57,266.59,174.15,85.862
16.111,50.448,21.67,-34.771,-1.482,37.225,43.962,176.49,394.92,284.57,188.35,97.841
21.122,59.572,27.058,-41.406,-1.0651,44.812,41.774,183.17,416.86,303.13,202.86,110.55
25.721,68.447,32.877,-47.807,-0.96145,52.366,39.628,189.5,439.18,322.15,217.71,123.93
29.786,76.872,38.895,-53.833,-1.247,59.632,37.64,195.41,461.49,341.36,232.9,137.8
33.421,84.755,44.762,-59.471,-1.8043,66.393,35.81,200.78,483.29,360.35,248.26,151.93
36.843,92.134,50.152,-64.825,-2.3944,72.55,33.989,205.48,504.05,378.68,263.56,166.07
40.266,99.16,54.89,-70.058,-2.7784,78.133,31.929,209.45,523.26,395.94,278.49,179.98
43.797,106.02,59.007,-75.315,-2.8295,83.266,29.363,212.68,540.54,411.81,292.69,193.45
47.377,112.88,62.693,-80.643,-2.5809,88.123,26.104,215.23,555.65,426.09,305.88,206.36
50.809,119.8,66.194,-85.964,-2.1978,92.883,22.134,217.22,568.54,438.74,317.83,218.65
53.858,126.74,69.694,-91.106,-1.8886,97.688,17.665,218.77,579.32,449.85,328.51,230.31
56.37,133.56,73.248,-95.868,-1.8025,102.59,13.096,219.97,588.15,459.6,337.98,241.29
58.334,140.03,76.78,-100.11,-1.9739,107.5,8.8227,220.9,595.23,468.13,346.41,251.51
59.853,145.9,80.124,-103.78,-2.3415,112.19,5.0574,221.58,600.77,475.59,353.99,260.84
61.082,151,83.114,-106.94,-2.82,116.41,1.7976,222.02,605,482.05,360.92,269.18
62.149,155.37,85.703,-109.69,-3.3752,120.04,-1.0755,222.21,608.14,487.6,367.4,276.54
63.115,159.15,88.005,-112.14,-4.057,123.16,-3.6906,222.15,610.41,492.29,373.61,283.04
63.973,162.52,90.242,-114.36,-4.9805,125.93,-6.1337,221.85,611.99,496.19,379.64,288.86
64.674,165.59,92.611,-116.33,-6.2592,128.54,-8.4484,221.31,612.98,499.3,385.43,294.12
65.182,168.38,95.165,-118.02,-7.9126,131.06,-10.663,220.52,613.38,501.56,390.8,298.79
65.497,170.83,97.776,-119.4,-9.7991,133.44,-12.811,219.44,613.15,502.9,395.4,302.68
65.652,172.9,100.19,-120.46,-11.624,135.58,-14.934,217.99,612.11,503.18,398.88,305.5
65.689,174.54,102.12,-121.24,-13.036,137.37,-17.067,216.09,610.09,502.32,401,306.96
65.633,175.72,103.38,-121.73,-13.775,138.71,-19.217,213.69,606.88,500.33,401.76,306.98
65.477,176.44,103.92,-121.95,-13.783,139.55,-21.353,210.76,602.36,497.31,401.31,305.69
65.201,176.71,103.87,-121.91,-13.226,139.95,-23.409,207.35,596.49,493.44,399.91,303.43
64.797,176.64,103.45,-121.66,-12.432,140,-25.297,203.53,589.34,488.9,397.8,300.54
64.304,176.32,102.86,-121.27,-11.742,139.8,-26.928,199.36,580.93,483.82,395.19,297.28
63.817,175.81,102.23,-120.82,-11.359,139.37,-28.252,194.83,571.14,478.18,392.14,293.69
63.459,175.11,101.54,-120.36,-11.27,138.67,-29.274,189.79,559.67,471.8,388.6,289.64
63.313,174.12,100.73,-119.85,-11.276,137.62,-30.059,183.98,546.09,464.31,384.37,284.85
63.374,172.7,99.71,-119.19,-11.106,136.16,-30.702,177.08,529.98,455.24,379.22,278.98
63.526,170.68,98.378,-118.21,-10.544,134.22,-31.282,168.76,511.19,444.13,372.83,271.67
63.561,167.87,96.622,-116.69,-9.5174,131.72,-31.836,158.83,489.96,430.7,364.91,262.59
63.24,164.08,94.32,-114.46,-8.1042,128.55,-32.343,147.34,466.76,415.01,355.25,251.63
62.366,159.17,91.386,-111.37,-6.4964,124.64,-32.734,134.66,442.18,397.46,343.95,239.04
60.859,153.09,87.809,-107.41,-4.9418,119.92,-32.923,121.33,416.72,378.58,331.43,225.42
58.765,145.93,83.643,-102.7,-3.6905,114.42,-32.84,107.9,390.8,358.73,318.14,211.43
56.227,137.89,78.951,-97.422,-2.9295,108.2,-32.461,94.765,364.66,338.11,304.33,197.51
53.407,129.25,73.803,-91.807,-2.713,101.4,-31.822,82.173,338.46,316.83,289.97,183.73
50.435,120.3,68.274,-86.034,-2.9317,94.227,-30.985,70.287,312.3,295,274.97,169.99
47.383,111.21,62.37,-80.181,-3.3495,86.808,-30.012,59.227,286.31,272.82,259.28,156.18
44.268,101.98,55.967,-74.225,-3.6798,79.153,-28.934,49.024,260.63,250.62,243.03,142.35
41.059,92.506,48.842,-68.068,-3.6663,71.138,-27.767,39.58,235.42,228.72,226.53,128.59
37.675,82.637,40.828,-61.584,-3.147,62.57,-26.527,30.699,210.67,207.36,210.07,115.02
33.969,72.225,32.023,-54.632,-2.0925,53.289,-25.252,22.168,186.25,186.6,193.88,101.58
29.752,61.192,22.941,-47.092,-0.60856,43.313,-23.999,13.81,161.87,166.27,177.96,88.151
24.9,49.644,14.371,-38.982,1.1023,32.99,-22.851,5.5174,137.22,145.97,162.2,74.665
19.528,37.961,6.9534,-30.572,2.8079,22.962,-21.901,-2.7416,112.23,125.2,146.39,61.262
14.054,26.696,0.89653,-22.321,4.3089,13.855,-21.214,-10.908,87.616,103.67,130.38,48.307
8.969,16.281,-3.9479,-14.621,5.4765,5.9345,-20.789,-18.828,65.216,81.983,114.15,36.174
4.5485,6.7974,-7.871,-7.6114,6.2675,-0.92585,-20.536,-26.27,46.934,62.133,98.016,25.013
0.79931,-1.9218,-11.166,-1.2251,6.7189,-7.0209,-20.305,-32.998,33.065,46.073,82.793,14.847
-2.3966,-10.007,-14.073,4.6165,6.914,-12.567,-19.943,-38.86,22.453,33.957,69.536,5.7953
-5.1604,-17.389,-16.755,9.8927,6.9228,-17.618,-19.355,-43.844,13.81,24.644,58.778,-1.9673
-7.6003,-23.896,-19.263,14.536,6.7465,-22.122,-18.54,-48.073,6.346,16.978,50.221,-8.3891
-9.8298,-29.427,-21.519,18.534,6.3197,-26.012,-17.585,-51.748,-0.31905,10.212,43.174,-13.611
-11.952,-34.002,-23.375,21.957,5.5847,-29.234,-16.63,-55.079,-6.3689,3.9218,36.977,-17.896
-14.009,-37.71,-24.723,24.892,4.5748,-31.773,-15.815,-58.227,-11.914,-2.0965,31.159,-21.523
-15.944,-40.66,-25.573,27.394,3.4456,-33.677,-15.235,-61.263,-17.036,-7.8834,25.452,-24.698
-17.621,-42.963,-26.059,29.475,2.4554,-35.057,-14.916,-64.173,-21.793,-13.364,19.781,-27.527
-18.9,-44.728,-26.395,31.129,1.9095,-36.065,-14.82,-66.886,-26.212,-18.412,14.234,-30.03
-19.718,-46.064,-26.808,32.376,2.0634,-36.858,-14.873,-69.321,-30.285,-22.914,8.9917,-32.191
-20.129,-47.091,-27.464,33.286,3.0133,-37.569,-15.004,-71.43,-33.972,-26.804,4.2399,-33.998
-20.273,-47.947,-28.422,33.975,4.6314,-38.297,-15.171,-73.202,-37.211,-30.066,0.10665,-35.46
-20.331,-48.77,-29.616,34.578,6.5883,-39.098,-15.355,-74.656,-39.939,-32.704,-3.3568,-36.602
-20.464,-49.664,-30.885,35.21,8.4516,-39.975,-15.546,-75.819,-42.124,-34.737,-6.155,-37.446
-20.76,-50.649,-32.024,35.923,9.8208,-40.874,-15.719,-76.716,-43.783,-36.196,-8.3189,-37.999
-21.203,-51.642,-32.834,36.67,10.447,-41.685,-15.833,-77.36,-44.988,-37.137,-9.8905,-38.255
-21.685,-52.478,-33.18,37.334,10.292,-42.272,-15.843,-77.764,-45.856,-37.657,-10.927,-38.203
-22.073,-52.997,-33.035,37.785,9.5048,-42.532,-15.718,-77.948,-46.516,-37.898,-11.522,-37.856
-22.284,-53.126,-32.489,37.958,8.3433,-42.45,-15.469,-77.953,-47.088,-38.034,-11.82,-37.277
-22.324,-52.915,-31.714,37.882,7.0821,-42.105,-15.152,-77.842,-47.659,-38.24,-12.02,-36.588
-22.289,-52.512,-30.914,37.661,5.9437,-41.645,-14.853,-77.691,-48.273,-38.646,-12.332,-35.955
-22.319,-52.096,-30.265,37.432,5.0447,-41.225,-14.663,-77.56,-48.934,-39.298,-12.915,-35.53
-22.527,-51.816,-29.869,37.303,4.3765,-40.96,-14.629,-77.473,-49.626,-40.151,-13.812,-35.391
-22.952,-51.73,-29.74,37.315,3.8392,-40.886,-14.732,-77.411,-50.329,-41.09,-14.934,-35.502
-23.528,-51.795,-29.811,37.422,3.3094,-40.962,-14.89,-77.322,-51.034,-41.987,-16.117,-35.734
-24.112,-51.883,-29.95,37.511,2.7005,-41.082,-15.012,-77.141,-51.728,-42.744,-17.198,-35.93
-24.532,-51.837,-29.997,37.451,1.9939,-41.111,-15.036,-76.818,-52.384,-43.319,-18.089,-35.978
-24.647,-51.541,-29.82,37.162,1.2493,-40.93,-14.947,-76.328,-52.958,-43.73,-18.792,-35.851
-24.399,-50.977,-29.382,36.654,0.60396,-40.499,-14.766,-75.682,-53.391,-44.024,-19.381,-35.603
-23.831,-50.252,-28.77,36.031,0.25764,-39.885,-14.525,-74.913,-53.635,-44.256,-19.946,-35.332
-23.059,-49.556,-28.168,35.456,0.41959,-39.246,-14.248,-74.064,-53.664,-44.462,-20.558,-35.133
-22.209,-49.092,-27.771,35.077,1.2181,-38.765,-13.939,-73.164,-53.496,-44.669,-21.249,-35.058
-21.369,-48.976,-27.702,34.963,2.6272,-38.564,-13.598,-72.225,-53.185,-44.901,-22.022,-35.104
-20.597,-49.191,-27.963,35.081,4.456,-38.651,-13.23,-71.246,-52.817,-45.199,-22.875,-35.225
-19.938,-49.586,-28.426,35.324,6.3877,-38.915,-12.858,-70.224,-52.486,-45.622,-23.817,-35.375
-19.451,-49.952,-28.88,35.564,8.0442,-39.174,-12.525,-69.167,-52.269,-46.233,-24.879,-35.531
-19.2,-50.108,-29.099,35.706,9.0596,-39.252,-12.283,-68.105,-52.201,-47.075,-26.098,-35.711
-19.241,-49.972,-28.923,35.719,9.1589,-39.05,-12.171,-67.076,-52.266,-48.139,-27.491,-35.951
-19.606,-49.585,-28.317,35.64,8.2292,-38.579,-12.192,-66.103,-52.407,-49.352,-29.021,-36.277
-20.284,-49.083,-27.387,35.55,6.3635,-37.954,-12.303,-65.17,-52.538,-50.597,-30.593,-36.669
-21.218,-48.638,-26.344,35.536,3.8642,-37.344,-12.42,-64.221,-52.586,-51.744,-32.075,-37.055
-22.313,-48.378,-25.428,35.643,1.1789,-36.905,-12.442,-63.173,-52.508,-52.694,-33.341,-37.336
-23.44,-48.327,-24.809,35.846,-1.252,-36.711,-12.288,-61.947,-52.308,-53.404,-34.305,-37.418
-24.46,-48.41,-24.496,36.067,-3.1716,-36.724,-11.931,-60.501,-52.019,-53.887,-34.94,-37.248
-25.26,-48.49,-24.326,36.221,-4.5795,-36.795,-11.404,-58.839,-51.679,-54.197,-35.28,-36.843
-25.789,-48.421,-24.043,36.252,-5.6599,-36.726,-10.786,-57.008,-51.301,-54.399,-35.414,-36.292
-26.046,-48.098,-23.419,36.148,-6.6385,-36.344,-10.168,-55.081,-50.878,-54.549,-35.457,-35.742
-26.06,-47.482,-22.351,35.925,-7.6309,-35.563,-9.6073,-53.133,-50.397,-54.688,-35.517,-35.357
-25.858,-46.618,-20.896,35.617,-8.5329,-34.422,-9.1002,-51.216,-49.871,-54.835,-35.663,-35.261
-25.472,-45.614,-19.256,35.256,-9.0599,-33.073,-8.5865,-49.346,-49.337,-54.991,-35.906,-35.496
-24.938,-44.632,-17.748,34.874,-8.9425,-31.756,-7.9816,-47.507,-48.853,-55.141,-36.213,-36.007
-24.306,-43.848,-16.74,34.505,-8.1332,-30.753,-7.2216,-45.669,-48.461,-55.26,-36.521,-36.674
-23.645,-43.412,-16.496,34.182,-6.8723,-30.298,-6.2975,-43.814,-48.168,-55.323,-36.765,-37.361
-23.046,-43.373,-16.991,33.936,-5.6008,-30.445,-5.2657,-41.947,-47.932,-55.307,-36.893,-37.964
-22.606,-43.63,-17.854,33.774,-4.8091,-30.999,-4.2319,-40.103,-47.677,-55.2,-36.878,-38.434
-22.401,-43.959,-18.553,33.672,-4.8571,-31.591,-3.3091,-38.324,-47.327,-55,-36.722,-38.776
-22.448,-44.103,-18.683,33.573,-5.8246,-31.865,-2.5634,-36.639,-46.828,-54.708,-36.441,-39.028
-22.692,-43.894,-18.147,33.413,-7.4747,-31.642,-1.974,-35.036,-46.167,-54.326,-36.053,-39.227
-23.01,-43.294,-17.127,33.143,-9.3172,-30.954,-1.437,-33.464,-45.361,-53.857,-35.569,-39.395
-23.26,-42.363,-15.933,32.737,-10.758,-29.955,-0.81368,-31.85,-44.443,-53.302,-34.998,-39.53
-23.332,-41.183,-14.826,32.196,-11.307,-28.794,0.010487,-30.13,-43.434,-52.66,-34.349,-39.614
-23.188,-39.792,-13.911,31.529,-10.762,-27.527,1.0895,-28.265,-42.314,-51.918,-33.632,-39.618
-22.864,-38.163,-13.125,30.74,-9.2748,-26.106,2.4216,-26.247,-41.018,-51.042,-32.855,-39.508
-22.439,-36.223,-12.324,29.798,-7.2944,-24.446,3.9962,-24.069,-39.44,-49.97,-32.006,-39.247
-21.978,-33.89,-11.356,28.63,-5.4317,-22.483,5.8603,-21.704,-37.469,-48.625,-31.043,-38.795
-21.501,-31.074,-10.033,27.124,-4.2867,-20.15,8.1528,-19.082,-35.021,-46.932,-29.889,-38.105
-20.982,-27.642,-8.1148,25.146,-4.2682,-17.318,11.052,-16.106,-32.075,-44.846,-28.448,-37.127
-20.354,-23.387,-5.3522,22.555,-5.4497,-13.774,14.619,-12.687,-28.677,-42.357,-26.624,-35.813
-19.542,-18.053,-1.5443,19.225,-7.57,-9.2619,18.627,-8.7769,-24.909,-39.493,-24.357,-34.132
-18.484,-11.451,3.4057,15.097,-10.154,-3.5831,22.609,-4.3956,-20.854,-36.297,-21.647,-32.082
-17.154,-3.6259,9.3748,10.233,-12.636,3.2289,26.251,0.36622,-16.573,-32.82,-18.571,-29.711
-15.555,5.0306,15.889,4.8405,-14.485,10.763,29.754,5.3567,-12.119,-29.116,-15.274,-27.115
-13.689,13.914,22.233,-0.79975,-15.345,18.368,33.659,10.385,-7.5651,-25.243,-11.929,-24.42
-11.528,22.537,27.855,-6.4726,-15.168,25.533,38.339,15.245,-3.0321,-21.268,-8.6756,-21.744
-8.9965,30.782,32.697,-12.14,-14.266,32.17,43.641,19.741,1.3157,-17.257,-5.5693,-19.14
-5.9639,38.916,37.217,-17.949,-13.176,38.612,48.965,23.709,5.3111,-13.267,-2.5738,-16.568
-2.2561,47.406,42.116,-24.149,-12.45,45.409,53.803,27.033,8.8413,-9.3422,0.40419,-13.907
2.2855,56.61,47.87,-30.938,-12.454,52.973,58.296,29.648,11.886,-5.5085,3.4638,-11.007
7.662,66.466,54.288,-38.303,-13.233,61.172,63.241,31.539,14.512,-1.778,6.6648,-7.7641
13.589,76.419,60.541,-45.936,-14.524,69.261,69.532,32.726,16.826,1.8437,9.9986,-4.1732
19.59,85.753,65.767,-53.356,-15.854,76.394,76.981,33.245,18.919,5.3499,13.385,-0.3484
25.283,93.999,69.546,-60.18,-16.673,82.148,83.046,33.127,20.822,8.7243,16.698,3.5132
30.515,101.08,71.89,-66.29,-16.534,86.574,83.805,32.383,22.505,11.934,19.809,7.2114
35.3,107.2,73.109,-71.792,-15.271,90.026,76.812,31.015,23.89,14.927,22.631,10.626
39.724,112.78,73.704,-76.892,-13.048,92.99,62.093,29.035,24.9,17.637,25.137,13.754
43.876,118.23,74.211,-81.79,-10.266,95.946,41.222,26.464,25.489,19.994,27.345,16.687
47.818,123.83,75.014,-86.612,-7.3968,99.202,16.592,23.322,25.654,21.939,29.287,19.539
51.569,129.62,76.185,-91.368,-4.8326,102.78,-8.8763,19.614,25.427,23.435,30.988,22.386
55.1,135.33,77.483,-95.945,-2.7866,106.37,-32.363,15.335,24.848,24.475,32.46,25.246
58.345,140.5,78.498,-100.15,-1.2637,109.52,-52.003,10.503,23.946,25.095,33.711,28.088
61.217,144.66,78.82,-103.78,-0.10496,111.77,-67.062,5.1871,22.733,25.372,34.751,30.854
63.626,147.52,78.128,-106.68,0.91105,112.83,-77.364,-0.4775,21.214,25.413,35.605,33.472
65.474,148.95,76.254,-108.75,1.9498,112.66,-82.771,-6.2904,19.414,25.338,36.319,35.873
66.67,148.93,73.226,-109.88,3.0347,111.34,-83.541,-12.009,17.393,25.251,36.952,38.021
67.146,147.3,69.278,-109.84,4.0543,108.95,-81.413,-17.388,15.245,25.219,37.549,39.926
66.88,143.78,64.795,-108.34,4.8719,105.46,-79.056,-22.23,13.072,25.259,38.104,41.618
65.914,138.35,60.188,-105.29,5.4309,100.9,-77.815,-26.428,10.939,25.327,38.551,43.113
64.344,131.48,55.677,-100.94,5.7773,95.511,-77.422,-29.976,8.8444,25.326,38.769,44.366
62.317,123.78,51.132,-95.765,6.0261,89.601,-77.208,-32.941,6.7143,25.128,38.618,45.272
59.97,115.56,46.149,-90.129,6.3049,83.23,-76.718,-35.426,4.4283,24.607,37.975,45.709
57.37,106.79,40.296,-84.127,6.6847,76.224,-75.732,-37.536,1.8614,23.67,36.762,45.592
54.486,97.301,33.371,-77.699,7.1274,68.338,-74.161,-39.366,-1.0712,22.266,34.958,44.919
51.234,87.018,25.567,-70.774,7.486,59.447,-71.977,-41.01,-4.3824,20.386,32.599,43.764
47.543,76.01,17.45,-63.357,7.575,49.666,-69.194,-42.565,-8.0094,18.045,29.749,42.232
43.393,64.505,9.7299,-55.567,7.2705,39.382,-65.872,-44.14,-11.839,15.267,26.479,40.405
38.822,52.841,2.963,-47.594,6.5793,29.136,-62.124,-45.832,-15.751,12.086,22.84,38.302
33.893,41.321,-2.6212,-39.596,5.6523,19.385,-58.082,-47.702,-19.648,8.5614,18.859,35.877
28.647,30.029,-7.112,-31.583,4.7496,10.312,-53.859,-49.748,-23.468,4.7829,14.546,33.042
23.098,18.789,-10.79,-23.402,4.1745,1.8568,-49.526,-51.902,-27.17,0.87227,9.9353,29.715
17.283,7.3613,-13.984,-14.858,4.1833,-6.0802,-45.132,-54.049,-30.717,-3.045,5.1155,25.864
11.326,-4.175,-16.956,-5.9267,4.8941,-13.42,-40.759,-56.08,-34.069,-6.8782,0.23942,21.545
5.4758,-15.156,-19.842,3.0178,6.2335,-19.905,-36.552,-57.925,-37.192,-10.595,-4.5101,16.908
0.068267,-24.646,-22.639,11.233,7.9397,-25.322,-32.685,-59.567,-40.064,-14.213,-8.9675,12.181
-4.6067,-32.112,-25.243,18.028,9.6222,-29.645,-29.288,-61.03,-42.683,-17.76,-13.021,7.6342
-8.429,-37.644,-27.493,23.186,10.862,-32.994,-26.401,-62.359,-45.068,-21.244,-16.628,3.51
-11.462,-41.641,-29.236,26.917,11.337,-35.515,-23.993,-63.594,-47.25,-24.639,-19.8,-0.057291
-13.865,-44.526,-30.414,29.585,10.932,-37.363,-22.009,-64.763,-49.267,-27.889,-22.581,-3.0757
-15.803,-46.656,-31.093,31.529,9.7804,-38.712,-20.39,-65.872,-51.14,-30.922,-25.022,-5.6705
-17.403,-48.302,-31.432,33.015,8.205,-39.736,-19.069,-66.91,-52.864,-33.663,-27.163,-8.0114
-18.743,-49.64,-31.621,34.217,6.6192,-40.567,-17.968,-67.861,-54.412,-36.054,-29.028,-10.233
-19.856,-50.778,-31.84,35.236,5.4278,-41.304,-17.004,-68.721,-55.741,-38.065,-30.628,-12.387
-20.73,-51.787,-32.226,36.119,4.9287,-42.017,-16.109,-69.49,-56.81,-39.692,-31.969,-14.438
-21.34,-52.714,-32.838,36.886,5.2379,-42.741,-15.245,-70.165,-57.595,-40.956,-33.05,-16.285
-21.672,-53.57,-33.634,37.541,6.276,-43.466,-14.404,-70.723,-58.102,-41.896,-33.875,-17.821
-21.757,-54.328,-34.491,38.075,7.7954,-44.14,-13.597,-71.142,-58.38,-42.574,-34.469,-18.986
-21.665,-54.934,-35.245,38.471,9.4334,-44.687,-12.831,-71.411,-58.508,-43.066,-34.88,-19.801
-21.491,-55.335,-35.75,38.719,10.798,-45.035,-12.095,-71.545,-58.584,-43.45,-35.177,-20.366
-21.333,-55.504,-35.92,38.825,11.58,-45.151,-11.361,-71.596,-58.692,-43.783,-35.428,-20.819
-21.265,-55.459,-35.761,38.815,11.638,-45.055,-10.61,-71.645,-58.884,-44.086,-35.679,-21.279
-21.326,-55.269,-35.377,38.732,11.027,-44.828,-9.855,-71.777,-59.169,-44.346,-35.949,-21.803
-21.513,-55.041,-34.928,38.63,9.9455,-44.585,-9.1602,-72.034,-59.505,-44.515,-36.224,-22.367
-21.794,-54.884,-34.572,38.565,8.6586,-44.439,-8.6102,-72.362,-59.795,-44.518,-36.47,-22.888
-22.126,-54.876,-34.412,38.574,7.4264,-44.458,-8.2436,-72.583,-59.88,-44.26,-36.65,-23.274
-22.462,-55.039,-34.47,38.67,6.4622,-44.644,-7.998,-72.389,-59.541,-43.657,-36.74,-23.485
-22.742,-55.334,-34.697,38.831,5.896,-44.944,-7.6726,-71.365,-58.501,-42.658,-36.752,-23.566
-22.9,-55.672,-35.005,39,5.7653,-45.268,-6.9233,-69.004,-56.425,-41.237,-36.723,-23.641
-22.865,-55.949,-35.318,39.108,6.0492,-45.532,-5.2486,-64.735,-52.885,-39.32,-36.663,-23.807
-22.588,-56.073,-35.597,39.087,6.7006,-45.68,-2.0001,-58.316,-47.363,-36.618,-36.459,-23.991
-22.044,-55.976,-35.851,38.883,7.6514,-45.689,3.0407,-51.574,-39.638,-32.426,-35.769,-23.799
-21.204,-55.593,-36.114,38.436,8.8035,-45.551,7.6075,-50.052,-31.907,-25.541,-33.869,-22.39
-19.903,-54.832,-36.397,37.643,10.048,-45.232,9.0381,-54.748,-35.478,-15.637,-29.455,-18.269
-17.506,-53.506,-36.645,36.243,11.394,-44.639,10.305,-56.17,-60.206,-19.454,-26.015,-9.2878
-13.034,-51.214,-36.714,33.587,13.196,-43.576,14.752,-46.197,-70.393,-38.267,-38.218,-5.3983
-13.412,-47.643,-36.418,30.504,15.379,-41.753,18.813,-28.524,-61.361,-32.404,-35.138,-22.067
-18.782,-54.015,-35.684,41.615,17.116,-40.283,7.5961,-16.54,-42.057,-25.54,-32.913,-22.223
-19.225,-77.716,-35.827,49.143,18.913,-58.661,8.4316,24.813,-12.183,-17.841,-32.318,-23.702
-18.922,-87.036,-55.6,52.681,22.452,-78.073,30.486,102.94,33.416,-5.5355,-30.908,-25.447
-16.825,-94.513,-77.571,55.098,28.242,-86.99,64.09,189.71,99.369,19.503,-21.85,-21.883
-10.23,-97.905,-85.926,53.362,34.535,-93.028,106.95,264.79,187.79,70.206,6.7001,-3.7994
4.9548,-91.375,-90.724,42.637,41.839,-92.614,138.8,309.09,302.9,163.04,70.171,39.618
33.58,-67.743,-90.351,17.158,51.383,-81.274,143.61,311.24,430.67,309.43,181.72,119.85
79.155,-18.858,-82.188,-28.993,65.595,-53.496,116.41,264.11,562.73,505,341.22,242.88
137.8,63.684,-61.206,-99.164,83.156,-1.5661,56.125,164.2,693.05,747.19,545.85,404.83
199.37,179.24,-19.984,-187.74,95.708,80.984,-35.262,10.854,807.77,1028.6,790.74,601.5
258.52,314.64,50.246,-286.8,96.04,187.99,-152.94,-196.7,886.98,1330.6,1059.2,820.48
308.48,460.83,147.14,-388.38,80.153,306.65,-289.98,-461.69,906.6,1624.4,1327.4,1041.6
341.59,605.03,251.53,-480.41,47.205,429.9,-438.48,-788.46,840.6,1872.2,1563.9,1240.1
352.08,730.53,357.95,-550.37,-1.061,545.93,-589.67,-1176.2,666.51,2030.3,1732.9,1389.3
337.44,820.61,456.28,-587.9,-59.817,640.53,-733.45,-1610.1,374.89,2057.3,1800.1,1464.4
298.59,860.94,532.69,-586.56,-120.43,699.42,-858.66,-2054.5,-20.693,1924.7,1741.6,1447.9
239.79,842.27,573.85,-544.88,-172.39,710.96,-954.6,-2455.5,-479.59,1629.2,1551.7,1334.2
168.63,763.53,570.32,-467.06,-206.38,669.58,-1013.3,-2753.4,-940.83,1198.5,1248.5,1133.2
94.772,633.13,519.74,-362.83,-216.52,578.22,-1030.9,-2901.9,-1339.1,688.32,871.43,869.43
26.29,468.02,428.38,-245.7,-199.42,448.65,-1008.7,-2883.4,-1622,171.48,473.94,578.32
-30.585,284.08,303.49,-126.25,-161.44,293.72,-952.59,-2714.2,-1762.1,-279.01,110.74,298.59
-65.273,126.99,187.51,-30.114,-127.55,155.93,-863.16,-2427.7,-1757.4,-612.4,-182.52,54.047
-84.247,4.9013,87.971,39.605,-94.507,44.529,-772.54,-2094.8,-1627.6,-773.79,-350.47,-102.03
-93.143,-73.256,18.356,81.527,-69.575,-29.25,-678.55,-1756.1,-1426.3,-808.61,-433.33,-202.49
-94.22,-104.1,-16.166,94.859,-55.443,-61.773,-587.35,-1440.7,-1192.7,-744.24,-438.68,-245.75
-89.153,-99.536,-22.31,88.373,-49.644,-62.416,-499.66,-1163.2,-957.05,-619.33,-389.52,-244.02
-80.084,-76.948,-12.086,72.523,-46.931,-45.544,-414.8,-927.12,-740.46,-473.59,-312.65,-214.22
-67.316,-50.28,3.4026,54.783,-43.775,-23.468,-332.56,-729.63,-554.38,-337.52,-231.35,-172.49
-46.202,-29.138,17.324,40.51,-40.011,-5.3279,-254.09,-567.02,-402.97,-228.84,-161.26,-131.27
-37.031,-19.053,25.029,33.991,-35.934,3.4072,-181.85,-437.22,-286.72,-153.11,-109.81,-97.718
-35.63,-38.782,20.143,38.249,-33.796,-10.536,-119.06,-337.63,-199.36,-107.99,-77.74,-71.423
-35.955,-49.229,-2.4442,40.41,-32.103,-30.821,-68.222,-263.97,-134.63,-87.04,-61.914,-62.526
-35.969,-52.207,-12.705,41.615,-27.926,-35.751,-31.942,-211.53,-93.917,-80.86,-56.681,-59.823
-35.054,-53.434,-16.33,42.035,-25.501,-37.56,-10.789,-175.1,-74.38,-81.331,-56.424,-57.124
-33.519,-53.619,-17.691,41.816,-23.633,-38.057,-0.11989,-149.78,-66.701,-84.532,-57.73,-55.081
-31.89,-53.192,-18.209,41.246,-21.396,-37.892,5.8504,-131.26,-63.091,-87.885,-59.208,-52.685
-30.405,-52.581,-18.721,40.595,-18.486,-37.583,10.935,-116.48,-61.409,-77.666,-55.224,-49.868
-29.099,-52.177,-19.798,40.062,-14.933,-37.581,15.289,-103.41,-67.319,-64.819,-48.787,-47.268
-27.99,-52.226,-21.601,39.762,-11.053,-38.136,17.387,-90.007,-65.633,-58.658,-45.196,-45.161
-27.123,-52.726,-23.868,39.711,-7.3241,-39.179,18.79,-78.063,-60.683,-54.921,-43.145,-43.509
-26.526,-53.471,-26.157,39.835,-4.1924,-40.421,27.755,-71.569,-56.045,-52.385,-41.913,-42.229
-26.181,-54.196,-28.1,40.011,-1.9214,-41.555,36.277,-65.995,-52.194,-50.467,-41.172,-41.282
-26.013,-54.703,-29.526,40.122,-0.51893,-42.387,41.77,-60.623,-49.026,-48.777,-40.716,-40.659
-25.913,-54.92,-30.456,40.101,0.2533,-42.877,45.073,-55.662,-46.294,-47.065,-40.403,-40.341
-25.783,-54.894,-31.034,39.944,0.77564,-43.1,47.152,-51.164,-43.74,-45.179,-40.126,-40.259
-25.568,-54.75,-31.45,39.705,1.3764,-43.197,48.648,-47.046,-41.153,-43.013,-39.791,-40.296
-25.249,-54.63,-31.877,39.46,2.2215,-43.305,49.973,-43.168,-38.404,-40.483,-39.302,-40.303
-24.816,-54.626,-32.434,39.266,3.3909,-43.514,51.349,-39.395,-35.446,-37.541,-38.58,-40.149
-24.264,-54.754,-33.153,39.133,4.9088,-43.844,52.834,-35.646,-32.302,-34.21,-37.588,-39.77
-23.603,-54.951,-33.972,39.023,6.674,-44.242,54.376,-31.931,-29.033,-30.602,-36.365,-39.187
-22.876,-55.105,-34.744,38.882,8.4395,-44.597,55.879,-28.327,-25.701,-26.893,-35.016,-38.491
-22.157,-55.107,-35.279,38.668,9.8871,-44.783,57.25,-24.95,-22.332,-23.269,-33.673,-37.8
-21.535,-54.884,-35.416,38.373,10.75,-44.701,58.427,-21.895,-18.917,-19.844,-32.455,-37.215
-21.081,-54.428,-35.1,38.017,10.919,-44.319,59.387,-19.197,-15.427,-16.626,-31.431,-36.786
-20.825,-53.797,-34.412,37.641,10.48,-43.697,60.151,-16.809,-11.847,-13.53,-30.6,-36.496
-20.75,-53.092,-33.543,37.285,9.6804,-42.958,60.771,-14.611,-8.1836,-10.437,-29.897,-36.259
-20.792,-52.42,-32.711,36.976,8.8318,-42.246,61.306,-12.457,-4.4578,-7.2655,-29.215,-35.94
-20.871,-51.87,-32.087,36.726,8.2026,-41.683,61.8,-10.239,-0.68824,-4.0196,-28.453,-35.402
-20.916,-51.495,-31.755,36.531,7.9273,-41.336,62.253,-7.9341,3.1177,-0.79134,-27.554,-34.555
-20.892,-51.297,-31.692,36.378,7.9602,-41.206,62.619,-5.6336,6.9652,2.2939,-26.53,-33.387
-20.81,-51.22,-31.772,36.244,8.0908,-41.217,62.826,-3.479,10.866,5.1529,-25.435,-31.954
-20.718,-51.153,-31.789,36.097,8.0331,-41.229,62.808,-1.5782,14.832,7.7983,-24.318,-30.34
-20.666,-50.967,-31.542,35.901,7.5542,-41.087,62.552,0.059204,18.862,10.339,-23.176,-28.596
-20.665,-50.568,-30.931,35.623,6.5855,-40.691,62.11,1.5307,22.947,12.935,-21.933,-26.709
-20.671,-49.938,-30.023,35.241,5.2756,-40.048,61.586,2.9942,27.068,15.724,-20.479,-24.611
-20.606,-49.136,-29.032,34.745,3.9558,-39.268,61.086,4.5964,31.218,18.78,-18.718,-22.235
-20.381,-48.27,-28.236,34.141,3.0145,-38.521,60.671,6.4164,35.421,22.097,-16.622,-19.581
-19.921,-47.469,-27.866,33.457,2.7377,-37.975,60.328,8.4487,39.742,25.622,-14.238,-16.762
-19.194,-46.844,-28.017,32.741,3.2052,-37.733,59.974,10.628,44.293,29.301,-11.659,-13.978
-18.227,-46.454,-28.614,32.056,4.2817,-37.795,59.495,12.88,49.222,33.127,-8.944,-11.413
-17.111,-46.266,-29.426,31.455,5.6981,-38.043,58.807,15.18,54.705,37.176,-6.0453,-9.1185
-15.981,-46.143,-30.147,30.949,7.173,-38.266,57.889,17.572,60.931,41.598,-2.7883,-6.9638
-14.948,-45.885,-30.509,30.478,8.5102,-38.235,56.781,20.156,68.084,46.579,1.0735,-4.6792
-14.042,-45.308,-30.383,29.942,9.6416,-37.799,55.547,23.044,76.311,52.28,5.7538,-1.9604
-13.207,-44.34,-29.822,29.246,10.606,-36.944,54.247,26.311,85.699,58.793,11.335,1.4218
-12.351,-43.034,-29.014,28.357,11.481,-35.793,52.91,29.976,96.264,66.112,17.73,5.5378
-11.413,-41.533,-28.188,27.293,12.325,-34.54,51.536,33.994,107.95,74.146,24.727,10.267
-10.367,-39.988,-27.535,26.09,13.136,-33.375,50.104,38.28,120.63,82.777,32.104,15.339
-9.2024,-38.487,-27.157,24.744,13.813,-32.419,48.594,42.757,134.12,91.935,39.731,20.447
-7.894,-37.014,-27.03,23.199,14.149,-31.68,46.999,47.399,148.15,101.66,47.622,25.36
-6.4115,-35.431,-26.961,21.352,13.883,-31.024,45.336,52.272,162.49,112.09,55.92,29.996
-4.7643,-33.5,-26.63,19.101,12.837,-30.182,43.644,57.531,176.97,123.37,64.825,34.426
-3.0392,-30.94,-25.718,16.388,11.014,-28.836,41.959,63.372,191.59,135.52,74.514,38.83
-1.3543,-27.515,-24.068,13.216,8.6346,-26.731,40.275,69.964,206.43,148.42,85.066,43.424
0.27092,-23.104,-21.749,9.614,6.1287,-23.775,38.5,77.356,221.66,161.84,96.417,48.412
2.0081,-17.755,-19.046,5.6014,4.0527,-20.073,36.45,85.431,237.39,175.63,108.4,53.964
4.1557,-11.683,-16.37,1.182,2.9089,-15.915,33.887,93.941,253.69,189.78,120.86,60.24
6.9486,-5.2145,-14.127,-3.5997,2.9494,-11.677,30.611,102.65,270.52,204.33,133.73,67.417
10.373,1.3335,-12.523,-8.6061,4.0405,-7.6425,26.594,111.44,287.85,219.45,147.06,75.697
14.115,7.7985,-11.387,-13.632,5.6749,-3.8168,22.07,120.37,305.63,235.31,160.92,85.271
17.747,14.254,-10.213,-18.527,7.1755,0.11202,17.475,129.52,323.84,252.01,175.32,96.205
21.04,20.967,-8.4141,-23.316,7.9808,4.6109,13.212,138.81,342.44,269.54,190.15,108.3
24.109,28.256,-5.6217,-28.214,7.868,10.053,9.458,147.98,361.35,287.67,205.15,121.13
27.291,36.291,-1.8593,-33.503,7.0244,16.516,6.1652,156.66,380.45,306.05,220.05,134.21
30.879,44.944,2.4722,-39.333,5.9214,23.716,3.1685,164.55,399.62,324.32,234.59,147.17
34.902,53.799,6.808,-45.593,5.063,31.121,0.29793,171.55,418.76,342.18,248.61,159.79
39.111,62.358,10.729,-51.951,4.7615,38.203,-2.5566,177.7,437.77,359.51,262.09,171.98
43.153,70.29,14.187,-58.061,5.0476,44.681,-5.4291,183.16,456.59,376.25,275.09,183.77
46.737,77.542,17.525,-63.712,5.7098,50.598,-8.294,188.08,475.08,392.37,287.72,195.31
49.699,84.289,21.302,-68.867,6.411,56.226,-11.095,192.55,493.05,407.78,299.99,206.81
52.023,90.808,26.015,-73.594,6.8328,61.884,-13.772,196.62,510.21,422.29,311.83,218.44
53.839,97.347,31.822,-78.017,6.8081,67.767,-16.283,200.28,526.23,435.63,323.08,230.24
55.388,104.02,38.414,-82.268,6.3928,73.843,-18.621,203.49,540.72,447.54,333.6,242.01
56.929,110.76,45.115,-86.452,5.8279,79.864,-20.815,206.19,553.4,457.86,343.3,253.44
58.631,117.36,51.181,-90.603,5.4004,85.493,-22.918,208.38,564.1,466.62,352.21,264.14
60.483,123.59,56.15,-94.666,5.2563,90.475,-24.98,210.06,572.81,473.92,360.38,273.87
62.291,129.29,60.034,-98.498,5.2835,94.768,-27.022,211.3,579.64,479.96,367.92,282.57
63.765,134.43,63.254,-101.92,5.1603,98.552,-29.025,212.2,584.83,484.91,374.91,290.35
64.667,139.09,66.379,-104.82,4.5322,102.13,-30.943,212.82,588.6,488.92,381.4,297.37
64.937,143.45,69.827,-107.21,3.2004,105.77,-32.743,213.2,591.18,492.08,387.37,303.66
64.739,147.65,73.689,-109.24,1.2284,109.61,-34.438,213.31,592.69,494.43,392.72,309.15
64.397,151.8,77.73,-111.11,-1.0572,113.58,-36.082,213.1,593.21,495.96,397.31,313.7
64.231,155.85,81.556,-112.96,-3.1879,117.49,-37.725,212.51,592.74,496.69,401.02,317.18
64.431,159.66,84.857,-114.79,-4.7579,121.12,-39.367,211.56,591.2,496.62,403.83,319.6
65.007,163.04,87.533,-116.51,-5.5826,124.33,-40.959,210.28,588.48,495.78,405.79,321.12
65.82,165.84,89.666,-117.99,-5.7421,127.04,-42.428,208.71,584.41,494.18,406.99,321.93
66.629,167.99,91.423,-119.09,-5.5265,129.25,-43.718,206.89,578.78,491.83,407.51,322.22
67.158,169.47,92.958,-119.73,-5.3317,131,-44.806,204.79,571.44,488.7,407.34,322.05
67.181,170.35,94.374,-119.89,-5.5406,132.33,-45.704,202.34,562.34,484.8,406.43,321.38
66.617,170.75,95.716,-119.65,-6.4072,133.3,-46.442,199.46,551.53,480.11,404.73,320.04
65.55,170.85,96.978,-119.14,-7.9651,134,-47.05,196.08,539.12,474.65,402.14,317.84
64.179,170.78,98.115,-118.51,-10.013,134.49,-47.542,192.12,525.16,468.37,398.61,314.63
62.727,170.6,99.06,-117.85,-12.188,134.79,-47.922,187.48,509.57,461.13,394.08,310.34
61.387,170.28,99.72,-117.19,-14.068,134.87,-48.19,182.02,492.24,452.67,388.56,304.98
60.299,169.7,99.985,-116.48,-15.307,134.63,-48.356,175.53,473.07,442.6,382.06,298.65
59.517,168.68,99.75,-115.64,-15.744,133.93,-48.435,167.76,452.16,430.47,374.6,291.39
58.979,167.02,98.935,-114.54,-15.447,132.61,-48.445,158.52,429.79,416.04,366.11,283.2
58.506,164.55,97.493,-113.05,-14.664,130.58,-48.414,147.8,406.41,399.43,356.45,273.97
57.88,161.15,95.403,-111.03,-13.697,127.75,-48.378,135.82,382.48,381.15,345.56,263.64
56.945,156.78,92.682,-108.4,-12.779,124.13,-48.36,123,358.35,361.73,333.55,252.31
55.679,151.44,89.402,-105.15,-11.992,119.77,-48.342,109.9,334.22,341.55,320.63,240.23
54.182,145.23,85.669,-101.31,-11.26,114.78,-48.251,97.026,310.16,320.83,306.98,227.77
52.585,138.29,81.553,-96.955,-10.394,109.27,-47.989,84.753,286.18,299.66,292.66,215.24
50.981,130.8,77.016,-92.197,-9.1777,103.33,-47.47,73.244,262.3,278.14,277.65,202.79
49.409,122.87,71.9,-87.173,-7.4729,96.947,-46.664,62.463,238.52,256.41,261.91,190.42
47.841,114.54,66.003,-81.949,-5.2968,90.06,-45.61,52.271,214.82,234.65,245.47,177.94
46.136,105.71,59.198,-76.458,-2.8483,82.572,-44.381,42.535,191.15,213.11,228.49,165.06
44.005,96.302,51.537,-70.5,-0.48145,74.42,-43.038,33.182,167.44,192.02,211.24,151.5
41.066,86.209,43.282,-63.839,1.4015,65.611,-41.59,24.194,143.63,171.43,194.05,137.06
36.986,75.434,34.85,-56.358,2.5152,56.255,-40.002,15.575,119.84,151.2,177.19,121.81
31.692,64.14,26.676,-48.211,2.8154,46.597,-38.239,7.3249,96.618,130.94,160.77,106.12
25.584,52.661,19.042,-39.819,2.5026,36.936,-36.301,-0.57272,74.998,110.34,144.73,90.702
19.432,41.368,12.009,-31.628,1.9217,27.481,-34.235,-8.1537,56.147,89.57,128.95,76.345
13.851,30.45,5.5579,-23.83,1.4353,18.288,-32.119,-15.457,40.586,69.827,113.38,63.605
8.9289,19.826,-0.2418,-16.304,1.3029,9.3634,-30.026,-22.485,27.862,52.791,98.167,52.524
4.3685,9.3037,-5.2323,-8.7929,1.5659,0.86757,-28.001,-29.172,17.05,39.179,83.769,42.746
-0.1997,-1.101,-9.3247,-1.1529,1.9969,-6.8167,-26.057,-35.38,7.3792,28.348,70.82,33.811
-4.9517,-10.963,-12.569,6.4462,2.1873,-13.308,-24.183,-40.962,-1.5454,19.255,59.678,25.377
-9.7506,-19.668,-15.083,13.541,1.7537,-18.511,-22.361,-45.83,-9.8449,11.166,50.203,17.292
-14.24,-26.868,-16.99,19.661,0.53884,-22.621,-20.575,-50.004,-17.52,3.7,41.95,9.5637
-18.072,-32.608,-18.401,24.586,-1.2982,-25.901,-18.808,-53.61,-24.547,-3.3309,34.461,2.2883
-21.04,-37.091,-19.426,28.341,-3.3332,-28.533,-17.058,-56.826,-30.912,-10.016,27.386,-4.449
-23.061,-40.476,-20.178,31.036,-5.0411,-30.599,-15.35,-59.818,-36.615,-16.368,20.52,-10.609
-24.146,-42.884,-20.761,32.81,-5.9897,-32.147,-13.742,-62.685,-41.676,-22.333,13.802,-16.181
-24.408,-44.452,-21.261,33.834,-5.9744,-33.23,-12.299,-65.442,-46.137,-27.822,7.3129,-21.146
-24.074,-45.374,-21.743,34.323,-5.0633,-33.943,-11.058,-68.031,-50.054,-32.75,1.2325,-25.466
-23.448,-45.9,-22.254,34.524,-3.5575,-34.424,-9.9865,-70.365,-53.485,-37.071,-4.2393,-29.114
-22.83,-46.298,-22.825,34.669,-1.8805,-34.831,-8.986,-72.378,-56.479,-40.791,-8.9708,-32.091
-22.456,-46.792,-23.467,34.933,-0.43725,-35.305,-7.9324,-74.055,-59.081,-43.957,-12.941,-34.433
-22.443,-47.494,-24.158,35.393,0.51193,-35.914,-6.7464,-75.446,-61.335,-46.648,-16.224,-36.205
-22.759,-48.36,-24.832,35.999,0.91563,-36.622,-5.4417,-76.64,-63.291,-48.949,-18.946,-37.504
-23.234,-49.211,-25.397,36.599,0.897,-37.304,-4.1229,-77.732,-65.009,-50.938,-21.235,-38.453
-23.648,-49.817,-25.764,37.006,0.65251,-37.801,-2.9352,-78.782,-66.542,-52.678,-23.192,-39.184
-23.843,-50.02,-25.883,37.095,0.3557,-38.001,-1.9936,-79.791,-67.933,-54.211,-24.89,-39.806
-23.783,-49.819,-25.765,36.874,0.10701,-37.904,-1.3319,-80.717,-69.206,-55.569,-26.372,-40.385
-23.551,-49.381,-25.486,36.486,-0.063208,-37.62,-0.89712,-81.499,-70.369,-56.778,-27.666,-40.927
-23.3,-48.956,-25.178,36.14,-0.15795,-37.322,-0.59018,-82.093,-71.416,-57.864,-28.787,-41.399
-23.177,-48.76,-24.988,36.001,-0.18144,-37.175,-0.32492,-82.493,-72.336,-58.85,-29.749,-41.753
-23.247,-48.895,-25.028,36.125,-0.13293,-37.28,-0.074003,-82.727,-73.12,-59.759,-30.563,-41.958
-23.489,-49.327,-25.326,36.462,-0.026289,-37.636,0.12434,-82.849,-73.772,-60.601,-31.243,-42.018
-23.835,-49.915,-25.791,36.894,0.083634,-38.141,0.20172,-82.905,-74.312,-61.376,-31.807,-41.974
-24.196,-50.463,-26.243,37.288,0.10242,-38.625,0.11428,-82.918,-74.77,-62.068,-32.277,-41.885
-24.492,-50.785,-26.481,37.529,-0.060962,-38.91,-0.12095,-82.879,-75.173,-62.659,-32.677,-41.81
-24.666,-50.778,-26.381,37.564,-0.43831,-38.886,-0.43295,-82.765,-75.541,-63.14,-33.033,-41.786
-24.702,-50.466,-25.963,37.416,-0.97689,-38.571,-0.73844,-82.564,-75.882,-63.519,-33.374,-41.823
-24.632,-50.003,-25.373,37.181,-1.5612,-38.101,-0.98643,-82.289,-76.185,-63.823,-33.721,-41.909
-24.517,-49.604,-24.813,36.988,-2.0638,-37.674,-1.1798,-81.976,-76.432,-64.087,-34.086,-42.013
-24.423,-49.445,-24.448,36.942,-2.3937,-37.451,-1.3682,-81.662,-76.599,-64.336,-34.465,-42.096
-24.391,-49.593,-24.352,37.078,-2.5202,-37.496,-1.621,-81.363,-76.67,-64.58,-34.837,-42.126
-24.423,-49.981,-24.498,37.352,-2.4679,-37.766,-1.9874,-81.063,-76.639,-64.815,-35.182,-42.088
-24.494,-50.448,-24.79,37.654,-2.2987,-38.137,-2.4608,-80.715,-76.511,-65.031,-35.481,-41.989
-24.569,-50.8,-25.098,37.865,-2.1032,-38.455,-2.9684,-80.26,-76.294,-65.216,-35.725,-41.847
-24.631,-50.893,-25.286,37.903,-2,-38.592,-3.3997,-79.642,-75.981,-65.363,-35.917,-41.694
-24.694,-50.691,-25.252,37.769,-2.1188,-38.483,-3.6553,-78.826,-75.549,-65.459,-36.068,-41.569
-24.797,-50.278,-24.958,37.543,-2.546,-38.153,-3.6829,-77.809,-74.958,-65.486,-36.188,-41.504
-24.979,-49.831,-24.469,37.352,-3.2575,-37.717,-3.4862,-76.606,-74.166,-65.417,-36.276,-41.509
-25.233,-49.543,-23.945,37.304,-4.0842,-37.339,-3.1145,-75.244,-73.147,-65.23,-36.317,-41.568
-25.493,-49.535,-23.583,37.431,-4.7495,-37.169,-2.6434,-73.755,-71.911,-64.92,-36.291,-41.654
-25.65,-49.801,-23.539,37.671,-4.9735,-37.271,-2.1479,-72.169,-70.503,-64.502,-36.193,-41.754
-25.617,-50.208,-23.855,37.901,-4.6011,-37.598,-1.675,-70.51,-68.988,-64.006,-36.033,-41.875
-25.371,-50.561,-24.429,37.998,-3.6918,-38.004,-1.2323,-68.795,-67.426,-63.465,-35.838,-42.037
-24.966,-50.692,-25.053,37.897,-2.5225,-38.314,-0.80984,-67.035,-65.844,-62.902,-35.634,-42.256
-24.507,-50.528,-25.507,37.604,-1.4804,-38.401,-0.42197,-65.24,-64.23,-62.33,-35.437,-42.529
-24.115,-50.109,-25.654,37.194,-0.89074,-38.233,-0.13017,-63.423,-62.543,-61.75,-35.246,-42.833
-23.889,-49.561,-25.494,36.775,-0.87723,-37.876,-0.017287,-61.586,-60.732,-61.149,-35.044,-43.121
-23.862,-49.045,-25.152,36.445,-1.3216,-37.463,-0.12236,-59.704,-58.751,-60.499,-34.791,-43.331
-23.982,-48.683,-24.82,36.25,-1.9161,-37.136,-0.38707,-57.716,-56.571,-59.764,-34.44,-43.397
-24.11,-48.523,-24.685,36.165,-2.273,-36.994,-0.66104,-55.544,-54.185,-58.908,-33.946,-43.264
-24.07,-48.513,-24.864,36.098,-2.0582,-37.059,-0.76451,-53.116,-51.607,-57.914,-33.291,-42.912
-23.71,-48.518,-25.353,35.922,-1.1161,-37.26,-0.56369,-50.41,-48.866,-56.784,-32.489,-42.357
-22.957,-48.353,-26.011,35.515,0.45514,-37.441,-0.015313,-47.467,-45.992,-55.539,-31.583,-41.654
-21.853,-47.84,-26.59,34.798,2.3165,-37.404,0.83846,-44.376,-43.007,-54.192,-30.621,-40.869
-20.529,-46.856,-26.823,33.757,4.0094,-36.969,1.9211,-41.22,-39.905,-52.73,-29.627,-40.048
-19.156,-45.344,-26.513,32.416,5.1441,-36.021,3.1932,-38.017,-36.659,-51.102,-28.571,-39.19
-17.889,-43.284,-25.594,30.796,5.5604,-34.519,4.7038,-34.695,-33.226,-49.239,-27.37,-38.236
-16.831,-40.638,-24.11,28.887,5.379,-32.455,6.5914,-31.096,-29.568,-47.068,-25.909,-37.091
-16.022,-37.331,-22.13,26.667,4.9111,-29.795,9.0314,-27.039,-25.656,-44.539,-24.077,-35.666
-15.413,-33.306,-19.671,24.15,4.4775,-26.484,12.136,-22.385,-21.472,-41.628,-21.795,-33.904
-14.845,-28.619,-16.734,21.385,4.2814,-22.527,15.839,-17.107,-17.006,-38.337,-19.03,-31.795
-14.081,-23.425,-13.431,18.376,4.3808,-18.082,19.869,-11.295,-12.264,-34.696,-15.8,-29.36
-12.882,-17.827,-9.9968,15,4.6616,-13.376,23.951,-5.1137,-7.2841,-30.754,-12.172,-26.631
-11.11,-11.734,-6.5681,11.016,4.8267,-8.4915,28.037,1.2553,-2.156,-26.573,-8.2542,-23.643
-8.7456,-4.8858,-3.0185,6.1669,4.4748,-3.2783,32.205,7.6523,2.9719,-22.217,-4.1555,-20.425
-5.8202,2.9858,0.98035,0.33689,3.2344,2.5645,36.314,13.928,7.9098,-17.744,0.043146,-17.001
-2.4082,11.964,5.8075,-6.3292,0.94396,9.334,39.936,19.922,12.468,-13.207,4.3057,-13.385
1.2828,21.832,11.745,-13.441,-2.2159,17.157,42.707,25.45,16.513,-8.6464,8.6306,-9.5789
4.9544,32.133,18.829,-20.55,-5.7601,25.858,44.634,30.329,20.006,-4.0837,13.026,-5.5742
8.4178,42.365,26.708,-27.361,-9.0488,34.961,46.06,34.406,23.011,0.47928,17.483,-1.3611
11.714,52.191,34.65,-33.808,-11.455,43.891,47.452,37.603,25.642,5.0432,21.96,3.0478
15.067,61.527,41.868,-40.012,-12.532,52.253,49.168,39.916,27.999,9.5793,26.376,7.5927
18.731,70.496,47.994,-46.168,-12.161,59.961,51.046,41.411,30.113,14.006,30.617,12.157
22.826,79.31,53.235,-52.417,-10.609,67.183,51.915,42.182,31.93,18.19,34.556,16.583
27.257,88.094,58.114,-58.737,-8.4657,74.158,49.594,42.316,33.351,21.975,38.073,20.717
31.737,96.757,63.053,-64.92,-6.4913,80.994,41.761,41.856,34.283,25.225,41.078,24.44
35.893,104.99,68.102,-70.682,-5.4056,87.549,27.216,40.787,34.697,27.866,43.534,27.698
39.449,112.45,72.964,-75.842,-5.6147,93.511,6.7619,39.047,34.65,29.911,45.46,30.493
42.371,118.93,77.254,-80.412,-7.0446,98.606,-16.709,36.548,34.27,31.459,46.92,32.868
44.853,124.5,80.712,-84.564,-9.2238,102.74,-39.347,33.222,33.7,32.659,48.01,34.895
47.169,129.39,83.231,-88.517,-11.448,106.01,-58.255,29.067,33.049,33.669,48.848,36.663
49.54,133.9,84.84,-92.445,-13.028,108.68,-72.299,24.2,32.35,34.608,49.55,38.271
52.025,138.29,85.732,-96.402,-13.527,111.02,-81.367,18.854,31.567,35.521,50.212,39.812
54.472,142.66,86.234,-100.25,-12.8,113.31,-85.65,13.31,30.606,36.354,50.869,41.346
56.629,146.83,86.684,-103.59,-10.99,115.62,-86.022,7.8143,29.369,36.973,51.481,42.882
58.336,150.26,87.269,-105.93,-8.5554,117.78,-84.528,2.5271,27.803,37.235,51.956,44.371
59.56,152.23,87.879,-106.95,-6.1632,119.3,-83.186,-2.4712,25.936,37.066,52.198,45.73
60.259,152.33,88.117,-106.77,-4.4802,119.63,-82.574,-7.1393,23.86,36.496,52.148,46.863
60.345,150.57,87.503,-105.64,-3.9277,118.44,-82.287,-11.445,21.679,35.623,51.778,47.693
59.751,147.15,85.68,-103.74,-4.4889,115.66,-81.854,-15.359,19.458,34.541,51.075,48.17
58.497,142.1,82.437,-101.04,-5.7592,111.3,-81.022,-18.864,17.187,33.283,50.014,48.266
56.709,135.36,77.67,-97.407,-7.1399,105.37,-79.696,-21.964,14.796,31.805,48.561,47.95
54.582,126.94,71.414,-92.686,-7.9998,98.005,-77.858,-24.689,12.183,30.017,46.683,47.187
52.319,117.09,63.882,-86.837,-7.8283,89.5,-75.527,-27.108,9.2546,27.823,44.359,45.955
50.063,106.32,55.469,-80.055,-6.4096,80.286,-72.736,-29.317,5.9656,25.17,41.58,44.26
47.893,95.284,46.68,-72.778,-3.828,70.838,-69.515,-31.427,2.3308,22.067,38.364,42.147
45.818,84.467,37.996,-65.486,-0.34769,61.53,-65.881,-33.535,-1.5792,18.588,34.772,39.699
43.708,74.027,29.704,-58.403,3.6564,52.509,-61.849,-35.7,-5.6695,14.842,30.914,37.031
41.216,63.727,21.809,-51.381,7.7137,43.633,-57.462,-37.94,-9.8636,10.929,26.919,34.261
37.841,53.074,14.096,-44.001,11.316,34.543,-52.826,-40.243,-14.13,6.8973,22.869,31.461
33.192,41.544,6.344,-35.834,14.052,24.838,-48.115,-42.579,-18.472,2.7349,18.737,28.618
27.373,28.87,-1.4024,-26.786,15.69,14.331,-43.533,-44.903,-22.889,-1.6024,14.391,25.617
21.092,15.391,-8.6573,-17.321,16.133,3.3767,-39.242,-47.166,-27.336,-6.1311,9.6768,22.282
15.179,2.2322,-14.649,-8.3277,15.395,-6.9551,-35.334,-49.321,-31.714,-10.791,4.5414,18.461
10.068,-9.2134,-18.898,-0.5676,13.672,-15.443,-31.819,-51.342,-35.903,-15.439,-0.88958,14.113
5.736,-18.247,-21.573,5.7462,11.381,-21.642,-28.668,-53.224,-39.807,-19.896,-6.3399,9.3559
1.9139,-25.097,-23.204,10.903,9.0457,-25.94,-25.842,-54.977,-43.389,-24.018,-11.5,4.4419
-1.7044,-30.409,-24.288,15.377,7.1104,-28.976,-23.311,-56.611,-46.669,-27.747,-16.147,-0.31273
-5.3511,-34.755,-25.145,19.526,5.7757,-31.272,-21.039,-58.122,-49.69,-31.108,-20.187,-4.6175
-9.1045,-38.437,-25.93,23.43,4.9762,-33.149,-18.976,-59.493,-52.486,-34.182,-23.631,-8.2802
-12.781,-41.551,-26.684,26.915,4.5101,-34.768,-17.069,-60.704,-55.063,-37.044,-26.549,-11.237
-15.968,-44.144,-27.401,29.784,4.2024,-36.198,-15.283,-61.754,-57.4,-39.731,-29.024,-13.536
-18.337,-46.277,-28.067,31.995,3.9893,-37.455,-13.62,-62.661,-59.466,-42.226,-31.133,-15.294
-19.873,-47.993,-28.678,33.639,3.9224,-38.526,-12.109,-63.453,-61.234,-44.472,-32.932,-16.642
-20.745,-49.31,-29.238,34.818,4.133,-39.383,-10.775,-64.146,-62.692,-46.408,-34.451,-17.69
-21.113,-50.239,-29.762,35.602,4.7594,-40.015,-9.5934,-64.733,-63.854,-48.002,-35.704,-18.5
-21.094,-50.828,-30.272,36.064,5.8509,-40.448,-8.4903,-65.193,-64.757,-49.266,-36.704,-19.104
-20.812,-51.179,-30.785,36.303,7.3087,-40.746,-7.3737,-65.51,-65.452,-50.257,-37.477,-19.532
-20.419,-51.426,-31.293,36.438,8.902,-40.99,-6.1879,-65.697,-65.997,-51.054,-38.074,-19.84
-20.077,-51.683,-31.758,36.585,10.34,-41.236,-4.9563,-65.805,-66.445,-51.739,-38.563,-20.114
-19.918,-52.01,-32.122,36.815,11.359,-41.503,-3.7911,-65.917,-66.836,-52.369,-39.007,-20.44
-20.013,-52.406,-32.336,37.144,11.788,-41.776,-2.8598,-66.133,-67.2,-52.963,-39.441,-20.852
-20.363,-52.82,-32.362,37.54,11.565,-42.013,-2.3217,-66.52,-67.549,-53.503,-39.867,-21.312
-20.913,-53.175,-32.176,37.943,10.72,-42.16,-2.2435,-67.092,-67.866,-53.944,-40.257,-21.728
-21.582,-53.396,-31.764,38.289,9.3442,-42.162,-2.565,-67.756,-68.091,-54.226,-40.572,-21.994
-22.292,-53.435,-31.133,38.531,7.5699,-41.989,-3.1072,-68.299,-68.106,-54.3,-40.78,-22.044
-23,-53.292,-30.339,38.654,5.5677,-41.657,-3.6116,-68.405,-67.74,-54.145,-40.875,-21.891
-23.696,-53.033,-29.505,38.685,3.5403,-41.252,-3.7793,-67.687,-66.778,-53.776,-40.887,-21.643
-24.389,-52.785,-28.817,38.68,1.6935,-40.919,-3.2811,-65.705,-64.96,-53.22,-40.872,-21.48
-25.062,-52.694,-28.46,38.703,0.18759,-40.818,-1.7387,-61.991,-61.944,-52.441,-40.864,-21.544
-25.662,-52.855,-28.514,38.789,-0.89114,-41.045,1.2532,-56.236,-57.247,-51.212,-40.794,-21.785
-26.103,-53.226,-28.904,38.905,-1.5252,-41.546,5.7933,-49.06,-50.351,-48.97,-40.41,-21.825
-26.259,-53.591,-29.433,38.929,-1.7694,-42.104,10.747,-43.095,-42.086,-44.658,-39.197,-20.875
-25.93,-53.59,-29.861,38.645,-1.7656,-42.4,14.328,-40.758,-41.404,-36.786,-36.206,-17.559
-24.715,-52.785,-29.971,37.72,-1.6386,-42.093,17.397,-38.341,-63.535,-29.514,-31.178,-9.6667
-21.862,-50.625,-29.614,35.558,-1.0829,-40.88,22.007,-29.076,-73.211,-43.736,-39.907,-2.4993
-18.212,-46.278,-28.788,31.376,0.61443,-38.434,25.478,-15.21,-63.466,-39.414,-37.848,-20.618
-20.546,-45.061,-27.694,35.465,3.6011,-35.271,17.875,-9.2335,-44.531,-33.403,-35.989,-21.59
-20.399,-72.39,-29.199,47.514,7.8104,-53.697,9.3148,4.1165,-16.652,-27.209,-36.034,-23.717
-18.415,-83.639,-58.552,51.174,14.011,-74.223,27.777,77.044,25.126,-18.405,-36.004,-26.714
-15.725,-92.579,-76.269,54.25,23.581,-84.746,58.246,158.04,88.775,-1.2847,-30.368,-25.322
-10.675,-97.58,-86.625,54.354,38.347,-92.124,96.652,230.93,178.13,34.963,-8.6343,-10.533
0.089123,-92.688,-92.383,46.897,50.164,-92.377,128.33,277.15,297.64,110.01,45.066,28.634
21.165,-71.077,-91.731,25.968,58.606,-81.244,136.27,284.79,430.28,250.82,149.54,104.34
57.623,-25.703,-81.835,-14.656,67.128,-54.051,111.85,246.81,565.22,449.15,308.99,224.59
110.22,51.013,-58.244,-79.547,75.088,-4.4087,53.75,159.04,697.98,686.01,508.78,383.62
169.25,162.21,-13.793,-165.51,77.398,74.893,-35.938,19.415,814.4,962.14,747.23,575.01
226.94,295.82,61.706,-261.96,70.332,180.24,-152.54,-174.09,893.51,1261.2,1011,788.72
278.39,442.07,159.56,-362.46,51.266,299.56,-288.78,-425.38,910.65,1555.9,1277.4,1007.2
316.76,590.78,265.92,-457.78,18.349,426.87,-437.14,-739.71,839.86,1808.9,1517,1207.2
335.32,725.21,376.87,-535.75,-28.044,549.95,-589.61,-1118.3,659.39,1977.3,1695.5,1362.5
329.23,827.16,481.52,-584.21,-83.752,654.04,-736.16,-1548.8,361.01,2020,1779.2,1447.9
297.48,881.07,566.72,-594.43,-142.08,724.86,-865.07,-1997.2,-40.487,1907.8,1742.1,1445.1
243.62,877.3,619.33,-563.57,-194.42,751.08,-964.65,-2409.1,-503.36,1633.7,1575,1346.1
175.17,813.48,628.92,-494.98,-231.35,725.93,-1026,-2722.8,-965.59,1219.9,1291,1157.5
101.87,695.22,590.53,-397.17,-245.11,649.21,-1044.9,-2889.4,-1361.1,718.2,925.93,901.74
32.172,536.7,507.52,-282.54,-233.52,529.28,-1022.9,-2889.3,-1637.8,199.73,531.56,613.49
-27.24,358.99,392.42,-164.47,-199.47,382.92,-966.54,-2736.3,-1769.9,-261.25,163.18,331.56
-65.277,185.31,259.73,-58.727,-154.93,228.6,-881.07,-2458.7,-1757.9,-607.65,-137.29,83.926
-83.799,54.943,150.35,15.586,-116.75,106.31,-791.44,-2131.8,-1623.4,-781.05,-320.74,-82.338
-89.749,-39.118,61.862,65.314,-83.47,13.484,-694.44,-1795.4,-1419.8,-825.22,-416.79,-191.14
-89.033,-89.152,5.5066,88.633,-60.327,-40.887,-600.54,-1479.5,-1185.5,-768.29,-434.03,-240.93
-84.643,-100.99,-18.956,89.844,-46.755,-60.356,-511.6,-1199.5,-949.87,-645.52,-394.23,-243.61
-77.869,-87.275,-19.516,77.435,-41.489,-55.48,-427.61,-959.03,-733.51,-498.82,-323.44,-216.13
-64.948,-62.081,-7.1617,60.225,-41.941,-37.35,-347.91,-756.13,-547.55,-360.25,-244.29,-174.55
-43.051,-37.864,8.8066,45.054,-43.896,-16.057,-272.06,-588.6,-397.29,-247.55,-172.66,-131.73
-35.854,-21.949,22.491,34.678,-44.533,-0.33823,-200.81,-454.53,-283.9,-166.8,-117.4,-96.306
-34.066,-20.346,28.436,35.235,-41.707,5.0362,-136.69,-350.86,-198.94,-116.71,-81.413,-70.469
-33.253,-42.232,16.726,37.937,-37.205,-16.481,-83.458,-273.35,-133.52,-91.377,-63.131,-57.337
-32.328,-48.67,-4.4659,39.221,-28.408,-30.806,-44.28,-217.87,-91.984,-82.461,-56.868,-56.368
-31.086,-51.132,-14.179,39.977,-19.564,-35.214,-19.417,-179.26,-72.38,-81.577,-56.351,-54.614
-29.722,-52.409,-18.505,40.349,-13.938,-37.238,-6.1649,-152.56,-64.797,-84.376,-57.62,-52.758
-28.498,-53.021,-20.837,40.448,-9.7023,-38.259,0.8616,-133.39,-61.166,-88.317,-59.038,-50.128
-27.557,-53.208,-22.204,40.388,-6.5844,-38.701,6.2841,-118.46,-58.286,-85.476,-54.657,-46.901
-26.915,-53.169,-23.187,40.252,-4.4514,-38.865,10.937,-105.58,-56.481,-71.42,-47.222,-43.952
-26.532,-53.106,-24.215,40.1,-3.1186,-39.065,13.832,-92.83,-48.627,-63.791,-43.048,-41.693
-26.362,-53.17,-25.43,39.981,-2.3603,-39.504,11.236,-80.482,-39.889,-59.446,-40.586,-40.177
-26.365,-53.399,-26.705,39.926,-1.9234,-40.167,14.16,-73.204,-32.493,-56.578,-39.022,-39.283
-26.504,-53.751,-27.875,39.952,-1.6125,-40.928,21.426,-67.891,-26.555,-54.422,-37.935,-38.784
-26.732,-54.178,-28.878,40.052,-1.3402,-41.688,27.971,-62.874,-21.654,-52.474,-37.028,-38.453
-26.979,-54.643,-29.759,40.204,-1.0569,-42.416,32.613,-58.126,-17.313,-50.403,-36.109,-38.147
-27.156,-55.109,-30.584,40.363,-0.68298,-43.098,35.77,-53.688,-13.192,-48.029,-35.092,-37.832
-27.168,-55.516,-31.383,40.467,-0.11987,-43.701,38.027,-49.537,-9.1465,-45.293,-33.961,-37.554
-26.933,-55.79,-32.134,40.459,0.71138,-44.171,39.757,-45.635,-5.183,-42.207,-32.732,-37.384
-26.409,-55.868,-32.787,40.297,1.86,-44.451,41.148,-41.947,-1.3829,-38.833,-31.432,-37.367
-25.61,-55.719,-33.297,39.974,3.3502,-44.515,42.3,-38.464,2.167,-35.249,-30.086,-37.504
-24.61,-55.362,-33.651,39.525,5.1619,-44.374,43.297,-35.213,5.4413,-31.542,-28.724,-37.75
-23.523,-54.87,-33.878,39.018,7.2004,-44.09,44.237,-32.26,8.4683,-27.803,-27.383,-38.038
-22.47,-54.356,-34.033,38.543,9.3022,-43.756,45.213,-29.682,11.308,-24.109,-26.094,-38.303
-21.551,-53.942,-34.175,38.18,11.276,-43.478,46.284,-27.517,14.028,-20.49,-24.868,-38.499
-20.823,-53.712,-34.339,37.968,12.941,-43.33,47.442,-25.704,16.691,-16.903,-23.695,-38.61
-20.297,-53.667,-34.513,37.889,14.141,-43.321,48.629,-24.095,19.351,-13.231,-22.552,-38.645
-19.959,-53.717,-34.628,37.869,14.742,-43.382,49.773,-22.499,22.047,-9.3521,-21.431,-38.631
-19.792,-53.72,-34.564,37.819,14.628,-43.387,50.823,-20.749,24.81,-5.2001,-20.352,-38.597
-19.796,-53.547,-34.188,37.682,13.735,-43.205,51.769,-18.769,27.66,-0.81134,-19.36,-38.56
-19.991,-53.141,-33.41,37.463,12.093,-42.755,52.636,-16.585,30.615,3.691,-18.514,-38.522
-20.403,-52.545,-32.239,37.227,9.8502,-42.046,53.457,-14.305,33.682,8.1473,-17.855,-38.461
-21.032,-51.882,-30.798,37.066,7.2558,-41.178,54.24,-12.067,36.854,12.424,-17.376,-38.339
-21.825,-51.3,-29.302,37.042,4.6301,-40.306,54.959,-9.9686,40.104,16.468,-17.015,-38.108
-22.67,-50.901,-27.986,37.154,2.3265,-39.581,55.575,-8.0209,43.406,20.319,-16.663,-37.717
-23.439,-50.7,-27.057,37.327,0.671,-39.098,56.062,-6.1474,46.745,24.082,-16.204,-37.124
-24.036,-50.616,-26.632,37.446,-0.15932,-38.872,56.41,-4.2356,50.13,27.862,-15.547,-36.298
-24.419,-50.517,-26.681,37.402,-0.26081,-38.833,56.614,-2.2024,53.603,31.724,-14.645,-35.217
-24.583,-50.276,-26.993,37.132,-0.0058608,-38.853,56.659,-0.028796,57.249,35.676,-13.492,-33.864
-24.529,-49.821,-27.259,36.63,0.13148,-38.792,56.522,2.2473,61.196,39.7,-12.101,-32.226
-24.237,-49.156,-27.234,35.93,-0.20188,-38.561,56.189,4.5696,65.606,43.787,-10.468,-30.286
-23.667,-48.35,-26.867,35.09,-1.1004,-38.156,55.666,6.9106,70.661,47.979,-8.5439,-28.032
-22.771,-47.497,-26.317,34.159,-2.3082,-37.657,54.987,9.306,76.543,52.397,-6.2188,-25.449
-21.504,-46.678,-25.86,33.164,-3.1659,-37.181,54.209,11.857,83.435,57.239,-3.3437,-22.518
-19.841,-45.925,-25.761,32.113,-2.7885,-36.825,53.394,14.697,91.494,62.744,0.22236,-19.222
-17.785,-45.221,-26.173,30.999,-0.54262,-36.624,52.595,17.928,100.82,69.125,4.5573,-15.542
-15.361,-44.509,-27.089,29.806,3.5405,-36.548,51.834,21.578,111.4,76.49,9.6438,-11.466
-12.605,-43.714,-28.343,28.509,8.8399,-36.51,51.096,25.584,123.08,84.79,15.388,-6.9824
-9.5927,-42.755,-29.661,27.079,14.528,-36.396,50.34,29.828,135.59,93.814,21.68,-2.079
-6.4594,-41.562,-30.737,25.488,19.769,-36.088,49.514,34.195,148.62,103.3,28.468,3.262
-3.3814,-40.088,-31.319,23.716,23.759,-35.495,48.588,38.636,161.91,113.05,35.791,9.0572
-0.52408,-38.313,-31.282,21.749,25.903,-34.583,47.561,43.214,175.3,123.05,43.766,15.311
2.0262,-36.235,-30.65,19.575,26.03,-33.375,46.455,48.093,188.77,133.42,52.546,22.006
4.3146,-33.87,-29.558,17.202,24.392,-31.935,45.291,53.487,202.41,144.31,62.262,29.109
6.5181,-31.261,-28.202,14.674,21.561,-30.344,44.062,59.57,216.4,155.82,72.965,36.586
8.8514,-28.501,-26.785,12.085,18.349,-28.693,42.723,66.42,230.92,167.99,84.6,44.457
11.364,-25.705,-25.47,9.5469,15.577,-27.061,41.208,73.993,246.14,180.83,97.028,52.831
13.787,-22.931,-24.319,7.1099,13.682,-25.468,39.448,82.162,262.18,194.41,110.08,61.909
15.738,-20.056,-23.269,4.6789,12.555,-23.817,37.384,90.778,279.06,208.8,123.63,71.906
17.109,-16.722,-22.153,1.9919,11.791,-21.873,34.968,99.744,296.76,224.07,137.57,82.92
18.15,-12.399,-20.751,-1.3138,11.064,-19.296,32.18,109.04,315.22,240.26,151.87,94.848
19.26,-6.5616,-18.853,-5.5683,10.239,-15.713,29.044,118.67,334.37,257.36,166.49,107.42
20.752,1.0717,-16.319,-10.879,9.283,-10.818,25.639,128.6,354.15,275.28,181.41,120.38
22.672,10.267,-13.117,-16.983,8.2249,-4.5215,22.091,138.63,374.5,293.84,196.59,133.54
24.896,20.223,-9.3549,-23.352,7.1978,2.8807,18.525,148.46,395.3,312.74,211.95,146.87
27.362,29.966,-5.3125,-29.522,6.4346,10.695,15.021,157.74,416.37,331.59,227.35,160.34
30.127,38.9,-1.4,-35.328,6.1578,18.173,11.587,166.2,437.41,350.03,242.6,173.92
33.273,46.997,2.0344,-40.892,6.4545,24.949,8.178,173.72,458.09,367.74,257.54,187.52
36.796,54.632,4.9504,-46.471,7.2198,31.173,4.7449,180.34,478.05,384.58,272.02,201.01
40.554,62.302,7.6974,-52.269,8.1842,37.325,1.292,186.17,497.04,400.52,285.96,214.28
44.314,70.347,10.88,-58.312,9.0138,43.899,-2.1025,191.35,514.92,415.6,299.33,227.23
47.856,78.785,15.11,-64.436,9.4402,51.11,-5.3154,196,531.57,429.87,312.09,239.78
51.043,87.322,20.734,-70.411,9.3624,58.733,-8.2339,200.15,546.9,443.25,324.19,251.84
53.839,95.565,27.601,-76.067,8.8842,66.233,-10.799,203.81,560.78,455.61,335.55,263.31
56.293,103.24,34.994,-81.353,8.27,73.097,-13.016,206.95,572.99,466.79,346.13,274.13
58.504,110.32,41.923,-86.317,7.8293,79.099,-14.946,209.58,583.35,476.69,355.96,284.28
60.583,116.95,47.703,-91.075,7.7947,84.331,-16.684,211.72,591.81,485.3,365.12,293.76
62.603,123.43,52.294,-95.756,8.2311,89.118,-18.327,213.42,598.45,492.64,373.69,302.56
64.569,130.05,56.182,-100.42,8.9757,93.871,-19.946,214.71,603.48,498.79,381.69,310.63
66.408,136.93,60.047,-104.97,9.6519,98.925,-21.564,215.65,607.17,503.86,389.09,317.86
67.991,143.88,64.406,-109.18,9.7872,104.37,-23.156,216.26,609.77,507.93,395.82,324.14
69.166,150.48,69.38,-112.8,8.9937,110.01,-24.668,216.59,611.51,511.12,401.83,329.43
69.808,156.27,74.669,-115.66,7.1264,115.44,-26.053,216.66,612.58,513.51,407.11,333.77
69.868,160.91,79.744,-117.72,4.3626,120.21,-27.3,216.5,613.1,515.17,411.64,337.22
69.411,164.31,84.103,-119.03,1.1607,124.02,-28.441,216.11,613.14,516.12,415.35,339.91
68.605,166.64,87.465,-119.76,-1.9136,126.83,-29.541,215.47,612.69,516.37,418.18,341.93
67.671,168.22,89.858,-120.12,-4.412,128.83,-30.667,214.56,611.68,515.91,419.99,343.35
66.809,169.48,91.606,-120.35,-6.1673,130.39,-31.867,213.34,609.97,514.71,420.63,344.19
66.134,170.74,93.191,-120.6,-7.3197,131.92,-33.157,211.73,607.36,512.74,420.01,344.4
65.654,172.14,95.041,-120.91,-8.208,133.66,-34.515,209.64,603.58,509.96,418.09,343.88
65.276,173.62,97.341,-121.21,-9.1882,135.62,-35.877,206.97,598.3,506.32,414.92,342.5
64.868,174.97,99.971,-121.42,-10.471,137.61,-37.162,203.61,591.12,501.77,410.61,340.12
64.333,175.99,102.59,-121.42,-12.051,139.36,-38.289,199.48,581.66,496.25,405.28,336.61
63.636,176.51,104.77,-121.15,-13.754,140.58,-39.203,194.54,569.67,489.65,398.98,331.93
62.779,176.39,106.19,-120.57,-15.373,141.08,-39.871,188.81,555.08,481.88,391.71,326.15
61.757,175.56,106.66,-119.64,-16.776,140.76,-40.273,182.31,538.06,472.78,383.47,319.38
60.542,174.03,106.21,-118.36,-17.945,139.65,-40.402,175.04,518.9,462.2,374.27,311.73
59.113,171.87,105.06,-116.73,-18.95,137.9,-40.268,166.91,497.91,449.99,364.12,303.21
57.494,169.17,103.48,-114.76,-19.869,135.68,-39.904,157.77,475.38,436.07,353.03,293.74
55.776,165.92,101.62,-112.45,-20.697,133.05,-39.366,147.48,451.54,420.44,340.96,283.15
54.083,162.01,99.519,-109.77,-21.292,129.95,-38.714,136,426.64,403.25,327.91,271.25
52.514,157.36,97.11,-106.65,-21.371,126.33,-37.99,123.51,400.87,384.7,313.9,258.02
51.076,151.95,94.358,-103.07,-20.604,122.18,-37.201,110.31,374.45,365,298.94,243.67
49.674,145.81,91.228,-98.993,-18.782,117.54,-36.319,96.822,347.57,344.32,283.05,228.65
48.128,138.95,87.655,-94.424,-15.981,112.38,-35.306,83.47,320.36,322.77,266.22,213.45
46.221,131.4,83.555,-89.4,-12.586,106.68,-34.136,70.63,292.94,300.5,248.53,198.32
43.752,123.22,78.869,-83.959,-9.1289,100.4,-32.81,58.591,265.45,277.74,230.2,183.19
40.592,114.5,73.624,-78.117,-6.1205,93.565,-31.339,47.515,238.07,254.78,211.64,167.8
36.736,105.37,67.966,-71.886,-3.9702,86.283,-29.73,37.43,210.97,231.99,193.3,151.91
32.31,96.003,62.133,-65.315,-2.9338,78.722,-27.988,28.246,184.21,209.69,175.57,135.56
27.519,86.549,56.342,-58.523,-3.0455,71.06,-26.131,19.817,157.7,188.08,158.63,119.08
22.573,77.125,50.631,-51.653,-4.0997,63.396,-24.208,11.989,131.41,167.13,142.5,102.99
17.657,67.701,44.768,-44.8,-5.7139,55.637,-22.296,4.6167,105.82,146.54,127.08,87.734
12.891,58.064,38.337,-37.926,-7.3897,47.478,-20.48,-2.4377,82.155,125.93,112.26,73.576
8.2736,47.892,31.064,-30.86,-8.594,38.55,-18.825,-9.2995,61.624,105.38,97.965,60.534
3.6897,36.94,23.152,-23.371,-8.954,28.748,-17.364,-16.049,44.554,85.736,84.195,48.413
-0.96828,25.269,15.249,-15.32,-8.4423,18.528,-16.104,-22.687,30.347,68.315,71.099,36.945
-5.6144,13.397,8.1309,-6.8391,-7.3827,8.8043,-15.023,-29.117,18.135,53.929,58.96,25.916
-9.8995,2.1775,2.35,1.551,-6.2792,0.42136,-14.084,-35.183,7.2374,42.451,48.027,15.28
-13.437,-7.6045,-1.9663,9.105,-5.5789,-6.2628,-13.24,-40.721,-2.7076,33.171,38.335,5.2179
-16.11,-15.59,-5.0646,15.266,-5.4681,-11.379,-12.447,-45.627,-11.818,25.319,29.679,-3.9055
-18.065,-21.879,-7.3821,19.928,-5.7889,-15.326,-11.688,-49.889,-20.082,18.324,21.799,-11.744
-19.501,-26.824,-9.3885,23.339,-6.1171,-18.561,-10.978,-53.588,-27.467,11.841,14.525,-18.189
-20.534,-30.814,-11.458,25.853,-5.9655,-21.444,-10.358,-56.866,-33.977,5.6903,7.7926,-23.381
-21.192,-34.159,-13.774,27.783,-5.012,-24.163,-9.8817,-59.867,-39.678,-0.19633,1.6128,-27.567
-21.473,-37.052,-16.307,29.337,-3.2177,-26.753,-9.5823,-62.696,-44.67,-5.8104,-3.9693,-30.965
-21.411,-39.581,-18.879,30.62,-0.82605,-29.159,-9.4589,-65.383,-49.061,-11.093,-8.9023,-33.718
-21.11,-41.742,-21.231,31.668,1.6976,-31.277,-9.4738,-67.898,-52.939,-15.968,-13.159,-35.912
-20.738,-43.468,-23.08,32.493,3.7763,-32.966,-9.5705,-70.184,-56.36,-20.382,-16.764,-37.618
-20.467,-44.697,-24.179,33.109,4.8991,-34.097,-9.6995,-72.204,-59.353,-24.326,-19.8,-38.928
-20.423,-45.425,-24.431,33.551,4.8178,-34.629,-9.836,-73.97,-61.94,-27.841,-22.395,-39.958
-20.652,-45.745,-23.945,33.873,3.6354,-34.652,-9.977,-75.534,-64.149,-30.998,-24.685,-40.831
-21.119,-45.829,-23.001,34.144,1.7306,-34.372,-10.123,-76.96,-66.023,-33.866,-26.774,-41.632
-21.732,-45.88,-21.949,34.431,-0.40439,-34.034,-10.262,-78.289,-67.623,-36.48,-28.702,-42.38
-22.382,-46.066,-21.103,34.782,-2.2951,-33.851,-10.364,-79.52,-69.017,-38.841,-30.449,-43.03
-22.978,-46.466,-20.659,35.207,-3.5989,-33.938,-10.402,-80.623,-70.271,-40.936,-31.972,-43.51
-23.475,-47.044,-20.651,35.668,-4.2245,-34.289,-10.379,-81.566,-71.449,-42.771,-33.243,-43.772
-23.881,-47.677,-20.948,36.103,-4.3667,-34.784,-10.347,-82.341,-72.599,-44.385,-34.284,-43.823
-24.241,-48.214,-21.307,36.46,-4.4135,-35.247,-10.381,-82.97,-73.748,-45.848,-35.155,-43.726
-24.612,-48.539,-21.456,36.72,-4.7778,-35.506,-10.546,-83.491,-74.894,-47.223,-35.934,-43.576
-25.037,-48.623,-21.212,36.902,-5.722,-35.468,-10.846,-83.938,-76.011,-48.535,-36.68,-43.46
-25.534,-48.525,-20.578,37.042,-7.2361,-35.165,-11.209,-84.324,-77.056,-49.771,-37.413,-43.427
-26.085,-48.367,-19.754,37.181,-9.0294,-34.75,-11.52,-84.641,-77.999,-50.901,-38.121,-43.474
-26.639,-48.274,-19.057,37.34,-10.643,-34.429,-11.667,-84.869,-78.827,-51.904,-38.767,-43.555
-27.124,-48.34,-18.78,37.526,-11.627,-34.371,-11.588,-84.993,-79.553,-52.791,-39.322,-43.608
-27.468,-48.608,-19.081,37.735,-11.707,-34.659,-11.285,-85.005,-80.202,-53.599,-39.779,-43.588
-27.624,-49.062,-19.923,37.951,-10.89,-35.266,-10.822,-84.918,-80.791,-54.369,-40.164,-43.492
-27.586,-49.62,-21.077,38.153,-9.4616,-36.053,-10.298,-84.749,-81.322,-55.133,-40.526,-43.355
-27.381,-50.154,-22.215,38.307,-7.8538,-36.815,-9.8028,-84.521,-81.781,-55.894,-40.911,-43.229
-27.052,-50.52,-23.037,38.376,-6.4576,-37.345,-9.395,-84.24,-82.147,-56.632,-41.345,-43.154
-26.641,-50.623,-23.389,38.331,-5.4745,-37.523,-9.0851,-83.89,-82.403,-57.308,-41.817,-43.131
-26.183,-50.451,-23.312,38.171,-4.8793,-37.357,-8.8407,-83.435,-82.538,-57.875,-42.284,-43.12
-25.708,-50.085,-22.989,37.932,-4.4885,-36.973,-8.6014,-82.822,-82.542,-58.291,-42.686,-43.056
-25.25,-49.66,-22.646,37.675,-4.0853,-36.547,-8.2983,-82.008,-82.404,-58.529,-42.968,-42.878
-24.844,-49.32,-22.454,37.472,-3.5352,-36.235,-7.874,-80.974,-82.103,-58.593,-43.103,-42.555
-24.53,-49.169,-22.488,37.38,-2.8369,-36.125,-7.2951,-79.736,-81.618,-58.515,-43.103,-42.098
-24.342,-49.236,-22.713,37.418,-2.1159,-36.223,-6.5584,-78.342,-80.932,-58.347,-43.016,-41.548
-24.297,-49.462,-23.012,37.555,-1.5799,-36.452,-5.694,-76.865,-80.05,-58.149,-42.908,-40.97
-24.387,-49.714,-23.234,37.712,-1.4357,-36.682,-4.7686,-75.394,-79.008,-57.971,-42.83,-40.422
-24.578,-49.841,-23.284,37.789,-1.7973,-36.793,-3.8827,-74.008,-77.865,-57.847,-42.803,-39.941
-24.821,-49.744,-23.147,37.711,-2.6409,-36.725,-3.155,-72.761,-76.693,-57.793,-42.823,-39.533
-25.07,-49.423,-22.87,37.47,-3.8258,-36.496,-2.6935,-71.658,-75.541,-57.806,-42.869,-39.184
-25.298,-48.982,-22.515,37.134,-5.1567,-36.185,-2.5707,-70.653,-74.416,-57.864,-42.916,-38.872
-25.5,-48.578,-22.165,36.818,-6.4344,-35.904,-2.8101,-69.656,-73.272,-57.916,-42.939,-38.575
-25.677,-48.355,-21.914,36.629,-7.4608,-35.757,-3.3778,-68.566,-72.02,-57.895,-42.912,-38.27
-25.808,-48.371,-21.852,36.61,-8.0385,-35.794,-4.1789,-67.288,-70.558,-57.72,-42.807,-37.924
-25.836,-48.583,-22.02,36.722,-8.0059,-35.993,-5.0728,-65.746,-68.798,-57.316,-42.589,-37.491
-25.693,-48.86,-22.38,36.865,-7.2916,-36.26,-5.9098,-63.884,-66.689,-56.631,-42.228,-36.923
-25.332,-49.026,-22.824,36.921,-5.9511,-36.451,-6.5718,-61.673,-64.226,-55.653,-41.706,-36.191
-24.753,-48.916,-23.203,36.79,-4.1654,-36.425,-6.9955,-59.12,-61.447,-54.418,-41.029,-35.294
-24.008,-48.422,-23.388,36.416,-2.2016,-36.078,-7.1686,-56.278,-58.414,-52.997,-40.226,-34.252
-23.192,-47.514,-23.305,35.798,-0.35333,-35.381,-7.1056,-53.231,-55.187,-51.47,-39.335,-33.087
-22.413,-46.232,-22.941,34.968,1.1153,-34.373,-6.8186,-50.067,-51.792,-49.897,-38.383,-31.802
-21.757,-44.628,-22.311,33.958,2.015,-33.108,-6.2929,-46.833,-48.204,-48.285,-37.374,-30.368
-21.243,-42.707,-21.417,32.754,2.2663,-31.607,-5.4736,-43.497,-44.341,-46.577,-36.277,-28.727
-20.811,-40.406,-20.255,31.282,1.9162,-29.845,-4.2622,-39.937,-40.099,-44.664,-35.034,-26.796
-20.338,-37.615,-18.813,29.425,1.118,-27.76,-2.5172,-35.982,-35.386,-42.415,-33.574,-24.488
-19.689,-34.202,-17.029,27.083,0.071326,-25.247,-0.061817,-31.457,-30.162,-39.714,-31.822,-21.724
-18.781,-30.014,-14.736,24.204,-1.05,-22.12,3.2583,-26.236,-24.44,-36.484,-29.716,-18.442
-17.621,-24.873,-11.65,20.802,-2.1426,-18.106,7.3991,-20.283,-18.281,-32.705,-27.206,-14.606
-16.273,-18.612,-7.451,16.92,-3.1696,-12.92,11.952,-13.655,-11.784,-28.418,-24.271,-10.222
-14.783,-11.185,-1.9798,12.587,-4.1108,-6.4465,16.48,-6.4935,-5.0808,-23.721,-20.919,-5.3656
-13.141,-2.7602,4.5108,7.801,-4.9053,1.0892,21.184,0.99294,1.6453,-18.758,-17.192,-0.17564
-11.28,6.269,11.348,2.5549,-5.4735,9.1329,26.725,8.5177,8.156,-13.707,-13.154,5.1784
-9.1176,15.44,17.848,-3.1044,-5.8261,17.088,33.284,15.722,14.19,-8.7404,-8.8746,10.562
-6.6053,24.426,23.745,-9.0516,-6.1426,24.629,40.074,22.236,19.534,-3.9884,-4.4154,15.912
-3.758,33.154,29.25,-15.135,-6.7208,31.8,45.961,27.772,24.077,0.47763,0.15152,21.203
-0.63799,41.784,34.813,-21.274,-7.821,38.899,50.562,32.172,27.816,4.6251,4.7193,26.384
2.712,50.568,40.81,-27.511,-9.5203,46.261,54.586,35.4,30.82,8.4293,9.1483,31.348
6.3227,59.663,47.285,-33.942,-11.652,54.009,59.484,37.518,33.185,11.859,13.307,35.975
10.272,68.979,53.883,-40.597,-13.842,61.923,66.817,38.656,34.996,14.886,17.122,40.18
14.589,78.179,60.036,-47.341,-15.622,69.528,76.019,38.968,36.315,17.506,20.591,43.942
19.178,86.856,65.267,-53.898,-16.594,76.369,81.91,38.58,37.171,19.746,23.772,47.295
23.827,94.71,69.386,-59.988,-16.569,82.225,78.402,37.549,37.572,21.658,26.735,50.288
28.287,101.64,72.486,-65.45,-15.631,87.135,64.246,35.871,37.527,23.299,29.534,52.961
32.362,107.73,74.862,-70.277,-14.112,91.306,42.051,33.508,37.063,24.707,32.176,55.332
35.954,113.17,76.879,-74.579,-12.475,95.023,15.357,30.423,36.234,25.89,34.628,57.417
39.086,118.25,78.81,-78.534,-11.147,98.557,-12.281,26.59,35.105,26.827,36.835,59.239
41.892,123.16,80.656,-82.324,-10.345,102.03,-37.692,22.004,33.726,27.479,38.74,60.822
44.573,127.93,82.105,-86.073,-10.005,105.3,-58.961,16.708,32.117,27.809,40.298,62.153
47.315,132.33,82.713,-89.788,-9.808,107.97,-75.74,10.812,30.264,27.787,41.48,63.168
50.195,135.93,82.127,-93.32,-9.2898,109.58,-88.495,4.5096,28.133,27.406,42.277,63.783
53.124,138.25,80.128,-96.39,-8.0301,109.8,-97.648,-1.951,25.694,26.688,42.709,63.944
55.88,138.86,76.551,-98.646,-5.8669,108.42,-103.29,-8.3044,22.958,25.701,42.833,63.677
58.215,137.42,71.313,-99.736,-2.9696,105.28,-105.49,-14.307,19.999,24.545,42.733,63.09
59.966,133.61,64.542,-99.39,0.28958,100.26,-105.02,-19.76,16.948,23.333,42.498,62.314
61.092,127.44,56.711,-97.503,3.5306,93.445,-103.18,-24.518,13.956,22.155,42.19,61.428
61.643,119.38,48.48,-94.209,6.4873,85.339,-100.98,-28.496,11.144,21.055,41.838,60.434
61.708,110.32,40.352,-89.882,9.0357,76.696,-98.746,-31.666,8.5703,20.031,41.428,59.27
61.37,101.08,32.494,-84.989,11.185,68.126,-96.466,-34.054,6.2145,19.045,40.912,57.867
60.687,92.118,24.811,-79.881,13.056,59.854,-94.028,-35.731,3.9944,18.023,40.208,56.172
59.677,83.39,17.087,-74.643,14.803,51.728,-91.317,-36.816,1.7934,16.864,39.208,54.143
58.318,74.542,9.1536,-69.137,16.517,43.356,-88.235,-37.471,-0.50407,15.448,37.813,51.741
56.578,65.095,1.0874,-63.14,18.191,34.274,-84.71,-37.889,-2.9847,13.663,35.967,48.938
54.447,54.651,-6.6469,-56.493,19.782,24.197,-80.701,-38.279,-5.692,11.443,33.663,45.734
51.942,43.057,-13.41,-49.165,21.235,13.314,-76.198,-38.83,-8.625,8.7838,30.936,42.159
49.052,30.564,-18.826,-41.271,22.422,2.4365,-71.218,-39.666,-11.744,5.7559,27.848,38.265
45.697,17.866,-22.863,-33.052,23.127,-7.3569,-65.82,-40.815,-14.98,2.4851,24.469,34.106
41.752,5.8432,-25.645,-24.808,23.133,-15.338,-60.107,-42.208,-18.25,-0.8793,20.87,29.712
37.16,-4.8752,-27.36,-16.777,22.343,-21.399,-54.215,-43.722,-21.469,-4.204,17.124,25.101
32.002,-14.121,-28.274,-9.047,20.897,-25.858,-48.306,-45.23,-24.561,-7.3993,13.312,20.305
26.461,-22.015,-28.741,-1.6055,19.166,-29.17,-42.579,-46.635,-27.455,-10.421,9.5362,15.41
20.72,-28.688,-29.141,5.494,17.608,-31.754,-37.282,-47.881,-30.093,-13.258,5.905,10.545
14.92,-34.21,-29.788,12.029,16.565,-33.939,-32.667,-48.957,-32.45,-15.914,2.501,5.8389
9.1906,-38.687,-30.835,17.707,16.144,-35.947,-28.896,-49.893,-34.556,-18.407,-0.65066,1.3648
3.6928,-42.306,-32.236,22.369,16.216,-37.878,-25.977,-50.742,-36.493,-20.771,-3.5877,-2.8731
-1.401,-45.264,-33.776,26.074,16.473,-39.713,-23.788,-51.569,-38.379,-23.054,-6.3892,-6.9125
-5.957,-47.685,-35.14,29.002,16.545,-41.333,-22.15,-52.434,-40.318,-25.32,-9.1396,-10.799
-9.9018,-49.613,-36.031,31.327,16.137,-42.594,-20.899,-53.384,-42.373,-27.623,-11.893,-14.564
-13.196,-51.066,-36.297,33.166,15.136,-43.409,-19.912,-54.448,-44.539,-29.987,-14.644,-18.203
-15.808,-52.084,-35.996,34.584,13.67,-43.802,-19.11,-55.626,-46.751,-32.378,-17.324,-21.669
-17.717,-52.743,-35.369,35.623,12.074,-43.896,-18.454,-56.883,-48.898,-34.707,-19.819,-24.881
-18.959,-53.156,-34.74,36.339,10.775,-43.867,-17.915,-58.146,-50.854,-36.848,-22.018,-27.757
-19.643,-53.459,-34.399,36.815,10.115,-43.89,-17.455,-59.316,-52.517,-38.673,-23.842,-30.239
-19.943,-53.771,-34.496,37.151,10.222,-44.078,-17.013,-60.294,-53.833,-40.08,-25.249,-32.301
-20.053,-54.164,-34.992,37.446,10.967,-44.447,-16.518,-61.014,-54.799,-41.027,-26.241,-33.941
-20.139,-54.624,-35.684,37.756,12.029,-44.911,-15.912,-61.474,-55.468,-41.535,-26.853,-35.185
-20.303,-55.067,-36.306,38.08,13.031,-45.322,-15.191,-61.75,-55.933,-41.696,-27.155,-36.086
-20.559,-55.371,-36.632,38.368,13.677,-45.538,-14.425,-61.97,-56.287,-41.64,-27.243,-36.724
-20.847,-55.445,-36.556,38.547,13.814,-45.486,-13.735,-62.243,-56.598,-41.501,-27.221,-37.19
-21.082,-55.266,-36.114,38.569,13.449,-45.18,-13.229,-62.565,-56.864,-41.367,-27.181,-37.57
-21.196,-54.912,-35.459,38.447,12.732,-44.726,-12.909,-62.738,-56.986,-41.262,-27.183,-37.926
-21.177,-54.542,-34.809,38.255,11.886,-44.299,-12.596,-62.339,-56.75,-41.149,-27.25,-38.289
-21.071,-54.343,-34.372,38.103,11.11,-44.082,-11.929,-60.734,-55.811,-40.93,-27.363,-38.655
-20.958,-54.456,-34.288,38.087,10.532,-44.199,-10.357,-57.106,-53.664,-40.434,-27.443,-38.974
-20.899,-54.905,-34.601,38.239,10.183,-44.67,-7.0841,-50.793,-49.604,-39.333,-27.316,-39.133
-20.891,-55.566,-35.258,38.494,10.028,-45.386,-1.3676,-43.437,-42.894,-37.022,-26.631,-38.914
-20.822,-56.173,-36.13,38.687,10.026,-46.13,4.2585,-44.185,-34.576,-32.461,-24.727,-37.937
-20.401,-56.372,-37.029,38.582,10.26,-46.607,5.1312,-59.361,-37.248,-24.27,-20.348,-35.54
-18.923,-55.785,-37.701,37.871,11.079,-46.5,5.2185,-72.621,-66.772,-15.385,-12.411,-30.492
-15.152,-54.062,-37.828,36.056,12.523,-45.58,8.3483,-74.724,-71.153,-35.457,-22.532,-21.717
-14.193,-51.061,-37.293,33.039,14.343,-43.848,6.2289,-64.192,-56.61,-36.903,-33.825,-28.005
-19.698,-55.985,-36.724,41.778,16.846,-43.122,-3.8445,-41.799,-33.338,-30.068,-30.897,-33.16
-19.855,-78.084,-39.901,49.729,20.448,-62.425,10.879,-10.267,-1.8179,-23.244,-29.204,-33.124
-19.367,-87.896,-62.82,53.789,25.687,-77.896,38.66,52.004,44.007,-14.688,-28.22,-34.051
-17.372,-96.636,-77.936,57.071,32.57,-87.88,82.228,137.2,108.92,1.5732,-24.332,-33.926
-11.358,-100.82,-87.477,56.415,40.699,-94.804,137.47,227.13,198.62,36.392,-8.9525,-27.055
1.5471,-94.897,-93.404,47.705,50.801,-94.927,182.2,302.03,319.83,102.31,31.188,-3.9411
24.784,-74.085,-93.625,26.732,64.031,-84.837,194.23,344.41,466.87,210.59,108.5,46.045
62.463,-33.058,-85.931,-11.836,79.268,-60.812,161.67,340.62,631.02,368.56,227.45,132.65
114.69,38.196,-66.394,-74.611,93,-15.79,78.761,282.89,805.61,577,388.37,258.5
175.37,147.46,-27.598,-159.4,101.23,60.516,-54.964,169.47,978.77,833.87,594.91,420.77
240.5,280.11,41.336,-255.74,99.18,166.28,-232.85,1.2005,1134,1128,838.96,617.03
304.38,427.19,137.16,-360.38,85.314,285.54,-443.19,-222.55,1249.6,1439.1,1102.6,834
358.94,580.42,241.29,-464.37,60.507,413.36,-672.02,-505.68,1299.2,1736.5,1360.3,1052.1
395.81,724.2,349.77,-555.71,26.041,538.95,-904.77,-852.84,1254.5,1980,1580.9,1247.5
408.33,841.57,453.17,-622.38,-16.275,648.48,-1127.1,-1262,1090,2125.2,1731.2,1394.2
393.27,916.67,539.03,-654.45,-62.92,727.75,-1325.1,-1714.3,794.27,2132.6,1781.7,1466.9
351.92,937.25,594.74,-645.99,-108.11,764.4,-1484.5,-2167.6,382.27,1978.9,1713.8,1447.8
290.28,896.89,609.88,-596.24,-144.51,750.17,-1592.3,-2561.1,-100.34,1667.3,1526.4,1332.1
217.82,797.19,578.77,-510.24,-165.04,683.28,-1638.5,-2832.6,-586.11,1230.4,1238.4,1130.9
144.56,649.04,503.18,-398.54,-164.95,570.4,-1619.2,-2939.9,-1004.6,726.15,887.04,870.08
78.448,472.12,393.78,-275.61,-146.8,427.08,-1538.5,-2874.7,-1301.4,225.87,520.67,585.29
23.934,288.27,264.8,-155.48,-116.61,271.74,-1408,-2661.7,-1451.7,-201.83,188.19,314.25
-16.588,133.65,154.1,-55.443,-82.006,140.57,-1244.1,-2350.5,-1454.4,-509.92,-73.628,83.851
-42.108,19.813,63.649,12.79,-50.079,38.464,-1064.2,-1994,-1339.2,-672.55,-243.27,-71.977
-55.635,-54.47,4.9058,56.227,-26.254,-27.515,-882.95,-1637.5,-1147.6,-706.16,-324.63,-168.55
-60.701,-88.796,-21.633,76.502,-13.325,-56.948,-711.21,-1310.7,-921.54,-644.49,-334.04,-209.46
-59.427,-92.134,-23.421,78.248,-9.7151,-58.473,-555.39,-1028.9,-696.77,-527.67,-294.87,-207.63
-53.861,-75.338,-11.398,67.47,-11.595,-43.425,-419.09,-795.84,-498.4,-394.27,-232.22,-179.8
-45.043,-50.252,4.9538,51.617,-16.038,-22.086,-304.51,-608.3,-340.38,-273.26,-166.84,-141.14
-26.525,-28.476,19.221,37.784,-19.778,-3.8269,-212.96,-461.23,-226.28,-180.51,-111.92,-103.1
-22.99,-16.688,25.579,27.831,-20.011,4.8603,-143.86,-350.42,-152.95,-120.1,-73.454,-72.877
-22.629,-29.836,7.8483,31.581,-9.779,-9.6118,-94.227,-271.04,-111.89,-89.6,-52.779,-48.055
-22.644,-45.499,-17.799,35.08,-2.693,-32.02,-59.875,-216.47,-85.778,-81.4,-49.749,-46.199
-22.78,-49.845,-25.202,36.732,1.3256,-37.918,-37.299,-179.42,-70.942,-82.396,-53.856,-47.375
-22.859,-51.855,-28.48,37.716,4.4712,-40.339,-23.131,-153.42,-64.447,-85.636,-56.967,-46.702
-22.768,-52.836,-30.416,38.205,7.0968,-41.541,-12.29,-133.96,-61.205,-89.646,-56.655,-44.844
-22.442,-53.14,-31.603,38.283,9.4217,-42.05,-3.0433,-118.24,-59.204,-87.394,-51.244,-42.364
-21.87,-53.026,-32.306,38.074,11.479,-42.158,4.0689,-104.38,-60.399,-75.396,-46.089,-39.838
-21.133,-52.773,-32.731,37.746,13.174,-42.129,8.2046,-90.514,-54.51,-68.265,-42.976,-37.691
-20.417,-52.613,-33.006,37.473,14.348,-42.157,3.0967,-78.201,-47.915,-64.377,-41.185,-36.149
-19.94,-52.652,-33.166,37.373,14.838,-42.304,3.1783,-71.473,-42.713,-62.092,-40.266,-35.268
-19.866,-52.893,-33.195,37.494,14.552,-42.543,8.4541,-66.12,-38.889,-60.632,-39.855,-34.94
-20.251,-53.296,-33.088,37.829,13.525,-42.826,14.753,-61.05,-35.984,-59.476,-39.625,-34.959
-21.036,-53.797,-32.869,38.326,11.931,-43.106,20.932,-56.217,-33.517,-58.285,-39.342,-35.119
-22.066,-54.319,-32.585,38.895,10.049,-43.348,26.659,-51.594,-31.15,-56.897,-38.903,-35.295
-23.136,-54.779,-32.294,39.42,8.1945,-43.527,31.77,-47.203,-28.714,-55.28,-38.315,-35.463
-24.046,-55.1,-32.05,39.791,6.6568,-43.636,36.131,-43.128,-26.202,-53.481,-37.648,-35.676
-24.67,-55.229,-31.889,39.942,5.6195,-43.669,39.689,-39.468,-23.71,-51.582,-36.986,-36.005
-24.983,-55.141,-31.809,39.865,5.1133,-43.619,42.509,-36.275,-21.379,-49.656,-36.381,-36.494
-25.047,-54.86,-31.768,39.614,5.0112,-43.478,44.744,-33.528,-19.311,-47.753,-35.841,-37.126
-24.948,-54.454,-31.705,39.277,5.0878,-43.254,46.547,-31.156,-17.515,-45.894,-35.336,-37.837
-24.767,-54.027,-31.575,38.949,5.1176,-42.981,48.037,-29.058,-15.905,-44.072,-34.825,-38.548
-24.589,-53.68,-31.372,38.711,4.9808,-42.707,49.287,-27.157,-14.315,-42.261,-34.284,-39.2
-24.482,-53.49,-31.141,38.617,4.7327,-42.486,50.34,-25.398,-12.553,-40.423,-33.712,-39.77
-24.443,-53.475,-30.96,38.669,4.6006,-42.353,51.226,-23.744,-10.474,-38.524,-33.124,-40.273
-24.358,-53.582,-30.911,38.795,4.8726,-42.314,51.974,-22.167,-8.0305,-36.551,-32.534,-40.736
-24.058,-53.699,-31.045,38.867,5.7412,-42.341,52.615,-20.647,-5.2995,-34.517,-31.943,-41.171
-23.437,-53.692,-31.349,38.757,7.2059,-42.373,53.186,-19.166,-2.4188,-32.459,-31.336,-41.564
-22.52,-53.46,-31.726,38.407,9.0459,-42.329,53.722,-17.698,0.4785,-30.399,-30.696,-41.873
-21.472,-52.976,-32.017,37.851,10.854,-42.135,54.258,-16.205,3.3374,-28.322,-30.006,-42.051
-20.536,-52.305,-32.053,37.21,12.152,-41.758,54.814,-14.636,6.2105,-26.165,-29.259,-42.062
-19.952,-51.579,-31.733,36.645,12.57,-41.227,55.396,-12.946,9.2262,-23.839,-28.462,-41.893
-19.869,-50.954,-31.065,36.301,11.979,-40.625,56.001,-11.103,12.515,-21.271,-27.629,-41.555
-20.281,-50.551,-30.168,36.247,10.537,-40.063,56.617,-9.0967,16.134,-18.432,-26.78,-41.083
-21.018,-50.404,-29.224,36.442,8.6278,-39.63,57.224,-6.9322,20.037,-15.344,-25.927,-40.52
-21.812,-50.438,-28.399,36.746,6.7282,-39.351,57.79,-4.6304,24.095,-12.079,-25.071,-39.905
-22.412,-50.491,-27.765,36.978,5.24,-39.164,58.275,-2.2237,28.154,-8.7323,-24.198,-39.254
-22.679,-50.382,-27.269,36.994,4.3392,-38.941,58.653,0.25096,32.11,-5.3901,-23.278,-38.553
-22.637,-49.984,-26.749,36.75,3.9134,-38.534,58.921,2.77,35.958,-2.0897,-22.254,-37.76
-22.456,-49.265,-26.008,36.312,3.6302,-37.839,59.106,5.3443,39.815,1.2103,-21.034,-36.816
-22.361,-48.298,-24.914,35.812,3.1077,-36.837,59.257,8.0235,43.881,4.6183,-19.503,-35.663
-22.501,-47.22,-23.479,35.38,2.1017,-35.61,59.419,10.876,48.368,8.2595,-17.546,-34.251
-22.88,-46.178,-21.888,35.073,0.62481,-34.327,59.619,13.96,53.456,12.217,-15.085,-32.554
-23.4,-45.278,-20.452,34.866,-1.0539,-33.193,59.86,17.307,59.236,16.499,-12.102,-30.565
-23.913,-44.56,-19.453,34.674,-2.5547,-32.362,60.12,20.922,65.752,21.054,-8.635,-28.295
-24.26,-43.974,-18.977,34.392,-3.5992,-31.855,60.352,24.802,73.048,25.801,-4.7728,-25.772
-24.315,-43.372,-18.834,33.922,-4.1277,-31.506,60.497,28.943,81.226,30.682,-0.62777,-23.04
-24.026,-42.538,-18.665,33.189,-4.2713,-31.027,60.503,33.348,90.464,35.689,3.6939,-20.152
-23.42,-41.262,-18.133,32.153,-4.2357,-30.139,60.346,38.022,100.98,40.874,8.1293,-17.155
-22.565,-39.426,-17.071,30.81,-4.1646,-28.685,60.043,42.979,112.9,46.343,12.68,-14.049
-21.532,-37.033,-15.535,29.188,-4.0501,-26.685,59.644,48.23,126.16,52.224,17.4,-10.764
-20.361,-34.185,-13.771,27.31,-3.7418,-24.304,59.208,53.793,140.45,58.653,22.361,-7.1596
-19.043,-31.012,-12.134,25.165,-3.0528,-21.789,58.773,59.695,155.36,65.777,27.622,-3.0467
-17.515,-27.611,-10.948,22.681,-1.9002,-19.368,58.346,65.987,170.57,73.774,33.222,1.7601
-15.674,-23.987,-10.332,19.744,-0.39718,-17.143,57.899,72.732,185.97,82.846,39.217,7.3966
-13.429,-20.016,-10.077,16.249,1.1544,-14.996,57.396,79.996,201.59,93.17,45.712,13.916
-10.774,-15.473,-9.6992,12.162,2.3724,-12.589,56.811,87.823,217.58,104.8,52.88,21.295
-7.837,-10.099,-8.646,7.5598,2.9575,-9.4796,56.155,96.221,234.13,117.57,60.915,29.498
-4.8398,-3.7243,-6.5049,2.5931,2.8334,-5.2911,55.465,105.15,251.32,131.1,69.941,38.584
-1.9596,3.6296,-3.119,-2.5724,2.1852,0.13221,54.785,114.5,269.2,144.94,79.938,48.742
0.77735,11.7,1.3934,-7.8005,1.3758,6.6349,54.125,124.13,287.71,158.8,90.756,60.184
3.4817,20.059,6.6746,-12.993,0.78916,13.781,53.442,133.83,306.8,172.59,102.22,72.969
6.2882,28.301,12.243,-18.092,0.67246,21.044,52.659,143.37,326.43,186.43,114.18,86.903
9.2528,36.228,17.72,-23.106,1.0324,28.079,51.7,152.51,346.62,200.54,126.54,101.58
12.332,43.929,23.045,-28.121,1.6151,34.886,50.513,161.05,367.4,215.18,139.21,116.53
15.445,51.689,28.481,-33.292,1.9893,41.737,49.077,168.86,388.72,230.55,152.09,131.42
18.551,59.816,34.395,-38.781,1.7066,48.942,47.398,175.9,410.44,246.77,165.09,146.04
21.677,68.444,40.979,-44.658,0.47945,56.615,45.504,182.2,432.24,263.78,178.17,160.4
24.869,77.436,48.072,-50.831,-1.6972,64.544,43.44,187.84,453.77,281.38,191.31,174.63
28.125,86.439,55.186,-57.065,-4.5331,72.293,41.25,192.91,474.65,299.28,204.51,188.93
31.365,95.064,61.748,-63.096,-7.5574,79.44,38.956,197.48,494.62,317.2,217.77,203.51
34.484,103.06,67.385,-68.764,-10.295,85.785,36.529,201.57,513.47,334.9,231.09,218.42
37.403,110.4,72.058,-74.037,-12.412,91.38,33.899,205.19,531.01,352.25,244.4,233.43
40.086,117.21,76.026,-78.962,-13.795,96.469,30.978,208.31,546.98,369.1,257.59,248.05
42.53,123.7,79.703,-83.612,-14.54,101.38,27.721,210.89,561.1,385.27,270.48,261.67
44.778,130.12,83.47,-88.07,-14.855,106.41,24.148,212.94,573.13,400.4,282.84,273.92
46.918,136.58,87.505,-92.406,-14.939,111.69,20.34,214.49,582.99,414.11,294.42,284.76
49.06,143.09,91.696,-96.659,-14.916,117.14,16.392,215.62,590.8,426.06,305.02,294.4
51.271,149.48,95.734,-100.82,-14.863,122.49,12.389,216.4,596.86,436.12,314.49,303.04
53.525,155.47,99.291,-104.81,-14.844,127.36,8.4098,216.89,601.48,444.39,322.83,310.75
55.696,160.77,102.17,-108.51,-14.919,131.5,4.5449,217.09,604.99,451.1,330.06,317.55
57.619,165.18,104.34,-111.76,-15.142,134.79,0.90755,217.01,607.59,456.47,336.28,323.4
59.169,168.63,105.9,-114.4,-15.54,137.27,-2.3902,216.62,609.44,460.66,341.51,328.29
60.316,171.25,107.05,-116.42,-16.096,139.12,-5.2741,215.9,610.6,463.78,345.76,332.2
61.142,173.29,107.97,-117.95,-16.723,140.57,-7.7275,214.87,611.1,465.84,349.08,335.17
61.8,175.02,108.83,-119.18,-17.27,141.83,-9.7871,213.56,610.98,466.88,351.55,337.34
62.415,176.61,109.73,-120.26,-17.554,143.05,-11.526,212,610.22,466.92,353.3,338.9
63.037,178.15,110.67,-121.28,-17.446,144.27,-13.037,210.2,608.78,465.98,354.46,340.04
63.682,179.6,111.56,-122.25,-16.978,145.43,-14.418,208.11,606.54,464.02,355.11,340.86
64.337,180.84,112.32,-123.1,-16.368,146.42,-15.751,205.61,603.25,460.97,355.25,341.32
64.856,181.7,112.86,-123.69,-15.961,147.09,-17.08,202.55,598.57,456.68,354.78,341.3
64.927,181.95,113.13,-123.82,-16.151,147.3,-18.4,198.73,592.02,450.95,353.47,340.63
64.209,181.45,113.13,-123.29,-17.248,147,-19.666,194.01,583.15,443.55,350.97,339.17
62.556,180.22,112.88,-122.07,-19.312,146.22,-20.819,188.28,571.66,434.32,346.88,336.81
60.158,178.42,112.42,-120.27,-22.054,145.05,-21.816,181.54,557.51,423.2,340.95,333.5
57.448,176.18,111.72,-118.1,-24.871,143.56,-22.65,173.84,540.94,410.29,333.13,329.27
54.893,173.57,110.73,-115.7,-27.022,141.77,-23.342,165.27,522.3,395.73,323.62,324.13
52.846,170.53,109.36,-113.14,-27.876,139.6,-23.929,155.86,501.94,379.73,312.65,318.02
51.491,167.01,107.54,-110.5,-27.135,137.01,-24.436,145.57,480.14,362.46,300.41,310.85
50.79,163.03,105.22,-107.82,-24.924,133.94,-24.859,134.37,457.1,344.1,287.02,302.52
50.425,158.52,102.42,-105.04,-21.72,130.38,-25.167,122.37,433,324.84,272.67,293.04
49.865,153.35,99.118,-101.98,-18.17,126.24,-25.311,109.88,408.06,304.87,257.6,282.52
48.547,147.33,95.342,-98.403,-14.892,121.42,-25.254,97.315,382.47,284.38,242.12,271.13
46.146,140.31,91.098,-94.13,-12.341,115.84,-25.002,85.049,356.43,263.52,226.51,258.99
42.818,132.3,86.401,-89.099,-10.703,109.51,-24.61,73.291,330.06,242.42,210.94,246.25
39.146,123.44,81.261,-83.385,-9.8448,102.5,-24.166,62.077,303.44,221.22,195.45,233.06
35.724,114,75.685,-77.189,-9.3898,94.975,-23.755,51.361,276.64,200.08,180.02,219.61
32.838,104.3,69.674,-70.812,-8.878,87.117,-23.426,41.107,249.74,179.13,164.6,206.07
30.449,94.663,63.207,-64.575,-7.9908,79.081,-23.176,31.32,222.84,158.33,149.13,192.49
28.301,85.221,56.219,-58.608,-6.6952,70.924,-22.958,22.03,196.04,137.56,133.65,178.8
25.991,75.842,48.616,-52.709,-5.163,62.558,-22.703,13.266,169.39,116.77,118.26,164.97
23.023,66.159,40.374,-46.417,-3.6366,53.772,-22.352,5.0502,142.92,96.405,103.25,151.04
18.977,55.722,31.693,-39.253,-2.3022,44.342,-21.881,-2.5937,117.02,77.384,89.02,137.17
13.811,44.262,23.03,-31.034,-1.2041,34.243,-21.306,-9.6711,92.755,60.581,75.941,123.53
8.0931,32.033,14.907,-22.133,-0.24858,23.879,-20.68,-16.241,71.372,46.271,64.164,110.23
2.7795,19.943,7.666,-13.403,0.72257,14.033,-20.067,-22.405,53.482,34.136,53.589,97.321
-1.3909,9.0936,1.396,-5.7116,1.8357,5.4035,-19.519,-28.255,38.769,23.612,43.976,84.912
-4.2514,0.05467,-3.981,0.52741,3.1126,-1.7822,-19.071,-33.836,26.42,14.19,35.076,73.253
-6.0791,-7.3588,-8.5972,5.469,4.4464,-7.7512,-18.751,-39.136,15.622,5.551,26.717,62.67
-7.3049,-13.736,-12.568,9.583,5.6346,-12.908,-18.587,-44.113,5.8058,-2.4458,18.84,53.379
-8.3122,-19.613,-15.969,13.317,6.4687,-17.578,-18.609,-48.731,-3.3176,-9.8388,11.477,45.352
-9.3602,-25.207,-18.854,16.899,6.8422,-21.889,-18.838,-52.985,-11.812,-16.628,4.6886,38.358
-10.584,-30.428,-21.287,20.334,6.8248,-25.803,-19.264,-56.895,-19.607,-22.799,-1.4818,32.115
-11.99,-35.081,-23.364,23.518,6.6641,-29.244,-19.837,-60.477,-26.582,-28.322,-7.0106,26.406
-13.419,-39.027,-25.192,26.317,6.7081,-32.172,-20.47,-63.728,-32.637,-33.151,-11.869,21.127
-14.592,-42.179,-26.845,28.586,7.2733,-34.568,-21.06,-66.612,-37.73,-37.243,-16.021,16.287
-15.261,-44.483,-28.327,30.219,8.513,-36.407,-21.52,-69.086,-41.886,-40.588,-19.454,11.949
-15.359,-45.951,-29.575,31.21,10.353,-37.672,-21.815,-71.122,-45.192,-43.225,-22.201,8.1633
-15.041,-46.698,-30.51,31.686,12.518,-38.391,-21.971,-72.732,-47.77,-45.248,-24.354,4.9139
-14.6,-46.947,-31.089,31.862,14.612,-38.674,-22.07,-73.978,-49.752,-46.783,-26.036,2.1153
-14.343,-46.976,-31.338,31.98,16.239,-38.692,-22.202,-74.958,-51.257,-47.962,-27.382,-0.35354
-14.474,-47.053,-31.348,32.229,17.108,-38.647,-22.421,-75.779,-52.383,-48.894,-28.5,-2.6022
-15.044,-47.363,-31.242,32.702,17.1,-38.712,-22.724,-76.53,-53.211,-49.652,-29.456,-4.6874
-15.959,-47.962,-31.127,33.381,16.274,-38.978,-23.048,-77.25,-53.812,-50.269,-30.268,-6.5903
-17.034,-48.753,-31.031,34.145,14.802,-39.411,-23.298,-77.923,-54.253,-50.754,-30.919,-8.226
-18.06,-49.524,-30.882,34.822,12.91,-39.865,-23.391,-78.495,-54.59,-51.106,-31.378,-9.4885
-18.876,-50.05,-30.558,35.258,10.828,-40.151,-23.292,-78.909,-54.867,-51.339,-31.632,-10.31
-19.439,-50.19,-29.976,35.389,8.7608,-40.138,-23.037,-79.134,-55.116,-51.494,-31.703,-10.705
-19.849,-49.958,-29.156,35.274,6.8594,-39.815,-22.715,-79.181,-55.349,-51.631,-31.651,-10.779
-20.273,-49.505,-28.239,35.064,5.2122,-39.297,-22.427,-79.095,-55.567,-51.807,-31.56,-10.706
-20.8,-49.051,-27.428,34.916,3.8889,-38.772,-22.228,-78.93,-55.764,-52.052,-31.508,-10.672
-21.375,-48.784,-26.916,34.918,2.9654,-38.423,-22.113,-78.733,-55.938,-52.36,-31.543,-10.809
-21.895,-48.796,-26.797,35.079,2.486,-38.355,-22.026,-78.523,-56.1,-52.689,-31.671,-11.148
-22.304,-49.07,-27.042,35.357,2.4237,-38.562,-21.903,-78.29,-56.274,-52.994,-31.854,-11.615
-22.581,-49.5,-27.517,35.687,2.6973,-38.94,-21.708,-78.008,-56.487,-53.242,-32.039,-12.078
-22.701,-49.931,-28.034,35.985,3.2149,-39.33,-21.452,-77.649,-56.766,-53.436,-32.187,-12.417
-22.624,-50.211,-28.425,36.164,3.9051,-39.575,-21.191,-77.208,-57.129,-53.605,-32.293,-12.58
-22.315,-50.234,-28.595,36.16,4.7276,-39.577,-20.997,-76.709,-57.588,-53.801,-32.39,-12.59
-21.781,-49.982,-28.556,35.961,5.6644,-39.334,-20.923,-76.188,-58.136,-54.067,-32.523,-12.515
-21.091,-49.526,-28.401,35.608,6.6887,-38.928,-20.968,-75.676,-58.747,-54.417,-32.72,-12.424
-20.37,-48.992,-28.23,35.195,7.7264,-38.483,-21.077,-75.167,-59.373,-54.833,-32.98,-12.36
-19.776,-48.525,-28.105,34.842,8.6418,-38.109,-21.152,-74.625,-59.961,-55.272,-33.27,-12.321
-19.45,-48.247,-28.028,34.659,9.2686,-37.88,-21.1,-73.998,-60.458,-55.689,-33.54,-12.26
-19.455,-48.233,-27.981,34.71,9.4725,-37.828,-20.876,-73.246,-60.831,-56.057,-33.752,-12.115
-19.752,-48.478,-27.946,34.974,9.2061,-37.944,-20.504,-72.369,-61.074,-56.374,-33.897,-11.865
-20.213,-48.884,-27.915,35.342,8.5221,-38.174,-20.079,-71.41,-61.204,-56.661,-34.008,-11.572
-20.686,-49.287,-27.856,35.664,7.5395,-38.414,-19.718,-70.438,-61.262,-56.942,-34.145,-11.37
-21.062,-49.511,-27.693,35.814,6.3814,-38.528,-19.503,-69.514,-61.29,-57.224,-34.359,-11.401
-21.309,-49.445,-27.32,35.75,5.1252,-38.405,-19.433,-68.649,-61.311,-57.478,-34.658,-11.74
-21.479,-49.088,-26.669,35.529,3.805,-38.001,-19.431,-67.789,-61.322,-57.653,-35.003,-12.347
-21.672,-48.54,-25.757,35.27,2.4507,-37.365,-19.376,-66.838,-61.29,-57.694,-35.322,-13.098
-21.969,-47.952,-24.702,35.092,1.1321,-36.622,-19.168,-65.7,-61.174,-57.575,-35.549,-13.854
-22.382,-47.471,-23.7,35.064,-0.0083109,-35.928,-18.76,-64.324,-60.937,-57.313,-35.648,-14.53
-22.845,-47.187,-22.963,35.178,-0.76978,-35.427,-18.172,-62.727,-60.567,-56.955,-35.62,-15.136
-23.261,-47.111,-22.64,35.371,-0.9988,-35.196,-17.474,-60.983,-60.078,-56.558,-35.504,-15.754
-23.549,-47.163,-22.722,35.546,-0.722,-35.203,-16.747,-59.192,-59.5,-56.149,-35.355,-16.489
-23.664,-47.182,-22.993,35.606,-0.18168,-35.278,-16.045,-57.436,-58.863,-55.722,-35.225,-17.423
-23.605,-46.961,-23.105,35.465,0.26842,-35.17,-15.38,-55.742,-58.182,-55.242,-35.139,-18.589
-23.403,-46.322,-22.746,35.071,0.33004,-34.65,-14.708,-54.062,-57.442,-54.661,-35.083,-19.95
-23.098,-45.168,-21.768,34.405,-0.11973,-33.603,-13.937,-52.279,-56.586,-53.936,-35.008,-21.411
-22.724,-43.488,-20.206,33.47,-0.99585,-32.039,-12.934,-50.23,-55.521,-53.026,-34.843,-22.83
-22.284,-41.287,-18.205,32.259,-2.0481,-30.017,-11.521,-47.751,-54.133,-51.891,-34.514,-24.057
-21.749,-38.51,-15.914,30.713,-2.9635,-27.557,-9.4745,-44.719,-52.31,-50.484,-33.967,-24.975
-21.074,-35.009,-13.396,28.727,-3.4959,-24.582,-6.5137,-41.082,-49.979,-48.763,-33.179,-25.524
-20.223,-30.602,-10.592,26.191,-3.5685,-20.946,-2.4054,-36.87,-47.119,-46.702,-32.148,-25.7
-19.193,-25.163,-7.3333,23.038,-3.3043,-16.503,2.6393,-32.173,-43.777,-44.305,-30.884,-25.533
-18,-18.679,-3.4118,19.264,-2.9752,-11.172,7.5866,-27.1,-40.05,-41.607,-29.392,-25.064
-16.643,-11.216,1.3277,14.879,-2.8889,-4.9569,11.589,-21.752,-36.064,-38.666,-27.674,-24.335
-15.072,-2.8588,6.9093,9.863,-3.2669,2.0793,15.35,-16.217,-31.944,-35.552,-25.733,-23.39
-13.18,6.2838,13.21,4.1736,-4.1736,9.8143,20.301,-10.603,-27.791,-32.331,-23.593,-22.271
-10.846,16.012,19.985,-2.1562,-5.5177,18.047,27.274,-5.0667,-23.665,-29.058,-21.295,-21.014
-7.9837,26.005,26.899,-8.9416,-7.1106,26.481,36.122,0.1921,-19.591,-25.764,-18.886,-19.626
-4.6061,35.886,33.611,-15.876,-8.7472,34.782,45.958,4.9644,-15.573,-22.445,-16.388,-18.067
-0.85121,45.38,39.916,-22.664,-10.27,42.717,55.611,9.0777,-11.624,-19.066,-13.785,-16.243
3.0576,54.427,45.84,-29.155,-11.606,50.261,64.216,12.429,-7.7755,-15.572,-11.011,-14.023
6.9034,63.184,51.573,-35.38,-12.76,57.577,71.845,14.99,-4.0847,-11.927,-7.9857,-11.29
10.566,71.9,57.287,-41.489,-13.754,64.866,79.546,16.792,-0.62052,-8.1431,-4.655,-8.0008
14.062,80.759,62.999,-47.652,-14.571,72.211,88.475,17.892,2.5484,-4.292,-1.0363,-4.2341
17.506,89.768,68.563,-53.951,-15.15,79.528,98.189,18.336,5.3661,-0.48945,2.7619,-0.20207
21.01,98.745,73.768,-60.318,-15.459,86.635,105.12,18.143,7.7964,3.1439,6.5586,3.7976
24.564,107.37,78.435,-66.528,-15.561,93.321,104.51,17.303,9.8203,6.513,10.155,7.4812
27.998,115.3,82.462,-72.287,-15.621,99.368,94.445,15.793,11.427,9.5574,13.392,10.674
31.065,122.23,85.837,-77.349,-15.842,104.58,76.197,13.595,12.605,12.242,16.188,13.34
33.577,128.02,88.635,-81.603,-16.397,108.87,52.344,10.713,13.345,14.55,18.533,15.532
35.489,132.74,90.962,-85.088,-17.374,112.28,25.857,7.2104,13.652,16.479,20.471,17.331
36.894,136.59,92.901,-87.943,-18.736,114.99,-0.43781,3.2107,13.554,18.049,22.076,18.81
37.954,139.74,94.451,-90.282,-20.303,117.12,-24.504,-1.1213,13.104,19.297,23.421,20.021
38.793,142.11,95.512,-92.062,-21.777,118.61,-45.281,-5.6299,12.366,20.268,24.551,20.988
39.435,143.3,95.904,-93.028,-22.809,119.23,-62.299,-10.205,11.403,21.009,25.475,21.709
39.826,142.78,95.394,-92.852,-23.09,118.64,-75.223,-14.786,10.265,21.562,26.184,22.177
39.93,140.22,93.731,-91.387,-22.429,116.55,-83.644,-19.332,8.9923,21.957,26.672,22.412
39.783,135.63,90.673,-88.77,-20.799,112.79,-87.342,-23.776,7.61,22.215,26.952,22.471
39.459,129.28,86.054,-85.272,-18.332,107.38,-87.104,-28.005,6.1374,22.342,27.052,22.421
38.998,121.53,79.904,-81.113,-15.294,100.5,-84.997,-31.858,4.5868,22.329,26.991,22.283
38.375,112.72,72.538,-76.393,-12.015,92.48,-82.985,-35.177,2.9592,22.145,26.758,21.992
37.537,103.19,64.464,-71.151,-8.8248,83.736,-81.698,-37.863,1.2355,21.733,26.289,21.403
36.433,93.253,56.143,-65.434,-5.9812,74.665,-80.826,-39.915,-0.62879,21.014,25.472,20.332
35.033,83.171,47.809,-59.327,-3.5536,65.522,-79.906,-41.432,-2.6972,19.913,24.182,18.618
33.302,73.042,39.453,-52.914,-1.3566,56.368,-78.628,-42.581,-5.0306,18.389,22.325,16.195
31.166,62.783,30.913,-46.228,0.91439,47.08,-76.828,-43.544,-7.6606,16.453,19.89,13.125
28.532,52.164,21.987,-39.23,3.456,37.424,-74.437,-44.478,-10.572,14.166,16.976,9.6079
25.373,40.911,12.618,-31.846,6.2368,27.169,-71.437,-45.482,-13.705,11.604,13.764,5.9188
21.781,28.871,3.1993,-24.039,9.0406,16.287,-67.857,-46.603,-16.98,8.8332,10.448,2.3116
17.9,16.247,-5.3319,-15.907,11.584,5.2436,-63.781,-47.848,-20.319,5.8931,7.1624,-1.0786
13.834,3.7565,-12.155,-7.7608,13.572,-4.9722,-59.347,-49.207,-23.658,2.8082,3.9484,-4.2638
9.6459,-7.5852,-17.143,-0.066767,14.709,-13.448,-54.716,-50.656,-26.948,-0.38996,0.77299,-7.3521
5.395,-17.054,-20.594,6.7636,14.782,-19.921,-50.029,-52.162,-30.151,-3.6437,-2.4135,-10.46
1.1663,-24.53,-22.847,12.551,13.765,-24.659,-45.392,-53.678,-33.229,-6.8655,-5.6261,-13.64
-2.9191,-30.305,-24.197,17.341,11.87,-28.091,-40.901,-55.139,-36.143,-9.9548,-8.822,-16.845
-6.7316,-34.785,-24.925,21.291,9.4981,-30.604,-36.673,-56.479,-38.854,-12.83,-11.912,-19.96
-10.182,-38.326,-25.312,24.586,7.1414,-32.501,-32.843,-57.644,-41.338,-15.459,-14.799,-22.854
-13.24,-41.212,-25.607,27.394,5.2479,-34.018,-29.526,-58.616,-43.591,-17.86,-17.414,-25.445
-15.906,-43.663,-26.006,29.834,4.0959,-35.337,-26.776,-59.428,-45.634,-20.094,-19.74,-27.723
-18.153,-45.825,-26.623,31.955,3.7459,-36.589,-24.582,-60.153,-47.506,-22.223,-21.814,-29.747
-19.907,-47.759,-27.478,33.742,4.0836,-37.832,-22.884,-60.89,-49.256,-24.295,-23.697,-31.599
-21.119,-49.437,-28.477,35.16,4.8605,-39.029,-21.602,-61.719,-50.923,-26.318,-25.437,-33.335
-21.852,-50.781,-29.433,36.197,5.7064,-40.071,-20.649,-62.662,-52.518,-28.259,-27.04,-34.958
-22.274,-51.725,-30.127,36.887,6.2093,-40.835,-19.942,-63.671,-54.024,-30.059,-28.471,-36.43
-22.578,-52.269,-30.415,37.306,6.0911,-41.253,-19.406,-64.647,-55.4,-31.655,-29.679,-37.697
-22.905,-52.496,-30.301,37.561,5.3417,-41.359,-18.98,-65.491,-56.608,-33.002,-30.622,-38.72
-23.311,-52.554,-29.948,37.755,4.2253,-41.28,-18.627,-66.155,-57.626,-34.086,-31.289,-39.485
-23.766,-52.607,-29.615,37.965,3.1741,-41.189,-18.341,-66.657,-58.46,-34.911,-31.704,-40.009
-24.174,-52.789,-29.552,38.23,2.6249,-41.254,-18.15,-67.079,-59.135,-35.482,-31.92,-40.333
-24.405,-53.156,-29.912,38.532,2.8712,-41.569,-18.095,-67.516,-59.687,-35.794,-32.006,-40.524
-24.354,-53.662,-30.703,38.807,3.9786,-42.12,-18.201,-68.02,-60.134,-35.827,-32.02,-40.649
-23.989,-54.178,-31.778,38.968,5.7569,-42.791,-18.444,-68.535,-60.455,-35.569,-32.001,-40.772
-23.364,-54.554,-32.885,38.954,7.7934,-43.411,-18.73,-68.856,-60.565,-35.027,-31.971,-40.937
-22.612,-54.689,-33.757,38.766,9.5764,-43.827,-18.888,-68.619,-60.298,-34.254,-31.945,-41.174
-21.901,-54.589,-34.215,38.473,10.682,-43.977,-18.666,-67.302,-59.398,-33.334,-31.947,-41.5
-21.383,-54.376,-34.255,38.194,10.932,-43.925,-17.733,-64.229,-57.504,-32.328,-31.981,-41.908
-21.129,-54.228,-34.059,38.043,10.458,-43.837,-15.618,-58.68,-54.095,-31.142,-31.99,-42.337
-21.088,-54.286,-33.918,38.064,9.6488,-43.897,-11.471,-51.206,-48.486,-29.345,-31.78,-42.638
-21.068,-54.563,-34.109,38.188,9.0144,-44.209,-4.8642,-48.691,-40.475,-25.996,-30.951,-42.527
-20.756,-54.886,-34.759,38.223,9.011,-44.711,-1.0991,-61.281,-35.21,-19.578,-28.738,-41.541
-19.679,-54.901,-35.76,37.863,9.951,-45.151,-1.5397,-76.005,-54.947,-9.2521,-23.725,-38.922
-16.996,-54.102,-36.75,36.654,12.006,-45.128,-1.2548,-81.106,-73.667,-13.104,-20.024,-33.418
-11.502,-51.819,-37.257,33.755,15.068,-44.209,-1.1602,-76.029,-64.162,-36.674,-36.396,-31.646
-8.7486,-47.984,-37.066,29.721,18.581,-42.218,-8.1812,-58.336,-43.841,-30.242,-33.76,-40.657
-18.049,-63.066,-37.096,43.137,22.165,-46.168,2.3479,-27.931,-15.764,-23.05,-31.869,-41.092
-18.709,-81.685,-49.231,49.987,25.892,-72.319,26.228,26.744,24.071,-15.114,-31.715,-43.023
-18.038,-90.828,-74.441,53.962,29.715,-83.126,66.271,110.05,79.776,-1.9414,-30.822,-45.642
-16.127,-97.624,-84.009,56.318,33.579,-91.012,122.36,203.06,154.29,25.795,-22.399,-44.781
-10.209,-97.294,-90.409,53.339,39.312,-94.035,175.96,283.05,256.3,80.574,5.3363,-32.152
3.1291,-84.637,-92.243,40.909,48.899,-88.587,199.99,333.18,389.66,176.67,67.503,4.5431
28.199,-53.849,-87.012,13.567,61.06,-70.49,180.71,341.44,545.49,325.39,176.71,81.327
69.172,4.722,-71.023,-36.827,73.879,-32.862,110.95,298.58,715.46,526.6,332.58,208.12
125.49,101.99,-37.802,-115.78,83.491,33.909,-11.101,200.27,890.92,777.47,531.67,370.25
190.97,233.76,21.658,-214.62,86.178,134.16,-180.47,46.06,1059.6,1067.9,769.3,560.8
259.41,380.76,109.68,-321.47,80.621,252.55,-386.42,-163.93,1204.1,1379.1,1030.3,771.97
323.1,534.84,209.28,-429.2,66.238,378.46,-614.98,-431.51,1299.7,1683.9,1291.1,987.01
373.4,682.65,313.62,-526.74,42.255,504.28,-851.13,-760.32,1314.6,1945.9,1523,1184.2
402.59,807.62,415.63,-602.13,8.8866,616.95,-1080.3,-1150.5,1216.1,2122.5,1694.4,1338.3
405.12,893.13,502.81,-644.5,-31.32,702.19,-1288.5,-1588.8,984.03,2172,1774.4,1424.2
379.15,925.22,562.13,-646.29,-73.351,746.74,-1461.5,-2040.5,622.9,2065.1,1740.2,1422.4
327.86,895.88,582.65,-605.25,-110.79,741.17,-1585.6,-2450.2,167.95,1796.4,1584.4,1325.1
259.01,805.61,558,-525.43,-136.88,682.69,-1649,-2755.3,-320.32,1390.7,1320.4,1139.8
182.66,664.24,489.15,-416.77,-145.97,576.83,-1645.2,-2906.6,-771.87,900.66,981.93,890.07
108.73,490.24,385.82,-293.58,-136.75,437.68,-1576.2,-2885.5,-1125.9,396.02,616.36,610.28
44.899,305.74,261.19,-171.01,-113.5,282.68,-1452.5,-2709,-1344.5,-52.765,273.83,338.17
-3.9537,144.12,154.87,-65.497,-83.716,148.02,-1291.2,-2419.8,-1418.2,-392.05,-4.8892,101.76
-35.124,25.236,66.119,6.983,-54.605,42.919,-1111.2,-2073.3,-1361.9,-596.62,-196.87,-60.454
-51.787,-52.216,7.1892,52.361,-31.12,-25.909,-928.95,-1716.6,-1208.4,-667.31,-297.86,-164.51
-58.863,-87.899,-20.516,73.568,-16.254,-56.996,-756.13,-1382.4,-998.65,-633.47,-321.75,-213.03
-60.001,-91.772,-23.623,76.399,-11.06,-59.245,-599.47,-1088.3,-772.68,-532.51,-291.08,-216.62
-57.011,-75.584,-12.307,67.12,-12.776,-44.363,-462.48,-840.55,-562.42,-404.09,-231.61,-191.53
-51.841,-51.04,4.2874,52.486,-18.416,-22.958,-346.7,-640.13,-387.69,-281.48,-166.08,-153.34
-36.204,-29.549,19.072,39.449,-25.029,-4.6296,-252.77,-484,-255.85,-185.38,-110.22,-114.51
-27.336,-17.716,25.925,30.086,-28.611,4.3656,-179.95,-366.65,-165.35,-122.79,-71.709,-83.214
-27.063,-29.739,12.647,33.498,-23.297,-7.7157,-124.72,-281.97,-112.18,-90.104,-50.864,-59.114
-27.26,-46.166,-12.059,37.274,-14.393,-30.236,-84.351,-223.3,-85.996,-79.866,-47.602,-53.71
-27.212,-50.631,-20.469,38.855,-9.4492,-36.554,-56.328,-183.81,-71.779,-81.031,-51.918,-55.611
-26.805,-52.347,-23.883,39.527,-5.5989,-38.858,-37.09,-156.98,-64.807,-84.446,-55.704,-55.206
-26.161,-52.946,-25.873,39.626,-2.2353,-39.876,-22.06,-137.4,-61.397,-88.197,-55.484,-53.653
-25.474,-53.02,-27.282,39.419,0.62317,-40.359,-9.9934,-121.47,-58.73,-85.106,-50.143,-51.467
-24.915,-52.981,-28.403,39.161,2.8033,-40.701,-1.6759,-107.28,-59.309,-71.266,-44.928,-49.104
-24.593,-53.093,-29.353,39.025,4.1552,-41.122,3.8149,-93.271,-53.546,-63.511,-41.636,-47.002
-24.548,-53.417,-30.127,39.074,4.672,-41.652,-0.092942,-80.199,-46.177,-59.234,-39.595,-45.345
-24.732,-53.842,-30.627,39.262,4.5108,-42.165,-5.3078,-73.297,-40.268,-56.673,-38.423,-44.13
-25.026,-54.209,-30.778,39.495,3.9453,-42.51,-2.3406,-67.926,-35.962,-55.095,-37.81,-43.258
-25.275,-54.42,-30.647,39.684,3.3182,-42.628,2.794,-62.785,-32.801,-53.953,-37.452,-42.608
-25.336,-54.473,-30.435,39.782,3.0141,-42.581,8.3983,-57.984,-30.257,-52.871,-37.111,-42.084
-25.138,-54.442,-30.366,39.785,3.3453,-42.498,14.008,-53.574,-27.913,-51.643,-36.644,-41.631
-24.712,-54.427,-30.581,39.728,4.3943,-42.508,19.412,-49.535,-25.506,-50.181,-35.98,-41.22
-24.19,-54.508,-31.091,39.666,5.9381,-42.687,24.431,-45.829,-22.927,-48.481,-35.093,-40.848
-23.754,-54.715,-31.774,39.655,7.4901,-43.027,28.867,-42.421,-20.218,-46.599,-33.988,-40.521
-23.573,-55.008,-32.393,39.724,8.4539,-43.431,32.576,-39.293,-17.519,-44.632,-32.702,-40.246
-23.747,-55.292,-32.681,39.867,8.3472,-43.75,35.524,-36.432,-14.982,-42.685,-31.299,-40.028
-24.268,-55.45,-32.445,40.039,7.012,-43.833,37.77,-33.815,-12.691,-40.816,-29.852,-39.862
-25.027,-55.394,-31.668,40.177,4.6953,-43.605,39.436,-31.395,-10.614,-39.016,-28.427,-39.732
-25.85,-55.111,-30.53,40.23,1.9622,-43.098,40.669,-29.101,-8.6161,-37.211,-27.056,-39.615
-26.543,-54.671,-29.352,40.184,-0.49338,-42.457,41.63,-26.866,-6.5185,-35.291,-25.738,-39.492
-26.961,-54.21,-28.484,40.06,-2.0541,-41.883,42.484,-24.621,-4.1948,-33.161,-24.438,-39.36
-27.04,-53.872,-28.18,39.909,-2.3383,-41.561,43.373,-22.325,-1.6148,-30.778,-23.114,-39.222
-26.807,-53.753,-28.531,39.775,-1.3107,-41.591,44.38,-19.965,1.1534,-28.172,-21.747,-39.077
-26.351,-53.853,-29.426,39.67,0.67395,-41.949,45.511,-17.561,3.9884,-25.443,-20.346,-38.907
-25.787,-54.067,-30.568,39.57,2.9449,-42.477,46.697,-15.157,6.7718,-22.72,-18.957,-38.672
-25.22,-54.222,-31.543,39.427,4.7455,-42.932,47.839,-12.812,9.4531,-20.122,-17.637,-38.324
-24.727,-54.159,-31.99,39.195,5.5709,-43.088,48.838,-10.581,12.048,-17.715,-16.445,-37.83
-24.334,-53.799,-31.779,38.851,5.3846,-42.842,49.642,-8.4797,14.616,-15.501,-15.413,-37.181
-24.008,-53.171,-31.057,38.402,4.5732,-42.247,50.26,-6.4787,17.228,-13.4,-14.525,-36.388
-23.674,-52.391,-30.153,37.883,3.7241,-41.48,50.764,-4.4836,19.948,-11.274,-13.71,-35.474
-23.256,-51.61,-29.411,37.345,3.359,-40.756,51.251,-2.3654,22.819,-8.9727,-12.865,-34.456
-22.71,-50.971,-29.078,36.844,3.7856,-40.249,51.796,-0.025519,25.851,-6.3986,-11.899,-33.353
-22.036,-50.565,-29.247,36.426,5.0685,-40.046,52.412,2.5515,29.032,-3.5384,-10.771,-32.176
-21.279,-50.394,-29.826,36.105,7.008,-40.118,53.052,5.296,32.349,-0.44613,-9.5002,-30.928
-20.523,-50.357,-30.564,35.853,9.1589,-40.316,53.644,8.1013,35.831,2.8115,-8.1333,-29.599
-19.866,-50.271,-31.118,35.603,10.954,-40.414,54.125,10.884,39.555,6.1974,-6.7038,-28.179
-19.389,-49.943,-31.182,35.275,11.903,-40.197,54.463,13.617,43.631,9.7073,-5.2033,-26.672
-19.121,-49.249,-30.616,34.807,11.767,-39.545,54.665,16.331,48.16,13.348,-3.5778,-25.104
-19.034,-48.181,-29.498,34.173,10.63,-38.492,54.758,19.093,53.215,17.122,-1.7417,-23.497
-19.053,-46.85,-28.084,33.391,8.8484,-37.201,54.771,21.986,58.848,21.036,0.39708,-21.852
-19.094,-45.43,-26.683,32.513,6.8925,-35.896,54.727,25.087,65.132,25.114,2.9143,-20.128
-19.096,-44.098,-25.534,31.623,5.1829,-34.765,54.629,28.459,72.206,29.419,5.8578,-18.252
-19.042,-42.974,-24.742,30.804,3.9963,-33.898,54.475,32.147,80.309,34.043,9.2483,-16.147
-18.917,-42.08,-24.277,30.102,3.4274,-33.275,54.253,36.169,89.749,39.094,13.083,-13.755
-18.666,-41.325,-24.023,29.465,3.3966,-32.787,53.953,40.524,100.77,44.678,17.334,-11.052
-18.181,-40.514,-23.838,28.74,3.7277,-32.281,53.562,45.189,113.39,50.868,21.95,-8.043
-17.344,-39.415,-23.578,27.732,4.2192,-31.59,53.075,50.154,127.31,57.708,26.873,-4.7392
-16.079,-37.84,-23.108,26.288,4.6624,-30.581,52.494,55.45,142.02,65.23,32.08,-1.1321
-14.415,-35.705,-22.329,24.353,4.8844,-29.185,51.835,61.169,157.08,73.502,37.616,2.8251
-12.51,-33.024,-21.225,21.979,4.83,-27.404,51.116,67.444,172.32,82.648,43.605,7.21
-10.603,-29.854,-19.859,19.282,4.5949,-25.286,50.339,74.402,187.76,92.82,50.252,12.104
-8.8742,-26.233,-18.327,16.371,4.3753,-22.862,49.491,82.104,203.58,104.12,57.814,17.565
-7.3229,-22.154,-16.7,13.278,4.375,-20.128,48.56,90.527,219.94,116.53,66.544,23.616
-5.7609,-17.575,-15.018,9.9426,4.7327,-17.061,47.548,99.583,236.96,129.85,76.559,30.244
-3.9185,-12.434,-13.279,6.2483,5.4695,-13.637,46.493,109.15,254.68,143.82,87.718,37.42
-1.5739,-6.626,-11.404,2.0763,6.4497,-9.7818,45.452,119.1,273.08,158.25,99.685,45.121
1.3632,0.0025741,-9.1775,-2.6561,7.3829,-5.313,44.485,129.28,292.11,173.09,112.17,53.365
4.8287,7.6053,-6.2759,-7.9752,7.9036,0.032437,43.623,139.47,311.72,188.41,125.04,62.229
8.6292,16.204,-2.3878,-13.828,7.7058,6.4636,42.858,149.41,331.89,204.27,138.33,71.828
12.513,25.559,2.6204,-20.058,6.6666,13.951,42.143,158.82,352.61,220.66,152.03,82.225
16.259,35.182,8.595,-26.404,4.9021,22.129,41.411,167.48,373.85,237.53,166.06,93.311
19.759,44.54,15.121,-32.592,2.7357,30.42,40.605,175.27,395.52,254.83,180.3,104.79
23.06,53.329,21.704,-38.477,0.59005,38.34,39.694,182.15,417.43,272.49,194.56,116.31
26.334,61.574,27.994,-44.128,-1.1556,45.71,38.669,188.2,439.29,290.4,208.73,127.69
29.766,69.545,33.907,-49.759,-2.2847,52.656,37.527,193.53,460.71,308.42,222.71,138.97
33.392,77.571,39.596,-55.564,-2.7999,59.454,36.255,198.28,481.36,326.34,236.47,150.32
37.05,85.861,45.338,-61.572,-2.9029,66.353,34.809,202.55,500.97,343.99,250.02,161.92
40.479,94.397,51.35,-67.614,-2.897,73.434,33.123,206.4,519.37,361.27,263.41,173.85
43.496,102.96,57.625,-73.452,-3.0484,80.57,31.119,209.82,536.46,378.07,276.65,186.01
46.096,111.25,63.865,-78.919,-3.4702,87.498,28.733,212.76,552.08,394.25,289.62,198.18
48.415,119.01,69.599,-83.989,-4.088,93.926,25.952,215.17,565.96,409.56,302.08,210.02
50.625,126.1,74.424,-88.717,-4.7195,99.634,22.837,217.04,577.84,423.62,313.69,221.2
52.82,132.48,78.204,-93.175,-5.2084,104.55,19.509,218.4,587.57,436.04,324.12,231.51
54.988,138.28,81.107,-97.398,-5.5082,108.79,16.092,219.34,595.22,446.59,333.22,240.79
57.049,143.66,83.498,-101.39,-5.6848,112.62,12.66,219.96,601.05,455.25,341,249.04
58.925,148.78,85.762,-105.12,-5.8624,116.32,9.2292,220.33,605.41,462.18,347.67,256.33
60.582,153.71,88.14,-108.56,-6.144,120.04,5.7883,220.48,608.66,467.6,353.46,262.77
62.018,158.35,90.658,-111.63,-6.5545,123.75,2.3408,220.39,611.05,471.73,358.52,268.46
63.234,162.53,93.163,-114.27,-7.038,127.26,-1.066,220.03,612.75,474.75,362.91,273.4
64.212,166.04,95.435,-116.41,-7.5046,130.35,-4.339,219.39,613.86,476.85,366.64,277.55
64.918,168.75,97.29,-118.01,-7.8933,132.83,-7.3652,218.47,614.4,478.18,369.7,280.89
65.314,170.66,98.665,-119.08,-8.217,134.65,-10.05,217.32,614.35,478.86,372.13,283.47
65.389,171.92,99.641,-119.71,-8.5713,135.9,-12.347,215.94,613.69,478.96,373.93,285.4
65.177,172.76,100.41,-120.04,-9.1088,136.81,-14.269,214.34,612.37,478.46,375.12,286.79
64.747,173.45,101.2,-120.23,-9.9851,137.58,-15.874,212.47,610.33,477.31,375.68,287.67
64.188,174.16,102.18,-120.4,-11.295,138.41,-17.24,210.24,607.43,475.38,375.57,288.01
63.586,174.96,103.41,-120.6,-13.019,139.35,-18.433,207.53,603.48,472.56,374.74,287.68
63.007,175.78,104.81,-120.83,-15.002,140.31,-19.488,204.2,598.16,468.69,373.15,286.57
62.488,176.48,106.17,-121.01,-16.977,141.14,-20.397,200.16,591.12,463.62,370.77,284.6
62.024,176.87,107.26,-121.05,-18.624,141.67,-21.13,195.38,582.01,457.16,367.55,281.8
61.563,176.76,107.88,-120.79,-19.672,141.74,-21.654,189.82,570.56,449.13,363.42,278.25
61.001,176.02,107.94,-120.09,-19.984,141.27,-21.966,183.49,556.66,439.37,358.3,274.03
60.208,174.54,107.45,-118.8,-19.594,140.27,-22.106,176.31,540.4,427.79,352.07,269.15
59.078,172.22,106.48,-116.79,-18.685,138.72,-22.147,168.1,521.99,414.37,344.56,263.47
57.587,168.97,105.09,-114.01,-17.526,136.59,-22.173,158.66,501.61,399.2,335.6,256.71
55.808,164.7,103.27,-110.52,-16.404,133.74,-22.24,147.81,479.44,382.48,325.06,248.56
53.844,159.41,100.95,-106.49,-15.561,130.07,-22.357,135.61,455.64,364.45,312.96,238.8
51.737,153.28,98.088,-102.12,-15.157,125.58,-22.49,122.36,430.42,345.34,299.45,227.51
49.427,146.5,94.715,-97.547,-15.245,120.4,-22.578,108.62,404.1,325.36,284.78,215.09
46.801,139.19,90.922,-92.732,-15.707,114.65,-22.573,94.988,377.05,304.68,269.25,202.15
43.774,131.28,86.705,-87.554,-16.212,108.38,-22.462,81.896,349.64,283.42,253.14,189.16
40.351,122.63,81.904,-81.87,-16.34,101.48,-22.282,69.521,322.18,261.72,236.71,176.33
36.604,113.13,76.29,-75.596,-15.761,93.873,-22.091,57.844,294.86,239.78,220.17,163.59
32.612,102.87,69.734,-68.755,-14.345,85.543,-21.936,46.779,267.77,217.86,203.69,150.73
28.404,92.081,62.353,-61.472,-12.178,76.637,-21.82,36.269,240.95,196.21,187.45,137.56
23.974,81.087,54.475,-53.942,-9.5295,67.397,-21.701,26.3,214.43,175,171.57,123.99
19.325,70.168,46.47,-46.346,-6.7647,58.091,-21.512,16.878,188.2,154.16,156.09,110.13
14.526,59.463,38.561,-38.736,-4.2289,48.889,-21.205,8.0073,162.19,133.45,141.02,96.226
9.7407,48.886,30.761,-31.01,-2.1525,39.776,-20.771,-0.32391,136.3,112.77,126.29,82.647
5.2506,38.162,22.955,-23.049,-0.61701,30.565,-20.251,-8.1562,110.76,92.566,111.9,69.751
1.3604,27.04,15.076,-14.97,0.42283,21.084,-19.714,-15.553,86.585,73.92,97.869,57.758
-1.7753,15.629,7.2575,-7.2299,1.0996,11.424,-19.224,-22.566,65.312,57.806,84.31,46.705
-4.218,4.5356,-0.14176,-0.36447,1.5785,2.0432,-18.813,-29.196,47.861,44.481,71.473,36.496
-6.147,-5.4542,-6.6769,5.376,1.9877,-6.4272,-18.474,-35.375,33.962,33.539,59.714,27.002
-7.7329,-13.837,-12.007,10.058,2.3773,-13.509,-18.174,-41.006,22.658,24.349,49.302,18.144
-9.098,-20.529,-16.013,13.884,2.7583,-19.027,-17.88,-46.008,13.032,16.387,40.232,9.9496
-10.347,-25.735,-18.788,17.088,3.1788,-23.074,-17.57,-50.364,4.5291,9.3236,32.255,2.5347
-11.566,-29.803,-20.572,19.893,3.7385,-25.923,-17.248,-54.13,-3.064,2.9891,25.097,-3.9688
-12.76,-33.104,-21.69,22.454,4.5582,-27.944,-16.926,-57.401,-9.7745,-2.686,18.593,-9.4872
-13.829,-35.923,-22.49,24.814,5.7282,-29.505,-16.62,-60.266,-15.586,-7.7052,12.688,-14.034
-14.657,-38.409,-23.272,26.924,7.232,-30.88,-16.336,-62.778,-20.518,-12.037,7.388,-17.69
-15.238,-40.614,-24.208,28.725,8.9142,-32.216,-16.058,-64.943,-24.643,-15.661,2.7177,-20.57
-15.691,-42.544,-25.327,30.194,10.511,-33.552,-15.754,-66.752,-28.078,-18.612,-1.3092,-22.796
-16.176,-44.187,-26.537,31.348,11.688,-34.85,-15.403,-68.219,-30.963,-21.005,-4.7208,-24.487
-16.797,-45.513,-27.651,32.214,12.096,-36.019,-15.007,-69.406,-33.447,-23.019,-7.5964,-25.762
-17.567,-46.487,-28.446,32.815,11.497,-36.946,-14.609,-70.417,-35.658,-24.837,-10.045,-26.729
-18.429,-47.095,-28.765,33.184,9.8985,-37.542,-14.26,-71.357,-37.686,-26.586,-12.168,-27.487
-19.297,-47.381,-28.593,33.375,7.5743,-37.797,-13.994,-72.293,-39.575,-28.291,-14.026,-28.121
-20.101,-47.453,-28.057,33.478,5.0017,-37.782,-13.794,-73.233,-41.323,-29.878,-15.635,-28.694
-20.799,-47.455,-27.375,33.598,2.7488,-37.627,-13.6,-74.123,-42.902,-31.219,-16.971,-29.24
-21.353,-47.521,-26.784,33.816,1.3182,-37.471,-13.342,-74.884,-44.286,-32.205,-18.01,-29.772
-21.698,-47.738,-26.482,34.155,1.0129,-37.434,-12.978,-75.451,-45.47,-32.795,-18.765,-30.293
-21.757,-48.137,-26.575,34.58,1.8965,-37.59,-12.515,-75.805,-46.478,-33.036,-19.301,-30.812
-21.509,-48.687,-27.049,35.026,3.7763,-37.947,-11.997,-75.976,-47.35,-33.052,-19.724,-31.343
-21.041,-49.292,-27.763,35.423,6.1794,-38.433,-11.467,-76.032,-48.137,-33.008,-20.145,-31.888
-20.529,-49.819,-28.481,35.723,8.4444,-38.906,-10.939,-76.051,-48.885,-33.057,-20.637,-32.436
-20.172,-50.135,-28.932,35.906,9.9289,-39.197,-10.386,-76.088,-49.633,-33.296,-21.216,-32.958
-20.121,-50.165,-28.924,35.979,10.219,-39.19,-9.76,-76.16,-50.412,-33.747,-21.847,-33.417
-20.429,-49.915,-28.435,35.963,9.265,-38.875,-9.0194,-76.243,-51.237,-34.371,-22.468,-33.776
-21.037,-49.474,-27.625,35.879,7.3818,-38.36,-8.1595,-76.289,-52.11,-35.11,-23.018,-34.008
-21.807,-48.975,-26.767,35.751,5.0901,-37.823,-7.2188,-76.251,-53.008,-35.914,-23.472,-34.101
-22.564,-48.565,-26.134,35.609,2.9348,-37.445,-6.2655,-76.094,-53.888,-36.752,-23.849,-34.07
-23.159,-48.363,-25.909,35.493,1.3775,-37.347,-5.3688,-75.808,-54.699,-37.595,-24.204,-33.952
-23.499,-48.413,-26.125,35.436,0.68934,-37.549,-4.5662,-75.398,-55.394,-38.405,-24.599,-33.797
-23.546,-48.658,-26.651,35.438,0.86054,-37.947,-3.8412,-74.877,-55.952,-39.138,-25.087,-33.659
-23.302,-48.945,-27.242,35.45,1.6489,-38.351,-3.1257,-74.254,-56.385,-39.752,-25.695,-33.578
-22.794,-49.088,-27.643,35.397,2.7318,-38.555,-2.3344,-73.538,-56.731,-40.234,-26.417,-33.575
-22.08,-48.957,-27.688,35.218,3.8264,-38.425,-1.4175,-72.737,-57.044,-40.607,-27.218,-33.642
-21.264,-48.543,-27.363,34.914,4.7575,-37.962,-0.40224,-71.862,-57.366,-40.927,-28.043,-33.74
-20.477,-47.96,-26.803,34.549,5.4831,-37.296,0.60206,-70.931,-57.715,-41.275,-28.848,-33.815
-19.843,-47.39,-26.223,34.226,6.0592,-36.629,1.4409,-69.972,-58.083,-41.734,-29.617,-33.822
-19.447,-47.011,-25.82,34.044,6.5636,-36.154,1.9823,-69.012,-58.436,-42.36,-30.375,-33.747
-19.31,-46.928,-25.694,34.056,7.0234,-35.98,2.1815,-68.07,-58.737,-43.17,-31.158,-33.615
-19.4,-47.126,-25.822,34.242,7.385,-36.098,2.0977,-67.142,-58.952,-44.136,-31.987,-33.475
-19.643,-47.481,-26.065,34.515,7.5351,-36.384,1.8462,-66.205,-59.073,-45.191,-32.851,-33.383
-19.963,-47.799,-26.225,34.753,7.3448,-36.65,1.5207,-65.228,-59.119,-46.26,-33.712,-33.373
-20.305,-47.905,-26.111,34.858,6.7153,-36.713,1.1377,-64.192,-59.134,-47.277,-34.525,-33.449
-20.662,-47.714,-25.616,34.803,5.6198,-36.473,0.63021,-63.092,-59.165,-48.203,-35.262,-33.591
-21.064,-47.278,-24.764,34.646,4.1316,-35.956,-0.1132,-61.946,-59.24,-49.031,-35.92,-33.77
-21.542,-46.758,-23.713,34.498,2.4266,-35.308,-1.1859,-60.783,-59.354,-49.772,-36.524,-33.965
-22.093,-46.348,-22.698,34.462,0.74464,-34.73,-2.6123,-59.636,-59.469,-50.441,-37.113,-34.172
-22.686,-46.196,-21.943,34.588,-0.68749,-34.397,-4.3344,-58.527,-59.54,-51.045,-37.722,-34.391
-23.276,-46.36,-21.579,34.879,-1.7381,-34.398,-6.2365,-57.466,-59.54,-51.581,-38.364,-34.617
-23.818,-46.8,-21.59,35.288,-2.406,-34.701,-8.1867,-56.444,-59.466,-52.045,-39.022,-34.829
-24.266,-47.377,-21.827,35.731,-2.7899,-35.164,-10.072,-55.429,-59.33,-52.428,-39.654,-34.996
-24.574,-47.886,-22.071,36.093,-3.0213,-35.583,-11.818,-54.368,-59.137,-52.721,-40.208,-35.093
-24.711,-48.131,-22.124,36.271,-3.2046,-35.764,-13.394,-53.198,-58.869,-52.91,-40.634,-35.111
-24.675,-48.001,-21.881,36.216,-3.3859,-35.6,-14.796,-51.865,-58.487,-52.976,-40.901,-35.059
-24.503,-47.512,-21.36,35.956,-3.5469,-35.104,-16.026,-50.339,-57.943,-52.896,-40.997,-34.943
-24.258,-46.788,-20.683,35.575,-3.621,-34.394,-17.071,-48.619,-57.199,-52.647,-40.927,-34.75
-24.001,-45.996,-20.02,35.172,-3.5251,-33.635,-17.903,-46.725,-56.238,-52.209,-40.704,-34.444
-23.772,-45.278,-19.523,34.815,-3.1973,-32.969,-18.483,-44.69,-55.068,-51.576,-40.342,-33.994
-23.571,-44.694,-19.28,34.514,-2.6305,-32.472,-18.788,-42.548,-53.72,-50.758,-39.856,-33.387
-23.357,-44.184,-19.284,34.2,-1.8918,-32.12,-18.82,-40.329,-52.23,-49.782,-39.253,-32.637
-23.064,-43.567,-19.399,33.736,-1.126,-31.772,-18.608,-38.043,-50.618,-48.672,-38.539,-31.766
-22.618,-42.567,-19.373,32.947,-0.5316,-31.182,-18.188,-35.668,-48.869,-47.431,-37.717,-30.786
-21.961,-40.881,-18.893,31.666,-0.30228,-30.058,-17.564,-33.135,-46.917,-46.022,-36.777,-29.681
-21.072,-38.24,-17.681,29.765,-0.54993,-28.13,-16.674,-30.327,-44.655,-44.37,-35.695,-28.405
-19.986,-34.444,-15.542,27.186,-1.2509,-25.184,-15.375,-27.107,-41.968,-42.375,-34.424,-26.886
-18.798,-29.395,-12.354,23.965,-2.2464,-21.075,-13.428,-23.352,-38.764,-39.947,-32.9,-25.051
-17.632,-23.173,-8.0637,20.264,-3.293,-15.778,-10.503,-19.001,-35.015,-37.036,-31.058,-22.842
-16.566,-16.127,-2.7995,16.34,-4.1287,-9.5167,-6.2614,-14.084,-30.771,-33.657,-28.852,-20.238
-15.58,-8.7822,2.9996,12.434,-4.5482,-2.7932,-0.75393,-8.7197,-26.15,-29.899,-26.271,-17.252
-14.568,-1.5516,8.7626,8.6311,-4.4973,3.8801,5.0051,-3.0867,-21.309,-25.905,-23.343,-13.924
-13.416,5.4884,14.211,4.8352,-4.1547,10.31,9.807,2.62,-16.398,-21.835,-20.129,-10.303
-12.074,12.553,19.535,0.85193,-3.9205,16.667,14.029,8.212,-11.545,-17.838,-16.712,-6.434
-10.587,19.964,25.195,-3.4915,-4.2896,23.31,19.165,13.51,-6.8584,-14.02,-13.174,-2.353
-9.0662,27.964,31.594,-8.2741,-5.6549,30.555,26.308,18.338,-2.438,-10.423,-9.5835,1.9118
-7.631,36.576,38.787,-13.46,-8.126,38.471,35.555,22.519,1.6073,-7.0338,-5.9897,6.3244
-6.3325,45.534,46.348,-18.918,-11.454,46.751,45.988,25.895,5.1633,-3.8138,-2.4312,10.818
-5.0957,54.393,53.547,-24.485,-15.09,54.811,56.265,28.362,8.1382,-0.73957,1.0479,15.274
-3.7012,62.771,59.75,-30.051,-18.355,62.121,66.248,29.912,10.505,2.1779,4.3947,19.538
-1.8222,70.544,64.721,-35.606,-20.662,68.49,77.57,30.629,12.322,4.905,7.56,23.468
0.88472,77.855,68.642,-41.212,-21.733,74.09,91.178,30.636,13.712,7.4095,10.511,26.996
4.6416,84.961,71.96,-46.912,-21.695,79.292,103.76,30.016,14.804,9.6733,13.237,30.144
9.3774,92.057,75.16,-52.642,-21.005,84.447,109.22,28.779,15.683,11.689,15.739,32.987
14.622,99.145,78.508,-58.216,-20.185,89.706,104.54,26.896,16.372,13.449,18.022,35.592
19.686,106,81.886,-63.398,-19.556,94.912,90.489,24.346,16.846,14.945,20.077,37.968
24.098,112.26,84.889,-68.013,-19.164,99.682,69.004,21.144,17.063,16.164,21.874,40.057
27.813,117.6,87.163,-72.021,-18.89,103.62,42.373,17.338,16.998,17.1,23.363,41.768
31.078,121.87,88.557,-75.523,-18.444,106.48,13.379,12.99,16.647,17.76,24.499,43.024
34.239,125.19,88.998,-78.726,-17.339,108.24,-14.873,8.1828,16.019,18.152,25.256,43.809
37.608,127.84,88.414,-81.867,-15.212,109.05,-39.892,3.0158,15.121,18.279,25.643,44.175
41.328,130.11,86.785,-85.094,-12.113,109.14,-60.544,-2.3908,13.941,18.126,25.7,44.213
45.281,132.04,84.174,-88.296,-8.4178,108.65,-76.774,-7.9144,12.455,17.663,25.493,44.02
49.107,133.08,80.587,-90.985,-4.6268,107.33,-88.881,-13.445,10.649,16.874,25.097,43.666
52.387,132.22,75.893,-92.522,-1.2679,104.53,-97.017,-18.876,8.5455,15.786,24.585,43.186
54.842,128.91,70.078,-92.619,1.2376,99.848,-101.04,-24.079,6.2271,14.484,24.017,42.593
56.375,123.57,63.486,-91.493,2.7017,93.605,-101.06,-28.89,3.8252,13.088,23.424,41.886
57.021,117.1,56.5,-89.517,3.1402,86.531,-98.507,-33.126,1.4879,11.711,22.805,41.059
56.927,110.09,49.175,-86.898,2.876,79.106,-95.528,-36.638,-0.66719,10.412,22.136,40.107
56.343,102.66,41.299,-83.654,2.6831,71.416,-93.117,-39.349,-2.5961,9.1811,21.388,39.026
55.573,94.688,32.677,-79.719,3.4657,63.319,-91.138,-41.28,-4.3533,7.9409,20.523,37.805
54.898,86.045,23.369,-75.038,5.8225,54.666,-89.203,-42.547,-6.0818,6.5697,19.483,36.405
54.477,76.715,13.818,-69.612,9.7754,45.461,-87.031,-43.341,-7.9659,4.932,18.175,34.744
54.283,66.809,4.7498,-63.517,14.774,35.923,-84.481,-43.876,-10.163,2.9173,16.489,32.707
54.087,56.502,-3.1533,-56.889,20.084,26.405,-81.489,-44.352,-12.746,0.47752,14.346,30.181
53.509,45.936,-9.5598,-49.851,24.996,17.218,-78.019,-44.917,-15.682,-2.357,11.733,27.108
52.096,35.116,-14.511,-42.435,28.843,8.4735,-74.049,-45.659,-18.859,-5.4957,8.7188,23.523
49.456,23.915,-18.246,-34.597,31.113,0.13251,-69.584,-46.616,-22.138,-8.8302,5.4317,19.558
45.436,12.3,-21.023,-26.364,31.598,-7.7544,-64.682,-47.795,-25.405,-12.275,2.0121,15.403
40.287,0.70464,-23.059,-18.023,30.384,-14.85,-59.486,-49.182,-28.599,-15.78,-1.4281,11.235
34.623,-9.9263,-24.603,-10.124,27.844,-20.748,-54.214,-50.745,-31.706,-19.318,-4.8201,7.1475
29.052,-18.736,-25.949,-3.2125,24.688,-25.381,-49.108,-52.426,-34.728,-22.848,-8.126,3.1439
23.865,-25.499,-27.299,2.4903,21.68,-29,-44.366,-54.134,-37.649,-26.296,-11.319,-0.82285
19.016,-30.494,-28.632,7.1521,19.149,-31.844,-40.093,-55.764,-40.421,-29.559,-14.372,-4.7854
14.274,-34.157,-29.744,11.162,16.842,-34.002,-36.316,-57.223,-42.985,-32.54,-17.254,-8.7204
9.3576,-36.907,-30.409,14.919,14.261,-35.497,-33.026,-58.457,-45.29,-35.185,-19.937,-12.548
4.0658,-39.107,-30.525,18.66,11.309,-36.395,-30.211,-59.459,-47.325,-37.511,-22.399,-16.157
-1.5576,-41.04,-30.19,22.378,8.5641,-36.873,-27.849,-60.26,-49.119,-39.602,-24.626,-19.455
-7.0677,-42.865,-29.702,25.853,6.7455,-37.187,-25.889,-60.915,-50.726,-41.567,-26.613,-22.384
-11.706,-44.632,-29.425,28.824,6.1948,-37.582,-24.267,-61.486,-52.198,-43.491,-28.369,-24.931
-14.871,-46.341,-29.639,31.159,7.0417,-38.222,-22.919,-62.03,-53.566,-45.393,-29.921,-27.116
-16.487,-47.951,-30.429,32.87,9.2471,-39.134,-21.803,-62.594,-54.83,-47.22,-31.304,-28.973
-16.925,-49.381,-31.662,34.04,12.354,-40.215,-20.898,-63.209,-55.97,-48.887,-32.541,-30.533
-16.706,-50.525,-33.025,34.767,15.581,-41.266,-20.184,-63.881,-56.955,-50.324,-33.631,-31.818
-16.308,-51.293,-34.128,35.16,18.093,-42.072,-19.631,-64.595,-57.76,-51.496,-34.548,-32.832
-16.089,-51.665,-34.653,35.34,19.248,-42.485,-19.2,-65.311,-58.383,-52.402,-35.263,-33.58
-16.257,-51.707,-34.482,35.428,18.788,-42.484,-18.844,-66.007,-58.839,-53.059,-35.758,-34.078
-16.866,-51.569,-33.747,35.533,16.915,-42.186,-18.532,-66.672,-59.159,-53.482,-36.035,-34.357
-17.817,-51.434,-32.768,35.729,14.217,-41.8,-18.257,-67.299,-59.363,-53.681,-36.119,-34.46
-18.886,-51.465,-31.926,36.041,11.471,-41.552,-18.027,-67.847,-59.435,-53.656,-36.044,-34.427
-19.795,-51.752,-31.521,36.435,9.4153,-41.603,-17.836,-68.195,-59.301,-53.401,-35.842,-34.298
-20.336,-52.285,-31.689,36.84,8.5191,-42.002,-17.614,-68.093,-58.81,-52.912,-35.544,-34.104
-20.482,-52.964,-32.368,37.183,8.7747,-42.672,-17.189,-67.13,-57.729,-52.197,-35.188,-33.883
-20.393,-53.643,-33.322,37.423,9.7228,-43.443,-16.26,-64.722,-55.736,-51.266,-34.819,-33.676
-20.283,-54.189,-34.233,37.568,10.743,-44.12,-14.34,-60.13,-52.39,-50.086,-34.464,-33.506
-20.27,-54.522,-34.819,37.645,11.345,-44.556,-10.598,-53.039,-47.103,-48.47,-34.056,-33.311
-20.354,-54.619,-34.963,37.672,11.277,-44.697,-4.1864,-46.735,-39.381,-45.938,-33.351,-32.877
-20.412,-54.481,-34.756,37.614,10.611,-44.579,0.60224,-52.29,-30.84,-41.541,-31.822,-31.77
-20.112,-54.059,-34.431,37.333,9.802,-44.261,-0.27225,-68.392,-34.54,-33.839,-28.43,-29.191
-18.664,-53.181,-34.215,36.516,9.544,-43.745,-1.2913,-77.865,-64.824,-24.57,-21.855,-23.638
-14.927,-51.451,-34.194,34.49,10.37,-42.914,-0.35474,-76.753,-70.143,-39.622,-29.007,-13.882
-13.515,-48.526,-34.32,31.29,12.251,-41.553,-3.7727,-63.43,-55.068,-38.831,-35.864,-22.141
-19.521,-54.596,-34.611,40.67,15.155,-41.225,-5.1966,-38.126,-30.867,-32.156,-32.982,-27.942
-19.653,-78.104,-37.131,49.445,19.426,-61.038,10.546,2.6331,1.8812,-25.817,-31.892,-28.793
-18.575,-87.635,-59.129,53.011,25.305,-78.497,39.649,72.113,49.249,-17.563,-31.696,-30.902
-16.387,-95.427,-78.71,55.69,32.457,-87.785,86.061,158.65,113.19,-0.83042,-28.131,-31.383
-10.667,-98.969,-87.767,54.538,40.359,-94.063,143.39,246.54,197.61,35.192,-12.075,-23.666
2.0009,-92.507,-92.983,45.214,49.325,-93.678,186.76,315.54,309.68,103.53,30.063,1.9926
25.561,-69.606,-92.228,22.707,60.285,-82.3,197.04,348.9,448.38,217.97,112.69,56.607
63.688,-22.942,-82.727,-19.371,73.042,-54.896,163.46,334.06,606.49,385.29,243.54,150.71
115.91,56.209,-60.164,-85.893,85.07,-4.212,79.636,264.18,777.52,602.76,416.48,285.82
177.04,169.16,-17.835,-172.69,92.244,76.516,-55.801,137.76,951.23,868.64,631.48,455.51
242.5,304.12,52.73,-271.64,91.994,181.49,-236.62,-44.721,1113.2,1170.2,881.33,655.26
306.11,452.19,145.03,-376.3,82.512,299.1,-449.85,-284.09,1243.3,1484.8,1148,871.82
359.71,601.04,243.21,-476.26,62.212,422.67,-680.03,-583.74,1314.3,1779.8,1405.1,1085.2
395.1,733.98,343.28,-559.3,31.213,540.12,-911.89,-946.59,1293.2,2013.9,1619.5,1270.9
405.78,833.89,435.54,-613.85,-8.2554,637.29,-1130.7,-1367.1,1150.3,2141.9,1755.3,1402.6
388.79,885.79,507.21,-631.11,-51.198,700.15,-1322.2,-1821.2,872.12,2124.8,1782.1,1456.3
345.92,879.58,545.35,-607.04,-89.983,716.86,-1472.7,-2262.2,472.79,1941.9,1682.7,1416.1
283.53,812.71,540.3,-543.47,-116.84,681.05,-1569.8,-2628.1,-2.8056,1600.9,1460.4,1280.3
210.8,691.73,489.53,-447.88,-126.87,594.68,-1605,-2860.3,-488.61,1140.9,1140.8,1063.1
137.33,531.76,399.4,-332.15,-119.18,468.76,-1575.7,-2924.5,-915.34,625.57,768.4,793.18
71.134,353.22,277.18,-210.69,-97.649,318.44,-1487.1,-2821.8,-1228.3,129.53,396.62,508.09
17.166,180.18,168.36,-96.14,-69.351,175.32,-1352.2,-2579.7,-1398.8,-279.57,75.594,245.17
-21.695,48.191,73.801,-12.059,-42.199,60.578,-1188,-2260.1,-1425.7,-562.04,-162.48,32.37
-45.213,-43.958,8.9365,44.184,-22.501,-19.274,-1011.6,-1910,-1331.5,-695.37,-300.03,-102.31
-57.362,-89.551,-22.266,73.646,-13.294,-57.826,-836.61,-1568.6,-1153.2,-707.93,-352.13,-178.39
-62.057,-97.115,-25.707,81.127,-14.292,-62.572,-671.7,-1259.7,-932.87,-632.7,-337.95,-201.77
-61.048,-81.451,-12.766,73.943,-20.635,-47.415,-522.59,-993.37,-708.29,-508.22,-282.69,-188.99
-56.361,-56.502,5.0112,59.378,-26.591,-25.393,-394.29,-771.58,-506.13,-371.35,-211.44,-157.62
-47.837,-33.517,19.725,44.458,-30.262,-6.3925,-289.85,-592.28,-340.62,-250.39,-144.08,-121.64
-30.403,-19.452,26.329,33.514,-28.558,3.7661,-207.43,-451.86,-217.4,-161.2,-92.698,-90.203
-26.931,-22.252,15.811,30.635,-20.82,-2.0336,-142.76,-345.8,-137.44,-107.88,-61.712,-66.776
-26.625,-43.053,-8.4815,35.529,-15.517,-26.929,-93.747,-268.74,-97.056,-84.738,-49.577,-50.797
-26.669,-48.979,-17.552,37.592,-12.061,-34.645,-59.377,-214.68,-77.816,-80.468,-50.952,-53.746
-26.689,-51.27,-20.995,38.623,-9.4768,-37.38,-37.299,-177.26,-67.522,-82.593,-55.449,-54.33
-26.549,-52.086,-22.439,39.022,-7.5086,-38.351,-22.775,-150.87,-62.831,-86.164,-57.818,-53.07
-26.229,-52.073,-23.004,38.999,-5.7488,-38.437,-11.518,-131.42,-60.041,-89.184,-55.382,-50.973
-25.772,-51.745,-23.451,38.783,-3.7981,-38.257,-3.0886,-115.9,-59.579,-79.859,-49.184,-48.632
-25.243,-51.581,-24.386,38.586,-1.4625,-38.371,3.228,-102.12,-58.774,-68.893,-44.973,-46.534
-24.722,-51.875,-26.008,38.554,1.1853,-39.078,6.1689,-88.37,-51.894,-63.461,-42.578,-44.896
-24.298,-52.614,-28.048,38.729,3.8325,-40.276,-0.021187,-78.877,-45.615,-60.447,-41.271,-43.723
-24.042,-53.572,-30.027,39.061,6.0505,-41.619,-0.029123,-73.699,-41.002,-58.707,-40.622,-42.911
-23.979,-54.482,-31.553,39.455,7.5054,-42.772,4.9337,-68.837,-37.758,-57.59,-40.276,-42.339
-24.078,-55.155,-32.447,39.813,8.1113,-43.542,11.05,-64.072,-35.305,-56.629,-39.971,-41.912
-24.262,-55.511,-32.743,40.063,8.0337,-43.893,17.18,-59.471,-33.131,-55.548,-39.564,-41.584
-24.44,-55.572,-32.619,40.175,7.5887,-43.909,22.92,-55.01,-30.906,-54.233,-39.007,-41.345
-24.545,-55.437,-32.322,40.167,7.1177,-43.742,28.137,-50.662,-28.475,-52.666,-38.301,-41.198
-24.556,-55.245,-32.076,40.091,6.878,-43.561,32.787,-46.429,-25.815,-50.862,-37.46,-41.145
-24.501,-55.123,-32.015,40.016,6.9595,-43.493,36.839,-42.332,-22.988,-48.84,-36.484,-41.167
-24.445,-55.148,-32.145,40.001,7.2467,-43.585,40.283,-38.39,-20.071,-46.609,-35.367,-41.231
-24.458,-55.314,-32.342,40.073,7.4654,-43.784,43.16,-34.6,-17.114,-44.182,-34.103,-41.309
-24.583,-55.53,-32.396,40.208,7.306,-43.955,45.552,-30.945,-14.132,-41.583,-32.709,-41.396
-24.813,-55.651,-32.11,40.342,6.5664,-43.939,47.537,-27.435,-11.119,-38.869,-31.233,-41.516
-25.093,-55.55,-31.404,40.391,5.2516,-43.629,49.179,-24.107,-8.0771,-36.118,-29.753,-41.71
-25.345,-55.173,-30.365,40.297,3.5982,-43.029,50.523,-21.029,-5.0392,-33.418,-28.351,-42.005
-25.506,-54.574,-29.223,40.054,1.9925,-42.26,51.618,-18.269,-2.066,-30.823,-27.09,-42.391
-25.555,-53.889,-28.26,39.709,0.8075,-41.51,52.527,-15.851,0.78216,-28.329,-25.978,-42.81
-25.514,-53.282,-27.696,39.345,0.24845,-40.961,53.327,-13.736,3.4761,-25.878,-24.974,-43.179
-25.432,-52.873,-27.611,39.036,0.28144,-40.715,54.087,-11.829,6.0387,-23.386,-24.01,-43.42
-25.364,-52.703,-27.909,38.83,0.66495,-40.758,54.856,-10.012,8.5464,-20.797,-23.02,-43.479
-25.341,-52.718,-28.361,38.726,1.071,-40.965,55.654,-8.181,11.107,-18.104,-21.972,-43.329
-25.358,-52.792,-28.693,38.681,1.2425,-41.149,56.474,-6.2585,13.822,-15.346,-20.873,-42.972
-25.362,-52.77,-28.71,38.622,1.1145,-41.135,57.28,-4.2329,16.746,-12.581,-19.761,-42.436
-25.265,-52.531,-28.368,38.468,0.85294,-40.833,58.018,-2.1355,19.869,-9.8565,-18.679,-41.767
-24.97,-52.034,-27.786,38.167,0.77571,-40.264,58.629,-0.015577,23.13,-7.1815,-17.652,-41.021
-24.422,-51.337,-27.187,37.716,1.1799,-39.558,59.082,2.0905,26.456,-4.5172,-16.67,-40.235
-23.651,-50.572,-26.785,37.173,2.1852,-38.887,59.387,4.1811,29.807,-1.7827,-15.681,-39.412
-22.773,-49.891,-26.69,36.635,3.6752,-38.391,59.591,6.295,33.205,1.1139,-14.603,-38.507
-21.958,-49.393,-26.862,36.193,5.3271,-38.117,59.752,8.4959,36.741,4.2356,-13.335,-37.448
-21.364,-49.087,-27.132,35.894,6.7117,-38.003,59.907,10.844,40.55,7.5891,-11.786,-36.167
-21.085,-48.888,-27.278,35.722,7.4375,-37.913,60.051,13.371,44.768,11.127,-9.8923,-34.625
-21.115,-48.666,-27.108,35.607,7.2859,-37.696,60.145,16.081,49.503,14.78,-7.6324,-32.828
-21.365,-48.285,-26.531,35.451,6.2826,-37.245,60.136,18.969,54.819,18.49,-5.0186,-30.821
-21.688,-47.654,-25.586,35.16,4.6818,-36.527,59.991,22.036,60.745,22.255,-2.0852,-28.68
-21.932,-46.752,-24.427,34.674,2.8766,-35.593,59.712,25.304,67.3,26.136,1.123,-26.493
-21.983,-45.632,-23.269,33.983,1.2762,-34.56,59.334,28.807,74.528,30.243,4.5599,-24.344
-21.791,-44.396,-22.314,33.122,0.18649,-33.564,58.908,32.573,82.526,34.691,8.1904,-22.287
-21.373,-43.165,-21.691,32.156,-0.27726,-32.719,58.469,36.618,91.45,39.564,12.004,-20.324
-20.787,-42.048,-21.42,31.163,-0.2068,-32.088,58.022,40.947,101.47,44.91,16.019,-18.388
-20.103,-41.13,-21.42,30.221,0.16886,-31.675,57.538,45.553,112.72,50.765,20.272,-16.363
-19.373,-40.437,-21.54,29.392,0.60323,-31.425,56.965,50.438,125.17,57.203,24.794,-14.11
-18.611,-39.901,-21.619,28.67,0.94441,-31.221,56.254,55.62,138.69,64.361,29.599,-11.503
-17.765,-39.332,-21.528,27.95,1.2012,-30.905,55.388,61.158,153.03,72.44,34.71,-8.4338
-16.716,-38.451,-21.212,27.018,1.5315,-30.31,54.396,67.161,167.98,81.657,40.191,-4.8152
-15.299,-36.957,-20.692,25.602,2.1416,-29.306,53.346,73.784,183.35,92.155,46.168,-0.58236
-13.347,-34.586,-20.033,23.424,3.1571,-27.811,52.333,81.183,199.09,103.9,52.819,4.2875
-10.735,-31.116,-19.278,20.246,4.5571,-25.763,51.443,89.448,215.23,116.63,60.34,9.753
-7.4252,-26.375,-18.423,15.928,6.1901,-23.095,50.725,98.536,231.84,129.95,68.88,15.707
-3.5124,-20.359,-17.433,10.561,7.8333,-19.777,50.166,108.26,248.99,143.46,78.479,22.007
0.74885,-13.414,-16.288,4.5625,9.2527,-15.916,49.704,118.32,266.71,156.99,89.042,28.54
5.0351,-6.155,-14.965,-1.4755,10.251,-11.745,49.256,128.41,284.99,170.56,100.38,35.285
9.1174,0.94548,-13.372,-7.1295,10.703,-7.4245,48.751,138.26,303.79,184.34,112.3,42.364
12.973,7.8722,-11.297,-12.351,10.588,-2.8604,48.145,147.7,323.08,198.56,124.65,50.068
16.766,14.979,-8.4631,-17.393,9.9883,2.2688,47.409,156.62,342.86,213.35,137.38,58.838
20.696,22.675,-4.6263,-22.586,9.0698,8.3165,46.51,164.96,363.13,228.82,150.47,69.17
24.82,31.155,0.34322,-28.133,8.0235,15.461,45.404,172.71,383.9,245.01,163.9,81.328
28.968,40.27,6.404,-34.001,7.0081,23.568,44.06,179.86,405.11,261.91,177.68,95.024
32.835,49.601,13.291,-39.961,6.1054,32.189,42.48,186.42,426.61,279.45,191.73,109.46
36.16,58.675,20.544,-45.735,5.3068,40.752,40.722,192.41,448.13,297.47,205.97,123.84
38.834,67.202,27.69,-51.162,4.5253,48.831,38.891,197.85,469.36,315.72,220.24,137.74
40.917,75.181,34.475,-56.278,3.6248,56.298,37.109,202.73,489.94,333.92,234.42,151.06
42.584,82.877,40.941,-61.289,2.4631,63.31,35.459,207.05,509.55,351.77,248.38,163.91
44.037,90.663,47.305,-66.443,0.94751,70.165,33.917,210.78,527.83,368.98,262.02,176.44
45.429,98.807,53.749,-71.868,-0.91442,77.109,32.342,213.91,544.41,385.3,275.21,188.78
46.82,107.26,60.242,-77.436,-3.0014,84.155,30.522,216.46,559,400.51,287.81,200.94
48.203,115.61,66.512,-82.792,-5.1171,91.042,28.253,218.43,571.42,414.39,299.66,212.8
49.551,123.23,72.177,-87.535,-7.0629,97.344,25.407,219.87,581.67,426.77,310.6,224.15
50.799,129.63,76.953,-91.404,-8.7097,102.7,21.983,220.84,589.88,437.51,320.44,234.77
51.836,134.67,80.78,-94.362,-10.034,106.98,18.116,221.42,596.29,446.57,329.04,244.45
52.576,138.59,83.825,-96.591,-11.101,110.38,14.027,221.68,601.15,453.99,336.33,253.07
53.052,141.89,86.38,-98.424,-12.004,113.27,9.9469,221.68,604.74,459.91,342.35,260.59
53.429,145.09,88.714,-100.21,-12.783,116.04,6.0454,221.48,607.29,464.53,347.23,267.06
53.925,148.51,90.954,-102.2,-13.375,118.92,2.4208,221.06,609,468.03,351.16,272.61
54.713,152.18,93.065,-104.46,-13.632,121.91,-0.8739,220.43,610.02,470.57,354.3,277.33
55.858,155.89,94.927,-106.87,-13.418,124.86,-3.8043,219.58,610.41,472.27,356.78,281.29
57.295,159.34,96.438,-109.25,-12.71,127.51,-6.3514,218.5,610.22,473.16,358.65,284.5
58.859,162.27,97.572,-111.37,-11.636,129.7,-8.5258,217.19,609.45,473.28,359.96,286.93
60.327,164.51,98.367,-113.07,-10.454,131.35,-10.383,215.66,608.09,472.65,360.73,288.61
61.463,166.03,98.901,-114.25,-9.4764,132.48,-12.021,213.93,606.08,471.29,361.02,289.69
62.06,166.89,99.274,-114.88,-8.9866,133.14,-13.56,211.98,603.37,469.22,360.87,290.32
61.982,167.21,99.586,-114.97,-9.1553,133.45,-15.098,209.76,599.83,466.41,360.35,290.68
61.206,167.14,99.915,-114.61,-9.9929,133.56,-16.673,207.21,595.26,462.77,359.47,290.82
59.845,166.87,100.3,-113.91,-11.366,133.58,-18.255,204.25,589.4,458.17,358.16,290.69
58.143,166.5,100.72,-113,-13.068,133.57,-19.775,200.79,581.88,452.43,356.28,290.08
56.377,166.11,101.14,-112.03,-14.911,133.54,-21.166,196.72,572.31,445.36,353.58,288.77
54.726,165.66,101.52,-111.08,-16.775,133.45,-22.386,191.91,560.31,436.8,349.74,286.53
53.186,165.05,101.81,-110.1,-18.614,133.22,-23.416,186.22,545.68,426.67,344.44,283.19
51.639,164.08,101.99,-108.93,-20.4,132.74,-24.262,179.5,528.56,415.07,337.48,278.63
49.977,162.55,101.99,-107.38,-22.049,131.9,-24.947,171.64,509.32,402.13,328.92,272.86
48.198,160.29,101.64,-105.36,-23.38,130.57,-25.502,162.56,488.47,387.99,319.03,265.98
46.417,157.2,100.75,-102.92,-24.156,128.58,-25.961,152.3,466.38,372.71,308.09,258.15
44.812,153.29,99.104,-100.21,-24.163,125.83,-26.344,140.99,443.32,356.33,296.31,249.5
43.557,148.7,96.555,-97.447,-23.29,122.29,-26.65,128.86,419.44,338.88,283.78,240.09
42.766,143.6,93.096,-94.755,-21.578,118.01,-26.864,116.2,394.86,320.44,270.54,229.9
42.424,138.12,88.83,-92.137,-19.216,113.1,-26.97,103.34,369.71,301.13,256.6,218.93
42.37,132.24,83.908,-89.441,-16.475,107.67,-26.971,90.568,344.13,281.16,242.02,207.24
42.353,125.85,78.44,-86.413,-13.603,101.72,-26.895,78.096,318.29,260.82,226.94,194.95
42.127,118.76,72.464,-82.774,-10.756,95.246,-26.782,66.057,292.34,240.42,211.54,182.22
41.543,110.83,65.966,-78.309,-7.9626,88.183,-26.659,54.524,266.41,220.21,196.06,169.16
40.56,102.03,58.918,-72.937,-5.1567,80.51,-26.53,43.536,240.58,200.33,180.68,155.84
39.197,92.496,51.321,-66.753,-2.2633,72.257,-26.378,33.106,214.89,180.76,165.56,142.3
37.481,82.488,43.223,-60.056,0.69829,63.528,-26.182,23.215,189.32,161.37,150.73,128.67
35.422,72.343,34.755,-53.26,3.5492,54.516,-25.94,13.821,163.69,141.99,136.21,115.13
32.981,62.355,26.157,-46.677,5.983,45.441,-25.674,4.8738,137.87,122.61,121.99,101.98
30.032,52.599,17.779,-40.311,7.686,36.446,-25.421,-3.6599,112.17,103.69,108.18,89.58
26.394,42.868,10.02,-33.892,8.4696,27.513,-25.212,-11.781,87.912,86.036,95.031,78.298
21.95,32.796,3.2118,-27.081,8.3451,18.524,-25.046,-19.45,66.885,70.365,82.826,68.305
16.794,22.124,-2.4777,-19.706,7.5119,9.4745,-24.892,-26.597,49.945,56.903,71.746,59.52
11.25,10.99,-7.0659,-11.906,6.2807,0.69759,-24.703,-33.143,36.53,45.455,61.775,51.695
5.7449,0.061354,-10.696,-4.1096,4.9666,-7.1955,-24.44,-39.038,25.516,35.651,52.752,44.552
0.60481,-9.7644,-13.535,3.1749,3.7948,-13.697,-24.087,-44.276,15.946,27.113,44.471,37.878
-4.0311,-17.891,-15.693,9.602,2.8543,-18.676,-23.661,-48.911,7.2365,19.519,36.746,31.544
-8.1488,-24.248,-17.23,15.067,2.1157,-22.31,-23.205,-53.039,-0.88114,12.637,29.429,25.483
-11.745,-29.111,-18.219,19.614,1.4981,-24.889,-22.772,-56.771,-8.4781,6.3184,22.42,19.658
-14.764,-32.837,-18.784,23.319,0.94016,-26.717,-22.405,-60.201,-15.523,0.48441,15.685,14.059
-17.131,-35.715,-19.102,26.234,0.42985,-28.062,-22.114,-63.376,-21.951,-4.9007,9.2777,8.7188
-18.84,-37.953,-19.361,28.425,-0.0081735,-29.134,-21.877,-66.292,-27.707,-9.8453,3.3417,3.7418
-19.99,-39.723,-19.714,30.015,-0.33732,-30.094,-21.645,-68.91,-32.771,-14.345,-1.943,-0.71654
-20.741,-41.198,-20.255,31.173,-0.5213,-31.051,-21.369,-71.193,-37.161,-18.396,-6.4433,-4.5246
-21.229,-42.524,-21.005,32.059,-0.52826,-32.069,-21.035,-73.137,-40.933,-22.001,-10.14,-7.646
-21.524,-43.773,-21.917,32.773,-0.34074,-33.146,-20.667,-74.776,-44.166,-25.172,-13.137,-10.164
-21.642,-44.926,-22.887,33.348,0.032038,-34.217,-20.327,-76.177,-46.942,-27.934,-15.611,-12.248
-21.568,-45.905,-23.797,33.768,0.55698,-35.182,-20.087,-77.414,-49.343,-30.329,-17.746,-14.087
-21.291,-46.625,-24.564,34.006,1.1998,-35.953,-19.996,-78.546,-51.433,-32.415,-19.674,-15.817
-20.822,-47.058,-25.174,34.058,1.9492,-36.496,-20.06,-79.597,-53.261,-34.254,-21.446,-17.492
-20.205,-47.246,-25.681,33.962,2.8226,-36.845,-20.232,-80.55,-54.855,-35.885,-23.043,-19.083
-19.526,-47.29,-26.171,33.791,3.8535,-37.08,-20.435,-81.357,-56.221,-37.308,-24.411,-20.527
-18.896,-47.31,-26.728,33.637,5.0675,-37.294,-20.591,-81.965,-57.347,-38.494,-25.503,-21.768
-18.425,-47.405,-27.391,33.583,6.4563,-37.551,-20.659,-82.343,-58.224,-39.42,-26.31,-22.8
-18.182,-47.628,-28.143,33.682,7.965,-37.878,-20.639,-82.5,-58.858,-40.105,-26.87,-23.666
-18.165,-47.983,-28.914,33.942,9.4974,-38.258,-20.569,-82.479,-59.279,-40.612,-27.25,-24.432
-18.295,-48.423,-29.606,34.317,10.926,-38.646,-20.498,-82.346,-59.531,-41.031,-27.53,-25.15
-18.45,-48.86,-30.114,34.717,12.101,-38.977,-20.454,-82.152,-59.668,-41.448,-27.775,-25.823
-18.523,-49.196,-30.347,35.042,12.869,-39.181,-20.442,-81.925,-59.737,-41.916,-28.019,-26.414
-18.499,-49.353,-30.242,35.227,13.087,-39.205,-20.443,-81.658,-59.773,-42.448,-28.265,-26.863
-18.474,-49.322,-29.784,35.281,12.641,-39.034,-20.429,-81.325,-59.797,-43.013,-28.494,-27.124
-18.606,-49.161,-29.008,35.28,11.465,-38.704,-20.375,-80.898,-59.814,-43.554,-28.677,-27.19
-19.036,-48.977,-28.006,35.321,9.5838,-38.295,-20.263,-80.36,-59.825,-44.012,-28.803,-27.109
-19.811,-48.878,-26.921,35.478,7.1457,-37.912,-20.086,-79.718,-59.836,-44.354,-28.884,-26.984
-20.873,-48.931,-25.918,35.768,4.4228,-37.647,-19.853,-79.001,-59.865,-44.589,-28.961,-26.947
-22.086,-49.135,-25.132,36.152,1.7491,-37.546,-19.577,-78.248,-59.937,-44.764,-29.088,-27.123
-23.287,-49.426,-24.618,36.549,-0.57806,-37.588,-19.265,-77.491,-60.071,-44.942,-29.31,-27.583
-24.324,-49.7,-24.328,36.879,-2.3802,-37.691,-18.915,-76.738,-60.276,-45.176,-29.65,-28.322
-25.094,-49.865,-24.14,37.089,-3.6195,-37.751,-18.517,-75.978,-60.545,-45.497,-30.107,-29.273
-25.554,-49.866,-23.926,37.17,-4.3613,-37.679,-18.073,-75.193,-60.86,-45.913,-30.663,-30.334
-25.71,-49.708,-23.623,37.149,-4.6949,-37.448,-17.596,-74.371,-61.193,-46.407,-31.292,-31.409
-25.595,-49.451,-23.27,37.065,-4.6548,-37.108,-17.111,-73.507,-61.51,-46.955,-31.964,-32.428
-25.264,-49.182,-22.992,36.952,-4.2129,-36.767,-16.639,-72.599,-61.777,-47.526,-32.65,-33.354
-24.791,-48.982,-22.93,36.833,-3.3587,-36.546,-16.187,-71.646,-61.972,-48.104,-33.334,-34.183
-24.266,-48.899,-23.163,36.725,-2.1796,-36.52,-15.748,-70.646,-62.096,-48.682,-34.007,-34.932
-23.773,-48.938,-23.661,36.641,-0.8639,-36.688,-15.313,-69.592,-62.164,-49.268,-34.67,-35.626
-23.372,-49.061,-24.302,36.582,0.36612,-36.981,-14.872,-68.478,-62.201,-49.863,-35.328,-36.294
-23.081,-49.199,-24.923,36.532,1.3346,-37.292,-14.428,-67.304,-62.229,-50.461,-35.989,-36.965
-22.874,-49.265,-25.385,36.456,1.96,-37.511,-13.993,-66.08,-62.252,-51.04,-36.655,-37.665
-22.706,-49.175,-25.597,36.31,2.256,-37.555,-13.59,-64.813,-62.253,-51.568,-37.313,-38.407
-22.529,-48.887,-25.537,36.07,2.3078,-37.385,-13.228,-63.502,-62.192,-52.001,-37.934,-39.184
-22.316,-48.42,-25.245,35.745,2.2442,-37.022,-12.886,-62.128,-62.021,-52.303,-38.485,-39.979
-22.065,-47.852,-24.807,35.384,2.2026,-36.541,-12.512,-60.668,-61.696,-52.459,-38.935,-40.768
-21.796,-47.297,-24.327,35.051,2.2826,-36.04,-12.047,-59.098,-61.194,-52.488,-39.276,-41.531
-21.532,-46.854,-23.896,34.797,2.5088,-35.613,-11.435,-57.405,-60.506,-52.436,-39.515,-42.242
-21.3,-46.567,-23.568,34.636,2.8216,-35.316,-10.65,-55.587,-59.637,-52.361,-39.676,-42.879
-21.122,-46.395,-23.346,34.527,3.0969,-35.133,-9.7042,-53.659,-58.6,-52.315,-39.791,-43.417
-21.016,-46.207,-23.168,34.389,3.1777,-34.973,-8.6488,-51.652,-57.418,-52.323,-39.879,-43.84
-20.981,-45.832,-22.904,34.122,2.9107,-34.689,-7.5558,-49.604,-56.112,-52.37,-39.94,-44.142
-20.984,-45.117,-22.404,33.639,2.2004,-34.139,-6.487,-47.543,-54.697,-52.384,-39.949,-44.33
-20.973,-43.982,-21.569,32.898,1.0692,-33.237,-5.463,-45.467,-53.175,-52.253,-39.863,-44.413
-20.91,-42.447,-20.404,31.912,-0.32485,-31.986,-4.4478,-43.338,-51.53,-51.847,-39.635,-44.409
-20.785,-40.614,-19.003,30.756,-1.7281,-30.466,-3.3496,-41.091,-49.734,-51.063,-39.235,-44.33
-20.593,-38.625,-17.504,29.533,-2.8575,-28.788,-2.0295,-38.648,-47.743,-49.854,-38.658,-44.186
-20.299,-36.588,-16.023,28.32,-3.4662,-27.042,-0.30968,-35.938,-45.504,-48.239,-37.915,-43.97
-19.83,-34.489,-14.595,27.096,-3.4115,-25.234,2.0201,-32.904,-42.964,-46.275,-37.015,-43.651
-19.103,-32.14,-13.118,25.723,-2.7257,-23.223,5.1829,-29.5,-40.068,-44.019,-35.944,-43.181
-18.082,-29.191,-11.327,23.979,-1.6459,-20.723,9.3048,-25.685,-36.766,-41.497,-34.663,-42.498
-16.808,-25.229,-8.8393,21.636,-0.56437,-17.356,14.079,-21.426,-33.023,-38.705,-33.107,-41.544
-15.395,-19.93,-5.2785,18.537,0.094283,-12.791,18.396,-16.715,-28.84,-35.632,-31.212,-40.279
-13.995,-13.228,-0.45287,14.675,0.012117,-6.9141,21.006,-11.592,-24.268,-32.289,-28.933,-38.688
-12.746,-5.4575,5.4679,10.228,-0.92381,0.016993,22.234,-6.1525,-19.413,-28.728,-26.278,-36.796
-11.716,2.7074,11.927,5.5241,-2.5967,7.3834,23.985,-0.5473,-14.415,-25.033,-23.326,-34.671
-10.866,10.563,18.225,0.90517,-4.7136,14.488,28.006,5.0443,-9.4176,-21.298,-20.216,-32.41
-10.053,17.738,23.893,-3.4491,-6.9146,20.92,34.843,10.437,-4.5373,-17.591,-17.101,-30.107
-9.0655,24.333,28.885,-7.6053,-8.9011,26.724,43.859,15.457,0.13854,-13.941,-14.077,-27.809
-7.6961,30.806,33.539,-11.825,-10.538,32.315,53.814,19.946,4.5362,-10.324,-11.147,-25.497
-5.8187,37.717,38.372,-16.422,-11.887,38.257,63.495,23.767,8.5729,-6.6754,-8.2538,-23.111
-3.4506,45.459,43.83,-21.599,-13.133,44.987,72.195,26.816,12.155,-2.9303,-5.3245,-20.6
-0.72747,54.021,50.036,-27.331,-14.441,52.548,80.053,29.054,15.202,0.92552,-2.3132,-17.95
2.1971,62.965,56.633,-33.36,-15.826,60.485,87.823,30.521,17.691,4.8197,0.79827,-15.171
5.2159,71.652,62.923,-39.317,-17.115,68.062,95.978,31.314,19.658,8.6034,4.0075,-12.272
8.2726,79.589,68.265,-44.899,-18.035,74.696,103.67,31.518,21.184,12.099,7.2891,-9.2437
11.389,86.618,72.386,-50.001,-18.364,80.223,108.49,31.152,22.336,15.153,10.58,-6.0868
14.689,92.891,75.4,-54.731,-18.049,84.839,107.59,30.165,23.139,17.665,13.772,-2.8415
18.347,98.729,77.659,-59.309,-17.22,88.911,99.217,28.469,23.576,19.591,16.733,0.39541
22.458,104.46,79.573,-63.934,-16.125,92.809,83.218,25.996,23.608,20.936,19.349,3.496
26.924,110.28,81.419,-68.669,-15.049,96.75,61.18,22.743,23.216,21.744,21.558,6.3463
31.463,116.07,83.17,-73.395,-14.236,100.67,35.992,18.791,22.415,22.1,23.35,8.8753
35.757,121.48,84.49,-77.872,-13.807,104.18,10.658,14.287,21.258,22.112,24.745,11.049
39.612,126.02,84.945,-81.86,-13.676,106.79,-12.781,9.4036,19.806,21.891,25.758,12.843
42.997,129.35,84.195,-85.218,-13.518,108.13,-33.362,4.3059,18.108,21.523,26.396,14.238
45.999,131.32,81.962,-87.944,-12.857,108.01,-50.637,-0.87412,16.183,21.054,26.68,15.238
48.753,131.95,77.97,-90.136,-11.237,106.32,-64.074,-6.0459,14.02,20.494,26.67,15.907
51.387,131.17,72.05,-91.897,-8.3788,102.9,-72.779,-11.152,11.598,19.827,26.474,16.374
53.973,128.66,64.402,-93.186,-4.2449,97.549,-76.04,-16.143,8.912,19.045,26.209,16.775
56.501,123.99,55.708,-93.725,0.93077,90.373,-74.951,-20.937,6.0028,18.162,25.961,17.183
58.883,117.23,46.805,-93.118,6.6253,82.057,-72.483,-25.4,2.9711,17.212,25.747,17.562
60.966,109.24,38.271,-91.18,12.179,73.54,-70.872,-29.357,-0.034425,16.226,25.514,17.788
62.57,100.94,30.29,-88.069,17.094,65.419,-70.412,-32.651,-2.8656,15.204,25.15,17.713
63.531,92.75,22.716,-84.057,21.121,57.714,-70.458,-35.217,-5.4432,14.094,24.507,17.211
63.727,84.465,15.155,-79.265,24.22,50,-70.353,-37.121,-7.8047,12.785,23.419,16.191
63.085,75.608,7.2033,-73.651,26.492,41.644,-69.7,-38.551,-10.098,11.136,21.737,14.592
61.576,65.725,-1.1586,-67.15,27.964,32.096,-68.339,-39.747,-12.517,9.0235,19.375,12.393
59.188,54.624,-9.2463,-59.822,28.595,21.245,-66.263,-40.931,-15.221,6.3923,16.347,9.6333
55.937,42.56,-16.016,-51.93,28.469,9.7747,-63.542,-42.248,-18.268,3.2898,12.786,6.4391
51.899,30.25,-20.909,-43.893,27.836,-0.97135,-60.274,-43.752,-21.597,-0.142,8.9089,3.0079
47.214,18.554,-24.017,-36.066,26.763,-9.8069,-56.554,-45.421,-25.062,-3.7072,4.9572,-0.44224
42.031,7.9774,-25.697,-28.529,24.985,-16.392,-52.478,-47.197,-28.496,-7.2188,1.1167,-3.7473
36.434,-1.5225,-26.374,-21.07,22.406,-21.121,-48.174,-49.024,-31.768,-10.552,-2.5241,-6.8468
30.45,-10.281,-26.511,-13.366,19.377,-24.643,-43.822,-50.858,-34.81,-13.661,-5.9581,-9.775
24.093,-18.51,-26.557,-5.2377,16.428,-27.524,-39.638,-52.654,-37.604,-16.553,-9.2068,-12.6
17.404,-26.088,-26.848,3.139,13.98,-30.117,-35.811,-54.357,-40.158,-19.256,-12.273,-15.353
10.496,-32.704,-27.539,11.202,12.22,-32.572,-32.455,-55.908,-42.48,-21.793,-15.129,-18.006
3.5833,-38.158,-28.583,18.289,11.107,-34.892,-29.61,-57.268,-44.585,-24.201,-17.746,-20.492
-3.0028,-42.464,-29.791,24.008,10.452,-36.993,-27.264,-58.445,-46.5,-26.54,-20.124,-22.762
-8.8496,-45.744,-30.919,28.335,10.045,-38.755,-25.377,-59.49,-48.272,-28.886,-22.305,-24.81
-13.575,-48.13,-31.757,31.46,9.7146,-40.082,-23.891,-60.477,-49.957,-31.302,-24.351,-26.663
-16.997,-49.768,-32.202,33.625,9.3302,-40.95,-22.737,-61.468,-51.603,-33.806,-26.318,-28.348
-19.21,-50.828,-32.286,35.064,8.8266,-41.437,-21.839,-62.493,-53.231,-36.354,-28.22,-29.877
-20.507,-51.501,-32.158,35.993,8.2483,-41.692,-21.116,-63.542,-54.828,-38.858,-30.023,-31.246
-21.219,-51.973,-32.011,36.615,7.7429,-41.874,-20.496,-64.573,-56.344,-41.201,-31.663,-32.444
-21.616,-52.411,-32.002,37.098,7.4868,-42.109,-19.922,-65.528,-57.709,-43.269,-33.077,-33.461
-21.868,-52.923,-32.208,37.554,7.6047,-42.462,-19.361,-66.35,-58.858,-44.981,-34.225,-34.284
-22.033,-53.534,-32.619,38.022,8.1339,-42.932,-18.803,-67.008,-59.749,-46.306,-35.095,-34.9
-22.09,-54.179,-33.162,38.462,9.0211,-43.457,-18.247,-67.506,-60.38,-47.257,-35.707,-35.304
-21.993,-54.726,-33.716,38.782,10.121,-43.931,-17.703,-67.876,-60.781,-47.878,-36.102,-35.518
-21.734,-55.029,-34.126,38.896,11.202,-44.225,-17.179,-68.183,-60.999,-48.227,-36.336,-35.585
-21.369,-54.989,-34.234,38.775,11.981,-44.231,-16.685,-68.48,-61.072,-48.357,-36.464,-35.548
-21.015,-54.607,-33.935,38.464,12.207,-43.91,-16.232,-68.769,-61.013,-48.304,-36.51,-35.418
-20.805,-53.99,-33.243,38.073,11.757,-43.323,-15.811,-68.961,-60.782,-48.089,-36.457,-35.155
-20.838,-53.331,-32.312,37.739,10.689,-42.632,-15.365,-68.85,-60.284,-47.729,-36.265,-34.688
-21.141,-52.852,-31.398,37.574,9.2373,-42.057,-14.76,-68.093,-59.351,-47.25,-35.903,-33.974
-21.657,-52.733,-30.779,37.641,7.743,-41.804,-13.749,-66.184,-57.731,-46.687,-35.397,-33.077
-22.262,-53.05,-30.654,37.924,6.5357,-41.996,-11.917,-62.434,-55.055,-46.034,-34.823,-32.17
-22.806,-53.729,-31.058,38.327,5.8162,-42.607,-8.5487,-56.231,-50.784,-45.138,-34.229,-31.433
-23.156,-54.542,-31.835,38.692,5.5925,-43.445,-2.7821,-48.968,-44.286,-43.567,-33.492,-30.853
-23.215,-55.163,-32.699,38.842,5.7053,-44.216,2.8699,-49.243,-35.726,-40.466,-32.187,-30.066
-22.907,-55.274,-33.346,38.617,5.9373,-44.607,2.6723,-63.343,-30.878,-34.444,-29.435,-28.305
-22.057,-54.613,-33.539,37.882,6.1748,-44.373,1.1184,-75.625,-50.196,-24.485,-23.644,-24.27
-20.083,-52.98,-33.185,36.41,6.586,-43.384,2.0222,-77.562,-71.523,-26.229,-18.123,-15.811
-16.118,-50.107,-32.391,33.631,7.622,-41.621,3.6286,-67.451,-64.174,-40.406,-35.962,-8.2524
-16.837,-46.922,-31.485,32.022,9.5313,-39.286,-4.4909,-44.652,-44.375,-33.825,-33.206,-24.314
-20.215,-64.378,-31.207,45.209,12.383,-43.206,3.259,-10.714,-16.714,-27.063,-31,-24.51
-19.79,-80.516,-38.056,50.361,16.481,-68.325,26.768,53.196,21.38,-19.519,-30.578,-26.173
-18.998,-89.79,-66.056,54.202,22.226,-80.363,65.734,138.27,77.041,-6.6618,-29.252,-28.551
-16.455,-97.124,-80.502,56.307,29.644,-89.483,122.67,227.67,154.01,21.037,-19.857,-26.483
-9.3842,-98.459,-89.521,52.994,38.236,-94.933,177.95,301.58,259.89,77.111,9.6103,-11.167
6.106,-87.589,-93.986,39.218,48.006,-92.604,205.43,343.32,395.93,177.67,74.14,28.618
34.746,-56.908,-90.724,9.25,59.31,-77.282,192.88,340.15,551.2,333.7,186.63,105.91
80.083,1.9015,-76.725,-42.602,71.667,-43.671,130.09,283.79,718.1,540.12,348.15,228.81
139.34,98.761,-49.447,-118.81,82.955,17.559,14.258,171.44,889.72,792.95,555.01,391.22
205.11,228.37,1.0247,-211.34,89.726,115.48,-147.17,3.7144,1054.5,1084.1,800.9,587.05
271.88,370.8,84.644,-312.32,89.069,229.47,-342.21,-219.19,1194,1394.6,1069.1,804.7
331.96,518.35,177.83,-413.87,78.25,348.63,-557.61,-500.19,1282.3,1695.5,1335.6,1024.3
376.61,656.06,271.75,-503.58,55.893,466.43,-779.28,-843.33,1287.8,1947,1568.3,1221.6
398.47,766.17,362.45,-569.01,22.815,568.68,-992.97,-1246.8,1179,2103.1,1730.6,1370.3
393.12,832.35,437.69,-600.21,-17.445,640.63,-1184.6,-1693.1,936.85,2119.7,1787.8,1444.6
360.24,842.57,484.74,-591.2,-58.651,669.75,-1340.3,-2142.6,567.23,1969.1,1717.4,1426
304.17,791.67,493.27,-541.07,-93.181,648.27,-1447.6,-2537.3,107.18,1652,1516.6,1309.3
233.25,683.75,458.6,-455.08,-114.46,575.93,-1497.3,-2815.3,-381.51,1202.9,1206.9,1106.1
157.68,532.83,383.63,-344.53,-118.73,461.75,-1485.7,-2932.9,-828.24,684.32,831.42,843.54
86.763,359.32,271.64,-224.36,-106.57,319.04,-1416.7,-2879,-1172,173.59,445.48,558.67
26.704,185.55,171.28,-106.8,-83.049,179.06,-1301.7,-2676.4,-1375.5,-256.98,103.01,290.19
-17.799,52.852,78.677,-16.891,-55.753,66.356,-1157,-2372.6,-1430.9,-564.3,-161.22,66.261
-44.807,-45,10.66,45.592,-32.062,-17.306,-999.3,-2021,-1357.5,-712.34,-314.32,-83.096
-58.417,-96.063,-25.954,78.562,-17.696,-61.204,-841.49,-1666.7,-1192.3,-735.53,-377.93,-168.06
-62.986,-104.04,-33.178,85.571,-13.625,-67.93,-691.03,-1339.7,-977.97,-667.29,-370.16,-196.63
-60.966,-85.238,-19.018,76.315,-17.482,-50.603,-551.75,-1054.8,-752.57,-545.95,-316.96,-186.43
-54.627,-57.821,2.0954,60.153,-22.882,-26.343,-426.07,-816.45,-545.14,-407.75,-243.92,-155.4
-46.08,-33.725,18.591,43.963,-25.229,-6.4801,-315.7,-623.7,-373.64,-281.4,-171.65,-117.44
-29.331,-18.615,26.101,31.974,-22.783,4.1851,-222.8,-472.49,-245.27,-183.98,-113.12,-82.503
-24.647,-18.184,17.522,28.447,-17.224,1.1189,-149.69,-358.3,-159.12,-121.34,-74.266,-56.377
-24.9,-41.017,-7.3628,34.613,-13.64,-24.798,-96.026,-276.13,-110.64,-90.732,-55.613,-38.531
-25.9,-48.332,-16.863,37.506,-11.442,-33.809,-59.85,-219.58,-85.418,-81.599,-52.557,-41.072
-26.97,-51.547,-20.729,39.351,-9.7342,-37.286,-37.901,-181.57,-70.92,-81.455,-54.906,-41.306
-27.705,-53.259,-22.882,40.439,-8.2986,-39.079,-24.021,-155.53,-64.112,-84.262,-57.344,-39.559
-27.977,-53.829,-24.032,40.769,-7.0225,-39.8,-12.756,-136.31,-60.878,-88.038,-58.209,-36.533
-27.852,-53.518,-24.471,40.515,-5.8628,-39.722,-3.6877,-120.7,-58.388,-84.152,-52.187,-32.942
-27.482,-52.806,-24.594,39.998,-4.8372,-39.282,3.0681,-106.81,-58.26,-69.791,-45.683,-29.329
-27.061,-52.266,-24.809,39.559,-3.9842,-39.025,7.9847,-93.009,-51.28,-62.37,-42.001,-26.021
-26.765,-52.216,-25.283,39.413,-3.3242,-39.217,5.8242,-80.24,-43.622,-58.225,-39.783,-23.193
-26.682,-52.635,-25.978,39.596,-2.8216,-39.79,2.7656,-73.58,-37.619,-55.66,-38.433,-20.902
-26.8,-53.365,-26.836,40.022,-2.3662,-40.587,7.699,-68.343,-33.293,-53.97,-37.61,-19.143
-27.041,-54.225,-27.837,40.541,-1.8138,-41.487,14.858,-63.356,-30.18,-52.69,-37.061,-17.874
-27.27,-55.039,-28.933,40.987,-1.0761,-42.389,21.652,-58.747,-27.771,-51.532,-36.622,-17
-27.34,-55.663,-29.993,41.231,-0.18486,-43.175,27.275,-54.55,-25.654,-50.345,-36.206,-16.385
-27.179,-55.999,-30.836,41.223,0.7219,-43.722,31.769,-50.701,-23.547,-49.059,-35.757,-15.854
-26.815,-56.014,-31.304,40.992,1.4807,-43.939,35.458,-47.094,-21.28,-47.631,-35.223,-15.241
-26.325,-55.746,-31.346,40.623,2.005,-43.813,38.659,-43.613,-18.775,-46.02,-34.543,-14.419
-25.783,-55.291,-31.045,40.211,2.3464,-43.417,41.573,-40.157,-16.038,-44.188,-33.668,-13.332
-25.243,-54.785,-30.596,39.844,2.6789,-42.898,44.265,-36.672,-13.12,-42.12,-32.586,-12.009
-24.735,-54.362,-30.228,39.58,3.2124,-42.426,46.699,-33.174,-10.103,-39.84,-31.34,-10.564
-24.273,-54.114,-30.113,39.438,4.0772,-42.135,48.804,-29.75,-7.0705,-37.425,-30.027,-9.1546
-23.873,-54.072,-30.308,39.401,5.2409,-42.083,50.522,-26.529,-4.0972,-34.983,-28.77,-7.9281
-23.558,-54.198,-30.745,39.431,6.4918,-42.245,51.842,-23.639,-1.2384,-32.618,-27.68,-6.9763
-23.376,-54.4,-31.256,39.478,7.4862,-42.516,52.804,-21.165,1.4737,-30.4,-26.818,-6.3162
-23.376,-54.551,-31.608,39.497,7.8515,-42.74,53.48,-19.095,4.0313,-28.35,-26.182,-5.8952
-23.588,-54.528,-31.573,39.45,7.324,-42.753,53.956,-17.342,6.4465,-26.452,-25.715,-5.6174
-23.989,-54.249,-31.025,39.318,5.8709,-42.452,54.307,-15.778,8.7475,-24.673,-25.348,-5.3794
-24.51,-53.718,-30.009,39.104,3.7271,-41.838,54.574,-14.294,10.977,-22.98,-25.026,-5.0945
-25.051,-53.025,-28.735,38.837,1.3316,-41.028,54.762,-12.832,13.197,-21.344,-24.72,-4.6894
-25.513,-52.319,-27.5,38.568,-0.80307,-40.212,54.844,-11.377,15.485,-19.725,-24.41,-4.0803
-25.82,-51.746,-26.583,38.345,-2.2387,-39.572,54.795,-9.9276,17.928,-18.062,-24.067,-3.1609
-25.928,-51.393,-26.146,38.19,-2.7376,-39.214,54.599,-8.4583,20.598,-16.274,-23.65,-1.8264
-25.825,-51.242,-26.18,38.083,-2.3373,-39.125,54.278,-6.9071,23.526,-14.281,-23.111,-0.021098
-25.533,-51.174,-26.497,37.964,-1.3387,-39.17,53.88,-5.2178,26.686,-12.037,-22.417,2.2244
-25.099,-51.014,-26.796,37.762,-0.20138,-39.14,53.465,-3.358,30.013,-9.5474,-21.561,4.7956
-24.591,-50.598,-26.778,37.423,0.63252,-38.836,53.076,-1.3407,33.429,-6.8676,-20.567,7.5343
-24.072,-49.849,-26.275,36.932,0.91977,-38.157,52.707,0.77615,36.885,-4.0811,-19.479,10.294
-23.59,-48.809,-25.334,36.321,0.69253,-37.149,52.303,2.9141,40.391,-1.2637,-18.353,12.982
-23.159,-47.628,-24.184,35.654,0.19078,-35.991,51.771,5.0183,44.032,1.5541,-17.223,15.584
-22.769,-46.501,-23.138,35.002,-0.27526,-34.925,51.014,7.0987,47.969,4.4128,-16.078,18.158
-22.391,-45.596,-22.455,34.416,-0.45249,-34.157,49.974,9.2439,52.412,7.421,-14.833,20.82
-21.998,-44.99,-22.247,33.915,-0.23048,-33.772,48.65,11.595,57.596,10.721,-13.346,23.716
-21.576,-44.646,-22.434,33.479,0.32073,-33.709,47.114,14.294,63.743,14.439,-11.448,26.976
-21.127,-44.415,-22.775,33.06,0.97908,-33.776,45.499,17.436,71.04,18.639,-8.998,30.684
-20.665,-44.088,-22.98,32.583,1.4735,-33.727,43.976,21.046,79.619,23.321,-5.9195,34.866
-20.19,-43.463,-22.832,31.966,1.6173,-33.357,42.69,25.084,89.544,28.435,-2.2129,39.501
-19.677,-42.419,-22.28,31.133,1.4006,-32.578,41.705,29.468,100.8,33.931,2.0663,44.564
-19.066,-40.949,-21.455,30.031,0.99806,-31.451,40.988,34.121,113.29,39.797,6.8432,50.058
-18.275,-39.147,-20.602,28.634,0.6851,-30.146,40.452,39.012,126.84,46.098,12.054,56.045
-17.228,-37.145,-19.96,26.938,0.70405,-28.855,40.02,44.188,141.19,52.99,17.662,62.647
-15.892,-35.051,-19.647,24.972,1.1576,-27.698,39.66,49.763,156.1,60.718,23.653,70.012
-14.307,-32.92,-19.612,22.804,1.9809,-26.675,39.374,55.884,171.36,69.573,30.034,78.241
-12.567,-30.723,-19.659,20.514,2.9929,-25.668,39.155,62.67,186.85,79.805,36.851,87.324
-10.741,-28.314,-19.526,18.108,3.9921,-24.472,38.962,70.168,202.56,91.502,44.206,97.119
-8.7732,-25.412,-18.999,15.433,4.8477,-22.845,38.718,78.344,218.58,104.49,52.262,107.43
-6.4346,-21.657,-17.989,12.184,5.5395,-20.586,38.323,87.115,235.04,118.36,61.2,118.11
-3.3951,-16.738,-16.567,8.0226,6.1321,-17.608,37.688,96.403,252.03,132.63,71.141,129.13
0.60297,-10.548,-14.921,2.7811,6.6974,-13.961,36.771,106.16,269.63,147,82.077,140.51
5.5203,-3.2911,-13.245,-3.3653,7.2372,-9.8093,35.611,116.34,287.87,161.44,93.89,152.34
10.915,4.5408,-11.633,-9.9112,7.6614,-5.3541,34.334,126.84,306.75,176.09,106.42,164.62
16.161,12.409,-10.018,-16.285,7.8431,-0.73166,33.086,137.42,326.26,191.16,119.53,177.24
20.83,20.015,-8.1852,-22.151,7.7065,4.0769,31.966,147.72,346.34,206.8,133.05,189.94
24.865,27.418,-5.8419,-27.521,7.2851,9.2646,30.976,157.39,366.89,223.04,146.82,202.46
28.506,34.941,-2.7025,-32.682,6.7216,15.126,30.022,166.21,387.79,239.86,160.68,214.58
32.094,42.96,1.4288,-38.025,6.223,21.913,28.956,174.11,408.89,257.18,174.52,226.21
35.863,51.669,6.5666,-43.842,5.9868,29.661,27.63,181.17,429.98,274.97,188.32,237.33
39.808,60.916,12.477,-50.146,6.1184,38.069,25.95,187.52,450.84,293.11,202.07,247.99
43.683,70.24,18.724,-56.626,6.5683,46.551,23.901,193.26,471.22,311.47,215.79,258.22
47.151,79.093,24.849,-62.824,7.1228,54.497,21.528,198.43,490.91,329.85,229.48,268.02
49.953,87.114,30.586,-68.408,7.4666,61.544,18.903,203.03,509.66,348.02,243.11,277.42
52.019,94.26,35.937,-73.315,7.3027,67.687,16.09,207.03,527.22,365.71,256.58,286.41
53.476,100.77,41.095,-77.72,6.4776,73.189,13.122,210.4,543.29,382.65,269.78,294.96
54.595,107.03,46.29,-81.918,5.0506,78.417,10.028,213.15,557.57,398.53,282.51,303.03
55.68,113.42,51.638,-86.188,3.278,83.678,6.8705,215.34,569.89,413.03,294.59,310.55
56.958,120.1,57.066,-90.664,1.5164,89.093,3.7793,217.03,580.16,425.93,305.81,317.45
58.507,126.97,62.33,-95.258,0.089734,94.565,0.92457,218.3,588.47,437.12,315.99,323.67
60.248,133.67,67.148,-99.692,-0.81466,99.863,-1.545,219.23,595.01,446.6,324.98,329.19
62.003,139.79,71.351,-103.63,-1.1823,104.76,-3.559,219.89,600.04,454.51,332.75,333.97
63.56,145.04,74.943,-106.84,-1.1521,109.11,-5.1411,220.29,603.84,461.03,339.33,338
64.731,149.37,78.057,-109.28,-0.96906,112.91,-6.3888,220.44,606.61,466.32,344.87,341.29
65.401,152.93,80.869,-111.07,-0.92473,116.24,-7.4384,220.33,608.55,470.56,349.54,343.91
65.567,155.97,83.53,-112.44,-1.2862,119.23,-8.4274,219.95,609.77,473.86,353.51,345.93
65.329,158.74,86.119,-113.58,-2.2163,121.98,-9.4581,219.32,610.32,476.32,356.92,347.46
64.84,161.35,88.632,-114.62,-3.7111,124.56,-10.578,218.45,610.25,478.01,359.87,348.62
64.256,163.76,90.996,-115.6,-5.5998,126.91,-11.779,217.36,609.53,478.95,362.42,349.51
63.714,165.87,93.105,-116.48,-7.607,128.95,-13.024,216.04,608.11,479.16,364.56,350.17
63.308,167.61,94.864,-117.27,-9.4355,130.6,-14.265,214.47,605.87,478.64,366.27,350.6
63.068,168.92,96.2,-117.91,-10.836,131.84,-15.462,212.59,602.69,477.39,367.46,350.71
62.945,169.73,97.05,-118.32,-11.642,132.62,-16.585,210.36,598.41,475.44,368.12,350.37
62.847,169.95,97.364,-118.37,-11.778,132.91,-17.613,207.73,592.85,472.82,368.23,349.45
62.701,169.56,97.151,-118.02,-11.261,132.7,-18.532,204.68,585.86,469.56,367.84,347.8
62.493,168.68,96.489,-117.34,-10.216,132.06,-19.334,201.19,577.24,465.62,366.95,345.33
62.266,167.48,95.502,-116.48,-8.8842,131.1,-20.023,197.23,566.76,460.91,365.56,342.01
62.071,166.05,94.303,-115.54,-7.5766,129.88,-20.608,192.69,554.2,455.22,363.62,337.78
61.925,164.33,92.951,-114.53,-6.572,128.36,-21.106,187.42,539.38,448.26,361.02,332.59
61.785,162.16,91.471,-113.35,-6.0136,126.46,-21.531,181.23,522.32,439.69,357.59,326.34
61.563,159.41,89.88,-111.84,-5.8642,124.14,-21.904,173.91,503.24,429.25,353.09,318.92
61.142,156.04,88.161,-109.89,-5.9363,121.42,-22.241,165.29,482.47,416.85,347.31,310.21
60.42,152.03,86.204,-107.43,-5.9808,118.3,-22.565,155.31,460.34,402.66,340.08,300.18
59.351,147.38,83.784,-104.46,-5.7741,114.72,-22.894,144.06,437.13,386.94,331.41,288.86
57.95,141.98,80.619,-100.98,-5.1704,110.54,-23.247,131.84,413.03,370,321.42,276.39
56.256,135.7,76.486,-96.938,-4.1531,105.56,-23.631,119.02,388.19,352.03,310.31,263
54.28,128.38,71.324,-92.253,-2.8786,99.671,-24.039,106,362.76,333.16,298.26,248.97
51.985,119.98,65.273,-86.836,-1.6441,92.829,-24.441,93.078,336.9,313.47,285.35,234.54
49.306,110.66,58.675,-80.702,-0.76092,85.183,-24.795,80.489,310.79,293.13,271.63,219.91
46.203,100.82,51.977,-74.052,-0.40459,77.102,-25.048,68.415,284.66,272.34,257.14,205.12
42.698,90.996,45.485,-67.238,-0.52766,69.021,-25.157,56.998,258.72,251.43,242.02,190.11
38.888,81.528,39.171,-60.559,-0.87138,61.163,-25.096,46.303,233.13,230.72,226.54,174.78
34.882,72.372,32.702,-54.062,-1.0699,53.385,-24.87,36.286,207.93,210.42,211.05,159.13
30.732,63.139,25.679,-47.514,-0.8023,45.255,-24.519,26.813,183.01,190.64,195.87,143.37
26.417,53.301,18,-40.566,0.074502,36.287,-24.1,17.707,158.14,171.27,181.16,127.82
21.906,42.512,10.115,-33.025,1.4561,26.368,-23.666,8.8188,133.14,152.02,166.92,112.76
17.223,30.98,2.8224,-25.067,3.0129,16.146,-23.248,0.068745,108.3,132.54,153.03,98.259
12.465,19.543,-3.2621,-17.171,4.3132,6.7444,-22.842,-8.5253,84.603,112.7,139.35,84.322
7.7931,9.1772,-7.9188,-9.8309,5.0027,-1.0434,-22.421,-16.85,63.553,93.035,125.79,70.971
3.4022,0.41169,-11.225,-3.3428,4.9503,-7.0887,-21.951,-24.729,46.073,74.902,112.35,58.316
-0.51391,-6.7944,-13.441,2.2196,4.2958,-11.711,-21.412,-31.981,31.907,59.613,99.208,46.488
-3.8099,-12.819,-14.932,6.9491,3.3893,-15.38,-20.806,-38.479,20.107,47.447,86.713,35.494
-6.4405,-18.097,-16.083,11.035,2.6515,-18.519,-20.156,-44.182,9.7771,37.755,75.274,25.21
-8.487,-22.931,-17.222,14.685,2.4207,-21.397,-19.493,-49.135,0.37922,29.669,65.141,15.521
-10.13,-27.422,-18.574,18.039,2.8418,-24.134,-18.844,-53.446,-8.2914,22.528,56.299,6.4717
-11.568,-31.529,-20.215,21.122,3.8147,-26.758,-18.223,-57.238,-16.235,15.957,48.543,-1.7562
-12.931,-35.161,-22.035,23.868,5.0135,-29.222,-17.639,-60.618,-23.374,9.8011,41.613,-8.9843
-14.248,-38.222,-23.772,26.191,6.0032,-31.401,-17.099,-63.644,-29.649,4.0403,35.29,-15.149
-15.493,-40.633,-25.128,28.051,6.4189,-33.131,-16.62,-66.335,-35.068,-1.2879,29.431,-20.307
-16.629,-42.359,-25.917,29.451,6.1198,-34.305,-16.222,-68.694,-39.708,-6.1489,23.972,-24.588
-17.615,-43.461,-26.149,30.439,5.2444,-34.948,-15.933,-70.729,-43.691,-10.543,18.914,-28.131
-18.408,-44.118,-26.026,31.11,4.145,-35.227,-15.774,-72.47,-47.14,-14.505,14.29,-31.065
-18.985,-44.588,-25.845,31.604,3.2371,-35.396,-15.751,-73.958,-50.146,-18.088,10.132,-33.494
-19.361,-45.115,-25.878,32.066,2.8457,-35.683,-15.855,-75.232,-52.755,-21.34,6.442,-35.503
-19.591,-45.833,-26.279,32.592,3.1139,-36.216,-16.059,-76.32,-54.99,-24.296,3.1821,-37.169
-19.739,-46.746,-27.056,33.198,3.9763,-36.994,-16.327,-77.247,-56.872,-26.989,0.28014,-38.566
-19.861,-47.752,-28.076,33.838,5.185,-37.915,-16.621,-78.03,-58.448,-29.455,-2.3526,-39.772
-19.996,-48.699,-29.112,34.434,6.387,-38.807,-16.904,-78.685,-59.787,-31.733,-4.7929,-40.857
-20.172,-49.429,-29.916,34.918,7.237,-39.492,-17.142,-79.216,-60.956,-33.851,-7.0775,-41.858
-20.405,-49.841,-30.305,35.247,7.5146,-39.842,-17.314,-79.62,-61.994,-35.817,-9.1932,-42.774
-20.692,-49.926,-30.24,35.426,7.1988,-39.841,-17.417,-79.893,-62.91,-37.619,-11.09,-43.569
-21.013,-49.785,-29.834,35.505,6.4641,-39.589,-17.464,-80.042,-63.685,-39.235,-12.715,-44.199
-21.336,-49.591,-29.307,35.564,5.5997,-39.272,-17.48,-80.083,-64.293,-40.648,-14.04,-44.637
-21.613,-49.521,-28.898,35.676,4.901,-39.087,-17.481,-80.033,-64.717,-41.855,-15.079,-44.885
-21.794,-49.685,-28.784,35.871,4.5849,-39.165,-17.462,-79.909,-64.962,-42.871,-15.874,-44.968
-21.853,-50.082,-29.03,36.123,4.7249,-39.528,-17.397,-79.717,-65.05,-43.736,-16.484,-44.919
-21.809,-50.597,-29.541,36.37,5.2015,-40.07,-17.242,-79.455,-65.014,-44.506,-16.959,-44.763
-21.728,-51.057,-30.075,36.552,5.7188,-40.59,-16.957,-79.111,-64.885,-45.242,-17.342,-44.518
-21.692,-51.31,-30.344,36.642,5.9283,-40.882,-16.522,-78.673,-64.677,-45.989,-17.665,-44.209
-21.772,-51.28,-30.15,36.65,5.5979,-40.822,-15.955,-78.133,-64.396,-46.766,-17.974,-43.884
-21.999,-50.994,-29.48,36.615,4.7207,-40.414,-15.308,-77.489,-64.039,-47.567,-18.329,-43.614
-22.343,-50.553,-28.504,36.578,3.5174,-39.78,-14.648,-76.738,-63.604,-48.37,-18.784,-43.476
-22.724,-50.088,-27.482,36.571,2.3394,-39.092,-14.026,-75.869,-63.094,-49.151,-19.367,-43.511
-23.053,-49.707,-26.65,36.604,1.5249,-38.509,-13.458,-74.866,-62.519,-49.895,-20.06,-43.704
-23.264,-49.457,-26.135,36.661,1.2676,-38.113,-12.926,-73.714,-61.899,-50.603,-20.81,-43.992
-23.337,-49.312,-25.921,36.707,1.5338,-37.889,-12.396,-72.419,-61.26,-51.283,-21.554,-44.293
-23.307,-49.186,-25.864,36.698,2.0558,-37.742,-11.846,-71.01,-60.624,-51.945,-22.25,-44.547
-23.246,-48.976,-25.752,36.601,2.4189,-37.538,-11.274,-69.54,-60.005,-52.593,-22.892,-44.726
-23.238,-48.606,-25.39,36.403,2.2189,-37.167,-10.706,-68.066,-59.401,-53.213,-23.509,-44.84
-23.341,-48.066,-24.697,36.121,1.2296,-36.597,-10.182,-66.635,-58.798,-53.784,-24.16,-44.926
-23.566,-47.427,-23.737,35.796,-0.49634,-35.895,-9.7411,-65.271,-58.179,-54.292,-24.903,-45.037
-23.875,-46.812,-22.686,35.483,-2.6466,-35.199,-9.3975,-63.968,-57.532,-54.742,-25.774,-45.215
-24.192,-46.343,-21.741,35.231,-4.7809,-34.643,-9.1264,-62.691,-56.856,-55.156,-26.767,-45.473
-24.431,-46.075,-21.035,35.063,-6.4915,-34.29,-8.8664,-61.381,-56.153,-55.563,-27.839,-45.786
-24.521,-45.97,-20.597,34.967,-7.5145,-34.104,-8.542,-59.975,-55.423,-55.986,-28.929,-46.106
-24.418,-45.924,-20.353,34.905,-7.7821,-33.976,-8.0933,-58.414,-54.655,-56.422,-29.982,-46.39
-24.122,-45.819,-20.171,34.836,-7.4084,-33.776,-7.5034,-56.668,-53.832,-56.849,-30.963,-46.622
-23.681,-45.586,-19.928,34.738,-6.606,-33.423,-6.8106,-54.746,-52.941,-57.235,-31.865,-46.822
-23.175,-45.221,-19.57,34.613,-5.5962,-32.911,-6.1012,-52.705,-51.996,-57.553,-32.699,-47.034
-22.699,-44.777,-19.12,34.476,-4.5762,-32.308,-5.4759,-50.63,-51.032,-57.792,-33.473,-47.287
-22.343,-44.337,-18.668,34.342,-3.732,-31.724,-5.0045,-48.61,-50.092,-57.953,-34.178,-47.57
-22.174,-43.972,-18.319,34.223,-3.244,-31.264,-4.6957,-46.707,-49.215,-58.048,-34.788,-47.831
-22.225,-43.717,-18.14,34.12,-3.2503,-30.988,-4.5007,-44.952,-48.414,-58.085,-35.274,-47.998
-22.494,-43.567,-18.118,34.029,-3.7976,-30.892,-4.3436,-43.345,-47.666,-58.063,-35.616,-48.018
-22.936,-43.484,-18.163,33.941,-4.8189,-30.913,-4.1517,-41.857,-46.915,-57.963,-35.817,-47.873
-23.475,-43.413,-18.154,33.847,-6.1544,-30.954,-3.8721,-40.432,-46.079,-57.756,-35.894,-47.579
-24.012,-43.296,-17.993,33.737,-7.5887,-30.921,-3.4687,-38.992,-45.078,-57.418,-35.872,-47.173
-24.44,-43.085,-17.652,33.594,-8.872,-30.752,-2.9138,-37.454,-43.858,-56.939,-35.77,-46.698
-24.66,-42.737,-17.175,33.388,-9.743,-30.42,-2.1851,-35.753,-42.403,-56.332,-35.602,-46.189
-24.597,-42.202,-16.634,33.071,-9.9897,-29.914,-1.2657,-33.849,-40.733,-55.631,-35.369,-45.667
-24.234,-41.42,-16.07,32.593,-9.5391,-29.213,-0.13591,-31.722,-38.876,-54.87,-35.057,-45.127
-23.616,-40.312,-15.45,31.906,-8.5083,-28.261,1.244,-29.354,-36.834,-54.059,-34.634,-44.534
-22.83,-38.78,-14.672,30.966,-7.1722,-26.969,2.9493,-26.713,-34.57,-53.169,-34.051,-43.824
-21.975,-36.717,-13.608,29.721,-5.8646,-25.24,5.092,-23.758,-32.017,-52.133,-33.249,-42.916
-21.12,-34.021,-12.163,28.11,-4.869,-23.003,7.7959,-20.457,-29.106,-50.873,-32.171,-41.729
-20.284,-30.605,-10.298,26.055,-4.3514,-20.224,11.134,-16.806,-25.808,-49.325,-30.773,-40.201
-19.422,-26.382,-8.0019,23.454,-4.3468,-16.882,15.032,-12.842,-22.165,-47.465,-29.039,-38.31
-18.438,-21.232,-5.2266,20.179,-4.785,-12.906,19.188,-8.6276,-18.28,-45.313,-26.985,-36.087
-17.213,-15.002,-1.8534,16.099,-5.5304,-8.1501,23.161,-4.2283,-14.281,-42.924,-24.663,-33.625
-15.648,-7.5992,2.2676,11.155,-6.4216,-2.4574,26.696,0.30794,-10.276,-40.362,-22.152,-31.059
-13.699,0.86621,7.2115,5.4472,-7.3036,4.1967,30.008,4.9474,-6.3141,-37.683,-19.531,-28.522
-11.389,10.027,12.863,-0.74503,-8.051,11.595,33.653,9.6491,-2.4,-34.908,-16.841,-26.071
-8.7751,19.378,18.889,-7.0704,-8.5893,19.323,38.044,14.338,1.4816,-32.028,-14.067,-23.66
-5.9036,28.486,24.877,-13.251,-8.912,26.945,43.064,18.89,5.3209,-29.012,-11.14,-21.164
-2.7666,37.117,30.534,-19.166,-9.083,34.183,48.081,23.131,9.0533,-25.836,-7.9869,-18.45
0.70005,45.276,35.808,-24.858,-9.2165,40.985,52.43,26.873,12.564,-22.511,-4.5708,-15.443
4.5927,53.167,40.858,-30.493,-9.441,47.509,55.934,29.954,15.727,-19.081,-0.91789,-12.154
8.9805,61.098,45.918,-36.291,-9.8536,54.026,59.045,32.291,18.453,-15.61,2.8919,-8.6683
13.827,69.322,51.129,-42.422,-10.481,60.741,62.66,33.877,20.714,-12.157,6.7485,-5.1052
18.95,77.868,56.424,-48.898,-11.26,67.624,67.673,34.763,22.532,-8.7708,10.533,-1.5784
24.079,86.504,61.549,-55.533,-12.047,74.398,73.68,35.001,23.942,-5.5039,14.134,1.8286
28.952,94.876,66.192,-62.033,-12.629,80.714,77.652,34.606,24.962,-2.418,17.455,5.0654
33.406,102.69,70.104,-68.137,-12.776,86.346,75.448,33.551,25.581,0.41571,20.424,8.1
37.405,109.8,73.162,-73.719,-12.306,91.227,65.028,31.781,25.783,2.9324,22.994,10.897
41.013,116.17,75.4,-78.783,-11.185,95.404,47.105,29.25,25.566,5.0941,25.147,13.402
44.329,121.86,77.006,-83.412,-9.5627,99.011,23.982,25.965,24.96,6.9011,26.893,15.554
47.429,127.05,78.26,-87.71,-7.7436,102.24,-1.2687,21.999,24.027,8.3846,28.275,17.314
50.34,131.87,79.39,-91.739,-6.0773,105.25,-25.501,17.49,22.84,9.5863,29.364,18.703
53.034,136.32,80.432,-95.469,-4.8294,108.06,-46.419,12.598,21.455,10.541,30.241,19.824
55.454,140.2,81.192,-98.776,-4.0888,110.44,-62.956,7.4773,19.901,11.269,30.987,20.84
57.544,143.17,81.362,-101.51,-3.7493,112.06,-74.77,2.2489,18.176,11.788,31.655,21.922
59.265,144.94,80.667,-103.54,-3.558,112.64,-81.63,-2.9876,16.267,12.112,32.265,23.186
60.592,145.3,78.915,-104.75,-3.2023,111.99,-83.593,-8.1377,14.167,12.252,32.799,24.636
61.495,144.09,75.954,-105.05,-2.4176,110.05,-81.996,-13.098,11.89,12.207,33.208,26.162
61.944,141.13,71.654,-104.24,-1.076,106.71,-79.406,-17.762,9.4704,11.958,33.43,27.595
61.942,136.22,65.968,-102.18,0.78545,101.85,-77.645,-22.034,6.9488,11.471,33.407,28.775
61.548,129.27,59.042,-98.781,2.9852,95.387,-76.862,-25.858,4.3539,10.714,33.089,29.601
60.863,120.55,51.3,-94.198,5.2468,87.479,-76.442,-29.226,1.6859,9.6615,32.431,30.031
59.975,110.73,43.308,-88.79,7.2815,78.666,-75.849,-32.173,-1.0899,8.3007,31.373,30.059
58.915,100.59,35.446,-82.978,8.882,69.592,-74.807,-34.76,-4.0302,6.6268,29.842,29.672
57.648,90.613,27.757,-77.057,9.9854,60.649,-73.21,-37.047,-7.1859,4.6451,27.776,28.851
56.086,80.899,20.076,-71.093,10.688,51.846,-71.013,-39.083,-10.57,2.3765,25.156,27.572
54.104,71.174,12.245,-64.934,11.198,42.913,-68.191,-40.905,-14.142,-0.13641,22.034,25.835
51.546,60.978,4.3235,-58.302,11.741,33.463,-64.74,-42.556,-17.819,-2.8344,18.529,23.678
48.255,49.879,-3.2672,-50.939,12.491,23.224,-60.7,-44.101,-21.509,-5.6639,14.791,21.174
44.138,37.739,-9.902,-42.805,13.544,12.393,-56.189,-45.636,-25.158,-8.6021,10.933,18.414
39.288,24.963,-15.259,-34.179,14.878,1.816,-51.408,-47.271,-28.761,-11.664,6.9894,15.482
34.016,12.43,-19.462,-25.534,16.312,-7.4976,-46.59,-49.093,-32.352,-14.88,2.924,12.429
28.649,0.99548,-22.721,-17.233,17.506,-15.052,-41.932,-51.118,-35.959,-18.252,-1.3061,9.2795
23.266,-8.9582,-25.102,-9.3624,18.05,-20.886,-37.563,-53.276,-39.561,-21.725,-5.6909,6.0353
17.693,-17.495,-26.594,-1.8081,17.623,-25.26,-33.562,-55.433,-43.085,-25.196,-10.145,2.6925
11.745,-24.802,-27.269,5.4926,16.111,-28.485,-29.981,-57.451,-46.431,-28.547,-14.533,-0.75253
5.4904,-30.956,-27.348,12.354,13.679,-30.865,-26.838,-59.235,-49.51,-31.683,-18.709,-4.2926
-0.69817,-35.961,-27.177,18.403,10.746,-32.691,-24.122,-60.758,-52.279,-34.549,-22.558,-7.8895
-6.3528,-39.917,-27.127,23.37,7.8858,-34.244,-21.805,-62.045,-54.741,-37.124,-26.012,-11.453
-11.174,-43.078,-27.467,27.264,5.6269,-35.748,-19.854,-63.154,-56.927,-39.409,-29.049,-14.844
-15.078,-45.713,-28.273,30.275,4.259,-37.314,-18.224,-64.141,-58.881,-41.422,-31.688,-17.913
-18.099,-47.961,-29.395,32.6,3.7433,-38.89,-16.848,-65.047,-60.638,-43.191,-33.972,-20.553
-20.298,-49.806,-30.514,34.373,3.7947,-40.287,-15.634,-65.893,-62.218,-44.748,-35.947,-22.732
-21.755,-51.168,-31.288,35.664,4.0507,-41.294,-14.479,-66.683,-63.625,-46.122,-37.651,-24.484
-22.58,-52.005,-31.498,36.537,4.2082,-41.788,-13.299,-67.413,-64.852,-47.325,-39.103,-25.889
-22.915,-52.389,-31.15,37.085,4.1234,-41.803,-12.064,-68.075,-65.89,-48.359,-40.309,-27.036
-22.929,-52.498,-30.473,37.432,3.8769,-41.53,-10.821,-68.662,-66.742,-49.222,-41.272,-27.993
-22.791,-52.552,-29.815,37.709,3.7128,-41.233,-9.6837,-69.17,-67.429,-49.921,-42,-28.795
-22.644,-52.744,-29.495,38.015,3.8793,-41.152,-8.7803,-69.592,-67.988,-50.476,-42.524,-29.448
-22.582,-53.175,-29.692,38.398,4.4818,-41.426,-8.1948,-69.937,-68.472,-50.919,-42.894,-29.958
-22.659,-53.821,-30.39,38.84,5.3985,-42.038,-7.9325,-70.236,-68.929,-51.281,-43.172,-30.354
-22.902,-54.541,-31.366,39.274,6.2875,-42.828,-7.9304,-70.535,-69.393,-51.573,-43.407,-30.68
-23.317,-55.135,-32.268,39.612,6.7047,-43.545,-8.1025,-70.886,-69.868,-51.781,-43.619,-30.977
-23.884,-55.427,-32.755,39.785,6.3132,-43.957,-8.3864,-71.32,-70.315,-51.861,-43.798,-31.26
-24.538,-55.334,-32.65,39.765,5.0589,-43.942,-8.7571,-71.802,-70.652,-51.753,-43.91,-31.515
-25.175,-54.903,-32.014,39.577,3.2027,-43.535,-9.1961,-72.194,-70.748,-51.389,-43.919,-31.712
-25.681,-54.29,-31.096,39.292,1.2254,-42.907,-9.6381,-72.235,-70.429,-50.709,-43.795,-31.809
-25.976,-53.7,-30.217,39.007,-0.3379,-42.279,-9.9262,-71.54,-69.473,-49.661,-43.524,-31.771
-26.02,-53.309,-29.64,38.816,-1.068,-41.841,-9.8002,-69.586,-67.6,-48.196,-43.11,-31.582
-25.798,-53.226,-29.508,38.769,-0.76255,-41.702,-8.8791,-65.735,-64.44,-46.223,-42.556,-31.245
-25.288,-53.439,-29.848,38.835,0.55995,-41.883,-6.6455,-59.634,-59.531,-43.505,-41.823,-30.735
-24.487,-53.808,-30.607,38.887,2.699,-42.313,-2.6042,-53.205,-52.644,-39.499,-40.731,-29.902
-23.428,-54.071,-31.658,38.732,5.2805,-42.824,2.4576,-52.8,-45.911,-33.219,-38.832,-28.322
-22.128,-53.889,-32.74,38.144,7.7378,-43.149,5.6255,-59.151,-49.97,-23.88,-35.185,-25.072
-20.329,-52.887,-33.473,36.854,9.5931,-42.959,7.2153,-61.806,-68.981,-20.089,-29.562,-18.368
-17.1,-50.616,-33.487,34.35,11.554,-41.923,10.462,-52.937,-73.405,-39.45,-38.237,-8.377
-14.619,-46.279,-32.563,29.854,14.569,-39.688,14.259,-34.894,-63.491,-35.965,-37.377,-22.163
-18.38,-40.547,-30.703,31.882,14.378,-35.742,9.0184,-19.901,-44.603,-29.23,-35.101,-26.006
-19.439,-61.3,-28.173,45.64,11.758,-34.847,4.1495,21.511,-15.456,-21.953,-34.882,-27.645
-19.838,-79.589,-31.012,50.093,10.32,-65.385,20.643,97.761,28.101,-11.638,-34.834,-30.521
-19.157,-88.545,-63.605,53.477,11.973,-78.532,49.122,181.42,90.387,8.2287,-29.228,-30.304
-15.115,-94.984,-76.258,54.254,16.515,-87.256,85.608,252.27,175.68,49.319,-7.4992,-19.183
-3.8614,-94.22,-85.159,48.162,26.801,-91.547,119.47,293.86,289.66,128.59,45.258,12.756
19.704,-79.56,-90.044,29.352,44.553,-86.998,133.2,297.29,419.32,264.26,145.46,78.51
60.927,-42.681,-87.846,-9.0041,68.369,-67.897,117.78,255.54,552.37,456.31,299.09,192.21
119.41,25.034,-73.955,-73.221,92.361,-27.514,70.175,163.76,681.43,694.36,497.05,350.82
180.96,129.18,-42.181,-160.69,106.53,41.344,-9.7834,19.801,795.15,971.5,734.5,541.54
238.68,259.04,16.23,-258.45,105.47,141.1,-117.23,-177.54,876.28,1271.3,999.03,754.84
288.48,400.83,109.7,-359.41,87.524,256.67,-244.33,-430.65,902.14,1566.7,1270.6,974.29
323.58,546.18,216.45,-453.83,53.321,378.6,-383.7,-743.02,847.49,1820.3,1519.6,1177.5
338.05,679.11,323.31,-529.17,5.6868,497.72,-527.86,-1114.9,689.65,1989.8,1709.9,1338.5
328.27,781.34,425.11,-573.89,-51.027,599.7,-667.11,-1535.4,416.83,2034.8,1804.7,1432.1
293.54,836.63,509.82,-580.48,-110.8,670.02,-790.24,-1975.2,38.211,1925.4,1774.1,1437.9
237.06,834.22,564.96,-546.7,-165.38,696.63,-886.6,-2384.9,-410.46,1653.1,1605.7,1345.9
166.45,771.03,579.69,-475.82,-205.55,672.38,-948.22,-2704.9,-871.37,1238.9,1311.5,1161
91.951,653.05,548.13,-376.5,-224.42,597.27,-971.28,-2884.3,-1279.9,733.19,928.41,904.92
22.146,495.52,472.73,-261.34,-220,480.1,-957.15,-2900.1,-1581.5,207.3,511.71,612.78
-36.311,316.81,363.5,-139.66,-192.83,335.52,-911.95,-2762.9,-1744.5,-262.33,122.17,325.15
-73.011,151.54,237.97,-38.448,-152.94,189.68,-837.95,-2499.6,-1762,-615.08,-191.98,68.746
-93.487,24.082,132.87,34.929,-121.36,72.957,-758.54,-2182.4,-1652.2,-798.5,-388.6,-99.035
-102.46,-64.253,49.266,82.246,-91.833,-12.564,-672.71,-1848.8,-1458.4,-846.62,-484.51,-206.88
-102.87,-104.53,-1.7069,99.247,-70.765,-56.971,-587.58,-1531.5,-1228.3,-789.11,-492.94,-253.85
-97.292,-104.58,-21.135,93.482,-58.315,-65.139,-503.25,-1246.9,-992.44,-665.27,-440.43,-253.62
-87.707,-82.376,-17.704,77.05,-52.526,-50.754,-419.27,-999.06,-773.38,-515.49,-356.04,-223.57
-74.362,-54.587,-3.3304,58.43,-50.549,-28.307,-336.18,-787.32,-584.41,-371.41,-265.25,-179.93
-52.951,-31.834,12.608,42.95,-48.991,-8.5168,-256.56,-611.26,-429.8,-253.34,-185.74,-135.7
-41.173,-19.186,24.181,34.147,-45.599,2.8373,-184.44,-469.8,-308.44,-169.25,-126.07,-99.329
-38.01,-30.03,27.102,37.131,-40.091,1.1903,-122.99,-360.47,-216.52,-117.29,-86.993,-72.644
-36.941,-46.457,10.68,39.323,-35.063,-24.455,-73.635,-279.35,-147.52,-90.864,-65.534,-58.945
-35.74,-50.737,-7.3273,40.659,-28.189,-33.491,-37.491,-222.01,-100.46,-81.295,-57.544,-55.294
-33.838,-52.871,-15.321,41.39,-19.964,-36.902,-15.268,-182.73,-75.894,-79.876,-56.336,-52.564
-31.603,-53.859,-18.784,41.526,-15.79,-38.468,-3.8957,-155.69,-66.034,-82.459,-57.547,-50.219
-29.713,-53.935,-20.215,41.216,-13.553,-38.878,2.4027,-136.28,-61.974,-85.899,-59.368,-46.724
-28.454,-53.331,-20.718,40.642,-12.151,-38.535,7.8276,-121.22,-58.912,-78.031,-59.207,-42.418
-27.708,-52.413,-21.12,39.974,-11.015,-37.955,12.553,-108.13,-58.434,-59.095,-51.842,-38.605
-27.28,-51.621,-21.907,39.384,-9.7506,-37.659,15.549,-95.269,-52.798,-50.539,-47.094,-35.738
-27.043,-51.26,-23.141,39.011,-8.2112,-37.878,16.188,-82.096,-45.051,-45.507,-44.805,-33.834
-26.924,-51.375,-24.651,38.902,-6.4631,-38.532,22.834,-73.741,-38.367,-42.151,-43.688,-32.752
-26.862,-51.848,-26.227,39.012,-4.6668,-39.426,30.95,-68.187,-33.06,-39.647,-43.188,-32.252
-26.793,-52.503,-27.681,39.235,-3.0089,-40.369,37.163,-63.045,-28.829,-37.371,-42.955,-32.076
-26.647,-53.156,-28.831,39.456,-1.6512,-41.188,41.493,-58.219,-25.255,-34.899,-42.761,-32.01
-26.366,-53.647,-29.533,39.58,-0.67821,-41.747,44.655,-53.749,-21.986,-32.001,-42.47,-31.911
-25.908,-53.877,-29.75,39.543,-0.06479,-41.982,47.154,-49.607,-18.801,-28.602,-42.015,-31.698
-25.266,-53.835,-29.588,39.336,0.31464,-41.932,49.233,-45.745,-15.623,-24.736,-41.37,-31.34
-24.49,-53.595,-29.258,38.999,0.63433,-41.718,50.991,-42.125,-12.484,-20.507,-40.536,-30.848
-23.688,-53.275,-28.987,38.608,1.038,-41.487,52.463,-38.705,-9.4598,-16.048,-39.536,-30.264
-22.999,-52.999,-28.928,38.256,1.5661,-41.353,53.682,-35.445,-6.6012,-11.499,-38.409,-29.659
-22.552,-52.847,-29.115,38.019,2.1362,-41.36,54.692,-32.318,-3.897,-6.9856,-37.218,-29.13
-22.426,-52.843,-29.483,37.934,2.5973,-41.491,55.542,-29.333,-1.2822,-2.6174,-36.036,-28.781
-22.622,-52.95,-29.922,37.985,2.8286,-41.686,56.257,-26.556,1.3253,1.5253,-34.931,-28.684
-23.052,-53.092,-30.329,38.107,2.8097,-41.88,56.827,-24.056,3.9926,5.411,-33.947,-28.853
-23.562,-53.184,-30.649,38.209,2.635,-42.02,57.229,-21.865,6.7585,9.075,-33.08,-29.215
-23.979,-53.164,-30.872,38.21,2.472,-42.079,57.449,-19.936,9.6395,12.613,-32.273,-29.624
-24.157,-53.017,-31.026,38.076,2.4914,-42.06,57.505,-18.147,12.641,16.145,-31.437,-29.898
-24.024,-52.782,-31.158,37.824,2.8035,-41.992,57.438,-16.346,15.768,19.759,-30.478,-29.869
-23.587,-52.527,-31.315,37.504,3.4269,-41.922,57.286,-14.41,19.029,23.475,-29.326,-29.423
-22.92,-52.31,-31.517,37.171,4.2871,-41.886,57.061,-12.299,22.433,27.233,-27.96,-28.525
-22.137,-52.153,-31.75,36.86,5.2423,-41.891,56.734,-10.061,25.974,30.924,-26.417,-27.217
-21.357,-52.045,-31.968,36.59,6.1314,-41.914,56.256,-7.7855,29.633,34.452,-24.774,-25.6
-20.68,-51.953,-32.117,36.362,6.827,-41.916,55.597,-5.5539,33.383,37.793,-23.113,-23.791
-20.165,-51.829,-32.154,36.163,7.2817,-41.857,54.768,-3.3837,37.207,41.005,-21.48,-21.874
-19.819,-51.629,-32.07,35.969,7.5403,-41.704,53.822,-1.2226,41.117,44.216,-19.865,-19.871
-19.601,-51.321,-31.883,35.75,7.7087,-41.446,52.822,1.015,45.158,47.577,-18.205,-17.737
-19.439,-50.889,-31.629,35.477,7.8934,-41.082,51.815,3.3974,49.41,51.223,-16.406,-15.403
-19.246,-50.333,-31.332,35.125,8.1533,-40.624,50.814,5.9385,53.979,55.241,-14.365,-12.817
-18.947,-49.654,-31.008,34.669,8.4865,-40.084,49.818,8.5905,58.984,59.662,-11.997,-9.9786
-18.513,-48.854,-30.665,34.085,8.8379,-39.479,48.82,11.27,64.546,64.478,-9.2446,-6.9387
-17.968,-47.935,-30.307,33.354,9.1038,-38.828,47.806,13.908,70.785,69.686,-6.0718,-3.7539
-17.35,-46.903,-29.918,32.469,9.1418,-38.148,46.751,16.497,77.818,75.346,-2.4281,-0.42723
-16.673,-45.774,-29.457,31.43,8.8088,-37.447,45.63,19.112,85.771,81.603,1.7655,3.1154
-15.929,-44.576,-28.88,30.257,8.0307,-36.726,44.428,21.879,94.769,88.643,6.5932,6.9811
-15.121,-43.355,-28.171,28.999,6.8605,-35.989,43.143,24.92,104.9,96.609,12.088,11.227
-14.267,-42.166,-27.365,27.733,5.4919,-35.247,41.761,28.296,116.17,105.48,18.182,15.797
-13.367,-41.047,-26.549,26.516,4.2245,-34.518,40.244,31.978,128.41,115.04,24.719,20.526
-12.34,-39.965,-25.825,25.327,3.3925,-33.803,38.524,35.857,141.33,124.9,31.522,25.21
-11.017,-38.818,-25.28,24.046,3.268,-33.08,36.527,39.795,154.57,134.75,38.492,29.707
-9.2026,-37.477,-24.958,22.499,3.9667,-32.322,34.214,43.7,167.84,144.46,45.667,34.004
-6.7636,-35.85,-24.852,20.543,5.3937,-31.513,31.629,47.591,181.04,154.14,53.238,38.232
-3.6872,-33.917,-24.901,18.118,7.259,-30.653,28.889,51.605,194.21,164.05,61.493,42.622
-0.094204,-31.709,-25.004,15.249,9.1657,-29.745,26.122,55.949,207.48,174.43,70.703,47.441
3.7947,-29.256,-25.037,12.006,10.74,-28.768,23.37,60.806,221.06,185.49,80.985,52.907
7.749,-26.526,-24.901,8.4443,11.75,-27.667,20.539,66.253,235.08,197.28,92.224,59.152
11.652,-23.403,-24.553,4.5608,12.168,-26.367,17.441,72.232,249.65,209.82,104.14,66.191
15.572,-19.698,-24.023,0.28479,12.169,-24.789,13.903,78.593,264.78,223.08,116.49,73.955
19.695,-15.212,-23.381,-4.4678,12.037,-22.86,9.8983,85.203,280.5,237.04,129.16,82.392
24.139,-9.8309,-22.688,-9.6976,12.044,-20.524,5.6296,92.067,296.85,251.79,142.24,91.575
28.793,-3.6215,-21.959,-15.249,12.351,-17.748,1.4585,99.354,313.91,267.41,155.88,101.69
33.323,3.1474,-21.152,-20.833,12.98,-14.537,-2.2783,107.28,331.76,283.94,170.18,112.87
37.374,10.103,-20.188,-26.146,13.822,-10.935,-5.4224,115.92,350.39,301.21,185.08,125.03
40.757,16.957,-18.969,-31.011,14.677,-6.9837,-8.0079,125.06,369.68,318.89,200.33,137.87
43.498,23.649,-17.404,-35.458,15.335,-2.6625,-10.183,134.29,389.38,336.54,215.62,151.01
45.773,30.366,-15.425,-39.713,15.655,2.1465,-12.118,143.13,409.17,353.69,230.65,164.09
47.818,37.416,-12.992,-44.096,15.587,7.6245,-13.945,151.27,428.73,370.04,245.22,176.87
49.829,45.033,-10.082,-48.867,15.165,13.923,-15.732,158.64,447.81,385.43,259.26,189.27
51.887,53.225,-6.6529,-54.093,14.47,21.057,-17.488,165.33,466.26,399.89,272.82,201.38
53.935,61.748,-2.6218,-59.629,13.598,28.83,-19.191,171.54,484.02,413.51,286,213.35
55.834,70.225,2.1158,-65.205,12.636,36.874,-20.814,177.42,501.07,426.39,298.88,225.28
57.448,78.327,7.5982,-70.562,11.656,44.772,-22.341,183.03,517.37,438.53,311.35,237.08
58.719,85.904,13.688,-75.539,10.716,52.225,-23.783,188.28,532.76,449.8,323.22,248.54
59.712,93.005,20.055,-80.112,9.8689,59.142,-25.169,193.01,546.92,460.04,334.22,259.37
60.578,99.809,26.311,-84.363,9.1779,65.595,-26.545,197.08,559.47,469.09,344.2,269.4
61.486,106.49,32.192,-88.414,8.698,71.721,-27.962,200.43,570.09,476.88,353.18,278.58
62.531,113.14,37.634,-92.358,8.4206,77.613,-29.465,203.08,578.65,483.45,361.29,286.98
63.677,119.71,42.738,-96.211,8.2181,83.279,-31.078,205.1,585.15,488.86,368.67,294.68
64.776,126.05,47.67,-99.897,7.8666,88.65,-32.798,206.6,589.74,493.19,375.44,301.76
65.645,132.01,52.554,-103.27,7.1622,93.643,-34.598,207.63,592.61,496.51,381.62,308.17
66.162,137.42,57.393,-106.2,6.042,98.205,-36.441,208.24,593.95,498.86,387.18,313.82
66.363,142.23,62.046,-108.64,4.6416,102.34,-38.303,208.41,594.01,500.31,392.02,318.53
66.465,146.47,66.286,-110.68,3.2881,106.07,-40.174,208.15,593.05,500.94,396.06,322.21
66.781,150.28,69.919,-112.52,2.4,109.49,-42.053,207.46,591.3,500.86,399.28,324.87
67.547,153.84,72.867,-114.31,2.3118,112.64,-43.93,206.34,588.83,500.15,401.71,326.63
68.79,157.22,75.204,-116.1,3.1123,115.59,-45.783,204.82,585.6,498.9,403.46,327.66
70.329,160.37,77.131,-117.8,4.5604,118.32,-47.574,202.92,581.45,497.15,404.65,328.13
71.852,163.15,78.909,-119.26,6.1178,120.83,-49.243,200.66,576.15,494.91,405.33,328.15
72.996,165.45,80.763,-120.4,7.1046,123.07,-50.732,198,569.4,492.13,405.44,327.75
73.416,167.21,82.78,-121.1,6.9341,124.99,-51.998,194.89,560.96,488.72,404.88,326.88
72.863,168.34,84.857,-121.28,5.345,126.5,-53.034,191.2,550.66,484.59,403.52,325.43
71.306,168.79,86.756,-120.91,2.5279,127.48,-53.86,186.81,538.48,479.66,401.31,323.27
68.991,168.59,88.211,-120.06,-0.94778,127.86,-54.516,181.61,524.55,473.86,398.27,320.33
66.374,167.89,89.06,-118.94,-4.3693,127.68,-55.045,175.51,509.08,467.1,394.46,316.56
63.974,166.86,89.313,-117.74,-7.1156,127.07,-55.474,168.48,492.23,459.3,389.94,311.97
62.22,165.61,89.139,-116.6,-8.8188,126.21,-55.8,160.51,474.12,450.32,384.76,306.57
61.321,164.22,88.784,-115.57,-9.4289,125.27,-55.995,151.59,454.85,439.96,378.91,300.4
61.2,162.68,88.453,-114.6,-9.1544,124.33,-56.015,141.79,434.57,428.05,372.33,293.47
61.535,160.95,88.206,-113.56,-8.3143,123.37,-55.817,131.23,413.47,414.45,364.86,285.8
61.895,158.86,87.931,-112.24,-7.2123,122.23,-55.361,120.1,391.77,399.19,356.33,277.32
61.877,156.17,87.389,-110.4,-6.0793,120.67,-54.614,108.63,369.65,382.43,346.59,267.98
61.213,152.63,86.319,-107.88,-5.0781,118.44,-53.546,97.059,347.18,364.38,335.64,257.74
59.827,148.09,84.532,-104.65,-4.3382,115.36,-52.142,85.605,324.4,345.19,323.57,246.69
57.83,142.53,81.955,-100.78,-3.967,111.4,-50.4,74.445,301.26,324.96,310.46,234.94
55.413,135.99,78.636,-96.296,-4.0208,106.6,-48.345,63.721,277.76,303.75,296.31,222.59
52.723,128.53,74.697,-91.228,-4.4763,101.05,-46.022,53.516,253.95,281.71,281.07,209.68
49.811,120.3,70.281,-85.63,-5.2507,94.858,-43.492,43.833,229.93,259.13,264.74,196.3
46.643,111.54,65.525,-79.64,-6.2366,88.185,-40.828,34.609,205.82,236.38,247.48,182.49
43.115,102.53,60.537,-73.376,-7.2938,81.251,-38.115,25.742,181.66,213.86,229.64,168.33
39.072,93.42,55.324,-66.84,-8.2261,74.175,-35.437,17.145,157.49,191.87,211.73,153.88
34.371,84.084,49.764,-59.913,-8.8025,66.873,-32.852,8.7751,133.47,170.51,194.19,139.2
28.95,74.261,43.723,-52.432,-8.8327,59.091,-30.382,0.65661,110.07,149.68,177.31,124.45
22.865,63.717,37.24,-44.311,-8.2612,50.609,-28.014,-7.1355,88.083,129.15,161.13,109.8
16.311,52.486,30.619,-35.672,-7.2225,41.508,-25.719,-14.512,68.346,108.8,145.53,95.446
9.6596,41.006,24.272,-26.867,-6.0276,32.289,-23.471,-21.411,51.335,88.899,130.31,81.588
3.3969,29.946,18.495,-18.328,-5.086,23.595,-21.269,-27.821,36.986,70.194,115.33,68.499
-2.1089,19.751,13.358,-10.335,-4.7868,15.763,-19.129,-33.772,24.796,53.556,100.57,56.453
-6.8,10.372,8.7661,-2.9164,-5.383,8.6891,-17.077,-39.306,14.105,39.391,86.268,45.6
-10.849,1.4369,4.6087,4.0528,-6.9181,2.0638,-15.114,-44.443,4.3655,27.41,72.906,35.845
-14.452,-7.3541,0.88084,10.651,-9.2114,-4.3145,-13.195,-49.173,-4.719,16.97,60.95,26.947
-17.697,-15.898,-2.3188,16.771,-11.884,-10.345,-11.229,-53.462,-13.211,7.5328,50.554,18.677
-20.544,-23.694,-4.9367,22.154,-14.423,-15.701,-9.1156,-57.281,-21.034,-1.1498,41.512,10.918
-22.888,-30.228,-7.0994,26.575,-16.305,-20.138,-6.7941,-60.635,-28.086,-9.0975,33.484,3.6678
-24.645,-35.34,-9.0505,29.986,-17.188,-23.682,-4.2968,-63.561,-34.319,-16.245,26.188,-2.99
-25.806,-39.199,-10.95,32.496,-17.053,-26.506,-1.7564,-66.116,-39.762,-22.548,19.472,-8.9455
-26.449,-42.058,-12.765,34.274,-16.206,-28.747,0.64054,-68.361,-44.509,-28.029,13.294,-14.124
-26.712,-44.118,-14.334,35.482,-15.119,-30.464,2.7331,-70.342,-48.676,-32.773,7.6644,-18.526
-26.758,-45.536,-15.505,36.26,-14.231,-31.696,4.4536,-72.095,-52.373,-36.897,2.5965,-22.23
-26.743,-46.471,-16.266,36.736,-13.794,-32.539,5.8479,-73.638,-55.669,-40.506,-1.9168,-25.348
-26.781,-47.112,-16.78,37.035,-13.812,-33.16,7.0427,-74.984,-58.591,-43.674,-5.899,-27.986
-26.914,-47.657,-17.316,37.273,-14.082,-33.759,8.1723,-76.148,-61.144,-46.444,-9.3876,-30.224
-27.109,-48.267,-18.09,37.531,-14.27,-34.486,9.3024,-77.155,-63.338,-48.846,-12.435,-32.126
-27.278,-49.01,-19.182,37.842,-14.002,-35.392,10.397,-78.047,-65.21,-50.921,-15.107,-33.756
-27.316,-49.848,-20.535,38.177,-13.017,-36.422,11.345,-78.871,-66.829,-52.725,-17.48,-35.19
-27.142,-50.66,-22.01,38.466,-11.288,-37.45,12.04,-79.668,-68.281,-54.331,-19.622,-36.506
-26.728,-51.303,-23.432,38.635,-9.0077,-38.328,12.455,-80.452,-69.644,-55.805,-21.58,-37.767
-26.116,-51.67,-24.637,38.645,-6.5019,-38.937,12.678,-81.201,-70.956,-57.19,-23.37,-38.993
-25.404,-51.729,-25.504,38.509,-4.1094,-39.219,12.874,-81.866,-72.206,-58.491,-24.98,-40.157
-24.719,-51.534,-26.003,38.284,-2.0863,-39.199,13.222,-82.394,-73.343,-59.683,-26.382,-41.198
-24.181,-51.211,-26.199,38.052,-0.55969,-38.983,13.831,-82.745,-74.305,-60.731,-27.561,-42.052
-23.869,-50.911,-26.232,37.889,0.45227,-38.727,14.699,-82.916,-75.053,-61.618,-28.523,-42.673
-23.808,-50.77,-26.262,37.847,0.98186,-38.584,15.721,-82.933,-75.592,-62.358,-29.308,-43.058
-23.97,-50.871,-26.401,37.94,1.0706,-38.661,16.736,-82.844,-75.965,-62.992,-29.969,-43.241
-24.294,-51.21,-26.662,38.147,0.75308,-38.972,17.611,-82.688,-76.234,-63.572,-30.56,-43.282
-24.703,-51.693,-26.938,38.407,0.044429,-39.423,18.304,-82.478,-76.444,-64.13,-31.118,-43.248
-25.115,-52.154,-27.038,38.639,-1.0458,-39.833,18.881,-82.195,-76.607,-64.671,-31.655,-43.182
-25.46,-52.421,-26.79,38.765,-2.4678,-40.016,19.479,-81.803,-76.701,-65.169,-32.166,-43.099
-25.696,-52.386,-26.135,38.742,-4.0946,-39.859,20.241,-81.275,-76.686,-65.592,-32.635,-42.983
-25.822,-52.06,-25.157,38.591,-5.7221,-39.375,21.251,-80.602,-76.529,-65.911,-33.048,-42.808
-25.87,-51.56,-24.062,38.383,-7.0996,-38.7,22.513,-79.802,-76.222,-66.115,-33.398,-42.56
-25.892,-51.066,-23.108,38.214,-7.9916,-38.036,23.969,-78.902,-75.78,-66.212,-33.694,-42.251
-25.937,-50.747,-22.52,38.16,-8.2628,-37.579,25.544,-77.928,-75.239,-66.227,-33.953,-41.923
-26.042,-50.708,-22.432,38.257,-7.9498,-37.457,27.178,-76.891,-74.637,-66.189,-34.193,-41.626
-26.225,-50.953,-22.828,38.484,-7.2768,-37.687,28.83,-75.793,-73.998,-66.13,-34.428,-41.4
-26.474,-51.389,-23.519,38.778,-6.5977,-38.16,30.442,-74.623,-73.326,-66.069,-34.662,-41.25
-26.755,-51.841,-24.18,39.049,-6.2689,-38.659,31.927,-73.369,-72.605,-66.008,-34.888,-41.149
-27.02,-52.115,-24.486,39.213,-6.5058,-38.945,33.185,-72.021,-71.804,-65.932,-35.096,-41.045
-27.216,-52.086,-24.277,39.218,-7.2943,-38.867,34.145,-70.576,-70.895,-65.813,-35.271,-40.893
-27.297,-51.752,-23.627,39.068,-8.3929,-38.439,34.793,-69.041,-69.866,-65.626,-35.402,-40.68
-27.238,-51.235,-22.795,38.819,-9.4107,-37.831,35.173,-67.438,-68.733,-65.363,-35.492,-40.436
-27.043,-50.729,-22.105,38.555,-9.9445,-37.281,35.359,-65.797,-67.529,-65.033,-35.558,-40.226
-26.75,-50.415,-21.84,38.36,-9.7284,-37.005,35.427,-64.147,-66.289,-64.659,-35.621,-40.114
-26.425,-50.408,-22.144,38.293,-8.7449,-37.12,35.423,-62.51,-65.03,-64.26,-35.694,-40.131
-26.139,-50.715,-22.969,38.366,-7.2537,-37.611,35.368,-60.889,-63.731,-63.848,-35.772,-40.253
-25.948,-51.23,-24.066,38.541,-5.7126,-38.327,35.254,-59.275,-62.343,-63.412,-35.827,-40.408
-25.873,-51.764,-25.07,38.737,-4.6,-39.023,35.057,-57.651,-60.804,-62.929,-35.815,-40.512
-25.89,-52.105,-25.65,38.86,-4.2122,-39.45,34.737,-56.002,-59.067,-62.367,-35.696,-40.5
-25.944,-52.108,-25.651,38.837,-4.5478,-39.457,34.243,-54.315,-57.114,-61.698,-35.445,-40.351
-25.965,-51.745,-25.159,38.645,-5.3248,-39.053,33.533,-52.562,-54.96,-60.908,-35.062,-40.086
-25.893,-51.122,-24.449,38.314,-6.1025,-38.402,32.598,-50.704,-52.635,-59.997,-34.568,-39.754
-25.694,-50.419,-23.852,37.916,-6.4441,-37.745,31.489,-48.689,-50.166,-58.974,-33.997,-39.409
-25.366,-49.815,-23.628,37.523,-6.0592,-37.287,30.306,-46.473,-47.561,-57.85,-33.377,-39.081
-24.94,-49.41,-23.885,37.183,-4.8997,-37.123,29.154,-44.034,-44.804,-56.63,-32.716,-38.763
-24.467,-49.197,-24.54,36.902,-3.1907,-37.215,28.096,-41.376,-41.87,-55.299,-31.996,-38.414
-23.995,-49.064,-25.342,36.641,-1.3648,-37.4,27.155,-38.522,-38.735,-53.825,-31.173,-37.968
-23.552,-48.818,-25.954,36.319,0.10107,-37.444,26.354,-35.496,-35.393,-52.156,-30.186,-37.361
-23.124,-48.229,-26.055,35.823,0.87475,-37.095,25.761,-32.3,-31.848,-50.233,-28.977,-36.541
-22.659,-47.087,-25.454,35.036,0.89149,-36.162,25.501,-28.908,-28.121,-48.004,-27.501,-35.486
-22.086,-45.253,-24.132,33.855,0.3491,-34.556,25.72,-25.27,-24.229,-45.435,-25.737,-34.194
-21.349,-42.665,-22.201,32.217,-0.41788,-32.287,26.519,-21.318,-20.181,-42.511,-23.678,-32.675
-20.421,-39.312,-19.806,30.095,-1.095,-29.403,27.908,-16.989,-15.968,-39.224,-21.31,-30.92
-19.314,-35.21,-17.07,27.499,-1.4743,-25.95,29.784,-12.241,-11.577,-35.571,-18.608,-28.903
-18.06,-30.435,-14.12,24.474,-1.481,-22.008,31.964,-7.0723,-7.0093,-31.55,-15.536,-26.583
-16.696,-25.166,-11.114,21.105,-1.1939,-17.75,34.264,-1.5339,-2.3061,-27.179,-12.075,-23.927
-15.229,-19.617,-8.1733,17.471,-0.84145,-13.373,36.589,4.2841,2.4412,-22.504,-8.2451,-20.932
-13.612,-13.858,-5.2743,13.554,-0.73016,-8.9495,38.952,10.269,7.1088,-17.61,-4.1219,-17.623
-11.712,-7.6965,-2.2374,9.1852,-1.1252,-4.3349,41.385,16.301,11.573,-12.611,0.18402,-14.039
-9.316,-0.75522,1.1768,4.0915,-2.1339,0.76249,43.812,22.25,15.735,-7.6332,4.5554,-10.211
-6.1854,7.3188,5.177,-1.9371,-3.6546,6.6553,46.015,27.953,19.529,-2.7937,8.8935,-6.168
-2.2006,16.622,9.9064,-8.8621,-5.4244,13.554,47.748,33.194,22.909,1.813,13.128,-1.9458
2.4852,26.863,15.437,-16.34,-7.1248,21.455,48.917,37.72,25.83,6.1274,17.219,2.3987
7.4557,37.456,21.739,-23.879,-8.4693,30.075,49.737,41.308,28.264,10.132,21.154,6.7999
12.264,47.795,28.603,-31.08,-9.2514,38.901,50.881,43.861,30.21,13.847,24.946,11.204
16.673,57.526,35.574,-37.783,-9.3657,47.421,53.35,45.457,31.714,17.322,28.617,15.574
20.722,66.619,42.125,-44.057,-8.8191,55.349,57.162,46.296,32.864,20.598,32.178,19.871
24.611,75.274,47.99,-50.108,-7.7422,62.686,59.555,46.577,33.754,23.689,35.614,24.03
28.546,83.761,53.295,-56.145,-6.3859,69.603,56.283,46.407,34.458,26.566,38.875,27.954
32.611,92.24,58.324,-62.257,-5.0981,76.28,45.164,45.777,35.001,29.164,41.892,31.536
36.72,100.64,63.232,-68.353,-4.2581,82.753,26.974,44.599,35.363,31.406,44.595,34.681
40.664,108.67,67.94,-74.21,-4.1746,88.869,4.2318,42.761,35.493,33.239,46.938,37.342
44.213,115.98,72.257,-79.607,-4.9812,94.383,-19.876,40.171,35.342,34.668,48.922,39.539
47.223,122.37,76.019,-84.431,-6.57,99.118,-42.423,36.799,34.89,35.761,50.596,41.362
49.676,127.84,79.167,-88.704,-8.6115,103.07,-61.563,32.695,34.15,36.631,52.039,42.95
51.663,132.62,81.739,-92.555,-10.654,106.39,-76.658,27.991,33.164,37.389,53.335,44.451
53.351,137.05,83.825,-96.148,-12.234,109.35,-87.766,22.872,31.975,38.103,54.538,45.974
54.922,141.38,85.506,-99.605,-12.964,112.15,-95.133,17.533,30.613,38.774,55.658,47.548
56.514,145.67,86.786,-102.91,-12.614,114.87,-99.088,12.141,29.086,39.338,56.653,49.111
58.174,149.6,87.535,-105.85,-11.179,117.28,-100.24,6.8192,27.38,39.695,57.447,50.526
59.849,152.54,87.48,-108.11,-8.9029,118.91,-99.587,1.6567,25.478,39.75,57.965,51.644
61.402,153.81,86.266,-109.44,-6.22,119.19,-98.228,-3.2619,23.371,39.452,58.174,52.376
62.648,153.01,83.64,-109.73,-3.6056,117.71,-96.82,-7.8326,21.072,38.81,58.091,52.738
63.418,150.06,79.616,-108.96,-1.4016,114.39,-95.51,-11.934,18.619,37.88,57.759,52.816
63.628,145.14,74.432,-107.12,0.24468,109.43,-94.183,-15.464,16.053,36.717,57.205,52.698
63.281,138.45,68.379,-104.17,1.3667,103.14,-92.681,-18.388,13.391,35.335,56.396,52.408
62.42,130.27,61.667,-100.04,2.1924,95.869,-90.894,-20.78,10.598,33.689,55.246,51.887
61.061,120.91,54.401,-94.678,3.0571,87.931,-88.775,-22.812,7.587,31.687,53.633,51.021
59.178,110.78,46.619,-88.238,4.2101,79.569,-86.317,-24.707,4.2444,29.227,51.447,49.702
56.785,100.3,38.354,-81.091,5.7407,70.945,-83.528,-26.669,0.47536,26.243,48.635,47.871
54.038,89.806,29.733,-73.737,7.6205,62.144,-80.414,-28.822,-3.7482,22.735,45.225,45.53
51.159,79.453,21.033,-66.557,9.7117,53.18,-76.967,-31.179,-8.3602,18.779,41.309,42.732
48.211,69.168,12.636,-59.613,11.743,43.998,-73.161,-33.661,-13.208,14.506,37.018,39.557
44.998,58.678,4.8904,-52.659,13.344,34.501,-68.969,-36.147,-18.096,10.051,32.466,36.088
41.182,47.654,-1.9757,-45.321,14.162,24.645,-64.401,-38.532,-22.849,5.5116,27.717,32.373
36.491,35.909,-7.8349,-37.333,14.01,14.561,-59.555,-40.769,-27.362,0.91149,22.767,28.405
30.911,23.574,-12.633,-28.726,12.955,4.6361,-54.657,-42.868,-31.609,-3.7785,17.571,24.136
24.788,11.151,-16.399,-19.839,11.304,-4.5556,-50.005,-44.88,-35.626,-8.5924,12.091,19.526
18.692,-0.62173,-19.257,-11.161,9.5161,-12.465,-45.848,-46.859,-39.468,-13.517,6.3619,14.611
13.11,-11.038,-21.404,-3.128,8.0608,-18.798,-42.3,-48.83,-43.169,-18.466,0.529,9.5371
8.2286,-19.669,-23.062,4.0026,7.2764,-23.583,-39.341,-50.788,-46.722,-23.293,-5.1759,4.5375
3.9522,-26.448,-24.437,10.156,7.2789,-27.091,-36.867,-52.699,-50.08,-27.832,-10.509,-0.15202
0.06799,-31.627,-25.692,15.366,7.9608,-29.704,-34.756,-54.513,-53.176,-31.948,-15.296,-4.3786
-3.5631,-35.653,-26.928,19.735,9.0643,-31.807,-32.896,-56.184,-55.947,-35.569,-19.467,-8.1052
-6.9198,-38.986,-28.162,23.418,10.281,-33.688,-31.214,-57.681,-58.361,-38.689,-23.034,-11.376
-9.8694,-41.921,-29.337,26.544,11.331,-35.462,-29.684,-58.993,-60.422,-41.355,-26.054,-14.256
-12.266,-44.496,-30.335,29.138,12.019,-37.079,-28.324,-60.131,-62.167,-43.647,-28.596,-16.793
-14.029,-46.573,-31.04,31.135,12.27,-38.389,-27.165,-61.122,-63.655,-45.65,-30.729,-19.013
-15.174,-48.006,-31.389,32.484,12.133,-39.263,-26.221,-61.998,-64.947,-47.449,-32.526,-20.938
-15.798,-48.775,-31.413,33.226,11.737,-39.683,-25.478,-62.79,-66.093,-49.106,-34.05,-22.593
-16.071,-49.017,-31.234,33.513,11.225,-39.753,-24.887,-63.517,-67.115,-50.651,-35.347,-23.994
-16.219,-48.986,-31.025,33.576,10.714,-39.673,-24.378,-64.179,-68.007,-52.078,-36.442,-25.14
-16.476,-48.968,-30.953,33.652,10.274,-39.658,-23.885,-64.761,-68.746,-53.357,-37.347,-26.018
-17,-49.18,-31.125,33.911,9.9214,-39.867,-23.361,-65.243,-69.312,-54.456,-38.08,-26.631
-17.795,-49.703,-31.554,34.397,9.6301,-40.351,-22.791,-65.622,-69.715,-55.365,-38.675,-27.009
-18.718,-50.458,-32.149,35.029,9.3559,-41.033,-22.197,-65.94,-70.001,-56.095,-39.172,-27.205
-19.568,-51.241,-32.739,35.646,9.0635,-41.733,-21.623,-66.266,-70.228,-56.662,-39.604,-27.279
-20.164,-51.813,-33.131,36.074,8.7434,-42.239,-21.106,-66.65,-70.435,-57.065,-39.979,-27.266
-20.404,-52.003,-33.197,36.205,8.4218,-42.401,-20.654,-67.068,-70.598,-57.276,-40.284,-27.171
-20.277,-51.796,-32.94,36.041,8.166,-42.207,-20.237,-67.393,-70.619,-57.255,-40.496,-26.985
-19.863,-51.344,-32.512,35.697,8.0748,-41.8,-19.79,-67.378,-70.338,-56.975,-40.594,-26.718
-19.292,-50.907,-32.159,35.346,8.2494,-41.427,-19.225,-66.678,-69.558,-56.441,-40.585,-26.427
-18.697,-50.741,-32.117,35.145,8.7501,-41.328,-18.424,-64.861,-68.052,-55.686,-40.497,-26.2
-18.171,-50.982,-32.517,35.173,9.5618,-41.634,-17.245,-61.442,-65.542,-54.703,-40.354,-26.093
-17.729,-51.592,-33.34,35.402,10.595,-42.315,-15.521,-56.018,-61.626,-53.34,-40.1,-26.018
-17.273,-52.357,-34.429,35.681,11.728,-43.185,-13.074,-48.864,-55.763,-51.149,-39.53,-25.639
-16.559,-52.939,-35.547,35.767,12.875,-43.967,-9.8238,-41.998,-47.896,-47.209,-38.181,-24.298
-15.134,-52.967,-36.445,35.36,14.075,-44.365,-6.1173,-38,-42.473,-40.088,-35.12,-20.85
-12.163,-52.085,-36.907,34.074,15.511,-44.13,-2.8031,-34.745,-56.117,-31.775,-29.659,-13.368
-6.4784,-49.886,-36.796,31.206,17.219,-43.082,-0.67633,-26.359,-73.719,-43.804,-38.189,-3.0912
0.24408,-45.644,-36.135,25.434,19.013,-41.057,-1.0521,-13.954,-69.042,-40.566,-37.532,-18.807
-4.5972,-41.339,-35.28,22.873,21.221,-38.424,-4.6272,-8.1243,-53.915,-34.149,-35.454,-21.808
-16.022,-66.507,-37.05,42.972,24.556,-50.884,-2.959,-4.7754,-30.335,-27.61,-35.425,-23.303
-16.927,-81.954,-61.95,49.37,28.966,-74.514,9.0937,56.995,6.7154,-18.781,-35.557,-26.207
-15.43,-90.919,-78.394,52.767,34.6,-84.851,22.821,132.97,67.27,-1.9461,-30.51,-26.511
-11.359,-96.807,-87.105,53.724,43.631,-92.338,41.014,207.83,154.69,33.637,-10.107,-16.947
-1.2225,-94.093,-91.791,47.965,53.256,-93.4,61.912,261.25,276.69,105.72,40.662,13.418
19.875,-76.201,-91.035,29.896,61.72,-84.145,77.098,277.65,417.41,239.02,139.24,78.943
55.892,-36.104,-82.831,-6.6347,70.954,-60.349,74.064,249.8,556.46,435.02,292.93,191.34
106.01,34.349,-62.546,-66.247,79.797,-15.092,43.553,173.48,690.08,671.33,490.21,345.95
162.51,139.42,-21.894,-147.33,82.11,59.721,-20.504,45.69,807.55,946.52,728.03,532.73
219.15,269.89,50.029,-241.84,74.345,162.31,-121.96,-136.33,887.97,1246.2,992.47,742.74
270.79,414.95,147.66,-342.76,53.829,280.29,-248.15,-376.35,906.33,1542.7,1260.6,959.67
310.39,564.31,253.92,-440.28,19.986,406.93,-385.14,-679.13,837.09,1798.7,1504.3,1161.2
331.05,702.07,365.17,-522.03,-26.01,531.37,-528.99,-1046.5,659.28,1971.7,1690.3,1321.7
327.64,810.8,471.4,-576.05,-80.837,639.71,-670.48,-1468.5,364.87,2021.8,1784.1,1416.6
298.39,874.71,559.74,-593.26,-138.83,717.72,-797.67,-1915.1,-32.293,1919.5,1757.8,1426.2
246.18,882.71,617.09,-569.65,-191.99,753.18,-898,-2336.1,-492.27,1655.5,1599.5,1340
178.42,830.54,632.31,-507.23,-231.57,738.05,-961.85,-2671.8,-954.79,1249,1319.8,1162.2
104.87,722.25,599.54,-413.73,-250.98,670.75,-985.43,-2871.1,-1354.5,749.13,952.74,913.12
32.889,570.68,521.49,-301.05,-247.62,558.21,-970.87,-2907.4,-1638.3,226.01,549.57,626.54
-30.477,395.83,409.94,-182.17,-223.29,415.85,-924.66,-2786.1,-1778.5,-245.33,167.36,341.76
-68.752,216.78,279.84,-71.384,-182.77,260.49,-849.82,-2524.1,-1772.4,-603.75,-146.67,87.213
-88.738,78.087,167.67,8.6788,-138.56,131.07,-775.88,-2206.4,-1653.2,-791.41,-341.59,-81.115
-93.662,-24.852,75.68,62.579,-96.706,30.517,-687.34,-1868.6,-1451.9,-844.34,-447.1,-195.64
-89.571,-82.995,13.992,87.129,-62.325,-32.467,-600.77,-1544.9,-1220.3,-799.64,-470.29,-250.97
-81.796,-100.34,-15.854,87.734,-37.815,-58.99,-517.04,-1253.8,-986.55,-686.29,-432.03,-257.12
-72.039,-90.053,-21.195,74.942,-23.384,-58.665,-435.44,-1001.9,-770.56,-542.28,-358.72,-231.24
-58.8,-66.242,-12.189,57.934,-18.337,-42.663,-355.44,-789.32,-584.33,-399.25,-274.36,-190.01
-38.009,-41.205,1.9682,42.967,-20.857,-21.142,-277.88,-614.13,-433.72,-277.95,-196.71,-146.58
-31.365,-23.468,15.81,32.86,-26.847,-3.4931,-205.54,-473.51,-318.93,-188.06,-135.71,-109.65
-30.992,-18.047,24.602,34.149,-30.468,4.6018,-142.23,-364.21,-231.45,-130.33,-94.363,-82.649
-31.855,-40.012,21.321,37.713,-31.748,-11.285,-90.929,-282.39,-160.48,-98.598,-70.283,-65.625
-32.323,-47.691,-1.3017,39.336,-32.193,-28.684,-53.261,-224.22,-107.11,-84.928,-59.555,-60.732
-32.071,-50.403,-11.95,40.269,-25.844,-33.715,-27,-184.26,-79.137,-81.153,-56.773,-57.405
-31.574,-51.735,-16.245,40.683,-22.421,-35.962,-11.301,-156.86,-67.924,-82.729,-57.212,-55.865
-31.184,-52.272,-18.451,40.703,-20.117,-37.059,-3.6358,-137.49,-63.363,-86.436,-58.663,-54.644
-30.848,-52.254,-19.594,40.469,-17.955,-37.431,1.5272,-122.78,-60.218,-89.126,-60.037,-52.335
-30.405,-51.906,-20.135,40.107,-15.767,-37.351,6.0109,-110.08,-60.739,-77.792,-55.605,-49.438
-29.763,-51.489,-20.514,39.72,-13.378,-37.147,8.9386,-97.662,-59.235,-67.867,-50.046,-46.869
-28.927,-51.227,-21.151,39.385,-10.694,-37.145,4.4941,-84.694,-52.879,-62.607,-46.948,-44.884
-27.975,-51.227,-22.251,39.153,-7.7588,-37.5,3.0988,-76.049,-46.394,-59.193,-45.154,-43.456
-27.022,-51.492,-23.729,39.056,-4.7196,-38.161,8.4593,-70.653,-40.811,-56.655,-44.06,-42.516
-26.168,-51.979,-25.318,39.116,-1.7989,-38.984,15.575,-65.599,-36.181,-54.5,-43.356,-41.989
-25.465,-52.62,-26.754,39.318,0.73455,-39.838,22.134,-60.875,-32.292,-52.42,-42.846,-41.799
-24.915,-53.312,-27.882,39.601,2.6529,-40.623,27.436,-56.602,-28.878,-50.226,-42.407,-41.865
-24.494,-53.923,-28.662,39.865,3.8539,-41.262,31.571,-52.751,-25.721,-47.81,-41.969,-42.099
-24.187,-54.32,-29.115,40.006,4.3686,-41.692,34.824,-49.234,-22.685,-45.122,-41.492,-42.399
-24.01,-54.418,-29.277,39.965,4.2959,-41.874,37.452,-45.978,-19.711,-42.143,-40.951,-42.669
-24.011,-54.214,-29.184,39.75,3.7234,-41.81,39.646,-42.93,-16.773,-38.879,-40.326,-42.834
-24.246,-53.794,-28.872,39.445,2.7007,-41.551,41.549,-40.05,-13.839,-35.35,-39.616,-42.869
-24.749,-53.302,-28.4,39.168,1.2915,-41.184,43.258,-37.311,-10.858,-31.589,-38.834,-42.798
-25.5,-52.891,-27.862,39.028,-0.35367,-40.817,44.821,-34.693,-7.7628,-27.636,-38.015,-42.685
-26.401,-52.677,-27.386,39.078,-1.9804,-40.554,46.238,-32.191,-4.4961,-23.531,-37.199,-42.595
-27.279,-52.706,-27.106,39.291,-3.2716,-40.47,47.487,-29.809,-1.0344,-19.308,-36.423,-42.557
-27.917,-52.943,-27.118,39.569,-3.9179,-40.595,48.537,-27.546,2.5958,-14.992,-35.708,-42.555
-28.121,-53.266,-27.44,39.767,-3.7163,-40.882,49.37,-25.396,6.3211,-10.612,-35.063,-42.53
-27.793,-53.496,-27.981,39.745,-2.6785,-41.21,49.985,-23.332,10.041,-6.2223,-34.486,-42.417
-26.961,-53.459,-28.566,39.417,-1.0634,-41.419,50.392,-21.343,13.653,-1.9153,-33.976,-42.164
-25.762,-53.066,-29.015,38.783,0.71668,-41.386,50.606,-19.443,17.08,2.1883,-33.537,-41.756
-24.382,-52.345,-29.227,37.924,2.272,-41.085,50.637,-17.659,20.292,5.976,-33.177,-41.202
-22.992,-51.431,-29.221,36.965,3.385,-40.597,50.492,-16.003,23.322,9.3991,-32.892,-40.511
-21.724,-50.508,-29.118,36.037,4.055,-40.072,50.194,-14.432,26.28,12.51,-32.648,-39.662
-20.67,-49.751,-29.08,35.25,4.4971,-39.662,49.801,-12.837,29.322,15.457,-32.376,-38.586
-19.885,-49.271,-29.241,34.687,5.09,-39.464,49.399,-11.079,32.603,18.425,-31.981,-37.18
-19.348,-49.077,-29.652,34.369,6.1854,-39.484,49.068,-9.055,36.228,21.562,-31.368,-35.343
-18.918,-49.057,-30.262,34.214,7.9167,-39.633,48.848,-6.7396,40.229,24.931,-30.458,-33.006
-18.357,-49,-30.924,34.038,10.182,-39.753,48.719,-4.1861,44.582,28.498,-29.203,-30.168
-17.47,-48.688,-31.437,33.656,12.706,-39.672,48.616,-1.4909,49.243,32.174,-27.582,-26.9
-16.254,-48.003,-31.613,32.995,15.081,-39.273,48.445,1.2535,54.193,35.865,-25.59,-23.329
-14.943,-46.987,-31.343,32.135,16.837,-38.55,48.11,3.9926,59.474,39.533,-23.205,-19.578
-13.881,-45.827,-30.651,31.253,17.575,-37.623,47.532,6.7204,65.195,43.226,-20.363,-15.706
-13.325,-44.757,-29.692,30.517,17.105,-36.691,46.669,9.4698,71.516,47.071,-16.946,-11.677
-13.332,-43.952,-28.687,30.008,15.5,-35.948,45.513,12.289,78.621,51.228,-12.804,-7.3958
-13.757,-43.466,-27.836,29.688,13.076,-35.502,44.097,15.22,86.673,55.839,-7.8119,-2.7907
-14.318,-43.202,-27.244,29.418,10.306,-35.337,42.478,18.286,95.782,60.99,-1.9328,2.1135
-14.686,-42.945,-26.888,28.996,7.698,-35.307,40.733,21.49,105.99,66.706,4.7491,7.1733
-14.581,-42.432,-26.651,28.219,5.6627,-35.198,38.941,24.827,117.25,72.985,12.057,12.183
-13.866,-41.441,-26.378,26.965,4.3984,-34.803,37.147,28.295,129.49,79.858,19.809,16.977
-12.581,-39.87,-25.952,25.238,3.9044,-33.997,35.361,31.92,142.56,87.448,27.918,21.508
-10.889,-37.773,-25.343,23.159,4.0997,-32.771,33.567,35.765,156.33,95.962,36.45,25.864
-8.9542,-35.324,-24.615,20.885,4.8965,-31.239,31.747,39.937,170.63,105.62,45.611,30.209
-6.8471,-32.729,-23.908,18.514,6.2171,-29.592,29.867,44.562,185.35,116.48,55.683,34.696
-4.5626,-30.143,-23.366,16.072,7.9751,-28.024,27.855,49.728,200.37,128.38,66.894,39.407
-2.0759,-27.642,-23.08,13.551,10.002,-26.658,25.588,55.447,215.63,140.92,79.269,44.359
0.64482,-25.213,-23.02,10.927,12.032,-25.494,22.929,61.633,231.08,153.7,92.572,49.57
3.6369,-22.729,-23.023,8.1476,13.77,-24.398,19.807,68.15,246.74,166.52,106.45,55.115
6.9258,-19.97,-22.848,5.1271,14.953,-23.141,16.289,74.889,262.65,179.42,120.65,61.161
10.513,-16.683,-22.286,1.7717,15.41,-21.492,12.589,81.831,278.89,192.59,135.09,67.95
14.363,-12.654,-21.239,-1.9946,15.129,-19.292,8.9865,89.043,295.58,206.29,149.79,75.742
18.383,-7.7398,-19.739,-6.2166,14.276,-16.462,5.7071,96.635,312.82,220.73,164.81,84.747
22.424,-1.8438,-17.891,-10.912,13.134,-12.954,2.8547,104.71,330.75,236.07,180.17,95.057
26.336,5.0912,-15.802,-16.081,12.008,-8.6938,0.42287,113.34,349.46,252.36,195.85,106.57
30.02,13.019,-13.531,-21.692,11.135,-3.6058,-1.6569,122.49,369,269.56,211.74,119.01
33.42,21.694,-11.086,-27.635,10.618,2.2899,-3.4743,131.99,389.3,287.51,227.72,132
36.491,30.698,-8.4422,-33.721,10.408,8.8141,-5.1151,141.58,410.12,305.93,243.59,145.24
39.2,39.645,-5.5436,-39.747,10.349,15.716,-6.6441,150.93,431.11,324.47,259.23,158.51
41.565,48.351,-2.2817,-45.587,10.258,22.838,-8.0989,159.81,451.85,342.81,274.6,171.73
43.668,56.824,1.5224,-51.21,10.001,30.172,-9.4985,168.05,471.98,360.71,289.76,184.92
45.638,65.128,6.0859,-56.629,9.5275,37.747,-10.86,175.58,491.24,377.99,304.73,198.18
47.609,73.254,11.567,-61.855,8.8973,45.469,-12.211,182.38,509.44,394.49,319.4,211.56
49.683,81.087,17.923,-66.881,8.2524,53.061,-13.577,188.4,526.4,410.02,333.64,224.99
51.894,88.486,24.817,-71.696,7.7572,60.187,-14.972,193.64,541.92,424.33,347.3,238.22
54.207,95.385,31.696,-76.309,7.5236,66.645,-16.38,198.1,555.77,437.2,360.34,250.91
56.525,101.86,38.074,-80.762,7.5652,72.455,-17.763,201.8,567.79,448.46,372.83,262.74
58.721,108.11,43.791,-85.118,7.7842,77.817,-19.068,204.83,577.91,458.11,384.85,273.56
60.663,114.36,49.025,-89.424,7.9796,83.002,-20.248,207.3,586.18,466.26,396.38,283.37
62.236,120.75,54.102,-93.672,7.8848,88.231,-21.278,209.33,592.72,473.06,407.3,292.29
63.355,127.3,59.266,-97.779,7.2399,93.598,-22.17,211.01,597.71,478.67,417.41,300.43
63.985,133.87,64.558,-101.62,5.8775,99.06,-22.967,212.37,601.36,483.2,426.52,307.86
64.146,140.26,69.846,-105.08,3.7861,104.5,-23.734,213.42,603.81,486.71,434.5,314.52
63.907,146.23,74.907,-108.06,1.1281,109.73,-24.522,214.12,605.16,489.21,441.28,320.28
63.38,151.48,79.507,-110.48,-1.7897,114.55,-25.352,214.43,605.47,490.69,446.85,324.98
62.712,155.8,83.463,-112.32,-4.5922,118.73,-26.219,214.28,604.74,491.15,451.22,328.49
62.069,159.13,86.7,-113.62,-6.949,122.15,-27.102,213.65,602.97,490.61,454.44,330.78
61.603,161.61,89.313,-114.51,-8.6907,124.85,-27.98,212.51,600.12,489.09,456.56,331.82
61.407,163.56,91.541,-115.17,-9.8662,127.09,-28.83,210.89,596.1,486.62,457.63,331.64
61.486,165.28,93.681,-115.78,-10.703,129.13,-29.631,208.8,590.78,483.21,457.65,330.21
61.764,167.02,95.939,-116.45,-11.489,131.19,-30.367,206.25,583.95,478.84,456.58,327.51
62.127,168.81,98.337,-117.19,-12.434,133.3,-31.031,203.23,575.39,473.44,454.38,323.5
62.472,170.55,100.71,-117.93,-13.563,135.35,-31.607,199.73,564.9,466.87,450.98,318.23
62.742,172.04,102.79,-118.56,-14.694,137.13,-32.069,195.68,552.4,458.94,446.4,311.87
62.928,173.11,104.32,-119.01,-15.527,138.43,-32.371,191.05,537.92,449.46,440.7,304.67
63.032,173.65,105.13,-119.2,-15.803,139.15,-32.467,185.78,521.63,438.24,433.98,296.91
63.022,173.65,105.19,-119.13,-15.442,139.26,-32.326,179.84,503.76,425.22,426.27,288.81
62.807,173.14,104.62,-118.71,-14.58,138.85,-31.956,173.17,484.53,410.41,417.49,280.45
62.258,172.1,103.67,-117.83,-13.505,138.01,-31.397,165.68,464.12,393.93,407.56,271.82
61.274,170.4,102.55,-116.34,-12.557,136.79,-30.714,157.26,442.68,375.89,396.42,262.81
59.848,167.9,101.37,-114.14,-12.024,135.12,-29.956,147.76,420.32,356.38,384.14,253.27
58.086,164.57,100.12,-111.32,-12.059,132.94,-29.139,137.12,397.17,335.48,370.95,243.08
56.134,160.54,98.723,-108.11,-12.648,130.23,-28.242,125.45,373.4,313.33,357.21,232.22
54.072,155.94,97.039,-104.68,-13.619,126.98,-27.224,113.09,349.17,290.2,343.25,220.7
51.839,150.7,94.929,-100.99,-14.687,123.13,-26.056,100.57,324.62,266.47,329.15,208.62
49.256,144.54,92.247,-96.747,-15.535,118.53,-24.745,88.408,299.88,242.58,314.74,196.07
46.108,137.09,88.859,-91.591,-15.898,113,-23.336,76.963,275.05,218.93,299.71,183.12
42.237,128.13,84.671,-85.273,-15.645,106.45,-21.887,66.353,250.2,195.78,283.76,169.8
37.639,117.78,79.65,-77.854,-14.787,98.9,-20.438,56.537,225.41,173.17,266.76,156.2
32.514,106.55,73.858,-69.734,-13.442,90.543,-19.002,47.397,200.75,150.98,248.93,142.48
27.177,95.046,67.452,-61.496,-11.772,81.694,-17.573,38.804,176.2,128.93,230.73,128.87
21.861,83.828,60.659,-53.612,-9.9769,72.713,-16.139,30.649,151.77,106.85,212.76,115.7
16.634,73.17,53.668,-46.218,-8.274,63.857,-14.695,22.855,127.6,85.051,195.5,103.29
11.492,62.994,46.52,-39.086,-6.8605,55.15,-13.235,15.376,104.26,64.48,179.17,91.827
6.4491,52.897,39.087,-31.784,-5.8621,46.37,-11.752,8.1844,82.677,46.188,163.74,81.248
1.5733,42.319,31.175,-23.938,-5.2934,37.156,-10.229,1.2605,63.712,30.532,149.01,71.323
-3.0283,30.852,22.721,-15.49,-5.0545,27.239,-8.6406,-5.4198,47.667,17.112,134.72,61.768
-7.2243,18.608,14.024,-6.8386,-4.9643,16.76,-6.9547,-11.881,34.19,5.2963,120.59,52.368
-10.867,6.4006,5.7573,1.3257,-4.8134,6.4384,-5.1511,-18.136,22.596,-5.346,106.51,43.024
-13.806,-4.6646,-1.3992,8.3983,-4.4182,-2.7879,-3.2431,-24.167,12.218,-14.952,92.58,33.726
-15.943,-13.89,-7.1409,14.121,-3.6676,-10.361,-1.2979,-29.93,2.6065,-23.486,79.293,24.523
-17.305,-21.248,-11.542,18.591,-2.56,-16.284,0.56929,-35.36,-6.4351,-30.89,67.344,15.522
-18.071,-27.127,-14.848,22.112,-1.2149,-20.878,2.2423,-40.388,-14.903,-37.168,57.225,6.9168
-18.5,-31.947,-17.32,24.991,0.15848,-24.501,3.6762,-44.96,-22.678,-42.389,48.918,-1.0391
-18.821,-35.93,-19.192,27.395,1.3371,-27.408,4.9452,-49.04,-29.625,-46.661,42.062,-8.1275
-19.194,-39.156,-20.665,29.385,2.1753,-29.765,6.2223,-52.626,-35.662,-50.101,36.274,-14.245
-19.724,-41.751,-21.909,31.051,2.6605,-31.711,7.6918,-55.752,-40.803,-52.832,31.293,-19.415
-20.439,-43.914,-23.053,32.514,2.8982,-33.383,9.4492,-58.477,-45.152,-54.976,26.961,-23.749
-21.24,-45.792,-24.166,33.827,3.0402,-34.875,11.446,-60.878,-48.869,-56.661,23.166,-27.39
-21.951,-47.378,-25.243,34.922,3.2079,-36.191,13.509,-63.021,-52.116,-58.002,19.798,-30.47
-22.416,-48.556,-26.2,35.677,3.4442,-37.248,15.428,-64.959,-55.027,-59.095,16.743,-33.085
-22.588,-49.219,-26.912,36.021,3.6953,-37.945,17.037,-66.721,-57.682,-60.004,13.898,-35.296
-22.535,-49.384,-27.282,36.009,3.83,-38.248,18.27,-68.321,-60.122,-60.766,11.179,-37.146
-22.412,-49.214,-27.307,35.8,3.7048,-38.234,19.162,-69.769,-62.363,-61.405,8.5213,-38.685
-22.387,-48.96,-27.091,35.597,3.24,-38.076,19.8,-71.076,-64.422,-61.934,5.8751,-39.98
-22.569,-48.865,-26.804,35.57,2.4683,-37.971,20.259,-72.255,-66.322,-62.365,3.2035,-41.113
-22.978,-49.086,-26.624,35.804,1.537,-38.075,20.562,-73.315,-68.088,-62.707,0.49541,-42.163
-23.543,-49.66,-26.669,36.294,0.66577,-38.452,20.68,-74.254,-69.742,-62.956,-2.2258,-43.189
-24.123,-50.489,-26.962,36.943,0.076224,-39.053,20.571,-75.064,-71.292,-63.101,-4.9079,-44.213
-24.557,-51.371,-27.415,37.591,-0.083069,-39.73,20.225,-75.737,-72.727,-63.13,-7.4886,-45.224
-24.711,-52.066,-27.868,38.07,0.21384,-40.284,19.697,-76.274,-74.029,-63.036,-9.9163,-46.19
-24.544,-52.397,-28.154,38.275,0.86317,-40.55,19.108,-76.688,-75.179,-62.824,-12.163,-47.072
-24.136,-52.32,-28.175,38.212,1.6669,-40.466,18.593,-77.006,-76.176,-62.51,-14.235,-47.844
-23.661,-51.953,-27.941,37.993,2.4005,-40.106,18.222,-77.269,-77.043,-62.122,-16.174,-48.503
-23.321,-51.519,-27.578,37.786,2.8892,-39.657,17.933,-77.523,-77.826,-61.697,-18.054,-49.078
-23.266,-51.259,-27.28,37.736,3.0554,-39.346,17.541,-77.803,-78.58,-61.278,-19.956,-49.615
-23.551,-51.322,-27.236,37.908,2.9111,-39.352,16.816,-78.122,-79.337,-60.904,-21.938,-50.165
-24.129,-51.723,-27.525,38.272,2.511,-39.724,15.601,-78.461,-80.095,-60.598,-24.008,-50.767
-24.877,-52.34,-28.057,38.722,1.9014,-40.361,13.899,-78.778,-80.813,-60.357,-26.117,-51.433
-25.641,-52.977,-28.607,39.135,1.103,-41.047,11.88,-79.03,-81.433,-60.156,-28.191,-52.153
-26.283,-53.438,-28.924,39.41,0.13604,-41.548,9.7987,-79.189,-81.905,-59.966,-30.155,-52.906
-26.709,-53.602,-28.855,39.503,-0.92056,-41.703,7.8702,-79.25,-82.203,-59.768,-31.97,-53.673
-26.869,-53.458,-28.411,39.43,-1.8912,-41.49,6.1899,-79.226,-82.328,-59.55,-33.623,-54.444
-26.751,-53.105,-27.769,39.253,-2.525,-41.025,4.7346,-79.127,-82.292,-59.301,-35.119,-55.207
-26.381,-52.707,-27.187,39.055,-2.5688,-40.509,3.4193,-78.95,-82.103,-58.996,-36.466,-55.935
-25.833,-52.428,-26.901,38.912,-1.8769,-40.146,2.16,-78.678,-81.755,-58.603,-37.662,-56.591
-25.22,-52.375,-27.034,38.87,-0.50845,-40.067,0.91586,-78.29,-81.236,-58.09,-38.703,-57.135
-24.67,-52.548,-27.557,38.931,1.248,-40.282,-0.30145,-77.772,-80.531,-57.446,-39.587,-57.547
-24.299,-52.841,-28.289,39.045,2.9309,-40.671,-1.4462,-77.127,-79.641,-56.686,-40.32,-57.83
-24.172,-53.074,-28.937,39.131,4.0357,-41.03,-2.4754,-76.372,-78.587,-55.847,-40.921,-58.008
-24.296,-53.071,-29.211,39.103,4.1994,-41.147,-3.3825,-75.527,-77.402,-54.966,-41.414,-58.114
-24.619,-52.728,-28.943,38.912,3.3485,-40.895,-4.2074,-74.607,-76.127,-54.064,-41.823,-58.178
-25.049,-52.059,-28.161,38.558,1.7121,-40.281,-5.0144,-73.608,-74.788,-53.138,-42.16,-58.224
-25.477,-51.19,-27.062,38.097,-0.28138,-39.442,-5.8515,-72.507,-73.387,-52.159,-42.421,-58.265
-25.794,-50.31,-25.932,37.619,-2.1302,-38.583,-6.7196,-71.27,-71.9,-51.084,-42.584,-58.291
-25.91,-49.6,-25.04,37.207,-3.3747,-37.896,-7.5735,-69.869,-70.283,-49.874,-42.615,-58.273
-25.758,-49.169,-24.563,36.909,-3.716,-37.497,-8.3537,-68.294,-68.496,-48.499,-42.482,-58.171
-25.321,-49.01,-24.524,36.71,-3.115,-37.381,-9.0217,-66.57,-66.513,-46.945,-42.169,-57.942
-24.642,-48.997,-24.778,36.544,-1.8208,-37.423,-9.5728,-64.742,-64.335,-45.21,-41.683,-57.561
-23.825,-48.93,-25.052,36.327,-0.29858,-37.414,-10.026,-62.86,-61.982,-43.302,-41.044,-57.022
-23.007,-48.609,-25.043,35.988,0.9284,-37.138,-10.399,-60.947,-59.483,-41.234,-40.273,-56.33
-22.317,-47.902,-24.544,35.488,1.4761,-36.456,-10.693,-58.993,-56.858,-39.02,-39.375,-55.49
-21.835,-46.778,-23.53,34.82,1.2416,-35.352,-10.879,-56.943,-54.098,-36.654,-38.338,-54.505
-21.576,-45.289,-22.152,33.992,0.39492,-33.921,-10.907,-54.72,-51.163,-34.105,-37.144,-53.38
-21.487,-43.524,-20.645,33.01,-0.74978,-32.309,-10.727,-52.236,-47.976,-31.32,-35.782,-52.135
-21.476,-41.54,-19.195,31.862,-1.8763,-30.621,-10.294,-49.42,-44.455,-28.243,-34.253,-50.802
-21.439,-39.329,-17.851,30.522,-2.7617,-28.86,-9.5632,-46.213,-40.527,-24.833,-32.553,-49.401
-21.29,-36.802,-16.488,28.961,-3.3271,-26.905,-8.4765,-42.564,-36.155,-21.073,-30.659,-47.92
-20.972,-33.777,-14.815,27.128,-3.6377,-24.508,-6.9379,-38.419,-31.334,-16.962,-28.515,-46.306
-20.435,-29.95,-12.434,24.909,-3.8487,-21.318,-4.8139,-33.72,-26.089,-12.514,-26.046,-44.479
-19.622,-24.909,-8.9507,22.085,-4.1214,-16.939,-1.9731,-28.439,-20.478,-7.7698,-23.184,-42.363
-18.476,-18.239,-4.1313,18.366,-4.5587,-11.054,1.6056,-22.599,-14.59,-2.8069,-19.914,-39.903
-16.955,-9.7533,1.9406,13.491,-5.1912,-3.6275,5.7227,-16.295,-8.5469,2.2621,-16.29,-37.069
-15.024,0.2417,8.8118,7.4101,-6.0059,4.9455,10.08,-9.6828,-2.4967,7.3096,-12.431,-33.858
-12.661,10.944,15.844,0.43192,-6.9843,13.931,14.591,-2.9556,3.4035,12.223,-8.4885,-30.286
-9.895,21.465,22.539,-6.8489,-8.1256,22.633,19.303,3.6754,9.0099,16.931,-4.5816,-26.398
-6.8423,31.286,28.746,-13.873,-9.4428,30.713,23.924,9.9944,14.214,21.403,-0.76898,-22.255
-3.669,40.379,34.639,-20.385,-10.938,38.238,27.753,15.792,18.946,25.63,2.9464,-17.911
-0.46638,49.072,40.539,-26.49,-12.566,45.53,30.296,20.879,23.157,29.595,6.5792,-13.394
2.878,57.835,46.697,-32.529,-14.195,52.955,31.924,25.102,26.812,33.251,10.125,-8.7074
6.6757,67.045,53.133,-38.884,-15.609,60.723,34.144,28.38,29.88,36.535,13.545,-3.8498
11.234,76.769,59.602,-45.747,-16.572,68.744,39.424,30.724,32.349,39.394,16.77,1.1524
16.56,86.681,65.705,-52.967,-16.949,76.649,49.027,32.218,34.229,41.794,19.718,6.2233
22.235,96.238,71.075,-60.115,-16.777,83.99,58.599,32.958,35.553,43.733,22.321,11.249
27.632,104.98,75.538,-66.748,-16.247,90.481,59.689,32.99,36.367,45.232,24.558,16.117
32.295,112.73,79.151,-72.637,-15.623,96.08,48.707,32.296,36.732,46.332,26.462,20.758
36.117,119.57,82.122,-77.818,-15.126,100.93,28.268,30.837,36.723,47.092,28.113,25.162
39.289,125.77,84.692,-82.513,-14.863,105.28,2.596,28.594,36.418,47.574,29.595,29.341
42.142,131.66,87.029,-87.008,-14.801,109.36,-24.389,25.587,35.881,47.827,30.955,33.294
44.982,137.43,89.181,-91.502,-14.801,113.26,-49.21,21.868,35.156,47.879,32.194,36.992
47.96,143.03,91.096,-95.994,-14.686,116.92,-69.552,17.504,34.261,47.735,33.289,40.396
51.012,148.15,92.67,-100.26,-14.309,120.14,-84.924,12.596,33.199,47.389,34.223,43.484
53.918,152.41,93.803,-103.99,-13.61,122.7,-95.974,7.29,31.959,46.834,35.003,46.243
56.435,155.55,94.417,-106.89,-12.628,124.44,-103.41,1.7774,30.525,46.07,35.649,48.641
58.39,157.5,94.479,-108.86,-11.48,125.33,-107.56,-3.7297,28.883,45.101,36.172,50.605
59.692,158.32,93.988,-109.93,-10.331,125.41,-108.71,-9.0346,27.026,43.934,36.56,52.063
60.333,158.09,92.94,-110.19,-9.3461,124.7,-107.54,-13.984,24.964,42.57,36.783,52.998
60.388,156.78,91.259,-109.7,-8.6233,123.16,-105.21,-18.475,22.719,41.008,36.814,53.487
59.98,154.12,88.782,-108.36,-8.1483,120.58,-102.72,-22.449,20.324,39.243,36.631,53.649
59.213,149.66,85.354,-105.95,-7.7896,116.67,-100.45,-25.872,17.812,37.273,36.221,53.567
58.124,143.18,80.946,-102.22,-7.3451,111.31,-98.365,-28.74,15.198,35.098,35.57,53.243
56.714,134.94,75.65,-97.221,-6.6171,104.67,-96.275,-31.08,12.474,32.707,34.654,52.602
55.006,125.5,69.565,-91.269,-5.4718,97.119,-94.024,-32.964,9.6099,30.078,33.438,51.53
53.045,115.38,62.719,-84.747,-3.8524,88.925,-91.525,-34.504,6.5632,27.184,31.87,49.911
50.841,104.87,55.098,-77.913,-1.7828,80.217,-88.756,-35.837,3.3028,24.002,29.898,47.649
48.34,94.052,46.719,-70.867,0.61113,71,-85.718,-37.101,-0.17506,20.531,27.492,44.691
45.422,82.896,37.698,-63.593,3.0938,61.242,-82.409,-38.41,-3.8448,16.796,24.668,41.022
41.939,71.343,28.282,-56.014,5.3657,50.98,-78.806,-39.846,-7.6642,12.836,21.48,36.677
37.782,59.436,18.834,-48.096,7.1592,40.402,-74.891,-41.441,-11.591,8.7022,17.997,31.73
32.97,47.386,9.7854,-39.925,8.339,29.823,-70.669,-43.185,-15.589,4.448,14.279,26.28
27.715,35.474,1.5333,-31.682,8.951,19.548,-66.184,-45.03,-19.623,0.13203,10.374,20.416
22.375,23.855,-5.6706,-23.537,9.191,9.7133,-61.508,-46.917,-23.651,-4.1807,6.3326,14.214
17.284,12.435,-11.741,-15.534,9.3156,0.2892,-56.73,-48.784,-27.606,-8.4161,2.2215,7.7525
12.584,1.0212,-16.713,-7.6028,9.5482,-8.6795,-51.948,-50.583,-31.399,-12.494,-1.8694,1.1538
8.1952,-10.281,-20.712,0.30117,10.016,-16.835,-47.28,-52.277,-34.933,-16.34,-5.8238,-5.3895
3.9486,-20.775,-23.932,7.9781,10.715,-23.665,-42.867,-53.845,-38.124,-19.903,-9.5118,-11.629
-0.21506,-29.543,-26.569,14.936,11.512,-28.948,-38.865,-55.274,-40.928,-23.156,-12.817,-17.326
-4.1593,-36.199,-28.73,20.692,12.204,-32.873,-35.401,-56.562,-43.357,-26.1,-15.667,-22.318
-7.6547,-41.009,-30.422,25.11,12.606,-35.756,-32.538,-57.718,-45.475,-28.754,-18.061,-26.562
-10.543,-44.435,-31.612,28.359,12.636,-37.835,-30.263,-58.761,-47.378,-31.141,-20.062,-30.115
-12.788,-46.829,-32.306,30.688,12.343,-39.257,-28.504,-59.72,-49.158,-33.277,-21.772,-33.094
-14.433,-48.436,-32.587,32.312,11.885,-40.151,-27.149,-60.621,-50.861,-35.162,-23.289,-35.625
-15.572,-49.466,-32.613,33.418,11.466,-40.664,-26.069,-61.469,-52.468,-36.781,-24.663,-37.81
-16.345,-50.136,-32.575,34.185,11.25,-40.973,-25.129,-62.244,-53.905,-38.109,-25.883,-39.72
-16.912,-50.663,-32.638,34.781,11.303,-41.246,-24.215,-62.9,-55.083,-39.128,-26.893,-41.396
-17.426,-51.215,-32.903,35.343,11.578,-41.613,-23.259,-63.39,-55.952,-39.853,-27.638,-42.867
-18.008,-51.891,-33.384,35.949,11.932,-42.137,-22.252,-63.689,-56.528,-40.336,-28.095,-44.148
-18.712,-52.691,-34.02,36.606,12.174,-42.805,-21.229,-63.803,-56.9,-40.666,-28.296,-45.248
-19.527,-53.527,-34.682,37.264,12.114,-43.526,-20.244,-63.781,-57.193,-40.939,-28.323,-46.182
-20.395,-54.263,-35.193,37.848,11.61,-44.165,-19.33,-63.7,-57.522,-41.227,-28.296,-46.986
-21.244,-54.772,-35.385,38.288,10.62,-44.579,-18.481,-63.665,-57.956,-41.556,-28.336,-47.732
-22.006,-54.982,-35.183,38.551,9.2532,-44.685,-17.662,-63.77,-58.497,-41.898,-28.527,-48.506
-22.622,-54.911,-34.66,38.65,7.7737,-44.505,-16.839,-64.065,-59.085,-42.185,-28.878,-49.369
-23.048,-54.665,-34.018,38.635,6.5348,-44.16,-15.999,-64.49,-59.611,-42.329,-29.322,-50.325
-23.262,-54.4,-33.515,38.582,5.8668,-43.829,-15.147,-64.865,-59.937,-42.253,-29.747,-51.314
-23.27,-54.278,-33.363,38.564,5.9679,-43.686,-14.258,-64.874,-59.9,-41.915,-30.042,-52.247
-23.11,-54.423,-33.662,38.642,6.8374,-43.852,-13.218,-64.085,-59.305,-41.31,-30.155,-53.058
-22.839,-54.886,-34.388,38.842,8.2634,-44.361,-11.767,-61.947,-57.894,-40.443,-30.1,-53.748
-22.524,-55.61,-35.389,39.144,9.8719,-45.141,-9.4229,-57.807,-55.288,-39.258,-29.918,-54.36
-22.21,-56.424,-36.418,39.465,11.241,-46.014,-5.4044,-51.277,-50.925,-37.5,-29.578,-54.91
-21.908,-57.082,-37.209,39.68,12.045,-46.744,0.65622,-44.105,-44.214,-34.56,-28.834,-55.291
-21.589,-57.333,-37.576,39.659,12.174,-47.107,5.3996,-43.624,-36.096,-29.326,-27.063,-55.215
-21.146,-56.974,-37.467,39.281,11.778,-46.94,5.7792,-54.727,-36.83,-20.461,-23.021,-54.212
-20.254,-55.869,-36.955,38.41,11.236,-46.178,6.3656,-65.682,-63.539,-12.363,-15.541,-51.692
-17.999,-53.907,-36.203,36.762,11.053,-44.857,10.359,-66.46,-72.034,-35.144,-25.001,-47.246
-13.826,-51.127,-35.455,34.026,11.663,-43.132,10.571,-54.002,-59.136,-35.503,-34.537,-48.867
-17.139,-55.216,-35.173,38.823,13.298,-43.171,-2.5732,-31.851,-36.709,-28.565,-31.571,-54.006
-19.852,-76.561,-39.033,48.487,16.291,-62.642,10.85,-7.0296,-6.7044,-21.567,-29.88,-54.448
-19.798,-86.687,-64.378,52.615,20.869,-78.108,38.782,50.694,35.589,-12.574,-28.967,-56.24
-19.098,-95.838,-80.013,56.332,26.171,-88.205,80.638,134.99,99.084,4.5212,-25.505,-58.412
-15.982,-101,-88.876,57.106,34.439,-95.095,133.56,224.84,196.54,41.059,-11.48,-57.654
-7.4116,-96.279,-93.138,50.713,45.444,-94.739,179.7,300.55,335.91,111.71,26.868,-47.336
10.804,-76.387,-91.607,32.387,53.432,-84.23,195.18,343.06,498.12,228.97,107.72,-16.471
43.548,-36.381,-83.017,-3.0379,60.202,-60.507,165.77,338.33,666.5,396.11,242.62,55.924
93.739,33.043,-62.785,-61.626,69.441,-16.072,85.977,279.5,837.3,612.22,422.09,199.45
155.1,139.1,-21.699,-143.69,77.849,59.529,-40.616,165.35,1001.2,875.33,639.14,380.47
219.02,269.96,50.976,-239.2,78.317,163.19,-205.91,-3.811,1140.4,1171.9,885.16,576.58
281.4,416.33,147.2,-342.87,66.441,281.76,-399.98,-229.47,1231.1,1479.5,1144.6,787.14
335.17,569.26,253.11,-446.27,40.09,409.79,-611.09,-515.98,1245.3,1766.7,1392.8,993.49
371.91,713.32,364.39,-537.61,-0.76184,536.15,-826.52,-867.92,1154.8,1992.8,1597.5,1172
384.21,831.73,470.92,-605.03,-52.543,647.04,-1033.3,-1282.3,938.41,2112.1,1723.9,1296.8
368.31,908.72,560.15,-638.59,-108.62,728.35,-1217.9,-1738.1,593.29,2086.8,1743.2,1344.6
325.78,931.73,618.85,-631.96,-161.84,767.55,-1366.6,-2191,144.99,1898.1,1640.5,1300.9
263.13,893.9,635.55,-583.91,-202.85,755.96,-1466.4,-2579.4,-351.29,1555.6,1420.5,1165.2
189.79,796.47,603.78,-499.26,-222.48,691.24,-1507.8,-2842,-823.14,1099,1108.4,952.8
115.93,650.13,525.22,-388.53,-215.75,579.57,-1488,-2938.9,-1201.9,590.55,745.59,692.41
50.383,474.45,411.46,-266.21,-184.19,436.35,-1412.7,-2863.9,-1441.9,101.91,381.12,419.42
-0.94471,291.26,277.87,-146.53,-138.19,280.15,-1294.5,-2640.5,-1543.1,-302.44,62.218,160.35
-34.69,134.92,161.34,-47.711,-89.187,146.17,-1149.5,-2324.6,-1486.6,-585.31,-181.75,-24.7
-52.641,18.407,66.518,20.44,-48.206,41.487,-992.73,-1967,-1332.9,-711.48,-311.86,-150.23
-59.913,-56.474,5.4181,62.249,-21.062,-25.915,-835.74,-1612.5,-1127.7,-717.56,-361.88,-227.41
-60.858,-89.854,-21.168,79.736,-9.987,-55.732,-685.82,-1290.6,-905.59,-637.11,-347.39,-249.24
-58.735,-91.598,-21.493,78.547,-14.158,-57.167,-547.24,-1015.6,-692.03,-511.18,-294.34,-231.58
-55.518,-73.825,-7.9241,66.091,-26.542,-42.256,-422.37,-788.97,-503.98,-376.4,-226.19,-194.68
-43.051,-48.796,8.81,50.422,-37.174,-21.404,-312.47,-605.99,-352,-258.39,-160.69,-153.9
-31.358,-27.702,22.337,38.049,-41.877,-3.3432,-219.83,-461.6,-240.62,-170.59,-108.91,-118.2
-30.091,-16.976,28.527,30.214,-40.596,5.3629,-147.37,-352.11,-165.56,-115.81,-75.074,-90.754
-29.981,-32.501,17.133,35.216,-34.892,-7.5523,-94.488,-272.94,-119.23,-89.125,-57.77,-68.494
-29.7,-47.569,-10.602,38.361,-22.176,-30.784,-58.426,-217.82,-88.559,-81.435,-53.538,-63.189
-29.043,-52.024,-20.433,39.783,-14.257,-37.462,-35.837,-180,-71.887,-81.962,-55.176,-59.541
-28.086,-53.941,-24.701,40.35,-8.2705,-40.204,-21.704,-153.56,-64.849,-85.026,-57.457,-56.292
-27.033,-54.548,-26.794,40.344,-3.6756,-41.29,-11.365,-134.16,-61.468,-88.975,-58.997,-53.177
-26.092,-54.376,-27.54,40.049,-0.48108,-41.376,-3.0974,-118.79,-59.087,-86.24,-55.78,-49.278
-25.399,-53.936,-27.697,39.74,1.5094,-41.048,3.6193,-105.29,-60.31,-73.929,-50.166,-44.792
-24.984,-53.684,-28.02,39.612,2.8173,-40.896,7.7966,-91.721,-54.999,-67.02,-46.638,-40.329
-24.782,-53.867,-28.838,39.737,4.031,-41.225,1.0388,-79.111,-48.006,-63.184,-44.574,-36.084
-24.68,-54.478,-30.082,40.068,5.4329,-42.009,1.1701,-72.083,-41.988,-60.808,-43.347,-31.992
-24.585,-55.343,-31.542,40.479,6.9724,-43.067,7.4633,-66.283,-37.214,-59.203,-42.61,-27.977
-24.466,-56.225,-33.008,40.829,8.4526,-44.177,14.47,-60.634,-33.441,-57.913,-42.122,-24.029
-24.353,-56.892,-34.249,41.016,9.5784,-45.112,20.753,-55.299,-30.301,-56.637,-41.727,-20.211
-24.325,-57.199,-35.012,41.012,10.005,-45.679,26.138,-50.364,-27.472,-55.212,-41.344,-16.62
-24.462,-57.119,-35.12,40.868,9.5096,-45.784,30.83,-45.842,-24.729,-53.574,-40.932,-13.319
-24.813,-56.756,-34.579,40.682,8.109,-45.474,35.007,-41.724,-21.974,-51.728,-40.466,-10.305
-25.349,-56.292,-33.598,40.554,6.0882,-44.919,38.731,-37.986,-19.207,-49.724,-39.929,-7.4985
-25.962,-55.919,-32.521,40.544,3.9526,-44.349,42.008,-34.581,-16.484,-47.626,-39.302,-4.7737
-26.487,-55.762,-31.694,40.652,2.2901,-43.965,44.844,-31.443,-13.865,-45.487,-38.574,-2.0033
-26.759,-55.844,-31.341,40.818,1.5642,-43.872,47.274,-28.508,-11.357,-43.333,-37.752,0.89761
-26.672,-56.073,-31.493,40.945,1.9437,-44.042,49.357,-25.734,-8.9172,-41.154,-36.862,3.9353
-26.227,-56.281,-31.987,40.94,3.2378,-44.325,51.16,-23.106,-6.4749,-38.907,-35.947,7.0309
-25.536,-56.29,-32.529,40.746,4.9567,-44.512,52.735,-20.617,-3.9542,-36.527,-35.051,10.053
-24.78,-55.982,-32.812,40.368,6.4866,-44.422,54.117,-18.245,-1.3022,-33.944,-34.194,12.877
-24.147,-55.353,-32.642,39.865,7.3158,-43.978,55.317,-15.955,1.4874,-31.116,-33.374,15.434
-23.771,-54.51,-32.016,39.334,7.2262,-43.241,56.326,-13.721,4.3613,-28.069,-32.576,17.727
-23.696,-53.637,-31.12,38.873,6.367,-42.388,57.118,-11.551,7.2197,-24.92,-31.795,19.819
-23.865,-52.923,-30.24,38.549,5.1597,-41.634,57.675,-9.4983,9.9641,-21.846,-31.051,21.81
-24.139,-52.486,-29.629,38.373,4.0845,-41.146,58.005,-7.6144,12.56,-19.013,-30.375,23.822
-24.337,-52.324,-29.407,38.287,3.4986,-40.969,58.148,-5.9068,15.073,-16.481,-29.791,25.983
-24.305,-52.301,-29.522,38.18,3.5513,-41.006,58.163,-4.3156,17.64,-14.17,-29.283,28.416
-23.96,-52.202,-29.772,37.931,4.1611,-41.053,58.109,-2.7316,20.407,-11.899,-28.796,31.217
-23.321,-51.827,-29.896,37.46,5.0536,-40.891,58.032,-1.0405,23.453,-9.4755,-28.255,34.429
-22.5,-51.08,-29.683,36.768,5.8758,-40.378,57.963,0.8356,26.762,-6.7851,-27.605,38.024
-21.66,-50.003,-29.059,35.931,6.338,-39.503,57.911,2.9188,30.238,-3.8287,-26.836,41.902
-20.953,-48.75,-28.107,35.072,6.3188,-38.39,57.863,5.1794,33.776,-0.70268,-25.983,45.927
-20.472,-47.533,-27.034,34.308,5.8998,-37.242,57.795,7.5514,37.318,2.463,-25.096,49.986
-20.23,-46.544,-26.085,33.722,5.3147,-36.273,57.684,9.9529,40.896,5.5712,-24.208,54.061
-20.164,-45.904,-25.452,33.342,4.8275,-35.637,57.514,12.312,44.641,8.5998,-23.301,58.246
-20.153,-45.616,-25.208,33.13,4.614,-35.369,57.28,14.599,48.715,11.606,-22.308,62.726
-20.07,-45.552,-25.27,32.982,4.7019,-35.364,56.992,16.843,53.288,14.697,-21.12,67.714
-19.821,-45.481,-25.427,32.761,4.9744,-35.406,56.668,19.137,58.523,17.989,-19.606,73.399
-19.386,-45.165,-25.421,32.352,5.2271,-35.254,56.324,21.604,64.559,21.561,-17.654,79.87
-18.823,-44.457,-25.062,31.712,5.2616,-34.744,55.966,24.349,71.502,25.421,-15.204,87.04
-18.24,-43.366,-24.317,30.887,4.979,-33.86,55.576,27.418,79.406,29.501,-12.278,94.648
-17.725,-42.029,-23.322,29.97,4.4351,-32.733,55.134,30.788,88.288,33.688,-8.9634,102.39
-17.286,-40.617,-22.333,29.02,3.8306,-31.573,54.625,34.405,98.163,37.893,-5.3462,110.09
-16.824,-39.233,-21.616,28.01,3.4275,-30.571,54.059,38.236,109.08,42.117,-1.4289,117.85
-16.163,-37.872,-21.343,26.827,3.4242,-29.822,53.461,42.312,121.11,46.501,2.9051,125.94
-15.102,-36.441,-21.505,25.328,3.8552,-29.29,52.86,46.738,134.28,51.316,7.8378,134.72
-13.496,-34.797,-21.895,23.401,4.5781,-28.816,52.278,51.654,148.45,56.909,13.511,144.38
-11.352,-32.79,-22.182,21.021,5.3577,-28.161,51.72,57.175,163.38,63.641,19.95,154.79
-8.875,-30.298,-22.042,18.276,5.9915,-27.081,51.159,63.342,178.71,71.808,27.074,165.49
-6.3997,-27.255,-21.271,15.326,6.4049,-25.405,50.541,70.103,194.23,81.526,34.787,175.98
-4.2045,-23.619,-19.827,12.298,6.6784,-23.053,49.805,77.339,209.84,92.651,43.024,185.96
-2.3395,-19.318,-17.778,9.1905,6.992,-19.994,48.915,84.948,225.61,104.84,51.748,195.53
-0.61078,-14.208,-15.213,5.8519,7.5137,-16.179,47.895,92.92,241.72,117.72,60.973,204.93
1.2912,-8.1164,-12.187,2.0491,8.3072,-11.54,46.827,101.36,258.39,131.09,70.849,214.42
3.633,-0.98182,-8.7496,-2.4011,9.2851,-6.0809,45.823,110.43,275.81,144.85,81.628,224.04
6.5308,7.02,-4.9841,-7.5129,10.195,0.038476,44.973,120.17,294.04,158.99,93.492,233.59
9.9107,15.528,-0.95861,-13.111,10.661,6.5626,44.288,130.41,313.06,173.48,106.4,242.8
13.541,24.21,3.3873,-18.946,10.296,13.323,43.675,140.77,332.76,188.34,120.08,251.45
17.143,32.939,8.2758,-24.848,8.8558,20.355,42.959,150.77,352.99,203.51,134.17,259.54
20.517,41.788,14.001,-30.79,6.3544,27.844,41.948,159.99,373.57,218.98,148.33,267.2
23.618,50.863,20.758,-36.821,3.0924,35.931,40.505,168.25,394.38,234.75,162.43,274.64
26.515,60.115,28.439,-42.939,-0.41595,44.495,38.623,175.59,415.3,250.9,176.47,282.07
29.311,69.301,36.517,-49.032,-3.5924,53.107,36.451,182.16,436.21,267.58,190.61,289.64
32.048,78.111,44.241,-54.915,-5.9715,61.249,34.24,188.14,456.98,284.87,204.97,297.4
34.678,86.339,51.05,-60.428,-7.3327,68.612,32.204,193.64,477.37,302.73,219.61,305.21
37.096,93.962,56.838,-65.499,-7.7503,75.196,30.383,198.62,497.09,320.94,234.4,312.8
39.21,101.11,61.901,-70.16,-7.5465,81.232,28.613,202.99,515.75,339.16,249.06,319.75
41.011,107.99,66.706,-74.527,-7.1667,87.036,26.613,206.66,532.94,356.97,263.19,325.71
42.609,114.81,71.608,-78.76,-7.0464,92.863,24.14,209.61,548.27,373.93,276.43,330.53
44.187,121.7,76.674,-83.013,-7.5075,98.803,21.125,211.88,561.53,389.68,288.61,334.33
45.915,128.66,81.708,-87.379,-8.6712,104.76,17.72,213.58,572.69,403.96,299.8,337.39
47.86,135.55,86.423,-91.837,-10.431,110.5,14.23,214.84,581.85,416.65,310.19,340.03
49.94,142.1,90.595,-96.246,-12.513,115.79,10.962,215.77,589.19,427.71,319.9,342.45
51.966,148.04,94.081,-100.37,-14.548,120.44,8.082,216.46,594.86,437.1,328.88,344.75
53.74,153.12,96.794,-103.99,-16.162,124.32,5.5725,216.92,599.03,444.79,336.94,346.88
55.154,157.25,98.739,-106.95,-17.09,127.43,3.2877,217.12,601.89,450.85,343.85,348.75
56.232,160.54,100.07,-109.3,-17.28,129.9,1.0671,217.01,603.61,455.4,349.56,350.29
57.06,163.28,101.11,-111.18,-16.96,131.98,-1.1634,216.54,604.36,458.62,354.14,351.48
57.72,165.77,102.22,-112.81,-16.56,133.98,-3.3575,215.69,604.24,460.68,357.76,352.33
58.257,168.23,103.73,-114.34,-16.537,136.1,-5.3958,214.48,603.27,461.74,360.62,352.86
58.687,170.72,105.74,-115.83,-17.174,138.39,-7.1752,212.93,601.43,461.89,362.88,353.1
59.018,173.15,108.13,-117.23,-18.477,140.73,-8.6747,211.06,598.58,461.17,364.63,353.07
59.26,175.33,110.61,-118.47,-20.19,142.92,-9.9664,208.84,594.55,459.52,365.88,352.74
59.434,177.08,112.83,-119.46,-21.935,144.71,-11.177,206.18,589.06,456.84,366.56,352.08
59.558,178.27,114.47,-120.15,-23.376,145.94,-12.426,202.93,581.82,452.93,366.56,350.97
59.637,178.92,115.37,-120.56,-24.312,146.56,-13.766,198.9,572.5,447.53,365.74,349.28
59.652,179.16,115.6,-120.73,-24.723,146.7,-15.162,193.95,560.85,440.38,363.95,346.8
59.551,179.12,115.4,-120.72,-24.79,146.53,-16.517,187.99,546.82,431.26,360.99,343.32
59.255,178.89,115.05,-120.49,-24.809,146.23,-17.724,181.05,530.57,420.15,356.59,338.6
58.687,178.39,114.75,-119.93,-25.031,145.83,-18.712,173.23,512.43,407.16,350.47,332.52
57.819,177.45,114.47,-118.92,-25.512,145.24,-19.485,164.64,492.73,392.52,342.53,325.07
56.695,175.91,114.02,-117.41,-26.076,144.3,-20.122,155.3,471.72,376.45,332.85,316.28
55.408,173.67,113.14,-115.41,-26.385,142.84,-20.737,145.07,449.54,359.07,321.6,306.18
54.066,170.59,111.53,-112.94,-26.096,140.64,-21.424,133.79,426.32,340.46,309.01,294.81
52.734,166.53,108.97,-110,-24.997,137.5,-22.202,121.42,402.21,320.7,295.26,282.33
51.395,161.32,105.36,-106.5,-23.085,133.27,-23.005,108.17,377.4,299.97,280.53,269.04
49.937,154.84,100.76,-102.36,-20.603,127.89,-23.717,94.557,352.1,278.53,265.02,255.36
48.209,147.14,95.433,-97.54,-17.983,121.49,-24.224,81.227,326.53,256.75,248.94,241.68
46.082,138.43,89.725,-92.073,-15.642,114.34,-24.475,68.71,300.84,234.97,232.51,228.24
43.497,129.1,83.995,-86.111,-13.776,106.82,-24.499,57.234,275.14,213.49,215.95,215.05
40.466,119.56,78.447,-79.853,-12.287,99.246,-24.39,46.739,249.51,192.4,199.38,202.04
37.049,110.06,73.061,-73.463,-10.877,91.77,-24.253,37.016,223.95,171.66,182.91,189.02
33.349,100.66,67.619,-66.996,-9.2453,84.341,-24.145,27.849,198.45,151.07,166.58,175.83
29.459,91.205,61.78,-60.375,-7.2777,76.762,-24.045,19.085,172.93,130.36,150.43,162.37
25.403,81.424,55.172,-53.436,-5.0895,68.743,-23.874,10.653,147.33,109.45,134.47,148.62
21.12,71.059,47.501,-46.038,-2.9287,59.981,-23.544,2.5508,121.92,88.808,118.76,134.69
16.57,60.031,38.802,-38.221,-1.1065,50.336,-23.017,-5.1682,97.54,69.505,103.54,120.8
11.855,48.618,29.69,-30.271,0.067614,40.102,-22.33,-12.447,75.467,52.585,89.205,107.38
7.2231,37.425,21.096,-22.613,0.41487,30.014,-21.598,-19.274,56.613,38.285,76.17,94.996
2.9283,27.03,13.647,-15.577,-0.013658,20.773,-20.969,-25.693,41.003,26.097,64.615,84.03
-0.89153,17.592,7.4098,-9.2236,-0.94714,12.588,-20.566,-31.766,27.99,15.307,54.425,74.497
-4.2197,8.8298,2.1089,-3.3716,-1.9783,5.2156,-20.435,-37.506,16.789,5.4087,45.313,66.176
-7.0976,0.33848,-2.5618,2.2234,-2.6734,-1.6783,-20.522,-42.847,6.8296,-3.7876,37.007,58.833
-9.5781,-8.0461,-6.7807,7.6865,-2.6926,-8.1988,-20.7,-47.671,-2.1694,-12.237,29.332,52.308
-11.704,-16.086,-10.603,12.938,-1.8894,-14.173,-20.83,-51.882,-10.278,-19.821,22.222,46.482
-13.489,-23.305,-14.022,17.738,-0.34588,-19.352,-20.821,-55.467,-17.486,-26.474,15.68,41.239
-14.908,-29.323,-17.013,21.829,1.672,-23.611,-20.667,-58.509,-23.816,-32.228,9.7193,36.439
-15.945,-34.049,-19.547,25.084,3.8104,-26.985,-20.434,-61.151,-29.358,-37.176,4.3307,31.922
-16.644,-37.615,-21.606,27.533,5.7349,-29.586,-20.226,-63.538,-34.251,-41.418,-0.50743,27.524
-17.102,-40.24,-23.212,29.3,7.2128,-31.558,-20.132,-65.771,-38.629,-45.036,-4.8073,23.102
-17.421,-42.148,-24.433,30.539,8.1513,-33.049,-20.179,-67.884,-42.577,-48.089,-8.5749,18.564
-17.68,-43.544,-25.37,31.399,8.59,-34.205,-20.329,-69.861,-46.128,-50.64,-11.829,13.899
-17.929,-44.602,-26.123,32.015,8.6578,-35.145,-20.503,-71.665,-49.276,-52.762,-14.608,9.1954
-18.195,-45.466,-26.775,32.504,8.5155,-35.962,-20.627,-73.258,-51.998,-54.544,-16.961,4.606
-18.492,-46.242,-27.385,32.957,8.3181,-36.715,-20.669,-74.621,-54.275,-56.073,-18.933,0.28916
-18.822,-46.99,-27.98,33.425,8.1963,-37.431,-20.648,-75.751,-56.104,-57.414,-20.561,-3.6484
-19.165,-47.713,-28.542,33.914,8.2274,-38.096,-20.612,-76.665,-57.517,-58.602,-21.885,-7.1723
-19.482,-48.353,-29.011,34.38,8.4095,-38.653,-20.606,-77.4,-58.584,-59.652,-22.951,-10.309
-19.729,-48.82,-29.31,34.752,8.6686,-39.028,-20.65,-78.008,-59.415,-60.565,-23.815,-13.124
-19.881,-49.026,-29.375,34.962,8.8932,-39.158,-20.736,-78.544,-60.14,-61.352,-24.537,-15.687
-19.943,-48.927,-29.184,34.978,8.9696,-39.02,-20.831,-79.053,-60.878,-62.035,-25.175,-18.06
-19.956,-48.555,-28.761,34.818,8.806,-38.646,-20.901,-79.562,-61.713,-62.648,-25.782,-20.274
-19.977,-48.015,-28.179,34.551,8.3547,-38.129,-20.922,-80.078,-62.684,-63.229,-26.394,-22.339
-20.073,-47.466,-27.543,34.28,7.6307,-37.598,-20.896,-80.6,-63.785,-63.808,-27.036,-24.254
-20.287,-47.081,-26.97,34.117,6.7146,-37.191,-20.85,-81.126,-64.98,-64.401,-27.719,-26.025
-20.615,-46.992,-26.556,34.14,5.7341,-37.011,-20.827,-81.651,-66.22,-64.997,-28.45,-27.671
-21.003,-47.23,-26.333,34.362,4.8274,-37.082,-20.865,-82.164,-67.448,-65.566,-29.224,-29.208
-21.357,-47.696,-26.242,34.717,4.0991,-37.326,-20.983,-82.64,-68.601,-66.067,-30.02,-30.634
-21.586,-48.202,-26.155,35.086,3.589,-37.582,-21.169,-83.044,-69.618,-66.471,-30.805,-31.903
-21.634,-48.557,-25.938,35.359,3.272,-37.69,-21.387,-83.339,-70.444,-66.772,-31.541,-32.945
-21.511,-48.654,-25.528,35.48,3.0902,-37.561,-21.592,-83.495,-71.045,-66.989,-32.2,-33.69
-21.295,-48.514,-24.974,35.474,2.9936,-37.226,-21.757,-83.505,-71.426,-67.156,-32.776,-34.108
-21.115,-48.263,-24.42,35.424,2.9551,-36.817,-21.873,-83.38,-71.625,-67.302,-33.276,-34.229
-21.109,-48.074,-24.042,35.439,2.9473,-36.507,-21.948,-83.143,-71.702,-67.442,-33.717,-34.136
-21.375,-48.092,-23.956,35.603,2.904,-36.433,-21.989,-82.815,-71.72,-67.565,-34.114,-33.935
-21.943,-48.363,-24.157,35.94,2.7108,-36.63,-21.986,-82.405,-71.729,-67.648,-34.482,-33.722
-22.768,-48.821,-24.513,36.405,2.2447,-37.013,-21.921,-81.906,-71.75,-67.664,-34.835,-33.557
-23.736,-49.311,-24.812,36.902,1.4383,-37.41,-21.776,-81.301,-71.78,-67.6,-35.185,-33.454
-24.696,-49.655,-24.859,37.313,0.32942,-37.632,-21.556,-80.576,-71.787,-67.462,-35.54,-33.407
-25.491,-49.714,-24.556,37.543,-0.92672,-37.55,-21.286,-79.73,-71.73,-67.269,-35.893,-33.398
-25.998,-49.439,-23.944,37.544,-2.081,-37.143,-21.002,-78.774,-71.567,-67.042,-36.224,-33.405
-26.155,-48.882,-23.182,37.324,-2.855,-36.498,-20.731,-77.73,-71.267,-66.787,-36.5,-33.399
-25.97,-48.154,-22.483,36.929,-3.0468,-35.768,-20.474,-76.612,-70.814,-66.49,-36.682,-33.336
-25.513,-47.367,-22,36.416,-2.6404,-35.089,-20.192,-75.401,-70.196,-66.104,-36.724,-33.157
-24.897,-46.587,-21.746,35.835,-1.8446,-34.509,-19.815,-74.034,-69.391,-65.562,-36.581,-32.796
-24.256,-45.799,-21.555,35.223,-1.0206,-33.956,-19.246,-72.415,-68.365,-64.788,-36.219,-32.197
-23.702,-44.897,-21.136,34.583,-0.53054,-33.239,-18.383,-70.43,-67.068,-63.725,-35.626,-31.335
-23.287,-43.687,-20.163,33.869,-0.58798,-32.097,-17.115,-67.982,-65.452,-62.356,-34.815,-30.242
-22.968,-41.922,-18.379,32.98,-1.1751,-30.262,-15.31,-65.009,-63.482,-60.707,-33.827,-29.008
-22.626,-39.356,-15.643,31.775,-2.0602,-27.525,-12.786,-61.504,-61.158,-58.834,-32.707,-27.754
-22.121,-35.79,-11.966,30.109,-2.9122,-23.778,-9.2892,-57.509,-58.516,-56.804,-31.494,-26.587
-21.364,-31.143,-7.5489,27.872,-3.458,-19.073,-4.6362,-53.099,-55.624,-54.666,-30.193,-25.541
-20.365,-25.517,-2.7799,25.039,-3.6111,-13.658,0.8035,-48.344,-52.548,-52.43,-28.77,-24.558
-19.23,-19.223,1.9274,21.692,-3.5306,-7.9375,5.8298,-43.275,-49.32,-50.059,-27.16,-23.519
-18.112,-12.704,6.3698,18.017,-3.5872,-2.2949,9.7562,-37.885,-45.925,-47.482,-25.284,-22.292
-17.14,-6.3254,10.624,14.221,-4.2091,3.0818,13.565,-32.165,-42.302,-44.622,-23.088,-20.779
-16.349,-0.17663,14.939,10.41,-5.6752,8.2593,18.733,-26.159,-38.389,-41.425,-20.572,-18.955
-15.644,5.9895,19.609,6.4896,-7.9758,13.523,26.03,-20.012,-34.163,-37.886,-17.807,-16.897
-14.823,12.679,24.91,2.1811,-10.806,19.309,35.402,-13.964,-29.681,-34.049,-14.919,-14.769
-13.643,20.45,31.019,-2.8566,-13.684,26.071,46.275,-8.2973,-25.067,-29.982,-12.034,-12.769
-11.912,29.598,37.867,-8.8271,-16.112,34.028,57.689,-3.261,-20.477,-25.762,-9.2266,-11.032
-9.5665,39.877,45.014,-15.63,-17.713,42.887,68.69,0.97711,-16.048,-21.448,-6.4794,-9.5582
-6.7043,50.528,51.765,-22.852,-18.316,51.865,79.338,4.3475,-11.869,-17.087,-3.7087,-8.2123
-3.5189,60.695,57.554,-29.962,-17.969,60.151,90.645,6.8547,-7.9815,-12.727,-0.82732,-6.8171
-0.16774,69.863,62.269,-36.561,-16.913,67.343,102.58,8.5327,-4.4087,-8.4397,2.1843,-5.2594
3.337,77.978,66.215,-42.53,-15.536,73.52,112.19,9.4141,-1.1815,-4.3267,5.2504,-3.5405
7.1094,85.324,69.821,-48.014,-14.284,79.042,115,9.5295,1.656,-0.4943,8.2349,-1.7382
11.256,92.302,73.392,-53.287,-13.55,84.301,108.66,8.9194,4.0644,2.9883,11.008,0.075508
15.751,99.222,77.009,-58.584,-13.579,89.52,93.72,7.6408,6.0301,6.112,13.495,1.8871
20.431,106.15,80.544,-63.991,-14.429,94.66,72.116,5.7718,7.5735,8.9147,15.689,3.7302
25.071,112.87,83.777,-69.398,-15.922,99.463,46.273,3.4173,8.7406,11.444,17.632,5.6391
29.453,119.01,86.498,-74.556,-17.586,103.62,18.837,0.69697,9.5813,13.72,19.374,7.611
33.401,124.24,88.5,-79.196,-18.821,106.9,-7.7603,-2.2859,10.129,15.726,20.958,9.5984
36.813,128.43,89.567,-83.144,-19.122,109.24,-31.755,-5.472,10.397,17.429,22.396,11.528
39.685,131.57,89.503,-86.352,-18.196,110.61,-52.13,-8.8446,10.388,18.82,23.674,13.329
42.083,133.59,88.138,-88.789,-16.036,110.94,-68.377,-12.397,10.115,19.933,24.76,14.949
44.058,133.94,85.286,-90.226,-12.956,109.82,-80.086,-16.088,9.6101,20.846,25.629,16.36
45.598,131.61,80.864,-90.137,-9.4888,106.58,-86.469,-19.818,8.9249,21.636,26.29,17.561
46.659,126.17,75.183,-88.148,-6.2076,101.09,-86.59,-23.43,8.1155,22.342,26.791,18.581
47.25,118.65,68.87,-84.681,-3.5307,94.143,-81.776,-26.731,7.2338,22.948,27.188,19.475
47.44,110.57,62.395,-80.658,-1.6105,86.773,-76.489,-29.534,6.3207,23.385,27.509,20.293
47.276,102.69,55.816,-76.634,-0.32144,79.455,-73.473,-31.695,5.393,23.572,27.718,21.033
46.721,94.907,48.872,-72.511,0.69008,72.094,-72.121,-33.158,4.4198,23.448,27.707,21.605
45.701,86.64,41.161,-67.833,1.8813,64.264,-71.098,-33.984,3.3013,22.983,27.324,21.841
44.166,77.311,32.315,-62.18,3.5744,55.463,-69.625,-34.345,1.8811,22.176,26.419,21.546
42.096,66.626,22.235,-55.428,5.7704,45.363,-67.408,-34.486,0.0030823,21.043,24.891,20.556
39.515,54.731,11.499,-47.823,8.2341,34.112,-64.385,-34.657,-2.4174,19.597,22.72,18.797
36.486,42.251,1.5124,-39.849,10.685,22.533,-60.614,-35.05,-5.357,17.845,19.977,16.294
33.046,30.044,-6.4542,-31.954,12.86,11.767,-56.268,-35.777,-8.706,15.781,16.803,13.16
29.151,18.683,-12.162,-24.3,14.534,2.5126,-51.634,-36.876,-12.324,13.399,13.362,9.5621
24.747,8.1252,-16.131,-16.752,15.586,-5.3025,-47.04,-38.336,-16.085,10.713,9.7928,5.6877
19.898,-2.0464,-19.05,-9.0801,16.037,-12.159,-42.742,-40.099,-19.882,7.7877,6.1874,1.718
14.824,-12.035,-21.463,-1.251,16.034,-18.388,-38.839,-42.055,-23.623,4.7468,2.5915,-2.1937
9.7847,-21.427,-23.704,6.3971,15.78,-23.956,-35.302,-44.054,-27.213,1.7505,-0.97437,-5.9444
4.9555,-29.498,-25.932,13.299,15.462,-28.692,-32.064,-45.939,-30.573,-1.0617,-4.4964,-9.4947
0.44396,-35.881,-28.178,19.034,15.196,-32.586,-29.096,-47.598,-33.658,-3.6265,-7.9537,-12.861
-3.6409,-40.71,-30.366,23.512,14.979,-35.758,-26.428,-48.997,-36.471,-5.982,-11.314,-16.088
-7.189,-44.293,-32.318,26.877,14.712,-38.292,-24.104,-50.182,-39.06,-8.2461,-14.541,-19.216
-10.167,-46.894,-33.816,29.368,14.272,-40.202,-22.146,-51.256,-41.498,-10.555,-17.609,-22.258
-12.667,-48.745,-34.713,31.259,13.584,-41.503,-20.554,-52.338,-43.852,-12.994,-20.503,-25.196
-14.847,-50.08,-35.001,32.804,12.674,-42.283,-19.3,-53.514,-46.164,-15.552,-23.211,-27.978
-16.787,-51.111,-34.835,34.169,11.71,-42.706,-18.335,-54.815,-48.432,-18.128,-25.71,-30.535
-18.407,-51.994,-34.492,35.398,10.977,-42.97,-17.579,-56.202,-50.613,-20.574,-27.962,-32.798
-19.579,-52.844,-34.273,36.489,10.781,-43.26,-16.946,-57.585,-52.629,-22.755,-29.93,-34.727
-20.291,-53.747,-34.383,37.463,11.29,-43.696,-16.361,-58.848,-54.384,-24.601,-31.592,-36.323
-20.647,-54.723,-34.843,38.352,12.443,-44.301,-15.782,-59.878,-55.797,-26.108,-32.946,-37.618
-20.803,-55.715,-35.5,39.165,13.941,-44.996,-15.209,-60.608,-56.828,-27.33,-34.003,-38.658
-20.919,-56.606,-36.123,39.869,15.321,-45.648,-14.674,-61.039,-57.5,-28.344,-34.783,-39.477
-21.144,-57.272,-36.506,40.42,16.087,-46.124,-14.226,-61.249,-57.894,-29.212,-35.322,-40.096
-21.594,-57.621,-36.513,40.785,15.869,-46.332,-13.906,-61.365,-58.12,-29.955,-35.67,-40.538
-22.329,-57.632,-36.086,40.967,14.511,-46.24,-13.724,-61.516,-58.273,-30.537,-35.887,-40.825
-23.347,-57.356,-35.256,41.007,12.089,-45.878,-13.655,-61.779,-58.401,-30.885,-36.028,-40.985
-24.578,-56.906,-34.15,40.973,8.9131,-45.339,-13.662,-62.133,-58.483,-30.927,-36.117,-41.028
-25.892,-56.423,-32.98,40.929,5.4903,-44.756,-13.696,-62.434,-58.426,-30.631,-36.143,-40.95
-27.113,-56.033,-31.998,40.911,2.4355,-44.278,-13.686,-62.398,-58.07,-30.022,-36.069,-40.745
-28.044,-55.833,-31.438,40.924,0.29951,-44.038,-13.503,-61.598,-57.2,-29.17,-35.869,-40.437
-28.508,-55.882,-31.456,40.946,-0.60179,-44.128,-12.922,-59.447,-55.527,-28.152,-35.557,-40.104
-28.384,-56.174,-32.069,40.942,-0.24087,-44.558,-11.57,-55.208,-52.665,-26.975,-35.185,-39.872
-27.633,-56.617,-33.139,40.863,1.1841,-45.233,-8.838,-48.414,-48.072,-25.443,-34.775,-39.82
-26.286,-57.007,-34.401,40.622,3.3911,-45.938,-3.9965,-41.232,-41.171,-22.988,-34.2,-39.861
-24.385,-57.065,-35.55,40.092,6.207,-46.398,1.4853,-43.288,-32.692,-18.536,-33.057,-39.659
-21.862,-56.517,-36.336,39.125,9.6204,-46.359,3.05,-59.512,-31.772,-10.614,-30.522,-38.642
-18.312,-55.154,-36.616,37.52,13.465,-45.656,3.1185,-72.864,-59.052,0.3101,-25.102,-35.94
-12.883,-52.767,-36.399,34.812,17.377,-44.266,5.57,-74.929,-71.69,-12.966,-20.48,-30.048
-8.262,-49.112,-35.958,30.351,21.245,-42.297,3.2068,-64.882,-59.315,-34.164,-36.486,-23.154
-14.043,-49.859,-35.958,34.074,25.076,-41.118,-4.6727,-43.109,-36.8,-26.956,-33.735,-34.913
-16.298,-72.542,-39.084,45.881,28.856,-56.814,10.027,-13.174,-6.3226,-19.251,-31.599,-35.462
-16.165,-83.587,-59.477,50.171,32.88,-75.458,36.222,46.475,37.528,-10.714,-31.308,-37.361
-15.063,-92.827,-78,53.896,37.653,-85.882,77.549,132.08,98.695,3.7626,-30.448,-40.305
-11.083,-98.64,-87.794,54.587,43.895,-93.711,131.1,222.44,181.38,34.421,-22.336,-40.223
-0.7836,-95.215,-93.976,47.883,52.745,-95.253,173.95,298.41,294.22,94.204,4.5461,-29.522
19.641,-76.415,-94.081,29.261,63.968,-86.311,183.13,343.26,436.24,195.05,65.8,3.3616
52.914,-36.936,-86.134,-5.9575,76.189,-63.257,149.69,342.66,597.41,345.72,176.26,75.282
99.502,30.925,-67.171,-63.008,86.905,-20.003,67.25,288.07,770.57,547.37,335.52,200.1
156.33,133.25,-29.971,-142.31,92.889,52.602,-66.314,177.62,945.37,798.56,538.24,364.3
219.24,261.14,34.779,-236.64,91.712,153.18,-246.37,12.403,1107.1,1089.9,778.9,555.42
282.93,405.65,122.76,-340.32,82.094,269.32,-462.1,-207.99,1236.1,1401.3,1041.4,767.01
340.08,557.34,220.24,-444.47,62.505,394.65,-699.58,-487.33,1305.9,1702.8,1301.9,981.77
382.73,700.69,322.59,-537.5,32.438,518.19,-943.83,-830.57,1284.2,1955.5,1529.8,1177.5
403.66,818.73,420.84,-607.52,-6.2366,626.24,-1179.6,-1236.8,1141,2116.5,1692.1,1328.8
398.14,895.7,503.27,-644.31,-49.373,705.02,-1391.3,-1688.5,862.34,2146,1758.9,1410.3
365.72,919.08,557.39,-641.19,-90.86,742.24,-1563.2,-2144.7,462.06,2018.5,1709.9,1403.1
310.92,881.97,572.01,-596.5,-122.95,729.36,-1680.3,-2544.7,-15.053,1733,1540.5,1301.1
242.15,785.55,540.75,-514.62,-138.5,664.29,-1731.2,-2825.1,-502.63,1317.1,1266.8,1113.4
169.28,640.67,465.42,-405.67,-134.15,553.57,-1710.9,-2942,-930.42,825.02,924.13,864.23
101.19,466.95,356.18,-283.98,-111.78,412.64,-1622.8,-2884.9,-1242.8,326.2,560.52,588.37
44.086,285.32,232.23,-164.58,-78.152,257.76,-1478.6,-2677.7,-1410.7,-109.96,225.5,323.7
0.86975,130.53,122.93,-62.337,-42.596,128.08,-1296.8,-2368.3,-1433.5,-431.84,-42.04,99.148
-28.136,13.304,37.644,9.6816,-13.361,25.99,-1097.8,-2010.5,-1335.5,-615.66,-220.35,-56.476
-44.574,-61.869,-13.848,55.439,4.3469,-37.551,-899.82,-1650.3,-1154.7,-667.71,-308.6,-150.57
-51.524,-94.161,-32.062,76.384,8.7151,-62.679,-716.65,-1318.5,-933,-619.47,-322.83,-189.44
-52.312,-93.637,-25.753,77.552,2.1395,-59.476,-556.08,-1031.3,-707.76,-511.83,-287.05,-186.61
-50.118,-73.87,-8.4589,66.341,-8.9089,-41.28,-420.65,-794.18,-505.7,-384.46,-226.89,-159.55
-45.408,-48.168,9.0134,51.038,-18.414,-19.365,-309.06,-604.49,-341.68,-266.9,-163.11,-122.96
-27.964,-27.405,20.992,38.533,-22.744,-2.4423,-218.8,-456.77,-221.26,-175.81,-108.97,-87.238
-24.279,-17.541,23.005,29.759,-13.485,3.9203,-148.52,-346.18,-143.43,-116.3,-70.91,-59.276
-25.293,-35.802,-8.7064,33.131,-6.1066,-20.309,-97.301,-267.51,-102.41,-85.986,-50.335,-36.475
-25.807,-49.383,-23.804,37.397,-2.5429,-36.793,-62.203,-213.91,-80.593,-78.751,-48.878,-39.159
-25.875,-53.396,-28.164,39.217,0.54324,-41.097,-38.685,-177.63,-68.655,-81.572,-52.865,-40.836
-25.595,-55.076,-30.444,39.954,3.1133,-42.947,-23.73,-151.82,-63.281,-85.358,-55.567,-40.61
-25.093,-55.448,-31.462,39.974,4.9454,-43.506,-12.795,-132.13,-60.301,-88.388,-54.072,-39.19
-24.533,-55.058,-31.592,39.607,6.0236,-43.291,-3.7591,-116.13,-58.57,-80.699,-48.744,-37.152
-24.069,-54.46,-31.351,39.191,6.5827,-42.822,2.9646,-101.92,-57.405,-67.684,-44.097,-34.985
-23.794,-54.12,-31.275,38.977,6.9821,-42.58,5.8071,-87.424,-49.888,-60.682,-41.015,-33.05
-23.724,-54.277,-31.675,39.075,7.5462,-42.817,-2.317,-75.756,-42.462,-56.481,-38.989,-31.583
-23.797,-54.916,-32.565,39.452,8.4396,-43.516,-2.318,-69.022,-36.602,-53.738,-37.722,-30.699
-23.909,-55.847,-33.775,39.982,9.6453,-44.493,2.779,-63.045,-32.186,-51.832,-36.967,-30.37
-23.955,-56.821,-35.051,40.509,11.029,-45.509,8.774,-57.385,-28.749,-50.283,-36.472,-30.471
-23.871,-57.613,-36.135,40.901,12.394,-46.35,14.482,-52.123,-25.815,-48.733,-36.03,-30.847
-23.662,-58.083,-36.84,41.09,13.516,-46.876,19.518,-47.246,-23.052,-46.961,-35.512,-31.373
-23.397,-58.205,-37.105,41.085,14.196,-47.062,23.895,-42.718,-20.277,-44.857,-34.864,-31.982
-23.189,-58.066,-36.998,40.961,14.313,-46.985,27.729,-38.527,-17.43,-42.427,-34.094,-32.664
-23.149,-57.825,-36.67,40.829,13.85,-46.79,31.122,-34.682,-14.53,-39.772,-33.243,-33.43
-23.352,-57.654,-36.29,40.795,12.892,-46.628,34.117,-31.19,-11.639,-37.046,-32.351,-34.285
-23.811,-57.673,-35.992,40.922,11.608,-46.605,36.736,-28.044,-8.8304,-34.404,-31.434,-35.206
-24.467,-57.906,-35.848,41.207,10.227,-46.752,38.985,-25.228,-6.1647,-31.963,-30.472,-36.137
-25.197,-58.28,-35.867,41.576,8.9831,-47.02,40.872,-22.722,-3.674,-29.758,-29.421,-37.004
-25.839,-58.649,-35.994,41.91,8.0678,-47.301,42.419,-20.496,-1.3542,-27.736,-28.227,-37.743
-26.247,-58.853,-36.134,42.09,7.5854,-47.468,43.674,-18.522,0.8359,-25.789,-26.862,-38.319
-26.342,-58.779,-36.174,42.05,7.5444,-47.417,44.719,-16.738,2.9469,-23.785,-25.341,-38.745
-26.13,-58.399,-36.032,41.793,7.8781,-47.102,45.657,-15.074,5.0265,-21.616,-23.736,-39.073
-25.689,-57.775,-35.695,41.388,8.485,-46.556,46.582,-13.471,7.1039,-19.23,-22.166,-39.371
-25.126,-57.036,-35.226,40.929,9.2586,-45.877,47.553,-11.903,9.1738,-16.658,-20.756,-39.69
-24.546,-56.333,-34.737,40.506,10.092,-45.209,48.554,-10.393,11.214,-14.008,-19.593,-40.046
-24.028,-55.803,-34.351,40.181,10.878,-44.693,49.511,-8.9896,13.203,-11.422,-18.686,-40.411
-23.611,-55.519,-34.165,39.967,11.51,-44.432,50.334,-7.7328,15.126,-9.0149,-17.973,-40.733
-23.303,-55.459,-34.19,39.833,11.87,-44.428,50.961,-6.605,17.009,-6.8095,-17.352,-40.953
-23.079,-55.502,-34.301,39.704,11.818,-44.564,51.39,-5.5388,18.92,-4.7196,-16.72,-41.028
-22.901,-55.461,-34.279,39.495,11.253,-44.634,51.687,-4.4174,20.958,-2.5787,-15.998,-40.929
-22.727,-55.166,-33.93,39.135,10.196,-44.444,51.95,-3.1128,23.212,-0.20741,-15.141,-40.651
-22.529,-54.533,-33.193,38.603,8.8212,-43.901,52.269,-1.5313,25.754,2.5152,-14.138,-40.208
-22.29,-53.606,-32.175,37.939,7.4244,-43.051,52.685,0.35393,28.61,5.6064,-13.009,-39.633
-22.003,-52.534,-31.128,37.225,6.3591,-42.066,53.171,2.4973,31.77,8.9787,-11.797,-38.977
-21.655,-51.514,-30.344,36.553,5.9597,-41.165,53.65,4.8067,35.2,12.486,-10.547,-38.296
-21.227,-50.713,-30.039,35.989,6.4357,-40.534,54.036,7.1884,38.87,15.998,-9.2865,-37.639
-20.701,-50.212,-30.263,35.551,7.7673,-40.253,54.273,9.5928,42.792,19.471,-8.0078,-37.033
-20.075,-49.966,-30.875,35.206,9.6669,-40.262,54.353,12.04,47.039,22.97,-6.674,-36.476
-19.38,-49.808,-31.558,34.877,11.647,-40.357,54.314,14.616,51.759,26.636,-5.2248,-35.943
-18.674,-49.503,-31.92,34.471,13.176,-40.265,54.215,17.431,57.166,30.62,-3.58,-35.388
-18.025,-48.85,-31.655,33.911,13.865,-39.755,54.109,20.571,63.51,35.017,-1.6379,-34.748
-17.476,-47.769,-30.681,33.171,13.596,-38.749,54.022,24.062,71.027,39.848,0.72069,-33.95
-17.038,-46.334,-29.167,32.283,12.543,-37.351,53.949,27.87,79.895,45.081,3.615,-32.925
-16.694,-44.729,-27.438,31.323,11.091,-35.791,53.866,31.937,90.194,50.673,7.1427,-31.616
-16.414,-43.165,-25.826,30.387,9.6622,-34.314,53.746,36.228,101.89,56.618,11.363,-29.978
-16.17,-41.802,-24.555,29.547,8.5774,-33.087,53.59,40.769,114.84,62.991,16.293,-27.965
-15.944,-40.689,-23.686,28.828,7.9538,-32.153,53.434,45.643,128.79,69.957,21.908,-25.518
-15.736,-39.742,-23.098,28.186,7.6726,-31.41,53.336,50.965,143.41,77.74,28.172,-22.555
-15.556,-38.759,-22.523,27.516,7.4419,-30.636,53.336,56.834,158.38,86.575,35.076,-18.976
-15.406,-37.453,-21.621,26.676,6.9359,-29.544,53.425,63.301,173.47,96.634,42.681,-14.702
-15.263,-35.519,-20.089,25.512,5.9282,-27.849,53.538,70.355,188.66,107.96,51.11,-9.7101
-15.079,-32.698,-17.754,23.887,4.3801,-25.338,53.591,77.96,204.03,120.43,60.457,-4.0763
-14.793,-28.826,-14.615,21.699,2.4768,-21.916,53.515,86.091,219.78,133.75,70.681,2.034
-14.331,-23.827,-10.808,18.875,0.57106,-17.592,53.297,94.767,236.14,147.59,81.601,8.4285
-13.609,-17.71,-6.574,15.353,-0.96394,-12.462,52.972,104.02,253.27,161.8,93.027,14.98
-12.531,-10.633,-2.2172,11.118,-1.8863,-6.7387,52.602,113.82,271.32,176.4,104.89,21.69
-10.985,-2.9181,1.975,6.2327,-2.171,-0.72686,52.242,124.05,290.3,191.55,117.26,28.684
-8.8428,5.1369,5.8997,0.80019,-2.0112,5.3547,51.905,134.46,310.18,207.34,130.21,36.15
-5.976,13.449,9.7473,-5.1012,-1.7437,11.548,51.561,144.7,330.86,223.73,143.74,44.293
-2.3306,22.139,13.948,-11.427,-1.723,18.125,51.142,154.43,352.14,240.57,157.73,53.322
1.9851,31.351,18.994,-18.114,-2.187,25.401,50.569,163.37,373.77,257.67,171.98,63.402
6.6837,41.068,25.201,-25.026,-3.1674,33.51,49.773,171.4,395.46,274.93,186.29,74.501
11.415,51.048,32.465,-31.959,-4.4887,42.227,48.711,178.53,416.96,292.33,200.52,86.284
15.935,60.89,40.17,-38.698,-5.8421,51.003,47.369,184.86,438.06,309.88,214.62,98.287
20.204,70.217,47.434,-45.104,-6.8882,59.226,45.749,190.54,458.67,327.57,228.62,110.24
24.344,78.841,53.589,-51.165,-7.3555,66.526,43.865,195.65,478.71,345.29,242.52,122.19
28.509,86.828,58.487,-56.991,-7.1405,72.898,41.728,200.21,498.04,362.85,256.31,134.36
32.749,94.457,62.479,-62.749,-6.3932,78.647,39.34,204.25,516.45,380,269.84,146.9
36.959,102.1,66.182,-68.589,-5.5219,84.237,36.709,207.75,533.67,396.43,282.86,159.8
40.94,110.06,70.177,-74.572,-5.0744,90.085,33.856,210.75,549.43,411.8,295.1,172.76
44.506,118.38,74.745,-80.622,-5.5194,96.36,30.826,213.27,563.49,425.77,306.35,185.42
47.539,126.82,79.753,-86.536,-7.0417,102.89,27.674,215.34,575.63,438.11,316.52,197.48
49.998,134.88,84.783,-92.04,-9.4688,109.25,24.439,216.98,585.74,448.73,325.61,208.86
51.916,142.09,89.369,-96.88,-12.331,114.99,21.12,218.21,593.82,457.65,333.67,219.65
53.405,148.12,93.165,-100.93,-15.003,119.82,17.688,219.04,600.03,464.99,340.8,230
54.632,152.97,96.01,-104.22,-16.905,123.65,14.131,219.53,604.61,470.92,347.05,239.95
55.769,156.87,97.973,-106.92,-17.712,126.66,10.498,219.72,607.91,475.66,352.52,249.33
56.923,160.17,99.344,-109.25,-17.483,129.15,6.9037,219.65,610.23,479.41,357.29,257.77
58.103,163.19,100.55,-111.35,-16.642,131.45,3.4959,219.36,611.8,482.36,361.43,264.86
59.236,166.11,101.98,-113.31,-15.807,133.79,0.39254,218.84,612.79,484.64,365.01,270.49
60.217,168.99,103.88,-115.12,-15.534,136.27,-2.3565,218.07,613.26,486.27,368.04,274.81
60.959,171.74,106.19,-116.76,-16.122,138.81,-4.7729,217,613.2,487.23,370.47,278.12
61.433,174.19,108.65,-118.16,-17.528,141.18,-6.9238,215.59,612.51,487.42,372.24,280.64
61.671,176.2,110.89,-119.27,-19.425,143.17,-8.8827,213.77,611.04,486.74,373.31,282.45
61.74,177.63,112.58,-120.09,-21.351,144.57,-10.698,211.5,608.58,485.08,373.63,283.5
61.686,178.45,113.51,-120.58,-22.874,145.31,-12.383,208.71,604.87,482.39,373.18,283.67
61.504,178.71,113.69,-120.76,-23.717,145.45,-13.927,205.37,599.68,478.61,371.94,282.82
61.149,178.51,113.27,-120.63,-23.836,145.16,-15.317,201.42,592.8,473.66,369.88,280.86
60.578,177.98,112.55,-120.18,-23.406,144.63,-16.557,196.85,584.02,467.41,366.98,277.85
59.794,177.14,111.78,-119.39,-22.724,143.99,-17.676,191.58,573.15,459.72,363.26,273.9
58.854,175.98,111.06,-118.27,-22.072,143.25,-18.714,185.53,559.99,450.4,358.64,269.1
57.834,174.47,110.35,-116.87,-21.609,142.31,-19.699,178.55,544.41,439.34,352.9,263.37
56.776,172.59,109.52,-115.26,-21.365,141.07,-20.625,170.46,526.45,426.45,345.6,256.39
55.657,170.33,108.46,-113.45,-21.284,139.47,-21.461,161.13,506.29,411.78,336.33,247.75
54.389,167.59,107.08,-111.35,-21.276,137.42,-22.16,150.53,484.27,395.46,325,237.3
52.873,164.2,105.3,-108.84,-21.235,134.82,-22.688,138.77,460.71,377.73,311.95,225.47
51.048,159.96,103.08,-105.76,-21.055,131.55,-23.034,126.08,435.92,358.77,297.7,213.06
48.913,154.73,100.38,-102.05,-20.651,127.54,-23.224,112.75,410.13,338.72,282.62,200.78
46.518,148.48,97.191,-97.702,-19.974,122.78,-23.309,99.083,383.54,317.64,266.91,188.89
43.929,141.29,93.566,-92.808,-19.013,117.35,-23.348,85.457,356.35,295.63,250.62,177.26
41.192,133.41,89.595,-87.499,-17.805,111.41,-23.38,72.283,328.79,272.9,233.87,165.56
38.318,125.1,85.367,-81.925,-16.422,105.12,-23.407,59.914,301.14,249.82,216.87,153.45
35.278,116.57,80.909,-76.208,-14.95,98.596,-23.391,48.531,273.65,226.83,199.94,140.65
31.995,107.92,76.158,-70.388,-13.465,91.855,-23.271,38.109,246.59,204.37,183.43,127.13
28.36,99.095,70.974,-64.393,-12.028,84.826,-22.998,28.504,220.12,182.64,167.54,113.17
24.292,89.969,65.182,-58.077,-10.677,77.372,-22.559,19.544,194.25,161.59,152.34,99.383
19.835,80.38,58.645,-51.308,-9.4305,69.342,-21.998,11.089,168.82,140.93,137.75,86.566
15.201,70.248,51.332,-44.094,-8.2922,60.65,-21.402,3.0303,143.56,120.28,123.54,75.189
10.7,59.681,43.375,-36.647,-7.2609,51.381,-20.865,-4.711,118.37,99.64,109.45,65.135
6.5875,49.001,35.069,-29.307,-6.3333,41.834,-20.451,-12.189,93.861,79.769,95.321,55.951
2.9758,38.618,26.813,-22.354,-5.5003,32.427,-20.172,-19.409,71.469,61.979,81.319,47.244
-0.17886,28.779,18.99,-15.841,-4.7383,23.492,-19.996,-26.31,52.622,47.147,68.079,38.83
-3.017,19.41,11.859,-9.6041,-4.0079,15.133,-19.871,-32.766,37.6,35.133,56.427,30.711
-5.6746,10.233,5.5098,-3.4216,-3.27,7.2776,-19.753,-38.631,25.592,25.193,46.74,23.024
-8.202,1.0561,-0.077617,2.7689,-2.5082,-0.14471,-19.629,-43.801,15.566,16.606,38.775,15.966
-10.564,-7.9537,-4.9364,8.7714,-1.7369,-7.0404,-19.506,-48.252,6.8193,8.937,32.055,9.6735
-12.695,-16.284,-9.0684,14.242,-0.98927,-13.165,-19.415,-52.046,-0.98429,1.9981,26.166,4.1267
-14.534,-23.411,-12.483,18.9,-0.29807,-18.304,-19.39,-55.301,-7.9819,-4.2764,20.82,-0.82825
-16.039,-29.112,-15.248,22.637,0.32117,-22.423,-19.46,-58.149,-14.237,-9.9214,15.842,-5.362
-17.191,-33.46,-17.484,25.475,0.86996,-25.637,-19.635,-60.697,-19.801,-14.966,11.158,-9.5712
-18.006,-36.661,-19.298,27.51,1.3445,-28.109,-19.899,-63.001,-24.73,-19.429,6.7689,-13.464
-18.535,-38.947,-20.753,28.88,1.7122,-29.983,-20.218,-65.077,-29.071,-23.316,2.705,-17.004
-18.861,-40.533,-21.872,29.748,1.92,-31.372,-20.553,-66.909,-32.858,-26.629,-1.0108,-20.155
-19.076,-41.605,-22.676,30.274,1.9382,-32.371,-20.877,-68.481,-36.112,-29.386,-4.3692,-22.906
-19.255,-42.324,-23.225,30.597,1.8101,-33.071,-21.19,-69.793,-38.849,-31.638,-7.3752,-25.268
-19.433,-42.833,-23.629,30.826,1.6684,-33.583,-21.513,-70.866,-41.101,-33.471,-10.034,-27.258
-19.593,-43.258,-24.027,31.035,1.7008,-34.021,-21.877,-71.735,-42.918,-34.998,-12.334,-28.881
-19.685,-43.693,-24.526,31.264,2.0795,-34.478,-22.3,-72.431,-44.366,-36.33,-14.248,-30.132
-19.652,-44.155,-25.144,31.51,2.8855,-34.97,-22.773,-72.977,-45.518,-37.545,-15.75,-31.004
-19.454,-44.563,-25.792,31.715,4.0681,-35.417,-23.262,-73.38,-46.445,-38.676,-16.847,-31.521
-19.081,-44.78,-26.309,31.793,5.4523,-35.683,-23.716,-73.652,-47.216,-39.72,-17.604,-31.762
-18.562,-44.695,-26.545,31.679,6.7885,-35.659,-24.092,-73.815,-47.894,-40.665,-18.148,-31.869
-17.986,-44.304,-26.433,31.381,7.8243,-35.327,-24.376,-73.91,-48.545,-41.522,-18.64,-32.008
-17.474,-43.722,-26.023,30.986,8.3822,-34.783,-24.584,-73.98,-49.228,-42.339,-19.223,-32.309
-17.144,-43.141,-25.471,30.619,8.4112,-34.206,-24.749,-74.064,-49.992,-43.185,-19.982,-32.822
-17.059,-42.749,-24.97,30.389,7.9814,-33.786,-24.901,-74.184,-50.867,-44.126,-20.915,-33.507
-17.216,-42.656,-24.654,30.356,7.2263,-33.636,-25.052,-74.338,-51.864,-45.189,-21.945,-34.27
-17.557,-42.835,-24.523,30.503,6.2825,-33.732,-25.192,-74.498,-52.958,-46.349,-22.954,-35.008
-17.987,-43.125,-24.455,30.738,5.2577,-33.922,-25.302,-74.617,-54.095,-47.527,-23.831,-35.645
-18.404,-43.303,-24.278,30.926,4.2375,-33.996,-25.361,-74.638,-55.203,-48.629,-24.508,-36.157
-18.733,-43.183,-23.866,30.953,3.2924,-33.787,-25.366,-74.516,-56.213,-49.585,-24.984,-36.568
-18.961,-42.7,-23.2,30.782,2.4868,-33.24,-25.34,-74.241,-57.091,-50.371,-25.315,-36.937
-19.125,-41.938,-22.365,30.473,1.8788,-32.432,-25.335,-73.843,-57.846,-51.014,-25.596,-37.319
-19.276,-41.102,-21.508,30.157,1.4978,-31.54,-25.406,-73.379,-58.522,-51.571,-25.931,-37.74
-19.467,-40.44,-20.758,29.987,1.3052,-30.767,-25.577,-72.912,-59.178,-52.097,-26.391,-38.188
-19.748,-40.135,-20.161,30.08,1.1833,-30.246,-25.823,-72.482,-59.859,-52.629,-26.992,-38.625
-20.136,-40.215,-19.657,30.456,0.97677,-29.977,-26.067,-72.099,-60.589,-53.173,-27.689,-39.018
-20.594,-40.53,-19.111,31.012,0.55166,-29.83,-26.216,-71.744,-61.366,-53.704,-28.417,-39.375
-21.047,-40.824,-18.386,31.559,-0.15091,-29.612,-26.195,-71.387,-62.163,-54.187,-29.131,-39.75
-21.424,-40.855,-17.418,31.916,-1.0978,-29.165,-25.994,-70.989,-62.937,-54.601,-29.821,-40.227
-21.7,-40.502,-16.239,31.981,-2.197,-28.438,-25.661,-70.518,-63.643,-54.953,-30.499,-40.858
-21.9,-39.808,-14.96,31.772,-3.356,-27.5,-25.277,-69.953,-64.24,-55.278,-31.174,-41.63
-22.09,-38.942,-13.723,31.404,-4.5223,-26.503,-24.904,-69.288,-64.703,-55.611,-31.836,-42.458
-22.351,-38.116,-12.654,31.028,-5.6849,-25.617,-24.559,-68.528,-65.026,-55.968,-32.449,-43.218
-22.738,-37.493,-11.834,30.766,-6.8478,-24.966,-24.211,-67.685,-65.213,-56.329,-32.959,-43.805
-23.249,-37.138,-11.293,30.667,-7.9972,-24.595,-23.816,-66.764,-65.274,-56.647,-33.322,-44.178
-23.811,-37.02,-11.006,30.704,-9.0767,-24.476,-23.335,-65.757,-65.209,-56.866,-33.528,-44.368
-24.304,-37.032,-10.892,30.792,-9.9791,-24.511,-22.76,-64.656,-65.019,-56.954,-33.624,-44.468
-24.602,-37.016,-10.832,30.819,-10.576,-24.547,-22.115,-63.466,-64.713,-56.917,-33.707,-44.585
-24.616,-36.804,-10.691,30.681,-10.759,-24.418,-21.445,-62.217,-64.323,-56.805,-33.887,-44.804
-24.329,-36.276,-10.368,30.327,-10.494,-24.001,-20.8,-60.963,-63.897,-56.681,-34.247,-45.159
-23.811,-35.405,-9.8001,29.782,-9.845,-23.245,-20.212,-59.759,-63.484,-56.598,-34.804,-45.635
-23.189,-34.248,-8.9429,29.14,-8.9599,-22.157,-19.675,-58.63,-63.112,-56.579,-35.505,-46.176
-22.602,-32.89,-7.7635,28.503,-8.0074,-20.767,-19.144,-57.555,-62.77,-56.619,-36.241,-46.7
-22.139,-31.412,-6.3013,27.933,-7.0977,-19.137,-18.557,-56.475,-62.422,-56.695,-36.887,-47.126
-21.824,-29.894,-4.7352,27.426,-6.2736,-17.403,-17.878,-55.327,-62.019,-56.769,-37.344,-47.398
-21.627,-28.421,-3.3427,26.929,-5.575,-15.759,-17.115,-54.067,-61.518,-56.79,-37.582,-47.516
-21.502,-27.051,-2.3186,26.378,-5.1021,-14.365,-16.325,-52.689,-60.884,-56.71,-37.644,-47.536
-21.414,-25.771,-1.6105,25.722,-5.013,-13.226,-15.605,-51.22,-60.103,-56.498,-37.622,-47.532
-21.355,-24.467,-0.92637,24.933,-5.4782,-12.172,-15.059,-49.71,-59.18,-56.155,-37.609,-47.553
-21.331,-22.961,0.11916,23.998,-6.5988,-10.927,-14.741,-48.214,-58.138,-55.698,-37.66,-47.591
-21.347,-21.055,1.8411,22.9,-8.3215,-9.2128,-14.63,-46.769,-57.003,-55.141,-37.774,-47.598
-21.38,-18.565,4.3778,21.603,-10.404,-6.8201,-14.632,-45.364,-55.787,-54.477,-37.904,-47.516
-21.382,-15.353,7.6591,20.049,-12.454,-3.6556,-14.616,-43.933,-54.473,-53.668,-37.981,-47.305
-21.29,-11.347,11.449,18.167,-14.047,0.24836,-14.442,-42.365,-53.014,-52.659,-37.943,-46.952
-21.057,-6.5627,15.468,15.9,-14.891,4.766,-13.98,-40.537,-51.349,-51.398,-37.756,-46.464
-20.668,-1.0741,19.571,13.224,-14.946,9.7732,-13.112,-38.35,-49.42,-49.856,-37.416,-45.853
-20.151,5.0442,23.863,10.154,-14.434,15.253,-11.715,-35.756,-47.187,-48.026,-36.927,-45.121
-19.568,11.764,28.631,6.7277,-13.745,21.309,-9.6347,-32.748,-44.632,-45.92,-36.272,-44.248
-18.985,19.083,34.112,2.9843,-13.278,28.053,-6.6722,-29.333,-41.75,-43.553,-35.403,-43.184
-18.435,26.944,40.255,-1.0618,-13.303,35.437,-2.6564,-25.518,-38.539,-40.938,-34.238,-41.856
-17.901,35.177,46.684,-5.4163,-13.886,43.173,2.2338,-21.299,-35.004,-38.085,-32.686,-40.183
-17.326,43.507,52.86,-10.08,-14.912,50.791,7.1031,-16.69,-31.168,-35.004,-30.673,-38.102
-16.635,51.63,58.315,-15.026,-16.174,57.836,10.998,-11.743,-27.079,-31.706,-28.184,-35.602
-15.755,59.322,62.833,-20.195,-17.463,64.053,14.286,-6.5718,-22.816,-28.21,-25.289,-32.747
-14.624,66.508,66.497,-25.511,-18.638,69.458,18.362,-1.3566,-18.486,-24.552,-22.144,-29.672
-13.18,73.274,69.63,-30.909,-19.697,74.289,24.352,3.6701,-14.219,-20.81,-18.94,-26.532
-11.362,79.826,72.662,-36.343,-20.793,78.893,32.595,8.246,-10.164,-17.118,-15.818,-23.424
-9.1119,86.412,75.963,-41.801,-22.125,83.608,42.797,12.114,-6.4722,-13.639,-12.825,-20.359
-6.3882,93.235,79.693,-47.309,-23.748,88.644,54.159,15.071,-3.2772,-10.52,-9.9268,-17.289
-3.1619,100.37,83.722,-52.904,-25.469,94.015,65.754,17.024,-0.65724,-7.8233,-7.0701,-14.172
0.60318,107.71,87.692,-58.586,-26.912,99.527,78.052,18.004,1.3924,-5.5087,-4.2275,-11.016
4.9521,115.02,91.195,-64.282,-27.656,104.88,92.89,18.137,2.958,-3.4596,-1.4104,-7.8837
9.872,122.01,93.951,-69.852,-27.375,109.79,108.72,17.562,4.172,-1.5482,1.3491,-4.8522
15.202,128.48,95.863,-75.159,-25.953,114.08,118.66,16.373,5.1619,0.30934,4.0167,-1.9651
20.636,134.29,96.992,-80.12,-23.539,117.69,118.35,14.619,6.0075,2.1357,6.5592,0.78588
25.848,139.45,97.518,-84.725,-20.505,120.66,108.43,12.323,6.721,3.9079,8.9426,3.4414
30.635,144,97.668,-89.01,-17.328,123.11,90.718,9.5091,7.2578,5.58,11.134,6.0375
34.967,148.06,97.639,-93.044,-14.46,125.17,66.967,6.2006,7.5455,7.097,13.105,8.5709
38.948,151.74,97.537,-96.892,-12.204,126.92,39.288,2.429,7.5167,8.3993,14.823,10.981
42.726,155.06,97.369,-100.58,-10.617,128.35,10.265,-1.7657,7.1296,9.431,16.243,13.164
46.397,157.97,97.069,-104.05,-9.5127,129.4,-17.475,-6.3302,6.3789,10.158,17.304,15.023
49.931,160.31,96.509,-107.14,-8.5689,129.97,-41.964,-11.192,5.2982,10.589,17.962,16.521
53.171,161.87,95.506,-109.67,-7.4589,129.9,-62.205,-16.251,3.9543,10.781,18.211,17.695
55.922,162.47,93.826,-111.45,-5.9531,129.05,-77.944,-21.385,2.4267,10.812,18.105,18.639
58.037,161.89,91.228,-112.34,-3.9828,127.25,-89.226,-26.453,0.78154,10.751,17.751,19.46
59.459,159.95,87.514,-112.26,-1.6696,124.35,-95.923,-31.314,-0.94498,10.626,17.274,20.256
60.206,156.53,82.602,-111.17,0.71576,120.27,-97.488,-35.826,-2.7392,10.438,16.783,21.1
60.347,151.64,76.603,-109.15,2.8847,115.03,-94.089,-39.854,-4.5907,10.185,16.333,22.032
59.993,145.48,69.849,-106.32,4.6803,108.86,-88.754,-43.28,-6.4787,9.8796,15.906,23.035
59.291,138.39,62.724,-102.85,6.1492,102.05,-84.765,-46.028,-8.3768,9.5359,15.418,24.029
58.382,130.63,55.427,-98.855,7.5098,94.863,-82.342,-48.085,-10.275,9.1332,14.751,24.887
57.352,122.27,47.897,-94.312,9.0535,87.336,-80.456,-49.515,-12.203,8.5909,13.786,25.469
56.196,113.16,39.902,-89.078,11.012,79.329,-78.394,-50.455,-14.235,7.7758,12.427,25.645
54.823,103.13,31.183,-82.987,13.454,70.608,-75.854,-51.093,-16.471,6.5441,10.606,25.31
53.104,92.148,21.645,-76.011,16.273,60.969,-72.767,-51.639,-18.985,4.7917,8.2909,24.385
50.92,80.336,11.565,-68.316,19.252,50.34,-69.189,-52.287,-21.799,2.4863,5.487,22.831
48.199,67.899,1.7419,-60.195,22.112,38.922,-65.257,-53.18,-24.865,-0.33206,2.2434,20.655
44.919,55.19,-6.7989,-51.964,24.562,27.276,-61.156,-54.374,-28.077,-3.5709,-1.3549,17.923
41.087,42.712,-13.461,-43.869,26.355,16.15,-57.051,-55.839,-31.309,-7.1077,-5.1913,14.761
36.724,30.883,-18.305,-36.028,27.327,6.0985,-53.022,-57.469,-34.442,-10.802,-9.1212,11.349
31.857,19.776,-21.746,-28.405,27.428,-2.7077,-49.059,-59.12,-37.385,-14.504,-12.985,7.888
26.53,9.1809,-24.26,-20.866,26.789,-10.349,-45.116,-60.658,-40.086,-18.073,-16.637,4.5409
20.85,-1.0989,-26.27,-13.27,25.836,-16.933,-41.179,-61.99,-42.535,-21.402,-19.98,1.3949
15.014,-10.983,-28.086,-5.5758,25.122,-22.512,-37.317,-63.094,-44.754,-24.443,-22.977,-1.53
9.2499,-20.084,-29.873,2.0819,24.878,-27.15,-33.666,-64.004,-46.782,-27.198,-25.637,-4.2356
3.7169,-27.961,-31.652,9.38,24.958,-30.971,-30.369,-64.788,-48.656,-29.706,-27.993,-6.7098
-1.4891,-34.358,-33.321,15.904,25.057,-34.085,-27.517,-65.509,-50.393,-32.007,-30.083,-8.9294
-6.2529,-39.27,-34.66,21.327,24.848,-36.531,-25.133,-66.21,-51.994,-34.137,-31.948,-10.89
-10.407,-42.845,-35.442,25.53,24.049,-38.295,-23.174,-66.903,-53.45,-36.119,-33.627,-12.617
-13.829,-45.305,-35.545,28.608,22.44,-39.394,-21.547,-67.57,-54.743,-37.959,-35.147,-14.153
-16.528,-46.905,-35.035,30.777,19.986,-39.941,-20.134,-68.172,-55.852,-39.644,-36.513,-15.513
-18.618,-47.92,-34.176,32.289,16.99,-40.119,-18.82,-68.666,-56.756,-41.146,-37.711,-16.672
-20.213,-48.605,-33.34,33.358,14.068,-40.164,-17.522,-69.024,-57.446,-42.438,-38.719,-17.574
-21.372,-49.182,-32.903,34.147,11.951,-40.302,-16.2,-69.241,-57.928,-43.504,-39.525,-18.164
-22.099,-49.814,-33.115,34.772,11.227,-40.698,-14.861,-69.339,-58.23,-44.335,-40.121,-18.4
-22.387,-50.587,-34.024,35.296,12.171,-41.415,-13.537,-69.352,-58.395,-44.921,-40.516,-18.26
-22.255,-51.493,-35.477,35.744,14.693,-42.399,-12.267,-69.336,-58.469,-45.251,-40.727,-17.766
-21.776,-52.422,-37.163,36.098,18.371,-43.484,-11.078,-69.351,-58.492,-45.316,-40.787,-16.998
-21.076,-53.199,-38.705,36.325,22.507,-44.437,-9.9954,-69.445,-58.483,-45.117,-40.739,-16.083
-20.31,-53.684,-39.792,36.414,26.239,-45.064,-9.06,-69.628,-58.433,-44.663,-40.622,-15.15
-19.623,-53.864,-40.305,36.404,28.957,-45.307,-8.3096,-69.834,-58.288,-43.981,-40.472,-14.299
-19.117,-53.868,-40.381,36.378,30.709,-45.293,-7.7302,-69.879,-57.943,-43.115,-40.309,-13.585
-18.833,-53.91,-40.381,36.435,31.93,-45.275,-7.1885,-69.441,-57.215,-42.127,-40.142,-13.032
-18.753,-54.218,-40.772,36.659,33.046,-45.539,-6.3769,-68.025,-55.825,-41.081,-39.953,-12.639
-18.821,-54.96,-42.006,37.105,34.399,-46.306,-4.751,-64.915,-53.355,-39.985,-39.693,-12.356
-18.968,-56.192,-44.457,37.769,36.51,-47.683,-1.4411,-59.297,-49.198,-38.675,-39.254,-12.02
-19.124,-57.817,-48.419,38.569,40.19,-49.642,4.1909,-51.826,-42.625,-36.665,-38.429,-11.282
-19.223,-59.597,-54.111,39.352,45.472,-52.058,7.9637,-51.173,-33.989,-32.982,-36.832,-9.528
-19.195,-61.161,-61.468,39.915,51.192,-54.689,4.774,-67.185,-31.896,-26.126,-33.714,-5.7936
-18.865,-62.01,-69.406,40.055,56.01,-56.955,1.7505,-81.14,-59.255,-15.947,-27.998,1.2983
-17.658,-61.665,-75.818,39.593,58.373,-57.774,1.6813,-84.878,-72.174,-25.336,-27.929,12.359
-14.122,-60.127,-79.096,38.358,57.678,-56.471,1.9985,-79.492,-59.883,-38.023,-37.895,12.647
-13.44,-58.745,-78.379,37.011,55.581,-54.613,-5.5399,-61.577,-37.745,-31.009,-34.926,-10.571
-19.854,-69.99,-74.373,46.643,54.56,-58.332,4.4157,-27.97,-7.5469,-23.848,-32.861,-11.989
-20.27,-85.53,-74.713,52.087,55.88,-76.989,29.494,31.719,35.706,-15.729,-32.221,-13.409
-20.205,-93.935,-86.539,56.099,60.293,-87.357,71.76,117.3,93.697,-1.8505,-30.513,-15.403
-18.074,-102.25,-99.425,59.211,68.93,-96.615,130.44,210.85,167.7,27.34,-20.836,-12.291
-11.611,-107.55,-112.76,58.528,81.885,-105.03,183.73,289.9,265.72,83.765,8.7605,5.1685
2.2181,-104.66,-125.5,49.63,97.355,-109.52,207.86,338.98,391.47,181.54,72.616,46.995
28.095,-87.559,-133.69,26.907,113.76,-105.89,190.08,346.09,540.59,331.53,181.04,122.29
71.424,-49.074,-131.23,-16.466,129.56,-87.754,121.37,301.54,708.07,532.2,334.34,237.54
131.75,25.688,-110.11,-89.47,142.68,-45.911,-0.72157,200.86,883.8,781.77,531.75,391.55
198.6,156.4,-67.304,-188.37,151.14,35.86,-171.05,44.079,1054,1070.8,767.67,577.86
266.65,311.19,0.16217,-293.13,152.91,160.22,-378.17,-168.1,1202.2,1381.2,1026.4,785.38
329.69,465.24,89.572,-398.22,145.6,286.37,-607.41,-437.52,1305.7,1686.3,1286.1,998.32
379.33,609.81,181.67,-492.12,127.52,404.87,-843.35,-768.27,1333.2,1950.4,1520,1196.4
407.56,725.39,268.02,-561.67,98.121,504.03,-1071.1,-1160.7,1249.5,2131,1696.5,1356
408.45,795.54,342.92,-596.42,59.026,573.52,-1276.4,-1601.3,1030.3,2186.1,1783.8,1452.2
380.44,810.64,395.88,-590.78,15.236,606.14,-1445.7,-2054.5,677.94,2085.9,1757.5,1464
327.29,767.32,415.56,-544.58,-24.879,594.14,-1566.4,-2464.1,227.49,1824.3,1609.3,1380.9
257.16,667.81,392.92,-462.62,-51.47,533.17,-1628.7,-2767.1,-260.49,1425,1351.6,1208.5
180.48,521.1,325.04,-354.2,-56.921,425.98,-1626.6,-2914.3,-716.21,939.33,1016.6,969.1
107.68,343.53,218.23,-232.56,-39.262,283.81,-1559.9,-2888,-1078.7,435.91,651.01,696.74
46.764,157.83,88.547,-110.6,-3.1955,125.9,-1436.1,-2705.8,-1308.7,-14.806,305.26,429.1
1.4815,-11.167,-41.404,-13.397,41.352,-24.11,-1270.1,-2411.9,-1393.9,-357.85,22.029,198.2
-28.192,-143.27,-148.7,58.113,82.33,-143.98,-1080.6,-2060.5,-1346.8,-565.99,-173.31,24.54
-45.085,-225.95,-217.1,101.92,109.52,-219.45,-885.84,-1699.2,-1198.8,-641.07,-275.64,-84.952
-53.114,-259.45,-242.02,120.21,117.81,-248.42,-700.08,-1361.1,-990.83,-609.1,-297.87,-136.71
-55.573,-254.67,-231.06,120.35,109.02,-240.25,-532.35,-1064.1,-764,-508.14,-263.88,-143.26
-54.337,-228.19,-199.6,110.38,90.629,-210.95,-387.49,-815.16,-551.24,-379.04,-201.13,-121.41
-50.739,-197.12,-164.58,97.859,71.619,-177.66,-267.78,-615.52,-373,-256.63,-134.05,-88.295
-34.665,-174.49,-139.61,88.554,58.325,-153.76,-173.93,-461.73,-237.23,-162.36,-79.106,-57.401
-27.387,-166.62,-132.03,81.076,54.491,-146.12,-104.72,-347.56,-144.38,-103.03,-43.315,-35.642
-27.185,-171.61,-144.17,72.735,61.327,-157.31,-56.93,-266.49,-95.236,-74.591,-29.269,-12.825
-27.154,-180.07,-158.85,82.391,71.281,-168.97,-26.175,-211.55,-75.335,-71.547,-36.874,-20.779
-27.013,-184.37,-168.41,89.428,81.882,-174.01,-8.0534,-175.31,-65.029,-79.375,-39.858,-26.331
-26.844,-187.09,-176.58,91.57,89.317,-178.49,2.5624,-150.39,-60.153,-83.85,-40.606,-27.623
-26.739,-187.43,-178.79,90.752,91.731,-179.55,9.4123,-131.13,-57.433,-83.032,-35.822,-26.78
-26.736,-185.75,-175.55,88.375,89.283,-177.54,14.841,-114.61,-52.911,-64.803,-29.755,-24.909
-26.8,-183.17,-169.93,85.497,83.159,-174.38,18.885,-99.25,-38.659,-51.738,-24.713,-22.881
-26.848,-180.61,-164.7,82.838,76.681,-171.41,22.296,-82.005,-24.373,-44.723,-20.897,-21.324
-26.796,-178.45,-160.56,80.644,71.782,-168.88,29.06,-65.341,-14.249,-40.43,-18.516,-20.507
-26.599,-176.68,-157.67,78.828,69.044,-166.8,39.344,-54.698,-7.7075,-38.036,-17.443,-20.35
-26.263,-175.17,-156.31,77.206,68.978,-165.27,46.787,-45.791,-3.5772,-36.739,-17.176,-20.591
-25.833,-173.85,-156.28,75.63,70.964,-164.28,51.637,-37.836,-0.7373,-35.762,-17.152,-20.979
-25.374,-172.61,-156.79,74.014,73.317,-163.6,55.048,-30.643,1.6078,-34.579,-16.989,-21.365
-24.954,-171.2,-156.89,72.324,74.625,-162.81,57.729,-24.039,3.9013,-32.944,-16.532,-21.688
-24.63,-169.35,-156,70.57,74.225,-161.55,60.013,-17.928,6.3253,-30.84,-15.779,-21.921
-24.44,-166.84,-153.98,68.766,71.85,-159.61,62.066,-12.299,8.8906,-28.377,-14.787,-22.028
-24.393,-163.67,-151.03,66.9,67.675,-157.01,63.976,-7.1697,11.51,-25.695,-13.616,-21.977
-24.47,-160,-147.52,64.934,62.514,-153.95,65.824,-2.5553,14.043,-22.911,-12.307,-21.766
-24.636,-156.02,-143.82,62.843,57.315,-150.73,67.67,1.5525,16.371,-20.114,-10.891,-21.449
-24.848,-151.87,-140.41,60.685,52.695,-147.69,69.537,5.1791,18.424,-17.361,-9.4071,-21.145
-25.07,-147.65,-137.84,58.614,49.109,-145.16,71.392,8.3359,20.194,-14.685,-7.9126,-20.979
-25.27,-143.36,-136.44,56.818,46.999,-143.32,73.129,11.038,21.73,-12.118,-6.4918,-21.055
-25.42,-138.91,-136.15,55.404,46.509,-142.03,74.605,13.286,23.108,-9.6999,-5.2425,-21.442
-25.48,-134,-136.47,54.332,47.173,-140.8,75.702,15.078,24.395,-7.4702,-4.2427,-22.162
-25.407,-128.38,-136.71,53.466,47.983,-138.96,76.394,16.44,25.638,-5.454,-3.5124,-23.178
-25.164,-121.96,-136.23,52.633,47.718,-135.76,76.753,17.445,26.86,-3.6539,-2.9976,-24.377
-24.741,-114.98,-134.69,51.702,45.661,-130.88,76.927,18.206,28.085,-2.0543,-2.5904,-25.615
-24.17,-107.96,-131.97,50.641,42.39,-124.58,77.049,18.856,29.341,-0.63209,-2.1796,-26.766
-23.529,-101.53,-128.3,49.487,39.084,-117.67,77.185,19.505,30.673,0.63564,-1.7041,-27.762
-22.919,-96.048,-124.17,48.333,36.236,-111.2,77.31,20.23,32.13,1.7782,-1.1783,-28.601
-22.44,-91.621,-120.16,47.287,33.683,-105.8,77.332,21.046,33.767,2.8461,-0.67429,-29.315
-22.165,-88.072,-116.6,46.433,31.168,-101.48,77.158,21.948,35.642,3.9178,-0.2679,-29.929
-22.12,-85.035,-113.44,45.807,28.568,-97.725,76.751,22.952,37.811,5.0898,0.017144,-30.447
-22.28,-82.106,-110.29,45.381,25.874,-93.735,76.166,24.109,40.319,6.4533,0.23745,-30.854
-22.563,-79.048,-106.61,45.083,23.143,-88.814,75.511,25.487,43.188,8.0766,0.5157,-31.135
-22.851,-75.912,-101.83,44.816,20.483,-82.781,74.902,27.137,46.405,9.9983,0.99496,-31.281
-23.031,-72.948,-95.609,44.493,18.025,-76.229,74.411,29.071,49.946,12.235,1.789,-31.287
-23.041,-70.388,-88.125,44.075,15.892,-70.212,74.059,31.269,53.802,14.798,2.9556,-31.137
-22.902,-68.32,-80.328,43.581,14.162,-65.477,73.833,33.714,58.02,17.702,4.5032,-30.804
-22.708,-66.714,-73.425,43.085,12.825,-62.113,73.702,36.42,62.712,20.964,6.4173,-30.242
-22.583,-65.514,-68.018,42.673,11.781,-59.822,73.639,39.432,68.03,24.586,8.683,-29.409
-22.627,-64.658,-63.959,42.417,10.903,-58.251,73.618,42.8,74.114,28.549,11.288,-28.278
-22.885,-64.08,-60.806,42.337,10.089,-57.123,73.622,46.561,81.053,32.823,14.212,-26.858
-23.319,-63.692,-58.21,42.398,9.3028,-56.248,73.636,50.733,88.879,37.385,17.412,-25.193
-23.824,-63.384,-56.014,42.508,8.5714,-55.501,73.638,55.311,97.585,42.224,20.817,-23.353
-24.248,-63.039,-54.182,42.543,7.9552,-54.806,73.59,60.273,107.16,47.334,24.347,-21.416
-24.436,-62.557,-52.684,42.391,7.4991,-54.108,73.447,65.6,117.61,52.723,27.941,-19.437
-24.281,-61.879,-51.444,41.988,7.1848,-53.367,73.188,71.308,128.96,58.439,31.593,-17.415
-23.756,-61.005,-50.341,41.338,6.9223,-52.557,72.828,77.473,141.22,64.623,35.368,-15.265
-22.918,-59.986,-49.263,40.505,6.5956,-51.684,72.419,84.224,154.35,71.516,39.401,-12.825
-21.872,-58.916,-48.164,39.588,6.134,-50.788,72.022,91.686,168.19,79.393,43.881,-9.8712
-20.718,-57.891,-47.079,38.674,5.5635,-49.933,71.685,99.888,182.53,88.43,49.031,-6.1702
-19.491,-56.977,-46.092,37.807,5.0078,-49.18,71.423,108.69,197.13,98.573,55.095,-1.5337
-18.148,-56.179,-45.292,36.976,4.6315,-48.555,71.2,117.8,211.83,109.52,62.282,4.1165
-16.599,-55.453,-44.716,36.127,4.552,-48.036,70.935,126.87,226.57,120.87,70.675,10.706
-14.756,-54.726,-44.324,35.195,4.7732,-47.565,70.541,135.64,241.46,132.37,80.136,18.026
-12.576,-53.936,-44.012,34.14,5.1843,-47.073,69.981,144.05,256.74,144.03,90.358,25.81
-10.074,-53.057,-43.677,32.958,5.6178,-46.52,69.283,152.16,272.71,156.04,101.05,33.823
-7.3181,-52.107,-43.265,31.683,5.9282,-45.909,68.533,160.07,289.69,168.69,112.07,41.93
-4.3785,-51.127,-42.795,30.356,6.0537,-45.276,67.83,167.79,307.88,182.23,123.47,50.167
-1.2849,-50.157,-42.338,28.995,6.0385,-44.672,67.242,175.22,327.33,196.78,135.39,58.782
1.9953,-49.208,-41.984,27.566,6.0112,-44.134,66.788,182.22,347.91,212.31,147.91,68.192
5.5391,-48.258,-41.799,25.988,6.1284,-43.677,66.429,188.67,369.35,228.65,161.02,78.82
9.4206,-47.252,-41.801,24.147,6.506,-43.284,66.093,194.5,391.27,245.52,174.57,90.829
13.646,-46.099,-41.938,21.911,7.1626,-42.898,65.698,199.77,413.27,262.63,188.39,103.94
18.094,-44.665,-42.074,19.15,8.0002,-42.422,65.195,204.53,434.99,279.78,202.3,117.56
22.501,-42.767,-42.028,15.746,8.8309,-41.72,64.577,208.86,456.2,296.87,216.21,131.16
26.554,-40.176,-41.638,11.634,9.4416,-40.641,63.869,212.81,476.74,313.89,230.07,144.46
30.031,-36.613,-40.836,6.8354,9.6641,-39.038,63.099,216.35,496.5,330.87,243.86,157.43
32.912,-31.768,-39.659,1.4789,9.4196,-36.756,62.27,219.45,515.29,347.81,257.53,170.18
35.376,-25.385,-38.177,-4.2459,8.7375,-33.61,61.355,222.07,532.82,364.54,270.94,182.77
37.698,-17.41,-36.392,-10.194,7.7643,-29.381,60.29,224.19,548.73,380.75,283.86,195.19
40.106,-8.0582,-34.179,-16.354,6.7089,-23.88,58.99,225.84,562.7,396.04,295.98,207.21
42.661,2.3178,-31.332,-22.815,5.6031,-17.049,57.373,227.08,574.62,410.06,307.03,218.42
45.241,13.419,-27.636,-29.635,4.1176,-8.9715,55.38,227.96,584.55,422.58,316.82,228.42
47.621,25.026,-22.809,-36.73,1.7898,0.22774,52.993,228.53,592.6,433.51,325.35,237.03
49.601,36.92,-16.466,-43.885,-1.6981,10.389,50.215,228.81,598.93,442.72,332.71,244.35
51.095,48.831,-8.2813,-50.868,-6.485,21.255,47.054,228.81,603.64,450.1,339.01,250.64
52.156,60.464,1.6443,-57.547,-12.697,32.453,43.506,228.54,606.9,455.64,344.36,256.14
52.934,71.595,12.546,-63.926,-20.641,43.52,39.546,228.03,608.93,459.44,348.79,260.97
53.616,82.15,23.309,-70.085,-30.312,54.006,35.122,227.29,609.97,461.8,352.33,265.1
54.368,92.195,33.096,-76.096,-40.197,63.639,30.174,226.33,610.28,463.03,355.03,268.45
55.293,101.84,41.642,-81.97,-47.626,72.429,24.669,225.17,610.04,463.39,356.99,270.98
56.41,111.19,49.15,-87.652,-51.144,80.614,18.663,223.82,609.36,463.1,358.3,272.72
57.65,120.29,56.082,-93.039,-51.69,88.494,12.384,222.26,608.23,462.27,359.05,273.76
58.87,129.11,62.92,-98.012,-51.806,96.277,6.2678,220.49,606.59,460.97,359.29,274.15
59.884,137.56,69.919,-102.46,-54.237,103.96,0.79807,218.5,604.3,459.18,359.1,273.95
60.531,145.36,76.912,-106.28,-59.764,111.29,-3.7313,216.27,601.19,456.81,358.52,273.21
60.764,152.16,83.375,-109.41,-65.996,117.86,-7.3028,213.8,597.05,453.75,357.59,272.03
60.689,157.7,88.748,-111.87,-70.585,123.28,-10.073,211.06,591.69,449.88,356.27,270.46
60.51,161.91,92.736,-113.73,-73.359,127.39,-12.252,208.03,584.98,445.07,354.51,268.5
60.44,164.94,95.357,-115.14,-74.828,130.25,-14.041,204.68,576.81,439.19,352.18,266.03
60.612,167.11,96.85,-116.24,-75.367,132.14,-15.608,200.93,567.06,432.04,349.18,262.9
61.059,168.7,97.575,-117.15,-75.179,133.39,-17.071,196.66,555.58,423.32,345.38,258.98
61.731,169.86,97.909,-117.86,-74.348,134.24,-18.489,191.75,542.19,412.75,340.65,254.19
62.51,170.6,98.115,-118.35,-73.088,134.78,-19.863,186.08,526.82,400.29,334.83,248.5
63.202,170.83,98.255,-118.53,-71.856,134.95,-21.152,179.6,509.61,386.22,327.82,241.9
63.582,170.4,98.216,-118.29,-71.205,134.59,-22.292,172.27,490.86,371.08,319.63,234.44
63.473,169.14,97.822,-117.52,-71.479,133.55,-23.224,164.08,470.88,355.39,310.4,226.2
62.802,166.88,96.898,-116.07,-72.571,131.67,-23.909,154.97,449.93,339.48,300.32,217.35
61.598,163.37,95.262,-113.82,-74.025,128.79,-24.348,144.87,428.1,323.42,289.57,208.04
59.958,158.33,92.689,-110.63,-75.321,124.7,-24.584,133.73,405.43,307.1,278.23,198.42
58.019,151.52,88.93,-106.38,-76.037,119.19,-24.69,121.64,381.98,290.3,266.37,188.58
55.919,142.89,83.818,-101.06,-75.91,112.21,-24.743,108.88,357.91,272.92,253.97,178.53
53.759,132.81,77.423,-94.833,-74.891,103.98,-24.797,95.897,333.41,254.98,241.06,168.16
51.56,121.92,70.127,-88.045,-73.17,95.023,-24.866,83.204,308.73,236.68,227.69,157.34
49.237,110.92,62.442,-81.066,-71.099,85.869,-24.925,71.215,284.09,218.34,213.99,145.99
46.622,100.21,54.734,-74.141,-68.992,76.861,-24.922,60.138,259.7,200.21,200.19,134.18
43.515,89.868,47.093,-67.31,-67.028,68.05,-24.815,49.949,235.69,182.39,186.55,122.21
39.744,79.658,39.386,-60.425,-65.234,59.253,-24.595,40.464,212.03,164.79,173.24,110.48
35.241,69.221,31.376,-53.247,-63.518,50.179,-24.3,31.456,188.58,147.13,160.27,99.326
30.119,58.269,22.888,-45.61,-61.814,40.582,-23.998,22.733,165.08,129.22,147.57,88.836
24.69,46.754,14.015,-37.556,-60.18,30.415,-23.758,14.174,141.36,111.22,135,78.914
19.317,34.92,5.3376,-29.345,-58.76,19.94,-23.625,5.7373,117.63,93.896,122.48,69.409
14.208,23.206,-2.0858,-21.286,-57.751,9.7755,-23.589,-2.5498,94.794,78.411,110.08,60.223
9.3641,12.1,-7.285,-13.571,-57.395,0.79138,-23.599,-10.608,74.226,65.415,97.989,51.308
4.6922,2.0649,-9.9464,-6.2753,-57.852,-6.22,-23.591,-18.341,56.868,54.724,86.456,42.639
0.15755,-6.4145,-10.364,0.49354,-59.123,-10.869,-23.532,-25.675,42.639,45.657,75.648,34.191
-4.1333,-12.855,-9.1434,6.4706,-61.11,-13.26,-23.45,-32.58,30.755,37.499,65.589,25.951
-7.9764,-17.05,-7.0311,11.31,-63.672,-13.929,-23.43,-39.056,20.326,29.718,56.191,17.93
-11.205,-19.348,-4.7507,14.834,-66.678,-13.658,-23.576,-45.102,10.696,22.016,47.32,10.165
-13.788,-20.455,-2.7621,17.179,-70.063,-13.127,-23.959,-50.7,1.5272,14.302,38.846,2.7108
-15.811,-20.968,-1.1214,18.656,-73.801,-12.652,-24.593,-55.82,-7.2474,6.6477,30.653,-4.37
-17.386,-21.113,0.43704,19.52,-77.856,-12.165,-25.434,-60.447,-15.533,-0.77569,22.664,-11.002
-18.576,-20.783,2.2942,19.872,-82.146,-11.381,-26.41,-64.591,-23.196,-7.7661,14.88,-17.096
-19.385,-19.725,4.7742,19.685,-86.471,-9.9757,-27.453,-68.285,-30.148,-14.176,7.3944,-22.571
-19.796,-17.701,8.0697,18.901,-90.476,-7.7112,-28.53,-71.576,-36.37,-19.964,0.36691,-27.384
-19.813,-14.597,12.22,17.502,-93.789,-4.4839,-29.653,-74.514,-41.897,-25.173,-6.0464,-31.55
-19.5,-10.456,17.092,15.55,-96.103,-0.32914,-30.866,-77.143,-46.778,-29.875,-11.75,-35.138
-18.973,-5.4739,22.399,13.189,-97.058,4.5914,-32.221,-79.498,-51.068,-34.114,-16.723,-38.243
-18.378,0.022123,27.809,10.625,-96.276,10.013,-33.75,-81.611,-54.813,-37.91,-20.994,-40.963
-17.844,5.6658,33.075,8.0804,-93.849,15.642,-35.449,-83.507,-58.07,-41.276,-24.611,-43.37
-17.444,11.203,38.139,5.7109,-90.667,21.3,-37.286,-85.21,-60.903,-44.229,-27.629,-45.506
-17.198,16.572,43.118,3.5788,-88.034,26.988,-39.222,-86.737,-63.384,-46.801,-30.114,-47.384
-17.09,21.846,48.15,1.6815,-86.967,32.812,-41.235,-88.104,-65.589,-49.029,-32.151,-49.015
-17.083,27.106,53.235,-0.0084139,-87.807,38.819,-43.323,-89.324,-67.579,-50.956,-33.848,-50.425
-17.125,32.388,58.214,-1.5431,-90.322,44.914,-45.5,-90.406,-69.393,-52.628,-35.316,-51.676
-17.177,37.675,62.88,-3.0127,-94.115,50.876,-47.744,-91.356,-71.044,-54.091,-36.657,-52.853
-17.243,42.907,67.1,-4.5204,-98.869,56.459,-49.974,-92.174,-72.526,-55.389,-37.931,-54.032
-17.387,47.973,70.853,-6.1297,-104.33,61.495,-52.065,-92.86,-73.827,-56.567,-39.146,-55.244
-17.707,52.734,74.224,-7.8281,-110.3,65.965,-53.906,-93.412,-74.943,-57.661,-40.271,-56.454
-18.274,57.101,77.386,-9.5266,-116.51,70.015,-55.42,-93.823,-75.882,-58.697,-41.265,-57.573
-19.084,61.114,80.573,-11.096,-122.6,73.913,-56.561,-94.088,-76.661,-59.679,-42.1,-58.498
-20.063,64.952,83.986,-12.441,-128.41,77.961,-57.313,-94.203,-77.303,-60.603,-42.779,-59.158
-21.096,68.838,87.68,-13.565,-134.06,82.354,-57.693,-94.176,-77.841,-61.462,-43.338,-59.547
-22.052,72.883,91.515,-14.571,-139.5,87.017,-57.754,-94.023,-78.303,-62.252,-43.836,-59.717
-22.808,76.936,95.198,-15.561,-143.98,91.583,-57.561,-93.767,-78.711,-62.973,-44.325,-59.756
-23.269,80.64,98.405,-16.523,-146.48,95.586,-57.171,-93.426,-79.07,-63.624,-44.832,-59.746
-23.398,83.649,100.88,-17.328,-146.64,98.719,-56.618,-93.013,-79.376,-64.198,-45.344,-59.735
-23.226,85.792,102.5,-17.826,-144.82,100.9,-55.909,-92.527,-79.622,-64.693,-45.825,-59.724
-22.85,87.076,103.29,-17.929,-141.52,102.2,-55.027,-91.961,-79.806,-65.109,-46.242,-59.69
-22.403,87.647,103.42,-17.603,-137.39,102.82,-53.948,-91.298,-79.926,-65.455,-46.585,-59.612
-22.019,87.72,103.18,-16.857,-133.23,103.03,-52.67,-90.528,-79.986,-65.742,-46.872,-59.496
-21.789,87.497,102.87,-15.763,-129.91,103.09,-51.23,-89.654,-79.991,-65.986,-47.141,-59.374
-21.741,87.114,102.71,-14.518,-128.06,103.18,-49.709,-88.702,-79.949,-66.206,-47.431,-59.29
-21.849,86.633,102.78,-13.43,-127.87,103.31,-48.193,-87.713,-79.876,-66.427,-47.766,-59.273
-22.056,86.056,103.02,-12.78,-129.11,103.42,-46.744,-86.727,-79.79,-66.679,-48.14,-59.306
-22.307,85.333,103.25,-12.639,-131.27,103.35,-45.379,-85.763,-79.709,-66.983,-48.52,-59.321
-22.577,84.339,103.3,-12.786,-133.86,102.96,-44.065,-84.808,-79.641,-67.338,-48.856,-59.227
-22.875,82.897,103.08,-12.802,-136.59,102.13,-42.733,-83.829,-79.575,-67.711,-49.106,-58.953
-23.235,80.838,102.55,-12.268,-139.26,100.84,-41.312,-82.784,-79.484,-68.042,-49.259,-58.492
-23.667,78.103,101.78,-10.949,-141.43,99.157,-39.773,-81.653,-79.339,-68.266,-49.343,-57.911
-24.11,74.765,100.82,-8.8894,-142.5,97.184,-38.161,-80.441,-79.115,-68.343,-49.419,-57.328
-24.447,70.998,99.757,-6.3892,-142.14,94.999,-36.577,-79.178,-78.802,-68.278,-49.55,-56.854
-24.562,67.021,98.594,-3.8681,-140.46,92.58,-35.128,-77.894,-78.403,-68.117,-49.772,-56.54
-24.414,63.075,97.359,-1.6707,-137.85,89.905,-33.867,-76.602,-77.926,-67.915,-50.071,-56.35
-24.055,59.361,96.131,0.077863,-134.9,87.098,-32.767,-75.291,-77.382,-67.71,-50.378,-56.177
-23.61,55.968,95.027,1.4651,-132.12,84.41,-31.749,-73.94,-76.781,-67.513,-50.603,-55.886
-23.228,52.854,94.102,2.6427,-129.88,82.024,-30.725,-72.541,-76.143,-67.309,-50.665,-55.382
-23.03,49.931,93.271,3.6764,-128.34,79.902,-29.644,-71.112,-75.485,-67.077,-50.534,-54.645
-23.07,47.134,92.34,4.522,-127.55,77.81,-28.514,-69.696,-74.823,-66.797,-50.244,-53.732
-23.316,44.427,91.116,5.1093,-127.43,75.474,-27.384,-68.343,-74.156,-66.462,-49.872,-52.749
-23.661,41.786,89.529,5.407,-127.81,72.766,-26.311,-67.082,-73.473,-66.072,-49.499,-51.803
-23.957,39.287,87.679,5.4009,-128.44,69.784,-25.319,-65.898,-72.741,-65.621,-49.173,-50.96
-24.066,37.213,85.821,5.0345,-129.09,66.849,-24.371,-64.717,-71.911,-65.093,-48.894,-50.232
-23.903,36.044,84.293,4.1894,-129.72,64.473,-23.368,-63.41,-70.916,-64.462,-48.621,-49.576
-23.456,36.31,83.408,2.7241,-130.46,63.236,-22.179,-61.822,-69.68,-63.695,-48.287,-48.911
-22.767,38.42,83.326,0.51728,-131.33,63.552,-20.677,-59.797,-68.131,-62.76,-47.833,-48.152
-21.904,42.486,83.92,-2.5151,-131.7,65.41,-18.758,-57.22,-66.211,-61.62,-47.226,-47.251
-20.929,48.124,84.773,-6.367,-130.35,68.314,-16.313,-54.034,-63.896,-60.242,-46.471,-46.207
-19.884,54.507,85.417,-10.849,-126.64,71.582,-13.179,-50.251,-61.194,-58.585,-45.591,-45.05
-18.798,60.843,85.645,-15.618,-121.08,74.763,-9.1392,-45.945,-58.145,-56.616,-44.613,-43.816
-17.692,66.774,85.588,-20.365,-114.95,77.751,-4.1004,-41.213,-54.805,-54.318,-43.534,-42.514
-16.575,72.37,85.644,-24.967,-109.63,80.724,1.4514,-36.151,-51.223,-51.701,-42.325,-41.128
-15.444,77.945,86.333,-29.498,-106.62,84.003,6.4645,-30.843,-47.444,-48.811,-40.943,-39.631
-14.264,83.844,88.061,-34.138,-107.3,87.878,10.694,-25.386,-43.509,-45.723,-39.366,-38.008
-12.963,90.229,90.908,-39.046,-112.08,92.408,15.283,-19.923,-39.476,-42.54,-37.617,-36.27
-11.451,96.952,94.572,-44.229,-119.75,97.342,21.503,-14.641,-35.404,-39.355,-35.768,-34.448
-9.6716,103.6,98.503,-49.505,-128.31,102.22,29.802,-9.7336,-31.34,-36.214,-33.901,-32.574
-7.6406,109.73,102.1,-54.587,-136,106.59,39.671,-5.352,-27.303,-33.083,-32.063,-30.665
-5.4107,115.09,104.87,-59.254,-141.43,110.21,49.894,-1.5794,-23.296,-29.863,-30.241,-28.706
-2.9783,119.76,106.63,-63.468,-143.72,113.13,59.379,1.5549,-19.335,-26.448,-28.364,-26.654
-0.2063,124.06,107.46,-67.373,-142.77,115.66,68.124,4.045,-15.479,-22.792,-26.341,-24.441
3.1628,128.42,107.73,-71.204,-138.84,118.19,77.004,5.8845,-11.823,-18.949,-24.098,-21.999
7.3756,133.18,107.83,-75.164,-132.49,120.99,86.551,7.0621,-8.471,-15.06,-21.609,-19.274
12.442,138.37,108.02,-79.321,-124.98,124.07,95.529,7.5676,-5.499,-11.289,-18.892,-16.227
17.986,143.7,108.32,-83.591,-118.19,127.11,100.54,7.3951,-2.946,-7.7635,-15.994,-12.845
23.447,148.63,108.58,-87.756,-113.68,129.72,98.04,6.5366,-0.82791,-4.5464,-12.974,-9.1574
28.47,152.62,108.6,-91.546,-111.82,131.58,86.736,4.9771,0.8396,-1.6502,-9.8991,-5.2679
33.008,155.31,108.2,-94.747,-111.63,132.49,67.615,2.7094,2.0395,0.92852,-6.8467,-1.3438
37.171,156.63,107.13,-97.306,-111.5,132.32,43.006,-0.22935,2.7771,3.1868,-3.891,2.4329
41.119,156.74,105.19,-99.349,-109.9,131.02,15.937,-3.7235,3.1048,5.1166,-1.0911,5.9246
44.999,155.96,102.22,-101.1,-105.33,128.63,-10.538,-7.5833,3.12,6.7213,1.5147,9.0653
48.891,154.58,98.187,-102.76,-97.112,125.28,-34.168,-11.596,2.9309,8.0293,3.9037,11.854
52.763,152.51,93.145,-104.28,-86.837,121.01,-53.81,-15.591,2.6167,9.091,6.0658,14.338
56.458,149.18,87.214,-105.31,-77.171,115.64,-68.978,-19.472,2.2096,9.9661,8.0136,16.603
59.717,143.9,80.531,-105.2,-69.356,109.03,-79.129,-23.198,1.7103,10.717,9.7935,18.758
62.268,136.57,73.217,-103.54,-62.927,101.26,-83.352,-26.732,1.1195,11.412,11.477,20.89
63.936,127.67,65.324,-100.34,-56.906,92.62,-81.722,-30.003,0.46153,12.127,13.132,23.018
64.679,117.68,56.803,-95.854,-50.845,83.299,-77.275,-32.894,-0.20789,12.925,14.787,25.073
64.555,106.84,47.547,-90.281,-45.055,73.347,-73.628,-35.261,-0.81201,13.822,16.414,26.933
63.663,95.262,37.475,-83.705,-40.051,62.721,-71.667,-36.978,-1.2781,14.77,17.93,28.473
62.112,83.018,26.626,-76.226,-35.647,51.444,-70.537,-37.981,-1.5715,15.647,19.218,29.604
60.002,70.302,15.296,-68.06,-30.983,39.757,-69.35,-38.305,-1.7273,16.283,20.158,30.285
57.438,57.393,4.157,-59.533,-25.956,28.053,-67.626,-38.095,-1.8627,16.493,20.649,30.522
54.518,44.514,-5.957,-50.94,-21.418,16.657,-65.193,-37.583,-2.1599,16.118,20.619,30.34
51.308,31.707,-14.513,-42.395,-17.588,5.6569,-62.034,-37.043,-2.8162,15.081,20.028,29.758
47.832,18.822,-21.481,-33.758,-14.247,-5.0681,-58.216,-36.712,-3.9732,13.418,18.873,28.773
44.066,5.5181,-27.159,-24.7,-11.279,-15.571,-53.863,-36.731,-5.6577,11.279,17.198,27.376
39.936,-8.5352,-31.958,-14.849,-8.6605,-25.453,-49.149,-37.113,-7.7679,8.8672,15.096,25.574
35.344,-22.856,-36.296,-4.0763,-6.4062,-33.972,-44.277,-37.774,-10.119,6.3671,12.694,23.417
30.197,-35.691,-40.675,7.0479,-4.5531,-40.781,-39.468,-38.596,-12.52,3.8826,10.126,20.993
24.493,-45.522,-45.911,17.141,-3.1562,-46.334,-34.932,-39.486,-14.839,1.4259,7.5104,18.408
18.418,-52.507,-53.169,25.023,-2.2541,-51.606,-30.822,-40.39,-17.023,-1.0461,4.9327,15.771
12.34,-57.743,-62.886,30.636,-1.8323,-57.665,-27.199,-41.276,-19.08,-3.5771,2.4472,13.175
6.6328,-62.242,-73.303,34.601,-1.7542,-65.216,-24.029,-42.109,-21.037,-6.1708,0.088819,10.69
1.5097,-66.686,-82.303,37.525,-1.672,-74.134,-21.23,-42.84,-22.909,-8.7824,-2.1198,8.3498
-2.9567,-71.529,-89.843,39.788,-1.1075,-83.765,-18.716,-43.427,-24.691,-11.342,-4.167,6.1482
-6.7642,-77.146,-97.115,41.616,0.31313,-93.841,-16.416,-43.861,-26.365,-13.79,-6.0502,4.0544
-9.9306,-84.056,-105.22,43.169,2.7027,-104.69,-14.27,-44.18,-27.927,-16.107,-7.7734,2.0467
-12.463,-93.017,-114.56,44.614,5.8995,-116.56,-12.228,-44.467,-29.394,-18.325,-9.3462,0.13782
-14.371,-104.72,-124.64,46.165,9.5026,-128.91,-10.262,-44.823,-30.802,-20.498,-10.78,-1.6126
-15.756,-118.8,-134.32,48.055,12.942,-140.42,-8.3748,-45.327,-32.187,-22.668,-12.074,-3.1294
-16.826,-133.35,-142.47,50.447,15.627,-149.9,-6.5767,-45.995,-33.552,-24.812,-13.202,-4.3345
-17.8,-145.98,-148.3,53.318,17.13,-156.81,-4.8561,-46.764,-34.859,-26.832,-14.112,-5.1739
-18.801,-155.35,-151.44,56.349,17.324,-161.15,-3.1699,-47.523,-36.037,-28.584,-14.748,-5.6506
-19.847,-161.35,-151.97,59.007,16.378,-163.21,-1.47,-48.171,-37.025,-29.947,-15.088,-5.8511
-20.886,-164.49,-150.44,60.801,14.673,-163.43,0.26843,-48.676,-37.798,-30.873,-15.172,-5.936
-21.846,-165.43,-147.81,61.556,12.678,-162.4,2.0199,-49.098,-38.379,-31.407,-15.088,-6.085
-22.674,-164.88,-145.05,61.476,10.829,-160.8,3.697,-49.552,-38.82,-31.663,-14.926,-6.3942
-23.357,-163.53,-142.75,60.981,9.4072,-159.14,5.1477,-50.175,-39.181,-31.776,-14.733,-6.8422
-23.913,-161.83,-140.89,60.453,8.4565,-157.61,6.1896,-51.034,-39.495,-31.832,-14.495,-7.3225
-24.356,-159.89,-139,60.068,7.7914,-156.04,6.6744,-52.063,-39.727,-31.833,-14.162,-7.7154
-24.647,-157.42,-136.48,59.759,7.135,-153.97,6.5791,-53.036,-39.755,-31.716,-13.686,-7.9473
-24.71,-153.84,-132.9,59.285,6.2936,-150.9,6.0845,-53.575,-39.366,-31.408,-13.051,-8.0195
-24.485,-148.67,-128.24,58.376,5.2339,-146.49,5.5982,-53.168,-38.254,-30.886,-12.314,-8.0087
-23.971,-141.78,-122.84,56.896,4.0797,-140.79,5.7324,-51.148,-36.034,-30.162,-11.586,-8.0335
-23.223,-133.62,-117.25,54.942,3.0802,-134.26,7.2922,-46.716,-32.204,-29.207,-10.965,-8.1801
-22.336,-125.04,-112.05,52.779,2.5094,-127.65,11.048,-39.632,-26.175,-27.792,-10.371,-8.3949
-21.404,-116.74,-107.7,50.675,2.5326,-121.6,15.901,-34.195,-17.722,-25.301,-9.37,-8.3806
-20.446,-108.69,-104.33,48.75,3.136,-116.2,15.762,-44.608,-9.4806,-20.585,-6.9928,-7.5085
-19.281,-100.1,-101.65,46.963,4.1407,-110.66,10.224,-67.032,-17.291,-12.165,-1.553,-4.7007
-17.269,-90.011,-98.99,45.155,5.3112,-103.26,7.3666,-78.556,-56.236,-2.774,7.9915,1.6748
-13.126,-79.019,-95.316,43.097,6.6023,-91.923,9.025,-77.723,-65.745,-28.026,-7.2294,11.933
-9.5012,-69.996,-89.08,40.623,8.34,-77.058,6.4543,-64.529,-50.204,-34.198,-29.518,3.1345
-17.092,-69.275,-78.731,43.179,10.421,-65.789,-3.9198,-38.706,-24.672,-27.133,-26.754,-13.329
-19.011,-85.578,-68.169,50.482,12.478,-74.142,11.208,7.0981,9.5905,-20.301,-25.417,-14.354
-18.662,-92.32,-75.75,53.48,15.293,-87.086,41.103,81.905,59.59,-11.598,-24.661,-16.404
-17.118,-98.702,-88.82,56.347,20.165,-93.627,87.303,173.02,126.93,5.6851,-19.655,-17.898
-12.03,-103.64,-96.197,57.075,27.536,-99.895,143.17,262.03,214.31,42.624,-0.28496,-13.029
-0.015994,-102.86,-102.1,51.713,37.502,-103.01,187.99,328.16,327.65,112.41,47.513,8.5662
23.062,-90.384,-104.98,34.79,48.372,-99.28,202.85,356.21,466.41,228.82,136.99,60.706
61.115,-58.561,-102.45,-0.38117,60.5,-84.072,173.64,334.1,625.35,400.86,274.86,156.57
114.28,2.4365,-89.544,-60.706,74.037,-51.579,91.007,255.18,797.01,628.59,460.26,296.81
176.88,105.97,-60.786,-147.05,84.871,8.7983,-44.617,119.31,969.76,906.32,687.81,470.24
243.27,244.55,-8.5201,-246.54,87.415,109.46,-223.37,-70.729,1127.7,1217,943.64,667.23
307.12,391.11,77.647,-349.92,78.639,230.51,-432.34,-314.62,1249.5,1534.2,1207.4,874.88
360.15,539.19,181.7,-448.19,57.273,354.09,-657.28,-616.33,1308.3,1822.8,1452.1,1075.2
394.2,674.12,284.35,-529.54,24.25,474.62,-883.05,-979.47,1273.6,2040.6,1645.7,1245.1
402.96,777.8,378.63,-582.59,-16.793,576.35,-1094.8,-1398.3,1117.6,2144.2,1755.7,1359.2
383.61,833.21,450.52,-598.3,-59.762,642.41,-1278,-1848.6,827.76,2097,1755.1,1394.5
338.29,829,487.17,-572.45,-97.584,660.31,-1419.4,-2283.8,419.49,1881.7,1630,1337.4
273.9,762.65,480.21,-507.17,-123.57,624.64,-1508,-2642.4,-60.683,1510.4,1387.1,1189.2
199.97,641.05,428.16,-410.48,-132.36,538.02,-1537.2,-2866.2,-545.69,1027.7,1055.1,967.31
126.12,479.89,334.21,-294.78,-122.76,411.53,-1506.1,-2921,-966.15,502.93,680.89,701.58
60.469,293.25,222.18,-173.39,-99.658,252.86,-1420.8,-2809.5,-1268,15.032,318.69,428.33
8.5715,132.73,118.89,-64.309,-70.792,126.68,-1293.3,-2563.2,-1423.9,-368.52,16.955,180.69
-26.592,7.8267,33.815,13.443,-43.868,21.704,-1139.5,-2242.2,-1434.5,-614.59,-194.99,-6.2816
-46.384,-73.328,-20.379,62.652,-24.729,-45.426,-975.23,-1894.4,-1326.3,-704.35,-307.56,-124.09
-55.056,-104.75,-41.548,83.021,-15.659,-70.549,-814.39,-1557.8,-1139,-687.41,-339.38,-179.83
-56.528,-99.309,-35.357,82.252,-14.859,-63.367,-665.2,-1253.8,-914.65,-597.37,-312.98,-185.49
-53.479,-76.218,-15.474,69.821,-17.482,-42.042,-530.38,-990.94,-689.2,-469.5,-253.54,-160.97
-48.459,-49.674,3.636,53.708,-21.563,-20.054,-408.91,-770.7,-488.2,-336.81,-184.32,-124.75
-36.706,-28.96,15.423,40.128,-25.64,-4.2729,-300.97,-591.57,-326.39,-225.15,-123.29,-90.228
-25.702,-19.382,16.261,31.616,-26.614,1.2216,-211,-450.77,-209.43,-147.86,-80.307,-64.538
-25.608,-40.373,-13.864,35.183,-22.494,-25.902,-142.36,-344.59,-136.29,-104.29,-56.509,-44.799
-26.452,-50.624,-23.178,38.308,-20.991,-37.618,-93.245,-267.84,-99.487,-85.532,-48.894,-43.953
-27.254,-53.202,-25.425,39.605,-20.661,-40.268,-59.638,-214.1,-78.86,-81.017,-51.926,-47.351
-27.743,-54.087,-26.399,40.044,-20.215,-41.246,-37.559,-176.78,-67.642,-82.362,-55.749,-48.14
-27.801,-54.087,-26.904,39.881,-19.392,-41.453,-21.888,-150.33,-62.772,-85.81,-57.644,-47.271
-27.449,-53.66,-27.263,39.386,-18.053,-41.322,-10.305,-130.81,-59.795,-89.236,-53.835,-45.536
-26.79,-53.184,-27.663,38.825,-16.098,-41.154,-2.1122,-115.24,-59.057,-80.313,-46.852,-43.606
-25.956,-52.905,-28.192,38.396,-13.545,-41.131,3.9859,-101.43,-56.141,-68.668,-42.609,-41.942
-25.073,-52.907,-28.866,38.182,-10.567,-41.306,6.0599,-87.624,-48.071,-62.769,-40.18,-40.747
-24.208,-53.122,-29.62,38.148,-7.4326,-41.616,-2.2419,-77.584,-40.604,-59.277,-38.866,-39.972
-23.376,-53.399,-30.366,38.196,-4.3774,-41.951,-2.5583,-71.599,-34.601,-57.093,-38.266,-39.412
-22.565,-53.619,-31.054,38.231,-1.5338,-42.225,2.3474,-66.024,-29.88,-55.619,-38.007,-38.855
-21.793,-53.732,-31.678,38.201,1.0278,-42.423,8.4485,-60.59,-26.077,-54.417,-37.815,-38.191
-21.126,-53.76,-32.252,38.112,3.2096,-42.578,14.494,-55.449,-22.875,-53.211,-37.546,-37.443
-20.668,-53.761,-32.757,38.014,4.8568,-42.732,19.889,-50.712,-20.056,-51.87,-37.165,-36.72
-20.525,-53.799,-33.135,37.977,5.7872,-42.901,24.375,-46.451,-17.511,-50.373,-36.695,-36.152
-20.759,-53.919,-33.311,38.059,5.8516,-43.076,27.957,-42.674,-15.178,-48.748,-36.176,-35.817
-21.359,-54.125,-33.243,38.279,5.023,-43.235,30.793,-39.3,-12.994,-47.039,-35.626,-35.706
-22.23,-54.381,-32.944,38.602,3.4652,-43.349,33.147,-36.17,-10.865,-45.272,-35.039,-35.733
-23.219,-54.616,-32.481,38.947,1.5177,-43.39,35.28,-33.109,-8.6832,-43.445,-34.389,-35.78
-24.154,-54.751,-31.948,39.219,-0.4008,-43.342,37.39,-29.989,-6.3314,-41.537,-33.647,-35.743
-24.899,-54.733,-31.445,39.348,-1.9191,-43.204,39.544,-26.772,-3.7349,-39.508,-32.795,-35.564
-25.383,-54.56,-31.051,39.313,-2.8187,-43.003,41.698,-23.512,-0.8917,-37.335,-31.833,-35.243
-25.611,-54.284,-30.805,39.151,-3.0845,-42.781,43.753,-20.329,2.1264,-35.017,-30.775,-34.809
-25.648,-53.99,-30.694,38.94,-2.8892,-42.586,45.626,-17.321,5.2048,-32.573,-29.646,-34.309
-25.587,-53.768,-30.661,38.771,-2.5018,-42.445,47.281,-14.534,8.2345,-30.034,-28.469,-33.782
-25.504,-53.675,-30.643,38.713,-2.1475,-42.364,48.715,-11.953,11.154,-27.456,-27.268,-33.247
-25.432,-53.715,-30.611,38.781,-1.8763,-42.338,49.94,-9.5263,13.965,-24.913,-26.065,-32.707
-25.334,-53.849,-30.586,38.926,-1.5422,-42.347,50.973,-7.2141,16.713,-22.481,-24.889,-32.145
-25.118,-53.998,-30.615,39.058,-0.92666,-42.376,51.81,-5.0114,19.467,-20.222,-23.77,-31.548
-24.697,-54.074,-30.737,39.078,0.098545,-42.401,52.44,-2.9381,22.287,-18.15,-22.734,-30.895
-24.054,-54.006,-30.949,38.921,1.4945,-42.387,52.849,-0.98896,25.215,-16.211,-21.788,-30.166
-23.271,-53.755,-31.197,38.578,3.065,-42.302,53.042,0.87183,28.268,-14.293,-20.901,-29.349
-22.501,-53.328,-31.398,38.102,4.5156,-42.121,53.047,2.7363,31.448,-12.25,-20.013,-28.461
-21.913,-52.784,-31.473,37.584,5.5484,-41.844,52.926,4.7247,34.754,-9.951,-19.055,-27.542
-21.629,-52.211,-31.388,37.123,5.9705,-41.506,52.761,6.9349,38.199,-7.3193,-17.963,-26.633
-21.679,-51.696,-31.17,36.784,5.7677,-41.164,52.636,9.4006,41.823,-4.3491,-16.687,-25.745
-21.997,-51.292,-30.881,36.58,5.105,-40.869,52.596,12.084,45.702,-1.0836,-15.187,-24.833
-22.433,-50.988,-30.584,36.465,4.2623,-40.636,52.629,14.902,49.944,2.4189,-13.426,-23.823
-22.797,-50.712,-30.306,36.345,3.5393,-40.425,52.669,17.767,54.667,6.1097,-11.375,-22.667
-22.917,-50.351,-30.021,36.117,3.1643,-40.152,52.627,20.632,59.974,9.9573,-9.0184,-21.376
-22.693,-49.798,-29.665,35.705,3.2298,-39.724,52.429,23.506,65.929,13.942,-6.3448,-20.01
-22.138,-49.005,-29.165,35.102,3.6752,-39.077,52.043,26.455,72.54,18.047,-3.3457,-18.634
-21.367,-48.003,-28.472,34.373,4.3217,-38.21,51.477,29.569,79.777,22.258,-0.011863,-17.269
-20.549,-46.897,-27.595,33.624,4.9469,-37.187,50.771,32.918,87.611,26.569,3.6542,-15.888
-19.837,-45.82,-26.612,32.955,5.3676,-36.127,49.973,36.525,96.068,30.994,7.6246,-14.437
-19.321,-44.881,-25.651,32.411,5.4945,-35.16,49.12,40.363,105.26,35.576,11.845,-12.871
-19.011,-44.104,-24.841,31.963,5.3347,-34.369,48.225,44.379,115.37,40.388,16.261,-11.16
-18.838,-43.401,-24.237,31.493,4.9493,-33.741,47.292,48.549,126.57,45.54,20.848,-9.2816
-18.676,-42.585,-23.785,30.835,4.398,-33.159,46.339,52.933,138.92,51.206,25.641,-7.1912
-18.384,-41.435,-23.344,29.815,3.7155,-32.443,45.426,57.703,152.37,57.647,30.729,-4.8029
-17.844,-39.771,-22.75,28.314,2.9297,-31.421,44.651,63.122,166.73,65.199,36.234,-1.9979
-16.996,-37.499,-21.901,26.298,2.1057,-29.988,44.105,69.455,181.76,74.194,42.273,1.3396
-15.838,-34.632,-20.802,23.818,1.3759,-28.135,43.8,76.848,197.26,84.797,48.94,5.284
-14.388,-31.268,-19.562,20.977,0.93061,-25.949,43.641,85.23,213.1,96.848,56.305,9.8539
-12.639,-27.549,-18.341,17.874,0.96543,-23.568,43.473,94.321,229.24,109.85,64.412,15.029
-10.558,-23.601,-17.275,14.57,1.6041,-21.124,43.149,103.75,245.73,123.18,73.303,20.779
-8.1213,-19.488,-16.406,11.087,2.8256,-18.677,42.577,113.21,262.63,136.44,83.008,27.074
-5.3273,-15.183,-15.65,7.4045,4.4421,-16.187,41.733,122.56,279.98,149.56,93.532,33.892
-2.1873,-10.555,-14.83,3.4622,6.1475,-13.514,40.644,131.74,297.82,162.73,104.81,41.246
1.2886,-5.3984,-13.734,-0.82868,7.6109,-10.458,39.354,140.74,316.2,176.21,116.69,49.208
5.0778,0.50093,-12.186,-5.543,8.5764,-6.8093,37.894,149.48,335.17,190.22,128.99,57.888
9.1255,7.2727,-10.083,-10.695,8.9325,-2.3996,36.283,157.85,354.76,204.87,141.57,67.35
13.349,14.864,-7.4213,-16.208,8.7329,2.8254,34.552,165.72,375.01,220.19,154.31,77.555
17.659,22.978,-4.3136,-21.917,8.1623,8.7213,32.785,173.05,395.9,236.16,167.19,88.397
21.976,31.151,-0.98516,-27.618,7.4633,14.931,31.129,179.82,417.33,252.76,180.22,99.764
26.219,38.966,2.3022,-33.148,6.8539,21.039,29.763,186.09,439.06,269.93,193.46,111.55
30.298,46.257,5.3999,-38.457,6.4631,26.812,28.818,191.87,460.71,287.53,206.89,123.62
34.096,53.148,8.4034,-43.603,6.2987,32.333,28.314,197.17,481.83,305.35,220.44,135.86
37.468,59.907,11.66,-48.657,6.2578,37.919,28.129,201.96,501.99,323.19,234,148.18
40.306,66.75,15.633,-53.61,6.1826,43.895,28.026,206.18,520.8,340.82,247.46,160.59
42.606,73.702,20.659,-58.374,5.9425,50.365,27.718,209.77,537.9,358,260.69,173.08
44.488,80.623,26.684,-62.873,5.5044,57.103,26.939,212.71,553.04,374.43,273.53,185.58
46.137,87.305,33.181,-67.091,4.9526,63.669,25.54,215.03,566.05,389.76,285.79,197.9
47.707,93.583,39.409,-71.053,4.4399,69.661,23.559,216.81,577.02,403.74,297.33,209.83
49.258,99.391,44.826,-74.799,4.0889,74.897,21.236,218.16,586.1,416.26,308.06,221.17
50.75,104.79,49.305,-78.381,3.9088,79.436,18.921,219.22,593.52,427.33,317.88,231.77
52.122,109.93,53.061,-81.873,3.7855,83.494,16.903,220.07,599.47,437.02,326.69,241.46
53.36,114.99,56.45,-85.354,3.5504,87.347,15.286,220.76,604.16,445.32,334.35,250.04
54.503,120.13,59.805,-88.875,3.0768,91.231,13.976,221.28,607.76,452.18,340.81,257.36
55.624,125.4,63.306,-92.433,2.3493,95.273,12.769,221.59,610.43,457.56,346.11,263.39
56.799,130.73,66.924,-95.967,1.4847,99.44,11.461,221.63,612.27,461.55,350.39,268.27
58.101,135.89,70.427,-99.37,0.70806,103.53,9.9328,221.39,613.39,464.35,353.87,272.24
59.574,140.61,73.48,-102.52,0.28512,107.26,8.1779,220.85,613.87,466.23,356.75,275.58
61.201,144.66,75.81,-105.31,0.42151,110.36,6.2582,220.03,613.76,467.37,359.13,278.46
62.893,147.91,77.325,-107.68,1.1719,112.71,4.2355,218.94,613.09,467.88,361.05,280.96
64.501,150.43,78.125,-109.6,2.4097,114.38,2.1249,217.6,611.86,467.77,362.48,283.08
65.852,152.33,78.426,-111.07,3.8692,115.5,-0.096506,216,610.03,467.03,363.38,284.75
66.789,153.68,78.438,-112.08,5.2274,116.21,-2.4429,214.12,607.54,465.66,363.73,285.88
67.191,154.36,78.26,-112.51,6.1911,116.5,-4.8758,211.92,604.31,463.68,363.58,286.4
67.005,154.12,77.863,-112.24,6.5711,116.19,-7.2984,209.37,600.19,461.08,362.98,286.3
66.267,152.79,77.174,-111.22,6.3352,115.16,-9.5892,206.43,594.98,457.84,362.01,285.59
65.089,150.5,76.166,-109.58,5.613,113.47,-11.647,203.06,588.45,453.87,360.64,284.32
63.634,147.54,74.82,-107.52,4.6381,111.28,-13.416,199.23,580.31,449.01,358.85,282.55
62.064,144.12,73.031,-105.21,3.6637,108.7,-14.889,194.88,570.28,443.08,356.5,280.35
60.498,140.18,70.613,-102.69,2.8971,105.65,-16.096,189.93,558.14,435.8,353.41,277.71
58.996,135.54,67.367,-99.88,2.4577,101.98,-17.091,184.27,543.85,426.94,349.34,274.6
57.574,130.02,63.142,-96.691,2.3618,97.522,-17.932,177.75,527.53,416.32,344.04,270.87
56.236,123.6,57.863,-93.093,2.5374,92.191,-18.667,170.21,509.37,403.89,337.3,266.39
54.992,116.37,51.606,-89.137,2.8676,85.962,-19.326,161.46,489.54,389.75,329.08,261.02
53.844,108.56,44.679,-84.906,3.2485,78.902,-19.918,151.39,468.18,374.15,319.46,254.67
52.777,100.35,37.544,-80.453,3.6446,71.198,-20.435,140.04,445.41,357.35,308.6,247.31
51.755,91.88,30.563,-75.751,4.1193,63.124,-20.852,127.66,421.41,339.58,296.65,238.9
50.707,83.182,23.854,-70.681,4.8267,54.895,-21.144,114.71,396.45,320.99,283.73,229.45
49.493,74.164,17.34,-65.071,5.9652,46.54,-21.299,101.68,370.88,301.71,269.93,218.98
47.907,64.644,10.894,-58.775,7.6792,37.921,-21.331,88.941,345.01,281.91,255.36,207.62
45.724,54.478,4.4844,-51.789,9.9489,28.914,-21.277,76.726,319.09,261.83,240.22,195.54
42.805,43.743,-1.7472,-44.327,12.572,19.639,-21.191,65.117,293.27,241.73,224.72,182.93
39.215,32.861,-7.504,-36.779,15.227,10.572,-21.121,54.122,267.61,221.85,209.13,169.88
35.2,22.482,-12.476,-29.543,17.527,2.3462,-21.085,43.707,242.09,202.3,193.63,156.44
30.995,13.126,-16.49,-22.846,19.083,-4.6228,-21.065,33.807,216.69,183.09,178.38,142.72
26.692,4.8678,-19.55,-16.668,19.594,-10.347,-21.014,24.339,191.38,164.06,163.45,128.88
22.261,-2.636,-21.781,-10.787,18.95,-15.151,-20.884,15.211,166.09,145,148.83,115.18
17.627,-9.8481,-23.358,-4.9127,17.28,-19.387,-20.649,6.3509,140.79,125.66,134.45,101.79
12.74,-16.991,-24.477,1.1446,14.932,-23.229,-20.316,-2.2737,115.74,106.14,120.28,88.832
7.6387,-23.88,-25.353,7.3311,12.389,-26.685,-19.923,-10.649,91.721,87.135,106.37,76.376
2.5045,-30.11,-26.211,13.328,10.14,-29.742,-19.519,-18.716,69.991,69.835,92.897,64.512
-2.3596,-35.385,-27.202,18.706,8.5349,-32.442,-19.141,-26.379,51.494,55.13,80.169,53.288
-6.6162,-39.621,-28.331,23.135,7.6915,-34.794,-18.799,-33.521,36.275,43.09,68.46,42.673
-10.001,-42.83,-29.465,26.485,7.5177,-36.727,-18.48,-40.024,23.694,33.176,57.924,32.585
-12.39,-45.067,-30.414,28.806,7.8061,-38.147,-18.168,-45.809,12.987,24.726,48.552,22.963
-13.813,-46.459,-31.039,30.271,8.3352,-39.027,-17.852,-50.855,3.5948,17.233,40.214,13.849
-14.451,-47.221,-31.332,31.123,8.9367,-39.457,-17.54,-55.216,-4.7744,10.392,32.73,5.4065
-14.599,-47.634,-31.423,31.628,9.5416,-39.632,-17.254,-58.997,-12.25,4.0533,25.933,-2.1145
-14.581,-47.984,-31.53,32.025,10.203,-39.786,-17.024,-62.322,-18.909,-1.8397,19.709,-8.4891
-14.654,-48.481,-31.855,32.489,11.053,-40.107,-16.867,-65.288,-24.82,-7.2787,14.018,-13.626
-14.927,-49.209,-32.489,33.094,12.192,-40.67,-16.785,-67.953,-30.048,-12.218,8.8833,-17.604
-15.352,-50.107,-33.377,33.803,13.6,-41.415,-16.766,-70.332,-34.635,-16.605,4.359,-20.622
-15.762,-51.008,-34.335,34.494,15.127,-42.185,-16.788,-72.426,-38.609,-20.407,0.48891,-22.92
-15.981,-51.713,-35.125,35.03,16.545,-42.788,-16.843,-74.233,-41.987,-23.633,-2.7387,-24.725
-15.95,-52.077,-35.54,35.324,17.593,-43.078,-16.938,-75.769,-44.79,-26.331,-5.4067,-26.219
-15.794,-52.068,-35.478,35.391,18.039,-43.008,-17.093,-77.058,-47.055,-28.573,-7.6416,-27.523
-15.759,-51.773,-34.964,35.333,17.724,-42.638,-17.324,-78.125,-48.832,-30.427,-9.5554,-28.679
-16.067,-51.353,-34.125,35.283,16.594,-42.102,-17.623,-78.978,-50.186,-31.946,-11.201,-29.652
-16.808,-50.955,-33.123,35.334,14.718,-41.542,-17.961,-79.607,-51.189,-33.16,-12.565,-30.368
-17.933,-50.663,-32.099,35.507,12.281,-41.053,-18.295,-79.998,-51.91,-34.085,-13.599,-30.762
-19.298,-50.472,-31.138,35.754,9.5427,-40.656,-18.592,-80.148,-52.417,-34.747,-14.262,-30.817
-20.718,-50.312,-30.252,35.992,6.7791,-40.311,-18.849,-80.086,-52.775,-35.191,-14.563,-30.591
-22.013,-50.088,-29.397,36.13,4.22,-39.937,-19.104,-79.88,-53.059,-35.489,-14.588,-30.218
-23.023,-49.694,-28.491,36.092,2.0111,-39.434,-19.405,-79.628,-53.353,-35.732,-14.514,-29.894
-23.632,-49.038,-27.447,35.826,0.23113,-38.71,-19.775,-79.417,-53.739,-36.001,-14.574,-29.823
-23.782,-48.077,-26.232,35.318,-1.0671,-37.719,-20.187,-79.289,-54.266,-36.347,-14.978,-30.14
-23.477,-46.852,-24.895,34.602,-1.8469,-36.502,-20.566,-79.217,-54.924,-36.771,-15.807,-30.835
-22.796,-45.487,-23.559,33.755,-2.1186,-35.175,-20.828,-79.124,-55.645,-37.243,-16.975,-31.773
-21.891,-44.141,-22.344,32.885,-1.9812,-33.878,-20.91,-78.922,-56.331,-37.714,-18.285,-32.773
-20.959,-42.943,-21.297,32.103,-1.621,-32.704,-20.805,-78.55,-56.894,-38.155,-19.542,-33.702
-20.186,-41.962,-20.369,31.499,-1.2481,-31.668,-20.561,-77.994,-57.286,-38.572,-20.637,-34.517
-19.684,-41.194,-19.46,31.115,-1.0228,-30.731,-20.27,-77.284,-57.515,-39.016,-21.568,-35.24
-19.447,-40.582,-18.481,30.921,-1.0234,-29.835,-20.024,-76.478,-57.636,-39.564,-22.413,-35.92
-19.386,-40.03,-17.4,30.819,-1.2601,-28.938,-19.882,-75.633,-57.726,-40.283,-23.277,-36.596
-19.387,-39.431,-16.239,30.68,-1.7061,-28.015,-19.842,-74.786,-57.865,-41.195,-24.239,-37.279
-19.373,-38.698,-15.052,30.397,-2.3265,-27.062,-19.848,-73.949,-58.113,-42.267,-25.314,-37.942
-19.332,-37.807,-13.898,29.934,-3.1005,-26.094,-19.824,-73.109,-58.501,-43.424,-26.46,-38.535
-19.315,-36.835,-12.839,29.354,-4.034,-25.168,-19.713,-72.253,-59.029,-44.593,-27.611,-39.012
-19.421,-35.946,-11.94,28.805,-5.1549,-24.383,-19.509,-71.379,-59.665,-45.731,-28.729,-39.369
-19.744,-35.331,-11.254,28.455,-6.4869,-23.847,-19.253,-70.504,-60.359,-46.837,-29.83,-39.665
-20.317,-35.11,-10.794,28.408,-8.0156,-23.621,-19.007,-69.652,-61.056,-47.924,-30.976,-40.006
-21.08,-35.272,-10.506,28.657,-9.6627,-23.669,-18.813,-68.838,-61.715,-48.995,-32.236,-40.49
-21.903,-35.668,-10.276,29.095,-11.282,-23.858,-18.675,-68.052,-62.314,-50.036,-33.632,-41.143
-22.626,-36.081,-9.9786,29.565,-12.679,-24.002,-18.547,-67.253,-62.842,-51.02,-35.111,-41.896
-23.117,-36.314,-9.5186,29.93,-13.654,-23.945,-18.35,-66.378,-63.289,-51.917,-36.558,-42.607
-23.311,-36.267,-8.8609,30.118,-14.072,-23.616,-18.008,-65.369,-63.632,-52.706,-37.837,-43.119
-23.228,-35.952,-8.002,30.137,-13.925,-23.024,-17.483,-64.187,-63.838,-53.37,-38.841,-43.311
-22.969,-35.448,-6.9179,30.059,-13.367,-22.211,-16.792,-62.835,-63.875,-53.904,-39.513,-43.144
-22.67,-34.853,-5.5717,29.972,-12.654,-21.228,-16.005,-61.352,-63.724,-54.316,-39.862,-42.675
-22.453,-34.281,-4.017,29.951,-12.042,-20.175,-15.217,-59.795,-63.387,-54.63,-39.959,-42.037
-22.39,-33.865,-2.4918,30.031,-11.708,-19.248,-14.514,-58.215,-62.891,-54.882,-39.912,-41.384
-22.498,-33.723,-1.3434,30.202,-11.744,-18.681,-13.93,-56.635,-62.279,-55.106,-39.827,-40.828
-22.743,-33.873,-0.80304,30.409,-12.182,-18.593,-13.437,-55.045,-61.605,-55.321,-39.775,-40.399
-23.066,-34.175,-0.8201,30.559,-13.022,-18.879,-12.963,-53.416,-60.91,-55.511,-39.773,-40.046
-23.401,-34.386,-1.1057,30.553,-14.225,-19.257,-12.431,-51.726,-60.215,-55.638,-39.79,-39.684
-23.691,-34.285,-1.3338,30.323,-15.687,-19.439,-11.803,-49.981,-59.511,-55.651,-39.765,-39.239
-23.895,-33.798,-1.3347,29.866,-17.208,-19.296,-11.104,-48.212,-58.761,-55.511,-39.645,-38.681
-23.987,-33.02,-1.1589,29.251,-18.524,-18.893,-10.413,-46.472,-57.921,-55.212,-39.403,-38.038
-23.956,-32.159,-1.0108,28.585,-19.367,-18.43,-9.8351,-44.805,-56.962,-54.772,-39.051,-37.378
-23.791,-31.432,-1.118,27.97,-19.534,-18.121,-9.4527,-43.222,-55.883,-54.222,-38.623,-36.77
-23.473,-30.963,-1.606,27.457,-18.933,-18.088,-9.267,-41.683,-54.693,-53.586,-38.152,-36.23
-22.975,-30.71,-2.4223,27.011,-17.599,-18.289,-9.188,-40.091,-53.392,-52.871,-37.64,-35.702
-22.271,-30.456,-3.3412,26.515,-15.691,-18.505,-9.0598,-38.324,-51.942,-52.069,-37.066,-35.079
-21.361,-29.871,-4.0546,25.809,-13.476,-18.419,-8.7082,-36.289,-50.27,-51.146,-36.4,-34.261
-20.291,-28.634,-4.2896,24.748,-11.273,-17.73,-7.9777,-33.917,-48.299,-50.046,-35.621,-33.214
-19.159,-26.539,-3.8667,23.267,-9.3609,-16.245,-6.7397,-31.197,-45.976,-48.704,-34.732,-31.985
-18.105,-23.541,-2.6624,21.413,-7.8904,-13.886,-4.8745,-28.163,-43.299,-47.06,-33.752,-30.678
-17.25,-19.741,-0.53046,19.321,-6.8644,-10.641,-2.2548,-24.86,-40.309,-45.082,-32.703,-29.395
-16.632,-15.336,2.6672,17.142,-6.2466,-6.5651,1.2112,-21.307,-37.075,-42.767,-31.591,-28.173
-16.167,-10.555,6.7688,14.928,-6.0249,-1.8746,5.4012,-17.495,-33.658,-40.138,-30.392,-26.945
-15.705,-5.5518,11.131,12.568,-6.1,3.0379,9.7593,-13.407,-30.099,-37.237,-29.057,-25.565
-15.104,-0.3289,15.107,9.817,-6.3242,7.8367,13.601,-9.0643,-26.417,-34.114,-27.522,-23.871
-14.269,5.2366,18.588,6.426,-6.7665,12.472,17.028,-4.5553,-22.628,-30.826,-25.739,-21.754
-13.144,11.298,21.949,2.2802,-7.7561,17.157,21.023,-0.033571,-18.756,-27.426,-23.688,-19.2
-11.715,17.931,25.711,-2.5245,-9.6163,22.197,26.548,4.3191,-14.847,-23.942,-21.385,-16.284
-10.035,25.093,30.281,-7.7216,-12.395,27.834,33.939,8.3343,-10.961,-20.366,-18.872,-13.127
-8.2269,32.627,35.787,-13,-15.797,34.135,42.863,11.877,-7.1814,-16.68,-16.198,-9.8371
-6.4188,40.304,41.978,-18.129,-19.26,40.934,52.43,14.844,-3.6026,-12.878,-13.413,-6.4744
-4.6459,47.9,48.289,-23.019,-22.079,47.88,61.618,17.151,-0.31845,-8.9993,-10.572,-3.0519
-2.7917,55.287,54.082,-27.723,-23.61,54.608,70.066,18.74,2.6048,-5.1252,-7.7252,0.43762
-0.6175,62.474,58.959,-32.4,-23.505,60.909,78.341,19.584,5.14,-1.36,-4.9132,3.9881
2.1469,69.576,62.912,-37.24,-21.863,66.782,87.232,19.681,7.2855,2.1998,-2.1629,7.5517
5.6973,76.725,66.245,-42.378,-19.219,72.368,96.487,19.038,9.0379,5.4831,0.50083,11.03
10.06,83.961,69.356,-47.811,-16.343,77.816,103.38,17.652,10.375,8.4423,3.0506,14.301
15.024,91.174,72.488,-53.377,-13.972,83.162,103.42,15.536,11.264,11.042,5.4636,17.269
20.156,98.118,75.6,-58.824,-12.602,88.269,94.119,12.72,11.683,13.249,7.7321,19.907
25.001,104.51,78.434,-63.939,-12.433,92.876,76.521,9.281,11.647,15.033,9.8661,22.272
29.362,110.15,80.691,-68.651,-13.368,96.727,53.204,5.3382,11.208,16.375,11.882,24.466
33.357,115.02,82.16,-73.042,-14.887,99.693,26.868,1.0102,10.444,17.275,13.781,26.581
37.223,119.23,82.725,-77.26,-16.069,101.81,0.10875,-3.6215,9.4238,17.76,15.524,28.648
41.104,122.99,82.344,-81.407,-16.099,103.24,-24.81,-8.52,8.1884,17.892,17.033,30.61
44.944,126.39,81.041,-85.438,-14.747,104.16,-46.386,-13.662,6.7429,17.764,18.223,32.355
48.558,129.32,78.827,-89.14,-12.242,104.6,-63.977,-18.992,5.0713,17.488,19.043,33.765
51.775,131.34,75.586,-92.173,-8.9988,104.24,-77.359,-24.395,3.1575,17.153,19.5,34.766
54.488,131.65,71.181,-94.17,-5.459,102.43,-86.154,-29.713,1.0008,16.797,19.644,35.339
56.632,129.58,65.761,-94.826,-1.9977,98.715,-89.826,-34.781,-1.3776,16.385,19.532,35.514
58.158,125.09,59.757,-93.987,1.1192,93.303,-88.901,-39.462,-3.935,15.831,19.198,35.333
59.027,118.81,53.518,-91.694,3.7506,86.886,-85.875,-43.653,-6.6085,15.044,18.644,34.831
59.2,111.5,47.117,-88.16,5.9016,80.038,-83.213,-47.271,-9.3206,13.979,17.873,34.028
58.64,103.65,40.417,-83.661,7.7069,72.975,-81.501,-50.25,-12,12.645,16.894,32.935
57.333,95.406,33.209,-78.431,9.3038,65.627,-80.227,-52.565,-14.615,11.078,15.71,31.55
55.324,86.722,25.351,-72.627,10.71,57.814,-78.853,-54.267,-17.197,9.2864,14.284,29.842
52.736,77.514,16.95,-66.369,11.834,49.378,-77.087,-55.492,-19.838,7.2196,12.521,27.742
49.727,67.759,8.4832,-59.766,12.552,40.29,-74.817,-56.447,-22.651,4.7808,10.307,25.16
46.401,57.501,0.68789,-52.9,12.772,30.705,-72.029,-57.352,-25.71,1.885,7.5688,22.029
42.734,46.805,-5.7878,-45.777,12.459,20.93,-68.756,-58.381,-29.007,-1.4808,4.333,18.353
38.576,35.689,-10.678,-38.299,11.659,11.326,-65.062,-59.619,-32.452,-5.2273,0.73229,14.239
33.749,24.131,-14.123,-30.31,10.508,2.2402,-61.028,-61.048,-35.903,-9.1775,-3.0474,9.8601
28.175,12.206,-16.516,-21.728,9.2443,-6.0071,-56.747,-62.574,-39.222,-13.118,-6.8358,5.3924
21.994,0.33449,-18.312,-12.7,8.166,-13.137,-52.319,-64.076,-42.316,-16.858,-10.515,0.95208
15.55,-10.69,-19.902,-3.6708,7.5319,-19.023,-47.849,-65.445,-45.155,-20.288,-14.015,-3.4152
9.2446,-20.116,-21.525,4.7497,7.4519,-23.759,-43.466,-66.62,-47.758,-23.395,-17.296,-7.6985
3.3719,-27.665,-23.237,12.059,7.8373,-27.556,-39.321,-67.594,-50.166,-26.253,-20.341,-11.88
-1.9117,-33.492,-24.932,18.053,8.4273,-30.6,-35.564,-68.408,-52.416,-28.983,-23.156,-15.916
-6.5373,-37.918,-26.426,22.796,8.881,-33.004,-32.299,-69.125,-54.533,-31.687,-25.764,-19.741
-10.494,-41.267,-27.558,26.492,8.8965,-34.845,-29.546,-69.804,-56.52,-34.404,-28.18,-23.28
-13.829,-43.828,-28.277,29.375,8.3171,-36.228,-27.247,-70.471,-58.377,-37.092,-30.394,-26.466
-16.634,-45.872,-28.668,31.663,7.1866,-37.308,-25.298,-71.112,-60.095,-39.654,-32.375,-29.254
-19.008,-47.635,-28.907,33.539,5.7211,-38.266,-23.589,-71.691,-61.672,-41.986,-34.09,-31.634
-21.016,-49.285,-29.171,35.141,4.2129,-39.242,-22.03,-72.177,-63.101,-44.017,-35.531,-33.637
-22.686,-50.901,-29.569,36.553,2.9233,-40.3,-20.566,-72.559,-64.377,-45.729,-36.725,-35.331
-24.009,-52.467,-30.106,37.804,2.0153,-41.409,-19.172,-72.846,-65.486,-47.137,-37.72,-36.794
-24.968,-53.903,-30.704,38.881,1.5374,-42.473,-17.842,-73.051,-66.41,-48.268,-38.56,-38.086
-25.563,-55.101,-31.249,39.753,1.445,-43.373,-16.569,-73.171,-67.128,-49.14,-39.267,-39.228
-25.829,-55.979,-31.65,40.396,1.6405,-44.02,-15.336,-73.192,-67.63,-49.764,-39.839,-40.197
-25.852,-56.517,-31.878,40.819,2.0121,-44.387,-14.115,-73.102,-67.93,-50.151,-40.249,-40.948
-25.753,-56.77,-31.971,41.066,2.4535,-44.523,-12.89,-72.913,-68.064,-50.32,-40.469,-41.449
-25.661,-56.853,-32.015,41.211,2.8699,-44.534,-11.676,-72.672,-68.086,-50.303,-40.494,-41.71
-25.683,-56.9,-32.103,41.334,3.1856,-44.54,-10.537,-72.448,-68.044,-50.139,-40.367,-41.795
-25.877,-57.015,-32.296,41.495,3.3483,-44.634,-9.5681,-72.296,-67.959,-49.87,-40.157,-41.797
-26.236,-57.242,-32.602,41.713,3.3303,-44.855,-8.8487,-72.198,-67.797,-49.521,-39.933,-41.802
-26.699,-57.563,-32.987,41.967,3.1357,-45.185,-8.358,-72.002,-67.452,-49.089,-39.729,-41.844
-27.168,-57.924,-33.395,42.206,2.8077,-45.576,-7.9095,-71.374,-66.733,-48.535,-39.544,-41.904
-27.533,-58.266,-33.775,42.381,2.4294,-45.975,-7.1193,-69.779,-65.366,-47.794,-39.357,-41.941
-27.7,-58.559,-34.113,42.461,2.1161,-46.351,-5.3668,-66.466,-62.979,-46.771,-39.145,-41.918
-27.614,-58.802,-34.436,42.443,2.0012,-46.704,-1.7205,-60.651,-59.073,-45.295,-38.852,-41.796
-27.263,-59.01,-34.817,42.341,2.2133,-47.056,4.2999,-53.161,-53.048,-43.01,-38.325,-41.476
-26.667,-59.179,-35.338,42.16,2.8504,-47.425,7.648,-52.32,-44.937,-39.204,-37.236,-40.724
-25.843,-59.239,-36.056,41.869,3.9656,-47.78,3.9514,-66.499,-39.971,-32.681,-34.949,-39.094
-24.737,-59.027,-36.946,41.372,5.6051,-47.999,0.85555,-79.269,-56.632,-22.634,-30.265,-35.756
-23.032,-58.296,-37.854,40.489,7.9606,-47.877,0.63208,-82.288,-73.749,-22.758,-25.757,-29.191
-19.801,-56.785,-38.519,38.904,11.328,-47.214,2.2598,-74.866,-66.162,-39.89,-38.13,-23.56
-17.103,-54.731,-38.774,36.95,15.165,-46.034,-2.4069,-53.918,-47.322,-33.899,-35.212,-35.094
-19.919,-62.58,-38.956,44.714,18.777,-46.758,0.27283,-18.374,-20.649,-27.147,-33.09,-35.421
-19.974,-81.029,-41.889,50.515,22.261,-66.523,19.74,45.603,15.012,-19.587,-32.729,-37.039
-19.636,-89.896,-63.073,54.251,26.198,-80.599,54.888,131.98,67.912,-7.1847,-31.807,-39.623
-17.995,-97.935,-79.491,57.275,31.335,-89.636,109.15,223.2,143.94,18.776,-23.774,-39.168
-12.681,-102.14,-88.033,56.666,37.659,-96.095,166.7,298.54,249.93,71.345,2.8934,-28.19
0.060749,-97.203,-93.589,47.778,45.817,-96.806,206.46,341.99,385.68,166.37,63.675,5.2024
25.239,-76.851,-94.079,24.649,57.103,-88.12,213.21,341.21,539.23,316.52,174.03,78.662
67.914,-33.753,-86.459,-19.569,71.355,-66.027,170.66,287.5,704.14,517.81,335.8,204.32
128.09,46.633,-68.187,-92.286,85.053,-21.535,69.943,177.72,874.78,765.06,542.22,368.19
195.23,176.58,-31.806,-189.09,93.641,64.873,-83.854,12.556,1039.7,1050.9,787.64,560.19
261.81,325.85,40.062,-293.03,94.275,185.91,-276.77,-207.47,1180.2,1357.6,1055.5,772.17
321.77,477.15,142.56,-396.72,83.587,309.38,-492.57,-485.03,1270.5,1657.6,1321.7,985.89
367.08,620.04,244.26,-488.74,60.468,431.68,-715.98,-824.14,1279.6,1912.8,1554.5,1178.3
390.32,736.48,340.61,-556.82,26.275,540.19,-932.72,-1223.4,1176.8,2076.5,1717.6,1323.5
386.35,809.3,421.1,-590.79,-15.295,618.24,-1128.7,-1666.7,942.25,2103,1776.6,1396.3
354.32,825.11,472,-583.97,-57.965,651.53,-1290.1,-2115.9,579.67,1962.4,1708.7,1378.5
298.47,777.92,482.1,-535.23,-93.69,632.01,-1404.3,-2514.5,123.93,1654.1,1510.3,1265.4
227.02,671.88,447.1,-449.98,-115.1,560.3,-1461.8,-2800.7,-364.46,1211.2,1202,1068
150.19,521.15,370.68,-339.2,-118.19,446.5,-1458.1,-2928.8,-815.07,695.15,826.5,812.26
78.14,343.05,258.8,-216.76,-104.29,298.19,-1396.7,-2884.7,-1165.7,182.9,439.21,534.34
18.273,169.5,159.06,-95.469,-79.211,165.79,-1288.2,-2689.9,-1376.8,-252.19,95.092,271.98
-24.067,39.501,67.615,-6.5219,-50.831,55.142,-1148.5,-2390.2,-1438.3,-564.24,-172.31,49.605
-48.632,-55.874,1.6951,54.124,-26.717,-25.7,-993.95,-2039.6,-1367.9,-716.95,-321.78,-90.393
-61.146,-102.04,-32.207,83.187,-12.458,-65.977,-838.35,-1684,-1204.3,-742.52,-384.32,-173.92
-66.533,-104.22,-35.255,86.386,-10.164,-67.973,-689.93,-1354.1,-990.96,-674.8,-376.2,-201.77
-66.843,-82.53,-17.16,75.385,-17.754,-48.022,-552,-1065.2,-766.07,-553.3,-323.7,-190.72
-64.033,-55.063,4.679,59.467,-27.35,-23.879,-426.2,-822.93,-558.35,-414.98,-251.81,-160.91
-58.509,-32.378,20.254,44.883,-33.641,-5.0411,-315.1,-626.91,-385.92,-288.34,-180.23,-126.03
-39.018,-19.58,26.642,35.044,-35.497,4.0667,-221.29,-473.46,-256.18,-190.12,-121.5,-93.906
-32.279,-28.929,13.253,34.895,-31.76,-6.9446,-147.66,-357.79,-168.11,-125.74,-81.39,-68.679
-31.454,-47.728,-11.174,38.747,-26.493,-31.231,-93.976,-274.63,-117.01,-92.854,-60.462,-48.542
-31.019,-52.363,-19.012,40.465,-21.509,-37.39,-57.193,-217.54,-89.304,-82.212,-54.663,-50.524
-30.223,-54.437,-22.705,41.273,-16.416,-40,-33.943,-179.46,-72.809,-81.467,-55.273,-51.502
-29.067,-55.287,-24.957,41.384,-11.552,-41.259,-19.117,-153.56,-64.905,-84.087,-57.255,-50.841
-27.814,-55.323,-26.206,41.051,-7.3254,-41.646,-7.9231,-134.37,-61.4,-87.995,-59.22,-49.325
-26.732,-54.922,-26.733,40.569,-4.05,-41.497,0.7348,-118.45,-58.741,-87.362,-56.584,-47.41
-25.986,-54.468,-27.035,40.179,-1.8118,-41.221,7.4059,-103.85,-59.459,-74.216,-49.856,-45.492
-25.625,-54.263,-27.59,40.019,-0.39649,-41.199,12.305,-88.43,-53.447,-66.363,-45.687,-43.823
-25.583,-54.427,-28.521,40.115,0.57563,-41.574,10.666,-71.535,-45.471,-62.127,-43.273,-42.528
-25.731,-54.896,-29.668,40.395,1.4068,-42.251,11.85,-60.371,-38.677,-59.54,-41.847,-41.651
-25.928,-55.505,-30.821,40.736,2.2036,-43.045,19.664,-51.271,-33.308,-57.851,-41.035,-41.159
-26.067,-56.068,-31.82,41.011,2.9432,-43.776,27.59,-42.903,-29.044,-56.583,-40.549,-40.952
-26.095,-56.431,-32.539,41.137,3.5468,-44.294,33.777,-35.266,-25.473,-55.412,-40.176,-40.896
-26.018,-56.506,-32.867,41.088,3.897,-44.496,38.425,-28.286,-22.239,-54.151,-39.774,-40.863
-25.891,-56.292,-32.749,40.898,3.8775,-44.358,42.077,-21.852,-19.078,-52.7,-39.274,-40.767
-25.787,-55.866,-32.225,40.633,3.4285,-43.938,45.107,-15.887,-15.819,-51.014,-38.652,-40.576
-25.762,-55.344,-31.429,40.365,2.5877,-43.359,47.705,-10.347,-12.387,-49.088,-37.912,-40.31
-25.837,-54.843,-30.54,40.146,1.4893,-42.757,49.959,-5.1949,-8.7988,-46.951,-37.069,-40.014
-25.992,-54.437,-29.719,39.993,0.31777,-42.239,51.922,-0.39293,-5.1345,-44.672,-36.136,-39.738
-26.18,-54.136,-29.05,39.886,-0.75599,-41.844,53.632,4.0915,-1.4978,-42.346,-35.131,-39.514
-26.329,-53.879,-28.527,39.77,-1.6231,-41.532,55.125,8.2729,2.0274,-40.067,-34.077,-39.343
-26.376,-53.565,-28.071,39.583,-2.2505,-41.209,56.432,12.148,5.4051,-37.89,-33.006,-39.202
-26.279,-53.095,-27.585,39.271,-2.6584,-40.773,57.579,15.707,8.6476,-35.806,-31.95,-39.057
-26.031,-52.416,-27.014,38.813,-2.8789,-40.169,58.577,18.951,11.794,-33.759,-30.926,-38.874
-25.648,-51.547,-26.383,38.224,-2.9248,-39.417,59.43,21.905,14.883,-31.688,-29.93,-38.635
-25.165,-50.583,-25.787,37.557,-2.7922,-38.616,60.135,24.626,17.932,-29.561,-28.946,-38.333
-24.63,-49.668,-25.338,36.891,-2.491,-37.9,60.686,27.191,20.946,-27.389,-27.968,-37.977
-24.101,-48.946,-25.091,36.314,-2.067,-37.381,61.071,29.681,23.928,-25.209,-27.01,-37.589
-23.638,-48.493,-25.01,35.901,-1.5952,-37.089,61.272,32.165,26.902,-23.049,-26.095,-37.186
-23.271,-48.277,-24.978,35.669,-1.152,-36.949,61.278,34.684,29.907,-20.907,-25.227,-36.77
-22.975,-48.162,-24.863,35.558,-0.78493,-36.824,61.103,37.248,32.977,-18.742,-24.37,-36.323
-22.675,-47.966,-24.576,35.447,-0.4875,-36.572,60.797,39.847,36.129,-16.491,-23.462,-35.817
-22.301,-47.539,-24.111,35.213,-0.1997,-36.109,60.444,42.468,39.365,-14.094,-22.434,-35.23
-21.836,-46.824,-23.536,34.788,0.14749,-35.433,60.134,45.118,42.679,-11.517,-21.232,-34.546
-21.329,-45.872,-22.963,34.183,0.56695,-34.629,59.934,47.829,46.073,-8.7673,-19.828,-33.757
-20.871,-44.832,-22.503,33.479,0.97594,-33.833,59.852,50.635,49.56,-5.8816,-18.219,-32.861
-20.569,-43.894,-22.219,32.805,1.208,-33.189,59.843,53.547,53.174,-2.9096,-16.43,-31.869
-20.511,-43.226,-22.086,32.29,1.073,-32.786,59.828,56.541,56.99,0.11822,-14.498,-30.793
-20.729,-42.891,-21.981,32.019,0.44502,-32.604,59.739,59.588,61.141,3.2117,-12.443,-29.627
-21.164,-42.797,-21.729,31.972,-0.66003,-32.504,59.553,62.704,65.82,6.4256,-10.227,-28.323
-21.656,-42.715,-21.193,32.014,-2.0548,-32.282,59.305,65.989,71.243,9.8418,-7.7331,-26.781
-21.993,-42.374,-20.334,31.935,-3.4191,-31.758,59.063,69.627,77.608,13.541,-4.8018,-24.872
-22,-41.579,-19.228,31.552,-4.4035,-30.85,58.899,73.842,85.04,17.575,-1.3038,-22.481
-21.617,-40.284,-18.023,30.79,-4.7631,-29.598,58.85,78.826,93.566,21.959,2.7772,-19.561
-20.923,-38.596,-16.891,29.697,-4.4611,-28.141,58.907,84.649,103.11,26.676,7.3082,-16.18
-20.085,-36.718,-15.976,28.407,-3.6907,-26.667,59.018,91.217,113.54,31.71,12.051,-12.526
-19.281,-34.868,-15.355,27.069,-2.8019,-25.354,59.101,98.295,124.7,37.07,16.768,-8.839
-18.616,-33.191,-15.01,25.774,-2.1604,-24.303,59.086,105.61,136.48,42.812,21.334,-5.2986
-18.073,-31.683,-14.833,24.504,-2.0002,-23.486,58.941,112.94,148.82,49.047,25.779,-1.9198
-17.515,-30.163,-14.647,23.115,-2.3359,-22.735,58.689,120.2,161.69,55.937,30.247,1.4581
-16.738,-28.313,-14.257,21.377,-2.9825,-21.787,58.392,127.43,175.06,63.678,34.932,5.0886
-15.555,-25.774,-13.51,19.061,-3.6584,-20.362,58.117,134.74,188.91,72.45,40.025,9.2042
-13.865,-22.264,-12.327,16.023,-4.0953,-18.247,57.894,142.22,203.25,82.354,45.715,13.938
-11.697,-17.652,-10.697,12.269,-4.1077,-15.33,57.707,149.88,218.1,93.364,52.199,19.302
-9.199,-12.012,-8.6413,7.9743,-3.6175,-11.603,57.495,157.6,233.52,105.35,59.666,25.213
-6.5859,-5.6335,-6.2072,3.4338,-2.6539,-7.178,57.19,165.23,249.56,118.15,68.25,31.564
-4.0419,1.0412,-3.4961,-1.0546,-1.347,-2.3159,56.758,172.62,266.27,131.56,77.972,38.29
-1.6014,7.6022,-0.70085,-5.3408,0.095501,2.6258,56.219,179.68,283.69,145.42,88.717,45.397
0.90949,13.911,1.9686,-9.5174,1.4253,7.3936,55.635,186.35,301.79,159.58,100.28,52.942
3.8241,20.189,4.4584,-13.89,2.3864,12.022,55.074,192.55,320.55,173.99,112.41,60.991
7.4806,26.889,6.9687,-18.824,2.7575,16.837,54.573,198.22,339.87,188.64,124.88,69.593
12.008,34.422,9.8793,-24.545,2.42,22.286,54.126,203.29,359.64,203.56,137.49,78.753
17.173,42.875,13.559,-30.984,1.411,28.662,53.681,207.75,379.76,218.71,150.09,88.41
22.453,51.88,18.167,-37.774,-0.079826,35.869,53.155,211.62,400.11,234.07,162.58,98.429
27.322,60.795,23.546,-44.409,-1.7404,43.395,52.466,215,420.59,249.6,174.99,108.64
31.505,69.072,29.26,-50.497,-3.1881,50.61,51.567,218.01,441.06,265.33,187.42,118.92
35.034,76.507,34.802,-55.933,-4.067,57.122,50.466,220.76,461.39,281.34,199.99,129.24
38.13,83.254,39.843,-60.876,-4.1651,62.914,49.232,223.34,481.34,297.71,212.86,139.72
41.037,89.666,44.369,-65.606,-3.495,68.234,47.952,225.8,500.64,314.41,226.09,150.5
43.909,96.124,48.642,-70.362,-2.2985,73.435,46.679,228.13,518.91,331.26,239.62,161.72
46.779,102.88,53.01,-75.257,-0.96508,78.803,45.382,230.26,535.78,347.98,253.27,173.42
49.588,109.95,57.672,-80.245,0.10358,84.426,43.939,232.11,550.93,364.23,266.68,185.42
52.229,117.11,62.535,-85.157,0.62208,90.139,42.173,233.6,564.1,379.69,279.5,197.32
54.589,123.96,67.259,-89.783,0.48936,95.606,39.921,234.69,575.2,394.1,291.43,208.61
56.577,130.15,71.46,-93.964,-0.21827,100.49,37.098,235.41,584.28,407.24,302.25,218.8
58.159,135.5,74.888,-97.648,-1.3103,104.59,33.752,235.81,591.51,418.88,311.86,227.68
59.369,140.09,77.503,-100.89,-2.5659,107.94,30.071,236.01,597.12,428.83,320.25,235.32
60.284,144.14,79.472,-103.81,-3.7994,110.77,26.321,236.09,601.4,437.03,327.45,241.98
60.991,147.94,81.111,-106.51,-4.8853,113.4,22.727,236.11,604.64,443.61,333.57,247.96
61.578,151.71,82.778,-109.02,-5.7441,116.14,19.358,236.07,607.08,448.85,338.77,253.51
62.146,155.5,84.733,-111.34,-6.3192,119.15,16.114,235.9,608.89,453.03,343.24,258.77
62.804,159.21,87.029,-113.43,-6.5833,122.36,12.824,235.55,610.19,456.4,347.09,263.74
63.623,162.61,89.506,-115.25,-6.5867,125.52,9.3807,234.98,611.05,459.12,350.41,268.38
64.544,165.52,91.903,-116.8,-6.5015,128.35,5.8429,234.16,611.51,461.29,353.24,272.63
65.366,167.83,94.006,-118.04,-6.5877,130.66,2.4019,233.15,611.58,462.97,355.63,276.47
65.85,169.54,95.732,-118.92,-7.0719,132.43,-0.73221,232.01,611.28,464.2,357.63,279.94
65.867,170.7,97.096,-119.43,-8.0237,133.71,-3.443,230.78,610.59,464.97,359.3,283.14
65.464,171.43,98.141,-119.63,-9.3144,134.62,-5.7451,229.5,609.51,465.27,360.69,286.11
64.833,171.91,98.894,-119.67,-10.656,135.28,-7.7545,228.13,607.98,465.05,361.8,288.86
64.242,172.31,99.365,-119.69,-11.69,135.79,-9.6228,226.62,605.92,464.26,362.58,291.29
63.955,172.77,99.565,-119.83,-12.095,136.22,-11.466,224.9,603.12,462.8,362.98,293.25
64.16,173.34,99.517,-120.18,-11.687,136.61,-13.318,222.89,599.29,460.54,362.89,294.55
64.904,173.97,99.265,-120.73,-10.478,136.94,-15.139,220.49,593.99,457.3,362.23,295.07
66.074,174.59,98.864,-121.4,-8.6842,137.17,-16.852,217.64,586.72,452.81,360.86,294.72
67.419,175.05,98.351,-122.05,-6.6573,137.23,-18.398,214.24,577.07,446.81,358.61,293.46
68.611,175.2,97.73,-122.5,-4.7931,137.04,-19.762,210.23,564.9,439.1,355.25,291.27
69.349,174.88,96.97,-122.57,-3.4149,136.5,-20.979,205.55,550.4,429.66,350.59,288.12
69.474,173.99,96.019,-122.18,-2.6734,135.53,-22.1,200.17,533.97,418.67,344.57,283.95
69.012,172.48,94.827,-121.3,-2.5069,134.08,-23.168,194.05,516.01,406.28,337.23,278.73
68.105,170.35,93.36,-119.97,-2.6936,132.12,-24.184,187.09,496.75,392.55,328.66,272.49
66.892,167.58,91.615,-118.2,-2.9658,129.69,-25.12,179.18,476.3,377.45,318.92,265.28
65.465,164.14,89.613,-115.92,-3.1093,126.83,-25.935,170.13,454.66,360.91,308.05,257.19
63.911,159.98,87.372,-113.11,-3.003,123.58,-26.599,159.77,431.81,342.98,296.06,248.24
62.329,155.08,84.877,-109.8,-2.6306,119.88,-27.106,147.99,407.77,323.85,282.97,238.44
60.745,149.43,82.059,-106.07,-2.0932,115.68,-27.476,134.81,382.69,303.81,268.9,227.8
59.024,142.97,78.805,-101.86,-1.586,110.86,-27.75,120.45,356.83,283.2,254.01,216.4
56.928,135.6,75.012,-97.034,-1.3234,105.37,-27.967,105.33,330.53,262.37,238.51,204.41
54.233,127.28,70.617,-91.463,-1.446,99.186,-28.148,89.992,304.09,241.58,222.65,192.03
50.835,118.12,65.6,-85.161,-1.9575,92.359,-28.279,75.003,277.69,220.98,206.71,179.37
46.782,108.35,59.962,-78.293,-2.7157,84.976,-28.321,60.851,251.42,200.62,190.89,166.45
42.252,98.255,53.718,-71.104,-3.4783,77.126,-28.217,47.842,225.31,180.43,175.38,153.28
37.486,88.039,46.924,-63.83,-3.9894,68.894,-27.92,36.031,199.36,160.3,160.24,139.94
32.706,77.86,39.693,-56.652,-4.0732,60.38,-27.415,25.247,173.56,140.05,145.48,126.58
28.02,67.796,32.2,-49.638,-3.6981,51.684,-26.739,15.219,147.98,119.76,131.11,113.44
23.347,57.789,24.668,-42.683,-2.9833,42.865,-25.966,5.7092,123.02,99.951,117.19,100.74
18.435,47.62,17.365,-35.504,-2.1404,33.912,-25.173,-3.4175,99.495,81.543,103.84,88.729
13.037,36.977,10.561,-27.767,-1.3751,24.807,-24.409,-12.195,78.311,65.256,91.178,77.523
7.1947,25.694,4.4524,-19.331,-0.80093,15.672,-23.68,-20.588,59.945,51.258,79.295,67.146
1.4151,14.049,-0.90106,-10.507,-0.41042,6.8561,-22.973,-28.526,44.336,39.314,68.249,57.524
-3.5986,2.832,-5.5403,-2.0444,-0.11277,-1.1809,-22.276,-35.934,31.074,29.04,58.071,48.516
-7.4559,-7.0812,-9.527,5.2883,0.19465,-8.1093,-21.598,-42.751,19.619,20.039,48.733,39.955
-10.208,-15.252,-12.898,11.158,0.568,-13.846,-20.969,-48.94,9.4759,11.977,40.137,31.683
-12.131,-21.763,-15.676,15.707,0.99976,-18.489,-20.414,-54.478,0.31346,4.6434,32.142,23.597
-13.538,-26.957,-17.902,19.292,1.4397,-22.213,-19.934,-59.346,-7.9922,-2.0341,24.642,15.707
-14.686,-31.172,-19.67,22.238,1.8338,-25.205,-19.5,-63.537,-15.412,-8.0488,17.635,8.1508
-15.724,-34.653,-21.118,24.731,2.1536,-27.651,-19.069,-67.07,-21.88,-13.388,11.224,1.1584
-16.694,-37.564,-22.393,26.844,2.4011,-29.726,-18.61,-70.005,-27.399,-18.076,5.527,-5.0558
-17.585,-40.037,-23.595,28.622,2.5982,-31.564,-18.112,-72.44,-32.069,-22.173,0.57966,-10.396
-18.385,-42.167,-24.753,30.113,2.7749,-33.231,-17.59,-74.5,-36.056,-25.757,-3.7051,-14.912
-19.081,-43.988,-25.829,31.353,2.9607,-34.718,-17.077,-76.307,-39.526,-28.894,-7.4906,-18.751
-19.65,-45.476,-26.75,32.35,3.1797,-35.965,-16.621,-77.949,-42.596,-31.632,-10.932,-22.083
-20.068,-46.587,-27.449,33.098,3.4518,-36.909,-16.273,-79.463,-45.311,-33.99,-14.108,-25.038
-20.326,-47.306,-27.898,33.604,3.7967,-37.516,-16.064,-80.834,-47.668,-35.973,-17.001,-27.681
-20.438,-47.671,-28.13,33.902,4.2328,-37.817,-15.987,-82.022,-49.647,-37.586,-19.535,-30.018
-20.451,-47.782,-28.229,34.053,4.7646,-37.901,-15.996,-82.992,-51.248,-38.86,-21.632,-32.026
-20.43,-47.781,-28.302,34.142,5.3641,-37.899,-16.018,-83.738,-52.506,-39.858,-23.264,-33.687
-20.449,-47.814,-28.434,34.251,5.9578,-37.938,-15.989,-84.291,-53.481,-40.666,-24.475,-35.015
-20.565,-47.992,-28.66,34.443,6.4264,-38.105,-15.878,-84.708,-54.249,-41.37,-25.375,-36.069
-20.802,-48.355,-28.944,34.741,6.6272,-38.415,-15.703,-85.054,-54.884,-42.053,-26.107,-36.93
-21.145,-48.857,-29.193,35.117,6.4393,-38.811,-15.52,-85.386,-55.451,-42.78,-26.802,-37.675
-21.536,-49.384,-29.295,35.502,5.8143,-39.186,-15.397,-85.741,-56.006,-43.596,-27.539,-38.356
-21.904,-49.802,-29.166,35.812,4.8056,-39.433,-15.378,-86.123,-56.586,-44.513,-28.333,-38.99
-22.193,-50.02,-28.794,35.992,3.5579,-39.488,-15.468,-86.51,-57.203,-45.499,-29.151,-39.57
-22.388,-50.039,-28.247,36.047,2.2629,-39.37,-15.63,-86.863,-57.846,-46.491,-29.948,-40.087
-22.52,-49.952,-27.66,36.043,1.1091,-39.169,-15.809,-87.142,-58.484,-47.417,-30.703,-40.548
-22.648,-49.904,-27.198,36.076,0.2444,-39.017,-15.953,-87.323,-59.077,-48.227,-31.419,-40.984
-22.829,-50.035,-27.012,36.23,-0.24188,-39.047,-16.029,-87.402,-59.588,-48.919,-32.113,-41.435
-23.092,-50.431,-27.198,36.543,-0.32818,-39.344,-16.029,-87.389,-59.988,-49.526,-32.799,-41.926
-23.431,-51.095,-27.765,37.002,-0.066618,-39.92,-15.966,-87.299,-60.267,-50.101,-33.474,-42.454
-23.812,-51.955,-28.627,37.552,0.42218,-40.715,-15.871,-87.148,-60.433,-50.689,-34.121,-42.985
-24.191,-52.886,-29.628,38.113,0.98515,-41.613,-15.782,-86.946,-60.51,-51.306,-34.716,-43.475
-24.521,-53.753,-30.602,38.61,1.4981,-42.481,-15.717,-86.695,-60.531,-51.941,-35.247,-43.889
-24.763,-54.453,-31.44,38.994,1.9149,-43.219,-15.661,-86.393,-60.516,-52.571,-35.722,-44.219
-24.902,-54.958,-32.123,39.255,2.2772,-43.796,-15.565,-86.034,-60.47,-53.177,-36.173,-44.483
-24.944,-55.31,-32.717,39.429,2.6936,-44.249,-15.362,-85.609,-60.371,-53.751,-36.639,-44.721
-24.914,-55.6,-33.332,39.58,3.3078,-44.661,-14.994,-85.11,-60.188,-54.298,-37.159,-44.973
-24.836,-55.922,-34.086,39.761,4.2582,-45.117,-14.427,-84.529,-59.895,-54.826,-37.752,-45.265
-33.547,-68.699,-39.509,50.419,2.7466,-55.07,-21.576,-120.25,-83.279,-75.065,-60.152,-67.264
-33.077,-77.343,-48.647,54.479,7.5943,-63.657,-18.009,-116.02,-79.344,-72.568,-59.332,-68.016
-32.658,-88.615,-60.359,59.767,13.729,-74.824,-14.374,-112.21,-75.216,-70.7,-56.807,-67.665
-32.196,-100.24,-72.471,65.105,20.094,-86.438,-11.516,-109.04,-72.012,-69.899,-53.617,-66.408
-31.124,-109.45,-82.775,68.878,25.832,-96.07,-9.6563,-106.52,-70.329,-70.325,-51.054,-64.822
-28.839,-113.9,-89.524,69.721,30.36,-101.7,-8.1874,-104.4,-69.891,-71.789,-50.155,-63.632
-25.393,-112.51,-91.607,67.266,33.146,-102.23,-5.9964,-102.2,-69.619,-73.759,-51.352,-63.397
-21.582,-105.8,-88.731,62.272,33.734,-97.734,-2.113,-99.422,-68.205,-75.588,-54.42,-64.27
-18.243,-95.423,-81.713,55.997,32.169,-89.398,3.7337,-95.799,-64.919,-76.884,-58.715,-66.002
-15.489,-83.463,-72.528,49.426,29.347,-79.205,10.946,-91.492,-60.134,-77.694,-63.511,-68.155
