7.2124,21.016,16.176,-15.808,-7.5662,17.596,27.187,41.063,30.292,35.56,25.338,28.411
3.1142,17.043,16.304,-11.371,-9.2597,16.445,24.81,38.982,30.402,36.083,26.754,28.072
0.00023598,13.47,15.846,-7.7841,-10.217,15.015,22.654,36.285,29.581,35.802,27.197,27.028
-1.4547,10.49,14.323,-5.5298,-9.8936,13.078,20.856,32.696,27.179,34.046,25.812,24.648
-1.0113,8.1043,11.494,-4.6611,-8.0706,10.536,19.403,28.327,22.98,30.393,22.066,20.572
0.91681,6.1147,7.5763,-4.7444,-5.0573,7.491,18.182,23.613,17.389,24.965,16.048,15.014
3.3383,4.2235,3.2626,-5.0229,-1.6614,4.2387,17.075,19.152,11.379,18.554,8.594,8.7977
5.0508,2.2007,-0.47451,-4.7308,1.0852,1.2118,16.045,15.512,6.1622,12.41,1.0818,3.0321
5.151,0.07367,-2.7044,-3.4485,2.3193,-1.0879,15.186,13.077,2.7098,7.7842,-5.045,-1.3662
3.4903,-1.7665,-2.8872,-1.3599,1.7213,-2.1957,14.686,11.936,1.389,5.4316,-8.784,-4.0056
0.78109,-2.7215,-1.1371,0.79953,-0.31816,-1.888,14.681,11.818,1.8545,5.2891,-9.9122,-5.0828
-1.7058,-1.6807,-0.8277,1.2928,-0.86903,-0.92099,11.552,9.152,2.0092,3.382,-2.9222,-1.7116
-2.2327,-2.2476,-0.38193,1.7074,-1.7128,-1.1667,11.031,7.9352,1.0275,2.1723,-3.8592,-2.6353
-2.7606,-2.732,0.037137,2.0842,-2.5123,-1.3746,10.545,6.8899,0.1348,1.0111,-4.7909,-3.4702
-3.2415,-3.1707,0.25099,2.4576,-3.07,-1.6024,10.084,5.9998,-0.64563,-0.076617,-5.7122,-4.2188
-3.616,-3.5953,0.12508,2.8439,-3.236,-1.9003,9.6299,5.247,-1.3033,-1.0641,-6.5976,-4.8801
-3.8315,-4.0227,-0.3847,3.2349,-2.9524,-2.2917,9.1613,4.6047,-1.8487,-1.9346,-7.4115,-5.4508
-3.8716,-4.4531,-1.2057,3.6085,-2.2818,-2.7608,8.6559,4.0362,-2.3147,-2.693,-8.1278,-5.9313
-3.7758,-4.8726,-2.1593,3.9415,-1.4158,-3.255,8.1016,3.5017,-2.7485,-3.3701,-8.7456,-6.3316
-3.6322,-5.2593,-3.0048,4.2183,-0.63584,-3.7002,7.5018,2.9668,-3.1953,-4.0158,-9.2925,-6.6718
-3.5449,-5.5926,-3.5084,4.4333,-0.2195,-4.0246,6.8735,2.41,-3.681,-4.6812,-9.8099,-6.9748
-3.5984,-5.8669,-3.5217,4.5943,-0.34191,-4.1846,6.242,1.8268,-4.1994,-5.3962,-10.331,-7.2533
-3.831,-6.0979,-3.0412,4.7244,-1.0188,-4.1832,5.6339,1.2325,-4.7132,-6.1505,-10.861,-7.4986
-4.2173,-6.3183,-2.2197,4.8545,-2.0903,-4.072,5.0665,0.65736,-5.167,-6.8915,-11.369,-7.6782
-4.6616,-6.5637,-1.3266,5.0067,-3.2452,-3.9384,4.5353,0.13274,-5.513,-7.5441,-11.803,-7.7482
-5.0137,-6.8571,-0.67306,5.179,-4.0998,-3.8831,4.0055,-0.32788,-5.7342,-8.0435,-12.112,-7.6778
-5.1141,-7.1984,-0.52264,5.3422,-4.321,-3.9908,3.42,-0.73848,-5.8519,-8.3655,-12.275,-7.4705
-4.8612,-7.5653,-1.008,5.4559,-3.7476,-4.3026,2.7226,-1.1307,-5.9122,-8.5342,-12.313,-7.1645
-4.2706,-7.9266,-2.085,5.4978,-2.4538,-4.8019,1.885,-1.531,-5.9608,-8.6065,-12.275,-6.8147
-3.4872,-8.2613,-3.5423,5.4842,-0.73558,-5.4235,0.91952,-1.942,-6.0231,-8.6474,-12.211,-6.4689
-2.7374,-8.5692,-5.0659,5.4658,0.97107,-6.0807,-0.12943,-2.3404,-6.0984,-8.7071,-12.152,-6.1534
-2.2405,-8.8662,-6.3386,5.4987,2.2335,-6.6956,-1.2063,-2.6908,-6.1697,-8.8072,-12.089,-5.8697
-2.1226,-9.17,-7.1409,5.6122,2.7773,-7.2202,-2.2648,-2.9666,-6.2194,-8.9382,-11.982,-5.5969
-2.3702,-9.4864,-7.4154,5.7911,2.5668,-7.642,-3.2821,-3.1621,-6.2399,-9.0668,-11.775,-5.2965
-2.8425,-9.8029,-7.2717,5.9828,1.7894,-7.974,-4.2645,-3.2921,-6.2339,-9.1489,-11.42,-4.9215
-3.3315,-10.091,-6.9286,6.1224,0.78853,-8.2382,-5.2389,-3.3779,-6.2037,-9.1426,-10.893,-4.4299
-3.6345,-10.313,-6.6266,6.1579,-0.024023,-8.4532,-6.2318,-3.4305,-6.1386,-9.0143,-10.206,-3.7992
-3.6113,-10.435,-6.5582,6.066,-0.2839,-8.6298,-7.2456,-3.4385,-6.0084,-8.7412,-9.3861,-3.0362
-3.2126,-10.431,-6.8288,5.8525,0.21089,-8.7767,-8.2485,-3.3714,-5.769,-8.3092,-8.4686,-2.1738
-2.4829,-10.299,-7.4506,5.5445,1.4317,-8.9043,-9.1784,-3.1937,-5.3801,-7.7117,-7.4766,-1.2539
-1.5436,-10.054,-8.3521,5.1802,3.1373,-9.0196,-9.9595,-2.8828,-4.8213,-6.947,-6.4178,-0.30755
-0.56387,-9.721,-9.3783,4.7997,4.9658,-9.112,-10.526,-2.4429,-4.1028,-6.0189,-5.2872,0.65366
0.27938,-9.3211,-10.3,4.4339,6.5316,-9.1428,-10.842,-1.9093,-3.2657,-4.943,-4.0789,1.631
0.84407,-8.8549,-10.86,4.0928,7.495,-9.0489,-10.912,-1.3424,-2.3733,-3.7552,-2.7982,2.6238
1.0577,-8.3002,-10.844,3.7612,7.6217,-8.7619,-10.779,-0.8084,-1.4928,-2.5121,-1.4669,3.6173
0.93274,-7.6208,-10.157,3.404,6.8415,-8.2337,-10.508,-0.35711,-0.6748,-1.2779,-0.11951,4.58
0.56029,-6.7864,-8.855,2.9823,5.2865,-7.4586,-10.166,-0.0042265,0.062968,-0.10374,1.2086,5.4718
0.089576,-5.793,-7.1448,2.4666,3.2775,-6.4841,-9.8071,0.27206,0.73877,0.98996,2.4947,6.2577
-0.30276,-4.6701,-5.3282,1.8428,1.2512,-5.405,-9.4599,0.51929,1.3962,2.0231,3.7407,6.9214
-0.45202,-3.4714,-3.7218,1.1105,-0.357,-4.336,-9.1305,0.78994,2.0866,3.053,4.9785,7.4726
-0.25055,-2.2508,-2.5674,0.27775,-1.2376,-3.3723,-8.8118,1.1223,2.8532,4.1601,6.2665,7.9461
0.31847,-1.0405,-1.9723,-0.64158,-1.2839,-2.5579,-8.4948,1.5307,3.7229,5.4224,7.6724,8.3879
1.1831,0.15667,-1.902,-1.6261,-0.58833,-1.8771,-8.1712,2.0078,4.7015,6.8888,9.2465,8.8343
2.2294,1.3567,-2.2127,-2.6447,0.627,-1.2685,-7.8343,2.5336,5.7738,8.5588,10.991,9.2919
3.3603,2.5746,-2.6999,-3.6649,2.0962,-0.65204,-7.485,3.0881,6.9049,10.378,12.841,9.7291
4.5205,3.8082,-3.148,-4.6683,3.5786,0.039494,-7.1365,3.6589,8.0467,12.246,14.667,10.088
5.6762,5.0368,-3.3785,-5.6527,4.8951,0.83648,-6.807,4.2449,9.1486,14.041,16.33,10.314
6.7786,6.2304,-3.2844,-6.6173,5.9148,1.7275,-6.5041,4.8542,10.171,15.667,17.738,10.389
7.7433,7.3584,-2.8398,-7.5439,6.5234,2.6743,-6.2127,5.4978,11.092,17.079,18.888,10.343
8.4562,8.389,-2.0824,-8.3851,6.6215,3.6292,-5.897,6.1803,11.909,18.285,19.833,10.233
8.8018,9.2831,-1.0899,-9.0664,6.1558,4.5419,-5.5158,6.8919,12.619,19.309,20.632,10.117
8.7049,9.9973,0.034917,-9.5068,5.1551,5.3623,-5.0407,7.607,13.217,20.158,21.308,10.027
8.1713,10.499,1.1719,-9.6545,3.7536,6.0461,-4.4674,8.2908,13.696,20.812,21.837,9.96
7.3102,10.78,2.1973,-9.5229,2.1824,6.5618,-3.815,8.912,14.054,21.246,22.18,9.8902
6.3162,10.865,3.0058,-9.1959,0.71704,6.8951,-3.1168,9.4537,14.307,21.466,22.322,9.7925
5.4062,10.797,3.5318,-8.7952,-0.40043,7.0488,-2.4096,9.9152,14.493,21.525,22.298,9.6627
4.742,10.625,3.7594,-8.4286,-1.0276,7.0409,-1.7263,10.303,14.66,21.512,22.19,9.5224
4.3837,10.388,3.7209,-8.1516,-1.1518,6.9001,-1.0918,10.62,14.853,21.517,22.08,9.4057
4.291,10.108,3.4838,-7.9622,-0.87836,6.6594,-0.52292,10.858,15.091,21.58,22.016,9.3391
4.3604,9.7939,3.1313,-7.823,-0.38399,6.3512,-0.028085,10.998,15.362,21.677,21.979,9.3264
4.4734,9.4562,2.7395,-7.6926,0.1481,6.0023,0.39079,11.026,15.621,21.728,21.899,9.3439
4.5356,9.1101,2.3547,-7.545,0.59008,5.6324,0.73651,10.932,15.81,21.637,21.689,9.3484
4.4983,8.7781,1.9834,-7.3712,0.90412,5.2536,1.0157,10.714,15.883,21.343,21.295,9.2967
4.3675,8.4838,1.599,-7.1764,1.1374,4.8745,1.239,10.379,15.819,20.856,20.728,9.1658
4.1961,8.2456,1.1672,-6.9778,1.388,4.5065,1.421,9.9406,15.625,20.242,20.044,8.9619
4.0571,8.0763,0.6749,-6.8011,1.7532,4.1694,1.5798,9.4178,15.324,19.588,19.313,8.7153
4.0063,7.986,0.1518,-6.6719,2.2745,3.8938,1.7373,8.837,14.943,18.954,18.584,8.4649
4.0539,7.9831,-0.32333,-6.6062,2.9013,3.72,1.917,8.2301,14.501,18.355,17.874,8.2419
4.1599,8.071,-0.63775,-6.6055,3.4975,3.6874,2.1359,7.6312,14.015,17.761,17.181,8.057
4.2572,8.2407,-0.68302,-6.6626,3.8864,3.8161,2.3972,7.0723,13.496,17.123,16.484,7.8951
4.2859,8.4705,-0.39884,-6.7733,3.9104,4.0926,2.6885,6.5794,12.952,16.4,15.763,7.7239
4.2175,8.7332,0.20786,-6.9422,3.4782,4.473,2.989,6.1674,12.391,15.582,15.002,7.5112
4.0595,9.0058,1.0782,-7.1746,2.5853,4.9038,3.2812,5.8356,11.817,14.687,14.199,7.2432
3.8449,9.2758,2.1228,-7.4622,1.3211,5.3428,3.5576,5.5658,11.229,13.747,13.367,6.9305
3.617,9.5374,3.222,-7.7727,-0.12876,5.7617,3.8187,5.3252,10.619,12.787,12.521,6.5975
3.412,9.7802,4.2205,-8.0501,-1.4965,6.1333,4.0666,5.0737,9.9691,11.805,11.67,6.2612
3.2526,9.9772,4.9452,-8.227,-2.4901,6.4191,4.2969,4.7745,9.253,10.773,10.798,5.9137
3.1634,10.085,5.2432,-8.2473,-2.8709,6.5732,4.4972,4.406,8.4457,9.6537,9.8796,5.5236
3.198,10.063,5.0211,-8.0962,-2.5019,6.5575,4.6505,3.9665,7.5366,8.4286,8.8933,5.0546
3.4387,9.8914,4.2739,-7.8201,-1.3773,6.3577,4.7383,3.4691,6.5382,7.1075,7.841,4.4844
3.9504,9.5871,3.0942,-7.5099,0.36271,5.9891,4.742,2.9266,5.4795,5.7244,6.746,3.8116
4.7086,9.1892,1.6586,-7.2456,2.453,5.4924,4.6424,2.336,4.3914,4.3203,5.6402,3.0512
5.565,8.7381,0.1978,-7.0475,4.5479,4.9265,4.4237,1.6732,3.2936,2.9261,4.5497,2.2273
6.2771,8.2593,-1.0368,-6.8714,6.254,4.3614,4.0821,0.90242,2.1917,1.5555,3.4897,1.3684
6.5791,7.7596,-1.8166,-6.6333,7.1856,3.8644,3.6331,-0.00067571,1.0848,0.20958,2.4667,0.50319
6.2634,7.233,-1.998,-6.241,7.0699,3.4818,3.1089,-1.0301,-0.023478,-1.1138,1.4857,-0.34525
5.2601,6.6675,-1.5779,-5.6292,5.8721,3.2246,2.5446,-2.1476,-1.1198,-2.4123,0.55356,-1.168
3.6873,6.0507,-0.71312,-4.7921,3.8614,3.0626,1.9604,-3.3017,-2.1853,-3.678,-0.32102,-1.9748
1.8376,5.3739,0.31037,-3.7953,1.5488,2.9292,1.35,-4.4542,-3.2053,-4.9005,-1.1321,-2.7891
0.082082,4.637,1.1696,-2.7543,-0.50622,2.7446,0.68608,-5.5961,-4.1765,-6.0695,-1.8785,-3.6349
-1.2704,3.8521,1.6277,-1.7897,-1.9101,2.4497,-0.061688,-6.7405,-5.1093,-7.1777,-2.5619,-4.5217
-2.0821,3.0431,1.6254,-0.98418,-2.546,2.0337,-0.90438,-7.8985,-6.0209,-8.2215,-3.1825,-5.4381
-2.4065,2.2401,1.289,-0.36273,-2.5569,1.5382,-1.8227,-9.0574,-6.9255,-9.2019,-3.7375,-6.3554
-2.4265,1.4713,0.85443,0.1011,-2.2578,1.0357,-2.7745,-10.175,-7.8255,-10.124,-4.2238,-7.2391
-2.3697,0.75498,0.55093,0.466,-2.0065,0.59118,-3.715,-11.198,-8.7086,-10.992,-4.6424,-8.0613
-2.4444,0.093349,0.50094,0.80437,-2.0488,0.22962,-4.6156,-12.08,-9.5514,-11.803,-4.9994,-8.8079
-2.7778,-0.52916,0.67075,1.1844,-2.4186,-0.075935,-5.471,-12.802,-10.325,-12.543,-5.3029,-9.4772
-3.3635,-1.1419,0.88716,1.6504,-2.9504,-0.39333,-6.2948,-13.369,-11.004,-13.186,-5.5589,-10.074
-4.0621,-1.7782,0.90814,2.2066,-3.3569,-0.80451,-7.1078,-13.815,-11.581,-13.721,-5.774,-10.608
-4.661,-2.462,0.51626,2.8129,-3.3302,-1.3745,-7.9276,-14.188,-12.073,-14.164,-5.9625,-11.092
-4.9633,-3.1967,-0.39766,3.4012,-2.6631,-2.125,-8.7579,-14.541,-12.525,-14.568,-6.1493,-11.541
-4.8727,-3.9625,-1.7851,3.9059,-1.349,-3.0193,-9.583,-14.912,-12.99,-14.994,-6.3616,-11.966
-4.4372,-4.725,-3.4366,4.2931,0.39234,-3.9671,-10.372,-15.314,-13.503,-15.491,-6.6185,-12.368
-3.8343,-5.4503,-5.0265,4.5729,2.1594,-4.85,-11.092,-15.737,-14.076,-16.076,-6.9255,-12.746
-3.3093,-6.1195,-6.2034,4.7899,3.48,-5.5622,-11.728,-16.166,-14.7,-16.738,-7.2772,-13.103
-3.0898,-6.7337,-6.7106,5.0022,3.975,-6.0485,-12.292,-16.59,-15.354,-17.445,-7.6628,-13.446
-3.3044,-7.3066,-6.4886,5.2588,3.4922,-6.3207,-12.812,-17.008,-16.014,-18.155,-8.0696,-13.771
-3.9383,-7.8528,-5.7041,5.5832,2.1522,-6.4482,-13.319,-17.423,-16.654,-18.82,-8.4877,-14.06
-4.8445,-8.3805,-4.6868,5.9681,0.31777,-6.5321,-13.822,-17.838,-17.257,-19.41,-8.9166,-14.294
-5.7993,-8.8924,-3.8195,6.3826,-1.5028,-6.6762,-14.315,-18.255,-17.822,-19.917,-9.3731,-14.468
-6.5735,-9.3892,-3.4268,6.7863,-2.803,-6.9588,-14.777,-18.673,-18.364,-20.364,-9.8893,-14.607
-6.9921,-9.8694,-3.6858,7.141,-3.2289,-7.4096,-15.191,-19.094,-18.91,-20.788,-10.501,-14.757
-6.9711,-10.321,-4.584,7.4141,-2.6805,-8.0012,-15.551,-19.515,-19.473,-21.217,-11.231,-14.967
-6.5324,-10.718,-5.9398,7.5805,-1.3298,-8.6569,-15.856,-19.929,-20.048,-21.653,-12.069,-15.257
-5.7964,-11.023,-7.4601,7.6278,0.4549,-9.2717,-16.108,-20.326,-20.614,-22.07,-12.974,-15.614
-4.9513,-11.21,-8.8202,7.5635,2.2376,-9.7443,-16.303,-20.689,-21.144,-22.425,-13.876,-15.988
-4.2023,-11.273,-9.751,7.4172,3.6358,-10.008,-16.426,-20.994,-21.624,-22.686,-14.708,-16.312
-3.7127,-11.231,-10.112,7.2339,4.3973,-10.051,-16.457,-21.211,-22.05,-22.843,-15.421,-16.529
-3.5593,-11.118,-9.9268,7.06,4.4395,-9.9107,-16.379,-21.312,-22.428,-22.916,-16.004,-16.613
-3.7158,-10.97,-9.3597,6.9274,3.8651,-9.6559,-16.184,-21.281,-22.759,-22.94,-16.475,-16.59
-4.0661,-10.808,-8.6549,6.8391,2.9447,-9.365,-15.875,-21.125,-23.035,-22.945,-16.866,-16.526
-4.4395,-10.636,-8.0585,6.7688,2.037,-9.1046,-15.468,-20.864,-23.238,-22.947,-17.2,-16.498
-4.6672,-10.45,-7.7457,6.6749,1.4626,-8.9151,-14.982,-20.525,-23.349,-22.938,-17.475,-16.562
-4.6442,-10.248,-7.764,6.5239,1.3863,-8.8004,-14.432,-20.128,-23.347,-22.896,-17.673,-16.713
-4.3696,-10.03,-8.0198,6.3099,1.7641,-8.7274,-13.816,-19.676,-23.219,-22.792,-17.759,-16.881
-3.942,-9.7994,-8.3179,6.0569,2.373,-8.6364,-13.121,-19.161,-22.955,-22.607,-17.711,-16.94
-3.5121,-9.5576,-8.4456,5.8057,2.915,-8.4651,-12.33,-18.569,-22.552,-22.339,-17.524,-16.755
-3.2201,-9.303,-8.2651,5.595,3.1429,-8.1772,-11.436,-17.891,-22.017,-22.005,-17.22,-16.221
-3.1479,-9.0332,-7.7702,5.45,2.9522,-7.7807,-10.442,-17.123,-21.354,-21.624,-16.83,-15.315
-3.3037,-8.7512,-7.0838,5.3845,2.4099,-7.3281,-9.3622,-16.263,-20.563,-21.201,-16.372,-14.107
-3.6354,-8.4699,-6.4083,5.406,1.7225,-6.8964,-8.2137,-15.306,-19.636,-20.719,-15.843,-12.747
-4.0573,-8.21,-5.955,5.5158,1.1536,-6.5601,-7.0089,-14.246,-18.568,-20.143,-15.219,-11.395
-4.4776,-7.9893,-5.8674,5.701,0.91513,-6.3632,-5.7531,-13.088,-17.375,-19.448,-14.477,-10.147
-4.8229,-7.8089,-6.1539,5.9288,1.079,-6.2997,-4.4467,-11.859,-16.097,-18.643,-13.617,-9.0156
-5.0587,-7.6453,-6.6633,6.1481,1.5522,-6.3086,-3.0915,-10.615,-14.801,-17.773,-12.676,-7.9535
-5.2091,-7.4543,-7.1229,6.3037,2.0883,-6.2873,-1.6954,-9.4229,-13.554,-16.912,-11.718,-6.8957
-5.3646,-7.1889,-7.2137,6.3608,2.3253,-6.1204,-0.27026,-8.345,-12.406,-16.13,-10.812,-5.8073
-5.6582,-6.8225,-6.6616,6.3236,1.9077,-5.7166,1.1711,-7.4147,-11.381,-15.474,-10.012,-4.7041
-6.2047,-6.3617,-5.3397,6.233,0.64896,-5.0459,2.6174,-6.6395,-10.476,-14.958,-9.3458,-3.6426
-7.031,-5.8427,-3.3501,6.1411,-1.3745,-4.1565,4.0561,-6.0115,-9.6794,-14.564,-8.8126,-2.6954
-8.0353,-5.3114,-1.0227,6.0786,-3.8172,-3.1623,5.4642,-5.5181,-8.9702,-14.247,-8.3873,-1.9221
-9.0081,-4.8025,1.1847,6.0382,-6.1548,-2.2038,6.8018,-5.1448,-8.3286,-13.951,-8.0294,-1.3468
-9.7124,-4.3281,2.8305,5.9836,-7.845,-1.4047,8.0209,-4.8729,-7.7348,-13.621,-7.6961,-0.9523
-9.9737,-3.8817,3.6157,5.875,-8.4971,-0.83892,9.0801,-4.6801,-7.1737,-13.222,-7.3579,-0.69324
-9.7369,-3.451,3.4605,5.6921,-7.9767,-0.51784,9.955,-4.544,-6.6391,-12.748,-7.0099,-0.51895
-9.0784,-3.0273,2.5187,5.4418,-6.4244,-0.39556,10.639,-4.4499,-6.1362,-12.225,-6.6715,-0.395
-8.1766,-2.6083,1.138,5.1509,-4.1964,-0.38592,11.141,-4.3975,-5.6804,-11.699,-6.3754,-0.31691
-7.2626,-2.1971,-0.2323,4.8578,-1.7921,-0.38537,11.483,-4.4038,-5.2943,-11.223,-6.153,-0.31039
-6.5782,-1.8043,-1.1727,4.6063,0.20137,-0.30124,11.698,-4.4976,-5.0026,-10.852,-6.0235,-0.41624
-6.3402,-1.4487,-1.403,4.4413,1.2109,-0.075834,11.829,-4.7096,-4.8266,-10.631,-5.9894,-0.66838
-6.6859,-1.1517,-0.81698,4.3984,0.85161,0.30828,11.909,-5.0605,-4.7768,-10.587,-6.0377,-1.0745
-7.6156,-0.9247,0.53604,4.4887,-0.92605,0.83784,11.951,-5.5522,-4.8462,-10.725,-6.1434,-1.6051
-8.9782,-0.75747,2.4768,4.6851,-3.7998,1.4774,11.959,-6.1601,-5.0061,-11.019,-6.2738,-2.1963
-10.517,-0.61787,4.7141,4.9255,-7.1714,2.1731,11.932,-6.8315,-5.2101,-11.414,-6.3934,-2.7667
-11.944,-0.46507,6.8753,5.1336,-10.376,2.8583,11.878,-7.4937,-5.4046,-11.835,-6.4718,-3.242
-13.023,-0.27185,8.5856,5.25,-12.855,3.4645,11.8,-8.0755,-5.5461,-12.218,-6.4923,-3.5796
-13.612,-0.042568,9.5853,5.2548,-14.241,3.9322,11.687,-8.5355,-5.6163,-12.525,-6.4582,-3.7839
-13.686,0.18702,9.8029,5.1691,-14.39,4.2218,11.515,-8.8806,-5.6283,-12.761,-6.3921,-3.9016
-13.329,0.36996,9.3355,5.036,-13.404,4.3208,11.26,-9.163,-5.6202,-12.964,-6.3297,-3.9986
-12.699,0.47458,8.3841,4.8943,-11.624,4.2465,10.91,-9.4557,-5.6387,-13.185,-6.3077,-4.134
-11.974,0.50027,7.1919,4.7601,-9.5558,4.0434,10.474,-9.8211,-5.7231,-13.469,-6.3543,-4.3446
-11.274,0.47361,6.0012,4.6263,-7.6929,3.7753,9.9805,-10.291,-5.8937,-13.843,-6.4832,-4.6409
-10.66,0.42978,5.0318,4.4792,-6.3707,3.5142,9.4607,-10.862,-6.1496,-14.309,-6.6939,-5.0099
-10.165,0.3937,4.4545,4.3174,-5.7407,3.3222,8.9347,-11.512,-6.4744,-14.851,-6.9744,-5.4187
-9.8203,0.37253,4.3269,4.1563,-5.8134,3.2272,8.4025,-12.217,-6.8468,-15.439,-7.3052,-5.8207
-9.6516,0.35803,4.5494,4.0198,-6.4641,3.2076,7.8475,-12.961,-7.2517,-16.044,-7.6629,-6.1654
-9.6528,0.33075,4.9151,3.9294,-7.4223,3.1999,7.2471,-13.739,-7.6833,-16.632,-8.0224,-6.4111
-9.7626,0.2633,5.1918,3.8974,-8.3174,3.1219,6.5818,-14.543,-8.139,-17.17,-8.361,-6.5361
-9.865,0.12528,5.157,3.9246,-8.8017,2.8977,5.8424,-15.351,-8.6113,-17.625,-8.6628,-6.5456
-9.8223,-0.10692,4.6316,3.9978,-8.6436,2.4802,5.0324,-16.126,-9.0818,-17.967,-8.9203,-6.4685
-9.5204,-0.43689,3.5493,4.0889,-7.7468,1.8698,4.1698,-16.813,-9.5232,-18.171,-9.1315,-6.341
-8.9125,-0.83829,2.0044,4.1604,-6.1761,1.1209,3.2863,-17.355,-9.9052,-18.224,-9.2916,-6.185
-8.0516,-1.2587,0.23244,4.1808,-4.1825,0.33107,2.4241,-17.711,-10.204,-18.124,-9.3875,-5.9941
-7.091,-1.6395,-1.4541,4.1432,-2.1575,-0.38636,1.6261,-17.87,-10.412,-17.885,-9.4019,-5.7398
-6.2398,-1.9421,-2.7574,4.0727,-0.51695,-0.93904,0.921,-17.864,-10.543,-17.543,-9.327,-5.3945
-5.6907,-2.1625,-3.4901,4.0178,0.42678,-1.2881,0.31478,-17.759,-10.627,-17.145,-9.174,-4.9531
-5.555,-2.3306,-3.6308,4.0294,0.55093,-1.4598,-0.20619,-17.626,-10.695,-16.735,-8.969,-4.439
-5.8298,-2.4939,-3.311,4.1391,-0.057795,-1.53,-0.6645,-17.512,-10.754,-16.332,-8.7381,-3.8926
-6.4053,-2.6959,-2.7535,4.3473,-1.146,-1.5931,-1.0825,-17.418,-10.78,-15.925,-8.4918,-3.3517
-7.1091,-2.9582,-2.1966,4.6252,-2.3855,-1.7271,-1.4797,-17.306,-10.724,-15.476,-8.2175,-2.8346
-7.7691,-3.2729,-1.8252,4.9266,-3.4851,-1.966,-1.875,-17.124,-10.537,-14.941,-7.8844,-2.3342
-8.2595,-3.6087,-1.7238,5.2024,-4.2596,-2.2912,-2.2866,-16.84,-10.195,-14.287,-7.4592,-1.824
-8.5154,-3.9273,-1.868,5.4135,-4.6346,-2.6446,-2.7313,-16.471,-9.7164,-13.514,-6.9267,-1.2757
-8.5245,-4.2013,-2.1609,5.5385,-4.6279,-2.962,-3.2222,-16.08,-9.1634,-12.664,-6.3069,-0.68223
-8.3117,-4.4266,-2.5005,5.576,-4.3197,-3.207,-3.7653,-15.749,-8.6187,-11.816,-5.6606,-0.076381
-7.9218,-4.6232,-2.8406,5.5406,-3.8038,-3.3894,-4.3527,-15.534,-8.1517,-11.063,-5.0786,0.47018
-7.4022,-4.8204,-3.2074,5.4501,-3.1439,-3.5575,-4.9551,-15.431,-7.7826,-10.481,-4.6541,0.87108
-6.7918,-5.0295,-3.6697,5.3108,-2.3675,-3.7685,-5.5178,-15.353,-7.4582,-10.09,-4.4462,1.0659
-6.1261,-5.2189,-4.2844,5.1107,-1.4955,-4.0487,-5.9658,-15.129,-7.0418,-9.8223,-4.4402,1.0619
-5.4556,-5.3035,-5.0476,4.8275,-0.572,-4.3645,-6.2163,-14.53,-6.3237,-9.4944,-4.5173,0.95931
-4.8529,-5.1629,-5.8785,4.4461,0.32803,-4.6235,-6.1966,-13.301,-5.056,-8.8097,-4.4425,0.95343
-4.3871,-4.6916,-6.6645,3.9663,1.13,-4.7171,-5.8795,-11.248,-3.0048,-7.3917,-3.8863,1.3117
-4.0713,-3.869,-7.3645,3.3874,1.816,-4.5968,-5.5191,-9.2692,-0.28153,-4.8812,-2.4834,2.3463
-3.8236,-2.9782,-8.0696,2.6761,2.4497,-4.4802,-6.3765,-12.446,-3.5719,-1.821,0.14006,4.5136
-3.4742,-4.0938,-9.0542,1.7875,3.1237,-5.8722,-8.9275,-14.519,-8.0498,-8.7858,-0.24842,8.8417
-2.8225,-8.0468,-11.002,1.3387,3.899,-8.9236,-10.083,-16.901,-10.073,-11.143,-5.0213,8.4308
-1.6686,-9.4292,-13.17,3.8993,4.7336,-9.973,-9.2187,-18.537,-11.906,-13.702,-9.2779,4.4801
0.37983,-8.9345,-14.078,5.007,5.3047,-9.4006,-6.5872,-17.145,-10.652,-16.02,-14.567,0.48861
0.29948,-5.7533,-12.871,3.9282,5.3174,-6.6017,-1.1477,-10.417,-3.992,-15.339,-17.909,-2.2126
0.34836,1.8254,-8.0579,0.66697,5.8546,-0.45342,7.8789,3.4744,10.134,-8.0981,-15.341,-0.72382
0.22135,14.791,1.3973,-5.4594,2.0663,10.129,21.858,26.165,33.964,9.6449,-2.6333,8.2286
-0.23842,34.138,15.313,-14.871,-7.2802,26.125,38.457,57.686,68.381,41.388,23.398,27.084
0.3858,59.93,33.251,-28.046,-18.425,48.351,53.48,95.75,114.31,89.143,63.778,56.951
3.9795,88.475,55.839,-45.502,-28.123,73.931,64.497,136.69,172.35,154.25,119.72,99.226
13.969,114.42,77.694,-67.159,-32.6,94.486,70.276,176.26,238.04,238.64,198,156.73
34.302,137.6,87.109,-92.09,-28.46,108.46,69.494,210.58,307.43,341.84,301.4,225.56
66.897,160.56,84.711,-120.42,-13.502,118.4,60.408,236.11,376.83,465.27,429.77,301.86
108.88,186.36,73.142,-153.58,12.21,126.71,40.96,249.6,442.15,607.93,582.11,388.67
157.55,217.6,55.244,-192.08,46.679,135.36,10.335,247.96,498.89,766.09,753.76,486.27
211.83,255.71,36.259,-235.48,84.759,146.91,-30.41,228.97,541.96,931.58,937.17,592.56
265.5,301.1,24.845,-282.03,118.72,165.06,-78.43,192.23,566.24,1092,1121,702.56
310.3,352.4,27.968,-328.02,140.5,192.73,-128.94,139.19,566.85,1230.7,1287.7,807.74
338.85,405.66,50.27,-367.97,143.87,230.39,-176.58,72.458,539.67,1328.2,1414.5,895.98
345.76,454.23,91.333,-395.6,126.4,274.56,-216.97,-4.8431,482.45,1365.2,1477,953.04
328.59,489.51,144.42,-405.15,90.183,317.98,-248.15,-90.117,395.5,1325.6,1455.5,965.52
289.19,502.77,198.82,-392.84,41.464,351.36,-271.21,-182.08,279.56,1200.7,1340.1,924.33
233.51,487.56,242.64,-357.91,-10.655,365.67,-289.42,-280.96,135.15,991.88,1134.1,827.58
169.21,441.79,265.37,-302.89,-56.46,354.62,-306.65,-387.84,-35.035,712.68,854.79,681.77
103.03,368.5,261,-233.07,-88.318,316.72,-326.12,-502.12,-224.23,387.8,531.85,501.28
41.195,275.48,229.97,-155.63,-102.78,255.91,-349.71,-619.27,-420.36,49.74,202.56,306.17
-11.652,173.86,179.03,-78.435,-101.42,180.59,-376.62,-729.8,-605.84,-265.92,-95.539,118.36
-53.94,75.637,118.9,-8.5357,-90.042,101.77,-402.49,-820.46,-759.94,-526.07,-332.19,-42.615
-85.589,-9.0429,60.607,49.016,-75.149,30.324,-420.56,-877.85,-864,-706.67,-489.78,-163.3
-107.26,-73.831,13.036,91.549,-61.077,-25.917,-424.77,-892.87,-907.2,-797.97,-565.32,-238.45
-119.5,-116.62,-18.629,118.31,-49.825,-63.469,-412.66,-863.81,-889.78,-805.55,-569.54,-270.75
-121.87,-138.24,-35.13,129.82,-41.364,-82.863,-385.96,-796.89,-822.25,-747.78,-523.46,-268.03
-114.86,-141.17,-39.969,127.78,-34.526,-87.344,-348.8,-703.86,-721.87,-649.91,-450.72,-241.6
-100.57,-129.86,-38.736,115.26,-26.462,-81.511,-305.49,-597.71,-606.9,-536.26,-369.85,-203.96
-81.694,-110.06,-35.394,96.142,-19.014,-70.198,-259.34,-489.2,-490.97,-424.73,-292.28,-164.3
-61.26,-87.02,-31.941,74.324,-13.976,-57.271,-212.5,-385.94,-382.34,-325.12,-223.82,-127.43
-42.438,-64.298,-29.747,53.047,-9.2627,-44.882,-166.64,-293.09,-286,-241.29,-166.55,-95.656
-26.814,-43.611,-23.877,34.347,-4.245,-33.456,-123.86,-214.24,-205.42,-174.18,-121.01,-69.754
-14.896,-26.313,-12.218,19.514,-0.34942,-21.825,-86.713,-151.6,-142.79,-122.77,-86.77,-49.366
-6.7271,-14.44,-11.896,9.6222,1.3609,-14.896,-57.015,-105.37,-97.813,-85.658,-62.075,-35.653
-1.7872,-7.7947,-11.976,4.0426,2.8116,-11.201,-34.695,-74.124,-68.023,-60.161,-44.106,-26.103
0.52037,-3.6097,-11.602,1.398,3.834,-8.1756,-18.246,-54.922,-50.056,-44.463,-32.506,-19.101
0.3225,-1.1567,-10.728,0.57887,3.8618,-5.8019,-6.7533,-43.708,-39.781,-36.204,-26.415,-14.215
-3.0711,-0.91321,-9.3478,1.0831,2.683,-4.8395,0.28459,-36.789,-33.121,-31.895,-23.407,-11.998
-7.2198,-3.7586,-7.547,3.6201,0.40509,-4.1349,4.0809,-31.706,-27.701,-28.86,-21.348,-13.859
-8.744,-4.5978,-5.53,5.5453,-2.5957,-3.2095,5.7495,-27.957,-23.208,-26.071,-19.17,-14.676
-9.6454,-3.8524,-3.5812,5.4751,-5.7409,-2.3826,6.0831,-26.118,-19.972,-23.625,-21.7,-12.089
-10.663,-3.2718,-1.9963,5.3748,-8.4095,-1.8216,5.4104,-25.679,-19.002,-25.392,-20.583,-9.9033
-11.51,-3.0357,-1.0203,5.4235,-10.134,-1.5554,1.5393,-25.956,-22.154,-23.571,-17.648,-8.4741
-11.87,-3.0557,-0.80513,5.517,-10.672,-1.5703,2.0865,-24.236,-19.932,-20.69,-15.434,-7.5838
-11.608,-3.2258,-1.3894,5.5727,-9.979,-1.8414,2.9379,-21.543,-17.521,-18.57,-13.921,-7.0378
-10.751,-3.4595,-2.7028,5.5444,-8.2025,-2.3344,3.2292,-19.734,-15.778,-17.062,-12.837,-6.6884
-9.4588,-3.6959,-4.5847,5.4118,-5.6602,-3.0012,3.0613,-18.482,-14.407,-15.87,-11.945,-6.4182
-7.9656,-3.9034,-6.8085,5.1809,-2.7587,-3.7795,2.5461,-17.548,-13.2,-14.773,-11.092,-6.1435
-6.5106,-4.0828,-9.1051,4.8873,0.084055,-4.5974,1.7863,-16.838,-12.106,-13.671,-10.224,-5.8305
-5.285,-4.2573,-11.192,4.5884,2.4847,-5.383,0.88193,-16.332,-11.182,-12.573,-9.3766,-5.5027
-4.4079,-4.4509,-12.818,4.3363,4.1321,-6.0708,-0.069738,-16.025,-10.498,-11.553,-8.6277,-5.2236
-3.922,-4.6649,-13.826,4.1473,4.8171,-6.6044,-0.97809,-15.878,-10.072,-10.677,-8.0454,-5.0608
-3.7913,-4.8684,-14.189,3.9958,4.5053,-6.9406,-1.7655,-15.804,-9.8363,-9.9509,-7.6411,-5.0478
-3.8978,-5.0102,-14.009,3.8338,3.4159,-7.0612,-2.3774,-15.693,-9.6591,-9.3082,-7.3568,-5.1614
-4.0713,-5.0464,-13.502,3.6188,1.9743,-6.988,-2.7946,-15.457,-9.3932,-8.6371,-7.088,-5.3252
-4.1409,-4.9655,-12.965,3.3341,0.68622,-6.7908,-3.0405,-15.066,-8.9404,-7.8376,-6.7302,-5.4402
-3.9831,-4.7998,-12.67,2.9953,3.513e-05,-6.58,-3.1718,-14.554,-8.2882,-6.8701,-6.2257,-5.4324
-3.559,-4.6152,-12.788,2.646,0.1611,-6.4776,-3.25,-13.992,-7.4966,-5.77,-5.5855,-5.2897
-2.929,-4.4808,-13.384,2.3421,1.1274,-6.572,-3.3039,-13.434,-6.6472,-4.6219,-4.8738,-5.0619
-2.2377,-4.4376,-14.392,2.1345,2.601,-6.8774,-3.3093,-12.885,-5.7931,-3.5126,-4.1671,-4.8249
-1.6684,-4.482,-15.594,2.0535,4.1453,-7.322,-3.2057,-12.291,-4.9376,-2.4903,-3.5151,-4.6341
-1.3808,-4.5709,-16.671,2.0974,5.3222,-7.7716,-2.9363,-11.567,-4.0463,-1.5473,-2.9223,-4.4954
-1.4519,-4.6426,-17.325,2.2284,5.8137,-8.0822,-2.4827,-10.662,-3.0828,-0.63137,-2.3545,-4.3669
-1.8428,-4.6418,-17.388,2.3786,5.5049,-8.1564,-1.8788,-9.5959,-2.0469,0.31851,-1.7631,-4.1861
-2.4121,-4.5394,-16.879,2.4703,4.5082,-7.9772,-1.2051,-8.4692,-0.98827,1.3359,-1.1145,-3.9054
-2.9774,-4.3393,-15.997,2.4436,3.1074,-7.6047,-0.56361,-7.4112,0.013041,2.4093,-0.40846,-3.5143
-3.3927,-4.0738,-15.032,2.2796,1.6488,-7.145,-0.043126,-6.5199,0.88535,3.4919,0.32573,-3.0388
-3.594,-3.7856,-14.253,2.0038,0.44071,-6.7101,0.30632,-5.8195,1.6028,4.5329,1.0494,-2.5221
-3.588,-3.5043,-13.817,1.6652,-0.30485,-6.3811,0.47774,-5.2552,2.2022,5.5141,1.7416,-1.9997
-3.4105,-3.225,-13.749,1.3017,-0.49965,-6.186,0.49164,-4.722,2.7701,6.4714,2.4195,-1.4808
-3.0863,-2.9053,-13.987,0.91334,-0.17763,-6.1012,0.37526,-4.1161,3.4064,7.4871,3.1403,-0.94304
-2.6102,-2.4857,-14.451,0.45965,0.54985,-6.0765,0.15031,-3.3885,4.179,8.6529,3.9828,-0.34339
-1.9497,-1.9204,-15.07,-0.12193,1.5579,-6.0606,-0.16646,-2.5695,5.0927,10.027,5.0158,0.36024
-1.0652,-1.1939,-15.776,-0.89074,2.7473,-6.0096,-0.55505,-1.7467,6.0889,11.605,6.2718,1.1878
0.058874,-0.3181,-16.486,-1.88,4.0421,-5.8848,-0.98531,-1.0095,7.0828,13.328,7.737,2.1286
1.3723,0.67994,-17.121,-3.0664,5.372,-5.6548,-1.4161,-0.39937,8.0162,15.107,9.3598,3.1504
2.7459,1.7725,-17.614,-4.3417,6.6852,-5.2948,-1.799,0.1037,8.895,16.876,11.078,4.2209
4.0523,2.9465,-17.934,-5.5583,7.9703,-4.7849,-2.0842,0.56228,9.7947,18.635,12.857,5.3268
5.2698,4.2179,-18.087,-6.6443,9.2467,-4.1091,-2.2273,1.0488,10.823,20.458,14.715,6.4815
6.4575,5.6327,-18.114,-7.6497,10.544,-3.2543,-2.196,1.6157,12.082,22.458,16.721,7.7236
7.6396,7.2616,-18.035,-8.6744,11.828,-2.2061,-1.9729,2.277,13.624,24.726,18.964,9.1065
8.7298,9.1933,-17.79,-9.7917,12.922,-0.94267,-1.5538,3.007,15.428,27.272,21.504,10.683
9.5382,11.53,-17.222,-11.034,13.527,0.56926,-0.94467,3.7527,17.396,29.996,24.311,12.485
9.8371,14.371,-16.13,-12.418,13.298,2.3674,-0.15827,4.4631,19.395,32.734,27.249,14.511
9.4539,17.742,-14.346,-13.966,11.929,4.4706,0.78541,5.1102,21.325,35.328,30.125,16.733
8.3624,21.505,-11.809,-15.684,9.2693,6.851,1.8563,5.7,23.176,37.724,32.784,19.136
6.7163,25.368,-8.6165,-17.515,5.4522,9.4309,3.0171,6.2634,25.035,39.997,35.2,21.755
4.8018,29.053,-5.0301,-19.327,0.9853,12.126,4.2315,6.8359,27.038,42.309,37.504,24.714
2.9627,32.435,-1.4404,-21.02,-3.3335,14.901,5.4616,7.4363,29.304,44.812,39.924,28.217
1.5468,35.534,1.7283,-22.62,-6.7141,17.785,6.6605,8.057,31.885,47.565,42.669,32.454
0.8505,38.428,4.1274,-24.257,-8.6409,20.826,7.7764,8.6706,34.727,50.491,45.816,37.424
1.035,41.168,5.5621,-26.049,-8.947,24.01,8.7627,9.248,37.69,53.422,49.259,42.814
2.0481,43.749,6.049,-28.007,-7.8066,27.192,9.5835,9.7804,40.636,56.207,52.771,48.167
3.6274,46.13,5.8192,-30.026,-5.6863,30.154,10.218,10.292,43.5,58.788,56.155,53.213
5.3966,48.273,5.2465,-31.937,-3.2127,32.743,10.668,10.833,46.301,61.213,59.342,57.958
6.9868,50.178,4.7315,-33.619,-1.0006,34.949,10.97,11.457,49.073,63.591,62.393,62.529
8.1339,51.9,4.592,-35.067,0.46471,36.862,11.201,12.198,51.798,66.05,65.416,67.057
8.7376,53.542,4.9921,-36.385,0.92039,38.588,11.454,13.051,54.41,68.695,68.503,71.638
8.8643,55.211,5.9254,-37.695,0.41206,40.192,11.813,13.984,56.833,71.593,71.695,76.327
8.7054,56.969,7.2661,-39.05,-0.77543,41.703,12.335,14.959,59.044,74.743,74.973,81.135
8.5171,58.812,8.8435,-40.405,-2.268,43.126,13.043,15.966,61.074,78.099,78.291,86.041
8.5439,60.677,10.474,-41.678,-3.7123,44.451,13.912,17.027,62.995,81.601,81.614,90.978
8.9503,62.484,11.966,-42.82,-4.8423,45.659,14.87,18.179,64.898,85.216,84.949,95.867
9.7912,64.178,13.164,-43.843,-5.5053,46.737,15.82,19.452,66.869,88.963,88.371,100.66
11.018,65.763,14.007,-44.802,-5.6832,47.697,16.678,20.852,68.971,92.891,92.009,105.36
12.514,67.3,14.556,-45.765,-5.4872,48.586,17.402,22.365,71.23,97.044,95.994,110.02
14.146,68.898,14.961,-46.793,-5.1048,49.488,17.995,23.963,73.641,101.41,100.4,114.72
15.835,70.673,15.387,-47.945,-4.7168,50.492,18.481,25.609,76.167,105.91,105.15,119.49
17.599,72.711,15.934,-49.274,-4.4219,51.659,18.875,27.255,78.751,110.42,110.04,124.33
19.55,75.03,16.592,-50.835,-4.2093,53.004,19.153,28.84,81.328,114.79,114.83,129.17
21.79,77.574,17.258,-52.67,-3.9896,54.513,19.259,30.305,83.855,118.96,119.33,133.84
24.317,80.253,17.82,-54.797,-3.6584,56.176,19.133,31.614,86.325,122.95,123.51,138.16
27.021,83.01,18.271,-57.195,-3.1552,58.015,18.738,32.764,88.76,126.86,127.46,142.04
29.769,85.864,18.74,-59.817,-2.4846,60.075,18.063,33.768,91.186,130.79,131.37,145.56
32.469,88.897,19.419,-62.624,-1.7022,62.377,17.122,34.638,93.601,134.86,135.41,148.86
35.088,92.195,20.455,-65.586,-0.88694,64.889,15.952,35.373,95.971,139.09,139.67,152.08
37.627,95.781,21.863,-68.682,-0.11675,67.535,14.611,35.962,98.256,143.44,144.14,155.32
40.107,99.596,23.531,-71.879,0.54374,70.25,13.152,36.396,100.44,147.85,148.73,158.61
42.548,103.53,25.305,-75.123,1.0433,72.998,11.609,36.666,102.53,152.25,153.37,161.93
44.96,107.46,27.087,-78.345,1.3402,75.767,9.9826,36.767,104.55,156.59,158.05,165.25
47.333,111.32,28.866,-81.48,1.4065,78.559,8.2416,36.691,106.55,160.88,162.84,168.56
49.663,115.12,30.684,-84.49,1.2421,81.387,6.3409,36.416,108.53,165.13,167.82,171.87
51.989,118.91,32.559,-87.391,0.89179,84.272,4.2505,35.911,110.47,169.3,173.01,175.21
54.405,122.75,34.441,-90.24,0.44851,87.228,1.9856,35.154,112.34,173.33,178.34,178.62
56.986,126.68,36.224,-93.123,0.034148,90.239,-0.40069,34.146,114.08,177.13,183.64,182.11
59.696,130.67,37.801,-96.162,-0.23415,93.246,-2.8713,32.929,115.68,180.59,188.71,185.67
62.404,134.6,39.1,-99.44,-0.26933,96.151,-5.4535,31.584,117.15,183.68,193.36,189.24
64.993,138.33,40.095,-102.89,-0.021909,98.831,-8.2291,30.209,118.56,186.44,197.55,192.76
67.442,141.73,40.816,-106.28,0.51881,101.18,-11.277,28.894,119.99,189,201.36,196.19
69.806,144.78,41.34,-109.44,1.3266,103.14,-14.612,27.697,121.52,191.55,204.94,199.51
72.167,147.55,41.749,-112.32,2.3562,104.78,-18.152,26.63,123.2,194.32,208.45,202.75
74.601,150.15,42.072,-114.99,3.5649,106.19,-21.729,25.667,125,197.48,212,205.99
77.168,152.69,42.287,-117.53,4.9151,107.51,-25.117,24.773,126.85,201.09,215.61,209.27
79.904,155.23,42.386,-120.02,6.351,108.8,-28.096,23.938,128.64,205.02,219.24,212.64
82.785,157.75,42.438,-122.49,7.7638,110.08,-30.54,23.199,130.3,208.96,222.82,216.1
85.693,160.2,42.583,-124.94,8.9707,111.32,-32.467,22.632,131.78,212.61,226.27,219.57
88.381,162.53,42.981,-127.32,9.7304,112.49,-34.004,22.329,133.13,215.81,229.54,222.98
90.482,164.7,43.786,-129.54,9.7975,113.61,-35.296,22.358,134.41,218.6,232.62,226.25
91.672,166.75,45.112,-131.5,9.0211,114.71,-36.419,22.748,135.69,221.06,235.53,229.39
91.933,168.7,46.968,-133.13,7.4787,115.87,-37.336,23.493,137,223.28,238.3,232.44
91.61,170.6,49.214,-134.45,5.5405,117.11,-37.949,24.56,138.35,225.32,240.92,235.46
91.206,172.49,51.546,-135.59,3.7514,118.38,-38.195,25.902,139.71,227.2,243.34,238.42
91.174,174.34,53.545,-136.7,2.6263,119.57,-38.086,27.462,141.05,228.93,245.49,241.22
91.81,176.1,54.801,-137.91,2.5041,120.54,-37.67,29.187,142.36,230.49,247.34,243.76
93.241,177.68,55.066,-139.31,3.4866,121.2,-36.992,31.026,143.62,231.89,248.89,245.99
95.449,178.96,54.34,-140.89,5.4401,121.55,-36.093,32.928,144.87,233.11,250.21,247.91
98.193,179.85,52.854,-142.45,8.0394,121.63,-35.011,34.831,146.08,234.14,251.33,249.54
100.96,180.35,50.993,-143.72,10.827,121.52,-33.802,36.663,147.24,234.97,252.29,250.9
103.15,180.48,49.235,-144.53,13.292,121.31,-32.532,38.345,148.29,235.6,253.11,252.02
104.34,180.31,48.04,-144.78,14.946,121.09,-31.246,39.803,149.14,236.11,253.74,252.9
104.31,179.89,47.706,-144.5,15.393,120.89,-29.95,40.989,149.71,236.62,254.13,253.52
103.02,179.23,48.292,-143.71,14.431,120.76,-28.605,41.893,149.93,237.19,254.13,253.81
100.52,178.33,49.65,-142.43,12.14,120.7,-27.159,42.527,149.75,237.63,253.51,253.56
96.918,177.12,51.463,-140.64,8.8864,120.68,-25.576,42.916,149.11,237.47,251.99,252.52
92.452,175.42,53.306,-138.26,5.2735,120.6,-23.862,43.072,147.94,236.15,249.35,250.48
87.633,172.99,54.736,-135.2,1.9668,120.27,-22.06,42.988,146.17,233.35,245.55,247.56
83.129,169.62,55.444,-131.35,-0.51384,119.47,-20.229,42.644,143.71,229.06,240.61,244.05
79.26,165.35,55.348,-126.8,-1.8661,118.01,-18.409,42.008,140.52,223.43,234.58,240.07
75.915,160.4,54.538,-121.8,-2.0649,115.82,-16.604,41.053,136.56,216.58,227.55,235.35
72.833,154.92,53.129,-116.6,-1.4061,112.85,-14.785,39.765,131.87,208.62,219.7,229.47
69.769,148.95,51.218,-111.31,-0.38618,109.11,-12.932,38.15,126.54,199.72,211.3,222.04
66.496,142.53,48.953,-105.97,0.52462,104.68,-11.056,36.233,120.81,190.21,202.63,212.96
62.751,135.74,46.538,-100.52,1.0192,99.74,-9.2014,34.054,114.96,180.57,193.92,202.53
58.296,128.76,44.105,-94.853,0.94595,94.618,-7.4164,31.65,109.21,171.3,185.18,191.43
53.075,121.73,41.647,-88.865,0.29429,89.608,-5.7386,29.047,103.64,162.57,176.17,180.48
47.326,114.69,39.056,-82.556,-0.78968,84.79,-4.1953,26.259,98.108,154.15,166.54,170.2
41.491,107.57,36.173,-76.02,-2.0351,80.031,-2.8064,23.316,92.372,145.5,155.99,160.67
36.008,100.29,32.822,-69.437,-3.146,75.084,-1.5841,20.298,86.184,136.1,144.41,151.55
31.15,92.71,28.902,-63.015,-3.9108,69.678,-0.52847,17.329,79.444,125.75,132.03,142.43
26.957,84.689,24.533,-56.852,-4.2658,63.607,0.37472,14.532,72.29,114.68,119.32,133
23.193,76.186,20.121,-50.92,-4.2889,56.903,1.1506,11.965,65.03,103.48,106.9,123.15
19.369,67.475,16.124,-45.189,-4.1377,49.974,1.8274,9.6144,57.979,92.758,95.207,112.88
14.98,59.107,12.712,-39.676,-3.9607,43.421,2.4281,7.4377,51.317,82.875,84.389,102.32
10.284,51.554,9.7745,-34.393,-3.8235,37.639,2.9665,5.4005,45.07,73.909,74.343,91.703
6.3935,44.883,7.1288,-29.309,-3.6852,32.651,3.4485,3.4869,39.138,65.724,64.922,81.354
3.7552,38.825,4.6374,-24.357,-3.4297,28.214,3.8753,1.6903,33.36,58.106,56.017,71.508
2.0373,33.081,2.233,-19.501,-2.94,23.994,4.2497,0.0061635,27.646,50.848,47.535,62.272
0.89901,27.514,-0.079367,-14.854,-2.1798,19.72,4.5818,-1.5682,22.124,43.809,39.415,53.676
0.11872,22.117,-2.228,-10.64,-1.2373,15.324,4.8958,-3.0334,17.131,36.901,31.678,45.752
-0.49868,16.958,-4.086,-7.0522,-0.31912,11.057,5.2326,-4.3898,12.938,30.098,24.45,38.525
-1.1544,12.219,-5.5006,-4.162,0.29666,7.3913,5.6431,-5.6391,9.5568,23.614,17.988,31.944
-2.0252,8.2224,-6.3394,-1.9182,0.34209,4.6468,6.1699,-6.7857,6.8247,17.979,12.684,25.936
-3.2152,5.1667,-6.5455,-0.1723,-0.34019,2.7856,6.8297,-7.838,4.5549,13.529,8.7066,20.774
-4.7207,2.9237,-6.1792,1.2561,-1.7153,1.576,7.6103,-8.8087,2.6025,10.12,5.7834,16.898
-6.424,1.2106,-5.4249,2.5047,-3.5403,0.77919,8.4759,-9.7101,0.87002,7.4273,3.5321,14.2
-8.1195,-0.20088,-4.5502,3.6369,-5.4358,0.20258,9.3758,-10.548,-0.70211,5.1939,1.6767,12.241
-9.5778,-1.4394,-3.8317,4.6564,-7.0158,-0.29716,10.251,-11.318,-2.1453,3.2683,0.052089,10.689
-10.628,-2.5633,-3.4749,5.5459,-8.0101,-0.81281,11.039,-12.013,-3.4741,1.5744,-1.4296,9.3714
-11.217,-3.599,-3.5633,6.3019,-8.3163,-1.3876,11.688,-12.634,-4.6989,0.075812,-2.8052,8.2147
-11.408,-4.5685,-4.0584,6.9505,-7.9833,-2.0269,12.161,-13.194,-5.8356,-1.2524,-4.0848,7.1894
-11.331,-5.4999,-4.8525,7.5377,-7.1614,-2.7186,12.454,-13.725,-6.9121,-2.4432,-5.2747,6.2763
-11.124,-6.4231,-5.831,8.1041,-6.0443,-3.4537,12.588,-14.271,-7.9672,-3.5449,-6.3962,5.4471
-10.867,-7.3584,-6.9083,8.6615,-4.8204,-4.2332,12.603,-14.881,-9.0438,-4.6149,-7.4897,4.6601
-10.577,-8.3082,-8.028,9.1894,-3.6435,-5.0624,12.536,-15.594,-10.176,-5.704,-8.6003,3.8684
-10.247,-9.2582,-9.1467,9.6567,-2.6237,-5.9371,12.404,-16.429,-11.379,-6.8388,-9.7534,3.0363
-9.9037,-10.188,-10.222,10.053,-1.8328,-6.8379,12.211,-17.375,-12.637,-8.0135,-10.937,2.1513
-9.6229,-11.084,-11.211,10.406,-1.3138,-7.7372,11.955,-18.403,-13.925,-9.1968,-12.107,1.2228
-9.4777,-11.949,-12.096,10.758,-1.0616,-8.6175,11.635,-19.49,-15.217,-10.352,-13.215,0.26846
-9.4716,-12.794,-12.907,11.137,-0.98852,-9.4833,11.241,-20.626,-16.513,-11.459,-14.241,-0.70289
-9.5218,-13.628,-13.718,11.531,-0.93252,-10.355,10.762,-21.823,-17.831,-12.521,-15.203,-1.6983
-9.5064,-14.448,-14.6,11.904,-0.72012,-11.246,10.186,-23.086,-19.182,-13.552,-16.144,-2.735
-9.3317,-15.237,-15.569,12.218,-0.2409,-12.141,9.5246,-24.389,-20.547,-14.556,-17.101,-3.8245
-8.9736,-15.963,-16.562,12.448,0.51155,-12.99,8.8104,-25.666,-21.855,-15.505,-18.076,-4.9567
-8.4732,-16.58,-17.467,12.585,1.444,-13.719,8.0897,-26.826,-23.017,-16.348,-19.029,-6.0905
-7.9058,-17.042,-18.178,12.618,2.4008,-14.261,7.4025,-27.803,-23.96,-17.036,-19.892,-7.1609
-7.351,-17.317,-18.632,12.536,3.2176,-14.586,6.7663,-28.591,-24.673,-17.546,-20.598,-8.1017
-6.8735,-17.4,-18.831,12.342,3.7689,-14.714,6.1736,-29.235,-25.205,-17.894,-21.112,-8.874
-6.5161,-17.328,-18.827,12.059,3.9948,-14.704,5.6023,-29.798,-25.64,-18.127,-21.439,-9.4817
-6.2964,-17.159,-18.699,11.738,3.9029,-14.632,5.0304,-30.316,-26.045,-18.294,-21.617,-9.962
-6.2044,-16.951,-18.514,11.432,3.5586,-14.548,4.4463,-30.772,-26.432,-18.424,-21.693,-10.357
-6.2015,-16.739,-18.303,11.18,3.072,-14.461,3.8494,-31.107,-26.749,-18.51,-21.705,-10.684
-6.2249,-16.524,-18.046,10.992,2.5817,-14.335,3.2486,-31.242,-26.908,-18.513,-21.665,-10.92
-6.1989,-16.279,-17.703,10.846,2.2296,-14.111,2.6603,-31.112,-26.827,-18.384,-21.559,-11.014
-6.0525,-15.968,-17.248,10.698,2.1283,-13.746,2.1059,-30.701,-26.47,-18.089,-21.362,-10.912
-5.7365,-15.561,-16.698,10.498,2.3257,-13.235,1.6072,-30.041,-25.867,-17.626,-21.06,-10.593
-5.2453,-15.051,-16.113,10.202,2.7793,-12.621,1.1794,-29.205,-25.099,-17.03,-20.67,-10.093
-4.6449,-14.459,-15.562,9.7974,3.3546,-11.979,0.82584,-28.267,-24.261,-16.358,-20.233,-9.4973
-4.082,-13.833,-15.079,9.3121,3.8424,-11.388,0.53948,-27.277,-23.417,-15.656,-19.792,-8.9009
-3.7504,-13.223,-14.634,8.8244,3.9999,-10.896,0.31067,-26.237,-22.568,-14.937,-19.36,-8.3674
-3.8275,-12.671,-14.134,8.441,3.6174,-10.499,0.13603,-25.117,-21.649,-14.17,-18.901,-7.8992
-4.3907,-12.19,-13.472,8.2471,2.6074,-10.153,0.019759,-23.877,-20.569,-13.3,-18.348,-7.4444
-5.3458,-11.768,-12.6,8.2491,1.0921,-9.7987,-0.03539,-22.509,-19.266,-12.282,-17.636,-6.9357
-6.4232,-11.372,-11.578,8.3577,-0.58793,-9.4001,-0.039033,-21.053,-17.754,-11.125,-16.749,-6.3349
-7.2619,-10.968,-10.578,8.4275,-1.9691,-8.9573,-0.014035,-19.587,-16.125,-9.89,-15.722,-5.6586
-7.5385,-10.536,-9.8081,8.3249,-2.631,-8.4991,0.015142,-18.19,-14.499,-8.6686,-14.636,-4.9712
-7.0892,-10.082,-9.412,7.9855,-2.357,-8.0653,0.037631,-16.906,-12.975,-7.5436,-13.578,-4.3541
-5.9743,-9.6323,-9.4033,7.4356,-1.2119,-7.6879,0.06214,-15.719,-11.58,-6.5538,-12.609,-3.8702
-4.4555,-9.2227,-9.6649,6.774,0.48349,-7.3815,0.10831,-14.572,-10.28,-5.6864,-11.748,-3.5403
-2.9073,-8.8795,-10.002,6.1288,2.2547,-7.1453,0.19018,-13.398,-9.008,-4.8951,-10.976,-3.3382
-1.6992,-8.6128,-10.218,5.6113,3.6206,-6.9724,0.30402,-12.159,-7.7079,-4.1298,-10.25,-3.2053
-1.0873,-8.4142,-10.18,5.2832,4.2397,-6.8574,0.42809,-10.862,-6.3676,-3.3624,-9.5286,-3.0775
-1.1459,-8.26,-9.8653,5.1481,4.002,-6.7967,0.53196,-9.5505,-5.0184,-2.596,-8.7863,-2.9118
-1.7634,-8.1191,-9.3588,5.164,3.0468,-6.7851,0.58818,-8.2806,-3.7142,-1.8571,-8.0196,-2.7021
-2.692,-7.9623,-8.8173,5.2648,1.7175,-6.8132,0.58107,-7.0911,-2.5011,-1.1784,-7.2422,-2.4767
-3.6232,-7.7691,-8.4108,5.3748,0.46815,-6.867,0.51077,-5.9909,-1.3953,-0.58012,-6.4735,-2.281
-4.2774,-7.5305,-8.2675,5.4219,-0.27394,-6.9287,0.39297,-4.9597,-0.37676,-0.057901,-5.7265,-2.1527
-4.4755,-7.2488,-8.4341,5.3539,-0.2554,-6.9738,0.25405,-3.9633,0.59978,0.41764,-5.0001,-2.0989
-4.1707,-6.9307,-8.8572,5.1481,0.51159,-6.9702,0.1224,-2.9746,1.582,0.88814,-4.2807,-2.089
-3.4516,-6.579,-9.3873,4.8121,1.7645,-6.8813,0.018758,-1.9895,2.5965,1.3873,-3.552,-2.0654
-2.5111,-6.192,-9.8089,4.3782,3.1026,-6.675,-0.049809,-1.0288,3.6359,1.9244,-2.8057,-1.9685
-1.5847,-5.7671,-9.8987,3.8931,4.117,-6.3331,-0.089714,-0.12731,4.6613,2.4798,-2.0488,-1.7629
-0.87903,-5.3036,-9.4975,3.404,4.4915,-5.8567,-0.11583,0.68347,5.6184,3.0152,-1.3041,-1.4503
-0.51389,-4.8051,-8.5707,2.9452,4.0673,-5.2684,-0.14494,1.3878,6.4577,3.4908,-0.60466,-1.0657
-0.49807,-4.2844,-7.2317,2.5336,2.8917,-4.615,-0.19056,1.9889,7.1497,3.8824,0.014787,-0.66183
-0.73351,-3.7672,-5.7216,2.1683,1.2392,-3.9679,-0.25992,2.5036,7.6901,4.1914,0.52961,-0.28939
-1.0367,-3.2876,-4.3525,1.8307,-0.44131,-3.4159,-0.35277,2.9537,8.0948,4.4438,0.93621,0.018883
-1.1803,-2.877,-3.4283,1.4862,-1.6542,-3.0484,-0.46114,3.3574,8.3884,4.6785,1.2569,0.2593
-0.9581,-2.5553,-3.1663,1.0961,-2.0049,-2.933,-0.56938,3.7234,8.5942,4.9294,1.5328,0.45756
-0.25607,-2.3307,-3.6406,0.63899,-1.3122,-3.0981,-0.65587,4.0511,8.7277,5.2104,1.8072,0.65408
0.90052,-2.2052,-4.7666,0.12854,0.34404,-3.5242,-0.69848,4.3339,8.7969,5.5099,2.1074,0.87896
2.3488,-2.177,-6.3356,-0.38767,2.6561,-4.1483,-0.68386,4.5637,8.8056,5.7972,2.4354,1.1314
3.8484,-2.2367,-8.0893,-0.85054,5.2057,-4.8825,-0.61577,4.7343,8.7583,6.036,2.7722,1.3769
5.1765,-2.3643,-9.7984,-1.2162,7.614,-5.6396,-0.51467,4.8437,8.6627,6.1994,3.0902,1.5637
6.1999,-2.5355,-11.312,-1.4667,9.638,-6.3556,-0.40575,4.8937,8.5284,6.28,3.3684,1.6487
6.8803,-2.7337,-12.571,-1.6007,11.198,-6.9961,-0.30117,4.8912,8.3617,6.2889,3.5998,1.615
7.24,-2.9562,-13.591,-1.6193,12.354,-7.5485,-0.18723,4.8476,8.1595,6.2427,3.7891,1.4718
7.3343,-3.2079,-14.418,-1.5233,13.224,-8.0076,-0.02395,4.7763,7.9078,6.1459,3.9403,1.2381
7.2339,-3.4882,-15.057,-1.3199,13.881,-8.361,0.24299,4.6893,7.587,5.9803,4.0447,0.92345
6.9971,-3.7818,-15.431,-1.0266,14.306,-8.5799,0.66394,4.5947,7.1834,5.7093,4.0804,0.51784
6.6352,-4.0596,-15.4,-0.66573,14.379,-8.6188,1.2681,4.4959,6.6998,5.2963,4.0233,-0.004666
6.0944,-4.286,-14.808,-0.25568,13.909,-8.4287,2.0529,4.3941,6.1583,4.7266,3.8641,-0.67217
5.2745,-4.4313,-13.555,0.19534,12.655,-7.9788,2.9847,4.2893,5.5928,4.0194,3.6153,-1.4996
4.0892,-4.4826,-11.645,0.68971,10.48,-7.2791,4.0087,4.179,5.0338,3.2209,3.3051,-2.4791
2.5277,-4.4528,-9.2227,1.2369,7.5097,-6.3928,5.0673,4.0543,4.4926,2.3843,2.9625,-3.581
0.66877,-4.3802,-6.554,1.8476,4.1155,-5.4274,6.1146,3.8976,3.9552,1.5467,2.6048,-4.7648
-1.345,-4.3156,-3.9547,2.5245,0.75416,-4.5031,7.1251,3.6871,3.391,0.71706,2.2335,-5.9947
-3.3397,-4.2991,-1.7073,3.2517,-2.1779,-3.7155,8.0919,3.4046,2.7722,-0.12111,1.8373,-7.2501
-5.139,-4.3429,0.0077973,3.9894,-4.4196,-3.1104,9.0187,3.0407,2.0886,-0.99499,1.3996,-8.5297
-6.5884,-4.4301,1.1349,4.6788,-5.8685,-2.6845,9.9004,2.5913,1.3479,-1.9279,0.90506,-9.852
-7.5753,-4.5257,1.7292,5.2558,-6.5539,-2.4041,10.701,2.0485,0.5631,-2.9324,0.34355,-11.25
-8.0488,-4.5916,1.9124,5.6653,-6.5724,-2.2275,11.348,1.395,-0.26044,-4.0122,-0.28842,-12.756
-8.0436,-4.6019,1.8267,5.8777,-6.0607,-2.1187,11.746,0.60461,-1.1312,-5.1652,-0.98848,-14.388
-7.6909,-4.5546,1.6055,5.907,-5.2212,-2.0511,11.818,-0.34591,-2.0657,-6.3831,-1.7485,-16.12
-7.1957,-4.4734,1.3684,5.8168,-4.3152,-2.0048,11.534,-1.4561,-3.0771,-7.6467,-2.5537,-17.88
-6.7762,-4.3935,1.2045,5.6994,-3.5824,-1.9658,10.925,-2.6987,-4.1633,-8.9238,-3.3827,-19.561
-6.5824,-4.3389,1.149,5.6309,-3.156,-1.9267,10.067,-4.0164,-5.3011,-10.174,-4.2084,-21.059
-6.6393,-4.3061,1.1743,5.6339,-3.0273,-1.8866,9.0529,-5.3366,-6.4468,-11.356,-4.9997,-22.311
-6.8549,-4.2647,1.2138,5.6744,-3.0678,-1.8471,7.96,-6.5931,-7.5456,-12.435,-5.7246,-23.31
-7.0823,-4.1742,1.2067,5.6923,-3.1014,-1.8054,6.8331,-7.7533,-8.5491,-13.39,-6.3561,-24.085
-7.1949,-4.0015,1.1349,5.6395,-2.9918,-1.7454,5.6812,-8.8191,-9.4363,-14.219,-6.8824,-24.683
-7.136,-3.731,1.0442,5.498,-2.6983,-1.6356,4.4887,-9.823,-10.227,-14.942,-7.3159,-25.153
-6.9293,-3.3632,1.0372,5.2757,-2.2928,-1.4347,3.2361,-10.819,-10.976,-15.606,-7.6949,-25.546
-6.6614,-2.909,1.2463,4.9937,-1.9516,-1.1056,1.9219,-11.851,-11.753,-16.267,-8.0719,-25.916
-6.4523,-2.3838,1.7851,4.6769,-1.919,-0.62656,0.57733,-12.918,-12.607,-16.975,-8.4897,-26.311
-6.4201,-1.8037,2.7242,4.3506,-2.4264,0.0051515,-0.73503,-13.971,-13.535,-17.742,-8.9565,-26.751
-6.6397,-1.1812,4.0732,4.0349,-3.5829,0.77369,-1.943,-14.919,-14.472,-18.531,-9.4354,-27.224
-7.0994,-0.52544,5.7495,3.7333,-5.2965,1.6404,-2.998,-15.674,-15.313,-19.27,-9.8575,-27.688
-7.6797,0.15267,7.5535,3.4237,-7.2733,2.5367,-3.8996,-16.199,-15.963,-19.89,-10.153,-28.106
-8.1807,0.8317,9.1947,3.0657,-9.1007,3.3656,-4.6974,-16.52,-16.386,-20.354,-10.287,-28.462
-8.3956,1.4744,10.385,2.6225,-10.382,4.0227,-5.4696,-16.719,-16.616,-20.677,-10.273,-28.775
-8.1913,2.0331,10.934,2.0856,-10.863,4.4294,-6.288,-16.891,-16.727,-20.904,-10.167,-29.084
-7.5495,2.4662,10.809,1.484,-10.487,4.5628,-7.1816,-17.077,-16.778,-21.087,-10.04,-29.433
-6.5569,2.7597,10.121,0.87108,-9.3673,4.4618,-8.1131,-17.237,-16.77,-21.245,-9.9444,-29.853
-5.3627,2.9401,9.0569,0.29603,-7.7232,4.2087,-8.9747,-17.24,-16.613,-21.353,-9.8923,-30.334
-4.1251,3.0734,7.8106,-0.22093,-5.8137,3.8992,-9.6161,-16.892,-16.136,-21.324,-9.8374,-30.815
-2.9685,3.2515,6.5346,-0.69297,-3.8777,3.6176,-9.9028,-15.977,-15.113,-21.01,-9.6667,-31.161
-1.96,3.5739,5.3499,-1.1561,-2.0822,3.4197,-9.7741,-14.307,-13.339,-20.189,-9.1952,-31.162
-1.1135,4.1318,4.4261,-1.6587,-0.50215,3.3438,-9.2475,-11.871,-10.759,-18.561,-8.1783,-30.548
-0.41516,5.0212,3.9597,-2.2624,0.84767,3.4558,-8.4378,-10.599,-8.1048,-15.79,-6.352,-29.036
0.14424,6.3254,3.7279,-3.0761,1.9674,3.6883,-7.7283,-13.597,-11.918,-12.102,-3.5054,-26.373
0.54547,6.7166,3.0125,-4.3385,2.7771,2.5765,-7.7263,-14.958,-15.327,-14.909,-2.7935,-22.988
0.77498,1.0489,2.0852,-5.238,2.9848,-1.3007,-8.1403,-16.675,-17.175,-16.703,-6.7317,-26.819
0.98363,-4.075,2.195,-0.41568,2.1659,-4.5532,-7.5558,-17.587,-18.666,-18.405,-10.022,-31.789
-1.0756,-5.1703,4.3698,2.454,0.18836,-5.074,-4.8903,-15.272,-16.939,-20.331,-14.187,-36.811
-6.3148,-2.9613,9.2995,2.9503,-2.9491,-2.0138,-0.21768,-7.1991,-9.937,-20.27,-17.383,-40.892
-10.673,4.088,17.329,1.1724,-10.83,5.8641,5.1494,7.8919,4.0178,-14.023,-15.753,-40.206
-13.656,17.505,28.061,-4.06,-22.901,19.946,17.099,30.436,28.042,2.2822,-4.3261,-32.196
-13.428,37.944,40.148,-13.727,-32.051,40.327,33.782,60.77,63.265,30.918,20.364,-14.645
-8.0718,64.147,52.424,-28.332,-37.134,63.836,48.223,97.523,108.68,72.433,59.349,14.153
3.7655,91.783,66.277,-47.494,-36.537,84.393,58.763,137.9,163.23,129.08,114.72,54.612
22.576,116.79,80.081,-69.848,-29.166,99.235,63.821,178.72,225.09,206.78,192.45,106.55
48.578,139.3,80.304,-94.439,-14.566,109.55,61.979,216.11,292.69,308.13,293.73,169.53
81.74,161.68,69.124,-122.07,6.3659,116.9,52.273,245.07,364.61,433.94,418.28,243.74
121.21,186.89,54.766,-154.02,31.417,123.12,34.893,263.18,437.12,583.86,567.16,331.45
165.1,217.47,42.869,-190.98,57.695,131.89,9.3309,269.69,505.74,754.6,738.58,433.16
210.93,254.88,36.456,-232.85,82.794,145.9,-26.308,261.66,564.92,938.61,926.05,545.17
255.48,299.71,37.855,-278.24,104.04,167.31,-71.83,234.93,607.58,1121,1115.6,660.57
294.29,350.8,50.515,-323.78,117.55,197.71,-123.84,187.87,625.62,1280.1,1286.3,769.03
321.86,404.18,77.058,-364.04,119.25,236.47,-176.52,122.06,612.04,1391.5,1413.5,857.2
332.7,452.91,115.86,-392.67,107.02,279.59,-224.58,40.607,561.71,1431.2,1471.9,910.57
323.36,488.08,160.01,-403.91,81.9,319.5,-265.43,-53.797,471.59,1381.1,1441.7,916.44
294.13,500.82,199.95,-393.83,48.273,346.8,-299.53,-159.43,341.44,1233.1,1313.8,867.1
248.5,484.7,226.56,-361.13,12.509,353.32,-329.5,-275.01,174.74,993.34,1093.7,762.13
191.68,437.76,233.39,-307.75,-19.349,334.58,-358.73,-398.63,-20.714,681.64,802.14,609.45
129.64,363.33,218.23,-238.73,-43.224,290.89,-389.68,-526.54,-232.65,329.34,471.96,424.5
68.025,269.43,183.95,-161.13,-57.885,227.44,-422.61,-651.92,-444.53,-25.752,141.86,227.99
11.136,167.25,138.36,-82.894,-64.237,153.46,-455.16,-764.61,-636.58,-345.1,-150.65,42.404
-37.828,68.946,91.227,-11.475,-64.134,79.612,-482.5,-852.22,-788.67,-596.01,-376.19,-112.58
-76.531,-15.255,49.356,47.521,-60.613,15.055,-498.62,-903.15,-884.77,-757.88,-519.14,-224.65
-103.61,-78.963,16.405,91.004,-56.417,-34.37,-498.56,-910.4,-917.63,-826.32,-579.65,-290.55
-118.85,-120.07,-6.1048,118.16,-51.464,-66.601,-480.57,-874.41,-891.36,-812.98,-571.37,-314.79
-122.23,-139.73,-19.743,129.71,-44.211,-82.994,-446.67,-802.86,-819.66,-740.57,-516.53,-306.89
-114.55,-141.22,-27.675,127.51,-34.248,-86.812,-401.48,-707.44,-718.84,-635.11,-439.14,-278.34
-98.893,-129.49,-32.41,114.67,-22.862,-82.139,-350.15,-600.19,-603.75,-520,-357.04,-239.73
-78.599,-110.18,-35.108,95.197,-12.152,-72.938,-296.67,-491,-487.29,-410.54,-279.95,-199.05
-56.623,-87.978,-35.706,73.121,-4.5735,-61.732,-243.8,-386.96,-378.08,-313.86,-212.82,-161.24
-35.762,-65.88,-33.653,51.467,-0.20501,-49.827,-193.84,-293.17,-281.13,-232.78,-157.64,-128.6
-19.304,-45.58,-19.112,32.093,1.816,-38.015,-149.34,-213.56,-200.24,-167.19,-113.72,-101.37
-8.8694,-28.782,-12.481,17.236,1.8842,-26.875,-112.51,-150.66,-137.64,-116.1,-79.862,-82.612
-4.0309,-17.482,-10.54,8.4293,0.80098,-19.051,-83.504,-104.78,-92.917,-79.841,-55.436,-69.238
-2.6093,-10.959,-9.1262,3.9233,-0.24945,-14.323,-62.386,-73.916,-63.385,-55.502,-37.418,-51.995
-2.7355,-6.5837,-7.9865,1.9503,-0.95522,-10.985,-48.668,-55.38,-45.581,-40.443,-25.957,-39.076
-4.1921,-3.9134,-7.2267,1.5149,-1.5229,-8.4575,-40.815,-45.468,-35.549,-32.548,-20.358,-30.884
-6.4452,-3.5742,-6.9128,2.3432,-1.8205,-7.5248,-37.07,-40.024,-29.401,-28.46,-17.957,-25.194
-6.2245,-7.043,-7.0127,4.8294,-1.6135,-7.8497,-35.728,-36.036,-24.787,-25.702,-16.599,-21.144
-5.2015,-8.5705,-7.4367,4.9387,-0.88335,-7.9752,-35.359,-32.931,-21.244,-23.349,-15.602,-20.199
-4.2206,-7.6632,-8.0822,4.0147,0.19284,-7.7736,-35.007,-31.686,-18.864,-21.561,-18.193,-21.522
-3.3463,-6.6364,-8.8487,3.2753,1.3817,-7.5526,-34.36,-31.354,-19.005,-23.006,-15.828,-19.936
-2.6391,-5.9002,-9.6275,2.794,2.4724,-7.4305,-32.766,-31.302,-20.23,-20.061,-12.97,-16.767
-2.1828,-5.4468,-10.293,2.543,3.2949,-7.3875,-29.379,-28.982,-16.9,-17.117,-11.042,-13.682
-2.028,-5.186,-10.718,2.481,3.7337,-7.3448,-26.219,-26.097,-14.529,-15.145,-9.8074,-11.086
-2.1523,-5.0076,-10.805,2.5383,3.754,-7.2125,-23.635,-23.978,-13.016,-13.816,-8.9551,-8.951
-2.4586,-4.8003,-10.511,2.6208,3.4092,-6.9197,-21.483,-22.31,-11.889,-12.786,-8.2455,-7.1506
-2.8141,-4.4758,-9.8485,2.6306,2.804,-6.432,-19.575,-20.854,-10.877,-11.829,-7.5262,-5.5703
-3.113,-3.9834,-8.8721,2.5003,2.0279,-5.7568,-17.805,-19.538,-9.8943,-10.85,-6.7347,-4.1447
-3.3318,-3.3249,-7.6568,2.2193,1.1051,-4.9362,-16.135,-18.381,-8.9574,-9.8561,-5.8838,-2.8638
-3.5431,-2.551,-6.275,1.8402,-0.00084319,-4.0308,-14.561,-17.409,-8.1093,-8.9008,-5.0259,-1.7519
-3.8733,-1.7393,-4.7889,1.4587,-1.3293,-3.0998,-13.075,-16.609,-7.3615,-8.0249,-4.2069,-0.83534
-4.4249,-0.96351,-3.259,1.172,-2.8623,-2.1862,-11.655,-15.91,-6.6732,-7.2191,-3.4332,-0.11526
-5.2063,-0.26643,-1.764,1.0311,-4.4997,-1.3143,-10.271,-15.221,-5.9694,-6.425,-2.6688,0.44079
-6.0978,0.3511,-0.41896,1.0107,-6.0563,-0.49815,-8.9122,-14.477,-5.1829,-5.5708,-1.8528,0.8847
-6.8709,0.92199,0.63026,1.0132,-7.2684,0.24852,-7.5982,-13.677,-4.2915,-4.6134,-0.93937,1.2636
-7.2644,1.4893,1.2513,0.91012,-7.851,0.90887,-6.3773,-12.876,-3.3266,-3.5629,0.082106,1.6045
-7.095,2.0794,1.387,0.60393,-7.6214,1.4656,-5.3033,-12.144,-2.3493,-2.4721,1.1849,1.9075
-6.3474,2.6855,1.088,0.074675,-6.6144,1.9052,-4.4085,-11.526,-1.4124,-1.4054,2.3196,2.1537
-5.2009,3.2699,0.50344,-0.60941,-5.117,2.2236,-3.6859,-11.006,-0.52765,-0.4017,3.4358,2.3226
-3.9787,3.7818,-0.15037,-1.3171,-3.5947,2.4343,-3.0886,-10.509,0.3477,0.55192,4.5135,2.4133
-3.0384,4.1798,-0.64012,-1.9022,-2.5295,2.5703,-2.546,-9.9359,1.2973,1.5233,5.5794,2.456
-2.6427,4.447,-0.78878,-2.2588,-2.2493,2.6711,-1.9925,-9.2019,2.4068,2.6103,6.7022,2.5056
-2.8571,4.5931,-0.55,-2.3613,-2.812,2.7607,-1.3952,-8.2865,3.7183,3.8988,7.9584,2.6186
-3.5224,4.646,-0.037344,-2.2728,-3.9704,2.8321,-0.76658,-7.2442,5.2033,5.4256,9.388,2.8298
-4.3208,4.639,0.51718,-2.1163,-5.2593,2.8495,-0.15263,-6.1731,6.7687,7.1662,10.968,3.1418
-4.902,4.5997,0.8538,-2.0245,-6.19,2.7655,0.39443,-5.1588,8.2982,9.0492,12.616,3.5318
-5.0114,4.5432,0.77611,-2.0931,-6.443,2.5418,0.84453,-4.2306,9.7105,10.99,14.231,3.9696
-4.5649,4.4719,0.20824,-2.354,-5.9473,2.1654,1.2044,-3.352,11.007,12.933,15.751,4.4396
-3.6505,4.3846,-0.7872,-2.7786,-4.8475,1.658,1.515,-2.4427,12.286,14.901,17.201,4.961
-2.4744,4.2917,-2.0294,-3.3007,-3.4248,1.076,1.8366,-1.4159,13.712,17.012,18.72,5.5957
-1.2767,4.2257,-3.286,-3.8492,-1.9933,0.49998,2.2286,-0.21718,15.48,19.466,20.54,6.4394
-0.24329,4.2363,-4.3727,-4.3785,-0.77712,0.0072701,2.7307,1.1502,17.761,22.486,22.916,7.6015
0.55576,4.3709,-5.2346,-4.8841,0.15934,-0.363,3.3485,2.631,20.666,26.227,26.025,9.1889
1.1792,4.6565,-5.9695,-5.3992,0.91696,-0.63064,4.0534,4.1569,24.179,30.662,29.845,11.304
1.7838,5.0995,-6.7816,-5.9772,1.7614,-0.857,4.8019,5.6907,28.122,35.517,34.105,14.032
2.5555,5.6985,-7.8636,-6.673,2.9982,-1.0922,5.5715,7.2407,32.205,40.37,38.404,17.387
3.6131,6.4532,-9.2601,-7.5301,4.7357,-1.3211,6.3818,8.8402,36.174,44.878,42.45,21.242
4.9378,7.3601,-10.803,-8.5756,6.8024,-1.4552,7.2763,10.517,39.929,48.929,46.184,25.359
6.3806,8.4162,-12.134,-9.8234,8.7919,-1.3762,8.287,12.284,43.494,52.596,49.724,29.536
7.7296,9.6467,-12.796,-11.286,10.145,-0.97566,9.4183,14.149,46.929,56.032,53.255,33.717
8.7911,11.13,-12.387,-12.98,10.325,-0.16361,10.649,16.135,50.26,59.387,56.934,37.954
9.4557,12.988,-10.755,-14.924,9.0371,1.1027,11.931,18.282,53.47,62.769,60.837,42.3
9.7369,15.349,-8.116,-17.108,6.405,2.7749,13.186,20.64,56.526,66.251,64.951,46.706
9.786,18.285,-5.0097,-19.475,3.0248,4.7093,14.317,23.223,59.415,69.866,69.199,51.024
9.8798,21.712,-2.1207,-21.926,-0.2172,6.7077,15.218,25.977,62.156,73.602,73.493,55.071
10.367,25.343,-0.05118,-24.375,-2.4713,8.5714,15.804,28.768,64.785,77.399,77.76,58.713
11.55,28.808,0.86627,-26.787,-3.222,10.138,16.032,31.438,67.334,81.181,81.953,61.902
13.539,31.862,0.64837,-29.149,-2.4281,11.319,15.919,33.888,69.831,84.903,86.049,64.681
16.134,34.461,-0.36239,-31.429,-0.50525,12.139,15.53,36.094,72.296,88.591,90.066,67.19
18.871,36.716,-1.6176,-33.559,1.8453,12.772,14.964,38.074,74.755,92.326,94.053,69.639
21.223,38.802,-2.5605,-35.464,3.9041,13.496,14.313,39.863,77.23,96.192,98.071,72.233
22.857,40.871,-2.8309,-37.113,5.1996,14.599,13.632,41.492,79.716,100.21,102.17,75.07
23.766,42.989,-2.3929,-38.547,5.6341,16.287,12.919,42.976,82.162,104.3,106.39,78.07
24.226,45.114,-1.5112,-39.856,5.4397,18.574,12.126,44.302,84.494,108.34,110.65,81.034
24.639,47.14,-0.58041,-41.118,5.0352,21.196,11.2,45.442,86.667,112.2,114.83,83.806
25.313,48.97,0.071323,-42.356,4.8063,23.699,10.126,46.376,88.694,115.86,118.84,86.376
26.323,50.565,0.29094,-43.531,4.9453,25.744,8.9451,47.117,90.622,119.37,122.71,88.852
27.513,51.956,0.14789,-44.588,5.3986,27.3,7.744,47.707,92.498,122.82,126.51,91.387
28.632,53.235,-0.074837,-45.501,5.8911,28.571,6.6188,48.217,94.352,126.31,130.38,94.119
29.495,54.534,0.017022,-46.301,6.046,29.832,5.6455,48.727,96.202,129.89,134.37,97.139
30.051,55.997,0.76596,-47.072,5.5579,31.333,4.8585,49.304,98.064,133.58,138.51,100.48
30.386,57.738,2.3024,-47.929,4.318,33.216,4.2427,49.968,99.958,137.34,142.78,104.13
30.691,59.785,4.4732,-48.987,2.4723,35.424,3.7421,50.681,101.9,141.11,147.1,108.05
31.193,62.075,6.9053,-50.333,0.40057,37.722,3.2838,51.346,103.91,144.83,151.44,112.18
32.069,64.498,9.159,-52.002,-1.4141,39.855,2.8097,51.863,105.99,148.53,155.77,116.47
33.37,66.985,10.883,-53.966,-2.5606,41.7,2.3045,52.182,108.14,152.3,160.16,120.88
35.004,69.544,11.925,-56.151,-2.8191,43.313,1.8034,52.348,110.39,156.26,164.72,125.43
36.792,72.267,12.385,-58.472,-2.1996,44.881,1.375,52.491,112.78,160.51,169.56,130.19
38.6,75.284,12.583,-60.9,-0.90726,46.637,1.0862,52.773,115.39,165.03,174.75,135.26
40.427,78.696,12.936,-63.476,0.75788,48.759,0.96706,53.308,118.28,169.75,180.26,140.68
42.389,82.509,13.754,-66.292,2.5178,51.289,0.99268,54.108,121.47,174.51,185.94,146.36
44.629,86.634,15.072,-69.429,4.1761,54.146,1.092,55.074,124.87,179.23,191.59,152.08
47.229,90.965,16.699,-72.901,5.577,57.194,1.1775,56.04,128.3,183.9,197.04,157.57
50.153,95.438,18.478,-76.655,6.5483,60.319,1.1818,56.853,131.53,188.58,202.21,162.68
53.254,100.02,20.432,-80.57,6.9275,63.477,1.0823,57.44,134.44,193.33,207.17,167.43
56.336,104.65,22.701,-84.481,6.6392,66.691,0.90376,57.838,136.98,198.19,212.04,171.93
59.236,109.31,25.404,-88.262,5.7576,70.009,0.69855,58.162,139.22,203.17,216.95,176.33
61.891,114.02,28.538,-91.915,4.5174,73.46,0.51587,58.557,141.27,208.23,221.99,180.73
64.377,118.89,31.942,-95.572,3.2624,77.072,0.37454,59.131,143.28,213.29,227.17,185.15
66.88,124.04,35.346,-99.39,2.3457,80.885,0.24986,59.907,145.34,218.21,232.42,189.56
69.601,129.49,38.491,-103.43,2.0255,84.94,0.081285,60.809,147.53,222.88,237.6,193.84
72.653,135.04,41.22,-107.63,2.4021,89.205,-0.20048,61.693,149.8,227.28,242.54,197.87
75.996,140.41,43.476,-111.83,3.4107,93.506,-0.63914,62.41,152.06,231.46,247.16,201.56
79.452,145.36,45.288,-115.88,4.8504,97.572,-1.2268,62.886,154.2,235.52,251.5,204.9
82.807,149.81,46.801,-119.65,6.4327,101.21,-1.8994,63.147,156.12,239.51,255.66,207.94
85.884,153.83,48.273,-123.04,7.8418,104.42,-2.5593,63.299,157.82,243.47,259.82,210.76
88.565,157.53,50,-126.08,8.7912,107.35,-3.1165,63.477,159.37,247.48,264.16,213.48
90.772,161.06,52.207,-128.81,9.0687,110.11,-3.5265,63.776,160.87,251.63,268.91,216.23
92.421,164.49,54.955,-131.26,8.5804,112.73,-3.8048,64.212,162.38,255.97,274.21,219.18
93.42,167.79,58.108,-133.41,7.3861,115.14,-4.0102,64.732,163.91,260.38,279.93,222.47
93.7,170.88,61.38,-135.18,5.694,117.29,-4.2099,65.253,165.39,264.57,285.66,226.13
93.287,173.71,64.452,-136.53,3.8063,119.2,-4.4443,65.706,166.73,268.27,290.91,230.03
92.372,176.29,67.091,-137.54,2.0322,120.97,-4.7107,66.066,167.89,271.36,295.44,233.88
91.297,178.68,69.224,-138.4,0.60749,122.69,-4.9687,66.358,168.88,273.94,299.29,237.44
90.43,180.93,70.916,-139.27,-0.35128,124.42,-5.1631,66.651,169.75,276.16,302.59,240.65
90.019,183.11,72.301,-140.26,-0.85333,126.18,-5.2551,67.02,170.62,278.18,305.45,243.56
90.124,185.21,73.532,-141.4,-1.0124,127.91,-5.242,67.515,171.56,280.09,307.98,246.24
90.657,187.25,74.751,-142.67,-0.99655,129.54,-5.1547,68.134,172.6,281.9,310.23,248.75
91.458,189.2,76.05,-144.01,-0.95723,131.06,-5.0367,68.827,173.72,283.59,312.25,251.09
92.39,191.02,77.452,-145.36,-0.96521,132.47,-4.9212,69.515,174.83,285.11,314.04,253.24
93.373,192.66,78.858,-146.71,-0.98895,133.77,-4.8215,70.12,175.84,286.43,315.62,255.11
94.389,194.08,80.039,-148.09,-0.91626,134.93,-4.7381,70.596,176.65,287.58,317.04,256.63
95.498,195.23,80.73,-149.56,-0.59392,135.84,-4.6705,70.94,177.25,288.65,318.4,257.74
96.826,196.1,80.765,-151.17,0.12065,136.39,-4.6236,71.173,177.67,289.73,319.76,258.47
98.467,196.69,80.141,-152.93,1.2879,136.51,-4.6042,71.318,177.95,290.87,321.08,258.86
100.36,197.06,79.005,-154.73,2.8227,136.24,-4.6136,71.382,178.14,291.96,321.97,258.92
102.25,197.25,77.593,-156.3,4.4814,135.66,-4.6399,71.356,178.23,292.69,321.81,258.48
103.76,197.22,76.167,-157.21,5.9129,134.94,-4.6528,71.23,178.11,292.52,320.14,257.34
104.52,196.8,74.968,-157.06,6.7554,134.26,-4.608,70.997,177.63,290.94,316.89,255.48
104.22,195.79,74.199,-155.71,6.748,133.72,-4.4603,70.646,176.65,287.69,312.1,252.95
102.66,194.09,73.927,-153.27,5.8227,133.18,-4.1792,70.149,175.05,282.8,305.68,249.49
99.747,191.65,73.999,-149.96,4.1501,132.33,-3.7611,69.459,172.79,276.33,297.5,244.57
95.614,188.39,74.095,-145.98,2.1133,130.84,-3.2332,68.516,169.85,268.28,287.47,237.74
90.703,184.09,73.817,-141.43,0.1937,128.59,-2.6451,67.257,166.15,258.65,275.73,228.89
85.628,178.49,72.767,-136.33,-1.1973,125.57,-2.0486,65.624,161.59,247.63,262.77,218.25
80.878,171.48,70.643,-130.78,-1.8548,121.78,-1.4753,63.565,156.1,235.62,249.34,206.39
76.666,163.38,67.403,-124.9,-1.8231,117.1,-0.92649,61.043,149.64,223.11,236.04,194.07
72.934,154.78,63.375,-118.8,-1.3548,111.39,-0.38265,58.053,142.21,210.45,223.11,182.02
69.435,146.16,59.133,-112.54,-0.81325,104.79,0.17336,54.62,133.97,197.92,210.56,170.65
65.852,137.69,55.161,-106.13,-0.53788,98.002,0.73656,50.81,125.35,185.8,198.48,160.02
61.9,129.46,51.606,-99.655,-0.71792,91.718,1.2738,46.784,116.97,174.38,186.99,149.94
57.364,121.56,48.308,-93.145,-1.3326,86.122,1.7319,42.785,109.28,163.75,175.97,140.15
52.139,113.89,44.996,-86.501,-2.1718,80.96,2.0557,38.953,102.26,153.62,164.88,130.33
46.38,106.2,41.413,-79.599,-2.915,75.759,2.207,35.163,95.394,143.43,153.11,120.19
40.598,98.179,37.356,-72.515,-3.2478,69.998,2.1755,31.094,87.964,132.61,140.36,109.6
35.354,89.635,32.676,-65.494,-2.9827,63.353,1.975,26.463,79.468,120.9,126.9,98.675
30.856,80.575,27.349,-58.745,-2.1301,55.931,1.6295,21.266,70.016,108.54,113.34,87.679
26.923,71.295,21.673,-52.368,-0.89742,48.308,1.1598,15.876,60.365,96.206,100.26,76.968
23.137,62.287,16.264,-46.377,0.37411,41.235,0.57784,10.791,51.374,84.624,87.995,66.837
19.067,53.999,11.658,-40.755,1.3196,35.182,-0.10956,6.2475,43.413,74.215,76.664,57.46
14.665,46.653,8.042,-35.464,1.6695,30.171,-0.89496,2.1736,36.316,64.952,66.235,48.93
10.494,40.192,5.3619,-30.461,1.3279,25.934,-1.7661,-1.5899,29.673,56.495,56.558,41.29
7.0935,34.351,3.4736,-25.664,0.39137,22.069,-2.7044,-5.134,23.111,48.485,47.431,34.49
4.4687,28.774,2.2035,-20.948,-0.89636,18.111,-3.6856,-8.4657,16.534,40.71,38.729,28.333
2.4007,23.161,1.3517,-16.243,-2.2346,13.814,-4.6807,-11.552,10.257,33.074,30.501,22.666
0.73227,17.479,0.66634,-11.713,-3.3586,9.6005,-5.6628,-14.369,4.7944,25.583,22.913,17.88
-0.61515,12.149,-0.1256,-7.7819,-4.0868,6.0987,-6.615,-16.922,0.37296,18.551,16.246,14.364
-1.6826,7.7124,-1.2221,-4.7581,-4.3337,3.3222,-7.534,-19.253,-3.2074,12.538,10.964,11.835
-2.4965,4.2432,-2.6824,-2.554,-4.1069,0.94815,-8.4236,-21.41,-6.2866,7.776,7.1282,9.8881
-3.0834,1.4726,-4.4409,-0.89479,-3.4817,-1.2398,-9.2793,-23.415,-9.1055,4.039,4.3136,8.2994
-3.4742,-0.83764,-6.3629,0.43556,-2.5572,-3.2947,-10.076,-25.243,-11.765,0.99921,2.1405,6.9678
-3.6936,-2.8089,-8.3035,1.5467,-1.42,-5.1858,-10.772,-26.833,-14.273,-1.5707,0.39601,5.8383
-3.7452,-4.4955,-10.158,2.4774,-0.12864,-6.8684,-11.323,-28.137,-16.609,-3.8046,-1.0459,4.8583
-3.6152,-5.932,-11.888,3.234,1.2865,-8.3221,-11.71,-29.156,-18.77,-5.7952,-2.2829,3.9633
-3.3,-7.1563,-13.505,3.8188,2.7975,-9.5624,-11.943,-29.951,-20.784,-7.6206,-3.4014,3.0855
-2.8412,-8.2145,-15.011,4.2505,4.3256,-10.627,-12.056,-30.614,-22.684,-9.3414,-4.4681,2.1744
-2.3455,-9.15,-16.331,4.5717,5.701,-11.546,-12.079,-31.22,-24.481,-10.985,-5.515,1.215
-1.967,-9.9879,-17.309,4.8394,6.6766,-12.314,-12.023,-31.799,-26.153,-12.542,-6.5344,0.22794
-1.8538,-10.723,-17.771,5.103,7.0006,-12.884,-11.871,-32.324,-27.654,-13.974,-7.49,-0.74576
-2.0878,-11.327,-17.606,5.385,6.5228,-13.195,-11.585,-32.73,-28.939,-15.239,-8.3406,-1.665
-2.6496,-11.762,-16.824,5.6792,5.2845,-13.207,-11.127,-32.937,-29.973,-16.314,-9.0657,-2.5045
-3.4235,-12.011,-15.576,5.9641,3.5475,-12.927,-10.482,-32.88,-30.743,-17.2,-9.6787,-3.2621
-4.2379,-12.094,-14.113,6.2203,1.7332,-12.434,-9.6719,-32.531,-31.257,-17.919,-10.223,-3.9576
-4.9224,-12.065,-12.735,6.4418,0.28039,-11.857,-8.748,-31.915,-31.539,-18.507,-10.753,-4.6229
-5.3629,-11.998,-11.718,6.6371,-0.5175,-11.345,-7.7734,-31.104,-31.629,-19.001,-11.318,-5.2893
-5.5368,-11.968,-11.229,6.827,-0.60445,-11.022,-6.8025,-30.207,-31.591,-19.445,-11.947,-5.9785
-5.5226,-12.035,-11.266,7.04,-0.15623,-10.948,-5.8645,-29.341,-31.502,-19.883,-12.649,-6.6993
-5.4808,-12.224,-11.631,7.309,0.48552,-11.101,-4.9563,-28.588,-31.433,-20.354,-13.417,-7.4464
-5.6062,-12.529,-12.006,7.6673,0.91903,-11.384,-4.0443,-27.966,-31.422,-20.877,-14.227,-8.1998
-6.0604,-12.912,-12.079,8.1384,0.81676,-11.664,-3.0799,-27.421,-31.461,-21.439,-15.045,-8.9274
-6.8993,-13.329,-11.682,8.7225,0.059657,-11.824,-2.0287,-26.862,-31.496,-22.006,-15.838,-9.5931
-8.0278,-13.739,-10.867,9.3892,-1.1932,-11.819,-0.89957,-26.204,-31.459,-22.537,-16.578,-10.17
-9.2198,-14.128,-9.8774,10.086,-2.5379,-11.69,0.24657,-25.408,-31.298,-23.003,-17.249,-10.653
-10.206,-14.503,-9.061,10.758,-3.4521,-11.547,1.3141,-24.499,-30.994,-23.392,-17.848,-11.062
-10.779,-14.881,-8.7545,11.373,-3.5128,-11.507,2.2086,-23.547,-30.569,-23.706,-18.38,-11.434
-10.857,-15.267,-9.1537,11.918,-2.5893,-11.645,2.8727,-22.633,-30.066,-23.951,-18.851,-11.806
-10.517,-15.64,-10.204,12.395,-0.86546,-11.952,3.3044,-21.809,-29.532,-24.136,-19.264,-12.197
-10.007,-15.956,-11.587,12.809,1.2119,-12.333,3.5529,-21.085,-28.998,-24.265,-19.609,-12.597
-9.6919,-16.163,-12.807,13.166,2.9772,-12.641,3.6974,-20.421,-28.457,-24.335,-19.856,-12.963
-9.9045,-16.222,-13.345,13.48,3.7124,-12.721,3.8182,-19.749,-27.861,-24.327,-19.962,-13.231
-10.806,-16.116,-12.832,13.763,2.942,-12.461,3.9682,-19.001,-27.14,-24.209,-19.877,-13.342
-12.318,-15.853,-11.189,14.015,0.63095,-11.833,4.1561,-18.14,-26.234,-23.95,-19.56,-13.259
-14.149,-15.46,-8.6781,14.212,-2.7858,-10.901,4.3439,-17.183,-25.131,-23.54,-19.006,-12.992
-15.895,-14.976,-5.8055,14.307,-6.5279,-9.8039,4.4638,-16.19,-23.877,-23.002,-18.247,-12.589
-17.158,-14.446,-3.1479,14.249,-9.7419,-8.7087,4.454,-15.239,-22.557,-22.38,-17.346,-12.12
-17.676,-13.907,-1.1684,14.013,-11.8,-7.7557,4.2992,-14.383,-21.252,-21.717,-16.373,-11.644
-17.4,-13.378,-0.092838,13.613,-12.465,-7.0179,4.0501,-13.622,-19.989,-21.027,-15.373,-11.184
-16.486,-12.851,0.11951,13.094,-11.873,-6.4944,3.8097,-12.896,-18.734,-20.279,-14.357,-10.72
-15.219,-12.299,-0.29175,12.507,-10.417,-6.135,3.6907,-12.103,-17.406,-19.421,-13.316,-10.207
-13.91,-11.692,-1.0156,11.884,-8.5957,-5.8737,3.7672,-11.154,-15.934,-18.409,-12.24,-9.605
-12.785,-11.024,-1.7932,11.232,-6.8715,-5.6553,4.0488,-10.008,-14.292,-17.233,-11.139,-8.9091
-11.912,-10.316,-2.4841,10.544,-5.5392,-5.4599,4.4874,-8.6906,-12.52,-15.927,-10.047,-8.1561
-11.217,-9.608,-3.0632,9.8258,-4.6665,-5.3081,5.0076,-7.2791,-10.706,-14.557,-9.0163,-7.4134
-10.583,-8.9463,-3.5706,9.1062,-4.1218,-5.2316,5.5436,-5.8606,-8.9409,-13.189,-8.0907,-6.7524
-9.9495,-8.3603,-4.054,8.4233,-3.7101,-5.2395,6.0689,-4.4925,-7.2776,-11.871,-7.2914,-6.2201
-9.2998,-7.8546,-4.5275,7.7994,-3.2952,-5.3049,6.6031,-3.1836,-5.715,-10.615,-6.6053,-5.8182
-8.6231,-7.4113,-4.9568,7.2292,-2.8262,-5.3729,7.1959,-1.9036,-4.2109,-9.3999,-5.9888,-5.5028
-7.9168,-6.9976,-5.2725,6.6879,-2.3319,-5.3779,7.8953,-0.61193,-2.7089,-8.1868,-5.3842,-5.203
-7.187,-6.5738,-5.3964,6.142,-1.8783,-5.263,8.7208,0.71246,-1.1663,-6.9388,-4.743,-4.8527
-6.4432,-6.1008,-5.2672,5.5585,-1.534,-4.9953,9.6569,2.056,0.42584,-5.6393,-4.0447,-4.4178
-5.7137,-5.5534,-4.866,4.921,-1.3642,-4.5765,10.666,3.3772,2.0372,-4.3008,-3.3022,-3.9053
-5.0597,-4.933,-4.2307,4.2459,-1.4157,-4.0435,11.708,4.6304,3.6106,-2.9603,-2.5539,-3.3529
-4.5617,-4.2738,-3.4543,3.5874,-1.6917,-3.4607,12.744,5.787,5.0862,-1.6623,-1.8454,-2.8103
-4.2832,-3.6316,-2.6656,3.0187,-2.138,-2.9023,13.749,6.8402,6.4248,-0.43961,-1.2104,-2.3214
-4.2318,-3.0602,-1.9996,2.597,-2.6467,-2.4331,14.707,7.7947,7.6202,0.69782,-0.657,-1.9107
-4.3386,-2.5884,-1.5663,2.3346,-3.0728,-2.09,15.607,8.6546,8.6956,1.7622,-0.16355,-1.5745
-4.4706,-2.2105,-1.4261,2.191,-3.2638,-1.8729,16.426,9.4164,9.6852,2.7757,0.31055,-1.2816
-4.4721,-1.8942,-1.5763,2.09,-3.1025,-1.7493,17.123,10.068,10.614,3.7546,0.80592,-0.98585
-4.2245,-1.6005,-1.9493,1.9524,-2.5517,-1.6688,17.64,10.595,11.484,4.6979,1.3442,-0.64808
-3.6968,-1.304,-2.4271,1.7294,-1.6817,-1.5833,17.926,10.986,12.272,5.5842,1.9173,-0.25625
-2.963,-1.0024,-2.8678,1.419,-0.66765,-1.4622,17.955,11.236,12.935,6.3751,2.4881,0.16638
-2.1803,-0.7135,-3.139,1.0605,0.24471,-1.2988,17.731,11.349,13.43,7.0226,3.0012,0.56918
-1.5399,-0.46227,-3.1466,0.71412,0.79812,-1.1078,17.276,11.329,13.722,7.4802,3.4011,0.89481
-1.2077,-0.2698,-2.8541,0.43967,0.8001,-0.91661,16.615,11.174,13.799,7.7189,3.6533,1.1041
-1.2727,-0.14486,-2.2939,0.28007,0.19408,-0.75584,15.772,10.879,13.675,7.7412,3.7573,1.1941
-1.7118,-0.077955,-1.5693,0.24712,-0.90764,-0.64953,14.763,10.435,13.381,7.581,3.7439,1.1978
-2.3858,-0.039625,-0.84022,0.31014,-2.2421,-0.60993,13.611,9.8453,12.959,7.2901,3.658,1.1669
-3.0723,0.011219,-0.28621,0.39902,-3.4556,-0.63744,12.348,9.1279,12.447,6.9191,3.5374,1.1449
-3.5356,0.10989,-0.059289,0.43074,-4.1962,-0.72351,11.018,8.3261,11.889,6.5079,3.4012,1.1478
-3.6024,0.27046,-0.24422,0.3463,-4.211,-0.85174,9.6683,7.5006,11.327,6.0849,3.2519,1.1602
-3.2048,0.48321,-0.83982,0.13179,-3.413,-0.99636,8.3426,6.7129,10.801,5.6719,3.0879,1.1508
-2.3788,0.7259,-1.7609,-0.18913,-1.9056,-1.1217,7.0687,6.0072,10.338,5.2875,2.9158,1.0952
-1.2389,0.98049,-2.852,-0.57785,0.049529,-1.1861,5.8556,5.3961,9.9472,4.9439,2.7549,0.99366
0.049878,1.2432,-3.9088,-0.99703,2.1201,-1.1487,4.6986,4.8607,9.6148,4.6423,2.6328,0.87248
1.2943,1.522,-4.7113,-1.4119,3.9662,-0.97684,3.5942,4.3657,9.3135,4.3721,2.5745,0.7733
2.2926,1.825,-5.0663,-1.7851,5.2603,-0.65147,2.5542,3.8837,9.0147,4.1164,2.5922,0.73563
2.8582,2.1516,-4.8431,-2.075,5.7209,-0.17289,1.6108,3.4139,8.7013,3.8614,2.6786,0.78142
2.8521,2.4888,-3.9976,-2.243,5.1746,0.43408,0.80698,2.9825,8.3733,3.6018,2.8046,0.90699
2.2275,2.8145,-2.5916,-2.268,3.6239,1.118,0.17856,2.6261,8.0433,3.3384,2.9257,1.0854
1.0669,3.1053,-0.79656,-2.159,1.2874,1.8078,-0.25906,2.3726,7.7282,3.0736,2.9963,1.2796
-0.41647,3.3447,1.1303,-1.959,-1.4337,2.429,-0.51209,2.2294,7.4432,2.8115,2.9896,1.4627
-1.9254,3.5266,2.9019,-1.7349,-4.057,2.9228,-0.59975,2.183,7.201,2.5627,2.911,1.6328
-3.16,3.6512,4.2678,-1.5533,-6.1412,3.256,-0.54509,2.2062,7.0107,2.3468,2.7943,1.8145
-3.9023,3.7174,5.0699,-1.4582,-7.3834,3.42,-0.37103,2.2694,6.8751,2.1845,2.6828,2.0419
-4.0636,3.7211,5.2611,-1.4611,-7.6661,3.4239,-0.097494,2.3506,6.7879,2.0859,2.6066,2.338
-3.6775,3.6589,4.8851,-1.5481,-7.0395,3.2855,0.26171,2.4396,6.7337,2.0405,2.5701,2.7013
-2.8537,3.532,4.0382,-1.6946,-5.6598,3.0245,0.69954,2.5406,6.6916,2.0186,2.5517,3.1065
-1.7304,3.3446,2.8381,-1.8744,-3.7297,2.6581,1.2106,2.6646,6.6386,1.9816,2.5152,3.5158
-0.45251,3.1007,1.4057,-2.0587,-1.4687,2.198,1.7825,2.8164,6.5503,1.8939,2.4238,3.8929
0.83081,2.801,-0.13517,-2.2143,0.89111,1.654,2.3881,2.9831,6.401,1.7305,2.2528,4.2136
1.9706,2.4405,-1.6519,-2.3019,3.1073,1.0403,2.9842,3.132,6.1664,1.4775,1.9953,4.4703
2.8239,2.0082,-3.0048,-2.2777,4.9287,0.38109,3.5164,3.2178,5.8278,1.1285,1.6614,4.6663
3.2604,1.4919,-4.0563,-2.0994,6.1087,-0.29077,3.9294,3.1979,5.3781,0.68141,1.2704,4.8062
3.1881,0.88867,-4.6869,-1.7418,6.4519,-0.93713,4.1794,3.0495,4.8271,0.13882,0.84159,4.8866
2.5902,0.21633,-4.8235,-1.2152,5.8813,-1.52,4.2442,2.7801,4.203,-0.48847,0.38712,4.8977
1.5485,-0.48501,-4.4747,-0.57125,4.4799,-2.0083,4.1265,2.4277,3.5489,-1.1773,-0.086853,4.8338
0.23606,-1.1649,-3.7526,0.11408,2.4999,-2.3887,3.8484,2.044,2.9127,-1.8919,-0.57367,4.7057
-1.124,-1.7847,-2.8596,0.77052,0.33712,-2.6737,3.4391,1.6725,2.3348,-2.5888,-1.0588,4.5453
-2.3174,-2.3347,-2.0396,1.3567,-1.5519,-2.9024,2.923,1.3294,1.8378,-3.2263,-1.5177,4.3973
-3.1878,-2.8354,-1.5171,1.8628,-2.7741,-3.1306,2.3163,1.0042,1.4204,-3.7736,-1.921,4.3016
-3.6511,-3.3215,-1.4495,2.2984,-3.0995,-3.4131,1.6286,0.66976,1.057,-4.2193,-2.246,4.2764
-3.6896,-3.8246,-1.8975,2.6778,-2.5043,-3.784,0.86616,0.29661,0.70489,-4.5754,-2.488,4.3093
-3.35,-4.3565,-2.8079,3.0114,-1.1697,-4.2416,0.032372,-0.13421,0.31877,-4.8738,-2.6631,4.3629
-2.7402,-4.899,-4.009,3.2978,0.58068,-4.743,-0.86862,-0.62287,-0.12991,-5.1533,-2.7983,4.3936
-2.0144,-5.4024,-5.2412,3.5207,2.3703,-5.2106,-1.8257,-1.1526,-0.63934,-5.4424,-2.9159,4.3743
-1.341,-5.7977,-6.2177,3.6533,3.8293,-5.5531,-2.8182,-1.6973,-1.1798,-5.7484,-3.0245,4.3079
-0.86885,-6.0219,-6.7021,3.6716,4.6436,-5.6979,-3.8195,-2.2315,-1.7101,-6.0582,-3.1207,4.2213
-0.70424,-6.0441,-6.5787,3.5744,4.6161,-5.6204,-4.803,-2.7427,-2.1975,-6.3463,-3.1962,4.1481
-0.89986,-5.8815,-5.89,3.3996,3.7216,-5.3541,-5.7479,-3.2318,-2.6276,-6.5872,-3.2436,4.111
-1.4414,-5.5923,-4.8224,3.2159,2.1309,-4.979,-6.643,-3.7058,-3.0056,-6.7641,-3.2593,4.1117
-2.2205,-5.249,-3.6526,3.0835,0.20376,-4.593,-7.4895,-4.1693,-3.3459,-6.8755,-3.247,4.1286
-3.0262,-4.9045,-2.675,3.0108,-1.579,-4.2799,-8.2991,-4.6211,-3.663,-6.9365,-3.22,4.1227
-3.5917,-4.5696,-2.1222,2.9391,-2.7499,-4.0843,-9.0871,-5.0567,-3.9632,-6.9732,-3.1991,4.0504
-3.6773,-4.216,-2.1023,2.7659,-2.9992,-4.0002,-9.8632,-5.4714,-4.2419,-7.0104,-3.2051,3.8831
-3.1477,-3.8011,-2.5759,2.3934,-2.2577,-3.9785,-10.627,-5.8631,-4.4874,-7.059,-3.2479,3.6208
-2.0181,-3.2979,-3.377,1.7771,-0.69559,-3.9479,-11.371,-6.2337,-4.6893,-7.1123,-3.3216,3.2907
-0.45114,-2.714,-4.2685,0.94942,1.3469,-3.8414,-12.08,-6.5928,-4.8482,-7.155,-3.4093,2.93
1.2962,-2.0907,-5.0185,0.0087555,3.4678,-3.622,-12.738,-6.9551,-4.9819,-7.1782,-3.4969,2.5641
2.9557,-1.4853,-5.4744,-0.91876,5.3133,-3.2973,-13.321,-7.3322,-5.1166,-7.1908,-3.5854,2.1919
4.3204,-0.94888,-5.6045,-1.7215,6.6571,-2.9166,-13.796,-7.7179,-5.2697,-7.2166,-3.6914,1.7912
5.2761,-0.51313,-5.4915,-2.3269,7.4278,-2.5519,-14.129,-8.0805,-5.4337,-7.2796,-3.8361,1.3357
5.7911,-0.18928,-5.2836,-2.7027,7.6888,-2.2741,-14.305,-8.3688,-5.5723,-7.389,-4.031,0.81322
5.8913,0.027078,-5.1319,-2.8456,7.585,-2.1312,-14.338,-8.5319,-5.6341,-7.5304,-4.2687,0.2326
5.6444,0.14997,-5.1362,-2.7747,7.2767,-2.134,-14.268,-8.5409,-5.5772,-7.674,-4.5253,-0.38145
5.1361,0.20066,-5.3098,-2.5289,6.882,-2.2516,-14.134,-8.3973,-5.3897,-7.7865,-4.7698,-0.99878
4.4429,0.20441,-5.568,-2.1575,6.4372,-2.4166,-13.953,-8.1236,-5.0944,-7.8419,-4.9742,-1.589
3.6148,0.1841,-5.7488,-1.7059,5.892,-2.5412,-13.703,-7.7424,-4.7337,-7.8257,-5.1173,-2.12
2.6816,0.15515,-5.6644,-1.2085,5.1519,-2.539,-13.336,-7.2599,-4.3457,-7.733,-5.1844,-2.557
1.6683,0.12633,-5.1669,-0.69356,4.1522,-2.3483,-12.801,-6.6643,-3.9461,-7.5647,-5.1649,-2.8671
0.61781,0.10392,-4.2075,-0.19151,2.9111,-1.9495,-12.063,-5.9404,-3.5257,-7.3245,-5.0528,-3.0274
-0.393,0.093168,-2.8605,0.26291,1.5321,-1.3707,-11.124,-5.0894,-3.0629,-7.0209,-4.8494,-3.0343
-1.2699,0.095643,-1.2987,0.63804,0.16031,-0.67982,-10.02,-4.1415,-2.5449,-6.6703,-4.5642,-2.9062
-1.942,0.10965,0.27114,0.91592,-1.0694,0.036245,-8.8175,-3.1521,-1.9818,-6.2957,-4.2148,-2.677
-2.3923,0.1346,1.6757,1.0961,-2.071,0.69741,-7.5893,-2.1847,-1.4087,-5.9217,-3.823,-2.3832
-2.6599,0.17476,2.8125,1.1909,-2.8247,1.2484,-6.3981,-1.2927,-0.87647,-5.5699,-3.4134,-2.0555
-2.8194,0.23513,3.6476,1.2185,-3.3729,1.6607,-5.2848,-0.50504,-0.43622,-5.2564,-3.0132,-1.7178
-2.9528,0.3113,4.1913,1.2031,-3.7939,1.9222,-4.2638,0.18122,-0.12007,-4.9893,-2.6511,-1.3897
-3.1237,0.38256,4.4723,1.1777,-4.16,2.0292,-3.3193,0.79704,0.073783,-4.7627,-2.3506,-1.085
-3.3563,0.41567,4.5182,1.1791,-4.4889,1.9851,-2.4118,1.3857,0.18451,-4.5542,-2.1214,-0.8074
-3.62,0.37823,4.3429,1.2317,-4.7183,1.8036,-1.509,1.9781,0.26793,-4.3317,-1.9574,-0.55312
-3.8272,0.25315,3.938,1.3291,-4.7231,1.5076,-0.61781,2.5705,0.36416,-4.0701,-1.8455,-0.32233
-3.8435,0.047672,3.2734,1.4256,-4.356,1.1227,0.20845,3.1184,0.47242,-3.7681,-1.7758,-0.12947
-3.522,-0.20708,2.317,1.4468,-3.4896,0.67116,0.8837,3.555,0.54989,-3.4518,-1.7487,-0.0025125
-2.7733,-0.46778,1.0752,1.3251,-2.0746,0.17278,1.3203,3.8243,0.53589,-3.1639,-1.7719,0.03062
-1.6378,-0.69828,-0.37121,1.0422,-0.20163,-0.34857,1.4688,3.9123,0.38684,-2.9399,-1.8516,-0.04028
-0.30604,-0.88526,-1.8596,0.64909,1.8757,-0.86025,1.3437,3.8581,0.10165,-2.7928,-1.9845,-0.19863
0.93241,-1.0391,-3.1788,0.25021,3.7776,-1.3246,1.0205,3.7371,-0.27683,-2.7088,-2.1564,-0.40793
1.7881,-1.1815,-4.1314,-0.040311,5.101,-1.7095,0.6091,3.6247,-0.68459,-2.6598,-2.3486,-0.63136
2.0712,-1.3313,-4.5996,-0.14349,5.5571,-2,0.21568,3.5635,-1.0687,-2.6223,-2.5483,-0.85134
1.7531,-1.4978,-4.5829,-0.041848,5.0744,-2.2026,-0.092571,3.5493,-1.4102,-2.5928,-2.7554,-1.0766
0.97179,-1.679,-4.1905,0.21921,3.823,-2.3404,-0.30641,3.5427,-1.7253,-2.5889,-2.9816,-1.3337
-0.016172,-1.8607,-3.5988,0.55005,2.1601,-2.4387,-0.46529,3.4963,-2.0463,-2.6344,-3.2411,-1.6482
-0.92002,-2.0182,-2.9941,0.84748,0.52269,-2.51,-0.62169,3.386,-2.3928,-2.7367,-3.5364,-2.027
-1.5052,-2.1238,-2.5234,1.0276,-0.68937,-2.5487,-0.80157,3.2295,-2.7502,-2.8703,-3.8472,-2.4467
-1.6526,-2.1564,-2.2667,1.0491,-1.2135,-2.5404,-0.98933,3.0822,-3.0681,-2.9778,-4.1278,-2.8546
-1.3697,-2.1111,-2.2389,0.92072,-0.98561,-2.4774,-1.1436,3.0105,-3.2796,-2.9894,-4.317,-3.1805
-0.76571,-2.0006,-2.4101,0.69292,-0.13981,-2.37,-1.223,3.058,-3.3306,-2.8498,-4.3576,-3.3573
-0.012481,-1.8518,-2.7278,0.43687,1.0549,-2.2452,-1.1991,3.2217,-3.207,-2.5423,-4.2192,-3.3473
0.70454,-1.6976,-3.1288,0.21954,2.2955,-2.1369,-1.0605,3.4517,-2.9486,-2.1013,-3.915,-3.1632
1.2309,-1.5675,-3.541,0.085457,3.3262,-2.0729,-0.82264,3.6712,-2.6418,-1.6064,-3.5024,-2.8704
1.4701,-1.4776,-3.8841,0.049728,3.9598,-2.0631,-0.52676,3.8079,-2.3902,-1.1598,-3.0657,-2.565
1.391,-1.4252,-4.0728,0.10089,4.0689,-2.0931,-0.2206,3.821,-2.2748,-0.85193,-2.6878,-2.3381
1.0196,-1.3929,-4.0261,0.21075,3.5952,-2.1244,0.068289,3.7149,-2.3227,-0.7299,-2.4225,-2.2426
0.42784,-1.3579,-3.6907,0.34661,2.5809,-2.1055,0.34674,3.5313,-2.5018,-0.78011,-2.2764,-2.2757
-0.27208,-1.3036,-3.0761,0.47925,1.2003,-1.9949,0.64623,3.3256,-2.7428,-0.9376,-2.2114,-2.3855
-0.93302,-1.2259,-2.2826,0.5823,-0.24737,-1.7856,0.99395,3.1371,-2.9762,-1.1204,-2.1695,-2.4972
-1.3904,-1.1359,-1.4966,0.62993,-1.4048,-1.5177,1.379,2.9678,-3.1675,-1.2722,-2.1067,-2.548
-1.5014,-1.0568,-0.94118,0.60229,-1.9599,-1.2665,1.7377,2.781,-3.3319,-1.3891,-2.0174,-2.5147
-1.1991,-1.0165,-0.79703,0.49697,-1.7496,-1.114,1.9763,2.5257,-3.5196,-1.5139,-1.9359,-2.4226
-0.53488,-1.038,-1.1303,0.33754,-0.8216,-1.1157,2.0164,2.1706,-3.7799,-1.7022,-1.9134,-2.3287
0.31924,-1.1341,-1.8627,0.17408,0.57165,-1.2807,1.835,1.7252,-4.1298,-1.9832,-1.9871,-2.2881
1.1151,-1.3069,-2.7914,0.075141,2.0434,-1.5699,1.4745,1.2362,-4.5437,-2.3389,-2.1575,-2.3225
1.6039,-1.55,-3.6531,0.10951,3.1865,-1.9109,1.0272,0.7629,-4.9675,-2.7115,-2.3853,-2.4068
1.6202,-1.8467,-4.2169,0.31769,3.7028,-2.2247,0.60306,0.34882,-5.3477,-3.0331,-2.608,-2.4783
1.1485,-2.1669,-4.3717,0.68571,3.5062,-2.4533,0.29512,0.0047281,-5.6584,-3.2602,-2.7677,-2.4639
0.33775,-2.4712,-4.1664,1.1418,2.7571,-2.5789,0.15187,-0.28982,-5.9114,-3.3939,-2.8369,-2.3125
-0.55513,-2.7214,-3.7763,1.5837,1.7982,-2.625,0.16829,-0.56927,-6.1436,-3.4755,-2.8285,-2.0165
-1.2755,-2.8962,-3.4162,1.923,1.0029,-2.6415,0.29959,-0.85967,-6.3918,-3.5616,-2.7867,-1.6151
-1.6783,-2.9991,-3.2477,2.1206,0.61396,-2.6797,0.49005,-1.1626,-6.6694,-3.6942,-2.7626,-1.1796
-1.774,-3.0552,-3.3185,2.1939,0.65681,-2.7676,0.69986,-1.4529,-6.9568,-3.8798,-2.7884,-0.78494
-1.6969,-3.094,-3.546,2.1999,0.94966,-2.8962,0.92159,-1.6908,-7.2072,-4.0844,-2.8613,-0.47765
-1.6306,-3.134,-3.7501,2.207,1.1943,-3.0204,1.187,-1.8429,-7.3662,-4.2471,-2.9424,-0.25407
-1.7327,-3.1761,-3.7273,2.2671,1.1076,-3.0779,1.5556,-1.8988,-7.3956,-4.3062,-2.975,-0.064661
-2.0769,-3.2088,-3.3398,2.3964,0.53957,-3.0121,2.0807,-1.8761,-7.2899,-4.2283,-2.9136,0.15596
-2.6174,-3.2144,-2.5816,2.5672,-0.45775,-2.7956,2.7754,-1.8091,-7.0791,-4.0274,-2.7512,0.44823
-3.1937,-3.1723,-1.5941,2.7162,-1.6336,-2.4422,3.602,-1.7331,-6.815,-3.7625,-2.5273,0.79972
-3.5854,-3.0609,-0.61959,2.7665,-2.6204,-2.0041,4.4836,-1.6712,-6.5497,-3.5112,-2.31,1.1482
-3.6046,-2.8636,0.086722,2.66,-3.0711,-1.5558,5.3291,-1.6286,-6.3128,-3.331,-2.16,1.4134
-3.183,-2.5801,0.34444,2.3877,-2.7959,-1.1722,6.0615,-1.5949,-6.1009,-3.2286,-2.0992,1.5367
-2.413,-2.2353,0.10621,2.0025,-1.8355,-0.90866,6.6382,-1.5567,-5.8846,-3.1581,-2.1003,1.5063
-1.5232,-1.8779,-0.52695,1.6068,-0.45051,-0.78532,7.0562,-1.5112,-5.6301,-3.0474,-2.1023,1.3598
-0.80158,-1.5622,-1.3353,1.3185,0.95911,-0.77981,7.3427,-1.4694,-5.3205,-2.8362,-2.0384,1.1669
-0.49392,-1.3223,-2.0454,1.2247,1.9801,-0.83172,7.5384,-1.4451,-4.9607,-2.5038,-1.8635,1.0011
-0.71281,-1.1543,-2.412,1.3406,2.3166,-0.86029,7.6808,-1.4392,-4.5672,-2.0719,-1.5682,0.91206
-1.3966,-1.0201,-2.2901,1.599,1.8721,-0.79013,7.7904,-1.4327,-4.1528,-1.5896,-1.1782,0.90667
-2.3401,-0.87103,-1.6668,1.8808,0.76186,-0.5738,7.8638,-1.3924,-3.719,-1.1094,-0.74276,0.94901
-3.2826,-0.67497,-0.64098,2.0702,-0.74344,-0.20189,7.8802,-1.2871,-3.2592,-0.66977,-0.31754,0.98083
-4.0047,-0.42765,0.62576,2.1002,-2.3197,0.29972,7.8189,-1.1012,-2.7687,-0.28432,0.053063,0.95227
-4.3871,-0.14635,1.9502,1.9649,-3.6882,0.87876,7.6785,-0.84145,-2.2518,0.058831,0.35065,0.85087
-4.4188,0.14509,3.1545,1.7072,-4.6689,1.4672,7.4865,-0.53034,-1.7227,0.38895,0.58894,0.71187
-4.1767,0.42642,4.0915,1.3955,-5.1903,1.993,7.2913,-0.19267,-1.2,0.73829,0.80436,0.6021
-3.7885,0.68223,4.6696,1.1008,-5.2773,2.3943,7.1427,0.15807,-0.69747,1.1277,1.0341,0.58506
-3.3886,0.90213,4.8627,0.87647,-5.0198,2.6316,7.0725,0.52542,-0.21803,1.5601,1.2952,0.68642
-3.0795,1.0826,4.703,0.74692,-4.5367,2.6972,7.084,0.92601,0.24687,2.0253,1.5788,0.88068
-2.9114,1.2281,4.2674,0.70849,-3.9485,2.6158,7.157,1.3782,0.71306,2.5148,1.8609,1.107
-2.8847,1.3479,3.6636,0.74015,-3.3599,2.4376,7.2604,1.8881,1.196,3.0314,2.1207,1.3025
-2.965,1.4506,3.0151,0.81386,-2.8446,2.2263,7.3674,2.4402,1.7024,3.5871,2.3515,1.4313
-3.0958,1.5373,2.4386,0.90044,-2.4393,2.0439,7.4632,2.9989,2.2245,4.1885,2.5585,1.493
-3.2061,1.6008,2.0187,0.97266,-2.1468,1.9347,7.5436,3.5203,2.7383,4.8195,2.746,1.5117
-3.2243,1.6284,1.7914,1.0073,-1.9474,1.916,7.6076,3.9714,3.209,5.4342,2.9076,1.5169
-3.1023,1.6106,1.7509,0.98998,-1.8189,1.9787,7.6497,4.3455,3.604,5.9696,3.0282,1.528
-2.8402,1.546,1.8758,0.92088,-1.763,2.0991,7.6586,4.6652,3.9093,6.3717,3.0954,1.549
-2.4976,1.444,2.1509,0.81646,-1.8177,2.2493,7.6218,4.9695,4.1378,6.6215,3.1119,1.5722
-2.1825,1.321,2.5622,0.70684,-2.0417,2.4013,7.5324,5.2936,4.3234,6.7443,3.0999,1.5896
-2.022,1.1916,3.0694,0.63269,-2.4771,2.5243,7.3933,5.6516,4.503,6.7981,3.0943,1.6029
-2.1193,1.0584,3.5889,0.63918,-3.1102,2.5831,7.2155,6.0328,4.7002,6.8503,3.1322,1.6295
-2.5087,0.90847,4.0005,0.76243,-3.8476,2.5386,7.0137,6.4102,4.9185,6.9528,3.2399,1.6983
-3.1276,0.71849,4.1697,1.0124,-4.5187,2.355,6.7999,6.7566,5.1462,7.1255,3.4244,1.8365
-3.8245,0.46755,3.9817,1.363,-4.9136,2.0119,6.579,7.0587,5.3687,7.3508,3.6711,2.0563
-4.4061,0.14769,3.3807,1.7566,-4.8486,1.5164,6.3471,7.3222,5.5776,7.5806,3.9482,2.3457
-4.7014,-0.23225,2.3991,2.1193,-4.2412,0.90648,6.094,7.5632,5.7729,7.7527,4.2146,2.6672
-4.621,-0.64937,1.1649,2.3833,-3.158,0.24629,5.8101,7.7921,5.9562,7.8122,4.432,2.9693
-4.1915,-1.0728,-0.11424,2.5091,-1.8158,-0.38397,5.4921,8.002,6.1234,7.7314,4.5756,3.2073
-3.552,-1.4731,-1.1879,2.4999,-0.53454,-0.90283,5.1472,8.1686,6.2602,7.5171,4.6407,3.3618
-2.9089,-1.8302,-1.828,2.4004,0.35329,-1.2479,4.7917,8.2637,6.3451,7.2033,4.6389,3.4429
-2.4639,-2.136,-1.9132,2.2779,0.61485,-1.3969,4.4471,8.273,6.3594,6.8326,4.5856,3.476
-2.3427,-2.3933,-1.4929,2.1978,0.21016,-1.3795,4.135,8.2061,6.2995,6.442,4.4884,3.4827
-2.5546,-2.6128,-0.78423,2.2048,-0.68059,-1.2741,3.8707,8.0959,6.1844,6.0603,4.3445,3.4708
-2.9974,-2.8122,-0.098717,2.315,-1.7049,-1.1883,3.6574,7.9906,6.0539,5.7125,4.1472,3.4332
-3.4985,-3.0102,0.25628,2.516,-2.4481,-1.2252,3.4835,7.9387,5.9563,5.4216,3.893,3.3529
-3.8724,-3.2161,0.06583,2.7707,-2.5847,-1.4455,3.3306,7.9697,5.9318,5.2036,3.5834,3.2079
-3.9817,-3.4226,-0.71427,3.0271,-2.0002,-1.8395,3.1871,8.0819,5.997,5.0579,3.2206,2.9779
-3.785,-3.6089,-1.9233,3.2354,-0.81947,-2.3299,3.0611,8.2454,6.1375,4.9637,2.804,2.652
-3.358,-3.7535,-3.2433,3.3672,0.62657,-2.8031,2.9822,8.417,6.3116,4.8853,2.3342,2.2359
-2.878,-3.8467,-4.293,3.4257,1.8603,-3.1472,2.9939,8.5576,6.4646,4.7831,1.8211,1.7512
-2.5666,-3.8935,-4.7289,3.4411,2.3906,-3.2787,3.1376,8.6474,6.5472,4.6234,1.2867,1.2268
-2.6086,-3.9089,-4.3437,3.4559,1.9032,-3.1626,3.4355,8.6932,6.5311,4.3862,0.76042,0.68795
-3.0821,-3.91,-3.1429,3.5064,0.38548,-2.823,3.878,8.7201,6.4167,4.0693,0.27053,0.15005
-3.9243,-3.9094,-1.3658,3.6061,-1.8638,-2.3426,4.4221,8.7506,6.2303,3.6925,-0.16242,-0.37903
-4.9406,-3.9124,0.57008,3.737,-4.3209,-1.8452,5.0045,8.7846,6.0113,3.2945,-0.52858,-0.89332
-5.8593,-3.9185,2.1811,3.855,-6.384,-1.4674,5.5605,8.7927,5.7942,2.9226,-0.82791,-1.383
-6.4157,-3.9257,3.0555,3.9079,-7.541,-1.321,6.0428,8.7279,5.5954,2.6185,-1.065,-1.8305
-6.4309,-3.9341,2.9697,3.857,-7.4995,-1.4621,6.4293,8.5495,5.4122,2.4073,-1.2421,-2.2113
-5.8596,-3.9449,1.9363,3.689,-6.251,-1.8776,6.72,8.2428,5.2317,2.292,-1.3552,-2.4994
-4.7975,-3.9573,0.17868,3.4176,-4.0662,-2.4925,6.9238,7.8244,5.0423,2.2538,-1.3972,-2.6764
-3.4504,-3.9664,-1.939,3.0762,-1.414,-3.1924,7.0443,7.3299,4.8396,2.2552,-1.3651,-2.7374
-2.0711,-3.9637,-4.0012,2.7052,1.1799,-3.8527,7.0657,6.7919,4.6216,2.2486,-1.2673,-2.6915
-0.88589,-3.9364,-5.6352,2.3369,3.2713,-4.3673,6.9467,6.218,4.3783,2.1856,-1.1252,-2.5589
-0.036316,-3.8674,-6.5986,1.9847,4.5729,-4.671,6.6279,5.5836,4.0881,2.0303,-0.96815,-2.3645
0.43815,-3.7383,-6.8423,1.6462,4.9752,-4.748,6.055,4.8424,3.7274,1.7728,-0.82162,-2.1304
0.58156,-3.5392,-6.5061,1.3169,4.561,-4.6285,5.2063,3.956,3.2863,1.435,-0.69741,-1.8675
0.49416,-3.277,-5.8388,1.0018,3.6211,-4.3783,4.1054,2.9232,2.7787,1.0642,-0.59111,-1.5748
0.31071,-2.9745,-5.1261,0.71386,2.5887,-4.0823,2.8114,1.7866,2.2358,0.71216,-0.49117,-1.2494
0.17838,-2.6578,-4.6457,0.46004,1.8905,-3.8191,1.3938,0.6102,1.6897,0.40999,-0.39377,-0.89956
0.22702,-2.3411,-4.5772,0.22863,1.804,-3.6314,-0.089539,-0.5483,1.1589,0.15452,-0.31383,-0.55183
0.52657,-2.019,-4.9216,-0.01083,2.3581,-3.5138,-1.5988,-1.6478,0.64698,-0.085993,-0.28375,-0.2458
1.0495,-1.6715,-5.5058,-0.29147,3.3296,-3.418,-3.1039,-2.6637,0.15034,-0.35039,-0.33965,-0.018706
1.6695,-1.2782,-6.0446,-0.62686,4.3343,-3.2712,-4.5722,-3.5876,-0.33342,-0.66262,-0.50458,0.10997
2.2017,-0.83563,-6.2285,-0.99555,4.9545,-3.0022,-5.961,-4.4272,-0.80452,-1.0233,-0.78037,0.14373
2.4629,-0.36775,-5.8302,-1.3411,4.858,-2.5698,-7.2183,-5.205,-1.2645,-1.4166,-1.1506,0.10159
2.3321,0.07817,-4.7977,-1.591,3.9107,-1.9843,-8.2844,-5.9478,-1.7159,-1.8217,-1.5876,0.0057168
1.8018,0.44923,-3.2936,-1.6881,2.2695,-1.3095,-9.0953,-6.6707,-2.155,-2.2193,-2.0583,-0.12678
1.0064,0.70497,-1.6555,-1.6212,0.36847,-0.64903,-9.5949,-7.3662,-2.5659,-2.5937,-2.5311,-0.28579
0.20446,0.82612,-0.29297,-1.4337,-1.2154,-0.12156,-9.7531,-8.01,-2.9243,-2.9353,-2.9852,-0.46636
-0.30588,0.81556,0.43868,-1.2037,-1.9574,0.17113,-9.5811,-8.5824,-3.2118,-3.2435,-3.4177,-0.66488
-0.31576,0.69605,0.35043,-1.0076,-1.5846,0.17669,-9.129,-9.0872,-3.4295,-3.5271,-3.8417,-0.87431
0.19574,0.50504,-0.51723,-0.88827,-0.18428,-0.088611,-8.4649,-9.5533,-3.6009,-3.7977,-4.2752,-1.081
1.0452,0.28577,-1.9056,-0.84117,1.8373,-0.54444,-7.6508,-10.013,-3.7601,-4.0627,-4.7279,-1.2663
1.9091,0.077221,-3.4143,-0.82145,3.8831,-1.072,-6.7326,-10.478,-3.935,-4.3208,-5.1937,-1.4125
2.438,-0.093977,-4.6144,-0.76587,5.3343,-1.5501,-5.7485,-10.927,-4.1316,-4.5656,-5.6532,-1.5082
2.3716,-0.21559,-5.173,-0.61714,5.7239,-1.8874,-4.7421,-11.318,-4.3316,-4.7904,-6.0807,-1.5527
1.6203,-0.28652,-4.9573,-0.34466,4.8722,-2.0422,-3.7717,-11.61,-4.5048,-4.9944,-6.4548,-1.5564
0.30696,-0.30919,-4.0769,0.033766,2.9652,-2.0243,-2.9012,-11.793,-4.6296,-5.1843,-6.7649,-1.5373
-1.2492,-0.28103,-2.8339,0.43925,0.5298,-1.8795,-2.18,-11.892,-4.7055,-5.3724,-7.0118,-1.5128
-2.6282,-0.19156,-1.6033,0.75111,-1.7322,-1.6648,-1.6296,-11.949,-4.7516,-5.5683,-7.2009,-1.4892
-3.4522,-0.028845,-0.71339,0.85695,-3.187,-1.4244,-1.2482,-12.003,-4.7917,-5.7706,-7.3328,-1.4578
-3.5052,0.20962,-0.34827,0.6973,-3.4758,-1.1775,-1.0266,-12.071,-4.8439,-5.9646,-7.4008,-1.4012
-2.788,0.51096,-0.49198,0.28063,-2.6138,-0.9203,-0.96043,-12.154,-4.9175,-6.13,-7.3983,-1.3082
-1.4989,0.85124,-0.95666,-0.32624,-0.9634,-0.63868,-1.0514,-12.241,-5.0147,-6.253,-7.3269,-1.1877
0.041551,1.2042,-1.4698,-1.0236,0.91666,-0.31913,-1.2959,-12.322,-5.1274,-6.3295,-7.1932,-1.065
1.4892,1.5497,-1.7703,-1.7085,2.4709,0.042381,-1.6725,-12.389,-5.2331,-6.3598,-6.9995,-0.96584
2.5628,1.8715,-1.6926,-2.2977,3.3064,0.43042,-2.1426,-12.438,-5.3035,-6.3475,-6.7431,-0.90395
3.0975,2.151,-1.2227,-2.7343,3.265,0.80063,-2.6651,-12.477,-5.3256,-6.3072,-6.4285,-0.87992
3.0643,2.3612,-0.50549,-2.9854,2.4251,1.0847,-3.2108,-12.534,-5.3201,-6.271,-6.0784,-0.89048
2.5594,2.4729,0.20701,-3.0385,1.0719,1.2094,-3.762,-12.64,-5.3359,-6.2793,-5.7328,-0.93407
1.7753,2.4644,0.64654,-2.9054,-0.36424,1.1223,-4.3021,-12.814,-5.4243,-6.3627,-5.4328,-1.0107
0.94721,2.3324,0.6133,-2.6216,-1.4119,0.81285,-4.8073,-13.044,-5.6092,-6.5243,-5.2004,-1.118
0.29689,2.0979,0.019811,-2.2463,-1.6855,0.3186,-5.2496,-13.292,-5.8705,-6.7373,-5.0281,-1.2495
0.0052294,1.8023,-1.1006,-1.861,-1.0005,-0.2836,-5.6045,-13.509,-6.1514,-6.9581,-4.8838,-1.397
0.18181,1.495,-2.5978,-1.5529,0.55141,-0.89657,-5.8564,-13.657,-6.3823,-7.1478,-4.7301,-1.5556
0.80835,1.22,-4.2198,-1.3831,2.6344,-1.4222,-5.9969,-13.721,-6.5125,-7.2885,-4.5459,-1.7268
1.7161,1.008,-5.6557,-1.3609,4.7975,-1.7782,-6.0223,-13.705,-6.5317,-7.3867,-4.3379,-1.9163
2.6322,0.87282,-6.6018,-1.445,6.5617,-1.9108,-5.9303,-13.625,-6.4695,-7.4648,-4.1351,-2.1278
3.2598,0.81085,-6.8269,-1.5594,7.4738,-1.8009,-5.7204,-13.497,-6.3741,-7.5442,-3.9717,-2.3601
3.3541,0.80006,-6.2192,-1.6144,7.2058,-1.4661,-5.3952,-13.325,-6.2848,-7.6303,-3.8673,-2.6082
2.7876,0.80406,-4.8179,-1.5326,5.6672,-0.96187,-4.966,-13.102,-6.2134,-7.7056,-3.8155,-2.8682
1.6001,0.78334,-2.8349,-1.2783,3.0789,-0.37662,-4.4602,-12.817,-6.1454,-7.7386,-3.7885,-3.1435
0.014846,0.71032,-0.64117,-0.87704,-0.035892,0.18332,-3.925,-12.464,-6.0515,-7.7012,-3.753,-3.4457
-1.6071,0.58028,1.3158,-0.41381,-2.9807,0.61702,-3.4209,-12.05,-5.9038,-7.5842,-3.6885,-3.7895
-2.8755,0.40903,2.6463,-0.0023524,-5.1049,0.85196,-3.0092,-11.587,-5.6854,-7.3969,-3.5945,-4.1813
-3.5021,0.22026,3.1332,0.26191,-5.9982,0.85619,-2.7398,-11.087,-5.3954,-7.1576,-3.4863,-4.6087
-3.3925,0.030643,2.7684,0.34012,-5.591,0.63811,-2.6432,-10.559,-5.0477,-6.8825,-3.3835,-5.0394
-2.6616,-0.15582,1.7179,0.26126,-4.1419,0.23734,-2.7243,-10.008,-4.6635,-6.5776,-3.2957,-5.426
-1.5727,-0.34576,0.24815,0.10425,-2.1063,-0.28668,-2.9623,-9.437,-4.2589,-6.2361,-3.2131,-5.7197
-0.43822,-0.55062,-1.3591,-0.035243,0.040197,-0.87057,-3.3203,-8.8479,-3.836,-5.8428,-3.1071,-5.8837
0.4751,-0.78408,-2.8771,-0.078722,1.9354,-1.4613,-3.7622,-8.2429,-3.3877,-5.3884,-2.9432,-5.905
1.0124,-1.0601,-4.1668,0.012986,3.3844,-2.0241,-4.2645,-7.6283,-2.9105,-4.8832,-2.699,-5.798
1.1538,-1.3892,-5.1723,0.23238,4.3448,-2.5407,-4.8178,-7.0178,-2.4178,-4.3622,-2.3796,-5.5977
0.98948,-1.772,-5.8912,0.53448,4.867,-3.0013,-5.4173,-6.4313,-1.9422,-3.8734,-2.019,-5.3469
0.65908,-2.1929,-6.3318,0.8591,5.024,-3.3946,-6.0486,-5.8884,-1.5222,-3.4555,-1.6646,-5.0795
0.28113,-2.62,-6.4724,1.1565,4.8685,-3.6968,-6.6751,-5.4015,-1.1818,-3.1168,-1.3532,-4.8079
-0.095813,-3.0113,-6.2591,1.4023,4.4011,-3.8702,-7.2332,-4.972,-0.9174,-2.8325,-1.0932,-4.5224
-0.48868,-3.3247,-5.6465,1.5955,3.581,-3.8759,-7.6443,-4.5933,-0.70105,-2.5623,-0.86488,-4.2057
-0.93325,-3.5288,-4.657,1.7452,2.3985,-3.7021,-7.8414,-4.2531,-0.49773,-2.2759,-0.63792,-3.8523
-1.4443,-3.6103,-3.4176,1.8596,0.93976,-3.3853,-7.7983,-3.9366,-0.28304,-1.9685,-0.39092,-3.4774
-2.0023,-3.5765,-2.1478,1.9445,-0.60601,-3.0071,-7.5447,-3.6274,-0.053028,-1.6584,-0.12155,-3.1097
-2.5568,-3.4515,-1.1034,2.0071,-1.985,-2.6673,-7.1556,-3.312,0.17523,-1.3742,0.15413,-2.7747
-3.0363,-3.2695,-0.50526,2.0563,-2.9399,-2.4501,-6.7196,-2.9847,0.36999,-1.1426,0.4087,-2.4849
-3.3616,-3.0632,-0.47974,2.0937,-3.2806,-2.3994,-6.3019,-2.6491,0.4971,-0.98021,0.61301,-2.2402
-3.4636,-2.8518,-1.0209,2.1062,-2.9419,-2.5056,-5.922,-2.3158,0.53508,-0.89194,0.74542,-2.037
-3.3057,-2.6362,-1.9818,2.0695,-2.0111,-2.7061,-5.558,-1.9981,0.4847,-0.8726,0.7976,-1.8779
-2.899,-2.4109,-3.1031,1.9604,-0.70908,-2.9039,-5.1711,-1.7102,0.36586,-0.91211,0.77576,-1.7762
-2.3007,-2.1771,-4.0782,1.7672,0.67112,-2.9992,-4.7353,-1.4675,0.20392,-0.99982,0.69782,-1.753
-1.5979,-1.9421,-4.633,1.492,1.8414,-2.9176,-4.2551,-1.285,0.014736,-1.1263,0.58618,-1.8287
-0.88685,-1.7157,-4.6,1.1527,2.5802,-2.6288,-3.7667,-1.1752,-0.20307,-1.2838,0.45702,-2.0152
-0.25805,-1.5161,-3.9672,0.78666,2.7713,-2.1604,-3.3302,-1.1469,-0.46512,-1.4674,0.31149,-2.3113
0.21087,-1.373,-2.8797,0.44943,2.4209,-1.5996,-3.0107,-1.2025,-0.78859,-1.6725,0.13613,-2.7041
0.4588,-1.3189,-1.5951,0.20385,1.6461,-1.0729,-2.8508,-1.3353,-1.1758,-1.891,-0.086289,-3.1724
0.44132,-1.3757,-0.41117,0.10617,0.63195,-0.70986,-2.8479,-1.5272,-1.6042,-2.1097,-0.36349,-3.6901
0.13265,-1.5494,0.41053,0.19626,-0.42128,-0.60496,-2.9532,-1.7532,-2.0314,-2.3149,-0.68748,-4.2307
-0.46157,-1.8313,0.71043,0.49052,-1.3384,-0.79536,-3.0915,-1.9904,-2.4121,-2.5005,-1.0384,-4.7723
-1.2834,-2.2008,0.45651,0.97262,-1.991,-1.2606,-3.1887,-2.2244,-2.7168,-2.6707,-1.3932,-5.3015
-2.215,-2.626,-0.27614,1.5865,-2.3087,-1.9357,-3.1944,-2.448,-2.9407,-2.8343,-1.7308,-5.8114
-3.0994,-3.0678,-1.3434,2.2431,-2.2794,-2.7275,-3.0926,-2.6523,-3.0996,-2.9934,-2.0326,-6.2941
-3.7814,-3.4893,-2.5669,2.8412,-1.9401,-3.5318,-2.8999,-2.8202,-3.2179,-3.1382,-2.2811,-6.736
-4.1429,-3.8642,-3.7675,3.292,-1.3597,-4.2515,-2.6545,-2.9289,-3.3192,-3.2523,-2.4625,-7.1214
-4.1192,-4.1763,-4.7974,3.5326,-0.61744,-4.815,-2.4009,-2.9601,-3.4194,-3.3245,-2.5717,-7.4429
-3.7019,-4.4157,-5.5639,3.5334,0.21495,-5.1857,-2.1732,-2.9074,-3.522,-3.3565,-2.6128,-7.7057
-2.9426,-4.5739,-6.0331,3.3036,1.0746,-5.3606,-1.9792,-2.7712,-3.611,-3.3547,-2.5901,-7.9168
-1.9551,-4.6451,-6.2174,2.8954,1.8949,-5.3587,-1.7943,-2.5471,-3.6467,-3.3135,-2.4951,-8.0656
-0.90207,-4.6291,-6.1586,2.3973,2.6027,-5.2086,-1.5712,-2.2176,-3.5747,-3.2048,-2.3026,-8.1148
0.043769,-4.5295,-5.9232,1.9087,3.1418,-4.9445,-1.2642,-1.7596,-3.3493,-2.9871,-1.9807,-8.0127
0.7577,-4.3485,-5.6078,1.503,3.5124,-4.6075,-0.85315,-1.1621,-2.9584,-2.6307,-1.5108,-7.723
1.2077,-4.0837,-5.3372,1.2014,3.7874,-4.2467,-0.35449,-0.44163,-2.4349,-2.1415,-0.90558,-7.2507
1.4466,-3.7346,-5.233,0.98008,4.0717,-3.9137,0.18776,0.35583,-1.8494,-1.5704,-0.2152,-6.6459
1.5529,-3.3122,-5.3504,0.80184,4.4209,-3.6432,0.72744,1.1682,-1.2848,-0.99761,0.48484,-5.9817
1.5623,-2.8335,-5.622,0.6431,4.7772,-3.427,1.2457,1.9375,-0.80758,-0.49996,1.1224,-5.3201
1.4348,-2.3094,-5.8583,0.5033,4.9592,-3.2052,1.7627,2.6267,-0.44496,-0.11682,1.6601,-4.6879
1.0815,-1.7396,-5.8067,0.39651,4.7161,-2.8852,2.3208,3.2248,-0.18237,0.1639,2.1059,-4.0743
0.43733,-1.1201,-5.2453,0.33338,3.8418,-2.3822,2.9553,3.7345,0.017484,0.39004,2.4941,-3.4528
-0.47487,-0.45267,-4.0794,0.30437,2.2873,-1.6572,3.6738,4.158,0.18872,0.61131,2.8532,-2.809
-1.5302,0.24753,-2.3914,0.2755,0.20573,-0.7367,4.4533,4.4906,0.34687,0.85087,3.1844,-2.1558
-2.5355,0.94847,-0.41191,0.19967,-2.0816,0.29572,5.2518,4.7247,0.48931,1.0982,3.4633,-1.5291
-3.2892,1.6066,1.5645,0.037356,-4.1728,1.3287,6.0231,4.8548,0.60507,1.3227,3.6578,-0.97103
-3.64,2.1844,3.262,-0.22747,-5.6986,2.2607,6.7281,4.8809,0.68638,1.4965,3.7468,-0.51372
-3.5209,2.6691,4.4777,-0.58707,-6.4158,3.0263,7.3421,4.8103,0.73714,1.6115,3.7312,-0.17103
-2.9494,3.0748,5.1098,-1.0211,-6.2486,3.6012,7.8563,4.6615,0.77502,1.6831,3.631,0.061818
-2.0125,3.4244,5.1628,-1.5016,-5.2856,3.9896,8.2743,4.4666,0.82494,1.7396,3.4725,0.20249
-0.85405,3.7281,4.7258,-1.9863,-3.7479,4.2053,8.6075,4.2676,0.90647,1.8057,3.2725,0.27207
0.34708,3.9743,3.933,-2.4203,-1.9229,4.2575,8.8747,4.104,1.0219,1.8873,3.0279,0.2846
1.4128,4.1381,2.9256,-2.7509,-0.08863,4.1465,9.1087,4.0003,1.1518,1.9663,2.7189,0.24046
2.193,4.199,1.8335,-2.9443,1.5097,3.8746,9.3592,3.96,1.2628,2.0081,2.3249,0.12849
2.5738,4.1552,0.782,-2.9861,2.6499,3.4621,9.6778,3.9728,1.3241,1.9797,1.8433,-0.062348
2.4763,4.0254,-0.097332,-2.8741,3.1519,2.9585,10.098,4.0283,1.3246,1.8682,1.2991,-0.32884
1.8697,3.84,-0.67098,-2.6139,2.9092,2.4412,10.632,4.1265,1.2788,1.6898,0.73936,-0.64726
0.8081,3.6299,-0.82599,-2.2235,1.9307,2.0018,11.271,4.2766,1.2186,1.4838,0.21872,-0.98031
-0.53725,3.4231,-0.51879,-1.7434,0.39811,1.7228,11.984,4.4879,1.177,1.2954,-0.21779,-1.293
-1.8936,3.2462,0.17574,-1.2471,-1.3242,1.6537,12.715,4.7566,1.171,1.1542,-0.55028,-1.5675
-2.9516,3.1238,1.069,-0.83853,-2.7915,1.7949,13.39,5.0577,1.1914,1.0582,-0.79295,-1.8103
-3.4563,3.0741,1.925,-0.62105,-3.6364,2.0989,13.934,5.3498,1.2062,0.97225,-0.98885,-2.0451
-3.2962,3.1036,2.55,-0.65106,-3.691,2.4897,14.293,5.5917,1.1785,0.85035,-1.1868,-2.2937
-2.5551,3.2054,2.8673,-0.90753,-3.0356,2.8925,14.451,5.7613,1.091,0.66904,-1.4112,-2.5522
-1.4963,3.3627,2.9442,-1.2981,-1.9756,3.2604,14.432,5.8621,0.95855,0.44837,-1.6449,-2.7815
-0.47815,3.556,2.9584,-1.6941,-0.94693,3.5842,14.285,5.9142,0.8193,0.24317,-1.8373,-2.92
0.16375,3.769,3.1091,-1.9747,-0.36663,3.8819,14.055,5.9372,0.71265,0.1105,-1.9339,-2.9157
0.22271,3.9913,3.5193,-2.0632,-0.48344,4.1747,13.758,5.9349,0.65686,0.075092,-1.9081,-2.7556
-0.31847,4.2163,4.1799,-1.9446,-1.2912,4.4679,13.377,5.8911,0.63926,0.1137,-1.7787,-2.4773
-1.2932,4.4356,4.9615,-1.6605,-2.5322,4.7484,12.881,5.7783,0.62346,0.16512,-1.6032,-2.1534
-2.4172,4.6355,5.6838,-1.2896,-3.7994,4.9982,12.243,5.5764,0.56898,0.158,-1.4545,-1.8607
-3.3858,4.8018,6.2024,-0.92176,-4.7112,5.2107,11.471,5.2902,0.45283,0.042818,-1.3905,-1.6493
-3.9703,4.931,6.4756,-0.63498,-5.0533,5.4018,10.61,4.9537,0.28136,-0.18623,-1.4296,-1.5248
-4.0823,5.0392,6.5868,-0.48126,-4.818,5.6106,9.7276,4.6169,0.085521,-0.49028,-1.5445,-1.4496
-3.7846,5.1597,6.7122,-0.47725,-4.1788,5.8896,8.8847,4.3208,-0.097761,-0.8062,-1.6784,-1.3644
-3.2619,5.3249,7.0457,-0.6003,-3.4495,6.283,8.1091,4.0769,-0.24594,-1.0751,-1.7732,-1.2177
-2.7624,5.546,7.7207,-0.79524,-3.0151,6.8032,7.3945,3.8619,-0.36115,-1.2644,-1.7939,-0.98954
-2.5222,5.8037,8.7577,-0.99024,-3.2165,7.4158,6.7082,3.6291,-0.46657,-1.3759,-1.7403,-0.6976
-2.6894,6.0509,10.059,-1.1163,-4.2104,8.0402,6.0041,3.3295,-0.59405,-1.4417,-1.6431,-0.38978
-3.279,6.2312,11.447,-1.1272,-5.8781,8.5709,5.233,2.9327,-0.77056,-1.5081,-1.5497,-0.12606
-4.1757,6.2995,12.721,-1.0128,-7.8699,8.9128,4.3525,2.4385,-1.0082,-1.6146,-1.5027,0.043481
-5.1789,6.2376,13.692,-0.80193,-9.7639,9.0143,3.3409,1.8746,-1.2994,-1.7741,-1.5205,0.098038
-6.0604,6.06,14.212,-0.55471,-11.2,8.88,2.2088,1.2826,-1.619,-1.9655,-1.5881,0.054756
-6.6132,5.8074,14.203,-0.34743,-11.933,8.5546,0.99844,0.69732,-1.9352,-2.1468,-1.6647,-0.038296
-6.6936,5.5279,13.657,-0.25012,-11.85,8.0918,-0.23631,0.13096,-2.2247,-2.2799,-1.7031,-0.12297
-6.2539,5.2553,12.617,-0.30301,-10.963,7.5292,-1.456,-0.43122,-2.4833,-2.3521,-1.6711,-0.15594
-5.3492,4.996,11.145,-0.49972,-9.3779,6.8809,-2.6505,-1.0195,-2.7247,-2.381,-1.5638,-0.12506
-4.1148,4.7287,9.3092,-0.78848,-7.2687,6.1389,-3.8356,-1.6599,-2.9705,-2.4045,-1.4042,-0.051214
-2.7224,4.4182,7.1827,-1.0938,-4.8441,5.2827,-5.0365,-2.3579,-3.2379,-2.4629,-1.2347,0.021689
-1.3371,4.0345,4.8566,-1.3471,-2.3207,4.3019,-6.2681,-3.0927,-3.5329,-2.5824,-1.1023,0.044022
-0.091078,3.5698,2.4614,-1.511,0.091447,3.2224,-7.521,-3.822,-3.8474,-2.7618,-1.0398,-0.019108
0.92066,3.0456,0.17471,-1.584,2.1785,2.1169,-8.7556,-4.4936,-4.1617,-2.9682,-1.0507,-0.17135
1.6325,2.5056,-1.7839,-1.591,3.7167,1.0854,-9.9091,-5.0608,-4.4501,-3.1483,-1.1076,-0.3823
2.0072,1.9982,-3.1932,-1.5636,4.5157,0.22164,-10.914,-5.4968,-4.6905,-3.2539,-1.1694,-0.60281
2.0492,1.5573,-3.9062,-1.5256,4.4923,-0.416,-11.721,-5.7986,-4.8701,-3.263,-1.2058,-0.78974
1.8168,1.1917,-3.9243,-1.4852,3.7245,-0.81767,-12.311,-5.9769,-4.9831,-3.1846,-1.2124,-0.92339
1.4146,0.88884,-3.416,-1.4359,2.4692,-1.0207,-12.69,-6.04,-5.0245,-3.0452,-1.2078,-1.0078
0.97006,0.62578,-2.6713,-1.3642,1.1186,-1.0966,-12.882,-5.9863,-4.9873,-2.8728,-1.221,-1.059
0.60966,0.38175,-2.0142,-1.2616,0.094328,-1.1314,-12.915,-5.8062,-4.8653,-2.6856,-1.2773,-1.0919
0.4471,0.14846,-1.7159,-1.1349,-0.27309,-1.2032,-12.806,-5.4904,-4.6562,-2.486,-1.3869,-1.1116
0.56148,-0.06728,-1.9328,-1.007,0.15905,-1.3621,-12.569,-5.0386,-4.361,-2.26,-1.5386,-1.1119
0.95826,-0.24834,-2.6743,-0.90641,1.2962,-1.6157,-12.211,-4.4655,-3.9838,-1.9839,-1.7017,-1.0782
1.5423,-0.37801,-3.7935,-0.84901,2.8436,-1.9282,-11.744,-3.8017,-3.5344,-1.6371,-1.8351,-0.99211
2.13,-0.45205,-5.0144,-0.82061,4.3935,-2.233,-11.189,-3.0867,-3.0318,-1.2115,-1.9,-0.83659
2.4989,-0.48476,-5.9974,-0.77394,5.5066,-2.4544,-10.578,-2.3586,-2.5049,-0.7147,-1.8723,-0.6029
2.4604,-0.50249,-6.4319,-0.65047,5.8094,-2.5294,-9.9498,-1.6468,-1.9885,-0.16554,-1.7473,-0.2955
1.9329,-0.52583,-6.1285,-0.41836,5.1056,-2.4199,-9.3287,-0.96817,-1.5143,0.41445,-1.5366,0.070008
0.98596,-0.55368,-5.0822,-0.10094,3.4579,-2.12,-8.721,-0.32669,-1.0994,1.0097,-1.2581,0.4759
-0.17041,-0.56609,-3.4795,0.22858,1.198,-1.6634,-8.1181,0.28491,-0.74156,1.6126,-0.92869,0.91005
-1.254,-0.54652,-1.6502,0.48281,-1.1644,-1.1272,-7.5099,0.87967,-0.42371,2.216,-0.56401,1.3648
-2.0062,-0.50343,0.018167,0.60079,-3.1027,-0.62267,-6.8983,1.4675,-0.12706,2.8012,-0.18441,1.8277
-2.2717,-0.47329,1.1831,0.57036,-4.2306,-0.26871,-6.304,2.0464,0.15653,3.3304,0.1812,2.2733
-2.0347,-0.50379,1.6401,0.42602,-4.3982,-0.15686,-5.7603,2.6,0.42077,3.7556,0.49913,2.6637
-1.4045,-0.6288,1.3648,0.23013,-3.7084,-0.32405,-5.2971,3.1042,0.65265,4.0433,0.74369,2.9615
-0.56793,-0.85075,0.49457,0.049489,-2.4413,-0.74408,-4.9256,3.5399,0.84546,4.1996,0.91028,3.146
0.27105,-1.1423,-0.73609,-0.061511,-0.92364,-1.3395,-4.6328,3.9026,1.0054,4.2687,1.0168,3.22
0.9491,-1.4672,-2.0868,-0.068327,0.58163,-2.013,-4.3865,4.2002,1.1445,4.3061,1.0894,3.2029
1.392,-1.8042,-3.3975,0.039668,1.9266,-2.6876,-4.1456,4.4429,1.2654,4.3447,1.1431,3.1131
1.6424,-2.157,-4.6313,0.24397,3.0978,-3.3345,-3.8714,4.6338,1.3528,4.3794,1.1702,2.9576
1.8395,-2.5441,-5.8492,0.49749,4.2205,-3.9662,-3.5384,4.7671,1.3777,4.376,1.1453,2.7319
2.1398,-2.981,-7.1223,0.74059,5.4666,-4.6053,-3.1438,4.8309,1.3132,4.293,1.04,2.4297
2.6193,-3.4687,-8.4401,0.92868,6.8814,-5.253,-2.7099,4.8128,1.148,4.1042,0.83887,2.0522
3.2147,-3.9933,-9.6748,1.0544,8.3145,-5.8765,-2.2774,4.7057,0.89119,3.8073,0.54518,1.6108
3.7332,-4.5339,-10.601,1.1498,9.4562,-6.4157,-1.8888,4.5111,0.56715,3.4191,0.17665,1.1215
3.9242,-5.0699,-10.961,1.2701,9.9118,-6.8035,-1.5692,4.2409,0.20687,2.9615,-0.24374,0.59948
3.5823,-5.5837,-10.561,1.4726,9.3309,-6.9911,-1.3135,3.918,-0.15765,2.4518,-0.69464,0.057776
2.6315,-6.064,-9.3844,1.7997,7.5584,-6.971,-1.0873,3.5746,-0.49604,1.9021,-1.158,-0.48932
1.1563,-6.5115,-7.6359,2.2673,4.7689,-6.7899,-0.84064,3.2463,-0.78203,1.3259,-1.6169,-1.0223
-0.61057,-6.9441,-5.7011,2.8588,1.5105,-6.543,-0.52602,2.9635,-0.9966,0.74631,-2.0524,-1.5159
-2.3378,-7.3898,-4.0297,3.5246,-1.4504,-6.3487,-0.11243,2.7422,-1.13,0.20061,-2.4391,-1.9421
-3.6783,-7.8681,-3.0056,4.1883,-3.4064,-6.3104,0.4075,2.5821,-1.1811,-0.26035,-2.743,-2.2736
-4.3631,-8.3713,-2.8509,4.7623,-3.9198,-6.4832,1.0196,2.4717,-1.1545,-0.58005,-2.9256,-2.4891
-4.2815,-8.8571,-3.5812,5.1686,-2.9414,-6.8558,1.6981,2.3985,-1.0559,-0.71052,-2.9539,-2.5767
-3.5248,-9.2616,-4.9995,5.362,-0.83122,-7.3548,2.4162,2.3577,-0.88936,-0.63037,-2.8134,-2.5378
-2.3719,-9.5272,-6.7348,5.3486,1.7737,-7.8674,3.1538,2.3548,-0.6599,-0.35907,-2.5183,-2.386
-1.2092,-9.6277,-8.3391,5.1895,4.1718,-8.2777,3.902,2.4028,-0.37819,0.043698,-2.1089,-2.144
-0.40583,-9.5734,-9.4187,4.9835,5.7892,-8.5032,4.6636,2.5153,-0.061494,0.49927,-1.6377,-1.8352
-0.19065,-9.3943,-9.7515,4.8266,6.2915,-8.5147,5.4444,2.7004,0.27255,0.94164,-1.148,-1.4746
-0.57664,-9.1175,-9.3478,4.765,5.6359,-8.3321,6.2374,2.9566,0.614,1.3393,-0.66028,-1.0642
-1.3695,-8.7539,-8.4214,4.7694,4.0994,-8.0051,7.0104,3.2708,0.96198,1.694,-0.17262,-0.5995
-2.2452,-8.2994,-7.289,4.7476,2.216,-7.589,7.709,3.6179,1.3165,2.022,0.32352,-0.084011
-2.8537,-7.7449,-6.2639,4.5877,0.60406,-7.1245,8.2758,3.9624,1.6664,2.3307,0.82487,0.45848
-2.9242,-7.0869,-5.5679,4.2049,-0.24232,-6.6291,8.6741,4.2633,1.9831,2.606,1.3062,0.98341
-2.345,-6.3325,-5.2638,3.5689,-0.11134,-6.0981,8.9009,4.4829,2.2265,2.8134,1.7244,1.44
-1.1955,-5.497,-5.2497,2.7111,0.86712,-5.5121,8.9815,4.5987,2.3618,2.916,2.0352,1.7927
0.28162,-4.6065,-5.3145,1.7219,2.2868,-4.8484,8.949,4.6096,2.3755,2.8982,2.2144,2.0366
1.7536,-3.7021,-5.2214,0.73404,3.6323,-4.0978,8.8232,4.5328,2.2832,2.7808,2.2735,2.2
2.8946,-2.8418,-4.8003,-0.10875,4.4623,-3.2817,8.6042,4.3932,2.1214,2.6137,2.2559,2.3313
3.4794,-2.0922,-4.025,-0.69235,4.5475,-2.4618,8.2822,4.2087,1.9276,2.4477,2.2137,2.4753
3.4499,-1.5139,-3.0392,-0.96606,3.9365,-1.7334,7.8534,3.9778,1.7193,2.3009,2.1752,2.6478
2.9268,-1.1467,-2.1015,-0.95208,2.9207,-1.2003,7.3311,3.6789,1.4842,2.1448,2.1253,2.8248
2.1521,-0.99963,-1.4723,-0.72772,1.8943,-0.9379,6.7503,3.2841,1.1906,1.9211,2.0124,2.9544
1.3848,-1.048,-1.3029,-0.39132,1.18,-0.9605,6.1641,2.7857,0.81384,1.5788,1.7813,2.9876
0.79178,-1.2404,-1.5776,-0.025788,0.91006,-1.2108,5.6338,2.214,0.36114,1.1086,1.412,2.9082
0.40113,-1.5144,-2.1259,0.32381,1.0013,-1.5791,5.2133,1.6346,-0.12306,0.55222,0.93728,2.7447
0.13385,-1.8157,-2.6963,0.65014,1.2209,-1.9452,4.9333,1.1247,-0.57416,-0.016084,0.43236,2.5573
-0.13021,-2.1144,-3.0622,0.97017,1.3108,-2.2235,4.7943,0.74315,-0.93543,-0.52467,-0.016682,2.4134
-0.48926,-2.4089,-3.1064,1.309,1.1034,-2.3871,4.7737,0.50955,-1.181,-0.9349,-0.34611,2.3636
-0.97936,-2.7166,-2.8477,1.683,0.57881,-2.4622,4.8448,0.40196,-1.3223,-1.2524,-0.53602,2.428
-1.5645,-3.0569,-2.4082,2.0869,-0.14714,-2.5029,4.9937,0.37249,-1.3967,-1.5157,-0.61243,2.5953
-2.153,-3.4344,-1.9475,2.4893,-0.88728,-2.5627,5.2252,0.37148,-1.4461,-1.77,-0.63082,2.8316
-2.6356,-3.8304,-1.5965,2.8425,-1.4669,-2.6716,5.5536,0.3694,-1.4967,-2.0442,-0.65023,3.096
-2.9337,-4.2059,-1.4151,3.1017,-1.7887,-2.8239,5.9861,0.36811,-1.5491,-2.3387,-0.70923,3.3538
-3.0332,-4.5167,-1.3829,3.2484,-1.8542,-2.9801,6.5072,0.39643,-1.5832,-2.6303,-0.81345,3.5861
-2.9867,-4.7335,-1.4215,3.3027,-1.7404,-3.0847,7.0746,0.49182,-1.5723,-2.8858,-0.93805,3.7918
-2.8837,-4.8539,-1.4417,3.3176,-1.5504,-3.0944,7.6277,0.67685,-1.5001,-3.0765,-1.0416,3.9832
-2.8008,-4.8989,-1.3996,3.3519,-1.356,-3.0013,8.1048,0.94328,-1.3701,-3.1897,-1.0845,4.1773
-2.7581,-4.8976,-1.3316,3.4374,-1.15,-2.8396,8.4584,1.252,-1.206,-3.234,-1.0465,4.384
-2.7113,-4.8706,-1.3328,3.5618,-0.84871,-2.67,8.6597,1.5481,-1.0415,-3.2361,-0.93546,4.5977
-2.5924,-4.8238,-1.485,3.6805,-0.36546,-2.549,8.6936,1.7834,-0.90524,-3.2283,-0.78206,4.7989
-2.3797,-4.7508,-1.7875,3.7509,0.28839,-2.497,8.5547,1.9345,-0.8067,-3.2323,-0.62317,4.967
-2.1521,-4.6407,-2.1311,3.766,0.94836,-2.483,8.2513,2.0111,-0.73153,-3.2494,-0.48506,5.0928
-2.0798,-4.4864,-2.3142,3.7642,1.3217,-2.4345,7.8095,2.0476,-0.64956,-3.2664,-0.37738,5.1825
-2.3466,-4.2914,-2.1076,3.8087,1.0977,-2.2713,7.2697,2.084,-0.53301,-3.2719,-0.29922,5.2492
-3.0471,-4.0726,-1.359,3.9508,0.096514,-1.9448,6.6733,2.1428,-0.37421,-3.271,-0.24892,5.3003
-4.1237,-3.8573,-0.077575,4.1992,-1.6284,-1.4615,6.0502,2.2193,-0.19122,-3.2842,-0.22736,5.3349
-5.371,-3.6701,1.5571,4.5102,-3.7866,-0.87711,5.416,2.2877,-0.017386,-3.3329,-0.23275,5.3515
-6.4991,-3.5178,3.2598,4.7991,-5.936,-0.27088,4.7785,2.3188,0.11766,-3.4221,-0.25469,5.3591
-7.2265,-3.3835,4.7308,4.9671,-7.6258,0.28075,4.146,2.2948,0.20293,-3.5347,-0.27481,5.379
-7.3713,-3.2365,5.7338,4.9356,-8.5427,0.7186,3.5292,2.2143,0.24742,-3.64,-0.27441,5.4364
-6.9118,-3.0543,6.1454,4.6773,-8.5965,1.0029,2.9353,2.0861,0.26808,-3.7124,-0.24491,5.5448
-5.9937,-2.8442,5.9697,4.2342,-7.9194,1.1101,2.3614,1.9177,0.27299,-3.7515,-0.19658,5.6945
-4.8798,-2.652,5.3143,3.7129,-6.7933,1.0284,1.7963,1.7059,0.25087,-3.7922,-0.16135,5.8514
-3.8547,-2.5498,4.338,3.2537,-5.5309,0.75542,1.2321,1.4345,0.17284,-3.8987,-0.18744,5.9672
-3.1206,-2.6071,3.1959,2.9784,-4.36,0.2986,0.6743,1.0786,0.0053736,-4.1407,-0.32554,5.9974
-2.7323,-2.8622,1.9983,2.9408,-3.3682,-0.32229,0.14009,0.6165,-0.273,-4.5649,-0.61045,5.9178
-2.5967,-3.309,0.79147,3.1071,-2.5195,-1.0732,-0.35329,0.03905,-0.66204,-5.177,-1.048,5.7339
-2.5224,-3.9038,-0.43781,3.3805,-1.6917,-1.9097,-0.80281,-0.64659,-1.1439,-5.9438,-1.617,5.4746
-2.2923,-4.5876,-1.7205,3.6522,-0.71783,-2.7858,-1.2262,-1.4241,-1.6976,-6.8118,-2.2846,5.1748
-1.757,-5.3112,-3.0533,3.8503,0.53289,-3.6644,-1.656,-2.2792,-2.3122,-7.7284,-3.0205,4.8592
-0.91057,-6.0514,-4.39,3.9657,2.0602,-4.523,-2.123,-3.2066,-2.9911,-8.6569,-3.804,4.5348
0.099975,-6.8117,-5.6628,4.0493,3.7002,-5.3545,-2.6412,-4.206,-3.7465,-9.5829,-4.6227,4.194
1.0177,-7.6101,-6.7907,4.1868,5.1614,-6.1634,-3.206,-5.2721,-4.5888,-10.512,-5.4693,3.8211
1.551,-8.461,-7.6866,4.4595,6.1078,-6.9591,-3.8032,-6.3856,-5.5184,-11.461,-6.3381,3.3992
1.4715,-9.3612,-8.2789,4.9116,6.2664,-7.7484,-4.4168,-7.5101,-6.5199,-12.442,-7.2196,2.9189
0.69316,-10.284,-8.539,5.5406,5.5177,-8.5268,-5.026,-8.5946,-7.5599,-13.451,-8.0922,2.3898
-0.69485,-11.181,-8.4955,6.304,3.9528,-9.2705,-5.597,-9.5822,-8.5876,-14.449,-8.9147,1.8464
-2.4411,-11.996,-8.2317,7.1265,1.8899,-9.9368,-6.0819,-10.423,-9.5396,-15.376,-9.6275,1.3445
-4.1888,-12.675,-7.8714,7.9076,-0.18134,-10.477,-6.4332,-11.087,-10.352,-16.158,-10.168,0.9433
-5.5674,-13.178,-7.5621,8.5403,-1.7355,-10.856,-6.6287,-11.572,-10.98,-16.746,-10.494,0.67979
-6.2859,-13.496,-7.4525,8.938,-2.3621,-11.072,-6.6859,-11.901,-11.411,-17.131,-10.614,0.54986
-6.2032,-13.641,-7.6566,9.0593,-1.8826,-11.15,-6.6517,-12.102,-11.668,-17.346,-10.58,0.50639
-5.3712,-13.634,-8.1987,8.916,-0.42278,-11.121,-6.5662,-12.179,-11.779,-17.444,-10.477,0.47974
-4.0368,-13.477,-8.9658,8.5644,1.6241,-10.985,-6.4225,-12.089,-11.733,-17.454,-10.37,0.41375
-2.5833,-13.135,-9.7123,8.0841,3.7263,-10.692,-6.1478,-11.719,-11.448,-17.338,-10.27,0.30247
-1.4165,-12.534,-10.134,7.5492,5.3546,-10.156,-5.6223,-10.889,-10.752,-16.958,-10.091,0.21318
-0.8337,-11.582,-9.9829,6.9931,6.1093,-9.2861,-4.7267,-9.3928,-9.4263,-16.077,-9.6537,0.28809
-0.92845,-10.207,-9.1536,6.3944,5.8472,-8.0383,-3.4187,-7.1343,-7.2963,-14.381,-8.6978,0.72721
-1.5721,-8.4222,-7.7051,5.7012,4.7717,-6.4756,-1.9329,-4.9157,-4.5276,-11.559,-6.9396,1.772
-2.4773,-6.4408,-6.0192,4.867,3.2965,-5.1102,-1.1949,-7.1405,-5.6537,-7.7502,-4.1223,3.768
-3.3137,-5.4826,-5.1911,3.8524,1.6439,-5.6631,-1.7025,-8.1575,-10.586,-9.7453,-0.54834,7.5255
-3.8307,-7.3681,-5.0932,2.7565,-0.11128,-7.1845,-1.5249,-8.649,-11.801,-13.219,-4.3746,11.005
-3.9045,-8.6567,-4.624,3.2631,-1.8105,-7.3639,-0.13669,-8.9232,-12.893,-14.279,-6.5828,6.7019
-3.3984,-8.6227,-2.834,5.2333,-3.7336,-5.8715,2.2864,-7.0849,-11.948,-15.473,-9.8752,3.4258
-3.5398,-6.9357,1.9565,5.0701,-6.1382,-1.7892,6.7744,-1.199,-6.2095,-15.341,-12.443,0.73778
-6.9613,-2.3145,11.09,3.4652,-9.8932,5.9004,13.479,9.9198,5.3734,-11.841,-11.696,1.2625
-10.143,7.1336,24.475,-0.017607,-18.713,18.093,23.494,28.432,25.2,-1.7189,-5.3064,7.3583
-12.633,23.077,40.647,-6.2541,-29.054,35.768,37.447,55.682,56.063,18.846,9.8494,21.375
-12.583,46.037,57.23,-16.016,-38.556,58.144,51.66,89.748,98.039,53.213,38.156,44.719
-7.9335,73.327,72.681,-29.97,-45.081,80.251,64.147,128.25,151.19,104.07,81.577,76.575
3.0218,99.556,86.966,-48.395,-45.946,97.129,72.688,166.3,212.2,174.4,144.71,121.44
21.314,121.76,89.139,-70.412,-38.014,108.18,74.871,199.86,274.6,264.8,238.08,188.26
48.151,140.91,83.707,-94.988,-20.769,115.43,69.107,225.6,334.68,374.64,352.69,263.17
83.91,161.68,75.41,-122.97,3.4229,120.81,54.746,240.38,390.39,504.17,491.4,348.32
126.74,187.34,61.541,-155.68,31.872,125.15,31.189,242.07,440.36,650.19,653.49,445.62
173.39,218.86,47.866,-193.61,61.16,133.08,-2.1476,229.4,480.9,807.21,835.17,554.43
220.21,258.21,41.558,-236.44,87.034,149.27,-44.231,200.72,507.16,966.78,1028.2,671.96
263.27,306.58,48.274,-282.41,104.96,177.06,-91.535,155.4,514.65,1116.5,1218.5,791.95
297.58,362.65,71.946,-327.67,110.41,217.73,-139.84,94.445,499.76,1240,1386,904
317.42,421.6,113.39,-366.61,99.891,269.13,-185.5,20.672,459.88,1318.6,1506.5,994.23
317.99,475.3,168.79,-393.11,72.812,324.96,-225.45,-62.054,393.37,1333.7,1555.6,1047.3
297.3,513.78,229.36,-401.81,32.611,375.58,-257.76,-150.95,299.41,1271.3,1514.2,1049.7
257.01,527.65,283.19,-389.1,-13.828,410.06,-282.5,-244.5,177.98,1125.3,1374,992.65
202.13,510.29,318.65,-353.91,-58.303,419.09,-301.58,-342.23,30.433,900.32,1141.4,875.64
139.38,459.73,327.72,-298.34,-93.687,397.62,-317.78,-444.2,-139.15,612.52,837.68,707.27
75.598,379.7,308.05,-227.61,-115.56,346.5,-333.73,-549.23,-322.29,288.07,496.75,504.95
16.51,279.25,263.43,-149.24,-122.69,272.4,-350.85,-652.75,-505.2,-39.507,159.16,292.17
-33.943,170.86,202.59,-71.36,-116.19,186.34,-368.2,-745.74,-669.69,-334.29,-135.76,93.865
-73.668,67.652,136.57,-1.1461,-101.25,100.82,-382.31,-815.93,-796.42,-564.68,-358.4,-69.017
-101.86,-19.246,75.558,56.076,-85.857,26.618,-388.41,-851.6,-870.11,-710.83,-495.31,-183.87
-118.53,-82.976,26.231,97.318,-71.386,-29.676,-382.85,-846.39,-884.78,-769.75,-550.88,-248.31
-122.8,-122.15,-8.9748,121.91,-56.362,-66.37,-365.16,-802.04,-845.96,-754.22,-542.28,-269.46
-116.09,-140.04,-31.503,130.99,-39.721,-85.581,-338.05,-727.5,-767.54,-686.49,-491.18,-260.51
-102.28,-141.74,-44.112,127.01,-24.363,-91.158,-305.48,-635.05,-666.09,-591.45,-418.77,-233.44
-84.65,-131.25,-48.541,113.39,-14.203,-87.187,-270.62,-536.21,-556.69,-489.68,-342.52,-196.9
-65.644,-112.99,-45.904,94.108,-8.7105,-77.336,-235.28,-439.51,-450.81,-393.41,-272.32,-158.58
-47.111,-91.682,-41.307,72.725,-5.4969,-65.37,-200.3,-350.25,-355.01,-307.88,-211.49,-123.08
-30.847,-70.532,-38.137,51.974,-2.861,-53.993,-165.92,-271.04,-272.01,-234.5,-160.48,-92.536
-18.6,-51.525,-34.891,34.08,0.0015374,-43.844,-132.68,-203.27,-202.9,-173.53,-118.36,-67.095
-10.584,-36.05,-20.438,21.379,2.8736,-34.321,-101.71,-147.94,-147.96,-125.41,-83.911,-47.956
-5.7509,-25.002,-16.416,14.023,4.3734,-26.282,-74.312,-105.38,-106.99,-90.431,-60.012,-36.737
-2.9245,-17.934,-15.374,8.6987,5.3359,-21.207,-51.788,-74.868,-78.533,-66.843,-44.948,-28.516
-2.0543,-12.319,-14.086,5.4046,5.7601,-17.786,-34.692,-54.067,-59.518,-51.902,-35.816,-22.403
-3.9834,-7.9599,-12.405,3.8259,5.415,-14.216,-22.299,-39.937,-46.629,-42.84,-30.692,-18.115
-5.7992,-5.3869,-10.449,3.8272,4.3424,-10.797,-13.754,-30.49,-37.504,-37.269,-27.702,-16.515
-5.8895,-5.7009,-8.3681,5.5272,2.7344,-8.5139,-8.168,-24.824,-30.616,-33.106,-24.773,-19.879
-5.9012,-7.6501,-6.3467,6.1748,0.93193,-7.3512,-4.5259,-21.764,-25.215,-29.323,-23.099,-19.917
-6.1513,-7.6511,-4.6164,5.5971,-0.6371,-6.4185,-2.3156,-19.939,-21.467,-26.411,-27.119,-17.436
-6.4113,-6.684,-3.4105,4.9719,-1.585,-5.5206,-1.0531,-18.897,-19.913,-28.768,-26.599,-15.399
-6.4666,-5.7499,-2.881,4.5078,-1.7001,-4.823,-2.0047,-18.821,-23.524,-29.614,-24.339,-14.117
-6.2374,-5.0873,-3.035,4.1848,-1.0201,-4.4347,-2.6761,-17.675,-24.206,-27.78,-22.515,-13.445
-5.7881,-4.7098,-3.7172,3.976,0.18509,-4.3584,-1.038,-14.229,-21.955,-26.091,-21.262,-13.203
-5.3016,-4.5634,-4.6474,3.8699,1.4895,-4.5185,0.50966,-11.591,-19.723,-24.839,-20.404,-13.229
-5.0125,-4.5705,-5.4925,3.866,2.4329,-4.7955,1.6346,-9.7142,-17.955,-23.911,-19.76,-13.389
-5.1159,-4.6552,-5.9594,3.9707,2.6693,-5.064,2.3961,-8.4185,-16.66,-23.201,-19.228,-13.593
-5.6887,-4.7642,-5.8924,4.1885,2.0717,-5.2306,2.8602,-7.5937,-15.805,-22.674,-18.796,-13.812
-6.6507,-4.8761,-5.3337,4.5041,0.77785,-5.261,3.0705,-7.145,-15.345,-22.345,-18.518,-14.067
-7.7836,-4.9964,-4.5077,4.8713,-0.82494,-5.1857,3.0626,-6.9757,-15.202,-22.232,-18.46,-14.41
-8.7941,-5.1424,-3.7394,5.2201,-2.1958,-5.0813,2.8701,-6.9921,-15.265,-22.308,-18.65,-14.881
-9.396,-5.3272,-3.3462,5.4747,-2.8204,-5.0381,2.5171,-7.1231,-15.416,-22.502,-19.052,-15.481
-9.3926,-5.55,-3.5282,5.5788,-2.4158,-5.1228,2.0111,-7.3386,-15.572,-22.714,-19.571,-16.157
-8.7515,-5.7934,-4.2916,5.5157,-1.0393,-5.3515,1.3487,-7.6508,-15.712,-22.869,-20.092,-16.819
-7.6471,-6.0275,-5.4385,5.317,0.93192,-5.6812,0.53128,-8.0929,-15.869,-22.943,-20.514,-17.369
-6.4291,-6.2218,-6.6279,5.0548,2.913,-6.0271,-0.41833,-8.6864,-16.107,-22.963,-20.786,-17.746
-5.5088,-6.3594,-7.4929,4.8217,4.2937,-6.3002,-1.45,-9.4162,-16.468,-22.991,-20.916,-17.952
-5.2081,-6.4476,-7.7838,4.7051,4.6343,-6.4497,-2.4948,-10.226,-16.95,-23.082,-20.957,-18.048
-5.6338,-6.5147,-7.4731,4.7584,3.815,-6.4868,-3.4838,-11.039,-17.502,-23.264,-20.979,-18.113
-6.6322,-6.5913,-6.7679,4.9731,2.0975,-6.4781,-4.3692,-11.782,-18.049,-23.518,-21.034,-18.209
-7.8475,-6.6897,-6.0247,5.2703,0.048844,-6.5142,-5.1374,-12.417,-18.532,-23.788,-21.134,-18.344
-8.8545,-6.7953,-5.6142,5.5262,-1.6513,-6.6696,-5.8059,-12.946,-18.925,-24,-21.245,-18.476
-9.3046,-6.875,-5.7927,5.6221,-2.4228,-6.9732,-6.407,-13.396,-19.241,-24.09,-21.308,-18.528
-9.0276,-6.8954,-6.6241,5.4892,-1.9546,-7.3988,-6.967,-13.803,-19.519,-24.035,-21.275,-18.434
-8.0648,-6.8409,-7.9699,5.1309,-0.30949,-7.8755,-7.4881,-14.188,-19.793,-23.852,-21.135,-18.167
-6.6462,-6.7196,-9.5396,4.6188,2.0827,-8.3091,-7.9405,-14.546,-20.063,-23.588,-20.915,-17.75
-5.1198,-6.555,-10.979,4.0645,4.598,-8.607,-8.2699,-14.843,-20.284,-23.291,-20.658,-17.235
-3.8394,-6.3672,-11.974,3.5734,6.6659,-8.7014,-8.4206,-15.03,-20.379,-22.978,-20.384,-16.67
-3.0391,-6.1533,-12.344,3.1995,7.9278,-8.5662,-8.3642,-15.065,-20.269,-22.63,-20.071,-16.071
-2.7628,-5.8819,-12.083,2.931,8.2697,-8.2203,-8.1144,-14.926,-19.912,-22.197,-19.66,-15.413
-2.8977,-5.5098,-11.347,2.7161,7.7924,-7.7192,-7.7205,-14.623,-19.33,-21.631,-19.083,-14.649
-3.2757,-5.0123,-10.37,2.5105,6.753,-7.1382,-7.2453,-14.192,-18.605,-20.923,-18.311,-13.754
-3.7597,-4.4041,-9.3802,2.3036,5.4734,-6.552,-6.7379,-13.681,-17.839,-20.118,-17.383,-12.753
-4.2748,-3.7304,-8.5385,2.1086,4.2409,-6.0138,-6.2148,-13.126,-17.115,-19.301,-16.392,-11.723
-4.7873,-3.034,-7.9019,1.9348,3.2341,-5.5387,-5.6584,-12.536,-16.453,-18.552,-15.448,-10.765
-5.266,-2.3313,-7.4227,1.77,2.4986,-5.0971,-5.0335,-11.891,-15.809,-17.902,-14.624,-9.9554
-5.6721,-1.6107,-6.9813,1.5798,1.9763,-4.6218,-4.3119,-11.155,-15.101,-17.317,-13.934,-9.3145
-5.9693,-0.84352,-6.4335,1.318,1.5621,-4.0311,-3.4928,-10.299,-14.257,-16.709,-13.324,-8.7926
-6.1289,0.0051882,-5.6681,0.94062,1.1606,-3.2606,-2.6071,-9.3216,-13.26,-15.988,-12.704,-8.2968
-6.1272,0.96206,-4.6561,0.41977,0.7315,-2.2918,-1.7082,-8.253,-12.161,-15.1,-11.992,-7.7391
-5.948,2.0285,-3.4711,-0.24377,0.30832,-1.1632,-0.85291,-7.1447,-11.05,-14.058,-11.148,-7.08
-5.5938,3.171,-2.2646,-1.0135,-0.023178,0.040482,-0.082757,-6.0431,-10.01,-12.924,-10.183,-6.3431
-5.0965,4.3259,-1.2092,-1.8214,-0.1706,1.2154,0.58766,-4.9693,-9.0738,-11.778,-9.1512,-5.5949
-4.5196,5.4181,-0.43763,-2.5846,-0.078429,2.2712,1.171,-3.9128,-8.2207,-10.674,-8.1159,-4.9044
-3.9467,6.3852,0.001435,-3.2286,0.24593,3.1576,1.6965,-2.8409,-7.3896,-9.6197,-7.1199,-4.3082
-3.4583,7.2009,0.15669,-3.7137,0.72936,3.8757,2.1933,-1.7184,-6.5158,-8.5795,-6.1692,-3.7973
-3.1043,7.8891,0.15648,-4.0531,1.2543,4.4724,2.6757,-0.52946,-5.5645,-7.5013,-5.2393,-3.3276
-2.892,8.5208,0.1661,-4.3094,1.6909,5.0195,3.1404,0.71215,-4.5462,-6.3458,-4.2954,-2.8429
-2.8035,9.1886,0.33714,-4.5642,1.9183,5.5879,3.5807,1.969,-3.5057,-5.1041,-3.3142,-2.3
-2.832,9.9737,0.76748,-4.879,1.8341,6.2273,4.0069,3.1968,-2.4946,-3.797,-2.2954,-1.6836
-3.0059,10.926,1.4824,-5.2711,1.3698,6.959,4.4556,4.3633,-1.5414,-2.4606,-1.2592,-1.0092
-3.3697,12.062,2.4362,-5.7167,0.51852,7.7786,4.9798,5.4597,-0.63486,-1.1258,-0.23308,-0.31166
-3.9276,13.374,3.5264,-6.1778,-0.6407,8.6606,5.6274,6.4994,0.27008,0.19678,0.76357,0.3721
-4.5965,14.829,4.6132,-6.6433,-1.9407,9.5576,6.4143,7.5001,1.2248,1.5156,1.7244,1.0161
-5.2087,16.37,5.5451,-7.1622,-3.1566,10.394,7.3029,8.4592,2.2503,2.8425,2.6496,1.609
-5.5642,17.923,6.1992,-7.8423,-4.0683,11.074,8.2002,9.3391,3.3133,4.1742,3.5361,2.1514
-5.5067,19.429,6.5371,-8.8064,-4.531,11.533,8.9884,10.082,4.3375,5.4886,4.3811,2.6565
-4.9838,20.878,6.6286,-10.119,-4.5121,11.809,9.5773,10.651,5.2509,6.763,5.1987,3.1532
-4.058,22.338,6.5989,-11.726,-4.0606,12.053,9.948,11.067,6.0404,8.0026,6.0374,3.6852
-2.8726,23.934,6.5434,-13.464,-3.2598,12.45,10.153,11.405,6.771,9.2539,6.9816,4.3032
-1.5906,25.809,6.4819,-15.15,-2.2047,13.149,10.269,11.755,7.5545,10.595,8.1353,5.053
-0.32198,28.054,6.3647,-16.696,-0.96077,14.257,10.337,12.187,8.4932,12.106,9.6026,5.9686
0.91139,30.657,6.1267,-18.156,0.48024,15.848,10.335,12.72,9.6324,13.842,11.469,7.0751
2.1366,33.475,5.742,-19.683,2.1672,17.882,10.189,13.309,10.934,15.804,13.771,8.398
3.3615,36.29,5.2156,-21.447,4.0751,20.097,9.8186,13.832,12.275,17.917,16.455,9.9643
4.5267,38.907,4.5805,-23.546,6.0203,22.132,9.1751,14.124,13.488,20.037,19.353,11.786
5.4923,41.233,3.9763,-25.926,7.6492,23.795,8.2757,14.065,14.435,22.002,22.245,13.84
6.0739,43.251,3.6875,-28.377,8.5,25.138,7.2044,13.664,15.082,23.704,24.965,16.066
6.131,44.978,4.0845,-30.649,8.1514,26.337,6.0862,13.063,15.51,25.128,27.457,18.397
5.6593,46.449,5.4544,-32.576,6.4176,27.579,5.0328,12.443,15.861,26.35,29.768,20.796
4.8226,47.728,7.7768,-34.136,3.512,28.976,4.0899,11.916,16.258,27.489,31.993,23.275
3.9257,48.905,10.652,-35.442,0.061479,30.526,3.2165,11.487,16.754,28.657,34.232,25.889
3.3553,50.064,13.452,-36.682,-3.0705,32.129,2.3077,11.078,17.321,29.923,36.543,28.706
3.4744,51.26,15.562,-38.013,-5.0914,33.629,1.2463,10.589,17.884,31.301,38.916,31.76
4.4944,52.501,16.566,-39.499,-5.5431,34.89,-0.036258,9.9533,18.38,32.78,41.286,35.029
6.3864,53.779,16.373,-41.096,-4.4051,35.877,-1.525,9.1805,18.82,34.358,43.59,38.437
8.8655,55.103,15.246,-42.696,-2.0722,36.691,-3.1307,8.3518,19.304,36.078,45.82,41.891
11.471,56.509,13.687,-44.182,0.78948,37.505,-4.7339,7.5799,19.987,38.002,48.046,45.32
13.753,58.052,12.281,-45.484,3.4975,38.467,-6.2293,6.9581,21.005,40.154,50.372,48.682
15.48,59.796,11.53,-46.61,5.6073,39.633,-7.563,6.5256,22.406,42.472,52.869,51.955
16.717,61.785,11.665,-47.647,6.9856,40.958,-8.754,6.2599,24.116,44.792,55.507,55.093
17.739,64.023,12.516,-48.716,7.7096,42.374,-9.8757,6.095,25.943,46.908,58.132,58.018
18.883,66.459,13.71,-49.923,7.95,43.854,-11.004,5.9588,27.661,48.651,60.536,60.647
20.404,69.013,15.049,-51.34,7.8835,45.417,-12.173,5.81,29.118,49.954,62.585,62.938
22.371,71.624,16.596,-53.006,7.6384,47.106,-13.359,5.6538,30.317,50.863,64.275,64.91
24.633,74.295,18.497,-54.937,7.2455,48.972,-14.501,5.5336,31.404,51.517,65.711,66.646
26.876,77.084,20.844,-57.119,6.6255,51.073,-15.525,5.5113,32.586,52.108,67.054,68.271
28.759,80.063,23.68,-59.485,5.6476,53.469,-16.383,5.6393,34.037,52.825,68.471,69.918
30.053,83.261,27.052,-61.925,4.2403,56.199,-17.068,5.9328,35.82,53.79,70.086,71.701
30.697,86.654,30.951,-64.307,2.4846,59.27,-17.611,6.3597,37.875,55.026,71.955,73.685
30.741,90.183,35.209,-66.533,0.64754,62.634,-18.054,6.8573,40.059,56.455,74.044,75.882
30.332,93.788,39.491,-68.583,-0.88263,66.18,-18.429,7.362,42.219,57.937,76.252,78.246
29.729,97.402,43.403,-70.551,-1.7541,69.769,-18.752,7.8336,44.253,59.323,78.437,80.683
29.277,100.95,46.634,-72.583,-1.8061,73.297,-19.027,8.2654,46.145,60.508,80.476,83.087
29.269,104.41,49.133,-74.759,-1.0968,76.739,-19.264,8.6786,47.941,61.456,82.304,85.374
29.792,107.82,51.147,-77.028,0.12715,80.142,-19.471,9.1047,49.692,62.2,83.927,87.516
30.71,111.29,53.062,-79.26,1.4202,83.58,-19.661,9.5646,51.408,62.8,85.393,89.539
31.737,114.89,55.26,-81.345,2.2081,87.111,-19.839,10.059,53.038,63.305,86.744,91.502
32.495,118.57,58.038,-83.21,1.9863,90.744,-19.988,10.575,54.503,63.733,87.989,93.462
32.626,122.17,61.503,-84.787,0.51312,94.415,-20.066,11.098,55.736,64.071,89.102,95.45
31.994,125.54,65.473,-86.011,-2.0964,97.995,-20.026,11.626,56.709,64.291,90.043,97.458
30.765,128.64,69.499,-86.883,-5.3871,101.32,-19.851,12.165,57.437,64.371,90.784,99.451
29.345,131.51,73.085,-87.499,-8.6968,104.26,-19.569,12.723,57.972,64.306,91.323,101.39
28.226,134.23,75.934,-88.064,-11.334,106.77,-19.242,13.304,58.382,64.119,91.692,103.23
27.813,136.9,78.014,-88.832,-12.771,108.91,-18.933,13.908,58.725,63.853,91.946,104.99
28.281,139.59,79.515,-89.989,-12.879,110.83,-18.659,14.54,59.034,63.561,92.151,106.68
29.49,142.27,80.795,-91.523,-11.973,112.64,-18.386,15.216,59.308,63.272,92.355,108.35
31.018,144.86,82.259,-93.209,-10.657,114.43,-18.032,15.967,59.522,62.986,92.57,110.02
32.34,147.25,84.173,-94.712,-9.6259,116.19,-17.511,16.828,59.652,62.669,92.775,111.67
33.103,149.34,86.509,-95.769,-9.4288,117.87,-16.773,17.835,59.685,62.296,92.936,113.27
33.242,151.12,88.962,-96.342,-10.204,119.38,-15.837,19.011,59.637,61.854,93.033,114.76
32.907,152.62,91.137,-96.59,-11.616,120.63,-14.78,20.35,59.539,61.371,93.065,116.12
32.372,153.95,92.734,-96.709,-13.102,121.58,-13.696,21.794,59.419,60.908,93.053,117.33
31.942,155.27,93.618,-96.841,-14.169,122.22,-12.657,23.248,59.282,60.535,93.031,118.35
31.82,156.8,93.796,-97.164,-14.552,122.62,-11.692,24.606,59.094,60.291,93.024,119.17
32.037,158.66,93.391,-97.95,-14.244,122.85,-10.778,25.778,58.782,60.154,93.028,119.73
32.477,160.62,92.64,-99.251,-13.453,122.98,-9.8569,26.73,58.275,60.043,93.01,119.97
32.926,161.82,91.811,-100.57,-12.474,122.98,-8.8633,27.501,57.539,59.854,92.927,119.88
33.118,161.51,91.021,-101.21,-11.564,122.69,-7.7527,28.183,56.587,59.535,92.758,119.51
32.833,159.59,90.149,-100.86,-10.868,121.88,-6.5243,28.877,55.483,59.079,92.516,119
32.018,156.26,88.912,-99.613,-10.378,120.32,-5.2217,29.627,54.301,58.513,92.23,118.4
30.825,151.8,87.032,-97.712,-9.964,117.89,-3.9125,30.402,53.094,57.869,91.916,117.69
29.508,146.46,84.31,-95.387,-9.4739,114.53,-2.6558,31.113,51.856,57.164,91.584,116.8
28.263,140.52,80.629,-92.755,-8.8339,110.31,-1.4736,31.682,50.54,56.393,91.233,115.63
27.104,134.3,76.049,-89.797,-8.0587,105.37,-0.3418,32.071,49.076,55.529,90.851,114.06
25.908,128.12,70.932,-86.45,-7.2138,100.05,0.79253,32.307,47.418,54.543,90.396,111.95
24.514,122.15,65.827,-82.739,-6.3689,94.763,1.9812,32.439,45.548,53.39,89.765,109.07
22.807,116.36,61.141,-78.784,-5.557,89.786,3.2511,32.504,43.473,52.012,88.761,105.22
20.769,110.62,56.991,-74.69,-4.7612,85.172,4.6012,32.496,41.218,50.351,87.078,100.34
18.499,104.74,53.262,-70.499,-3.9336,80.771,6.0142,32.374,38.802,48.365,84.337,94.582
16.228,98.628,49.72,-66.242,-3.0291,76.302,7.4719,32.071,36.251,46.021,80.237,88.204
14.207,92.27,46.117,-61.983,-2.0422,71.469,8.9638,31.513,33.574,43.313,74.788,81.45
12.525,85.788,42.293,-57.804,-1.0276,66.098,10.486,30.642,30.784,40.247,68.4,74.471
11.065,79.333,38.217,-53.759,-0.095278,60.268,12.039,29.441,27.921,36.858,61.626,67.351
9.635,73.024,33.97,-49.835,0.62637,54.342,13.618,27.944,25.068,33.22,54.857,60.153
8.1223,66.968,29.709,-45.965,1.0478,48.791,15.211,26.233,22.334,29.452,48.268,52.967
6.5447,61.268,25.628,-42.094,1.1664,43.9,16.787,24.427,19.817,25.711,41.953,45.936
5.0123,55.986,21.866,-38.233,1.0766,39.643,18.295,22.623,17.551,22.149,36.02,39.246
3.649,51.091,18.454,-34.45,0.92999,35.803,19.666,20.852,15.487,18.868,30.569,33.07
2.5291,46.454,15.346,-30.777,0.86179,32.13,20.818,19.08,13.538,15.861,25.644,27.501
1.6489,41.893,12.518,-27.158,0.9226,28.406,21.678,17.248,11.604,13.071,21.196,22.514
0.91576,37.211,10.037,-23.468,1.0478,24.474,22.209,15.328,9.6217,10.425,17.156,18.026
0.17717,32.23,8.013,-19.58,1.0808,20.359,22.416,13.341,7.5864,7.8733,13.476,13.986
-0.72134,26.877,6.5108,-15.487,0.84518,16.412,22.342,11.337,5.5417,5.4016,10.144,10.381
-1.8816,21.413,5.4999,-11.461,0.23563,13.06,22.037,9.3647,3.5458,3.0168,7.1652,7.1995
-3.316,16.477,4.8611,-7.985,-0.7175,10.414,21.538,7.448,1.639,0.73594,4.5332,4.393
-4.9272,12.523,4.414,-5.2846,-1.8392,8.2991,20.86,5.569,-0.1772,-1.4352,2.2073,1.8825
-6.5229,9.4563,3.9582,-3.2152,-2.8617,6.4985,19.998,3.6821,-1.9316,-3.5035,0.12512,-0.41461
-7.8816,6.9666,3.3246,-1.5731,-3.5204,4.859,18.949,1.7325,-3.6708,-5.4925,-1.7844,-2.5669
-8.846,4.8211,2.4161,-0.23696,-3.651,3.2948,17.725,-0.32168,-5.4465,-7.4419,-3.5929,-4.6294
-9.3903,2.8911,1.2286,0.87026,-3.2433,1.7682,16.369,-2.4879,-7.3015,-9.3984,-5.3658,-6.6458
-9.6323,1.1064,-0.15241,1.826,-2.4316,0.27791,14.956,-4.7215,-9.2548,-11.394,-7.1516,-8.6472
-9.7805,-0.56878,-1.5818,2.7144,-1.4366,-1.1487,13.573,-6.926,-11.291,-13.427,-8.9679,-10.642
-10.045,-2.1424,-2.9111,3.6069,-0.48291,-2.4682,12.293,-8.9837,-13.359,-15.446,-10.795,-12.607
-10.545,-3.6035,-4.0507,4.5391,0.282,-3.643,11.148,-10.804,-15.394,-17.374,-12.589,-14.496
-11.257,-4.9396,-5.0009,5.5011,0.83676,-4.6643,10.121,-12.362,-17.351,-19.139,-14.303,-16.267
-12.037,-6.1524,-5.8315,6.4478,1.2656,-5.5606,9.1685,-13.693,-19.224,-20.711,-15.925,-17.912
-12.706,-7.2605,-6.6241,7.3246,1.671,-6.3829,8.2472,-14.871,-21.039,-22.111,-17.48,-19.472
-13.152,-8.2883,-7.4081,8.0946,2.0818,-7.1735,7.3392,-15.962,-22.82,-23.393,-19.023,-21.02
-13.389,-9.2531,-8.1238,8.7547,2.4105,-7.9369,6.4602,-16.995,-24.547,-24.603,-20.593,-22.618
-13.555,-10.155,-8.6279,9.3345,2.4726,-8.6298,5.6502,-17.948,-26.15,-25.748,-22.186,-24.28
-13.836,-10.979,-8.7531,9.8804,2.074,-9.1779,4.9531,-18.771,-27.534,-26.791,-23.741,-25.953
-14.37,-11.699,-8.3983,10.43,1.1302,-9.513,4.3908,-19.419,-28.622,-27.677,-25.163,-27.533
-15.154,-12.29,-7.6061,10.987,-0.25023,-9.6126,3.9473,-19.889,-29.397,-28.368,-26.363,-28.909
-16.03,-12.736,-6.5821,11.509,-1.7685,-9.5214,3.5702,-20.234,-29.908,-28.872,-27.306,-30.008
-16.741,-13.035,-5.6409,11.92,-3.0248,-9.3423,3.1924,-20.532,-30.247,-29.235,-28.019,-30.82
-17.038,-13.202,-5.0957,12.143,-3.6616,-9.201,2.7613,-20.855,-30.505,-29.525,-28.575,-31.395
-16.806,-13.271,-5.1412,12.151,-3.5017,-9.1979,2.2622,-21.227,-30.739,-29.797,-29.058,-31.821
-16.125,-13.285,-5.7782,11.986,-2.6149,-9.3714,1.7204,-21.613,-30.945,-30.066,-29.523,-32.185
-15.248,-13.288,-6.8139,11.757,-1.288,-9.685,1.186,-21.931,-31.073,-30.299,-29.976,-32.536
-14.483,-13.303,-7.9342,11.583,0.078046,-10.045,0.70891,-22.09,-31.045,-30.43,-30.368,-32.864
-14.055,-13.324,-8.8223,11.533,1.1113,-10.336,0.31865,-22.037,-30.801,-30.385,-30.624,-33.116
-14.002,-13.329,-9.2717,11.594,1.605,-10.474,0.01652,-21.783,-30.324,-30.116,-30.678,-33.222
-14.179,-13.298,-9.2492,11.691,1.5812,-10.435,-0.21905,-21.399,-29.652,-29.622,-30.507,-33.133
-14.331,-13.231,-8.8825,11.727,1.2489,-10.267,-0.41571,-20.976,-28.856,-28.946,-30.136,-32.852
-14.224,-13.151,-8.386,11.629,0.87926,-10.065,-0.5869,-20.578,-28.005,-28.152,-29.619,-32.417
-13.75,-13.09,-7.9655,11.379,0.67313,-9.9266,-0.71981,-20.222,-27.127,-27.293,-29.004,-31.875
-12.985,-13.066,-7.7461,11.019,0.68387,-9.9071,-0.77864,-19.872,-26.2,-26.386,-28.309,-31.242
-12.166,-13.08,-7.7376,10.641,0.82149,-10.004,-0.72012,-19.467,-25.162,-25.408,-27.51,-30.488
-11.576,-13.114,-7.8449,10.354,0.92319,-10.163,-0.51232,-18.947,-23.955,-24.309,-26.559,-29.545
-11.417,-13.146,-7.941,10.24,0.84916,-10.319,-0.14895,-18.276,-22.556,-23.048,-25.408,-28.36
-11.702,-13.159,-7.9662,10.312,0.57259,-10.429,0.34597,-17.452,-21.004,-21.622,-24.055,-26.932
-12.244,-13.134,-7.9764,10.498,0.22807,-10.488,0.92481,-16.498,-19.384,-20.083,-22.554,-25.328
-12.734,-13.056,-8.106,10.671,0.068616,-10.519,1.5333,-15.444,-17.791,-18.517,-21.001,-23.654
-12.877,-12.908,-8.4695,10.702,0.3289,-10.549,2.1321,-14.307,-16.283,-17.006,-19.495,-22.024
-12.523,-12.683,-9.0683,10.522,1.085,-10.577,2.7124,-13.076,-14.858,-15.586,-18.099,-20.537
-11.725,-12.385,-9.7635,10.142,2.1977,-10.572,3.2972,-11.725,-13.463,-14.234,-16.818,-19.242
-10.71,-12.029,-10.32,9.6352,3.3464,-10.484,3.9269,-10.235,-12.037,-12.892,-15.607,-18.123
-9.775,-11.63,-10.489,9.104,4.1348,-10.262,4.6402,-8.6184,-10.548,-11.498,-14.404,-17.119
-9.1636,-11.2,-10.103,8.6295,4.2335,-9.8807,5.463,-6.9259,-9.0068,-10.025,-13.158,-16.146
-8.9773,-10.735,-9.1412,8.2448,3.5045,-9.3442,6.4064,-5.2266,-7.4571,-8.4846,-11.851,-15.131
-9.1444,-10.225,-7.7572,7.9305,2.0648,-8.6933,7.4695,-3.5802,-5.9487,-6.9172,-10.495,-14.031
-9.4645,-9.6575,-6.2367,7.6308,0.27295,-7.9969,8.6394,-2.0163,-4.5172,-5.3724,-9.1273,-12.85
-9.6905,-9.0293,-4.9104,7.2801,-1.3778,-7.3378,9.8906,-0.53262,-3.1736,-3.8887,-7.7869,-11.633
-9.6086,-8.3469,-4.0534,6.8257,-2.4209,-6.7904,11.189,0.89202,-1.9056,-2.4835,-6.5032,-10.444
-9.0997,-7.6236,-3.8086,6.2414,-2.5624,-6.3991,12.5,2.2785,-0.68677,-1.1546,-5.2842,-9.3358
-8.1696,-6.8749,-4.1578,5.5342,-1.7648,-6.1651,13.797,3.6319,0.50695,0.10805,-4.1206,-8.3301
-6.9397,-6.1184,-4.9444,4.7435,-0.24899,-6.0506,15.054,4.9364,1.6811,1.3074,-2.9986,-7.4213
-5.6036,-5.3748,-5.9328,3.9286,1.5968,-5.9963,16.242,6.1623,2.8145,2.4295,-1.9129,-6.5911
-4.3591,-4.6647,-6.8804,3.1491,3.3642,-5.9427,17.32,7.2785,3.8664,3.4472,-0.87243,-5.8218
-3.3398,-4.0015,-7.5997,2.4434,4.7478,-5.8454,18.24,8.2641,4.7947,4.3365,0.10414,-5.1017
-2.5811,-3.3857,-7.9952,1.8157,5.5937,-5.68,18.959,9.1147,5.5798,5.0965,1.0017,-4.4218
-2.0364,-2.8049,-8.0654,1.2429,5.8944,-5.4379,19.447,9.8448,6.2386,5.7617,1.8241,-3.7691
-1.619,-2.242,-7.8794,0.69502,5.7693,-5.1212,19.707,10.482,6.8185,6.3956,2.5997,-3.1222
-1.2397,-1.6856,-7.5427,0.1546,5.4238,-4.741,19.769,11.052,7.3708,7.0632,3.3714,-2.4566
-0.82876,-1.1361,-7.1686,-0.37852,5.0842,-4.3193,19.681,11.564,7.9176,7.7976,4.1746,-1.7583
-0.34714,-0.60353,-6.8551,-0.89559,4.9285,-3.8872,19.486,12.001,8.4349,8.5772,5.0167,-1.0345
0.20617,-0.10001,-6.662,-1.3879,5.0338,-3.4773,19.207,12.332,8.8661,9.3299,5.8705,-0.31418
0.78622,0.36589,-6.5902,-1.8457,5.3526,-3.1109,18.856,12.54,9.1596,9.9641,6.6844,0.36396
1.3041,0.78938,-6.5782,-2.2522,5.7276,-2.7905,18.433,12.637,9.305,10.411,7.4073,0.97082
1.6519,1.167,-6.5256,-2.5813,5.948,-2.503,17.944,12.669,9.3407,10.655,8.0124,1.5021
1.7468,1.4942,-6.3411,-2.8073,5.8332,-2.233,17.399,12.683,9.3301,10.727,8.5055,1.9806
1.5747,1.7655,-5.993,-2.9191,5.3207,-1.9768,16.825,12.708,9.3246,10.677,8.911,2.4418
1.2117,1.9768,-5.5307,-2.9349,4.5116,-1.7481,16.254,12.733,9.3394,10.544,9.2459,2.9143
0.81251,2.1302,-5.0667,-2.9068,3.6386,-1.5703,15.716,12.722,9.3503,10.344,9.5037,3.4051
0.56349,2.2358,-4.73,-2.9093,2.9738,-1.466,15.223,12.627,9.3093,10.073,9.6549,3.8952
0.61609,2.3081,-4.6184,-3.014,2.7291,-1.4482,14.757,12.418,9.1677,9.7251,9.6616,4.347
1.0332,2.3587,-4.767,-3.2607,2.9904,-1.5178,14.276,12.093,8.8946,9.3018,9.498,4.718
1.7709,2.3925,-5.1399,-3.6398,3.7006,-1.6617,13.736,11.672,8.4905,8.8134,9.1666,4.9841
2.6916,2.412,-5.6434,-4.0937,4.6819,-1.8524,13.114,11.191,7.9884,8.2805,8.7043,5.159
3.5934,2.4224,-6.1581,-4.5319,5.6959,-2.0502,12.431,10.687,7.4424,7.7285,8.1732,5.2984
4.2647,2.4315,-6.5855,-4.8598,6.5365,-2.2168,11.732,10.185,6.9049,7.1774,7.6367,5.4774
4.5859,2.444,-6.8996,-5.0148,7.1248,-2.3349,11.066,9.6888,6.401,6.6275,7.1315,5.7518
4.6317,2.4586,-7.1833,-4.9993,7.5681,-2.4201,10.452,9.1784,5.9138,6.0486,6.6498,6.1203
4.6347,2.4697,-7.6034,-4.8798,8.1277,-2.5092,9.8591,8.6152,5.3897,5.386,6.1414,6.5116
4.813,2.4724,-8.2855,-4.7462,9.0345,-2.6286,9.2172,7.9557,4.7659,4.5832,5.5389,6.8057
5.228,2.464,-9.1858,-4.6623,10.268,-2.7681,8.4442,7.1703,4.0027,3.6097,4.792,6.8862
5.7579,2.442,-10.08,-4.6379,11.535,-2.8815,7.4758,6.2509,3.1014,2.4756,3.8937,6.6992
6.1466,2.4047,-10.624,-4.6307,12.355,-2.9022,6.2835,5.2041,2.096,1.226,2.8837,6.2837
6.106,2.3543,-10.439,-4.5713,12.192,-2.7566,4.8759,4.0361,1.0289,-0.07541,1.8327,5.7514
5.4388,2.2978,-9.2511,-4.3931,10.618,-2.3865,3.2882,2.7452,-0.070947,-1.3664,0.81711,5.2338
4.1133,2.242,-7.065,-4.0575,7.5064,-1.7861,1.5614,1.3253,-1.197,-2.6004,-0.10293,4.8312
2.2861,2.1888,-4.2301,-3.5723,3.3117,-1.0273,-0.27676,-0.2204,-2.3573,-3.7564,-0.89743,4.5844
0.29679,2.1355,-1.3524,-3.0021,-0.96734,-0.25182,-2.2339,-1.8717,-3.5593,-4.8401,-1.572,4.4693
-1.3966,2.0766,0.90069,-2.4562,-4.2378,0.36663,-4.36,-3.5919,-4.7945,-5.8773,-2.1629,4.4118
-2.3595,2.0042,2.008,-2.0478,-5.7171,0.67766,-6.7321,-5.3365,-6.0377,-6.8998,-2.7203,4.3192
-2.3523,1.9072,1.735,-1.8447,-5.1067,0.60627,-9.4154,-7.0621,-7.2518,-7.9365,-3.2839,4.1215
-1.4331,1.7737,0.19974,-1.8386,-2.6871,0.18092,-12.413,-8.7316,-8.3993,-9.0003,-3.8659,3.8066
0.063964,1.5987,-2.1521,-1.9493,0.77173,-0.47471,-15.612,-10.312,-9.452,-10.079,-4.4436,3.4337
1.6608,1.3905,-4.6676,-2.0573,4.2986,-1.1796,-18.77,-11.774,-10.396,-11.136,-4.97,3.1065
2.895,1.1695,-6.6751,-2.052,7.0326,-1.7475,-21.589,-13.092,-11.234,-12.125,-5.4009,2.9235
3.4531,0.95989,-7.6791,-1.8765,8.4287,-2.041,-23.849,-14.256,-11.987,-13.012,-5.724,2.9271
3.253,0.78099,-7.5068,-1.5478,8.3227,-2.0107,-25.492,-15.272,-12.69,-13.802,-5.9734,3.0839
2.4432,0.64255,-6.3388,-1.1389,6.9304,-1.6996,-26.602,-16.154,-13.375,-14.521,-6.2164,3.3032
1.3132,0.54338,-4.5729,-0.73413,4.7584,-1.2139,-27.336,-16.917,-14.054,-15.202,-6.5206,3.4844
0.1663,0.47097,-2.6439,-0.38636,2.4302,-0.68281,-27.832,-17.563,-14.707,-15.847,-6.9211,3.5641
-0.80309,0.40417,-0.93562,-0.09692,0.46148,-0.21964,-28.123,-18.081,-15.282,-16.424,-7.4041,3.538
-1.5543,0.32194,0.30712,0.17485,-0.92095,0.11085,-28.144,-18.454,-15.727,-16.878,-7.9128,3.4526
-2.1535,0.21503,1.0581,0.48345,-1.7618,0.30987,-27.822,-18.67,-16.002,-17.158,-8.372,3.3776
-2.7086,0.091729,1.4684,0.86896,-2.2522,0.43384,-27.153,-18.724,-16.104,-17.241,-8.7196,3.3751
-3.3187,-0.027258,1.7586,1.3404,-2.6144,0.56149,-26.196,-18.629,-16.06,-17.152,-8.9322,3.4725
-4.0331,-0.11895,2.1362,1.8729,-3.0263,0.75989,-25.026,-18.408,-15.915,-16.949,-9.0319,3.6545
-4.8295,-0.16508,2.7371,2.4135,-3.5648,1.064,-23.712,-18.092,-15.71,-16.708,-9.0735,3.8719
-5.6218,-0.15483,3.5817,2.8953,-4.1981,1.4715,-22.319,-17.711,-15.476,-16.489,-9.1198,4.0639
-6.2918,-0.087446,4.5793,3.2583,-4.8377,1.951,-20.912,-17.288,-15.233,-16.316,-9.2159,4.1828
-6.7428,0.024825,5.5854,3.4718,-5.3896,2.4544,-19.554,-16.84,-15.001,-16.186,-9.3766,4.2102
-6.9586,0.15827,6.4748,3.5455,-5.8201,2.9303,-18.29,-16.38,-14.794,-16.08,-9.583,4.1599
-7.0142,0.28676,7.1998,3.5215,-6.2058,3.3381,-17.141,-15.921,-14.624,-15.976,-9.8014,4.0646
-7.0309,0.39355,7.8034,3.4528,-6.6887,3.6598,-16.101,-15.467,-14.484,-15.858,-9.9935,3.9622
-7.1099,0.47677,8.374,3.3805,-7.3729,3.9022,-15.147,-15.006,-14.339,-15.72,-10.131,3.8828
-7.2818,0.54487,8.9584,3.3218,-8.2441,4.082,-14.248,-14.514,-14.131,-15.555,-10.202,3.8406
-7.4912,0.60822,9.5025,3.2685,-9.1427,4.2081,-13.366,-13.948,-13.798,-15.349,-10.204,3.8394
-7.6212,0.67433,9.8657,3.1938,-9.8104,4.2729,-12.459,-13.264,-13.293,-15.08,-10.136,3.8826
-7.5381,0.74693,9.884,3.064,-9.9932,4.2532,-11.495,-12.425,-12.604,-14.713,-9.99,3.978
-7.1326,0.82459,9.4337,2.8501,-9.5261,4.1188,-10.454,-11.422,-11.751,-14.227,-9.7575,4.1366
-6.3519,0.89848,8.4688,2.5386,-8.3553,3.8431,-9.3382,-10.271,-10.78,-13.626,-9.4369,4.3586
-5.2252,0.95325,7.0367,2.1397,-6.5491,3.4182,-8.1671,-9.0132,-9.7486,-12.943,-9.0431,4.6261
-3.875,0.97356,5.2785,1.6895,-4.3177,2.868,-6.9606,-7.6944,-8.7092,-12.229,-8.6037,4.908
-2.4985,0.95278,3.4175,1.2462,-1.9987,2.2547,-5.7279,-6.3524,-7.6982,-11.531,-8.1473,5.1761
-1.3224,0.89668,1.7293,0.87485,0.010532,1.6688,-4.4628,-5.008,-6.7337,-10.884,-7.6918,5.4191
-0.544,0.81914,0.48134,0.62928,1.3509,1.2063,-3.1549,-3.6684,-5.8148,-10.29,-7.2452,5.6426
-0.27248,0.73548,-0.13918,0.53376,1.805,0.93901,-1.8061,-2.3399,-4.9357,-9.7328,-6.8055,5.8582
-0.48707,0.66047,-0.082293,0.5717,1.3736,0.89334,-0.44184,-1.0343,-4.097,-9.1919,-6.3762,6.0657
-1.0386,0.6059,0.54599,0.68814,0.27942,1.0439,0.89346,0.22942,-3.3128,-8.6588,-5.9712,6.2443
-1.7041,0.58155,1.5186,0.80935,-1.1149,1.3261,2.1511,1.4306,-2.6052,-8.1405,-5.611,6.3587
-2.2759,0.59477,2.5691,0.87244,-2.4461,1.6599,3.2945,2.5556,-1.9894,-7.6545,-5.3098,6.3739
-2.6382,0.6504,3.4799,0.84642,-3.4776,1.978,4.3104,3.6038,-1.4573,-7.2047,-5.0628,6.2714
-2.7898,0.75015,4.1388,0.74002,-4.1399,2.2456,5.2089,4.5857,-0.98397,-6.7734,-4.8442,6.058
-2.8122,0.89197,4.5442,0.59071,-4.491,2.4626,6.011,5.5152,-0.53233,-6.3246,-4.6119,5.7652
-2.8135,1.0712,4.7676,0.44548,-4.6546,2.6519,6.7316,6.4008,-0.077044,-5.8224,-4.3284,5.4349
-2.8706,1.2838,4.8936,0.33576,-4.7495,2.8404,7.3706,7.2406,0.38034,-5.2538,-3.9798,5.1017
-2.9877,1.5274,4.9695,0.26082,-4.8202,3.0424,7.9165,8.0212,0.81006,-4.6432,-3.5855,4.7809
-3.0877,1.8032,4.9867,0.18339,-4.8108,3.2539,8.3587,8.7189,1.167,-4.0485,-3.1918,4.4616
-3.0429,2.1086,4.8987,0.047254,-4.6058,3.4575,8.6978,9.3045,1.4111,-3.5357,-2.8537,4.112
-2.7384,2.4327,4.6601,-0.19404,-4.1051,3.6328,8.9496,9.7568,1.5256,-3.1634,-2.6137,3.6974
-2.1307,2.7527,4.2679,-0.55237,-3.2925,3.7677,9.1413,10.077,1.5281,-2.9519,-2.4863,3.1975
-1.2741,3.0412,3.7855,-0.99886,-2.2672,3.8631,9.3015,10.291,1.4586,-2.8814,-2.4549,2.6216
-0.3032,3.2739,3.3317,-1.4772,-1.2231,3.9312,9.4485,10.433,1.3661,-2.9001,-2.4797,2.0072
0.6143,3.4367,3.0366,-1.9239,-0.38951,3.9873,9.5811,10.521,1.2915,-2.9416,-2.5141,1.4055
1.3285,3.5236,2.9873,-2.286,0.045247,4.0392,9.6802,10.557,1.2583,-2.9459,-2.5207,0.86453
1.7427,3.5316,3.1866,-2.5281,-0.0019495,4.0761,9.7181,10.534,1.2709,-2.8733,-2.4826,0.41452
1.828,3.455,3.5417,-2.6306,-0.48303,4.0636,9.6721,10.446,1.3177,-2.7217,-2.4052,0.060971
1.6182,3.2832,3.8926,-2.583,-1.2403,3.952,9.5334,10.299,1.3771,-2.5193,-2.3154,-0.2158
1.1919,3.0015,4.067,-2.3795,-2.0552,3.6937,9.3104,10.105,1.4255,-2.3093,-2.2448,-0.45093
0.65069,2.6012,3.9319,-2.0212,-2.6988,3.2637,9.0256,9.8737,1.4459,-2.129,-2.2144,-0.67723
0.10424,2.0877,3.4225,-1.5258,-2.9755,2.669,8.7061,9.6116,1.4316,-1.9958,-2.2257,-0.90954
-0.33403,1.4867,2.5456,-0.93954,-2.7623,1.9463,8.3712,9.3126,1.3815,-1.9081,-2.2639,-1.1413
-0.56012,0.84211,1.3696,-0.33431,-2.0369,1.1503,8.022,8.9593,1.2909,-1.8585,-2.3118,-1.3548
-0.51615,0.20496,0.013628,0.21183,-0.88538,0.34166,7.6414,8.5293,1.1445,-1.8492,-2.3622,-1.5366
-0.22791,-0.38247,-1.3637,0.64441,0.50598,-0.42016,7.2009,8.0085,0.91915,-1.8985,-2.4243,-1.6905
0.18761,-0.89959,-2.5796,0.95001,1.8651,-1.0826,6.6709,7.3986,0.59076,-2.0373,-2.5213,-1.8393
0.55449,-1.3501,-3.4499,1.1566,2.8718,-1.6073,6.0275,6.7146,0.14288,-2.2957,-2.6819,-2.017
0.69747,-1.7519,-3.8219,1.3162,3.2399,-1.9752,5.2584,5.9759,-0.42708,-2.688,-2.9272,-2.2516
0.50508,-2.1244,-3.618,1.4813,2.8093,-2.1886,4.3687,5.2025,-1.104,-3.1997,-3.2577,-2.5499
-0.025347,-2.4752,-2.8811,1.6805,1.6144,-2.2685,3.3855,4.4159,-1.8544,-3.7855,-3.6458,-2.8895
-0.77673,-2.7965,-1.7956,1.9056,-0.086676,-2.2507,2.3548,3.6391,-2.6302,-4.3817,-4.0418,-3.2269
-1.5409,-3.0679,-0.65666,2.114,-1.8483,-2.1829,1.3279,2.8907,-3.3799,-4.9281,-4.3928,-3.52
-2.0741,-3.2687,0.20735,2.2446,-3.1583,-2.1226,0.34049,2.1757,-4.0627,-5.3923,-4.6683,-3.7514
-2.1623,-3.3902,0.5243,2.2422,-3.5921,-2.131,-0.60326,1.4808,-4.6614,-5.7839,-4.876,-3.9391
-1.6881,-3.4473,0.14558,2.0819,-2.9346,-2.2623,-1.5313,0.77775,-5.1856,-6.1491,-5.0582,-4.127
-0.68457,-3.4796,-0.92064,1.7855,-1.2525,-2.5496,-2.4878,0.033831,-5.6651,-6.5499,-5.2689,-4.3629
0.66079,-3.5383,-2.5081,1.4209,1.1209,-2.9912,-3.5105,-0.7768,-6.1342,-7.0339,-5.5467,-4.6759
2.0618,-3.6627,-4.3233,1.0796,3.6876,-3.5425,-4.6114,-1.6624,-6.6155,-7.6107,-5.8949,-5.0614
3.2212,-3.8611,-6.0111,0.84328,5.9179,-4.1235,-5.769,-2.6074,-7.1104,-8.246,-6.2786,-5.4794
3.9161,-4.1111,-7.2508,0.75694,7.3728,-4.6452,-6.9394,-3.5756,-7.6013,-8.8783,-6.6417,-5.8708
4.0564,-4.3781,-7.8563,0.81982,7.8057,-5.045,-8.0811,-4.5241,-8.0644,-9.4506,-6.9357,-6.1868
3.7001,-4.6384,-7.8314,0.99576,7.2257,-5.3104,-9.1771,-5.418,-8.4818,-9.9339,-7.142,-6.4149
3.0204,-4.8898,-7.3485,1.2356,5.8983,-5.4748,-10.242,-6.2362,-8.8454,-10.33,-7.2731,-6.5838
2.2415,-5.1482,-6.6718,1.4972,4.2649,-5.5948,-11.308,-6.9682,-9.1534,-10.654,-7.3572,-6.7435
1.5735,-5.431,-6.0754,1.7515,2.8146,-5.724,-12.41,-7.6115,-9.4058,-10.92,-7.4186,-6.9363
1.172,-5.7399,-5.7736,1.9754,1.945,-5.8967,-13.561,-8.1719,-9.605,-11.129,-7.4684,-7.1746
1.1133,-6.0539,-5.8661,2.149,1.8479,-6.1195,-14.746,-8.6616,-9.7561,-11.272,-7.504,-7.435
1.367,-6.3367,-6.3158,2.2649,2.4649,-6.3699,-15.92,-9.0893,-9.8629,-11.336,-7.5114,-7.6666
1.7908,-6.5543,-6.9695,2.3428,3.5261,-6.6011,-17.006,-9.4489,-9.9208,-11.306,-7.4693,-7.8101
2.1774,-6.69,-7.6087,2.4304,4.6521,-6.7561,-17.91,-9.7206,-9.9161,-11.178,-7.3586,-7.8212
2.3308,-6.7474,-8.0248,2.5823,5.4847,-6.7896,-18.559,-9.8865,-9.8384,-10.959,-7.176,-7.6924
2.1391,-6.7432,-8.092,2.8259,5.8004,-6.6882,-18.925,-9.9507,-9.6962,-10.679,-6.9445,-7.4614
1.6123,-6.6969,-7.7954,3.1403,5.5607,-6.4744,-19.042,-9.9466,-9.5231,-10.38,-6.7091,-7.1985
0.86468,-6.6234,-7.2028,3.467,4.8706,-6.1886,-18.982,-9.923,-9.3647,-10.105,-6.5157,-6.9748
0.047499,-6.5296,-6.4063,3.7434,3.8828,-5.8622,-18.82,-9.9206,-9.2574,-9.879,-6.3888,-6.8288
-0.72129,-6.4158,-5.4728,3.9332,2.7235,-5.5011,-18.6,-9.9538,-9.2134,-9.6987,-6.3216,-6.7528
-1.3863,-6.2791,-4.432,4.0344,1.4745,-5.0899,-18.329,-10.01,-9.221,-9.5414,-6.2862,-6.7078
-1.9397,-6.1196,-3.3034,4.068,0.19853,-4.6144,-17.975,-10.061,-9.2547,-9.3807,-6.2554,-6.6572
-2.3903,-5.9443,-2.1354,4.0613,-1.0291,-4.0862,-17.503,-10.081,-9.2873,-9.2021,-6.2196,-6.5942
-2.7424,-5.7669,-1.0211,4.036,-2.1117,-3.5505,-16.897,-10.051,-9.2943,-9.0041,-6.1853,-6.5421
-2.9869,-5.6003,-0.08432,4.0024,-2.9406,-3.0734,-16.181,-9.9583,-9.2534,-8.7884,-6.1602,-6.5305
-3.1057,-5.451,0.55075,3.9598,-3.4127,-2.7197,-15.404,-9.7945,-9.1451,-8.5499,-6.1372,-6.5697
-3.0822,-5.3207,0.79113,3.9004,-3.4551,-2.5364,-14.626,-9.5569,-8.9594,-8.278,-6.0924,-6.6415
-2.912,-5.213,0.59671,3.8174,-3.048,-2.5451,-13.897,-9.2567,-8.7046,-7.9678,-5.9979,-6.7122
-2.6111,-5.1411,-0.0089182,3.7132,-2.2384,-2.7427,-13.253,-8.9229,-8.4084,-7.63,-5.8389,-6.7554
-2.2219,-5.1282,-0.93606,3.607,-1.1406,-3.1021,-12.708,-8.596,-8.1104,-7.2909,-5.6239,-6.7677
-1.8121,-5.1995,-2.0364,3.532,0.07449,-3.5729,-12.25,-8.3131,-7.8455,-6.9812,-5.3797,-6.7683
-1.4557,-5.3678,-3.1265,3.5198,1.2078,-4.0854,-11.847,-8.0927,-7.6312,-6.7208,-5.1376,-6.7885
-1.1991,-5.6216,-4.0317,3.5772,2.0858,-4.5644,-11.45,-7.9314,-7.465,-6.5128,-4.9209,-6.8599
-1.0352,-5.925,-4.6368,3.6741,2.6174,-4.9516,-11.012,-7.8149,-7.3364,-6.3497,-4.7406,-7.0091
-0.91368,-6.2321,-4.9178,3.7558,2.8126,-5.2251,-10.508,-7.7326,-7.2409,-6.2247,-4.5981,-7.2531
-0.78529,-6.5077,-4.9323,3.7767,2.7445,-5.4022,-9.9337,-7.6828,-7.1851,-6.1364,-4.4871,-7.5928
-0.65169,-6.7397,-4.7806,3.7338,2.4955,-5.5233,-9.2921,-7.6656,-7.1768,-6.0844,-4.3946,-8.0091
-0.58076,-6.9393,-4.5647,3.6749,2.1274,-5.6293,-8.5875,-7.6747,-7.2131,-6.0642,-4.3041,-8.467
-0.66939,-7.1304,-4.3669,3.6756,1.6897,-5.7489,-7.8218,-7.6991,-7.2767,-6.0676,-4.2027,-8.9321
-0.97716,-7.3366,-4.2472,3.7981,1.2418,-5.8988,-7.0018,-7.7305,-7.342,-6.0878,-4.088,-9.3875
-1.4785,-7.5689,-4.2525,4.0585,0.86661,-6.0883,-6.1449,-7.77,-7.3841,-6.1197,-3.9675,-9.8389
-2.0604,-7.8206,-4.4213,4.4191,0.66617,-6.3184,-5.278,-7.8254,-7.3828,-6.154,-3.8502,-10.302
-2.5619,-8.0683,-4.7681,4.8048,0.73313,-6.5739,-4.431,-7.9057,-7.3255,-6.1738,-3.7379,-10.786
-2.8366,-8.2808,-5.258,5.1333,1.1022,-6.8203,-3.6289,-8.0184,-7.2118,-6.159,-3.6246,-11.288
-2.8137,-8.4306,-5.7969,5.3456,1.7134,-7.0088,-2.8841,-8.1684,-7.055,-6.0972,-3.502,-11.798
-2.5324,-8.5032,-6.2454,5.4264,2.4088,-7.0905,-2.1897,-8.3538,-6.8753,-5.9887,-3.3636,-12.311
-2.1326,-8.4997,-6.4558,5.4075,2.9693,-7.0299,-1.5181,-8.5577,-6.6855,-5.8419,-3.2036,-12.827
-1.8064,-8.4296,-6.3191,5.3525,3.1825,-6.8139,-0.82688,-8.7442,-6.4779,-5.6607,-3.0138,-13.335
-1.7275,-8.2987,-5.8094,5.3266,2.9222,-6.4559,-0.073928,-8.8649,-6.223,-5.4348,-2.781,-13.801
-1.9863,-8.0987,-5.0047,5.3655,2.208,-5.9929,0.76246,-8.8778,-5.8834,-5.139,-2.4898,-14.173
-2.5545,-7.8085,-4.0714,5.4563,1.2089,-5.4781,1.6686,-8.7665,-5.4354,-4.7451,-2.1258,-14.397
-3.2976,-7.4119,-3.2098,5.5478,0.177,-4.9704,2.5961,-8.553,-4.889,-4.2412,-1.6826,-14.446
-4.039,-6.92,-2.5722,5.5881,-0.65974,-4.5178,3.4814,-8.2946,-4.2955,-3.6486,-1.1696,-14.347
-4.6439,-6.3741,-2.1988,5.5579,-1.1913,-4.1382,4.2797,-8.0641,-3.7343,-3.025,-0.61933,-14.17
-5.0697,-5.8205,-1.9987,5.4706,-1.4662,-3.8048,4.9905,-7.9127,-3.279,-2.446,-0.086728,-14.006
-5.3536,-5.2819,-1.7722,5.3445,-1.6606,-3.4462,5.6656,-7.8283,-2.951,-1.9714,0.36595,-13.934
-5.5648,-4.7386,-1.269,5.1781,-1.9906,-2.9601,6.4036,-7.7124,-2.6867,-1.6111,0.69851,-13.981
-5.7592,-4.1213,-0.28712,4.9425,-2.6122,-2.2396,7.3215,-7.3892,-2.3358,-1.3,0.92568,-14.108
-5.9518,-3.3302,1.2308,4.5899,-3.5504,-1.2172,8.5097,-6.644,-1.6837,-0.88403,1.1392,-14.172
-6.1087,-2.27,3.1741,4.0717,-4.6765,0.10296,9.9948,-5.2783,-0.47469,-0.11406,1.5156,-13.919
-6.1577,-0.88382,5.3734,3.3546,-5.7487,1.6583,11.691,-3.216,1.5947,1.3575,2.3242,-13.023
-6.0122,0.83418,7.8924,2.4302,-6.4919,3.3984,13.268,-1.3143,4.8244,4.0265,3.9911,-11.204
-5.6005,2.8108,11.119,1.3076,-6.6393,5.2125,14.073,-4.8088,4.2352,8.3999,7.4457,-8.4456
-4.9038,3.6867,14.117,-0.010484,-6.0528,5.46,14.009,-6.6995,-1.6189,3.6344,10.588,-5.7689
-3.9931,-0.27753,14.877,-1.0541,-4.9981,2.3687,13.689,-8.4667,-3.4703,0.35218,4.3611,-11.078
-2.9611,-3.5943,14.589,0.98321,-4.0808,-0.39964,13.461,-9.7394,-5.5206,-1.0833,1.8705,-15.017
-1.9534,-4.678,15.367,2.5765,-3.9892,-1.2782,14.493,-8.4901,-5.1957,-1.9693,-1.2186,-19.256
-4.3333,-3.4652,17.838,2.8982,-5.0859,0.80952,18.057,-2.6661,0.59611,-0.09134,-3.2697,-22.809
-7.518,1.4389,22.567,1.6844,-11.782,6.957,24.973,9.954,13.305,6.9164,-1.6138,-22.382
-10.759,11.602,30.867,-2.0783,-21.625,17.779,37.93,31.716,34.533,21.157,7.2562,-15.099
-12.441,28.234,42.444,-9.404,-31.967,34.309,53.86,61.536,65.791,45.019,26.838,1.6884
-9.8799,51.351,55.106,-21.234,-40.524,56.505,68.976,97.601,108.78,82.555,59.912,29.876
-0.46494,78.08,69.624,-37.992,-43.274,79.305,79.951,136.54,164.83,141.3,110.42,69.88
17.092,104.26,86.607,-59.119,-38.088,97.073,84.049,172.97,226.79,225.76,190.14,121.16
43.14,128.45,88.324,-83.599,-23.832,108.55,79.496,203.69,291.31,323.6,291.87,183.84
77.129,151.38,76.728,-111.5,-0.73394,114.9,65.456,225.11,355.96,439.16,412.67,258.44
117.62,174.23,57.93,-143.56,29.5,117.98,41.504,233.64,415.77,571.43,553.36,344.58
162.62,199.24,36.828,-179.99,63.103,120.16,7.7017,226.71,465.06,718.1,712.81,440.86
209.23,229.72,19.411,-220.3,94.969,125.81,-34.161,203.29,500.67,874.06,887.56,546.16
253.59,268.46,12.143,-263.22,119.83,140.61,-80.822,163.72,519.75,1029.4,1068.2,656.83
290.99,315.7,21.699,-306.3,132.81,168.55,-128.31,109.63,518.46,1169.3,1238.6,765.37
316.25,368.25,50.626,-345.54,130.51,209.03,-172.7,43.508,493.35,1274.6,1376.6,860.3
325,419.13,94.937,-375.5,112.24,256.74,-211.88,-32.384,442.28,1325.1,1457.1,927.32
315.2,458.78,146.08,-390.31,81.141,302.75,-246.3,-116.74,363.17,1302.5,1457.7,951.87
287.5,477.45,193.27,-385.1,43.724,336.49,-277.54,-209.72,252.98,1194.8,1363.9,922.64
244.7,467.84,225.78,-357.61,7.1671,348.81,-306.81,-312.38,110.39,1000.8,1174.7,835.06
190.97,427.24,236.45,-308.99,-23.671,334.63,-335.47,-424.95,-61.392,731.67,904.33,693.66
131.57,358.3,223.3,-243.67,-46.018,293.92,-365.21,-545.18,-253.88,410.57,581.38,512.31
71.892,268.62,189.31,-168.36,-58.348,231.8,-396.6,-666.99,-453.18,70.158,243.87,312.01
16.398,169.18,141.66,-90.751,-61.603,157.37,-427.91,-780.03,-640.78,-252.11,-67.947,116.79
-31.621,71.889,89.671,-18.259,-58.919,81.525,-455.07,-871.01,-796.03,-520.23,-319.71,-51.423
-69.825,-12.897,41.976,43.01,-53.467,14.277,-472.74,-926.94,-900.79,-707.06,-490.15,-177.41
-97.057,-78.153,4.3016,88.845,-46.821,-37.573,-476.18,-939.29,-944.54,-801.41,-574.99,-255.23
-113.25,-120.91,-21.434,117.52,-39.421,-71.558,-463.33,-907.11,-927.43,-810.14,-585.55,-287.9
-117.85,-141.74,-36.092,129.84,-30.66,-88.958,-435.74,-837.26,-859.55,-753.28,-542.57,-284.62
-111.79,-143.84,-42.373,128.17,-22.748,-93.082,-397.67,-741.8,-757.07,-656.25,-468.66,-257.8
-97.846,-132.53,-43.981,115.85,-14.886,-88.053,-353.81,-633.82,-637.92,-542.75,-383.31,-219.57
-79.413,-113.75,-43.47,96.917,-7.1067,-78.059,-307.68,-524.11,-516.88,-430.28,-300.65,-178.34
-58.926,-92.238,-41.68,75.406,-1.8016,-66.255,-261.2,-420.08,-403.35,-329.05,-228.72,-139.14
-38.473,-71,-39.315,54.525,1.6206,-54.458,-215.39,-326.49,-302.98,-243.5,-169.95,-105.03
-21.798,-52.024,-29.098,36.334,3.4739,-43.626,-171.51,-246.21,-219.55,-175.06,-123.73,-77.497
-10.68,-36.701,-21.094,22.091,4.6279,-34.105,-131.44,-180.89,-155.18,-123.51,-89.241,-56.576
-4.5648,-26.015,-19.923,13.004,5.6109,-26.635,-97.535,-130.76,-109.05,-86.651,-64.25,-41.849
-2.0584,-20.224,-19.057,7.679,6.2261,-22.45,-70.89,-94.257,-76.959,-60.407,-45.217,-29.588
-1.5669,-15.469,-18.044,4.7616,6.3672,-19.525,-50.717,-69.149,-55.251,-43.066,-31.695,-20.37
-2.8566,-11.424,-16.93,3.475,6.0694,-16.411,-36.165,-52.901,-41.34,-32.968,-23.83,-13.241
-5.2428,-9.2326,-15.751,3.7708,5.3877,-13.897,-26.171,-43.233,-32.537,-27.439,-19.561,-8.0664
-5.5809,-11.319,-14.519,7.5528,4.3611,-13.012,-19.75,-37.905,-26.41,-23.911,-17.002,-5.9368
-5.277,-14.295,-13.24,9.1537,3.0463,-12.643,-15.638,-34.728,-21.584,-21.05,-14.519,-7.6001
-5.4422,-13.645,-11.947,8.272,1.5627,-11.933,-13.02,-32.942,-18.069,-18.607,-14.777,-7.3784
-5.9687,-12.343,-10.713,7.5259,0.10269,-11.096,-11.485,-31.732,-16.405,-18.81,-14.312,-5.1192
-6.545,-11.236,-9.6406,7.0687,-1.1025,-10.315,-11.166,-30.851,-17.919,-16.076,-11.386,-3.4154
-6.9034,-10.344,-8.8235,6.7201,-1.8489,-9.6343,-14.11,-30.006,-15.19,-12.598,-9.1326,-2.3636
-6.8801,-9.5703,-8.306,6.3261,-2.0258,-9.036,-11.908,-26.889,-11.665,-10.129,-7.6353,-1.7596
-6.4384,-8.8286,-8.0652,5.8044,-1.6507,-8.4871,-9.0596,-23.613,-9.119,-8.3725,-6.6053,-1.4217
-5.6599,-8.0707,-8.0261,5.1423,-0.85729,-7.9577,-6.9424,-21.01,-7.1794,-6.9817,-5.8031,-1.2054
-4.7018,-7.2842,-8.0914,4.3783,0.14898,-7.4332,-5.2944,-18.876,-5.5464,-5.7312,-5.0749,-1.0084
-3.743,-6.4844,-8.1716,3.5785,1.1486,-6.9165,-3.9289,-17.044,-4.0836,-4.5207,-4.3516,-0.77779
-2.9352,-5.7034,-8.2034,2.8152,1.9594,-6.4245,-2.7281,-15.433,-2.7566,-3.3458,-3.634,-0.50505
-2.3707,-4.9767,-8.1574,2.1472,2.4699,-5.9776,-1.6003,-13.996,-1.571,-2.2531,-2.9631,-0.20703
-2.0694,-4.3275,-8.0344,1.6034,2.6511,-5.5868,-0.46855,-12.685,-0.52698,-1.2897,-2.3826,0.099405
-1.9873,-3.7535,-7.8521,1.178,2.5533,-5.2427,0.72876,-11.437,0.40404,-0.46438,-1.9044,0.41678
-2.0376,-3.2274,-7.6311,0.84195,2.2933,-4.9135,2.0333,-10.188,1.2781,0.26838,-1.4934,0.77232
-2.1171,-2.7123,-7.3935,0.56103,2.031,-4.5583,3.4586,-8.8957,2.1568,0.99121,-1.0793,1.2069
-2.1316,-2.1804,-7.1765,0.30945,1.9264,-4.1485,4.9863,-7.564,3.0791,1.7834,-0.59023,1.754
-2.0217,-1.6256,-7.0375,0.075061,2.077,-3.6821,6.5768,-6.2423,4.0434,2.6816,0.013555,2.4192
-1.784,-1.0631,-7.0169,-0.13814,2.4716,-3.1771,8.1882,-4.9981,5.0115,3.6651,0.72552,3.172
-1.4865,-0.51882,-7.0729,-0.30979,3.0027,-2.6495,9.794,-3.878,5.9315,4.6712,1.502,3.9529
-1.2757,-0.016664,-7.0554,-0.40857,3.4884,-2.0941,11.389,-2.8823,6.7653,5.6285,2.286,4.6943
-1.3508,0.43437,-6.7517,-0.40307,3.6402,-1.4818,12.985,-1.9679,7.5067,6.4916,3.0324,5.3477
-1.8949,0.84817,-5.9612,-0.27532,3.0925,-0.77094,14.591,-1.0717,8.1794,7.2612,3.7262,5.904
-2.9975,1.2618,-4.5472,-0.033852,1.5548,0.080742,16.211,-0.14123,8.818,7.9794,4.3868,6.3966
-4.606,1.7246,-2.4829,0.27803,-1.0304,1.102,17.818,0.84225,9.4431,8.6999,5.0533,6.8781
-6.5147,2.2777,0.091957,0.58538,-4.4088,2.2839,19.354,1.8588,10.044,9.4518,5.7566,7.3839
-8.4028,2.9343,2.8601,0.79814,-8.041,3.5585,20.731,2.8633,10.582,10.219,6.4935,7.9015
-9.9211,3.6701,5.4049,0.83587,-11.25,4.8041,21.865,3.8104,11.016,10.951,7.2242,8.3695
-10.797,4.4291,7.3424,0.65211,-13.448,5.8792,22.698,4.6777,11.333,11.601,7.8984,8.7102
-10.912,5.1407,8.4324,0.24871,-14.325,6.6691,23.216,5.4753,11.574,12.163,8.4953,8.8799
-10.309,5.7479,8.6265,-0.32808,-13.902,7.1226,23.436,6.2356,11.815,12.693,9.0493,8.9025
-9.158,6.2328,8.0464,-1.0119,-12.437,7.2628,23.395,6.9884,12.141,13.29,9.6469,8.8608
-7.6766,6.6241,6.9173,-1.7477,-10.301,7.167,23.131,7.7366,12.603,14.062,10.397,8.8595
-6.0719,6.9726,5.4899,-2.5063,-7.8702,6.9281,22.682,8.4461,13.199,15.083,11.391,8.9844
-4.4929,7.3138,3.9691,-3.2722,-5.4432,6.6174,22.074,9.052,13.864,16.345,12.657,9.2749
-3.0207,7.6417,2.4717,-4.0234,-3.2026,6.2649,21.323,9.4814,14.498,17.741,14.122,9.7115
-1.6921,7.9098,1.0236,-4.7226,-1.2141,5.8584,20.438,9.6847,15.003,19.084,15.612,10.221
-0.53288,8.0542,-0.40189,-5.3234,0.49043,5.3621,19.425,9.6541,15.33,20.187,16.913,10.7
0.43241,8.0279,-1.812,-5.7881,1.8536,4.7489,18.288,9.4183,15.5,20.962,17.882,11.061
1.1866,7.8277,-3.1423,-6.1083,2.8607,4.0307,17.031,9.0165,15.577,21.469,18.526,11.286
1.7174,7.4985,-4.2818,-6.3118,3.4877,3.2609,15.669,8.4754,15.64,21.878,18.99,11.44
2.0201,7.1143,-5.1349,-6.4481,3.658,2.514,14.23,7.8018,15.746,22.386,19.484,11.653
2.1129,6.7484,-5.6571,-6.5606,3.338,1.8615,12.763,6.9902,15.928,23.151,20.207,12.058
2.0444,6.4515,-5.8706,-6.6676,2.6335,1.3492,11.321,6.0387,16.205,24.255,21.304,12.76
1.8873,6.24,-5.8806,-6.7633,1.7952,0.97672,9.9483,4.9633,16.594,25.709,22.843,13.816
1.7362,6.0989,-5.8739,-6.8376,1.1436,0.69145,8.6641,3.8066,17.127,27.48,24.821,15.254
1.7127,5.9991,-6.0732,-6.8998,0.98088,0.41184,7.4684,2.6359,17.851,29.527,27.177,17.089
1.9391,5.9222,-6.6548,-6.9872,1.5094,0.072077,6.3485,1.528,18.82,31.839,29.827,19.344
2.4793,5.8792,-7.6677,-7.1524,2.7533,-0.33903,5.2887,0.54474,20.071,34.436,32.701,22.035
3.3003,5.9142,-8.9955,-7.4445,4.53,-0.76676,4.2767,-0.28681,21.592,37.315,35.75,25.146
4.2872,6.0945,-10.383,-7.9031,6.4996,-1.1088,3.3113,-0.97886,23.299,40.396,38.93,28.586
5.2919,6.496,-11.515,-8.5691,8.2577,-1.2515,2.4072,-1.5674,25.058,43.512,42.184,32.186
6.1869,7.1908,-12.113,-9.5004,9.4356,-1.1073,1.5937,-2.0859,26.743,46.471,45.435,35.753
6.9099,8.2422,-12.018,-10.779,9.7844,-0.64063,0.90715,-2.5419,28.314,49.145,48.614,39.148
7.4917,9.7088,-11.233,-12.493,9.239,0.12918,0.37774,-2.9073,29.844,51.518,51.692,42.328
8.0472,11.648,-9.921,-14.671,7.9478,1.144,0.013047,-3.1309,31.488,53.681,54.704,45.343
8.7123,14.098,-8.3465,-17.181,6.2518,2.3349,-0.21388,-3.1673,33.408,55.782,57.739,48.292
9.5547,17.033,-6.8,-19.755,4.5965,3.6506,-0.36186,-3.0053,35.688,57.964,60.903,51.273
10.554,20.345,-5.5173,-22.184,3.3908,5.0785,-0.50144,-2.6753,38.289,60.31,64.27,54.331
11.681,23.88,-4.6306,-24.459,2.8868,6.6525,-0.68581,-2.2302,41.068,62.827,67.865,57.441
12.971,27.513,-4.1578,-26.7,3.1484,8.4438,-0.92801,-1.7146,43.857,65.466,71.658,60.534
14.483,31.157,-4.0096,-29.026,4.0532,10.53,-1.1982,-1.1447,46.541,68.157,75.579,63.55
16.207,34.727,-3.9996,-31.456,5.3106,12.95,-1.4426,-0.51205,49.084,70.853,79.516,66.452
18.049,38.123,-3.884,-33.908,6.537,15.665,-1.6107,0.19664,51.492,73.55,83.348,69.229
19.88,41.264,-3.4493,-36.263,7.3652,18.568,-1.6736,0.98454,53.78,76.293,86.998,71.889
21.572,44.139,-2.5797,-38.445,7.5306,21.566,-1.6271,1.8479,55.958,79.171,90.493,74.465
23.016,46.837,-1.26,-40.436,6.9235,24.671,-1.4834,2.788,58.034,82.293,93.976,77.016
24.145,49.512,0.44717,-42.264,5.6262,27.956,-1.2657,3.8177,60.024,85.741,97.642,79.617
24.972,52.316,2.415,-43.985,3.9171,31.411,-1.006,4.9584,61.951,89.498,101.61,82.332
25.632,55.339,4.4875,-45.677,2.2078,34.889,-0.73956,6.2394,63.839,93.441,105.84,85.198
26.331,58.609,6.5539,-47.433,0.90792,38.258,-0.49088,7.7018,65.722,97.417,110.14,88.218
27.218,62.13,8.618,-49.336,0.27604,41.514,-0.25744,9.4044,67.657,101.34,114.34,91.393
28.282,65.886,10.826,-51.422,0.33701,44.729,-0.0092455,11.432,69.734,105.23,118.42,94.748
29.375,69.823,13.446,-53.647,0.89612,47.996,0.29164,13.896,72.07,109.22,122.5,98.342
30.323,73.88,16.713,-55.924,1.6275,51.421,0.66408,16.9,74.765,113.42,126.79,102.25
31.023,78.035,20.557,-58.192,2.2007,55.094,1.0917,20.439,77.843,117.89,131.41,106.49
31.508,82.294,24.684,-60.472,2.3876,59.034,1.5271,24.302,81.206,122.6,136.42,111
31.948,86.667,29.013,-62.85,2.0957,63.179,1.9123,28.148,84.666,127.44,141.67,115.64
32.571,91.143,33.577,-65.436,1.3262,67.432,2.2044,31.725,88.055,132.34,146.95,120.22
33.529,95.701,38.196,-68.31,0.12986,71.709,2.3894,34.967,91.304,137.23,152.1,124.63
34.826,100.31,42.64,-71.479,-1.406,75.949,2.4794,37.921,94.444,142.12,157.1,128.85
36.377,104.94,46.832,-74.867,-3.1679,80.117,2.4977,40.649,97.548,147.03,162.07,132.91
38.109,109.56,50.831,-78.337,-5.0216,84.208,2.4655,43.189,100.69,151.99,167.18,136.94
39.948,114.17,54.707,-81.715,-6.8089,88.264,2.396,45.554,103.9,157.06,172.56,141.05
41.772,118.77,58.437,-84.859,-8.355,92.345,2.2924,47.749,107.23,162.22,178.24,145.32
43.507,123.39,61.83,-87.75,-9.4611,96.441,2.1447,49.779,110.66,167.44,184.12,149.7
45.236,128,64.555,-90.487,-9.9034,100.4,1.9256,51.646,114.17,172.59,190.03,154.06
47.166,132.55,66.271,-93.217,-9.5041,104,1.5971,53.334,117.69,177.5,195.74,158.2
49.5,136.89,66.819,-96.073,-8.2372,107.01,1.1285,54.824,121.15,182.09,201.1,161.97
52.331,140.88,66.333,-99.139,-6.2682,109.36,0.51545,56.11,124.47,186.39,206.1,165.31
55.6,144.46,65.19,-102.4,-3.9154,111.08,-0.21422,57.221,127.63,190.52,210.81,168.3
59.101,147.67,63.887,-105.76,-1.5754,112.36,-1.0141,58.205,130.63,194.6,215.33,171.09
62.516,150.64,62.894,-109.07,0.3662,113.44,-1.8427,59.109,133.49,198.7,219.77,173.82
65.535,153.52,62.539,-112.24,1.6252,114.5,-2.6806,59.955,136.16,202.81,224.16,176.57
68.051,156.34,62.909,-115.3,2.0883,115.62,-3.5308,60.737,138.6,206.85,228.47,179.33
70.248,159.06,63.85,-118.31,1.8515,116.75,-4.4081,61.433,140.74,210.7,232.6,182.04
72.461,161.6,65.039,-121.25,1.2319,117.83,-5.3271,62.03,142.54,214.21,236.42,184.63
74.926,163.95,66.114,-124.01,0.68359,118.79,-6.2969,62.54,144.03,217.32,239.82,187.09
77.693,166.13,66.783,-126.48,0.62149,119.64,-7.3213,62.994,145.28,220.04,242.77,189.46
80.734,168.23,66.952,-128.68,1.2661,120.45,-8.3985,63.425,146.37,222.44,245.35,191.82
83.981,170.3,66.755,-130.75,2.5621,121.26,-9.5185,63.852,147.38,224.58,247.63,194.21
87.224,172.35,66.436,-132.76,4.1937,122.15,-10.659,64.275,148.33,226.52,249.69,196.62
90.062,174.33,66.234,-134.62,5.6906,123.11,-11.784,64.685,149.24,228.25,251.54,199.01
92.035,176.13,66.343,-136.15,6.5783,124.1,-12.855,65.07,150.1,229.75,253.16,201.26
92.828,177.64,66.893,-137.18,6.519,125.01,-13.844,65.411,150.85,230.99,254.52,203.29
92.416,178.77,67.899,-137.7,5.4266,125.76,-14.75,65.685,151.46,231.98,255.56,205.01
91.102,179.52,69.226,-137.82,3.5373,126.3,-15.598,65.865,151.88,232.73,256.3,206.39
89.379,179.92,70.599,-137.71,1.3604,126.61,-16.429,65.931,152.08,233.26,256.78,207.46
87.753,180.03,71.674,-137.58,-0.48929,126.72,-17.28,65.863,152.08,233.62,257.06,208.29
86.673,179.9,72.11,-137.58,-1.4869,126.64,-18.168,65.649,151.87,233.85,257.22,208.96
86.474,179.55,71.655,-137.76,-1.3535,126.35,-19.08,65.283,151.47,233.98,257.28,209.48
87.222,178.93,70.228,-137.99,-0.13984,125.8,-19.971,64.768,150.86,234.02,257.21,209.73
88.572,177.94,67.957,-138.04,1.7968,124.96,-20.773,64.12,150.04,233.9,256.91,209.5
89.89,176.47,65.191,-137.68,3.915,123.81,-21.414,63.36,148.91,233.39,256.21,208.47
90.498,174.44,62.411,-136.77,5.6598,122.33,-21.845,62.512,147.34,232.13,254.89,206.31
89.927,171.83,60.031,-135.19,6.6216,120.53,-22.056,61.59,145.18,229.74,252.75,202.87
88.089,168.65,58.205,-132.93,6.6479,118.4,-22.08,60.592,142.33,226.07,249.69,198.29
85.245,164.95,56.848,-129.98,5.8851,115.98,-21.973,59.493,138.77,221.16,245.67,192.84
81.844,160.71,55.769,-126.29,4.7309,113.27,-21.779,58.253,134.54,215.14,240.61,186.76
78.321,155.88,54.724,-121.78,3.6905,110.23,-21.501,56.837,129.72,208.12,234.45,180.15
74.85,150.46,53.42,-116.63,3.1805,106.8,-21.095,55.24,124.45,200.23,227.15,173.09
71.538,144.55,51.607,-111.42,3.3638,102.96,-20.495,53.489,118.94,191.68,218.91,165.63
68.66,138.38,49.276,-106.55,4.0995,98.793,-19.647,51.635,113.42,182.86,210.17,157.81
66.073,132.2,46.699,-101.87,5.0228,94.507,-18.541,49.714,108.06,174.21,201.41,149.62
63.243,126.13,44.237,-97.083,5.6809,90.339,-17.213,47.738,102.85,165.98,192.91,141.12
59.701,120.15,42.137,-92.025,5.6604,86.41,-15.733,45.696,97.649,158.03,184.56,132.36
55.206,114.13,40.462,-86.635,4.7041,82.644,-14.172,43.571,92.224,149.95,176.03,123.36
49.792,107.9,39.089,-80.938,2.7988,78.831,-12.58,41.348,86.367,141.3,166.91,114.12
43.733,101.39,37.764,-74.993,0.21135,74.758,-10.976,39.021,80.017,131.8,156.91,104.64
37.447,94.616,36.186,-68.859,-2.5638,70.281,-9.3632,36.584,73.311,121.43,145.96,94.978
31.392,87.611,34.096,-62.659,-4.9625,65.369,-7.7486,34.021,66.489,110.48,134.25,85.179
25.978,80.453,31.378,-56.602,-6.5388,60.125,-6.1508,31.301,59.723,99.451,122.16,75.3
21.427,73.304,28.147,-50.906,-7.0833,54.81,-4.6002,28.411,53.094,88.85,110.18,65.496
17.624,66.398,24.712,-45.699,-6.6461,49.745,-3.1336,25.381,46.656,79.024,98.716,56.111
14.112,59.959,21.4,-40.981,-5.4925,45.147,-1.7914,22.31,40.465,70.042,87.967,47.528
10.474,54.093,18.43,-36.641,-4.0209,41.036,-0.61457,19.323,34.522,61.754,77.925,39.897
7.11,48.752,15.874,-32.487,-2.6656,37.296,0.36209,16.516,28.747,53.909,68.439,33.03
4.7894,43.749,13.678,-28.257,-1.8012,33.754,1.1199,13.93,23.06,46.277,59.322,26.51
3.26,38.786,11.744,-23.616,-1.6501,30.201,1.6643,11.565,17.508,38.711,50.425,19.907
1.8391,33.519,10.025,-18.421,-2.2253,26.418,2.0237,9.3928,12.301,31.164,41.726,13.159
0.23601,27.774,8.5649,-13.404,-3.3621,22.319,2.2374,7.3567,7.6684,23.746,33.376,6.8889
-1.5068,21.97,7.4315,-9.5589,-4.7999,18.191,2.3424,5.3817,3.6841,16.825,25.618,1.7419
-3.2224,16.955,6.617,-6.8688,-6.2603,14.538,2.3667,3.3954,0.26034,10.876,18.666,-2.3539
-4.7385,13.074,5.9983,-4.8689,-7.4911,11.611,2.3311,1.3549,-2.7457,6.0785,12.739,-5.7889
-5.9291,10.081,5.3905,-3.2524,-8.2864,9.3107,2.2516,-0.73999,-5.4569,2.2522,8.018,-8.8206
-6.726,7.6401,4.6145,-1.8863,-8.5049,7.4127,2.1365,-2.8509,-7.9526,-0.89038,4.4479,-11.535
-7.1128,5.5466,3.5432,-0.72705,-8.0836,5.7261,1.9841,-4.9201,-10.272,-3.575,1.7564,-13.941
-7.126,3.7088,2.1212,0.24119,-7.0486,4.1307,1.7881,-6.8916,-12.422,-5.9358,-0.35261,-16.037
-6.8661,2.088,0.37351,1.049,-5.5297,2.5731,1.5518,-8.7236,-14.389,-8.0377,-2.0955,-17.827
-6.4925,0.65708,-1.5909,1.7537,-3.7483,1.0571,1.2977,-10.389,-16.15,-9.9041,-3.5982,-19.304
-6.1826,-0.61353,-3.5943,2.4216,-1.9759,-0.3729,1.0661,-11.872,-17.684,-11.544,-4.9188,-20.448
-6.0774,-1.7503,-5.4286,3.1034,-0.47385,-1.6547,0.90057,-13.168,-18.996,-12.977,-6.0831,-21.25
-6.2452,-2.7705,-6.9037,3.8184,0.5703,-2.7307,0.83382,-14.284,-20.118,-14.245,-7.1174,-21.734
-6.6762,-3.6833,-7.8863,4.5532,1.0814,-3.5629,0.87975,-15.229,-21.096,-15.406,-8.0659,-21.969
-7.2991,-4.4952,-8.3198,5.2732,1.087,-4.1393,1.0338,-16.017,-21.978,-16.513,-8.9854,-22.052
-8.0072,-5.2137,-8.2215,5.9374,0.67347,-4.4744,1.2767,-16.664,-22.791,-17.595,-9.9289,-22.08
-8.6934,-5.846,-7.6631,6.5122,-0.062575,-4.6038,1.5806,-17.197,-23.54,-18.659,-10.928,-22.125
-9.2964,-6.3976,-6.7435,6.9849,-1.0579,-4.5735,1.9173,-17.646,-24.22,-19.688,-11.984,-22.209
-9.8394,-6.8745,-5.5707,7.3741,-2.2979,-4.4289,2.2668,-18.039,-24.817,-20.658,-13.067,-22.307
-10.427,-7.2879,-4.2617,7.7315,-3.7704,-4.211,2.6252,-18.389,-25.323,-21.547,-14.131,-22.375
-11.189,-7.6571,-2.9441,8.1278,-5.4,-3.9616,3.0049,-18.686,-25.73,-22.342,-15.129,-22.373
-12.196,-8.0081,-1.7558,8.6243,-7.0399,-3.7312,3.4245,-18.911,-26.042,-23.05,-16.038,-22.294
-13.408,-8.3709,-0.85151,9.2425,-8.4879,-3.5833,3.8926,-19.058,-26.275,-23.694,-16.872,-22.174
-14.656,-8.7754,-0.39723,9.9485,-9.4876,-3.5872,4.3951,-19.144,-26.475,-24.317,-17.685,-22.088
-15.691,-9.2445,-0.52176,10.666,-9.7866,-3.797,4.8985,-19.22,-26.701,-24.971,-18.55,-22.131
-16.284,-9.7848,-1.2462,11.311,-9.2609,-4.227,5.3684,-19.341,-27.018,-25.692,-19.528,-22.389
-16.332,-10.381,-2.4452,11.828,-8.0085,-4.837,5.7882,-19.542,-27.458,-26.489,-20.631,-22.899
-15.915,-11.003,-3.8649,12.214,-6.3478,-5.5371,6.168,-19.819,-28.008,-27.335,-21.821,-23.642
-15.272,-11.621,-5.1868,12.515,-4.7287,-6.2174,6.5358,-20.134,-28.615,-28.184,-23.02,-24.551
-14.706,-12.22,-6.1289,12.797,-3.585,-6.7914,6.9162,-20.441,-29.208,-28.994,-24.155,-25.552
-14.44,-12.797,-6.5487,13.108,-3.1799,-7.2299,7.3098,-20.71,-29.731,-29.743,-25.182,-26.589
-14.524,-13.353,-6.4922,13.442,-3.5098,-7.5654,7.6884,-20.935,-30.154,-30.42,-26.093,-27.632
-14.831,-13.878,-6.1621,13.746,-4.3223,-7.8699,8.0077,-21.13,-30.475,-31.019,-26.895,-28.672
-15.15,-14.355,-5.8318,13.952,-5.2377,-8.223,8.2255,-21.315,-30.704,-31.525,-27.589,-29.696
-15.285,-14.776,-5.7538,14.023,-5.8984,-8.6847,8.3165,-21.509,-30.858,-31.925,-28.166,-30.682
-15.109,-15.144,-6.087,13.962,-6.076,-9.2769,8.2778,-21.724,-30.956,-32.219,-28.621,-31.59
-14.588,-15.474,-6.8495,13.8,-5.707,-9.974,8.1308,-21.956,-31.006,-32.416,-28.962,-32.381
-13.771,-15.773,-7.9134,13.574,-4.8742,-10.706,7.9169,-22.176,-30.996,-32.532,-29.205,-33.025
-12.77,-16.035,-9.052,13.316,-3.7632,-11.376,7.6873,-22.332,-30.886,-32.568,-29.361,-33.509
-11.717,-16.244,-10.03,13.051,-2.5981,-11.888,7.4865,-22.359,-30.622,-32.507,-29.423,-33.824
-10.73,-16.38,-10.695,12.791,-1.5582,-12.183,7.3359,-22.206,-30.146,-32.315,-29.364,-33.953
-9.869,-16.43,-11.032,12.539,-0.71049,-12.263,7.2255,-21.853,-29.418,-31.954,-29.147,-33.884
-9.1241,-16.397,-11.158,12.281,0.0038431,-12.196,7.1227,-21.318,-28.429,-31.398,-28.737,-33.611
-8.4353,-16.292,-11.281,12.002,0.72845,-12.089,6.9958,-20.646,-27.202,-30.638,-28.12,-33.148
-7.7488,-16.14,-11.616,11.699,1.5952,-12.049,6.8407,-19.876,-25.775,-29.681,-27.3,-32.515
-7.0705,-15.965,-12.27,11.394,2.6215,-12.136,6.6945,-19.028,-24.192,-28.548,-26.292,-31.729
-6.4835,-15.792,-13.169,11.134,3.6727,-12.338,6.6249,-18.097,-22.487,-27.265,-25.119,-30.81
-6.1183,-15.638,-14.077,10.968,4.4952,-12.579,6.7032,-17.064,-20.689,-25.862,-23.82,-29.791
-6.0835,-15.497,-14.675,10.908,4.8053,-12.75,6.977,-15.924,-18.836,-24.371,-22.436,-28.721
-6.3943,-15.332,-14.678,10.907,4.402,-12.745,7.4539,-14.691,-16.976,-22.821,-21.01,-27.638
-6.9498,-15.087,-13.942,10.867,3.2485,-12.497,8.0971,-13.402,-15.168,-21.238,-19.568,-26.554
-7.5738,-14.707,-12.523,10.678,1.4916,-11.996,8.8308,-12.103,-13.464,-19.639,-18.118,-25.443
-8.0949,-14.168,-10.668,10.278,-0.57579,-11.297,9.5568,-10.835,-11.887,-18.038,-16.651,-24.258
-8.4034,-13.494,-8.7453,9.6831,-2.5799,-10.506,10.181,-9.6169,-10.438,-16.446,-15.161,-22.948
-8.451,-12.744,-7.1293,8.9738,-4.1405,-9.75,10.64,-8.4464,-9.0908,-14.871,-13.648,-21.479
-8.2191,-11.983,-6.1023,8.2444,-4.9545,-9.139,10.913,-7.2963,-7.8042,-13.305,-12.12,-19.838
-7.698,-11.251,-5.7957,7.5503,-4.8755,-8.7354,11.02,-6.1296,-6.5353,-11.723,-10.584,-18.041
-6.8853,-10.547,-6.1919,6.8863,-3.9279,-8.5405,10.993,-4.9223,-5.2549,-10.094,-9.0433,-16.132
-5.7872,-9.8386,-7.1613,6.1985,-2.2602,-8.5013,10.853,-3.6861,-3.9626,-8.3984,-7.5016,-14.178
-4.422,-9.0847,-8.4992,5.419,-0.092815,-8.5273,10.596,-2.4761,-2.6913,-6.6509,-5.9756,-12.254
-2.8328,-8.2561,-9.9544,4.5025,2.3247,-8.5164,10.204,-1.3738,-1.4991,-4.9113,-4.5003,-10.425
-1.1057,-7.3489,-11.266,3.4513,4.7356,-8.3864,9.6596,-0.45438,-0.45205,-3.2667,-3.1229,-8.74
0.62034,-6.3907,-12.207,2.3223,6.8675,-8.0981,8.9655,0.24154,0.39806,-1.7994,-1.8862,-7.2275
2.1583,-5.4325,-12.62,1.2143,8.4336,-7.653,8.1513,0.71757,1.0365,-0.55598,-0.81124,-5.8851
3.3007,-4.5287,-12.442,0.24375,9.191,-7.0763,7.2721,1.0151,1.4965,0.47,0.1152,-4.6775
3.8738,-3.7211,-11.711,-0.48533,9.0281,-6.4061,6.3939,1.1983,1.8473,1.3353,0.93812,-3.547
3.8059,-3.0346,-10.562,-0.90959,8.0213,-5.6902,5.5691,1.3335,2.1675,2.1223,1.7194,-2.4357
3.1736,-2.4767,-9.2111,-1.0267,6.4431,-4.9845,4.8142,1.4655,2.5128,2.9037,2.515,-1.3084
2.1956,-2.035,-7.904,-0.90024,4.7092,-4.3437,4.1039,1.6054,2.8995,3.7143,3.3557,-0.16476
1.1607,-1.68,-6.8444,-0.63961,3.2377,-3.8018,3.3911,1.7368,3.3102,4.546,4.2412,0.96855
0.31405,-1.3727,-6.1163,-0.3595,2.2735,-3.3537,2.6398,1.8382,3.7142,5.3637,5.1464,2.0563
-0.23951,-1.0796,-5.6526,-0.13585,1.8041,-2.9529,1.8509,1.9053,4.0906,6.1308,6.0342,3.0696
-0.55648,-0.78382,-5.2654,0.01372,1.6139,-2.5306,1.0618,1.9577,4.4383,6.8264,6.8693,3.9915
-0.79418,-0.48809,-4.7293,0.11802,1.4083,-2.0288,0.32367,2.0257,4.7707,7.4502,7.6288,4.8203
-1.1114,-0.20638,-3.8841,0.22047,0.92876,-1.4299,-0.32575,2.1298,5.0992,8.0109,8.3062,5.5684
-1.5949,0.045432,-2.7106,0.34835,0.035506,-0.76701,-0.87712,2.2645,5.415,8.5104,8.9053,6.2554
-2.2345,0.25634,-1.3384,0.49558,-1.2454,-0.11241,-1.3467,2.399,5.6843,8.9327,9.4321,6.8971
-2.9327,0.42377,0.017171,0.62726,-2.7315,0.44952,-1.7599,2.495,5.8621,9.2493,9.8882,7.4979
-3.549,0.55402,1.1409,0.70033,-4.1529,0.85133,-2.1309,2.5297,5.9195,9.4368,10.275,8.054
-3.9593,0.6605,1.881,0.68607,-5.252,1.064,-2.4469,2.5149,5.8686,9.4987,10.603,8.5642
-4.0928,0.7599,2.1746,0.58084,-5.8454,1.1018,-2.6678,2.4969,5.7631,9.4736,10.901,9.0381
-3.9336,0.86709,2.0388,0.40172,-5.8357,1.0103,-2.7439,2.537,5.6771,9.4235,11.211,9.4947
-3.4985,0.9912,1.5373,0.17092,-5.2121,0.84286,-2.6399,2.6829,5.6725,9.4094,11.569,9.9518
-2.8055,1.1357,0.73914,-0.10214,-4.0295,0.64072,-2.3503,2.9478,5.7737,9.4689,11.99,10.419
-1.8666,1.3,-0.29623,-0.42548,-2.384,0.42743,-1.8992,3.3096,5.9611,9.6075,12.467,10.9
-0.7166,1.4786,-1.5,-0.80766,-0.40744,0.21432,-1.3312,3.7233,6.1827,9.8,12.971,11.385
0.55663,1.6576,-2.7674,-1.2365,1.7219,0.0086145,-0.70154,4.1366,6.3749,9.9963,13.452,11.851
1.8079,1.8179,-3.9538,-1.6729,3.759,-0.17936,-0.062782,4.5049,6.4838,10.133,13.844,12.25
2.8532,1.9429,-4.8871,-2.0602,5.3954,-0.32994,0.55109,4.8045,6.484,10.15,14.081,12.523
3.5045,2.029,-5.3919,-2.3413,6.3139,-0.41163,1.1327,5.0372,6.3826,10.015,14.116,12.628
3.6215,2.087,-5.3287,-2.4769,6.2788,-0.38789,1.6933,5.2208,6.2086,9.7321,13.94,12.559
3.167,2.1336,-4.6485,-2.4564,5.2319,-0.23476,2.2427,5.3705,5.9925,9.3319,13.581,12.344
2.2383,2.1752,-3.4464,-2.298,3.3553,0.037412,2.7716,5.4831,5.7503,8.8557,13.09,12.035
1.0508,2.1979,-1.9677,-2.0399,1.0652,0.37323,3.2459,5.534,5.48,8.3379,12.517,11.673
-0.11478,2.1741,-0.54902,-1.7339,-1.0856,0.68442,3.6178,5.4905,5.1694,7.7977,11.895,11.279
-0.98481,2.0799,0.4854,-1.4378,-2.5774,0.88131,3.8445,5.3322,4.812,7.2448,11.24,10.855
-1.3684,1.9083,0.92421,-1.2035,-3.0887,0.90526,3.9033,5.0676,4.418,6.6889,10.558,10.384
-1.2186,1.6685,0.72711,-1.0564,-2.5903,0.74504,3.796,4.7316,4.0119,6.1445,9.8511,9.8533
-0.64837,1.3753,0.02022,-0.98472,-1.3409,0.43225,3.5425,4.3678,3.6185,5.6247,9.127,9.2552
0.11657,1.0393,-0.96046,-0.94709,0.2135,0.021732,3.1708,4.0063,3.2468,5.1315,8.3926,8.5947
0.82064,0.66245,-1.9526,-0.88946,1.6079,-0.43269,2.7096,3.6541,2.8804,4.6493,7.653,7.8891
1.2514,0.23871,-2.7481,-0.76202,2.5117,-0.89558,2.1859,3.3008,2.4853,4.1505,6.9109,7.1664
1.2919,-0.24208,-3.2445,-0.53201,2.7883,-1.3561,1.6256,2.9332,2.0279,3.6099,6.1713,6.4617
0.94654,-0.78855,-3.4626,-0.19079,2.4766,-1.8228,1.0529,2.5516,1.4969,3.0219,5.4474,5.8129
0.33032,-1.4055,-3.5233,0.24609,1.7715,-2.3146,0.48661,2.1753,0.91174,2.4043,4.7586,5.2502
-0.36193,-2.0941,-3.5972,0.74192,1.0018,-2.8557,-0.066476,1.8342,0.31118,1.7874,4.1183,4.7838
-0.89837,-2.8504,-3.8561,1.2422,0.54824,-3.4715,-0.61182,1.5544,-0.26803,1.1968,3.5236,4.3974
-1.0786,-3.6586,-4.4295,1.6846,0.70729,-4.1787,-1.1556,1.3516,-0.80523,0.64565,2.9572,4.0576
-0.81484,-4.4888,-5.3551,2.0191,1.57,-4.9704,-1.69,1.2311,-1.296,0.13835,2.4017,3.7372
-0.17778,-5.3023,-6.5467,2.2299,2.9818,-5.8091,-2.1882,1.1904,-1.7438,-0.32121,1.8533,3.4346
0.62129,-6.0646,-7.8106,2.3463,4.5907,-6.6339,-2.6122,1.2225,-2.1509,-0.72492,1.3246,3.1769
1.3036,-6.7579,-8.9079,2.4362,5.957,-7.381,-2.9265,1.3194,-2.5131,-1.0616,0.83671,3.0052
1.6195,-7.3827,-9.6481,2.5822,6.6972,-8.0063,-3.1106,1.4724,-2.8196,-1.3231,0.40812,2.9525
1.4388,-7.9472,-9.9637,2.8449,6.6278,-8.4987,-3.1673,1.6698,-3.0591,-1.511,0.044369,3.0273
0.80732,-8.4533,-9.9382,3.2293,5.8487,-8.8811,-3.1243,1.8919,-3.227,-1.6404,-0.26501,3.2089
-0.057779,-8.8895,-9.7749,3.6728,4.7145,-9.1984,-3.0261,2.1101,-3.3303,-1.7373,-0.54238,3.4532
-0.84404,-9.2328,-9.7138,4.0664,3.6943,-9.4949,-2.9168,2.2937,-3.386,-1.8302,-0.81319,3.7075
-1.2642,-9.4559,-9.9278,4.2992,3.1868,-9.7888,-2.8215,2.4182,-3.414,-1.9398,-1.0967,3.9285
-1.166,-9.5333,-10.443,4.2998,3.3776,-10.055,-2.7384,2.4731,-3.4266,-2.0713,-1.3992,4.0983
-0.57981,-9.4473,-11.12,4.0591,4.1844,-10.229,-2.6431,2.4664,-3.4213,-2.2109,-1.7111,4.2296
0.31193,-9.191,-11.712,3.6267,5.292,-10.228,-2.5049,2.4216,-3.3801,-2.3289,-2.0089,4.3571
1.2527,-8.7687,-11.964,3.0891,6.2832,-9.9822,-2.3053,2.3682,-3.2772,-2.39,-2.2616,4.5181
2.0127,-8.1958,-11.728,2.5357,6.8272,-9.4715,-2.0499,2.33,-3.0931,-2.3667,-2.4435,4.7345
2.4774,-7.4996,-11.03,2.0274,6.8273,-8.7398,-1.7711,2.3174,-2.8265,-2.253,-2.5462,5.0011
2.6796,-6.7203,-10.067,1.5807,6.4464,-7.8869,-1.5191,2.3234,-2.504,-2.0718,-2.5858,5.2847
2.7559,-5.9063,-9.1174,1.175,6.0022,-7.0335,-1.3451,2.3274,-2.1739,-1.8691,-2.5983,5.5351
2.8597,-5.1039,-8.4047,0.777,5.7783,-6.2752,-1.2826,2.3061,-1.8888,-1.6964,-2.6228,5.7056
3.0801,-4.3461,-7.9935,0.36631,5.8762,-5.6481,-1.3341,2.2477,-1.683,-1.5875,-2.6809,5.7782
3.3984,-3.6477,-7.7745,-0.052107,6.1823,-5.1248,-1.4706,2.1603,-1.5558,-1.5425,-2.7647,5.7759
3.7001,-3.0065,-7.5196,-0.45151,6.4204,-4.6312,-1.6453,2.0727,-1.4727,-1.5281,-2.8411,5.7547
3.8346,-2.4084,-6.9788,-0.79858,6.264,-4.081,-1.8128,2.024,-1.3832,-1.4934,-2.8677,5.7798
3.6864,-1.8335,-5.9906,-1.0701,5.4737,-3.4177,-1.9457,2.0491,-1.24,-1.3917,-2.8109,5.9005
3.23,-1.2667,-4.5715,-1.2629,4.0209,-2.6477,-2.045,2.1637,-1.0169,-1.1985,-2.6581,6.1362
2.5509,-0.70625,-2.9379,-1.3939,2.1526,-1.8466,-2.1372,2.3586,-0.71868,-0.91729,-2.4213,6.4732
1.8256,-0.16815,-1.4389,-1.4938,0.32196,-1.1336,-2.2565,2.6035,-0.37408,-0.57382,-2.1313,6.8725
1.2661,0.31964,-0.4244,-1.5974,-0.98971,-0.62624,-2.4199,2.8621,-0.022463,-0.20457,-1.8286,7.2773
1.0479,0.7323,-0.11842,-1.7348,-1.4511,-0.39418,-2.6094,3.1063,0.30203,0.15458,-1.5541,7.6315
1.2486,1.0634,-0.5436,-1.9234,-0.98108,-0.42772,-2.7702,3.327,0.58404,0.47732,-1.3396,7.8965
1.8189,1.33,-1.5127,-2.1631,0.23648,-0.63714,-2.8241,3.5395,0.83526,0.7579,-1.1957,8.0661
2.5961,1.5684,-2.6838,-2.4329,1.8221,-0.87862,-2.6919,3.7809,1.0911,1.0099,-1.1034,8.1723
3.3655,1.8224,-3.6646,-2.7023,3.3402,-0.99484,-2.3213,4.0948,1.3971,1.2654,-1.017,8.2745
3.96,2.1336,-4.1409,-2.95,4.4531,-0.86345,-1.7096,4.508,1.7839,1.5605,-0.88423,8.4318
4.3433,2.5276,-3.9835,-3.1787,5.0234,-0.43734,-0.9112,5.0129,2.249,1.917,-0.67242,8.6708
4.5996,3.005,-3.2768,-3.4097,5.1308,0.24454,-0.020186,5.5663,2.7552,2.3307,-0.38485,8.9752
4.833,3.5427,-2.2525,-3.6592,4.9833,1.08,0.86541,6.1051,3.2457,2.7731,-0.054967,9.2945
5.0775,4.1027,-1.1696,-3.9169,4.7695,1.9476,1.6778,6.5688,3.6725,3.2063,0.2677,9.5629
5.2679,4.6424,-0.20781,-4.1411,4.5652,2.7517,2.394,6.9214,4.0159,3.5977,0.54493,9.7275
5.2572,5.1277,0.60233,-4.2706,4.2986,3.4548,3.0287,7.1638,4.2912,3.9419,0.76617,9.7659
4.8706,5.5433,1.3925,-4.2446,3.7677,4.0863,3.6168,7.3317,4.5355,4.251,0.94946,9.6894
3.9856,5.8994,2.3976,-4.0247,2.7422,4.7251,4.1907,7.4727,4.7833,4.5459,1.1277,9.5394
2.5993,6.2192,3.8445,-3.6181,1.1008,5.4554,4.7545,7.6157,5.0419,4.8376,1.3272,9.3641
0.8538,6.5222,5.8277,-3.0845,-1.1029,6.3191,5.2716,7.7486,5.2817,5.1134,1.5499,9.1945
-0.98859,6.8141,8.2346,-2.5253,-3.6528,7.2916,5.6719,7.8194,5.4428,5.3347,1.7652,9.0286
-2.6129,7.0977,10.773,-2.0605,-6.2045,8.2949,5.8757,7.7594,5.4605,5.4465,1.9319,8.836
-3.7469,7.3821,13.092,-1.7899,-8.3472,9.2396,5.8233,7.5198,5.3,5.4071,2.0104,8.5787
-4.2534,7.6796,14.92,-1.7565,-9.7444,10.063,5.5024,7.1015,4.9782,5.2079,1.9868,8.2344
-4.1815,7.9873,16.161,-1.9233,-10.295,10.743,4.9617,6.561,4.5644,4.8849,1.8842,7.8146
-3.7437,8.2787,16.896,-2.1816,-10.159,11.296,4.302,5.9915,4.1571,4.5097,1.7577,7.3619
-3.2229,8.5118,17.326,-2.3912,-9.6314,11.751,3.6438,5.4853,3.8442,4.1615,1.6698,6.9323
-2.8552,8.6454,17.689,-2.4417,-8.9913,12.136,3.0846,5.0957,3.6647,3.8898,1.6664,6.5691
-2.7437,8.6506,18.16,-2.3004,-8.4227,12.456,2.667,4.8168,3.5938,3.6939,1.749,6.2794
-2.8367,8.5185,18.739,-2.0129,-7.9749,12.669,2.3732,4.5943,3.5543,3.5198,1.869,6.0253
-2.9764,8.2596,19.189,-1.6679,-7.554,12.68,2.1483,4.3574,3.4564,3.2846,1.9462,5.7364
-2.9986,7.9003,19.182,-1.35,-6.9921,12.384,1.9386,4.055,3.2406,2.9146,1.9017,5.3416
-2.8353,7.4725,18.559,-1.1027,-6.2255,11.752,1.7224,3.678,2.9038,2.378,1.691,4.8001
-2.5725,6.9988,17.463,-0.91326,-5.464,10.909,1.5176,3.2587,2.4956,1.6968,1.3187,4.1159
-2.4291,6.4836,16.296,-0.72055,-5.1368,10.072,1.373,2.853,2.0915,0.93498,0.83505,3.3316
-2.6514,5.9168,15.53,-0.44446,-5.6023,9.4011,1.3508,2.5174,1.7602,0.17536,0.30984,2.5069
-3.3824,5.287,15.366,-0.017748,-6.8917,8.9068,1.5027,2.2873,1.5404,-0.51538,-0.19366,1.7002
-4.5838,4.5932,15.622,0.58579,-8.6897,8.4984,1.8422,2.1615,1.428,-1.1022,-0.64015,0.9514
-6.0321,3.8429,15.91,1.3345,-10.469,8.0594,2.3274,2.0989,1.3787,-1.5964,-1.0342,0.26493
-7.3801,3.0477,15.822,2.1446,-11.677,7.4878,2.8676,2.0343,1.3242,-2.0485,-1.417,-0.39418
-8.2735,2.2212,15.053,2.9092,-11.891,6.7171,3.3554,1.9077,1.2013,-2.5201,-1.8446,-1.0826
-8.4862,1.3813,13.506,3.5415,-10.926,5.7384,3.7087,1.69,0.97818,-3.0506,-2.3551,-1.846
-8.0145,0.54596,11.331,4.0119,-8.8978,4.6107,3.8992,1.3871,0.66275,-3.6378,-2.9562,-2.695
-7.0829,-0.27155,8.8704,4.3563,-6.2575,3.4475,3.955,1.0215,0.28602,-4.2517,-3.6206,-3.6044
-6.0682,-1.0659,6.5692,4.6532,-3.6911,2.3849,3.9367,0.60616,-0.12609,-4.8587,-4.3096,-4.5339
-5.3643,-1.8322,4.8586,4.9794,-1.905,1.5433,3.9001,0.12704,-0.5747,-5.4475,-4.9977,-5.4537
-5.2248,-2.5602,4.0089,5.3689,-1.3602,0.98874,3.8648,-0.45619,-1.0903,-6.0393,-5.6867,-6.3625
-5.6585,-3.2346,4.0206,5.794,-2.1069,0.70856,3.8046,-1.1924,-1.7143,-6.6764,-6.3994,-7.2863
-6.4602,-3.8403,4.6551,6.1827,-3.8099,0.61785,3.6621,-2.1127,-2.4715,-7.3953,-7.1669,-8.2599
-7.3563,-4.3697,5.5735,6.4641,-5.9231,0.5896,3.3772,-3.2096,-3.3498,-8.2012,-8.003,-9.2989
-8.1409,-4.8276,6.4327,6.6124,-7.8992,0.48996,2.9136,-4.4319,-4.2994,-9.0577,-8.8878,-10.379
-8.6913,-5.2297,6.902,6.6547,-9.296,0.21153,2.2735,-5.7023,-5.2501,-9.8986,-9.7666,-11.436
-8.9149,-5.5955,6.7123,6.6384,-9.7982,-0.29728,1.4934,-6.9471,-6.1401,-10.657,-10.569,-12.392
-8.7334,-5.9371,5.7548,6.5927,-9.2834,-1.0209,0.62696,-8.1227,-6.9421,-11.297,-11.238,-13.194
-8.1116,-6.2547,4.1147,6.5124,-7.8257,-1.8933,-0.27661,-9.224,-7.6752,-11.832,-11.76,-13.846
-7.0665,-6.538,2.0011,6.3645,-5.6159,-2.8292,-1.1865,-10.274,-8.3937,-12.317,-12.17,-14.406
-5.664,-6.7738,-0.33648,6.1072,-2.9199,-3.7464,-2.094,-11.3,-9.1589,-12.819,-12.541,-14.96
-4.022,-6.9509,-2.6423,5.7143,-0.02955,-4.5745,-3.0045,-12.318,-10.009,-13.389,-12.953,-15.583
-2.3062,-7.0632,-4.659,5.1976,2.7527,-5.2539,-3.9212,-13.313,-10.936,-14.034,-13.458,-16.313
-0.71804,-7.1099,-6.1655,4.6153,5.0852,-5.7364,-4.8312,-14.249,-11.89,-14.712,-14.056,-17.127
0.52818,-7.0951,-7.0284,4.0561,6.6161,-5.9961,-5.7057,-15.085,-12.794,-15.353,-14.694,-17.953
1.254,-7.028,-7.2094,3.6087,7.1246,-6.0443,-6.5139,-15.793,-13.582,-15.896,-15.294,-18.707
1.3816,-6.9241,-6.7913,3.3319,6.6391,-5.9356,-7.2394,-16.375,-14.226,-16.311,-15.796,-19.333
0.96979,-6.8042,-6.0017,3.2405,5.4206,-5.7519,-7.8866,-16.851,-14.743,-16.616,-16.184,-19.825
0.19382,-6.6902,-5.1376,3.3091,3.8719,-5.5725,-8.4756,-17.242,-15.173,-16.858,-16.492,-20.222
-0.71575,-6.5985,-4.4415,3.4855,2.4108,-5.4479,-9.0327,-17.558,-15.553,-17.079,-16.776,-20.581
-1.5463,-6.5325,-4.0219,3.7065,1.3394,-5.3852,-9.5785,-17.794,-15.891,-17.3,-17.079,-20.941
-2.1612,-6.4801,-3.8421,3.9141,0.76197,-5.3487,-10.117,-17.933,-16.164,-17.505,-17.405,-21.301
-2.5231,-6.4209,-3.7606,4.0704,0.58458,-5.2762,-10.632,-17.961,-16.335,-17.652,-17.719,-21.618
-2.6816,-6.3421,-3.6031,4.1655,0.5871,-5.1104,-11.094,-17.877,-16.378,-17.695,-17.962,-21.839
-2.7358,-6.2521,-3.2417,4.216,0.52607,-4.8335,-11.479,-17.71,-16.308,-17.619,-18.097,-21.941
-2.7833,-6.1825,-2.6567,4.2516,0.23278,-4.4856,-11.786,-17.507,-16.184,-17.451,-18.132,-21.951
-2.882,-6.1779,-1.9515,4.2998,-0.31701,-4.1562,-12.048,-17.326,-16.079,-17.254,-18.118,-21.937
-3.0353,-6.2799,-1.3143,4.3769,-1.0012,-3.9536,-12.315,-17.205,-16.05,-17.097,-18.126,-21.977
-3.1988,-6.5117,-0.94385,4.4877,-1.621,-3.9663,-12.626,-17.156,-16.101,-17.015,-18.199,-22.112
-3.3135,-6.8683,-0.98073,4.6305,-1.9818,-4.2323,-12.979,-17.152,-16.182,-16.99,-18.33,-22.329
-3.3402,-7.3161,-1.462,4.8036,-1.9486,-4.726,-13.32,-17.138,-16.205,-16.953,-18.453,-22.552
-3.2681,-7.8077,-2.3167,5.0076,-1.4762,-5.3713,-13.561,-17.055,-16.093,-16.82,-18.479,-22.679
-3.0995,-8.3013,-3.4153,5.2425,-0.60267,-6.0768,-13.622,-16.865,-15.822,-16.542,-18.343,-22.635
-2.8297,-8.7729,-4.6423,5.5003,0.59433,-6.7729,-13.469,-16.563,-15.432,-16.135,-18.047,-22.415
-2.4445,-9.2138,-5.9344,5.7607,2.0393,-7.4275,-13.118,-16.175,-15.002,-15.669,-17.656,-22.089
-1.9437,-9.6192,-7.2572,5.9955,3.6498,-8.0351,-12.61,-15.733,-14.599,-15.233,-17.265,-21.765
-1.3764,-9.9775,-8.5484,6.1808,5.2846,-8.5898,-11.98,-15.251,-14.238,-14.884,-16.944,-21.524
-0.86441,-10.267,-9.6801,6.31,6.7088,-9.0644,-11.245,-14.719,-13.882,-14.621,-16.71,-21.375
-0.58853,-10.458,-10.468,6.3964,7.6215,-9.4054,-10.404,-14.108,-13.461,-14.384,-16.511,-21.243
-0.72715,-10.515,-10.72,6.4667,7.7374,-9.5454,-9.4414,-13.387,-12.92,-14.08,-16.257,-21.005
-1.3731,-10.413,-10.313,6.5442,6.8952,-9.4286,-8.3354,-12.541,-12.243,-13.636,-15.86,-20.541
-2.4728,-10.14,-9.2514,6.6292,5.1501,-9.0395,-7.0708,-11.577,-11.471,-13.031,-15.286,-19.804
-3.8207,-9.7091,-7.6903,6.6876,2.7946,-8.4183,-5.6546,-10.531,-10.684,-12.322,-14.586,-18.849
-5.1192,-9.151,-5.8873,6.6593,0.27246,-7.6465,-4.1236,-9.4481,-9.9657,-11.619,-13.879,-17.815
-6.0806,-8.497,-4.111,6.4809,-1.9666,-6.8058,-2.5304,-8.3533,-9.3539,-11.037,-13.302,-16.854
-6.523,-7.7549,-2.5539,6.1104,-3.5892,-5.9332,-0.90836,-7.2206,-8.8042,-10.63,-12.934,-16.046
-6.4138,-6.8908,-1.2878,5.5371,-4.4426,-5.0021,0.75418,-5.9549,-8.1752,-10.345,-12.746,-15.34
-5.8478,-5.8311,-0.28546,4.7766,-4.5542,-3.9473,2.5107,-4.4087,-7.254,-10.005,-12.585,-14.547
-4.9801,-4.491,0.48964,3.8546,-4.0668,-2.7186,4.4102,-2.4356,-5.811,-9.3281,-12.181,-13.397
-3.9619,-2.8196,0.99761,2.7931,-3.1808,-1.3301,6.3576,0.0049046,-3.6529,-7.9829,-11.208,-11.635
-2.9008,-0.83227,1.2544,1.6068,-2.0571,0.11152,7.7553,2.1344,-0.7363,-5.6621,-9.3599,-9.1375
-1.8483,1.3309,1.4493,0.29793,-0.63552,1.0315,7.9257,-1.3423,-0.21525,-2.3063,-6.4594,-6.036
-0.81982,2.1476,0.10499,-1.1873,1.2279,-0.96707,8.403,-2.9535,-6.3022,-3.0973,-3.421,-3.5132
0.16874,-1.3394,-2.9441,-2.9408,3.2096,-3.9307,9.5794,-3.0997,-7.6628,-9.2641,-6.3675,-8.069
1.0943,-4.1279,-5.6567,-2.6446,4.6071,-5.2943,10.639,-3.0025,-9.0749,-10.718,-8.7479,-10.955
2.2796,-5.0573,-5.9359,0.18692,4.3854,-4.729,12.241,-0.40277,-8.9888,-12.837,-12.909,-14.159
2.029,-3.8423,-2.0146,1.1905,2.5819,-1.1266,16.347,6.6766,-4.4432,-14.258,-17.451,-16.859
-1.6773,0.81268,7.1913,0.83992,-3.7783,6.2657,24.092,18.52,5.9386,-12.258,-19.357,-15.475
-6.604,10.446,22.062,-1.5705,-15.361,17.723,36.417,35.262,24.369,-3.1878,-14.377,-6.9072
-11.234,26.403,41.32,-7.1773,-29.536,33.914,52.186,59.561,52.59,16.577,1.7742,10.684
-12.807,48.896,62.345,-17.279,-43.441,55.25,68.373,92.464,90.943,50.208,32.589,37.581
-8.0719,75.222,81.351,-32.805,-51.928,78.015,82.042,131.45,140.52,100.46,80.924,73.913
5.1555,101.42,94.452,-53.393,-51.382,96.716,90.389,169.9,198.35,170.57,148.29,121.44
27.498,125.73,96.415,-77.259,-40.16,109.12,91.242,205.57,259.64,260.14,234.41,180.61
58.655,148.15,86.335,-103.32,-18.008,115.7,83.121,235.73,323.16,366.98,338.96,248.58
97.332,169.61,67.542,-132.12,12.932,118.12,65.259,256.78,385.98,491.75,463.97,325.19
142.1,192.64,44.427,-164.69,49.145,119,37.693,265.49,443.73,632.98,609.37,410.89
191.19,220.36,22.169,-202.02,86.671,122.61,1.3348,259.18,492,785.91,772.12,505.78
241.08,255.1,7.7037,-243.96,120.49,133.82,-41.922,235.86,526.55,942.11,944.61,607.65
286.59,297.91,8.9196,-288.51,143.57,156.55,-89.079,195.2,542.89,1088.9,1113,710.69
321.47,347.2,29.12,-331.62,150.42,191.58,-136.27,139.18,537.01,1209.2,1257.6,805.14
340.19,398.14,65.954,-367.77,139.75,234.75,-179.82,71.191,505.8,1283.4,1355.1,878.13
339.92,442.86,113.24,-391.16,113.94,278.58,-217.5,-5.9657,446.56,1292.8,1383.1,915.79
320.63,471.86,161.31,-396.89,78.324,314.55,-248.68,-91.17,356.8,1223.7,1325.4,906.29
284.38,476.48,199.29,-381.78,39.89,334.31,-273.85,-184.94,235.49,1070.6,1176.6,843
234.61,451.24,219.47,-345.17,4.6135,331.12,-295.65,-288.59,83.824,839.23,945.32,726.74
176.24,395.51,217.69,-289.45,-22.854,302.16,-318.57,-402.11,-93.94,547.34,653.88,566.68
114.37,314.15,194.13,-219.6,-40.301,250.11,-345.56,-522.51,-288.5,222.49,334.9,379.46
53.483,216.64,154.68,-142.25,-49.218,182.44,-376.29,-642.18,-484.17,-101.18,25.427,186.69
-1.5732,115.09,108.12,-64.769,-52.644,109.16,-407.14,-748.76,-660.21,-387.91,-239.76,10.713
-47.328,21.477,62.454,5.5957,-53.214,40.28,-432.11,-827.81,-795.25,-606.99,-435.06,-130.23
-82.945,-54.751,24.945,62.985,-52.8,-16.307,-444.71,-867.2,-873.31,-740.02,-549.11,-225.48
-108.35,-108.03,0.066057,104.02,-52.189,-56.181,-440.43,-861.32,-888.78,-785.2,-585.93,-273.31
-123.18,-137.11,-14.285,127.8,-51.801,-78.554,-418.71,-812.96,-847.57,-756.61,-561.28,-280.74
-126.89,-144.73,-21.307,135.29,-49.996,-85.658,-383,-732,-764.4,-677.75,-497.05,-259.91
-119.77,-136.23,-24.297,129,-45.103,-81.867,-338.65,-631.87,-657.55,-573.44,-414.93,-223.39
-103.54,-117.58,-25.542,112.72,-37.199,-72.23,-290.56,-525.48,-543.17,-463.92,-331.77,-181.32
-81.626,-94.08,-26.096,90.773,-26.511,-60.599,-242.33,-422.4,-432.47,-362.4,-257.27,-140.87
-57.926,-70.296,-26.167,66.989,-15.501,-49.289,-196.16,-328.31,-332.23,-275.11,-194.56,-106.05
-35.142,-49.075,-15.027,43.928,-5.9146,-39.171,-153.33,-246.36,-246.22,-203.22,-143.21,-77.9
-16.901,-31.665,-11.841,24.024,1.7297,-28.324,-114.91,-178.25,-175.42,-144.91,-102.87,-55.683
-5.525,-18.78,-12.423,10.522,6.7043,-20.18,-82.081,-125.11,-120.62,-98.917,-73.36,-40.072
-0.17765,-10.75,-12.501,3.3702,8.3527,-15.536,-55.515,-86.802,-82.461,-67.037,-51.908,-28.897
1.1898,-5.638,-11.665,0.15924,7.2843,-12.284,-35.212,-60.507,-57.662,-46.703,-36.398,-20.37
0.47367,-2.3355,-10.081,-0.85813,4.9348,-9.3879,-20.664,-43.211,-41.659,-34.504,-26.539,-13.933
-1.0944,-0.91139,-8.1497,-0.63056,2.6343,-7.7478,-10.827,-32.706,-31.416,-28.074,-21.134,-9.7647
-2.9909,-2.7487,-6.3256,0.48622,0.78179,-6.908,-4.3725,-26.67,-24.791,-24.801,-18.201,-9.0308
-3.5006,-4.8914,-4.9617,2.5324,-0.60773,-6.0425,-0.51215,-23.001,-20.055,-22.376,-15.722,-10.9
-3.191,-4.2331,-4.2231,2.5056,-1.3074,-5.271,1.4984,-20.595,-16.794,-20.088,-14.552,-9.0663
-2.878,-3.3934,-4.0805,2.0595,-1.2543,-4.7538,2.2934,-19.546,-15.324,-19.814,-15.677,-6.7954
-2.6301,-2.9158,-4.3606,1.8393,-0.72378,-4.4992,2.1684,-19.773,-16.81,-19.052,-13.033,-5.2628
-2.5499,-2.7775,-4.8279,1.862,-0.13741,-4.4503,0.70955,-18.624,-14.526,-15.551,-10.377,-4.348
-2.7416,-2.8994,-5.2657,2.0891,0.14624,-4.5443,2.2608,-14.456,-11.017,-12.83,-8.4992,-3.8675
-3.2278,-3.2104,-5.5338,2.4656,-0.050656,-4.733,4.2561,-11.552,-8.6591,-10.969,-7.2034,-3.6797
-3.9202,-3.644,-5.5953,2.9143,-0.69167,-4.9827,5.9674,-9.4344,-7.047,-9.6809,-6.2626,-3.6662
-4.6361,-4.1315,-5.5097,3.3417,-1.5741,-5.2655,7.4031,-7.7932,-5.8504,-8.7192,-5.513,-3.7187
-5.1653,-4.6016,-5.4001,3.6579,-2.4126,-5.5539,8.6298,-6.4608,-4.8919,-7.9134,-4.8527,-3.7448
-5.3439,-4.9875,-5.4049,3.7985,-2.924,-5.8229,9.7291,-5.3221,-4.0743,-7.157,-4.2256,-3.6819
-5.0983,-5.2404,-5.6332,3.7398,-2.8958,-6.0578,10.799,-4.2765,-3.3289,-6.3917,-3.6055,-3.5096
-4.4565,-5.3426,-6.1447,3.5026,-2.2337,-6.2626,11.934,-3.2329,-2.5941,-5.5902,-2.9813,-3.2441
-3.5311,-5.3107,-6.9496,3.1428,-0.9824,-6.4588,13.179,-2.1249,-1.8099,-4.7426,-2.3451,-2.9186
-2.4839,-5.1826,-8.0144,2.7323,0.68715,-6.6706,14.505,-0.93648,-0.93445,-3.8489,-1.6866,-2.558
-1.4798,-4.9924,-9.2558,2.3324,2.5271,-6.9034,15.833,0.29084,0.039132,-2.9188,-0.99381,-2.1612
-0.6449,-4.7502,-10.528,1.9729,4.2701,-7.1274,17.134,1.4733,1.0741,-1.9771,-0.2599,-1.7022
-0.04672,-4.4377,-11.626,1.6455,5.6605,-7.2806,18.496,2.5222,2.0946,-1.067,0.50908,-1.1493
0.30034,-4.0207,-12.32,1.3141,6.4721,-7.2839,20.054,3.3792,3.0159,-0.24145,1.2917,-0.49051
0.41488,-3.4657,-12.4,0.93597,6.5379,-7.0598,21.872,4.0415,3.7844,0.45814,2.0591,0.25453
0.32946,-2.7526,-11.74,0.481,5.7905,-6.5491,23.918,4.5666,4.4136,1.027,2.7921,1.0467
0.086444,-1.8824,-10.351,-0.050964,4.3079,-5.7292,26.111,5.0514,4.9864,1.5087,3.497,1.851
-0.25425,-0.88143,-8.4114,-0.63141,2.3564,-4.6344,28.354,5.5932,5.6168,1.9827,4.2084,2.6558
-0.60225,0.20021,-6.2482,-1.2183,0.37307,-3.3643,30.595,6.2486,6.3959,2.5312,4.973,3.4709
-0.83495,1.2979,-4.2632,-1.7794,-1.159,-2.0644,32.805,7.0127,7.3438,3.2013,5.8227,4.31
-0.83302,2.3471,-2.8126,-2.3036,-1.9,-0.88159,34.811,7.8228,8.396,3.9875,6.7519,5.165
-0.54498,3.2967,-2.0822,-2.7904,-1.7743,0.087895,36.213,8.5871,9.4306,4.8332,7.7101,5.9959
-0.03205,4.1198,-2.0163,-3.2338,-0.96743,0.82477,36.609,9.218,10.318,5.6536,8.6132,6.734
0.54068,4.8108,-2.3318,-3.614,0.11798,1.377,35.972,9.673,10.985,6.3703,9.3761,7.3057
0.958,5.3794,-2.628,-3.9019,0.96847,1.8282,34.717,9.9884,11.454,6.9472,9.9533,7.6699
1.0299,5.8466,-2.5405,-4.0724,1.1362,2.2653,33.428,10.259,11.827,7.4077,10.371,7.8419
0.65941,6.2405,-1.8633,-4.1197,0.39041,2.7513,32.509,10.576,12.226,7.8209,10.718,7.8859
-0.1143,6.5894,-0.61866,-4.0671,-1.2009,3.3046,31.979,10.97,12.736,8.2667,11.105,7.883
-1.1161,6.9136,0.94667,-3.9639,-3.273,3.8917,31.507,11.395,13.378,8.8006,11.624,7.9014
-2.0874,7.2175,2.4421,-3.8683,-5.2659,4.4352,30.669,11.749,14.099,9.4352,12.317,7.9791
-2.7715,7.485,3.4637,-3.8226,-6.6173,4.8376,29.288,11.935,14.807,10.144,13.168,8.1201
-2.9992,7.6839,3.7251,-3.8362,-6.9588,5.0167,27.538,11.911,15.411,10.883,14.117,8.3002
-2.7385,7.7795,3.1504,-3.8867,-6.2208,4.9405,25.697,11.722,15.865,11.613,15.082,8.4839
-2.0944,7.7539,1.9013,-3.9396,-4.6289,4.6426,23.893,11.461,16.187,12.331,15.997,8.6447
-1.2668,7.6219,0.32786,-3.9722,-2.6319,4.2131,22.129,11.228,16.441,13.065,16.84,8.7825
-0.48479,7.4344,-1.1345,-3.9878,-0.79285,3.7714,20.413,11.075,16.688,13.861,17.635,8.9311
0.060384,7.2647,-2.0861,-4.0134,0.35781,3.4357,18.773,10.981,16.948,14.751,18.427,9.1441
0.26479,7.1816,-2.2786,-4.0882,0.49757,3.2942,17.214,10.857,17.172,15.728,19.245,9.4691
0.12981,7.2273,-1.6936,-4.2473,-0.35898,3.3768,15.704,10.582,17.271,16.739,20.086,9.9228
-0.25399,7.4094,-0.55629,-4.5083,-1.8874,3.6413,14.192,10.075,17.169,17.705,20.926,10.485
-0.74256,7.7084,0.75672,-4.8643,-3.6228,3.9899,12.652,9.3417,16.863,18.562,21.751,11.112
-1.1742,8.098,1.8564,-5.2904,-5.103,4.3105,11.111,8.4754,16.444,19.305,22.595,11.774
-1.402,8.5688,2.4191,-5.7605,-5.943,4.515,9.636,7.5952,16.053,20.003,23.543,12.476
-1.3191,9.148,2.2554,-6.2679,-5.8928,4.5736,8.2802,6.7915,15.819,20.778,24.705,13.27
-0.87008,9.9032,1.3747,-6.8377,-4.8998,4.5361,7.0543,6.1006,15.792,21.75,26.17,14.238
-0.053773,10.923,-0.018687,-7.5264,-3.1337,4.5218,5.9382,5.5014,15.932,22.983,27.957,15.46
1.0755,12.282,-1.5867,-8.4104,-0.93077,4.6745,4.8988,4.9324,16.125,24.452,29.987,16.972
2.4095,14.007,-2.9455,-9.574,1.296,5.1013,3.9029,4.3258,16.23,26.048,32.094,18.73
3.8006,16.073,-3.7621,-11.098,3.1185,5.8267,2.9264,3.6437,16.145,27.617,34.092,20.607
5.0976,18.431,-3.8223,-13.05,4.1599,6.802,1.9599,2.8981,15.852,29.037,35.859,22.45
6.205,21.035,-3.0556,-15.464,4.1848,7.9644,1.0065,2.1438,15.432,30.288,37.399,24.159
7.1543,23.84,-1.5448,-18.289,3.1716,9.2685,0.070872,1.4493,15.014,31.461,38.841,25.758
8.1377,26.769,0.46685,-21.324,1.3386,10.663,-0.8552,0.86266,14.724,32.713,40.38,27.378
9.4181,29.697,2.6006,-24.275,-0.87457,12.068,-1.7962,0.39114,14.633,34.191,42.189,29.186
11.118,32.464,4.4265,-26.943,-2.8755,13.389,-2.7807,0.007294,14.76,35.977,44.351,31.305
13.092,34.942,5.5863,-29.298,-4.086,14.564,-3.821,-0.32248,15.093,38.071,46.847,33.766
15.04,37.083,5.8963,-31.348,-4.1506,15.596,-4.9002,-0.60567,15.625,40.416,49.589,36.496
16.754,38.933,5.3736,-33.088,-2.9989,16.562,-5.9726,-0.80844,16.374,42.944,52.488,39.369
18.227,40.603,4.1971,-34.57,-0.80829,17.594,-6.9788,-0.86697,17.391,45.61,55.506,42.27
19.6,42.228,2.6553,-35.936,2.0395,18.836,-7.868,-0.71843,18.743,48.411,58.667,45.148
21.042,43.921,1.0944,-37.342,5.0727,20.398,-8.6164,-0.33325,20.484,51.363,62.025,48.023
22.64,45.734,-0.14574,-38.859,7.8159,22.3,-9.2295,0.2693,22.616,54.477,65.62,50.954
24.342,47.636,-0.80125,-40.449,9.792,24.423,-9.7285,1.0294,25.062,57.742,69.45,53.984
26.001,49.555,-0.73062,-41.993,10.581,26.566,-10.133,1.8727,27.681,61.13,73.481,57.117
27.441,51.429,0.080944,-43.393,9.9559,28.566,-10.448,2.7379,30.328,64.616,77.673,60.314
28.504,53.247,1.5423,-44.636,7.9748,30.371,-10.668,3.5962,32.94,68.18,81.998,63.527
29.145,55.056,3.4776,-45.786,4.9887,32.031,-10.783,4.4573,35.575,71.834,86.437,66.729
29.546,56.943,5.6544,-46.97,1.5852,33.65,-10.784,5.3632,38.389,75.641,91.002,69.94
30.067,59.007,7.8343,-48.342,-1.5247,35.353,-10.676,6.3708,41.543,79.726,95.745,73.239
30.964,61.335,9.838,-50.009,-3.7153,37.258,-10.474,7.53,45.083,84.218,100.75,76.744
32.243,63.996,11.599,-51.982,-4.6307,39.442,-10.21,8.8706,48.894,89.167,106.06,80.565
33.815,67.027,13.191,-54.207,-4.2289,41.925,-9.9265,10.406,52.759,94.504,111.65,84.761
35.616,70.445,14.816,-56.631,-2.7378,44.679,-9.6612,12.152,56.508,100.08,117.41,89.324
37.609,74.254,16.721,-59.232,-0.5759,47.683,-9.438,14.14,60.097,105.74,123.26,94.205
39.771,78.452,19.002,-62.04,1.789,50.924,-9.2624,16.419,63.585,111.37,129.14,99.35
42.1,82.992,21.48,-65.142,3.9703,54.363,-9.1299,19.006,67.077,116.88,134.98,104.71
44.628,87.745,23.91,-68.645,5.6578,57.914,-9.0343,21.842,70.666,122.3,140.72,110.2
47.4,92.563,26.28,-72.572,6.5716,61.505,-8.9686,24.786,74.394,127.67,146.33,115.74
50.349,97.426,28.823,-76.773,6.5105,65.138,-8.9177,27.676,78.235,133.1,151.87,121.25
53.196,102.49,31.813,-81.006,5.4499,68.892,-8.8564,30.412,82.115,138.64,157.43,126.76
55.687,107.94,35.391,-85.167,3.6002,72.882,-8.7545,32.972,85.95,144.28,163.12,132.39
57.887,113.84,39.479,-89.308,1.3906,77.218,-8.5887,35.384,89.697,149.97,169,138.25
60.079,120.08,43.82,-93.47,-0.63139,81.956,-8.3509,37.699,93.377,155.68,175.03,144.37
62.538,126.46,48.078,-97.65,-1.9597,87.052,-8.0533,39.967,97.07,161.36,181.1,150.68
65.425,132.82,51.917,-101.86,-2.2854,92.325,-7.7285,42.218,100.87,167.01,187.14,157.07
68.73,139,55.104,-106.08,-1.5927,97.466,-7.4225,44.452,104.85,172.63,193.08,163.41
72.279,144.84,57.663,-110.29,-0.15081,102.14,-7.1781,46.644,109,178.22,198.93,169.63
75.781,150.26,59.869,-114.37,1.5892,106.15,-7.0182,48.755,113.23,183.78,204.64,175.65
78.937,155.25,62.038,-118.27,3.1227,109.53,-6.941,50.737,117.4,189.33,210.16,181.38
81.526,159.84,64.404,-121.94,4.0151,112.51,-6.9293,52.548,121.37,194.83,215.41,186.73
83.464,164.09,67.067,-125.38,4.0079,115.36,-6.9632,54.166,125.02,200.2,220.33,191.6
84.82,168.09,69.951,-128.57,3.0823,118.18,-7.0303,55.604,128.29,205.28,224.9,195.98
85.766,171.95,72.813,-131.43,1.4641,120.92,-7.1318,56.884,131.22,209.96,229.12,199.86
86.503,175.72,75.362,-133.91,-0.45011,123.46,-7.2825,58.016,133.85,214.17,232.99,203.24
87.217,179.4,77.377,-136.04,-2.2239,125.73,-7.5038,58.986,136.23,217.91,236.54,206.14
88.069,182.84,78.762,-138,-3.4993,127.7,-7.8111,59.773,138.37,221.19,239.77,208.57
89.129,185.86,79.539,-139.93,-4.0632,129.37,-8.2014,60.378,140.26,224.04,242.72,210.56
90.342,188.38,79.829,-141.76,-3.8769,130.82,-8.6484,60.844,141.94,226.49,245.36,212.2
91.624,190.43,79.824,-143.4,-3.0589,132.11,-9.1058,61.241,143.42,228.55,247.69,213.56
92.933,192.1,79.717,-144.88,-1.8069,133.31,-9.5217,61.64,144.76,230.26,249.66,214.7
94.296,193.51,79.618,-146.3,-0.30663,134.46,-9.8552,62.077,145.99,231.68,251.26,215.63
95.799,194.74,79.524,-147.81,1.3167,135.52,-10.089,62.536,147.12,232.84,252.48,216.33
97.518,195.85,79.376,-149.5,3.0007,136.42,-10.233,62.954,148.12,233.77,253.36,216.77
99.435,196.86,79.13,-151.4,4.6976,137.08,-10.313,63.243,148.92,234.47,253.94,216.89
101.41,197.78,78.751,-153.45,6.292,137.36,-10.353,63.322,149.41,234.92,254.27,216.71
103.17,198.6,78.159,-155.48,7.5626,137.2,-10.369,63.145,149.54,235.17,254.35,216.3
104.39,199.29,77.302,-157.29,8.217,136.64,-10.352,62.717,149.31,235.33,254.16,215.78
104.76,199.68,76.426,-158.63,7.9767,135.88,-10.285,62.1,148.8,235.54,253.61,215.23
104.16,199.51,76.058,-159.23,6.7147,135.19,-10.159,61.389,148.07,235.78,252.56,214.58
102.71,198.57,76.438,-158.88,4.6035,134.75,-9.9932,60.658,147.17,235.79,250.88,213.6
100.71,196.94,77.203,-157.43,2.1395,134.42,-9.8396,59.905,146.03,235.19,248.54,212.01
98.52,194.77,77.582,-154.93,-0.013862,133.75,-9.7744,59.047,144.56,233.59,245.53,209.54
96.463,191.98,76.784,-151.61,-1.2654,132.23,-9.8797,57.955,142.57,230.75,241.81,205.96
94.727,188.26,74.342,-147.69,-1.275,129.55,-10.222,56.496,139.8,226.53,237.26,201.18
93.35,183.27,70.271,-143.32,-0.015012,125.6,-10.834,54.573,135.97,220.89,231.64,195.23
92.195,176.86,64.994,-138.53,2.2435,120.44,-11.705,52.134,130.95,213.82,224.78,188.3
90.975,169.19,59.153,-133.32,5.0057,114.29,-12.784,49.196,124.91,205.34,216.89,180.73
89.294,160.67,53.397,-127.74,7.69,107.51,-14.007,45.876,118.35,195.75,208.48,172.86
86.734,151.74,48.204,-121.76,9.771,100.56,-15.33,42.367,111.81,185.67,200.02,164.88
83.018,142.78,43.742,-115.37,10.869,93.935,-16.746,38.814,105.56,175.77,191.67,156.75
78.268,134.07,39.883,-108.71,10.805,87.995,-18.277,35.192,99.472,166.37,183.25,148.36
73.022,125.76,36.384,-102.04,9.6504,82.792,-19.939,31.301,93.147,157.36,174.41,139.59
67.792,117.85,33.022,-95.455,7.7064,77.999,-21.711,26.893,86.077,148.23,164.7,130.35
62.743,110.12,29.578,-88.807,5.4119,73.028,-23.523,21.931,77.969,138.41,153.84,120.62
57.793,102.26,25.724,-81.952,3.2237,67.312,-25.268,16.755,69.044,127.51,141.88,110.39
52.75,93.969,21.34,-74.868,1.4966,60.648,-26.839,11.832,60.013,115.67,129.23,99.741
47.41,85.017,17.113,-67.642,0.41317,53.433,-28.137,7.4004,51.597,103.51,116.51,88.852
41.707,75.505,13.691,-60.419,-0.019624,46.47,-29.082,3.4591,44.094,91.787,104.21,77.903
35.844,65.967,10.962,-53.356,0.056818,40.318,-29.607,-0.077988,37.375,81.014,92.612,67.138
30.246,57.066,8.624,-46.594,0.41265,35.018,-29.671,-3.2808,31.089,71.321,81.746,56.96
25.184,49.161,6.5061,-40.228,0.8216,30.365,-29.282,-6.1802,24.835,62.523,71.509,47.757
20.352,42.229,4.5476,-34.308,1.1312,26.114,-28.49,-8.775,18.351,54.255,61.72,39.6
15.271,36.026,2.739,-28.842,1.2742,22.008,-27.352,-11.039,11.835,46.14,52.193,32.176
10.363,30.255,1.0945,-23.748,1.2431,17.832,-25.894,-12.931,6.0075,37.949,42.834,24.972
6.4768,24.692,-0.36159,-18.877,1.0598,13.569,-24.147,-14.408,1.4111,29.701,33.767,17.58
3.6403,19.238,-1.6071,-14.155,0.75135,9.5296,-22.162,-15.453,-2.0569,21.671,25.314,10.111
1.4479,13.99,-2.6295,-9.7161,0.33041,6.1396,-19.961,-16.09,-4.7758,14.465,17.764,3.5065
-0.38121,9.3885,-3.419,-5.9156,-0.21538,3.5653,-17.545,-16.393,-7.0594,8.6902,11.311,-1.4243
-1.9501,5.8919,-3.9475,-3.0367,-0.91687,1.6858,-14.954,-16.466,-9.1233,4.3433,6.1545,-4.9895
-3.2673,3.4284,-4.1613,-1.0468,-1.7963,0.31457,-12.279,-16.402,-11.117,0.97057,2.264,-7.9071
-4.3171,1.6517,-4.0116,0.27675,-2.836,-0.67383,-9.6102,-16.252,-13.119,-1.8577,-0.70897,-10.624
-5.0996,0.3242,-3.5105,1.1508,-3.9578,-1.3399,-7.0061,-16.005,-15.111,-4.3764,-3.1402,-13.264
-5.6365,-0.66452,-2.7649,1.7293,-5.0133,-1.7177,-4.5089,-15.604,-16.976,-6.6453,-5.2417,-15.74
-5.9527,-1.3797,-1.9696,2.1228,-5.7951,-1.8639,-2.1704,-14.994,-18.56,-8.619,-7.0669,-17.872
-6.0571,-1.8927,-1.3804,2.4176,-6.0734,-1.8882,-0.05822,-14.169,-19.757,-10.233,-8.5926,-19.526
-5.941,-2.2933,-1.2706,2.6777,-5.6526,-1.9434,1.7611,-13.193,-20.572,-11.474,-9.8084,-20.68
-5.5991,-2.6729,-1.8491,2.9423,-4.4518,-2.1689,3.2491,-12.169,-21.107,-12.402,-10.763,-21.419
-5.0584,-3.0941,-3.1415,3.2283,-2.5577,-2.6279,4.4127,-11.202,-21.499,-13.125,-11.55,-21.867
-4.4055,-3.5706,-4.9274,3.5357,-0.24643,-3.279,5.2993,-10.351,-21.851,-13.749,-12.265,-22.146
-3.7991,-4.0714,-6.7931,3.8552,2.0054,-3.9985,5.9817,-9.6187,-22.193,-14.344,-12.968,-22.346
-3.4486,-4.5448,-8.2388,4.1779,3.575,-4.6255,6.54,-8.969,-22.491,-14.929,-13.664,-22.518
-3.5633,-4.9489,-8.8086,4.5091,3.8861,-5.0103,7.0396,-8.3525,-22.677,-15.48,-14.321,-22.67
-4.2865,-5.2709,-8.2376,4.8703,2.6513,-5.0629,7.5141,-7.7373,-22.695,-15.952,-14.885,-22.782
-5.6214,-5.5285,-6.5704,5.2847,0.0098703,-4.7869,7.9661,-7.1254,-22.539,-16.309,-15.32,-22.827
-7.3821,-5.7554,-4.1799,5.7536,-3.4754,-4.2829,8.3831,-6.5504,-22.261,-16.55,-15.628,-22.802
-9.2237,-5.9823,-1.6619,6.2452,-6.976,-3.7192,8.7537,-6.0555,-21.948,-16.709,-15.846,-22.733
-10.756,-6.2266,0.35181,6.7046,-9.6791,-3.2779,9.0745,-5.6643,-21.665,-16.83,-16.03,-22.668
-11.679,-6.4897,1.3926,7.0798,-11.033,-3.0952,9.3516,-5.3618,-21.42,-16.943,-16.218,-22.645
-11.872,-6.7598,1.2903,7.3423,-10.853,-3.2167,9.5992,-5.0973,-21.158,-17.046,-16.422,-22.679
-11.412,-7.0156,0.19253,7.4946,-9.3201,-3.589,9.8382,-4.8078,-20.803,-17.107,-16.621,-22.755
-10.537,-7.233,-1.5132,7.5627,-6.9132,-4.0891,10.094,-4.4498,-20.3,-17.083,-16.78,-22.841
-9.5699,-7.3932,-3.3209,7.5829,-4.2908,-4.5687,10.393,-4.0234,-19.662,-16.956,-16.876,-22.91
-8.8104,-7.4916,-4.751,7.5846,-2.1238,-4.901,10.757,-3.5757,-18.963,-16.745,-16.914,-22.955
-8.4247,-7.5418,-5.4806,7.5817,-0.90784,-5.0209,11.193,-3.178,-18.314,-16.508,-16.937,-23.007
-8.4013,-7.5749,-5.4098,7.5751,-0.79965,-4.9395,11.691,-2.8841,-17.809,-16.316,-17.001,-23.114
-8.6161,-7.6286,-4.6614,7.5665,-1.5941,-4.7258,12.233,-2.6968,-17.472,-16.213,-17.147,-23.315
-8.9418,-7.7326,-3.5126,7.5662,-2.9084,-4.4744,12.811,-2.5607,-17.243,-16.186,-17.367,-23.604
-9.2856,-7.8997,-2.2957,7.5904,-4.3404,-4.2788,13.431,-2.3879,-17.009,-16.172,-17.603,-23.935
-9.5673,-8.1298,-1.3371,7.6536,-5.5498,-4.214,14.093,-2.102,-16.664,-16.084,-17.779,-24.233
-9.712,-8.4228,-0.89272,7.7645,-6.2783,-4.3274,14.781,-1.6769,-16.165,-15.86,-17.834,-24.428
-9.6643,-8.7835,-1.0723,7.9242,-6.3611,-4.6348,15.462,-1.1443,-15.549,-15.49,-17.765,-24.482
-9.4059,-9.2117,-1.8227,8.1242,-5.7824,-5.1186,16.101,-0.56862,-14.902,-15.02,-17.616,-24.396
-8.9721,-9.6906,-2.9681,8.3465,-4.697,-5.7284,16.683,-0.0062692,-14.304,-14.526,-17.457,-24.204
-8.4518,-10.187,-4.2674,8.571,-3.3769,-6.3891,17.231,0.52367,-13.796,-14.077,-17.342,-23.946
-7.9651,-10.666,-5.4767,8.7886,-2.1156,-7.0207,17.791,1.0457,-13.355,-13.706,-17.285,-23.648
-7.6243,-11.104,-6.4111,9.0052,-1.1438,-7.561,18.41,1.6115,-12.916,-13.402,-17.252,-23.302
-7.493,-11.487,-6.9892,9.231,-0.57891,-7.9793,19.11,2.2696,-12.409,-13.122,-17.185,-22.882
-7.5569,-11.803,-7.2468,9.4572,-0.40025,-8.2764,19.885,3.0364,-11.793,-12.823,-17.03,-22.359
-7.724,-12.03,-7.3093,9.6438,-0.46272,-8.4751,20.7,3.884,-11.085,-12.483,-16.76,-21.728
-7.8652,-12.135,-7.3326,9.7329,-0.56705,-8.6058,21.506,4.75,-10.349,-12.117,-16.389,-21.016
-7.8761,-12.096,-7.4334,9.6803,-0.55696,-8.6902,22.24,5.5614,-9.6566,-11.767,-15.962,-20.276
-7.7265,-11.907,-7.6368,9.4824,-0.38994,-8.7286,22.839,6.2629,-9.0525,-11.478,-15.531,-19.574
-7.4673,-11.591,-7.8596,9.176,-0.15271,-8.6964,23.251,6.8382,-8.5369,-11.279,-15.139,-18.969
-7.192,-11.179,-7.9382,8.8125,-0.018632,-8.5526,23.445,7.3131,-8.0688,-11.164,-14.806,-18.494
-6.9785,-10.701,-7.6946,8.4259,-0.16347,-8.2565,23.416,7.7337,-7.5931,-11.104,-14.531,-18.147
-6.8411,-10.175,-7.0161,8.0141,-0.67801,-7.7847,23.175,8.1327,-7.0755,-11.055,-14.299,-17.9
-6.7198,-9.6118,-5.915,7.5446,-1.5186,-7.1493,22.736,8.506,-6.5267,-10.99,-14.093,-17.722
-6.5105,-9.0221,-4.5472,6.9778,-2.5148,-6.4082,22.109,8.8103,-6.0004,-10.91,-13.908,-17.598
-6.1188,-8.4344,-3.177,6.2983,-3.4247,-5.6619,21.297,8.9795,-5.5696,-10.844,-13.748,-17.528
-5.5064,-7.893,-2.0995,5.5355,-4.0071,-5.0301,20.303,8.9529,-5.2909,-10.829,-13.626,-17.513
-4.7067,-7.446,-1.5519,4.764,-4.0747,-4.6174,19.135,8.706,-5.1774,-10.885,-13.536,-17.537
-3.8096,-7.1304,-1.6499,4.0826,-3.5392,-4.4848,17.815,8.2648,-5.1898,-10.988,-13.446,-17.549
-2.9255,-6.9627,-2.3728,3.5827,-2.4365,-4.6395,16.381,7.6922,-5.2514,-11.079,-13.303,-17.473
-2.1431,-6.9366,-3.6058,3.3165,-0.88525,-5.0452,14.878,7.057,-5.2817,-11.088,-13.061,-17.242
-1.4925,-7.0246,-5.2152,3.2788,0.99099,-5.6419,13.349,6.4064,-5.2298,-10.969,-12.705,-16.826
-0.93879,-7.1843,-7.0942,3.4082,3.0935,-6.3602,11.826,5.7541,-5.093,-10.724,-12.27,-16.244
-0.41643,-7.3691,-9.1282,3.6117,5.3194,-7.125,10.321,5.0845,-4.9114,-10.402,-11.823,-15.556
0.11268,-7.544,-11.125,3.8026,7.4875,-7.8542,8.8259,4.3675,-4.746,-10.071,-11.437,-14.838
0.60606,-7.6997,-12.803,3.9347,9.3098,-8.4644,7.3226,3.5753,-4.6533,-9.7956,-11.171,-14.153
0.91908,-7.8572,-13.848,4.0173,10.422,-8.8857,5.7922,2.6973,-4.663,-9.6135,-11.047,-13.53
0.84189,-8.0571,-13.965,4.1062,10.438,-9.073,4.2289,1.7479,-4.765,-9.5188,-11.043,-12.951
0.20018,-8.3355,-12.942,4.2736,9.0474,-9.0037,2.6515,0.76436,-4.9111,-9.4619,-11.096,-12.358
-1.0364,-8.6978,-10.788,4.5696,6.1822,-8.6781,1.1003,-0.20418,-5.0333,-9.3658,-11.11,-11.663
-2.7073,-9.1065,-7.8469,4.9894,2.2362,-8.1324,-0.3824,-1.1143,-5.0732,-9.157,-10.988,-10.788
-4.4857,-9.4917,-4.7292,5.4654,-1.9146,-7.454,-1.7752,-1.9437,-5.0057,-8.7971,-10.666,-9.6977
-5.9603,-9.7824,-2.1103,5.892,-5.2476,-6.7809,-3.0835,-2.6933,-4.8433,-8.2979,-10.139,-8.4214
-6.7601,-9.9444,-0.53198,6.1719,-6.9552,-6.2818,-4.3288,-3.3742,-4.6216,-7.7134,-9.461,-7.04
-6.6851,-9.9983,-0.31176,6.2593,-6.6519,-6.1125,-5.529,-3.9916,-4.3765,-7.114,-8.7183,-5.6489
-5.7873,-10,-1.4916,6.1754,-4.512,-6.355,-6.6806,-4.5369,-4.126,-6.5578,-7.9956,-4.32
-4.3615,-10.002,-3.7791,5.9927,-1.2072,-6.9702,-7.7483,-4.9912,-3.8646,-6.0704,-7.3442,-3.082
-2.8467,-10.02,-6.5937,5.8022,2.3632,-7.7992,-8.668,-5.3374,-3.5724,-5.6429,-6.7725,-1.9223
-1.6783,-10.029,-9.2483,5.6775,5.3696,-8.6184,-9.3647,-5.5744,-3.232,-5.2462,-6.2567,-0.80277
-1.1459,-9.9828,-11.148,5.6496,7.24,-9.2171,-9.7779,-5.7228,-2.844,-4.8547,-5.7626,0.31734
-1.3129,-9.8398,-11.931,5.6971,7.7106,-9.4569,-9.8807,-5.8194,-2.4309,-4.4627,-5.2666,1.4622
-2.0209,-9.5756,-11.557,5.7543,6.8572,-9.2946,-9.686,-5.9007,-2.0269,-4.0868,-4.7659,2.6311
-2.9576,-9.1867,-10.29,5.7351,5.1034,-8.7732,-9.2392,-5.9865,-1.6622,-3.7524,-4.2759,3.8029
-3.7634,-8.6862,-8.5343,5.5674,3.0967,-7.9972,-8.6028,-6.0723,-1.351,-3.4792,-3.8182,4.9471
-4.161,-8.1018,-6.7031,5.2232,1.4734,-7.0954,-7.837,-6.134,-1.0867,-3.2707,-3.4079,6.0356
-4.0531,-7.4684,-5.1474,4.7332,0.6059,-6.1759,-6.9819,-6.1393,-0.84529,-3.1103,-3.0445,7.0529
-3.5341,-6.8145,-4.0204,4.1743,0.50995,-5.2923,-6.0496,-6.0623,-0.59453,-2.9663,-2.7114,8.0018
-2.8325,-6.1499,-3.2317,3.637,0.89313,-4.4464,-5.0405,-5.8981,-0.31049,-2.8062,-2.3873,8.9012
-2.2227,-5.4688,-2.5821,3.1908,1.3225,-3.6217,-3.9754,-5.6722,0.0060616,-2.617,-2.0614,9.7737
-1.9362,-4.77,-1.8801,2.8676,1.4121,-2.8122,-2.9105,-5.4372,0.32348,-2.4198,-1.7447,10.632
-2.0932,-4.0743,-0.99184,2.6676,0.93084,-2.0279,-1.9134,-5.2558,0.59036,-2.2653,-1.4694,11.47
-2.676,-3.4205,0.10262,2.577,-0.13734,-1.2999,-1.0326,-5.1773,0.75931,-2.2134,-1.2767,12.265
-3.5504,-2.8486,1.2823,2.5783,-1.5943,-0.68422,-0.28864,-5.2202,0.80916,-2.3054,-1.2007,12.992
-4.5179,-2.3894,2.3486,2.6497,-3.0985,-0.23856,0.31621,-5.372,0.75097,-2.5469,-1.2553,13.637
-5.3695,-2.0585,3.1074,2.7604,-4.2808,0.0053097,0.78882,-5.6048,0.61517,-2.908,-1.4302,14.208
-5.9229,-1.8552,3.4219,2.8712,-4.8576,0.046319,1.1362,-5.891,0.43062,-3.3387,-1.694,14.732
-6.0549,-1.7661,3.2427,2.9404,-4.6953,-0.092113,1.3587,-6.222,0.21091,-3.7885,-2.0036,15.25
-5.7278,-1.77,2.6202,2.9343,-3.8331,-0.36781,1.4553,-6.6011,-0.045089,-4.222,-2.3155,15.809
-5.0048,-1.8392,1.6941,2.8358,-2.4686,-0.72538,1.4301,-7.0309,-0.34256,-4.6246,-2.5961,16.449
-4.0382,-1.9389,0.6607,2.6483,-0.9045,-1.1018,1.2973,-7.5003,-0.67854,-4.9996,-2.8269,17.205
-3.0312,-2.0299,-0.2691,2.3926,0.53091,-1.434,1.0896,-7.9772,-1.0343,-5.3559,-3.0012,18.117
-2.1847,-2.0783,-0.92233,2.1048,1.5573,-1.6722,0.85501,-8.4184,-1.3766,-5.6965,-3.1181,19.236
-1.6484,-2.0706,-1.216,1.8328,2.0005,-1.7971,0.64534,-8.7788,-1.6697,-6.0144,-3.1795,20.619
-1.4894,-2.0262,-1.1815,1.6298,1.8361,-1.8312,0.49908,-9.036,-1.893,-6.3007,-3.1935,22.294
-1.6749,-1.994,-0.95246,1.5388,1.2171,-1.8352,0.42825,-9.2141,-2.0537,-6.5557,-3.1779,24.216
-2.0721,-2.0319,-0.72502,1.5732,0.44521,-1.8861,0.41895,-9.3716,-2.1855,-6.7931,-3.156,26.267
-2.4773,-2.1819,-0.69204,1.7054,-0.1263,-2.0477,0.44532,-9.5756,-2.3352,-7.0366,-3.1468,28.306
-2.679,-2.4537,-0.97242,1.8749,-0.22258,-2.3458,0.48887,-9.872,-2.5448,-7.3104,-3.154,30.242
-2.5407,-2.8205,-1.5626,2.0133,0.24646,-2.7558,0.55357,-10.266,-2.8333,-7.6256,-3.1605,32.084
-2.0631,-3.2273,-2.3262,2.0767,1.1488,-3.2047,0.66713,-10.719,-3.1865,-7.9681,-3.13,33.94
-1.3939,-3.6099,-3.036,2.0682,2.1711,-3.5926,0.8642,-11.161,-3.5604,-8.2945,-3.0185,35.977
-0.77837,-3.9206,-3.4607,2.0405,2.9346,-3.8342,1.1618,-11.52,-3.8995,-8.5446,-2.7915,38.355
-0.47038,-4.1495,-3.4725,2.0772,3.1486,-3.9023,1.5369,-11.758,-4.1619,-8.6682,-2.4413,41.143
-0.63596,-4.3298,-3.1176,2.2589,2.7303,-3.851,1.9285,-11.883,-4.3397,-8.6515,-1.997,44.26
-1.2874,-4.5215,-2.6069,2.6276,1.8387,-3.7986,2.2599,-11.953,-4.4643,-8.5299,-1.5213,47.474
-2.2758,-4.7826,-2.2162,3.1631,0.80071,-3.8774,2.4627,-12.058,-4.5937,-8.3766,-1.0944,50.499
-3.3531,-5.1393,-2.1589,3.7874,-0.047323,-4.1715,2.5022,-12.285,-4.7875,-8.2751,-0.79219,53.107
-4.2771,-5.5711,-2.4917,4.3926,-0.51388,-4.6768,2.3903,-12.68,-5.0852,-8.2881,-0.66137,55.177
-4.9049,-6.0164,-3.0809,4.8797,-0.6238,-5.2969,2.1772,-13.234,-5.4952,-8.4371,-0.70095,56.702
-5.2287,-6.3974,-3.6391,5.1899,-0.58244,-5.8698,1.9302,-13.889,-5.9981,-8.6966,-0.86293,57.797
-5.3472,-6.6519,-3.8392,5.3204,-0.65782,-6.219,1.7106,-14.564,-6.5589,-9.0085,-1.076,58.671
-5.3986,-6.7602,-3.4724,5.3199,-1.0411,-6.2277,1.5456,-15.191,-7.1466,-9.31,-1.2792,59.552
-5.4826,-6.7528,-2.5708,5.2646,-1.7407,-5.8996,1.4156,-15.742,-7.7517,-9.5647,-1.4484,60.57
-5.6002,-6.6981,-1.425,5.2204,-2.5528,-5.372,1.2609,-16.245,-8.394,-9.7789,-1.6039,61.706
-5.6416,-6.6749,-0.48056,5.2095,-3.1079,-4.8684,1.0121,-16.767,-9.1149,-9.9942,-1.7964,62.829
-5.4414,-6.7439,-0.15556,5.2041,-3.0273,-4.6137,0.6318,-17.374,-9.9583,-10.264,-2.0797,63.797
-4.8862,-6.9261,-0.66598,5.1532,-2.132,-4.7472,0.1413,-18.106,-10.948,-10.626,-2.4838,64.53
-4.018,-7.1948,-1.943,5.0257,-0.56,-5.2691,-0.37829,-18.948,-12.065,-11.088,-3.0022,65.027
-3.0615,-7.4818,-3.6436,4.8415,1.2614,-6.0345,-0.80836,-19.814,-13.235,-11.619,-3.5928,65.356
-2.3502,-7.6901,-5.2408,4.6627,2.7569,-6.793,-1.0253,-20.543,-14.309,-12.143,-4.1834,65.648
-2.1791,-7.7078,-6.2105,4.5465,3.4093,-7.2682,-0.93337,-20.906,-15.056,-12.528,-4.6714,66.097
-2.6532,-7.4283,-6.2608,4.4955,2.9815,-7.2589,-0.49063,-20.643,-15.18,-12.584,-4.9143,66.96
-3.6157,-6.7799,-5.4818,4.4377,1.6638,-6.7245,0.27324,-19.536,-14.359,-12.045,-4.7196,68.573
-4.6857,-5.7615,-4.3462,4.2435,0.088218,-5.8166,1.2493,-17.502,-12.404,-10.586,-3.8496,71.39
-5.3869,-4.5377,-3.4804,3.7647,-0.98391,-4.941,2.1509,-15.58,-10.025,-7.9566,-2.0297,75.662
-5.3352,-4.1591,-3.4973,2.8818,-1.0723,-5.2529,2.2464,-18.57,-15.099,-6.5526,0.39116,75.852
-4.4032,-7.0819,-5.0546,1.7055,0.029506,-7.2897,1.1827,-20.858,-19.008,-13.213,-4.4362,58.434
-2.7332,-9.2508,-7.5807,2.306,1.9317,-8.6989,0.50274,-23.724,-21.892,-15.053,-7.4461,56.12
-0.3295,-9.531,-9.3585,4.1603,3.5149,-9.0069,1.016,-25.571,-23.746,-17.678,-12.016,55.702
2.1716,-8.2833,-8.0247,3.5043,4.5507,-7.4959,3.2489,-23.968,-21.651,-19.343,-16.864,56.799
1.9492,-4.6357,-1.9262,1.6797,5.8166,-3.0891,7.8362,-16.666,-13.844,-17.262,-18.898,60.537
0.0017777,2.9257,8.8651,-1.627,-2.202,4.8215,14.549,-1.8584,1.2795,-8.0411,-14.001,68.927
-2.8616,15.797,22.969,-7.1809,-14.404,16.565,27.426,22.024,26.358,11.789,1.8936,86.503
-4.3153,34.929,38.868,-16.149,-27.77,33.224,43.606,54.879,62.809,45.415,32.255,120.76
-2.3485,59.441,53.601,-29.971,-38.934,55.175,58.015,94.18,111.04,95.746,80.376,174.66
5.4513,85.513,67.27,-49.127,-42.201,77.447,67.896,136.08,170.09,165.28,148.17,243.66
22.975,110.64,83.268,-72.197,-34.243,94.972,72.241,176.36,236.95,255.2,234.6,331.3
52.561,135.02,82.212,-97.995,-14.334,106.59,69.971,211.04,307.55,363.49,339.05,438.07
91.592,158.99,65.643,-127.25,15.694,112.41,59.34,236.58,377.66,489.06,464.06,560.28
137.22,183.44,41.875,-160.8,52.556,113.04,38.518,249.91,443.01,631.96,609.59,692.61
187.54,210.24,15.522,-198.98,92.278,111.5,6.962,248.15,499.28,788.28,772.58,829.39
239.15,242.22,-8.0475,-241.42,130.03,114.57,-34.416,229.01,542.09,948.93,945,964.63
287.61,281.36,-21.207,-286.32,160.1,127.67,-82.641,192.03,566.66,1099.7,1112.7,1090.8
327.23,326.76,-17.529,-329.87,176.81,152.48,-132.76,138.92,568.17,1222.6,1255.8,1197.7
351.7,374.28,5.1343,-366.56,176.08,187.8,-179.44,72.777,542.49,1297.4,1350.6,1273.1
355.87,417.12,44.289,-390.43,156.75,228.91,-218.7,-3.2158,486.14,1305,1374.2,1304.5
337.62,446.86,92.875,-396.4,121.62,268.08,-248.95,-87.053,396.09,1231.3,1310.7,1282.8
298.44,455.27,141.13,-381.2,76.701,296.52,-271.15,-178.13,271.58,1071.9,1156.2,1205.1
242.84,436.76,179.43,-344.21,29.246,306.74,-288.51,-276.65,115.66,834.62,921.39,1076.8
177.15,390.29,200.61,-288.04,-14.234,294.63,-305.5,-382.65,-64.842,538.83,629.74,910.99
108.19,319.75,201.77,-218.03,-49.389,260.54,-326.13,-494.28,-259.15,213.16,314.43,726.09
42.097,232.8,184.73,-140.98,-74.521,208.91,-351.78,-606.15,-452.09,-107.93,12.465,541.9
-16.445,139.16,154.46,-64.178,-89.732,146.82,-380.17,-708.59,-625.07,-389.42,-242.77,376.39
-64.552,49.073,116.33,5.5422,-95.782,82.532,-405.75,-788.91,-759.26,-602.74,-428.22,242.35
-101.1,-28.38,75.971,62.749,-94.965,24.052,-421.43,-834.95,-840.28,-732.11,-534.91,146.69
-126.08,-87.003,39.639,104.23,-90.686,-22.673,-421.42,-839.42,-862.43,-776.6,-568.1,88.977
-139.58,-124.14,12.179,128.91,-84.701,-54.681,-404.08,-802.85,-830.37,-749.12,-543.89,62.325
-141.24,-140.58,-6.0627,137.49,-76.48,-72.059,-372.39,-733.3,-757.12,-672.1,-483.67,57.496
-131.85,-139.86,-17.373,132.23,-65.751,-78.033,-331.58,-642.99,-659.44,-570.33,-407.62,63.344
-113.71,-127.32,-24.671,116.8,-51.931,-76.66,-286.53,-544.07,-552.66,-463.79,-330.09,71.211
-89.85,-108.51,-29.761,95.586,-35.799,-70.563,-240.46,-445.64,-447.58,-364.38,-258.34,74.037
-63.995,-87.596,-33.127,72.616,-21.04,-61.55,-195.21,-353.5,-350.37,-277.85,-196.04,68.022
-39.833,-67.105,-34.471,50.813,-10.096,-51.186,-152.22,-271.09,-264.51,-206.44,-145.37,53.485
-21.29,-48.407,-27.965,32.193,-3.1091,-40.439,-113.13,-200.46,-192.58,-149.08,-105.62,31.108
-10.491,-32.792,-17.081,18.463,0.47746,-29.912,-79.761,-143.04,-135.86,-103.17,-74.377,9.8582
-5.5581,-21.625,-14.27,10.092,1.4107,-22.604,-53.232,-99.587,-93.876,-69.286,-50.774,-4.6435
-3.4774,-14.211,-12.386,5.3531,0.51132,-17.355,-33.018,-68.906,-65.078,-46.39,-33.808,-18.073
-2.7396,-8.6552,-10.401,2.9093,-1.3793,-13.439,-17.566,-47.975,-45.747,-31.667,-22.985,-29.89
-2.7958,-4.659,-8.4511,1.8934,-2.7924,-9.8502,-5.923,-33.674,-32.127,-22.61,-16.781,-42.699
-4.3442,-2.404,-6.7649,1.8694,-3.3391,-6.9912,1.7177,-23.707,-22.417,-17.3,-13.532,-58.794
-6.2017,-3.0022,-5.4632,3.4301,-3.8172,-5.4438,5.8593,-16.858,-15.642,-13.987,-11.527,-72.627
-5.3001,-5.0777,-4.5419,4.6963,-4.2168,-4.6883,7.7643,-12.507,-11.146,-11.64,-10.011,-72.937
-4.3973,-4.6211,-3.9349,3.7296,-4.4525,-4.0442,8.3785,-10.162,-8.6965,-10.725,-10.246,-59.012
-3.9433,-3.5025,-3.5949,2.8312,-4.5761,-3.4673,8.1052,-9.3627,-8.7648,-10.275,-7.0704,-40.341
-3.8423,-2.6045,-3.5267,2.3007,-4.6445,-3.0765,5.1728,-10.304,-9.3219,-6.0429,-3.9697,-26.581
-3.9527,-1.9851,-3.7683,2.0579,-4.6133,-2.9148,5.6374,-8.3631,-5.6719,-2.9036,-1.8167,-23.794
-4.0952,-1.5633,-4.3631,1.9768,-4.3494,-2.9636,6.867,-5.254,-2.9645,-0.76844,-0.26345,-34.202
-4.0779,-1.2493,-5.3318,1.9252,-3.7098,-3.1742,7.6978,-3.093,-1.069,0.83834,0.98617,-56.612
-3.7569,-0.96948,-6.624,1.7915,-2.6297,-3.4739,8.1233,-1.6376,0.38364,2.2185,2.1204,-87.038
-3.0934,-0.67346,-8.0757,1.5108,-1.1836,-3.7657,8.1967,-0.68678,1.541,3.4982,3.225,-120.13
-2.169,-0.3358,-9.4183,1.0746,0.40275,-3.9413,7.975,-0.1403,2.4146,4.6567,4.289,-151.31
-1.1529,0.049249,-10.338,0.52134,1.7956,-3.9054,7.5329,0.056916,2.9669,5.585,5.2336,-177.41
-0.23868,0.48134,-10.566,-0.089336,2.6441,-3.5995,6.9611,-0.03761,3.1875,6.1758,5.97,-196.1
0.42119,0.96128,-9.9707,-0.70242,2.6997,-3.0177,6.3475,-0.34914,3.1314,6.4078,6.4614,-206.29
0.75455,1.483,-8.6281,-1.2802,1.9109,-2.2196,5.753,-0.79846,2.9018,6.3677,6.7466,-208.3
0.77301,2.0228,-6.82,-1.7992,0.44517,-1.3254,5.1938,-1.324,2.6004,6.2013,6.9154,-202.19
0.55005,2.5399,-4.955,-2.2413,-1.3693,-0.48748,4.6414,-1.8971,2.2854,6.0394,7.0595,-188.94
0.19293,2.9873,-3.4424,-2.5887,-3.142,0.15331,4.0425,-2.5226,1.9579,5.9473,7.2296,-173.25
-0.18129,3.3279,-2.5685,-2.827,-4.507,0.50507,3.3487,-3.2252,1.5779,5.9101,7.4169,-163.12
-0.46576,3.5442,-2.4415,-2.952,-5.1924,0.54036,2.5442,-4.0261,1.0986,5.8545,7.5606,-160.13
-0.57618,3.6405,-3.0225,-2.9787,-5.0729,0.28783,1.6564,-4.9205,0.50327,5.6962,7.58,-160.71
-0.45025,3.6371,-4.1858,-2.9476,-4.1801,-0.18574,0.74218,-5.8667,-0.1765,5.3903,7.4193,-163.9
-0.050094,3.5657,-5.7529,-2.9207,-2.6765,-0.79107,-0.13582,-6.7917,-0.86763,4.9618,7.0854,-170.17
0.61872,3.4657,-7.5056,-2.9636,-0.80923,-1.4301,-0.92984,-7.613,-1.4855,4.4966,6.653,-179.37
1.4886,3.3783,-9.205,-3.1211,1.1428,-2.0101,-1.6149,-8.2696,-1.9735,4.0966,6.2277,-190.4
2.4322,3.3348,-10.622,-3.3972,2.9002,-2.4582,-2.1868,-8.7476,-2.3325,3.8241,5.894,-201.54
3.2873,3.3443,-11.579,-3.7509,4.2021,-2.7339,-2.6527,-9.0832,-2.6204,3.67,5.6798,-211.14
3.899,3.3927,-11.992,-4.112,4.8445,-2.835,-3.0202,-9.3378,-2.9176,3.5659,5.5571,-218.78
4.1687,3.4526,-11.887,-4.4121,4.7403,-2.7932,-3.2893,-9.5603,-3.2774,3.4327,5.4748,-225.57
4.0912,3.4984,-11.389,-4.6133,3.964,-2.6618,-3.4529,-9.7583,-3.6928,3.2369,5.4027,-233.22
3.7598,3.5164,-10.702,-4.7188,2.7451,-2.4988,-3.5036,-9.8967,-4.0946,3.0202,5.3612,-243.09
3.3355,3.5095,-10.05,-4.7649,1.4099,-2.3485,-3.4405,-9.9233,-4.3817,2.8868,5.4198,-255.65
2.9927,3.4942,-9.6042,-4.8023,0.29776,-2.2331,-3.2706,-9.8063,-4.4675,2.9553,5.6698,-269.73
2.8612,3.4945,-9.447,-4.8758,-0.32679,-2.1547,-3.0053,-9.5575,-4.3218,3.3032,6.1858,-283.48
2.9888,3.5342,-9.5657,-5.0093,-0.34185,-2.1034,-2.6541,-9.2261,-3.9816,3.9352,6.9986,-296.34
3.3377,3.6301,-9.8878,-5.1995,0.2134,-2.0653,-2.2216,-8.8695,-3.5235,4.79,8.0853,-308.52
3.814,3.7895,-10.325,-5.4208,1.1759,-2.0306,-1.7117,-8.5226,-3.0179,5.7784,9.3795,-319.43
4.3099,4.01,-10.812,-5.6396,2.3281,-1.998,-1.1348,-8.1859,-2.4933,6.8297,10.798,-328.1
4.735,4.2873,-11.325,-5.8327,3.4672,-1.9704,-0.51351,-7.8343,-1.9293,7.9245,12.278,-334.34
5.0253,4.6251,-11.856,-5.9993,4.4416,-1.9413,0.11834,-7.4411,-1.2781,9.1002,13.81,-338.46
5.139,5.0443,-12.362,-6.1617,5.1325,-1.8799,0.72294,-7.0002,-0.49868,10.43,15.435,-340.42
5.0506,5.5852,-12.73,-6.3537,5.4212,-1.7244,1.2706,-6.5334,0.41782,11.989,17.226,-339.65
4.7476,6.3034,-12.779,-6.603,5.1947,-1.3862,1.7559,-6.0775,1.4456,13.824,19.252,-335.89
4.2361,7.2593,-12.319,-6.9185,4.3907,-0.7664,2.2089,-5.6605,2.5424,15.945,21.563,-330.12
3.5589,8.5056,-11.229,-7.2948,3.0497,0.21877,2.6873,-5.2856,3.6755,18.341,24.184,-323.86
2.8195,10.075,-9.5254,-7.7378,1.3368,1.6071,3.2482,-4.9324,4.8412,20.999,27.12,-317.99
2.1758,11.962,-7.3804,-8.2907,-0.50559,3.3614,3.916,-4.5698,6.0704,23.928,30.362,-312.61
1.7865,14.116,-5.0692,-9.0331,-2.2426,5.3568,4.6626,-4.1708,7.4184,27.184,33.899,-307.62
1.745,16.465,-2.8712,-10.062,-3.7036,7.4062,5.4138,-3.7227,8.9461,30.853,37.724,-302.93
2.0468,18.975,-0.97231,-11.476,-4.8135,9.3375,6.0789,-3.2307,10.7,35.011,41.84,-298.51
2.6042,21.698,0.58133,-13.361,-5.6145,11.08,6.5828,-2.7132,12.703,39.629,46.222,-294.29
3.2961,24.744,1.8496,-15.747,-6.2466,12.691,6.885,-2.1901,14.951,44.526,50.795,-290.2
4.0163,28.176,2.9214,-18.52,-6.8501,14.319,6.9757,-1.6682,17.438,49.414,55.43,-286.24
4.7051,31.881,3.8338,-21.4,-7.4447,16.147,6.8623,-1.1306,20.174,54.06,60.006,-282.57
5.3751,35.602,4.5292,-24.128,-7.892,18.34,6.5598,-0.5431,23.207,58.392,64.464,-279.35
6.1442,39.111,4.8823,-26.652,-7.9478,20.947,6.0891,0.12373,26.607,62.48,68.827,-276.34
7.2483,42.301,4.7807,-29.091,-7.3695,23.775,5.4749,0.86814,30.397,66.452,73.168,-273.02
8.9839,45.153,4.1983,-31.596,-6.0358,26.445,4.7385,1.6487,34.486,70.43,77.577,-268.95
11.59,47.715,3.2258,-34.254,-4.0299,28.677,3.891,2.4015,38.654,74.492,82.134,-263.77
15.122,50.081,2.0752,-37.056,-1.6519,30.47,2.9406,3.0725,42.659,78.659,86.892,-257.05
19.302,52.358,1.0727,-39.898,0.63386,32.019,1.9077,3.6463,46.348,82.911,91.86,-248.44
23.484,54.624,0.58619,-42.615,2.3072,33.561,0.83237,4.1554,49.707,87.225,97.006,-237.79
26.988,56.921,0.87783,-45.05,2.9669,35.258,-0.24089,4.6642,52.824,91.598,102.26,-225.33
29.526,59.266,1.9655,-47.143,2.517,37.138,-1.2892,5.2328,55.817,96.05,107.53,-211.75
31.295,61.677,3.5963,-48.974,1.2349,39.105,-2.3247,5.8847,58.766,100.61,112.75,-198.06
32.766,64.201,5.3547,-50.749,-0.34261,41.021,-3.3801,6.596,61.712,105.31,117.91,-185.18
34.436,66.913,6.8344,-52.732,-1.6485,42.8,-4.4794,7.3131,64.667,110.15,123.06,-173.74
36.613,69.896,7.7758,-55.153,-2.2913,44.464,-5.6146,7.984,67.641,115.12,128.26,-163.91
39.288,73.199,8.1399,-58.085,-2.1274,46.116,-6.7445,8.5905,70.656,120.16,133.58,-155.51
42.197,76.794,8.0975,-61.373,-1.2629,47.875,-7.8148,9.1598,73.739,125.22,138.99,-148.16
45.056,80.552,7.9286,-64.748,-0.014118,49.784,-8.7929,9.7526,76.919,130.26,144.45,-141.39
47.737,84.291,7.8709,-68.01,1.2436,51.783,-9.6962,10.434,80.212,135.24,149.87,-134.82
50.275,87.872,8.0163,-71.096,2.2582,53.74,-10.596,11.247,83.603,140.2,155.22,-128.21
52.795,91.256,8.3171,-74.058,2.9656,55.514,-11.591,12.197,87.029,145.21,160.54,-121.51
55.425,94.482,8.685,-77.014,3.4279,57.031,-12.768,13.249,90.403,150.35,165.93,-114.63
58.227,97.647,9.0759,-80.087,3.7592,58.341,-14.169,14.338,93.646,155.68,171.51,-107.28
61.191,100.88,9.4813,-83.34,4.1094,59.635,-15.776,15.414,96.72,161.21,177.4,-98.984
64.29,104.34,9.8817,-86.754,4.6498,61.179,-17.518,16.486,99.652,166.89,183.61,-89.129
67.514,108.12,10.235,-90.249,5.5103,63.205,-19.297,17.642,102.53,172.65,190.1,-77.302
70.829,112.24,10.49,-93.738,6.7104,65.752,-21.022,19.011,105.48,178.49,196.75,-63.775
74.175,116.5,10.614,-97.165,8.1733,68.578,-22.653,20.692,108.62,184.46,203.43,-49.752
77.512,120.59,10.616,-100.52,9.8344,71.321,-24.222,22.68,112.02,190.67,210.09,-36.748
80.866,124.39,10.517,-103.85,11.685,73.771,-25.821,24.84,115.66,197.22,216.74,-25.604
84.309,127.97,10.34,-107.26,13.697,75.953,-27.563,26.967,119.42,204.03,223.38,-16.2
87.825,131.51,10.175,-110.8,15.75,78.042,-29.53,28.891,123.14,210.79,230,-7.8804
91.176,135.15,10.253,-114.47,17.615,80.271,-31.712,30.559,126.66,217.08,236.48,-0.14474
93.958,138.9,10.918,-118.14,18.96,82.839,-33.961,32.039,129.89,222.69,242.68,7.1173
95.903,142.7,12.503,-121.66,19.393,85.841,-36.047,33.475,132.87,227.69,248.57,14.119
97.082,146.41,15.167,-124.87,18.642,89.229,-37.813,35.006,135.66,232.33,254.31,21.417
97.797,149.94,18.803,-127.65,16.888,92.828,-39.241,36.694,138.34,236.92,260.2,29.563
98.363,153.26,23.045,-130.06,14.844,96.386,-40.423,38.49,140.95,241.7,266.44,38.323
98.988,156.45,27.249,-132.22,13.325,99.657,-41.488,40.272,143.46,246.74,273,46.655
99.746,159.58,30.622,-134.27,12.747,102.49,-42.539,41.905,145.82,251.94,279.57,53.845
100.66,162.71,32.759,-136.27,13.078,104.86,-43.624,43.29,147.96,257.03,285.73,59.874
101.85,165.8,33.934,-138.18,14.183,106.86,-44.724,44.408,149.86,261.76,291.21,65.021
103.48,168.8,34.779,-140,15.801,108.68,-45.763,45.326,151.54,266.04,295.93,69.543
105.36,171.74,35.917,-141.69,17.121,110.53,-46.638,46.167,153.1,269.87,300.01,73.631
106.86,174.7,37.754,-143.3,17.212,112.55,-47.26,47.041,154.67,273.3,303.59,77.46
107.62,177.66,40.369,-144.89,15.922,114.7,-47.596,47.993,156.31,276.3,306.72,81.183
107.95,180.5,43.434,-146.55,13.971,116.78,-47.69,48.981,158.02,278.84,309.48,84.885
108.5,183.04,46.282,-148.37,12.319,118.59,-47.646,49.903,159.7,280.95,311.89,88.545
109.89,185.18,48.213,-150.39,11.7,119.98,-47.585,50.65,161.23,282.7,314.05,92.046
112.44,186.9,48.845,-152.56,12.494,120.87,-47.605,51.161,162.49,284.18,315.98,95.226
116.04,188.28,48.22,-154.76,14.608,121.31,-47.763,51.437,163.47,285.49,317.69,97.94
120.17,189.37,46.7,-156.85,17.599,121.39,-48.066,51.533,164.19,286.7,319.18,100.1
123.96,190.19,44.774,-158.63,20.886,121.25,-48.466,51.519,164.75,287.9,320.46,101.71
126.54,190.74,42.92,-160,23.776,121.01,-48.881,51.443,165.21,289.18,321.62,102.87
127.44,190.97,41.529,-160.93,25.548,120.77,-49.229,51.303,165.63,290.61,322.8,103.73
126.82,190.85,40.779,-161.48,25.761,120.58,-49.466,51.051,165.97,292.15,323.95,104.41
125.29,190.35,40.443,-161.68,24.476,120.4,-49.604,50.618,166.09,293.56,324.68,105.03
123.5,189.44,40.032,-161.39,22.236,120.06,-49.709,49.952,165.82,294.28,324.34,105.64
121.97,188.12,39.173,-160.33,20.052,119.34,-49.846,49.06,165,293.59,322.46,106.23
121.05,186.27,37.723,-158.38,18.845,118.16,-49.982,48.02,163.56,291.08,318.9,106.72
120.84,183.78,35.744,-155.71,18.897,116.6,-49.92,46.958,161.55,286.87,313.71,106.88
120.61,180.66,33.624,-152.57,20.174,114.78,-49.351,46.01,159.07,281.27,306.84,106.39
119.36,176.96,31.917,-149.06,22.582,112.76,-48.093,45.274,156.22,274.41,298.28,104.97
116.68,172.77,30.805,-145.11,25.514,110.49,-46.268,44.775,153.06,266.33,288.1,102.54
112.62,168.08,29.972,-140.61,27.477,107.88,-44.099,44.443,149.54,257.04,276.51,99.187
107.46,162.8,29.149,-135.5,27.679,104.95,-41.729,44.143,145.52,246.52,263.79,94.99
101.66,156.77,28.487,-129.77,26.192,101.68,-39.12,43.73,140.8,234.83,250.3,89.923
95.383,150,28.308,-123.47,23.116,97.97,-35.912,43.12,135.25,222.26,236.48,83.913
88.497,142.69,28.78,-116.81,18.47,93.846,-31.599,42.315,128.92,209.3,222.83,76.988
80.936,135.28,29.909,-110.01,12.444,90.037,-25.91,41.392,122.15,196.56,209.76,69.392
72.866,128.26,31.641,-103.15,5.5328,87.358,-19.023,40.446,115.42,184.5,197.49,61.541
64.524,121.86,33.594,-96.229,-1.5355,85.587,-11.614,39.539,109.11,173.38,186.06,53.854
56.023,115.83,35.057,-89.148,-7.8589,83.758,-4.6773,38.681,103.25,163.14,175.2,46.64
47.591,109.54,35.52,-81.819,-12.429,80.953,0.93945,37.844,97.6,153.47,164.26,40.034
39.899,102.44,34.731,-74.251,-14.561,76.666,4.9665,36.982,91.864,143.8,152.55,33.997
33.454,94.289,32.664,-66.603,-14.218,70.9,7.7195,36.049,85.856,133.56,139.84,28.341
28.086,85.258,29.476,-59.041,-12.213,64.081,9.7823,35.004,79.592,122.57,126.51,22.813
23.357,75.745,25.566,-51.608,-9.6908,56.813,11.631,33.815,73.25,111.17,113.2,17.201
18.716,66.101,21.654,-44.29,-7.4848,49.665,13.417,32.456,67.017,99.925,100.45,11.393
13.413,56.638,18.4,-37.183,-6.281,43.08,15.094,30.895,60.994,89.316,88.517,5.4064
7.6144,47.79,16.028,-30.538,-6.5449,37.28,16.67,29.097,55.184,79.574,77.465,-0.64028
2.7452,39.994,14.324,-24.603,-8.1378,32.281,18.199,27.032,49.513,70.699,67.236,-6.608
-0.80312,33.46,12.809,-19.385,-10.422,28.041,19.679,24.686,43.877,62.501,57.676,-12.429
-3.4074,28.045,11.023,-14.658,-12.617,24.443,21.054,22.072,38.146,54.698,48.546,-18.128
-5.2695,23.2,8.9214,-10.188,-14.094,21.038,22.253,19.273,32.183,47.037,39.658,-23.753
-6.494,18.117,6.9188,-5.9668,-14.61,16.887,23.21,16.464,26.004,39.397,31.063,-29.276
-7.2479,12.382,5.2408,-2.4421,-14.336,11.816,23.86,13.863,20.117,31.811,23.051,-34.578
-7.772,7.1861,3.6971,-0.041558,-13.636,7.627,24.158,11.599,15.243,24.569,16.031,-39.581
-8.308,3.7638,2.1326,1.5519,-12.827,4.8784,24.092,9.6592,11.587,18.338,10.485,-44.385
-9.0025,1.5018,0.58668,2.836,-12.113,2.8869,23.675,7.9402,8.8494,13.54,6.5158,-49.182
-9.8367,-0.26669,-0.8578,4.0125,-11.558,1.2363,22.946,6.3344,6.6581,9.9569,3.6727,-54.034
-10.631,-1.7875,-2.1854,5.08,-11.06,-0.22904,21.954,4.7632,4.7405,7.1428,1.4666,-58.784
-11.139,-3.1424,-3.4437,5.9716,-10.424,-1.5801,20.754,3.1823,2.9373,4.7495,-0.41692,-63.188
-11.176,-4.3634,-4.6925,6.6301,-9.4953,-2.8501,19.398,1.5767,1.1835,2.5762,-2.1557,-67.045
-10.718,-5.4655,-5.954,7.047,-8.2507,-4.0343,17.936,-0.04728,-0.52239,0.53358,-3.8405,-70.221
-9.8998,-6.4571,-7.1834,7.2702,-6.8006,-5.0992,16.414,-1.6767,-2.1574,-1.4017,-5.5046,-72.655
-8.9525,-7.345,-8.2961,7.3837,-5.3477,-6.0095,14.866,-3.3058,-3.709,-3.227,-7.1467,-74.371
-8.1066,-8.1347,-9.2228,7.4725,-4.0971,-6.7538,13.306,-4.9422,-5.1898,-4.9438,-8.7517,-75.481
-7.5135,-8.8296,-9.9484,7.591,-3.164,-7.356,11.747,-6.5946,-6.6341,-6.5722,-10.31,-76.138
-7.2042,-9.4338,-10.525,7.7509,-2.5478,-7.8692,10.219,-8.2561,-8.0787,-8.1476,-11.831,-76.498
-7.1,-9.9553,-11.05,7.9293,-2.157,-8.3577,8.7695,-9.8908,-9.5403,-9.7014,-13.338,-76.688
-7.0715,-10.404,-11.62,8.0893,-1.8661,-8.8697,7.4399,-11.443,-11.001,-11.237,-14.852,-76.791
-7.0097,-10.786,-12.269,8.2006,-1.5847,-9.4131,6.2609,-12.861,-12.411,-12.717,-16.363,-76.84
-6.868,-11.096,-12.948,8.2486,-1.2995,-9.9472,5.2501,-14.116,-13.71,-14.074,-17.817,-76.83
-6.6606,-11.321,-13.535,8.2335,-1.0615,-10.399,4.4123,-15.214,-14.855,-15.235,-19.134,-76.742
-6.4281,-11.454,-13.907,8.166,-0.93024,-10.695,3.7368,-16.191,-15.847,-16.17,-20.252,-76.563
-6.2005,-11.501,-14.003,8.061,-0.92412,-10.804,3.1986,-17.093,-16.731,-16.908,-21.169,-76.306
-5.979,-11.486,-13.871,7.9322,-0.99476,-10.749,2.7659,-17.956,-17.576,-17.541,-21.958,-76.013
-5.7379,-11.442,-13.643,7.7877,-1.0374,-10.607,2.4109,-18.788,-18.434,-18.188,-22.728,-75.743
-5.4466,-11.401,-13.482,7.6324,-0.93878,-10.465,2.1217,-19.568,-19.305,-18.936,-23.572,-75.539
-5.1017,-11.382,-13.495,7.4794,-0.63874,-10.391,1.9112,-20.256,-20.133,-19.802,-24.51,-75.396
-4.7473,-11.397,-13.694,7.3591,-0.16637,-10.404,1.8128,-20.811,-20.826,-20.72,-25.481,-75.25
-4.4621,-11.452,-13.994,7.3129,0.36828,-10.482,1.8624,-21.217,-21.307,-21.572,-26.369,-75.007
-4.3197,-11.546,-14.267,7.372,0.82237,-10.576,2.0731,-21.482,-21.547,-22.243,-27.059,-74.582
-4.349,-11.675,-14.398,7.5371,1.083,-10.638,2.4197,-21.633,-21.576,-22.671,-27.488,-73.926
-4.5188,-11.824,-14.329,7.7746,1.1097,-10.641,2.8428,-21.7,-21.465,-22.865,-27.665,-73.051
-4.7578,-11.978,-14.069,8.0323,0.93194,-10.587,3.2722,-21.707,-21.284,-22.894,-27.663,-72.035
-4.9975,-12.133,-13.678,8.265,0.60955,-10.508,3.6561,-21.666,-21.086,-22.842,-27.582,-71.007
-5.2107,-12.295,-13.238,8.451,0.18784,-10.449,3.9823,-21.573,-20.882,-22.767,-27.503,-70.089
-5.4227,-12.464,-12.819,8.5901,-0.32249,-10.441,4.282,-21.415,-20.655,-22.679,-27.456,-69.332
-5.6907,-12.617,-12.454,8.6907,-0.93328,-10.485,4.6122,-21.179,-20.377,-22.55,-27.417,-68.686
-6.0683,-12.708,-12.134,8.7638,-1.6466,-10.544,5.0227,-20.862,-20.035,-22.344,-27.323,-68.025
-6.5728,-12.698,-11.835,8.8273,-2.4208,-10.574,5.525,-20.473,-19.635,-22.046,-27.112,-67.209
-7.1596,-12.574,-11.549,8.9014,-3.151,-10.542,6.0809,-20.025,-19.199,-21.673,-26.748,-66.137
-7.7117,-12.351,-11.314,8.9828,-3.6737,-10.449,6.6157,-19.526,-18.732,-21.261,-26.239,-64.774
-8.0551,-12.046,-11.222,9.0208,-3.7973,-10.311,7.0511,-18.978,-18.22,-20.846,-25.624,-63.141
-8.0066,-11.659,-11.364,8.9242,-3.3688,-10.144,7.3389,-18.382,-17.633,-20.441,-24.943,-61.284
-7.447,-11.169,-11.743,8.5983,-2.3573,-9.9421,7.4799,-17.75,-16.944,-20.021,-24.204,-59.222
-6.3917,-10.556,-12.219,7.9927,-0.91199,-9.6702,7.52,-17.099,-16.144,-19.529,-23.372,-56.93
-5.0168,-9.8178,-12.548,7.1343,0.63966,-9.2805,7.5296,-16.452,-15.249,-18.901,-22.391,-54.366
-3.616,-8.9847,-12.466,6.1277,1.8737,-8.7325,7.575,-15.828,-14.295,-18.099,-21.227,-51.538
-2.4985,-8.1096,-11.805,5.1181,2.4137,-8.0173,7.6915,-15.23,-13.329,-17.135,-19.898,-48.545
-1.8757,-7.2489,-10.572,4.2355,2.0781,-7.171,7.869,-14.65,-12.382,-16.064,-18.473,-45.562
-1.7845,-6.4454,-8.9694,3.5485,0.96981,-6.2742,8.0554,-14.067,-11.468,-14.968,-17.04,-42.754
-2.0783,-5.7206,-7.3437,3.0513,-0.53316,-5.437,8.1746,-13.467,-10.582,-13.921,-15.667,-40.217
-2.4829,-5.0785,-6.0767,2.6815,-1.8969,-4.7712,8.1531,-12.858,-9.7167,-12.962,-14.382,-37.956
-2.7025,-4.5111,-5.4671,2.3565,-2.6263,-4.3585,7.9444,-12.273,-8.8747,-12.091,-13.168,-35.903
-2.541,-4.005,-5.6369,2.0083,-2.4483,-4.2223,7.5448,-11.752,-8.0665,-11.275,-11.986,-33.949
-1.9783,-3.5473,-6.4898,1.6107,-1.3987,-4.3171,6.995,-11.325,-7.3038,-10.466,-10.796,-31.983
-1.1666,-3.1326,-7.7361,1.1909,0.19796,-4.5392,6.3687,-10.989,-6.5887,-9.6306,-9.5775,-29.935
-0.36101,-2.7673,-8.9829,0.81815,1.846,-4.7578,5.7506,-10.712,-5.9073,-8.7555,-8.3377,-27.794
0.18543,-2.4676,-9.8625,0.57309,3.0663,-4.8571,5.2119,-10.441,-5.2303,-7.8517,-7.104,-25.592
0.33062,-2.2481,-10.151,0.50297,3.5743,-4.7719,4.79,-10.123,-4.5221,-6.9411,-5.9112,-23.381
0.1107,-2.104,-9.8295,0.58269,3.3733,-4.4992,4.4771,-9.73,-3.7572,-6.0417,-4.7858,-21.222
-0.28081,-2.0025,-9.0576,0.71565,2.7161,-4.0854,4.2281,-9.2633,-2.9331,-5.156,-3.7357,-19.171
-0.5994,-1.8928,-8.0733,0.78291,1.9441,-3.6,3.988,-8.7513,-2.0734,-4.2716,-2.7492,-17.257
-0.68298,-1.7318,-7.0842,0.70718,1.3136,-3.1094,3.7283,-8.2281,-1.2165,-3.3717,-1.8041,-15.486
-0.53915,-1.5046,-6.2049,0.49232,0.89584,-2.6568,3.4735,-7.7112,-0.39921,-2.4497,-0.88251,-13.847
-0.33454,-1.2306,-5.4427,0.22106,0.57699,-2.2543,3.3042,-7.1873,0.35979,-1.5184,0.016228,-12.339
-0.29688,-0.95215,-4.7267,0.016997,0.15784,-1.8905,3.3278,-6.6157,1.0673,-0.60621,0.87381,-10.981
-0.59829,-0.71154,-3.9785,-0.010705,-0.5144,-1.5481,3.635,-5.9478,1.7529,0.25962,1.6657,-9.7957
-1.2733,-0.52977,-3.1938,0.18178,-1.4509,-1.2204,4.2643,-5.1519,2.4572,1.0715,2.3836,-8.7918
-2.1879,-0.39504,-2.475,0.54731,-2.484,-0.91521,5.1831,-4.2322,3.2132,1.8496,3.0489,-7.9528
-3.0744,-0.26484,-1.9865,0.96064,-3.3106,-0.64611,6.2872,-3.2317,4.0293,2.6335,3.7084,-7.2373
-3.636,-0.079535,-1.8537,1.2667,-3.6232,-0.41527,7.4235,-2.2211,4.8784,3.4598,4.4102,-6.5942
-3.6815,0.21762,-2.0735,1.3431,-3.2632,-0.1987,8.4341,-1.2746,5.7035,4.3406,5.1768,-5.9807
-3.223,0.6615,-2.4926,1.1482,-2.3115,0.058544,9.206,-0.44598,6.4391,5.2508,5.9888,-5.3752
-2.4809,1.2546,-2.8472,0.73309,-1.0939,0.43329,9.6984,0.2477,7.0416,6.132,6.7882,-4.7819
-1.7949,1.9673,-2.8322,0.21953,-0.096684,1.0021,9.9301,0.82362,7.5093,6.9116,7.4972,-4.224
-1.4853,2.7477,-2.1958,-0.24915,0.19503,1.8099,9.9415,1.3126,7.8779,7.5317,8.0475,-3.7313
-1.7217,3.5335,-0.84662,-0.57157,-0.51655,2.8371,9.759,1.7309,8.193,7.979,8.4093,-3.3262
-2.4482,4.2689,1.0865,-0.74028,-2.2073,3.9897,9.3879,2.0625,8.4804,8.29,8.603,-3.0154
-3.4003,4.9275,3.3049,-0.84603,-4.5046,5.1326,8.8257,2.2635,8.7321,8.5357,8.6873,-2.7801
-4.2244,5.5243,5.4633,-1.0247,-6.8281,6.1499,8.0733,2.2838,8.9118,8.7869,8.7299,-2.5836
-4.633,6.0929,7.2787,-1.3819,-8.6609,6.9775,7.138,2.0899,8.9743,9.0824,8.7771,-2.3834
-4.5004,6.6481,8.5701,-1.9417,-9.7223,7.5957,6.0358,1.6797,8.8892,9.4137,8.8388,-2.1461
-3.8681,7.1699,9.2629,-2.642,-9.9486,8.0039,4.7958,1.0858,8.6608,9.7345,8.8932,-1.8555
-2.8955,7.6119,9.3627,-3.3671,-9.4209,8.1992,3.4655,0.36839,8.3331,9.9904,8.9084,-1.51
-1.7885,7.9205,8.917,-3.9945,-8.2958,8.1677,2.1044,-0.40239,7.9752,10.151,8.8682,-1.1135
-0.72005,8.052,7.98,-4.4361,-6.7378,7.8904,0.7675,-1.1678,7.6535,10.224,8.784,-0.6691
0.22398,7.9829,6.5996,-4.6601,-4.8792,7.3549,-0.51049,-1.8957,7.406,10.242,8.6868,-0.17835
1.044,7.7164,4.8342,-4.6899,-2.8201,6.5688,-1.717,-2.5806,7.2316,10.236,8.6068,0.35555
1.7794,7.2835,2.7885,-4.5845,-0.66135,5.5717,-2.8513,-3.23,7.0987,10.218,8.5551,0.92452
2.4523,6.7379,0.6364,-4.4093,1.4562,4.4448,-3.9101,-3.8443,6.9675,10.175,8.5221,1.5161
3.0364,6.1448,-1.3841,-4.2133,3.3254,3.3069,-4.8809,-4.4021,6.8142,10.085,8.4878,2.118
3.46,5.5645,-3.0107,-4.0193,4.6994,2.2914,-5.7468,-4.8584,6.6448,9.931,8.4384,2.7246
3.6397,5.0357,-4.0253,-3.8254,5.3663,1.5088,-6.5003,-5.1568,6.4913,9.7219,8.378,3.3394
3.523,4.5679,-4.3308,-3.6151,5.2311,1.0126,-7.1547,-5.2537,6.395,9.4955,8.3307,3.9732
3.1202,4.1486,-3.9952,-3.3714,4.3704,0.78642,-7.7437,-5.1419,6.3855,9.3091,8.3334,4.6385
2.5095,3.7594,-3.2276,-3.0924,3.0242,0.75569,-8.3006,-4.86,6.4652,9.2196,8.4245,5.3436
1.8161,3.3933,-2.3049,-2.7963,1.5257,0.81996,-8.8414,-4.4793,6.6067,9.2604,8.6297,6.0869
1.1716,3.0604,-1.4833,-2.5116,0.20679,0.89054,-9.3535,-4.0742,6.7632,9.4236,8.9488,6.8524
0.67115,2.7825,-0.92778,-2.2625,-0.68806,0.91914,-9.8045,-3.6978,6.8888,9.6592,9.3456,7.608
0.35278,2.5796,-0.68385,-2.0591,-1.0546,0.90351,-10.166,-3.3655,6.9581,9.8903,9.7527,8.3057
0.20588,2.458,-0.69858,-1.9004,-0.93267,0.87078,-10.429,-3.0588,6.9752,10.044,10.092,8.8997
0.19615,2.4082,-0.8748,-1.7825,-0.46077,0.85244,-10.607,-2.7445,6.9668,10.076,10.305,9.3662
0.28642,2.4082,-1.1123,-1.7039,0.19163,0.86737,-10.725,-2.4028,6.9598,9.9819,10.368,9.7125
0.44239,2.429,-1.3277,-1.6635,0.87347,0.9172,-10.8,-2.0429,6.9563,9.7725,10.287,9.9637
0.62846,2.4428,-1.4594,-1.6566,1.464,0.99084,-10.832,-1.7071,6.9254,9.4624,10.09,10.144
0.80439,2.433,-1.466,-1.6747,1.8614,1.0762,-10.803,-1.4497,6.8189,9.0631,9.8048,10.262
0.92926,2.4017,-1.3212,-1.7104,1.9812,1.1685,-10.693,-1.314,6.6013,8.5918,9.4583,10.314
0.97076,2.3695,-1.0183,-1.7616,1.7733,1.2686,-10.492,-1.3093,6.2743,8.0747,9.0687,10.29
0.9157,2.363,-0.58153,-1.8315,1.2441,1.3739,-10.21,-1.4056,5.8784,7.5439,8.645,10.184
0.77913,2.3986,-0.079081,-1.9231,0.47384,1.467,-9.8759,-1.5478,5.4743,7.0286,8.1892,10.005
0.60967,2.469,0.37878,-2.0352,-0.38002,1.5117,-9.5175,-1.6825,5.1154,6.5477,7.6985,9.7708
0.48826,2.5423,0.65631,-2.1635,-1.1061,1.4571,-9.1573,-1.7864,4.8245,6.104,7.1665,9.5038
0.51758,2.5738,0.62653,-2.3069,-1.4882,1.2531,-8.8071,-1.88,4.5836,5.679,6.5838,9.2196
0.80341,2.5258,0.21238,-2.4747,-1.3634,0.87094,-8.4673,-2.0182,4.3411,5.2351,5.9413,8.9248
1.4317,2.3859,-0.58483,-2.688,-0.66382,0.31893,-8.1319,-2.2588,4.0377,4.7288,5.239,8.6238
2.4423,2.1754,-1.6768,-2.9716,0.57112,-0.35294,-7.7967,-2.6269,3.6396,4.1331,4.4966,8.3313
3.8006,1.9384,-2.9104,-3.3376,2.2076,-1.0643,-7.4678,-3.0852,3.1643,3.4583,3.759,8.0844
5.3773,1.7196,-4.1204,-3.7688,4.0452,-1.7309,-7.1596,-3.5412,2.6803,2.7581,3.0926,7.9482
6.9584,1.5399,-5.1926,-4.2158,5.8673,-2.2984,-6.891,-3.8857,2.2794,2.1143,2.5709,8.01
8.3113,1.386,-6.1062,-4.6098,7.5241,-2.7682,-6.678,-4.0418,2.0361,1.606,2.2518,8.3607
9.2897,1.2145,-6.9365,-4.8867,8.9974,-3.1965,-6.525,-4.0015,1.9744,1.2765,2.1539,9.0708
9.8947,0.97275,-7.8156,-5.0071,10.381,-3.6641,-6.4216,-3.8239,2.0598,1.115,2.243,10.168
10.239,0.62669,-8.8629,-4.9625,11.786,-4.2301,-6.3392,-3.5962,2.2207,1.066,2.4394,11.615
10.447,0.18295,-10.111,-4.7695,13.257,-4.893,-6.2364,-3.382,2.3887,1.0632,2.6447,13.294
10.562,-0.30853,-11.461,-4.4587,14.728,-5.5789,-6.071,-3.1959,2.5338,1.0673,2.7829,15.036
10.527,-0.77513,-12.683,-4.0633,15.998,-6.165,-5.8143,-3.0023,2.6721,1.0845,2.837,16.681
10.207,-1.1545,-13.482,-3.6061,16.729,-6.527,-5.459,-2.7458,2.8483,1.1551,2.8495,18.137
9.4626,-1.4197,-13.585,-3.0933,16.529,-6.5847,-5.0145,-2.3804,3.1038,1.3221,2.8856,19.373
8.2139,-1.5832,-12.834,-2.5185,15.111,-6.3237,-4.4922,-1.897,3.4498,1.6016,2.9907,20.392
6.4884,-1.6805,-11.244,-1.8783,12.444,-5.7906,-3.8955,-1.3308,3.8576,1.9713,3.1673,21.187
4.4284,-1.7479,-9.0093,-1.1882,8.8197,-5.0719,-3.2231,-0.75103,4.2658,2.3753,3.3774,21.722
2.2688,-1.806,-6.4606,-0.49178,4.8101,-4.2681,-2.484,-0.23665,4.6021,2.7419,3.5591,21.925
0.28794,-1.8544,-3.9749,0.14454,1.107,-3.4693,-1.7088,0.15303,4.8109,3.0077,3.6515,21.721
-1.2649,-1.8759,-1.8748,0.6501,-1.71,-2.7396,-0.94573,0.40184,4.8799,3.1405,3.619,21.071
-2.2363,-1.8489,-0.35952,0.97532,-3.3087,-2.111,-0.24404,0.54202,4.8473,3.1512,3.4646,20.017
-2.6009,-1.7611,0.51367,1.1112,-3.6621,-1.5903,0.36786,0.63633,4.7844,3.0869,3.2267,18.688
-2.4493,-1.6222,0.80588,1.0934,-3.024,-1.1738,0.89365,0.7456,4.76,3.0044,2.957,17.272
-1.9493,-1.4689,0.64879,0.99076,-1.8,-0.8633,1.3644,0.89162,4.805,2.9385,2.6918,15.938
-1.2993,-1.3591,0.19197,0.88487,-0.3854,-0.67385,1.8233,1.0507,4.8966,2.8845,2.4337,14.741
-0.68198,-1.3552,-0.43032,0.84881,0.95504,-0.62628,2.3093,1.1747,4.971,2.8053,2.1564,13.514
-0.23074,-1.5007,-1.1022,0.93064,2.0831,-0.72809,2.8484,1.2272,4.9597,2.66,1.8287,11.916
-0.019148,-1.8012,-1.7147,1.1453,2.8997,-0.95667,3.4518,1.2109,4.829,2.435,1.4421,9.7472
-0.070427,-2.2195,-2.1651,1.478,3.3157,-1.2589,4.1206,1.1721,4.5993,2.1571,1.0227,7.1531
-0.37373,-2.6891,-2.376,1.8938,3.2859,-1.5682,4.8545,1.1784,4.3325,1.8834,0.62306,4.491
-0.89905,-3.1429,-2.3205,2.3536,2.8363,-1.8299,5.6637,1.2875,4.0974,1.6689,0.30279,2.0506
-1.6087,-3.5376,-2.0373,2.8281,2.0628,-2.0202,6.58,1.5245,3.9398,1.5412,0.10489,-0.07659
-2.4594,-3.8638,-1.6221,3.3027,1.1096,-2.1507,7.6478,1.8792,3.8697,1.4886,0.037434,-1.9248
-3.3944,-4.1402,-1.1993,3.7717,0.13247,-2.2558,8.8955,2.3163,3.8635,1.4657,0.067946,-3.5592
-4.3361,-4.395,-0.88043,4.226,-0.74286,-2.3725,10.311,2.7901,3.8768,1.4129,0.13581,-5.0437
-5.1921,-4.6467,-0.72363,4.6457,-1.4509,-2.5198,11.846,3.2579,3.8641,1.2813,0.17807,-6.4358
-5.8754,-4.8915,-0.70944,4.9975,-1.9962,-2.6888,13.422,3.6915,3.798,1.0531,0.15578,-7.7783
-6.326,-5.1011,-0.74337,5.2389,-2.441,-2.8422,14.942,4.0824,3.6794,0.74555,0.07008,-9.0814
-6.5237,-5.2287,-0.69069,5.3271,-2.8712,-2.9209,16.307,4.4393,3.5353,0.41294,-0.044579,-10.306
-6.4813,-5.2204,-0.43875,5.2313,-3.3383,-2.8612,17.437,4.7781,3.4051,0.1192,-0.13529,-11.359
-6.2257,-5.0343,0.038647,4.9446,-3.8028,-2.6243,18.281,5.1063,3.3179,-0.082602,-0.1552,-12.128
-5.7776,-4.6661,0.64538,4.4905,-4.1319,-2.2271,18.819,5.4091,3.275,-0.17297,-0.087517,-12.533
-5.143,-4.1626,1.1738,3.9204,-4.1406,-1.7545,19.052,5.6464,3.2433,-0.17737,0.042364,-12.583
-4.3172,-3.6153,1.3645,3.3049,-3.6284,-1.3356,19.011,5.7669,3.1684,-0.156,0.17582,-12.375
-3.3035,-3.1261,1.0031,2.7163,-2.4423,-1.0915,18.753,5.7314,3.0024,-0.17739,0.24815,-12.048
-2.1392,-2.7647,0.022426,2.2092,-0.57708,-1.081,18.355,5.5322,2.7282,-0.28192,0.21666,-11.713
-0.90894,-2.5415,-1.4416,1.81,1.7652,-1.2746,17.892,5.1932,2.3666,-0.47265,0.084308,-11.417
0.25081,-2.4096,-3.071,1.5211,4.1989,-1.5649,17.42,4.7558,1.9622,-0.72513,-0.11247,-11.144
1.1508,-2.2931,-4.4395,1.3375,6.2218,-1.8016,16.964,4.2613,1.5604,-1.0066,-0.32344,-10.842
1.5671,-2.1231,-5.1157,1.261,7.3003,-1.8382,16.527,3.7403,1.1911,-1.2916,-0.50974,-10.459
1.3026,-1.8663,-4.7933,1.3037,7.0139,-1.5798,16.095,3.2115,0.86086,-1.5706,-0.66114,-9.9763
0.27741,-1.5342,-3.4113,1.4779,5.229,-1.0169,15.657,2.6837,0.556,-1.8475,-0.79955,-9.4251
-1.4051,-1.1752,-1.1965,1.7803,2.2008,-0.22815,15.209,2.1603,0.25306,-2.1354,-0.96959,-8.8764
-3.4609,-0.85383,1.4073,2.1813,-1.4647,0.64886,14.749,1.6436,-0.067856,-2.4467,-1.2116,-8.4127
-5.5043,-0.62417,3.8882,2.6247,-5.0083,1.4645,14.269,1.1405,-0.41251,-2.7823,-1.5404,-8.0866
-7.167,-0.50727,5.8279,3.0378,-7.7913,2.1072,13.755,0.66408,-0.76916,-3.1223,-1.9319,-7.8905
-8.2003,-0.47825,7.0207,3.3475,-9.4589,2.5417,13.194,0.23107,-1.1139,-3.4293,-2.3288,-7.7564
-8.5212,-0.47316,7.5034,3.4979,-9.9577,2.8151,12.574,-0.14576,-1.4233,-3.6641,-2.6666,-7.5883
-8.2003,-0.41816,7.4814,3.4647,-9.4795,3.0194,11.882,-0.46661,-1.6882,-3.8051,-2.9068,-7.3131
-7.4192,-0.26662,7.204,3.2615,-8.3543,3.2308,11.096,-0.74826,-1.9196,-3.8692,-3.0536,-6.9195
-6.4171,-0.02428,6.8565,2.9382,-6.9267,3.4678,10.198,-1.0182,-2.1449,-3.9004,-3.1521,-6.4624
-5.4246,0.25347,6.5117,2.5692,-5.476,3.6904,9.1734,-1.3011,-2.3931,-3.9545,-3.2645,-6.0335
-4.6001,0.48925,6.1475,2.2347,-4.1924,3.8306,8.0201,-1.6064,-2.6805,-4.0738,-3.4398,-5.7155
-4.0107,0.61839,5.6947,1.9989,-3.1607,3.8274,6.7475,-1.9267,-3.0032,-4.2707,-3.6911,-5.5474
-3.6573,0.61405,5.093,1.8945,-2.3748,3.652,5.372,-2.2502,-3.3432,-4.5281,-3.9919,-5.5104
-3.511,0.4905,4.3472,1.9194,-1.8076,3.3188,3.9113,-2.5792,-3.6835,-4.8138,-4.2902,-5.5465
-3.5344,0.28925,3.5443,2.0449,-1.4628,2.8793,2.3846,-2.9377,-4.0226,-5.1061,-4.5325,-5.5865
-3.6894,0.056479,2.8163,2.2289,-1.3761,2.4046,0.81926,-3.3582,-4.3747,-5.4009,-4.6922,-5.5792
-3.933,-0.17649,2.2831,2.4261,-1.5846,1.961,-0.74264,-3.8619,-4.7606,-5.7069,-4.7729,-5.5075
-4.2031,-0.4021,2.0096,2.5932,-2.0763,1.5881,-2.2519,-4.4483,-5.1965,-6.0361,-4.8064,-5.387
-4.4173,-0.63294,1.986,2.6917,-2.765,1.2866,-3.6701,-5.1004,-5.688,-6.3963,-4.8371,-5.2531
-4.4976,-0.88973,2.1356,2.6965,-3.513,1.0241,-4.9819,-5.7955,-6.2284,-6.7849,-4.902,-5.1414
-4.4022,-1.1878,2.3356,2.6057,-4.1713,0.75221,-6.1904,-6.5098,-6.798,-7.1836,-5.0123,-5.0699
-4.1381,-1.5278,2.4398,2.4461,-4.592,0.42855,-7.2985,-7.2152,-7.3648,-7.5578,-5.1447,-5.0277
-3.747,-1.8949,2.3153,2.2664,-4.633,0.031982,-8.2933,-7.8762,-7.8911,-7.8652,-5.2559,-4.9795
-3.2738,-2.2663,1.8765,2.1161,-4.2023,-0.43923,-9.145,-8.4542,-8.3466,-8.0775,-5.3082,-4.8862
-2.7261,-2.6242,1.0728,2.0196,-3.2684,-0.98719,-9.8241,-8.9203,-8.7242,-8.2013,-5.2974,-4.7332
-2.0515,-2.9653,-0.14834,1.9645,-1.7992,-1.6304,-10.319,-9.2646,-9.0431,-8.2814,-5.2598,-4.5423
-1.1748,-3.303,-1.8263,1.9158,0.22535,-2.3946,-10.636,-9.4917,-9.3324,-8.3765,-5.2489,-4.356
-0.078652,-3.6603,-3.9111,1.8471,2.7238,-3.2829,-10.795,-9.6075,-9.6065,-8.5226,-5.3011,-4.2046
1.1415,-4.0596,-6.2066,1.7656,5.452,-4.2526,-10.81,-9.611,-9.8506,-8.7108,-5.4141,-4.0832
2.2818,-4.5116,-8.3814,1.7125,7.9969,-5.2135,-10.696,-9.4955,-10.028,-8.8933,-5.5521,-3.9537
3.0886,-5.0085,-10.037,1.7437,9.846,-6.0461,-10.465,-9.2594,-10.103,-9.0097,-5.6694,-3.7673
3.3447,-5.5255,-10.826,1.9037,10.547,-6.6352,-10.131,-8.9136,-10.058,-9.0193,-5.736,-3.4936
2.9487,-6.0305,-10.578,2.2089,9.8818,-6.9103,-9.7167,-8.4817,-9.9078,-8.9188,-5.7511,-3.1396
1.9553,-6.5007,-9.3847,2.6452,7.9644,-6.877,-9.2463,-7.9919,-9.6844,-8.7404,-5.741,-2.7498
0.56447,-6.9361,-7.5855,3.1777,5.2329,-6.6248,-8.7529,-7.4658,-9.4247,-8.5331,-5.7454,-2.3823
-0.9373,-7.3589,-5.6776,3.7625,2.3454,-6.3029,-8.2725,-6.9107,-9.1542,-8.3412,-5.8007,-2.0846
-2.263,-7.7966,-4.1558,4.3543,-0.023375,-6.069,-7.8373,-6.3208,-8.8834,-8.1923,-5.9291,-1.8762
-3.2093,-8.2588,-3.351,4.9115,-1.4182,-6.033,-7.4668,-5.6882,-8.6131,-8.0965,-6.1342,-1.7477
-3.7083,-8.7243,-3.3375,5.4019,-1.7243,-6.2191,-7.1595,-5.0111,-8.3419,-8.0513,-6.4014,-1.6708
-3.832,-9.1473,-3.9443,5.8129,-1.1494,-6.5625,-6.8929,-4.2961,-8.068,-8.0469,-6.7026,-1.6122
-3.7504,-9.4765,-4.8436,6.1549,-0.12388,-6.9401,-6.6335,-3.5558,-7.7884,-8.0721,-7.006,-1.5469
-3.6591,-9.6726,-5.6776,6.4495,0.86693,-7.2179,-6.3541,-2.8098,-7.4995,-8.1203,-7.2895,-1.4676
-3.7013,-9.7175,-6.1822,6.7055,1.4701,-7.302,-6.049,-2.0882,-7.2031,-8.1964,-7.551,-1.3898
-3.9065,-9.6152,-6.2645,6.8992,1.5847,-7.1737,-5.7411,-1.4314,-6.9111,-8.3163,-7.8077,-1.35
-4.1761,-9.3871,-6.0022,6.9758,1.3271,-6.8895,-5.4723,-0.88192,-6.6439,-8.4964,-8.0832,-1.3885
-4.3471,-9.0635,-5.5676,6.8774,0.90299,-6.542,-5.2843,-0.4702,-6.4216,-8.7399,-8.3893,-1.5311
-4.2992,-8.6763,-5.1241,6.5787,0.49611,-6.2142,-5.1967,-0.20374,-6.2558,-9.0303,-8.7169,-1.7733
-4.0169,-8.25,-4.7565,6.1025,0.19811,-5.9468,-5.1991,-0.06521,-6.1495,-9.3405,-9.0433,-2.0809
-3.5724,-7.7947,-4.4563,5.5069,-0.0019189,-5.7284,-5.258,-0.018993,-6.1016,-9.6507,-9.3506,-2.407
-3.0644,-7.3032,-4.1521,4.8587,-0.1625,-5.5066,-5.3329,-0.020142,-6.108,-9.9603,-9.6379,-2.7135
-2.5701,-6.7608,-3.7669,4.2123,-0.31738,-5.2183,-5.3901,-0.021765,-6.1568,-10.283,-9.9166,-2.9815
-2.1234,-6.1632,-3.2804,3.6031,-0.43647,-4.8288,-5.4108,0.018472,-6.223,-10.629,-10.195,-3.2094
-1.7061,-5.5325,-2.77,3.0489,-0.4251,-4.3582,-5.3975,0.13074,-6.2736,-10.996,-10.466,-3.4067
-1.2411,-4.9154,-2.4061,2.5523,-0.12688,-3.882,-5.3731,0.326,-6.2822,-11.363,-10.714,-3.5883
-0.61524,-4.3648,-2.3965,2.1027,0.64583,-3.5032,-5.3673,0.59382,-6.2393,-11.704,-10.92,-3.7689
0.24784,-3.9183,-2.8905,1.6832,2.0062,-3.3081,-5.3945,0.90718,-6.1638,-11.997,-11.073,-3.9561
1.3207,-3.5881,-3.8863,1.286,3.882,-3.33,-5.4376,1.2334,-6.089,-12.237,-11.179,-4.1456
2.4429,-3.3668,-5.1983,0.93098,5.985,-3.5347,-5.4486,1.5474,-6.0437,-12.43,-11.255,-4.322
3.3409,-3.2408,-6.4952,0.67387,7.8489,-3.8314,-5.364,1.8436,-6.0359,-12.586,-11.318,-4.4646
3.7032,-3.1994,-7.3839,0.59356,8.9339,-4.1013,-5.1241,2.1388,-6.0468,-12.708,-11.383,-4.5564
3.3009,-3.2327,-7.5301,0.75539,8.7996,-4.2348,-4.691,2.4627,-6.0413,-12.794,-11.455,-4.5901
2.0989,-3.3223,-6.7886,1.1682,7.2922,-4.1635,-4.0588,2.8387,-5.988,-12.834,-11.529,-4.5676
0.30197,-3.4358,-5.2782,1.762,4.6687,-3.8814,-3.2563,3.2669,-5.8779,-12.823,-11.59,-4.4938
-1.691,-3.5325,-3.3524,2.4032,1.5658,-3.4433,-2.342,3.7217,-5.7299,-12.765,-11.623,-4.3723
-3.415,-3.575,-1.4775,2.9413,-1.2203,-2.9443,-1.3888,4.1626,-5.5805,-12.68,-11.619,-4.2044
-4.5022,-3.5413,-0.076131,3.2626,-3.0384,-2.485,-0.46486,4.5542,-5.466,-12.6,-11.585,-3.9926
-4.8019,-3.43,0.60715,3.3248,-3.5972,-2.137,0.38262,4.8809,-5.4074,-12.563,-11.543,-3.7397
-4.408,-3.2601,0.57055,3.1631,-3.0058,-1.9221,1.127,5.1481,-5.407,-12.607,-11.522,-3.4483
-3.5987,-3.0624,0.028216,2.8718,-1.6959,-1.812,1.751,5.37,-5.4539,-12.762,-11.545,-3.1203
-2.7284,-2.8647,-0.67963,2.5668,-0.26554,-1.7448,2.2385,5.557,-5.5342,-13.034,-11.62,-2.7556
-2.1113,-2.6775,-1.2036,2.3399,0.73159,-1.6488,2.5749,5.7073,-5.6406,-13.403,-11.736,-2.3499
-1.9157,-2.49,-1.3026,2.2215,0.98231,-1.4666,2.7465,5.8047,-5.7809,-13.83,-11.866,-1.8976
-2.1107,-2.2769,-0.92091,2.1734,0.48506,-1.1774,2.739,5.8204,-5.981,-14.276,-11.991,-1.3975
-2.5044,-2.0149,-0.19634,2.118,-0.50667,-0.8028,2.5423,5.7198,-6.2814,-14.725,-12.115,-0.8569
-2.8464,-1.698,0.60459,1.9833,-1.5797,-0.39787,2.1581,5.4795,-6.7056,-15.178,-12.253,-0.28685
-2.9292,-1.347,1.1937,1.7424,-2.2827,-0.031797,1.6036,5.1087,-7.2474,-15.638,-12.418,0.30673
-2.65,-1.0065,1.355,1.427,-2.2792,0.23275,0.90808,4.6555,-7.8577,-16.092,-12.595,0.9292
-2.0367,-0.73306,0.99983,1.1106,-1.4723,0.3565,0.10353,4.1881,-8.4668,-16.519,-12.751,1.5943
-1.2217,-0.57876,0.19698,0.87609,-0.033149,0.33346,-0.78242,3.7627,-9.0172,-16.897,-12.852,2.3165
-0.39698,-0.57255,-0.84067,0.78499,1.6767,0.19269,-1.7247,3.4005,-9.4888,-17.216,-12.879,3.1077
0.2234,-0.70677,-1.817,0.8612,3.2044,-0.0073125,-2.691,3.0862,-9.8999,-17.475,-12.831,3.9791
0.43955,-0.93918,-2.4218,1.0947,4.0758,-0.18876,-3.6348,2.784,-10.29,-17.676,-12.724,4.9428
0.11236,-1.2161,-2.4019,1.4592,3.9175,-0.2745,-4.4986,2.4576,-10.698,-17.827,-12.584,6.0011
-0.8004,-1.5052,-1.6449,1.9316,2.6012,-0.22125,-5.2263,2.0846,-11.156,-17.946,-12.449,7.129
-2.2261,-1.8145,-0.24259,2.4979,0.31001,-0.047067,-5.7755,1.6616,-11.68,-18.062,-12.376,8.2618
-3.9757,-2.1812,1.5168,3.1425,-2.4983,0.17009,-6.1218,1.2071,-12.261,-18.202,-12.418,9.3082
-5.7696,-2.6342,3.2297,3.8285,-5.2247,0.32294,-6.2553,0.76667,-12.85,-18.361,-12.61,10.193
-7.297,-3.1547,4.4949,4.4861,-7.3087,0.32088,-6.1716,0.42299,-13.331,-18.48,-12.934,10.91
-8.2954,-3.6539,5.0313,5.0175,-8.3758,0.12974,-5.8648,0.30363,-13.502,-18.412,-13.292,11.56
-8.6233,-3.9858,4.7565,5.3154,-8.3137,-0.20977,-5.323,0.57299,-13.088,-17.923,-13.48,12.356
-8.304,-3.9962,3.7931,5.2925,-7.2759,-0.59823,-4.5255,1.3916,-11.811,-16.688,-13.183,13.643
-7.5187,-3.5969,2.4214,4.9173,-5.6177,-0.92377,-3.4749,2.7718,-9.5656,-14.352,-12.019,16.048
-6.5374,-2.8636,1.0338,4.2403,-3.7801,-1.132,-2.3469,2.6684,-7.4228,-10.756,-9.6513,20.938
-5.6013,-2.5232,0.095165,3.4027,-2.1661,-1.4913,-1.6834,-2.7477,-13.105,-9.5909,-6.0667,30.228
-4.8087,-5.2881,-0.083978,2.893,-1.0456,-3.5496,-1.7405,-4.153,-15.798,-14.334,-6.7613,36.32
-4.0565,-8.5252,0.10965,4.1737,-0.50366,-7.1465,-1.4322,-5.4205,-17.885,-15.651,-9.6763,33.969
-3.0429,-9.3898,0.25952,5.8076,-0.46703,-8.5848,0.29291,-5.3019,-19.112,-17.708,-14.259,34.038
-2.1143,-8.7493,1.3433,6.2011,-0.79522,-7.7273,3.9133,-1.7515,-16.736,-18.826,-18.944,34.326
-5.5237,-5.966,4.1919,5.4185,-1.4086,-4.374,9.0204,6.7203,-8.6865,-16.368,-20.672,35.405
-5.4059,0.45868,8.7198,2.5127,-4.0775,2.2664,15.661,21.097,6.8385,-6.9,-15.746,38.141
-3.6988,12.379,15.476,-3.7968,-9.3231,13.304,29.008,43.216,32.621,13.153,-0.84099,43.84
-1.3243,31.309,24.918,-14.399,-13.835,30.363,43.092,73.21,69.943,47.001,26.437,55.425
3.1183,56.701,36.559,-29.409,-18.64,53.468,55.383,109.54,118.47,97.18,68.574,80.55
11.431,84.014,53.469,-47.832,-21.287,76.835,64.355,147.63,176.69,165.68,129.95,133.37
25.059,108.99,75.419,-68.386,-21.177,94.599,68.374,183.96,241.08,253.83,214.53,204.18
45.56,131.72,82.573,-91.125,-15.959,106.45,65.871,215.96,307.74,361.54,322.48,275.44
74.955,154.09,76.969,-117.57,-1.652,113.77,55.256,239.78,372.61,488.16,453.79,356.22
113.48,177.58,62.434,-149.15,22.953,118.01,34.831,251.62,431.26,631.42,607.49,446.53
159.34,204.12,42.342,-186.23,55.834,121.25,3.7229,248.41,479.97,787.29,780.35,545.72
210.41,236.81,23.653,-228.4,91.671,127.87,-37.032,228.22,515.59,948.54,965.46,652.29
261.52,278.03,14.339,-274.13,122.75,143.73,-84.629,190.88,534.71,1103.5,1150.4,762.05
305.09,327.71,22.052,-319.87,141.09,172.6,-134.82,137.93,533.33,1235.8,1316.5,866.5
333.55,381.86,50.045,-360.2,141.25,213.71,-182.56,72.053,506.78,1326,1440.1,952.79
341.88,432.81,94.545,-388.84,122.47,261.6,-223.37,-3.8986,450.63,1354,1496.5,1005.6
328.24,470.73,146.03,-399.83,88.758,307.03,-254.98,-87.859,362.62,1304.2,1465.8,1010.5
293.74,485.81,193.28,-389.07,46.48,339.39,-277.89,-178.76,243.45,1169.1,1338.5,958.24
242.28,471.02,226.23,-355.46,2.9685,349.69,-294.89,-276.61,96.041,952.76,1119.3,847.3
179.85,424.54,237.66,-301.24,-34.656,333.19,-309.17,-381.57,-74.533,670.29,828.26,685.8
113.23,350.35,225.13,-231.57,-61.797,290.61,-323.37,-492.03,-260.15,346.74,497.52,490.62
48.806,257.19,192.25,-153.53,-77.094,227.78,-339.08,-602.83,-448.62,14.575,165.91,284.7
-8.3605,156.5,147.18,-75.076,-82.062,153.97,-355.71,-704.46,-623.21,-290.26,-128.32,92.308
-55.649,60.131,98.904,-3.7747,-80.509,79.801,-370.07,-784.36,-764.44,-534.71,-355.24,-66.401
-92.281,-22.103,54.77,54.667,-76.039,14.768,-377.37,-830.44,-855.09,-696.46,-499.01,-179.52
-117.84,-84.103,20.256,97.249,-70.488,-34.997,-373.74,-835.48,-886.2,-769.5,-559.87,-244.82
-131.98,-123.69,-3.051,123.3,-65.203,-67.453,-358.31,-799.93,-860.47,-764.43,-552.25,-268.24
-134.72,-141.93,-17.167,133.71,-60.329,-83.953,-333.29,-731.73,-790.88,-702.98,-499.33,-260.13
-127.09,-142.37,-24.637,130.56,-53.861,-87.765,-302.47,-642.97,-694.9,-609.6,-425.37,-232.21
-111.03,-130.25,-28.48,117.09,-44.152,-82.939,-269.36,-545.67,-587.74,-505.17,-348.48,-195.36
-89.375,-111.12,-30.795,97.225,-32.221,-73.61,-235.78,-448.79,-479.85,-404.08,-277.73,-157.32
-65.768,-89.381,-32.457,74.767,-19.737,-62.712,-201.64,-357.84,-378.48,-313.82,-216.17,-122.34
-43.359,-67.933,-33.498,52.784,-8.0181,-51.702,-167.1,-276.21,-288.41,-236.62,-164.28,-92.326
-24.39,-48.606,-24.158,33.343,1.8858,-40.872,-133.2,-206.27,-212.7,-172.62,-121.53,-67.202
-10.646,-32.757,-18.494,18.197,9.6538,-30.404,-101.47,-149.31,-152.99,-122.6,-87.693,-48.208
-2.1197,-21.646,-18.76,8.4753,14.93,-23.406,-73.504,-105.41,-108.62,-86.15,-63.385,-36.589
2.4347,-14.479,-18.695,2.8893,16.646,-19.098,-50.543,-73.521,-77.494,-61.076,-46.305,-27.614
4.0536,-8.9426,-17.583,-0.027085,14.786,-15.687,-32.955,-51.309,-56.804,-45.057,-34.922,-20.649
3.3164,-4.9397,-15.465,-1.0782,11.042,-12.269,-19.89,-35.831,-43.056,-35.552,-27.975,-15.392
0.54896,-2.7368,-12.663,-0.59439,6.7818,-9.425,-10.656,-24.669,-33.119,-29.852,-23.76,-12.421
-2.4757,-3.3316,-9.6323,1.2152,2.2819,-7.5233,-4.6613,-16.43,-25.299,-25.651,-20.229,-13.041
-3.6933,-5.0603,-6.8642,2.3874,-1.7435,-6.1191,-0.8818,-10.664,-19.473,-22.079,-16.885,-12.347
-4.5216,-4.3473,-4.7882,1.7008,-4.3668,-4.9104,1.3383,-7.3025,-15.862,-19.423,-16.81,-9.5365
-4.713,-2.9783,-3.7167,0.96211,-5.0129,-3.9238,2.4582,-5.993,-14.531,-20.035,-17.315,-6.9675
-4.04,-1.8046,-3.7708,0.30492,-3.6998,-3.2148,1.8791,-6.6113,-16.379,-18.355,-14.627,-5.0745
-2.6348,-0.91888,-4.7775,-0.30947,-0.9904,-2.7613,0.70879,-8.1129,-15.169,-14.988,-11.874,-3.7653
-0.89295,-0.27976,-6.2633,-0.85611,2.3022,-2.4744,2.1231,-5.3888,-11.696,-12.327,-9.793,-2.8887
0.63878,0.17059,-7.6127,-1.2741,5.239,-2.2401,3.699,-3.1025,-9.0862,-10.361,-8.263,-2.3039
1.4424,0.48279,-8.286,-1.503,6.9338,-1.9598,4.9769,-1.6737,-7.2385,-8.8507,-7.0738,-1.8973
1.2192,0.69425,-7.9639,-1.5003,6.8422,-1.5731,6.028,-0.89047,-5.9145,-7.6341,-6.076,-1.5936
-0.061062,0.83122,-6.6024,-1.2501,4.8617,-1.0644,6.9515,-0.59494,-4.9919,-6.6427,-5.2004,-1.3594
-2.1814,0.91302,-4.429,-0.77946,1.3924,-0.45962,7.8057,-0.68703,-4.4002,-5.8602,-4.4352,-1.1952
-4.7184,0.95356,-1.8754,-0.16885,-2.761,0.17885,8.6095,-1.0799,-4.0621,-5.2726,-3.7915,-1.1191
-7.1431,0.96357,0.52609,0.46231,-6.6516,0.76569,9.3492,-1.6723,-3.8724,-4.8321,-3.2703,-1.1462
-8.9689,0.95688,2.2721,0.98529,-9.4554,1.2163,9.9828,-2.3513,-3.7119,-4.4503,-2.8428,-1.2696
-9.8569,0.95506,3.0394,1.2901,-10.663,1.4747,10.451,-3.02,-3.4842,-4.0214,-2.4525,-1.4531
-9.6889,0.98201,2.7753,1.3178,-10.158,1.5322,10.698,-3.6297,-3.1535,-3.4646,-2.0381,-1.6416
-8.6174,1.0509,1.6806,1.0849,-8.2207,1.4285,10.695,-4.1925,-2.7598,-2.7622,-1.5643,-1.7846
-7.0475,1.1542,0.13316,0.68436,-5.4811,1.2337,10.457,-4.761,-2.3962,-1.9686,-1.0408,-1.8598
-5.5206,1.2641,-1.423,0.2582,-2.7519,1.0242,10.043,-5.3866,-2.1604,-1.1837,-0.51515,-1.8791
-4.5075,1.3447,-2.6012,-0.053618,-0.75025,0.85944,9.5371,-6.0815,-2.1054,-0.50395,-0.045192,-1.8757
-4.2253,1.3695,-3.1685,-0.1698,0.10588,0.76945,9.0172,-6.8064,-2.2174,0.021817,0.3315,-1.8815
-4.5977,1.3362,-3.0942,-0.096047,-0.20424,0.75443,8.5308,-7.4897,-2.4273,0.41031,0.61627,-1.9083
-5.3485,1.2692,-2.5325,0.087508,-1.3428,0.79143,8.0811,-8.0661,-2.6486,0.73059,0.84956,-1.941
-6.1344,1.2082,-1.7455,0.26678,-2.7848,0.84328,7.6352,-8.5126,-2.819,1.069,1.094,-1.9423
-6.6602,1.1872,-1.015,0.34225,-4.0111,0.86788,7.146,-8.8597,-2.9249,1.4909,1.4088,-1.8685
-6.7678,1.2162,-0.57411,0.27014,-4.6883,0.82955,6.5812,-9.1718,-2.9972,2.0172,1.8282,-1.6879
-6.4712,1.2729,-0.55171,0.081169,-4.7203,0.70986,5.9481,-9.5058,-3.0809,2.6265,2.3534,-1.3918
-5.9179,1.3095,-0.93608,-0.13395,-4.1844,0.51206,5.2984,-9.8754,-3.1989,3.2779,2.961,-0.99421
-5.3125,1.2735,-1.5984,-0.26903,-3.2863,0.25601,4.7107,-10.24,-3.3305,3.94,3.6225,-0.52143
-4.8351,1.1341,-2.3756,-0.2573,-2.2951,-0.032174,4.2558,-10.526,-3.4156,4.6122,4.3252,0.0011865
-4.5711,0.89974,-3.1454,-0.1061,-1.4135,-0.32837,3.9639,-10.671,-3.3835,5.3258,5.0835,0.55968
-4.4826,0.61737,-3.8423,0.11071,-0.7107,-0.61218,3.8114,-10.657,-3.1906,6.1224,5.9318,1.1534
-4.4499,0.35385,-4.4311,0.29599,-0.17833,-0.86397,3.7366,-10.53,-2.8458,7.0228,6.9025,1.7879
-4.3666,0.16871,-4.8772,0.38079,0.18744,-1.0629,3.6728,-10.373,-2.407,8.0028,7.9992,2.4633
-4.2264,0.091669,-5.1353,0.35538,0.3465,-1.1905,3.5825,-10.269,-1.9524,8.9924,9.1791,3.1645
-4.1384,0.11459,-5.1603,0.26534,0.21182,-1.2389,3.4739,-10.261,-1.5423,9.9004,10.357,3.8601
-4.2532,0.20168,-4.9333,0.17974,-0.30416,-1.2155,3.3933,-10.339,-1.1912,10.658,11.437,4.5131
-4.6541,0.31205,-4.4848,0.15231,-1.2048,-1.1409,3.3997,-10.446,-0.86247,11.261,12.367,5.1019
-5.2928,0.42257,-3.9022,0.19244,-2.3604,-1.0393,3.5376,-10.51,-0.48736,11.778,13.175,5.6395
-5.9997,0.54065,-3.315,0.25385,-3.5296,-0.92792,3.8186,-10.478,0.00089169,12.325,13.977,6.1769
-6.5399,0.7022,-2.8623,0.24626,-4.4262,-0.81069,4.2172,-10.342,0.63242,13.019,14.921,6.7842
-6.6911,0.95534,-2.6543,0.069488,-4.8026,-0.68016,4.6797,-10.146,1.3819,13.923,16.133,7.5219
-6.3178,1.3372,-2.7418,-0.3455,-4.5264,-0.52512,5.1424,-9.9615,2.1758,15.022,17.66,8.4151
-5.416,1.8558,-3.1031,-1.0082,-3.6219,-0.33837,5.5527,-9.8492,2.9239,16.222,19.453,9.4429
-4.1149,2.4864,-3.6505,-1.8646,-2.2632,-0.11958,5.8859,-9.8208,3.5632,17.393,21.382,10.545
-2.634,3.1822,-4.2553,-2.8165,-0.72299,0.12634,6.1483,-9.8285,4.0908,18.436,23.298,11.65
-1.2132,3.8907,-4.7867,-3.7566,0.70787,0.39107,6.3633,-9.7868,4.5664,19.342,25.119,12.707
-0.041413,4.5693,-5.152,-4.604,1.8007,0.66251,6.5493,-9.6185,5.0809,20.199,26.871,13.719
0.78958,5.1964,-5.3236,-5.3297,2.4389,0.92458,6.7027,-9.2975,5.7115,21.149,28.663,14.74
1.2936,5.7751,-5.3377,-5.9615,2.6298,1.161,6.799,-8.8614,6.4884,22.32,30.616,15.853
1.5665,6.3299,-5.269,-6.5679,2.4858,1.3624,6.8084,-8.387,7.3882,23.791,32.802,17.135
1.7457,6.896,-5.1957,-7.2305,2.1829,1.5319,6.7174,-7.9437,8.3533,25.574,35.215,18.633
1.9629,7.5058,-5.1734,-8.0115,1.9069,1.6848,6.5401,-7.5536,9.3302,27.642,37.796,20.353
2.3044,8.1789,-5.226,-8.9254,1.8087,1.8417,6.3149,-7.1792,10.308,29.968,40.487,22.269
2.7886,8.9164,-5.352,-9.9272,1.9737,2.0204,6.0862,-6.7454,11.334,32.565,43.279,24.346
3.3719,9.7036,-5.5397,-10.931,2.4148,2.2316,5.8845,-6.1812,12.501,35.477,46.212,26.573
3.9855,10.52,-5.7728,-11.858,3.086,2.4826,5.7202,-5.4556,13.904,38.74,49.35,28.988
4.5817,11.353,-6.0261,-12.68,3.905,2.7835,5.5899,-4.5913,15.599,42.316,52.732,31.672
5.1523,12.22,-6.258,-13.446,4.7715,3.1493,5.4855,-3.6548,17.576,46.075,56.344,34.696
5.7183,13.164,-6.4135,-14.271,5.5801,3.5933,5.4005,-2.7296,19.747,49.83,60.118,38.044
6.3061,14.25,-6.4323,-15.305,6.2213,4.1175,5.3308,-1.8853,21.98,53.416,63.953,41.582
6.9349,15.542,-6.2579,-16.691,6.5757,4.7098,5.2776,-1.149,24.177,56.75,67.739,45.116
7.628,17.093,-5.8444,-18.517,6.522,5.3526,5.2485,-0.49382,26.34,59.856,71.389,48.501
8.4412,18.954,-5.1705,-20.772,5.9746,6.0368,5.2528,0.14745,28.59,62.85,74.88,51.703
9.4735,21.185,-4.2629,-23.329,4.9475,6.7687,5.2911,0.84504,31.098,65.9,78.268,54.797
10.823,23.843,-3.2161,-25.986,3.6108,7.5641,5.3438,1.6322,33.981,69.17,81.666,57.912
12.517,26.915,-2.1896,-28.556,2.2784,8.4394,5.3707,2.4882,37.209,72.761,85.187,61.159
14.499,30.247,-1.3756,-30.96,1.314,9.41,5.3259,3.3554,40.606,76.675,88.899,64.596
16.699,33.589,-0.94663,-33.222,1.0153,10.497,5.1798,4.1766,43.945,80.808,92.806,68.225
19.079,36.735,-1.0016,-35.399,1.5393,11.732,4.9328,4.9276,47.065,84.997,96.858,72.003
21.637,39.614,-1.5291,-37.522,2.8795,13.158,4.6089,5.6283,49.921,89.086,100.97,75.858
24.376,42.274,-2.3976,-39.613,4.867,14.822,4.235,6.3308,52.564,92.993,105.06,79.703
27.26,44.824,-3.3775,-41.71,7.1932,16.779,3.8209,7.094,55.081,96.729,109.08,83.466
30.17,47.394,-4.1884,-43.856,9.4612,19.102,3.356,7.9591,57.539,100.37,113.06,87.124
32.905,50.1,-4.564,-46.072,11.265,21.857,2.8234,8.9346,59.966,104.03,117.07,90.722
35.241,53.025,-4.3181,-48.337,12.289,25.024,2.2202,9.9961,62.354,107.75,121.17,94.338
37.032,56.211,-3.3922,-50.618,12.403,28.439,1.5684,11.1,64.678,111.56,125.36,98.045
38.272,59.665,-1.8582,-52.928,11.708,31.9,0.90667,12.21,66.924,115.39,129.61,101.88
39.11,63.367,0.12763,-55.34,10.483,35.335,0.26877,13.322,69.106,119.17,133.86,105.84
39.804,67.278,2.4054,-57.939,9.0779,38.784,-0.33343,14.482,71.284,122.88,138.06,109.89
40.613,71.332,4.8826,-60.732,7.7933,42.27,-0.91063,15.774,73.56,126.52,142.21,114.01
41.658,75.451,7.5617,-63.639,6.7818,45.756,-1.4848,17.288,76.029,130.18,146.35,118.17
42.861,79.577,10.53,-66.546,6.0284,49.224,-2.0773,19.068,78.731,133.93,150.55,122.39
44.04,83.692,13.903,-69.366,5.4189,52.717,-2.7022,21.06,81.602,137.77,154.89,126.67
45.057,87.8,17.708,-72.061,4.8259,56.295,-3.3643,23.106,84.49,141.65,159.39,131
45.905,91.874,21.772,-74.631,4.1594,59.966,-4.0593,25.005,87.217,145.48,164.04,135.31
46.698,95.843,25.746,-77.092,3.3851,63.643,-4.7788,26.599,89.671,149.13,168.79,139.49
47.627,99.616,29.286,-79.465,2.524,67.179,-5.5238,27.822,91.835,152.56,173.54,143.47
48.889,103.15,32.235,-81.785,1.6374,70.441,-6.3203,28.686,93.768,155.77,178.17,147.18
50.596,106.48,34.642,-84.098,0.80536,73.376,-7.2262,29.247,95.551,158.83,182.62,150.66
52.678,109.74,36.633,-86.434,0.1125,76.029,-8.3213,29.564,97.244,161.86,186.88,153.97
54.886,113.09,38.348,-88.774,-0.35061,78.52,-9.6821,29.689,98.858,164.96,190.97,157.21
56.952,116.65,39.962,-91.09,-0.50427,80.993,-11.348,29.664,100.37,168.13,194.91,160.44
58.766,120.35,41.618,-93.372,-0.31465,83.543,-13.29,29.526,101.73,171.3,198.67,163.66
60.411,123.96,43.255,-95.597,0.2462,86.144,-15.397,29.321,102.93,174.3,202.16,166.86
62.101,127.24,44.523,-97.73,1.2704,88.645,-17.513,29.098,103.95,176.94,205.27,169.95
64.087,130.15,44.952,-99.789,2.8687,90.846,-19.525,28.897,104.82,179.11,207.92,172.86
66.54,132.77,44.423,-101.87,5.0333,92.649,-21.414,28.739,105.57,180.78,210.11,175.53
69.444,135.2,43.36,-104.1,7.5397,94.137,-23.235,28.618,106.23,182.04,211.91,177.98
72.57,137.56,42.431,-106.51,9.9328,95.526,-25.036,28.509,106.84,183.03,213.43,180.27
75.507,139.89,42.294,-109.02,11.609,97.064,-26.814,28.385,107.4,183.89,214.8,182.49
77.771,142.23,43.449,-111.47,12,98.935,-28.523,28.234,107.88,184.7,216.1,184.71
79.009,144.55,46.07,-113.71,10.796,101.19,-30.099,28.069,108.29,185.46,217.33,186.94
79.178,146.83,49.9,-115.71,8.1189,103.7,-31.471,27.927,108.59,186.15,218.48,189.14
78.549,149.02,54.304,-117.53,4.553,106.23,-32.576,27.851,108.8,186.69,219.49,191.23
77.552,151.11,58.461,-119.21,0.97851,108.53,-33.397,27.867,108.92,187.05,220.32,193.15
76.636,153.05,61.655,-120.75,-1.7556,110.44,-33.995,27.955,108.98,187.26,220.97,194.89
76.195,154.85,63.538,-122.1,-3.1397,111.93,-34.48,28.058,108.97,187.34,221.46,196.49
76.474,156.52,64.192,-123.23,-3.0982,113.12,-34.941,28.116,108.87,187.36,221.85,198.04
77.394,158.16,63.948,-124.19,-1.9567,114.17,-35.4,28.106,108.66,187.33,222.17,199.58
78.523,159.84,63.262,-125.02,-0.30151,115.19,-35.796,28.062,108.34,187.24,222.42,201.1
79.301,161.48,62.67,-125.65,1.2577,116.14,-36.017,28.048,107.91,187.06,222.56,202.49
79.324,162.74,62.607,-125.85,2.316,116.86,-35.952,28.114,107.35,186.71,222.49,203.58
78.507,163.25,63.107,-125.4,2.773,117.22,-35.548,28.253,106.67,186.14,222.11,204.23
77.061,162.84,63.761,-124.15,2.756,117.12,-34.843,28.402,105.81,185.25,221.34,204.35
75.286,161.48,64.044,-122.11,2.4794,116.47,-33.96,28.465,104.73,183.99,220.16,203.87
73.319,159.17,63.617,-119.37,2.1445,115.18,-33.025,28.355,103.37,182.28,218.5,202.71
71.051,155.84,62.394,-116.06,1.8717,113.2,-32.088,28.017,101.65,180.03,216.21,200.65
68.338,151.45,60.542,-112.25,1.6604,110.53,-31.1,27.44,99.5,177.19,213.03,197.29
65.248,146.08,58.435,-108.05,1.4084,107.21,-29.957,26.647,96.84,173.74,208.78,192.36
61.964,140.04,56.47,-103.7,0.98296,103.31,-28.556,25.685,93.635,169.74,203.58,185.95
58.495,133.79,54.863,-99.346,0.29879,99.012,-26.854,24.602,89.939,165.21,197.7,178.56
54.714,127.69,53.574,-94.934,-0.63594,94.665,-24.881,23.432,85.879,160.04,191.36,170.75
50.543,121.83,52.368,-90.339,-1.7149,90.554,-22.741,22.185,81.581,154.06,184.59,162.8
46.053,116.06,50.949,-85.478,-2.7652,86.702,-20.567,20.851,77.117,147.19,177.27,154.71
41.438,110.14,49.1,-80.308,-3.6016,82.864,-18.464,19.427,72.511,139.4,169.26,146.33
36.902,103.87,46.702,-74.792,-4.08,78.693,-16.475,17.935,67.739,130.75,160.45,137.58
32.561,97.093,43.675,-68.931,-4.1298,73.903,-14.592,16.423,62.721,121.38,150.78,128.48
28.425,89.769,39.962,-62.842,-3.762,68.378,-12.793,14.943,57.356,111.5,140.28,119.01
24.413,81.972,35.614,-56.777,-3.0606,62.225,-11.079,13.522,51.642,101.41,129.12,109.14
20.413,73.947,30.85,-51.009,-2.1718,55.718,-9.4862,12.147,45.758,91.469,117.61,98.823
16.455,66.017,25.994,-45.68,-1.2944,49.151,-8.0668,10.77,39.963,81.975,106.17,88.059
12.8,58.416,21.336,-40.772,-0.65072,42.772,-6.8635,9.3152,34.392,73.087,95.147,76.945
9.7098,51.238,17.086,-36.157,-0.42313,36.839,-5.9005,7.7,28.988,64.777,84.725,65.858
7.1536,44.508,13.406,-31.664,-0.69436,31.603,-5.177,5.8621,23.601,56.872,74.878,55.431
4.8992,38.218,10.313,-27.152,-1.4066,27.118,-4.663,3.7856,18.169,49.159,65.448,46.163
2.7902,32.28,7.6216,-22.542,-2.3376,23.08,-4.306,1.5066,12.844,41.488,56.252,38.055
0.87097,26.524,5.0959,-17.835,-3.1355,18.913,-4.0509,-0.90357,7.9562,33.82,47.204,30.662
-0.67721,20.805,2.5795,-13.158,-3.4099,14.197,-3.8591,-3.3654,3.7713,26.227,38.397,23.447
-1.6724,15.161,-0.023231,-8.8459,-2.8533,9.2085,-3.7176,-5.812,0.31099,18.992,30.063,16.156
-2.0478,9.8507,-2.7723,-5.2782,-1.3737,4.661,-3.6315,-8.1963,-2.5873,12.63,22.414,9.2873
-1.9116,5.1911,-5.6437,-2.5576,0.83664,0.90341,-3.6077,-10.488,-5.1279,7.4888,15.614,3.861
-1.5394,1.3068,-8.4721,-0.48169,3.3382,-2.1491,-3.6397,-12.666,-7.4826,3.4513,9.8954,0.059472
-1.2986,-1.8991,-10.962,1.2477,5.563,-4.6467,-3.6996,-14.711,-9.7752,0.16374,5.4081,-2.6919
-1.538,-4.5989,-12.79,2.872,6.9787,-6.6602,-3.7439,-16.605,-12.08,-2.6871,1.9829,-4.8887
-2.4798,-6.9418,-13.743,4.5273,7.2432,-8.2237,-3.73,-18.341,-14.417,-5.3004,-0.72937,-6.7917
-4.1426,-9.035,-13.816,6.2431,6.2944,-9.3953,-3.6358,-19.931,-16.755,-7.777,-3.0541,-8.5388
-6.3316,-10.945,-13.202,7.9637,4.3514,-10.275,-3.4677,-21.406,-19.024,-10.138,-5.218,-10.211
-8.7199,-12.699,-12.224,9.594,1.8339,-10.977,-3.2531,-22.795,-21.139,-12.342,-7.3286,-11.837
-10.996,-14.287,-11.219,11.061,-0.7685,-11.583,-3.0215,-24.105,-23.032,-14.308,-9.3683,-13.382
-12.978,-15.682,-10.427,12.353,-3.0197,-12.112,-2.7881,-25.305,-24.666,-15.964,-11.232,-14.761
-14.609,-16.859,-9.9187,13.507,-4.6149,-12.534,-2.5493,-26.332,-26.031,-17.283,-12.812,-15.885
-15.893,-17.812,-9.6628,14.574,-5.4242,-12.82,-2.2893,-27.128,-27.143,-18.3,-14.078,-16.725
-16.832,-18.559,-9.6471,15.573,-5.4781,-12.983,-1.9914,-27.667,-28.025,-19.098,-15.091,-17.326
-17.42,-19.129,-9.8993,16.482,-4.9002,-13.072,-1.6449,-27.967,-28.694,-19.765,-15.966,-17.775
-17.693,-19.553,-10.386,17.257,-3.8721,-13.13,-1.2508,-28.071,-29.152,-20.36,-16.804,-18.164
-17.726,-19.856,-10.948,17.86,-2.6505,-13.158,-0.823,-28.027,-29.399,-20.9,-17.661,-18.552
-17.618,-20.062,-11.353,18.282,-1.5689,-13.125,-0.3874,-27.887,-29.455,-21.381,-18.539,-18.96
-17.488,-20.189,-11.384,18.544,-0.94762,-13,0.027284,-27.693,-29.368,-21.795,-19.412,-19.379
-17.476,-20.254,-10.914,18.699,-0.98393,-12.763,0.40341,-27.468,-29.201,-22.147,-20.248,-19.786
-17.716,-20.272,-9.9369,18.806,-1.7207,-12.418,0.74486,-27.2,-28.997,-22.445,-21.017,-20.152
-18.264,-20.252,-8.5848,18.92,-3.038,-11.993,1.0741,-26.846,-28.754,-22.686,-21.697,-20.456
-19.055,-20.192,-7.101,19.06,-4.6497,-11.54,1.4154,-26.35,-28.427,-22.848,-22.267,-20.686
-19.908,-20.088,-5.7869,19.212,-6.1635,-11.124,1.7769,-25.682,-27.949,-22.897,-22.702,-20.839
-20.599,-19.95,-4.9214,19.346,-7.2063,-10.819,2.144,-24.852,-27.271,-22.794,-22.973,-20.92
-20.949,-19.804,-4.6789,19.437,-7.5481,-10.68,2.4885,-23.909,-26.382,-22.516,-23.055,-20.938
-20.892,-19.677,-5.0713,19.479,-7.164,-10.723,2.7871,-22.916,-25.318,-22.073,-22.947,-20.906
-20.502,-19.583,-5.9337,19.48,-6.2343,-10.905,3.0367,-21.916,-24.144,-21.506,-22.675,-20.838
-19.962,-19.513,-6.9661,19.45,-5.1029,-11.139,3.2614,-20.926,-22.927,-20.876,-22.294,-20.746
-19.486,-19.444,-7.8219,19.402,-4.191,-11.313,3.506,-19.93,-21.712,-20.249,-21.868,-20.633
-19.241,-19.354,-8.2202,19.354,-3.8549,-11.34,3.8178,-18.899,-20.511,-19.671,-21.457,-20.502
-19.278,-19.239,-8.0431,19.316,-4.2215,-11.189,4.2294,-17.811,-19.305,-19.148,-21.094,-20.352
-19.525,-19.106,-7.3703,19.282,-5.1183,-10.89,4.7485,-16.656,-18.072,-18.654,-20.779,-20.178
-19.851,-18.96,-6.428,19.231,-6.1918,-10.511,5.3615,-15.445,-16.799,-18.135,-20.47,-19.961
-20.116,-18.795,-5.49,19.135,-7.0936,-10.121,6.044,-14.197,-15.494,-17.53,-20.102,-19.66
-20.196,-18.591,-4.7919,18.969,-7.5733,-9.7722,6.7725,-12.934,-14.183,-16.795,-19.613,-19.227
-20.01,-18.33,-4.4744,18.718,-7.4975,-9.4929,7.5318,-11.676,-12.904,-15.924,-18.974,-18.626
-19.554,-18.005,-4.5574,18.382,-6.8734,-9.2935,8.3187,-10.434,-11.695,-14.948,-18.204,-17.855
-18.896,-17.626,-4.9478,17.976,-5.8624,-9.1626,9.1418,-9.2075,-10.573,-13.921,-17.353,-16.95
-18.166,-17.201,-5.4678,17.522,-4.7425,-9.0611,10.016,-7.9803,-9.5242,-12.886,-16.47,-15.966
-17.511,-16.731,-5.9018,17.042,-3.8268,-8.9273,10.95,-6.7282,-8.5089,-11.856,-15.577,-14.949
-17.051,-16.206,-6.0632,16.548,-3.3641,-8.7004,11.94,-5.4332,-7.4796,-10.814,-14.667,-13.924
-16.821,-15.623,-5.8619,16.043,-3.4517,-8.3533,12.962,-4.1027,-6.4062,-9.7353,-13.715,-12.897
-16.748,-14.996,-5.3389,15.515,-3.9988,-7.9108,13.979,-2.7747,-5.2919,-8.616,-12.711,-11.864
-16.671,-14.352,-4.6448,14.943,-4.7649,-7.4405,14.945,-1.5054,-4.1688,-7.4838,-11.671,-10.826
-16.403,-13.72,-3.9735,14.3,-5.465,-7.0226,15.829,-0.34619,-3.0797,-6.3868,-10.637,-9.795
-15.817,-13.12,-3.4866,13.566,-5.8875,-6.7155,16.623,0.67248,-2.055,-5.3645,-9.6467,-8.7921
-14.896,-12.558,-3.2632,12.748,-5.9588,-6.5347,17.35,1.5523,-1.0968,-4.4204,-8.7095,-7.8345
-13.743,-12.025,-3.285,11.879,-5.7243,-6.4508,18.049,2.3249,-0.1754,-3.5125,-7.7958,-6.9251
-12.515,-11.504,-3.4612,11.004,-5.2835,-6.4065,18.761,3.0398,0.75542,-2.5696,-6.8483,-6.0514
-11.336,-10.972,-3.6894,10.154,-4.7262,-6.3455,19.506,3.7408,1.7347,-1.527,-5.8139,-5.1974
-10.239,-10.402,-3.9235,9.3243,-4.0867,-6.2404,20.276,4.4465,2.7716,-0.36066,-4.674,-4.3575
-9.1686,-9.7779,-4.2051,8.4798,-3.3274,-6.1057,21.033,5.1465,3.8392,0.90089,-3.4543,-3.5438
-8.0359,-9.0952,-4.6353,7.5847,-2.3647,-5.9879,21.728,5.8127,4.8859,2.1915,-2.2113,-2.7808
-6.7812,-8.3679,-5.3125,6.63,-1.1252,-5.9379,22.321,6.4177,5.859,3.4364,-1.0069,-2.0948
-5.419,-7.6229,-6.2703,5.6479,0.39559,-5.982,22.794,6.9507,6.7262,4.5794,0.11182,-1.5052
-4.0406,-6.8926,-7.4424,4.7007,2.0964,-6.1052,23.156,7.4227,7.4895,5.5991,1.1255,-1.02
-2.7812,-6.2022,-8.6676,3.8521,3.7747,-6.2518,23.431,7.862,8.1806,6.5111,2.0486,-0.63479
-1.7653,-5.5562,-9.7288,3.1371,5.1828,-6.3393,23.645,8.3019,8.8436,7.3581,2.9246,-0.33124
-1.0575,-4.9356,-10.412,2.5479,6.1125,-6.2808,23.811,8.7679,9.5116,8.1901,3.8079,-0.080343
-0.63825,-4.3077,-10.567,2.0397,6.4654,-6.011,23.928,9.2681,10.19,9.0429,4.7394,0.14813
-0.415,-3.6411,-10.15,1.548,6.27,-5.5085,23.975,9.7879,10.853,9.9212,5.7251,0.37314
-0.26601,-2.9176,-9.2315,1.0127,5.647,-4.8028,23.922,10.293,11.459,10.796,6.7296,0.59475
-0.096453,-2.1391,-7.9701,0.40081,4.7467,-3.9647,23.74,10.738,11.97,11.617,7.6892,0.79651
0.1232,-1.328,-6.5661,-0.28,3.6997,-3.0842,23.414,11.086,12.369,12.339,8.5399,0.95643
0.35968,-0.52254,-5.2142,-0.98421,2.603,-2.2491,22.948,11.32,12.667,12.944,9.2495,1.0603
0.55618,0.23305,-4.0639,-1.6463,1.5365,-1.5281,22.368,11.45,12.893,13.448,9.8345,1.1108
0.67679,0.9029,-3.2,-2.2073,0.58677,-0.96236,21.713,11.502,13.075,13.894,10.351,1.1273
0.7265,1.4722,-2.6558,-2.6371,-0.14418,-0.56404,21.023,11.508,13.229,14.327,10.863,1.1377
0.74901,1.9516,-2.4436,-2.9456,-0.5424,-0.32044,20.33,11.488,13.353,14.771,11.416,1.1678
0.8294,2.372,-2.5756,-3.1802,-0.48361,-0.20169,19.654,11.447,13.437,15.225,12.016,1.2325
1.104,2.7737,-3.0612,-3.4195,0.15766,-0.1692,19,11.37,13.472,15.664,12.635,1.3343
1.727,3.1973,-3.884,-3.7554,1.4573,-0.18067,18.362,11.236,13.46,16.054,13.228,1.4674
2.7736,3.676,-4.9659,-4.2547,3.3586,-0.19013,17.728,11.024,13.402,16.362,13.748,1.6267
4.1579,4.2303,-6.1404,-4.9205,5.6278,-0.14627,17.093,10.725,13.298,16.562,14.167,1.8149
5.6348,4.8633,-7.1658,-5.6845,7.878,0.0055019,16.471,10.346,13.137,16.634,14.475,2.0434
6.8742,5.5623,-7.7765,-6.4303,9.6397,0.317,15.897,9.9016,12.904,16.563,14.683,2.3279
7.561,6.3067,-7.7491,-7.0313,10.474,0.83039,15.407,9.4148,12.587,16.351,14.81,2.6826
7.4914,7.0783,-6.9662,-7.3877,10.11,1.5732,15.028,8.9134,12.184,16.01,14.871,3.1135
6.6456,7.8654,-5.4538,-7.4546,8.5589,2.5544,14.765,8.4268,11.704,15.562,14.867,3.6123
5.209,8.6541,-3.3753,-7.2578,6.1533,3.7599,14.605,7.9791,11.169,15.028,14.781,4.1541
3.5262,9.4177,-0.97793,-6.8937,3.4467,5.1448,14.525,7.5803,10.605,14.428,14.593,4.7012
1.9902,10.119,1.4801,-6.5059,0.99649,6.626,14.488,7.2195,10.027,13.775,14.295,5.2132
0.8936,10.727,3.7824,-6.2329,-0.8654,8.0881,14.441,6.8642,9.4334,13.07,13.895,5.6591
0.3175,11.23,5.7795,-6.1487,-2.0998,9.4133,14.324,6.4706,8.8014,12.307,13.409,6.0245
0.13142,11.625,7.4306,-6.2327,-2.8468,10.522,14.08,6.001,8.0999,11.473,12.848,6.3083
0.099789,11.9,8.8157,-6.3821,-3.3477,11.387,13.678,5.4382,7.3053,10.558,12.205,6.5117
-0.010285,12.019,10.055,-6.4542,-3.9036,12.006,13.105,4.7859,6.4099,9.5523,11.46,6.6266
-0.37418,11.939,11.198,-6.3278,-4.7369,12.364,12.354,4.0573,5.4204,8.4515,10.581,6.6308
-1.0471,11.637,12.176,-5.9626,-5.8546,12.428,11.418,3.258,4.3498,7.2555,9.5519,6.4944
-1.9074,11.135,12.831,-5.4228,-7.033,12.168,10.286,2.3759,3.2112,5.9726,8.3843,6.1925
-2.6961,10.488,12.982,-4.8424,-7.9207,11.603,8.9533,1.3843,2.0159,4.6219,7.1206,5.7177
-3.1495,9.7598,12.502,-4.3542,-8.2133,10.808,7.4336,0.25719,0.77839,3.236,5.8193,5.0873
-3.1304,8.9967,11.393,-4.0276,-7.7759,9.8638,5.7655,-1.0081,-0.4756,1.8606,4.5383,4.34
-2.6715,8.2201,9.7693,-3.8444,-6.644,8.8177,4.0086,-2.3765,-1.7069,0.54968,3.3253,3.5255
-1.9292,7.4312,7.8054,-3.7235,-4.9839,7.6828,2.228,-3.7765,-2.8689,-0.64868,2.2114,2.6896
-1.0923,6.6246,5.6736,-3.5777,-3.032,6.4678,0.48015,-5.1217,-3.9215,-1.7062,1.2064,1.861
-0.29082,5.8025,3.5049,-3.3642,-0.99978,5.1915,-1.1941,-6.3382,-4.8442,-2.6206,0.3001,1.0458
0.43797,4.9823,1.3776,-3.0944,0.99148,3.8856,-2.7723,-7.3854,-5.6403,-3.4092,-0.52746,0.23285
1.116,4.1897,-0.6602,-2.8099,2.8965,2.5969,-4.2434,-8.2601,-6.3324,-4.0984,-1.2933,-0.59185
1.7668,3.448,-2.5527,-2.5529,4.6632,1.3864,-5.5922,-8.9877,-6.9535,-4.7142,-2.0037,-1.4323
2.3704,2.7756,-4.1972,-2.3482,6.1645,0.32106,-6.787,-9.6054,-7.5321,-5.2769,-2.6544,-2.2764
2.8472,2.1889,-5.4323,-2.1944,7.2006,-0.53732,-7.7768,-10.139,-8.0799,-5.7995,-3.2367,-3.0976
3.0712,1.7004,-6.0783,-2.0619,7.5422,-1.1412,-8.5007,-10.589,-8.5872,-6.2852,-3.7446,-3.8627
2.9176,1.3102,-6.0066,-1.9016,7.0077,-1.464,-8.911,-10.924,-9.0227,-6.7259,-4.1779,-4.5432
2.3339,1.0035,-5.2052,-1.6674,5.573,-1.512,-9.002,-11.1,-9.3444,-7.1012,-4.5387,-5.1257
1.3914,0.75786,-3.8331,-1.345,3.4512,-1.3375,-8.8247,-11.08,-9.5157,-7.3817,-4.8261,-5.6141
0.28598,0.55659,-2.217,-0.96935,1.0852,-1.0379,-8.4756,-10.861,-9.5193,-7.5358,-5.0306,-6.0213
-0.71205,0.39805,-0.76462,-0.61644,-0.96732,-0.73244,-8.0615,-10.472,-9.3613,-7.5391,-5.1348,-6.3567
-1.3495,0.29436,0.16817,-0.37054,-2.2254,-0.52546,-7.6594,-9.9649,-9.0644,-7.38,-5.1197,-6.6166
-1.4887,0.25945,0.38704,-0.28344,-2.444,-0.47409,-7.2915,-9.3878,-8.6541,-7.065,-4.9758,-6.7832
-1.1607,0.29624,-0.091296,-0.34844,-1.6755,-0.5747,-6.9296,-8.7642,-8.1544,-6.6228,-4.7155,-6.8355
-0.54043,0.39412,-1.0656,-0.50629,-0.23674,-0.77187,-6.5239,-8.0956,-7.5908,-6.1061,-4.3797,-6.767
0.13877,0.53808,-2.2344,-0.67868,1.4169,-0.98387,-6.0361,-7.3783,-6.9964,-5.5867,-4.0324,-6.5997
0.68467,0.72027,-3.2945,-0.80994,2.8713,-1.1303,-5.4595,-6.6235,-6.4128,-5.1405,-3.7428,-6.3848
1.0086,0.94424,-4.0162,-0.8928,3.8816,-1.1508,-4.8225,-5.8612,-5.8787,-4.8229,-3.5601,-6.1864
1.1266,1.2201,-4.2773,-0.96288,4.3705,-1.0102,-4.1784,-5.1288,-5.4156,-4.6474,-3.4946,-6.054
1.1146,1.5565,-4.0569,-1.0691,4.3553,-0.69399,-3.5833,-4.4521,-5.0192,-4.5797,-3.5141,-6.0011
1.0539,1.9571,-3.4043,-1.2441,3.9104,-0.20206,-3.0737,-3.8339,-4.6616,-4.5526,-3.5605,-6.0001
0.99896,2.419,-2.409,-1.4927,3.1581,0.45008,-2.6505,-3.2535,-4.3032,-4.4953,-3.5747,-5.996
0.96972,2.9272,-1.193,-1.7951,2.2483,1.2232,-2.2817,-2.6785,-3.9063,-4.3604,-3.5194,-5.9303
0.9556,3.4459,0.096638,-2.1119,1.3277,2.0483,-1.9219,-2.0784,-3.444,-4.1359,-3.3877,-5.7609
0.92454,3.9184,1.3143,-2.391,0.50771,2.8342,-1.5379,-1.4339,-2.9095,-3.8409,-3.1969,-5.4737
0.83542,4.2819,2.3478,-2.5797,-0.15738,3.4889,-1.1269,-0.74745,-2.3198,-3.5098,-2.9727,-5.0812
0.65575,4.4899,3.1381,-2.6417,-0.67153,3.9444,-0.71987,-0.046524,-1.7148,-3.1794,-2.7374,-4.6147
0.37702,4.526,3.6789,-2.5701,-1.0799,4.1701,-0.37181,0.62136,-1.1533,-2.884,-2.5069,-4.1138
0.018649,4.4021,4.0007,-2.3862,-1.445,4.1724,-0.14353,1.2021,-0.69948,-2.6549,-2.2949,-3.6175
-0.38218,4.1449,4.1493,-2.1264,-1.8218,3.9827,-0.080567,1.6528,-0.40172,-2.5196,-2.1155,-3.1576
-0.78542,3.7817,4.163,-1.8249,-2.2307,3.6415,-0.19685,1.9555,-0.27391,-2.4963,-1.9832,-2.7535
-1.1564,3.3338,4.0515,-1.5035,-2.6331,3.1847,-0.47168,2.1208,-0.29044,-2.5869,-1.9082,-2.4084
-1.4612,2.8173,3.7821,-1.1731,-2.9265,2.6331,-0.86089,2.1807,-0.39706,-2.7722,-1.8925,-2.1109
-1.6553,2.2477,3.2813,-0.84345,-2.967,1.9857,-1.3207,2.1725,-0.53633,-3.017,-1.9271,-1.8424
-1.6785,1.6396,2.4554,-0.53057,-2.6046,1.223,-1.8294,2.1184,-0.66832,-3.2788,-1.9949,-1.589
-1.4716,1.0046,1.2306,-0.25507,-1.7288,0.32479,-2.3946,2.0177,-0.78131,-3.5212,-2.0741,-1.3495
-1.0089,0.35165,-0.39729,-0.034619,-0.32367,-0.70693,-3.0423,1.8509,-0.88803,-3.7193,-2.1424,-1.1345
-0.32508,-0.30627,-2.3292,0.1216,1.4913,-1.8333,-3.7941,1.5946,-1.0126,-3.8616,-2.1825,-0.95948
0.48492,-0.94426,-4.3619,0.21201,3.4606,-2.977,-4.6471,1.2372,-1.1765,-3.9493,-2.1885,-0.83516
1.2925,-1.5242,-6.2205,0.23871,5.2383,-4.0332,-5.5664,0.7886,-1.3884,-3.9926,-2.1679,-0.7631
1.9728,-2.0041,-7.6248,0.20634,6.478,-4.8894,-6.49,0.28366,-1.6372,-4.003,-2.1347,-0.73337
2.4342,-2.3525,-8.3793,0.12462,6.9515,-5.4534,-7.3394,-0.22181,-1.8904,-3.9817,-2.0973,-0.72368
2.6385,-2.5565,-8.4479,0.008028,6.6513,-5.6824,-8.0358,-0.66156,-2.1007,-3.9146,-2.0509,-0.70187
2.6228,-2.6192,-7.9753,-0.13356,5.8145,-5.5996,-8.5203,-0.97616,-2.2233,-3.7739,-1.9809,-0.63567
2.5222,-2.5493,-7.2507,-0.3067,4.8579,-5.2911,-8.7718,-1.1327,-2.2342,-3.5388,-1.876,-0.50803
2.5405,-2.3592,-6.6281,-0.53297,4.2539,-4.8829,-8.8106,-1.1369,-2.142,-3.2124,-1.7408,-0.33172
2.843,-2.0723,-6.4121,-0.82814,4.3514,-4.5011,-8.6826,-1.0266,-1.9812,-2.8292,-1.5989,-0.15291
3.4508,-1.7274,-6.7323,-1.1779,5.2144,-4.2271,-8.432,-0.84672,-1.7918,-2.4425,-1.4831,-0.036186
4.2167,-1.3668,-7.4765,-1.5334,6.5877,-4.0687,-8.0775,-0.62125,-1.595,-2.0978,-1.4155,-0.034125
4.8849,-1.0158,-8.3241,-1.8301,7.9878,-3.96,-7.6034,-0.34154,-1.3826,-1.8102,-1.3919,-0.15733
5.1908,-0.67228,-8.8526,-2.0168,8.8628,-3.7883,-6.9735,0.02268,-1.1259,-1.5553,-1.3793,-0.36344
4.9588,-0.31266,-8.6852,-2.0788,8.7584,-3.4388,-6.16,0.49529,-0.79938,-1.2874,-1.3307,-0.57338
4.1661,0.087998,-7.6375,-2.0423,7.464,-2.8449,-5.1729,1.0661,-0.40607,-0.97007,-1.2087,-0.70457
2.9545,0.53542,-5.8018,-1.9592,5.1283,-2.023,-4.0708,1.6821,0.01369,-0.60199,-1.0052,-0.7029
1.5891,1.0071,-3.522,-1.884,2.2517,-1.0676,-2.949,2.2627,0.39508,-0.22176,-0.74745,-0.55823
0.37457,1.4632,-1.2666,-1.8575,-0.48185,-0.11519,-1.9126,2.7271,0.67532,0.10622,-0.48743,-0.29876
-0.43707,1.8661,0.52457,-1.9006,-2.4478,0.70071,-1.0492,3.0189,0.81834,0.31973,-0.28145,0.028851
-0.7183,2.1926,1.5612,-2.0109,-3.2714,1.2866,-0.41179,3.1198,0.82456,0.3821,-0.16865,0.38432
-0.49422,2.4347,1.7671,-2.161,-2.9102,1.6102,-0.015895,3.0493,0.72591,0.29481,-0.15413,0.75524
0.080998,2.5945,1.2755,-2.303,-1.641,1.7025,0.15276,2.8506,0.56723,0.093764,-0.20801,1.1652
0.78558,2.6799,0.36418,-2.3854,0.06069,1.6378,0.1248,2.5656,0.38197,-0.17192,-0.28365,1.6622
1.403,2.6995,-0.63671,-2.3729,1.7042,1.5007,-0.067051,2.2085,0.16863,-0.47049,-0.34878,2.2884
1.7737,2.6572,-1.4409,-2.2573,2.9259,1.355,-0.39992,1.7515,-0.11618,-0.80973,-0.40938,3.0455
1.8193,2.5509,-1.8754,-2.0544,3.5182,1.2312,-0.86638,1.1342,-0.54048,-1.2341,-0.50864,3.8777
1.5395,2.3733,-1.8883,-1.7893,3.3944,1.1346,-1.4686,0.29266,-1.1618,-1.8016,-0.70145,4.6879
0.97884,2.115,-1.5051,-1.4784,2.5808,1.0608,-2.2018,-0.80416,-1.9963,-2.5442,-1.0198,5.3839
0.19504,1.7677,-0.7975,-1.1187,1.2092,1.0012,-3.037,-2.1265,-3.0068,-3.4431,-1.4515,5.9275
-0.74346,1.3302,0.11276,-0.69485,-0.50065,0.94002,-3.9198,-3.5813,-4.1147,-4.424,-1.9388,6.3505
-1.7356,0.81436,1.0432,-0.20065,-2.2374,0.85371,-4.7887,-5.0441,-5.2269,-5.3784,-2.3993,6.7287
-2.6387,0.24427,1.7685,0.34387,-3.6353,0.70935,-5.6008,-6.4145,-6.2702,-6.2069,-2.7606,7.1334
-3.2904,-0.35429,2.0691,0.8953,-4.3714,0.46536,-6.347,-7.6579,-7.2178,-6.8614,-2.9965,7.5913
-3.5646,-0.96475,1.7917,1.4069,-4.26,0.081871,-7.0478,-8.8062,-8.0927,-7.3652,-3.1413,8.0698
-3.4298,-1.5834,0.90404,1.8509,-3.3142,-0.46036,-7.7339,-9.9181,-8.9443,-7.7901,-3.2725,8.4889
-2.9794,-2.2117,-0.47719,2.2272,-1.7553,-1.1436,-8.4245,-11.031,-9.813,-8.2137,-3.4731,8.7548
-2.4129,-2.8462,-2.1009,2.5605,0.032876,-1.9087,-9.1175,-12.136,-10.703,-8.6785,-3.7943,8.804
-1.9762,-3.4761,-3.6362,2.8909,1.5953,-2.6679,-9.7921,-13.178,-11.578,-9.1747,-4.2361,8.6355
-1.8857,-4.0899,-4.7562,3.2632,2.5263,-3.328,-10.42,-14.086,-12.376,-9.6489,-4.7494,8.3098
-2.2592,-4.6822,-5.2354,3.7111,2.585,-3.8173,-10.978,-14.804,-13.038,-10.03,-5.2569,7.9162
-3.0676,-5.2522,-5.0262,4.2362,1.7785,-4.1072,-11.449,-15.306,-13.532,-10.261,-5.6821,7.5351
-4.1265,-5.7952,-4.2794,4.7952,0.38388,-4.2209,-11.832,-15.608,-13.857,-10.322,-5.9786,7.2122
-5.1476,-6.2973,-3.2918,5.3073,-1.1358,-4.2266,-12.13,-15.75,-14.039,-10.239,-6.1466,6.9495
-5.8402,-6.7388,-2.4058,5.6835,-2.3095,-4.2161,-12.355,-15.777,-14.11,-10.066,-6.2264,6.7115
-6.0228,-7.0989,-1.9002,5.8583,-2.8402,-4.2738,-12.512,-15.719,-14.084,-9.8553,-6.2707,6.4489
-5.6943,-7.3632,-1.9036,5.8153,-2.6958,-4.4495,-12.595,-15.578,-13.946,-9.6314,-6.312,6.1293
-5.0357,-7.5327,-2.3591,5.5992,-2.0955,-4.7455,-12.585,-15.326,-13.665,-9.3778,-6.3445,5.7595
-4.3398,-7.6289,-3.06,5.3111,-1.4131,-5.1239,-12.45,-14.933,-13.212,-9.0511,-6.3295,5.388
-3.8866,-7.6827,-3.7438,5.0712,-1.0033,-5.5243,-12.159,-14.379,-12.58,-8.6045,-6.2167,5.0844
-3.8142,-7.7127,-4.2123,4.9585,-1.0122,-5.8837,-11.682,-13.671,-11.792,-8.0123,-5.9694,4.9087
-4.0526,-7.7114,-4.4197,4.9622,-1.3217,-6.1565,-11.005,-12.837,-10.888,-7.2825,-5.5815,4.8862
-4.3614,-7.6494,-4.4821,4.985,-1.6555,-6.3292,-10.137,-11.913,-9.9092,-6.4553,-5.0804,4.9966
-4.4299,-7.4927,-4.6174,4.8943,-1.6629,-6.4218,-9.1112,-10.924,-8.8862,-5.5856,-4.5151,5.1822
-3.9799,-7.2203,-5.0517,4.5839,-0.97289,-6.4725,-7.9814,-9.8774,-7.8325,-4.7206,-3.9345,5.3712
-2.8732,-6.8328,-5.9254,4.0158,0.64308,-6.516,-6.8017,-8.7652,-6.7474,-3.8835,-3.3688,5.5074
-1.187,-6.3527,-7.2243,3.2313,3.1021,-6.565,-5.6166,-7.5836,-5.6281,-3.0742,-2.8215,5.5719
0.80326,-5.8147,-8.7535,2.335,6.008,-6.6006,-4.4619,-6.3482,-4.4805,-2.2811,-2.2743,5.5846
2.7054,-5.2516,-10.17,1.4611,8.7567,-6.5737,-3.3665,-5.0964,-3.3238,-1.4956,-1.7023,5.5865
4.1144,-4.683,-11.067,0.73479,10.677,-6.4168,-2.3416,-3.8743,-2.1862,-0.72113,-1.0898,5.6153
4.7181,-4.1111,-11.098,0.24129,11.204,-6.0654,-1.3709,-2.7174,-1.0954,0.025638,-0.44087,5.6888
4.3891,-3.5261,-10.106,0.0039478,10.059,-5.4834,-0.4241,-1.6395,-0.070839,0.71933,0.21889,5.8006
3.2436,-2.9167,-8.217,-0.023712,7.4017,-4.6859,0.51331,-0.63861,0.87482,1.3318,0.84822,5.9243
1.6355,-2.2783,-5.8172,0.052834,3.8599,-3.7461,1.4177,0.28611,1.7313,1.8389,1.3999,6.0217
0.061251,-1.6153,-3.4366,0.10244,0.35276,-2.7779,2.2293,1.1251,2.4902,2.23,1.8346,6.0561
-1.008,-0.94044,-1.5734,0.013127,-2.2307,-1.8994,2.8783,1.8642,3.1509,2.5168,2.1361,6.0097
-1.2961,-0.27204,-0.53653,-0.26961,-3.3459,-1.193,3.3223,2.499,3.7286,2.735,2.3189,5.8965
-0.80362,0.3698,-0.37207,-0.72568,-2.9226,-0.68217,3.5724,3.0457,4.2549,2.9347,2.4232,5.7585
0.22274,0.967,-0.89,-1.2707,-1.3416,-0.33313,3.6935,3.5397,4.7707,3.1616,2.496,5.6482
1.4202,1.505,-1.7555,-1.7889,0.74394,-0.077668,3.7812,4.0238,5.3124,3.4393,2.5703,5.6047
2.4545,1.9715,-2.6011,-2.1761,2.6692,0.15526,3.9272,4.5319,5.8955,3.7595,2.6516,5.638
3.1027,2.3537,-3.1325,-2.3764,3.9768,0.41295,4.1879,5.0766,6.502,4.0834,2.7177,5.7238
3.285,2.6398,-3.2001,-2.3956,4.5012,0.70769,4.5702,5.6423,7.0781,4.3546,2.7299,5.8109
3.0617,2.8263,-2.8136,-2.2895,4.2967,1.0233,5.0367,6.1881,7.5477,4.5183,2.6525,5.8417
2.5852,2.9253,-2.0976,-2.1363,3.5379,1.3328,5.5256,6.6583,7.8409,4.5406,2.4709,5.7777
2.0262,2.9628,-1.2119,-2.0066,2.4505,1.615,5.9731,7.0059,7.9251,4.4183,2.1973,5.6148
1.5019,2.9671,-0.28539,-1.94,1.2372,1.8587,6.3359,7.2174,7.817,4.1733,1.862,5.3771
1.0385,2.9582,0.60185,-1.9339,0.019611,2.0592,6.6036,7.3203,7.5711,3.837,1.4969,5.0967
0.59324,2.9409,1.4038,-1.947,-1.1474,2.2137,6.7967,7.368,7.2552,3.4387,1.1247,4.7979
0.10571,2.9077,2.0872,-1.9167,-2.2226,2.3178,6.9489,7.4121,6.929,3.0018,0.75781,4.4954
-0.45994,2.8477,2.6107,-1.7877,-3.1467,2.3625,7.0823,7.48,6.6315,2.5447,0.40226,4.1985
-1.077,2.7579,2.9034,-1.5445,-3.8175,2.3322,7.1884,7.5634,6.3752,2.0802,0.060111,3.9099
-1.6269,2.6499,2.8621,-1.2329,-4.0732,2.2099,7.2271,7.6215,6.1467,1.6129,-0.2723,3.6197
-1.9205,2.5488,2.396,-0.94866,-3.7366,1.9913,7.1431,7.5993,5.9151,1.1386,-0.60588,3.3028
-1.7839,2.484,1.4985,-0.79575,-2.7156,1.701,6.8921,7.455,5.6471,0.64782,-0.95541,2.9278
-1.157,2.4805,0.29182,-0.83932,-1.0863,1.3982,6.4649,7.1811,5.3216,0.13084,-1.3322,2.4742
-0.1364,2.5543,-0.98877,-1.0832,0.88837,1.1637,5.8938,6.8054,4.9344,-0.41913,-1.7382,1.943
1.0547,2.7142,-2.0483,-1.4777,2.8001,1.0786,5.2366,6.3732,4.4921,-1.0054,-2.1648,1.3552
2.1412,2.9606,-2.6055,-1.9419,4.1905,1.2028,4.5479,5.9225,4.0009,-1.6289,-2.598,0.74168
2.8745,3.277,-2.4763,-2.3879,4.6839,1.5533,3.8567,5.4678,3.4576,-2.2903,-3.0259,0.12929
3.0961,3.6237,-1.6371,-2.7379,4.1083,2.09,3.1593,4.9981,2.8499,-2.9912,-3.4444,-0.46833
2.7759,3.9422,-0.23751,-2.9367,2.5582,2.7205,2.4306,4.4889,2.1651,-3.7327,-3.8583,-1.0544
2.0167,4.1725,1.4398,-2.9594,0.38349,3.3271,1.6433,3.9214,1.4025,-4.5118,-4.2769,-1.6449
1.0241,4.2749,3.0491,-2.8149,-1.8931,3.8047,0.78704,3.3004,0.58272,-5.3158,-4.706,-2.2568
0.04876,4.2417,4.2675,-2.543,-3.7106,4.0897,-0.12482,2.6625,-0.25207,-6.1192,-5.1416,-2.8968
-0.67121,4.0927,4.876,-2.2045,-4.6258,4.1669,-1.0624,2.0682,-1.0475,-6.885,-5.5684,-3.557
-0.9604,3.8569,4.8075,-1.8588,-4.4419,4.0559,-1.9939,1.5769,-1.7533,-7.5709,-5.9649,-4.2204
-0.76416,3.5557,4.1492,-1.537,-3.2686,3.7944,-2.8935,1.2194,-2.3384,-8.1378,-6.31,-4.8675
-0.1806,3.1958,3.1153,-1.2275,-1.4467,3.4265,-3.7396,0.98478,-2.7992,-8.5571,-6.5879,-5.4772
0.5643,2.7728,1.9954,-0.88454,0.60855,2.9982,-4.5076,0.82853,-3.1566,-8.8185,-6.7906,-6.0268
1.1656,2.2801,1.0817,-0.4514,2.4548,2.5554,-5.168,0.69331,-3.4483,-8.9367,-6.9229,-6.4991
1.3103,1.7158,0.59242,0.11946,3.6158,2.1385,-5.6907,0.52751,-3.7189,-8.9532,-7.0065,-6.8956
0.77011,1.0846,0.62863,0.8524,3.6729,1.778,-6.056,0.29604,-4.0089,-8.9282,-7.078,-7.2425
-0.52978,0.39683,1.1907,1.7402,2.4047,1.4938,-6.2612,-0.015637,-4.3431,-8.9217,-7.1777,-7.579
-2.4925,-0.32923,2.228,2.7419,-0.12284,1.2971,-6.3202,-0.40138,-4.7212,-8.9716,-7.33,-7.9317
-4.8698,-1.064,3.6545,3.7878,-3.5189,1.1918,-6.2546,-0.83856,-5.1183,-9.0763,-7.5299,-8.2951
-7.3152,-1.7689,5.3062,4.7894,-7.1594,1.1729,-6.0829,-1.2984,-5.4961,-9.2073,-7.7436,-8.6338
-9.4603,-2.4082,6.9226,5.6598,-10.383,1.2171,-5.8193,-1.7608,-5.8225,-9.3268,-7.9326,-8.907
-10.995,-2.9622,8.1993,6.3332,-12.67,1.2766,-5.4838,-2.2254,-6.0864,-9.4119,-8.0767,-9.0997
-11.727,-3.4376,8.875,6.7806,-13.72,1.2806,-5.1112,-2.7099,-6.2996,-9.4669,-8.1854,-9.2351
-11.609,-3.8582,8.8032,7.0138,-13.446,1.1564,-4.749,-3.2347,-6.4848,-9.5161,-8.2893,-9.3675
-10.752,-4.2487,7.9849,7.0745,-11.982,0.85742,-4.4451,-3.8041,-6.6575,-9.5847,-8.419,-9.5514
-9.4133,-4.621,6.5575,7.0186,-9.6828,0.3819,-4.2323,-4.3967,-6.813,-9.678,-8.5844,-9.8125
-7.9253,-4.9707,4.7524,6.8995,-7.0263,-0.2272,-4.117,-4.9707,-6.9258,-9.7739,-8.7648,-10.135
-6.5787,-5.2875,2.836,6.7577,-4.478,-0.90246,-4.0784,-5.4811,-6.9626,-9.8322,-8.9174,-10.468
-5.5376,-5.5711,1.0469,6.6206,-2.385,-1.5804,-4.0792,-5.9006,-6.9045,-9.8176,-8.9982,-10.756
-4.8423,-5.8406,-0.4557,6.5095,-0.91677,-2.2212,-4.0781,-6.2298,-6.7611,-9.7216,-8.9857,-10.961
-4.4698,-6.1283,-1.6044,6.4454,-0.10481,-2.8097,-4.036,-6.4893,-6.5682,-9.5683,-8.8902,-11.081
-4.3663,-6.4637,-2.3887,6.4437,0.10839,-3.3433,-3.9156,-6.7006,-6.3684,-9.4011,-8.744,-11.144
-4.4432,-6.859,-2.8212,6.5052,-0.10582,-3.8196,-3.6823,-6.8698,-6.1908,-9.2607,-8.583,-11.191
-4.5927,-7.3047,-2.95,6.615,-0.52666,-4.2338,-3.3122,-6.9806,-6.0399,-9.1676,-8.4296,-11.258
-4.7189,-7.7761,-2.8761,6.7513,-0.96369,-4.5863,-2.7996,-7.0017,-5.8972,-9.1147,-8.285,-11.361
-4.7638,-8.2452,-2.7333,6.897,-1.2687,-4.8839,-2.1573,-6.901,-5.7319,-9.0717,-8.1307,-11.488
-4.7205,-8.6872,-2.6447,7.0449,-1.3526,-5.143,-1.4069,-6.6623,-5.5163,-8.9991,-7.9371,-11.605
-4.6301,-9.0823,-2.689,7.1938,-1.2142,-5.384,-0.56583,-6.2955,-5.2394,-8.8702,-7.6782,-11.673
-4.5652,-9.4146,-2.8895,7.3414,-0.93841,-5.625,0.35755,-5.8384,-4.9144,-8.6796,-7.346,-11.678
-4.604,-9.6747,-3.2226,7.4838,-0.65781,-5.8759,1.3557,-5.3473,-4.5756,-8.4522,-6.9595,-11.638
-4.8058,-9.8626,-3.6313,7.6261,-0.49846,-6.1351,2.4098,-4.8773,-4.2602,-8.2211,-6.559,-11.599
-5.1881,-9.984,-4.0404,7.7763,-0.53417,-6.3832,3.4863,-4.46,-3.9874,-8.0069,-6.1823,-11.601
-5.7103,-10.043,-4.3748,7.9357,-0.76226,-6.5842,4.5411,-4.092,-3.7465,-7.8019,-5.8485,-11.656
-6.272,-10.035,-4.5825,8.0828,-1.1014,-6.6932,5.5288,-3.7452,-3.5059,-7.5772,-5.5536,-11.742
-6.7295,-9.9488,-4.6531,8.1714,-1.4078,-6.6754,6.409,-3.3936,-3.2369,-7.3062,-5.2858,-11.82
-6.9283,-9.774,-4.6185,8.1432,-1.5161,-6.5196,7.1516,-3.0373,-2.9355,-6.987,-5.0379,-11.859
-6.747,-9.5097,-4.53,7.9486,-1.3065,-6.2425,7.7365,-2.7083,-2.6283,-6.6491,-4.8177,-11.867
-6.15,-9.1679,-4.4239,7.5667,-0.77097,-5.8817,8.1533,-2.4554,-2.3612,-6.3406,-4.6444,-11.882
-5.2276,-8.7744,-4.2938,7.0196,-0.050536,-5.4828,8.4016,-2.3205,-2.1785,-6.104,-4.5361,-11.96
-4.1949,-8.3609,-4.0854,6.3743,0.58683,-5.0829,8.4942,-2.3142,-2.0988,-5.9512,-4.4955,-12.147
-3.3357,-7.9549,-3.7215,5.7324,0.83848,-4.7012,8.4603,-2.4054,-2.101,-5.8496,-4.4984,-12.449
-2.9101,-7.5757,-3.1524,5.2078,0.48704,-4.3431,8.3429,-2.5286,-2.1297,-5.7284,-4.4949,-12.831
-3.0557,-7.2405,-2.4052,4.893,-0.49308,-4.0181,8.1889,-2.6121,-2.1191,-5.5076,-4.4267,-13.222
-3.7198,-6.9738,-1.6126,4.8231,-1.8833,-3.7591,8.0325,-2.6114,-2.0253,-5.138,-4.2568,-13.55
-4.6589,-6.8066,-1.0031,4.9595,-3.2593,-3.6257,7.8818,-2.529,-1.8474,-4.6315,-3.9948,-13.788
-5.512,-6.762,-0.83659,5.2042,-4.1082,-3.6809,7.7206,-2.4023,-1.6229,-4.0617,-3.6999,-13.965
-5.9269,-6.8337,-1.2979,5.4352,-4.0157,-3.954,7.5301,-2.2604,-1.3915,-3.5285,-3.4548,-14.145
-5.6971,-6.9694,-2.3959,5.5426,-2.8479,-4.4047,7.3194,-2.072,-1.1432,-3.098,-3.3206,-14.373
-4.8407,-7.0646,-3.9273,5.4555,-0.81469,-4.9119,7.1435,-1.7142,-0.77327,-2.7361,-3.2856,-14.605
-3.5978,-6.9802,-5.5181,5.1496,1.5851,-5.2985,7.0922,-0.99034,-0.065709,-2.2718,-3.2285,-14.674
-2.3601,-6.5814,-6.7284,4.6362,3.695,-5.3897,7.2536,0.29014,1.3004,-1.3912,-2.9092,-14.289
-1.5273,-5.7912,-7.1932,3.9494,4.9015,-5.0822,7.6652,2.1189,3.7649,0.33813,-1.9876,-13.109
-1.3426,-4.6679,-6.739,3.1595,4.8324,-4.3938,8.2796,2.4186,7.3495,3.4801,-0.025932,-10.901
-1.7961,-3.7924,-5.4143,2.3878,3.4765,-3.542,8.9986,-2.5378,2.7645,7.0279,3.4519,-7.9245
-2.6135,-5.8411,-3.4261,2.3864,1.1912,-3.3547,9.8651,-3.0254,-0.73527,-1.9354,-0.99582,-9.0439
-3.4399,-8.6867,-1.0316,4.8934,-1.4285,-5.0363,11.189,-3.1276,-2.024,-3.5241,-4.1458,-15.296
-5.8849,-9.4415,1.5585,6.8182,-3.8075,-6.7316,13.235,-2.3368,-3.2724,-5.6105,-7.8794,-19.923
-12.521,-8.7024,4.2066,7.679,-5.6023,-6.7713,15.578,1.1206,-1.7228,-6.9705,-11.137,-23.958
-15.609,-5.487,6.833,6.7197,-7.0037,-4.7014,17.483,8.5002,5.4804,-5.0644,-11.546,-23.887
-15.284,1.8829,9.5118,2.8282,-13.823,0.58917,24.762,22.971,20.496,3.3631,-6.515,-17.036
-11.324,14.791,12.548,-5.0999,-15.535,10.568,39.107,47.21,45.133,21.623,7.2576,-0.99463
-3.2133,34.302,16.392,-17.534,-14.008,26.838,51.425,78.526,80.195,52.599,33.145,25.76
9.1203,59.957,21.902,-34.125,-11.463,48.945,61.153,116.15,128.87,99.455,73.891,63.631
25.59,87.574,30.851,-53.904,-7.3971,71.809,65.996,153.94,191.99,168.95,135.6,112.55
45.79,113.05,44.868,-75.799,-0.76285,90.17,63.976,186.58,257,261.4,229.58,173.31
69.498,136.77,59.486,-99.583,9.2028,102.95,53.797,212.65,319.92,369.13,346.09,245.26
97.456,160.27,57.6,-126.28,24.179,111.49,34.83,229.09,378.69,494.31,484.78,327.42
131.65,184.99,46.995,-157.46,45.05,116.99,6.8297,231.96,430.6,635.61,643.1,419.86
172.9,213.22,33.888,-194.28,70.997,122.24,-30.354,217.73,471.53,788.76,815.89,520.74
219.3,247.73,21.403,-236.66,98.885,132.7,-75.501,184.8,497.04,945.69,994.34,626.51
266.18,290.29,16.926,-282.29,123.43,152.52,-125.46,134.21,503.45,1093.5,1165.2,731.26
306.78,339.86,26.918,-326.85,138.3,183.68,-175.99,69.13,488.13,1214.5,1310.3,826
333.85,391.93,54.067,-364.95,138.57,225.02,-221.75,-6.3371,449.07,1288.8,1408.2,898.81
342,438.5,95.49,-390.71,122.94,270.19,-259.46,-88.476,384.17,1297.5,1437.3,936.32
328.77,469.46,142.42,-398.7,94.006,308.87,-289.73,-175.67,291.1,1227,1380.9,926.57
294.85,475.59,183.66,-385.32,57.014,330.96,-315.42,-268.85,168.34,1072.3,1232.6,862.46
244.24,451.32,209.13,-349.74,18.962,329.49,-339.37,-369.53,16.957,839.67,1000,744.57
182.7,396.23,213.43,-293.94,-14.366,301.99,-363.81,-477.77,-158.07,546.78,705.06,582.32
117.01,315.28,196.42,-222.54,-39.451,251.3,-389.77,-590.43,-346.91,221.54,380.88,393.04
53.532,218.04,161.8,-142.61,-54.961,184.86,-416.51,-700.04,-534.45,-101.72,65.662,198.9
-3.3563,116.65,117.34,-62.89,-61.844,112.59,-441.06,-795.12,-701.28,-387.52,-205,22.23
-50.507,23.097,71.964,8.3804,-62.114,44.23,-458.56,-862.5,-827.32,-605.78,-405.45,-119.31
-86.053,-53.289,31.831,65.381,-58.177,-12.681,-463.99,-891.42,-897.48,-738.49,-524.51,-215.98
-109.33,-107,0.35696,105.09,-52.018,-53.722,-454.22,-877.35,-906.72,-783.84,-566.3,-267.04
-120.39,-136.65,-20.854,127,-44.543,-77.763,-429.24,-823.62,-861.62,-755.65,-546.82,-279.3
-119.67,-144.81,-32.316,132.6,-35.695,-86.649,-392.16,-739.94,-776.23,-677.18,-487.36,-263.33
-108.45,-136.95,-37.295,124.77,-26.101,-84.507,-347.51,-638.82,-666.82,-573.17,-408.7,-230.14
-89.142,-119.16,-39.257,107.3,-16.775,-76.29,-299.22,-531.81,-548.67,-463.97,-327.95,-189.7
-64.959,-96.741,-39.732,84.459,-6.0976,-65.825,-249.96,-427.41,-434.02,-362.72,-256.01,-149.64
-40.653,-74.321,-39.185,60.578,1.8774,-55.364,-201.92,-331.4,-331.07,-275.59,-196.55,-114.34
-21.713,-54.781,-35.61,39.304,6.3282,-45.927,-157.32,-248.01,-244.2,-203.82,-147.71,-85.202
-9.4735,-38.773,-23.414,22.842,7.9975,-36.803,-118.02,-180.1,-174.57,-145.74,-106.51,-61.739
-3.2379,-26.142,-19.796,12.214,7.5517,-28.139,-84.885,-128.26,-121.95,-99.554,-73.6,-45.005
-1.2834,-18.234,-18.43,6.549,6.4785,-21.906,-58.041,-90.294,-84.586,-67.019,-50.684,-33.616
-1.4788,-13.235,-16.795,3.7818,5.0899,-18.119,-37.541,-63.522,-59.486,-46.067,-35.436,-24.669
-3.1899,-9.3784,-14.876,2.7761,3.1627,-14.858,-23.063,-45.664,-43.364,-33.273,-26.014,-17.689
-6.1967,-7.3937,-12.977,3.2016,1.0569,-12.263,-13.78,-34.528,-33.467,-26.256,-20.764,-12.725
-7.0547,-9.3716,-11.444,6.2344,-0.64406,-11.118,-8.0871,-28.046,-27.371,-22.664,-17.929,-10.513
-6.6068,-11.813,-10.55,7.3048,-1.499,-10.701,-4.6644,-24.614,-23.079,-20.247,-15.657,-11.422
-6.008,-10.944,-10.387,6.1743,-1.3835,-10.284,-2.89,-23.067,-19.943,-18.174,-14.723,-10.278
-5.2972,-9.5765,-10.82,5.1685,-0.48801,-9.9252,-2.3452,-22.633,-18.247,-18.089,-15.818,-7.4059
-4.5024,-8.4487,-11.554,4.4387,0.81753,-9.6546,-3.469,-22.918,-19.789,-17.187,-13.132,-5.0596
-3.718,-7.5589,-12.261,3.8976,2.1545,-9.3783,-5.9163,-22.563,-19.374,-13.769,-10.49,-3.3665
-3.0191,-6.8141,-12.687,3.4601,3.2521,-8.9926,-4.3413,-18.813,-16.072,-11.276,-8.6784,-2.1431
-2.4253,-6.1402,-12.696,3.0559,3.9841,-8.4461,-2.9441,-16.101,-13.624,-9.6492,-7.495,-1.2461
-1.9168,-5.4922,-12.274,2.6381,4.3418,-7.7483,-1.9714,-14.243,-11.962,-8.5728,-6.7131,-0.57711
-1.4761,-4.8489,-11.498,2.1931,4.3686,-6.9514,-1.3153,-12.893,-10.796,-7.8208,-6.1684,-0.06292
-1.1275,-4.2094,-10.495,1.7434,4.1032,-6.1287,-0.90879,-11.893,-9.9485,-7.2578,-5.753,0.35282
-0.95268,-3.5922,-9.3978,1.3449,3.5577,-5.354,-0.68113,-11.157,-9.3211,-6.813,-5.4072,0.7085
-1.0717,-3.0316,-8.312,1.0737,2.7263,-4.6844,-0.53682,-10.61,-8.8361,-6.4509,-5.1081,1.0226
-1.5862,-2.565,-7.2999,0.99878,1.6177,-4.1508,-0.36265,-10.169,-8.413,-6.1466,-4.8521,1.2947
-2.5054,-2.2156,-6.3943,1.1452,0.29411,-3.7587,-0.056426,-9.7492,-7.9732,-5.8718,-4.635,1.5132
-3.7066,-1.9765,-5.6224,1.471,-1.1149,-3.491,0.43829,-9.2912,-7.4635,-5.5928,-4.4429,1.6678
-4.9581,-1.8087,-5.0143,1.8711,-2.4354,-3.3109,1.112,-8.7899,-6.8777,-5.2851,-4.2495,1.7604
-5.9938,-1.6568,-4.5913,2.2115,-3.4893,-3.1719,1.8962,-8.2939,-6.2584,-4.9448,-4.0277,1.8087
-6.6024,-1.4721,-4.3533,2.3778,-4.1406,-3.0343,2.6948,-7.8844,-5.6771,-4.5946,-3.765,1.8362
-6.6991,-1.2337,-4.2789,2.3168,-4.3388,-2.8777,3.4271,-7.6351,-5.2023,-4.2773,-3.4702,1.8587
-6.3482,-0.95607,-4.3254,2.0529,-4.1323,-2.702,4.0606,-7.5742,-4.8718,-4.0347,-3.1725,1.8771
-5.726,-0.67674,-4.4348,1.6732,-3.6433,-2.518,4.6183,-7.6681,-4.6778,-3.8844,-2.9005,1.8842
-5.0408,-0.4303,-4.5532,1.2846,-3.0215,-2.3383,5.1567,-7.831,-4.5714,-3.804,-2.662,1.877
-4.4471,-0.22519,-4.6606,0.96058,-2.3827,-2.1732,5.7245,-7.9615,-4.485,-3.738,-2.4362,1.8659
-3.988,-0.037986,-4.7921,0.70907,-1.7578,-2.0333,6.326,-7.9895,-4.3661,-3.6235,-2.1834,1.8727
-3.5989,0.1717,-5.0228,0.4817,-1.0977,-1.9296,6.9128,-7.9078,-4.1984,-3.4203,-1.8665,1.9196
-3.1742,0.44011,-5.4167,0.21694,-0.34281,-1.866,7.4059,-7.7648,-4.0072,-3.1261,-1.47,2.0173
-2.6587,0.78007,-5.9724,-0.11485,0.49934,-1.8323,7.7353,-7.6301,-3.8341,-2.7708,-1.0062,2.1627
-2.098,1.1765,-6.5999,-0.49376,1.3197,-1.8015,7.873,-7.5501,-3.7085,-2.3965,-0.50802,2.341
-1.6182,1.5965,-7.1405,-0.8654,1.9318,-1.7363,7.841,-7.5254,-3.6291,-2.0356,-0.012687,2.5358
-1.3523,2.0074,-7.4205,-1.175,2.1459,-1.6004,7.6918,-7.5109,-3.564,-1.6951,0.45414,2.7382
-1.3653,2.3906,-7.3168,-1.4,1.859,-1.3727,7.4771,-7.444,-3.467,-1.3554,0.88792,2.9495
-1.6227,2.7467,-6.806,-1.5611,1.1069,-1.0541,7.2251,-7.2805,-3.3015,-0.98188,1.3036,3.1788
-2.0135,3.0885,-5.9722,-1.7062,0.052027,-0.66551,6.9375,-7.0161,-3.0574,-0.54159,1.7271,3.4398
-2.4038,3.4334,-4.9705,-1.8808,-1.0777,-0.23474,6.6057,-6.681,-2.75,-0.015369,2.1858,3.7517
-2.6894,3.7994,-3.9722,-2.1062,-2.06,0.21779,6.2338,-6.312,-2.403,0.60042,2.7026,4.1392
-2.8214,4.2033,-3.1211,-2.3735,-2.7279,0.68115,5.8527,-5.9263,-2.0297,1.3011,3.2904,4.6269
-2.7993,4.6548,-2.5184,-2.655,-2.9927,1.1428,5.5149,-5.5109,-1.6258,2.0739,3.9467,5.2279
-2.6464,5.1505,-2.2328,-2.9236,-2.846,1.5779,5.2716,-5.0415,-1.1739,2.9071,4.6535,5.9336
-2.3895,5.6777,-2.3005,-3.1677,-2.3399,1.9557,5.1476,-4.4984,-0.65194,3.798,5.387,6.7168
-2.055,6.2276,-2.6912,-3.3989,-1.5635,2.2625,5.1334,-3.8796,-0.039922,4.7591,6.1325,7.5456
-1.6772,6.8116,-3.2754,-3.651,-0.6525,2.5188,5.1956,-3.2025,0.6761,5.8171,6.9053,8.4004
-1.308,7.4631,-3.8444,-3.9694,0.1824,2.7734,5.297,-2.4992,1.5006,7.0016,7.7495,9.2825
-1.0198,8.2233,-4.1653,-4.3963,0.67761,3.0848,5.4142,-1.8065,2.4279,8.3313,8.7249,10.21
-0.89345,9.1192,-4.036,-4.9544,0.60307,3.5057,5.5451,-1.1515,3.4472,9.8069,9.8876,11.203
-0.98435,10.151,-3.3407,-5.6384,-0.1503,4.0739,5.7058,-0.53787,4.5516,11.414,11.278,12.279
-1.2751,11.289,-2.1054,-6.417,-1.5142,4.7964,5.916,0.05736,5.7438,13.131,12.918,13.438
-1.6527,12.488,-0.52176,-7.2445,-3.2232,5.6363,6.1815,0.67301,7.0343,14.941,14.819,14.677
-1.9339,13.697,1.0911,-8.0815,-4.8646,6.518,6.4817,1.3431,8.4346,16.844,16.988,15.994
-1.9247,14.886,2.3785,-8.9118,-5.9931,7.3518,6.7707,2.0768,9.9482,18.863,19.445,17.414
-1.482,16.052,3.0551,-9.7387,-6.2599,8.0646,6.9896,2.8483,11.561,21.043,22.211,18.992
-0.56194,17.201,2.9821,-10.56,-5.5102,8.6201,7.0859,3.6046,13.231,23.432,25.289,20.808
0.75955,18.324,2.1985,-11.344,-3.8301,9.024,7.031,4.2867,14.889,26.048,28.629,22.935
2.302,19.384,0.90637,-12.039,-1.5337,9.3155,6.8296,4.8532,16.453,28.863,32.128,25.412
3.8317,20.348,-0.58349,-12.61,0.92236,9.5508,6.5154,5.2958,17.871,31.814,35.673,28.233
5.1278,21.232,-1.9339,-13.077,3.0699,9.7848,6.1315,5.6345,19.144,34.834,39.187,31.354
6.0308,22.128,-2.8676,-13.534,4.537,10.06,5.704,5.8971,20.327,37.868,42.635,34.713
6.4637,23.19,-3.2287,-14.129,5.0997,10.402,5.2238,6.0958,21.492,40.873,46.006,38.23
6.4397,24.582,-2.9974,-15.05,4.7026,10.826,4.6535,6.2189,22.684,43.808,49.293,41.819
6.0749,26.409,-2.2602,-16.476,3.453,11.335,3.9542,6.2414,23.916,46.638,52.503,45.403
5.6019,28.636,-1.1685,-18.467,1.5833,11.93,3.1147,6.1466,25.17,49.337,55.654,48.942
5.3355,31.054,0.074279,-20.822,-0.56473,12.599,2.1612,5.944,26.43,51.891,58.775,52.426
5.5467,33.385,1.2275,-23.169,-2.5368,13.307,1.1399,5.6738,27.691,54.305,61.892,55.858
6.3326,35.437,2.0666,-25.266,-3.8754,14.01,0.09005,5.3945,28.977,56.604,65.018,59.247
7.6477,37.186,2.4461,-27.12,-4.2843,14.676,-0.97227,5.1618,30.333,58.829,68.152,62.604
9.4334,38.734,2.3283,-28.873,-3.6913,15.33,-2.0497,5.0106,31.814,61.041,71.286,65.955
11.659,40.26,1.7796,-30.683,-2.219,16.075,-3.1453,4.9516,33.459,63.321,74.408,69.357
14.269,41.938,0.94649,-32.661,-0.12115,17.095,-4.2435,4.9822,35.286,65.769,77.517,72.883
17.133,43.887,0.019269,-34.831,2.2791,18.622,-5.2992,5.0989,37.29,68.493,80.632,76.6
20.047,46.134,-0.8097,-37.139,4.6416,20.842,-6.2442,5.3113,39.456,71.59,83.787,80.536
22.794,48.632,-1.3823,-39.483,6.6664,23.718,-7.006,5.6455,41.766,75.118,87.026,84.659
25.218,51.296,-1.5942,-41.756,8.1492,26.864,-7.5317,6.1383,44.205,79.052,90.381,88.884
27.27,54.048,-1.3965,-43.882,8.9948,29.817,-7.8049,6.8253,46.759,83.274,93.869,93.105
28.99,56.847,-0.78057,-45.829,9.1946,32.441,-7.8477,7.7298,49.406,87.608,97.475,97.237
30.45,59.704,0.26031,-47.633,8.8039,34.893,-7.7097,8.8523,52.116,91.893,101.15,101.23
31.706,62.669,1.7676,-49.404,7.9133,37.356,-7.4482,10.166,54.852,96.036,104.86,105.09
32.795,65.809,3.8134,-51.298,6.6202,39.949,-7.0988,11.625,57.58,100.01,108.55,108.84
33.771,69.185,6.4675,-53.439,5.0239,42.744,-6.6629,13.188,60.277,103.85,112.26,112.54
34.714,72.822,9.7419,-55.858,3.2521,45.774,-6.1198,14.856,62.947,107.62,116.02,116.27
35.696,76.678,13.523,-58.484,1.4832,49.007,-5.4612,16.679,65.624,111.37,119.89,120.11
36.756,80.651,17.547,-61.203,-0.070307,52.361,-4.7197,18.727,68.362,115.16,123.89,124.14
37.917,84.627,21.463,-63.923,-1.2134,55.736,-3.9719,21.036,71.216,119.03,128.04,128.37
39.213,88.534,24.966,-66.617,-1.8219,59.046,-3.316,23.557,74.221,123,132.32,132.75
40.676,92.365,27.924,-69.312,-1.8701,62.244,-2.8379,26.157,77.374,127.08,136.7,137.23
42.316,96.176,30.399,-72.061,-1.4327,65.337,-2.5819,28.675,80.638,131.28,141.14,141.74
44.12,100.06,32.566,-74.912,-0.66491,68.378,-2.5389,30.998,83.944,135.57,145.62,146.25
46.067,104.1,34.596,-77.886,0.23693,71.437,-2.6524,33.105,87.217,139.92,150.13,150.72
48.133,108.36,36.579,-80.953,1.0861,74.564,-2.8388,35.047,90.408,144.25,154.66,155.06
50.288,112.77,38.521,-84.036,1.7492,77.781,-3.0138,36.903,93.503,148.48,159.25,159.23
52.502,117.21,40.413,-87.036,2.1676,81.063,-3.1177,38.742,96.517,152.6,163.89,163.2
54.762,121.48,42.246,-89.895,2.3557,84.322,-3.1326,40.582,99.47,156.59,168.56,166.98
57.081,125.46,43.976,-92.622,2.3821,87.439,-3.0855,42.384,102.36,160.41,173.23,170.63
59.492,129.11,45.532,-95.29,2.3386,90.335,-3.0338,44.063,105.16,164.03,177.85,174.21
61.999,132.53,46.88,-98.006,2.303,93.004,-3.0392,45.528,107.79,167.4,182.4,177.75
64.544,135.8,48.054,-100.87,2.3093,95.498,-3.1424,46.723,110.16,170.48,186.83,181.25
67.026,139.02,49.151,-103.91,2.3399,97.893,-3.3501,47.66,112.22,173.28,191.1,184.7
69.367,142.21,50.299,-107.05,2.345,100.27,-3.6416,48.418,113.99,175.8,195.15,188.05
71.548,145.36,51.629,-110.17,2.2825,102.67,-3.9978,49.11,115.53,178.08,198.92,191.31
73.587,148.41,53.224,-113.15,2.1572,105.12,-4.4183,49.83,116.95,180.14,202.38,194.48
75.508,151.33,55.063,-115.93,2.0418,107.52,-4.9191,50.62,118.36,182,205.5,197.53
77.339,154.08,56.955,-118.42,2.0823,109.73,-5.5319,51.455,119.79,183.66,208.27,200.39
79.142,156.68,58.584,-120.63,2.4584,111.61,-6.3144,52.261,121.18,185.12,210.7,202.97
80.99,159.13,59.706,-122.62,3.2781,113.1,-7.3351,52.943,122.44,186.34,212.8,205.18
82.915,161.43,60.319,-124.44,4.4835,114.27,-8.6391,53.431,123.45,187.31,214.6,207.04
84.853,163.55,60.575,-126.14,5.8364,115.22,-10.223,53.705,124.16,187.97,216.1,208.58
86.612,165.44,60.653,-127.69,6.9568,116.04,-12.034,53.799,124.56,188.3,217.34,209.87
87.867,167.07,60.797,-128.99,7.413,116.81,-13.986,53.781,124.72,188.32,218.33,210.95
88.26,168.46,61.364,-129.94,6.8506,117.61,-15.975,53.725,124.71,188.14,219.14,211.91
87.607,169.62,62.723,-130.5,5.1264,118.51,-17.89,53.679,124.57,187.88,219.8,212.8
86.073,170.61,64.996,-130.69,2.4528,119.55,-19.637,53.648,124.28,187.63,220.35,213.64
84.131,171.45,67.858,-130.61,-0.57777,120.67,-21.176,53.593,123.78,187.39,220.75,214.42
82.332,172.11,70.609,-130.4,-3.1828,121.71,-22.537,53.455,123.01,187.1,220.93,215.05
81.162,172.57,72.451,-130.23,-4.6667,122.47,-23.792,53.193,121.92,186.66,220.82,215.45
81.029,172.76,72.827,-130.28,-4.6275,122.77,-24.995,52.822,120.6,186.02,220.39,215.59
82.09,172.67,71.603,-130.63,-3.0812,122.55,-26.115,52.412,119.15,185.18,219.69,215.48
83.94,172.24,69.045,-131.1,-0.46162,121.82,-27.033,52.053,117.71,184.2,218.79,215.21
85.775,171.42,65.691,-131.35,2.5319,120.71,-27.623,51.8,116.36,183.14,217.74,214.89
86.854,170.11,62.243,-131.05,5.1519,119.34,-27.835,51.635,115.11,182,216.49,214.59
86.747,168.1,59.422,-129.94,6.801,117.69,-27.717,51.464,113.85,180.68,214.78,214.26
85.38,165.12,57.567,-127.78,7.151,115.5,-27.375,51.162,112.44,178.95,212.18,213.59
82.966,160.95,56.378,-124.42,6.1919,112.39,-26.907,50.626,110.7,176.54,208.39,211.95
79.852,155.6,55.333,-119.91,4.2525,108.29,-26.361,49.828,108.5,173.34,203.58,208.66
76.358,149.42,54.075,-114.64,1.931,103.53,-25.731,48.827,105.87,169.5,198.18,203.36
72.689,142.84,52.361,-109.22,-0.067984,98.652,-24.98,47.725,102.94,165.28,192.49,196.36
69.068,136.16,49.997,-104.1,-1.1434,93.925,-24.078,46.603,99.788,160.76,186.54,188.42
65.851,129.51,46.787,-99.208,-0.99257,89.306,-23.009,45.475,96.433,155.8,180.23,180.26
63.121,122.91,42.601,-94.261,0.28285,84.597,-21.783,44.303,92.79,150.2,173.42,172.2
60.503,116.32,37.619,-89.111,2.2367,79.645,-20.423,43.023,88.769,143.82,165.99,164.21
57.522,109.68,32.409,-83.769,4.2701,74.453,-18.965,41.584,84.347,136.62,157.87,156.12
53.819,102.91,27.623,-78.295,5.814,69.131,-17.454,39.965,79.594,128.6,149,147.78
49.252,96.013,23.6,-72.749,6.4521,63.773,-15.937,38.172,74.61,119.91,139.42,139.14
44.023,89.004,20.282,-67.185,5.9976,58.365,-14.455,36.226,69.458,110.75,129.27,130.19
38.759,81.935,17.406,-61.657,4.545,52.851,-13.037,34.137,64.136,101.41,118.8,120.91
34.121,74.863,14.744,-56.265,2.464,47.303,-11.712,31.899,58.609,92.155,108.34,111.25
30.232,67.909,12.258,-51.162,0.29439,42.009,-10.509,29.506,52.878,83.234,98.179,101.18
26.875,61.346,10.103,-46.492,-1.4141,37.263,-9.4522,26.962,47.021,74.768,88.49,90.854
23.828,55.469,8.3458,-42.322,-2.2529,33.056,-8.5489,24.314,41.141,66.736,79.293,80.543
20.877,50.334,6.7875,-38.614,-2.0545,29.038,-7.7803,21.668,35.3,59.027,70.504,70.583
17.825,45.689,5.1488,-35.191,-0.91687,24.844,-7.105,19.178,29.571,51.561,62.023,61.236
14.735,41.101,3.2871,-31.737,0.84279,20.632,-6.4769,16.986,24.14,44.354,53.809,52.624
12.078,36.188,1.2307,-27.89,2.8079,16.902,-5.8676,15.14,19.265,37.45,45.919,44.752
10.192,30.889,-0.87561,-23.508,4.5871,13.8,-5.2742,13.585,15.064,30.863,38.486,37.584
8.7937,25.563,-2.8282,-18.916,5.8495,11.152,-4.7082,12.211,11.447,24.659,31.619,31.054
7.3572,20.667,-4.4111,-14.675,6.3278,8.8016,-4.1765,10.916,8.2509,18.965,25.337,25.084
5.5736,16.429,-5.4389,-11.108,5.8604,6.7037,-3.6684,9.6431,5.3579,13.892,19.621,19.689
3.4176,12.847,-5.7938,-8.1994,4.441,4.8916,-3.1532,8.3896,2.7192,9.4895,14.518,15.013
1.0323,9.8101,-5.4534,-5.7943,2.2321,3.4048,-2.5849,7.1816,0.31438,5.7359,10.157,11.169
-1.3849,7.185,-4.5255,-3.7393,-0.45968,2.2396,-1.9142,6.0406,-1.8809,2.5312,6.6195,8.0969
-3.6573,4.8669,-3.262,-1.9216,-3.2336,1.3393,-1.1049,4.9661,-3.8908,-0.2561,3.8168,5.6319
-5.661,2.8078,-2.0088,-0.28499,-5.677,0.61108,-0.14858,3.937,-5.7243,-2.7259,1.5524,3.6101
-7.3182,1.0052,-1.1068,1.1691,-7.4567,-0.054705,0.92664,2.9184,-7.3768,-4.924,-0.35668,1.9079
-8.5832,-0.55785,-0.80395,2.4296,-8.3651,-0.76491,2.0618,1.8661,-8.8512,-6.8658,-2.0384,0.43127
-9.4561,-1.9474,-1.2107,3.5326,-8.3295,-1.5949,3.1861,0.73637,-10.176,-8.5716,-3.5752,-0.89751
-9.9977,-3.2298,-2.2872,4.5345,-7.4217,-2.5593,4.2395,-0.50351,-11.403,-10.083,-5.0245,-2.1427
-10.304,-4.4178,-3.8484,5.4525,-5.8606,-3.6054,5.1873,-1.8687,-12.594,-11.458,-6.4321,-3.3544
-10.466,-5.4827,-5.5962,6.2595,-3.9974,-4.6399,6.0215,-3.3591,-13.803,-12.76,-7.8387,-4.5701
-10.555,-6.3989,-7.1812,6.9182,-2.2806,-5.5664,6.7594,-4.9671,-15.065,-14.04,-9.2813,-5.8203
-10.64,-7.1699,-8.2808,7.4139,-1.1519,-6.3131,7.4357,-6.6837,-16.4,-15.335,-10.789,-7.1295
-10.783,-7.8259,-8.6822,7.7637,-0.88443,-6.8454,8.0801,-8.4999,-17.809,-16.661,-12.377,-8.512
-11.036,-8.4063,-8.355,8.0074,-1.5032,-7.1695,8.6917,-10.401,-19.283,-18.011,-14.039,-9.965
-11.419,-8.9444,-7.4683,8.1901,-2.8243,-7.3289,9.235,-12.36,-20.8,-19.363,-15.746,-11.465
-11.899,-9.4606,-6.3411,8.3468,-4.5016,-7.3965,9.6613,-14.333,-22.323,-20.69,-17.455,-12.971
-12.367,-9.9631,-5.3577,8.4942,-6.0693,-7.4632,9.9312,-16.274,-23.803,-21.968,-19.123,-14.438
-12.671,-10.454,-4.864,8.6331,-7.0456,-7.6188,10.021,-18.14,-25.188,-23.177,-20.717,-15.828
-12.672,-10.935,-5.071,8.757,-7.0696,-7.9311,9.9221,-19.904,-26.428,-24.306,-22.22,-17.117
-12.305,-11.405,-6.02,8.8624,-6.0006,-8.4265,9.6457,-21.56,-27.488,-25.342,-23.618,-18.287
-11.6,-11.858,-7.6055,8.9486,-3.9667,-9.0825,9.2222,-23.122,-28.361,-26.28,-24.9,-19.324
-10.661,-12.286,-9.6039,9.0127,-1.3359,-9.8362,8.6989,-24.631,-29.077,-27.124,-26.057,-20.222
-9.6393,-12.685,-11.698,9.0469,1.3879,-10.607,8.1283,-26.147,-29.708,-27.905,-27.1,-21.006
-8.715,-13.07,-13.528,9.0487,3.6617,-11.326,7.5521,-27.725,-30.345,-28.671,-28.066,-21.739
-8.0729,-13.48,-14.771,9.0363,4.9953,-11.954,6.988,-29.383,-31.057,-29.472,-28.999,-22.504
-7.8662,-13.953,-15.248,9.0562,5.0762,-12.483,6.4372,-31.072,-31.852,-30.325,-29.923,-23.359
-8.1939,-14.507,-14.984,9.1692,3.8391,-12.914,5.9077,-32.665,-32.652,-31.189,-30.807,-24.286
-9.0681,-15.116,-14.104,9.4195,1.4882,-13.24,5.4279,-33.99,-33.318,-31.965,-31.556,-25.177
-10.329,-15.722,-12.847,9.8033,-1.4209,-13.445,5.0283,-34.902,-33.708,-32.537,-32.043,-25.875
-11.641,-16.261,-11.653,10.258,-4.0321,-13.535,4.7117,-35.366,-33.75,-32.819,-32.177,-26.253
-12.608,-16.69,-10.923,10.679,-5.4877,-13.572,4.4439,-35.476,-33.475,-32.794,-31.96,-26.276
-12.886,-17.002,-10.946,10.962,-5.2412,-13.673,4.1766,-35.382,-32.986,-32.507,-31.486,-26.007
-12.299,-17.216,-11.946,11.048,-3.2783,-13.947,3.8854,-35.208,-32.408,-32.038,-30.89,-25.564
-10.993,-17.369,-13.845,10.959,-0.080824,-14.419,3.59,-35.002,-31.825,-31.462,-30.277,-25.06
-9.4501,-17.49,-16.13,10.793,3.478,-14.987,3.348,-34.735,-31.241,-30.82,-29.678,-24.556
-8.3039,-17.584,-18.045,10.681,6.3591,-15.453,3.2336,-34.32,-30.593,-30.107,-29.054,-24.052
-8.0639,-17.625,-18.899,10.716,7.6966,-15.614,3.3053,-33.661,-29.776,-29.286,-28.326,-23.501
-8.9075,-17.57,-18.31,10.908,7.0458,-15.348,3.5756,-32.696,-28.708,-28.314,-27.419,-22.855
-10.633,-17.383,-16.346,11.181,4.5318,-14.656,4.0004,-31.432,-27.362,-27.171,-26.306,-22.089
-12.762,-17.054,-13.501,11.417,0.85179,-13.658,4.4894,-29.947,-25.785,-25.869,-25.021,-21.223
-14.711,-16.598,-10.499,11.499,-2.9454,-12.545,4.9349,-28.354,-24.071,-24.45,-23.639,-20.317
-15.989,-16.051,-8.0397,11.356,-5.8631,-11.509,5.2548,-26.76,-22.311,-22.963,-22.242,-19.442
-16.37,-15.454,-6.555,10.98,-7.37,-10.679,5.4303,-25.211,-20.545,-21.436,-20.879,-18.644
-15.963,-14.839,-6.0807,10.437,-7.5025,-10.085,5.5166,-23.675,-18.746,-19.859,-19.55,-17.916
-15.12,-14.223,-6.322,9.8402,-6.6763,-9.6698,5.6194,-22.058,-16.841,-18.19,-18.208,-17.19
-14.28,-13.596,-6.8249,9.3008,-5.4712,-9.3323,5.8515,-20.271,-14.77,-16.382,-16.79,-16.374
-13.814,-12.933,-7.1543,8.8755,-4.4849,-8.9618,6.2907,-18.292,-12.532,-14.417,-15.262,-15.4
-13.866,-12.212,-7.0324,8.5374,-4.1112,-8.464,6.9556,-16.183,-10.213,-12.342,-13.65,-14.27
-14.241,-11.44,-6.4313,8.193,-4.4036,-7.8229,7.8003,-14.056,-7.9553,-10.266,-12.044,-13.069
-14.516,-10.657,-5.5771,7.7409,-5.1005,-7.14,8.7332,-12.022,-5.8816,-8.316,-10.562,-11.927
-14.331,-9.9326,-4.7955,7.132,-5.7151,-6.5682,9.6543,-10.151,-4.0455,-6.576,-9.2886,-10.957
-13.6,-9.3267,-4.3408,6.3875,-5.8741,-6.2156,10.497,-8.4528,-2.4223,-5.0553,-8.236,-10.201
-12.455,-8.8661,-4.3247,5.5749,-5.5167,-6.1041,11.248,-6.8777,-0.92818,-3.6934,-7.3442,-9.6293
-11.133,-8.5357,-4.7075,4.7744,-4.7881,-6.1814,11.939,-5.3525,0.54328,-2.3933,-6.5161,-9.1632
-9.8783,-8.2959,-5.3377,4.0502,-3.8801,-6.3651,12.613,-3.8215,2.0786,-1.0654,-5.6655,-8.7241
-8.8345,-8.1089,-6.0582,3.4355,-2.9476,-6.5915,13.301,-2.2737,3.7147,0.33939,-4.7539,-8.2664
-8.0148,-7.956,-6.8011,2.9307,-2.0629,-6.8428,13.997,-0.7429,5.4363,1.8177,-3.7975,-7.791
-7.3336,-7.8358,-7.5966,2.5108,-1.1977,-7.1413,14.668,0.71604,7.1963,3.3254,-2.8471,-7.3346
-6.667,-7.7505,-8.5213,2.1365,-0.25809,-7.5232,15.265,2.0573,8.9419,4.801,-1.9574,-6.9459
-5.9126,-7.6914,-9.6378,1.7648,0.84915,-8.0085,15.74,3.259,10.633,6.1886,-1.1634,-6.6627
-5.0314,-7.6361,-10.948,1.3588,2.1478,-8.5834,16.068,4.319,12.245,7.4527,-0.472,-6.497
-4.066,-7.5563,-12.369,0.89751,3.549,-9.2002,16.251,5.2419,13.76,8.5854,0.13499,-6.4321
-3.1328,-7.4298,-13.739,0.38351,4.8539,-9.7876,16.319,6.028,15.149,9.6004,0.68891,-6.43
-2.3812,-7.248,-14.857,-0.15809,5.8083,-10.268,16.319,6.6707,16.356,10.517,1.2188,-6.4476
-1.929,-7.0138,-15.55,-0.68997,6.2041,-10.572,16.301,7.1637,17.31,11.342,1.7372,-6.4527
-1.8048,-6.7349,-15.733,-1.1769,5.9873,-10.66,16.296,7.5129,17.961,12.06,2.2348,-6.4329
-1.9305,-6.418,-15.446,-1.596,5.3058,-10.527,16.324,7.7403,18.31,12.64,2.6864,-6.3916
-2.1371,-6.0638,-14.851,-1.9505,4.4738,-10.206,16.392,7.8761,18.42,13.056,3.0666,-6.3364
-2.198,-5.6639,-14.174,-2.2911,3.8902,-9.7584,16.499,7.9449,18.385,13.306,3.3658,-6.2665
-1.9003,-5.1995,-13.646,-2.7066,3.9119,-9.2536,16.627,7.9563,18.297,13.422,3.5938,-6.1679
-1.1456,-4.6502,-13.429,-3.2717,4.6934,-8.7491,16.736,7.9022,18.211,13.447,3.7729,-6.0159
-0.016806,-4.0125,-13.548,-3.9979,6.0964,-8.2789,16.777,7.7594,18.125,13.416,3.9249,-5.784
1.221,-3.3175,-13.86,-4.8186,7.7246,-7.8519,16.713,7.5018,18.001,13.344,4.0629,-5.4534
2.1948,-2.6301,-14.097,-5.6083,9.0344,-7.4536,16.54,7.1186,17.788,13.229,4.1891,-5.0213
2.5525,-2.0225,-13.968,-6.2216,9.4807,-7.0532,16.292,6.6294,17.466,13.062,4.2993,-4.5025
2.0937,-1.5413,-13.278,-6.5406,8.6914,-6.6161,16.023,6.0839,17.058,12.842,4.3892,-3.9238
0.85414,-1.1892,-12.007,-6.5156,6.6758,-6.1174,15.788,5.5452,16.613,12.582,4.4618,-3.3123
-0.88849,-0.92646,-10.328,-6.1898,3.9035,-5.549,15.626,5.068,16.191,12.309,4.532,-2.686
-2.6874,-0.68975,-8.5473,-5.7011,1.1503,-4.9238,15.549,4.682,15.837,12.06,4.6254,-2.0468
-4.0617,-0.41986,-7.0241,-5.2407,-0.7664,-4.2779,15.541,4.3858,15.576,11.866,4.7696,-1.3876
-4.6633,-0.086551,-6.0866,-4.9714,-1.303,-3.6647,15.558,4.1528,15.403,11.745,4.9824,-0.7048
-4.3976,0.30203,-5.9186,-4.9546,-0.44683,-3.1328,15.546,3.9476,15.286,11.686,5.262,-0.0080066
-3.4373,0.70888,-6.4381,-5.1336,1.4298,-2.6947,15.465,3.7464,15.185,11.658,5.5836,0.67805
-2.2118,1.0881,-7.2775,-5.375,3.8131,-2.3112,15.31,3.5474,15.065,11.616,5.9028,1.318
-1.3408,1.4068,-7.8957,-5.5354,5.8983,-1.9065,15.116,3.3654,14.911,11.515,6.166,1.8728
-1.3738,1.6596,-7.777,-5.5143,6.7094,-1.4033,14.931,3.2159,14.718,11.321,6.3308,2.3095
-2.5353,1.8721,-6.627,-5.282,5.6341,-0.75212,14.784,3.0998,14.484,11.027,6.3855,2.6067
-4.6811,2.0903,-4.4378,-4.8861,2.596,0.059319,14.666,2.9982,14.204,10.648,6.3536,2.7603
-7.3897,2.3564,-1.4591,-4.4355,-1.9355,1.0033,14.523,2.8726,13.866,10.211,6.2745,2.7831
-10.127,2.6862,1.8435,-4.065,-6.9505,2.0052,14.278,2.6736,13.449,9.7337,6.1732,2.6918
-12.401,3.06,4.8922,-3.8862,-11.34,2.952,13.873,2.3554,12.934,9.2122,6.0455,2.4979
-13.845,3.4371,7.1523,-3.9507,-14.315,3.7206,13.288,1.8977,12.324,8.6371,5.8695,2.2109
-14.267,3.7815,8.2767,-4.2509,-15.49,4.2156,12.543,1.3216,11.659,8.0141,5.6322,1.8425
-13.667,4.0826,8.1824,-4.7491,-14.826,4.3975,11.68,0.68681,11.017,7.377,5.3472,1.4172
-12.23,4.3589,7.0243,-5.404,-12.582,4.2909,10.747,0.069055,10.481,6.7865,5.0623,0.97433
-10.296,4.65,5.1157,-6.1846,-9.2912,3.9739,9.7839,-0.46535,10.122,6.3164,4.8478,0.56319
-8.264,5.0054,2.8439,-7.0768,-5.6145,3.5573,8.8203,-0.86971,9.9827,6.041,4.7798,0.23362
-6.4413,5.4784,0.59602,-8.0942,-2.1346,3.163,7.8818,-1.1084,10.092,6.0268,4.9271,0.025402
-4.96,6.1268,-1.2953,-9.2963,0.72511,2.9054,7.0054,-1.1408,10.494,6.337,5.3488,-0.03643
-3.8278,7.0235,-2.6021,-10.815,2.7477,2.8816,6.249,-0.91222,11.282,7.0469,6.1057,0.058905
-3.047,8.2783,-3.2339,-12.858,3.77,3.1702,5.6907,-0.35749,12.644,8.2808,7.2848,0.32203
-2.6452,10.064,-3.1766,-15.62,3.6511,3.842,5.4187,0.58234,14.911,10.258,9.0416,0.78234
-2.585,12.621,-2.4151,-19.045,2.5956,4.9825,5.5082,1.8979,18.56,13.352,11.661,1.5065
-2.7363,16.198,-0.98806,-22.725,0.95059,6.7258,5.9469,3.0194,23.769,18.085,15.61,2.614
-2.8673,20.811,0.95535,-26.285,-0.94134,9.2959,6.3868,0.82173,28.445,24.498,21.402,4.3057
-2.6941,25.868,3.2665,-29.774,-2.6291,12.929,5.9928,-2.5408,27.984,29.61,28.636,6.9526
-1.9956,29.932,6.1009,-33.499,-3.6742,17.073,5.9527,-0.90959,28.221,29.534,34.159,11.261
-0.67189,30.381,10.228,-37.527,-3.857,18.579,8.3337,2.0989,33.9,32.8,35.891,17.513
1.2902,26.187,14.786,-41.039,-3.2421,15.577,12.163,5.5805,41.282,41.301,40.797,21.15
3.904,25.531,16.489,-43.116,-2.0593,16.909,17.214,11.026,49.324,50.737,48.212,22.156
7.2819,31.491,20.464,-45.989,-0.49851,27.972,23.06,21.294,58.409,60.443,55.565,26.575
11.632,41.474,22.074,-52.264,1.4317,38.689,30.358,38.822,69.654,70.985,63.112,33.309
16.881,54.422,21.521,-59.786,3.9695,47.332,40.311,61.425,85.366,83.692,71.921,40.379
22.189,69.403,23.822,-67.02,6.2822,55.973,53.219,83.108,109.34,101.44,83.904,48.366
26.652,86.125,32.038,-74.32,4.1779,63.802,68.538,108.29,142.27,128.85,102.89,58.04
30.31,104.41,45.778,-82.728,-1.8126,74.082,85.259,135.18,177.04,166.68,134.33,71.771
33.784,121.89,64.643,-93.292,-10.702,91.97,102.08,161.94,210.97,206.52,175.73,95.142
37.279,143.24,87.751,-106.8,-21.391,115.49,117.78,188.85,245.69,245.77,216.73,133.81
40.406,172.99,114.02,-123.68,-32.82,143.22,131.75,215.69,280.92,286.64,258.14,177.57
42.868,207.76,142.5,-144.14,-44.001,174.52,144.21,242.65,316.43,329.46,302.05,217.2
44.774,246.85,172.96,-168.01,-54.865,209.17,156.1,270.41,352.72,374.46,348.88,257.52
46.673,289.93,206.15,-194.61,-66.531,247.39,168.71,299.81,390.75,422.3,399.37,300.57
50.309,336.56,243.58,-222.75,-80.797,289.65,183.24,331.56,431.45,473.58,454.29,347.16
58.575,386.06,286.86,-250.91,-99.505,336.33,200.52,365.95,475.27,528.33,513.74,397.83
68.152,437.5,336.7,-277.81,-123.68,387.22,220.9,402.8,521.83,585.81,576.77,452.28
70.733,489.69,392.11,-302.68,-152.92,441.18,244.24,441.45,569.86,644.16,641.23,509.03
67.071,541.29,450.68,-325.27,-185.5,496.3,269.99,480.84,617.47,700.94,704.24,565.69
59.161,590.84,509.46,-345.55,-219.29,550.38,297.33,519.65,662.57,753.53,762.85,619.6
48.943,636.89,565.86,-363.31,-252.52,601.44,325.23,556.48,703.21,799.74,814.65,668.49
37.688,678.15,618.19,-378.17,-284.19,648.07,352.74,590.11,738.01,838.17,858.28,710.99
25.494,713.91,665.83,-389.77,-314.04,689.67,379.25,619.86,766.42,868.42,893.55,746.78
12,744.3,709.37,-398.05,-342.51,726.66,404.27,645.82,788.98,891.16,921.47,776.58
-3.2299,770.42,750.53,-403.35,-370.67,760.44,427.8,669.03,807.32,908.2,944.12,801.99
-20.52,794.06,791.61,-406.44,-399.84,793.01,450.53,691.46,823.88,922.17,964.3,825.17
-39.822,817.24,834.52,-408.47,-430.96,826.27,473.01,715.15,841.56,935.9,984.86,848.37
-60.269,841.7,879.87,-410.8,-463.78,861.36,494.59,740.6,861.88,951.25,1007.9,873.34
-79.883,868.51,926.54,-414.77,-496.74,898.18,512.7,765.26,883.67,968.16,1033.9,900.95
-96.233,897.71,972.13,-421.39,-527.49,935.53,523.14,784.05,902.82,984.89,1062.1,931.17
-107.84,928.44,1014.3,-431.02,-554.09,971.82,521.42,790.19,913.71,999.61,1091.3,963.36
-114.95,959.56,1052,-443.24,-576.15,1006,504.55,777.92,911.39,1010.6,1119.8,996.68
-119.19,990.52,1086.5,-456.98,-595.07,1038.5,472.74,744.81,893.64,1015.9,1146.2,1030.4
-122.63,1021.8,1120.6,-471.25,-613.44,1071.1,429.73,692.98,861.67,1014.9,1170,1064
-127.18,1055,1158,-485.65,-634.1,1106.2,381.92,628.95,819.5,1009.2,1192.2,1097.5
-134.23,1092.1,1201.9,-500.54,-659.37,1146.5,336.33,561.2,773.4,1002.7,1214.7,1131.6
-144.24,1134.8,1254.5,-516.73,-690.55,1194,298.25,497.92,730.09,1000.1,1240.2,1167.5
-156.38,1184.2,1316.1,-535.22,-727.43,1249.3,268.9,444.54,695.08,1005.9,1272.3,1207.1
-168.52,1240,1384.5,-556.98,-767.97,1311.3,244.31,401.31,671.29,1023.6,1314.3,1252.6
-177.98,1300.5,1455.2,-582.49,-808.48,1376.8,216.14,363.51,658.33,1054.9,1368.6,1305.5
-182.5,1362.7,1522.3,-611.48,-844.68,1441.4,174.8,323.65,652.66,1099.1,1436,1366.5
-180.63,1423.1,1580.9,-642.99,-873.04,1500.9,113.38,274.83,649.03,1153.1,1515,1434.7
-171.87,1479.3,1627.9,-675.9,-891.92,1552.8,30.823,213.81,642.64,1212.6,1601.9,1508.5
-156.74,1531,1663.8,-709.63,-901.8,1596.8,-67.509,142.17,630.2,1272.5,1692.6,1586
-136.7,1579.4,1691.3,-744.13,-904.99,1635,-172.02,65.056,610.53,1327.1,1782.9,1665.3
-114.01,1626.4,1714.9,-779.27,-904.96,1670.5,-272.39,-11.612,583.47,1371.1,1869.3,1744.8
-91.386,1673.4,1738.7,-814.25,-905.18,1706.1,-360.55,-83.444,548.82,1401.6,1948.7,1822.2
-71.327,1719.9,1764.8,-847.71,-908,1742.5,-431.85,-149.01,506.22,1416.9,2018.4,1894.7
-55.027,1763.5,1792.3,-877.68,-913.73,1778.1,-484.77,-208.37,455.74,1416.2,2076,1958.4
-42.03,1799.7,1816.9,-901.74,-920.27,1808.4,-519.98,-261.73,398.67,1400.5,2119.3,2008.9
-30.869,1821.9,1831,-917.19,-923.28,1826.6,-539.31,-308.13,337.53,1370.9,2145.3,2040.6
-20.478,1822.9,1825.2,-921.27,-917.03,1824.1,-544.76,-346.05,275.25,1327.5,2149.1,2047.5
-12.271,1795.5,1790.5,-911.52,-895.99,1792.9,-538.11,-373.57,214.14,1267.9,2123.7,2023.1
-6.7095,1734.8,1720.7,-886,-856.52,1727.6,-520.7,-389.27,155.75,1187.5,2061.2,1962.1
-2.4204,1638.9,1614.2,-843.67,-797.9,1626.1,-493.38,-392.57,100.56,1081.7,1953.8,1861.1
0.62754,1509.4,1473.8,-784.61,-722.2,1490.8,-457.08,-383.89,49.241,948.1,1797.7,1719.8
1.5949,1351,1306,-710.32,-633.57,1327.3,-413.13,-363.92,3.0852,789.62,1595.1,1542
2.7991,1171.2,1119.9,-623.75,-537.32,1144.2,-363.48,-334.2,-35.894,615.97,1356.4,1335.7
3.8823,979.67,926.06,-529.09,-439.21,951.28,-310.56,-296.56,-64.91,442.88,1100,1113
4.0728,786.67,735.07,-431.44,-344.6,759.21,-257.16,-253.74,-81.27,288.11,847.83,887.94
3.399,602.42,556.32,-336.35,-257.83,577.8,-205.97,-208.71,-84.129,165.72,620.01,674.37
2.1652,435.85,397.18,-249.1,-181.82,415.14,-159.02,-164.82,-74.845,81.151,429.78,483.69
0.7438,293.61,262.38,-174.09,-117.97,276.87,-118.36,-125.39,-58.327,32.156,281.81,323.43
-0.54062,179.57,153.93,-114.23,-66.323,165.86,-87.074,-93.036,-37.93,8.0672,173.59,196.94
-1.4886,94.48,71.522,-70.201,-26.154,82.296,-64.969,-69.316,-25.87,-2.6725,98.307,103.71
-2.0516,35.958,12.943,-38.426,3.5215,23.883,-50.805,-54.392,-29.538,-9.1589,47.717,39.872
-2.3101,-1.0637,-25.588,-20.952,23.875,-13.803,-42.99,-47.035,-32.072,-17.062,13.716,-0.974
-2.4079,-23.041,-49.007,-12.707,36.521,-36.476,-39.719,-44.924,-33.208,-28.394,-10.599,-26.516
-2.4883,-36.196,-62.614,-7.7723,43.594,-49.932,-39.024,-44.159,-33.548,-42.576,-30.1,-43.983
-2.6696,-45.381,-71.165,-3.6609,47.453,-58.996,-39.25,-43.918,-33.5,-58.213,-47.496,-58.704
-3.0149,-53.745,-78.222,0.74951,50.157,-67.001,-39.472,-44.23,-33.219,-71.959,-63.611,-73.483
-3.5015,-62.925,-85.86,5.9987,53.041,-75.735,-39.377,-44.613,-32.769,-72.058,-78.083,-88.827
-4.0298,-73.38,-94.692,12.373,56.598,-85.637,-39.497,-42.868,-32.389,-74.091,-90.299,-103.88
-4.4744,-85.047,-104.45,15.59,60.609,-96.387,-38.486,-40.955,-32.319,-79.518,-99.087,-117.45
-4.7398,-97.266,-114.72,14.457,64.889,-107.53,-36.788,-39.725,-32.623,-85.06,-104.33,-127.61
-4.7863,-107.75,-124.42,16.684,69.973,-117.46,-35.232,-38.944,-33.211,-90.164,-108.31,-134.81
-4.6184,-115.49,-133.06,19.26,75.213,-125.45,-33.977,-38.518,-33.928,-95.33,-112.93,-140.53
-4.2627,-121.07,-140.49,21.615,80.012,-131.86,-32.979,-38.322,-34.637,-100.41,-118.92,-145.25
-3.7514,-125.75,-147.26,23.751,84.584,-137.56,-32.16,-38.229,-35.251,-104.54,-125.79,-150.06
-3.123,-130.27,-154.03,25.762,89.217,-143.22,-31.458,-38.14,-35.723,-107.31,-132.26,-155.45
-2.4311,-134.89,-160.93,27.803,93.945,-149.03,-30.824,-37.985,-36.022,-108.99,-137.32,-160.93
-1.7476,-139.5,-167.69,30.074,98.534,-154.78,-30.218,-37.723,-36.141,-109.96,-140.77,-165.51
-1.1538,-143.8,-173.8,32.731,102.62,-160.04,-29.62,-37.354,-36.093,-110.5,-143,-168.68
-0.71551,-147.46,-178.75,35.766,105.86,-164.33,-29.045,-36.92,-35.921,-110.79,-144.45,-170.64
-0.46114,-150.43,-182.31,38.913,108.11,-167.54,-28.56,-36.498,-35.701,-110.99,-145.47,-171.81
-0.37282,-152.87,-184.66,41.8,109.43,-169.9,-28.266,-36.174,-35.525,-111.22,-146.3,-172.53
-0.40109,-155.02,-186.23,44.187,110.05,-171.76,-28.272,-36.014,-35.474,-111.56,-147.09,-173
-0.48807,-157.07,-187.44,46.045,110.26,-173.46,-28.655,-36.044,-35.594,-112.01,-147.94,-173.35
-0.5852,-159.16,-188.67,47.471,110.35,-175.25,-29.438,-36.246,-35.891,-112.58,-148.92,-173.66
-0.66538,-161.42,-190.28,48.583,110.61,-177.36,-30.575,-36.574,-36.34,-113.25,-150.05,-173.99
-0.71991,-163.88,-192.54,49.475,111.33,-179.92,-31.964,-36.977,-36.901,-114.02,-151.36,-174.44
-0.74768,-166.49,-195.34,50.214,112.51,-182.84,-33.473,-37.415,-37.539,-114.91,-152.87,-175.09
-0.73917,-169.18,-198.08,50.87,113.63,-185.87,-34.987,-37.883,-38.237,-115.96,-154.6,-176.05
-0.66557,-171.9,-200.3,51.524,114.25,-188.8,-36.446,-38.414,-39.008,-117.21,-156.63,-177.44
-0.48489,-174.68,-202.24,52.255,114.55,-191.69,-37.866,-39.076,-39.897,-118.7,-159.02,-179.38
-0.15344,-177.59,-204.58,53.105,115.15,-194.81,-39.309,-39.936,-40.965,-120.46,-161.85,-182.01
0.38169,-180.75,-208.23,54.069,116.87,-198.54,-40.839,-41.025,-42.272,-122.52,-165.18,-185.44
1.187,-184.26,-213.97,55.108,120.62,-203.16,-42.472,-42.325,-43.854,-124.88,-168.99,-189.66
2.306,-188.17,-222.18,56.157,127.01,-208.78,-44.143,-43.783,-45.734,-127.54,-173.23,-194.51
3.7037,-192.45,-232.48,57.13,135.82,-215.21,-45.733,-45.356,-47.95,-130.48,-177.8,-199.75
5.239,-196.97,-243.71,58.001,145.86,-221.99,-47.119,-47.063,-50.611,-133.73,-182.59,-205.13
6.6838,-201.55,-254.48,58.937,155.45,-228.6,-48.228,-49.012,-53.934,-137.34,-187.53,-210.5
7.771,-206.1,-263.71,60.284,163.16,-234.67,-49.04,-51.38,-58.195,-141.32,-192.6,-215.78
8.2533,-210.63,-270.67,62.37,167.95,-239.99,-49.557,-54.31,-63.469,-145.59,-197.75,-220.99
7.9652,-215.27,-274.77,65.36,169.15,-244.48,-49.785,-57.73,-69.284,-149.98,-202.84,-226.14
6.8825,-220.18,-275.77,69.265,166.83,-248.03,-49.743,-61.299,-74.768,-154.25,-207.66,-231.2
5.156,-225.43,-274.35,73.968,162.11,-250.71,-49.487,-64.621,-79.379,-158.27,-212.1,-236.08
3.0946,-230.92,-271.82,79.211,156.43,-252.84,-49.134,-67.526,-83.207,-162.13,-216.25,-240.73
1.0883,-236.4,-269.41,84.598,151.05,-254.86,-48.845,-70.09,-86.643,-166.09,-220.39,-245.24
-0.507,-241.65,-268.15,89.682,147.11,-257.14,-48.766,-72.536,-90.096,-170.49,-224.84,-249.84
-1.4641,-246.64,-268.91,94.116,145.59,-260.03,-48.994,-75.17,-93.943,-175.64,-229.97,-254.94
-1.7081,-251.55,-272.23,97.762,146.93,-263.9,-49.627,-78.39,-98.553,-181.83,-236.13,-260.91
-1.2777,-256.77,-278.37,100.71,150.98,-269.18,-50.94,-82.637,-104.26,-189.22,-243.69,-267.87
-0.29661,-262.76,-287.51,103.24,157.5,-276.3,-53.656,-88.15,-111.22,-197.8,-252.8,-275.56
1.0592,-269.85,-299.36,105.63,165.95,-285.43,-58.454,-94.644,-119.22,-207.26,-263.24,-283.69
2.6493,-277.95,-312.54,108.08,174.99,-296.01,-63.876,-101.41,-127.72,-217.09,-274.43,-292.26
4.4458,-286.56,-325.25,110.54,183.16,-306.94,-67.546,-107.85,-136.1,-226.87,-285.69,-301.46
6.5389,-294.98,-336.4,112.87,189.89,-317.17,-69.326,-113.87,-144.11,-236.45,-296.59,-311.32
9.0743,-302.7,-345.97,114.95,195.54,-326.21,-70.41,-119.92,-151.86,-246.01,-307.17,-321.7
12.135,-309.73,-354.77,116.82,200.96,-334.3,-72.162,-126.7,-159.83,-255.94,-317.85,-332.51
15.656,-316.51,-364.03,118.58,207.09,-342.21,-75.729,-134.87,-168.54,-266.62,-329.15,-343.78
19.467,-323.72,-374.99,120.41,214.73,-350.97,-81.727,-144.68,-178.33,-278.2,-341.4,-355.44
23.342,-332,-388.32,122.5,224.18,-361.35,-89.906,-155.79,-189.16,-290.59,-354.56,-367.16
27.026,-341.54,-403.71,124.97,234.97,-373.44,-99.194,-167.39,-200.58,-303.45,-368.24,-378.52
30.329,-351.94,-419.97,127.86,246.06,-386.59,-108.33,-178.61,-212.05,-316.44,-382.08,-389.25
33.216,-362.53,-435.75,131.16,256.47,-399.84,-116.57,-188.91,-223.22,-329.42,-396,-399.39
35.743,-372.86,-450.29,134.84,265.77,-412.45,-123.86,-198.33,-234.09,-342.47,-410.26,-409.32
37.976,-382.92,-463.48,138.97,273.91,-424.3,-130.48,-207.36,-244.98,-355.83,-425.27,-419.61
39.971,-393.15,-475.69,143.67,280.93,-435.67,-136.77,-216.56,-256.23,-369.64,-441.29,-430.8
41.785,-404.16,-487.39,149.16,286.94,-447.02,-142.89,-226.22,-267.94,-383.77,-458.12,-443.11
43.459,-416.47,-499,155.68,292.1,-458.79,-148.76,-236.17,-279.85,-397.85,-475.07,-456.24
45.048,-430.18,-510.69,163.24,296.57,-471.2,-154.07,-245.88,-291.45,-411.45,-491.23,-469.45
46.663,-444.88,-522.55,171.49,300.7,-484.19,-158.5,-254.85,-302.3,-424.34,-505.91,-481.95
48.464,-459.81,-534.87,179.69,305.2,-497.57,-162.06,-263.02,-312.34,-436.71,-519.08,-493.41
50.599,-474.21,-548.3,187.09,311.09,-511.33,-165.22,-270.85,-321.99,-449.14,-531.46,-504.1
53.152,-487.86,-563.68,193.27,319.3,-525.79,-168.62,-279.11,-331.91,-462.32,-544.26,-514.79
56.111,-501.08,-581.46,198.34,330.21,-541.34,-172.75,-288.4,-342.71,-476.67,-558.5,-526.35
59.335,-514.41,-601.21,202.77,343.18,-558.03,-177.68,-298.88,-354.54,-492.03,-574.58,-539.31
62.56,-528.14,-621.52,207.13,356.56,-575.3,-183,-310,-366.92,-507.59,-592.02,-553.6
65.529,-542.14,-640.7,211.81,368.64,-592.21,-188.11,-320.76,-378.96,-522.25,-609.7,-568.58
68.189,-555.93,-657.66,216.98,378.6,-607.91,-192.76,-330.25,-389.75,-535.22,-626.43,-583.4
70.736,-569.01,-672.37,222.49,386.77,-622.01,-197.04,-338.02,-398.88,-546.34,-641.54,-597.38
73.497,-581.05,-685.77,227.68,394.27,-634.83,-201.29,-344.25,-406.53,-556.05,-655.03,-610.32
76.783,-592.03,-699.24,231.73,402.44,-647.13,-205.87,-349.45,-413.22,-565.06,-667.45,-622.48
80.781,-602.17,-713.99,234.39,412.29,-659.66,-210.96,-354.2,-419.49,-573.99,-679.53,-634.31
85.454,-611.69,-730.51,236.02,424.2,-672.77,-216.36,-358.82,-425.65,-583.06,-691.8,-646.17
90.359,-620.77,-748.27,237.14,437.64,-686.15,-221.48,-363.14,-431.62,-591.93,-704.42,-658.12
94.772,-629.68,-765.81,238.34,451.07,-699.12,-225.49,-366.63,-436.94,-599.76,-717.07,-669.88
98.585,-638.81,-781.25,240.37,462.3,-710.9,-227.85,-368.76,-441.05,-605.73,-729,-681.02
102.93,-648.5,-793.14,244.02,469.51,-721.06,-228.48,-369.46,-443.71,-609.59,-739.37,-691.11
107.09,-658.67,-801.17,249.46,472.25,-729.61,-227.7,-369.05,-445.03,-611.68,-747.65,-699.89
106.9,-668.74,-806.37,255.77,471.81,-736.95,-225.82,-367.84,-445.27,-612.5,-753.81,-707.35
103.35,-677.97,-810.59,261.56,470.6,-743.67,-223.12,-365.99,-444.57,-612.38,-758.18,-713.65
100.71,-685.71,-815.75,265.69,471.14,-750.35,-219.96,-363.53,-442.91,-611.43,-761.16,-718.98
101.9,-691.65,-823.44,267.48,475.44,-757.45,-216.87,-360.56,-440.18,-609.61,-763.07,-723.42
108.34,-695.69,-834.41,266.72,484.44,-765.12,-214.33,-357.24,-436.4,-606.89,-764.15,-726.95
119.59,-697.93,-848.21,263.57,497.52,-773.1,-212.4,-353.56,-431.75,-603.38,-764.53,-729.45
133.67,-698.63,-863.27,258.41,512.75,-780.8,-210.63,-349.31,-426.46,-599.36,-764.31,-730.77
148.27,-698.12,-877.62,251.84,527.78,-787.56,-208.45,-344.26,-420.63,-595.09,-763.57,-730.85
161.47,-696.75,-889.6,244.75,540.66,-792.82,-205.4,-338.27,-414.16,-590.52,-762.31,-729.64
171.62,-694.74,-897.96,238.4,549.93,-796.03,-201.11,-331.21,-406.73,-585.23,-760.37,-727.04
177.39,-692.07,-901.47,233.88,554.36,-796.51,-195.35,-322.82,-397.91,-578.43,-757.36,-722.88
178.39,-688.46,-898.87,231.35,553.15,-793.46,-187.98,-312.8,-387.24,-569.25,-752.68,-716.94
175.38,-683.54,-889.88,230.09,546.48,-786.5,-179.12,-301.05,-374.51,-557.16,-745.76,-709.1
169.89,-677.01,-876.14,229.15,536.15,-776.31,-169.22,-287.82,-359.95,-542.28,-736.28,-699.52
164.15,-668.84,-860.69,227.63,525.06,-764.45,-159,-273.69,-344.14,-525.28,-724.37,-688.53
160.37,-659.22,-846.41,224.83,515.89,-752.5,-149.21,-259.34,-327.72,-507.04,-710.48,-676.52
159.26,-648.45,-834.69,220.41,509.81,-741.33,-140.32,-245.22,-311.17,-488.25,-695.14,-663.72
159.52,-636.78,-824.93,214.65,505.98,-730.79,-132.3,-231.33,-294.63,-469.18,-678.73,-650.08
159.66,-624.26,-815.06,208.21,502.25,-719.88,-124.56,-217.12,-277.8,-449.63,-661.37,-635.34
158.97,-610.79,-802.64,201.77,496.41,-707.26,-116.13,-201.78,-260.18,-429.24,-642.98,-619.2
157.16,-596.25,-785.95,195.81,486.99,-691.91,-106.19,-184.8,-241.35,-407.75,-623.46,-601.6
154.12,-580.76,-764.78,190.55,473.7,-673.73,-94.481,-166.35,-221.34,-385.36,-602.95,-582.91
149.91,-564.74,-740.68,185.95,457.73,-653.7,-81.468,-147.36,-200.68,-362.67,-581.92,-563.94
144.88,-548.79,-716.25,181.64,441.4,-633.4,-68.03,-129.06,-180.23,-340.32,-560.87,-545.5
139.74,-533.28,-693.76,177.04,426.85,-614.16,-55.073,-112.39,-160.76,-318.71,-540.1,-527.97
135.31,-518.14,-674.27,171.53,415.17,-596.49,-43.237,-97.715,-142.67,-297.85,-519.51,-511.15
132.08,-502.9,-657.45,164.73,406.18,-580.04,-32.764,-84.802,-125.96,-277.46,-498.78,-494.39
129.92,-487.02,-641.83,156.72,398.69,-563.84,-23.465,-73.031,-110.23,-257.16,-477.49,-476.93
128.21,-470.03,-625.42,148.02,390.91,-546.75,-15.255,-61.684,-94.939,-236.65,-455.25,-458.08
126.21,-451.66,-606.33,139.25,381.1,-527.78,-9.0551,-50.199,-79.57,-215.77,-431.87,-437.41
123.24,-431.87,-583.44,130.85,368.13,-506.4,-5.2424,-38.34,-63.791,-194.57,-407.36,-414.93
118.76,-410.78,-556.66,122.95,351.85,-482.63,-2.8407,-26.24,-47.734,-173.29,-382.08,-391.05
112.78,-388.65,-526.97,115.48,333.12,-457.06,-0.84657,-14.339,-32.036,-152.22,-356.57,-366.51
106.31,-365.92,-495.92,108.25,313.35,-430.6,1.2185,-3.1676,-17.346,-131.58,-331.43,-342.14
100.33,-343.13,-465.12,101.02,293.9,-404.22,3.59,6.9399,-3.8729,-111.45,-307.05,-318.66
94.967,-320.86,-435.82,93.623,275.71,-378.76,6.1219,15.846,8.3536,-91.788,-283.59,-296.57
90.023,-299.59,-408.83,86.017,259.34,-354.78,8.5614,23.43,19.26,-72.521,-261,-275.99
85.418,-279.52,-384.32,78.207,244.88,-332.46,10.791,29.47,28.774,-53.618,-239.06,-256.67
81.065,-260.44,-361.83,70.092,231.96,-311.49,12.782,33.701,36.72,-35.338,-217.45,-237.93
76.797,-241.73,-340.37,61.07,219.9,-291.12,14.522,36.392,42.609,-18.174,-195.77,-218.83
72.481,-222.6,-318.77,50.235,207.9,-270.4,15.998,38.597,46.69,-2.5392,-173.66,-198.51
68.076,-202.53,-295.93,38.585,195.12,-248.6,17.194,40.967,50.475,11.425,-150.99,-176.58
63.461,-181.68,-271.16,28.759,180.79,-225.53,18.086,43.449,54.521,23.309,-128.04,-153.21
58.371,-160.89,-244.55,21.527,164.62,-201.75,18.637,45.732,58.436,30.936,-105.5,-127.71
52.662,-141.45,-217.15,16.328,147.08,-178.49,18.806,47.508,61.828,31.586,-84.033,-100.15
46.475,-124.53,-190.54,12.99,129.19,-157.11,18.57,48.601,64.509,30.046,-63.788,-73.689
40.114,-110.74,-166.17,11.494,112.06,-138.54,17.947,48.964,66.434,31.23,-45.093,-53.797
33.914,-99.754,-144.9,10.947,96.631,-122.92,16.995,48.632,67.644,34.106,-30.224,-42.188
28.151,-90.526,-126.81,10.078,83.476,-109.64,15.803,47.675,68.243,37.174,-20.901,-33.71
22.94,-81.663,-111.29,8.6428,72.61,-97.642,14.467,46.189,68.348,39.865,-15.588,-26.593
18.177,-71.903,-97.392,7.0284,63.581,-85.89,13.068,44.283,68.024,42.026,-12.649,-20.693
13.673,-58.969,-84.411,5.4867,55.917,-73.892,11.653,42.069,67.24,43.567,-11.812,-16.199
9.5083,-40.603,-72.507,4.0996,49.537,-62.065,10.239,39.635,65.908,44.367,-11.13,-13.768
6.3291,-27.321,-62.71,2.8884,44.827,-51.583,8.8232,37.022,63.953,44.297,-8.5767,-12.717
4.7417,-20.491,-56.15,1.8659,42.254,-43.586,7.4034,34.208,61.329,43.282,-5.7265,-10.178
4.3251,-16.133,-52.943,1.0541,41.678,-37.52,5.9934,31.11,58,41.34,-3.4957,-6.8564
3.9973,-13.863,-51.624,0.48331,41.965,-30.84,4.6245,27.64,53.945,38.588,-1.9364,-4.0001
2.9049,-13.957,-49.551,0.18615,41.077,-24.346,3.336,23.85,49.212,35.237,-0.92209,-1.7875
0.67886,-14.712,-43.646,0.1885,36.522,-19.297,2.1643,20.026,43.99,31.553,-0.33556,-0.10224
-2.6881,-14.603,-31.296,0.4894,26.241,-14.986,1.1333,16.526,38.614,27.796,-0.08963,1.1778
-6.8961,-13.686,-15.532,1.0362,11.21,-11.382,0.25005,13.529,33.402,24.161,-0.1186,2.1455
-11.367,-12.449,-4.9939,1.7167,-2.9998,-8.8886,-0.49596,10.976,28.514,20.747,-0.37248,2.8677
-15.389,-11.206,0.429,2.3763,-12.078,-7.0178,-1.1334,8.7061,23.96,17.581,-0.81562,3.3867
-18.296,-10.096,3.6603,2.8526,-16.096,-5.3875,-1.7079,6.5913,19.724,14.649,-1.4248,3.7207
-19.619,-9.1592,5.2605,3.0217,-16.388,-4.0992,-2.2728,4.5717,15.848,11.929,-2.1839,3.8715
-19.253,-8.3955,5.1886,2.8418,-14.064,-3.2769,-2.8705,2.6367,12.408,9.3986,-3.0773,3.8365
-17.536,-7.7898,3.7764,2.3727,-10.22,-2.9109,-3.5134,0.78836,9.4352,7.0333,-4.0875,3.6186
-15.17,-7.3289,1.6843,1.7584,-5.9836,-2.881,-4.1798,-0.97805,6.8834,4.8058,-5.1978,3.2297
-12.969,-7.0034,-0.38953,1.1743,-2.2652,-3.0224,-4.823,-2.6737,4.6625,2.6896,-6.3918,2.6858
-11.522,-6.8024,-1.9102,0.75742,0.27209,-3.191,-5.3846,-4.3055,2.6867,0.66852,-7.6561,2.0075
-10.942,-6.7099,-2.5829,0.5571,1.2953,-3.3065,-5.8123,-5.8632,0.89981,-1.2557,-8.967,1.2222
-10.91,-6.7039,-2.3952,0.5356,0.90329,-3.3597,-6.0778,-7.3145,-0.72029,-3.0617,-10.282,0.36518
-11.048,-6.7717,-1.6542,0.60276,-0.43573,-3.4017,-6.1889,-8.6112,-2.1708,-4.7144,-11.542,-0.52233
-11.187,-6.9116,-0.84628,0.66749,-2.0867,-3.5161,-6.1898,-9.7077,-3.4366,-6.1774,-12.684,-1.3992
-11.123,-7.1338,-0.37169,0.67,-3.3636,-3.7882,-6.1461,-10.578,-4.5027,-7.4279,-13.654,-2.2337
-10.632,-7.4575,-0.48616,0.60276,-3.8297,-4.2756,-6.1172,-11.222,-5.3613,-8.4564,-14.43,-3.0119
-9.732,-7.9033,-1.3121,0.50716,-3.2991,-4.9894,-6.1256,-11.657,-6.0128,-9.2673,-15.009,-3.7356
-8.6073,-8.4779,-2.7735,0.45107,-1.8232,-5.8849,-6.1411,-11.898,-6.4609,-9.864,-15.402,-4.4075
-7.4899,-9.1593,-4.5959,0.49823,0.22822,-6.8678,-6.0902,-11.942,-6.7077,-10.244,-15.607,-5.0127
-6.6083,-9.892,-6.416,0.68204,2.3046,-7.8171,-5.8829,-11.76,-6.7522,-10.402,-15.61,-5.5119
-6.1275,-10.601,-7.9178,0.99361,3.939,-8.6234,-5.4425,-11.315,-6.5978,-10.341,-15.397,-5.8543
-6.0783,-11.216,-8.9276,1.3866,4.8994,-9.2257,-4.7295,-10.585,-6.2642,-10.082,-14.974,-6.0049
-6.3392,-11.698,-9.4421,1.7955,5.1787,-9.6291,-3.7591,-9.5952,-5.7937,-9.6711,-14.385,-5.9682
-6.7047,-12.046,-9.586,2.1605,4.9084,-9.8908,-2.6035,-8.4216,-5.2455,-9.1646,-13.702,-5.7932
-7.0051,-12.293,-9.5169,2.4492,4.271,-10.086,-1.3606,-7.1693,-4.6809,-8.6186,-13.004,-5.5549
-7.1929,-12.482,-9.34,2.6641,3.4198,-10.266,-0.099598,-5.931,-4.1438,-8.0692,-12.35,-5.3221
-7.3342,-12.64,-9.0865,2.8316,2.427,-10.434,1.1702,-4.751,-3.6465,-7.5218,-11.76,-5.1276
-7.5211,-12.77,-8.7258,2.9782,1.3157,-10.546,2.4854,-3.6154,-3.1669,-6.9518,-11.207,-4.9543
-7.7847,-12.843,-8.1994,3.1103,0.13754,-10.531,3.9013,-2.4689,-2.6597,-6.3189,-10.632,-4.7438
-8.0728,-12.821,-7.4816,3.2071,-0.98844,-10.336,5.4655,-1.2482,-2.0748,-5.5845,-9.9685,-4.4198
-8.2747,-12.667,-6.6356,3.2309,-1.8831,-9.9482,7.1863,0.080276,-1.3785,-4.7306,-9.1757,-3.9251
-8.2559,-12.37,-5.8296,3.1436,-2.3238,-9.4116,9.0113,1.4983,-0.56915,-3.7716,-8.2625,-3.2541
-7.8967,-11.95,-5.3028,2.9231,-2.0833,-8.8261,10.831,2.9417,0.31844,-2.7552,-7.2855,-2.4614
-7.137,-11.45,-5.2925,2.5781,-1.036,-8.3145,12.511,4.3288,1.2222,-1.7504,-6.3299,-1.6389
-6.0169,-10.936,-5.9224,2.1548,0.74599,-7.982,13.941,5.5927,2.0721,-0.82859,-5.4761,-0.88432
-4.6965,-10.479,-7.1019,1.7341,2.9858,-7.8752,15.073,6.6977,2.8125,-0.043981,-4.7723,-0.27004
-3.4464,-10.135,-8.5234,1.4104,5.2243,-7.9623,15.933,7.6378,3.4178,0.5746,-4.2211,0.17959
-2.5863,-9.9184,-9.7484,1.2626,6.8864,-8.1423,16.599,8.4241,3.8947,1.0321,-3.7835,0.49518
-2.3793,-9.8043,-10.33,1.3283,7.4395,-8.278,17.158,9.0687,4.2679,1.3637,-3.3964,0.74601
-2.931,-9.7303,-9.9585,1.5869,6.5762,-8.242,17.67,9.5741,4.5609,1.6217,-2.999,1.0059
-4.135,-9.6191,-8.6027,1.9616,4.3503,-7.9623,18.14,9.9335,4.786,1.8595,-2.5539,1.3201
-5.6863,-9.4037,-6.549,2.3414,1.2251,-7.4482,18.539,10.14,4.948,2.1171,-2.0556,1.6886
-7.1684,-9.0513,-4.312,2.6176,-2.0293,-6.7878,18.821,10.197,5.0553,2.4151,-1.5228,2.0733
-8.1855,-8.5758,-2.4642,2.7173,-4.5776,-6.12,18.955,10.125,5.1254,2.7539,-0.9851,2.4188
-8.4819,-8.0334,-1.4603,2.6224,-5.7839,-5.5911,18.925,9.9567,5.1823,3.1191,-0.46911,2.6791
-8.0011,-7.4979,-1.521,2.368,-5.3785,-5.3028,18.739,9.7307,5.2475,3.4889,0.0078035,2.8346
-6.8731,-7.0253,-2.5978,2.0221,-3.5303,-5.2732,18.434,9.479,5.3299,3.8404,0.43715,2.8971
-5.3507,-6.6269,-4.3929,1.6491,-0.78333,-5.4309,18.059,9.2174,5.4201,4.153,0.81424,2.8993
-3.7255,-6.2686,-6.4203,1.2777,2.1747,-5.6411,17.655,8.9436,5.491,4.4092,1.1346,2.8763
-2.2472,-5.8894,-8.129,0.89338,4.7342,-5.7491,17.232,8.6436,5.5067,4.5966,1.3952,2.8505
-1.0744,-5.4324,-9.0526,0.46414,6.439,-5.6273,16.769,8.3038,5.4366,4.7111,1.5989,2.8282
-0.2803,-4.8747,-8.9257,-0.026052,6.9944,-5.2204,16.24,7.9218,5.2667,4.7576,1.7554,2.8051
0.10895,-4.2397,-7.7615,-0.55786,6.304,-4.5624,15.638,7.5118,5.005,4.7488,1.8815,2.7753
0.093338,-3.5891,-5.8539,-1.0778,4.5198,-3.765,14.985,7.0994,4.6795,4.7007,1.9932,2.7385
-0.27808,-3.0033,-3.6865,-1.5133,2.0534,-2.986,14.317,6.7117,4.3341,4.6321,2.1084,2.7013
-0.88072,-2.5589,-1.8079,-1.7938,-0.46737,-2.3893,13.664,6.3695,4.018,4.5639,2.247,2.6767
-1.524,-2.3054,-0.67921,-1.8763,-2.3546,-2.1015,13.031,6.0827,3.7738,4.5171,2.4302,2.6803
-2.0011,-2.2521,-0.53597,-1.7671,-3.1062,-2.1777,12.405,5.8507,3.6257,4.5084,2.6743,2.7232
-2.1305,-2.3628,-1.3783,-1.5282,-2.5236,-2.5918,11.771,5.6644,3.5757,4.5442,2.9866,2.8056
-1.792,-2.5714,-3.0388,-1.2574,-0.72332,-3.2498,11.13,5.5094,3.6064,4.6167,3.3622,2.9126
-0.98005,-2.8107,-5.2122,-1.0445,1.8887,-4.0166,10.509,5.3662,3.6839,4.7024,3.7838,3.0175
0.16696,-3.0375,-7.479,-0.93259,4.7622,-4.7491,9.9476,5.209,3.7623,4.763,4.2224,3.0906
1.3901,-3.2386,-9.3851,-0.90728,7.3396,-5.3281,9.4799,5.008,3.7908,4.7534,4.6409,3.1094
2.3764,-3.4192,-10.539,-0.91429,9.0977,-5.6774,9.1115,4.7349,3.7268,4.6339,4.9993,3.0622
2.8432,-3.5894,-10.702,-0.88599,9.6101,-5.7723,8.8101,4.3702,3.5478,4.3835,5.2622,2.944
2.6111,-3.761,-9.8556,-0.7596,8.6613,-5.6411,8.5124,3.9054,3.2574,4.0055,5.4062,2.7511
1.6521,-3.9446,-8.1917,-0.48878,6.3452,-5.3553,8.1502,3.3433,2.8834,3.5277,5.4291,2.4811
0.11137,-4.1409,-6.0814,-0.058584,3.0993,-5.0064,7.6772,2.6991,2.47,2.9971,5.3546,2.1382
-1.712,-4.3335,-4.0028,0.49976,-0.3473,-4.6761,7.0852,2.0008,2.0673,2.4696,5.2267,1.74
-3.4364,-4.4905,-2.3995,1.1087,-3.1704,-4.415,6.3997,1.2851,1.7187,1.9964,5.0927,1.3183
-4.6927,-4.5749,-1.5513,1.6626,-4.714,-4.2408,5.6586,0.58706,1.45,1.6081,4.984,0.91067
-5.213,-4.5536,-1.5654,2.0577,-4.6759,-4.1477,4.8839,-0.068938,1.2631,1.3023,4.9041,0.54516
-4.9105,-4.4068,-2.3963,2.226,-3.2112,-4.1078,4.0678,-0.67434,1.1348,1.0429,4.8289,0.23037
-3.9192,-4.1368,-3.7955,2.1622,-0.80536,-4.0672,3.1817,-1.236,1.0229,0.77309,4.7167,-0.043941
-2.5713,-3.7733,-5.3119,1.929,1.9019,-3.9536,2.1966,-1.7737,0.87437,0.43481,4.5237,-0.29764
-1.3082,-3.3676,-6.4385,1.637,4.1832,-3.7019,1.1028,-2.3167,0.63735,-0.0147,4.2187,-0.54966
-0.53823,-2.9775,-6.7875,1.408,5.3666,-3.2813,-0.082484,-2.8976,0.27343,-0.59467,3.7934,-0.81088
-0.50894,-2.649,-6.1782,1.3314,5.0273,-2.7007,-1.3149,-3.5436,-0.23399,-1.3019,3.2666,-1.0809
-1.2445,-2.4008,-4.6469,1.4317,3.1358,-1.9975,-2.5296,-4.2678,-0.88003,-2.1182,2.6779,-1.3479
-2.5547,-2.2201,-2.4279,1.664,0.098058,-1.229,-3.657,-5.0646,-1.6473,-3.0202,2.0736,-1.5916
-4.0956,-2.0739,0.07376,1.9348,-3.3758,-0.47161,-4.6522,-5.9116,-2.5161,-3.9862,1.4902,-1.7878
-5.4612,-1.9267,2.3478,2.1369,-6.4896,0.18256,-5.5217,-6.7764,-3.4683,-4.9975,0.94548,-1.9142
-6.2957,-1.7592,3.9121,2.1857,-8.5687,0.63779,-6.3256,-7.6246,-4.4836,-6.035,0.43908,-1.9563
-6.3972,-1.5823,4.4609,2.0516,-9.2163,0.81539,-7.1512,-8.4259,-5.5347,-7.076,-0.038669,-1.9117
-5.774,-1.4376,3.9381,1.7735,-8.3934,0.67391,-8.0714,-9.1587,-6.5879,-8.0944,-0.49551,-1.7883
-4.628,-1.3808,2.514,1.445,-6.4088,0.22232,-9.1049,-9.8109,-7.6086,-9.0627,-0.92913,-1.5999
-3.2689,-1.4544,0.50695,1.1751,-3.7982,-0.47896,-10.2,-10.381,-8.5706,-9.958,-1.3273,-1.3615
-1.9947,-1.6673,-1.7135,1.0418,-1.1164,-1.3319,-11.256,-10.878,-9.4617,-10.767,-1.6753,-1.0883
-0.99472,-1.9907,-3.815,1.0605,1.2433,-2.225,-12.167,-11.319,-10.286,-11.488,-1.9666,-0.79767
-0.31529,-2.3706,-5.5576,1.184,3.0759,-3.0561,-12.865,-11.718,-11.056,-12.136,-2.2082,-0.51033
0.10321,-2.7477,-6.8183,1.3361,4.3006,-3.7477,-13.332,-12.085,-11.789,-12.736,-2.42,-0.24932
0.35752,-3.0786,-7.5892,1.4557,4.928,-4.2537,-13.594,-12.416,-12.498,-13.317,-2.629,-0.034795
0.52889,-3.3452,-7.9301,1.5243,5.0667,-4.5607,-13.689,-12.7,-13.189,-13.901,-2.8614,0.12184
0.65528,-3.5504,-7.9263,1.5639,4.8976,-4.6861,-13.641,-12.919,-13.858,-14.491,-3.1351,0.22015
0.72492,-3.7051,-7.6977,1.6161,4.5822,-4.6722,-13.455,-13.044,-14.482,-15.064,-3.4529,0.26836
0.68979,-3.8205,-7.3761,1.7228,4.2178,-4.5703,-13.12,-13.045,-15.022,-15.577,-3.7992,0.27829
0.48302,-3.9053,-7.0369,1.9145,3.8219,-4.4208,-12.616,-12.89,-15.429,-15.982,-4.144,0.25941
0.038185,-3.9649,-6.6705,2.2053,3.3326,-4.2395,-11.918,-12.568,-15.66,-16.244,-4.456,0.2142
-0.68329,-3.9978,-6.2062,2.5894,2.6443,-4.0172,-11.006,-12.097,-15.702,-16.354,-4.7184,0.1357
-1.6649,-3.9936,-5.5536,3.0358,1.658,-3.7307,-9.8965,-11.521,-15.568,-16.328,-4.9422,0.0078906
-2.8254,-3.9368,-4.6448,3.4894,0.32804,-3.3568,-8.6587,-10.903,-15.297,-16.2,-5.1647,-0.19012
-4.0352,-3.8158,-3.4658,3.8858,-1.3075,-2.8857,-7.3831,-10.307,-14.936,-16.015,-5.4337,-0.47599
-5.1571,-3.6337,-2.0681,4.1774,-3.1195,-2.3273,-6.1469,-9.7743,-14.523,-15.816,-5.785,-0.85507
-6.0872,-3.4138,-0.56402,4.3542,-4.9139,-1.7124,-4.9985,-9.3201,-14.084,-15.642,-6.227,-1.3159
-6.7676,-3.1949,0.88509,4.4438,-6.475,-1.0903,-3.9632,-8.9403,-13.638,-15.525,-6.741,-1.8358
-7.169,-3.0178,2.0853,4.4893,-7.5904,-0.52709,-3.0578,-8.6293,-13.212,-15.491,-7.2978,-2.3938
-7.2589,-2.9083,2.8389,4.5184,-8.0619,-0.098337,-2.3025,-8.3935,-12.844,-15.566,-7.8769,-2.9824
-6.9957,-2.8648,2.989,4.5231,-7.7453,0.12807,-1.7238,-8.2502,-12.579,-15.775,-8.476,-3.6078
-6.3552,-2.8614,2.4738,4.465,-6.617,0.11213,-1.3465,-8.2156,-12.452,-16.131,-9.108,-4.2827
-5.3766,-2.8665,1.3628,4.3066,-4.8212,-0.14485,-1.1824,-8.2949,-12.482,-16.638,-9.7938,-5.0173
-4.2088,-2.8632,-0.14049,4.0498,-2.6893,-0.59688,-1.2194,-8.4792,-12.658,-17.282,-10.55,-5.8108
-3.111,-2.8544,-1.7285,3.758,-0.69596,-1.158,-1.4163,-8.7393,-12.943,-18.03,-11.369,-6.6421
-2.3792,-2.8541,-3.0531,3.5381,0.68506,-1.7175,-1.7092,-9.0251,-13.267,-18.815,-12.208,-7.4642
-2.2289,-2.8772,-3.8395,3.4848,1.1371,-2.1718,-2.0315,-9.2791,-13.545,-19.559,-12.986,-8.2137
-2.688,-2.9399,-3.9993,3.6282,0.61015,-2.4631,-2.3383,-9.4623,-13.71,-20.196,-13.616,-8.8374
-3.56,-3.0606,-3.6584,3.9203,-0.61579,-2.6006,-2.6187,-9.5717,-13.736,-20.695,-14.044,-9.3188
-4.4856,-3.2515,-3.0891,4.2565,-2.0054,-2.6448,-2.8884,-9.6354,-13.644,-21.063,-14.264,-9.6814
-5.0781,-3.5025,-2.5943,4.5141,-3.004,-2.6679,-3.1682,-9.6904,-13.479,-21.32,-14.317,-9.9664
-5.0777,-3.7773,-2.3945,4.5998,-3.264,-2.7187,-3.4662,-9.7621,-13.286,-21.482,-14.252,-10.205
-4.458,-4.0304,-2.5537,4.4873,-2.7512,-2.8081,-3.7723,-9.8569,-13.1,-21.553,-14.113,-10.402
-3.4363,-4.2349,-2.9718,4.2317,-1.7318,-2.9195,-4.0608,-9.9684,-12.951,-21.541,-13.926,-10.549
-2.3888,-4.4014,-3.4422,3.9527,-0.66002,-3.0311,-4.2996,-10.089,-12.867,-21.473,-13.71,-10.635
-1.708,-4.5707,-3.7468,3.7898,-0.0019639,-3.1355,-4.4602,-10.216,-12.879,-21.398,-13.498,-10.678
-1.6606,-4.7823,-3.7531,3.8451,-0.056084,-3.2418,-4.5247,-10.347,-13.002,-21.372,-13.331,-10.714
-2.2935,-5.038,-3.4683,4.1369,-0.83713,-3.3613,-4.4813,-10.457,-13.21,-21.422,-13.249,-10.784
-3.4151,-5.2793,-3.0318,4.5847,-2.0702,-3.488,-4.3117,-10.469,-13.396,-21.5,-13.251,-10.888
-4.6615,-5.3939,-2.6587,5.0319,-3.2831,-3.5883,-3.9792,-10.236,-13.342,-21.454,-13.254,-10.942
-5.6273,-5.2502,-2.5726,5.3004,-3.9606,-3.6139,-3.4311,-9.5401,-12.734,-21.019,-13.06,-10.756
-6.0099,-4.7463,-2.9365,5.2477,-3.7751,-3.5354,-2.6226,-8.126,-11.258,-19.833,-12.364,-10.064
-5.7024,-3.86,-3.781,4.796,-2.7265,-3.4455,-1.6251,-5.9388,-8.8229,-17.486,-10.815,-8.627
-4.793,-2.8041,-5.3616,3.9322,-0.90318,-4.1511,-1.2321,-5.8131,-6.8851,-13.733,-8.1542,-6.3687
-3.5195,-3.0795,-8.4891,2.6967,1.6194,-7.0949,-3.2291,-9.3555,-13.173,-11.786,-4.778,-3.6567
-2.1953,-6.6825,-11.462,1.2763,4.0809,-9.2084,-4.7245,-11.453,-15.588,-15.487,-6.8563,-5.8398
-1.0851,-8.7106,-12.576,1.4094,5.2819,-9.248,-3.9121,-13.79,-17.786,-16.77,-9.5859,-10.99
-0.11683,-8.6987,-10.832,3.109,4.1066,-7.2998,-2.4804,-14.115,-18.795,-18.9,-14.123,-14.941
0.18087,-6.8309,-5.1229,2.8841,1.0113,-2.5983,-0.51256,-9.9233,-15.892,-20.117,-18.883,-18.357
-2.9919,-1.9835,5.2143,1.6317,-4.6755,5.6052,3.9567,0.3295,-7.7847,-17.754,-20.785,-18.107
-7.5924,7.5486,20.118,-1.0622,-16.745,17.826,12.851,16.944,8.0239,-8.3858,-15.864,-11.162
-12.118,23.202,38.496,-6.1615,-30.693,34.495,27.482,40.209,33.811,11.585,-0.20884,4.8491
-13.488,45.239,57.87,-15.075,-42.93,55.147,45.301,70.373,70.559,45.5,29.614,30.965
-9.0245,71.147,74.804,-29.104,-50.185,76.407,61.906,106.92,118.32,96.18,77.007,67.496
2.5316,97.056,87.117,-48.356,-49.509,94.349,75.197,147.67,176.27,165.8,144.84,115.32
22.326,121.46,92.655,-71.241,-39.375,107.19,83.219,188.66,241.71,255.32,232.38,175.03
50.999,144.55,87.779,-96.615,-20.209,114.6,83.96,226.11,311.26,363.45,337.5,244.5
87.948,166.81,73.082,-125.4,6.4661,117.88,75.935,256.48,381.06,489.37,462.65,322.36
131.63,190.09,52.756,-158.7,38.353,119.53,57.749,274.95,446.99,632.25,608.31,409.06
180.06,217.41,32.049,-196.92,72.12,123.04,28.309,276.98,504.72,787.75,771.53,504.8
230.4,251.3,16.445,-239.66,104.02,132.54,-11.211,260.82,549.32,946.91,944.63,607.32
278.48,292.85,10.554,-285.08,130.49,150.81,-57.508,226.43,575.39,1096.4,1113.7,710.7
318.57,340.58,18.465,-329.42,147,178.74,-106.03,175.45,577.91,1218.8,1258.9,805.1
344.13,390.15,41.987,-367.18,149.03,215.37,-151.89,110.95,552.89,1294,1356.7,877.79
349.86,434.65,78.706,-392.4,134.39,256.61,-191.25,36.328,497.34,1302.6,1384.6,915.13
333.59,465.51,123.31,-399.86,104.3,295.13,-221.98,-45.931,409.54,1231.3,1326.7,905.47
296.65,474.49,168.39,-385.99,63.408,322.36,-244.45,-134.84,289.71,1076.1,1177.9,842.26
243.01,456.11,204.57,-349.93,18.649,330.99,-261.38,-231.01,140.66,844.14,946.98,726.64
178.44,409.38,223.79,-294.18,-23.406,317.17,-275.99,-335.41,-32.159,553.46,656.16,568.27
110.05,338.19,222.48,-224.23,-57.548,281.29,-291.98,-447.39,-220.54,231.95,338.28,384.01
44.658,250.14,201.82,-147.18,-80.709,227.49,-312.56,-562.59,-412.43,-86.81,30.586,194.59
-12.947,155.23,166.61,-70.486,-92.643,162.89,-337.74,-671.66,-591.05,-369.5,-232.95,20.651
-60.384,63.977,124.23,-0.96542,-95.713,96.523,-363.11,-761.35,-736.81,-588.55,-428.29,-120.84
-96.803,-14.538,82.342,56.178,-93.68,36.721,-381.68,-818.27,-832.71,-726.92,-544.85,-219.42
-122,-74.532,45.933,98.037,-89.421,-11.015,-387.23,-833.86,-869.95,-781.86,-586.28,-272.89
-135.88,-113.77,20.536,123.72,-83.376,-44.283,-377.02,-807.64,-850.75,-765.08,-567.62,-286.86
-138.25,-133.03,6.436,133.84,-75.301,-63.285,-352.96,-746.97,-786.9,-698.2,-509.95,-271.99
-129.92,-135.42,-1.5855,130.36,-64.533,-70.557,-320.58,-663.77,-695.05,-605.16,-434.09,-240.39
-113.04,-125.47,-6.7531,116.65,-50.94,-69.675,-284.19,-570.31,-591.17,-505.3,-355.88,-202.38
-90.677,-107.81,-10.368,96.8,-36.234,-63.545,-246.15,-476.19,-486.88,-410.08,-284.22,-164.53
-66.582,-86.431,-12.907,74.656,-23.452,-54.105,-208.47,-387.52,-388.98,-324.14,-221.86,-129.68
-44.406,-64.436,-14.133,53.181,-13.511,-42.953,-171.75,-307.73,-301.17,-249.3,-168.21,-98.999
-26.651,-44.002,-9.7942,34.518,-6.5421,-28.361,-136.59,-238.7,-226.11,-186.68,-124.15,-73.898
-14.453,-26.975,-6.1783,20.255,-2.3977,-14.149,-104.24,-181.61,-165.86,-137.77,-90.585,-57.692
-7.5422,-15.044,-5.0324,11.014,-0.74364,-10.614,-75.897,-136.91,-120.46,-101.39,-67.449,-46.363
-4.1828,-8.0656,-3.5978,5.4739,-0.97203,-7.8341,-52.75,-103.77,-88.117,-74.737,-50.419,-36.21
-2.8618,-3.7893,-2.2207,2.5461,-2.4706,-5.6085,-35.318,-80.225,-66.13,-56.792,-38.237,-28.697
-2.7944,-1.3153,-1.2319,1.376,-4.0017,-4.1215,-23.041,-63.827,-51.395,-45.627,-30.866,-23.235
-4.0528,-0.87289,-0.84063,1.4648,-4.2317,-3.3502,-14.704,-52.496,-40.997,-38.483,-26.534,-19.51
-6.5709,-3.055,-1.1368,3.1141,-3.7127,-2.9661,-9.0223,-44.401,-32.988,-33.221,-23.264,-19.152
-6.5311,-4.1861,-2.0812,5.1221,-2.6832,-2.7425,-5.0805,-38.874,-27.006,-29.008,-19.922,-21.149
-5.5137,-3.3331,-3.4726,4.6346,-1.1702,-2.6453,-2.7642,-35.587,-23.089,-25.469,-18.821,-19.3
-4.5411,-2.3091,-4.9617,3.8679,0.5409,-2.6273,-1.4053,-33.322,-20.803,-23.505,-20.313,-16.156
-3.7823,-1.518,-6.1422,3.3078,1.9907,-2.5877,-0.74366,-31.763,-21.587,-24.371,-17.986,-13.444
-3.3581,-0.95435,-6.6592,2.9348,2.7252,-2.4207,-0.4938,-30.672,-23.434,-22.014,-15.154,-11.386
-3.3488,-0.55172,-6.304,2.7031,2.4661,-2.0504,1.6534,-27.883,-20.805,-19.015,-12.955,-9.8639
-3.7296,-0.24343,-5.0788,2.5653,1.2125,-1.4548,4.2257,-24.188,-17.778,-16.46,-11.327,-8.7169
-4.3529,0.026941,-3.2036,2.4621,-0.7538,-0.678,6.5164,-21.041,-15.258,-14.317,-10.06,-7.8031
-4.9918,0.30522,-1.0608,2.3259,-2.957,0.17818,8.4424,-18.494,-13.235,-12.449,-8.9926,-7.0172
-5.4218,0.62231,0.89958,2.1003,-4.8838,0.9824,10.034,-16.407,-11.614,-10.776,-8.0405,-6.2982
-5.502,0.98573,2.2825,1.7621,-6.1379,1.6088,11.343,-14.675,-10.322,-9.2814,-7.1824,-5.6282
-5.2171,1.3761,2.8581,1.3312,-6.5322,1.9691,12.429,-13.211,-9.2867,-7.9739,-6.4273,-5.0196
-4.6645,1.7573,2.6042,0.86106,-6.1071,2.0328,13.332,-11.924,-8.4194,-6.8463,-5.7801,-4.492
-4.0013,2.0973,1.6774,0.41439,-5.0815,1.8323,14.06,-10.717,-7.6246,-5.859,-5.221,-4.0477
-3.379,2.3861,0.34369,0.034609,-3.7578,1.4494,14.578,-9.5116,-6.8255,-4.9493,-4.7055,-3.6594
-2.8901,2.6351,-1.1021,-0.2691,-2.4141,0.99193,14.838,-8.2791,-5.9921,-4.0598,-4.1802,-3.2759
-2.5438,2.8639,-2.411,-0.5169,-1.2284,0.56582,14.809,-7.0512,-5.1511,-3.1653,-3.6049,-2.8434
-2.267,3.0882,-3.4288,-0.74791,-0.25023,0.25439,14.5,-5.9078,-4.3666,-2.2798,-2.9664,-2.328
-1.9276,3.3236,-4.1114,-1.0136,0.58538,0.10985,13.97,-4.9316,-3.7019,-1.4362,-2.2756,-1.7257
-1.3812,3.5954,-4.5024,-1.3722,1.4149,0.15399,13.311,-4.1581,-3.1814,-0.6554,-1.5517,-1.0564
-0.54207,3.9385,-4.6764,-1.8671,2.3568,0.38543,12.619,-3.5557,-2.7747,0.077564,-0.80519,-0.34602
0.55539,4.3808,-4.692,-2.4974,3.4153,0.78524,11.972,-3.0483,-2.4085,0.81269,-0.029699,0.38802
1.7421,4.925,-4.5766,-3.2046,4.4534,1.3194,11.409,-2.562,-2.0008,1.6137,0.7962,1.1474
2.7498,5.5391,-4.3077,-3.8859,5.2154,1.9445,10.923,-2.0652,-1.4985,2.5261,1.698,1.9503
3.2872,6.1681,-3.8151,-4.4281,5.386,2.6155,10.477,-1.581,-0.90068,3.5511,2.6883,2.8175
3.1417,6.7564,-3.024,-4.7429,4.7092,3.2929,10.029,-1.1679,-0.25449,4.6364,3.7526,3.7549
2.2653,7.2659,-1.9076,-4.7968,3.1178,3.9464,9.5722,-0.88407,0.37235,5.6915,4.8452,4.7412
0.81039,7.6785,-0.52067,-4.6277,0.7984,4.5573,9.1426,-0.75362,0.92956,6.6253,5.9068,5.7308
-0.89829,7.9858,0.99548,-4.3308,-1.832,5.114,8.791,-0.75406,1.4135,7.3931,6.8923,6.6663
-2.4546,8.1818,2.438,-4.0232,-4.2407,5.6004,8.532,-0.82968,1.8682,8.0252,7.7996,7.5005
-3.4896,8.2688,3.5869,-3.8128,-5.9375,5.9874,8.3224,-0.92246,2.3603,8.6153,8.6755,8.215
-3.7703,8.2593,4.2588,-3.7773,-6.6067,6.2352,8.0755,-1.0019,2.9429,9.2786,9.5993,8.8256
-3.2548,8.1724,4.3511,-3.946,-6.1822,6.3067,7.6999,-1.0788,3.6281,10.106,10.657,9.374
-2.0953,8.0199,3.8653,-4.2886,-4.8569,6.1787,7.1431,-1.1967,4.3814,11.136,11.922,9.9104
-0.59024,7.7984,2.9037,-4.7215,-3.007,5.8477,6.4171,-1.4045,5.1412,12.354,13.45,10.48
0.90216,7.4963,1.6403,-5.1314,-1.0601,5.3268,5.5964,-1.7238,5.8554,13.711,15.279,11.114
2.0624,7.1076,0.27077,-5.4115,0.62816,4.6426,4.7886,-2.1343,6.5144,15.159,17.424,11.834
2.6933,6.644,-1.0482,-5.4966,1.8408,3.8328,4.0891,-2.5772,7.1651,16.691,19.876,12.652
2.7706,6.14,-2.2454,-5.3883,2.5192,2.9409,3.5423,-2.9809,7.8911,18.349,22.577,13.569
2.4429,5.6504,-3.343,-5.1605,2.7673,2.012,3.1295,-3.2916,8.7726,20.204,25.427,14.577
1.9815,5.24,-4.418,-4.9384,2.8391,1.0921,2.7917,-3.4917,9.8466,22.304,28.299,15.651
1.6895,4.9675,-5.5376,-4.858,3.0543,0.23337,2.4726,-3.596,11.087,24.618,31.071,16.751
1.792,4.875,-6.7134,-5.0199,3.6478,-0.50213,2.1541,-3.6341,12.414,27.04,33.659,17.828
2.3663,4.988,-7.887,-5.4662,4.6614,-1.0458,1.8611,-3.6306,13.736,29.439,36.047,18.848
3.3418,5.3224,-8.9254,-6.1897,5.9296,-1.3326,1.6457,-3.5907,15.004,31.754,38.305,19.82
4.5559,5.8891,-9.6374,-7.1614,7.1419,-1.3137,1.5584,-3.4939,16.258,34.051,40.593,20.81
5.8321,6.6984,-9.8298,-8.3603,7.9588,-0.96765,1.6187,-3.3055,17.622,36.513,43.119,21.936
7.0524,7.7622,-9.3848,-9.7919,8.1286,-0.30837,1.7954,-2.9902,19.264,39.346,46.067,23.348
8.201,9.0917,-8.3228,-11.485,7.5755,0.60918,2.0073,-2.532,21.326,42.658,49.502,25.18
9.3756,10.688,-6.8187,-13.464,6.4528,1.6922,2.1495,-1.9477,23.86,46.374,53.331,27.52
10.76,12.534,-5.1603,-15.721,5.1172,2.8265,2.1327,-1.2834,26.786,50.271,57.359,30.362
12.531,14.588,-3.6642,-18.183,4.0138,3.9042,1.9191,-0.5939,29.907,54.098,61.406,33.593
14.742,16.807,-2.5823,-20.74,3.5207,4.8542,1.5356,0.082164,33.012,57.691,65.378,37.045
17.277,19.176,-2.0411,-23.307,3.8163,5.6608,1.0588,0.73744,35.996,61.02,69.253,40.585
19.915,21.751,-2.033,-25.849,4.8393,6.3637,0.57848,1.3916,38.891,64.188,73.06,44.171
22.448,24.651,-2.4553,-28.363,6.3685,7.0466,0.15937,2.0727,41.813,67.387,76.865,47.822
24.768,27.999,-3.1597,-30.854,8.144,7.8364,-0.18191,2.7983,44.844,70.828,80.763,51.565
26.855,31.794,-3.9856,-33.315,9.9331,8.9199,-0.47471,3.5678,47.961,74.668,84.875,55.402
28.718,35.817,-4.7644,-35.716,11.541,10.557,-0.76827,4.3691,51.045,78.943,89.302,59.317
30.332,39.732,-5.3147,-38.008,12.813,12.997,-1.0962,5.1901,53.966,83.542,94.054,63.298
31.642,43.312,-5.4559,-40.134,13.628,16.214,-1.4542,6.0265,56.652,88.264,99.003,67.332
32.608,46.492,-5.0465,-42.052,13.885,19.746,-1.8057,6.8825,59.108,92.933,103.94,71.405
33.253,49.3,-4.0115,-43.748,13.509,23.122,-2.1078,7.764,61.403,97.483,108.73,75.507
33.681,51.818,-2.343,-45.265,12.465,26.238,-2.3409,8.6723,63.638,101.97,113.37,79.655
34.047,54.194,-0.089131,-46.712,10.787,29.188,-2.5176,9.6051,65.919,106.52,118,83.911
34.525,56.642,2.6753,-48.246,8.5945,32.118,-2.6725,10.564,68.34,111.27,122.8,88.369
35.262,59.405,5.8615,-50.04,6.101,35.214,-2.842,11.561,70.961,116.25,127.94,93.106
36.329,62.682,9.3362,-52.23,3.6011,38.627,-3.0482,12.624,73.803,121.42,133.46,98.133
37.683,66.567,12.952,-54.867,1.4159,42.379,-3.2938,13.8,76.834,126.69,139.24,103.42
39.174,71.044,16.671,-57.878,-0.17591,46.395,-3.5689,15.149,79.985,131.98,145.1,108.92
40.634,75.982,20.616,-61.1,-0.96797,50.577,-3.8621,16.737,83.186,137.27,150.85,114.63
41.964,81.094,24.788,-64.368,-0.84157,54.779,-4.1642,18.603,86.405,142.65,156.46,120.44
43.195,86.043,28.641,-67.596,0.16318,58.785,-4.4661,20.73,89.664,148.21,162.06,126.25
44.46,90.71,31.481,-70.791,1.8064,62.47,-4.7576,23.007,92.992,154.02,167.85,132.06
45.927,95.282,33.405,-74.032,3.7351,65.974,-5.0249,25.274,96.399,160.06,174.01,137.98
47.728,100.07,35.055,-77.424,5.5663,69.613,-5.2423,27.396,99.856,166.22,180.61,144.15
49.921,105.28,37.029,-81.042,6.8984,73.657,-5.3743,29.308,103.33,172.38,187.58,150.62
52.479,110.88,39.779,-84.882,7.3586,78.212,-5.3946,31.009,106.78,178.44,194.72,157.31
55.281,116.73,43.577,-88.859,6.7122,83.224,-5.3125,32.55,110.24,184.43,201.81,164.07
58.092,122.66,48.375,-92.878,4.9605,88.512,-5.1887,33.998,113.75,190.44,208.78,170.82
60.638,128.6,53.776,-96.909,2.3829,93.815,-5.1267,35.391,117.36,196.58,215.73,177.55
62.778,134.52,59.168,-100.96,-0.498,98.852,-5.2402,36.738,121.08,202.9,222.82,184.27
64.637,140.44,63.915,-105,-3.0445,103.38,-5.6118,38.029,124.87,209.31,230.13,190.96
66.543,146.25,67.513,-108.96,-4.6941,107.26,-6.2678,39.246,128.65,215.58,237.55,197.54
68.85,151.78,69.767,-112.86,-5.1226,110.48,-7.1776,40.381,132.3,221.48,244.81,203.89
71.79,156.88,70.894,-116.81,-4.3105,113.24,-8.2753,41.432,135.73,226.89,251.81,210.02
75.37,161.59,71.443,-120.97,-2.5157,115.87,-9.49,42.406,138.88,231.9,258.8,216.17
79.343,166.12,72.055,-125.33,-0.16925,118.75,-10.779,43.31,141.75,236.74,266.14,222.58
83.345,170.73,73.2,-129.69,2.2704,122.04,-12.154,44.143,144.34,241.64,273.76,229.13
87.118,175.58,74.96,-133.8,4.4325,125.68,-13.692,44.885,146.7,246.82,281.3,235.38
90.571,180.49,77.12,-137.57,6.0694,129.43,-15.496,45.497,148.87,252.32,288.34,241.02
93.692,185.09,79.472,-140.99,7.0423,133,-17.644,45.929,150.87,257.92,294.67,246.09
96.428,189.17,81.895,-144.09,7.3111,136.24,-20.143,46.147,152.7,263.19,300.26,250.82
98.625,192.7,84.318,-146.86,6.9242,139.14,-22.925,46.157,154.34,267.78,305.18,255.44
100.05,195.73,86.706,-149.28,5.9812,141.8,-25.857,46.021,155.83,271.56,309.54,260.07
100.48,198.33,89.004,-151.26,4.5794,144.31,-28.752,45.837,157.21,274.65,313.51,264.75
99.861,200.62,91.179,-152.72,2.8051,146.83,-31.435,45.703,158.56,277.22,317.22,269.39
98.454,202.76,93.293,-153.59,0.78716,149.47,-33.817,45.677,159.94,279.43,320.86,273.88
96.744,204.93,95.431,-153.88,-1.2642,152.25,-35.915,45.768,161.34,281.43,324.58,278.13
95.226,207.14,97.568,-153.76,-3.0905,154.99,-37.815,45.926,162.73,283.29,328.47,282.01
94.221,209.14,99.539,-153.54,-4.4522,157.38,-39.607,46.078,164.01,285.03,332.47,285.38
93.83,210.71,101.12,-153.49,-5.1806,159.19,-41.337,46.185,165.11,286.64,336.36,288.15
94.006,211.84,102.17,-153.77,-5.2022,160.42,-42.978,46.257,165.99,288.1,339.84,290.31
94.68,212.67,102.7,-154.44,-4.5428,161.18,-44.441,46.347,166.68,289.39,342.71,291.9
95.833,213.38,102.85,-155.59,-3.3229,161.63,-45.613,46.518,167.25,290.53,344.92,293.05
97.468,214.09,102.76,-157.23,-1.7468,161.92,-46.38,46.807,167.81,291.57,346.6,293.88
99.487,214.91,102.57,-159.22,-0.073724,162.14,-46.649,47.2,168.44,292.59,347.86,294.46
101.63,215.85,102.37,-161.27,1.4284,162.34,-46.378,47.627,169.14,293.64,348.76,294.82
103.57,216.86,102.22,-163.02,2.5308,162.54,-45.595,47.978,169.82,294.72,349.13,294.85
104.98,217.78,102.12,-164.19,3.0838,162.67,-44.399,48.137,170.38,295.71,348.62,294.33
105.62,218.33,102.02,-164.6,3.0393,162.64,-42.904,48.031,170.67,296.35,346.87,292.9
105.29,218.16,101.87,-164.12,2.4486,162.28,-41.209,47.663,170.58,296.13,343.86,290.22
103.83,216.78,101.56,-162.6,1.4325,161.34,-39.372,47.106,170.03,294.54,339.84,286.32
101.15,213.81,100.99,-159.93,0.1389,159.52,-37.417,46.463,168.98,291.35,334.91,281.59
97.433,209.42,100.08,-156.23,-1.2762,156.67,-35.337,45.812,167.42,286.64,328.85,276.29
93.153,204.36,98.825,-151.83,-2.6531,153.26,-33.106,45.169,165.3,280.51,321.32,270.38
88.785,199.17,97.371,-147.05,-3.844,149.91,-30.711,44.5,162.54,272.86,311.97,263.68
84.565,193.8,95.782,-142.02,-4.7336,146.74,-28.173,43.744,159.05,263.58,300.61,255.79
80.535,187.8,93.874,-136.72,-5.2517,143.28,-25.569,42.84,154.77,252.65,287.21,246.14
76.638,180.74,91.325,-131.09,-5.3789,138.86,-22.993,41.743,149.64,240.23,272.05,234.24
72.775,172.3,87.847,-124.98,-5.1461,132.9,-20.508,40.424,143.62,226.72,255.66,220
68.856,162.5,83.244,-118.16,-4.625,125.08,-18.135,38.863,136.74,212.74,238.83,203.92
64.793,151.65,77.52,-110.55,-3.9106,115.73,-15.893,37.033,129.2,198.98,222.48,187.1
60.402,140.34,70.979,-102.46,-3.1022,105.81,-13.795,34.899,121.44,186.01,207.36,170.91
55.402,129.16,64.11,-94.363,-2.2919,96.382,-11.828,32.437,113.97,174.14,193.77,156.45
49.707,118.48,57.389,-86.39,-1.5622,87.995,-9.9508,29.654,107.08,163.31,181.46,144.02
43.633,108.34,51.152,-78.499,-0.98972,80.578,-8.1318,26.594,100.62,153.08,169.8,133.09
37.632,98.501,45.532,-70.768,-0.6428,73.578,-6.3723,23.353,94.123,142.79,157.99,122.6
31.971,88.565,40.432,-63.19,-0.56767,66.219,-4.7021,20.113,87.101,131.8,145.22,111.47
26.666,77.962,35.621,-55.568,-0.76978,57.925,-3.158,17.113,79.415,119.87,131.2,99.12
21.571,66.418,30.917,-47.759,-1.2028,48.912,-1.7612,14.518,71.419,107.48,116.59,85.907
16.472,54.764,26.225,-39.965,-1.7733,40.319,-0.51,12.334,63.679,95.481,102.47,72.8
11.308,44.559,21.465,-32.699,-2.3616,33.273,0.61395,10.457,56.536,84.515,89.577,60.733
6.4537,36.582,16.64,-26.381,-2.8548,27.968,1.6358,8.7651,49.973,74.737,78.047,50.211
2.5251,30.417,12.109,-21.022,-3.1811,23.731,2.58,7.1709,43.811,65.971,67.644,41.282
-0.19564,25.156,8.4235,-16.294,-3.3332,19.54,3.4658,5.6297,37.874,57.911,58.027,33.654
-1.8519,20.039,5.7969,-11.786,-3.3661,14.785,4.3047,4.135,32.033,50.258,48.884,26.8
-2.7478,14.761,4.0706,-7.4876,-3.3634,10.147,5.1002,2.7116,26.222,42.818,40.048,20.142
-3.1888,9.8795,2.9677,-4.2473,-3.3875,6.6502,5.8509,1.4049,20.565,35.499,31.602,13.572
-3.4244,6.3595,2.2205,-2.477,-3.444,4.3309,6.5632,0.259,15.503,28.337,23.787,7.8697
-3.6237,4.1323,1.607,-1.5116,-3.4788,2.7484,7.2677,-0.70663,11.507,21.677,16.913,3.7015
-3.8681,2.5814,0.96391,-0.7745,-3.3979,1.542,8.0276,-1.4982,8.6288,16.13,11.459,0.80681
-4.1558,1.3273,0.18186,-0.057281,-3.0856,0.50736,8.9246,-2.1311,6.5912,11.965,7.5862,-1.3297
-4.4189,0.22212,-0.80944,0.67057,-2.4246,-0.45391,10.03,-2.6178,5.1001,8.9381,4.8982,-3.0211
-4.564,-0.7893,-2.0401,1.3817,-1.3431,-1.383,11.384,-2.9665,3.9525,6.6522,2.9236,-4.4309
-4.5313,-1.7405,-3.4702,2.0485,0.1181,-2.2898,12.982,-3.1816,3.0233,4.7895,1.3419,-5.6725
-4.3425,-2.6607,-4.9612,2.6702,1.7727,-3.1561,14.765,-3.2643,2.2413,3.15,-0.036792,-6.8332
-4.1168,-3.5688,-6.2853,3.2755,3.3066,-3.9366,16.623,-3.2222,1.5703,1.6355,-1.3086,-7.9623
-4.0508,-4.4671,-7.1758,3.9095,4.3309,-4.57,18.42,-3.0835,0.98817,0.22134,-2.5008,-9.0656
-4.3685,-5.3453,-7.4076,4.6159,4.4719,-5.0051,20.035,-2.9064,0.46633,-1.078,-3.5962,-10.119
-5.2373,-6.1911,-6.8808,5.4194,3.4973,-5.2293,21.373,-2.7703,-0.037897,-2.2437,-4.5617,-11.098
-6.6885,-7,-5.6706,6.3181,1.4333,-5.2824,22.366,-2.7541,-0.57279,-3.277,-5.379,-11.996
-8.5989,-7.7765,-4.0169,7.2879,-1.4014,-5.2461,22.963,-2.9061,-1.1722,-4.2012,-6.0649,-12.837
-10.739,-8.5245,-2.2639,8.292,-4.4795,-5.2143,23.143,-3.2219,-1.8375,-5.0529,-6.6666,-13.652
-12.835,-9.2362,-0.76848,9.2831,-7.234,-5.2614,22.925,-3.6465,-2.5338,-5.855,-7.2388,-14.457
-14.619,-9.887,0.19269,10.201,-9.215,-5.4253,22.358,-4.1037,-3.2077,-6.6037,-7.8212,-15.253
-15.876,-10.447,0.48177,10.983,-10.166,-5.708,21.506,-4.5375,-3.8146,-7.2755,-8.432,-16.03
-16.489,-10.896,0.10963,11.586,-10.042,-6.0844,20.435,-4.9386,-4.3432,-7.847,-9.075,-16.786
-16.485,-11.237,-0.78414,12.003,-9.0005,-6.5101,19.204,-5.3404,-4.8197,-8.3147,-9.7511,-17.528
-16.024,-11.49,-1.9699,12.267,-7.367,-6.9285,17.882,-5.7917,-5.2907,-8.7018,-10.465,-18.276
-15.335,-11.679,-3.1854,12.425,-5.5467,-7.2829,16.547,-6.3281,-5.7973,-9.0521,-11.228,-19.054
-14.619,-11.822,-4.2,12.513,-3.9179,-7.5343,15.272,-6.9603,-6.358,-9.4168,-12.058,-19.886
-13.977,-11.934,-4.8619,12.537,-2.738,-7.6732,14.102,-7.6786,-6.9676,-9.8412,-12.971,-20.793
-13.421,-12.02,-5.1181,12.483,-2.0945,-7.7169,13.055,-8.4595,-7.6036,-10.348,-13.97,-21.768
-12.936,-12.076,-5.0058,12.34,-1.9392,-7.6939,12.129,-9.2642,-8.2308,-10.921,-15.021,-22.761
-12.525,-12.079,-4.628,12.104,-2.1598,-7.6274,11.326,-10.036,-8.8059,-11.502,-16.05,-23.684
-12.2,-12.003,-4.1327,11.786,-2.6073,-7.5354,10.643,-10.711,-9.2857,-12.012,-16.964,-24.437
-11.947,-11.836,-3.6909,11.404,-3.1048,-7.4407,10.063,-11.234,-9.6411,-12.385,-17.693,-24.957
-11.724,-11.597,-3.4597,10.993,-3.4715,-7.3766,9.5538,-11.581,-9.8658,-12.598,-18.222,-25.244
-11.484,-11.327,-3.5372,10.591,-3.5646,-7.3743,9.0893,-11.761,-9.9725,-12.671,-18.588,-25.346
-11.196,-11.059,-3.9314,10.223,-3.3207,-7.4389,8.6565,-11.809,-9.9784,-12.64,-18.847,-25.324
-10.847,-10.798,-4.5545,9.8862,-2.7761,-7.5348,8.2496,-11.761,-9.8881,-12.526,-19.034,-25.203
-10.436,-10.517,-5.2474,9.5542,-2.0522,-7.5951,7.8559,-11.643,-9.6892,-12.314,-19.136,-24.954
-9.9745,-10.177,-5.8279,9.1863,-1.314,-7.5489,7.4463,-11.46,-9.3627,-11.958,-19.091,-24.507
-9.4887,-9.7568,-6.1429,8.7554,-0.72226,-7.3512,6.9789,-11.209,-8.9029,-11.414,-18.826,-23.788
-9.0232,-9.2664,-6.1058,8.2693,-0.39736,-6.9988,6.4151,-10.887,-8.3284,-10.667,-18.29,-22.765
-8.6307,-8.7489,-5.7124,7.7694,-0.39722,-6.5278,5.7398,-10.495,-7.6777,-9.7504,-17.482,-21.463
-8.3412,-8.2537,-5.0362,7.3013,-0.70525,-5.9973,4.9729,-10.046,-6.9943,-8.7324,-16.457,-19.965
-8.1295,-7.8073,-4.2066,6.8791,-1.2332,-5.47,4.1609,-9.5612,-6.3148,-7.6941,-15.303,-18.387
-7.914,-7.3993,-3.3754,6.4724,-1.8463,-4.9963,3.3553,-9.0648,-5.6618,-6.7017,-14.113,-16.847
-7.598,-6.9928,-2.6792,6.0264,-2.4069,-4.6064,2.5913,-8.5784,-5.0423,-5.7857,-12.95,-15.419
-7.1308,-6.5485,-2.2071,5.4999,-2.8177,-4.3093,1.8824,-8.1115,-4.4479,-4.9339,-11.835,-14.119
-6.5425,-6.0459,-1.9855,4.8951,-3.0389,-4.0964,1.2285,-7.6577,-3.859,-4.1001,-10.751,-12.906
-5.9251,-5.4929,-1.9858,4.2592,-3.0696,-3.9497,0.62777,-7.1993,-3.25,-3.2265,-9.6628,-11.716
-5.3706,-4.9182,-2.1579,3.6573,-2.9152,-3.8518,0.084598,-6.7144,-2.5964,-2.2709,-8.5453,-10.502
-4.9147,-4.3571,-2.4706,3.1378,-2.5645,-3.795,-0.39013,-6.1852,-1.8798,-1.2266,-7.4036,-9.2631
-4.5174,-3.8372,-2.9346,2.7103,-1.9801,-3.785,-0.78323,-5.6062,-1.0934,-0.1273,-6.2764,-8.0517
-4.0812,-3.3698,-3.5898,2.3448,-1.1029,-3.8295,-1.082,-4.9883,-0.24453,0.9655,-5.2187,-6.9409
-3.4911,-2.944,-4.4554,1.9844,0.11385,-3.9192,-1.2729,-4.3566,0.64755,1.9893,-4.2719,-5.9867
-2.6657,-2.5271,-5.4772,1.5657,1.6459,-4.0118,-1.3406,-3.7389,1.559,2.9082,-3.443,-5.197
-1.6048,-2.0756,-6.5095,1.0428,3.3529,-4.0354,-1.2663,-3.1527,2.47,3.7256,-2.6993,-4.5281
-0.40749,-1.5538,-7.3408,0.40882,4.9787,-3.9117,-1.0268,-2.6002,3.368,4.4732,-1.9877,-3.9069
0.74719,-0.94903,-7.7488,-0.29711,6.2023,-3.5824,-0.59772,-2.0723,4.2438,5.1819,-1.2616,-3.2652
1.6506,-0.27398,-7.5653,-1.0038,6.7247,-3.0269,0.032766,-1.5589,5.0869,5.8568,-0.50048,-2.5658
2.1309,0.44275,-6.7347,-1.6357,6.3656,-2.268,0.84783,-1.0577,5.8817,6.4685,0.28641,-1.8101
2.1136,1.1664,-5.3483,-2.1397,5.1358,-1.3702,1.796,-0.57839,6.609,6.9674,1.0686,-1.0305
1.6535,1.863,-3.6361,-2.5016,3.2601,-0.42859,2.7993,-0.1404,7.2483,7.3096,1.8093,-0.27422
0.92345,2.5038,-1.9098,-2.7458,1.1349,0.45113,3.7701,0.23272,7.781,7.4787,2.4798,0.41457
0.16238,3.0681,-0.47191,-2.9202,-0.7773,1.1796,4.6289,0.5187,8.1926,7.494,3.0665,1.0089
-0.40022,3.5419,0.46849,-3.0726,-2.0834,1.7054,5.3222,0.69976,8.4759,7.4012,3.5727,1.5074
-0.61202,3.9172,0.84212,-3.2322,-2.5672,2.0229,5.8359,0.76369,8.6357,7.2548,4.0158,1.9326
-0.43003,4.1907,0.71396,-3.407,-2.2334,2.1625,6.1913,0.70288,8.6917,7.1005,4.4213,2.3218
0.087822,4.361,0.23664,-3.5889,-1.2739,2.1702,6.4167,0.51164,8.6733,6.9624,4.8144,2.7075
0.82121,4.4244,-0.41375,-3.7603,0.026997,2.0871,6.5215,0.18482,8.6075,6.838,5.2098,3.1027
1.6359,4.375,-1.0929,-3.9002,1.4022,1.9375,6.492,-0.28112,8.5076,6.7039,5.6085,3.4977
2.4149,4.2109,-1.7153,-3.9895,2.6657,1.7295,6.2971,-0.88692,8.3684,6.5292,5.999,3.8718
3.0633,3.9404,-2.2517,-4.0125,3.706,1.461,5.8937,-1.6292,8.1714,6.2931,6.3651,4.2095
3.5038,3.5862,-2.7094,-3.9547,4.4497,1.1283,5.2465,-2.4968,7.8985,5.9976,6.6923,4.5091
3.6764,3.1834,-3.1089,-3.8042,4.8498,0.73446,4.3599,-3.4667,7.5451,5.6676,6.969,4.7808
3.5496,2.7716,-3.4697,-3.5572,4.9019,0.29341,3.3013,-4.5039,7.123,5.3358,7.1785,5.0337
3.1386,2.3874,-3.8097,-3.2265,4.658,-0.17337,2.1941,-5.5671,6.653,5.022,7.2914,5.2621
2.5168,2.0617,-4.148,-2.8489,4.2204,-0.64004,1.1827,-6.6165,6.1572,4.7228,7.2717,5.4433
1.8048,1.8214,-4.4946,-2.4829,3.7143,-1.0738,0.38695,-7.6191,5.6574,4.4185,7.0988,5.5514
1.1391,1.6887,-4.8332,-2.1951,3.2493,-1.4321,-0.13238,-8.5519,5.1748,4.0901,6.7868,5.5765
0.6344,1.6742,-5.1113,-2.0383,2.8875,-1.6664,-0.37853,-9.4018,4.7267,3.7322,6.3815,5.5342
0.35479,1.7698,-5.2442,-2.0323,2.6325,-1.7336,-0.39566,-10.161,4.3247,3.3567,5.9392,5.4596
0.3033,1.9508,-5.1338,-2.158,2.4412,-1.6024,-0.23714,-10.819,3.9753,2.9868,5.5047,5.3939
0.43145,2.1967,-4.696,-2.3737,2.2532,-1.2506,0.058342,-11.351,3.6885,2.6501,5.1043,5.3745
0.67086,2.514,-3.8989,-2.6421,2.0306,-0.66323,0.48326,-11.718,3.4853,2.3747,4.752,5.4299
0.97669,2.9262,-2.7998,-2.944,1.7942,0.15051,1.0643,-11.872,3.3983,2.1885,4.4617,5.5786
1.3524,3.4369,-1.5592,-3.2662,1.637,1.1315,1.8416,-11.786,3.4597,2.1156,4.2526,5.8258
1.8237,4.0046,-0.40781,-3.5825,1.685,2.1654,2.8296,-11.475,3.6789,2.1657,4.1428,6.1592
2.3835,4.5516,0.44542,-3.8479,2.0156,3.1115,3.981,-11.012,4.0234,2.3218,4.1352,6.5439
2.9592,4.9941,0.91453,-4.0085,2.6054,3.8524,5.1865,-10.508,4.4198,2.5386,4.2053,6.9229
3.4026,5.2747,1.0648,-4.0136,3.3078,4.3332,6.3198,-10.069,4.777,2.7554,4.3013,7.2289
3.501,5.3775,1.0812,-3.8225,3.8006,4.5744,7.2898,-9.7626,5.0245,2.9182,4.3613,7.4096
3.029,5.3214,1.2404,-3.4096,3.6285,4.6569,8.064,-9.5924,5.1417,2.9992,4.3432,7.4531
1.838,5.1404,1.8428,-2.7732,2.4145,4.688,8.6649,-9.5123,5.1581,3.0027,4.244,7.3884
-0.056268,4.8658,3.0734,-1.9464,0.062163,4.7593,9.1493,-9.4634,5.1265,2.9554,4.0954,7.2601
-2.4387,4.5215,4.885,-1.0026,-3.1751,4.9146,9.5757,-9.4135,5.0897,2.8896,3.9419,7.1022
-4.9345,4.1259,6.9935,-0.046147,-6.7493,5.1392,9.9695,-9.3775,5.0626,2.831,3.8186,6.9273
-7.1099,3.6949,8.9755,0.81264,-9.9627,5.3676,10.303,-9.4132,5.029,2.79,3.7393,6.7312
-8.5916,3.2415,10.404,1.4859,-12.166,5.5064,10.504,-9.5953,4.9526,2.7596,3.6921,6.4974
-9.1631,2.7768,10.979,1.9267,-12.954,5.4681,10.49,-9.9825,4.7934,2.718,3.6416,6.2024
-8.8237,2.3105,10.612,2.1345,-12.295,5.2011,10.219,-10.591,4.5282,2.6398,3.5392,5.8239
-7.7965,1.8518,9.45,2.1526,-10.533,4.7084,9.7147,-11.382,4.1629,2.5083,3.3416,5.3515
-6.4647,1.4094,7.8108,2.0583,-8.2603,4.0472,9.0656,-12.287,3.7316,2.3234,3.0298,4.7933
-5.2374,0.99111,6.075,1.9413,-6.1003,3.3085,8.3888,-13.231,3.2799,2.0986,2.6167,4.1745
-4.3952,0.59707,4.568,1.8754,-4.4942,2.5806,7.7779,-14.172,2.8446,1.8524,2.1371,3.5256
-4.0015,0.21438,3.4582,1.8945,-3.5878,1.9144,7.2679,-15.102,2.439,1.5962,1.6277,2.8679
-3.9217,-0.17589,2.6948,1.9775,-3.2417,1.3115,6.8333,-16.043,2.0534,1.3268,1.1095,2.2072
-3.9074,-0.58043,2.0483,2.0536,-3.1375,0.73654,6.4147,-16.999,1.6704,1.029,0.58379,1.5375
-3.6871,-0.98018,1.2806,2.0308,-2.8994,0.1474,5.9524,-17.94,1.2866,0.68739,0.041493,0.85192
-3.0673,-1.3345,0.29693,1.8401,-2.2257,-0.47312,5.4145,-18.797,0.92647,0.30139,-0.51942,0.15181
-2.0247,-1.6018,-0.87733,1.4721,-1.0217,-1.1066,4.8079,-19.477,0.63987,-0.10646,-1.0792,-0.54647
-0.72088,-1.7637,-2.1707,0.98931,0.60107,-1.7125,4.1751,-19.889,0.48314,-0.49489,-1.5923,-1.2079
0.56894,-1.8392,-3.4693,0.50682,2.3676,-2.2498,3.5802,-19.982,0.49317,-0.82083,-2.0004,-1.786
1.5659,-1.8761,-4.6303,0.1499,3.92,-2.6959,3.0871,-19.776,0.66689,-1.0604,-2.2566,-2.2429
2.0903,-1.9235,-5.5366,0.0039661,4.9722,-3.0478,2.7387,-19.35,0.95868,-1.2211,-2.3494,-2.5678
2.1214,-2.0027,-6.1336,0.077578,5.4214,-3.3096,2.543,-18.809,1.2973,-1.3383,-2.3093,-2.7823
1.7938,-2.0939,-6.4226,0.29713,5.3477,-3.4773,2.471,-18.244,1.6119,-1.4628,-2.2001,-2.931
1.3339,-2.1462,-6.4316,0.53702,4.9367,-3.5333,2.4664,-17.704,1.8545,-1.6435,-2.092,-3.0652
0.96338,-2.1008,-6.1869,0.67212,4.3804,-3.4517,2.4632,-17.188,2.0117,-1.9119,-2.0401,-3.2266
0.80782,-1.9208,-5.6976,0.62874,3.8022,-3.211,2.4041,-16.658,2.1002,-2.272,-2.0672,-3.4356
0.8572,-1.6105,-4.9605,0.40994,3.2277,-2.8075,2.2512,-16.073,2.1497,-2.7021,-2.1596,-3.6886
0.99692,-1.2137,-3.9863,0.084948,2.6094,-2.2667,1.9871,-15.42,2.1827,-3.1682,-2.2779,-3.9627
1.0808,-0.79458,-2.831,-0.24613,1.8881,-1.6447,1.609,-14.736,2.1959,-3.642,-2.3741,-4.2242
0.99764,-0.41266,-1.6073,-0.49218,1.0519,-1.0174,1.1208,-14.079,2.1651,-4.1118,-2.4191,-4.4381
0.71528,-0.10453,-0.46754,-0.60092,0.16686,-0.46104,0.52697,-13.51,2.0617,-4.5858,-2.4064,-4.5763
0.29256,0.12428,0.43117,-0.57375,-0.626,-0.032832,-0.16934,-13.065,1.8695,-5.075,-2.353,-4.6257
-0.13897,0.29561,0.96519,-0.46326,-1.1516,0.23907,-0.96863,-12.746,1.5904,-5.5867,-2.2899,-4.5939
-0.42334,0.44502,1.0788,-0.35056,-1.2683,0.35815,-1.8778,-12.534,1.2413,-6.1183,-2.2501,-4.5084
-0.44772,0.60238,0.80782,-0.30796,-0.93415,0.35719,-2.9076,-12.409,0.84462,-6.6569,-2.2553,-4.4048
-0.19905,0.781,0.28092,-0.36405,-0.23931,0.29102,-4.0602,-12.358,0.4156,-7.1844,-2.3133,-4.3103
0.22953,0.97122,-0.30891,-0.49619,0.61037,0.22261,-5.3147,-12.368,-0.030297,-7.687,-2.4172,-4.2294
0.6804,1.1474,-0.75947,-0.64497,1.3611,0.20595,-6.6209,-12.428,-0.49254,-8.1649,-2.5553,-4.1503
1.0019,1.2817,-0.92148,-0.74516,1.8037,0.27252,-7.9089,-12.532,-0.97882,-8.6379,-2.7243,-4.0605
1.1041,1.3551,-0.74188,-0.75388,1.8424,0.42571,-9.1114,-12.672,-1.498,-9.1393,-2.9353,-3.961
0.98214,1.3608,-0.2681,-0.66356,1.5102,0.6445,-10.187,-12.843,-2.0522,-9.7016,-3.2103,-3.8713
0.69825,1.3029,0.38461,-0.49676,0.93188,0.89007,-11.127,-13.032,-2.6314,-10.339,-3.5694,-3.821
0.34127,1.1889,1.0858,-0.28996,0.25388,1.1202,-11.949,-13.214,-3.2124,-11.032,-4.0158,-3.8344
-0.022311,1.0256,1.7403,-0.0706,-0.42287,1.3021,-12.674,-13.363,-3.7623,-11.731,-4.5256,-3.925
-0.37644,0.81284,2.3144,0.15378,-1.0734,1.419,-13.31,-13.447,-4.251,-12.366,-5.0533,-4.0839
-0.74849,0.54164,2.8222,0.39479,-1.7292,1.4657,-13.855,-13.446,-4.6517,-12.872,-5.5429,-4.2861
-1.1752,0.1999,3.2807,0.67129,-2.4292,1.4386,-14.305,-13.358,-4.955,-13.211,-5.9494,-4.4985
-1.6658,-0.21988,3.6711,0.99437,-3.1699,1.3271,-14.666,-13.2,-5.1718,-13.39,-6.256,-4.6955
-2.18,-0.71588,3.9268,1.3575,-3.8775,1.1119,-14.958,-13,-5.3315,-13.454,-6.4796,-4.8665
-2.6295,-1.2775,3.9468,1.7359,-4.4116,0.7676,-15.214,-12.787,-5.4674,-13.464,-6.6636,-5.0203
-2.9019,-1.8894,3.6252,2.0949,-4.6027,0.2692,-15.476,-12.588,-5.6087,-13.471,-6.8526,-5.18
-2.9043,-2.5358,2.8869,2.4038,-4.3078,-0.396,-15.781,-12.421,-5.7731,-13.5,-7.0778,-5.3693
-2.6001,-3.2038,1.7165,2.6476,-3.4589,-1.2206,-16.141,-12.29,-5.9646,-13.546,-7.3437,-5.5984
-2.0232,-3.8828,0.1737,2.8306,-2.0886,-2.1721,-16.536,-12.182,-6.1781,-13.59,-7.6313,-5.8578
-1.2636,-4.5624,-1.6111,2.9683,-0.32966,-3.1951,-16.918,-12.083,-6.4085,-13.62,-7.9116,-6.1258
-0.43637,-5.2295,-3.4597,3.0761,1.6076,-4.2232,-17.24,-11.976,-6.6593,-13.644,-8.1657,-6.3831
0.35273,-5.8708,-5.1846,3.1588,3.4769,-5.1965,-17.474,-11.854,-6.9418,-13.697,-8.3928,-6.6239
1.0283,-6.4725,-6.6273,3.212,5.0465,-6.0698,-17.623,-11.714,-7.2814,-13.821,-8.6118,-6.8607
1.554,-7.019,-7.6876,3.2266,6.1391,-6.8167,-17.7,-11.542,-7.6924,-14.046,-8.8476,-7.1098
1.9248,-7.4951,-8.3396,3.2,6.6656,-7.4256,-17.707,-11.3,-8.1669,-14.362,-9.1102,-7.3704
2.1554,-7.8853,-8.6288,3.1419,6.6612,-7.8928,-17.612,-10.925,-8.6674,-14.715,-9.3792,-7.6098
2.2644,-8.1756,-8.6503,3.073,6.2958,-8.2188,-17.356,-10.351,-9.1323,-15.022,-9.6052,-7.7639
2.2719,-8.3604,-8.5296,3.0183,5.8243,-8.4091,-16.879,-9.5311,-9.4973,-15.2,-9.7299,-7.7617
2.2221,-8.4488,-8.4081,2.9995,5.4987,-8.4846,-16.15,-8.4643,-9.7254,-15.208,-9.7191,-7.5683
2.2097,-8.47,-8.4313,3.0273,5.5148,-8.4924,-15.19,-7.1962,-9.8264,-15.07,-9.5872,-7.207
2.3436,-8.467,-8.7265,3.1017,6.0084,-8.4925,-14.052,-5.803,-9.8486,-14.866,-9.3979,-6.7591
2.6676,-8.4788,-9.3335,3.2168,6.9948,-8.5277,-12.799,-4.3653,-9.8661,-14.707,-9.2413,-6.3265
3.1157,-8.526,-10.13,3.3645,8.28,-8.5977,-11.482,-2.9465,-9.9472,-14.694,-9.2004,-5.9933
3.5206,-8.6041,-10.839,3.5403,9.4845,-8.6567,-10.137,-1.5826,-10.138,-14.884,-9.3257,-5.7974
3.6549,-8.6949,-11.113,3.7485,10.153,-8.6329,-8.7847,-0.28145,-10.453,-15.273,-9.6233,-5.7286
3.2932,-8.7819,-10.646,4.0087,9.8713,-8.4584,-7.4305,0.96868,-10.88,-15.808,-10.057,-5.7391
2.2892,-8.865,-9.2872,4.3529,8.3687,-8.0967,-6.0801,2.1845,-11.386,-16.41,-10.559,-5.7629
0.64005,-8.9608,-7.1198,4.8147,5.6179,-7.5654,-4.7498,3.3727,-11.923,-16.992,-11.052,-5.7403
-1.4853,-9.0922,-4.4901,5.4058,1.979,-6.9407,-3.4733,4.5226,-12.44,-17.493,-11.472,-5.6392
-3.7638,-9.2798,-1.9236,6.0974,-1.7982,-6.3435,-2.2979,5.6118,-12.897,-17.877,-11.789,-5.4677
-5.79,-9.534,0.036218,6.8201,-4.8496,-5.9064,-1.2721,6.6173,-13.264,-18.142,-12.008,-5.2649
-7.1982,-9.8502,0.9918,7.4884,-6.5171,-5.731,-0.42899,7.5255,-13.535,-18.307,-12.161,-5.0757
-7.7784,-10.21,0.79392,8.0371,-6.5171,-5.852,0.22907,8.3335,-13.724,-18.393,-12.279,-4.9263
-7.5353,-10.585,-0.43363,8.4455,-5.008,-6.2294,0.7366,9.0436,-13.85,-18.42,-12.386,-4.8139
-6.6795,-10.946,-2.335,8.7368,-2.5196,-6.7606,1.1573,9.6524,-13.943,-18.401,-12.483,-4.7164
-5.5683,-11.264,-4.4172,8.9569,0.24692,-7.3107,1.5652,10.146,-14.031,-18.353,-12.565,-4.6105
-4.606,-11.522,-6.1821,9.1535,2.6248,-7.753,2.0204,10.509,-14.147,-18.294,-12.625,-4.4859
-4.1139,-11.726,-7.2478,9.3647,4.1029,-8.0072,2.5478,10.729,-14.317,-18.245,-12.664,-4.354
-4.2363,-11.903,-7.4326,9.6152,4.3857,-8.0566,3.1319,10.816,-14.561,-18.231,-12.693,-4.241
-4.9332,-12.088,-6.7845,9.9158,3.4596,-7.9391,3.7301,10.802,-14.886,-18.269,-12.729,-4.1731
-6.0412,-12.302,-5.5269,10.26,1.6038,-7.7172,4.2944,10.735,-15.284,-18.35,-12.781,-4.1592
-7.3385,-12.534,-3.9761,10.623,-0.69212,-7.4538,4.7892,10.66,-15.731,-18.441,-12.837,-4.182
-8.5886,-12.748,-2.486,10.963,-2.8685,-7.1962,5.1964,10.607,-16.193,-18.487,-12.872,-4.2016
-9.5867,-12.9,-1.372,11.239,-4.4537,-6.9731,5.514,10.581,-16.637,-18.433,-12.853,-4.1713
-10.204,-12.963,-0.81727,11.427,-5.1783,-6.8015,5.7502,10.574,-17.038,-18.254,-12.754,-4.0563
-10.412,-12.939,-0.8341,11.529,-5.0234,-6.6921,5.9191,10.567,-17.379,-17.957,-12.569,-3.8443
-10.284,-12.847,-1.2941,11.564,-4.192,-6.6461,6.0372,10.552,-17.647,-17.571,-12.306,-3.5428
-9.9755,-12.71,-1.9769,11.551,-3.0358,-6.6466,6.1169,10.525,-17.825,-17.131,-11.976,-3.1697
-9.681,-12.539,-2.6293,11.502,-1.9738,-6.658,6.1576,10.492,-17.91,-16.661,-11.592,-2.7421
-9.5556,-12.336,-3.0341,11.411,-1.3852,-6.6381,6.1409,10.443,-17.914,-16.173,-11.159,-2.2714
-9.6564,-12.096,-3.0643,11.27,-1.4823,-6.5526,6.0372,10.343,-17.87,-15.685,-10.689,-1.7626
-9.9362,-11.812,-2.7111,11.068,-2.2332,-6.3862,5.8212,10.144,-17.836,-15.22,-10.203,-1.2201
-10.275,-11.479,-2.0811,10.796,-3.3971,-6.1477,5.4866,9.8055,-17.87,-14.811,-9.7341,-0.6531
-10.515,-11.098,-1.3663,10.436,-4.622,-5.8711,5.0504,9.3189,-18.019,-14.486,-9.3206,-0.076958
-10.495,-10.677,-0.78833,9.9646,-5.5498,-5.608,4.5436,8.7073,-18.31,-14.264,-8.99,0.4877
-10.103,-10.237,-0.53361,9.3718,-5.9117,-5.4114,4.0006,8.0153,-18.734,-14.136,-8.749,1.0205
-9.3248,-9.8103,-0.69443,8.6818,-5.59,-5.3143,3.4569,7.2945,-19.239,-14.067,-8.5804,1.509
-8.2523,-9.4237,-1.2401,7.9554,-4.629,-5.3096,2.9529,6.5964,-19.731,-13.996,-8.451,1.9553
-7.049,-9.0778,-2.0337,7.2664,-3.2047,-5.345,2.5313,5.9738,-20.086,-13.857,-8.3244,2.3768
-5.8887,-8.7288,-2.8943,6.6646,-1.567,-5.3384,2.2228,5.4851,-20.17,-13.589,-8.1712,2.8027
-4.893,-8.2891,-3.6796,6.1445,0.041639,-5.2096,2.0338,5.198,-19.847,-13.13,-7.9614,3.2737
-4.0924,-7.644,-4.3372,5.6379,1.4755,-4.9106,1.9511,5.1989,-18.956,-12.39,-7.6316,3.8566
-3.44,-6.6888,-4.8803,5.0386,2.6929,-4.4409,1.9593,5.6188,-17.302,-11.193,-7.0398,4.6745
-2.8774,-5.3901,-5.3017,4.2625,3.6741,-3.8644,2.0466,6.6404,-14.739,-9.2653,-5.9452,5.9624
-2.3992,-3.9108,-5.6385,3.3073,4.3897,-3.4818,2.1878,7.299,-11.765,-6.3631,-4.041,8.231
-2.0749,-3.4746,-6.4102,2.2497,4.7593,-4.6596,2.364,1.2347,-14.579,-4.7649,-1.187,12.805
-2.0146,-6.637,-7.8711,1.4691,4.5104,-7.5416,2.6934,-1.3074,-18.665,-11.964,-4.3561,19.234
-2.2426,-8.593,-8.5305,3.1462,3.1922,-8.8156,3.5627,-2.5708,-21.066,-13.713,-7.8108,16.798
-2.6321,-8.9725,-6.8383,5.2732,0.52543,-8.257,5.4264,-2.4649,-22.719,-16.188,-12.496,14.926
-6.0637,-7.8194,-1.671,6.2872,-3.1105,-5.4205,8.2942,1.2353,-20.759,-17.807,-17.421,13.276
-11.154,-4.4389,7.4084,6.0601,-9.1507,0.3711,11.375,9.9369,-13.21,-15.816,-19.467,13.398
-14.962,2.2317,19.842,3.6022,-21.164,9.3552,14.352,23.119,1.257,-6.8211,-14.759,17.101
-16.546,13.577,34.58,-2.4568,-31.725,22.043,24.32,40.664,25.402,12.716,0.26246,26.246
-14.143,31.563,49.285,-13.103,-39.116,39.626,39.293,65.899,60.68,45.935,27.835,43.365
-6.2498,56.321,61.353,-28.59,-42.676,61.406,49.419,99.712,107.65,95.324,69.384,71.803
7.6876,83.25,73.231,-48.017,-40.488,82.711,56.496,138.24,165.73,162.92,128.93,115.76
27.615,108.69,84.911,-69.8,-30.905,99.323,59.288,177.08,232.38,250.08,212.43,175.64
53.669,132.28,84.135,-93.577,-13.783,109.76,56.344,213.56,303.41,356.43,319.56,243.1
86.212,154.51,70.829,-120.36,10.453,114.94,46.458,244.17,374.57,481.91,450.21,319.41
124.94,176.6,51.114,-151.11,40.23,116.52,29.388,264.96,441.71,624.71,603.38,406.02
168.62,200.8,29.947,-186.22,72.897,117.15,4.3491,272.54,500.44,780.91,775.64,503.11
215.36,229.93,12.172,-225.8,104.75,121.24,-29.501,264.49,545.64,943.49,959.85,609.17
261.85,266.67,3.093,-268.99,131.48,133.63,-70.076,239.72,572.3,1101.1,1143.8,719.39
302.92,311.67,7.9113,-312.82,148.24,157.53,-114.28,198.46,576.2,1237.2,1309.4,824.79
331.64,362.07,29.074,-352.25,150.62,192.85,-158.13,141.98,553.19,1331.1,1433.7,912.4
341.43,411.21,65.334,-381.19,136.51,235.59,-197.56,72.099,499.61,1362.1,1492,967.34
329.24,449.76,111.78,-393.8,106.79,278.45,-229.62,-9.1462,413.72,1314.2,1463.9,976.16
295.96,468.25,159.63,-385.71,66.09,312.6,-253.13,-99.676,296.38,1181.2,1339.4,930.28
245.09,459.78,198.92,-355.32,21.194,329.67,-268.91,-197.72,150.64,967.92,1123.4,828.61
182.2,421.92,222.12,-304.29,-21.285,324,-279.99,-301.95,-18.561,690.33,836.44,678.48
114.45,357.1,225.87,-237.27,-56.147,294.39,-290.88,-411.14,-203.35,373.15,510.23,494.79
48.841,272.01,210.6,-161.03,-80.29,244.15,-305.1,-522.48,-391.73,47.243,182.46,297.69
-9.6534,176.57,179.43,-83.282,-93.171,180.23,-323.37,-629.64,-568.1,-254.06,-110.06,109.17
-58.36,82.119,138.11,-11.471,-96.882,111.83,-343.43,-722.09,-715.55,-500.51,-338.18,-51.038
-96.155,-1.0263,94.487,48.391,-95.191,48.176,-360.65,-787.35,-818.9,-670.93,-485.91,-169.59
-122.61,-65.874,55.26,92.557,-90.931,-3.9301,-369.66,-815.36,-868.8,-757.29,-552.7,-241.77
-137.43,-109.69,24.911,119.94,-84.47,-41.316,-366.75,-802.54,-864.49,-766.02,-551.47,-270.89
-140.6,-133.14,4.7564,131.57,-76.078,-63.983,-351.44,-753.35,-813.54,-715.75,-503.84,-265.94
-133.16,-138.95,-7.9976,129.83,-65.538,-74.286,-326.45,-678.16,-730.14,-630.56,-433.16,-238.92
-117.18,-131.18,-16.642,118.01,-52.495,-75.737,-296,-589.08,-630.48,-531.74,-357.66,-201.82
-95.619,-114.91,-22.967,99.827,-37.807,-71.454,-263.62,-496.19,-527.28,-433.64,-287.37,-163.33
-72.084,-95.02,-27.683,78.935,-24.25,-64.003,-230.45,-406.15,-428.19,-343.87,-225.73,-128.04
-49.99,-74.91,-30.793,58.504,-13.697,-55.474,-196.32,-322.9,-337.36,-265.56,-173.29,-97.873
-31.695,-57.221,-30.941,40.966,-6.354,-46.448,-161.27,-248.96,-257.75,-199.56,-130.18,-73.498
-18.697,-43.053,-18.903,27.579,-1.7758,-31.085,-126.37,-186.16,-191.66,-146.02,-95.838,-55.275
-11.249,-30.89,-13.716,18.85,0.33802,-22.899,-93.885,-135.33,-139.21,-104.9,-69.834,-43.605
-7.5333,-21.942,-12.219,12.536,0.56859,-18.858,-65.736,-95.991,-99.836,-74.373,-50.354,-33.761
-5.6167,-15.893,-10.749,8.2237,-0.56973,-15.312,-42.658,-67.356,-72.24,-53.727,-36.815,-25.903
-4.5145,-10.943,-9.2128,5.6524,-1.9006,-12.303,-24.251,-48.088,-53.696,-40.837,-28.005,-19.778
-4.5341,-7.4022,-7.8234,4.3955,-2.1647,-9.7837,-9.9188,-35.175,-40.963,-32.657,-22.434,-15.482
-7.8978,-6.1209,-6.7212,4.5645,-2.0645,-7.9465,-0.67797,-26.124,-31.792,-27.036,-18.55,-13.928
-9.3323,-7.5201,-5.9006,6.4505,-1.9852,-6.685,4.2674,-19.715,-25.226,-22.983,-14.986,-14.811
-8.0851,-7.9176,-5.2502,6.1648,-1.9835,-5.6642,6.7419,-15.508,-20.552,-19.653,-12.423,-13.12
-7.0123,-6.6537,-4.6396,4.7548,-2.1413,-4.6941,7.8968,-13.374,-17.358,-17.354,-12.22,-10.172
-6.551,-5.2021,-4.0011,3.6615,-2.5155,-3.7618,8.3131,-12.661,-15.987,-17.257,-9.777,-7.7279
-6.5405,-4.0104,-3.3666,2.9607,-3.0426,-2.9201,7.0966,-13.079,-17.295,-14.162,-6.8178,-5.9605
-6.6944,-3.0914,-2.8461,2.4936,-3.528,-2.2214,6.4681,-10.957,-15.025,-10.864,-4.6662,-4.7031
-6.7196,-2.3609,-2.5631,2.0823,-3.7369,-1.6967,8.2608,-7.5964,-11.821,-8.4075,-3.1889,-3.7766
-6.4195,-1.7334,-2.586,1.5957,-3.524,-1.349,9.8396,-5,-9.3721,-6.5687,-2.1265,-3.0392
-5.7754,-1.1495,-2.8883,0.98378,-2.9186,-1.1519,10.954,-3.0702,-7.5857,-5.1047,-1.3,-2.3967
-4.9439,-0.57972,-3.348,0.27737,-2.1163,-1.0521,11.679,-1.6573,-6.2871,-3.8734,-0.61278,-1.7944
-4.1706,-0.019276,-3.79,-0.43534,-1.3896,-0.98327,12.138,-0.62081,-5.3529,-2.8074,-0.021624,-1.2132
-3.6662,0.52195,-4.0592,-1.0517,-0.96695,-0.88817,12.473,0.18073,-4.6758,-1.8684,0.49377,-0.65615
-3.5085,1.0317,-4.0979,-1.5016,-0.92994,-0.73918,12.807,0.88403,-4.145,-1.0182,0.95304,-0.13125
-3.6064,1.5057,-3.9795,-1.7863,-1.1646,-0.54469,13.21,1.596,-3.658,-0.21023,1.3838,0.36034
-3.7357,1.9525,-3.8705,-1.9875,-1.394,-0.33553,13.685,2.3671,-3.1486,0.60029,1.8183,0.82712
-3.632,2.3951,-3.9381,-2.2328,-1.3076,-0.14066,14.171,3.1836,-2.6066,1.4404,2.2836,1.2816
-3.1119,2.8636,-4.26,-2.6365,-0.72363,0.032716,14.576,3.9839,-2.0743,2.3072,2.7925,1.7315
-2.1628,3.3877,-4.7817,-3.2479,0.31783,0.20681,14.822,4.6912,-1.6204,3.1742,3.3371,2.1738
-0.95579,3.9842,-5.3285,-4.0365,1.5548,0.42658,14.877,5.2536,-1.2992,4.0035,3.8961,2.5961
0.21665,4.6483,-5.6661,-4.9094,2.5856,0.73798,14.763,5.6766,-1.1155,4.7658,4.4494,2.9851
1.0486,5.3497,-5.597,-5.7442,3.0219,1.1608,14.537,6.0218,-1.0121,5.4598,4.9935,3.3367
1.3332,6.039,-5.0552,-6.4233,2.6551,1.6699,14.253,6.3706,-0.89051,6.1222,5.5501,3.6609
1.0416,6.6644,-4.1504,-6.8679,1.5551,2.2011,13.932,6.7765,-0.65384,6.8204,6.1638,3.9789
0.3391,7.1892,-3.1341,-7.07,0.062539,2.6749,13.545,7.2342,-0.25263,7.6265,6.8896,4.3109
-0.46676,7.6013,-2.3078,-7.0991,-1.3242,3.0241,13.026,7.6791,0.29101,8.5822,7.7717,4.668
-1.0308,7.9083,-1.9173,-7.0778,-2.1244,3.2131,12.303,8.0158,0.89408,9.676,8.8216,5.0432
-1.0946,8.1258,-2.0736,-7.1303,-2.0448,3.2423,11.335,8.1593,1.4538,10.84,10.004,5.4129
-0.5818,8.2687,-2.721,-7.3286,-1.0772,3.1439,10.136,8.0711,1.8957,11.978,11.244,5.747
0.38173,8.3477,-3.657,-7.669,0.49901,2.9707,8.7699,7.7763,2.2078,13.014,12.453,6.024
1.5296,8.3696,-4.6,-8.0871,2.212,2.7802,7.3222,7.3491,2.4361,13.92,13.577,6.2452
2.5569,8.3388,-5.284,-8.4929,3.5699,2.6175,5.8652,6.8737,2.6516,14.727,14.628,6.4356
3.2214,8.257,-5.5533,-8.8119,4.229,2.4996,4.4316,6.4041,2.9078,15.498,15.686,6.6377
3.408,8.1258,-5.4202,-9.0102,4.0771,2.4088,3.0114,5.9436,3.2131,16.299,16.863,6.8978
3.1546,7.9488,-5.0553,-9.0991,3.2435,2.2985,1.5677,5.4524,3.5293,17.165,18.256,7.2486
2.6344,7.7327,-4.7167,-9.1213,2.0627,2.1101,0.065379,4.8764,3.7962,18.09,19.906,7.695
2.0968,7.4869,-4.657,-9.1285,0.98468,1.7957,-1.5027,4.1818,3.9667,19.036,21.763,8.208
1.7842,7.2248,-5.0482,-9.1597,0.44235,1.3358,-3.1016,3.3774,4.037,19.951,23.689,8.7323
1.8566,6.9699,-5.9399,-9.2344,0.71697,0.75114,-4.6577,2.517,4.0552,20.81,25.513,9.2116
2.3617,6.7587,-7.2551,-9.3667,1.8564,0.10294,-6.0764,1.6828,4.1035,21.627,27.123,9.6229
3.2498,6.6387,-8.8213,-9.5828,3.6835,-0.52125,-7.2687,0.95389,4.261,22.46,28.523,9.997
4.4105,6.6622,-10.419,-9.9287,5.8752,-1.0302,-8.1835,0.3709,4.5647,23.378,29.819,10.405
5.7035,6.8818,-11.826,-10.466,8.0605,-1.35,-8.8289,-0.083181,4.9883,24.416,31.155,10.919
6.9781,7.3426,-12.847,-11.26,9.8868,-1.4342,-9.2627,-0.46912,5.4525,25.558,32.637,11.58
8.0871,8.0775,-13.339,-12.365,11.048,-1.2646,-9.5562,-0.85225,5.8627,26.735,34.295,12.378
8.9118,9.1007,-13.231,-13.789,11.319,-0.84731,-9.7541,-1.262,6.1592,27.891,36.083,13.275
9.3946,10.401,-12.539,-15.446,10.634,-0.2074,-9.8542,-1.6732,6.3486,29.006,37.928,14.219
9.5545,11.935,-11.373,-17.162,9.1441,0.61922,-9.8165,-2.0183,6.4996,30.143,39.787,15.186
9.4826,13.644,-9.9158,-18.77,7.1994,1.596,-9.5955,-2.2234,6.7053,31.429,41.683,16.195
9.3438,15.48,-8.3817,-20.223,5.2548,2.6937,-9.1768,-2.2475,7.0388,32.996,43.691,17.32
9.3494,17.433,-6.9671,-21.602,3.7388,3.8902,-8.5962,-2.1048,7.5231,34.908,45.88,18.645
9.7004,19.513,-5.816,-23.038,2.9383,5.1597,-7.931,-1.8583,8.1261,37.108,48.262,20.232
10.487,21.702,-4.9991,-24.612,2.9275,6.4623,-7.2719,-1.5891,8.7797,39.431,50.765,22.075
11.646,23.935,-4.497,-26.309,3.5529,7.7439,-6.6941,-1.3578,9.4171,41.684,53.279,24.097
12.975,26.121,-4.2061,-28.029,4.4891,8.9532,-6.237,-1.1758,10.013,43.751,55.706,26.202
14.218,28.191,-3.9807,-29.648,5.3469,10.064,-5.9001,-0.99963,10.605,45.654,58.016,28.341
15.145,30.139,-3.6925,-31.078,5.7989,11.089,-5.6552,-0.75302,11.278,47.531,60.262,30.552
15.636,32.015,-3.2747,-32.299,5.6835,12.074,-5.4692,-0.36792,12.13,49.561,62.563,32.935
15.727,33.897,-2.7403,-33.357,5.0517,13.089,-5.3245,0.17556,13.22,51.868,65.051,35.58
15.595,35.836,-2.1731,-34.336,4.14,14.206,-5.2273,0.83393,14.548,54.459,67.81,38.506
15.503,37.831,-1.6932,-35.322,3.2779,15.484,-5.1984,1.5208,16.05,57.243,70.849,41.641
15.689,39.829,-1.4047,-36.366,2.7647,16.945,-5.2539,2.1515,17.639,60.102,74.116,44.854
16.26,41.758,-1.3453,-37.466,2.7616,18.576,-5.3845,2.6847,19.263,62.95,77.519,48.014
17.128,43.563,-1.4583,-38.571,3.2373,20.354,-5.5475,3.1397,20.959,65.772,80.969,51.045
18.067,45.234,-1.5992,-39.621,3.9846,22.284,-5.6768,3.5819,22.852,68.626,84.424,53.947
18.837,46.82,-1.574,-40.591,4.7062,24.409,-5.7085,4.0863,25.106,71.627,87.918,56.788
19.331,48.427,-1.1962,-41.522,5.1287,26.771,-5.6084,4.6972,27.823,74.889,91.555,59.678
19.615,50.185,-0.34085,-42.501,5.0908,29.356,-5.3871,5.4058,30.961,78.466,95.448,62.71
19.883,52.208,1.0247,-43.627,4.5786,32.087,-5.0907,6.1546,34.306,82.296,99.634,65.928
20.351,54.56,2.8469,-44.961,3.7019,34.898,-4.7731,6.8667,37.575,86.213,104.02,69.317
21.155,57.242,5.0247,-46.515,2.6328,37.77,-4.4662,7.4852,40.571,90.041,108.43,72.817
22.318,60.213,7.4588,-48.259,1.5404,40.697,-4.1696,8.0037,43.271,93.688,112.73,76.371
23.756,63.415,10.086,-50.17,0.54581,43.655,-3.8665,8.468,45.795,97.187,116.9,79.955
25.347,66.809,12.885,-52.254,-0.29781,46.634,-3.5502,8.9464,48.314,100.67,121.02,83.611
26.981,70.397,15.883,-54.536,-0.99475,49.669,-3.2423,9.4937,50.939,104.28,125.23,87.427
28.588,74.219,19.158,-57.025,-1.5773,52.854,-2.9888,10.131,53.673,108.11,129.62,91.501
30.128,78.324,22.814,-59.705,-2.0715,56.299,-2.8384,10.847,56.432,112.17,134.26,95.887
31.567,82.72,26.895,-62.53,-2.4706,60.071,-2.8179,11.621,59.123,116.37,139.06,100.58
32.877,87.332,31.24,-65.446,-2.7308,64.122,-2.9198,12.439,61.702,120.56,143.92,105.51
34.07,92.043,35.455,-68.41,-2.7884,68.273,-3.1082,13.317,64.187,124.62,148.7,110.57
35.214,96.761,39.121,-71.413,-2.5919,72.328,-3.3381,14.29,66.634,128.47,153.35,115.61
36.42,101.46,42.033,-74.465,-2.1423,76.226,-3.5788,15.374,69.099,132.14,157.92,120.56
37.79,106.12,44.275,-77.583,-1.5352,80.028,-3.83,16.521,71.595,135.71,162.5,125.4
39.406,110.75,46.111,-80.754,-0.98764,83.785,-4.1248,17.603,74.069,139.27,167.18,130.2
41.347,115.33,47.857,-83.935,-0.80226,87.473,-4.5177,18.457,76.412,142.84,172.01,135.06
43.679,119.82,49.845,-87.059,-1.2438,91.062,-5.0633,18.962,78.507,146.39,176.92,139.98
46.334,124.21,52.382,-90.089,-2.3949,94.6,-5.794,19.104,80.293,149.83,181.78,144.88
49.032,128.46,55.596,-93.035,-4.1051,98.185,-6.7095,18.983,81.818,153.09,186.4,149.62
51.459,132.53,59.259,-95.937,-6.0212,101.83,-7.7843,18.757,83.234,156.16,190.66,154.1
53.545,136.36,62.832,-98.83,-7.6625,105.36,-8.9872,18.567,84.745,159.11,194.56,158.31
55.513,139.9,65.651,-101.75,-8.5512,108.41,-10.306,18.489,86.514,162.06,198.19,162.3
57.697,143.12,67.095,-104.74,-8.335,110.69,-11.768,18.518,88.575,165.11,201.65,166.16
60.359,146.04,66.8,-107.79,-6.8663,112.09,-13.444,18.576,90.796,168.23,205,169.99
63.574,148.72,64.832,-110.86,-4.2551,112.75,-15.426,18.544,92.956,171.3,208.21,173.84
67.202,151.21,61.694,-113.87,-0.86826,112.92,-17.794,18.314,94.852,174.14,211.22,177.65
70.948,153.5,58.151,-116.73,2.7466,112.92,-20.58,17.838,96.378,176.59,213.95,181.32
74.475,155.6,55.005,-119.38,5.976,113.01,-23.736,17.147,97.53,178.61,216.4,184.73
77.52,157.52,52.928,-121.8,8.2488,113.39,-27.102,16.322,98.371,180.24,218.59,187.82
79.964,159.29,52.29,-123.98,9.1487,114.18,-30.414,15.443,98.987,181.55,220.63,190.62
81.846,160.92,53.025,-125.94,8.5667,115.39,-33.385,14.548,99.45,182.66,222.58,193.21
83.305,162.41,54.725,-127.72,6.8011,116.89,-35.859,13.642,99.792,183.65,224.53,195.66
84.503,163.7,56.836,-129.33,4.4928,118.32,-37.913,12.73,100.01,184.54,226.48,197.98
85.605,164.76,58.753,-130.8,2.4718,119.29,-39.789,11.841,100.1,185.33,228.37,200.17
86.814,165.62,59.725,-132.12,1.4967,119.49,-41.699,11.016,100.09,185.98,230.12,202.17
88.265,166.38,59.133,-133.3,1.9397,118.91,-43.666,10.297,100.02,186.48,231.64,203.96
89.885,167.06,57.1,-134.3,3.698,117.88,-45.562,9.7114,99.988,186.79,232.9,205.51
91.477,167.67,54.26,-135.09,6.3168,116.76,-47.256,9.2779,100.07,186.96,233.92,206.85
92.91,168.18,51.25,-135.66,9.1611,115.82,-48.674,8.9945,100.28,187.01,234.78,208.02
94.173,168.57,48.706,-136,11.604,115.21,-49.787,8.8357,100.55,187.01,235.53,209.07
95.343,168.87,47.234,-136.19,13.199,115.04,-50.593,8.753,100.74,186.99,236.14,210.03
96.584,169.15,47.071,-136.35,13.805,115.41,-51.111,8.6868,100.69,186.93,236.43,210.8
98.022,169.47,47.998,-136.7,13.598,116.26,-51.373,8.589,100.3,186.77,236.17,211.22
99.493,169.76,49.535,-137.36,12.976,117.34,-51.394,8.4456,99.529,186.41,235.21,211.12
100.49,169.78,50.981,-138.08,12.38,118.24,-51.136,8.2817,98.414,185.77,233.57,210.4
100.49,169.19,51.519,-138.36,12.142,118.55,-50.516,8.147,97.058,184.8,231.33,208.98
99.294,167.75,50.742,-137.66,12.345,117.94,-49.453,8.0923,95.597,183.49,228.65,206.81
96.991,165.27,48.96,-135.61,12.704,116.32,-47.931,8.1469,94.133,181.81,225.61,203.79
93.745,161.57,46.787,-132.16,12.696,113.8,-46.011,8.3046,92.653,179.71,222.08,199.78
89.602,156.49,44.732,-127.41,11.883,110.43,-43.796,8.5233,91.001,177.06,217.77,194.55
84.533,150.12,43.133,-121.6,10.031,106.13,-41.385,8.7428,88.935,173.77,212.44,188.03
78.652,142.9,42.156,-115.18,7.1208,101.08,-38.842,8.9119,86.268,169.86,206.15,180.47
72.422,135.48,41.677,-108.76,3.5182,95.851,-36.2,9.0078,83.03,165.38,199.28,172.41
66.565,128.41,41.213,-102.74,-0.053821,91.05,-33.475,9.0331,79.473,160.21,192.11,164.21
61.63,121.81,40.16,-97.065,-2.8169,86.794,-30.697,8.9975,75.865,154.12,184.55,155.94
57.654,115.54,38.062,-91.503,-4.216,82.752,-27.911,8.9,72.315,147.03,176.39,147.45
54.241,109.22,34.644,-85.885,-4.0532,78.418,-25.172,8.723,68.783,139,167.39,138.61
50.794,102.31,29.965,-79.997,-2.5279,73.285,-22.525,8.4372,65.131,130.2,157.51,129.38
46.691,94.312,24.613,-73.6,-0.1711,67.055,-19.992,8.0145,61.176,120.82,146.81,119.77
41.665,85.184,19.382,-66.701,2.3427,59.885,-17.598,7.4424,56.772,111.11,135.45,109.84
36.092,75.467,14.763,-59.587,4.4125,52.363,-15.377,6.7323,51.905,101.31,123.64,99.648
30.329,65.883,10.896,-52.57,5.6429,45.161,-13.353,5.9173,46.729,91.646,111.67,89.193
24.241,56.861,7.7226,-45.816,5.8717,38.721,-11.52,5.0391,41.467,82.329,99.845,78.51
18.33,48.6,5.0756,-39.415,5.1711,33.21,-9.8417,4.1307,36.271,73.506,88.427,67.827
13.452,41.251,2.7907,-33.533,3.8211,28.586,-8.2755,3.2047,31.181,65.217,77.602,57.59
9.7004,34.849,0.90524,-28.298,2.2071,24.654,-6.7893,2.2517,26.196,57.352,67.416,48.245
6.7372,29.264,-0.39161,-23.617,0.66981,20.99,-5.3658,1.2509,21.353,49.711,57.743,39.968
4.203,24.214,-1.0991,-19.294,-0.60731,16.926,-4.0006,0.18532,16.777,42.118,48.353,32.573
1.8708,19.248,-1.4605,-15.14,-1.6093,12.225,-2.6958,-0.94147,12.646,34.487,39.092,25.595
-0.26571,13.926,-1.717,-10.93,-2.4252,8.0652,-1.45,-2.0931,9.0914,26.866,30.077,18.577
-2.0984,8.6551,-1.973,-6.6207,-3.1769,5.3001,-0.25203,-3.2012,6.1306,19.691,21.646,12.012
-3.6641,4.6455,-2.2322,-3.0248,-3.9503,3.4639,0.91868,-4.1854,3.6887,13.687,14.164,6.9534
-5.1028,1.8519,-2.4912,-0.65009,-4.7181,2.03,2.0839,-4.987,1.6577,9.097,8.022,3.3054
-6.4172,-0.35507,-2.8068,1.0303,-5.3132,0.76477,3.2587,-5.5974,-0.077541,5.5965,3.3519,0.45668
-7.4529,-2.2722,-3.295,2.3747,-5.499,-0.42875,4.4471,-6.0575,-1.6326,2.7699,-0.20975,-1.9977
-8.0473,-3.9931,-4.0748,3.4737,-5.0923,-1.6099,5.6433,-6.4313,-3.1097,0.3155,-3.1418,-4.2731
-8.1664,-5.5697,-5.2035,4.3816,-4.0659,-2.8219,6.8333,-6.7692,-4.576,-1.9546,-5.7855,-6.4907
-7.9539,-7.0642,-6.6382,5.1921,-2.5819,-4.0858,7.9969,-7.0856,-6.0494,-4.1401,-8.3408,-8.7147
-7.6868,-8.5433,-8.2405,6.0263,-0.95396,-5.3972,9.1078,-7.3613,-7.5007,-6.2695,-10.897,-10.96
-7.666,-10.053,-9.815,6.987,0.44012,-6.7299,10.137,-7.5688,-8.8753,-8.3176,-13.451,-13.197
-8.0948,-11.597,-11.168,8.1124,1.2735,-8.0427,11.057,-7.7026,-10.126,-10.234,-15.935,-15.369
-9.0032,-13.139,-12.16,9.3609,1.3694,-9.286,11.851,-7.7957,-11.242,-11.981,-18.271,-17.426
-10.258,-14.621,-12.737,10.638,0.74923,-10.411,12.513,-7.9112,-12.263,-13.555,-20.413,-19.349
-11.646,-15.995,-12.938,11.849,-0.38142,-11.38,13.05,-8.1131,-13.254,-14.999,-22.378,-21.159
-12.959,-17.24,-12.875,12.941,-1.6956,-12.18,13.474,-8.4378,-14.271,-16.375,-24.228,-22.91
-14.041,-18.364,-12.707,13.911,-2.8392,-12.826,13.783,-8.8827,-15.335,-17.738,-26.039,-24.663
-14.797,-19.4,-12.593,14.785,-3.5316,-13.36,13.959,-9.4172,-16.415,-19.108,-27.873,-26.469
-15.19,-20.383,-12.652,15.596,-3.6404,-13.844,13.962,-10.003,-17.454,-20.468,-29.758,-28.346
-15.263,-21.332,-12.925,16.364,-3.208,-14.328,13.756,-10.609,-18.396,-21.767,-31.681,-30.271
-15.14,-22.237,-13.366,17.081,-2.4347,-14.832,13.328,-11.22,-19.219,-22.953,-33.599,-32.195
-14.998,-23.058,-13.864,17.719,-1.6185,-15.339,12.712,-11.837,-19.948,-23.999,-35.461,-34.053
-14.993,-23.751,-14.288,18.25,-1.0572,-15.815,11.975,-12.473,-20.641,-24.925,-37.233,-35.793
-15.195,-24.285,-14.547,18.657,-0.94786,-16.229,11.195,-13.146,-21.365,-25.788,-38.911,-37.39
-15.584,-24.665,-14.614,18.944,-1.3291,-16.564,10.442,-13.86,-22.147,-26.652,-40.518,-38.856
-16.098,-24.92,-14.524,19.14,-2.0851,-16.822,9.7577,-14.597,-22.961,-27.547,-42.092,-40.225
-16.658,-25.086,-14.358,19.288,-2.9916,-17.014,9.1546,-15.315,-23.726,-28.455,-43.655,-41.531
-17.168,-25.19,-14.205,19.417,-3.7796,-17.15,8.6227,-15.96,-24.344,-29.311,-45.194,-42.783
-17.532,-25.245,-14.139,19.535,-4.2041,-17.232,8.1456,-16.483,-24.744,-30.044,-46.663,-43.959
-17.685,-25.248,-14.208,19.641,-4.1115,-17.262,7.7148,-16.862,-24.917,-30.611,-48.001,-45.032
-17.611,-25.202,-14.422,19.733,-3.486,-17.241,7.3394,-17.107,-24.923,-31.021,-49.173,-45.993
-17.353,-25.118,-14.751,19.823,-2.4508,-17.176,7.0462,-17.247,-24.863,-31.332,-50.182,-46.872
-16.993,-25.014,-15.104,19.923,-1.2316,-17.078,6.8686,-17.321,-24.84,-31.621,-51.069,-47.723
-16.641,-24.902,-15.327,20.024,-0.1252,-16.944,6.8281,-17.358,-24.914,-31.95,-51.879,-48.6
-16.413,-24.778,-15.239,20.088,0.51877,-16.762,6.9164,-17.373,-25.091,-32.337,-52.631,-49.523
-16.392,-24.623,-14.69,20.067,0.37602,-16.517,7.0893,-17.376,-25.331,-32.757,-53.304,-50.462
-16.606,-24.419,-13.64,19.936,-0.7031,-16.196,7.2774,-17.377,-25.582,-33.15,-53.842,-51.334
-17.035,-24.152,-12.178,19.711,-2.5982,-15.798,7.4148,-17.387,-25.803,-33.453,-54.174,-52.018
-17.656,-23.818,-10.491,19.435,-4.9675,-15.328,7.4729,-17.403,-25.97,-33.624,-54.234,-52.381
-18.428,-23.416,-8.8168,19.166,-7.361,-14.797,7.4749,-17.398,-26.069,-33.65,-53.976,-52.32
-19.252,-22.953,-7.3952,18.943,-9.324,-14.237,7.4758,-17.329,-26.085,-33.555,-53.394,-51.805
-19.953,-22.446,-6.453,18.777,-10.474,-13.711,7.5184,-17.159,-26.003,-33.386,-52.529,-50.906
-20.315,-21.924,-6.2002,18.636,-10.54,-13.307,7.5992,-16.879,-25.813,-33.199,-51.47,-49.769
-20.162,-21.409,-6.7644,18.461,-9.4263,-13.092,7.6685,-16.514,-25.519,-33.031,-50.327,-48.562
-19.451,-20.901,-8.0443,18.186,-7.3038,-13.06,7.6668,-16.108,-25.144,-32.892,-49.182,-47.392
-18.337,-20.374,-9.6612,17.78,-4.6643,-13.11,7.5853,-15.697,-24.724,-32.753,-48.047,-46.266
-17.154,-19.796,-11.073,17.266,-2.2371,-13.083,7.5046,-15.3,-24.3,-32.567,-46.868,-45.108
-16.31,-19.145,-11.747,16.724,-0.77229,-12.819,7.5653,-14.916,-23.907,-32.293,-45.563,-43.822
-16.13,-18.432,-11.338,16.252,-0.78259,-12.226,7.8904,-14.527,-23.562,-31.905,-44.067,-42.363
-16.708,-17.687,-9.8203,15.906,-2.4027,-11.32,8.5314,-14.114,-23.255,-31.404,-42.37,-40.764
-17.851,-16.943,-7.5068,15.666,-5.3513,-10.22,9.4533,-13.663,-22.956,-30.797,-40.511,-39.111
-19.144,-16.223,-4.912,15.436,-8.9151,-9.0956,10.549,-13.177,-22.628,-30.093,-38.555,-37.497
-20.116,-15.542,-2.5632,15.119,-12.127,-8.11,11.669,-12.673,-22.246,-29.299,-36.571,-35.98
-20.46,-14.916,-0.83681,14.67,-14.261,-7.3669,12.668,-12.176,-21.811,-28.436,-34.633,-34.586
-20.177,-14.377,0.12914,14.136,-15.181,-6.8955,13.453,-11.703,-21.361,-27.57,-32.842,-33.336
-19.541,-13.957,0.4331,13.632,-15.165,-6.6592,14.011,-11.25,-20.955,-26.829,-31.348,-32.272
-18.921,-13.667,0.33578,13.289,-14.608,-6.5746,14.4,-10.781,-20.647,-26.378,-30.325,-31.453
-18.625,-13.474,0.12308,13.183,-13.917,-6.5326,14.707,-10.211,-20.429,-26.359,-29.909,-30.913
-18.787,-13.295,-0.038608,13.289,-13.437,-6.4337,15.013,-9.4176,-20.19,-26.786,-30.103,-30.603
-19.309,-13.023,-0.17571,13.474,-13.355,-6.2347,15.356,-8.2721,-19.701,-27.47,-30.69,-30.356
-19.869,-12.56,-0.47133,13.537,-13.663,-5.9739,15.725,-6.6975,-18.656,-27.994,-31.178,-29.873
-20.032,-11.839,-1.0926,13.249,-13.995,-5.7443,16.085,-4.7268,-16.76,-27.774,-30.825,-28.725
-19.436,-10.833,-2.0229,12.413,-13.413,-5.6251,16.465,-2.5652,-13.898,-26.033,-28.679,-26.414
-17.927,-9.5641,-3.1012,10.928,-11.335,-5.6108,16.951,-0.78624,-10.845,-21.634,-23.311,-22.577
-15.504,-8.3424,-4.0559,8.9019,-8.5504,-5.6053,17.495,-0.7049,-14.614,-18.464,-17.339,-22.288
-12.373,-9.5881,-4.4902,7.7573,-6.5914,-5.5589,17.797,-2.1834,-18.176,-24.823,-27.146,-31.158
-13.93,-12.016,-3.8673,10.313,-6.3998,-6.0718,17.544,-2.8785,-20.471,-38.352,-42.422,-40.159
-20.301,-12.263,-1.6085,13.27,-11.658,-8.598,18.313,-1.6867,-21.815,-55.995,-60.775,-49.941
-28.263,-10.213,2.5731,16.667,-21.617,-8.798,31.986,4.1857,-20.629,-72.136,-77.994,-57.139
-35.333,-7.7975,9.1003,18.642,-33.838,-3.6815,42.17,13.156,-18.478,-80.147,-87.587,-57.736
-39.085,-3.8028,22.019,16.696,-45.198,2.9568,48.719,24.94,-10.362,-72.623,-81.723,-47.043
-38.953,3.6826,38.036,9.0742,-50.371,11.055,51.331,43.382,17.897,-42.332,-52.911,-22.278
-29.388,17.128,48.27,-5.5936,-46.716,22.748,48.799,61.193,57.808,16.439,5.1772,18.337
-4.6811,40.675,47.374,-28.067,-32.868,37.751,40.082,78.037,106.97,107.45,96.976,75.873
32.186,74.362,36.912,-59.388,-9.216,51.175,24.067,92.169,164.41,231.91,224.6,152.21
79.225,110.89,22.045,-99.649,21.528,62.362,0.36347,100.17,226.11,387.27,387,248.15
132.79,153.03,10.189,-147.46,54.067,77.899,-29.607,98.892,286.01,565.67,578.41,362.54
186.92,207.59,10.612,-201.96,80.874,105.47,-64.382,85.318,336.2,752.65,786.53,491.46
233.86,276.12,32.196,-259.86,93.631,150.61,-102.53,55.957,366.44,927.02,991.4,626.45
265.5,355.76,80.184,-315.69,85.608,214.57,-141.54,7.1801,365.72,1062.6,1166.3,753.98
275.33,438.66,153.24,-362.23,54.127,292.69,-179.53,-64.049,324.18,1132.1,1281.4,856.51
260.17,512.44,242.18,-391.64,2.1114,374.09,-216,-158.97,235.37,1113.2,1309.8,915.35
221.05,562.36,331.21,-397.03,-62.026,443.49,-250.54,-276.32,98.359,994.14,1234.6,914.7
163.17,575.3,402.03,-374.45,-126.55,485.22,-283.11,-411.2,-80.745,777.85,1054.1,846.14
94.71,544.56,439.72,-324.7,-179.78,488.54,-313.46,-554.59,-288.42,483.68,784.77,712.65
25.097,473.25,438.02,-254.14,-213.85,451.87,-340.89,-693.82,-504.53,145.49,460.61,530.29
-36.999,374.15,401.01,-173.54,-226.48,383.62,-363.89,-813.85,-704.48,-193.17,127.32,325.91
-85.257,265.57,340.71,-95.149,-220.55,298.88,-380.01,-899.67,-862.91,-486.96,-167.45,130.6
-115.52,165.42,271.97,-29.361,-201.95,214.03,-386.33,-939.59,-959.14,-698.66,-385.77,-28.803
-125.91,86.272,207.36,16.908,-176.93,141.74,-380.62,-928.68,-982.89,-808.23,-508.67,-136.45
-126.28,31.919,154.32,42.354,-150.29,88.446,-362.41,-870.62,-937.7,-817.26,-539.03,-189.86
-119.71,8.6441,115.06,50.106,-124.88,53.525,-332.53,-776.54,-839.2,-746.41,-497.32,-197.67
-106.18,3.5502,88.161,44.73,-102.3,33.749,-294.71,-661.2,-709.08,-626.71,-412.51,-174.53
-87.266,6.1978,70.829,31.418,-83.57,25.722,-253.96,-538.61,-568.34,-489,-312.38,-135.74
-66.577,10.974,59.64,15.632,-69.343,23.125,-212.45,-419.61,-432.84,-356.55,-217.06,-93.315
-46.547,14.62,51.271,3.0806,-59.887,21.877,-171.2,-311.49,-312.33,-242.69,-137.32,-52.088
-29.2,16.191,43.384,-3.8564,-53.175,20.439,-131.51,-219.12,-211.92,-153.05,-75.655,-13.543
-17,16.197,35.344,-4.1348,-46.123,18.555,-95.173,-145.78,-134.24,-88.658,-24.563,10.347
-10.234,15.573,27.772,-1.0563,-36.941,16.83,-64.114,-92.425,-79.393,-45.678,7.0353,19.561
-6.1098,9.9502,21.998,-1.2322,-26.498,19.063,-40.403,-58.22,-45.115,-15.782,9.9506,9.9801
-2.968,8.2141,21.935,-1.9329,-16.245,13.217,-24.5,-39.856,-27.958,0.25863,12.602,1.1441
-1.1883,7.1659,19.648,-2.5485,-7.9518,7.8459,-14.522,-31.452,-22.471,3.2743,13.758,0.35357
-2.2543,6.3488,13.611,-3.0044,-2.9941,4.9988,-8.5339,-27.988,-21.858,-1.5197,10.103,-3.0791
-3.2709,5.5296,8.2347,-3.1828,-1.1487,2.9372,-5.0501,-26.918,-22.155,-8.9232,3.4567,-8.0944
-2.9499,4.5899,4.3108,-2.9911,-2.1819,1.1443,-3.1556,-25.844,-21.301,-13.955,-3.9628,-6.8668
-3.1396,3.5019,1.5974,-2.4634,-4.1674,-0.54921,-2.4032,-24.155,-19.507,-16.367,-8.326,-5.4635
-3.9147,2.2958,-0.25206,-1.7385,-5.6223,-2.1877,-2.9676,-23.753,-19.667,-17.074,-5.7299,-4.7546
-4.8216,1.0466,-1.5709,-0.99581,-6.5794,-3.7547,-6.0264,-24.116,-21.774,-13.397,-4.2958,-4.5128
-5.4372,-0.15753,-2.6825,-0.38908,-6.9997,-5.2307,-4.5319,-20.706,-18.498,-11.419,-3.672,-4.5366
-5.5191,-1.2549,-3.8686,-0.0041172,-6.7694,-6.6194,-3.2596,-18.635,-16.673,-10.647,-3.5077,-4.6915
-5.0275,-2.2208,-5.2854,0.14493,-5.8452,-7.9296,-2.5072,-17.629,-15.943,-10.545,-3.5913,-4.8777
-4.0802,-3.0513,-6.9211,0.091887,-4.3306,-9.1551,-2.0902,-17.069,-15.705,-10.716,-3.7638,-5.0052
-2.8763,-3.744,-8.6433,-0.10973,-2.486,-10.273,-1.8965,-16.647,-15.587,-10.868,-3.8901,-4.9913
-1.6204,-4.289,-10.284,-0.40634,-0.6288,-11.254,-1.8602,-16.257,-15.429,-10.833,-3.8705,-4.7757
-0.46537,-4.675,-11.711,-0.75548,0.98671,-12.077,-1.9402,-15.927,-15.232,-10.565,-3.6656,-4.3414
0.51357,-4.9065,-12.867,-1.1292,2.2242,-12.745,-2.1093,-15.727,-15.086,-10.133,-3.3101,-3.7266
1.3173,-5.0129,-13.782,-1.5121,3.0669,-13.297,-2.35,-15.713,-15.076,-9.6641,-2.8953,-3.015
2.0013,-5.0402,-14.552,-1.8983,3.6062,-13.791,-2.6478,-15.881,-15.233,-9.2749,-2.5251,-2.3045
2.6461,-5.0292,-15.282,-2.2863,4.0171,-14.273,-2.9819,-16.165,-15.506,-9.0129,-2.2639,-1.6687
3.3166,-5,-16.028,-2.6692,4.4942,-14.75,-3.3198,-16.462,-15.784,-8.8394,-2.1109,-1.129
4.0232,-4.9535,-16.768,-3.0308,5.1695,-15.186,-3.6251,-16.686,-15.954,-8.6558,-2.0067,-0.65542
4.725,-4.8829,-17.437,-3.3521,6.055,-15.528,-3.874,-16.817,-15.966,-8.3636,-1.8702,-0.19332
5.3707,-4.7823,-17.981,-3.6204,7.0516,-15.741,-4.066,-16.901,-15.855,-7.9168,-1.6387,0.3043
5.9245,-4.6453,-18.381,-3.8334,8.023,-15.819,-4.2146,-17.006,-15.717,-7.3363,-1.2902,0.85957
6.348,-4.4594,-18.643,-3.994,8.8432,-15.773,-4.3267,-17.166,-15.635,-6.6838,-0.84013,1.4712
6.5745,-4.2114,-18.774,-4.1013,9.3848,-15.62,-4.3884,-17.344,-15.629,-6.0221,-0.32244,2.1255
6.5142,-3.8988,-18.757,-4.1442,9.5116,-15.376,-4.365,-17.447,-15.65,-5.3859,0.23234,2.8082
6.0879,-3.5369,-18.544,-4.1043,9.1053,-15.052,-4.2128,-17.372,-15.611,-4.7736,0.81198,3.5141
5.2694,-3.1444,-18.064,-3.9723,8.1119,-14.652,-3.8964,-17.062,-15.44,-4.1586,1.4268,4.25
4.1171,-2.7199,-17.243,-3.7691,6.5793,-14.161,-3.4023,-16.533,-15.117,-3.5112,2.1013,5.0322
2.7763,-2.2352,-16.04,-3.5554,4.664,-13.548,-2.7448,-15.874,-14.692,-2.8204,2.8551,5.8741
1.4462,-1.6499,-14.463,-3.4174,2.5979,-12.775,-1.9622,-15.198,-14.249,-2.1017,3.6832,6.7711
0.32629,-0.93315,-12.583,-3.4371,0.63001,-11.82,-1.1085,-14.592,-13.868,-1.3895,4.5519,7.6911
-0.43163,-0.077565,-10.532,-3.6683,-1.0308,-10.692,-0.24687,-14.079,-13.573,-0.71332,5.4107,8.5822
-0.74904,0.89524,-8.4871,-4.1272,-2.255,-9.4469,0.55579,-13.608,-13.327,-0.07619,6.2195,9.3938
-0.62924,1.9387,-6.6406,-4.7928,-3.0092,-8.1758,1.2374,-13.089,-13.046,0.55238,6.9732,10.101
-0.15516,2.9949,-5.1408,-5.6146,-3.3504,-6.9785,1.7529,-12.437,-12.645,1.2284,7.7107,10.721
0.52645,4.0155,-4.0485,-6.5256,-3.4043,-5.9294,2.0828,-11.606,-12.075,2.015,8.506,11.313
1.2442,4.9759,-3.3333,-7.4605,-3.3241,-5.0592,2.233,-10.604,-11.345,2.9598,9.4456,11.958
1.8541,5.8813,-2.9147,-8.3761,-3.2292,-4.3591,2.228,-9.4865,-10.515,4.0793,10.603,12.732
2.2859,6.764,-2.7196,-9.2727,-3.1559,-3.8011,2.1004,-8.3323,-9.6708,5.3592,12.019,13.686
2.5677,7.6763,-2.7191,-10.207,-3.0512,-3.3604,1.8793,-7.2153,-8.8814,6.7631,13.688,14.827
2.8142,8.6849,-2.9254,-11.287,-2.8045,-3.0233,1.5842,-6.1742,-8.1745,8.2469,15.561,16.118
3.1791,9.8601,-3.3562,-12.646,-2.3025,-2.7749,1.2293,-5.2043,-7.5312,9.7776,17.569,17.49
3.7905,11.256,-3.9878,-14.377,-1.4951,-2.5892,0.83575,-4.2759,-6.905,11.343,19.66,18.88
4.7063,12.886,-4.7279,-16.49,-0.44355,-2.4209,0.43662,-3.3653,-6.2512,12.956,21.832,20.267
5.9054,14.705,-5.4206,-18.889,0.67539,-2.2116,0.073444,-2.4719,-5.5488,14.656,24.122,21.71
7.309,16.645,-5.8751,-21.411,1.6119,-1.8992,-0.21327,-1.6136,-4.8043,16.495,26.572,23.322
8.8133,18.665,-5.9127,-23.901,2.1209,-1.4265,-0.39614,-0.80638,-4.0358,18.526,29.194,25.226
10.324,20.792,-5.4286,-26.271,2.0505,-0.75592,-0.47067,-0.045648,-3.2495,20.798,31.955,27.508
11.793,23.071,-4.4473,-28.498,1.4123,0.11144,-0.45673,0.70106,-2.4228,23.361,34.802,30.171
13.226,25.52,-3.1394,-30.597,0.39848,1.1236,-0.39201,1.4833,-1.5044,26.245,37.702,33.132
14.695,28.062,-1.7837,-32.595,-0.66497,2.1816,-0.32235,2.3432,-0.43315,29.474,40.68,36.261
16.326,30.562,-0.68319,-34.512,-1.4205,3.1705,-0.29119,3.2905,0.83487,33.04,43.809,39.45
18.234,32.895,-0.065778,-36.347,-1.5961,3.9949,-0.32728,4.2953,2.3054,36.877,47.183,42.636
20.456,35.017,-0.012382,-38.087,-1.0939,4.6119,-0.43346,5.305,3.9426,40.863,50.851,45.804
22.899,36.973,-0.43837,-39.724,-0.019522,5.0444,-0.58358,6.2724,5.6811,44.845,54.78,48.981
25.385,38.859,-1.1319,-41.26,1.3537,5.3672,-0.73279,7.1785,7.4536,48.684,58.878,52.196
27.708,40.758,-1.8343,-42.704,2.6844,5.6726,-0.83698,8.0369,9.2253,52.311,63.04,55.456
29.717,42.692,-2.3323,-44.056,3.689,6.0364,-0.87004,8.8862,11.027,55.719,67.188,58.749
31.358,44.629,-2.5262,-45.321,4.2303,6.5017,-0.82858,9.7735,12.952,58.971,71.292,62.041
32.679,46.512,-2.4455,-46.518,4.3376,7.0848,-0.72258,10.742,15.13,62.186,75.373,65.311
33.802,48.304,-2.2106,-47.691,4.1728,7.7916,-0.5555,11.824,17.694,65.51,79.488,68.573
34.871,50.01,-1.9644,-48.904,3.9636,8.6347,-0.31543,13.04,20.724,69.075,83.717,71.868
36.031,51.676,-1.8098,-50.237,3.9164,9.6373,0.015946,14.395,24.187,72.95,88.126,75.243
37.393,53.381,-1.7743,-51.763,4.1396,10.833,0.4501,15.881,27.914,77.108,92.695,78.725
39,55.203,-1.7982,-53.529,4.6081,12.258,0.98236,17.491,31.672,81.452,97.339,82.318
40.806,57.201,-1.7513,-55.534,5.1795,13.94,1.5917,19.232,35.329,85.872,101.95,86.003
42.696,59.392,-1.4874,-57.717,5.6589,15.881,2.2477,21.125,38.883,90.292,106.46,89.758
44.557,61.741,-0.91159,-59.994,5.8857,18.025,2.9101,23.166,42.393,94.674,110.86,93.561
46.348,64.161,-0.029146,-62.292,5.8021,20.232,3.5254,25.285,45.869,98.988,115.19,97.394
48.113,66.559,1.0531,-64.582,5.4759,22.311,4.0298,27.341,49.217,103.19,119.51,101.24
49.947,68.87,2.1755,-66.88,5.0674,24.107,4.3629,29.188,52.286,107.23,123.84,105.1
51.912,71.097,3.1863,-69.216,4.7665,25.585,4.485,30.737,54.957,111.09,128.18,108.94
53.991,73.287,3.9822,-71.598,4.7306,26.819,4.3862,31.989,57.205,114.8,132.47,112.75
56.114,75.495,4.5098,-73.992,5.0368,27.944,4.0803,33.006,59.094,118.41,136.66,116.52
58.222,77.739,4.7478,-76.34,5.6664,29.06,3.587,33.865,60.749,121.98,140.66,120.26
60.304,79.999,4.6952,-78.58,6.544,30.172,2.9161,34.615,62.293,125.57,144.46,123.94
62.353,82.207,4.3678,-80.664,7.5925,31.206,2.0644,35.242,63.795,129.18,148.06,127.58
64.334,84.248,3.8074,-82.554,8.7501,32.09,1.0239,35.686,65.256,132.78,151.53,131.15
66.165,85.986,3.0908,-84.216,9.9446,32.811,-0.20288,35.866,66.614,136.32,154.94,134.66
67.774,87.299,2.3267,-85.599,11.07,33.416,-1.5924,35.726,67.776,139.71,158.36,138.13
69.106,88.13,1.6371,-86.638,11.99,33.96,-3.1054,35.248,68.645,142.82,161.81,141.54
70.113,88.527,1.1335,-87.281,12.557,34.478,-4.706,34.461,69.168,145.56,165.26,144.84
70.732,88.63,0.90185,-87.519,12.641,34.983,-6.3777,33.428,69.376,147.88,168.66,147.95
70.867,88.603,0.99514,-87.396,12.165,35.484,-8.1237,32.233,69.387,149.81,171.96,150.84
70.457,88.574,1.4313,-87.01,11.145,35.997,-9.9584,30.947,69.353,151.48,175.2,153.54
69.584,88.616,2.1832,-86.495,9.7189,36.529,-11.894,29.601,69.389,153,178.41,156.09
68.509,88.765,3.1683,-86.009,8.1465,37.081,-13.935,28.176,69.509,154.43,181.62,158.48
67.591,89.044,4.2569,-85.699,6.7598,37.643,-16.084,26.606,69.642,155.78,184.77,160.71
67.13,89.474,5.3008,-85.69,5.86,38.222,-18.354,24.83,69.671,157.02,187.78,162.74
67.249,90.083,6.1764,-86.044,5.6234,38.841,-20.773,22.849,69.507,158.11,190.57,164.53
67.873,90.886,6.8216,-86.74,6.0486,39.54,-23.365,20.773,69.147,159.05,193.07,166.12
68.778,91.873,7.2423,-87.674,6.9478,40.345,-26.133,18.773,68.672,159.85,195.29,167.54
69.715,92.996,7.485,-88.679,8.0019,41.233,-29.006,16.983,68.19,160.58,197.28,168.88
70.529,94.175,7.5888,-89.586,8.9077,42.124,-31.832,15.433,67.766,161.22,199.09,170.18
71.203,95.322,7.559,-90.309,9.5398,42.917,-34.43,14.067,67.399,161.77,200.76,171.49
71.847,96.373,7.3818,-90.869,9.9709,43.549,-36.714,12.797,67.021,162.18,202.32,172.84
72.627,97.313,7.0568,-91.358,10.361,44.032,-38.733,11.561,66.558,162.44,203.78,174.27
73.672,98.165,6.6283,-91.881,10.858,44.435,-40.607,10.338,65.97,162.54,205.14,175.75
75.02,98.968,6.1854,-92.53,11.536,44.844,-42.421,9.148,65.27,162.54,206.39,177.26
76.613,99.747,5.8347,-93.361,12.375,45.31,-44.192,8.0298,64.516,162.47,207.48,178.71
78.308,100.5,5.6719,-94.349,13.251,45.832,-45.898,7.0238,63.773,162.38,208.41,180.04
79.871,101.2,5.7698,-95.362,13.96,46.383,-47.489,6.1563,63.091,162.3,209.17,181.2
80.995,101.79,6.1789,-96.194,14.27,46.925,-48.892,5.4298,62.476,162.23,209.79,182.18
81.404,102.21,6.9222,-96.656,14.011,47.437,-50.018,4.8225,61.877,162.14,210.28,182.99
80.985,102.43,7.9786,-96.675,13.134,47.904,-50.78,4.2969,61.192,161.96,210.63,183.63
79.838,102.44,9.2754,-96.343,11.733,48.318,-51.111,3.8158,60.303,161.58,210.8,184.1
78.231,102.27,10.7,-95.883,10.025,48.664,-50.976,3.3551,59.114,160.97,210.74,184.37
76.461,101.98,12.133,-95.564,8.2848,48.919,-50.365,2.9118,57.585,160.11,210.37,184.49
74.684,101.71,13.478,-95.572,6.7599,49.071,-49.288,2.5031,55.741,159.05,209.63,184.55
72.779,101.68,14.678,-95.776,5.6026,49.121,-47.764,2.1571,53.67,157.82,208.41,184.62
70.452,101.97,15.725,-95.544,4.8505,49.083,-45.836,1.8962,51.49,156.39,206.55,184.65
67.686,102.27,16.651,-94.123,4.4347,48.956,-43.573,1.7216,49.293,154.69,203.86,184.29
64.69,101.92,17.51,-91.414,4.2031,48.705,-41.042,1.6096,47.087,152.54,200.26,183.03
61.416,100.4,18.342,-87.894,3.9692,48.265,-38.275,1.5253,44.806,149.75,195.84,180.48
57.621,97.723,19.155,-83.925,3.5741,47.583,-35.272,1.4442,42.374,146.13,190.76,176.65
53.194,94.128,19.925,-79.583,2.9241,46.64,-32.044,1.3638,39.771,141.62,185.08,171.8
48.248,89.796,20.612,-74.844,1.9861,45.435,-28.674,1.2957,37.049,136.24,178.74,166.16
42.967,84.782,21.169,-69.718,0.76811,43.945,-25.292,1.2456,34.288,130.1,171.63,159.84
37.477,79.168,21.526,-64.293,-0.69551,42.085,-21.991,1.1961,31.534,123.33,163.66,152.88
31.936,73.193,21.604,-58.737,-2.3512,39.717,-18.806,1.1047,28.784,116.05,154.85,145.38
26.601,67.177,21.359,-53.252,-4.1214,36.729,-15.786,0.91744,26.02,108.38,145.33,137.53
21.673,61.394,20.841,-48.023,-5.9016,33.203,-12.996,0.58893,23.243,100.46,135.33,129.53
17.103,56.006,20.177,-43.154,-7.5808,29.45,-10.46,0.099651,20.481,92.465,125.08,121.41
12.679,51.025,19.478,-38.639,-9.0681,25.79,-8.1532,-0.53597,17.774,84.606,114.8,113.09
8.3854,46.305,18.742,-34.363,-10.303,22.358,-6.035,-1.2687,15.174,77.048,104.69,104.52
4.6076,41.584,17.869,-30.148,-11.243,19.136,-4.0894,-2.0336,12.738,69.876,94.88,95.739
1.7379,36.579,16.732,-25.798,-11.852,16.078,-2.3326,-2.7729,10.509,63.124,85.429,86.876
-0.24958,31.115,15.242,-21.142,-12.087,13.166,-0.80287,-3.4602,8.4903,56.815,76.353,78.079
-1.6431,25.311,13.371,-16.171,-11.923,10.396,0.46204,-4.1075,6.6366,50.937,67.644,69.45
-2.6922,19.691,11.176,-11.37,-11.38,7.756,1.4488,-4.7462,4.8812,45.398,59.287,61.068
-3.5383,14.834,8.7801,-7.4977,-10.552,5.2454,2.184,-5.3965,3.1717,40.053,51.26,53.043
-4.2757,10.899,6.3511,-4.7142,-9.604,2.889,2.7355,-6.041,1.4993,34.778,43.563,45.52
-4.9961,7.6882,4.0625,-2.6507,-8.7389,0.73265,3.1977,-6.6217,-0.095668,29.564,36.251,38.6
-5.7861,4.9462,2.0632,-0.96062,-8.1359,-1.1818,3.6619,-7.0634,-1.5451,24.575,29.438,32.272
-6.6998,2.4962,0.44486,0.54749,-7.8927,-2.8356,4.1841,-7.3118,-2.7886,20.094,23.312,26.408
-7.7366,0.25462,-0.77358,1.9612,-7.974,-4.2427,4.7674,-7.3617,-3.8059,16.349,18.141,20.972
-8.8422,-1.794,-1.6293,3.3104,-8.2179,-5.4424,5.3725,-7.2585,-4.6286,13.362,14.104,16.293
-9.9398,-3.6455,-2.1698,4.5948,-8.4727,-6.4798,5.9487,-7.0712,-5.3232,10.991,11.074,12.75
-10.974,-5.3069,-2.4149,5.8013,-8.7454,-7.3826,6.4682,-6.8523,-5.9544,9.0621,8.7658,10.234
-11.952,-6.7854,-2.3589,6.9162,-9.1991,-8.1506,6.9431,-6.6076,-6.5509,7.4441,6.9427,8.3752
-12.944,-8.0825,-2.011,7.9404,-10.02,-8.772,7.4177,-6.2952,-7.0937,6.0633,5.4587,6.8873
-14.03,-9.2172,-1.4404,8.8989,-11.244,-9.258,7.9418,-5.8532,-7.5312,4.885,4.2272,5.6152
-15.209,-10.236,-0.79316,9.8227,-12.688,-9.6648,8.5424,-5.2396,-7.8132,3.8921,3.1944,4.4825
-16.351,-11.191,-0.2714,10.712,-14.02,-10.077,9.2082,-4.4603,-7.9214,3.0694,2.3233,3.4531
-17.231,-12.098,-0.078638,11.514,-14.891,-10.564,9.8933,-3.568,-7.8821,2.3971,1.5882,2.5118
-17.638,-12.928,-0.35477,12.144,-15.039,-11.143,10.535,-2.6384,-7.7578,1.8501,0.97245,1.6542
-17.471,-13.622,-1.1304,12.531,-14.36,-11.769,11.075,-1.7304,-7.6116,1.4001,0.46648,0.87899
-16.782,-14.126,-2.3245,12.655,-12.93,-12.364,11.478,-0.87045,-7.4861,1.0189,0.063593,0.18211
-15.739,-14.425,-3.786,12.564,-10.969,-12.862,11.732,-0.055791,-7.393,0.68162,-0.24631,-0.44819
-14.564,-14.557,-5.3523,12.347,-8.7718,-13.242,11.845,0.72673,-7.32,0.36956,-0.48035,-1.0321
-13.455,-14.597,-6.8861,12.101,-6.6059,-13.538,11.83,1.4805,-7.2505,0.070505,-0.66168,-1.593
-12.521,-14.627,-8.2739,11.887,-4.6536,-13.807,11.71,2.1878,-7.1834,-0.22405,-0.81498,-2.1489
-11.766,-14.696,-9.4039,11.71,-3.0267,-14.091,11.501,2.8124,-7.1427,-0.52134,-0.96116,-2.7055
-11.133,-14.81,-10.148,11.532,-1.8658,-14.388,11.217,3.3155,-7.1706,-0.82633,-1.1129,-3.2545
-10.606,-14.934,-10.364,11.315,-1.3499,-14.645,10.87,3.6792,-7.3044,-1.1373,-1.2716,-3.7758
-10.264,-15.018,-9.9453,11.066,-1.5955,-14.786,10.482,3.9209,-7.5506,-1.4416,-1.4273,-4.243
-10.219,-15.033,-8.9014,10.838,-2.6146,-14.739,10.087,4.087,-7.8714,-1.7158,-1.5613,-4.6315
-10.534,-14.984,-7.4029,10.704,-4.2596,-14.492,9.7215,4.2322,-8.1933,-1.9327,-1.6534,-4.929
-11.147,-14.917,-5.7667,10.71,-6.1581,-14.12,9.4003,4.3964,-8.4362,-2.0734,-1.6898,-5.1435
-11.869,-14.903,-4.387,10.864,-7.7957,-13.775,9.1066,4.5891,-8.5487,-2.1374,-1.6681,-5.2998
-12.454,-15.008,-3.6305,11.142,-8.7026,-13.622,8.8031,4.7854,-8.5282,-2.1439,-1.5973,-5.4257
-12.71,-15.268,-3.7137,11.497,-8.6131,-13.772,8.4591,4.9395,-8.4142,-2.1235,-1.4934,-5.5348
-12.582,-15.669,-4.6154,11.886,-7.5568,-14.23,8.0726,5.0099,-8.2621,-2.1055,-1.3742,-5.6227
-12.174,-16.154,-6.0789,12.28,-5.8532,-14.895,7.6747,4.9803,-8.1161,-2.1094,-1.2551,-5.6759
-11.71,-16.657,-7.6992,12.675,-4.0098,-15.612,7.3138,4.8655,-7.9941,-2.143,-1.1483,-5.6866
-11.446,-17.135,-9.0573,13.091,-2.5636,-16.23,7.0305,4.6994,-7.8888,-2.2077,-1.0639,-5.6624
-11.565,-17.585,-9.8547,13.554,-1.9113,-16.666,6.8367,4.5131,-7.7821,-2.3042,-1.0116,-5.6258
-12.089,-18.036,-10.003,14.068,-2.1682,-16.929,6.7089,4.315,-7.6648,-2.4345,-1.0015,-5.6069
-12.862,-18.527,-9.6375,14.607,-3.1235,-17.105,6.6005,4.0853,-7.5475,-2.6003,-1.0401,-5.6305
-13.627,-19.078,-9.0413,15.11,-4.3451,-17.298,6.4629,3.7898,-7.4563,-2.7964,-1.1268,-5.7034
-14.136,-19.675,-8.5302,15.511,-5.3844,-17.581,6.2621,3.4048,-7.4166,-3.0085,-1.2512,-5.8096
-14.251,-20.27,-8.3425,15.77,-5.9527,-17.966,5.988,2.9394,-7.4349,-3.2158,-1.3965,-5.9156
-13.98,-20.806,-8.5668,15.889,-5.9719,-18.402,5.6564,2.4426,-7.49,-3.3972,-1.542,-5.9825
-13.46,-21.235,-9.1196,15.911,-5.5237,-18.814,5.3073,1.9913,-7.5367,-3.5358,-1.6674,-5.9796
-12.879,-21.532,-9.8122,15.889,-4.7858,-19.14,4.9955,1.6635,-7.5237,-3.6223,-1.7562,-5.8954
-12.383,-21.686,-10.471,15.849,-3.9695,-19.352,4.775,1.504,-7.4196,-3.6581,-1.8012,-5.7442
-12.011,-21.697,-11.014,15.766,-3.2392,-19.454,4.6826,1.5042,-7.2328,-3.6575,-1.8101,-5.5643
-11.686,-21.571,-11.452,15.574,-2.6592,-19.475,4.7309,1.6079,-7.012,-3.6461,-1.805,-5.4054
-11.285,-21.323,-11.841,15.214,-2.2089,-19.456,4.9132,1.7412,-6.825,-3.6521,-1.8139,-5.309
-10.741,-20.969,-12.215,14.673,-1.8382,-19.42,5.2117,1.8465,-6.7283,-3.6942,-1.8579,-5.2897
-10.083,-20.523,-12.559,13.998,-1.5158,-19.353,5.6038,1.9039,-6.742,-3.7703,-1.9411,-5.3287
-9.3937,-19.985,-12.81,13.257,-1.2346,-19.206,6.0659,1.9337,-6.8427,-3.8565,-2.0509,-5.3817
-8.7333,-19.346,-12.906,12.502,-0.98131,-18.933,6.5741,1.9804,-6.9749,-3.9162,-2.1641,-5.3971
-8.1006,-18.599,-12.835,11.745,-0.71109,-18.515,7.1019,2.0878,-7.0754,-3.915,-2.2568,-5.3367
-7.445,-17.748,-12.644,10.963,-0.35832,-17.975,7.6165,2.2761,-7.0986,-3.8317,-2.31,-5.1867
-6.71,-16.815,-12.413,10.131,0.12326,-17.364,8.0762,2.5334,-7.0343,-3.6649,-2.3126,-4.9588
-5.8775,-15.837,-12.197,9.2415,0.71693,-16.734,8.4352,2.8215,-6.9095,-3.4322,-2.2626,-4.6821
-4.9887,-14.853,-11.998,8.3195,1.3261,-16.119,8.6537,3.0938,-6.7733,-3.1666,-2.1674,-4.3919
-4.1359,-13.898,-11.756,7.4117,1.7967,-15.524,8.7139,3.3172,-6.6699,-2.9053,-2.041,-4.1164
-3.4342,-12.997,-11.385,6.5761,1.9714,-14.932,8.6282,3.4881,-6.6123,-2.6753,-1.8964,-3.8667
-2.9806,-12.163,-10.813,5.8648,1.7568,-14.315,8.4361,3.6334,-6.5715,-2.4803,-1.737,-3.6331
-2.8094,-11.4,-10.033,5.3069,1.1817,-13.652,8.1873,3.7937,-6.4908,-2.2991,-1.5542,-3.3927
-2.8641,-10.703,-9.1341,4.8945,0.41652,-12.963,7.9208,3.9966,-6.3178,-2.0984,-1.3356,-3.1238
-3.0087,-10.069,-8.296,4.5838,-0.27123,-12.304,7.6499,4.2378,-6.0362,-1.8511,-1.0756,-2.8194
-3.0859,-9.4972,-7.722,4.3196,-0.62267,-11.756,7.366,4.4796,-5.675,-1.5494,-0.7815,-2.4905
-2.9987,-8.9963,-7.5451,4.0696,-0.50125,-11.377,7.0591,4.671,-5.2907,-1.2046,-0.46915,-2.1587
-2.7622,-8.5782,-7.7601,3.8451,0.05005,-11.176,6.7408,4.7752,-4.9359,-0.83861,-0.15599,-1.8442
-2.4907,-8.2536,-8.2249,3.6895,0.82765,-11.106,6.4528,4.7913,-4.6363,-0.47395,0.1444,-1.5591
-2.3315,-8.0215,-8.7199,3.6445,1.5443,-11.09,6.2581,4.7577,-4.3848,-0.12547,0.42402,-1.3065
-2.3884,-7.8635,-9.029,3.7182,1.9375,-11.045,6.2216,4.7341,-4.1527,0.202,0.68041,-1.0829
-2.6717,-7.7456,-9.0111,3.8725,1.8692,-10.913,6.3863,4.7729,-3.9102,0.50923,0.91574,-0.88141
-3.0931,-7.6282,-8.6377,4.0327,1.3683,-10.67,6.7548,4.8937,-3.6464,0.79261,1.1336,-0.69724
-3.503,-7.4789,-7.9885,4.1148,0.5986,-10.331,7.2845,5.0738,-3.3775,1.0361,1.3344,-0.53305
-3.7586,-7.2784,-7.2077,4.0585,-0.22326,-9.933,7.9028,5.2638,-3.1373,1.2136,1.5137,-0.39794
-3.7908,-7.0197,-6.4417,3.8515,-0.9144,-9.5116,8.5371,5.4196,-2.9527,1.303,1.6668,-0.29963
-3.6305,-6.702,-5.7894,3.5341,-1.3778,-9.0813,9.1445,5.5313,-2.8219,1.302,1.7949,-0.23724
-3.3786,-6.3267,-5.2854,3.1789,-1.6025,-8.6357,9.7243,5.6301,-2.7087,1.2352,1.9073,-0.20061
-3.1458,-5.8949,-4.9227,2.8566,-1.6308,-8.1652,10.307,5.7707,-2.5569,1.148,2.0194,-0.1743
-2.9992,-5.4106,-4.6962,2.6074,-1.5149,-7.6766,10.933,5.9995,-2.318,1.0912,2.148,-0.14155
-2.9396,-4.8849,-4.6277,2.431,-1.2793,-7.1974,11.627,6.3269,-1.9764,1.1027,2.3071,-0.086714
-2.91,-4.3348,-4.7385,2.2945,-0.91247,-6.7583,12.392,6.717,-1.562,1.1939,2.5036,0.0015939
-2.829,-3.7751,-4.9916,2.1489,-0.402,-6.3689,13.21,7.0964,-1.1423,1.3445,2.7321,0.12543
-2.6347,-3.2127,-5.2689,1.9476,0.20934,-6.0052,14.049,7.3812,-0.80117,1.5079,2.9703,0.2732
-2.3263,-2.6464,-5.4009,1.6641,0.78786,-5.6158,14.867,7.5149,-0.60951,1.6232,3.1806,0.42
-1.9821,-2.0703,-5.2097,1.3024,1.1101,-5.1387,15.623,7.4942,-0.59953,1.6319,3.3182,0.53389
-1.7363,-1.4794,-4.5438,0.89239,0.91483,-4.5231,16.281,7.3615,-0.75582,1.4944,3.3467,0.58564
-1.7185,-0.87465,-3.3289,0.47434,0.022851,-3.7536,16.814,7.1704,-1.0271,1.2031,3.2531,0.55844
-1.9909,-0.26617,-1.6309,0.083377,-1.5421,-2.8669,17.196,6.9512,-1.3514,0.78525,3.053,0.45395
-2.5153,0.32699,0.31699,-0.25874,-3.5324,-1.9512,17.403,6.6984,-1.6809,0.293,2.7834,0.29171
-3.1553,0.88149,2.1647,-0.5482,-5.5515,-1.1227,17.41,6.3785,-1.9952,-0.21662,2.4858,0.10047
-3.7094,1.3778,3.5478,-0.80253,-7.1558,-0.49303,17.197,5.9514,-2.2993,-0.70088,2.1896,-0.096119
-3.9704,1.8082,4.1869,-1.0576,-7.9643,-0.13843,16.761,5.3924,-2.6085,-1.1401,1.9047,-0.29196
-3.7861,2.1794,3.9523,-1.3551,-7.7498,-0.080455,16.119,4.7091,-2.9301,-1.5331,1.6245,-0.50072
-3.0905,2.5087,2.8801,-1.7276,-6.4696,-0.28107,15.309,3.9429,-3.2547,-1.8862,1.336,-0.74692
-1.9069,2.8157,1.151,-2.1913,-4.2699,-0.65501,14.373,3.152,-3.5641,-2.2057,1.0294,-1.0537
-0.34205,3.1133,-0.95003,-2.7464,-1.4638,-1.0949,13.353,2.3828,-3.8496,-2.5,0.69978,-1.434
1.4251,3.4038,-3.0844,-3.375,1.5395,-1.4992,12.275,1.6499,-4.1255,-2.7838,0.3459,-1.8872
3.1646,3.6783,-4.9133,-4.0339,4.3006,-1.7914,11.163,0.9342,-4.4257,-3.0812,-0.032832,-2.3992
4.6254,3.9179,-6.1457,-4.6521,6.384,-1.9262,10.034,0.19716,-4.7886,-3.4227,-0.43771,-2.9478
5.5764,4.0961,-6.5884,-5.1418,7.4121,-1.8905,8.9009,-0.59859,-5.2421,-3.8397,-0.87228,-3.5141
5.8663,4.1873,-6.1876,-5.4267,7.1721,-1.7063,7.777,-1.4694,-5.7941,-4.3568,-1.3431,-4.0936
5.4871,4.1763,-5.058,-5.473,5.7239,-1.4301,6.6753,-2.3981,-6.4293,-4.9838,-1.8565,-4.6988
4.5956,4.0632,-3.4927,-5.3025,3.4274,-1.1434,5.6016,-3.336,-7.1079,-5.7072,-2.411,-5.347
3.4672,3.857,-1.9123,-4.9768,0.86856,-0.93508,4.5462,-4.2236,-7.7716,-6.4871,-2.9895,-6.0421
2.4036,3.5667,-0.73851,-4.5663,-1.2904,-0.88121,3.4865,-5.0204,-8.359,-7.2628,-3.5592,-6.7611
1.6445,3.1949,-0.25838,-4.1257,-2.5089,-1.0304,2.3939,-5.7268,-8.8315,-7.9723,-4.082,-7.4596
1.3153,2.7394,-0.55922,-3.6842,-2.5344,-1.3974,1.2395,-6.3818,-9.1939,-8.5767,-4.5325,-8.0908
1.4052,2.1962,-1.5501,-3.2464,-1.46,-1.9642,0.002761,-7.0406,-9.4943,-9.0765,-4.9128,-8.6273
1.7816,1.5639,-3.0158,-2.7963,0.33993,-2.6851,-1.3188,-7.7489,-9.8023,-9.5105,-5.2528,-9.0709
2.2473,0.84584,-4.6701,-2.3073,2.367,-3.4937,-2.7054,-8.5273,-10.181,-9.9397,-5.5984,-9.4473
2.5981,0.052469,-6.2125,-1.7539,4.1601,-4.315,-4.1217,-9.3746,-10.667,-10.425,-5.9948,-9.7917
2.6624,-0.79945,-7.3892,-1.122,5.3806,-5.0791,-5.5302,-10.283,-11.272,-11.011,-6.4733,-10.135
2.3441,-1.6866,-8.0448,-0.41569,5.8334,-5.7334,-6.9028,-11.252,-11.994,-11.718,-7.0474,-10.496
1.6529,-2.5793,-8.153,0.33872,5.4837,-6.2524,-8.2278,-12.294,-12.835,-12.546,-7.7186,-10.876
0.6978,-3.4449,-7.8106,1.0967,4.4678,-6.6427,-9.5099,-13.426,-13.804,-13.481,-8.4878,-11.266
-0.35771,-4.2587,-7.1979,1.8104,3.0521,-6.9434,-10.765,-14.662,-14.916,-14.508,-9.366,-11.652
-1.3588,-5.0152,-6.5273,2.448,1.5408,-7.2148,-12.01,-16.005,-16.181,-15.618,-10.375,-12.03
-2.2077,-5.7316,-5.9876,3.0055,0.18398,-7.517,-13.258,-17.444,-17.593,-16.809,-11.541,-12.4
-2.8751,-6.4368,-5.6914,3.5041,-0.86732,-7.8885,-14.512,-18.95,-19.12,-18.08,-12.872,-12.766
-3.3807,-7.1519,-5.6524,3.9746,-1.5612,-8.3317,-15.757,-20.478,-20.707,-19.415,-14.348,-13.116
-3.7655,-7.8698,-5.8037,4.4376,-1.9189,-8.8095,-16.955,-21.966,-22.273,-20.773,-15.901,-13.415
-4.0618,-8.5495,-6.0473,4.8926,-1.9878,-9.2539,-18.033,-23.339,-23.734,-22.084,-17.428,-13.596
-4.2704,-9.1302,-6.3092,5.319,-1.7925,-9.5912,-18.899,-24.527,-25.02,-23.271,-18.813,-13.587
-4.3496,-9.5583,-6.5819,5.6845,-1.3041,-9.7798,-19.485,-25.506,-26.113,-24.283,-19.984,-13.347
-4.227,-9.8115,-6.9499,5.9547,-0.44621,-9.8403,-19.787,-26.308,-27.05,-25.128,-20.947,-12.898
-3.8364,-9.9044,-7.5687,6.0997,0.84731,-9.8491,-19.867,-27.004,-27.908,-25.871,-21.785,-12.325
-3.1684,-9.8763,-8.5472,6.1037,2.5456,-9.8923,-19.818,-27.665,-28.757,-26.598,-22.617,-11.742
-2.3127,-9.7711,-9.8101,5.9765,4.4532,-10.01,-19.711,-28.332,-29.637,-27.377,-23.542,-11.246
-1.4703,-9.6192,-11.083,5.7579,6.1975,-10.165,-19.578,-29.016,-30.549,-28.233,-24.603,-10.89
-0.91056,-9.4276,-11.969,5.5097,7.2795,-10.257,-19.415,-29.709,-31.478,-29.146,-25.781,-10.683
-0.88005,-9.1796,-12.052,5.2941,7.2236,-10.153,-19.198,-30.393,-32.402,-30.068,-27.018,-10.592
-1.5004,-8.8419,-11.045,5.1459,5.7622,-9.739,-18.894,-31.041,-33.293,-30.934,-28.229,-10.558
-2.6972,-8.3768,-8.9435,5.0549,2.997,-8.958,-18.47,-31.605,-34.111,-31.681,-29.325,-10.508
-4.1986,-7.7613,-6.083,4.971,-0.51655,-7.8433,-17.91,-32.027,-34.806,-32.262,-30.227,-10.373
-5.6148,-7.0048,-3.0569,4.8305,-3.9035,-6.5233,-17.23,-32.262,-35.332,-32.662,-30.894,-10.123
-6.5527,-6.1566,-0.53769,4.5858,-6.2638,-5.1936,-16.482,-32.291,-35.669,-32.898,-31.332,-9.7754
-6.7276,-5.2915,0.91141,4.2247,-6.9905,-4.0545,-15.747,-32.132,-35.824,-33.007,-31.588,-9.3893
-6.0618,-4.4818,1.003,3.7766,-5.9889,-3.2373,-15.092,-31.828,-35.832,-33.03,-31.717,-9.0308
-4.7083,-3.7697,-0.13899,3.3042,-3.4933,-2.7542,-14.547,-31.432,-35.729,-32.985,-31.762,-8.7413
-3.0165,-3.1544,-1.9542,2.8831,0.048454,-2.4921,-14.094,-30.993,-35.554,-32.875,-31.748,-8.5268
-1.5046,-2.5987,-3.592,2.5778,3.6685,-2.2507,-13.688,-30.554,-35.343,-32.693,-31.686,-8.3696
-0.7339,-2.0523,-4.2117,2.4271,6.1027,-1.8203,-13.273,-30.155,-35.13,-32.437,-31.59,-8.2505
-1.0799,-1.4774,-3.3225,2.4433,6.2689,-1.0665,-12.805,-29.823,-34.943,-32.122,-31.481,-8.1648
-2.6009,-0.86332,-0.89872,2.6185,3.6885,0.030686,-12.262,-29.561,-34.787,-31.773,-31.381,-8.122
-5.0537,-0.22505,2.7392,2.9224,-1.3728,1.3978,-11.645,-29.344,-34.64,-31.416,-31.306,-8.1313
-7.9815,0.41206,7.0529,3.2928,-7.8287,2.9074,-10.969,-29.12,-34.455,-31.052,-31.249,-8.1877
-10.826,1.0284,11.368,3.6376,-14.178,4.4074,-10.256,-28.832,-34.183,-30.661,-31.178,-8.2688
-13.056,1.619,14.975,3.8542,-19.123,5.7475,-9.5236,-28.442,-33.795,-30.207,-31.049,-8.3382
-14.284,2.1923,17.342,3.8575,-21.89,6.8144,-8.7828,-27.951,-33.289,-29.659,-30.832,-8.3546
-14.342,2.7611,18.291,3.6051,-22.306,7.5606,-8.0287,-27.384,-32.687,-29.009,-30.519,-8.2875
-13.329,3.3303,18.023,3.1105,-20.666,8.0074,-7.2494,-26.768,-32.016,-28.279,-30.135,-8.1337
-11.575,3.891,16.963,2.4385,-17.62,8.218,-6.4408,-26.108,-31.298,-27.51,-29.714,-7.9223
-9.5627,4.4238,15.599,1.6827,-14.12,8.2651,-5.6141,-25.388,-30.537,-26.747,-29.283,-7.7038
-7.748,4.9075,14.376,0.93671,-11.071,8.2172,-4.7905,-24.588,-29.728,-26.029,-28.85,-7.5305
-6.3663,5.3255,13.615,0.27211,-8.9249,8.1386,-3.9929,-23.707,-28.875,-25.375,-28.408,-7.4393
-5.411,5.6688,13.336,-0.27355,-7.59,8.0778,-3.2444,-22.772,-28,-24.79,-27.951,-7.4439
-4.7634,5.9345,13.183,-0.69587,-6.7292,8.0403,-2.571,-21.833,-27.142,-24.271,-27.482,-7.5372
-4.2994,6.123,12.761,-1.0148,-6.2483,7.9856,-2.0002,-20.952,-26.343,-23.815,-27.016,-7.7049
-3.8954,6.238,11.942,-1.2624,-6.0147,7.8651,-1.5515,-20.174,-25.628,-23.424,-26.579,-7.9383
-3.4536,6.2861,10.864,-1.4674,-5.6728,7.6561,-1.2256,-19.515,-24.998,-23.107,-26.19,-8.2397
-2.9822,6.2753,9.7328,-1.6376,-5.0642,7.3669,-0.99908,-18.948,-24.42,-22.862,-25.851,-8.617
-2.6017,6.2126,8.6984,-1.753,-4.374,7.032,-0.8302,-18.414,-23.842,-22.666,-25.535,-9.0726
-2.4626,6.105,7.8839,-1.7774,-3.9085,6.7029,-0.67087,-17.851,-23.208,-22.475,-25.199,-9.593
-2.6537,5.9637,7.397,-1.6822,-3.8775,6.4307,-0.48127,-17.22,-22.478,-22.242,-24.794,-10.148
-3.1542,5.8036,7.2812,-1.4693,-4.322,6.246,-0.24276,-16.515,-21.646,-21.938,-24.294,-10.703
-3.8325,5.6386,7.4675,-1.1815,-5.1116,6.143,0.03415,-15.768,-20.745,-21.568,-23.714,-11.239
-4.4781,5.4774,7.7813,-0.8984,-5.9812,6.0813,0.312,-15.026,-19.833,-21.178,-23.108,-11.772
-4.8636,5.327,8.0062,-0.71506,-6.6221,6.0048,0.54201,-14.332,-18.973,-20.822,-22.541,-12.343
-4.8264,5.1937,7.9711,-0.70771,-6.8039,5.8682,0.68749,-13.703,-18.203,-20.543,-22.057,-13
-4.3316,5.0781,7.6097,-0.90137,-6.4581,5.6509,0.74213,-13.128,-17.523,-20.349,-21.658,-13.772
-3.4791,4.9693,6.9587,-1.2576,-5.6739,5.353,0.73303,-12.576,-16.9,-20.209,-21.302,-14.648
-2.4535,4.8486,6.1107,-1.6906,-4.6277,4.9856,0.70842,-12.012,-16.283,-20.06,-20.917,-15.571
-1.4463,4.6982,5.1638,-2.1038,-3.5063,4.5612,0.71781,-11.405,-15.619,-19.83,-20.433,-16.451
-0.58597,4.5066,4.1831,-2.4282,-2.4451,4.0843,0.79443,-10.747,-14.872,-19.46,-19.816,-17.197
0.10212,4.2689,3.1702,-2.6443,-1.4806,3.5452,0.94609,-10.045,-14.032,-18.926,-19.077,-17.747
0.69067,3.9851,2.0611,-2.7788,-0.54397,2.922,1.1562,-9.3177,-13.113,-18.245,-18.273,-18.089
1.3,3.659,0.76917,-2.8795,0.49321,2.1942,1.3936,-8.5793,-12.143,-17.461,-17.474,-18.257
2.0288,3.2958,-0.74882,-2.985,1.7476,1.3595,1.6275,-7.8376,-11.156,-16.624,-16.734,-18.309
2.8993,2.9003,-2.4467,-3.1058,3.2547,0.4453,1.8416,-7.0946,-10.182,-15.775,-16.073,-18.308
3.8416,2.4751,-4.192,-3.2223,4.9225,-0.49429,2.0422,-6.3539,-9.2518,-14.94,-15.481,-18.3
4.7235,2.0238,-5.8061,-3.3003,6.5375,-1.3927,2.2572,-5.6212,-8.3836,-14.143,-14.944,-18.314
5.4071,1.5598,-7.1088,-3.3153,7.8294,-2.186,2.5296,-4.8947,-7.5768,-13.4,-14.46,-18.358
5.8009,1.1185,-7.9601,-3.2725,8.565,-2.8194,2.9097,-4.1429,-6.7911,-12.717,-14.039,-18.417
5.8845,0.76393,-8.2952,-3.2104,8.6264,-3.2472,3.446,-3.2863,-5.9308,-12.057,-13.671,-18.436
5.7055,0.58589,-8.1397,-3.1906,8.0527,-3.4288,4.1771,-2.1941,-4.8358,-11.297,-13.279,-18.299
5.3631,0.68823,-7.6043,-3.2915,7.0429,-3.3332,5.1248,-0.71034,-3.2839,-10.196,-12.664,-17.798
4.9931,1.1709,-6.8731,-3.62,5.9083,-2.9566,6.2865,1.2785,-0.99353,-8.3979,-11.493,-16.641
4.7648,2.0994,-6.1931,-4.3541,4.9969,-2.3662,7.5959,3.2533,2.1551,-5.5378,-9.3794,-14.531
4.8911,3.1182,-5.8184,-5.8347,4.6187,-2.0161,8.7781,-1.0048,-0.25896,-2.4315,-6.0849,-11.411
5.6585,0.49208,-6.0022,-8.439,4.9221,-4.1665,9.2818,-2.9257,-5.0907,-9.493,-5.1288,-8.9523
7.5484,-4.8547,-7.4241,-9.2977,5.7961,-7.0673,9.2971,-3.8731,-6.8285,-11.384,-8.1312,-15.332
11.444,-6.399,-9.5996,-2.5627,6.9277,-7.7779,9.6369,-4.1125,-8.3321,-13.767,-11.788,-18.703
17.032,-5.5006,-11.086,0.69268,7.8983,-6.7589,10.551,-1.0489,-6.7392,-15.687,-16.044,-22.332
12.363,-1.4414,-10.486,0.32567,8.4625,-3.1001,13.152,6.7929,0.1139,-14.43,-18.495,-25.008
10.122,7.0566,-5.7443,-2.303,10.863,4.2288,17.724,19.472,14.393,-6.6945,-16.557,-23.633
9.9319,20.784,4.3462,-8.1255,8.7289,15.505,27.318,37.704,37.697,10.997,-7.0238,-15.2
9.4087,40.152,19.26,-18.09,-0.21945,31.024,42.577,63.463,70.593,41.333,14.292,2.6571
9.6659,64.448,37.888,-32.688,-10.467,51.759,58.326,98.279,115.19,86.308,52.243,31.996
12.596,90.767,58.434,-51.483,-20.012,75.622,71.117,140.58,174.19,150.31,110.98,74.32
21.632,116.51,77.429,-73.392,-25.672,96.485,78.553,182.83,240.08,238.39,193.67,130.49
41.645,141.26,89.537,-98.029,-22.587,112.37,78.666,221.63,309.18,343.74,297.63,200.81
74.079,164.76,90.159,-126.04,-8.856,123.01,69.889,253.23,378.63,464.22,420.58,281.48
114.89,188.45,79.898,-158.31,15.735,128.88,51.313,273.63,444.27,597.8,561.78,369.98
163,215.05,60.998,-195.36,49.844,132.34,22.395,277.68,501.57,741.98,717.74,465.13
216.19,246.56,38.476,-236.85,89.308,136.96,-16.854,262.39,545.4,890.52,881.95,564.96
268.44,283.96,19.242,-281.17,127.12,146.87,-64.473,227.76,570.61,1032.7,1044,664.91
312.06,326.97,11.161,-324.92,154.8,166.06,-116.3,175.39,572.58,1154.2,1188.8,757.48
340.2,372.85,20.86,-362.98,164.81,196.24,-166.56,108.49,547.49,1237.8,1296.9,832.53
348.24,415.66,49.862,-389.24,153.75,234.58,-209.77,31.116,492.69,1265.8,1347.2,878.26
333.86,447.34,93.612,-397.97,123.94,273.97,-243.1,-53.56,407,1223.2,1321.7,883.24
297.98,459.74,143.32,-385.38,81.301,305.71,-267.05,-144.17,290.69,1101.6,1210.3,839.21
244.78,446.76,188.41,-350.63,32.704,321.88,-284.68,-241.17,145.65,902.68,1015.3,744.02
180.4,406.05,218.81,-296.11,-14.371,316.65,-300.49,-345.78,-24.015,638.57,752.26,603.24
111.9,339.91,227.63,-226.95,-52.925,287.76,-318.83,-458.07,-211.07,331.63,448.53,430.09
46.064,255.03,213.36,-149.97,-78.82,237.91,-342.13,-574.55,-403.92,11.943,138.72,243.66
-12.164,161.16,180.49,-72.729,-91.957,174.24,-369.42,-686.53,-585.84,-286.4,-141.59,65.234
-60.242,69.04,137.2,-2.3268,-95.422,105.94,-396.22,-780.8,-736.97,-530.94,-362.88,-86.106
-97.107,-11.655,92.177,55.735,-92.898,42.253,-416.1,-843.06,-839.22,-697.41,-507.63,-196.99
-122.4,-73.914,51.356,98.241,-87.517,-9.0967,-423.58,-862.91,-882.07,-775.6,-573.23,-261.85
-136.11,-114.48,22.911,124.1,-81.355,-44.043,-416.22,-838.02,-866.1,-772.74,-570.75,-283.59
-138.24,-134.25,8.8918,134.02,-73.998,-63.335,-394.46,-774.87,-801.99,-710.6,-520.53,-272.23
-129.65,-136.83,1.7729,130.22,-64.326,-70.659,-360.83,-685.61,-705.91,-615.88,-444.03,-240.69
-112.47,-126.67,-2.383,116.22,-51.022,-69.516,-319.39,-583.4,-594.54,-510.31,-359.54,-199.97
-89.75,-108.37,-4.9111,96.108,-34.934,-62.389,-274.36,-478.98,-481.3,-407.45,-281.67,-158.65
-65.263,-86.391,-6.5659,73.665,-21.031,-51.499,-228.68,-379.63,-375.17,-314.14,-215.67,-121.99
-42.481,-63.989,-7.4914,51.812,-11.392,-38.873,-184.07,-289.98,-281.41,-232.75,-160.83,-90.918
-24.221,-43.115,-5.266,32.535,-5.1785,-24.258,-142.26,-213.23,-202.8,-164.92,-116.21,-64.714
-12.313,-25.842,-3.4818,17.842,-1.5365,-10.843,-105.22,-151.32,-140.62,-113.17,-81.739,-44.31
-6.2472,-14.389,-3.0775,8.8436,0.056567,-8.0749,-75.126,-105.02,-95.052,-76.05,-56.07,-30.728
-3.6137,-7.9567,-2.2756,3.9581,0.07948,-5.9209,-53.007,-73.356,-64.311,-50.004,-35.794,-20.744
-2.6913,-3.8284,-1.376,1.6332,-0.93453,-4.0997,-37.557,-53.396,-44.856,-33.212,-22.282,-13.472
-2.7515,-1.4134,-0.60149,0.93073,-1.6528,-2.8354,-27.164,-41.381,-33.014,-23.823,-15.013,-8.6196
-3.7776,-1.301,-0.1315,1.3099,-1.5879,-1.9759,-20.468,-33.581,-25.394,-19.014,-11.531,-6.9255
-4.678,-3.5799,-0.054443,2.9334,-1.1967,-1.1758,-16.122,-27.564,-19.916,-16.402,-10.047,-8.8586
-3.5481,-3.3915,-0.34722,3.3193,-0.43644,-0.46307,-13.204,-23.114,-16.04,-14.701,-8.9623,-8.701
-2.2471,-2.0898,-0.89006,2.2803,0.67418,0.07469,-11.405,-20.599,-13.751,-13.747,-9.8878,-5.8768
-1.2239,-1.0169,-1.5036,1.4365,1.8832,0.45315,-10.752,-19.71,-13.793,-13.409,-7.3746,-3.6918
-0.58103,-0.27675,-1.9965,0.93794,2.8745,0.74075,-13.927,-20.035,-13.389,-9.0818,-4.3747,-2.1817
-0.37747,0.21163,-2.213,0.74254,3.4158,1.0085,-12.158,-16.789,-9.1468,-5.93,-2.3713,-1.1124
-0.60204,0.53505,-2.0678,0.78026,3.4091,1.3093,-9.3334,-12.847,-6.1794,-3.8742,-1.0009,-0.31881
-1.1686,0.76216,-1.5532,0.96947,2.8778,1.6734,-7.2646,-9.9804,-4.0799,-2.4013,0.063285,0.31876
-1.9443,0.93999,-0.71958,1.2297,1.9297,2.1101,-5.6495,-7.6783,-2.3913,-1.1631,1.0419,0.89547
-2.7873,1.0932,0.35014,1.4932,0.71542,2.6091,-4.2867,-5.7103,-0.89236,0.037531,2.0613,1.4802
-3.5743,1.227,1.5563,1.7094,-0.61396,3.141,-3.0806,-3.9635,0.49374,1.2702,3.1545,2.1014
-4.2155,1.3366,2.7932,1.8458,-1.9366,3.6648,-1.9814,-2.3754,1.7733,2.5148,4.2768,2.7422
-4.6638,1.4175,3.9665,1.8876,-3.1653,4.1423,-0.95227,-0.89386,2.9483,3.7191,5.35,3.3573
-4.9176,1.4721,5.0019,1.8369,-4.2419,4.5458,0.044617,0.53848,4.0599,4.8578,6.3253,3.9093
-5.0123,1.5059,5.8331,1.7111,-5.1342,4.8514,1.0425,1.9715,5.1871,5.9623,7.2265,4.3957
-4.998,1.5198,6.3841,1.5389,-5.8161,5.0269,2.0535,3.4241,6.4075,7.1056,8.1449,4.8511
-4.9113,1.5036,6.5672,1.3543,-6.2285,5.0306,3.0596,4.8751,7.7548,8.3594,9.1931,5.3283
-4.7549,1.4376,6.3018,1.1892,-6.2656,4.8237,4.0199,6.2795,9.2025,9.7548,10.455,5.873
-4.5009,1.3019,5.5402,1.0656,-5.8166,4.3884,4.8924,7.5979,10.682,11.269,11.959,6.5097
-4.1113,1.0884,4.2882,0.99092,-4.8218,3.7422,5.6578,8.8275,12.128,12.839,13.67,7.2405
-3.5534,0.80465,2.6087,0.95834,-3.2868,2.9392,6.3288,10.02,13.521,14.402,15.514,8.0524
-2.7976,0.46978,0.61358,0.94612,-1.2648,2.0572,6.9377,11.274,14.901,15.922,17.397,8.9266
-1.824,0.10479,-1.5431,0.92051,1.1368,1.1783,7.5113,12.696,16.341,17.408,19.244,9.8458
-0.656,-0.27437,-3.6731,0.85157,3.7277,0.37508,8.0533,14.347,17.894,18.9,21.025,10.804
0.60965,-0.65829,-5.5692,0.73431,6.2272,-0.29484,8.5462,16.188,19.551,20.447,22.754,11.812
1.7948,-1.0408,-7.0166,0.59611,8.2826,-0.79015,8.9626,18.066,21.216,22.062,24.453,12.891
2.6598,-1.4145,-7.808,0.48387,9.5085,-1.0891,9.2737,19.773,22.724,23.704,26.099,14.047
2.9612,-1.7701,-7.7847,0.44261,9.5721,-1.1975,9.4514,21.146,23.901,25.271,27.594,15.244
2.5371,-2.0996,-6.9079,0.50273,8.2948,-1.1541,9.4732,22.13,24.642,26.642,28.804,16.409
1.386,-2.4004,-5.3426,0.6808,5.7326,-1.026,9.3294,22.789,24.985,27.749,29.641,17.465
-0.2925,-2.675,-3.4695,0.97899,2.3064,-0.89289,9.0268,23.273,25.119,28.643,30.155,18.391
-2.1199,-2.9281,-1.7671,1.3707,-1.1533,-0.8288,8.5826,23.76,25.329,29.507,30.561,19.249
-3.6592,-3.1653,-0.65396,1.7916,-3.6933,-0.88927,8.0095,24.389,25.893,30.6,31.185,20.176
-4.608,-3.3946,-0.38875,2.1611,-4.7883,-1.1077,7.3047,25.214,27.017,32.17,32.348,21.328
-4.8255,-3.6238,-1.0512,2.4132,-4.3467,-1.4911,6.4529,26.201,28.803,34.371,34.271,22.842
-4.2127,-3.8547,-2.5847,2.5061,-2.3964,-2.01,5.4434,27.275,31.264,37.218,37.009,24.811
-12.365,-13.405,-2.9137,12.695,-1.4295,-2.8755,11.116,36.097,44.051,46.818,49.319,40.687
-0.36298,-13.259,-14.803,6.6755,10.205,-8.789,5.6303,31.457,40.25,46.004,47.779,40.068
13.535,-11.059,-26.536,-1.343,22.729,-13.697,-0.16625,26.858,35.816,44.63,45.339,38.938
26.608,-7.4243,-36.009,-9.7028,33.78,-16.798,-5.6314,23.391,32.1,43.225,42.53,37.483
35.699,-3.4265,-41.137,-16.252,40.749,-17.505,-10.074,21.883,30.529,42.771,40.613,36.467
38.227,-0.20014,-40.475,-19.065,41.594,-15.594,-12.865,22.71,32.113,44.34,41.087,36.878
33.121,1.3442,-33.86,-17.078,35.655,-11.39,-13.732,25.688,37.027,48.556,44.949,39.327
21.161,0.734,-22.548,-10.393,23.922,-5.7232,-12.926,30.179,44.61,55.296,52.218,43.708
4.5451,-1.8616,-8.5642,-0.19026,8.5009,0.4736,-11.072,35.413,53.784,63.842,62.047,49.394
-14.023,-5.6037,6.2248,11.69,-8.3191,6.6183,-8.8653,40.787,63.531,73.256,73.157,55.66
