-66.914,-70.877,-6.0078,65.767,-31.214,-38.477,78.014,-35.664,-55.607,-100.09,-47.75,-38.028
-68.816,-68.266,-1.7332,65.309,-34.19,-34.968,77.504,-36.001,-51.2,-98.448,-46.063,-42.394
-70.921,-65.562,2.8388,64.927,-37.418,-31.284,76.264,-36.443,-46.625,-96.196,-44.153,-45.246
-73.195,-62.92,7.5178,64.707,-40.783,-27.625,74.017,-36.904,-41.921,-92.904,-41.939,-45.546
-75.296,-60.759,11.545,64.717,-43.737,-24.606,71.113,-37.097,-37.353,-88.426,-39.563,-43.071
-76.713,-59.561,13.928,64.952,-45.526,-22.976,68.369,-36.504,-33.246,-82.916,-37.3,-38.403
-77.033,-59.523,14.053,65.287,-45.638,-23.123,66.636,-34.464,-29.714,-76.737,-35.381,-32.631
-76.177,-60.278,12.211,65.448,-44.179,-24.668,66.308,-30.37,-26.46,-70.285,-33.874,-26.961
-74.473,-60.866,9.6902,65.045,-41.957,-26.41,67.08,-23.911,-22.769,-63.831,-32.706,-22.383
-72.492,-60.026,8.3214,63.666,-40.173,-26.739,68.065,-15.239,-17.719,-57.437,-31.762,-19.469
-70.707,-56.707,9.6292,60.994,-39.825,-24.338,68.213,-4.9859,-10.561,-51.036,-31.011,-18.298
-44.894,-38.635,0.59373,31.441,-29.125,-22.649,50.71,0.56946,-3.979,-40.634,-30.224,-17.736
-40.515,-36.218,2.0324,29.729,-27.862,-20.28,48.535,4.7059,1.3474,-36.831,-28.728,-15.083
-35.942,-33.381,3.7371,27.814,-26.351,-17.499,46.41,9.302,7.0698,-32.601,-26.902,-11.94
-31.146,-30.127,5.5798,25.73,-24.594,-14.361,44.408,14.356,13.133,-27.992,-24.762,-8.3994
-26.182,-26.477,7.4682,23.517,-22.64,-10.936,42.6,19.828,19.47,-23.055,-22.337,-4.5838
-21.301,-22.455,9.4014,21.209,-20.632,-7.2729,41.019,25.63,26.023,-17.823,-19.65,-0.62041
-16.919,-18.095,11.471,18.828,-18.813,-3.4,39.645,31.619,32.757,-12.302,-16.718,3.3793
-13.458,-13.447,13.8,16.384,-17.473,0.65365,38.419,37.615,39.652,-6.4909,-13.563,7.3317
-11.176,-8.6019,16.455,13.878,-16.845,4.8153,37.281,43.422,46.677,-0.40118,-10.212,11.185
-10.128,-3.694,19.372,11.302,-17.014,8.9462,36.2,48.866,53.771,5.921,-6.7032,14.921
-10.171,1.1278,22.354,8.6446,-17.877,12.864,35.186,53.816,60.824,12.393,-3.0719,18.547
-10.992,5.7558,25.142,5.8864,-19.172,16.408,34.251,58.201,67.685,18.916,0.65616,22.091
-12.169,10.182,27.525,3,-20.562,19.527,33.377,62.006,74.199,25.411,4.4748,25.596
-13.272,14.526,29.443,-0.04417,-21.723,22.336,32.508,65.268,80.27,31.854,8.3982,29.112
-13.965,19.006,31.034,-3.2644,-22.425,25.109,31.574,68.058,85.901,38.291,12.455,32.678
-14.047,23.856,32.59,-6.6551,-22.581,28.194,30.508,70.456,91.198,44.82,16.673,36.299
-13.462,29.208,34.407,-10.186,-22.237,31.845,29.256,72.522,96.303,51.56,21.065,39.924
-12.272,34.993,36.616,-13.806,-21.519,36.072,27.795,74.266,101.28,58.595,25.613,43.449
-10.615,40.947,39.122,-17.451,-20.57,40.623,26.136,75.634,106,65.918,30.255,46.728
-8.6667,46.722,41.676,-21.038,-19.52,45.114,24.338,76.522,110.15,73.366,34.882,49.619
-6.609,52.036,44.022,-24.491,-18.463,49.214,22.49,76.8,113.33,80.611,39.346,52.015
-4.5955,56.752,46.016,-27.759,-17.481,52.764,20.678,76.351,115.19,87.258,43.495,53.875
-2.7314,60.877,47.655,-30.827,-16.668,55.771,18.95,75.095,115.6,92.997,47.221,55.222
-1.0631,64.509,49.033,-33.712,-16.121,58.349,17.293,73.009,114.59,97.688,50.483,56.123
0.41872,67.778,50.254,-36.447,-15.892,60.632,15.631,70.136,112.31,101.34,53.307,56.666
1.7636,70.788,51.369,-39.061,-15.959,62.708,13.867,66.585,108.96,104.04,55.756,56.939
3.0339,73.591,52.342,-41.553,-16.214,64.599,11.917,62.517,104.77,105.88,57.902,57.013
4.2727,76.171,53.07,-43.875,-16.485,66.255,9.7414,58.117,99.957,106.97,59.812,56.945
5.4806,78.455,53.417,-45.943,-16.579,67.591,7.3404,53.562,94.714,107.39,61.541,56.78
6.6171,80.341,53.278,-47.664,-16.337,68.519,4.746,48.981,89.221,107.22,63.144,56.56
7.6287,81.711,52.611,-48.956,-15.673,68.964,2.0116,44.448,83.648,106.55,64.668,56.324
8.4868,82.432,51.415,-49.768,-14.573,68.841,-0.78947,39.975,78.152,105.44,66.155,56.104
9.2067,82.331,49.665,-50.078,-13.08,68.016,-3.5697,35.54,72.859,103.96,67.638,55.909
9.8397,81.216,47.259,-49.891,-11.258,66.288,-6.2383,31.11,67.833,102.17,69.134,55.714
10.444,78.939,44.028,-49.244,-9.1766,63.453,-8.7115,26.667,63.061,100.07,70.641,55.459
11.053,75.485,39.832,-48.194,-6.9111,59.413,-10.922,22.211,58.469,97.656,72.131,55.056
11.648,70.997,34.671,-46.8,-4.559,54.254,-12.831,17.762,53.95,94.887,73.554,54.417
12.159,65.711,28.746,-45.095,-2.2429,48.219,-14.43,13.342,49.406,91.754,74.849,53.485
12.491,59.847,22.383,-43.07,-0.08124,41.589,-15.726,8.9739,44.777,88.272,75.953,52.257
12.569,53.543,15.926,-40.677,1.8559,34.59,-16.71,4.6808,40.049,84.483,76.814,50.775
12.378,46.857,9.6835,-37.874,3.5694,27.379,-17.348,0.49,35.246,80.444,77.401,49.108
11.974,39.845,3.9118,-34.674,5.1223,20.133,-17.601,-3.5617,30.416,76.215,77.707,47.311
11.457,32.654,-1.218,-31.172,6.6072,13.133,-17.457,-7.4274,25.614,71.848,77.737,45.404
10.926,25.568,-5.6569,-27.534,8.0999,6.7207,-16.949,-11.058,20.894,67.387,77.491,43.362
10.419,18.909,-9.4574,-23.927,9.617,1.1432,-16.156,-14.414,16.296,62.868,76.951,41.129
9.8956,12.885,-12.705,-20.438,11.102,-3.5428,-15.176,-17.48,11.832,58.312,76.075,38.637
9.2528,7.4992,-15.469,-17.047,12.447,-7.4472,-14.109,-20.268,7.4814,53.73,74.802,35.832
8.3747,2.5924,-17.803,-13.661,13.541,-10.76,-13.032,-22.81,3.2067,49.127,73.072,32.695
7.1924,-2.0369,-19.766,-10.198,14.314,-13.682,-11.986,-25.144,-1.0279,44.507,70.844,29.256
5.7224,-6.528,-21.444,-6.6536,14.767,-16.381,-10.983,-27.309,-5.2358,39.886,68.118,25.588
4.068,-10.907,-22.948,-3.1195,14.972,-18.971,-10.017,-29.328,-9.4003,35.284,64.94,21.786
2.385,-15.102,-24.388,0.25147,15.048,-21.505,-9.0919,-31.213,-13.482,30.723,61.379,17.935
0.83022,-18.998,-25.852,3.3173,15.123,-23.98,-8.2393,-32.965,-17.435,26.213,57.503,14.085
-0.47844,-22.504,-27.385,6.0029,15.301,-26.355,-7.5247,-34.583,-21.223,21.743,53.349,10.247
-1.4779,-25.582,-29.004,8.3114,15.656,-28.584,-7.0272,-36.066,-24.822,17.292,48.919,6.3965
-2.1517,-28.251,-30.714,10.295,16.246,-30.642,-6.8099,-37.416,-28.22,12.833,44.209,2.4999
-2.5079,-30.565,-32.523,12.015,17.128,-32.535,-6.8944,-38.638,-31.407,8.3464,39.239,-1.4682
-2.5502,-32.59,-34.444,13.505,18.354,-34.296,-7.2538,-39.739,-34.376,3.8304,34.071,-5.5115
-2.2506,-34.383,-36.5,14.771,19.977,-35.971,-7.8261,-40.732,-37.126,-0.70358,28.8,-9.6101
-1.5443,-35.982,-38.716,15.793,22.045,-37.6,-8.5447,-41.645,-39.671,-5.2391,23.517,-13.729
-0.35607,-37.406,-41.095,16.549,24.566,-39.206,-9.3728,-42.527,-42.047,-9.7641,18.281,-17.834
1.3497,-38.657,-43.59,17.026,27.462,-40.778,-10.328,-43.443,-44.309,-14.275,13.105,-21.905
3.5169,-39.729,-46.092,17.229,30.541,-42.274,-11.48,-44.465,-46.522,-18.768,7.9653,-25.94
5.9741,-40.611,-48.441,17.191,33.529,-43.63,-12.926,-45.641,-48.736,-23.229,2.8199,-29.946
8.4621,-41.298,-50.469,16.969,36.148,-44.775,-14.749,-46.976,-50.972,-27.619,-2.3588,-33.922
10.712,-41.793,-52.047,16.638,38.182,-45.656,-16.978,-48.42,-53.209,-31.871,-7.5603,-37.847
12.535,-42.108,-53.125,16.283,39.531,-46.251,-19.575,-49.875,-55.391,-35.896,-12.725,-41.672
13.888,-42.266,-53.746,15.969,40.241,-46.576,-22.437,-51.226,-57.446,-39.61,-17.753,-45.334
14.874,-42.295,-54.036,15.729,40.502,-46.682,-25.424,-52.367,-59.308,-42.955,-22.541,-48.77
15.681,-42.23,-54.16,15.547,40.59,-46.642,-28.394,-53.225,-60.937,-45.913,-27.008,-51.937
16.475,-42.1,-54.25,15.376,40.753,-46.526,-31.231,-53.768,-62.321,-48.51,-31.126,-54.816
17.305,-41.923,-54.348,15.172,41.084,-46.38,-33.865,-53.997,-63.477,-50.792,-34.914,-57.412
18.068,-41.705,-54.388,14.921,41.478,-46.216,-36.279,-53.937,-64.438,-52.815,-38.426,-59.745
18.55,-41.438,-54.248,14.643,41.712,-46.014,-38.484,-53.621,-65.242,-54.627,-41.72,-61.841
18.505,-41.112,-53.824,14.383,41.569,-45.731,-40.493,-53.08,-65.921,-56.263,-44.841,-63.733
17.759,-40.727,-53.078,14.194,40.931,-45.332,-42.308,-52.347,-66.501,-57.743,-47.811,-65.462
16.263,-40.297,-52.036,14.123,39.803,-44.802,-43.917,-51.458,-67.003,-59.079,-50.635,-67.075
14.12,-39.85,-50.762,14.195,38.279,-44.158,-45.306,-50.455,-67.443,-60.28,-53.309,-68.618
11.568,-39.421,-49.342,14.412,36.497,-43.438,-46.456,-49.391,-67.836,-61.36,-55.829,-70.118
8.9162,-39.04,-47.865,14.75,34.613,-42.691,-47.351,-48.309,-68.19,-62.331,-58.194,-71.577
6.4641,-38.722,-46.406,15.165,32.763,-41.955,-47.996,-47.23,-68.501,-63.205,-60.397,-72.959
4.4029,-38.469,-45.001,15.612,31.023,-41.252,-48.414,-46.137,-68.75,-63.983,-62.428,-74.19
2.766,-38.269,-43.645,16.063,29.395,-40.587,-48.657,-44.982,-68.904,-64.652,-64.26,-75.18
1.4397,-38.106,-42.317,16.511,27.825,-39.96,-48.776,-43.699,-68.919,-65.185,-65.862,-75.834
0.23908,-37.972,-41.016,16.959,26.262,-39.373,-48.809,-42.245,-68.761,-65.553,-67.204,-76.09
-0.98723,-37.869,-39.78,17.403,24.709,-38.844,-48.756,-40.615,-68.414,-65.736,-68.273,-75.932
-2.2842,-37.81,-38.704,17.823,23.247,-38.41,-48.588,-38.855,-67.899,-65.738,-69.082,-75.398
-3.581,-37.809,-37.906,18.185,22.019,-38.121,-48.257,-37.046,-67.262,-65.589,-69.667,-74.568
-4.7245,-37.875,-37.497,18.453,21.175,-38.021,-47.721,-35.273,-66.561,-65.332,-70.08,-73.533
-5.5302,-38.003,-37.54,18.603,20.829,-38.131,-46.951,-33.603,-65.846,-65.013,-70.371,-72.377
-5.8429,-38.175,-38.032,18.625,21.038,-38.436,-45.946,-32.068,-65.146,-64.66,-70.576,-71.162
-5.5833,-38.36,-38.915,18.524,21.814,-38.891,-44.719,-30.672,-64.472,-64.278,-70.716,-69.924
-4.7469,-38.53,-40.096,18.316,23.129,-39.433,-43.268,-29.391,-63.817,-63.849,-70.792,-68.679
-3.3667,-38.662,-41.475,18.016,24.929,-40.007,-41.578,-28.183,-63.154,-63.34,-70.792,-67.425
-1.496,-38.753,-42.962,17.639,27.126,-40.571,-39.636,-26.998,-62.447,-62.707,-70.688,-66.136
0.77066,-38.81,-44.473,17.19,29.578,-41.107,-37.458,-25.79,-61.653,-61.913,-70.441,-64.769
3.2778,-38.845,-45.921,16.676,32.085,-41.607,-35.104,-24.526,-60.732,-60.935,-70.015,-63.269
5.8222,-38.861,-47.217,16.104,34.403,-42.057,-32.675,-23.194,-59.657,-59.768,-69.38,-61.582
8.1969,-38.847,-48.272,15.489,36.303,-42.429,-30.299,-21.798,-58.417,-58.423,-68.526,-59.663
10.241,-38.782,-49.016,14.843,37.631,-42.685,-28.09,-20.354,-57.026,-56.923,-67.467,-57.495
11.872,-38.636,-49.411,14.17,38.352,-42.789,-26.125,-18.885,-55.519,-55.296,-66.241,-55.098
13.086,-38.384,-49.469,13.461,38.548,-42.718,-24.438,-17.421,-53.944,-53.573,-64.902,-52.528
13.942,-38.007,-49.242,12.698,38.38,-42.473,-23.042,-15.996,-52.354,-51.787,-63.51,-49.877
14.521,-37.493,-48.813,11.854,38.031,-42.073,-21.949,-14.646,-50.787,-49.97,-62.115,-47.253
14.91,-36.832,-48.262,10.908,37.651,-41.542,-21.181,-13.39,-49.252,-48.143,-60.74,-44.75
15.177,-36.006,-47.649,9.8446,37.316,-40.898,-20.747,-12.215,-47.718,-46.308,-59.37,-42.421
15.35,-34.98,-46.98,8.6608,37.019,-40.136,-20.631,-11.067,-46.118,-44.437,-57.953,-40.26
15.4,-33.695,-46.21,7.3607,36.686,-39.219,-20.772,-9.8666,-44.364,-42.479,-56.411,-38.205
15.246,-32.072,-45.247,5.9504,36.207,-38.079,-21.07,-8.5326,-42.377,-40.372,-54.669,-36.164
14.795,-30.023,-43.975,4.43,35.47,-36.63,-21.392,-7.0128,-40.117,-38.072,-52.683,-34.052
13.995,-27.474,-42.283,2.7892,34.377,-34.786,-21.589,-5.2971,-37.593,-35.575,-50.464,-31.822
12.877,-24.377,-40.09,1.0033,32.862,-32.479,-21.522,-3.4108,-34.867,-32.921,-48.072,-29.477
11.555,-20.715,-37.364,-0.96996,30.905,-29.668,-21.092,-1.3955,-32.028,-30.187,-45.599,-27.059
10.186,-16.477,-34.119,-3.1905,28.546,-26.332,-20.254,0.70452,-29.166,-27.458,-43.127,-24.619
8.909,-11.637,-30.408,-5.7277,25.873,-22.456,-19.021,2.8445,-26.353,-24.802,-40.703,-22.198
7.8168,-6.1451,-26.309,-8.6414,22.996,-18.025,-17.454,4.9762,-23.632,-22.251,-38.325,-19.811
6.9553,0.048234,-21.92,-11.956,20.034,-13.034,-15.647,7.0505,-21.018,-19.796,-35.954,-17.446
6.3471,6.9382,-17.362,-15.637,17.097,-7.51,-13.714,9.0301,-18.499,-17.389,-33.532,-15.077
6.0129,14.414,-12.765,-19.582,14.295,-1.5399,-11.775,10.903,-16.042,-14.954,-30.999,-12.665
5.9775,22.251,-8.2483,-23.637,11.733,4.724,-9.95,12.687,-13.602,-12.411,-28.318,-10.172
6.2626,30.168,-3.9099,-27.645,9.5056,11.097,-8.3471,14.417,-11.143,-9.7082,-25.485,-7.5617
6.88,37.921,0.194,-31.493,7.6833,17.422,-7.0333,16.124,-8.6553,-6.8465,-22.527,-4.8079
7.8321,45.353,4.0588,-35.129,6.3012,23.612,-6.012,17.814,-6.161,-3.8834,-19.486,-1.8994
9.1204,52.398,7.731,-38.552,5.3569,29.649,-5.24,19.468,-3.7087,-0.91455,-16.407,1.1532
10.749,59.038,11.283,-41.784,4.8154,35.536,-4.6708,21.039,-1.3637,1.9536,-13.324,4.3133
12.71,65.246,14.769,-44.842,4.6197,41.244,-4.2744,22.454,0.797,4.6234,-10.28,7.5159
14.96,70.96,18.197,-47.717,4.7005,46.689,-4.0346,23.616,2.6852,7.0119,-7.3353,10.665
17.394,76.107,21.512,-50.375,4.9865,51.757,-3.9469,24.405,4.2047,9.0464,-4.5876,13.637
19.859,80.647,24.616,-52.778,5.4142,56.347,-4.0227,24.702,5.2628,10.661,-2.1634,16.292
22.173,84.599,27.382,-54.909,5.936,60.412,-4.292,24.417,5.7877,11.8,-0.19424,18.498
24.164,88.045,29.69,-56.789,6.5216,63.965,-4.7954,23.52,5.748,12.436,1.2235,20.162
25.703,91.11,31.453,-58.479,7.1526,67.082,-5.5724,22.049,5.1622,12.582,2.065,21.259
26.762,93.93,32.639,-60.063,7.8166,69.872,-6.6543,20.1,4.0927,12.297,2.3932,21.843
27.493,96.617,33.261,-61.625,8.5116,72.431,-8.071,17.792,2.6272,11.668,2.3443,22.044
28.219,99.237,33.357,-63.229,9.2575,74.801,-9.8622,15.246,0.86209,10.789,2.0879,22.03
29.357,101.8,32.961,-64.921,10.104,76.945,-12.083,12.565,-1.1047,9.7468,1.7821,21.97
31.337,104.28,32.083,-66.738,11.123,78.739,-14.787,9.8391,-3.1744,8.607,1.5414,21.995
34.499,106.58,30.691,-68.704,12.39,79.979,-17.974,7.1424,-5.2515,7.4129,1.4279,22.188
38.972,108.53,28.742,-70.803,13.962,80.416,-21.533,4.5342,-7.2531,6.1858,1.4636,22.584
44.667,109.85,26.233,-72.918,15.842,79.81,-25.265,2.0528,-9.122,4.933,1.6522,23.193
51.312,110.17,23.25,-74.8,17.953,78.004,-28.981,-0.28228,-10.829,3.6651,2.0036,24.011
58.179,109.05,19.974,-76.066,20.125,74.975,-32.525,-2.4548,-12.362,2.4229,2.5496,25.03
63.98,106.14,16.634,-76.235,22.107,70.844,-35.722,-4.4292,-13.697,1.2973,3.3438,26.242
67.395,101.32,13.444,-74.804,23.608,65.832,-38.337,-6.1423,-14.793,0.4218,4.4407,27.632
67.64,94.701,10.555,-71.394,24.356,60.199,-40.102,-7.5177,-15.599,-0.067767,5.8629,29.169
64.178,86.651,8.052,-65.932,24.14,54.171,-40.796,-8.4941,-16.079,-0.086726,7.5713,30.801
56.43,77.623,5.9617,-58.737,22.829,47.918,-40.314,-9.0457,-16.231,0.35975,9.4538,32.453
44.55,68.088,4.2958,-50.41,20.391,41.553,-38.702,-9.1847,-16.09,1.1751,11.346,34.047
29.722,58.461,3.0931,-41.602,16.909,35.166,-36.107,-8.9479,-15.711,2.2111,13.087,35.521
13.091,49.049,2.441,-32.818,12.567,28.83,-32.725,-8.3781,-15.149,3.3295,14.584,36.852
-5.2995,39.972,2.4481,-24.365,7.5975,22.6,-28.768,-7.5125,-14.439,4.4487,15.858,38.06
-25.016,31.067,3.1748,-16.319,2.2222,16.533,-24.472,-6.382,-13.596,5.5485,17.015,39.191
-42.347,21.892,4.5683,-8.507,-3.3412,10.775,-20.103,-5.0191,-12.63,6.6414,18.189,40.288
-53.472,12.018,6.4538,-0.67934,-8.8202,5.5733,-15.887,-3.466,-11.555,7.7371,19.46,41.355
-58.719,1.6793,8.5994,7.0535,-13.866,1.1572,-11.922,-1.7726,-10.388,8.8227,20.821,42.34
-59.929,-8.0141,10.814,13.986,-18.201,-2.3873,-8.18,0.010374,-9.1493,9.8595,22.176,43.142
-58.459,-15.955,13.02,19.371,-21.8,-5.1078,-4.6094,1.8368,-7.8596,10.789,23.383,43.645
-56.069,-21.855,15.268,23.152,-24.859,-7.1063,-1.2082,3.665,-6.5552,11.544,24.287,43.751
-55.764,-26.078,17.689,25.857,-27.605,-8.4887,1.9809,5.4524,-5.3004,12.051,24.751,43.401
-60.439,-29.148,20.392,28.063,-30.187,-9.3627,4.9124,7.1489,-4.1877,12.243,24.666,42.57
-70.075,-31.495,23.374,30.142,-32.687,-9.8603,7.5562,8.6944,-3.3175,12.058,23.97,41.253
-81.866,-33.413,26.48,32.261,-35.152,-10.151,9.8996,10.02,-2.7685,11.453,22.652,39.452
-93.065,-35.09,29.457,34.462,-37.589,-10.427,11.956,11.05,-2.5808,10.404,20.762,37.171
-102.39,-36.633,32.07,36.717,-39.966,-10.847,13.772,11.715,-2.7593,8.9147,18.393,34.428
-109.62,-38.093,34.191,38.966,-42.24,-11.484,15.413,11.969,-3.2877,7.0148,15.662,31.265
-114.94,-39.468,35.825,41.14,-44.375,-12.303,16.936,11.809,-4.1341,4.7666,12.691,27.764
-118.69,-40.717,37.085,43.174,-46.345,-13.188,18.37,11.285,-5.2422,2.2721,9.6077,24.041
-121.37,-41.786,38.138,45.023,-48.124,-13.997,19.71,10.493,-6.5208,-0.32762,6.5582,20.249
-123.57,-42.634,39.145,46.665,-49.677,-14.621,20.924,9.5534,-7.8447,-2.8666,3.7024,16.565
-125.7,-43.253,40.198,48.071,-50.976,-15.006,21.977,8.5869,-9.0739,-5.1862,1.1953,13.175
-127.43,-43.663,41.272,49.206,-52.004,-15.158,22.84,7.6947,-10.086,-7.1728,-0.85485,10.23
-127.79,-43.892,42.226,50.023,-52.721,-15.127,23.497,6.9411,-10.807,-8.7824,-2.4201,7.8223
-126.5,-43.967,42.867,50.46,-53.04,-14.981,23.938,6.3475,-11.225,-10.037,-3.5557,5.9694
-124.25,-43.907,43.037,50.463,-52.866,-14.793,24.155,5.8944,-11.384,-10.997,-4.3649,4.6301
-121.59,-43.724,42.671,50.025,-52.161,-14.629,24.155,5.5294,-11.372,-11.726,-4.9521,3.7323
-118.57,-43.441,41.776,49.213,-50.978,-14.553,23.979,5.1816,-11.294,-12.276,-5.3937,3.1958
-115.05,-43.096,40.385,48.166,-49.46,-14.626,23.711,4.7807,-11.247,-12.679,-5.7368,2.9416
-110.94,-42.745,38.511,47.045,-47.792,-14.898,23.451,4.2739,-11.298,-12.957,-6.0111,2.8931
-106.41,-42.442,36.13,45.969,-46.149,-15.408,23.275,3.632,-11.476,-13.128,-6.2329,2.978
-101.87,-42.228,33.207,44.979,-44.624,-16.173,23.196,2.8411,-11.772,-13.21,-6.3987,3.1389
-97.75,-42.115,29.743,44.059,-43.213,-17.172,23.151,1.8899,-12.171,-13.217,-6.4772,3.3496
-94.272,-42.087,25.835,43.159,-41.841,-18.33,23.023,0.75732,-12.671,-13.164,-6.4176,3.6275
-91.419,-42.098,21.695,42.227,-40.407,-19.516,22.675,-0.59531,-13.31,-13.078,-6.1741,4.0318
-89.025,-42.08,17.644,41.223,-38.817,-20.568,21.993,-2.2229,-14.163,-13.016,-5.7332,4.6504
-86.895,-41.957,14.059,40.143,-37.013,-21.322,20.911,-4.1715,-15.316,-13.06,-5.1157,5.5846
-84.905,-41.655,11.297,39.024,-35,-21.623,19.426,-6.4265,-16.793,-13.268,-4.3297,6.9522
-83.001,-41.097,9.6414,37.92,-32.874,-21.321,17.606,-8.8522,-18.456,-13.575,-3.271,8.916
-81.119,-40.184,9.2414,36.859,-30.77,-20.272,15.582,-11.145,-19.94,-13.666,-1.5854,11.742
-79.089,-38.781,10.019,35.808,-28.796,-18.362,13.534,-12.813,-20.624,-12.857,1.4875,15.87
-76.516,-36.695,11.633,34.662,-27.04,-15.55,11.659,-13.19,-19.585,-9.9394,7.2898,21.974
-72.473,-33.665,13.66,33.236,-25.596,-11.835,10.124,-11.513,-15.398,-2.7555,17.319,30.888
-66.109,-29.425,15.823,31.235,-24.506,-7.1589,8.9864,-6.939,-6.0185,7.5925,10.042,42.816
-62.388,-24.023,17.909,28.543,-23.567,-1.3546,8.124,0.527,-10.003,-1.7394,4.0241,47.247
-62.746,-18.174,19.554,27.301,-22.651,5.7444,7.2571,-5.978,-21.367,-7.0883,2.9965,43.01
-60.362,-11.283,20.225,23.515,-25.551,14.106,6.1301,-23.69,-35.317,-15.849,1.0021,47.037
-59.726,2.072,19.964,13.875,-34.911,23.327,4.6545,-42.471,-52.158,-27.069,0.013464,52.017
-60.707,23.087,23.585,3.5314,-41.875,32.594,2.8795,-58.092,-66.207,-36.07,3.6678,59.65
-61.119,45.183,55.886,-7.0912,-49.105,40.829,0.98486,-61.495,-67.491,-32.917,19.746,73.561
-56.756,65.758,97.254,-18.828,-52.922,47.462,-0.00030808,-42.116,-42.06,-2.1608,61.646,100.06
-42.585,85.809,97.769,-33.614,-48.331,56.766,3.7746,7.8448,23.78,73.942,145.34,147.98
-14.268,105.16,86.03,-54.562,-31.704,80.986,16.109,90.612,141.52,212.55,284.35,228.53
31.525,126,67.126,-85.568,-0.7871,93.352,34.54,200.43,309.73,424.96,489.27,355.68
97.144,155.75,42.768,-130.72,46.083,96.395,49.605,317.21,513.88,710.06,764.02,536.88
180.5,197.95,12.296,-192.23,106.59,101.36,46.948,414.3,737.04,1050.4,1095.8,753.09
275.12,249.93,-27.633,-265.36,173.07,106.38,24.298,480.06,956.27,1413.4,1454.7,990.69
375.36,300.35,-81.492,-340.6,246.49,105.51,-12.487,515.16,1147.3,1754.9,1797.3,1227
474.3,332.42,-152.16,-406.73,328.89,90.173,-52.937,523.9,1288,2026.5,2073.1,1429.7
564.28,333.19,-241.29,-451.59,418.25,51.697,-86.655,510.9,1360.3,2184.3,2235.1,1567.1
636.17,297.12,-349.27,-467.54,509.32,-16.234,-108.03,476.12,1349,2196.2,2250.5,1615
683.4,226.07,-470.8,-453.38,594.16,-113.48,-118.09,412.17,1241.6,2047,2107.2,1563.3
702.72,127.48,-594.82,-412.49,664.28,-227.24,-125.93,306.32,1029.8,1739.6,1815.4,1416.7
692.63,13.124,-705.5,-350.47,711.88,-341.75,-143.24,146.55,712.99,1294.8,1404.8,1193.3
652.35,-102.65,-786.15,-273.77,729.41,-442.22,-179.19,-71.293,304.03,749.57,918.12,919.75
583.08,-206.45,-824.81,-189.23,712.29,-516.08,-238.48,-338.24,-167.41,154.49,405.46,625.85
490.13,-288.89,-817.58,-103.72,662.53,-556.67,-319.01,-630.62,-654.79,-430.06,-82.155,339.12
382.11,-344.89,-768.14,-23.893,586.62,-562.61,-411.01,-913.35,-1101.1,-942.24,-499.32,81.552
269.94,-372.57,-684.98,43.417,492.4,-536.29,-499.35,-1148.2,-1451.5,-1330.5,-813.53,-131.3
164.89,-372.39,-579.43,92.016,389.62,-482.91,-568.45,-1304.6,-1667.1,-1564.6,-1010.6,-291.08
76.271,-347.01,-463.39,120.35,289.16,-410.13,-607.31,-1367.9,-1736.1,-1641.4,-1095.2,-397.4
10.013,-301.54,-346.88,129.6,199.54,-327.13,-611.92,-1341.4,-1674.8,-1584.3,-1086.6,-455.31
-32.462,-243.53,-237.95,122.92,124.71,-243.02,-584.52,-1243.2,-1520.1,-1435.4,-1012.1,-472.46
-53.449,-181.52,-144.18,105.96,66.568,-165.59,-531.5,-1098.5,-1315.6,-1239.7,-899.72,-458.46
-57.334,-126.3,-71.861,85.879,27.557,-102.19,-461.08,-933.09,-1099.2,-1034,-773.16,-424
-49.988,-87.405,-24.679,67.274,8.689,-59.09,-382.36,-768.54,-897.44,-843.89,-649.83,-379.49
-38.069,-65.909,-2.1588,47.302,6.827,-35.931,-305.41,-619.97,-724.98,-683.37,-540.58,-333.34
-26.862,-57.492,-0.51106,38.695,15.69,-28.695,-237.74,-495.33,-586.75,-556.76,-450.36,-289.07
-18.991,-56.862,-12.247,37.731,28.521,-32.357,-182.12,-396.64,-481.19,-461.61,-380.01,-247.71
-8.2561,-59.946,-28.267,37.594,39.942,-41.097,-139.44,-323.22,-402.93,-391.35,-327.63,-208.56
-6.8993,-63.627,-41.663,35.867,46.318,-49.512,-109.43,-270.06,-343.71,-336.73,-287.99,-179.84
-7.1742,-61.003,-53.434,32.288,35.783,-53.819,-89.996,-228.2,-295.91,-291,-254.38,-157.8
-7.0744,-51.81,-52.003,28.798,33.301,-50.545,-77.16,-194.54,-254.89,-249.68,-222.98,-138.42
-6.1616,-47.868,-50.382,26.421,33.687,-48.351,-66.881,-166.95,-217.3,-210.53,-192.87,-121.19
-4.1705,-46.187,-50.332,24.731,34.983,-47.444,-56.36,-142.97,-183.01,-175.18,-164.78,-106.42
-1.1165,-45.406,-51.437,23.415,37.304,-47.364,-44.295,-121.67,-153.54,-145.81,-140.37,-94.144
2.6724,-45.3,-53.765,22.422,41.077,-48.011,-31.088,-102.93,-130.12,-123.28,-121.19,-84.29
6.7537,-45.659,-57.433,21.692,46.568,-49.196,-19.083,-86.891,-112.8,-107.47,-107.77,-76.476
10.83,-46.221,-62.404,21.1,53.569,-50.677,-12.797,-77.098,-100.96,-97.602,-98.88,-70.168
14.827,-46.781,-68.289,20.498,61.461,-52.232,-13.191,-80.822,-92.877,-91.362,-91.483,-65.037
18.817,-47.208,-74.441,19.759,69.694,-53.686,-13.422,-86.641,-85.538,-85.647,-83.633,-60.938
22.889,-47.442,-80.347,18.799,78.027,-54.945,-13.281,-86.382,-78.154,-79.477,-76.44,-57.791
27.034,-47.502,-85.89,17.574,86.361,-56.007,-13.429,-83.6,-72.118,-74.117,-70.781,-55.513
31.115,-47.449,-91.251,16.071,94.535,-56.93,-13.768,-80.665,-67.653,-69.988,-66.536,-53.982
34.918,-47.351,-96.663,14.297,102.29,-57.779,-14.113,-78.34,-64.375,-66.867,-63.406,-53.037
38.252,-47.248,-102.18,12.283,109.25,-58.59,-14.375,-76.82,-61.986,-64.56,-61.16,-52.501
41.03,-47.142,-107.56,10.103,114.97,-59.354,-14.505,-76.099,-60.304,-62.944,-59.626,-52.21
43.295,-47.012,-112.37,7.8737,118.98,-60.017,-14.483,-76.074,-59.188,-61.904,-58.648,-52.036
45.229,-46.824,-116.2,5.73,121.16,-60.51,-14.355,-76.57,-58.499,-61.3,-58.078,-51.897
47.147,-46.54,-118.91,3.7641,121.93,-60.767,-14.228,-77.369,-58.087,-60.98,-57.772,-51.738
49.388,-46.136,-120.59,1.9942,121.89,-60.754,-14.179,-78.213,-57.801,-60.801,-57.604,-51.513
52.098,-45.607,-121.46,0.37799,121.54,-60.483,-14.167,-78.834,-57.505,-60.648,-57.463,-51.172
55.118,-44.975,-121.71,-1.1272,121.14,-59.997,-14.053,-79.006,-57.095,-60.441,-57.263,-50.666
58.066,-44.286,-121.49,-2.5096,120.78,-59.361,-13.689,-78.603,-56.518,-60.136,-56.939,-49.955
60.534,-43.599,-120.84,-3.7007,120.45,-58.63,-12.963,-77.633,-55.779,-59.716,-56.449,-49.006
62.214,-42.968,-119.73,-4.6269,120.12,-57.846,-11.82,-76.221,-54.928,-59.184,-55.774,-47.793
62.958,-42.426,-118.07,-5.2689,119.73,-57.038,-10.3,-74.566,-54.036,-58.549,-54.922,-46.302
62.791,-41.978,-115.79,-5.6854,119.24,-56.235,-8.54,-72.877,-53.17,-57.841,-53.923,-44.533
61.897,-41.605,-112.88,-5.9895,118.65,-55.47,-6.7053,-71.325,-52.37,-57.101,-52.823,-42.506
60.547,-41.268,-109.43,-6.2932,117.95,-54.763,-4.922,-70.014,-51.654,-56.388,-51.672,-40.248
58.972,-40.929,-105.61,-6.6476,117.14,-54.11,-3.2427,-68.963,-51.014,-55.748,-50.506,-37.788
57.276,-40.556,-101.54,-7.0093,116.14,-53.474,-1.6483,-68.109,-50.409,-55.192,-49.331,-35.155
55.403,-40.13,-97.187,-7.2493,114.75,-52.799,-0.073352,-67.331,-49.777,-54.684,-48.124,-32.385
53.213,-39.648,-92.459,-7.2048,112.71,-52.033,1.5487,-66.484,-49.048,-54.156,-46.847,-29.529
50.651,-39.12,-87.328,-6.7425,109.66,-51.145,3.2393,-65.46,-48.162,-53.54,-45.479,-26.668
47.921,-38.557,-81.969,-5.8172,105.38,-50.133,4.9499,-64.223,-47.089,-52.798,-44.029,-23.909
45.399,-37.964,-76.705,-4.4996,99.934,-49.014,6.572,-62.813,-45.834,-51.935,-42.542,-21.36
43.312,-37.331,-71.811,-2.9652,93.72,-47.809,7.9778,-61.307,-44.424,-50.987,-41.066,-19.099
41.533,-36.637,-67.369,-1.4288,87.156,-46.52,9.0687,-59.765,-42.894,-49.991,-39.629,-17.141
39.706,-35.858,-63.285,-0.052374,80.466,-45.125,9.8092,-58.203,-41.26,-48.954,-38.219,-15.444
37.496,-34.974,-59.395,1.1066,73.665,-43.594,10.231,-56.604,-39.52,-47.853,-36.789,-13.932
34.735,-33.974,-55.548,2.077,66.687,-41.894,10.409,-54.952,-37.659,-46.651,-35.288,-12.543
31.428,-32.858,-51.659,2.92,59.559,-40.016,10.427,-53.263,-35.669,-45.317,-33.686,-11.247
27.699,-31.633,-47.712,3.6857,52.513,-37.978,10.357,-51.578,-33.554,-43.849,-31.989,-10.046
23.714,-30.312,-43.763,4.3967,45.916,-35.831,10.261,-49.917,-31.322,-42.264,-30.226,-8.9603
19.641,-28.923,-39.918,5.056,40.067,-33.65,10.207,-48.248,-28.976,-40.588,-28.431,-8.0183
15.645,-27.517,-36.306,5.6726,35.075,-31.523,10.258,-46.487,-26.501,-38.845,-26.635,-7.2423
11.888,-26.173,-33.035,6.2862,30.894,-29.525,10.464,-44.533,-23.86,-37.044,-24.855,-6.6413
8.4767,-24.973,-30.152,6.9634,27.423,-27.7,10.847,-42.313,-21.006,-35.178,-23.108,-6.2083
5.4308,-23.96,-27.63,7.7579,24.549,-26.041,11.405,-39.795,-17.907,-33.234,-21.415,-5.9211
2.7305,-23.11,-25.389,8.6659,22.16,-24.487,12.11,-36.997,-14.564,-31.201,-19.797,-5.7409
0.39452,-22.332,-23.322,9.6146,20.148,-22.95,12.916,-33.965,-11.018,-29.086,-18.264,-5.6062
-1.505,-21.512,-21.337,10.494,18.418,-21.342,13.767,-30.76,-7.3404,-26.914,-16.812,-5.4298
-2.9124,-20.56,-19.371,11.206,16.897,-19.61,14.608,-27.447,-3.598,-24.714,-15.415,-5.1049
-3.8655,-19.432,-17.387,11.709,15.537,-17.734,15.413,-24.069,0.18483,-22.483,-14.022,-4.5232
-4.5079,-18.116,-15.337,12.019,14.281,-15.698,16.198,-20.628,4.0485,-20.165,-12.548,-3.5999
-5.0435,-16.598,-13.125,12.197,13.032,-13.451,17.009,-17.075,8.0966,-17.647,-10.884,-2.2964
-5.6707,-14.832,-10.592,12.31,11.656,-10.881,17.885,-13.328,12.464,-14.793,-8.9194,-0.63551
-6.5243,-12.744,-7.5508,12.402,10.015,-7.8481,18.815,-9.3154,17.269,-11.489,-6.5803,1.2982
-7.6411,-10.263,-3.8486,12.471,8.0089,-4.2477,19.727,-5.0177,22.57,-7.6862,-3.8687,3.3756
-8.9621,-7.3415,0.56522,12.466,5.5989,-0.055336,20.504,-0.47799,28.361,-3.415,-0.8693,5.4573
-10.371,-3.9429,5.6253,12.296,2.806,4.6773,21.035,4.2307,34.593,1.2407,2.2823,7.4369
-11.747,-0.020936,11.205,11.864,-0.30709,9.8725,21.269,9.055,41.232,6.1948,5.4553,9.2787
-13.002,4.4845,17.196,11.091,-3.6654,15.472,21.243,13.996,48.304,11.412,8.5732,11.03
-14.1,9.6181,23.542,9.9417,-7.2039,21.441,21.07,19.104,55.946,16.934,11.633,12.797
-15.047,15.369,30.207,8.419,-10.867,27.731,20.895,24.442,64.398,22.865,14.688,14.693
-15.865,21.647,37.115,6.5387,-14.581,34.251,20.834,30.027,73.91,29.329,17.807,16.784
-16.565,28.31,44.104,4.2946,-18.229,40.861,20.939,35.796,84.536,36.421,21.049,19.057
-17.121,35.205,50.938,1.6444,-21.653,47.405,21.186,41.613,95.952,44.159,24.446,21.429
-17.464,42.202,57.362,-1.4728,-24.674,53.738,21.506,47.315,107.53,52.46,28.019,23.782
-17.493,49.191,63.169,-5.096,-27.142,59.744,21.812,52.77,118.67,61.157,31.783,26.011
-17.117,56.05,68.246,-9.1968,-28.982,65.343,22.038,57.912,129.08,70.061,35.748,28.058
-16.29,62.644,72.593,-13.654,-30.208,70.49,22.161,62.736,138.76,79.017,39.902,29.907
-15.045,68.842,76.288,-18.266,-30.918,75.17,22.213,67.289,147.77,87.94,44.209,31.576
-13.481,74.547,79.431,-22.799,-31.257,79.381,22.258,71.637,156.14,96.77,48.608,33.093
-11.745,79.698,82.1,-27.052,-31.371,83.115,22.372,75.826,163.76,105.4,53.028,34.477
-9.9975,84.262,84.329,-30.895,-31.368,86.353,22.601,79.842,170.45,113.61,57.393,35.736
-8.3659,88.226,86.12,-34.283,-31.295,89.075,22.934,83.59,176.06,121.12,61.618,36.861
-6.8972,91.592,87.468,-37.239,-31.136,91.28,23.288,86.906,180.55,127.66,65.613,37.849
-5.5443,94.387,88.379,-39.831,-30.84,92.992,23.536,89.616,184.02,133.13,69.302,38.712
-4.2199,96.656,88.885,-42.122,-30.364,94.263,23.549,91.602,186.62,137.58,72.644,39.487
-2.8912,98.448,89.056,-44.137,-29.722,95.165,23.246,92.862,188.5,141.14,75.66,40.223
-1.6432,99.8,89.001,-45.845,-29.016,95.773,22.636,93.506,189.79,143.98,78.421,40.964
-0.66043,100.74,88.847,-47.179,-28.409,96.157,21.813,93.719,190.6,146.23,81.023,41.747
-0.14621,101.3,88.709,-48.085,-28.069,96.373,20.921,93.688,191.04,148.02,83.539,42.589
-0.23017,101.53,88.663,-48.546,-28.108,96.465,20.089,93.55,191.21,149.46,85.996,43.496
-0.90755,101.47,88.734,-48.593,-28.543,96.464,19.383,93.359,191.16,150.63,88.371,44.459
-2.0301,101.19,88.896,-48.298,-29.288,96.386,18.79,93.088,190.92,151.54,90.624,45.46
-3.3449,100.76,89.09,-47.759,-30.186,96.236,18.233,92.648,190.46,152.23,92.716,46.471
-4.5662,100.2,89.245,-47.084,-31.058,96.014,17.618,91.927,189.73,152.69,94.622,47.459
-5.455,99.579,89.3,-46.384,-31.749,95.717,16.873,90.829,188.7,152.91,96.319,48.398
-5.88,98.917,89.229,-45.75,-32.163,95.354,15.995,89.307,187.36,152.91,97.784,49.269
-5.842,98.247,89.039,-45.23,-32.278,94.945,15.051,87.367,185.68,152.7,99.011,50.079
-5.4519,97.591,88.764,-44.826,-32.131,94.519,14.15,85.068,183.67,152.27,100.03,50.864
-4.8737,96.96,88.426,-44.5,-31.799,94.092,13.388,82.49,181.3,151.63,100.89,51.678
-4.2503,96.342,88.005,-44.202,-31.345,93.645,12.802,79.696,178.59,150.78,101.67,52.563
-3.6456,95.694,87.419,-43.897,-30.774,93.109,12.349,76.706,175.51,149.72,102.41,53.531
-3.0322,94.939,86.537,-43.573,-30.005,92.381,11.922,73.499,172.07,148.46,103.14,54.555
-2.3175,93.978,85.219,-43.226,-28.897,91.347,11.395,70.041,168.27,147.01,103.85,55.585
-1.3847,92.697,83.351,-42.835,-27.322,89.91,10.677,66.321,164.07,145.39,104.51,56.567
-0.14641,90.98,80.871,-42.34,-25.227,88.003,9.7532,62.367,159.43,143.59,105.07,57.461
1.3978,88.723,77.784,-41.643,-22.677,85.589,8.6889,58.243,154.31,141.6,105.52,58.245
3.1316,85.849,74.152,-40.64,-19.843,82.653,7.605,54.027,148.69,139.44,105.83,58.911
4.8408,82.311,70.063,-39.247,-16.94,79.185,6.6299,49.791,142.6,137.08,106,59.442
6.276,78.084,65.581,-37.401,-14.148,75.159,5.8536,45.581,136.1,134.54,106.01,59.8
7.2282,73.155,60.731,-35.066,-11.587,70.542,5.3023,41.405,129.2,131.79,105.86,59.904
7.5808,67.542,55.518,-32.245,-9.3199,65.32,4.9445,37.238,121.91,128.76,105.54,59.64
7.3235,61.329,49.978,-28.998,-7.3836,59.531,4.7204,33.06,114.21,125.36,105.02,58.901
6.5391,54.692,44.207,-25.453,-5.7936,53.297,4.5749,28.89,106.1,121.49,104.24,57.62
5.3761,47.868,38.356,-21.779,-4.5355,46.8,4.4761,24.806,97.717,117.04,103.15,55.796
4.0103,41.083,32.583,-18.13,-3.5522,40.229,4.4112,20.914,89.344,111.94,101.67,53.489
2.601,34.466,27.003,-14.595,-2.7517,33.714,4.3717,17.297,81.326,106.14,99.719,50.798
1.2608,28.02,21.664,-11.181,-2.0362,27.307,4.3453,13.978,73.955,99.683,97.266,47.829
0.055413,21.659,16.564,-7.8429,-1.3349,21.016,4.3189,10.923,67.352,92.682,94.298,44.664
-0.97445,15.294,11.7,-4.5387,-0.6182,14.862,4.2869,8.0667,61.459,85.347,90.836,41.332
-1.8008,8.9029,7.091,-1.2679,0.11673,8.9065,4.2557,5.3309,56.105,77.923,86.926,37.819
-2.4131,2.572,2.7841,1.9171,0.87946,3.2476,4.24,2.6405,51.093,70.619,82.629,34.085
-2.813,-3.5089,-1.1821,4.9298,1.7158,-1.9987,4.2447,-0.060448,46.257,63.56,78.007,30.104
-2.9872,-9.104,-4.8084,7.6748,2.7114,-6.7345,4.2396,-2.7922,41.489,56.784,73.098,25.885
-2.883,-14.027,-8.1482,10.071,3.9687,-10.918,4.1554,-5.5328,36.738,50.277,67.923,21.481
-2.4247,-18.218,-11.298,12.076,5.5736,-14.589,3.902,-8.2237,32.006,44.017,62.501,16.975
-1.5734,-21.754,-14.371,13.71,7.5636,-17.853,3.3956,-10.786,27.327,38,56.887,12.466
-0.39077,-24.798,-17.455,15.054,9.9017,-20.845,2.5955,-13.144,22.754,32.238,51.176,8.0441
0.93947,-27.524,-20.584,16.221,12.465,-23.68,1.5432,-15.239,18.34,26.74,45.479,3.7775
2.1483,-30.058,-23.717,17.319,15.062,-26.416,0.36991,-17.055,14.115,21.493,39.898,-0.30345
2.9585,-32.458,-26.754,18.42,17.468,-29.052,-0.7432,-18.616,10.087,16.46,34.5,-4.2114
3.1692,-34.729,-29.572,19.552,19.484,-31.543,-1.6331,-19.983,6.2408,11.593,29.316,-7.996
2.7148,-36.846,-32.065,20.706,20.986,-33.837,-2.2196,-21.23,2.5573,6.8535,24.35,-11.727
1.6806,-38.787,-34.177,21.852,21.943,-35.9,-2.5311,-22.425,-0.97876,2.2367,19.586,-15.47
0.26872,-40.545,-35.912,22.951,22.421,-37.726,-2.6803,-23.612,-4.369,-2.2302,14.998,-19.257
-1.2722,-42.128,-37.322,23.973,22.545,-39.335,-2.8067,-24.792,-7.5976,-6.4944,10.567,-23.067
-2.7269,-43.551,-38.471,24.906,22.461,-40.752,-3.0128,-25.914,-10.631,-10.493,6.2924,-26.818
-3.964,-44.824,-39.41,25.75,22.287,-41.988,-3.315,-26.878,-13.421,-14.166,2.1919,-30.385
-4.9354,-45.944,-40.154,26.514,22.087,-43.038,-3.6342,-27.568,-15.917,-17.477,-1.7063,-33.64
-5.6418,-46.904,-40.692,27.196,21.873,-43.89,-3.8345,-27.892,-18.084,-20.418,-5.3829,-36.495
-6.1036,-47.701,-41.008,27.789,21.621,-44.542,-3.7924,-27.824,-19.913,-23.021,-8.8452,-38.935
-6.3563,-48.34,-41.099,28.286,21.302,-45.009,-3.4635,-27.416,-21.435,-25.348,-12.135,-41.02
-6.4603,-48.836,-40.99,28.691,20.891,-45.315,-2.9149,-26.787,-22.712,-27.489,-15.324,-42.866
-6.5064,-49.207,-40.726,29.019,20.381,-45.492,-2.3041,-26.099,-23.836,-29.547,-18.501,-44.607
-6.6066,-49.475,-40.369,29.292,19.779,-45.576,-1.8162,-25.511,-24.917,-31.626,-21.75,-46.358
-6.8745,-49.665,-39.977,29.533,19.1,-45.604,-1.5925,-25.151,-26.058,-33.806,-25.121,-48.193
-7.4027,-49.805,-39.601,29.769,18.361,-45.608,-1.6861,-25.09,-27.335,-36.12,-28.62,-50.137
-8.2369,-49.921,-39.276,30.02,17.576,-45.619,-2.0619,-25.33,-28.771,-38.555,-32.201,-52.167
-9.3538,-50.038,-39.016,30.298,16.761,-45.657,-2.6352,-25.826,-30.344,-41.049,-35.781,-54.218
-10.655,-50.166,-38.822,30.593,15.942,-45.73,-3.3268,-26.502,-31.993,-43.518,-39.26,-56.204
-11.983,-50.297,-38.68,30.883,15.158,-45.828,-4.1069,-27.271,-33.643,-45.864,-42.54,-58.034
-13.154,-50.408,-38.565,31.129,14.458,-45.923,-5.0017,-28.047,-35.226,-47.994,-45.552,-59.627
-13.997,-50.461,-38.441,31.288,13.892,-45.975,-6.0606,-28.751,-36.687,-49.837,-48.268,-60.913
-14.387,-50.419,-38.271,31.327,13.497,-45.94,-7.3135,-29.325,-37.999,-51.349,-50.691,-61.841
-14.278,-50.256,-38.029,31.231,13.29,-45.785,-8.7461,-29.748,-39.16,-52.525,-52.844,-62.386
-13.703,-49.971,-37.71,31.014,13.266,-45.501,-10.293,-30.037,-40.189,-53.403,-54.76,-62.564
-12.772,-49.592,-37.338,30.709,13.401,-45.112,-11.839,-30.239,-41.114,-54.047,-56.464,-62.443
-11.629,-49.166,-36.952,30.36,13.662,-44.664,-13.242,-30.405,-41.962,-54.538,-57.98,-62.14
-10.428,-48.745,-36.587,30.012,13.993,-44.208,-14.363,-30.577,-42.75,-54.946,-59.324,-61.815
-9.3064,-48.362,-36.244,29.691,14.316,-43.774,-15.11,-30.761,-43.472,-55.309,-60.512,-61.633
-8.3703,-48.019,-35.873,29.404,14.523,-43.353,-15.466,-30.925,-44.1,-55.633,-61.56,-61.727
-7.7016,-47.679,-35.371,29.14,14.488,-42.892,-15.479,-30.994,-44.593,-55.894,-62.492,-62.157
-7.362,-47.287,-34.613,28.884,14.089,-42.313,-15.231,-30.871,-44.912,-56.055,-63.339,-62.907
-7.3953,-46.786,-33.489,28.629,13.24,-41.539,-14.805,-30.462,-45.036,-56.082,-64.137,-63.904
-7.8258,-46.149,-31.935,28.382,11.908,-40.522,-14.255,-29.709,-44.966,-55.951,-64.907,-65.054
-8.6539,-45.382,-29.94,28.161,10.111,-39.245,-13.596,-28.599,-44.707,-55.645,-65.642,-66.263
-9.8528,-44.509,-27.531,27.992,7.893,-37.721,-12.814,-27.158,-44.254,-55.146,-66.306,-67.453
-11.365,-43.552,-24.748,27.888,5.3043,-35.965,-11.876,-25.425,-43.587,-54.434,-66.842,-68.569
-13.102,-42.509,-21.618,27.84,2.3798,-33.98,-10.756,-23.426,-42.68,-53.494,-67.205,-69.581
-14.951,-41.341,-18.128,27.804,-0.84971,-31.74,-9.4639,-21.177,-41.522,-52.331,-67.384,-70.489
-16.782,-39.973,-14.233,27.711,-4.3342,-29.18,-8.0591,-18.695,-40.133,-50.977,-67.402,-71.32
-18.467,-38.293,-9.8668,27.472,-7.9973,-26.201,-6.6308,-16.022,-38.558,-49.491,-67.305,-72.123
-19.901,-36.152,-4.9585,27,-11.76,-22.672,-5.2599,-13.231,-36.858,-47.945,-67.127,-72.951
-21.021,-33.36,0.58014,26.208,-15.552,-18.425,-3.9869,-10.405,-35.092,-46.406,-66.879,-73.853
-21.798,-29.671,6.8439,25.013,-19.281,-13.247,-2.8066,-7.5978,-33.293,-44.919,-66.544,-74.85
-22.216,-24.782,13.884,23.31,-22.805,-6.9108,-1.6856,-4.8052,-31.456,-43.503,-66.092,-75.925
-22.247,-18.384,21.622,20.954,-25.945,0.72164,-0.58931,-1.9564,-29.535,-42.149,-65.493,-77.018
-21.838,-10.353,29.773,17.776,-28.541,9.5287,0.49729,1.0622,-27.46,-40.821,-64.722,-78.034
-20.935,-0.94803,37.892,13.645,-30.502,19.052,1.5608,4.3695,-25.164,-39.47,-63.766,-78.849
-19.513,9.3612,45.557,8.5085,-31.838,28.708,2.5626,8.0496,-22.617,-38.047,-62.631,-79.338
-17.61,20.33,52.552,2.3798,-32.652,38.096,3.4528,12.119,-19.853,-36.527,-61.338,-79.401
-15.328,31.91,58.898,-4.5918,-33.124,47.063,4.1932,16.512,-16.982,-34.922,-59.924,-78.983
-12.808,43.761,64.741,-11.96,-33.48,55.556,4.7727,21.092,-14.168,-33.274,-58.411,-78.08
-10.207,55.124,70.233,-19.141,-33.945,63.521,5.2093,25.684,-11.57,-31.632,-56.793,-76.716
-7.6782,65.323,75.473,-25.794,-34.692,70.897,5.5353,30.122,-9.2937,-30.024,-55.017,-74.915
-5.3607,74.176,80.493,-31.869,-35.802,77.63,5.7705,34.292,-7.3499,-28.441,-53.005,-72.683
-3.3562,81.84,85.258,-37.413,-37.251,83.672,5.887,38.17,-5.6622,-26.845,-50.679,-69.999
-1.7036,88.492,89.667,-42.431,-38.912,88.974,5.7841,41.812,-4.1019,-25.184,-47.986,-66.829
-0.36314,94.216,93.551,-46.87,-40.583,93.479,5.294,45.317,-2.542,-23.414,-44.913,-63.146
0.76912,99.026,96.704,-50.656,-42.019,97.125,4.2357,48.779,-0.90187,-21.505,-41.488,-58.947
1.813,102.88,98.916,-53.734,-42.974,99.836,2.4958,52.247,0.83479,-19.443,-37.766,-54.257
2.8415,105.7,99.99,-56.089,-43.249,101.51,0.080817,55.721,2.635,-17.215,-33.808,-49.128
3.8692,107.35,99.783,-57.726,-42.718,102.04,-2.8963,59.169,4.4525,-14.804,-29.669,-43.613
4.9382,107.78,98.274,-58.683,-41.358,101.4,-6.2781,62.546,6.2608,-12.188,-25.393,-37.75
6.184,107.11,95.66,-59.052,-39.245,99.777,-9.9167,65.802,8.0598,-9.3518,-21.025,-31.554
7.7695,105.73,92.354,-58.999,-36.541,97.565,-13.683,68.867,9.8551,-6.3017,-16.608,-25.013
9.7575,104.11,88.837,-58.732,-33.455,95.226,-17.439,71.646,11.629,-3.0807,-12.184,-18.112
12.037,102.67,85.49,-58.425,-30.214,93.118,-21.028,74.027,13.32,0.22917,-7.7919,-10.85
14.349,101.58,82.534,-58.166,-27.063,91.399,-24.322,75.902,14.828,3.5138,-3.475,-3.2602
16.385,100.82,80.082,-57.962,-24.267,90.039,-27.282,77.184,16.029,6.6469,0.71698,4.5749
17.904,100.24,78.186,-57.793,-22.063,88.926,-29.984,77.821,16.811,9.5181,4.7303,12.527
18.805,99.725,76.865,-57.664,-20.613,87.976,-32.608,77.798,17.1,12.056,8.5153,20.439
19.137,99.269,76.111,-57.619,-19.964,87.203,-35.4,77.13,16.882,14.233,12.027,28.154
19.048,98.974,75.888,-57.715,-20.035,86.691,-38.625,75.852,16.198,16.049,15.216,35.526
18.727,98.934,76.086,-57.979,-20.599,86.497,-42.482,74.012,15.13,17.507,18.02,42.428
18.356,99.159,76.469,-58.386,-21.307,86.58,-47.002,71.675,13.775,18.598,20.373,48.754
18.118,99.53,76.68,-58.854,-21.763,86.763,-52.004,68.933,12.217,19.303,22.236,54.422
18.207,99.765,76.316,-59.245,-21.651,86.735,-57.186,65.888,10.502,19.59,23.609,59.38
18.787,99.385,75.051,-59.393,-20.853,86.037,-62.233,62.623,8.6194,19.421,24.54,63.606
19.906,97.757,72.685,-59.13,-19.444,84.095,-66.927,59.16,6.5043,18.761,25.099,67.109
21.459,94.366,69.046,-58.352,-17.536,80.41,-71.301,55.468,4.0684,17.593,25.356,69.93
23.233,89.15,63.855,-57.066,-15.086,74.812,-75.662,51.496,1.2492,15.933,25.374,72.149
25.018,82.51,56.753,-55.379,-11.82,67.469,-80.455,47.241,-1.9478,13.853,25.214,73.894
26.69,74.995,47.548,-53.414,-7.4138,58.706,-86.071,42.791,-5.4351,11.477,24.943,75.333
28.215,67.006,36.466,-51.219,-1.7935,48.917,-92.568,38.322,-9.0654,8.9645,24.627,76.649
29.624,58.696,24.17,-48.747,4.7132,38.512,-99.395,34.063,-12.672,6.4766,24.317,77.993
30.971,50.057,11.564,-45.884,11.487,27.887,-105.54,30.247,-16.108,4.1551,24.023,79.446
32.313,41.084,-0.41685,-42.525,17.844,17.439,-110.09,27.054,-19.265,2.1113,23.708,80.995
33.671,31.864,-10.952,-38.633,23.238,7.548,-112.57,24.574,-22.076,0.4204,23.306,82.545
34.995,22.529,-19.477,-34.274,27.364,-1.5142,-112.66,22.793,-24.513,-0.88389,22.757,83.946
36.145,13.148,-25.824,-29.579,30.158,-9.6395,-110.12,21.613,-26.577,-1.8177,22.039,85.036
36.911,3.7733,-30.211,-24.661,31.736,-16.78,-105.02,20.894,-28.299,-2.4482,21.177,85.689
37.069,-5.3305,-33.06,-19.564,32.309,-22.804,-98.055,20.488,-29.737,-2.8814,20.219,85.842
36.435,-13.597,-34.822,-14.308,32.128,-27.582,-90.334,20.271,-30.962,-3.233,19.213,85.515
34.917,-20.476,-35.909,-8.9946,31.45,-31.173,-82.607,20.153,-32.04,-3.5905,18.186,84.805
32.54,-25.8,-36.667,-3.8559,30.516,-33.838,-74.991,20.084,-33.008,-3.9854,17.154,83.861
29.446,-29.782,-37.35,0.82978,29.521,-35.893,-67.549,20.028,-33.869,-4.3931,16.126,82.832
25.873,-32.771,-38.085,4.8697,28.597,-37.576,-61.014,19.943,-34.617,-4.76,15.098,81.833
22.111,-35.059,-38.882,8.2139,27.814,-39.013,-56.49,19.766,-35.255,-5.0436,14.05,80.914
18.437,-36.826,-39.67,10.923,27.195,-40.227,-54.412,19.42,-35.811,-5.2413,12.939,80.066
15.061,-38.18,-40.358,13.12,26.73,-41.194,-54.139,18.856,-36.327,-5.3989,11.717,79.235
12.087,-39.224,-40.872,14.969,26.376,-41.902,-54.489,18.061,-36.848,-5.5988,10.346,78.354
9.5019,-40.107,-41.178,16.644,26.059,-42.397,-54.693,17.06,-37.417,-5.9401,8.8062,77.362
7.206,-40.986,-41.286,18.273,25.683,-42.777,-54.73,15.877,-38.073,-6.5221,7.0872,76.207
5.0784,-41.957,-41.24,19.878,25.159,-43.144,-54.91,14.507,-38.863,-7.4316,5.1782,74.84
3.036,-43.001,-41.082,21.379,24.414,-43.551,-55.49,12.917,-39.823,-8.7271,3.0732,73.208
1.0445,-44.025,-40.826,22.679,23.409,-43.982,-56.567,11.08,-40.971,-10.419,0.79363,71.269
-0.89816,-44.937,-40.46,23.744,22.151,-44.382,-58.087,9.0104,-42.282,-12.453,-1.5878,69.017
-2.7662,-45.69,-39.976,24.588,20.709,-44.697,-59.878,6.7843,-43.689,-14.715,-3.9461,66.506
-4.4958,-46.271,-39.41,25.244,19.216,-44.902,-61.709,4.5254,-45.103,-17.056,-6.1362,63.862
-5.9823,-46.693,-38.855,25.74,17.844,-45.009,-63.373,2.3708,-46.429,-19.331,-8.0429,61.264
-7.1006,-46.991,-38.433,26.107,16.778,-45.064,-64.766,0.43561,-47.591,-21.426,-9.6179,58.902
-7.7536,-47.212,-38.256,26.38,16.174,-45.13,-65.895,-1.2048,-48.529,-23.262,-10.877,56.924
-7.9293,-47.402,-38.386,26.596,16.112,-45.258,-66.848,-2.5125,-49.191,-24.778,-11.86,55.411
-7.7316,-47.59,-38.817,26.789,16.554,-45.466,-67.737,-3.4758,-49.527,-25.917,-12.584,54.378
-7.359,-47.793,-39.467,26.985,17.345,-45.744,-68.647,-4.0948,-49.488,-26.611,-13.014,53.786
-7.0403,-48.013,-40.199,27.2,18.252,-46.059,-69.608,-4.3793,-49.028,-26.819,-13.104,53.583
-6.9597,-48.249,-40.872,27.434,19.043,-46.375,-70.599,-4.3531,-48.149,-26.537,-12.821,53.718
-7.1968,-48.497,-41.378,27.669,19.548,-46.672,-71.591,-4.065,-46.901,-25.822,-12.182,54.155
-7.6994,-48.746,-41.669,27.866,19.689,-46.949,-72.59,-3.6051,-45.396,-24.789,-11.263,54.849
-8.2996,-48.966,-41.728,27.974,19.473,-47.191,-73.64,-3.1206,-43.794,-23.597,-10.18,55.744
-8.7855,-49.093,-41.538,27.947,18.962,-47.344,-74.827,-2.8085,-42.308,-22.438,-9.0852,56.769
-9.0161,-49.047,-41.074,27.767,18.242,-47.304,-76.236,-2.8748,-41.139,-21.48,-8.0904,57.848
-8.9997,-48.747,-40.316,27.445,17.393,-46.949,-77.915,-3.4697,-40.412,-20.857,-7.2662,58.929
-8.8155,-48.15,-39.262,27.018,16.514,-46.192,-79.869,-4.6075,-40.123,-20.577,-6.5696,60.033
-8.4001,-47.255,-38.03,26.518,15.889,-45.065,-82.117,-6.0997,-40.05,-20.443,-5.7719,61.322
-7.5014,-46.102,-37.011,25.953,15.985,-43.787,-84.806,-7.514,-39.733,-19.98,-4.385,63.16
-5.9953,-44.738,-37.117,25.271,17.392,-42.825,-88.353,-8.17,-38.469,-18.386,-1.5833,66.134
-4.1861,-43.175,-39.145,24.333,20.286,-42.662,-93.298,-7.1854,-35.199,-14.401,3.9046,71.062
-2.6585,-41.263,-41.401,22.853,22.858,-42.782,-99.534,-3.5568,-28.075,-5.8265,13.534,78.929
-1.8463,-38.54,-40.716,20.35,23.121,-41.291,-105.84,3.7725,-14.869,4.7568,12.715,90.016
-0.84224,-34.346,-35.864,16.488,22.053,-36.488,-110.92,6.0829,-18.299,-3.381,4.5604,93.473
3.1631,-28.299,-27.766,14.43,22.014,-27.955,-113.86,-11.444,-27.391,-8.3867,5.841,91.521
-1.2069,-20.349,-16.427,17.449,13.12,-16.154,-114.07,-30.239,-40.447,-16.893,4.963,95.446
-10.23,-8.7044,1.545,10.012,-15.074,-1.8458,-112.56,-48.344,-55.65,-28.074,1.5489,100.08
-23.816,11.129,30.541,-0.081128,-47.046,13.788,-114.14,-58.611,-66.831,-36.852,0.13805,106.65
-38.175,35.979,69.295,-10.202,-73.342,28.793,-112.53,-51.41,-63.857,-33.24,11.731,117.18
-44.118,58.644,106.3,-20.793,-87.472,41.01,-102.69,-17.803,-33.938,-1.9151,50.353,136.46
-34.42,78.261,123.38,-33.249,-85.89,49.845,-87.68,45.962,35.666,75.454,128.94,173.84
-6.006,97.109,116.4,-50.989,-64.918,60.671,-65.318,136.75,155.29,214.06,256.68,245.32
42.216,116.2,91.682,-78.617,-23.823,85.849,-38.789,245.11,324.49,421.46,440.4,371.29
109.53,139.01,56.103,-120.73,33.088,94.244,-22.98,353.78,531.32,699.58,686.44,545.19
190.82,172.29,17.435,-179.94,99.534,92.469,-29.66,444.14,757.37,1032.6,988.65,740.08
282.47,218.72,-21.68,-251.82,169.69,94.604,-60.445,506.48,979.95,1389.5,1322.6,955.03
381.17,274.71,-64.01,-327.46,240.44,98.76,-112.07,539.83,1175.8,1729.1,1651,1175.5
477.58,324.76,-113.22,-397.97,310.38,99.022,-178.16,547.85,1322.2,2004.6,1928,1375.6
561.58,350.66,-174.77,-452.68,378.33,85.915,-246.02,533.98,1398.1,2171.5,2107.3,1525.4
626.61,342.1,-255.11,-482.48,444.93,48.915,-302.81,496.09,1386.4,2196.1,2152,1598.2
669.94,293.91,-358.23,-482.11,512.29,-20.168,-348.1,426.06,1274.5,2060.8,2044.4,1578.9
691.88,207.92,-479.6,-451.49,579.4,-124.37,-386.68,313.33,1055.6,1767.2,1790,1467.3
692.44,95.405,-604.4,-395.61,639.54,-248.37,-426.02,148.15,731.25,1334.8,1414.7,1276.8
669.83,-26.495,-712.8,-322.36,682.97,-365.71,-472.82,-73.035,315.87,799.07,959,1030.9
623.09,-141.82,-787.56,-239.89,700.53,-462.6,-530.11,-341.52,-159.98,209.1,470.12,756.5
554.43,-239.17,-818.42,-155.42,686.17,-528.63,-596.06,-633.95,-650.21,-376.58,-3.8307,480.19
468.59,-310.87,-802.43,-75.226,638.54,-558.55,-664.31,-915.79,-1099,-896.58,-419.81,225.1
372.5,-352.48,-744,-4.2545,562.05,-552.12,-725.58,-1149.7,-1452.3,-1297.2,-745.19,9.0164
274.7,-364.11,-653.57,49.664,466.89,-514.03,-769.97,-1305.6,-1672.6,-1544.6,-961.49,-158.31
182.64,-349.87,-543.58,82.766,366.23,-452.04,-789.1,-1368.7,-1748.4,-1633.1,-1066.1,-274.61
101.42,-314.33,-424.3,99.187,268.2,-374.01,-777.62,-1341.7,-1694.7,-1585.1,-1072,-341.92
34.911,-261.54,-303.87,103,175.7,-287.31,-734.2,-1241.2,-1545.1,-1440.8,-1005.3,-366.28
-16.447,-198.47,-191.7,97.933,93.717,-200.31,-662.29,-1092.1,-1340.4,-1244.4,-896.41,-358.02
-52.525,-138.68,-97.612,88.495,27.78,-123.94,-570.18,-920.92,-1120,-1035.3,-770.88,-329.74
-71.07,-95.256,-34.059,77.632,-15.632,-70.874,-469.76,-750.95,-913.51,-841.66,-647.97,-292.38
-77.908,-72.116,-2.4735,55.031,-35.5,-42.766,-373.7,-598.68,-737.93,-678.36,-539.57,-252.66
-76.553,-63.624,6.432,42.053,-39.575,-32.592,-291.9,-472.49,-598.89,-549.41,-450.55,-201.91
-69.18,-62.106,1.4931,40.345,-33.957,-33.255,-228.68,-373.55,-494.18,-452.69,-380.41,-160.48
-59.386,-63.212,-9.3351,39.759,-24.709,-39.117,-181.36,-299.18,-416.9,-381.23,-325.54,-138.96
-51.059,-64.224,-18.677,38.418,-17.67,-44.955,-146.48,-244.33,-357.37,-325.99,-283.42,-123.35
-36.371,-59.31,-22.85,36.302,-14.255,-47.065,-122.21,-202.01,-307.84,-278.93,-249.43,-110.14
-25.903,-51.465,-25.319,33.912,-3.2277,-42.966,-104.48,-167.14,-264.87,-235.41,-218.38,-97.031
-21.686,-47.408,-24.907,31.679,-0.90137,-39.912,-89.239,-137.34,-225.99,-195.41,-188.78,-84.13
-17.818,-45.243,-24.557,29.77,1.0576,-38.299,-75.865,-111.87,-191.06,-161.21,-161.32,-71.73
-13.155,-43.924,-25.129,28.166,4.6116,-37.557,-64.01,-90.659,-161.53,-133.9,-137.8,-60.219
-8.3285,-43.072,-26.62,26.791,8.7789,-37.431,-52.806,-73.534,-138.36,-113.41,-119.94,-49.988
-4.4692,-42.415,-28.455,25.591,12.606,-37.557,-42.17,-60.401,-121.03,-99.451,-107.84,-41.098
-2.1032,-41.713,-29.883,24.542,15.384,-37.529,-33.363,-53.994,-108.64,-90.5,-98.92,-33.388
-1.2661,-40.814,-30.3,23.636,16.603,-37.036,-27.266,-53.488,-99.865,-82.861,-89.468,-26.618
-1.9384,-39.684,-29.417,22.863,16.004,-35.965,-24.516,-50.211,-92.332,-74.226,-79.771,-20.609
-3.9011,-38.403,-27.317,22.221,13.706,-34.422,-23.782,-45.472,-84.865,-66.834,-71.843,-15.268
-6.6336,-37.127,-24.367,21.715,10.223,-32.658,-23.034,-41.151,-78.628,-61.16,-65.758,-10.552
-9.4867,-36.022,-21.038,21.361,6.3048,-30.914,-21.846,-37.62,-74.033,-56.593,-60.975,-6.4062
-11.915,-35.176,-17.753,21.159,2.6535,-29.329,-20.383,-34.835,-70.651,-52.781,-57.08,-2.706
-13.595,-34.562,-14.791,21.078,-0.33189,-27.922,-18.781,-32.653,-68.014,-49.523,-53.789,0.74086
-14.4,-34.056,-12.262,21.05,-2.5951,-26.65,-17.073,-30.92,-65.778,-46.661,-50.892,4.1029
-14.391,-33.501,-10.151,21.001,-4.2498,-25.438,-15.261,-29.535,-63.713,-44.074,-48.247,7.4832
-13.821,-32.777,-8.369,20.879,-5.419,-24.208,-13.39,-28.477,-61.727,-41.716,-45.797,10.831
-13.039,-31.831,-6.7748,20.665,-6.2316,-22.892,-11.548,-27.799,-59.862,-39.605,-43.557,13.961
-12.4,-30.671,-5.2239,20.363,-6.8569,-21.46,-9.8115,-27.567,-58.21,-37.786,-41.584,16.642
-12.172,-29.341,-3.6619,19.98,-7.4237,-19.928,-8.1912,-27.802,-56.841,-36.293,-39.94,18.692
-12.435,-27.883,-2.1542,19.516,-7.9334,-18.351,-6.6197,-28.454,-55.769,-35.132,-38.665,20.043
-13.051,-26.321,-0.80238,18.961,-8.3183,-16.777,-4.9942,-29.418,-54.956,-34.293,-37.77,20.758
-13.754,-24.654,0.40014,18.309,-8.55,-15.205,-3.2352,-30.568,-54.335,-33.757,-37.238,20.958
-14.265,-22.864,1.6059,17.563,-8.6726,-13.564,-1.3409,-31.8,-53.847,-33.501,-37.016,20.802
-14.352,-20.925,3.0475,16.749,-8.7629,-11.726,0.59617,-33.047,-53.434,-33.486,-37.03,20.44
-13.866,-18.809,4.9368,15.897,-8.8974,-9.5484,2.408,-34.273,-53.046,-33.649,-37.19,20.029
-12.777,-16.486,7.3851,15.021,-9.1441,-6.9353,3.8973,-35.45,-52.631,-33.908,-37.407,19.685
-11.239,-13.933,10.372,14.111,-9.5813,-3.8645,4.8994,-36.544,-52.139,-34.185,-37.611,19.496
-9.5884,-11.133,13.785,13.14,-10.32,-0.40903,5.3385,-37.513,-51.532,-34.43,-37.759,19.488
-8.2618,-8.0855,17.475,12.068,-11.485,3.2952,5.2495,-38.318,-50.791,-34.63,-37.836,19.649
-7.647,-4.7724,21.32,10.84,-13.147,7.113,4.7681,-38.936,-49.921,-34.794,-37.84,19.931
-7.9612,-1.1395,25.24,9.3745,-15.276,10.977,4.0816,-39.364,-48.938,-34.923,-37.773,20.262
-9.1509,2.9237,29.2,7.5661,-17.737,14.909,3.3696,-39.612,-47.864,-35,-37.638,20.545
-10.881,7.5507,33.191,5.3082,-20.315,19.012,2.7601,-39.711,-46.711,-34.99,-37.438,20.669
-12.673,12.836,37.211,2.5339,-22.76,23.423,2.3207,-39.706,-45.475,-34.857,-37.181,20.53
-14.094,18.751,41.249,-0.72634,-24.834,28.226,2.074,-39.646,-44.143,-34.584,-36.883,20.058
-14.845,25.084,45.252,-4.3076,-26.361,33.366,2.0118,-39.564,-42.688,-34.172,-36.558,19.252
-14.766,31.48,49.105,-7.9358,-27.247,38.624,2.1064,-39.45,-41.079,-33.634,-36.218,18.19
-13.823,37.545,52.644,-11.321,-27.488,43.69,2.3269,-39.252,-39.281,-32.985,-35.868,17.004
-12.099,42.967,55.729,-14.253,-27.166,48.289,2.6562,-38.891,-37.271,-32.24,-35.514,15.834
-9.8209,47.574,58.312,-16.644,-26.442,52.265,3.0913,-38.309,-35.04,-31.417,-35.165,14.787
-7.3444,51.338,60.455,-18.51,-25.557,55.592,3.6283,-37.488,-32.597,-30.53,-34.82,13.931
-5.0831,54.339,62.281,-19.948,-24.795,58.33,4.251,-36.451,-29.947,-29.573,-34.45,13.309
-3.4015,56.725,63.902,-21.099,-24.399,60.561,4.9318,-35.232,-27.078,-28.5,-33.991,12.951
-2.5288,58.664,65.374,-22.126,-24.51,62.354,5.6338,-33.846,-23.948,-27.233,-33.352,12.869
-2.5093,60.302,66.685,-23.18,-25.124,63.749,6.3098,-32.289,-20.5,-25.683,-32.451,13.039
-3.1965,61.738,67.775,-24.354,-26.11,64.779,6.9058,-30.565,-16.68,-23.791,-31.25,13.387
-4.3148,63.026,68.572,-25.659,-27.253,65.49,7.3688,-28.7,-12.464,-21.554,-29.789,13.792
-5.5625,64.201,69.041,-27.018,-28.323,65.963,7.6587,-26.745,-7.8827,-19.027,-28.175,14.117
-6.6974,65.298,69.226,-28.308,-29.134,66.311,7.7635,-24.752,-3.0256,-16.306,-26.558,14.247
-7.5696,66.344,69.241,-29.418,-29.58,66.652,7.7164,-22.751,1.9788,-13.497,-25.087,14.127
-8.1069,67.36,69.216,-30.297,-29.645,67.076,7.6017,-20.736,6.9969,-10.689,-23.869,13.78
-8.2891,68.367,69.256,-30.953,-29.399,67.635,7.5392,-18.666,11.937,-7.9184,-22.943,13.295
-8.1425,69.399,69.437,-31.443,-28.975,68.354,7.6545,-16.455,16.798,-5.1531,-22.26,12.794
-7.7339,70.51,69.814,-31.853,-28.531,69.252,8.0444,-13.979,21.694,-2.2769,-21.687,12.395
-7.1518,71.765,70.433,-32.284,-28.207,70.348,8.753,-11.086,26.845,0.89124,-21.031,12.187
-6.4854,73.205,71.315,-32.828,-28.102,71.642,9.7609,-7.6291,32.517,4.5509,-20.09,12.208
-5.8111,74.818,72.442,-33.544,-28.269,73.09,10.987,-3.5185,38.969,8.8575,-18.723,12.439
-5.1852,76.548,73.761,-34.453,-28.719,74.628,12.302,1.2333,46.414,13.872,-16.892,12.819
-4.6457,78.356,75.233,-35.546,-29.439,76.225,13.568,6.5033,54.985,19.548,-14.675,13.26
-4.2279,80.27,76.884,-36.81,-30.418,77.935,14.691,12.094,64.663,25.765,-12.229,13.687
-3.985,82.372,78.805,-38.245,-31.665,79.865,15.66,17.8,75.256,32.407,-9.7223,14.063
-3.9887,84.747,81.087,-39.857,-33.198,82.109,16.548,23.483,86.499,39.447,-7.273,14.387
-4.2994,87.424,83.744,-41.637,-35.009,84.686,17.464,29.104,98.176,46.991,-4.929,14.679
-4.9206,90.344,86.683,-43.541,-37.035,87.515,18.483,34.691,110.08,55.251,-2.681,14.942
-5.771,93.36,89.713,-45.491,-39.164,90.432,19.566,40.259,121.88,64.433,-0.49314,15.147
-6.7002,96.282,92.595,-47.399,-41.24,93.23,20.569,45.765,133.07,74.563,1.6823,15.243
-7.5407,98.941,95.091,-49.186,-43.088,95.717,21.309,51.12,143.25,85.35,3.9146,15.194
-8.1562,101.24,97.033,-50.799,-44.546,97.774,21.659,56.248,152.28,96.207,6.3086,15.01
-8.4361,103.15,98.37,-52.216,-45.503,99.382,21.59,61.134,160.28,106.51,8.9984,14.771
-8.2605,104.73,99.155,-53.447,-45.912,100.59,21.165,65.846,167.56,115.89,12.121,14.601
-7.5173,106.05,99.484,-54.532,-45.773,101.49,20.526,70.507,174.42,124.34,15.783,14.634
-6.1886,107.24,99.471,-55.523,-45.142,102.19,19.867,75.249,181.16,132.1,20.05,14.97
-4.4262,108.39,99.283,-56.472,-44.189,102.82,19.403,80.151,188,139.47,24.948,15.65
-2.5406,109.59,99.17,-57.402,-43.226,103.51,19.335,85.189,195.15,146.69,30.469,16.641
-0.9051,110.83,99.416,-58.3,-42.624,104.34,19.785,90.207,202.74,153.9,36.566,17.862
0.16734,112.06,100.21,-59.115,-42.655,105.33,20.749,94.936,210.76,161.16,43.144,19.214
0.52872,113.18,101.54,-59.782,-43.361,106.41,22.098,99.059,218.97,168.47,50.047,20.623
0.24676,114.06,103.13,-60.241,-44.533,107.42,23.632,102.31,226.92,175.9,57.08,22.064
-0.4238,114.57,104.6,-60.461,-45.788,108.16,25.168,104.56,234.18,183.51,64.065,23.553
-1.1358,114.59,105.5,-60.428,-46.698,108.42,26.607,105.87,240.55,191.43,70.875,25.119
-1.5644,114.05,105.51,-60.141,-46.918,108.06,27.941,106.45,246.01,199.79,77.449,26.752
-1.4897,112.9,104.47,-59.595,-46.245,106.96,29.19,106.52,250.61,208.66,83.746,28.378
-0.81321,111.1,102.31,-58.784,-44.604,105.08,30.328,106.22,254.37,218.03,89.691,29.872
0.47,108.58,99.068,-57.717,-42.049,102.39,31.267,105.58,257.19,227.77,95.165,31.097
2.2829,105.28,94.801,-56.438,-38.771,98.818,31.905,104.48,258.99,237.48,100.03,31.959
4.4809,101.16,89.502,-55.031,-35.021,94.275,32.186,102.82,259.77,246.62,104.21,32.436
6.9191,96.266,83.098,-53.604,-30.966,88.675,32.121,100.52,259.67,254.64,107.69,32.579
9.5161,90.781,75.571,-52.25,-26.653,82.045,31.761,97.551,258.88,261.26,110.57,32.477
12.208,84.916,67.147,-51.006,-22.176,74.571,31.146,93.977,257.56,266.47,112.98,32.223
14.835,78.81,58.247,-49.835,-17.783,66.524,30.29,89.872,255.86,270.48,115.05,31.885
17.191,72.446,49.083,-48.651,-13.55,58.097,29.206,85.319,253.87,273.5,116.88,31.511
19.247,65.694,39.411,-47.354,-9.0423,49.301,27.936,80.376,251.64,275.78,118.55,31.134
21.254,58.44,28.846,-45.847,-3.7248,40.042,26.563,75.074,249.19,277.5,120.1,30.784
23.675,50.7,17.53,-44.053,2.3752,30.364,25.203,69.425,246.5,278.81,121.55,30.474
26.937,42.644,6.4091,-41.909,8.7027,20.649,23.98,63.45,243.54,279.8,122.94,30.196
31.17,34.507,-3.4459,-39.373,14.767,11.497,23.017,57.212,240.28,280.55,124.26,29.928
36.079,26.477,-11.636,-36.412,20.387,3.3499,22.416,50.845,236.72,281.09,125.53,29.638
40.996,18.636,-18.339,-32.991,25.449,-3.7005,22.266,44.555,232.93,281.42,126.75,29.301
45.048,11.003,-23.838,-29.095,29.706,-9.8113,22.624,38.575,229.02,281.51,127.94,28.888
47.421,3.5997,-28.307,-24.76,32.832,-15.199,23.497,33.075,225.09,281.32,129.08,28.372
47.593,-3.5023,-31.835,-20.098,34.587,-20.029,24.808,28.103,221.19,280.75,130.18,27.725
45.454,-10.182,-34.519,-15.277,34.944,-24.38,26.411,23.584,217.29,279.67,131.22,26.92
41.287,-16.298,-36.517,-10.478,34.141,-28.266,28.141,19.375,213.36,277.88,132.2,25.925
35.67,-21.739,-38.05,-5.8566,32.634,-31.685,29.868,15.321,209.31,275.12,133.1,24.703
29.386,-26.466,-39.375,-1.5071,30.988,-34.675,31.507,11.274,205.14,271.09,133.89,23.209
23.31,-30.538,-40.766,2.555,29.722,-37.328,32.988,7.1033,200.82,265.58,134.52,21.394
18.253,-34.081,-42.448,6.3788,29.179,-39.768,34.237,2.6927,196.33,258.53,134.9,19.223
14.786,-37.237,-44.552,10.025,29.498,-42.108,35.171,-2.0446,191.62,250.16,134.98,16.69
13.09,-40.115,-47.085,13.495,30.657,-44.412,35.724,-7.1458,186.63,240.85,134.7,13.828
12.91,-42.76,-49.943,16.691,32.508,-46.689,35.86,-12.585,181.29,231.05,134.06,10.7
13.652,-45.164,-52.96,19.447,34.807,-48.904,35.585,-18.28,175.56,221.19,133.07,7.3809
14.669,-47.296,-55.976,21.641,37.266,-51.013,34.953,-24.11,169.39,211.62,131.78,3.9213
15.581,-49.141,-58.906,23.271,39.643,-52.989,34.067,-29.954,162.74,202.6,130.22,0.33024
16.326,-50.727,-61.794,24.443,41.775,-54.858,33.067,-35.715,155.6,194.3,128.46,-3.4163
16.957,-52.119,-64.838,25.301,43.598,-56.699,32.105,-41.332,147.92,186.76,126.52,-7.3414
17.5,-53.407,-68.358,25.973,45.162,-58.631,31.333,-46.781,139.66,179.99,124.43,-11.442
17.944,-54.68,-72.702,26.552,46.625,-60.779,30.873,-52.077,130.79,173.92,122.2,-15.692
18.268,-56.006,-78.074,27.097,48.187,-63.229,30.775,-57.277,121.26,168.48,119.8,-20.072
18.447,-57.412,-84.299,27.635,49.975,-65.974,30.989,-62.473,111.08,163.54,117.21,-24.586
18.45,-58.879,-90.75,28.176,51.963,-68.891,31.388,-67.752,100.38,159.02,114.38,-29.255
18.236,-60.343,-96.629,28.725,53.965,-71.766,31.842,-73.134,89.488,154.81,111.27,-34.088
17.765,-61.723,-101.38,29.287,55.72,-74.369,32.277,-78.521,78.93,150.81,107.84,-39.06
17.008,-62.951,-104.85,29.87,57.009,-76.529,32.668,-83.695,69.283,146.92,104.08,-44.1
15.971,-63.988,-107.13,30.48,57.724,-78.16,33.006,-88.388,60.918,143.02,99.994,-49.116
14.707,-64.832,-108.43,31.112,57.887,-79.267,33.267,-92.386,53.892,138.98,95.619,-54.022
13.316,-65.505,-108.95,31.744,57.638,-79.936,33.4,-95.597,48.03,134.72,91.025,-58.773
11.943,-66.03,-108.93,32.339,57.186,-80.287,33.327,-98.064,43.069,130.17,86.281,-63.38
10.738,-66.417,-108.58,32.85,56.723,-80.427,32.971,-99.934,38.753,125.3,81.439,-67.905
9.8137,-66.651,-108.02,33.236,56.323,-80.395,32.302,-101.39,34.876,120.09,76.524,-72.432
9.1968,-66.697,-107.24,33.468,55.908,-80.157,31.357,-102.6,31.291,114.55,71.547,-77.041
8.8206,-66.52,-106.07,33.541,55.288,-79.619,30.239,-103.67,27.913,108.65,66.514,-81.781
8.5526,-66.098,-104.28,33.471,54.264,-78.685,29.095,-104.66,24.707,102.41,61.439,-86.675
8.2467,-65.44,-101.7,33.289,52.726,-77.305,28.074,-105.56,21.678,95.884,56.338,-91.732
7.7917,-64.585,-98.255,33.031,50.711,-75.507,27.297,-106.3,18.86,89.167,51.244,-96.972
7.138,-63.596,-94.049,32.731,48.378,-73.392,26.829,-106.83,16.304,82.382,46.218,-102.45
6.2988,-62.551,-89.292,32.419,45.935,-71.09,26.663,-107.03,14.069,75.651,41.348,-108.23
5.332,-61.519,-84.249,32.12,43.564,-68.727,26.725,-106.85,12.208,69.074,36.736,-114.4
4.3074,-60.545,-79.178,31.85,41.368,-66.401,26.907,-106.21,10.755,62.73,32.475,-120.99
3.263,-59.642,-74.284,31.626,39.353,-64.177,27.12,-105.1,9.7196,56.685,28.625,-127.96
2.1697,-58.795,-69.706,31.46,37.448,-62.092,27.339,-103.51,9.0798,50.997,25.198,-135.23
0.93306,-57.973,-65.524,31.36,35.539,-60.158,27.613,-101.5,8.7841,45.693,22.164,-142.63
-0.55994,-57.158,-61.782,31.327,33.517,-58.377,28.04,-99.175,8.749,40.748,19.455,-150.03
-2.3767,-56.358,-58.483,31.358,31.309,-56.743,28.704,-96.703,8.8665,36.095,16.988,-157.34
-4.4941,-55.602,-55.585,31.445,28.91,-55.26,29.632,-94.234,9.0216,31.654,14.681,-164.52
-6.7933,-54.92,-53.026,31.574,26.389,-53.931,30.767,-91.883,9.1188,27.362,12.472,-171.54
-9.0885,-54.322,-50.756,31.723,23.873,-52.752,31.977,-89.71,9.1034,23.187,10.32,-178.32
-11.171,-53.794,-48.734,31.86,21.507,-51.705,33.085,-87.72,8.9652,19.121,8.2046,-184.76
-12.85,-53.301,-46.928,31.945,19.421,-50.751,33.924,-85.89,8.7253,15.168,6.1222,-190.73
-13.98,-52.8,-45.302,31.94,17.703,-49.848,34.387,-84.181,8.4165,11.329,4.0812,-196.15
-14.479,-52.253,-43.825,31.819,16.391,-48.955,34.452,-82.556,8.0658,7.6014,2.095,-201.02
-14.35,-51.641,-42.485,31.571,15.476,-48.051,34.18,-80.976,7.6858,3.9797,0.17662,-205.39
-13.677,-50.963,-41.278,31.206,14.912,-47.137,33.681,-79.399,7.2749,0.46377,-1.6641,-209.35
-12.626,-50.233,-40.194,30.75,14.619,-46.221,33.077,-77.781,6.8258,-2.9452,-3.42,-213
-11.409,-49.472,-39.208,30.24,14.493,-45.314,32.467,-76.079,6.335,-6.2466,-5.0861,-216.38
-10.252,-48.701,-38.28,29.714,14.417,-44.419,31.912,-74.254,5.807,-9.4393,-6.6621,-219.51
-9.3467,-47.936,-37.366,29.206,14.285,-43.536,31.435,-72.271,5.252,-12.516,-8.1544,-222.33
-8.8181,-47.194,-36.44,28.738,14.016,-42.668,31.034,-70.103,4.6852,-15.458,-9.5749,-224.8
-8.7031,-46.483,-35.487,28.321,13.571,-41.82,30.709,-67.735,4.1329,-18.235,-10.932,-226.88
-8.9568,-45.807,-34.491,27.952,12.932,-40.985,30.479,-65.159,3.6415,-20.807,-12.221,-228.58
-9.4771,-45.149,-33.416,27.619,12.094,-40.138,30.387,-62.378,3.2774,-23.133,-13.415,-229.93
-10.138,-44.47,-32.202,27.301,11.06,-39.227,30.482,-59.401,3.1124,-25.174,-14.472,-230.93
-10.82,-43.718,-30.79,26.966,9.845,-38.184,30.799,-56.249,3.2073,-26.9,-15.34,-231.59
-11.441,-42.84,-29.138,26.584,8.4772,-36.951,31.35,-52.939,3.6093,-28.279,-15.968,-231.88
-11.962,-41.799,-27.241,26.14,6.9952,-35.491,32.121,-49.468,4.3659,-29.265,-16.304,-231.74
-12.389,-40.58,-25.116,25.638,5.4336,-33.794,33.079,-45.799,5.5346,-29.803,-16.314,-231.12
-12.75,-39.183,-22.794,25.09,3.8177,-31.871,34.168,-41.871,7.1738,-29.854,-15.999,-229.97
-13.076,-37.606,-20.292,24.503,2.1651,-29.731,35.304,-37.616,9.3121,-29.413,-15.409,-228.31
-13.375,-35.828,-17.613,23.866,0.48984,-27.367,36.386,-33.003,11.914,-28.536,-14.65,-226.19
-13.633,-33.787,-14.725,23.133,-1.1966,-24.737,37.299,-28.06,14.864,-27.335,-13.866,-223.69
-13.816,-31.358,-11.575,22.215,-2.8875,-21.753,37.933,-22.896,17.982,-25.96,-13.196,-220.9
-13.885,-28.349,-8.0915,20.983,-4.5797,-18.282,38.21,-17.67,21.057,-24.558,-12.74,-217.85
-13.806,-24.523,-4.2187,19.284,-6.269,-14.183,38.108,-12.55,23.909,-23.236,-12.533,-214.49
-13.55,-19.667,0.045993,16.963,-7.9415,-9.3695,37.667,-7.6538,26.428,-22.044,-12.55,-210.61
-13.091,-13.705,4.621,13.91,-9.5654,-3.8823,36.976,-3.026,28.598,-20.971,-12.716,-205.91
-12.405,-6.805,9.3351,10.128,-11.085,2.0695,36.123,1.3722,30.482,-19.958,-12.938,-200.01
-11.478,0.62363,13.956,5.771,-12.419,8.1488,35.155,5.6416,32.186,-18.926,-13.12,-192.57
-10.296,8.0792,18.246,1.1053,-13.478,14.001,34.058,9.9063,33.819,-17.796,-13.191,-183.4
-8.8376,15.161,22.034,-3.5942,-14.181,19.376,32.78,14.27,35.464,-16.514,-13.114,-172.62
-7.0464,21.701,25.255,-8.1665,-14.48,24.203,31.254,18.78,37.154,-15.065,-12.884,-160.74
-4.8327,27.799,27.951,-12.646,-14.358,28.575,29.421,23.412,38.872,-13.476,-12.524,-148.53
-2.1081,33.744,30.21,-17.218,-13.83,32.688,27.257,28.076,40.554,-11.81,-12.072,-136.73
1.1516,39.832,32.104,-22.055,-12.934,36.723,24.774,32.642,42.107,-10.149,-11.582,-125.78
4.8387,46.155,33.655,-27.147,-11.736,40.749,22.026,36.983,43.444,-8.5737,-11.112,-115.84
8.6869,52.53,34.876,-32.249,-10.326,44.702,19.087,41.017,44.502,-7.151,-10.712,-106.91
12.338,58.632,35.835,-37.005,-8.8039,48.479,15.995,44.717,45.254,-5.9227,-10.408,-98.885
15.499,64.203,36.702,-41.157,-7.2719,52.033,12.69,48.098,45.701,-4.9051,-10.192,-91.621
18.083,69.163,37.707,-44.653,-5.8247,55.38,9.0192,51.175,45.842,-4.0923,-10.017,-84.899
20.237,73.589,39.027,-47.602,-4.5423,58.552,4.8528,53.932,45.671,-3.4634,-9.8076,-78.47
22.25,77.62,40.689,-50.169,-3.4604,61.576,0.17754,56.32,45.177,-2.9909,-9.4861,-72.089
24.382,81.357,42.577,-52.485,-2.5631,64.474,-4.9218,58.287,44.369,-2.6528,-9.008,-65.553
26.706,84.824,44.549,-54.611,-1.8402,67.259,-10.334,59.801,43.274,-2.4436,-8.3867,-58.747
29.071,87.98,46.526,-56.545,-1.3571,69.921,-15.959,60.87,41.936,-2.3771,-7.6983,-51.668
31.16,90.767,48.451,-58.259,-1.2313,72.426,-21.693,61.529,40.398,-2.4754,-7.0595,-44.423
32.613,93.145,50.23,-59.725,-1.5514,74.714,-27.427,61.817,38.695,-2.7562,-6.5911,-37.189
33.163,95.1,51.727,-60.913,-2.3512,76.701,-33.147,61.756,36.836,-3.2282,-6.3855,-30.149
32.731,96.638,52.819,-61.811,-3.5878,78.29,-39.065,61.327,34.791,-3.9002,-6.4892,-23.446
31.488,97.77,53.386,-62.438,-5.0534,79.37,-45.527,60.484,32.487,-4.7944,-6.9002,-17.165
29.808,98.505,53.269,-62.848,-6.3502,79.843,-52.482,59.179,29.835,-5.948,-7.5749,-11.33
28.196,98.825,52.346,-63.095,-7.0393,79.643,-59.16,57.408,26.762,-7.3922,-8.4421,-5.9099
27.209,98.65,50.633,-63.198,-6.802,78.734,-64.987,55.241,23.265,-9.1204,-9.4194,-0.81476
27.35,97.837,48.2,-63.122,-5.4968,77.093,-70.239,52.823,19.423,-11.067,-10.431,4.0934
28.888,96.223,45.077,-62.797,-3.1646,74.694,-75.396,50.348,15.388,-13.115,-11.417,8.9736
31.701,93.713,41.287,-62.165,-0.01502,71.527,-80.659,48.022,11.342,-15.13,-12.342,13.966
35.267,90.32,36.889,-61.21,3.5905,67.609,-85.975,46.016,7.4446,-17.006,-13.19,19.149
38.785,86.151,32.013,-59.946,7.1687,63.002,-91.111,44.415,3.7927,-18.692,-13.972,24.498
41.393,81.349,26.859,-58.373,10.189,57.817,-95.729,43.202,0.40049,-20.202,-14.726,29.877
42.425,76.04,21.687,-56.462,12.201,52.197,-99.5,42.272,-2.7871,-21.593,-15.502,35.055
41.595,70.306,16.752,-54.162,12.973,46.259,-102.12,41.479,-5.8593,-22.937,-16.353,39.75
39.015,64.175,12.204,-51.454,12.558,40.024,-103.28,40.694,-8.8949,-24.289,-17.321,43.695
35.086,57.649,8.0785,-48.376,11.284,33.43,-102.77,39.844,-11.929,-25.674,-18.432,46.698
30.343,50.76,4.387,-45.026,9.6462,26.501,-100.61,38.92,-14.944,-27.08,-19.692,48.682
25.368,43.629,1.1629,-41.517,8.1283,19.541,-97.176,37.966,-17.873,-28.468,-21.092,49.694
20.723,36.468,-1.6245,-37.923,7.0387,13.054,-93.135,37.054,-20.635,-29.782,-22.606,49.886
16.87,29.506,-4.0949,-34.236,6.4811,7.4172,-89.253,36.245,-23.157,-30.973,-24.191,49.465
14.044,22.877,-6.3757,-30.364,6.428,2.708,-86.041,35.572,-25.407,-32.012,-25.793,48.64
12.162,16.586,-8.5386,-26.17,6.7947,-1.2215,-83.601,35.031,-27.401,-32.894,-27.364,47.569
10.849,10.566,-10.605,-21.557,7.4765,-4.6038,-81.76,34.585,-29.199,-33.641,-28.879,46.338
9.6716,4.7637,-12.588,-16.554,8.3716,-7.6647,-80.292,34.17,-30.882,-34.292,-30.355,44.96
8.4074,-0.81382,-14.513,-11.362,9.3872,-10.569,-79.046,33.711,-32.522,-34.893,-31.845,43.4
7.1008,-6.0994,-16.392,-6.3118,10.427,-13.393,-77.945,33.118,-34.165,-35.487,-33.419,41.598
5.8793,-10.996,-18.189,-1.7246,11.375,-16.127,-76.916,32.303,-35.835,-36.119,-35.144,39.5
4.78,-15.409,-19.823,2.2175,12.115,-18.705,-75.861,31.195,-37.537,-36.826,-37.05,37.08
3.7153,-19.274,-21.214,5.5115,12.562,-21.04,-74.69,29.758,-39.271,-37.634,-39.119,34.356
2.5221,-22.57,-22.316,8.2758,12.666,-23.062,-73.386,28.011,-41.028,-38.542,-41.278,31.403
1.0341,-25.337,-23.116,10.659,12.382,-24.751,-72.009,26.016,-42.785,-39.522,-43.42,28.348
-0.8521,-27.668,-23.617,12.782,11.658,-26.144,-70.641,23.864,-44.515,-40.523,-45.436,25.359
-3.1306,-29.666,-23.822,14.713,10.472,-27.304,-69.322,21.644,-46.187,-41.49,-47.249,22.621
-5.6767,-31.416,-23.758,16.469,8.8749,-28.298,-68.037,19.438,-47.78,-42.377,-48.834,20.303
-8.2803,-32.965,-23.481,18.037,7.0008,-29.169,-66.739,17.304,-49.279,-43.154,-50.217,18.549
-10.706,-34.336,-23.083,19.404,5.0447,-29.943,-65.379,15.281,-50.676,-43.796,-51.45,17.431
-12.753,-35.549,-22.693,20.577,3.2246,-30.642,-63.924,13.388,-51.966,-44.281,-52.57,16.971
-14.287,-36.645,-22.469,21.586,1.7465,-31.312,-62.358,11.623,-53.139,-44.59,-53.573,17.151
-15.253,-37.687,-22.572,22.475,0.78019,-32.021,-60.686,9.97,-54.193,-44.711,-54.422,17.913
-15.67,-38.728,-23.126,23.282,0.44869,-32.849,-58.922,8.4016,-55.132,-44.651,-55.071,19.15
-15.619,-39.799,-24.208,24.023,0.82508,-33.859,-57.095,6.8971,-55.966,-44.433,-55.494,20.714
-15.227,-40.899,-25.842,24.691,1.9271,-35.077,-55.256,5.4531,-56.711,-44.089,-55.702,22.419
-14.632,-41.995,-27.989,25.261,3.7106,-36.483,-53.482,4.0916,-57.379,-43.65,-55.731,24.117
-13.929,-43.043,-30.539,25.694,6.0647,-38.019,-51.832,2.8503,-57.963,-43.12,-55.616,25.717
-13.123,-44.001,-33.313,25.957,8.8121,-39.603,-50.304,1.7639,-58.458,-42.495,-55.393,27.213
-12.141,-44.845,-36.095,26.037,11.727,-41.15,-48.831,0.83573,-58.863,-41.764,-55.076,28.679
-10.921,-45.567,-38.657,25.956,14.581,-42.583,-47.314,0.010601,-59.208,-40.942,-54.672,30.236
-9.5453,-46.147,-40.801,25.754,17.189,-43.821,-45.669,-0.83525,-59.561,-40.093,-54.193,32
-8.2016,-46.539,-42.387,25.466,19.41,-44.769,-43.852,-1.8675,-60.014,-39.329,-53.658,34.041
-6.9388,-46.656,-43.375,25.088,21.165,-45.322,-41.867,-3.2135,-60.641,-38.755,-53.06,36.388
-5.4927,-46.402,-43.855,24.566,22.52,-45.396,-39.743,-4.8458,-61.389,-38.307,-52.29,39.09
-3.4598,-45.691,-44.023,23.815,23.768,-44.987,-37.492,-6.4802,-62.034,-37.636,-50.972,42.329
-0.70084,-44.462,-44.13,22.723,25.28,-44.195,-35.11,-7.5363,-62.114,-35.941,-48.337,46.533
2.4382,-42.659,-44.266,21.119,26.995,-43.145,-32.59,-7.1743,-60.878,-31.746,-42.909,52.457
5.3198,-40.161,-43.948,18.663,28.177,-41.74,-29.962,-4.3793,-57.049,-22.235,-31.974,61.152
7.5861,-36.738,-42.188,14.747,28.085,-39.463,-27.288,2.0323,-47.644,-8.1657,-26.168,72.754
10.176,-32.149,-38.347,9.3718,26.655,-35.554,-24.634,9.4631,-41.457,-11.373,-24.886,73.104
9.1703,-26.401,-32.707,8.0945,23.857,-29.433,-22.061,-5.8325,-48.137,-16.309,-23.339,73.529
1.9557,-19.26,-25.96,10.737,11.643,-21.04,-19.649,-24.553,-57.637,-24.11,-22.771,78.14
-10.193,-8.6958,-17.449,4.2149,-17.598,-11.166,-17.488,-43.06,-69.501,-33.368,-21.785,83.041
-25.322,6.799,1.7003,-3.8036,-43.68,-1.7074,-15.593,-55.769,-79.831,-40.059,-16.617,90.151
-37.271,25.37,62.938,-12.6,-61.63,4.6861,-13.76,-54.701,-80.719,-35.23,1.9463,103.31
-38.397,46.523,96.266,-23.496,-64.952,7.9765,-11.658,-32.303,-60.588,-4.8459,48.197,129.09
-24.128,69.997,89.626,-38.04,-51.791,26.842,-9.315,16.296,-3.8916,69.729,136.73,176.79
7.4619,89.1,70.68,-58.271,-24.723,76.344,-7.2092,91.748,112.17,214.18,283.53,259.84
57.459,115.11,44.824,-89.434,13.932,82.932,-5.9616,192.08,290.23,434.25,503.83,400.52
126.81,151.84,15.399,-139.6,62.907,85.156,-6.2878,308.25,495.45,724.8,793.43,599.63
211.24,192.68,-18.132,-208.51,121.29,88.372,-8.6427,421.87,717.07,1067.7,1131.1,824.66
304.38,237.24,-61.51,-279.82,187.46,88.313,-12.823,514.39,934.23,1427.2,1481.4,1064.5
398.83,274.78,-121.28,-344.4,261.98,78.07,-27.419,577.5,1122.9,1756.8,1797.6,1291.4
488.38,287.25,-200.97,-395.91,344.82,47.268,-56.046,611.84,1261.7,2008.5,2032.4,1472.5
567.79,261.99,-303.44,-426.13,434.4,-15.633,-70.318,621.9,1333.2,2142.2,2148.2,1579
631.4,198.44,-425.26,-429.37,526.5,-112.32,-64.944,609.58,1323.7,2133.2,2119.2,1591.5
672.84,105.33,-554.75,-404.59,612.74,-225.97,-43.505,570.44,1222.3,1972.5,1937.9,1504.1
685.78,-4.0813,-675.61,-355.67,681.73,-340.27,-18.227,492.3,1020.3,1663.9,1617.2,1324.8
666.8,-115.47,-770.98,-289.43,722.05,-442.5,-5.9548,358.02,715.04,1223.7,1186.3,1073.6
618.66,-216.03,-828.03,-213.11,726.57,-519.68,-22.128,156.58,315.88,682.84,686.12,780.36
547.64,-296.88,-840.5,-133.13,694.96,-564.21,-74.93,-107.97,-150,88.067,165,476.96
459.63,-352.39,-807.98,-54.752,632.36,-573.92,-162.09,-413.85,-637.36,-500.53,-326.48,190.08
360.76,-379.07,-735.3,16.737,545.91,-550.55,-271.79,-724.22,-1089.2,-1018.7,-742.69,-60.418
258.01,-376.75,-632.25,71.648,443.82,-499.23,-385.44,-995.81,-1449,-1411.2,-1050.3,-260.44
158.5,-349.53,-511.47,104.85,335.6,-427.61,-482.34,-1191.1,-1675.9,-1643.8,-1233.6,-403.46
69.458,-303.8,-385.48,119.32,230.31,-344.33,-546.6,-1289.2,-1755.1,-1711.8,-1296.3,-491.17
-3.9033,-247,-264.93,120.04,135.01,-258.13,-575.37,-1290.3,-1700.9,-1639.7,-1258.9,-530.37
-58.722,-187.05,-157.86,111.65,53.94,-176.77,-569.85,-1212.1,-1549.2,-1473.2,-1152,-529.96
-88.822,-133.15,-69.712,98.371,-9.5778,-107.71,-534.77,-1080.9,-1343.8,-1262.8,-1008.7,-500.55
-100.05,-93.947,-14.467,83.227,-43.08,-60.604,-479.26,-923.2,-1123.6,-1048,-857.63,-453.83
-97.616,-71.101,11.215,64.61,-55.162,-35.234,-411.92,-761.38,-917.34,-853.41,-718.48,-400.75
-86.651,-60.201,17.383,51.2,-53.703,-25.426,-340.94,-612.23,-741.87,-691.35,-600.76,-349.29
-73.252,-56.597,11.666,47.033,-44.991,-26.034,-273.31,-486.45,-603,-564.3,-505.59,-303.11
-61.981,-57.422,1.2935,45.494,-35.215,-32.235,-213.14,-387.04,-498.44,-468.89,-429.27,-263.02
-54.555,-60.443,-7.8283,44.168,-28.061,-39.134,-163.68,-311.07,-421.43,-399.75,-369.22,-231.37
-47.702,-60.441,-13.031,42.344,-23.855,-42.321,-126.59,-255.06,-362.06,-346.97,-322.21,-206.96
-42.74,-51.976,-13.02,39.648,-20.44,-35.763,-100.93,-213.33,-312.19,-299.94,-284.55,-185.44
-41.024,-45.943,-10.346,36.282,-21.366,-31.559,-84.25,-180.42,-269.13,-257.09,-251.61,-164.89
-37.938,-43.009,-7.9062,33.071,-20.822,-28.97,-72.758,-152.63,-230.53,-216.49,-220.14,-145.5
-32.979,-41.028,-7.3452,30.586,-18.815,-27.033,-63.219,-127.97,-196.24,-179.4,-190.55,-128.47
-27.014,-39.5,-8.4999,28.766,-15.889,-26.009,-53.696,-106.2,-167.51,-148.88,-164.85,-114.46
-22.14,-38.349,-10.354,27.368,-12.558,-25.797,-43.367,-87.813,-144.81,-125.84,-144.44,-103.22
-19.15,-37.496,-12.136,26.237,-9.5115,-25.964,-32.728,-73.148,-127.13,-109.52,-129.56,-94.537
-17.379,-36.818,-13.45,25.292,-7.2532,-26.143,-23.498,-64.487,-113.98,-98.803,-119.42,-87.893
-16.243,-36.223,-14.176,24.474,-5.8919,-26.174,-19.561,-64.303,-104.56,-91.828,-112.62,-82.671
-15.475,-35.664,-14.38,23.735,-5.2639,-26.044,-19.428,-64.175,-97.43,-85.89,-106.92,-78.457
-14.894,-35.13,-14.23,23.049,-5.0778,-25.802,-18.088,-60.662,-90.816,-79.189,-100.28,-74.998
-14.339,-34.621,-13.927,22.414,-5.0265,-25.509,-16.054,-56.192,-84.057,-72.841,-93.017,-72.105
-13.694,-34.155,-13.643,21.851,-4.8799,-25.228,-14.112,-51.97,-77.971,-67.747,-86.618,-69.6
-12.899,-33.768,-13.489,21.39,-4.5144,-25.009,-12.394,-48.221,-72.99,-63.692,-81.632,-67.316
-11.95,-33.501,-13.531,21.068,-3.8918,-24.893,-10.777,-44.909,-68.92,-60.388,-77.862,-65.117
-10.915,-33.389,-13.797,20.913,-3.0422,-24.906,-9.1304,-41.971,-65.489,-57.659,-74.95,-62.922
-9.9329,-33.441,-14.275,20.938,-2.0636,-25.05,-7.3848,-39.38,-62.495,-55.374,-72.568,-60.702
-9.1949,-33.643,-14.905,21.133,-1.1193,-25.31,-5.5413,-37.141,-59.809,-53.405,-70.46,-58.473
-8.9165,-33.965,-15.596,21.472,-0.41162,-25.655,-3.6455,-35.264,-57.354,-51.636,-68.461,-56.263
-9.2927,-34.381,-16.247,21.931,-0.13067,-26.054,-1.7611,-33.734,-55.088,-49.971,-66.465,-54.095
-10.432,-34.88,-16.771,22.484,-0.39439,-26.497,0.054993,-32.501,-52.982,-48.35,-64.443,-51.971
-12.292,-35.468,-17.118,23.102,-1.2077,-26.989,1.7705,-31.496,-51.004,-46.743,-62.411,-49.883
-14.654,-36.143,-17.286,23.746,-2.454,-27.546,3.3824,-30.632,-49.132,-45.143,-60.4,-47.809
-17.162,-36.884,-17.331,24.369,-3.9065,-28.171,4.9065,-29.844,-47.339,-43.549,-58.435,-45.724
-19.418,-37.642,-17.365,24.925,-5.2665,-28.849,6.3633,-29.104,-45.598,-41.958,-56.525,-43.609
-21.081,-38.357,-17.529,25.376,-6.2248,-29.552,7.7517,-28.425,-43.882,-40.363,-54.672,-41.453
-21.933,-38.979,-17.945,25.693,-6.5439,-30.252,9.0407,-27.841,-42.176,-38.764,-52.876,-39.249
-21.885,-39.478,-18.681,25.862,-6.1157,-30.931,10.17,-27.384,-40.482,-37.184,-51.13,-37.002
-20.97,-39.841,-19.723,25.879,-4.9621,-31.57,11.068,-27.058,-38.827,-35.659,-49.427,-34.718
-19.314,-40.064,-20.985,25.754,-3.1914,-32.14,11.685,-26.833,-37.257,-34.238,-47.764,-32.419
-17.12,-40.143,-22.332,25.505,-0.95793,-32.602,12.021,-26.657,-35.817,-32.963,-46.149,-30.147
-14.634,-40.081,-23.621,25.157,1.5507,-32.922,12.139,-26.477,-34.543,-31.865,-44.598,-27.979
-12.109,-39.895,-24.748,24.741,4.0983,-33.094,12.141,-26.27,-33.462,-30.951,-43.14,-26.02
-9.7761,-39.621,-25.658,24.293,6.4156,-33.144,12.13,-26.063,-32.582,-30.209,-41.809,-24.384
-7.8474,-39.303,-26.321,23.848,8.2605,-33.111,12.178,-25.921,-31.886,-29.615,-40.64,-23.168
-6.5179,-38.971,-26.697,23.433,9.469,-33.016,12.306,-25.904,-31.333,-29.131,-39.653,-22.407
-5.9256,-38.622,-26.726,23.058,9.9604,-32.835,12.505,-26.016,-30.846,-28.702,-38.838,-22.057
-6.0998,-38.224,-26.337,22.717,9.7208,-32.506,12.746,-26.175,-30.327,-28.249,-38.155,-22
-6.949,-37.729,-25.468,22.397,8.7952,-31.953,13.006,-26.244,-29.669,-27.683,-37.535,-22.093
-8.2913,-37.099,-24.102,22.089,7.2836,-31.121,13.26,-26.093,-28.79,-26.927,-36.905,-22.214
-9.9024,-36.327,-22.29,21.797,5.3334,-30.006,13.489,-25.654,-27.657,-25.951,-36.199,-22.288
-11.559,-35.44,-20.154,21.532,3.124,-28.657,13.67,-24.943,-26.295,-24.78,-35.373,-22.294
-13.06,-34.492,-17.862,21.307,0.84686,-27.174,13.801,-24.022,-24.766,-23.479,-34.399,-22.241
-14.243,-33.55,-15.597,21.124,-1.3152,-25.677,13.91,-22.943,-23.135,-22.114,-33.257,-22.151
-15.004,-32.681,-13.53,20.976,-3.2118,-24.289,14.05,-21.725,-21.44,-20.724,-31.928,-22.047
-15.327,-31.932,-11.789,20.842,-4.7485,-23.105,14.274,-20.353,-19.665,-19.3,-30.397,-21.95
-15.284,-31.318,-10.443,20.699,-5.898,-22.171,14.607,-18.81,-17.755,-17.788,-28.661,-21.884
-15.005,-30.815,-9.4884,20.527,-6.6941,-21.472,15.026,-17.094,-15.634,-16.104,-26.74,-21.88
-14.638,-30.373,-8.8559,20.312,-7.2071,-20.946,15.475,-15.225,-13.234,-14.167,-24.667,-21.959
-14.302,-29.937,-8.4445,20.051,-7.5041,-20.506,15.889,-13.232,-10.521,-11.933,-22.482,-22.107
-14.049,-29.467,-8.1671,19.747,-7.6028,-20.085,16.216,-11.156,-7.5006,-9.4099,-20.221,-22.263
-13.854,-28.944,-7.9845,19.409,-7.4592,-19.648,16.436,-9.0329,-4.2094,-6.6522,-17.908,-22.332
-13.631,-28.36,-7.8975,19.04,-7.0149,-19.185,16.556,-6.8799,-0.69375,-3.7256,-15.553,-22.221
-13.275,-27.698,-7.8962,18.642,-6.2691,-18.677,16.62,-4.6779,3.0185,-0.67298,-13.148,-21.87
-12.704,-26.921,-7.9057,18.209,-5.3084,-18.066,16.7,-2.3591,6.9363,2.5046,-10.671,-21.271
-11.899,-25.962,-7.7732,17.731,-4.2828,-17.245,16.877,0.1792,11.101,5.8437,-8.0886,-20.468
-10.921,-24.745,-7.3046,17.198,-3.376,-16.087,17.208,3.0365,15.554,9.3961,-5.3792,-19.538
-9.9168,-23.213,-6.3239,16.602,-2.7913,-14.499,17.69,6.2625,20.302,13.202,-2.5422,-18.57
-9.0793,-21.349,-4.7303,15.93,-2.7298,-12.457,18.253,9.8323,25.298,17.271,0.3985,-17.632
-8.6042,-19.176,-2.5278,15.153,-3.3432,-10.017,18.773,13.664,30.464,21.593,3.4112,-16.741
-8.6332,-16.718,0.18933,14.223,-4.6842,-7.2724,19.13,17.67,35.748,26.166,6.4833,-15.839
-9.2062,-13.974,3.2792,13.067,-6.6812,-4.3104,19.251,21.81,41.177,31.042,9.6455,-14.797
-10.228,-10.907,6.5881,11.597,-9.1455,-1.193,19.132,26.105,46.907,36.354,12.977,-13.445
-11.47,-7.4658,9.9591,9.7316,-11.803,2.036,18.83,30.602,53.218,42.308,16.589,-11.629
-12.623,-3.6114,13.235,7.4123,-14.344,5.3397,18.416,35.319,60.467,49.135,20.59,-9.2544
-13.378,0.66253,16.293,4.6398,-16.479,8.7009,17.945,40.196,68.966,57.004,25.065,-6.3162
-13.514,5.3334,19.106,1.487,-17.997,12.153,17.44,45.107,78.8,65.924,30.064,-2.8778
-12.934,10.361,21.775,-1.9112,-18.791,15.792,16.902,49.899,89.67,75.658,35.601,0.97155
-11.653,15.698,24.454,-5.4024,-18.856,19.736,16.333,54.445,100.95,85.738,41.65,5.1618
-9.7406,21.293,27.215,-8.8831,-18.269,24.044,15.755,58.677,112,95.604,48.125,9.6596
-7.2863,27.086,29.991,-12.349,-17.174,28.646,15.211,62.588,122.38,104.79,54.863,14.452
-4.4134,33.006,32.621,-15.891,-15.742,33.344,14.745,66.208,131.9,113.05,61.643,19.515
-1.295,38.951,34.934,-19.632,-14.132,37.891,14.382,69.578,140.53,120.33,68.224,24.784
1.8643,44.784,36.82,-23.63,-12.487,42.072,14.12,72.715,148.26,126.73,74.411,30.154
4.8805,50.34,38.24,-27.82,-10.949,45.758,13.929,75.583,155.1,132.36,80.077,35.498
7.6423,55.47,39.209,-32.022,-9.6606,48.904,13.766,78.087,161.02,137.31,85.169,40.692
10.126,60.088,39.777,-36.027,-8.7355,51.536,13.579,80.089,166,141.64,89.687,45.649
12.352,64.196,40.021,-39.693,-8.2253,53.738,13.309,81.466,170.03,145.35,93.67,50.335
14.312,67.874,40.044,-42.969,-8.0801,55.632,12.896,82.159,173.15,148.48,97.187,54.767
15.977,71.24,39.989,-45.873,-8.1295,57.364,12.299,82.213,175.45,151.04,100.32,58.994
17.446,74.402,40.028,-48.451,-8.1298,59.077,11.503,81.749,177.03,153.11,103.14,63.068
19.042,77.41,40.335,-50.736,-7.8669,60.879,10.532,80.909,177.99,154.73,105.72,67.029
21.181,80.24,41.053,-52.738,-7.234,62.808,9.4269,79.794,178.4,155.98,108.08,70.896
24.107,82.821,42.23,-54.448,-6.2372,64.825,8.2368,78.442,178.29,156.92,110.2,74.675
27.688,85.075,43.786,-55.845,-4.9681,66.842,7.0032,76.828,177.66,157.55,112.05,78.365
31.418,86.958,45.549,-56.911,-3.5941,68.763,5.7612,74.898,176.51,157.87,113.59,81.969
34.595,88.48,47.349,-57.647,-2.3604,70.523,4.5456,72.6,174.79,157.83,114.8,85.488
36.589,89.691,49.095,-58.083,-1.5666,72.095,3.3935,69.905,172.48,157.42,115.68,88.923
37.048,90.662,50.781,-58.269,-1.492,73.485,2.3401,66.817,169.56,156.63,116.29,92.261
35.916,91.461,52.446,-58.261,-2.3057,74.71,1.4115,63.373,166.05,155.51,116.67,95.478
33.33,92.129,54.131,-58.102,-4.0215,75.79,0.61944,59.637,161.94,154.08,116.87,98.551
29.525,92.669,55.841,-57.821,-6.491,76.727,-0.043117,55.68,157.25,152.4,116.98,101.48
24.909,93.053,57.521,-57.447,-9.4068,77.504,-0.60563,51.562,151.97,150.51,117.08,104.31
20.159,93.243,59.052,-57.017,-12.34,78.081,-1.1214,47.317,146.08,148.45,117.23,107.09
16.105,93.201,60.273,-56.576,-14.832,78.415,-1.6628,42.968,139.53,146.25,117.5,109.92
13.454,92.904,61.035,-56.16,-16.515,78.471,-2.3105,38.553,132.32,143.97,117.9,112.86
12.556,92.335,61.242,-55.776,-17.207,78.221,-3.1389,34.145,124.5,141.61,118.38,115.95
13.318,91.477,60.867,-55.397,-16.931,77.633,-4.2023,29.838,116.18,139.18,118.88,119.16
15.26,90.298,59.923,-54.978,-15.868,76.642,-5.5257,25.718,107.53,136.62,119.31,122.43
17.714,88.751,58.404,-54.474,-14.271,75.152,-7.1012,21.827,98.734,133.85,119.59,125.68
20.093,86.788,56.228,-53.856,-12.362,73.059,-8.891,18.164,90.003,130.78,119.66,128.8
22.071,84.367,53.267,-53.108,-10.262,70.286,-10.832,14.705,81.499,127.35,119.51,131.7
23.557,81.455,49.426,-52.224,-8.0119,66.807,-12.838,11.422,73.342,123.49,119.14,134.28
24.578,78.008,44.715,-51.18,-5.6521,62.634,-14.808,8.2866,65.612,119.16,118.57,136.43
25.196,73.98,39.263,-49.923,-3.2841,57.811,-16.64,5.2797,58.357,114.32,117.83,138.01
25.452,69.345,33.3,-48.361,-1.0561,52.422,-18.248,2.3895,51.611,108.92,116.93,138.89
25.337,64.129,27.14,-46.401,0.89576,46.6,-19.58,-0.38483,45.386,102.95,115.9,139
24.838,58.436,21.137,-44,2.497,40.52,-20.615,-3.0358,39.667,96.46,114.71,138.33
23.998,52.425,15.607,-41.218,3.7463,34.36,-21.351,-5.5542,34.404,89.601,113.35,136.93
22.915,46.258,10.719,-38.207,4.6886,28.257,-21.797,-7.9371,29.516,82.566,111.73,134.89
21.678,40.031,6.4613,-35.117,5.3783,22.291,-21.961,-10.193,24.902,75.544,109.78,132.33
20.324,33.764,2.7135,-32.02,5.8621,16.509,-21.858,-12.345,20.458,68.682,107.38,129.32
18.877,27.445,-0.64914,-28.896,6.1806,10.964,-21.51,-14.432,16.097,62.057,104.39,125.87
17.38,21.11,-3.6947,-25.701,6.3787,5.7365,-20.942,-16.503,11.776,55.68,100.71,122
15.893,14.881,-6.4389,-22.41,6.5175,0.92596,-20.182,-18.598,7.5029,49.508,96.256,117.69
14.476,8.9445,-8.8818,-19.034,6.6806,-3.3682,-19.261,-20.727,3.3353,43.481,91.045,112.98
13.211,3.4975,-11.042,-15.612,6.968,-7.0809,-18.224,-22.853,-0.64727,37.553,85.189,107.94
12.223,-1.3223,-12.973,-12.217,7.4883,-10.212,-17.153,-24.905,-4.3717,31.711,78.887,102.69
11.649,-5.4871,-14.772,-8.9508,8.3442,-12.842,-16.165,-26.805,-7.7951,25.987,72.388,97.308
11.562,-9.0921,-16.551,-5.8995,9.5941,-15.113,-15.37,-28.492,-10.914,20.45,65.932,91.887
11.929,-12.317,-18.405,-3.0834,11.203,-17.193,-14.808,-29.948,-13.764,15.175,59.684,86.464
12.564,-15.358,-20.357,-0.44188,13.012,-19.225,-14.421,-31.195,-16.416,10.213,53.698,81.044
13.12,-18.345,-22.345,2.1249,14.758,-21.281,-14.099,-32.289,-18.964,5.5715,47.935,75.615
13.17,-21.308,-24.232,4.6868,16.134,-23.35,-13.728,-33.305,-21.507,1.2128,42.319,70.166
12.362,-24.187,-25.859,7.24,16.877,-25.366,-13.228,-34.313,-24.113,-2.9104,36.803,64.707
10.561,-26.889,-27.114,9.7165,16.856,-27.25,-12.58,-35.346,-26.795,-6.8189,31.401,59.272
7.8905,-29.341,-27.975,12.029,16.117,-28.956,-11.841,-36.398,-29.51,-10.49,26.179,53.911
4.6911,-31.52,-28.522,14.111,14.878,-30.477,-11.128,-37.428,-32.176,-13.87,21.215,48.674
1.4048,-33.443,-28.9,15.94,13.46,-31.841,-10.577,-38.379,-34.708,-16.912,16.569,43.61
-1.5621,-35.149,-29.266,17.536,12.188,-33.086,-10.289,-39.192,-37.046,-19.603,12.27,38.768
-3.9433,-36.684,-29.732,18.949,11.292,-34.237,-10.294,-39.815,-39.157,-21.97,8.326,34.205
-5.6412,-38.074,-30.341,20.234,10.859,-35.302,-10.527,-40.21,-41.036,-24.072,4.7285,29.977
-6.7008,-39.326,-31.066,21.423,10.84,-36.271,-10.837,-40.364,-42.687,-25.978,1.4623,26.125
-7.2641,-40.428,-31.832,22.503,11.102,-37.129,-11.042,-40.297,-44.124,-27.755,-1.4977,22.651
-7.512,-41.366,-32.55,23.44,11.489,-37.866,-11.013,-40.065,-45.367,-29.448,-4.1904,19.499
-7.6122,-42.138,-33.144,24.206,11.871,-38.477,-10.719,-39.752,-46.447,-31.094,-6.6753,16.563
-7.6847,-42.755,-33.581,24.797,12.165,-38.973,-10.231,-39.456,-47.408,-32.722,-9.0364,13.715
-7.7803,-43.234,-33.873,25.22,12.35,-39.374,-9.6692,-39.27,-48.307,-34.363,-11.376,10.833
-7.8768,-43.595,-34.068,25.486,12.455,-39.706,-9.1487,-39.251,-49.199,-36.047,-13.797,7.8355
-7.9018,-43.855,-34.221,25.605,12.535,-39.991,-8.7326,-39.405,-50.113,-37.791,-16.38,4.6887
-7.781,-44.029,-34.375,25.598,12.646,-40.241,-8.406,-39.678,-51.035,-39.587,-19.161,1.4114
-7.4845,-44.129,-34.551,25.5,12.826,-40.455,-8.0833,-39.969,-51.916,-41.398,-22.12,-1.9386
-7.0419,-44.172,-34.759,25.355,13.087,-40.632,-7.6494,-40.163,-52.685,-43.162,-25.184,-5.2843
-6.5223,-44.179,-35.006,25.207,13.436,-40.776,-7.0096,-40.164,-53.282,-44.809,-28.249,-8.5531
-5.9952,-44.169,-35.301,25.089,13.886,-40.899,-6.1249,-39.922,-53.679,-46.283,-31.219,-11.694
-5.4995,-44.157,-35.655,25.015,14.45,-41.014,-5.0258,-39.455,-53.894,-47.564,-34.036,-14.68
-5.0436,-44.15,-36.065,24.979,15.127,-41.126,-3.7982,-38.842,-53.983,-48.67,-36.687,-17.498
-4.6303,-44.139,-36.494,24.965,15.866,-41.223,-2.5407,-38.204,-54.023,-49.651,-39.184,-20.131
-4.2842,-44.109,-36.869,24.954,16.56,-41.275,-1.3177,-37.66,-54.078,-50.556,-41.533,-22.556
-4.0616,-44.044,-37.084,24.934,17.058,-41.246,-0.13329,-37.28,-54.176,-51.403,-43.718,-24.746
-4.0376,-43.936,-37.026,24.906,17.194,-41.101,1.062,-37.06,-54.307,-52.168,-45.691,-26.684
-4.2797,-43.784,-36.608,24.881,16.843,-40.823,2.3364,-36.939,-54.426,-52.793,-47.396,-28.377
-4.8206,-43.591,-35.794,24.868,15.952,-40.405,3.7312,-36.831,-54.478,-53.214,-48.784,-29.864
-5.6402,-43.357,-34.611,24.871,14.564,-39.855,5.2333,-36.649,-54.406,-53.393,-49.841,-31.2
-6.6616,-43.072,-33.149,24.882,12.82,-39.186,6.7784,-36.33,-54.171,-53.326,-50.588,-32.436
-7.7631,-42.727,-31.552,24.879,10.927,-38.428,8.2735,-35.834,-53.751,-53.043,-51.072,-33.597
-8.805,-42.317,-29.995,24.837,9.1184,-37.63,9.6229,-35.159,-53.153,-52.593,-51.348,-34.686
-9.6637,-41.853,-28.648,24.729,7.601,-36.862,10.751,-34.34,-52.407,-52.024,-51.457,-35.687
-10.256,-41.354,-27.636,24.537,6.5042,-36.186,11.621,-33.439,-51.552,-51.374,-51.416,-36.574
-10.543,-40.839,-27.007,24.253,5.8561,-35.642,12.243,-32.527,-50.622,-50.662,-51.218,-37.32
-10.526,-40.324,-26.729,23.884,5.5984,-35.231,12.666,-31.654,-49.633,-49.888,-50.851,-37.902
-10.223,-39.82,-26.713,23.446,5.6339,-34.923,12.955,-30.826,-48.58,-49.044,-50.303,-38.304
-9.6629,-39.335,-26.849,22.966,5.8818,-34.674,13.152,-30.01,-47.438,-48.113,-49.567,-38.516
-8.8742,-38.878,-27.051,22.475,6.3188,-34.447,13.245,-29.139,-46.159,-47.07,-48.632,-38.531
-7.8634,-38.439,-27.275,21.988,6.9831,-34.222,13.168,-28.136,-44.672,-45.868,-47.469,-38.335
-6.5908,-37.986,-27.512,21.48,7.9314,-33.981,12.843,-26.933,-42.886,-44.437,-46.025,-37.914
-4.9819,-37.46,-27.768,20.888,9.1797,-33.701,12.249,-25.477,-40.703,-42.692,-44.241,-37.265
-2.9999,-36.783,-28.035,20.131,10.676,-33.334,11.449,-23.736,-38.043,-40.557,-42.071,-36.415
-0.7345,-35.855,-28.276,19.136,12.302,-32.809,10.559,-21.698,-34.86,-37.993,-39.512,-35.422
1.5709,-34.558,-28.407,17.84,13.873,-32.039,9.7114,-19.363,-31.159,-35.023,-36.614,-34.362
3.5901,-32.761,-28.284,16.185,15.137,-30.922,9.0304,-16.739,-26.988,-31.721,-33.463,-33.296
5.0347,-30.33,-27.709,14.136,15.814,-29.336,8.6315,-13.847,-22.423,-28.19,-30.153,-32.246
5.751,-27.143,-26.442,11.699,15.669,-27.125,8.6147,-10.717,-17.548,-24.521,-26.761,-31.193
5.7542,-23.099,-24.25,8.9232,14.584,-24.108,9.0484,-7.3977,-12.446,-20.774,-23.338,-30.091
5.2123,-18.125,-20.945,5.8772,12.595,-20.103,9.9405,-3.9501,-7.2085,-16.97,-19.915,-28.907
4.4056,-12.197,-16.419,2.6264,9.8715,-14.969,11.223,-0.44542,-1.9481,-13.107,-16.523,-27.647
3.6479,-5.3579,-10.648,-0.79578,6.649,-8.615,12.772,3.0514,3.2092,-9.173,-13.185,-26.354
3.1842,2.3092,-3.6725,-4.3973,3.1261,-1.0357,14.462,6.4958,8.1552,-5.1569,-9.9126,-25.082
3.0997,10.672,4.4084,-8.1861,-0.60867,7.6179,16.199,9.8718,12.836,-1.0574,-6.6918,-23.866
3.2783,19.514,13.417,-12.118,-4.5671,16.977,17.928,13.192,17.267,3.1113,-3.4885,-22.704
3.4449,28.535,23.043,-16.087,-8.7689,26.52,19.615,16.488,21.509,7.3174,-0.26741,-21.56
3.2883,37.424,32.845,-19.968,-13.158,35.765,21.217,19.792,25.631,11.517,2.987,-20.382
2.5947,45.97,42.378,-23.681,-17.617,44.447,22.672,23.111,29.662,15.668,6.2566,-19.132
1.3258,54.109,51.343,-27.236,-22.025,52.537,23.904,26.406,33.578,19.735,9.4886,-17.8
-0.37704,61.899,59.61,-30.727,-26.271,60.131,24.845,29.584,37.313,23.689,12.605,-16.412
-2.2454,69.397,67.106,-34.255,-30.226,67.278,25.454,32.505,40.773,27.491,15.517,-15.013
-3.9673,76.508,73.722,-37.821,-33.756,73.875,25.733,35.022,43.857,31.075,18.145,-13.658
-5.2771,82.938,79.329,-41.269,-36.746,79.69,25.707,37.014,46.473,34.341,20.437,-12.393
-6.0206,88.356,83.858,-44.355,-39.121,84.517,25.41,38.419,48.564,37.175,22.377,-11.245
-6.1629,92.614,87.34,-46.918,-40.846,88.31,24.871,39.238,50.124,39.476,23.995,-10.22
-5.7483,95.817,89.895,-48.948,-41.921,91.187,24.111,39.509,51.188,41.197,25.34,-9.3055
-4.8524,98.212,91.679,-50.549,-42.389,93.349,23.141,39.287,51.806,42.347,26.461,-8.4949
-3.5442,100.08,92.86,-51.868,-42.334,95.009,21.951,38.611,52.02,42.983,27.383,-7.7918
-1.8564,101.67,93.594,-53.066,-41.875,96.346,20.52,37.504,51.847,43.178,28.109,-7.2073
0.22353,103.19,94.028,-54.286,-41.152,97.496,18.828,35.98,51.297,43.008,28.64,-6.746
2.7188,104.74,94.285,-55.615,-40.283,98.531,16.87,34.067,50.389,42.534,28.995,-6.3951
5.5855,106.32,94.432,-57.063,-39.323,99.467,14.647,31.811,49.167,41.801,29.214,-6.1257
8.6565,107.88,94.452,-58.583,-38.238,100.26,12.15,29.286,47.696,40.827,29.341,-5.9057
11.711,109.3,94.221,-60.096,-36.925,100.81,9.3516,26.574,46.042,39.61,29.397,-5.7155
14.637,110.44,93.526,-61.525,-35.233,100.97,6.2138,23.76,44.248,38.129,29.368,-5.5565
17.505,111.15,92.095,-62.804,-32.984,100.56,2.7233,20.928,42.32,36.371,29.213,-5.4502
20.493,111.24,89.628,-63.854,-30.014,99.348,-1.0751,18.141,40.225,34.334,28.882,-5.4315
23.732,110.43,85.839,-64.568,-26.235,97.07,-5.0668,15.44,37.909,32.026,28.335,-5.5406
27.187,108.38,80.511,-64.798,-21.692,93.462,-9.0913,12.83,35.315,29.458,27.554,-5.8173
30.624,104.82,73.572,-64.395,-16.579,88.33,-12.98,10.304,32.423,26.645,26.548,-6.2966
33.671,99.622,65.127,-63.27,-11.179,81.642,-16.58,7.8625,29.277,23.619,25.363,-6.9996
35.935,92.97,55.442,-61.439,-5.7837,73.559,-19.753,5.546,25.997,20.457,24.084,-7.9214
37.13,85.255,44.895,-59.012,-0.64136,64.414,-22.378,3.4416,22.755,17.279,22.815,-9.0214
37.155,76.935,33.929,-56.141,4.0617,54.63,-24.356,1.6683,19.733,14.235,21.657,-10.226
36.115,68.382,23,-52.959,8.2012,44.625,-25.622,0.34685,17.068,11.463,20.676,-11.45
34.302,59.827,12.532,-49.571,11.722,34.727,-26.157,-0.43228,14.832,9.0541,19.875,-12.622
32.145,51.37,2.8947,-46.047,14.644,25.141,-25.985,-0.63006,13.025,7.0327,19.193,-13.72
30.127,43.011,-5.5859,-42.424,17.05,15.952,-25.152,-0.26455,11.598,5.3591,18.523,-14.78
28.682,34.64,-12.643,-38.685,19.045,7.2007,-23.719,0.59855,10.478,3.9518,17.748,-15.891
28.086,26.067,-18.169,-34.743,20.72,-0.96479,-21.751,1.8618,9.5978,2.7162,16.778,-17.164
28.37,17.161,-22.276,-30.439,22.118,-8.2324,-19.326,3.4079,8.9025,1.5658,15.575,-18.703
29.274,8.0767,-25.225,-25.602,23.242,-14.305,-16.539,5.1072,8.3398,0.42881,14.137,-20.568
30.287,-0.6691,-27.303,-20.167,24.064,-19.123,-13.504,6.8262,7.8478,-0.75119,12.483,-22.764
30.796,-8.4536,-28.769,-14.315,24.551,-22.856,-10.345,8.4443,7.3536,-2.015,10.637,-25.234
30.323,-14.894,-29.835,-8.4878,24.682,-25.758,-7.1881,9.8685,6.7867,-3.3879,8.6256,-27.888
28.687,-19.958,-30.659,-3.1883,24.46,-28.061,-4.1557,11.036,6.0929,-4.8822,6.4734,-30.63
25.994,-23.851,-31.351,1.2796,23.918,-29.945,-1.3659,11.903,5.2397,-6.5003,4.203,-33.397
22.507,-26.855,-31.985,4.8932,23.114,-31.542,1.0769,12.441,4.2106,-8.2352,1.8299,-36.168
18.512,-29.231,-32.608,7.816,22.122,-32.946,3.0962,12.639,3.0006,-10.068,-0.63422,-38.96
14.252,-31.192,-33.243,10.276,21.018,-34.224,4.6509,12.517,1.6161,-11.97,-3.1748,-41.804
9.9315,-32.914,-33.897,12.485,19.876,-35.416,5.7294,12.133,0.075061,-13.903,-5.7698,-44.717
5.7492,-34.539,-34.554,14.599,18.762,-36.549,6.3331,11.554,-1.6012,-15.835,-8.3957,-47.695
1.9138,-36.156,-35.175,16.679,17.733,-37.626,6.4667,10.828,-3.4045,-17.757,-11.043,-50.715
-1.3824,-37.776,-35.711,18.684,16.832,-38.63,6.1408,9.9596,-5.3497,-19.688,-13.73,-53.756
-4.0044,-39.319,-36.122,20.499,16.095,-39.514,5.3833,8.9163,-7.4624,-21.669,-16.488,-56.809
-5.8781,-40.663,-36.396,22.006,15.56,-40.227,4.2472,7.6613,-9.7502,-23.73,-19.339,-59.884
-6.9709,-41.711,-36.545,23.14,15.262,-40.729,2.8151,6.1892,-12.177,-25.87,-22.264,-62.991
-7.304,-42.425,-36.601,23.91,15.219,-41.016,1.2002,4.5456,-14.662,-28.044,-25.186,-66.091
-6.9789,-42.836,-36.585,24.374,15.397,-41.109,-0.46324,2.8225,-17.103,-30.18,-27.992,-69.124
-6.1907,-43.002,-36.487,24.606,15.695,-41.041,-2.0401,1.1365,-19.412,-32.203,-30.565,-71.985
-5.2096,-42.989,-36.255,24.678,15.948,-40.832,-3.4193,-0.39789,-21.536,-34.051,-32.816,-74.55
-4.3318,-42.843,-35.805,24.652,15.96,-40.484,-4.5326,-1.6854,-23.454,-35.675,-34.698,-76.708
-3.8185,-42.594,-35.049,24.577,15.547,-39.985,-5.3627,-2.6582,-25.16,-37.031,-36.195,-78.384
-3.8462,-42.26,-33.936,24.49,14.594,-39.33,-5.9354,-3.2784,-26.639,-38.076,-37.309,-79.587
-4.4776,-41.866,-32.487,24.42,13.099,-38.543,-6.2987,-3.536,-27.856,-38.774,-38.064,-80.366
-5.6584,-41.443,-30.813,24.384,11.178,-37.685,-6.4947,-3.4418,-28.778,-39.092,-38.499,-80.835
-7.2392,-41.037,-29.08,24.391,9.0307,-36.842,-6.5407,-3.018,-29.383,-39.04,-38.684,-81.125
-9.0172,-40.685,-27.454,24.445,6.8822,-36.09,-6.4255,-2.2954,-29.672,-38.66,-38.705,-81.383
-10.786,-40.4,-26.034,24.541,4.9095,-35.463,-6.1245,-1.3253,-29.684,-38.026,-38.641,-81.716
-12.378,-40.155,-24.817,24.664,3.1969,-34.922,-5.6246,-0.2068,-29.52,-37.243,-38.553,-82.162
-13.681,-39.876,-23.693,24.786,1.7335,-34.363,-4.948,0.89303,-29.322,-36.445,-38.488,-82.707
-14.629,-39.455,-22.482,24.871,0.44941,-33.633,-4.1682,1.7548,-29.266,-35.799,-38.499,-83.261
-15.197,-38.76,-20.98,24.864,-0.74002,-32.564,-3.393,2.1627,-29.538,-35.434,-38.608,-83.705
-15.404,-37.652,-18.996,24.708,-1.9147,-30.992,-2.7222,2.0015,-30.243,-35.428,-38.81,-83.908
-15.305,-35.983,-16.373,24.339,-3.1539,-28.771,-2.1959,1.3498,-31.31,-35.715,-39.003,-83.721
-14.992,-33.596,-13.007,23.692,-4.5307,-25.79,-1.7755,0.52292,-32.411,-35.98,-38.881,-82.927
-14.576,-30.321,-8.8614,22.668,-6.0996,-21.965,-1.3785,0.063913,-32.934,-35.554,-37.818,-81.171
-14.18,-25.941,-3.9311,21.085,-7.9241,-17.182,-0.92571,0.7209,-31.931,-33.248,-34.675,-77.908
-13.906,-20.174,1.8512,18.598,-10.092,-11.22,-0.33921,3.4222,-27.853,-26.89,-27.391,-72.399
-13.716,-12.836,8.627,14.701,-12.625,-3.7421,0.407,9.3163,-17.907,-12.279,-15.259,-63.888
-13.053,-4.3788,16.46,9.6646,-15.34,5.5351,1.1708,15.398,-15.241,-10.946,-18.566,-55.801
-9.9633,3.7357,25.139,8.6523,-17.802,16.585,1.6095,-1.0164,-25.116,-15.644,-21.136,-91.486
-9.4507,12.173,34.052,11.776,-19.531,28.886,1.4153,-20.531,-38.488,-24.236,-25.893,-100.45
-11.69,28.482,42.246,3.5433,-21.524,41.548,0.47334,-39.517,-54.949,-35.505,-30.622,-95.986
-14.921,50.218,48.613,-6.609,-32.29,53.653,-1.5766,-53.646,-69.124,-45.074,-31.582,-87.502
-18.03,68.944,52.483,-16.635,-45.217,64.618,-6.8559,-52.849,-71.35,-43.81,-22.259,-73.739
-18.517,83.518,59.07,-26.916,-53.527,74.44,-10.059,-25.69,-47.531,-16.281,8.7241,-50.72
-13.128,95.81,90.708,-38.779,-56.251,83.542,8.6165,33.843,16.832,56.529,78.803,-10.058
1.8874,108.84,99.838,-55.31,-51.018,93.689,36.566,122.37,133.94,195.25,203.37,61.676
31.01,126.66,93.031,-81.192,-36.728,103.34,61.223,228.88,302.45,407.84,390.81,177.49
79.74,155.3,81.86,-122.45,-11.764,108.6,73.441,336.23,505.79,686.95,643.92,339.47
147.42,200.76,67.404,-181.95,27.522,118.64,66.454,425.75,727.18,1018.9,953.5,541.91
226.87,260.41,47.839,-252.93,82.859,133.48,35.82,487.78,944.03,1373.5,1295.2,771.44
316.74,320.25,20.094,-327.89,148.61,147.29,-15.487,520.62,1132.9,1710.1,1630.9,1006.8
411.48,367.34,-22.117,-398.82,222.04,150.81,-76.277,527.7,1272.8,1983.3,1914.1,1220.1
504.88,389.68,-91.673,-454.93,306.33,133.51,-134.49,513.46,1345.6,2150.2,2098.3,1380
589.71,375.84,-195.55,-486.67,400.25,85.272,-181.42,477.57,1336.1,2177.7,2147.4,1459.8
657.89,320.72,-321.29,-488.36,497.31,1.8794,-213.84,412.45,1232.6,2048.9,2044.6,1444.5
701.86,228.85,-458.64,-459.75,587.14,-110.18,-237.22,305.77,1027.3,1764.6,1795,1333.9
715.65,113.34,-589.2,-405.59,657.44,-233.48,-263.57,145.91,719.08,1342.9,1423.8,1141.8
696.12,-8.7847,-692.95,-333.51,697.24,-347.75,-305.28,-71.491,318.39,817.29,970.21,891.49
644.3,-121.93,-756.14,-251.74,700.26,-437.89,-367.91,-337.74,-147.46,234.42,481.29,610.6
565.38,-215.31,-773.46,-167.77,666.58,-495.58,-449.83,-629.28,-633.61,-348.5,5.3461,326.35
467.32,-283.34,-747.05,-87.849,601.64,-519.14,-542.78,-911.27,-1083.7,-870.55,-414.64,61.96
359.61,-324.47,-683.33,-16.278,513.77,-510.88,-632.26,-1146,-1442.5,-1277.6,-746.11,-163.74
252.24,-339.6,-590.27,41.563,412.13,-474.32,-701.14,-1302.9,-1669.7,-1534.5,-969.84,-335.2
154.13,-330.46,-476.82,80.634,306,-413.73,-735.61,-1366.5,-1751.1,-1633.4,-1082,-445.24
71.887,-299.01,-354.51,102.38,204.83,-335.85,-730.71,-1339,-1699.7,-1594,-1094.4,-500.14
8.9113,-248.83,-236.99,108.96,116.86,-250.12,-689.74,-1237,-1550.2,-1455.2,-1032.4,-513.06
-34.253,-188.1,-135.39,103.67,47.481,-166.3,-621.11,-1085.8,-1345.6,-1261.4,-925.54,-496.75
-58.728,-130.7,-58.723,91.573,-0.9091,-96.716,-535.92,-913.63,-1125.4,-1052.3,-799.42,-462.26
-66.651,-88.28,-12.273,77.162,-28.599,-51.938,-445.11,-744.77,-918.51,-857.22,-674.43,-418.68
-61.206,-64.829,7.2372,52.921,-37.61,-31.283,-357.8,-594.96,-742.38,-693.45,-564.33,-372.7
-46.675,-56.927,6.7806,35.447,-31.644,-27.574,-280.95,-470.44,-603.38,-566.98,-475.59,-328.57
-28.627,-57.333,-5.2124,33.337,-16.701,-33.328,-218.65,-371.11,-499.11,-474.24,-407.84,-288.85
-13.019,-60.773,-20.308,33.431,0.038148,-42.188,-172.01,-295.47,-422.15,-405.43,-355.14,-251.05
-5.5048,-62.301,-32.392,33.462,12.403,-49.65,-139.61,-239.82,-362.44,-351.1,-312.48,-218.81
-6.6691,-56.867,-38.954,32.957,15.807,-50.649,-117.13,-196.9,-313.02,-305.89,-277.31,-191.55
-8.63,-51.299,-36.514,32.105,11.414,-45.87,-99.52,-161.32,-270.59,-265.55,-245.77,-166.2
-12.115,-48.675,-33.272,31.307,7.6603,-43.174,-84.669,-130.69,-232.47,-227.16,-215.79,-142.24
-16.042,-47.246,-30.418,30.745,4.0667,-41.297,-71.86,-104.44,-198.52,-191.52,-188.09,-120.86
-19.252,-46.329,-28.143,30.364,1.0121,-39.941,-59.606,-82.703,-169.94,-161.25,-164.25,-103.25
-21.213,-45.76,-26.592,30.057,-1.0537,-39.131,-47.579,-65.311,-147.41,-137.58,-145.46,-89.143
-21.888,-45.426,-25.751,29.763,-1.9464,-38.736,-36.87,-51.803,-130.23,-120.35,-132,-77.36
-21.415,-45.194,-25.45,29.469,-1.8677,-38.536,-30.594,-43.328,-117.88,-109.16,-123.09,-67.054
-20.079,-44.95,-25.433,29.181,-1.2481,-38.339,-30.988,-40.079,-109.29,-102.31,-117.09,-57.845
-18.304,-44.627,-25.443,28.91,-0.49918,-38.019,-34.257,-35.89,-102.97,-97.788,-111.5,-49.573
-16.455,-44.188,-25.282,28.66,0.13555,-37.501,-36.17,-30.299,-97.477,-93.489,-104.41,-42.174
-14.764,-43.62,-24.845,28.413,0.58058,-36.769,-36.544,-24.766,-91.883,-88.425,-96.381,-35.646
-13.398,-42.931,-24.175,28.115,0.8769,-35.873,-36.428,-19.88,-86.526,-83.693,-89.199,-29.993
-12.337,-42.153,-23.445,27.706,1.1428,-34.921,-36.389,-15.862,-82.184,-80.146,-83.651,-25.149
-11.436,-41.336,-22.824,27.166,1.4669,-34.025,-36.505,-12.783,-79.036,-77.73,-79.585,-20.926
-10.687,-40.527,-22.338,26.541,1.8001,-33.244,-36.623,-10.592,-76.88,-76.173,-76.569,-17.038
-10.244,-39.757,-21.854,25.913,1.9568,-32.55,-36.575,-9.1575,-75.45,-75.216,-74.175,-13.178
-10.241,-39.036,-21.184,25.351,1.7227,-31.866,-36.281,-8.3064,-74.489,-74.63,-72.045,-9.126
-10.708,-38.352,-20.204,24.893,0.97835,-31.115,-35.736,-7.8629,-73.784,-74.204,-69.937,-4.7893
-11.576,-37.684,-18.923,24.536,-0.2347,-30.269,-34.974,-7.6602,-73.165,-73.787,-67.717,-0.20195
-12.678,-37.015,-17.481,24.248,-1.72,-29.361,-34.045,-7.5657,-72.523,-73.29,-65.357,4.5236
-13.78,-36.344,-16.085,23.979,-3.1907,-28.463,-33.001,-7.4801,-71.803,-72.685,-62.899,9.2568
-14.633,-35.685,-14.933,23.69,-4.365,-27.66,-31.883,-7.3214,-70.987,-71.988,-60.404,13.893
-15.047,-35.065,-14.151,23.365,-5.0534,-27.011,-30.696,-7.0414,-70.078,-71.238,-57.925,18.385
-14.942,-34.506,-13.757,23.016,-5.2062,-26.531,-29.408,-6.6293,-69.087,-70.464,-55.485,22.719
-14.351,-34.013,-13.673,22.672,-4.902,-26.181,-27.978,-6.1065,-68.025,-69.679,-53.094,26.902
-13.387,-33.567,-13.759,22.355,-4.2925,-25.886,-26.398,-5.518,-66.915,-68.881,-50.753,30.923
-12.202,-33.132,-13.886,22.067,-3.5353,-25.574,-24.695,-4.9204,-65.787,-68.066,-48.484,34.744
-10.958,-32.682,-13.984,21.79,-2.7458,-25.211,-22.929,-4.3622,-64.687,-67.259,-46.334,38.29
-9.8002,-32.221,-14.077,21.501,-1.9818,-24.832,-21.161,-3.8931,-63.674,-66.516,-44.368,41.464
-8.8428,-31.79,-14.253,21.189,-1.2569,-24.528,-19.435,-3.5426,-62.795,-65.908,-42.635,44.212
-8.1529,-31.459,-14.599,20.864,-0.57428,-24.408,-17.76,-3.3069,-62.066,-65.481,-41.135,46.53
-7.746,-31.292,-15.15,20.555,0.048841,-24.544,-16.116,-3.1419,-61.456,-65.228,-39.815,48.491
-7.5885,-31.326,-15.878,20.292,0.58523,-24.944,-14.473,-2.972,-60.895,-65.088,-38.584,50.217
-7.6064,-31.555,-16.723,20.1,1.022,-25.56,-12.822,-2.7154,-60.295,-64.963,-37.354,51.824
-7.6995,-31.942,-17.63,19.985,1.3831,-26.318,-11.199,-2.3142,-59.581,-64.755,-36.076,53.369
-7.754,-32.43,-18.58,19.936,1.7392,-27.149,-9.6877,-1.7514,-58.707,-64.401,-34.753,54.841
-7.6549,-32.966,-19.588,19.929,2.2002,-28.006,-8.3988,-1.0452,-57.666,-63.886,-33.432,56.201
-7.3018,-33.505,-20.691,19.929,2.8926,-28.868,-7.4365,-0.22941,-56.48,-63.242,-32.175,57.424
-6.6298,-34.019,-21.924,19.899,3.9231,-29.728,-6.8648,0.66257,-55.191,-62.53,-31.041,58.522
-5.6271,-34.494,-23.295,19.817,5.3466,-30.584,-6.6944,1.5981,-53.846,-61.821,-30.08,59.539
-4.3388,-34.926,-24.8,19.677,7.1511,-31.433,-6.8869,2.536,-52.499,-61.181,-29.332,60.514
-2.8531,-35.306,-26.411,19.475,9.2616,-32.263,-7.372,3.4256,-51.201,-60.666,-28.828,61.464
-1.2751,-35.607,-28.075,19.2,11.551,-33.05,-8.0654,4.2274,-49.996,-60.311,-28.579,62.374
0.30253,-35.779,-29.694,18.817,13.852,-33.745,-8.8832,4.9454,-48.907,-60.124,-28.571,63.205
1.822,-35.755,-31.13,18.278,15.966,-34.277,-9.7471,5.6438,-47.923,-60.077,-28.752,63.904
3.2633,-35.47,-32.223,17.537,17.696,-34.568,-10.587,6.4283,-46.99,-60.108,-29.043,64.427
4.6322,-34.878,-32.826,16.571,18.884,-34.54,-11.344,7.4055,-46.017,-60.138,-29.357,64.75
5.9432,-33.962,-32.834,15.388,19.45,-34.139,-11.983,8.6486,-44.888,-60.076,-29.618,64.883
7.2046,-32.734,-32.21,14.024,19.413,-33.34,-12.485,10.19,-43.49,-59.837,-29.781,64.864
8.4095,-31.221,-30.992,12.531,18.87,-32.149,-12.84,12.037,-41.737,-59.351,-29.83,64.754
9.5377,-29.47,-29.292,10.969,17.966,-30.613,-13.025,14.192,-39.601,-58.571,-29.769,64.623
10.566,-27.542,-27.275,9.3931,16.853,-28.817,-13.001,16.658,-37.108,-57.486,-29.619,64.534
11.478,-25.513,-25.128,7.8406,15.668,-26.883,-12.721,19.446,-34.327,-56.118,-29.399,64.522
12.261,-23.46,-23.027,6.3148,14.511,-24.944,-12.149,22.572,-31.329,-54.507,-29.123,64.59
12.913,-21.429,-21.111,4.7674,13.441,-23.117,-11.264,26.07,-28.149,-52.693,-28.782,64.704
13.45,-19.401,-19.472,3.0922,12.485,-21.47,-10.068,29.988,-24.758,-50.695,-28.35,64.817
13.911,-17.289,-18.151,1.1457,11.657,-20.007,-8.5905,34.385,-21.076,-48.511,-27.787,64.882
14.369,-14.959,-17.13,-1.2062,10.97,-18.667,-6.8872,39.288,-17.012,-46.115,-27.06,64.871
14.906,-12.298,-16.361,-4.0305,10.447,-17.364,-5.0379,44.653,-12.508,-43.47,-26.153,64.768
15.574,-9.2738,-15.796,-7.2824,10.131,-16.039,-3.1265,50.349,-7.5684,-40.531,-25.064,64.582
16.39,-5.9636,-15.409,-10.798,10.08,-14.685,-1.2171,56.206,-2.2404,-37.246,-23.79,64.349
17.377,-2.5031,-15.186,-14.342,10.35,-13.323,0.66233,62.092,3.4286,-33.541,-22.308,64.155
18.626,1.011,-15.081,-17.689,10.967,-11.93,2.5233,67.972,9.4393,-29.319,-20.568,64.128
20.308,4.5981,-14.984,-20.693,11.913,-10.385,4.4007,73.893,15.858,-24.463,-18.501,64.418
22.594,8.3971,-14.712,-23.325,13.11,-8.4552,6.325,79.918,22.793,-18.88,-16.05,65.153
25.54,12.61,-14.034,-25.658,14.427,-5.8429,8.2944,86.047,30.363,-12.53,-13.205,66.388
29.016,17.427,-12.676,-27.832,15.688,-2.2527,10.268,92.214,38.682,-5.4458,-10.017,68.078
32.673,22.948,-10.355,-29.994,16.695,2.5195,12.187,98.323,47.86,2.2787,-6.5763,70.091
35.948,29.128,-6.8237,-32.228,17.258,8.4899,14.003,104.31,57.967,10.533,-2.9703,72.261
38.162,35.759,-1.9378,-34.52,17.149,15.444,15.699,110.18,68.928,19.231,0.74826,74.449
38.711,42.551,4.3475,-36.779,16.011,23.023,17.291,115.94,80.481,28.331,4.5657,76.587
37.268,49.252,12.049,-38.901,13.336,30.902,18.798,121.66,92.267,37.83,8.4865,78.676
33.888,55.733,21.147,-40.826,8.6524,38.891,20.225,127.34,103.97,47.722,12.509,80.749
28.962,61.989,31.458,-42.562,1.7839,46.899,21.551,132.97,115.37,57.949,16.609,82.841
23.046,68.067,42.555,-44.149,-6.9805,54.84,22.734,138.45,126.34,68.373,20.744,84.955
16.696,73.992,53.828,-45.614,-16.84,62.584,23.73,143.6,136.71,78.793,24.857,87.068
10.376,79.706,64.636,-46.947,-26.645,69.984,24.51,148.25,146.34,88.994,28.903,89.15
4.436,85.083,74.466,-48.11,-35.33,76.907,25.066,152.23,155.01,98.786,32.865,91.182
-0.86492,89.985,83.001,-49.066,-42.272,83.248,25.417,155.5,162.58,108,36.773,93.175
-5.2956,94.315,90.089,-49.802,-47.305,88.915,25.594,158.11,169,116.49,40.694,95.152
-8.6438,98.047,95.687,-50.336,-50.589,93.817,25.634,160.21,174.31,124.09,44.709,97.132
-10.797,101.2,99.837,-50.714,-52.505,97.886,25.566,161.94,178.62,130.66,48.864,99.098
-11.814,103.82,102.66,-51.006,-53.515,101.1,25.402,163.41,182.02,136.1,53.143,100.99
-11.895,105.94,104.36,-51.295,-53.972,103.49,25.14,164.6,184.62,140.42,57.45,102.74
-11.292,107.61,105.2,-51.655,-54.027,105.15,24.771,165.42,186.5,143.7,61.628,104.28
-10.257,108.87,105.44,-52.116,-53.699,106.21,24.309,165.78,187.74,146.12,65.523,105.62
-9.0286,109.75,105.28,-52.646,-53.018,106.77,23.796,165.6,188.41,147.88,69.054,106.83
-7.8114,110.26,104.89,-53.155,-52.081,106.96,23.298,164.87,188.61,149.16,72.249,108.02
-6.7627,110.39,104.35,-53.531,-51.02,106.82,22.872,163.58,188.41,150.13,75.206,109.31
-5.9679,110.11,103.68,-53.68,-49.938,106.39,22.534,161.7,187.86,150.88,78.008,110.75
-5.4214,109.42,102.85,-53.569,-48.865,105.68,22.242,159.13,186.96,151.41,80.663,112.28
-5.0288,108.35,101.83,-53.227,-47.768,104.68,21.913,155.73,185.66,151.68,83.095,113.8
-4.6456,106.95,100.57,-52.723,-46.58,103.41,21.454,151.39,183.89,151.64,85.205,115.17
-4.1373,105.27,99.015,-52.116,-45.239,101.87,20.801,146.07,181.53,151.23,86.936,116.31
-3.4349,103.34,97.155,-51.412,-43.709,100.07,19.942,139.92,178.5,150.46,88.307,117.22
-2.5593,101.14,94.969,-50.554,-41.981,97.983,18.904,133.25,174.73,149.38,89.408,117.96
-1.6085,98.6,92.452,-49.441,-40.081,95.574,17.733,126.43,170.23,148.09,90.372,118.65
-0.71502,95.591,89.605,-47.966,-38.061,92.781,16.458,119.77,165.04,146.7,91.313,119.34
0.0092091,92.013,86.449,-46.064,-35.991,89.559,15.086,113.38,159.28,145.29,92.282,120.04
0.51801,87.845,83.029,-43.758,-33.943,85.916,13.601,107.21,153.08,143.86,93.246,120.65
0.84704,83.211,79.404,-41.186,-31.96,81.925,11.982,101.06,146.47,142.36,94.108,121.04
1.0939,78.357,75.616,-38.587,-30.036,77.709,10.22,94.666,139.41,140.66,94.75,121.05
1.3724,73.562,71.643,-36.213,-28.107,73.367,8.3502,87.833,131.77,138.59,95.082,120.6
1.7667,68.995,67.365,-34.22,-26.068,68.91,6.4623,80.515,123.43,136,95.066,119.69
2.3099,64.638,62.593,-32.605,-23.82,64.237,4.6922,72.824,114.37,132.74,94.722,118.32
2.9947,60.304,57.16,-31.23,-21.335,59.18,3.1781,64.973,104.7,128.7,94.113,116.53
3.7947,55.752,51.03,-29.907,-18.688,53.6,2.0111,57.187,94.733,123.83,93.307,114.33
4.6787,50.821,44.36,-28.491,-16.011,47.49,1.2009,49.636,84.799,118.16,92.339,111.71
5.632,45.519,37.454,-26.938,-13.384,41.01,0.67413,42.421,75.207,111.8,91.187,108.69
6.7094,40.009,30.636,-25.302,-10.773,34.444,0.30733,35.606,66.168,104.93,89.781,105.3
8.0622,34.512,24.118,-23.678,-8.0732,28.076,-0.024457,29.243,57.814,97.805,88.043,101.64
9.8635,29.186,17.958,-22.126,-5.1873,22.062,-0.40667,23.368,50.22,90.729,85.935,97.813
12.181,24.036,12.112,-20.617,-2.0753,16.396,-0.86289,17.988,43.405,84.041,83.481,93.966
14.902,18.909,6.5131,-19.014,1.2251,10.957,-1.3538,13.072,37.328,78.038,80.756,90.187
17.744,13.598,1.142,-17.117,4.597,5.6233,-1.7959,8.5563,31.917,72.893,77.852,86.498
20.344,8.0064,-3.9381,-14.759,7.8544,0.3792,-2.0948,4.3468,27.084,68.606,74.844,82.858
22.336,2.2724,-8.597,-11.908,10.779,-4.646,-2.1817,0.33234,22.734,65.029,71.768,79.202
23.429,-3.2634,-12.699,-8.7222,13.179,-9.2479,-2.0434,-3.5951,18.761,61.93,68.621,75.49
23.466,-8.2395,-16.167,-5.499,14.942,-13.27,-1.7355,-7.5092,15.044,59.065,65.385,71.738
22.494,-12.467,-19.019,-2.5204,16.061,-16.686,-1.3714,-11.423,11.469,56.257,62.051,68.033
20.744,-15.995,-21.355,0.08993,16.627,-19.598,-1.0836,-15.28,7.9564,53.452,58.642,64.515
18.498,-19.061,-23.331,2.4043,16.792,-22.187,-0.96953,-18.962,4.4897,50.733,55.202,61.339
15.949,-21.967,-25.109,4.6236,16.718,-24.644,-1.0487,-22.332,1.1189,48.268,51.782,58.636
13.184,-24.955,-26.81,6.9652,16.525,-27.09,-1.2575,-25.272,-2.0555,46.219,48.413,56.468
10.284,-28.097,-28.477,9.556,16.268,-29.542,-1.4862,-27.719,-4.9211,44.679,45.113,54.82
7.3939,-31.286,-30.082,12.36,15.964,-31.923,-1.637,-29.678,-7.3959,43.651,41.886,53.6
4.6902,-34.308,-31.564,15.178,15.647,-34.121,-1.6739,-31.213,-9.4593,43.08,38.729,52.665
2.2946,-36.965,-32.875,17.748,15.384,-36.042,-1.6397,-32.436,-11.159,42.874,35.624,51.851
0.28927,-39.147,-34.006,19.879,15.268,-37.637,-1.6329,-33.484,-12.598,42.916,32.544,51.004
-1.1876,-40.84,-34.996,21.506,15.429,-38.906,-1.7654,-34.489,-13.899,43.054,29.453,50.019
-1.9313,-42.087,-35.923,22.656,16.013,-39.887,-2.1192,-35.545,-15.169,43.096,26.328,48.845
-1.7727,-42.961,-36.86,23.395,17.095,-40.633,-2.7143,-36.672,-16.475,42.836,23.162,47.483
-0.74006,-43.538,-37.816,23.809,18.595,-41.192,-3.4939,-37.818,-17.827,42.099,19.97,45.968
0.83597,-43.884,-38.702,23.996,20.251,-41.584,-4.3372,-38.888,-19.195,40.793,16.787,44.341
2.4005,-44.046,-39.339,24.051,21.668,-41.796,-5.0959,-39.783,-20.534,38.935,13.656,42.636
3.3866,-44.053,-39.512,24.05,22.428,-41.79,-5.6467,-40.438,-21.805,36.629,10.617,40.868
3.4119,-43.923,-39.051,24.048,22.219,-41.532,-5.9425,-40.842,-22.997,34.031,7.6867,39.034
2.3833,-43.676,-37.897,24.065,20.936,-41.015,-6.0338,-41.041,-24.123,31.295,4.8483,37.116
0.49434,-43.335,-36.144,24.098,18.729,-40.276,-6.0408,-41.117,-25.205,28.55,2.0534,35.085
-1.8594,-42.935,-34.023,24.126,15.963,-39.399,-6.0927,-41.161,-26.252,25.888,-0.7616,32.909
-4.2081,-42.525,-31.853,24.132,13.111,-38.501,-6.2665,-41.238,-27.25,23.366,-3.6497,30.569
-6.1455,-42.157,-29.946,24.113,10.622,-37.704,-6.5497,-41.378,-28.167,21.006,-6.6285,28.063
-7.4242,-41.881,-28.533,24.086,8.7944,-37.106,-6.8433,-41.577,-28.973,18.788,-9.6668,25.416
-7.9798,-41.734,-27.716,24.084,7.7327,-36.764,-7.0068,-41.814,-29.668,16.671,-12.69,22.671
-7.915,-41.727,-27.475,24.149,7.3617,-36.679,-6.9236,-42.062,-30.289,14.609,-15.603,19.871
-7.4634,-41.845,-27.686,24.311,7.4954,-36.802,-6.554,-42.289,-30.899,12.572,-18.327,17.05
-6.9124,-42.05,-28.167,24.572,7.9171,-37.045,-5.95,-42.47,-31.562,10.553,-20.817,14.227
-6.5166,-42.298,-28.728,24.907,8.4404,-37.319,-5.2298,-42.596,-32.323,8.5512,-23.069,11.41
-6.4465,-42.55,-29.237,25.274,8.9396,-37.565,-4.5329,-42.69,-33.187,6.5552,-25.105,8.5955
-6.7602,-42.782,-29.67,25.622,9.3586,-37.776,-3.9719,-42.789,-34.124,4.5395,-26.951,5.7731
-7.3896,-42.989,-30.08,25.908,9.6943,-37.987,-3.5956,-42.929,-35.076,2.4755,-28.615,2.921
-8.1655,-43.172,-30.535,26.102,9.9719,-38.236,-3.3763,-43.111,-35.981,0.35033,-30.088,0.0097054
-8.8825,-43.33,-31.051,26.194,10.222,-38.538,-3.2302,-43.297,-36.784,-1.8225,-31.344,-2.9902
-9.3636,-43.454,-31.576,26.184,10.457,-38.861,-3.0609,-43.423,-37.446,-4.0072,-32.359,-6.0941
-9.492,-43.514,-32.007,26.07,10.661,-39.132,-2.8029,-43.416,-37.952,-6.1613,-33.127,-9.2889
-9.2184,-43.463,-32.229,25.842,10.803,-39.261,-2.4433,-43.222,-38.303,-8.2535,-33.665,-12.525
-8.5537,-43.248,-32.166,25.487,10.874,-39.166,-2.0126,-42.819,-38.525,-10.277,-34.015,-15.722
-7.558,-42.832,-31.809,25.001,10.903,-38.802,-1.5549,-42.223,-38.654,-12.252,-34.226,-18.797
-6.3261,-42.209,-31.208,24.405,10.946,-38.176,-1.0935,-41.486,-38.734,-14.215,-34.333,-21.674
-4.963,-41.413,-30.446,23.747,11.062,-37.334,-0.60915,-40.677,-38.794,-16.201,-34.342,-24.305
-3.5504,-40.493,-29.601,23.083,11.293,-36.335,-0.038892,-39.859,-38.839,-18.228,-34.233,-26.66
-2.1348,-39.499,-28.734,22.46,11.65,-35.229,0.70497,-39.058,-38.843,-20.294,-33.98,-28.731
-0.77282,-38.462,-27.872,21.896,12.099,-34.047,1.702,-38.251,-38.76,-22.372,-33.571,-30.531
0.40233,-37.393,-26.986,21.375,12.521,-32.795,2.9896,-37.365,-38.531,-24.406,-33.016,-32.092
1.1623,-36.29,-25.969,20.868,12.664,-31.468,4.5422,-36.309,-38.095,-26.321,-32.336,-33.456
1.2442,-35.152,-24.686,20.345,12.217,-30.07,6.2795,-35.011,-37.401,-28.04,-31.553,-34.672
0.46743,-33.984,-23.046,19.787,10.959,-28.63,8.1029,-33.444,-36.419,-29.497,-30.682,-35.789
-1.1698,-32.79,-21.006,19.194,8.8184,-27.17,9.9428,-31.629,-35.144,-30.655,-29.731,-36.835
-3.4784,-31.554,-18.534,18.585,5.8654,-25.661,11.786,-29.611,-33.58,-31.503,-28.702,-37.807
-6.1365,-30.24,-15.673,17.981,2.38,-24.018,13.669,-27.431,-31.735,-32.04,-27.592,-38.668
-8.7663,-28.779,-12.563,17.379,-1.1888,-22.131,15.633,-25.112,-29.608,-32.264,-26.4,-39.36
-10.986,-27.02,-9.2971,16.726,-4.398,-19.852,17.683,-22.666,-27.199,-32.169,-25.132,-39.827
-12.435,-24.715,-5.8036,15.927,-6.9097,-16.972,19.76,-20.109,-24.519,-31.751,-23.8,-40.036
-12.832,-21.566,-1.9554,14.879,-8.5331,-13.251,21.776,-17.478,-21.609,-31.014,-22.422,-39.991
-12.083,-17.372,2.3298,13.525,-9.2554,-8.5288,23.678,-14.831,-18.536,-29.976,-21.009,-39.736
-10.373,-12.155,7.0435,11.883,-9.262,-2.8822,25.475,-12.239,-15.385,-28.665,-19.557,-39.347
-8.1613,-6.172,12.118,10.039,-9.0106,3.3732,27.22,-9.7772,-12.237,-27.119,-18.046,-38.928
-6.0414,0.21325,17.579,8.1056,-9.2114,9.8982,28.973,-7.5079,-9.1459,-25.383,-16.457,-38.581
-4.5632,6.625,23.54,6.1606,-10.492,16.465,30.774,-5.4683,-6.1292,-23.502,-14.787,-38.393
-4.105,12.731,29.994,4.1998,-13.082,22.903,32.61,-3.6565,-3.1615,-21.506,-13.048,-38.413
-4.7998,18.337,36.72,2.1363,-16.844,29.034,34.398,-2.0283,-0.18895,-19.398,-11.263,-38.654
-6.4708,23.437,43.348,-0.15952,-21.426,34.681,35.993,-0.51183,2.848,-17.149,-9.4504,-39.097
-8.6528,28.16,49.462,-2.7998,-26.315,39.696,37.216,0.96303,5.9861,-14.709,-7.6135,-39.702
-10.771,32.675,54.675,-5.8264,-30.872,43.996,37.911,2.434,9.2205,-12.039,-5.7343,-40.414
-12.341,37.151,58.714,-9.1864,-34.466,47.611,38,3.8905,12.505,-9.1301,-3.7728,-41.171
-13.061,41.737,61.573,-12.745,-36.642,50.727,37.514,5.2815,15.768,-6.022,-1.6787,-41.903
-12.833,46.534,63.579,-16.334,-37.269,53.694,36.583,6.5378,18.94,-2.7934,0.59182,-42.539
-11.733,51.551,65.13,-19.806,-36.537,56.838,35.383,7.5933,21.96,0.45707,3.0606,-43.005
-9.9307,56.666,66.4,-23.08,-34.823,60.195,34.05,8.3947,24.782,3.6324,5.7192,-43.244
-7.6013,61.626,67.324,-26.143,-32.542,63.466,32.624,8.9,27.367,6.6533,8.5296,-43.236
-4.8783,66.108,67.747,-29.018,-30.009,66.251,31.035,9.074,29.675,9.4634,11.434,-43.008
-1.8628,69.826,67.552,-31.729,-27.389,68.267,29.167,8.8859,31.66,12.023,14.367,-42.624
1.3561,72.627,66.721,-34.28,-24.777,69.418,26.953,8.3132,33.269,14.299,17.266,-42.164
4.6882,74.487,65.291,-36.649,-22.24,69.714,24.43,7.3474,34.449,16.255,20.07,-41.704
8.0351,75.46,63.24,-38.814,-19.774,69.168,21.719,5.9948,35.156,17.845,22.708,-41.31
11.284,75.63,60.422,-40.762,-17.346,67.745,18.959,4.2715,35.375,19.017,25.081,-41.049
14.299,75.097,56.653,-42.504,-15.049,65.37,16.267,2.1966,35.12,19.719,27.06,-40.991
16.93,73.962,51.887,-44.064,-13.117,61.986,13.704,-0.20731,34.428,19.914,28.518,-41.216
19.053,72.277,46.325,-45.458,-11.592,57.605,11.279,-2.9108,33.345,19.599,29.379,-41.793
20.683,69.993,40.285,-46.664,-10.106,52.348,8.9663,-5.8783,31.913,18.803,29.652,-42.756
22.07,66.976,33.976,-47.611,-8.1138,46.45,6.7329,-9.0787,30.155,17.582,29.429,-44.087
23.652,63.12,27.446,-48.183,-5.2203,40.232,4.5659,-12.496,28.074,15.991,28.85,-45.715
25.883,58.481,20.674,-48.252,-1.2618,33.969,2.4878,-16.125,25.649,14.071,28.071,-47.528
29.034,53.275,13.595,-47.721,3.7265,27.782,0.55468,-19.944,22.865,11.857,27.229,-49.401
33.092,47.756,6.1876,-46.55,9.5272,21.67,-1.1584,-23.876,19.751,9.4007,26.44,-51.215
37.751,42.103,-1.4023,-44.777,15.767,15.604,-2.5793,-27.773,16.41,6.7932,25.786,-52.888
42.454,36.406,-8.8437,-42.516,21.937,9.583,-3.6597,-31.439,13.014,4.1746,25.312,-54.391
46.46,30.686,-15.672,-39.929,27.424,3.6705,-4.3856,-34.694,9.7731,1.7109,25.011,-55.757
49.03,24.936,-21.401,-37.184,31.624,-2.0034,-4.7727,-37.426,6.8806,-0.44663,24.83,-57.073
49.665,19.159,-25.677,-34.402,34.112,-7.2511,-4.8467,-39.622,4.4708,-2.206,24.671,-58.464
48.207,13.418,-28.36,-31.614,34.718,-11.84,-4.6167,-41.339,2.5901,-3.5604,24.415,-60.056
44.787,7.867,-29.474,-28.74,33.542,-15.513,-4.0587,-42.658,1.2039,-4.578,23.963,-61.944
39.807,2.725,-29.13,-25.606,30.904,-18.068,-3.1196,-43.632,0.23577,-5.3582,23.285,-64.159
33.951,-1.8592,-27.526,-22.006,27.252,-19.486,-1.7426,-44.272,-0.38268,-5.9806,22.434,-66.653
28.056,-5.9216,-25.004,-17.814,23.071,-20.002,0.10194,-44.552,-0.67938,-6.4731,21.533,-69.301
22.778,-9.6424,-22.037,-13.091,18.8,-20.043,2.3996,-44.445,-0.64406,-6.8132,20.719,-71.931
18.395,-13.161,-19.134,-8.1275,14.779,-20.059,5.0942,-43.954,-0.25772,-6.9547,20.102,-74.372
14.853,-16.43,-16.738,-3.3312,11.256,-20.351,8.0999,-43.138,0.46901,-6.8638,19.732,-76.507
11.788,-19.276,-15.136,0.9804,8.3841,-20.987,11.31,-42.116,1.4668,-6.5464,19.587,-78.306
8.6341,-21.584,-14.413,4.701,6.1754,-21.86,14.605,-41.057,2.6008,-6.057,19.58,-79.844
5.066,-23.41,-14.463,7.8984,4.5037,-22.822,17.86,-40.145,3.6904,-5.4893,19.575,-81.273
1.2189,-24.939,-15.065,10.711,3.1846,-23.777,20.97,-39.538,4.5517,-4.9556,19.416,-82.797
-2.6114,-26.387,-15.991,13.269,2.0849,-24.73,23.865,-39.325,5.0446,-4.5659,18.96,-84.621
-6.2164,-27.943,-17.132,15.655,1.2254,-25.789,26.505,-39.513,5.1055,-4.4094,18.101,-86.919
-9.4132,-29.74,-18.579,17.891,0.8299,-27.113,28.869,-40.049,4.7484,-4.5469,16.786,-89.803
-11.952,-31.828,-20.531,19.948,1.2357,-28.833,30.928,-40.856,4.0349,-5.015,15.008,-93.311
-13.532,-34.156,-23.098,21.766,2.658,-30.975,32.62,-41.883,3.0299,-5.8357,12.802,-97.405
-13.911,-36.586,-26.178,23.291,5.0359,-33.418,33.862,-43.111,1.7738,-7.0166,10.234,-101.99
-13.041,-38.937,-29.497,24.489,8.095,-35.937,34.572,-44.537,0.28958,-8.5358,7.4093,-106.93
-11.169,-41.041,-32.717,25.361,11.461,-38.287,34.7,-46.142,-1.3875,-10.323,4.4735,-112.11
-8.8034,-42.785,-35.535,25.943,14.718,-40.292,34.259,-47.864,-3.1818,-12.254,1.6128,-117.42
-6.5485,-44.136,-37.741,26.292,17.468,-41.88,33.34,-49.599,-4.9775,-14.174,-0.97768,-122.78
-4.9096,-45.132,-39.265,26.484,19.407,-43.08,32.113,-51.224,-6.6478,-15.936,-3.1409,-128.12
-4.1541,-45.852,-40.176,26.602,20.397,-43.973,30.806,-52.629,-8.0932,-17.436,-4.7998,-133.3
-4.2488,-46.378,-40.63,26.705,20.495,-44.646,29.673,-53.739,-9.2645,-18.633,-5.9649,-138.27
-4.9118,-46.774,-40.81,26.801,19.945,-45.165,28.957,-54.531,-10.16,-19.543,-6.7048,-143.01
-5.7584,-47.076,-40.889,26.854,19.118,-45.567,28.858,-55.013,-10.802,-20.217,-7.0998,-147.55
-6.4241,-47.289,-41.014,26.823,18.404,-45.875,29.506,-55.228,-11.21,-20.714,-7.2043,-151.91
-6.6266,-47.41,-41.3,26.689,18.118,-46.117,30.922,-55.212,-11.38,-21.073,-7.0324,-156.16
-6.2013,-47.447,-41.813,26.479,18.455,-46.333,33.024,-54.965,-11.274,-21.296,-6.5574,-160.22
-5.1437,-47.444,-42.566,26.249,19.434,-46.57,35.658,-54.446,-10.843,-21.362,-5.7393,-163.94
-3.6554,-47.463,-43.499,26.069,20.886,-46.854,38.662,-53.61,-10.049,-21.228,-4.5351,-167.1
-2.1239,-47.543,-44.463,25.994,22.493,-47.168,41.937,-52.436,-8.907,-20.861,-2.9171,-169.42
-0.98876,-47.67,-45.236,26.04,23.866,-47.439,45.421,-50.981,-7.5237,-20.273,-0.89298,-170.73
-0.58758,-47.772,-45.564,26.181,24.624,-47.545,49.022,-49.42,-6.1183,-19.55,1.4747,-170.94
-1.0639,-47.731,-45.227,26.357,24.47,-47.338,52.558,-48.002,-4.9728,-18.873,4.0564,-170.1
-2.3392,-47.417,-44.101,26.488,23.274,-46.693,55.795,-46.966,-4.3279,-18.443,6.7103,-168.39
-4.1418,-46.725,-42.224,26.494,21.164,-45.552,58.546,-46.437,-4.2597,-18.41,9.3383,-165.95
-6.096,-45.58,-39.869,26.302,18.562,-43.972,60.754,-46.306,-4.5674,-18.715,12.039,-162.75
-7.8667,-43.931,-37.556,25.838,15.992,-42.137,62.557,-46.13,-4.7242,-18.946,15.315,-158.43
-9.2925,-41.716,-35.554,24.992,13.596,-40.17,64.243,-45.1,-3.842,-18.188,20.343,-152.12
-10.405,-38.792,-33.073,23.55,10.817,-37.662,66.06,-42.106,-0.5569,-14.799,29.203,-142.76
-11.236,-34.901,-28.569,21.137,7.1362,-33.507,67.866,-35.801,7.2148,-5.7329,38.034,-130.8
-11.485,-29.773,-20.975,17.53,3.07,-26.461,69.058,-23.722,9.7382,-1.7277,11.368,-123.15
-9.9007,-23.13,-10.442,15.443,-0.40798,-15.857,69.076,-11.361,-11.216,-5.2061,12.715,-154.63
-10.923,-13.399,1.6399,17.958,-3.4089,-1.9853,68.131,-25.508,-25.099,-14.604,12.271,-168.1
-15.468,3.1288,13.345,11.535,-12.301,13.882,67.455,-44.333,-42.353,-28.645,10.897,-162.71
-21.253,25.634,24.009,1.6139,-34.906,29.994,67.715,-62.061,-55.845,-41.147,13.491,-155.48
-26.544,48.168,39.715,-8.5425,-54.724,44.852,68.075,-71.517,-56.623,-44.24,26.484,-144.43
-28.307,68.239,80.244,-19.527,-67.312,57.661,69.024,-64.52,-36.783,-30.037,56.815,-124.29
-22.688,86.839,109.69,-32.55,-68.675,69.893,74.514,-32.832,10.202,12.614,113.86,-87.253
-5.8427,105.28,106.26,-49.841,-56.945,88.682,87.525,27.704,98.701,110.4,219.86,-24.71
25.707,125,90.422,-74.902,-32.92,101.79,105.56,115.69,245.32,294.17,395.14,73.648
75.34,151.18,68.685,-112.12,2.328,104.2,123.87,228.03,447.36,560.82,648.32,218.03
142.65,189.01,43.912,-165.13,49.104,108.96,141.5,351.38,690.29,903,973.88,411.51
221.69,238.62,14.633,-231.82,106.95,116.46,150.6,465.5,948.16,1293.5,1348.5,646.32
310.97,292.07,-24.214,-304.77,172.48,122.15,127.81,556.07,1190.9,1687.9,1732.5,901.86
405.41,335.08,-79.311,-375.55,246.82,117.59,85.085,616.84,1392.1,2034.5,2075.3,1146.8
498.47,353.8,-156.49,-433.42,331.28,92.029,40.443,648.81,1530.6,2283.3,2325.1,1345.5
583.31,337.59,-257.99,-468.61,423.92,36.26,6.7344,655.89,1590.6,2395.4,2439.9,1467.3
652.25,281.7,-382.01,-475.03,519.26,-52.928,-9.5806,638.72,1559.7,2348.3,2396.6,1493.3
697.88,190.19,-516.59,-451.69,608.01,-167.81,-11.538,589.63,1427.2,2137.1,2194,1420.1
714.27,75.873,-642.56,-402.47,678.89,-288.62,-10.911,491.86,1185.1,1772.2,1851.1,1258.5
698.26,-43.99,-741.4,-334.53,721.14,-397.22,-23.438,329.01,833.89,1277.8,1401.7,1028.5
650.49,-153.71,-799.68,-255.9,727.12,-480.15,-62.256,96.915,389.16,693.13,890.04,755.03
575.23,-242.63,-811.16,-173.79,694.63,-529.69,-132.24,-191.08,-113.24,72.309,365.75,464.97
479.2,-305.11,-776.95,-94.087,627.75,-543.82,-227.62,-504.89,-619.48,-520.08,-121.83,183.79
371.41,-339.11,-703.88,-21.256,535.89,-524.78,-333.93,-803.64,-1068,-1020.3,-530.43,-67.362
262.81,-345.37,-602.24,38.621,431.11,-477.68,-433.98,-1045.8,-1404.7,-1379.8,-830.93,-272.85
163.47,-326.96,-483.88,77.835,323.99,-409.68,-512.04,-1200.8,-1597.1,-1578.9,-1014.3,-423.14
80.326,-288.37,-360.96,97.452,222.74,-328.9,-553.14,-1256.6,-1642.8,-1631.5,-1090.6,-516.59
16.887,-234.74,-244.49,101.97,134.4,-243.65,-555.4,-1221.3,-1566.5,-1565.8,-1078.1,-558.97
-26.736,-174.07,-142.84,96.278,63.299,-161.62,-526.42,-1116.8,-1407.4,-1415.3,-1002.1,-560.3
-51.622,-119.56,-63.218,85.472,9.6178,-94.147,-475.04,-971.01,-1207,-1219.3,-888.94,-532.04
-61.52,-81.307,-14.944,73.1,-22.758,-51.721,-410.17,-810.23,-1000.5,-1014.8,-762.29,-485.55
-62.078,-61.728,5.7834,47.404,-35.453,-31.958,-340.78,-655.09,-811.96,-828.51,-639.82,-431.52
-58.08,-56.188,8.9936,32.336,-36.22,-27.043,-274.38,-517.97,-653.31,-673.48,-531.95,-378.64
-53.132,-57.444,3.5188,31.242,-32.004,-29.955,-215.47,-403.53,-526.05,-551.32,-442.68,-332.29
-48.943,-60.299,-4.0686,31.507,-27.013,-35.526,-165.76,-313.13,-426.35,-457.91,-372.77,-293.65
-37.465,-58.542,-9.7971,31.375,-23.39,-40.206,-126.22,-246.35,-355.59,-388.82,-320.65,-261.91
-23.761,-48.691,-13.24,30.448,-18.145,-38.411,-98.499,-197.59,-305.19,-336.17,-281.59,-236.55
-22.726,-42.067,-12.202,29.041,-12.565,-31.484,-81.075,-158.6,-262.36,-292.48,-248.93,-214.45
-22.49,-38.643,-9.0253,27.598,-14.802,-27.771,-69.335,-125.22,-222.05,-252.92,-218.56,-193.01
-21.913,-36.306,-6.6624,26.324,-16.101,-25.31,-59.377,-97.391,-184.55,-215.47,-189.89,-171.31
-20.822,-34.728,-5.7479,25.273,-15.91,-23.91,-49.086,-75.384,-152.19,-181,-163.84,-149.92
-19.371,-33.934,-6.3576,24.465,-14.508,-23.605,-37.743,-58.092,-126.47,-151.8,-142.12,-130.38
-17.741,-33.784,-8.0514,23.878,-12.332,-24.134,-26.447,-44.135,-107.46,-129.74,-126.28,-113.93
-16.067,-34.001,-10.268,23.447,-9.7847,-25.092,-18.314,-33.963,-94.647,-114.68,-116.33,-100.43
-14.443,-34.333,-12.584,23.098,-7.1424,-26.148,-18.189,-28.885,-86.215,-105.27,-110.22,-89.413
-12.918,-34.626,-14.781,22.774,-4.5401,-27.118,-19.921,-22.89,-77.98,-99.513,-104.74,-80.388
-11.508,-34.84,-16.82,22.46,-2.0183,-27.974,-19.68,-15.939,-68.943,-95.132,-98.516,-72.701
-10.207,-35.042,-18.762,22.176,0.41152,-28.805,-19.147,-9.9928,-61.708,-90.39,-92.352,-65.862
-8.9984,-35.344,-20.682,21.949,2.7334,-29.726,-18.951,-5.3546,-56.431,-85.35,-87.046,-59.613
-7.8781,-35.82,-22.611,21.798,4.9219,-30.797,-19.068,-1.9105,-52.51,-81.01,-82.806,-53.861
-6.8796,-36.459,-24.525,21.733,6.9421,-31.989,-19.332,0.4798,-49.614,-77.683,-79.568,-48.586
-6.0895,-37.191,-26.347,21.76,8.7379,-33.204,-19.594,1.9549,-47.565,-75.206,-77.187,-43.771
-5.6253,-37.927,-27.968,21.888,10.221,-34.327,-19.763,2.6854,-46.197,-73.346,-75.48,-39.375
-5.5814,-38.592,-29.27,22.109,11.289,-35.259,-19.824,2.8739,-45.317,-71.907,-74.261,-35.338
-5.9726,-39.133,-30.162,22.399,11.865,-35.939,-19.823,2.7135,-44.736,-70.725,-73.349,-31.607
-6.7109,-39.521,-30.604,22.706,11.941,-36.343,-19.829,2.3459,-44.301,-69.674,-72.602,-28.154
-7.631,-39.752,-30.621,22.971,11.58,-36.494,-19.898,1.8682,-43.914,-68.666,-71.926,-24.968
-8.547,-39.847,-30.29,23.145,10.898,-36.447,-20.043,1.3584,-43.517,-67.658,-71.276,-22.068
-9.3057,-39.844,-29.72,23.206,10.027,-36.279,-20.237,0.8998,-43.089,-66.645,-70.648,-19.469
-9.8178,-39.79,-29.015,23.167,9.0819,-36.058,-20.427,0.58286,-42.637,-65.648,-70.037,-17.176
-10.071,-39.72,-28.263,23.072,8.1518,-35.824,-20.565,0.47173,-42.192,-64.701,-69.446,-15.179
-10.114,-39.65,-27.54,22.972,7.303,-35.588,-20.632,0.57669,-41.788,-63.826,-68.869,-13.456
-10.019,-39.578,-26.913,22.905,6.598,-35.347,-20.643,0.85599,-41.449,-63.02,-68.297,-11.988
-9.8247,-39.491,-26.43,22.882,6.1063,-35.099,-20.619,1.2319,-41.179,-62.259,-67.722,-10.739
-9.5128,-39.371,-26.118,22.882,5.911,-34.848,-20.563,1.6236,-40.966,-61.511,-67.147,-9.6725
-9.0321,-39.2,-25.995,22.873,6.0895,-34.604,-20.456,1.9715,-40.796,-60.759,-66.584,-8.7559
-8.3543,-38.965,-26.065,22.819,6.6648,-34.368,-20.241,2.2455,-40.663,-60.008,-66.057,-7.9531
-7.5276,-38.653,-26.293,22.699,7.5599,-34.127,-19.822,2.4456,-40.561,-59.271,-65.58,-7.2537
-6.6958,-38.254,-26.585,22.507,8.5848,-33.849,-19.08,2.6011,-40.486,-58.557,-65.158,-6.667
-6.0752,-37.764,-26.789,22.253,9.4635,-33.494,-17.91,2.7682,-40.428,-57.859,-64.781,-6.2366
-5.8872,-37.198,-26.731,21.966,9.8996,-33.027,-16.267,3.0002,-40.373,-57.156,-64.431,-6.0253
-6.2752,-36.595,-26.268,21.684,9.6629,-32.441,-14.176,3.3274,-40.307,-56.428,-64.094,-6.1124
-7.2423,-36.012,-25.334,21.444,8.664,-31.761,-11.736,3.744,-40.223,-55.663,-63.768,-6.5574
-8.6332,-35.504,-23.965,21.262,6.9926,-31.03,-9.0931,4.2196,-40.114,-54.861,-63.457,-7.3507
-10.171,-35.088,-22.283,21.132,4.9061,-30.286,-6.4091,4.7291,-39.968,-54.021,-63.165,-8.3831
-11.536,-34.736,-20.476,21.025,2.7576,-29.539,-3.8307,5.2787,-39.756,-53.128,-62.88,-9.459
-12.443,-34.398,-18.748,20.909,0.88931,-28.789,-1.4627,5.9063,-39.437,-52.148,-62.569,-10.35
-12.707,-34.032,-17.27,20.761,-0.45976,-28.042,0.64778,6.6543,-38.968,-51.036,-62.184,-10.858
-12.282,-33.624,-16.127,20.587,-1.1947,-27.32,2.5123,7.5348,-38.324,-49.755,-61.667,-10.865
-11.284,-33.175,-15.316,20.411,-1.3603,-26.635,4.1742,8.5171,-37.511,-48.291,-60.967,-10.348
-9.9876,-32.685,-14.767,20.259,-1.1116,-25.976,5.6658,9.5441,-36.56,-46.654,-60.049,-9.3662
-8.7535,-32.14,-14.353,20.142,-0.67703,-25.301,6.9913,10.562,-35.517,-44.869,-58.9,-8.0401
-7.9239,-31.515,-13.937,20.051,-0.31147,-24.56,8.1391,11.541,-34.418,-42.966,-57.534,-6.5237
-7.7416,-30.795,-13.442,19.959,-0.22459,-23.738,9.0879,12.479,-33.281,-40.971,-55.985,-4.9824
-8.2902,-29.992,-12.88,19.826,-0.51292,-22.877,9.8047,13.397,-32.093,-38.898,-54.311,-3.5731
-9.4589,-29.143,-12.315,19.607,-1.153,-22.064,10.251,14.331,-30.819,-36.746,-52.577,-2.4224
-10.963,-28.297,-11.796,19.263,-2.0455,-21.377,10.404,15.333,-29.414,-34.499,-50.844,-1.5969
-12.433,-27.495,-11.327,18.767,-3.0533,-20.844,10.274,16.461,-27.826,-32.136,-49.151,-1.0771
-13.532,-26.757,-10.884,18.125,-4.0134,-20.434,9.9051,17.778,-26.009,-29.633,-47.506,-0.75262
-14.03,-26.084,-10.462,17.372,-4.7482,-20.09,9.3681,19.337,-23.922,-26.975,-45.889,-0.45193
-13.829,-25.45,-10.09,16.56,-5.099,-19.749,8.748,21.18,-21.532,-24.14,-44.256,0.0052793
-12.932,-24.797,-9.8107,15.72,-4.9634,-19.357,8.1322,23.338,-18.801,-21.098,-42.549,0.75349
-11.408,-24.032,-9.6405,14.837,-4.3116,-18.862,7.6007,25.845,-15.683,-17.808,-40.691,1.8439
-9.3784,-23.029,-9.5562,13.845,-3.1841,-18.203,7.2126,28.732,-12.13,-14.224,-38.599,3.2313
-7.0242,-21.662,-9.501,12.658,-1.6853,-17.313,6.9954,32.016,-8.1131,-10.313,-36.2,4.787
-4.5683,-19.832,-9.4054,11.196,0.023074,-16.138,6.9436,35.668,-3.6504,-6.0598,-33.457,6.3356
-2.2404,-17.491,-9.207,9.4142,1.7374,-14.654,7.0275,39.593,1.187,-1.4689,-30.382,7.7091
-0.23499,-14.639,-8.8468,7.2985,3.2367,-12.869,7.211,43.663,6.3004,3.4549,-27.03,8.8049
1.3194,-11.31,-8.2382,4.8657,4.3132,-10.796,7.471,47.778,11.616,8.7294,-23.473,9.6243
2.3742,-7.5341,-7.2406,2.1555,4.807,-8.4039,7.8113,51.926,17.134,14.417,-19.773,10.274
2.9594,-3.3136,-5.6713,-0.7785,4.6394,-5.594,8.2644,56.18,22.947,20.63,-15.956,10.924
3.17,1.3873,-3.3537,-3.8828,3.8312,-2.2104,8.876,60.631,29.218,27.516,-12.025,11.74
3.1451,6.6314,-0.16849,-7.1241,2.4914,1.913,9.6812,65.298,36.133,35.219,-7.9736,12.828
3.0368,12.477,3.9206,-10.499,0.77173,6.8894,10.682,70.096,43.852,43.827,-3.8053,14.214
2.9681,18.925,8.8741,-14.013,-1.1985,12.721,11.841,74.872,52.463,53.304,0.47509,15.861
2.9886,25.867,14.607,-17.637,-3.3627,19.28,13.089,79.477,61.91,63.451,4.8726,17.72
3.059,33.098,21.012,-21.279,-5.7427,26.338,14.339,83.819,71.983,73.942,9.4066,19.763
3.0793,40.388,27.965,-24.817,-8.3985,33.649,15.509,87.885,82.425,84.425,14.101,21.99
2.9487,47.569,35.31,-28.162,-11.373,41.009,16.534,91.717,93.055,94.605,18.973,24.407
2.6227,54.568,42.864,-31.317,-14.652,48.278,17.382,95.379,103.78,104.25,24.019,26.993
2.1354,61.375,50.418,-34.358,-18.143,55.363,18.057,98.913,114.48,113.19,29.22,29.69
1.5829,67.989,57.745,-37.374,-21.695,62.177,18.591,102.31,124.93,121.27,34.537,32.411
1.084,74.35,64.618,-40.404,-25.13,68.614,19.02,105.48,134.8,128.41,39.908,35.069
0.73975,80.33,70.851,-43.396,-28.298,74.561,19.363,108.27,143.75,134.58,45.246,37.607
0.60921,85.774,76.338,-46.238,-31.095,79.921,19.598,110.52,151.57,139.85,50.459,40.027
0.7048,90.577,81.057,-48.819,-33.467,84.642,19.672,112.13,158.19,144.28,55.485,42.388
1.0027,94.716,85.043,-51.07,-35.404,88.72,19.519,113.11,163.69,148.02,60.32,44.793
1.4577,98.241,88.352,-52.983,-36.921,92.186,19.094,113.62,168.26,151.15,65.023,47.345
2.019,101.22,91.029,-54.59,-38.051,95.079,18.4,113.88,172.05,153.77,69.686,50.104
2.65,103.72,93.095,-55.939,-38.821,97.418,17.488,114.1,175.2,155.97,74.372,53.061
3.352,105.74,94.539,-57.08,-39.235,99.2,16.434,114.33,177.75,157.82,79.064,56.152
4.1836,107.29,95.343,-58.056,-39.266,100.41,15.311,114.53,179.72,159.37,83.648,59.285
5.2551,108.35,95.507,-58.892,-38.864,101.07,14.167,114.52,181.12,160.65,87.96,62.376
6.6809,108.95,95.06,-59.597,-37.989,101.22,13.012,114.08,181.95,161.67,91.853,65.374
8.5109,109.13,94.056,-60.17,-36.64,100.91,11.831,113.04,182.21,162.39,95.263,68.265
10.684,108.97,92.565,-60.609,-34.864,100.22,10.602,111.3,181.92,162.81,98.208,71.053
13.04,108.53,90.673,-60.918,-32.755,99.212,9.3152,108.84,181.12,162.91,100.76,73.735
15.38,107.89,88.471,-61.111,-30.424,97.96,7.9812,105.75,179.82,162.69,103,76.285
17.534,107.11,86.039,-61.216,-27.975,96.514,6.6274,102.13,178.03,162.17,104.98,78.667
19.411,106.22,83.425,-61.266,-25.482,94.909,5.2781,98.121,175.7,161.34,106.76,80.857
21.014,105.24,80.64,-61.292,-22.987,93.156,3.9309,93.816,172.8,160.23,108.36,82.862
22.43,104.17,77.647,-61.311,-20.486,91.247,2.5437,89.278,169.33,158.86,109.79,84.708
23.791,102.99,74.36,-61.325,-17.932,89.154,1.046,84.536,165.3,157.23,111.07,86.417
25.219,101.66,70.642,-61.321,-15.255,86.826,-0.63001,79.604,160.74,155.4,112.2,87.991
26.779,100.14,66.338,-61.272,-12.414,84.182,-2.5158,74.501,155.68,153.4,113.17,89.41
28.465,98.357,61.355,-61.14,-9.4283,81.138,-4.5831,69.262,150.14,151.23,113.99,90.638
30.22,96.229,55.743,-60.88,-6.3843,77.633,-6.7445,63.921,144.16,148.91,114.64,91.64
31.951,93.687,49.726,-60.442,-3.408,73.665,-8.8782,58.501,137.73,146.42,115.11,92.393
33.561,90.67,43.631,-59.774,-0.63197,69.288,-10.864,53.014,130.81,143.72,115.38,92.891
34.97,87.128,37.752,-58.825,1.8352,64.594,-12.612,47.473,123.36,140.77,115.44,93.144
36.115,83.031,32.243,-57.531,3.9257,59.671,-14.076,41.906,115.31,137.5,115.27,93.156
36.927,78.365,27.12,-55.827,5.6158,54.567,-15.248,36.356,106.66,133.83,114.85,92.899
37.284,73.136,22.321,-53.651,6.9259,49.276,-16.156,30.884,97.521,129.62,114.17,92.306
37.022,67.367,17.778,-50.981,7.9129,43.748,-16.847,25.584,88.161,124.7,113.21,91.294
36.011,61.096,13.452,-47.851,8.6313,37.931,-17.368,20.567,79.002,118.89,111.98,89.797
34.209,54.383,9.349,-44.337,9.0854,31.827,-17.754,15.943,70.473,112.12,110.47,87.8
31.65,47.3,5.5186,-40.515,9.2244,25.522,-18.025,11.787,62.844,104.46,108.66,85.359
28.405,39.932,2.0407,-36.422,8.9856,19.193,-18.204,8.1298,56.163,96.209,106.57,82.588
24.584,32.393,-1.0096,-32.063,8.3506,13.072,-18.337,4.9564,50.295,87.807,104.18,79.626
20.38,24.847,-3.6164,-27.455,7.3907,7.3728,-18.495,2.2029,45.023,79.679,101.5,76.591
16.084,17.492,-5.8655,-22.679,6.2862,2.2096,-18.75,-0.24688,40.119,72.069,98.507,73.525
12.069,10.491,-7.9378,-17.877,5.3007,-2.4387,-19.149,-2.5481,35.388,65.01,95.162,70.389
8.7139,3.9078,-10.047,-13.191,4.715,-6.6897,-19.689,-4.8573,30.691,58.393,91.41,67.092
6.3108,-2.2723,-12.357,-8.7107,4.7455,-10.668,-20.312,-7.288,25.961,52.074,87.207,63.538
4.9705,-8.0556,-14.929,-4.4719,5.4859,-14.432,-20.937,-9.8807,21.189,45.94,82.548,59.682
4.5884,-13.379,-17.717,-0.50751,6.8974,-17.964,-21.502,-12.604,16.411,39.939,77.478,55.542
4.8932,-18.138,-20.61,3.1216,8.8461,-21.212,-21.99,-15.377,11.675,34.075,72.089,51.19
5.5627,-22.262,-23.486,6.3474,11.163,-24.144,-22.426,-18.105,7.0261,28.395,66.499,46.729
6.341,-25.769,-26.257,9.131,13.691,-26.775,-22.84,-20.706,2.4985,22.961,60.812,42.258
7.0922,-28.746,-28.886,11.472,16.288,-29.16,-23.237,-23.135,-1.885,17.814,55.102,37.847
7.7774,-31.299,-31.366,13.394,18.81,-31.364,-23.589,-25.384,-6.1106,12.966,49.415,33.525
8.3926,-33.511,-33.681,14.934,21.096,-33.425,-23.855,-27.473,-10.167,8.3939,43.798,29.285
8.9071,-35.425,-35.777,16.146,22.982,-35.333,-24.007,-29.427,-14.037,4.0607,38.323,25.108
9.2316,-37.054,-37.566,17.099,24.343,-37.031,-24.058,-31.256,-17.686,-0.055017,33.08,20.982
9.2287,-38.397,-38.941,17.868,25.11,-38.441,-24.066,-32.947,-21.072,-3.9431,28.147,16.922
8.7592,-39.455,-39.817,18.531,25.282,-39.499,-24.113,-34.478,-24.158,-7.5678,23.571,12.968
7.7466,-40.244,-40.161,19.148,24.906,-40.178,-24.277,-35.838,-26.939,-10.894,19.353,9.1767
6.2297,-40.792,-40.006,19.757,24.073,-40.496,-24.591,-37.035,-29.449,-13.916,15.453,5.5952
4.3735,-41.135,-39.434,20.358,22.902,-40.504,-25.037,-38.094,-31.749,-16.676,11.802,2.2459
2.4287,-41.306,-38.555,20.919,21.527,-40.272,-25.551,-39.051,-33.908,-19.258,8.319,-0.88701
0.65257,-41.329,-37.479,21.385,20.068,-39.868,-26.052,-39.946,-35.977,-21.762,4.9325,-3.8546
-0.77616,-41.22,-36.292,21.708,18.614,-39.348,-26.473,-40.817,-37.979,-24.276,1.5942,-6.7273
-1.812,-40.992,-35.048,21.864,17.198,-38.754,-26.777,-41.695,-39.913,-26.845,-1.7095,-9.5683
-2.5349,-40.668,-33.775,21.873,15.813,-38.115,-26.962,-42.597,-41.754,-29.466,-4.9606,-12.407
-3.0934,-40.289,-32.496,21.794,14.435,-37.453,-27.047,-43.51,-43.476,-32.098,-8.124,-15.225
-3.6339,-39.91,-31.25,21.709,13.07,-36.796,-27.057,-44.4,-45.064,-34.68,-11.169,-17.961
-4.241,-39.591,-30.113,21.694,11.77,-36.188,-27.003,-45.21,-46.512,-37.16,-14.086,-20.541
-4.8979,-39.38,-29.184,21.788,10.645,-35.689,-26.873,-45.881,-47.819,-39.5,-16.896,-22.903
-5.4759,-39.299,-28.562,21.975,9.842,-35.358,-26.648,-46.371,-48.984,-41.685,-19.636,-25.024
-5.7772,-39.344,-28.326,22.2,9.5039,-35.238,-26.315,-46.674,-50.005,-43.721,-22.338,-26.92
-5.6427,-39.492,-28.51,22.406,9.701,-35.341,-25.892,-46.82,-50.883,-45.621,-24.998,-28.628
-5.0741,-39.721,-29.083,22.572,10.379,-35.643,-25.411,-46.851,-51.628,-47.387,-27.573,-30.184
-4.2827,-40.015,-29.936,22.723,11.358,-36.094,-24.895,-46.799,-52.252,-49.008,-29.989,-31.598
-3.6188,-40.371,-30.906,22.913,12.374,-36.626,-24.338,-46.671,-52.769,-50.455,-32.173,-32.84
-3.4311,-40.792,-31.811,23.197,13.154,-37.18,-23.709,-46.464,-53.193,-51.701,-34.084,-33.849
-3.9417,-41.279,-32.504,23.602,13.486,-37.708,-22.973,-46.179,-53.544,-52.736,-35.719,-34.555
-5.1761,-41.82,-32.905,24.118,13.279,-38.19,-22.108,-45.843,-53.838,-53.579,-37.112,-34.914
-6.9556,-42.382,-33.019,24.697,12.592,-38.615,-21.111,-45.494,-54.09,-54.271,-38.317,-34.927
-8.9491,-42.914,-32.921,25.267,11.615,-38.977,-20.002,-45.176,-54.302,-54.863,-39.381,-34.654
-10.763,-43.364,-32.733,25.751,10.617,-39.272,-18.817,-44.913,-54.464,-55.386,-40.334,-34.189
-12.041,-43.694,-32.584,26.088,9.8621,-39.499,-17.606,-44.703,-54.552,-55.847,-41.181,-33.637
-12.551,-43.886,-32.559,26.248,9.5288,-39.659,-16.415,-44.502,-54.525,-56.218,-41.913,-33.079
-12.238,-43.939,-32.672,26.238,9.6581,-39.744,-15.282,-44.226,-54.337,-56.444,-42.512,-32.549
-11.23,-43.862,-32.86,26.091,10.159,-39.737,-14.23,-43.771,-53.945,-56.462,-42.967,-32.038
-9.7945,-43.659,-33.01,25.852,10.854,-39.604,-13.27,-43.041,-53.333,-56.217,-43.276,-31.517
-8.2578,-43.331,-32.996,25.557,11.545,-39.313,-12.406,-41.991,-52.517,-55.683,-43.453,-30.966
-6.908,-42.867,-32.714,25.224,12.059,-38.831,-11.632,-40.646,-51.546,-54.87,-43.524,-30.384
-5.9289,-42.247,-32.111,24.844,12.285,-38.138,-10.923,-39.095,-50.474,-53.83,-43.518,-29.783
-5.3711,-41.443,-31.195,24.39,12.189,-37.226,-10.234,-37.456,-49.342,-52.633,-43.457,-29.177
-5.1663,-40.424,-30.019,23.819,11.806,-36.092,-9.5012,-35.826,-48.165,-51.349,-43.349,-28.575
-5.1844,-39.162,-28.648,23.093,11.214,-34.736,-8.6602,-34.245,-46.93,-50.019,-43.183,-27.987
-5.3055,-37.628,-27.119,22.198,10.479,-33.147,-7.6632,-32.7,-45.603,-48.65,-42.939,-27.425
-5.4646,-35.806,-25.404,21.145,9.6063,-31.301,-6.4927,-31.155,-44.143,-47.217,-42.591,-26.907
-5.6532,-33.708,-23.423,19.976,8.5342,-29.173,-5.163,-29.586,-42.528,-45.682,-42.121,-26.451
-5.8899,-31.396,-21.1,18.753,7.1844,-26.769,-3.7132,-28.002,-40.771,-44.012,-41.52,-26.069
-6.1818,-28.996,-18.434,17.542,5.5239,-24.177,-2.1907,-26.422,-38.917,-42.194,-40.787,-25.76
-6.4988,-26.668,-15.53,16.388,3.5974,-21.553,-0.63551,-24.847,-37.024,-40.242,-39.919,-25.5
-6.7779,-24.537,-12.558,15.299,1.5174,-19.064,0.92418,-23.239,-35.129,-38.185,-38.906,-25.238
-6.9504,-22.628,-9.6855,14.261,-0.56611,-16.8,2.4639,-21.517,-33.225,-36.043,-37.729,-24.898
-6.9705,-20.871,-7.0273,13.25,-2.4967,-14.747,3.9525,-19.587,-31.255,-33.81,-36.358,-24.391
-6.8292,-19.142,-4.6121,12.255,-4.1408,-12.807,5.3521,-17.372,-29.127,-31.456,-34.756,-23.627
-6.5503,-17.299,-2.3601,11.271,-5.4155,-10.832,6.63,-14.842,-26.747,-28.939,-32.889,-22.543
-6.1773,-15.188,-0.11014,10.29,-6.3069,-8.6404,7.7671,-12.034,-24.058,-26.233,-30.734,-21.113
-5.7621,-12.648,2.3194,9.2844,-6.8735,-6.0353,8.7543,-9.0389,-21.07,-23.343,-28.301,-19.361
-5.3671,-9.5081,5.0931,8.198,-7.239,-2.8355,9.5849,-5.9837,-17.867,-20.318,-25.636,-17.353
-5.0695,-5.6285,8.3346,6.9529,-7.5746,1.0732,10.26,-2.9929,-14.592,-17.232,-22.818,-15.167
-4.9574,-0.95919,12.093,5.4647,-8.0763,5.6811,10.803,-0.16722,-11.396,-14.159,-19.925,-12.873
-5.1139,4.4084,16.334,3.6656,-8.9412,10.838,11.27,2.4324,-8.3902,-11.151,-17.01,-10.524
-5.5947,10.249,20.975,1.5299,-10.343,16.309,11.73,4.7973,-5.6101,-8.2198,-14.089,-8.1471
-6.41,16.282,25.945,-0.90881,-12.405,21.865,12.236,6.981,-3.0058,-5.3383,-11.151,-5.7478
-7.5131,22.264,31.212,-3.5619,-15.163,27.355,12.804,9.0916,-0.46608,-2.4477,-8.1668,-3.3065
-8.7978,28.045,36.763,-6.3216,-18.539,32.723,13.408,11.266,2.1409,0.52925,-5.1054,-0.77888
-10.106,33.577,42.551,-9.1099,-22.317,37.992,13.991,13.635,4.9287,3.6701,-1.9416,1.9016
-11.243,38.903,48.459,-11.912,-26.183,43.212,14.492,16.287,7.9658,7.0311,1.3384,4.8123
-12.016,44.133,54.308,-14.777,-29.79,48.417,14.862,19.252,11.265,10.628,4.7376,8.0164
-12.269,49.403,59.904,-17.8,-32.836,53.596,15.058,22.483,14.782,14.429,8.2499,11.528
-11.92,54.833,65.088,-21.068,-35.12,58.714,15.054,25.86,18.424,18.363,11.858,15.284
-10.976,60.48,69.75,-24.626,-36.563,63.738,14.842,29.197,22.065,22.331,15.524,19.142
-9.5153,66.294,73.811,-28.438,-37.21,68.629,14.452,32.278,25.554,26.216,19.184,22.912
-7.6497,72.111,77.195,-32.401,-37.201,73.279,13.95,34.904,28.745,29.902,22.739,26.41
-5.4811,77.688,79.814,-36.372,-36.706,77.502,13.416,36.929,31.515,33.288,26.073,29.514
-3.0724,82.777,81.614,-40.207,-35.865,81.097,12.908,38.283,33.772,36.303,29.08,32.193
-0.45265,87.211,82.629,-43.788,-34.759,83.964,12.421,38.963,35.45,38.904,31.69,34.503
2.352,90.939,82.997,-47.041,-33.42,86.134,11.877,39.02,36.516,41.075,33.896,36.557
5.2989,94.01,82.9,-49.934,-31.854,87.728,11.155,38.543,36.972,42.823,35.745,38.488
8.3454,96.53,82.487,-52.476,-30.057,88.88,10.151,37.651,36.878,44.176,37.32,40.397
11.479,98.615,81.851,-54.706,-28.032,89.703,8.811,36.47,36.339,45.161,38.689,42.329
14.716,100.37,81.037,-56.681,-25.8,90.28,7.1331,35.114,35.473,45.781,39.876,44.257
18.058,101.88,80.042,-58.451,-23.403,90.648,5.1471,33.659,34.38,46.001,40.84,46.091
21.425,103.14,78.793,-60.036,-20.906,90.775,2.9039,32.133,33.105,45.759,41.491,47.715
24.642,104.06,77.121,-61.408,-18.388,90.528,0.46623,30.514,31.627,44.991,41.729,49.018
27.472,104.44,74.787,-62.488,-15.944,89.658,-2.1072,28.734,29.855,43.651,41.475,49.92
29.698,103.96,71.579,-63.161,-13.668,87.849,-4.7727,26.694,27.658,41.72,40.701,50.381
31.187,102.28,67.38,-63.305,-11.585,84.803,-7.4914,24.295,24.921,39.217,39.427,50.399
31.922,99.103,62.109,-62.815,-9.5603,80.325,-10.205,21.493,21.605,36.216,37.726,49.997
32.008,94.341,55.632,-61.623,-7.3232,74.363,-12.828,18.338,17.793,32.848,35.702,49.231
31.648,88.104,47.835,-59.721,-4.606,67.002,-15.257,14.98,13.68,29.291,33.475,48.188
31.108,80.678,38.775,-57.186,-1.2731,58.449,-17.394,11.644,9.5282,25.739,31.158,46.985
30.657,72.443,28.752,-54.176,2.6467,49.022,-19.156,8.56,5.597,22.369,28.836,45.746
30.501,63.799,18.277,-50.902,7.0003,39.124,-20.466,5.9102,2.0924,19.313,26.558,44.576
30.727,55.109,7.9689,-47.558,11.547,29.221,-21.257,3.7918,-0.86869,16.645,24.331,43.523
31.298,46.662,-1.5528,-44.251,15.974,19.77,-21.475,2.2077,-3.263,14.373,22.141,42.56
32.076,38.596,-9.7684,-40.954,19.922,11.108,-21.095,1.083,-5.141,12.457,19.967,41.584
32.873,30.819,-16.341,-37.504,23.056,3.3547,-20.121,0.30138,-6.5931,10.825,17.796,40.448
33.492,22.987,-21.181,-33.641,25.151,-3.5826,-18.599,-0.25826,-7.7196,9.4015,15.623,38.997
33.727,14.688,-24.437,-29.12,26.167,-9.8138,-16.607,-0.69628,-8.6124,8.1157,13.43,37.111
33.358,5.9284,-26.414,-23.873,26.266,-15.219,-14.247,-1.0822,-9.348,6.9085,11.175,34.733
32.21,-2.5377,-27.447,-18.153,25.726,-19.512,-11.63,-1.454,-9.9833,5.7352,8.8006,31.882
30.262,-9.7205,-27.819,-12.485,24.799,-22.587,-8.87,-1.8224,-10.552,4.5696,6.2542,28.641
27.64,-15.182,-27.72,-7.3851,23.593,-24.627,-6.0835,-2.1817,-11.067,3.4091,3.513,25.137
24.462,-19.102,-27.27,-3.0834,22.08,-25.936,-3.3849,-2.5253,-11.535,2.2713,0.59631,21.502
20.724,-21.895,-26.553,0.49691,20.179,-26.793,-0.87416,-2.8605,-11.965,1.1807,-2.4403,17.85
16.348,-23.98,-25.671,3.5845,17.858,-27.411,1.3772,-3.2116,-12.381,0.14965,-5.5253,14.259
11.313,-25.677,-24.758,6.4115,15.19,-27.947,3.3322,-3.6109,-12.808,-0.83699,-8.5954,10.773
5.7941,-27.215,-23.97,9.1213,12.362,-28.515,4.9823,-4.0847,-13.27,-1.8233,-11.614,7.4134
0.21961,-28.747,-23.461,11.752,9.649,-29.197,6.3349,-4.6472,-13.785,-2.8751,-14.577,4.1875
-4.8468,-30.358,-23.353,14.264,7.3445,-30.05,7.4008,-5.3084,-14.38,-4.0698,-17.512,1.086
-8.9212,-32.083,-23.727,16.592,5.6971,-31.107,8.1899,-6.0893,-15.103,-5.4845,-20.459,-1.9128
-11.729,-33.907,-24.607,18.68,4.8653,-32.369,8.7186,-7.0252,-16.014,-7.1762,-23.444,-4.8336
-13.204,-35.783,-25.969,20.492,4.9076,-33.812,9.0156,-8.1504,-17.163,-9.1583,-26.453,-7.6876
-13.459,-37.651,-27.748,22.02,5.7869,-35.389,9.1276,-9.4715,-18.553,-11.387,-29.418,-10.446
-12.757,-39.451,-29.848,23.272,7.391,-37.041,9.1194,-10.946,-20.122,-13.768,-32.238,-13.054
-11.455,-41.134,-32.154,24.273,9.5589,-38.72,9.064,-12.484,-21.763,-16.188,-34.81,-15.421
-9.9249,-42.668,-34.542,25.062,12.094,-40.382,9.0272,-13.971,-23.359,-18.544,-37.068,-17.444
-8.4861,-44.032,-36.891,25.683,14.759,-41.986,9.0518,-15.297,-24.819,-20.764,-38.993,-19.029
-7.3574,-45.207,-39.08,26.175,17.285,-43.479,9.1519,-16.411,-26.084,-22.805,-40.581,-20.118
-6.6295,-46.184,-40.995,26.561,19.411,-44.801,9.3183,-17.315,-27.134,-24.634,-41.837,-20.705
-6.2731,-46.954,-42.544,26.847,20.964,-45.895,9.5291,-18.051,-27.968,-26.21,-42.739,-20.821
-6.1736,-47.522,-43.68,27.033,21.913,-46.728,9.7649,-18.668,-28.595,-27.501,-43.248,-20.545
-6.1755,-47.908,-44.415,27.124,22.362,-47.304,10.014,-19.207,-29.021,-28.484,-43.323,-19.974
-6.1292,-48.147,-44.813,27.133,22.478,-47.667,10.271,-19.667,-29.254,-29.152,-42.952,-19.232
-5.9386,-48.284,-44.968,27.076,22.414,-47.88,10.53,-20.01,-29.302,-29.513,-42.162,-18.422
-5.5941,-48.363,-44.969,26.975,22.261,-48.009,10.779,-20.198,-29.156,-29.584,-41.021,-17.608
-5.1744,-48.406,-44.87,26.856,22.042,-48.09,10.995,-20.211,-28.817,-29.393,-39.585,-16.823
-4.8205,-48.414,-44.676,26.744,21.738,-48.115,11.153,-20.08,-28.308,-28.971,-37.918,-16.042
-4.6869,-48.367,-44.349,26.664,21.316,-48.033,11.215,-19.912,-27.701,-28.398,-36.076,-15.225
-4.8737,-48.229,-43.835,26.623,20.752,-47.77,11.142,-19.884,-27.129,-27.816,-34.129,-14.339
-5.3574,-47.952,-43.113,26.606,20.069,-47.28,10.895,-20.195,-26.765,-27.419,-32.161,-13.377
-5.9772,-47.499,-42.233,26.565,19.367,-46.572,10.464,-20.974,-26.734,-27.372,-30.24,-12.348
-6.5168,-46.838,-41.297,26.434,18.781,-45.706,9.8964,-22.156,-26.993,-27.676,-28.304,-11.209
-6.8374,-45.931,-40.395,26.138,18.394,-44.733,9.3175,-23.401,-27.207,-28.005,-26.006,-9.7412
-6.953,-44.694,-39.536,25.586,18.133,-43.646,8.9144,-24.074,-26.7,-27.578,-22.481,-7.4388
-6.9988,-42.974,-38.5,24.637,17.681,-42.331,8.8825,-23.282,-24.36,-24.993,-16.142,-3.3966
-7.115,-40.564,-36.724,23.032,16.553,-40.502,9.3643,-19.959,-18.299,-17.72,-4.9399,3.6398
-7.2457,-37.319,-33.398,20.349,14.418,-37.628,10.363,-12.839,-6.5752,-4.6693,-4.2188,14.52
-6.69,-33.457,-27.863,16.997,11.461,-32.837,11.613,-2.8076,-14.599,-8.2761,-4.9962,19.039
-5.6802,-28.598,-20.186,18.489,8.2718,-25.004,12.643,-12.283,-25.078,-14.068,-5.2374,9.4996
-9.0954,-16.968,-11.397,16.822,4.5975,-13.398,13.24,-29.798,-39.68,-23.528,-6.991,12.439
-12.918,6.1199,-2.867,6.9967,-11.985,1.4767,13.384,-48.314,-55.854,-35.197,-7.8926,17.445
-17.231,32.001,5.7387,-3.1081,-37.312,18.022,12.815,-61.849,-66.296,-44.054,-3.4443,25.963
-20.165,54.454,23.338,-13.492,-54.408,34.672,11.121,-61.103,-60.505,-40.468,15.03,42.153
-19.129,73.838,74.433,-25.253,-62.421,50.784,8.8519,-36.025,-26.842,-9.3873,59.75,72.7
-11.219,92.366,103.66,-40.717,-59.278,68.621,15.142,20.391,46.427,69.498,145.6,125.62
7.2379,111.6,97.817,-63.48,-44.336,92.173,37.411,108.89,170.26,218.75,287.16,210.89
42.183,134.96,80.794,-97.654,-18.541,100.61,64.221,220.7,343.85,444.45,495.64,340.51
102.83,168.8,59.042,-147.16,17.564,103.19,82.16,334.01,553.66,741.44,773.54,524.66
183.77,216.19,35.234,-212.37,66.109,109.07,82.324,426.62,782.29,1092.1,1107.3,747.96
273.82,273.04,6.6982,-285.78,127.07,116.86,60.369,490.37,1006.9,1461.5,1466.6,989.73
370.68,325.61,-33.863,-358.65,195.39,120.82,20.112,524.68,1202.6,1804.5,1808.3,1226.1
466.19,357.53,-93.743,-420.97,271.39,111.73,-26.868,532.76,1346.1,2072.9,2082.7,1425.3
550.66,356.28,-175.6,-462.15,354.89,79.298,-69.887,518.33,1417.4,2222.9,2243.1,1557.2
616.69,315.48,-280.28,-474.84,443.76,15.439,-102.19,480.58,1399.4,2222.9,2255.9,1599.4
660.31,237.13,-405.19,-457.21,531.76,-81.32,-122.97,412.27,1279.2,2059.1,2108.8,1542.6
679.92,131.26,-536.95,-413,610.1,-199.02,-140.37,301.86,1049.7,1737.4,1812.7,1392.1
674.65,12.527,-657.68,-349.02,669.73,-317.85,-166.58,138.39,713.74,1280.7,1398.4,1165.8
644.29,-104.05,-750.68,-272.52,701.99,-422.24,-210.52,-81.873,288.18,727.28,909.7,890.46
589.97,-205.89,-803.35,-190.26,700.96,-499.78,-276.26,-349.82,-193.25,128.62,397.29,595.81
514.25,-284.45,-809.63,-108.79,665.5,-543.47,-360.38,-641.77,-681.8,-454.48,-87.631,309.86
422.05,-335.72,-770.53,-34.145,599.03,-551.81,-452.24,-923.06,-1121.2,-960.7,-500.27,54.668
320.89,-359.43,-692.79,28.532,508.67,-527.4,-537.21,-1156.3,-1460,-1340.3,-809.17,-154.72
219.54,-357.25,-587.09,74.061,404.25,-475.48,-601.22,-1311.7,-1664.1,-1565.6,-1001.4,-310.35
126.71,-331.68,-466.14,101.53,296.82,-403.21,-634.61,-1374.7,-1725,-1635.9,-1083.6,-412.46
48.424,-286.59,-342.37,112.89,195.76,-319.12,-634.08,-1348,-1660,-1575.6,-1075.4,-467.01
-13.834,-228.59,-226.41,111.31,107.74,-232.4,-602.1,-1248.7,-1504.6,-1425.8,-1002.2,-482.09
-55.346,-167.58,-126.47,101.56,37.197,-152.05,-545.1,-1101.7,-1300.8,-1230.3,-891.13,-467.26
-74.307,-115.8,-51.827,88.662,-10.769,-88.828,-471.44,-932.75,-1085.9,-1026.3,-766.14,-433.17
-79.468,-81.362,-7.8816,74.094,-35.413,-49.419,-389.74,-764.18,-886.23,-838.43,-644.48,-390
-76.232,-64.021,10.161,53.593,-42.982,-30.937,-308.12,-611.98,-715.48,-679.8,-536.49,-345.55
-68.833,-58.168,9.507,44.293,-39.156,-27.364,-234.25,-485.33,-577.94,-554.02,-447.09,-302.74
-60.404,-58.506,-1.6974,42.933,-29.159,-32.896,-174.18,-386.62,-471.99,-458.55,-376.89,-264.67
-52.287,-61.696,-15.54,42.851,-17.676,-41.785,-130.52,-313.18,-393.51,-387.67,-323.54,-229.36
-40.504,-64.024,-26.402,42.215,-8.3031,-49.247,-101.92,-259.97,-335.02,-333.24,-282.99,-201.06
-27.132,-59.333,-31.851,40.619,-1.3239,-49.568,-83.956,-219.53,-288.19,-288.24,-249.56,-179.32
-23.843,-53.551,-30.779,38.341,-0.64076,-45.306,-72.224,-187.09,-247.87,-247.54,-218.81,-160.71
-22.493,-50.928,-29.964,36.098,-0.66008,-43.491,-62.95,-160.01,-210.75,-208.91,-189.34,-143.98
-21.168,-49.673,-29.657,34.39,-0.20541,-42.533,-53.186,-135.93,-176.72,-173.62,-161.39,-129.16
-19.97,-48.991,-29.761,33.254,0.50223,-42.067,-41.17,-114.08,-147.24,-143.88,-136.62,-116.29
-19.303,-48.634,-30.042,32.531,1.1087,-41.97,-27.166,-94.841,-123.74,-121.09,-117.26,-105.41
-19.225,-48.465,-30.316,32.069,1.4896,-42.074,-13.955,-79.371,-106.87,-105.51,-104.2,-96.73
-19.475,-48.377,-30.547,31.751,1.748,-42.231,-8.1387,-72.828,-95.763,-95.919,-95.201,-90.06
-19.719,-48.305,-30.812,31.49,2.0876,-42.378,-5.6053,-76.308,-87.559,-89.485,-86.91,-84.893
-19.697,-48.213,-31.224,31.214,2.7019,-42.519,-2.4897,-77.485,-79.484,-83.42,-78.92,-80.823
-19.259,-48.091,-31.866,30.886,3.712,-42.685,-0.2096,-74.976,-72.011,-77.12,-72.114,-77.594
-18.37,-47.932,-32.75,30.495,5.1388,-42.888,1.2593,-71.366,-65.88,-71.35,-66.53,-75.033
-17.085,-47.731,-33.806,30.05,6.9071,-43.109,2.2802,-67.748,-60.877,-66.397,-61.899,-72.973
-15.522,-47.473,-34.901,29.555,8.8737,-43.295,3.1816,-64.446,-56.68,-62.173,-58.039,-71.251
-13.833,-47.137,-35.881,29.004,10.858,-43.387,4.1774,-61.575,-53.098,-58.584,-54.867,-69.751
-12.175,-46.714,-36.619,28.396,12.666,-43.342,5.3633,-59.19,-50.041,-55.598,-52.346,-68.423
-10.682,-46.22,-37.047,27.754,14.125,-43.158,6.7298,-57.31,-47.467,-53.2,-50.447,-67.273
-9.4427,-45.698,-37.169,27.126,15.129,-42.867,8.1805,-55.919,-45.347,-51.339,-49.107,-66.342
-8.4872,-45.203,-37.047,26.56,15.676,-42.523,9.5712,-54.959,-43.638,-49.921,-48.232,-65.656
-7.7865,-44.77,-36.772,26.079,15.861,-42.172,10.779,-54.328,-42.269,-48.821,-47.699,-65.199
-7.2826,-44.402,-36.423,25.672,15.823,-41.838,11.765,-53.881,-41.149,-47.911,-47.383,-64.904
-6.9275,-44.078,-36.047,25.308,15.667,-41.521,12.586,-53.46,-40.182,-47.085,-47.169,-64.67
-6.7089,-43.762,-35.652,24.963,15.428,-41.205,13.361,-52.926,-39.288,-46.27,-46.965,-64.411
-6.6543,-43.43,-35.218,24.633,15.081,-40.869,14.209,-52.197,-38.414,-45.428,-46.698,-64.062
-6.8109,-43.076,-34.713,24.343,14.582,-40.494,15.196,-51.255,-37.542,-44.541,-46.32,-63.584
-7.2147,-42.714,-34.117,24.132,13.907,-40.071,16.305,-50.144,-36.676,-43.61,-45.805,-62.954
-7.8534,-42.37,-33.43,24.029,13.08,-39.603,17.432,-48.947,-35.83,-42.647,-45.15,-62.159
-8.6384,-42.065,-32.683,24.042,12.179,-39.108,18.425,-47.758,-35.026,-41.688,-44.379,-61.194
-9.4143,-41.811,-31.932,24.149,11.316,-38.612,19.133,-46.652,-34.291,-40.791,-43.531,-60.074
-10.014,-41.603,-31.235,24.301,10.599,-38.14,19.454,-45.664,-33.648,-40.021,-42.651,-58.816
-10.336,-41.415,-30.617,24.444,10.078,-37.695,19.375,-44.774,-33.099,-39.423,-41.771,-57.46
-10.393,-41.207,-30.04,24.529,9.7087,-37.251,18.983,-43.917,-32.619,-39.005,-40.898,-56.065
-10.314,-40.934,-29.413,24.533,9.3589,-36.759,18.442,-42.998,-32.156,-38.73,-40.02,-54.695
-10.29,-40.564,-28.62,24.459,8.8515,-36.164,17.935,-41.935,-31.644,-38.535,-39.114,-53.431
-10.505,-40.089,-27.574,24.327,8.0314,-35.436,17.605,-40.685,-31.021,-38.357,-38.164,-52.362
-11.064,-39.526,-26.253,24.165,6.8295,-34.576,17.509,-39.257,-30.251,-38.159,-37.17,-51.54
-11.951,-38.903,-24.717,23.987,5.2999,-33.62,17.621,-37.704,-29.324,-37.926,-36.149,-50.965
-13.018,-38.231,-23.078,23.784,3.6152,-32.613,17.865,-36.084,-28.252,-37.659,-35.126,-50.577
-14.025,-37.5,-21.466,23.521,2.0144,-31.585,18.157,-34.434,-27.052,-37.352,-34.123,-50.273
-14.715,-36.673,-19.984,23.157,0.72466,-30.539,18.444,-32.76,-25.74,-36.986,-33.153,-49.953
-14.896,-35.708,-18.686,22.655,-0.10684,-29.46,18.703,-31.058,-24.327,-36.543,-32.21,-49.55
-14.501,-34.566,-17.576,21.999,-0.45027,-28.319,18.933,-29.328,-22.829,-36.016,-31.28,-49.054
-13.6,-33.218,-16.599,21.189,-0.393,-27.08,19.14,-27.584,-21.265,-35.417,-30.343,-48.488
-12.381,-31.641,-15.653,20.239,-0.10891,-25.698,19.341,-25.83,-19.657,-34.769,-29.384,-47.894
-11.09,-29.823,-14.607,19.17,0.19068,-24.134,19.556,-24.045,-18.019,-34.093,-28.403,-47.308
-9.9617,-27.77,-13.342,18.012,0.31291,-22.362,19.8,-22.192,-16.352,-33.398,-27.422,-46.758
-9.1549,-25.52,-11.792,16.803,0.13532,-20.389,20.057,-20.238,-14.63,-32.673,-26.483,-46.269
-8.7124,-23.131,-9.9528,15.581,-0.36786,-18.251,20.268,-18.173,-12.804,-31.888,-25.63,-45.871
-8.5612,-20.664,-7.867,14.365,-1.1406,-15.989,20.335,-16.003,-10.808,-30.994,-24.89,-45.595
-8.5526,-18.144,-5.5855,13.146,-2.0876,-13.622,20.158,-13.731,-8.5732,-29.929,-24.248,-45.446
-8.5279,-15.561,-3.1405,11.894,-3.1183,-11.142,19.672,-11.345,-6.045,-28.629,-23.644,-45.383
-8.3816,-12.876,-0.53556,10.589,-4.1791,-8.516,18.873,-8.8196,-3.1968,-27.047,-22.99,-45.302
-8.097,-10.051,2.2505,9.2347,-5.2672,-5.706,17.816,-6.125,-0.042452,-25.161,-22.206,-45.073
-7.7454,-7.0558,5.2553,7.8668,-6.4236,-2.6736,16.581,-3.2405,3.363,-22.985,-21.246,-44.592
-7.4536,-3.8594,8.5219,6.5227,-7.7106,0.61912,15.252,-0.14915,6.9363,-20.56,-20.111,-43.829
-7.3549,-0.40723,12.087,5.2072,-9.1834,4.2129,13.914,3.1713,10.593,-17.948,-18.836,-42.836
-7.541,3.379,15.965,3.8744,-10.868,8.1467,12.651,6.7557,14.276,-15.21,-17.463,-41.73
-8.03,7.5702,20.133,2.4393,-12.746,12.437,11.548,10.648,17.973,-12.391,-16.02,-40.646
-8.758,12.184,24.51,0.8093,-14.753,17.053,10.658,14.882,21.712,-9.5082,-14.513,-39.701
-9.5954,17.161,28.966,-1.0887,-16.79,21.903,9.9834,19.466,25.545,-6.5454,-12.936,-38.963
-10.382,22.393,33.377,-3.2927,-18.756,26.866,9.4704,24.376,29.532,-3.4626,-11.279,-38.45
-10.973,27.774,37.679,-5.7997,-20.588,31.849,9.0353,29.583,33.732,-0.20675,-9.5444,-38.123
-11.275,33.232,41.901,-8.564,-22.27,36.819,8.6023,35.081,38.223,3.2822,-7.7352,-37.907
-11.261,38.72,46.118,-11.506,-23.824,41.779,8.1254,40.893,43.135,7.0714,-5.8486,-37.706
-10.958,44.193,50.381,-14.542,-25.279,46.725,7.5871,47.035,48.682,11.236,-3.8617,-37.425
-10.425,49.595,54.661,-17.613,-26.645,51.612,6.9942,53.471,55.187,15.862,-1.7303,-36.987
-9.7244,54.879,58.867,-20.714,-27.91,56.37,6.383,60.097,63.033,21.043,0.60609,-36.347
-8.9117,60.029,62.895,-23.876,-29.056,60.943,5.8188,66.759,72.494,26.873,3.2134,-35.486
-8.0303,65.054,66.686,-27.135,-30.088,65.312,5.3749,73.305,83.44,33.426,6.1445,-34.403
-7.1132,69.963,70.229,-30.494,-31.034,69.484,5.0982,79.614,95.172,40.707,9.4145,-33.105
-6.1818,74.739,73.547,-33.912,-31.932,73.469,4.9889,85.609,106.71,48.594,12.98,-31.613
-5.239,79.341,76.663,-37.313,-32.813,77.266,5.0111,91.254,117.35,56.824,16.738,-29.966
-4.2606,83.717,79.578,-40.618,-33.677,80.852,5.1184,96.556,126.86,65.058,20.552,-28.22
-3.1947,87.811,82.259,-43.759,-34.492,84.187,5.2805,101.56,135.35,73.021,24.306,-26.437
-1.9796,91.571,84.648,-46.687,-35.195,87.217,5.5006,106.36,143.07,80.602,27.952,-24.654
-0.57466,94.942,86.672,-49.363,-35.702,89.886,5.8163,111.01,150.2,87.866,31.534,-22.869
1.0221,97.888,88.267,-51.764,-35.933,92.155,6.2704,115.55,156.85,94.976,35.163,-21.04
2.7965,100.4,89.399,-53.886,-35.821,94.016,6.8622,119.91,162.98,102.07,38.958,-19.103
4.7618,102.51,90.074,-55.751,-35.333,95.492,7.5158,123.98,168.48,109.17,42.989,-16.993
6.9657,104.28,90.347,-57.402,-34.476,96.636,8.0901,127.6,173.22,116.11,47.248,-14.678
9.4428,105.78,90.314,-58.886,-33.31,97.524,8.4204,130.67,177.09,122.61,51.648,-12.172
12.156,107.09,90.1,-60.236,-31.949,98.238,8.3711,133.16,180.03,128.35,56.056,-9.5348
14.978,108.25,89.844,-61.471,-30.544,98.858,7.8772,135.05,182.05,133.06,60.324,-6.8496
17.72,109.33,89.665,-62.599,-29.246,99.443,6.9601,136.32,183.16,136.61,64.327,-4.1827
20.189,110.32,89.64,-63.631,-28.156,100.03,5.7078,136.92,183.36,139.02,67.976,-1.5568
22.236,111.26,89.795,-64.586,-27.307,100.63,4.223,136.83,182.71,140.41,71.221,1.0549
23.797,112.15,90.1,-65.494,-26.665,101.23,2.5519,136.06,181.32,141.03,74.062,3.7092
24.933,113.01,90.482,-66.392,-26.156,101.84,0.64033,134.65,179.35,141.16,76.548,6.4597
25.855,113.85,90.845,-67.311,-25.69,102.41,-1.617,132.66,176.97,141.02,78.759,9.3211
26.89,114.67,91.097,-68.271,-25.178,102.93,-4.2702,130.17,174.34,140.77,80.753,12.251
28.363,115.46,91.176,-69.269,-24.555,103.36,-7.2914,127.23,171.51,140.45,82.546,15.16
30.437,116.17,91.071,-70.262,-23.799,103.7,-10.64,123.91,168.43,139.99,84.124,17.953
33,116.76,90.813,-71.163,-22.937,103.92,-14.278,120.25,164.95,139.31,85.48,20.577
35.675,117.15,90.461,-71.858,-22.04,104.02,-18.108,116.32,160.87,138.32,86.643,23.044
37.928,117.3,90.066,-72.234,-21.215,104.01,-21.938,112.17,155.97,136.95,87.666,25.424
39.24,117.18,89.663,-72.213,-20.588,103.85,-25.52,107.83,150.13,135.15,88.602,27.804
39.254,116.8,89.269,-71.784,-20.256,103.55,-28.624,103.36,143.31,132.94,89.486,30.261
37.861,116.16,88.883,-70.991,-20.254,103.09,-31.114,98.831,135.66,130.35,90.342,32.84
35.205,115.3,88.478,-69.924,-20.538,102.46,-32.995,94.327,127.38,127.47,91.195,35.547
31.655,114.24,87.991,-68.685,-21.006,101.66,-34.409,89.933,118.75,124.4,92.08,38.359
27.749,112.99,87.322,-67.374,-21.501,100.65,-35.556,85.705,110,121.21,93.034,41.24
24.127,111.56,86.34,-66.079,-21.809,99.403,-36.604,81.669,101.29,117.92,94.087,44.157
21.408,109.92,84.888,-64.867,-21.687,97.865,-37.627,77.835,92.77,114.49,95.244,47.098
20.036,108.03,82.799,-63.773,-20.929,95.948,-38.593,74.218,84.604,110.88,96.479,50.055
20.14,105.81,79.927,-62.78,-19.438,93.532,-39.417,70.838,76.949,106.98,97.734,53.008
21.488,103.11,76.157,-61.808,-17.259,90.467,-40.003,67.715,69.915,102.7,98.929,55.907
23.537,99.75,71.425,-60.725,-14.563,86.588,-40.248,64.842,63.497,97.96,99.965,58.667
25.621,95.544,65.723,-59.379,-11.579,81.747,-40.084,62.172,57.565,92.696,100.73,61.188
27.222,90.338,59.117,-57.647,-8.5174,75.861,-39.537,59.628,51.912,86.882,101.12,63.383
28.139,84.105,51.76,-55.479,-5.5166,68.978,-38.713,57.12,46.349,80.535,101.05,65.21
28.429,77.009,43.852,-52.921,-2.6528,61.29,-37.735,54.577,40.77,73.738,100.51,66.7
28.239,69.378,35.583,-50.09,0.040101,53.078,-36.689,51.969,35.173,66.687,99.536,67.953
27.71,61.575,27.104,-47.128,2.571,44.605,-35.615,49.307,29.63,59.666,98.204,69.099
26.942,53.84,18.56,-44.125,4.9962,36.044,-34.529,46.622,24.235,52.964,96.606,70.242
26.028,46.21,10.17,-41.082,7.3892,27.473,-33.459,43.933,19.061,46.759,94.803,71.415
25.101,38.558,2.2706,-37.913,9.7925,18.955,-32.433,41.236,14.15,41.082,92.807,72.584
24.333,30.707,-4.7798,-34.48,12.196,10.664,-31.433,38.512,9.5105,35.853,90.575,73.668
23.869,22.586,-10.773,-30.645,14.55,2.9246,-30.412,35.74,5.1129,30.923,88.02,74.582
23.73,14.337,-15.715,-26.332,16.782,-3.9344,-29.374,32.905,0.88843,26.128,85.037,75.261
23.789,6.2859,-19.74,-21.574,18.81,-9.7662,-28.408,29.997,-3.2645,21.324,81.537,75.675
23.842,-1.2244,-23.003,-16.544,20.554,-14.647,-27.667,27.018,-7.451,16.42,77.473,75.821
23.707,-7.985,-25.647,-11.502,21.939,-18.775,-27.306,23.987,-11.739,11.408,72.849,75.718
23.273,-13.946,-27.801,-6.6976,22.921,-22.348,-27.434,20.947,-16.13,6.3619,67.72,75.405
22.471,-19.144,-29.585,-2.2782,23.5,-25.498,-28.091,17.948,-20.551,1.4044,62.193,74.929
21.24,-23.634,-31.11,1.7158,23.722,-28.287,-29.248,15.032,-24.888,-3.3361,56.426,74.334
19.535,-27.468,-32.476,5.303,23.683,-30.749,-30.813,12.23,-29.018,-7.7669,50.611,73.655
17.367,-30.719,-33.781,8.5097,23.501,-32.932,-32.652,9.5557,-32.846,-11.846,44.94,72.908
14.835,-33.48,-35.111,11.351,23.304,-34.902,-34.631,7.015,-36.324,-15.579,39.553,72.104
12.121,-35.853,-36.53,13.84,23.204,-36.729,-36.661,4.6054,-39.45,-19.002,34.519,71.257
9.4512,-37.928,-38.067,16.003,23.283,-38.46,-38.705,2.3203,-42.258,-22.167,29.843,70.396
7.0477,-39.778,-39.712,17.878,23.584,-40.118,-40.727,0.15014,-44.8,-25.126,25.488,69.571
5.0941,-41.457,-41.421,19.507,24.111,-41.706,-42.653,-1.9136,-47.133,-27.921,21.401,68.839
3.7294,-42.999,-43.134,20.918,24.843,-43.219,-44.357,-3.8725,-49.301,-30.576,17.536,68.24
3.0483,-44.414,-44.796,22.109,25.751,-44.645,-45.695,-5.7156,-51.33,-33.101,13.861,67.785
3.0874,-45.68,-46.372,23.054,26.808,-45.97,-46.556,-7.4162,-53.221,-35.494,10.367,67.441
3.8008,-46.761,-47.851,23.726,27.991,-47.176,-46.905,-8.9374,-54.96,-37.744,7.0718,67.148
5.0494,-47.629,-49.248,24.132,29.283,-48.249,-46.787,-10.243,-56.525,-39.836,4.0067,66.843
6.6353,-48.289,-50.587,24.325,30.669,-49.185,-46.293,-11.311,-57.903,-41.763,1.2024,66.485
8.3878,-48.779,-51.888,24.389,32.142,-49.998,-45.509,-12.146,-59.092,-43.525,-1.3304,66.065
10.226,-49.152,-53.156,24.409,33.695,-50.709,-44.471,-12.769,-60.104,-45.137,-3.6146,65.591
12.132,-49.457,-54.364,24.429,35.309,-51.332,-43.16,-13.206,-60.96,-46.618,-5.7096,65.07
14.066,-49.722,-55.446,24.455,36.924,-51.867,-41.544,-13.479,-61.674,-47.997,-7.7008,64.48
15.9,-49.954,-56.311,24.466,38.411,-52.295,-39.662,-13.612,-62.257,-49.312,-9.6768,63.778
17.407,-50.151,-56.869,24.463,39.579,-52.597,-37.673,-13.627,-62.717,-50.596,-11.701,62.903
18.285,-50.318,-57.054,24.483,40.192,-52.762,-35.791,-13.542,-63.06,-51.862,-13.791,61.807
18.181,-50.479,-56.838,24.597,40.042,-52.799,-34.138,-13.361,-63.289,-53.094,-15.917,60.474
16.79,-50.664,-56.231,24.885,39.002,-52.734,-32.683,-13.062,-63.405,-54.252,-18.015,58.941
13.982,-50.904,-55.275,25.401,37.074,-52.596,-31.301,-12.624,-63.416,-55.284,-20.017,57.287
9.8671,-51.214,-54.04,26.16,34.392,-52.411,-29.844,-12.047,-63.339,-56.158,-21.877,55.615
4.791,-51.587,-52.615,27.125,31.194,-52.202,-28.194,-11.365,-63.207,-56.868,-23.587,54.018
-0.73432,-52,-51.092,28.214,27.774,-51.981,-26.284,-10.638,-63.057,-57.436,-25.167,52.549
-6.1184,-52.41,-49.554,29.323,24.429,-51.749,-24.102,-9.9236,-62.918,-57.893,-26.649,51.214
-10.792,-52.764,-48.064,30.348,21.411,-51.489,-21.692,-9.2558,-62.795,-58.266,-28.052,49.984
-14.308,-53.011,-46.662,31.209,18.897,-51.17,-19.135,-8.6294,-62.665,-58.564,-29.367,48.819
-16.43,-53.112,-45.362,31.865,16.968,-50.755,-16.538,-8.0069,-62.48,-58.782,-30.568,47.704
-17.197,-53.039,-44.151,32.312,15.598,-50.207,-14.004,-7.3416,-62.19,-58.906,-31.634,46.658
-16.878,-52.781,-42.987,32.567,14.674,-49.505,-11.609,-6.6065,-61.763,-58.932,-32.571,45.725
-15.847,-52.343,-41.812,32.659,14.036,-48.647,-9.3928,-5.8192,-61.205,-58.869,-33.413,44.927
-14.48,-51.736,-40.565,32.621,13.527,-47.645,-7.3597,-5.0512,-60.565,-58.741,-34.214,44.24
-13.12,-50.976,-39.187,32.476,13.016,-46.507,-5.5053,-4.4123,-59.907,-58.572,-35.018,43.583
-12.043,-50.072,-37.624,32.219,12.388,-45.228,-3.8402,-4.0137,-59.288,-58.372,-35.842,42.856
-11.411,-49.017,-35.82,31.816,11.542,-43.779,-2.3867,-3.9187,-58.728,-58.132,-36.674,41.978
-11.282,-47.789,-33.72,31.229,10.397,-42.119,-1.1559,-4.1069,-58.207,-57.83,-37.479,40.928
-11.632,-46.365,-31.29,30.451,8.9079,-40.216,-0.13938,-4.4701,-57.675,-57.451,-38.216,39.741
-12.379,-44.752,-28.555,29.518,7.0798,-38.093,0.67852,-4.8479,-57.078,-56.996,-38.844,38.495
-13.37,-43.003,-25.613,28.487,4.9647,-35.844,1.3093,-5.0917,-56.378,-56.486,-39.34,37.268
-14.403,-41.211,-22.602,27.42,2.6467,-33.603,1.7632,-5.1243,-55.571,-55.95,-39.7,36.108
-15.286,-39.473,-19.674,26.375,0.26201,-31.478,2.0671,-4.9604,-54.684,-55.401,-39.939,35.009
-15.863,-37.853,-17.006,25.393,-1.9747,-29.523,2.284,-4.6746,-53.748,-54.824,-40.085,33.908
-16.004,-36.36,-14.762,24.483,-3.797,-27.759,2.5156,-4.3409,-52.761,-54.169,-40.158,32.707
-15.593,-34.952,-13.024,23.611,-4.9509,-26.189,2.8783,-3.9839,-51.673,-53.368,-40.163,31.292
-14.567,-33.555,-11.793,22.715,-5.267,-24.795,3.4642,-3.5687,-50.397,-52.362,-40.096,29.567
-12.98,-32.079,-11.019,21.735,-4.7307,-23.513,4.3148,-3.0232,-48.853,-51.128,-39.951,27.482
-11.024,-30.416,-10.571,20.631,-3.5119,-22.219,5.4214,-2.2685,-46.994,-49.68,-39.733,25.061
-8.9931,-28.442,-10.208,19.391,-1.9334,-20.733,6.7517,-1.2424,-44.828,-48.056,-39.445,22.404
-7.2029,-26.018,-9.6039,18.021,-0.39466,-18.845,8.2789,0.090172,-42.392,-46.289,-39.076,19.662
-5.902,-22.992,-8.4109,16.52,0.72064,-16.347,9.999,1.7385,-39.738,-44.386,-38.594,16.998
-5.2009,-19.198,-6.3145,14.851,1.1302,-13.058,11.928,3.697,-36.9,-42.322,-37.952,14.554
-5.0564,-14.493,-3.0866,12.933,0.70501,-8.8405,14.084,5.9595,-33.886,-40.059,-37.102,12.441
-5.3064,-8.8102,1.3296,10.664,-0.53839,-3.6354,16.47,8.5269,-30.681,-37.568,-36.012,10.746
-5.7384,-2.2192,6.7777,7.9598,-2.5023,2.4738,19.064,11.399,-27.268,-34.85,-34.668,9.542
-6.1662,5.0696,13.001,4.8004,-5.0946,9.2704,21.821,14.558,-23.652,-31.94,-33.071,8.8848
-6.491,12.791,19.823,1.2463,-8.2835,16.536,24.668,17.943,-19.886,-28.899,-31.232,8.8055
-6.7242,20.713,27.186,-2.5852,-12.065,24.146,27.504,21.447,-16.061,-25.796,-29.169,9.2907
-6.9579,28.66,35.045,-6.5748,-16.353,32.012,30.215,24.931,-12.283,-22.677,-26.915,10.271
-7.2932,36.516,43.251,-10.652,-20.928,39.968,32.693,28.254,-8.6304,-19.541,-24.513,11.621
-7.7613,44.241,51.541,-14.808,-25.491,47.779,34.851,31.319,-5.1213,-16.344,-22.012,13.182
-8.2829,51.866,59.602,-19.064,-29.756,55.254,36.616,34.095,-1.7125,-13.018,-19.46,14.793
-8.6918,59.43,67.11,-23.431,-33.461,62.334,37.912,36.6,1.6665,-9.5233,-16.909,16.325
-8.806,66.894,73.734,-27.876,-36.377,68.991,38.659,38.864,5.0561,-5.8912,-14.413,17.71
-8.4954,74.079,79.169,-32.299,-38.356,75.077,38.795,40.884,8.4229,-2.2342,-12.024,18.95
-7.7081,80.685,83.257,-36.54,-39.375,80.358,38.302,42.612,11.66,1.285,-9.7822,20.115
-6.4583,86.423,86.068,-40.414,-39.537,84.687,37.231,43.97,14.631,4.5096,-7.7031,21.311
-4.8113,91.156,87.847,-43.793,-39.025,88.098,35.703,44.879,17.232,7.3424,-5.7746,22.646
-2.8913,94.951,88.9,-46.667,-38.079,90.751,33.88,45.284,19.42,9.7719,-3.9657,24.182
-0.88218,98.006,89.517,-49.122,-36.982,92.842,31.919,45.157,21.211,11.86,-2.2493,25.912
1.0055,100.54,89.957,-51.274,-36.033,94.546,29.919,44.493,22.646,13.703,-0.62331,27.765
2.5896,102.71,90.459,-53.207,-35.494,96.014,27.904,43.297,23.764,15.378,0.88187,29.642
3.7728,104.65,91.236,-54.954,-35.541,97.373,25.842,41.581,24.58,16.91,2.2105,31.448
4.5851,106.42,92.445,-56.525,-36.222,98.733,23.692,39.36,25.084,18.263,3.2981,33.117
5.1977,108.1,94.138,-57.935,-37.445,100.17,21.422,36.658,25.246,19.358,4.0875,34.605
5.8828,109.73,96.241,-59.215,-38.981,101.71,19.019,33.517,25.034,20.101,4.5394,35.875
6.9038,111.36,98.553,-60.41,-40.49,103.32,16.487,30.016,24.435,20.421,4.644,36.9
8.3824,112.97,100.76,-61.555,-41.558,104.91,13.838,26.273,23.47,20.299,4.4342,37.669
10.276,114.47,102.43,-62.653,-41.798,106.24,11.071,22.449,22.196,19.784,3.9919,38.217
12.516,115.59,103,-63.662,-40.928,106.93,8.1386,18.706,20.678,18.961,3.436,38.623
15.126,115.96,101.81,-64.498,-38.781,106.45,4.9597,15.168,18.97,17.921,2.892,39
18.184,115.16,98.258,-65.049,-35.23,104.27,1.4869,11.888,17.099,16.721,2.4601,39.451
21.704,112.86,92.004,-65.199,-30.17,100.04,-2.2189,8.8583,15.073,15.383,2.1991,40.045
25.61,108.87,83.026,-64.839,-23.603,93.673,-5.9681,6.0507,12.914,13.927,2.1338,40.8
29.774,103.22,71.649,-63.873,-15.743,85.368,-9.4826,3.4634,10.688,12.403,2.2752,41.7
34.037,96.074,58.554,-62.217,-7.089,75.501,-12.468,1.1494,8.5143,10.918,2.634,42.711
38.143,87.71,44.719,-59.812,1.5841,64.593,-14.708,-0.79328,6.5355,9.6156,3.2142,43.797
41.654,78.5,31.2,-56.654,9.3712,53.26,-16.136,-2.2652,4.8789,8.6311,3.9914,44.908
43.994,68.857,18.842,-52.825,15.512,42.129,-16.798,-3.219,3.6083,8.0278,4.8907,45.973
44.648,59.169,8.1021,-48.484,19.646,31.681,-16.737,-3.6974,2.6963,7.7567,5.779,46.893
43.378,49.69,-0.91639,-43.814,21.865,22.092,-15.946,-3.8352,2.026,7.6608,6.4888,47.541
40.326,40.438,-8.2868,-38.93,22.554,13.157,-14.392,-3.8223,1.4288,7.5349,6.8702,47.786
35.94,31.133,-14.097,-33.83,22.189,4.4494,-12.11,-3.8412,0.74973,7.21,6.8498,47.528
30.832,21.339,-18.432,-28.404,21.201,-4.1426,-9.25,-4.0068,-0.091127,6.6158,6.4637,46.735
25.652,10.934,-21.483,-22.523,19.936,-12.007,-6.0184,-4.3371,-1.0726,5.7949,5.8466,45.461
20.96,0.56704,-23.587,-16.183,18.673,-18.375,-2.6169,-4.7619,-2.09,4.8739,5.1866,43.847
17.076,-8.6449,-25.116,-9.6156,17.652,-23.076,0.75359,-5.1643,-3.004,4.0135,4.6679,42.084
14.003,-15.995,-26.373,-3.2482,17.058,-26.439,3.8637,-5.4367,-3.6993,3.3515,4.4191,40.36
11.506,-21.509,-27.564,2.4905,16.973,-28.896,6.456,-5.5332,-4.1337,2.955,4.4791,38.813
9.324,-25.606,-28.799,7.3522,17.334,-30.79,8.3256,-5.4951,-4.3584,2.7966,4.7887,37.485
7.3017,-28.746,-30.096,11.309,17.958,-32.355,9.423,-5.4378,-4.5027,2.7672,5.2132,36.328
5.3691,-31.291,-31.4,14.472,18.604,-33.743,9.8372,-5.505,-4.7293,2.7174,5.583,35.226
3.4279,-33.479,-32.6,17.002,19.023,-35.04,9.6913,-5.8183,-5.1797,2.5088,5.7415,34.039
1.329,-35.436,-33.557,19.05,18.991,-36.267,9.0904,-6.447,-5.9353,2.0529,5.5823,32.64
-1.028,-37.195,-34.149,20.737,18.367,-37.395,8.1575,-7.4061,-7.01,1.3219,5.0651,30.938
-3.6029,-38.735,-34.321,22.134,17.17,-38.365,7.0663,-8.6731,-8.3691,0.33439,4.2095,28.879
-6.2013,-40.024,-34.125,23.278,15.593,-39.126,6.0036,-10.203,-9.958,-0.86531,3.0764,26.456
-8.5185,-41.052,-33.723,24.182,13.962,-39.678,5.0974,-11.938,-11.718,-2.2178,1.7516,23.703
-10.213,-41.836,-33.344,24.849,12.649,-40.07,4.3768,-13.802,-13.589,-3.6455,0.33833,20.696
-11.015,-42.417,-33.223,25.295,11.979,-40.391,3.7883,-15.712,-15.498,-5.0504,-1.046,17.555
-10.84,-42.854,-33.526,25.55,12.123,-40.74,3.2534,-17.578,-17.365,-6.3257,-2.2782,14.448
-9.8501,-43.203,-34.302,25.66,13.036,-41.185,2.7265,-19.307,-19.105,-7.3777,-3.2489,11.577
-8.3958,-43.504,-35.47,25.67,14.502,-41.744,2.2132,-20.798,-20.631,-8.1439,-3.8852,9.1472
-6.8768,-43.772,-36.838,25.616,16.216,-42.374,1.7584,-21.968,-21.872,-8.5973,-4.158,7.3292
-5.5909,-44.001,-38.166,25.519,17.862,-42.995,1.4183,-22.761,-22.774,-8.736,-4.0958,6.2145
-4.6355,-44.176,-39.255,25.387,19.184,-43.526,1.2414,-23.156,-23.307,-8.5866,-3.7615,5.7962
-3.9473,-44.289,-40.025,25.217,20.076,-43.932,1.2536,-23.18,-23.468,-8.1898,-3.233,5.967
-3.4216,-44.355,-40.542,25.014,20.611,-44.242,1.4484,-22.875,-23.279,-7.5914,-2.5912,6.5396
-2.8939,-44.411,-40.985,24.785,21.025,-44.535,1.7929,-22.277,-22.783,-6.8363,-1.9174,7.2776
-2.0801,-44.498,-41.57,24.539,21.647,-44.898,2.246,-21.43,-22.028,-5.9717,-1.2924,7.9429
-0.6839,-44.646,-42.464,24.287,22.77,-45.384,2.7781,-20.382,-21.072,-5.0632,-0.80226,8.3378
1.4364,-44.862,-43.711,24.038,24.528,-45.994,3.3821,-19.219,-20.004,-4.1917,-0.49833,8.349
4.1186,-45.117,-45.189,23.81,26.805,-46.668,4.0598,-18.084,-18.947,-3.4623,-0.4083,7.9824
6.8569,-45.349,-46.632,23.624,29.229,-47.28,4.813,-17.183,-18.042,-2.9722,-0.51104,7.3757
8.9702,-45.468,-47.697,23.494,31.276,-47.669,5.6307,-16.738,-17.418,-2.7708,-0.73065,6.7752
9.8745,-45.37,-48.061,23.407,32.43,-47.669,6.4919,-16.899,-17.147,-2.8331,-0.94607,6.4734
9.2889,-44.961,-47.511,23.324,32.321,-47.162,7.3881,-17.676,-17.208,-3.055,-0.99946,6.7404
7.3045,-44.146,-46.007,23.159,30.809,-46.117,8.3376,-18.854,-17.428,-3.2293,-0.67039,7.7801
4.3441,-42.82,-43.747,22.775,28.047,-44.607,9.3572,-20.013,-17.406,-2.954,0.45881,9.7952
1.0339,-40.893,-41.184,21.958,24.475,-42.848,10.425,-20.517,-16.384,-1.4376,3.1924,13.126
-1.9774,-38.358,-38.685,20.387,20.589,-41.061,11.524,-19.482,-13.032,2.8558,8.9679,18.399
-4.1229,-35.306,-35.826,17.675,16.636,-38.879,12.687,-15.775,-5.0538,12.693,18.58,26.539
-4.7455,-31.63,-31.39,13.959,12.758,-34.926,13.889,-7.9042,4.3533,7.0951,5.1387,38.015
-3.4741,-26.39,-24.346,12.28,9.311,-27.546,14.891,0.89418,-13.591,1.1325,1.9388,42.477
-9.6898,-17.193,-14.709,16.213,6.4069,-15.963,15.372,-12.172,-26.081,-7.3627,-1.7954,35.926
-12.69,-0.80877,-3.6669,12.422,2.1663,-0.7505,15.347,-30.682,-43.116,-21.463,-6.701,38.673
-13.075,22.045,7.131,1.8891,-15.896,16.442,14.952,-49.596,-57.078,-34.762,-10.027,42.702
-13.051,45.651,17.972,-9.3182,-38.551,33.717,14.142,-62.133,-58.009,-37.137,-5.4849,49.983
-11.727,66.44,39.301,-20.992,-53.727,49.712,12.775,-60.106,-40.807,-19.305,17.046,64.578
-7.6124,84.688,89.205,-33.963,-59.58,64.029,11.303,-35.06,2.7999,33.428,68.734,92.877
2.2821,102.29,107.33,-49.94,-54.27,79.918,15.392,19.369,90.055,140.93,163.46,142.83
23.177,120.85,98.541,-71.928,-38.378,99.696,33.36,104.44,232.68,314.09,315.43,224.41
63.519,143.48,80.485,-103.5,-12.206,105.1,58.911,214.59,426.03,556.67,534.75,350.94
125.91,175.58,58.231,-147.91,25.39,107.89,77.217,335.27,659.24,872.52,823.04,530.84
196.73,219.66,33.15,-204.89,75.543,114.47,77.339,448.34,915.57,1245.9,1167.6,744.19
276.45,271.87,2.7344,-269.94,135.43,123.33,55.519,539.54,1170.6,1642,1538.9,979.81
364.83,321.92,-39.791,-337.89,203.22,128.48,16.448,601.36,1397,2013.4,1893.6,1219
457.83,356.53,-103.44,-400.98,279.88,118.59,-27.902,633.78,1567,2307.9,2181.1,1431.1
548.09,362.25,-190.42,-449.56,364.72,81.108,-68.028,639.8,1656,2478.5,2354.4,1584.4
627.63,329.94,-296.8,-475.09,455.42,11.289,-98.205,619.61,1645.4,2491.8,2380.6,1653
688.31,260.18,-418.99,-472.83,547.25,-86.172,-117.33,566.86,1523.6,2333.8,2248.3,1623.9
722.17,162.69,-547.71,-443.28,631.65,-199.25,-134.06,467.86,1286.9,2011.1,1968.5,1499.4
724.41,51.476,-666.05,-391.34,695.78,-312.35,-159.88,307.62,941.22,1548.2,1571,1295.7
695.97,-59.464,-755.07,-323.86,727.38,-411.6,-203.21,80.957,504.95,984.48,1097.2,1037.4
640.38,-158.64,-801.53,-247.72,720.74,-484.87,-268.06,-200.69,11.417,371.51,594.08,752.62
562.17,-238.33,-801.54,-169.22,678.22,-525.59,-351.51,-509.52,-491.89,-231.16,108.91,468.26
468.29,-294.46,-759.05,-93.931,607.47,-532.94,-443.33,-807.35,-949.69,-763.34,-316.49,206.84
367.47,-325.68,-682.52,-26.077,518.28,-510.04,-528.5,-1054.5,-1310.3,-1175,-650.45,-15.748
267.94,-332.61,-582.43,30.536,420.13,-462.16,-591.85,-1219.8,-1537.9,-1436.3,-875.59,-191.27
176.42,-317.01,-469.83,69.99,321.35,-395.76,-622.92,-1288.4,-1621.4,-1541.5,-991.94,-317.57
97.795,-281.66,-355.05,91.529,228.75,-318.34,-618.99,-1265.1,-1576,-1508.3,-1012.7,-395.61
34.4,-231.47,-246.94,98.638,146.66,-238.3,-583.72,-1169.8,-1435.4,-1374.3,-959.67,-429.58
-13.299,-175.76,-153.32,95.938,77.999,-164.06,-524.44,-1029.8,-1239.2,-1186.5,-861.01,-428.65
-45.146,-127.57,-79.642,88.269,25.104,-103.35,-450.21,-872.6,-1026.4,-985.69,-743.97,-405.41
-61.747,-92.6,-29.286,78.431,-10.157,-61.708,-369.8,-719.75,-828.24,-799.17,-629.49,-371.22
-65.437,-72.035,-3.3644,56.24,-26.95,-39.124,-291.56,-583.62,-662.95,-643.17,-529.92,-333.21
-59.735,-63.266,1.9327,37.743,-28.896,-31.94,-223.98,-468.73,-535.61,-521.49,-446.79,-292.16
-49.868,-61.491,-4.9304,34.729,-22.24,-34.597,-170.91,-374.72,-439.8,-428.77,-377.02,-248.2
-40.272,-62.372,-15.605,34.28,-12.31,-40.981,-131.58,-301.51,-366.32,-359.08,-318.48,-213.85
-30.565,-61.597,-25.023,33.95,-2.7696,-47.031,-104.3,-248.63,-312.89,-308.11,-274.49,-184.29
-16.738,-56.78,-32.701,33.2,5.122,-50.079,-86.528,-209.68,-269.64,-265.7,-241.52,-163.64
-13.723,-51.253,-35.758,31.977,9.8461,-46.557,-74.206,-178.65,-230.5,-226.2,-211.93,-147.44
-12.833,-47.292,-32.522,30.461,8.1294,-42.554,-63.941,-152.19,-193.73,-189.46,-183.3,-133.16
-12.759,-44.374,-29.206,28.875,6.1852,-39.432,-53.424,-128.82,-160.11,-156.97,-156.39,-120.29
-12.951,-41.942,-26.247,27.363,4.4522,-36.741,-41.693,-108.29,-131.53,-130.14,-133.3,-108.9
-13.028,-39.792,-23.678,25.977,3.0048,-34.381,-29.055,-90.997,-109.57,-110.14,-115.86,-99.426
-12.831,-37.872,-21.469,24.727,1.8948,-32.32,-17.3,-77.68,-94.451,-96.957,-103.99,-91.961
-12.313,-36.184,-19.573,23.622,1.1161,-30.52,-10.791,-70.845,-84.536,-88.402,-95.577,-86.099
-11.499,-34.759,-17.952,22.684,0.59178,-28.969,-8.8403,-72.791,-76.197,-81.181,-88.092,-81.354
-10.509,-33.637,-16.584,21.936,0.19674,-27.689,-6.3929,-76.369,-66.816,-73.384,-80.45,-77.38
-9.5335,-32.834,-15.461,21.394,-0.19767,-26.707,-4.178,-76.234,-57.86,-65.863,-73.204,-74.011
-8.783,-32.314,-14.56,21.052,-0.6889,-26.014,-2.5779,-73.94,-50.491,-59.476,-66.996,-71.193
-8.4217,-32.003,-13.844,20.888,-1.3228,-25.561,-1.3768,-71.418,-44.494,-54.117,-61.942,-68.943
-8.5332,-31.835,-13.285,20.873,-2.0759,-25.293,-0.29832,-69.47,-39.518,-49.55,-57.935,-67.258
-9.1094,-31.774,-12.888,20.978,-2.8602,-25.172,0.82407,-68.306,-35.392,-45.701,-54.868,-66.111
-10.063,-31.818,-12.692,21.182,-3.5553,-25.191,2.0481,-67.911,-32.052,-42.59,-52.646,-65.417
-11.257,-31.979,-12.752,21.476,-4.0484,-25.362,3.3671,-68.186,-29.445,-40.199,-51.147,-65.059
-12.541,-32.287,-13.121,21.862,-4.2618,-25.708,4.7377,-68.997,-27.438,-38.417,-50.196,-64.922
-13.778,-32.774,-13.832,22.345,-4.166,-26.256,6.0957,-70.197,-25.842,-37.062,-49.59,-64.916
-14.866,-33.452,-14.882,22.918,-3.7813,-27.018,7.3797,-71.663,-24.469,-35.942,-49.139,-64.976
-15.735,-34.298,-16.208,23.542,-3.1749,-27.966,8.5806,-73.288,-23.173,-34.909,-48.712,-65.043
-16.344,-35.242,-17.683,24.152,-2.4507,-29.029,9.7497,-74.964,-21.873,-33.881,-48.241,-65.033
-16.674,-36.196,-19.143,24.676,-1.7245,-30.111,10.979,-76.583,-20.526,-32.864,-47.714,-64.885
-16.717,-37.083,-20.434,25.07,-1.0815,-31.119,12.367,-78.014,-19.15,-31.896,-47.148,-64.55
-16.47,-37.858,-21.469,25.324,-0.52815,-31.997,13.971,-79.14,-17.775,-31.023,-46.56,-63.999
-15.929,-38.507,-22.25,25.462,0.012858,-32.728,15.777,-79.891,-16.443,-30.254,-45.958,-63.226
-15.088,-39.032,-22.843,25.514,0.65245,-33.324,17.694,-80.294,-15.182,-29.549,-45.337,-62.248
-13.936,-39.436,-23.346,25.504,1.4729,-33.802,19.592,-80.456,-13.993,-28.829,-44.695,-61.132
-12.489,-39.721,-23.854,25.449,2.5091,-34.178,21.333,-80.526,-12.855,-28.016,-44.039,-59.953
-10.839,-39.892,-24.43,25.362,3.7513,-34.466,22.811,-80.647,-11.732,-27.064,-43.389,-58.802
-9.1869,-39.956,-25.07,25.258,5.1152,-34.669,23.979,-80.917,-10.586,-25.985,-42.776,-57.774
-7.8266,-39.911,-25.675,25.152,6.4045,-34.763,24.887,-81.364,-9.4113,-24.832,-42.23,-56.932
-7.0673,-39.744,-26.064,25.055,7.334,-34.698,25.656,-81.961,-8.2194,-23.674,-41.771,-56.336
-7.1329,-39.437,-26.035,24.968,7.6163,-34.407,26.448,-82.613,-7.0312,-22.575,-41.404,-56.021
-8.0827,-38.979,-25.426,24.89,7.0564,-33.84,27.402,-83.211,-5.8666,-21.578,-41.118,-56.026
-9.7854,-38.378,-24.165,24.812,5.6176,-32.989,28.58,-83.667,-4.7419,-20.706,-40.892,-56.356
-11.953,-37.663,-22.296,24.725,3.4401,-31.888,29.938,-83.933,-3.6678,-19.966,-40.699,-57
-14.21,-36.872,-19.97,24.611,0.81269,-30.6,31.326,-83.991,-2.6443,-19.352,-40.514,-57.917
-16.176,-36.032,-17.413,24.45,-1.8996,-29.198,32.551,-83.822,-1.6498,-18.841,-40.318,-59.034
-17.544,-35.15,-14.865,24.219,-4.3509,-27.744,33.452,-83.384,-0.63194,-18.392,-40.102,-60.263
-18.146,-34.223,-12.532,23.902,-6.2977,-26.292,33.951,-82.622,0.48772,-17.945,-39.871,-61.53
-17.984,-33.252,-10.551,23.499,-7.6361,-24.894,34.046,-81.501,1.7938,-17.442,-39.64,-62.798
-17.226,-32.247,-8.9899,23.023,-8.3919,-23.605,33.813,-80.04,3.3499,-16.841,-39.43,-64.066
-16.148,-31.221,-7.8466,22.49,-8.6904,-22.464,33.393,-78.301,5.1805,-16.124,-39.24,-65.353
-15.048,-30.184,-7.0579,21.91,-8.7141,-21.482,32.972,-76.35,7.2751,-15.301,-39.034,-66.668
-14.158,-29.141,-6.5216,21.288,-8.6334,-20.64,32.754,-74.216,9.6114,-14.395,-38.737,-68.002
-13.574,-28.108,-6.1564,20.631,-8.5166,-19.914,32.893,-71.883,12.186,-13.433,-38.25,-69.318
-13.239,-27.128,-5.9626,19.963,-8.2972,-19.307,33.442,-69.303,15.037,-12.433,-37.484,-70.564
-12.995,-26.276,-6.0136,19.331,-7.8483,-18.863,34.354,-66.441,18.237,-11.387,-36.391,-71.684
-12.67,-25.623,-6.3678,18.79,-7.0915,-18.633,35.548,-63.295,21.865,-10.256,-34.977,-72.629
-12.124,-25.207,-6.9906,18.368,-6.0442,-18.624,36.93,-59.911,25.969,-8.9747,-33.308,-73.372
-11.271,-25.004,-7.7572,18.065,-4.7971,-18.769,38.425,-56.372,30.541,-7.4701,-31.477,-73.898
-10.104,-24.94,-8.507,17.856,-3.4723,-18.951,40.017,-52.776,35.518,-5.6846,-29.58,-74.2
-8.7365,-24.913,-9.0894,17.716,-2.2065,-19.044,41.78,-49.199,40.811,-3.5892,-27.682,-74.286
-7.4018,-24.833,-9.3804,17.631,-1.1598,-18.953,43.833,-45.672,46.357,-1.1808,-25.804,-74.181
-6.4014,-24.64,-9.2784,17.601,-0.51775,-18.618,46.258,-42.182,52.172,1.5314,-23.919,-73.931
-6.0191,-24.283,-8.6978,17.621,-0.46647,-18.002,49.046,-38.68,58.387,4.538,-21.96,-73.608
-6.4364,-23.705,-7.5673,17.664,-1.146,-17.065,52.084,-35.099,65.234,7.8319,-19.847,-73.289
-7.6736,-22.824,-5.841,17.675,-2.5996,-15.752,55.171,-31.388,72.966,11.401,-17.513,-73.046
-9.5683,-21.535,-3.5219,17.567,-4.7425,-14.004,58.058,-27.547,81.718,15.218,-14.929,-72.929
-11.806,-19.724,-0.68337,17.231,-7.3648,-11.776,60.512,-23.641,91.375,19.241,-12.113,-72.957
-13.999,-17.282,2.5384,16.547,-10.175,-9.0507,62.375,-19.768,101.57,23.423,-9.1079,-73.118
-15.78,-14.107,5.9823,15.391,-12.866,-5.8355,63.598,-15.997,111.84,27.732,-5.9622,-73.371
-16.872,-10.128,9.5097,13.653,-15.189,-2.1575,64.235,-12.325,121.84,32.178,-2.6997,-73.659
-17.129,-5.3321,13.035,11.249,-16.989,1.9432,64.414,-8.686,131.36,36.83,0.6826,-73.922
-16.531,0.22152,16.533,8.1531,-18.216,6.4185,64.289,-5.0106,140.31,41.812,4.2002,-74.104
-15.158,6.413,20.02,4.4092,-18.902,11.223,63.991,-1.2732,148.62,47.282,7.861,-74.163
-13.132,13.105,23.537,0.11203,-19.112,16.328,63.597,2.4941,156.18,53.393,11.662,-74.069
-10.582,20.182,27.117,-4.6239,-18.909,21.728,63.13,6.2272,162.94,60.247,15.606,-73.799
-7.6405,27.56,30.767,-9.6814,-18.344,27.419,62.591,9.8729,168.93,67.837,19.728,-73.319
-4.4405,35.148,34.46,-14.938,-17.478,33.352,61.99,13.426,174.26,76.025,24.108,-72.572
-1.0953,42.817,38.145,-20.265,-16.406,39.402,61.367,16.946,179.1,84.561,28.857,-71.474
2.3031,50.393,41.774,-25.537,-15.259,45.381,60.803,20.552,183.67,93.141,34.083,-69.931
5.6627,57.682,45.329,-30.636,-14.187,51.103,60.423,24.384,188.18,101.48,39.848,-67.875
8.8611,64.515,48.827,-35.452,-13.348,56.447,60.346,28.543,192.82,109.36,46.147,-65.288
11.722,70.779,52.315,-39.879,-12.907,61.378,60.635,33.04,197.71,116.66,52.884,-62.218
14.021,76.428,55.855,-43.826,-13.032,65.929,61.29,37.758,202.88,123.34,59.872,-58.774
15.544,81.469,59.498,-47.226,-13.862,70.164,62.255,42.468,208.24,129.38,66.852,-55.095
16.163,85.937,63.271,-50.052,-15.464,74.141,63.444,46.886,213.58,134.79,73.537,-51.311
15.888,89.874,67.161,-52.318,-17.79,77.89,64.741,50.776,218.64,139.6,79.678,-47.518
14.855,93.315,71.111,-54.074,-20.673,81.409,66.022,54.037,223.19,143.8,85.123,-43.769
13.293,96.286,75.027,-55.393,-23.847,84.675,67.165,56.733,227.12,147.4,89.833,-40.086
11.488,98.804,78.776,-56.367,-27.007,87.647,68.062,59.034,230.39,150.38,93.861,-36.476
9.7703,100.88,82.193,-57.086,-29.842,90.267,68.63,61.12,232.99,152.72,97.298,-32.922
8.4722,102.54,85.085,-57.63,-32.082,92.461,68.815,63.102,234.9,154.42,100.23,-29.388
7.8471,103.79,87.254,-58.06,-33.526,94.149,68.599,65.004,236.07,155.5,102.73,-25.818
8.0095,104.66,88.527,-58.417,-34.068,95.261,67.99,66.789,236.44,156.03,104.82,-22.171
8.9345,105.17,88.788,-58.728,-33.69,95.749,67.002,68.412,236.02,156.11,106.53,-18.449
10.503,105.32,88.025,-59.007,-32.456,95.604,65.646,69.85,234.88,155.85,107.92,-14.72
12.561,105.13,86.357,-59.253,-30.501,94.878,63.918,71.096,233.14,155.31,109.06,-11.103
14.969,104.6,84.023,-59.452,-28.029,93.684,61.803,72.133,230.89,154.52,109.98,-7.7391
17.602,103.76,81.322,-59.575,-25.269,92.173,59.272,72.905,228.2,153.46,110.73,-4.7462
20.296,102.67,78.513,-59.588,-22.425,90.49,56.286,73.313,225.04,152.08,111.31,-2.1862
22.796,101.37,75.754,-59.455,-19.674,88.728,52.839,73.238,221.36,150.33,111.7,-0.03939
24.78,99.906,73.094,-59.146,-17.189,86.91,49.032,72.58,217.15,148.17,111.94,1.7946
25.959,98.26,70.497,-58.636,-15.119,84.994,45.111,71.308,212.46,145.58,112.06,3.4728
26.171,96.386,67.839,-57.908,-13.553,82.888,41.366,69.467,207.46,142.57,112.11,5.1696
25.393,94.198,64.931,-56.957,-12.507,80.465,37.923,67.18,202.34,139.16,112.14,7.035
23.722,91.59,61.577,-55.789,-11.928,77.59,34.689,64.61,197.25,135.34,112.21,9.1614
21.409,88.465,57.662,-54.42,-11.687,74.149,31.486,61.914,192.24,131.12,112.35,11.567
18.906,84.769,53.207,-52.883,-11.545,70.094,28.178,59.19,187.22,126.48,112.55,14.203
16.803,80.53,48.34,-51.223,-11.193,65.468,24.708,56.453,182.05,121.39,112.79,16.972
15.637,75.873,43.208,-49.503,-10.341,60.389,21.082,53.652,176.54,115.84,113.03,19.766
15.699,70.96,37.905,-47.775,-8.8042,54.999,17.34,50.712,170.54,109.84,113.24,22.481
16.937,65.917,32.436,-46.047,-6.516,49.395,13.535,47.582,163.89,103.41,113.36,25.019
19.003,60.76,26.755,-44.256,-3.5293,43.61,9.7069,44.244,156.48,96.59,113.35,27.28
21.399,55.417,20.854,-42.287,-0.018715,37.644,5.8765,40.707,148.25,89.393,113.19,29.165
23.655,49.79,14.827,-40.024,3.7319,31.524,2.0437,36.989,139.16,81.819,112.82,30.604
25.442,43.84,8.87,-37.409,7.366,25.332,-1.7906,33.117,129.21,73.894,112.17,31.588
26.595,37.638,3.2278,-34.478,10.518,19.204,-5.6048,29.14,118.44,65.708,111.17,32.173
27.075,31.348,-1.8581,-31.365,12.898,13.286,-9.3706,25.13,106.89,57.422,109.74,32.47
26.926,25.159,-6.2,-28.245,14.372,7.6996,-13.094,21.184,94.76,49.238,107.82,32.604
26.213,19.207,-9.7004,-25.262,14.995,2.5293,-16.823,17.4,82.466,41.343,105.37,32.673
24.982,13.538,-12.369,-22.457,14.968,-2.1559,-20.599,13.862,70.597,33.872,102.38,32.711
23.27,8.1468,-14.319,-19.763,14.542,-6.2921,-24.408,10.618,59.688,26.887,98.826,32.678
21.174,3.0324,-15.744,-17.061,13.934,-9.8474,-28.184,7.6789,49.974,20.39,94.713,32.479
18.873,-1.7556,-16.872,-14.256,13.3,-12.858,-31.835,5.024,41.382,14.344,90.027,32.015
16.59,-6.1305,-17.903,-11.338,12.748,-15.419,-35.263,2.6168,33.691,8.6984,84.775,31.235
14.536,-10.013,-18.971,-8.4012,12.364,-17.642,-38.382,0.41874,26.676,3.4022,78.996,30.167
12.879,-13.375,-20.144,-5.5933,12.221,-19.608,-41.154,-1.6041,20.161,-1.5869,72.769,28.908
11.742,-16.246,-21.441,-3.0406,12.381,-21.373,-43.6,-3.4812,14.015,-6.3002,66.21,27.588
11.199,-18.706,-22.863,-0.79031,12.893,-22.984,-45.807,-5.2401,8.1427,-10.755,59.454,26.329
11.261,-20.869,-24.414,1.1919,13.778,-24.501,-47.914,-6.9083,2.4801,-14.956,52.627,25.21
11.868,-22.875,-26.105,2.9883,15.032,-26.007,-50.075,-8.5138,-3.0043,-18.906,45.815,24.251
12.898,-24.853,-27.94,4.6881,16.619,-27.577,-52.36,-10.082,-8.312,-22.613,39.074,23.42
14.183,-26.879,-29.904,6.3535,18.476,-29.249,-54.657,-11.63,-13.416,-26.086,32.449,22.649
15.537,-28.943,-31.963,7.9982,20.516,-31.005,-56.729,-13.15,-18.265,-29.332,26.001,21.872
16.787,-30.971,-34.067,9.5891,22.643,-32.791,-58.394,-14.607,-22.785,-32.334,19.803,21.052
17.792,-32.876,-36.16,11.069,24.752,-34.542,-59.631,-15.939,-26.899,-35.05,13.924,20.192
18.456,-34.597,-38.173,12.391,26.726,-36.198,-60.553,-17.078,-30.552,-37.433,8.4239,19.335
18.717,-36.111,-40.022,13.536,28.432,-37.712,-61.324,-17.978,-33.728,-39.464,3.3418,18.549
18.524,-37.427,-41.609,14.527,29.725,-39.052,-62.07,-18.624,-36.463,-41.167,-1.3054,17.916
17.83,-38.572,-42.839,15.411,30.47,-40.191,-62.833,-19.036,-38.831,-42.609,-5.5348,17.509
16.611,-39.574,-43.639,16.242,30.582,-41.117,-63.575,-19.263,-40.923,-43.87,-9.3964,17.385
14.91,-40.453,-43.98,17.062,30.053,-41.821,-64.206,-19.363,-42.818,-45.016,-12.957,17.569
12.846,-41.213,-43.887,17.886,28.971,-42.307,-64.631,-19.398,-44.572,-46.082,-16.272,18.05
10.598,-41.846,-43.432,18.704,27.509,-42.586,-64.786,-19.427,-46.21,-47.076,-19.37,18.773
8.3568,-42.345,-42.725,19.495,25.884,-42.68,-64.675,-19.5,-47.737,-47.991,-22.251,19.657
6.2923,-42.71,-41.889,20.235,24.317,-42.618,-64.368,-19.657,-49.152,-48.829,-24.906,20.601
4.5405,-42.949,-41.038,20.901,22.99,-42.438,-63.975,-19.927,-50.455,-49.603,-27.337,21.51
3.1939,-43.076,-40.256,21.469,22.011,-42.178,-63.577,-20.313,-51.643,-50.334,-29.57,22.303
2.2795,-43.105,-39.578,21.926,21.385,-41.864,-63.171,-20.787,-52.703,-51.034,-31.648,22.933
1.7242,-43.051,-38.979,22.275,21.004,-41.511,-62.666,-21.288,-53.608,-51.698,-33.614,23.389
1.3483,-42.933,-38.386,22.539,20.677,-41.118,-61.937,-21.729,-54.321,-52.307,-35.493,23.698
0.91221,-42.776,-37.705,22.759,20.194,-40.677,-60.883,-22.024,-54.81,-52.831,-37.277,23.913
0.19807,-42.608,-36.856,22.975,19.386,-40.191,-59.457,-22.101,-55.054,-53.242,-38.937,24.087
-0.9176,-42.455,-35.805,23.216,18.168,-39.674,-57.656,-21.924,-55.063,-53.521,-40.45,24.249
-2.4321,-42.334,-34.578,23.487,16.561,-39.149,-55.55,-21.495,-54.883,-53.666,-41.824,24.386
-4.2308,-42.244,-33.251,23.775,14.69,-38.642,-53.306,-20.868,-54.594,-53.704,-43.111,24.442
-6.131,-42.176,-31.928,24.055,12.739,-38.173,-51.152,-20.139,-54.289,-53.681,-44.387,24.337
-7.9353,-42.123,-30.722,24.309,10.907,-37.763,-49.239,-19.422,-54.052,-53.65,-45.725,24.001
-9.4776,-42.084,-29.727,24.528,9.3567,-37.428,-47.563,-18.809,-53.924,-53.65,-47.157,23.396
-10.652,-42.061,-29,24.713,8.1795,-37.182,-45.991,-18.342,-53.899,-53.689,-48.664,22.53
-11.421,-42.056,-28.548,24.873,7.3956,-37.02,-44.349,-18.006,-53.927,-53.747,-50.179,21.438
-11.8,-42.06,-28.331,25.015,6.9689,-36.923,-42.51,-17.741,-53.944,-53.795,-51.622,20.162
-11.842,-42.058,-28.268,25.14,6.831,-36.849,-40.438,-17.464,-53.889,-53.814,-52.928,18.735
-11.608,-42.024,-28.263,25.239,6.9071,-36.752,-38.191,-17.086,-53.723,-53.8,-54.073,17.181
-11.155,-41.932,-28.23,25.297,7.133,-36.588,-35.891,-16.538,-53.435,-53.757,-55.084,15.524
-10.535,-41.765,-28.124,25.298,7.4571,-36.335,-33.677,-15.787,-53.042,-53.692,-56.014,13.787
-9.8092,-41.516,-27.94,25.227,7.8302,-36.001,-31.662,-14.853,-52.575,-53.602,-56.923,11.996
-9.0613,-41.199,-27.694,25.081,8.1906,-35.608,-29.904,-13.801,-52.069,-53.476,-57.842,10.185
-8.4131,-40.834,-27.391,24.87,8.4555,-35.186,-28.39,-12.726,-51.549,-53.303,-58.769,8.4078
-8.0063,-40.444,-27.016,24.609,8.5292,-34.754,-27.039,-11.712,-51.03,-53.076,-59.667,6.7417
-7.9536,-40.045,-26.55,24.318,8.3302,-34.325,-25.738,-10.804,-50.518,-52.803,-60.489,5.2838
-8.2842,-39.647,-25.981,24.007,7.823,-33.9,-24.398,-9.9913,-50.012,-52.498,-61.19,4.1322
-8.9189,-39.248,-25.317,23.682,7.0381,-33.475,-22.988,-9.2184,-49.493,-52.169,-61.735,3.366
-9.6923,-38.837,-24.585,23.343,6.0761,-33.03,-21.544,-8.4088,-48.924,-51.802,-62.096,3.0316
-10.411,-38.381,-23.819,22.988,5.0921,-32.531,-20.124,-7.4938,-48.252,-51.354,-62.241,3.1392
-10.9,-37.837,-23.051,22.604,4.2606,-31.933,-18.769,-6.4265,-47.423,-50.766,-62.124,3.6654
-11.008,-37.152,-22.294,22.168,3.7416,-31.194,-17.478,-5.1777,-46.388,-49.985,-61.701,4.5575
-10.616,-36.275,-21.548,21.651,3.653,-30.271,-16.211,-3.724,-45.121,-48.984,-60.948,5.7389
-9.6728,-35.154,-20.802,21.026,4.0303,-29.118,-14.899,-2.0417,-43.609,-47.772,-59.885,7.1198
-8.2645,-33.732,-20.007,20.278,4.7848,-27.674,-13.47,-0.10612,-41.848,-46.376,-58.579,8.6144
-6.6297,-31.943,-19.039,19.403,5.6868,-25.865,-11.864,2.1095,-39.827,-44.823,-57.121,10.161
-5.1062,-29.727,-17.685,18.403,6.3859,-23.605,-10.061,4.6364,-37.513,-43.105,-55.596,11.732
-4.0346,-27.046,-15.679,17.286,6.4764,-20.812,-8.0788,7.5056,-34.856,-41.18,-54.044,13.338
-3.6649,-23.887,-12.787,16.055,5.6055,-17.434,-5.9617,10.736,-31.814,-38.986,-52.453,15
-4.0908,-20.267,-8.8814,14.701,3.5873,-13.451,-3.7582,14.319,-28.378,-36.475,-50.763,16.738
-5.2269,-16.212,-3.9587,13.204,0.45563,-8.868,-1.5078,18.209,-24.59,-33.628,-48.887,18.561
-6.8366,-11.731,1.8773,11.534,-3.5595,-3.6977,0.76302,22.326,-20.539,-30.464,-46.735,20.481
-8.6061,-6.8157,8.4237,9.6651,-8.0965,2.0245,3.0344,26.559,-16.341,-27.027,-44.238,22.519
-10.231,-1.4499,15.395,7.5809,-12.744,8.1982,5.283,30.785,-12.117,-23.375,-41.374,24.702
-11.482,4.3588,22.482,5.2822,-17.122,14.644,7.4725,34.893,-7.9689,-19.574,-38.176,27.039
-12.239,10.567,29.43,2.7821,-20.947,21.155,9.5497,38.806,-3.9699,-15.682,-34.727,29.5
-12.496,17.107,36.08,0.096528,-24.058,27.596,11.452,42.481,-0.16228,-11.738,-31.137,32.005
-12.347,23.911,42.381,-2.7779,-26.438,33.96,13.124,45.896,3.4347,-7.7513,-27.516,34.429
-11.943,30.944,48.375,-5.8838,-28.213,40.333,14.527,49.026,6.8082,-3.7199,-23.949,36.634
-11.441,38.189,54.114,-9.2993,-29.58,46.767,15.647,51.826,9.9404,0.35552,-20.492,38.502
-10.948,45.579,59.537,-13.096,-30.7,53.159,16.47,54.238,12.812,4.4547,-17.172,39.968
-10.495,52.927,64.442,-17.278,-31.654,59.231,16.974,56.211,15.416,8.5382,-13.988,41.042
-10.039,59.939,68.628,-21.736,-32.474,64.674,17.128,57.719,17.764,12.556,-10.924,41.804
-9.4956,66.335,72.054,-26.268,-33.18,69.324,16.907,58.778,19.882,16.455,-7.9503,42.378
-8.7728,71.973,74.831,-30.667,-33.779,73.213,16.306,59.44,21.79,20.183,-5.044,42.897
-7.7946,76.89,77.148,-34.801,-34.272,76.51,15.349,59.766,23.488,23.682,-2.2051,43.452
-6.5141,81.248,79.204,-38.633,-34.678,79.443,14.085,59.789,24.938,26.891,0.52988,44.07
-4.9221,85.249,81.187,-42.19,-35.035,82.235,12.574,59.489,26.071,29.742,3.0913,44.718
-3.05,89.065,83.248,-45.515,-35.401,85.053,10.871,58.8,26.801,32.176,5.3969,45.334
-0.96115,92.802,85.482,-48.638,-35.839,87.984,9.0207,57.642,27.056,34.142,7.378,45.851
1.2681,96.494,87.911,-51.574,-36.394,91.031,7.0427,55.96,26.802,35.607,8.9963,46.221
3.5706,100.13,90.487,-54.329,-37.067,94.134,4.9302,53.754,26.056,36.558,10.246,46.416
5.9015,103.66,93.109,-56.915,-37.799,97.192,2.6484,51.083,24.878,36.992,11.145,46.422
8.2397,107.04,95.636,-59.344,-38.467,100.09,0.14416,48.069,23.363,36.933,11.732,46.237
10.586,110.21,97.898,-61.622,-38.899,102.73,-2.633,44.867,21.622,36.433,12.065,45.87
12.963,113.1,99.7,-63.732,-38.903,104.98,-5.7053,41.63,19.769,35.572,12.207,45.345
15.404,115.55,100.81,-65.617,-38.296,106.68,-9.0494,38.467,17.897,34.438,12.22,44.703
17.929,117.33,100.95,-67.173,-36.934,107.61,-12.597,35.415,16.052,33.093,12.147,43.986
20.512,118.1,99.794,-68.258,-34.736,107.43,-16.245,32.446,14.232,31.557,12.013,43.238
23.062,117.49,96.987,-68.729,-31.689,105.77,-19.877,29.51,12.401,29.829,11.836,42.502
25.445,115.23,92.249,-68.487,-27.829,102.35,-23.376,26.582,10.524,27.912,11.649,41.82
27.529,111.2,85.447,-67.501,-23.218,97.034,-26.631,23.683,8.5916,25.838,11.494,41.234
29.231,105.5,76.654,-65.8,-17.928,89.873,-29.532,20.867,6.6195,23.673,11.404,40.766
30.534,98.327,66.165,-63.45,-12.086,81.094,-31.951,18.194,4.6371,21.495,11.384,40.405
31.49,89.989,54.49,-60.526,-5.9253,71.075,-33.757,15.711,2.6731,19.382,11.39,40.096
32.181,80.837,42.268,-57.099,0.19469,60.321,-34.836,13.447,0.75234,17.391,11.353,39.755
32.684,71.261,30.159,-53.241,5.8406,49.413,-35.118,11.422,-1.0985,15.56,11.204,39.287
33.022,61.65,18.733,-49.018,10.62,38.885,-34.596,9.657,-2.8425,13.899,10.917,38.607
33.124,52.278,8.4279,-44.482,14.313,29.055,-33.32,8.1666,-4.428,12.408,10.52,37.655
32.822,43.19,-0.4447,-39.645,16.923,19.911,-31.388,6.9636,-5.7938,11.075,10.083,36.405
31.909,34.135,-7.6843,-34.461,18.606,11.186,-28.929,6.055,-6.8829,9.8854,9.682,34.874
30.227,24.677,-13.253,-28.849,19.54,2.6849,-26.089,5.4421,-7.6595,8.8252,9.3688,33.118
27.721,14.579,-17.329,-22.76,19.835,-5.344,-23.018,5.1154,-8.1234,7.8821,9.1604,31.222
24.409,4.269,-20.222,-16.296,19.539,-12.32,-19.859,5.0433,-8.3173,7.0479,9.0461,29.277
20.357,-5.2363,-22.228,-9.7781,18.696,-17.87,-16.727,5.1566,-8.3291,6.3122,8.9995,27.355
15.717,-13.083,-23.59,-3.6612,17.404,-22.044,-13.695,5.3431,-8.2851,5.6548,8.9863,25.485
10.765,-19.09,-24.524,1.6863,15.83,-25.137,-10.808,5.4632,-8.3282,5.0414,8.9663,23.643
5.8736,-23.572,-25.243,6.134,14.204,-27.486,-8.1034,5.3849,-8.5852,4.4252,8.8947,21.762
1.4287,-26.987,-25.955,9.7766,12.777,-29.387,-5.6323,5.0221,-9.1338,3.7501,8.727,19.753
-2.2538,-29.747,-26.835,12.805,11.777,-31.07,-3.4444,4.3546,-9.9875,2.9574,8.4273,17.534
-4.9742,-32.147,-27.998,15.395,11.361,-32.691,-1.5648,3.4165,-11.105,1.9889,7.9709,15.051
-6.6602,-34.357,-29.478,17.64,11.601,-34.328,0.017587,2.2623,-12.422,0.78936,7.3414,12.285
-7.3475,-36.432,-31.233,19.558,12.483,-35.994,1.3445,0.93259,-13.886,-0.68643,6.5275,9.2431
-7.1583,-38.351,-33.171,21.12,13.925,-37.651,2.4688,-0.55807,-15.464,-2.4579,5.5296,5.9545
-6.2837,-40.061,-35.175,22.309,15.798,-39.243,3.4336,-2.2088,-17.136,-4.4985,4.3749,2.456
-4.975,-41.527,-37.146,23.153,17.949,-40.722,4.2616,-4.0113,-18.869,-6.7274,3.13,-1.2028
-3.5207,-42.755,-39.018,23.73,20.201,-42.071,4.9591,-5.9334,-20.609,-9.0229,1.8949,-4.954
-2.1962,-43.787,-40.759,24.135,22.372,-43.303,5.5292,-7.9161,-22.286,-11.254,0.77668,-8.7089
-1.2071,-44.685,-42.372,24.457,24.292,-44.453,5.9839,-9.8846,-23.841,-13.315,-0.14463,-12.366
-0.65283,-45.503,-43.86,24.76,25.834,-45.546,6.3502,-11.765,-25.236,-15.146,-0.83595,-15.826
-0.52337,-46.269,-45.213,25.068,26.936,-46.578,6.6724,-13.509,-26.471,-16.728,-1.2963,-19.022
-0.72909,-46.979,-46.387,25.38,27.6,-47.517,7.0039,-15.099,-27.554,-18.067,-1.5522,-21.912
-1.1404,-47.607,-47.318,25.673,27.878,-48.307,7.3983,-16.538,-28.506,-19.183,-1.6289,-24.5
-1.629,-48.122,-47.951,25.925,27.844,-48.904,7.8925,-17.841,-29.334,-20.101,-1.546,-26.821
-2.0894,-48.509,-48.268,26.127,27.585,-49.291,8.4962,-19.012,-30.023,-20.84,-1.3243,-28.936
-2.4512,-48.784,-48.304,26.285,27.185,-49.493,9.1929,-20.021,-30.527,-21.414,-0.99122,-30.924
-2.6913,-48.99,-48.137,26.423,26.716,-49.567,9.9549,-20.805,-30.783,-21.828,-0.5737,-32.87
-2.8459,-49.167,-47.854,26.568,26.227,-49.573,10.76,-21.294,-30.735,-22.08,-0.096848,-34.83
-3.0055,-49.329,-47.512,26.737,25.729,-49.544,11.595,-21.458,-30.341,-22.179,0.44636,-36.825
-3.2876,-49.454,-47.113,26.931,25.198,-49.459,12.446,-21.351,-29.641,-22.137,1.0489,-38.842
-3.7953,-49.485,-46.605,27.127,24.581,-49.255,13.271,-21.143,-28.777,-22.018,1.6736,-40.842
-4.5779,-49.351,-45.916,27.284,23.821,-48.858,13.991,-21.098,-27.998,-21.944,2.2389,-42.774
-5.6093,-48.992,-44.988,27.344,22.875,-48.222,14.509,-21.495,-27.59,-22.079,2.6402,-44.584
-6.7938,-48.364,-43.784,27.238,21.724,-47.335,14.759,-22.513,-27.752,-22.559,2.822,-46.183
-7.9929,-47.429,-42.273,26.907,20.365,-46.19,14.767,-24.109,-28.455,-23.369,2.8953,-47.4
-9.0624,-46.134,-40.41,26.302,18.796,-44.751,14.657,-25.952,-29.364,-24.225,3.2665,-47.882
-9.8684,-44.381,-38.114,25.371,17.008,-42.921,14.597,-27.422,-29.821,-24.457,4.787,-47.034
-10.275,-41.999,-35.238,24.017,14.994,-40.513,14.721,-27.652,-28.841,-22.896,8.8917,-43.994
-10.127,-38.725,-31.577,22.022,12.77,-37.243,15.103,-25.588,-24.899,-17.571,17.472,-37.68
-9.1946,-34.192,-26.957,18.927,10.43,-32.743,15.729,-20.001,-15.361,-5.3807,12.135,-27.306
-6.9109,-27.994,-21.425,14.217,8.1997,-26.598,16.391,-9.3069,-12.669,-6.6014,4.6531,-25.333
-3.0564,-20.233,-15.357,10.177,6.3451,-18.38,16.71,-7.5156,-22.745,-12.065,3.5593,-46.433
-5.706,-11.723,-9.4562,13.335,4.7818,-7.9134,16.437,-23.194,-36.237,-21.56,1.3112,-47.677
-6.0289,0.92228,-4.6384,7.1457,-2.8124,4.2329,15.54,-41.758,-53.078,-33.641,-0.21313,-45.761
-6.6814,21.768,-1.4073,-3.0418,-30.496,16.735,14.035,-58.649,-67.793,-43.658,2.6316,-38.674
-7.5093,43.832,3.4121,-12.752,-45.289,28.169,11.899,-65.596,-70.516,-42.159,17.73,-20.915
-7.4451,63.296,38.995,-22.743,-52.056,37.447,10.018,-52.831,-46.86,-13.821,58.872,14.858
-4.2245,81.665,93.752,-34.94,-49.235,45.888,13.51,-12.892,17.178,60.058,142.03,74.433
6.231,99.879,88.445,-52.395,-36.641,69.191,24.49,56.319,132.56,198.85,280.48,166.26
30.675,119.51,72.899,-78.782,-14.63,88.224,37.131,151.17,299.38,411.48,484.3,301.76
80.318,147.81,53.454,-119.46,17.922,90.672,49.183,261.93,501.68,690.86,756.68,485.4
156.8,189.57,31.017,-181.26,63.956,95.339,59.622,371.38,722.29,1023.5,1085.8,708.46
241.79,244.41,2.3079,-258.53,122.77,101.34,48.171,462.57,940.25,1380.2,1442.7,951.95
336.76,299.43,-38.769,-334.61,190.41,104.03,14.991,523.39,1132.2,1720.6,1785.6,1191.5
435.86,333.67,-99.282,-400.47,267.44,95.788,-25.339,552.27,1276.5,1997.6,2064.3,1395.7
530.26,334.96,-183.67,-445.39,353.83,66.58,-62.26,555.53,1355.7,2165.5,2231,1532.8
610.65,298.07,-291.82,-461.96,446.59,5.5427,-87.39,536.57,1355.3,2190.6,2252.3,1579.4
667.83,223.47,-419.71,-448.27,538.07,-93.927,-97.532,491.36,1263,2057.4,2116.3,1526.2
694.94,119.27,-552.73,-407.14,618.48,-216.94,-97.596,408.54,1069.5,1768.8,1833,1379.1
689.38,0.13511,-672.4,-344.32,677.97,-336.95,-99.735,272.66,770.98,1342.7,1429.6,1156.1
652.11,-117.88,-762.43,-266.8,707.84,-440.32,-119.85,73.405,376.09,811.34,946.64,883.49
586.27,-221.67,-811.11,-181.59,703.13,-515.45,-169.94,-185.58,-88.991,221.55,432.26,590.4
497.18,-302.12,-813.1,-95.514,663.59,-555.86,-251.03,-483.69,-579.76,-367.85,-62.554,303.66
392.48,-353.84,-769.66,-15.601,592.85,-560.32,-352.66,-785.84,-1039.5,-893.99,-490.92,44.891
282.1,-375.53,-687.36,49.687,497.71,-531.74,-456.46,-1050.4,-1411.1,-1302.1,-817.64,-169.93
176.15,-369.53,-576.88,94.199,387.99,-475.85,-541.75,-1240.7,-1651.6,-1557.7,-1025.8,-331.21
83.034,-339.77,-451.49,118.64,276.17,-400.02,-592.96,-1335.5,-1743.7,-1654.1,-1118.3,-437.05
9.3898,-290.96,-324.1,125.99,172.43,-312.78,-604.09,-1333.2,-1699.4,-1611.7,-1114.4,-492.55
-41.856,-229.54,-206.32,119.95,84.12,-223.7,-577.38,-1250.3,-1553.3,-1469.4,-1041.3,-506.95
-71.562,-165.49,-108.09,105.61,17.802,-142.77,-521.04,-1113.5,-1349.1,-1271.9,-926.7,-491.15
-83.775,-112.85,-39.534,88.714,-23.289,-82.036,-448.05,-950.46,-1127,-1059,-795.28,-456.09
-82.435,-79.973,-2.6609,72.088,-41.622,-46.531,-372.17,-784.3,-917.56,-860.52,-666.4,-411.37
-72.288,-64.551,9.4953,54.83,-42.655,-31.142,-300.63,-631.75,-738.9,-693.68,-552.45,-364.22
-58.328,-59.601,5.4502,48,-32.81,-28.976,-236.49,-502.75,-597.36,-564.11,-459.05,-318.86
-44.939,-59.754,-6.8686,46.286,-18.301,-34.5,-182.41,-400.85,-490.38,-469.27,-386.89,-277.52
-34.418,-62.277,-20.446,44.905,-4.5649,-42.701,-140.47,-325.02,-411.23,-401.25,-333.86,-241.09
-21.541,-64.329,-30.097,42.622,4.2762,-49.103,-110.93,-270.15,-351.38,-348.23,-294.57,-213.29
-17.509,-58.123,-32.889,39.165,5.4093,-47.467,-92.037,-228.28,-302.67,-301.65,-261.03,-191.27
-17.469,-50.501,-29.719,35.362,3.2065,-42.476,-79.826,-194.75,-260.16,-259.42,-229.34,-171.29
-18.063,-47.05,-26.942,32.337,1.4124,-39.652,-69.762,-166.57,-220.75,-219.27,-198.27,-152.35
-18.119,-45.115,-24.879,30.335,0.24578,-37.684,-59.683,-141.25,-184.31,-181.8,-168.59,-135.11
-17.553,-43.876,-23.629,29.054,-0.29028,-36.428,-49.054,-118.26,-152.96,-149.99,-142.39,-120.15
-16.705,-43.108,-23.063,28.202,-0.2332,-35.756,-37.936,-98.278,-128.45,-125.72,-122,-107.25
-15.65,-42.647,-22.928,27.597,0.26639,-35.434,-27.715,-81.962,-110.82,-109,-108.06,-96.434
-14.384,-42.332,-22.92,27.138,0.91461,-35.225,-21.565,-71.373,-98.93,-98.445,-98.674,-87.731
-13.088,-42.025,-22.771,26.774,1.3753,-34.946,-20.274,-69.273,-90.788,-91.555,-90.775,-80.706
-12.071,-41.645,-22.308,26.492,1.39,-34.491,-18.754,-69.943,-83.594,-85.661,-82.67,-74.845
-11.634,-41.186,-21.491,26.298,0.84504,-33.847,-16.457,-68.165,-75.623,-79.109,-74.765,-69.792
-11.962,-40.704,-20.432,26.199,-0.18553,-33.102,-14.023,-64.576,-68.024,-72.473,-67.869,-65.341
-13.039,-40.278,-19.369,26.183,-1.4443,-32.406,-11.714,-60.565,-61.936,-66.868,-62.207,-61.375
-14.603,-39.96,-18.558,26.213,-2.5979,-31.906,-9.6051,-56.889,-57.298,-62.431,-57.678,-57.807
-16.248,-39.762,-18.16,26.239,-3.385,-31.669,-7.7105,-53.852,-53.802,-58.963,-54.131,-54.545
-17.598,-39.656,-18.188,26.228,-3.7015,-31.671,-6.0072,-51.499,-51.207,-56.299,-51.413,-51.496
-18.427,-39.61,-18.535,26.172,-3.5917,-31.829,-4.4588,-49.744,-49.309,-54.269,-49.341,-48.593
-18.647,-39.599,-19.038,26.089,-3.1806,-32.039,-3.0485,-48.456,-47.896,-52.681,-47.711,-45.823
-18.263,-39.604,-19.54,25.997,-2.5976,-32.216,-1.7859,-47.503,-46.766,-51.345,-46.329,-43.223
-17.335,-39.607,-19.931,25.9,-1.9304,-32.305,-0.69293,-46.761,-45.749,-50.111,-45.055,-40.865
-15.971,-39.595,-20.167,25.785,-1.2203,-32.295,0.2195,-46.113,-44.726,-48.894,-43.82,-38.823
-14.326,-39.566,-20.267,25.647,-0.4861,-32.217,0.96723,-45.453,-43.624,-47.671,-42.628,-37.146
-12.605,-39.528,-20.288,25.497,0.24538,-32.116,1.5944,-44.702,-42.42,-46.471,-41.519,-35.847
-11.039,-39.488,-20.281,25.364,0.92159,-32.02,2.1631,-43.818,-41.133,-45.341,-40.546,-34.887
-9.8655,-39.449,-20.261,25.282,1.4614,-31.931,2.7352,-42.804,-39.802,-44.313,-39.733,-34.177
-9.3004,-39.404,-20.198,25.272,1.7605,-31.828,3.3545,-41.694,-38.476,-43.391,-39.064,-33.586
-9.4801,-39.342,-20.035,25.337,1.7063,-31.679,4.0327,-40.55,-37.203,-42.561,-38.494,-32.962
-10.414,-39.253,-19.708,25.463,1.2142,-31.463,4.7439,-39.439,-36.024,-41.804,-37.969,-32.161
-11.971,-39.132,-19.183,25.623,0.26545,-31.174,5.4304,-38.422,-34.966,-41.115,-37.45,-31.074
-13.905,-38.983,-18.469,25.784,-1.0717,-30.83,6.0249,-37.534,-34.042,-40.5,-36.916,-29.65
-15.908,-38.815,-17.621,25.911,-2.6486,-30.462,6.4751,-36.766,-33.239,-39.956,-36.367,-27.902
-17.681,-38.638,-16.721,25.975,-4.264,-30.103,6.7663,-36.056,-32.517,-39.46,-35.802,-25.9
-18.986,-38.461,-15.87,25.955,-5.7027,-29.783,6.9293,-35.302,-31.816,-38.964,-35.207,-23.76
-19.689,-38.3,-15.189,25.855,-6.7742,-29.532,7.0305,-34.388,-31.061,-38.402,-34.557,-21.611
-19.767,-38.174,-14.788,25.695,-7.3474,-29.381,7.1472,-33.228,-30.177,-37.711,-33.828,-19.582
-19.293,-38.098,-14.736,25.51,-7.3617,-29.353,7.3388,-31.793,-29.105,-36.854,-33.008,-17.764
-18.383,-38.075,-15.042,25.327,-6.815,-29.454,7.6297,-30.118,-27.815,-35.826,-32.108,-16.184
-17.164,-38.08,-15.661,25.153,-5.7443,-29.659,8.0064,-28.282,-26.316,-34.653,-31.16,-14.8
-15.745,-38.065,-16.522,24.962,-4.2176,-29.916,8.4272,-26.382,-24.661,-33.379,-30.212,-13.514
-14.216,-37.969,-17.548,24.707,-2.3372,-30.157,8.8308,-24.517,-22.94,-32.052,-29.321,-12.224
-12.65,-37.735,-18.665,24.335,-0.24153,-30.323,9.1523,-22.78,-21.267,-30.722,-28.541,-10.85
-11.131,-37.329,-19.795,23.813,1.8951,-30.376,9.3432,-21.245,-19.749,-29.425,-27.91,-9.3571
-9.7533,-36.742,-20.837,23.131,3.8679,-30.303,9.3919,-19.944,-18.454,-28.176,-27.432,-7.7423
-8.6081,-35.984,-21.649,22.3,5.4664,-30.095,9.3316,-18.837,-17.383,-26.956,-27.061,-6.0193
-7.7469,-35.062,-22.076,21.347,6.5242,-29.725,9.2231,-17.81,-16.472,-25.711,-26.716,-4.2138
-7.1719,-33.966,-21.993,20.301,6.9682,-29.14,9.1181,-16.712,-15.599,-24.37,-26.302,-2.3734
-6.8364,-32.663,-21.341,19.189,6.8411,-28.267,9.0173,-15.41,-14.617,-22.866,-25.753,-0.58203
-6.6433,-31.102,-20.14,18.023,6.2869,-27.032,8.8533,-13.838,-13.388,-21.149,-25.053,1.0395
-6.4453,-29.218,-18.467,16.79,5.5061,-25.374,8.5166,-12.008,-11.81,-19.195,-24.228,2.3607
-6.0737,-26.956,-16.426,15.45,4.6923,-23.265,7.909,-9.9845,-9.841,-16.994,-23.324,3.2934
-5.4011,-24.284,-14.112,13.956,3.966,-20.717,6.9907,-7.8496,-7.512,-14.558,-22.378,3.8424
-4.4131,-21.22,-11.6,12.274,3.3372,-17.793,5.7998,-5.682,-4.9089,-11.918,-21.397,4.123
-3.2388,-17.832,-8.9318,10.405,2.7142,-14.597,4.4436,-3.543,-2.1437,-9.1209,-20.374,4.3256
-2.1165,-14.215,-6.1162,8.392,1.9461,-11.237,3.0711,-1.47,0.68496,-6.2126,-19.295,4.6461
-1.3066,-10.441,-3.1074,6.3057,0.87278,-7.7704,1.8357,0.53345,3.5247,-3.2226,-18.151,5.2178
-0.99372,-6.5141,0.19121,4.2121,-0.61912,-4.1614,0.86081,2.5045,6.3838,-0.1498,-16.931,6.0758
-1.2199,-2.3543,3.889,2.1363,-2.5374,-0.28853,0.21626,4.5189,9.3242,3.0397,-15.621,7.1665
-1.8718,2.1604,8.0476,0.051102,-4.7591,3.9967,-0.089308,6.6729,12.441,6.4061,-14.205,8.3866
-2.7161,7.12,12.631,-2.1031,-7.0691,8.7846,-0.098623,9.0542,15.835,10.026,-12.664,9.6319
-3.4745,12.512,17.491,-4.3786,-9.2397,14.038,0.11905,11.717,19.59,13.978,-10.978,10.834
-3.9215,18.204,22.416,-6.7826,-11.113,19.59,0.49999,14.676,23.759,18.339,-9.1223,11.981
-3.9685,23.996,27.235,-9.2626,-12.658,25.218,1.0108,17.924,28.371,23.182,-7.0603,13.116
-3.6918,29.692,31.906,-11.725,-13.985,30.746,1.6526,21.454,33.452,28.587,-4.7469,14.32
-3.2945,35.163,36.513,-14.076,-15.298,36.097,2.4446,25.277,39.065,34.649,-2.1391,15.689
-3.0184,40.348,41.183,-16.275,-16.817,41.265,3.4017,29.397,45.337,41.474,0.7819,17.3
-3.0497,45.252,45.98,-18.349,-18.685,46.256,4.518,33.787,52.456,49.151,3.995,19.191
-3.4557,49.916,50.849,-20.394,-20.919,51.052,5.7612,38.364,60.608,57.702,7.4412,21.352
-4.1704,54.4,55.643,-22.535,-23.413,55.608,7.0795,43.013,69.859,67.02,11.047,23.732
-5.0221,58.753,60.189,-24.869,-25.987,59.873,8.4182,47.626,80.028,76.855,14.753,26.262
-5.7879,62.993,64.348,-27.42,-28.436,63.81,9.7359,52.141,90.704,86.86,18.53,28.873
-6.2598,67.108,68.042,-30.133,-30.573,67.419,11.011,56.558,101.42,96.68,22.373,31.507
-6.2993,71.082,71.267,-32.904,-32.261,70.741,12.236,60.922,111.85,106.01,26.286,34.112
-5.8589,74.913,74.076,-35.627,-33.431,73.851,13.405,65.29,121.87,114.62,30.27,36.639
-4.9696,78.609,76.545,-38.234,-34.089,76.823,14.512,69.693,131.45,122.41,34.324,39.049
-3.7083,82.173,78.733,-40.702,-34.304,79.692,15.547,74.107,140.56,129.35,38.452,41.326
-2.165,85.575,80.652,-43.038,-34.181,82.432,16.515,78.434,149.11,135.49,42.668,43.484
-0.41617,88.756,82.274,-45.26,-33.831,84.96,17.427,82.514,156.91,140.92,46.986,45.568
1.488,91.645,83.558,-47.379,-33.34,87.18,18.298,86.154,163.76,145.72,51.414,47.648
3.5221,94.184,84.479,-49.393,-32.75,89.021,19.126,89.192,169.53,149.98,55.943,49.795
5.6719,96.353,85.047,-51.291,-32.066,90.461,19.873,91.553,174.22,153.78,60.552,52.07
7.9165,98.165,85.292,-53.054,-31.269,91.527,20.471,93.274,177.94,157.16,65.201,54.498
10.219,99.662,85.249,-54.662,-30.334,92.269,20.832,94.475,180.87,160.16,69.819,57.068
12.536,100.89,84.947,-56.101,-29.239,92.748,20.879,95.295,183.17,162.76,74.31,59.742
14.827,101.9,84.404,-57.37,-27.966,93.008,20.564,95.837,184.91,164.96,78.555,62.475
17.067,102.71,83.625,-58.478,-26.504,93.077,19.881,96.143,186.13,166.73,82.444,65.236
19.227,103.34,82.603,-59.433,-24.861,92.958,18.871,96.198,186.82,168.05,85.904,68.015
21.267,103.76,81.336,-60.235,-23.077,92.637,17.621,95.952,186.99,168.93,88.932,70.814
23.144,103.93,79.835,-60.873,-21.232,92.092,16.238,95.337,186.65,169.39,91.592,73.639
24.827,103.82,78.14,-61.324,-19.426,91.314,14.824,94.282,185.85,169.48,93.983,76.476
26.3,103.39,76.304,-61.564,-17.745,90.313,13.445,92.718,184.66,169.24,96.188,79.29
27.547,102.65,74.373,-61.579,-16.224,89.112,12.126,90.591,183.1,168.68,98.238,82.019
28.542,101.62,72.358,-61.369,-14.846,87.736,10.854,87.873,181.15,167.8,100.11,84.601
29.239,100.33,70.227,-60.954,-13.552,86.192,9.6012,84.574,178.76,166.57,101.76,86.991
29.589,98.836,67.907,-60.383,-12.27,84.469,8.3398,80.738,175.82,164.97,103.12,89.172
29.554,97.186,65.286,-59.732,-10.944,82.53,7.0636,76.439,172.24,163.01,104.18,91.142
29.109,95.427,62.208,-59.086,-9.5523,80.312,5.7901,71.768,167.91,160.73,104.9,92.894
28.264,93.585,58.49,-58.517,-8.1459,77.721,4.5533,66.835,162.75,158.16,105.31,94.405
27.111,91.652,54.018,-58.05,-6.8631,74.649,3.3862,61.757,156.76,155.36,105.42,95.635
25.869,89.587,48.86,-57.678,-5.8137,71.007,2.2967,56.652,150.03,152.38,105.28,96.539
24.846,87.327,43.246,-57.386,-4.8616,66.781,1.2527,51.614,142.75,149.23,104.94,97.077
24.386,84.81,37.364,-57.161,-3.5888,62.065,0.19214,46.699,135.13,145.93,104.44,97.225
24.934,81.986,31.272,-56.992,-1.5664,57.017,-0.94279,41.933,127.32,142.47,103.84,96.984
27.035,78.815,25.016,-56.853,1.398,51.78,-2.1726,37.331,119.4,138.83,103.21,96.383
31.065,75.26,18.713,-56.69,5.2291,46.427,-3.4723,32.917,111.39,134.99,102.6,95.464
36.963,71.273,12.516,-56.406,9.7028,40.971,-4.7806,28.722,103.31,130.92,102.05,94.251
44.143,66.809,6.5833,-55.871,14.542,35.422,-6.0131,24.767,95.241,126.57,101.54,92.731
51.475,61.854,1.0724,-54.938,19.345,29.828,-7.0797,21.055,87.333,121.86,101.03,90.862
57.485,56.448,-3.842,-53.483,23.538,24.286,-7.9053,17.574,79.744,116.68,100.41,88.587
60.825,50.687,-7.9853,-51.435,26.49,18.903,-8.4462,14.31,72.598,110.94,99.565,85.879
60.716,44.7,-11.229,-48.799,27.745,13.756,-8.6937,11.251,65.958,104.53,98.346,82.756
57.095,38.601,-13.539,-45.65,27.175,8.8702,-8.6701,8.3871,59.841,97.461,96.654,79.295
50.507,32.468,-14.993,-42.114,25.036,4.2413,-8.4218,5.7093,54.226,89.826,94.436,75.61
41.934,26.343,-15.779,-38.321,21.883,-0.1229,-8.0139,3.203,49.063,81.873,91.703,71.813
32.636,20.254,-16.16,-34.381,18.414,-4.1865,-7.523,0.84529,44.28,73.937,88.518,67.968
23.951,14.218,-16.425,-30.358,15.255,-7.8968,-7.0207,-1.3973,39.801,66.325,84.974,64.078
17.018,8.2528,-16.823,-26.256,12.832,-11.209,-6.5518,-3.5614,35.568,59.216,81.16,60.103
12.553,2.4039,-17.499,-21.995,11.349,-14.102,-6.1221,-5.6738,31.552,52.64,77.134,55.988
10.682,-3.2166,-18.485,-17.425,10.822,-16.586,-5.7093,-7.7475,27.738,46.522,72.908,51.7
10.86,-8.4381,-19.731,-12.427,11.123,-18.701,-5.2945,-9.7928,24.099,40.735,68.459,47.234
12,-13.099,-21.147,-7.1225,12.06,-20.519,-4.8926,-11.833,20.564,35.158,63.761,42.616
12.964,-17.129,-22.641,-1.9787,13.431,-22.136,-4.5551,-13.907,17.024,29.707,58.81,37.89
13.28,-20.563,-24.159,2.4599,15.031,-23.669,-4.3352,-16.061,13.354,24.345,53.625,33.109
13.167,-23.506,-25.682,5.9521,16.651,-25.219,-4.247,-18.328,9.4576,19.066,48.235,28.326
12.866,-26.066,-27.186,8.5919,18.072,-26.836,-4.2524,-20.716,5.2995,13.878,42.673,23.577
12.417,-28.324,-28.611,10.606,19.11,-28.498,-4.285,-23.209,0.92522,8.7927,36.995,18.882
11.789,-30.334,-29.899,12.207,19.697,-30.138,-4.2936,-25.761,-3.5448,3.8262,31.294,14.249
10.973,-32.134,-31.038,13.55,19.914,-31.694,-4.2756,-28.299,-7.9394,-0.98098,25.687,9.6913
10.003,-33.763,-32.069,14.74,19.919,-33.144,-4.2776,-30.732,-12.08,-5.5621,20.291,5.2339
8.9284,-35.263,-33.06,15.85,19.857,-34.505,-4.3709,-32.972,-15.833,-9.8405,15.185,0.91758
7.782,-36.671,-34.062,16.934,19.804,-35.805,-4.6192,-34.957,-19.143,-13.758,10.409,-3.2102
6.5656,-38.016,-35.082,18.028,19.765,-37.059,-5.0475,-36.655,-22.032,-17.296,5.9668,-7.1052
5.2645,-39.308,-36.083,19.147,19.711,-38.255,-5.6219,-38.06,-24.573,-20.477,1.8377,-10.735
3.8765,-40.535,-37.01,20.274,19.616,-39.368,-6.2528,-39.184,-26.851,-23.352,-2.0081,-14.085
2.4379,-41.675,-37.823,21.37,19.484,-40.372,-6.8247,-40.051,-28.937,-25.982,-5.6035,-17.155
1.0302,-42.706,-38.513,22.386,19.353,-41.256,-7.2361,-40.702,-30.878,-28.421,-8.975,-19.957
-0.23906,-43.612,-39.108,23.285,19.289,-42.024,-7.4335,-41.192,-32.699,-30.71,-12.135,-22.513
-1.2709,-44.391,-39.646,24.049,19.358,-42.69,-7.4264,-41.583,-34.407,-32.875,-15.079,-24.847
-2.0005,-45.048,-40.155,24.684,19.599,-43.264,-7.2806,-41.926,-36.009,-34.932,-17.79,-26.983
-2.4043,-45.589,-40.622,25.209,19.993,-43.735,-7.0889,-42.249,-37.512,-36.89,-20.25,-28.942
-2.5044,-46.015,-40.983,25.647,20.454,-44.076,-6.9312,-42.547,-38.923,-38.753,-22.459,-30.751
-2.3883,-46.322,-41.137,26.014,20.824,-44.248,-6.8413,-42.798,-40.24,-40.521,-24.449,-32.448
-2.2247,-46.506,-40.967,26.321,20.898,-44.221,-6.7993,-42.98,-41.454,-42.198,-26.283,-34.088
-2.2418,-46.575,-40.387,26.574,20.481,-43.988,-6.7509,-43.087,-42.551,-43.798,-28.043,-35.734
-2.6633,-46.548,-39.38,26.784,19.452,-43.583,-6.6369,-43.139,-43.522,-45.336,-29.797,-37.449
-3.6387,-46.458,-38.02,26.968,17.812,-43.071,-6.4186,-43.15,-44.369,-46.815,-31.581,-39.269
-5.194,-46.34,-36.448,27.142,15.685,-42.528,-6.0921,-43.116,-45.104,-48.223,-33.392,-41.195
-7.2143,-46.224,-34.821,27.321,13.276,-42.013,-5.687,-43.008,-45.744,-49.528,-35.202,-43.182
-9.4713,-46.123,-33.287,27.515,10.835,-41.552,-5.2539,-42.791,-46.316,-50.706,-36.977,-45.154
-11.686,-46.037,-31.971,27.722,8.616,-41.152,-4.847,-42.462,-46.852,-51.751,-38.684,-47.031
-13.585,-45.961,-30.964,27.933,6.8306,-40.816,-4.5074,-42.046,-47.379,-52.675,-40.295,-48.76
-14.93,-45.89,-30.319,28.13,5.6404,-40.554,-4.2471,-41.593,-47.914,-53.497,-41.786,-50.334
-15.525,-45.822,-30.067,28.288,5.1617,-40.38,-4.0422,-41.143,-48.448,-54.222,-43.135,-51.793
-15.266,-45.759,-30.209,28.384,5.4373,-40.305,-3.841,-40.711,-48.949,-54.835,-44.324,-53.205
-14.205,-45.703,-30.689,28.406,6.3927,-40.317,-3.5856,-40.281,-49.367,-55.307,-45.35,-54.631
-12.572,-45.651,-31.377,28.354,7.8145,-40.384,-3.2325,-39.803,-49.645,-55.611,-46.227,-56.105
-10.733,-45.593,-32.089,28.243,9.3737,-40.454,-2.7625,-39.208,-49.731,-55.728,-46.989,-57.609
-9.0952,-45.511,-32.618,28.096,10.695,-40.465,-2.183,-38.435,-49.593,-55.659,-47.677,-59.088
-8.0078,-45.38,-32.789,27.936,11.454,-40.364,-1.5239,-37.455,-49.243,-55.42,-48.333,-60.474
-7.676,-45.182,-32.498,27.78,11.463,-40.115,-0.83034,-36.296,-48.73,-55.038,-48.981,-61.71
-8.1078,-44.908,-31.74,27.633,10.717,-39.708,-0.14793,-35.037,-48.128,-54.54,-49.618,-62.765
-9.1164,-44.563,-30.61,27.493,9.3897,-39.161,0.49716,-33.777,-47.506,-53.942,-50.215,-63.617
-10.394,-44.162,-29.268,27.352,7.7735,-38.513,1.1132,-32.578,-46.901,-53.242,-50.718,-64.251
-11.614,-43.727,-27.9,27.202,6.1921,-37.813,1.7424,-31.437,-46.305,-52.418,-51.058,-64.646
-12.509,-43.281,-26.659,27.044,4.9025,-37.109,2.4395,-30.274,-45.665,-51.436,-51.171,-64.786
-12.928,-42.839,-25.629,26.881,4.0266,-36.436,3.2384,-28.983,-44.898,-50.259,-51.012,-64.668
-12.856,-42.403,-24.814,26.717,3.5352,-35.802,4.129,-27.483,-43.922,-48.865,-50.572,-64.322
-12.421,-41.959,-24.148,26.546,3.2915,-35.183,5.061,-25.77,-42.681,-47.259,-49.878,-63.81
-11.855,-41.474,-23.534,26.356,3.1202,-34.538,5.9708,-23.914,-41.171,-45.473,-48.988,-63.223
-11.417,-40.907,-22.879,26.116,2.8605,-33.824,6.8148,-22.022,-39.435,-43.561,-47.969,-62.655
-11.305,-40.22,-22.126,25.79,2.4051,-33.017,7.5867,-20.188,-37.544,-41.582,-46.884,-62.186
-11.565,-39.387,-21.286,25.325,1.7425,-32.127,8.312,-18.453,-35.562,-39.585,-45.776,-61.849
-12.027,-38.392,-20.433,24.662,0.97565,-31.191,9.0282,-16.796,-33.526,-37.589,-44.66,-61.622
-12.349,-37.222,-19.666,23.733,0.29319,-30.247,9.7655,-15.143,-31.426,-35.564,-43.512,-61.415
-12.189,-35.854,-19.046,22.486,-0.091112,-29.297,10.536,-13.392,-29.204,-33.436,-42.266,-61.091
-11.382,-34.242,-18.561,20.894,-0.01178,-28.284,11.332,-11.444,-26.775,-31.106,-40.829,-60.508
-9.9684,-32.302,-18.117,18.967,0.58876,-27.089,12.129,-9.2382,-24.063,-28.477,-39.109,-59.566
-8.0654,-29.905,-17.552,16.761,1.6565,-25.533,12.898,-6.7631,-21.026,-25.496,-37.046,-58.247
-5.7218,-26.888,-16.661,14.352,3.071,-23.4,13.609,-4.0496,-17.679,-22.17,-34.64,-56.616
-2.8953,-23.073,-15.227,11.779,4.6845,-20.464,14.245,-1.1515,-14.096,-18.571,-31.966,-54.795
0.38643,-18.311,-13.044,9.0068,6.3205,-16.547,14.807,1.8722,-10.393,-14.814,-29.149,-52.927
3.8532,-12.527,-9.9574,5.9338,7.7234,-11.587,15.325,4.9687,-6.7041,-11.027,-26.324,-51.129
6.9974,-5.7631,-5.8881,2.4413,8.4799,-5.6681,15.853,8.0998,-3.1365,-7.3114,-23.587,-49.467
9.234,1.827,-0.82134,-1.555,8.0745,1.0249,16.453,11.251,0.25909,-3.7265,-20.98,-47.944
10.115,10.013,5.2412,-6.0546,6.1124,8.2969,17.169,14.437,3.4985,-0.27967,-18.487,-46.508
9.509,18.559,12.302,-10.95,2.4786,16.001,18.005,17.691,6.6396,3.0644,-16.053,-45.074
7.6385,27.272,20.322,-16.056,-2.6396,24.024,18.927,21.048,9.7431,6.371,-13.604,-43.547
4.9488,36.011,29.116,-21.179,-8.7759,32.232,19.866,24.522,12.843,9.7162,-11.063,-41.838
1.9673,44.657,38.3,-26.146,-15.275,40.446,20.739,28.09,15.937,13.163,-8.3803,-39.885
-0.7713,53.073,47.366,-30.803,-21.455,48.462,21.461,31.679,18.987,16.741,-5.5415,-37.649
-2.7831,61.071,55.842,-34.995,-26.748,56.086,21.962,35.178,21.932,20.437,-2.5708,-35.127
-3.7239,68.43,63.403,-38.602,-30.779,63.157,22.203,38.462,24.707,24.206,0.48512,-32.343
-3.5129,74.969,69.9,-41.593,-33.434,69.558,22.186,41.427,27.258,27.988,3.5724,-29.346
-2.3878,80.637,75.335,-44.038,-34.884,75.238,21.945,44.009,29.556,31.713,6.6326,-26.208
-0.78249,85.514,79.796,-46.074,-35.512,80.211,21.518,46.179,31.589,35.297,9.5925,-23.025
0.87758,89.751,83.4,-47.864,-35.733,84.52,20.916,47.914,33.339,38.641,12.357,-19.915
2.2906,93.48,86.259,-49.561,-35.854,88.198,20.108,49.186,34.765,41.62,14.817,-16.995
3.3049,96.778,88.497,-51.266,-36.064,91.273,19.024,49.967,35.791,44.107,16.878,-14.357
3.931,99.678,90.258,-53.014,-36.447,93.786,17.578,50.236,36.329,46,18.49,-12.031
4.3283,102.2,91.683,-54.77,-36.984,95.81,15.701,49.997,36.31,47.248,19.664,-9.9866
4.7311,104.4,92.893,-56.463,-37.587,97.445,13.374,49.271,35.716,47.863,20.469,-8.1382
5.3315,106.33,93.99,-58.019,-38.178,98.813,10.627,48.088,34.586,47.896,20.995,-6.3779
6.1898,108.04,95.059,-59.385,-38.705,100.03,7.5097,46.486,32.997,47.421,21.319,-4.6089
7.2454,109.59,96.143,-60.535,-39.122,101.17,4.0631,44.513,31.036,46.521,21.482,-2.7724
8.4231,110.96,97.206,-61.47,-39.356,102.23,0.30785,42.238,28.771,45.281,21.494,-0.85724
9.7109,112.07,98.098,-62.192,-39.304,103.1,-3.734,39.735,26.225,43.775,21.349,1.103
11.141,112.71,98.532,-62.69,-38.852,103.53,-8.0048,37.052,23.386,42.037,21.036,3.044
12.744,112.65,98.089,-62.93,-37.861,103.17,-12.404,34.198,20.219,40.066,20.554,4.8901
14.524,111.59,96.304,-62.867,-36.162,101.64,-16.816,31.16,16.713,37.847,19.915,6.5762
16.453,109.3,92.779,-62.451,-33.575,98.644,-21.137,27.96,12.911,35.387,19.157,8.069
18.482,105.69,87.27,-61.642,-29.949,94.019,-25.27,24.698,8.9295,32.742,18.34,9.3789
20.561,100.75,79.722,-60.405,-25.228,87.754,-29.118,21.555,4.9396,30.012,17.535,10.557
22.646,94.589,70.286,-58.71,-19.513,79.966,-32.572,18.744,1.1186,27.313,16.795,11.672
24.703,87.316,59.32,-56.536,-13.087,70.866,-35.515,16.458,-2.4002,24.736,16.132,12.789
26.687,79.074,47.361,-53.872,-6.3718,60.746,-37.824,14.815,-5.5611,22.314,15.509,13.938
28.52,70.077,35.065,-50.733,0.15879,50.02,-39.402,13.841,-8.3915,20.007,14.846,15.111
30.088,60.664,23.123,-47.177,6.0542,39.224,-40.203,13.472,-10.979,17.709,14.058,16.267
31.255,51.252,12.166,-43.295,10.952,28.904,-40.23,13.572,-13.424,15.296,13.092,17.346
31.887,42.134,2.6309,-39.164,14.639,19.391,-39.526,13.978,-15.795,12.687,11.961,18.284
31.875,33.268,-5.2991,-34.783,17.1,10.622,-38.173,14.538,-18.088,9.8696,10.735,19.027
31.163,24.252,-11.647,-30.063,18.518,2.2653,-36.292,15.147,-20.233,6.9035,9.5123,19.544
29.763,14.681,-16.545,-24.896,19.209,-5.7771,-34.03,15.761,-22.126,3.8906,8.3805,19.825
27.761,4.7603,-20.239,-19.296,19.506,-13.028,-31.537,16.389,-23.678,0.93763,7.3941,19.89
25.299,-4.5532,-23.078,-13.497,19.655,-18.936,-28.955,17.07,-24.855,-1.8827,6.5633,19.783
22.539,-12.336,-25.4,-7.8857,19.777,-23.45,-26.43,17.831,-25.701,-4.5626,5.8563,19.563
19.632,-18.36,-27.429,-2.8036,19.894,-26.891,-24.124,18.657,-26.333,-7.1656,5.2057,19.289
16.702,-22.925,-29.268,1.5979,19.982,-29.605,-22.194,19.467,-26.906,-9.8031,4.5226,19.004
13.844,-26.46,-30.943,5.342,20.019,-31.837,-20.745,20.136,-27.567,-12.593,3.7157,18.727
11.142,-29.335,-32.46,8.5452,20.006,-33.744,-19.799,20.534,-28.422,-15.621,2.7121,18.46
8.6955,-31.822,-33.836,11.33,19.982,-35.437,-19.302,20.565,-29.523,-18.916,1.4705,18.198
6.6146,-34.094,-35.114,13.775,20.018,-37.006,-19.154,20.186,-30.876,-22.454,-0.018645,17.937
5.0105,-36.225,-36.356,15.896,20.196,-38.51,-19.241,19.401,-32.466,-26.181,-1.7423,17.688
3.9636,-38.194,-37.622,17.662,20.596,-39.966,-19.449,18.231,-34.265,-30.026,-3.671,17.46
3.5032,-39.924,-38.96,19.037,21.285,-41.354,-19.677,16.705,-36.23,-33.906,-5.7533,17.275
3.6011,-41.346,-40.387,20.02,22.307,-42.632,-19.844,14.866,-38.294,-37.715,-7.9044,17.175
4.1759,-42.434,-41.878,20.654,23.665,-43.757,-19.904,12.788,-40.363,-41.321,-10.003,17.235
5.1085,-43.212,-43.365,21.016,25.3,-44.701,-19.835,10.579,-42.329,-44.577,-11.905,17.563
6.2656,-43.725,-44.742,21.194,27.089,-45.442,-19.626,8.3715,-44.091,-47.364,-13.485,18.274
7.5235,-44.025,-45.883,21.266,28.848,-45.963,-19.259,6.2939,-45.577,-49.615,-14.671,19.471
8.7748,-44.16,-46.671,21.279,30.361,-46.254,-18.707,4.4515,-46.753,-51.329,-15.477,21.203
9.9181,-44.171,-47.019,21.244,31.414,-46.318,-17.953,2.9112,-47.624,-52.57,-15.981,23.443
10.829,-44.084,-46.895,21.162,31.835,-46.177,-17,1.7011,-48.243,-53.43,-16.311,26.113
11.351,-43.927,-46.324,21.047,31.537,-45.869,-15.878,0.82208,-48.677,-54.025,-16.582,29.099
11.329,-43.736,-45.394,20.938,30.537,-45.448,-14.635,0.25596,-48.98,-54.443,-16.858,32.291
10.663,-43.56,-44.236,20.891,28.958,-44.986,-13.332,-0.01949,-49.171,-54.725,-17.139,35.598
9.3477,-43.44,-43.003,20.946,27.007,-44.549,-12.029,-0.0288,-49.227,-54.852,-17.369,38.956
7.4945,-43.391,-41.832,21.114,24.934,-44.178,-10.78,0.19934,-49.106,-54.762,-17.475,42.317
5.3151,-43.389,-40.816,21.36,22.977,-43.876,-9.6252,0.60924,-48.743,-54.403,-17.369,45.64
3.0726,-43.372,-39.976,21.626,21.322,-43.603,-8.5957,1.0966,-48.125,-53.73,-17.008,48.903
1.0032,-43.244,-39.267,21.84,20.067,-43.281,-7.7156,1.5041,-47.308,-52.782,-16.398,52.112
-0.75292,-42.909,-38.575,21.949,19.198,-42.808,-7.0055,1.6511,-46.411,-51.677,-15.599,55.312
-2.1655,-42.277,-37.733,21.935,18.579,-42.068,-6.4758,1.3998,-45.593,-50.593,-14.699,58.582
-3.2574,-41.256,-36.577,21.808,17.988,-40.942,-6.1006,0.73893,-44.969,-49.691,-13.757,62.031
-4.0251,-39.742,-35.067,21.586,17.291,-39.345,-5.7981,-0.17016,-44.515,-48.999,-12.71,65.832
-4.4578,-37.606,-33.307,21.256,16.635,-37.243,-5.4541,-0.97131,-43.991,-48.272,-11.254,70.259
-4.6605,-34.669,-31.156,20.73,15.998,-34.555,-4.9673,-1.101,-42.831,-46.859,-8.6709,75.766
-4.9391,-30.683,-27.642,19.79,14.315,-30.825,-4.222,0.23203,-40.037,-43.531,-3.6761,83.059
-5.7134,-25.33,-21.354,18.033,10.107,-25.061,-3.1079,4.0986,-33.75,-35.87,5.48,93.001
-7.1815,-18.355,-11.698,14.763,3.2916,-16.281,-1.6482,11.575,-20.917,-18.71,7.7437,104.13
-8.5458,-9.8775,0.63359,9.4853,-3.9731,-4.2683,-0.23597,8.7324,-22.074,-16.81,1.0214,101.21
-4.8182,-0.5771,14.309,6.6119,-8.8038,10.21,0.18153,-11.458,-31.068,-21.296,1.7347,102.17
-8.6643,9.8644,28.252,10.591,-13.207,25.639,-0.14846,-30.688,-43.911,-28.832,0.76006,106.57
-17.969,25.269,41.954,3.2225,-31.568,40.376,-0.57102,-47.971,-58.516,-38.352,-1.2577,110.77
-30.215,45.483,56.362,-5.8679,-54.566,53.373,-3.1211,-56.072,-68.483,-45.971,-0.63194,116.79
-42.263,64.438,77.306,-14.833,-73.745,64.329,-10.27,-45.602,-64.208,-43.317,11.525,128.08
-48.182,80.325,107.72,-24.3,-84.524,73.468,-2.4805,-6.9295,-33.875,-15.67,50.222,150.72
-41.735,94.608,120.29,-35.609,-82.316,82.032,22.087,64.45,36.364,57.441,130.06,194.4
-18.874,109.56,112.46,-51.814,-65.121,94.109,52.897,163.46,159.26,198.61,259.97,275.41
22.442,128.23,94.432,-77.683,-34.284,104.04,80.58,276.29,333.22,414.61,447.98,410.22
83.641,156.3,71.163,-119.46,8.2312,107.23,94.161,384.79,543.3,699.82,702.11,583.12
162.37,199.36,44.057,-180.09,61.477,113.85,84.81,473.39,772.62,1041.1,1012.7,780.94
251.85,254.97,10.952,-251.96,122.55,123.14,50.348,533.99,998.48,1405.3,1353,1001.7
347.42,310.48,-31.127,-327.36,189.05,129.4,-4.0149,565.86,1196.1,1747.3,1683.8,1225.8
443.59,352.93,-86.036,-398.47,262.63,124.62,-67.88,572.12,1341.9,2018.7,1958.4,1425
535.55,371.2,-161.09,-454.71,345.03,99.236,-129.45,554.2,1414.9,2176,2130.8,1568.9
617.73,354.36,-261.92,-486.51,435.81,43.942,-180.69,507.85,1398.6,2187.5,2166.5,1633
683.08,296.76,-386.15,-488.02,529.16,-44.982,-219.98,426.19,1280.6,2038.4,2049.3,1604.3
723.73,202.8,-520.36,-458.91,614.69,-160.58,-252.39,302.63,1054.3,1731.4,1785.1,1484.1
732.69,86.354,-644.9,-404.09,681.01,-282.58,-286.68,130.17,721.9,1287.1,1400.5,1286.6
706.74,-34.878,-741.37,-331.51,718.22,-391.68,-330.43,-94.385,299.27,742.07,937.22,1035.7
648.66,-145.48,-796.72,-249.6,719.58,-474.64,-389.15,-362.9,-181.16,146.65,444.32,758.92
566.1,-235.21,-805.22,-165.87,683.97,-523.97,-464.15,-652.89,-671.43,-438.85,-28.936,483.56
467.97,-298.67,-768.35,-86.491,616.23,-537.84,-549.26,-930.92,-1115.2,-952.02,-439.71,232.45
362.41,-333.96,-693.08,-15.442,524.77,-518.63,-631.42,-1160.8,-1460.3,-1340,-756.37,21.171
257.22,-341.92,-589.76,41.264,419.76,-471.62,-695.95,-1313.5,-1672.2,-1571.8,-963.02,-142.3
160.16,-325.31,-470.32,77.496,311.8,-403.63,-731.62,-1374.6,-1742,-1645.6,-1060.2,-255.37
77.863,-287.56,-346.9,95.973,210.4,-322.39,-732.33,-1346.5,-1685.4,-1586.6,-1062,-319.77
14.01,-233.18,-230.5,100.88,122.29,-236.19,-697.3,-1245.4,-1535,-1436.7,-993.61,-342.06
-31.22,-171.53,-130.42,96.124,51.784,-153.92,-631.18,-1095.7,-1331.4,-1240.4,-884.94,-332.71
-58.303,-117.13,-55.497,86.261,1.0632,-88.303,-543.27,-923.41,-1113.3,-1035.1,-761.47,-303.22
-69.55,-79.84,-10.388,74.677,-28.751,-47.939,-445.8,-751.72,-909.42,-846.22,-641.07,-263.13
-68.752,-61.946,8.5655,49.361,-39.634,-30.199,-351.02,-597.66,-735.73,-687.11,-533.88,-218.46
-60.397,-57.819,7.9023,35.517,-36.222,-28.033,-268.15,-470.49,-597.32,-561.93,-444.78,-144.99
-49.318,-59.883,-4.1156,34.468,-24.708,-34.545,-202.18,-371.53,-492.33,-468.64,-373.98,-118.65
-39.266,-63.326,-19.044,34.701,-10.849,-43.603,-154.38,-297,-414.74,-400.5,-318.83,-110.74
-26.088,-62.691,-30.903,34.484,0.77085,-50.822,-122.84,-241.32,-355.39,-347.4,-277.71,-101.2
-15.381,-55.752,-37.627,33.557,8.8664,-50.726,-102.83,-197.93,-306.52,-302.71,-244.99,-90.26
-12.5,-50.88,-36.051,32.255,9.9457,-46.2,-89.166,-162.06,-264.27,-262.46,-214.99,-78.388
-11.063,-48.433,-33.783,30.994,9.3524,-43.68,-77.797,-131.48,-225.85,-223.9,-186.05,-66.455
-10.573,-46.922,-31.85,29.977,8.4782,-41.9,-66.447,-105.33,-191,-187.88,-158.69,-55.385
-10.921,-45.883,-30.184,29.227,7.2233,-40.595,-53.637,-83.514,-161.18,-157.24,-134.94,-45.815
-12,-45.141,-28.611,28.696,5.6057,-39.639,-39.894,-65.837,-137.71,-133.7,-116.84,-37.901
-13.581,-44.566,-27.022,28.32,3.7571,-38.847,-26.928,-52.038,-120.4,-116.86,-104.6,-31.502
-15.314,-44.071,-25.47,28.034,1.9071,-38.107,-18.894,-44.032,-108.23,-105.76,-96.272,-26.391
-16.825,-43.636,-24.141,27.79,0.32592,-37.432,-18.265,-40.794,-99.891,-98.666,-89.513,-22.32
-17.821,-43.286,-23.251,27.569,-0.74451,-36.914,-17.129,-35.918,-93.53,-93.687,-83.08,-19.082
-18.133,-43.061,-22.934,27.387,-1.1626,-36.64,-15.308,-30.34,-87.501,-89.187,-76.914,-16.515
-17.725,-42.989,-23.185,27.274,-0.92777,-36.635,-13.717,-25.22,-81.344,-84.284,-71.349,-14.523
-16.681,-43.061,-23.875,27.242,-0.15818,-36.854,-12.393,-20.764,-75.725,-79.421,-66.573,-13.045
-15.185,-43.239,-24.817,27.28,0.98056,-37.212,-11.174,-16.948,-71.141,-75.298,-62.61,-12.03
-13.507,-43.484,-25.853,27.367,2.3273,-37.635,-9.986,-13.736,-67.591,-72.054,-59.427,-11.415
-11.96,-43.777,-26.899,27.49,3.736,-38.095,-8.8482,-11.097,-64.908,-69.578,-56.976,-11.124
-10.847,-44.127,-27.942,27.658,5.0684,-38.609,-7.8193,-8.9943,-62.923,-67.745,-55.192,-11.087
-10.403,-44.56,-28.985,27.895,6.1879,-39.209,-6.9624,-7.3838,-61.475,-66.429,-53.965,-11.254
-10.742,-45.092,-29.995,28.23,6.9761,-39.906,-6.3387,-6.2294,-60.412,-65.489,-53.138,-11.599
-11.813,-45.7,-30.903,28.667,7.3677,-40.658,-5.9865,-5.4863,-59.591,-64.775,-52.54,-12.109
-13.404,-46.32,-31.624,29.169,7.3722,-41.377,-5.8992,-5.101,-58.891,-64.169,-52.025,-12.757
-15.203,-46.863,-32.087,29.663,7.0667,-41.961,-6.0206,-4.999,-58.223,-63.59,-51.51,-13.505
-16.864,-47.242,-32.253,30.059,6.5687,-42.324,-6.2673,-5.0854,-57.535,-63.019,-50.963,-14.283
-18.093,-47.401,-32.125,30.282,6.004,-42.422,-6.5675,-5.257,-56.807,-62.48,-50.399,-15.033
-18.702,-47.326,-31.747,30.302,5.4783,-42.26,-6.8961,-5.447,-56.038,-62.013,-49.85,-15.703
-18.638,-47.044,-31.186,30.133,5.058,-41.881,-7.286,-5.6473,-55.254,-61.644,-49.345,-16.264
-17.975,-46.608,-30.512,29.822,4.7688,-41.344,-7.802,-5.8924,-54.484,-61.368,-48.899,-16.715
-16.881,-46.065,-29.784,29.423,4.6071,-40.702,-8.4922,-6.2436,-53.756,-61.152,-48.522,-17.087
-15.565,-45.447,-29.045,28.973,4.5578,-39.995,-9.3537,-6.7542,-53.091,-60.965,-48.223,-17.423
-14.23,-44.772,-28.329,28.493,4.6065,-39.25,-10.327,-7.4453,-52.502,-60.797,-48.02,-17.788
-13.036,-44.051,-27.657,27.987,4.7413,-38.486,-11.315,-8.2999,-51.994,-60.655,-47.93,-18.241
-12.07,-43.286,-27.041,27.439,4.9449,-37.714,-12.196,-9.2649,-51.552,-60.556,-47.958,-18.83
-11.346,-42.473,-26.479,26.834,5.1879,-36.939,-12.849,-10.274,-51.135,-60.498,-48.094,-19.546
-10.828,-41.607,-25.951,26.168,5.4274,-36.159,-13.167,-11.256,-50.675,-60.45,-48.316,-20.381
-10.468,-40.703,-25.428,25.467,5.607,-35.373,-13.077,-12.146,-50.101,-60.362,-48.598,-21.331
-10.228,-39.795,-24.871,24.769,5.6632,-34.59,-12.547,-12.905,-49.359,-60.173,-48.918,-22.418
-10.091,-38.933,-24.244,24.122,5.5371,-33.827,-11.595,-13.518,-48.426,-59.844,-49.263,-23.639
-10.045,-38.162,-23.518,23.566,5.1936,-33.1,-10.264,-13.982,-47.318,-59.361,-49.617,-24.954
-10.076,-37.507,-22.678,23.127,4.6384,-32.412,-8.6111,-14.277,-46.079,-58.744,-49.956,-26.255
-10.152,-36.956,-21.73,22.802,3.9254,-31.748,-6.6834,-14.356,-44.761,-58.029,-50.241,-27.388
-10.224,-36.472,-20.704,22.567,3.1471,-31.085,-4.525,-14.163,-43.409,-57.253,-50.421,-28.2
-10.243,-36.008,-19.647,22.382,2.4081,-30.399,-2.1919,-13.666,-42.057,-56.434,-50.451,-28.587
-10.196,-35.513,-18.604,22.211,1.7896,-29.671,0.2405,-12.891,-40.718,-55.566,-50.303,-28.526
-10.121,-34.929,-17.59,22.016,1.3125,-28.868,2.6876,-11.915,-39.393,-54.612,-49.965,-28.095
-10.106,-34.179,-16.558,21.765,0.92154,-27.928,5.0758,-10.825,-38.06,-53.501,-49.438,-27.438
-10.245,-33.168,-15.4,21.418,0.4992,-26.766,7.3501,-9.6785,-36.68,-52.141,-48.715,-26.714
-10.603,-31.804,-13.973,20.939,-0.09357,-25.286,9.4614,-8.4786,-35.196,-50.437,-47.779,-26.041
-11.177,-30.026,-12.145,20.307,-0.96976,-23.415,11.351,-7.1946,-33.54,-48.304,-46.606,-25.467
-11.896,-27.831,-9.8351,19.527,-2.1803,-21.124,12.951,-5.7856,-31.642,-45.678,-45.173,-24.962
-12.632,-25.271,-7.0286,18.619,-3.7045,-18.427,14.201,-4.2212,-29.446,-42.516,-43.469,-24.445
-13.229,-22.419,-3.7633,17.611,-5.4651,-15.358,15.075,-2.4874,-26.92,-38.79,-41.502,-23.811
-13.535,-19.337,-0.11125,16.508,-7.355,-11.948,15.591,-0.58669,-24.076,-34.509,-39.298,-22.962
-13.447,-16.052,3.828,15.29,-9.2621,-8.2348,15.806,1.463,-20.966,-29.722,-36.903,-21.829
-12.949,-12.571,7.9294,13.925,-11.092,-4.2806,15.806,3.631,-17.682,-24.523,-34.381,-20.408
-12.127,-8.9041,12.055,12.392,-12.789,-0.18567,15.681,5.8856,-14.333,-19.023,-31.807,-18.745
-11.157,-5.0736,16.082,10.69,-14.337,3.9291,15.51,8.2134,-11.009,-13.32,-29.254,-16.944
-10.247,-1.0922,19.945,8.8351,-15.762,7.9707,15.351,10.639,-7.7425,-7.4759,-26.773,-15.129
-9.578,3.0622,23.659,6.8432,-17.11,11.927,15.234,13.224,-4.4938,-1.5093,-24.376,-13.429
-9.2488,7.4509,27.304,4.7192,-18.417,15.886,15.163,16.047,-1.1625,4.602,-22.041,-11.936
-9.2436,12.143,30.952,2.4588,-19.677,19.992,15.118,19.157,2.3758,10.921,-19.725,-10.683
-9.4402,17.168,34.589,0.049335,-20.824,24.343,15.064,22.541,6.2292,17.551,-17.377,-9.641
-9.6484,22.479,38.103,-2.5292,-21.765,28.907,14.963,26.136,10.464,24.624,-14.955,-8.7243
-9.6687,27.951,41.364,-5.292,-22.424,33.532,14.789,29.873,15.106,32.29,-12.411,-7.7982
-9.3585,33.41,44.307,-8.2208,-22.783,38.027,14.526,33.729,20.16,40.721,-9.6893,-6.6832
-8.6824,38.675,46.961,-11.241,-22.897,42.257,14.165,37.749,25.637,50.11,-6.7168,-5.168
-7.7265,43.613,49.418,-14.237,-22.889,46.163,13.704,41.996,31.581,60.634,-3.4249,-3.0398
-6.6671,48.166,51.796,-17.111,-22.921,49.765,13.16,46.487,38.074,72.308,0.22266,-0.13462
-5.7058,52.367,54.219,-19.827,-23.156,53.138,12.576,51.145,45.231,84.784,4.2087,3.6098
-5.0002,56.322,56.795,-22.417,-23.717,56.392,12.017,55.819,53.169,97.296,8.4675,8.1273
-4.6172,60.165,59.588,-24.942,-24.654,59.636,11.556,60.341,61.943,108.95,12.91,13.242
-4.5199,64.006,62.597,-27.453,-25.937,62.937,11.258,64.596,71.489,119.14,17.445,18.724
-4.5844,67.884,65.75,-29.969,-27.458,66.302,11.159,68.555,81.61,127.73,21.987,24.352
-4.6431,71.772,68.944,-32.478,-29.065,69.69,11.253,72.269,92.038,134.9,26.448,29.957
-4.5454,75.61,72.086,-34.954,-30.618,73.046,11.508,75.828,102.51,140.94,30.742,35.426
-4.2143,79.34,75.117,-37.375,-32.026,76.323,11.872,79.318,112.84,146.19,34.805,40.706
-3.6709,82.919,78.005,-39.726,-33.256,79.485,12.31,82.769,122.88,150.89,38.619,45.788
-3.0176,86.306,80.729,-41.984,-34.321,82.501,12.817,86.131,132.54,155.24,42.22,50.7
-2.3878,89.453,83.251,-44.119,-35.251,85.326,13.434,89.265,141.7,159.38,45.69,55.493
-1.881,92.31,85.508,-46.088,-36.066,87.905,14.221,91.975,150.23,163.39,49.135,60.224
-1.5107,94.843,87.423,-47.867,-36.753,90.172,15.229,94.079,157.96,167.33,52.648,64.938
-1.1899,97.049,88.927,-49.46,-37.262,92.079,16.46,95.484,164.75,171.23,56.288,69.646
-0.76116,98.95,89.988,-50.902,-37.522,93.607,17.857,96.219,170.57,175.11,60.054,74.322
-0.050949,100.59,90.623,-52.238,-37.467,94.775,19.313,96.416,175.46,178.93,63.877,78.907
1.0762,102,90.89,-53.505,-37.065,95.64,20.696,96.223,179.52,182.63,67.624,83.326
2.6791,103.24,90.882,-54.723,-36.339,96.276,21.885,95.742,182.87,186.12,71.119,87.512
4.7228,104.32,90.698,-55.896,-35.356,96.757,22.794,94.996,185.61,189.28,74.187,91.428
7.0815,105.28,90.425,-57.017,-34.219,97.137,23.384,93.951,187.79,192.01,76.705,95.081
9.566,106.11,90.112,-58.067,-33.036,97.443,23.664,92.552,189.49,194.24,78.662,98.521
11.976,106.8,89.77,-59.023,-31.89,97.667,23.666,90.745,190.74,195.93,80.17,101.83
14.161,107.33,89.369,-59.864,-30.818,97.786,23.42,88.477,191.6,197.08,81.436,105.1
16.058,107.69,88.861,-60.583,-29.802,97.767,22.938,85.676,192.13,197.74,82.678,108.42
17.684,107.9,88.192,-61.185,-28.784,97.591,22.204,82.247,192.35,197.95,84.051,111.83
19.093,107.97,87.338,-61.68,-27.706,97.263,21.185,78.092,192.24,197.74,85.611,115.35
20.319,107.94,86.316,-62.063,-26.546,96.81,19.852,73.165,191.77,197.15,87.328,119
21.348,107.79,85.177,-62.302,-25.333,96.255,18.206,67.51,190.92,196.23,89.13,122.75
22.132,107.44,83.957,-62.339,-24.115,95.576,16.298,61.273,189.68,195.09,90.946,126.58
22.622,106.75,82.622,-62.122,-22.928,94.687,14.228,54.652,188.1,193.82,92.724,130.42
22.798,105.6,81.049,-61.637,-21.76,93.447,12.124,47.859,186.24,192.5,94.437,134.18
22.676,103.91,79.047,-60.909,-20.563,91.706,10.1,41.09,184.16,191.16,96.068,137.75
22.316,101.67,76.414,-59.991,-19.275,89.351,8.228,34.509,181.88,189.74,97.585,141.01
21.822,98.947,72.992,-58.936,-17.836,86.331,6.5309,28.215,179.39,188.16,98.934,143.84
21.326,95.814,68.694,-57.795,-16.167,82.656,4.9969,22.228,176.63,186.29,100.05,146.19
20.987,92.366,63.491,-56.612,-14.16,78.376,3.6075,16.5,173.51,184.06,100.89,148.02
20.97,88.654,57.412,-55.424,-11.706,73.542,2.361,10.95,169.91,181.46,101.43,149.35
21.428,84.655,50.525,-54.247,-8.743,68.161,1.2809,5.4949,165.75,178.56,101.7,150.23
22.462,80.259,42.937,-53.075,-5.2918,62.177,0.40394,0.05043,160.95,175.43,101.77,150.7
24.084,75.316,34.804,-51.883,-1.4524,55.511,-0.24571,-5.4678,155.47,172.15,101.69,150.76
26.187,69.725,26.375,-50.643,2.6175,48.166,-0.67833,-11.14,149.28,168.8,101.52,150.42
28.56,63.527,17.982,-49.339,6.7256,40.315,-0.94063,-17.02,142.38,165.39,101.26,149.64
30.943,56.914,9.9689,-47.97,10.668,32.271,-1.0948,-23.103,134.83,161.94,100.85,148.42
33.102,50.116,2.6037,-46.533,14.259,24.333,-1.1881,-29.298,126.7,158.46,100.23,146.78
34.886,43.267,-3.9472,-45.004,17.365,16.677,-1.2304,-35.444,118.14,154.93,99.345,144.81
36.239,36.377,-9.6095,-43.327,19.944,9.4073,-1.1923,-41.378,109.39,151.32,98.164,142.59
37.195,29.442,-14.403,-41.425,22.05,2.6615,-1.0228,-46.999,100.75,147.62,96.688,140.23
37.845,22.544,-18.453,-39.216,23.815,-3.3849,-0.67724,-52.307,92.525,143.76,94.927,137.76
38.296,15.841,-21.958,-36.616,25.393,-8.6405,-0.13643,-57.395,84.898,139.66,92.89,135.16
38.612,9.4811,-25.099,-33.566,26.895,-13.152,0.59243,-62.419,77.88,135.21,90.577,132.37
38.772,3.5637,-27.961,-30.073,28.345,-17.033,1.4875,-67.547,71.362,130.27,87.98,129.35
38.672,-1.8533,-30.521,-26.239,29.663,-20.377,2.5192,-72.887,65.201,124.73,85.086,126.1
38.174,-6.7594,-32.699,-22.228,30.7,-23.247,3.6465,-78.435,59.293,118.51,81.89,122.65
37.139,-11.216,-34.428,-18.165,31.311,-25.707,4.8139,-84.079,53.608,111.61,78.404,119.08
35.46,-15.353,-35.716,-14.074,31.418,-27.855,5.9639,-89.646,48.177,104.09,74.672,115.46
33.085,-19.308,-36.654,-9.9101,31.041,-29.812,7.0631,-94.969,43.054,96.138,70.761,111.85
30.073,-23.14,-37.394,-5.6591,30.296,-31.685,8.1184,-99.919,38.278,88.035,66.73,108.27
26.626,-26.781,-38.095,-1.4228,29.367,-33.522,9.1634,-104.43,33.847,80.075,62.625,104.72
23.076,-30.082,-38.872,2.5798,28.462,-35.305,10.215,-108.5,29.725,72.495,58.483,101.17
19.805,-32.918,-39.78,6.1173,27.772,-36.984,11.234,-112.19,25.862,65.443,54.351,97.564
17.164,-35.247,-40.818,9.0612,27.437,-38.511,12.134,-115.58,22.218,58.984,50.287,93.831
15.397,-37.108,-41.949,11.417,27.527,-39.857,12.814,-118.78,18.772,53.133,46.341,89.917
14.592,-38.579,-43.126,13.284,28.043,-41.014,13.2,-121.87,15.516,47.859,42.534,85.791
14.652,-39.765,-44.304,14.791,28.93,-42,13.258,-124.93,12.434,43.087,38.841,81.453
15.322,-40.766,-45.449,16.058,30.085,-42.855,13.015,-127.99,9.492,38.709,35.208,76.931
16.26,-41.665,-46.529,17.162,31.37,-43.624,12.57,-131.01,6.6436,34.605,31.576,72.266
17.141,-42.5,-47.504,18.139,32.619,-44.335,12.083,-133.92,3.8496,30.673,27.907,67.503
17.721,-43.269,-48.324,18.994,33.664,-44.984,11.729,-136.58,1.1037,26.855,24.214,62.68
17.841,-43.948,-48.934,19.73,34.357,-45.542,11.644,-138.85,-1.5536,23.154,20.564,57.829
17.416,-44.513,-49.278,20.358,34.601,-45.969,11.884,-140.63,-4.042,19.616,17.057,52.971
16.428,-44.952,-49.324,20.894,34.367,-46.232,12.416,-141.88,-6.2744,16.296,13.795,48.126
14.941,-45.264,-49.074,21.35,33.694,-46.322,13.131,-142.65,-8.2023,13.217,10.836,43.302
13.081,-45.461,-48.571,21.738,32.667,-46.26,13.893,-143.04,-9.8521,10.344,8.1695,38.505
10.997,-45.568,-47.887,22.068,31.384,-46.091,14.601,-143.24,-11.323,7.5905,5.7175,33.729
8.8101,-45.616,-47.094,22.355,29.919,-45.868,15.245,-143.39,-12.747,4.8608,3.3629,28.968
6.6253,-45.633,-46.25,22.614,28.326,-45.634,15.912,-143.6,-14.228,2.0873,0.99458,24.22
4.5582,-45.637,-45.381,22.857,26.665,-45.406,16.738,-143.87,-15.796,-0.74407,-1.4504,19.487
2.725,-45.635,-44.499,23.091,25.035,-45.18,17.827,-144.16,-17.396,-3.5968,-3.9656,14.769
1.1965,-45.625,-43.625,23.319,23.568,-44.942,19.207,-144.36,-18.918,-6.4043,-6.4894,10.049
-0.007073,-45.603,-42.813,23.54,22.386,-44.69,20.807,-144.38,-20.243,-9.0989,-8.9445,5.3006
-0.85657,-45.568,-42.141,23.746,21.586,-44.439,22.481,-144.13,-21.291,-11.635,-11.279,0.49401
-1.2758,-45.521,-41.693,23.916,21.261,-44.22,24.068,-143.56,-22.045,-14.002,-13.485,-4.3795
-1.1712,-45.469,-41.531,24.029,21.488,-44.064,25.44,-142.64,-22.544,-16.216,-15.581,-9.2983
-0.50606,-45.415,-41.661,24.079,22.261,-43.985,26.558,-141.38,-22.844,-18.3,-17.584,-14.212
0.61107,-45.363,-42.013,24.079,23.444,-43.966,27.482,-139.79,-22.985,-20.256,-19.474,-19.058
1.884,-45.307,-42.438,24.066,24.757,-43.96,28.362,-137.91,-22.97,-22.055,-21.192,-23.777
2.8867,-45.239,-42.728,24.084,25.822,-43.9,29.389,-135.76,-22.776,-23.649,-22.667,-28.341
3.1979,-45.15,-42.665,24.18,26.251,-43.708,30.75,-133.4,-22.389,-25.008,-23.853,-32.759
2.5386,-45.031,-42.07,24.383,25.74,-43.324,32.589,-130.87,-21.829,-26.143,-24.763,-37.082
0.85175,-44.882,-40.843,24.701,24.152,-42.718,34.956,-128.27,-21.169,-27.12,-25.472,-41.368
-1.6921,-44.702,-38.998,25.109,21.565,-41.9,37.764,-125.69,-20.52,-28.035,-26.101,-45.661
-4.757,-44.497,-36.647,25.561,18.239,-40.913,40.807,-123.22,-19.995,-28.978,-26.765,-49.974
-7.9542,-44.269,-33.969,26.005,14.536,-39.823,43.878,-120.9,-19.666,-29.996,-27.523,-54.282
-10.959,-44.017,-31.156,26.401,10.803,-38.692,46.885,-118.69,-19.523,-31.075,-28.353,-58.541
-13.575,-43.74,-28.379,26.734,7.2876,-37.567,49.852,-116.5,-19.478,-32.149,-29.158,-62.695
-15.719,-43.437,-25.78,27.012,4.1244,-36.476,52.867,-114.21,-19.396,-33.134,-29.815,-66.701
-17.362,-43.112,-23.484,27.249,1.3827,-35.447,55.986,-111.71,-19.154,-33.97,-30.227,-70.541
-18.527,-42.779,-21.598,27.455,-0.89891,-34.509,59.178,-108.93,-18.682,-34.638,-30.357,-74.227
-19.307,-42.453,-20.179,27.63,-2.7037,-33.689,62.294,-105.81,-17.979,-35.16,-30.244,-77.787
-19.819,-42.138,-19.205,27.766,-4.0342,-32.992,65.111,-102.36,-17.091,-35.577,-29.973,-81.238
-20.122,-41.818,-18.58,27.842,-4.8931,-32.392,67.428,-98.615,-16.091,-35.927,-29.643,-84.568
-20.171,-41.463,-18.168,27.831,-5.2674,-31.831,69.165,-94.645,-15.042,-36.231,-29.326,-87.728
-19.861,-41.032,-17.837,27.706,-5.1549,-31.235,70.39,-90.54,-13.976,-36.492,-29.048,-90.643
-19.095,-40.485,-17.49,27.453,-4.6209,-30.538,71.266,-86.357,-12.882,-36.701,-28.785,-93.235
-17.846,-39.794,-17.045,27.074,-3.8114,-29.679,71.974,-82.115,-11.702,-36.836,-28.487,-95.44
-16.193,-38.936,-16.414,26.587,-2.9151,-28.611,72.654,-77.796,-10.349,-36.86,-28.096,-97.216
-14.333,-37.889,-15.482,26.014,-2.1372,-27.283,73.383,-73.381,-8.7357,-36.723,-27.565,-98.536
-12.566,-36.627,-14.118,25.377,-1.7031,-25.64,74.194,-68.873,-6.7918,-36.363,-26.861,-99.375
-11.237,-35.121,-12.206,24.689,-1.8489,-23.637,75.101,-64.307,-4.4904,-35.718,-25.954,-99.714
-10.651,-33.341,-9.6792,23.95,-2.7665,-21.248,76.116,-59.733,-1.8566,-34.746,-24.804,-99.539
-10.986,-31.272,-6.5457,23.144,-4.5317,-18.483,77.254,-55.197,1.0361,-33.431,-23.353,-98.858
-12.21,-28.903,-2.883,22.239,-7.0663,-15.386,78.527,-50.731,4.0856,-31.786,-21.534,-97.696
-14.071,-26.22,1.1739,21.19,-10.15,-12.023,79.935,-46.361,7.1894,-29.842,-19.295,-96.111
-16.161,-23.197,5.4519,19.945,-13.464,-8.4546,81.455,-42.108,10.267,-27.649,-16.636,-94.185
-18.038,-19.773,9.772,18.448,-16.65,-4.7133,83.039,-37.995,13.266,-25.273,-13.633,-92.03
-19.339,-15.856,14.004,16.638,-19.383,-0.77528,84.616,-34.03,16.156,-22.792,-10.428,-89.778
-19.835,-11.34,18.114,14.459,-21.425,3.4348,86.091,-30.197,18.924,-20.281,-7.1925,-87.565
-19.449,-6.1434,22.148,11.874,-22.676,8.0175,87.329,-26.463,21.565,-17.789,-4.0765,-85.506
-18.245,-0.23331,26.186,8.8677,-23.177,13.062,88.157,-22.799,24.082,-15.335,-1.1669,-83.673
-16.399,6.3685,30.293,5.4444,-23.089,18.607,88.41,-19.19,26.477,-12.909,1.5297,-82.079
-14.15,13.584,34.487,1.6141,-22.632,24.608,88.006,-15.642,28.755,-10.489,4.0762,-80.689
-11.745,21.271,38.716,-2.6086,-22.013,30.905,86.973,-12.163,30.933,-8.0585,6.5699,-79.448
-9.3998,29.222,42.865,-7.1921,-21.383,37.246,85.407,-8.7539,33.034,-5.6176,9.0971,-78.31
-7.2631,37.193,46.825,-12.072,-20.853,43.372,83.421,-5.4138,35.071,-3.1934,11.696,-77.261
-5.4074,44.962,50.561,-17.145,-20.533,49.11,81.12,-2.1487,37.021,-0.83476,14.34,-76.321
-3.8391,52.373,54.132,-22.284,-20.536,54.421,78.595,1.0222,38.814,1.3967,16.947,-75.527
-2.5198,59.342,57.655,-27.351,-20.955,59.367,75.908,4.0697,40.342,3.4361,19.401,-74.91
-1.3884,65.835,61.256,-32.214,-21.833,64.049,73.07,6.9623,41.494,5.2225,21.582,-74.483
-0.3795,71.847,65.012,-36.758,-23.16,68.558,70.016,9.6716,42.186,6.7043,23.397,-74.238
0.56189,77.396,68.941,-40.901,-24.859,72.949,66.606,12.168,42.391,7.8437,24.795,-74.149
1.4823,82.519,72.994,-44.604,-26.793,77.24,62.664,14.411,42.134,8.6178,25.753,-74.191
2.4361,87.265,77.068,-47.873,-28.78,81.419,58.066,16.34,41.469,9.0141,26.25,-74.35
3.4959,91.675,81.013,-50.746,-30.618,85.442,52.868,17.886,40.448,9.0258,26.248,-74.622
4.7349,95.765,84.65,-53.271,-32.115,89.23,47.417,19.001,39.103,8.6555,25.697,-75.004
6.1901,99.517,87.784,-55.495,-33.113,92.673,42.179,19.685,37.441,7.9234,24.57,-75.479
7.8466,102.87,90.215,-57.452,-33.496,95.619,37.324,19.999,35.451,6.8734,22.898,-76
9.6732,105.69,91.728,-59.156,-33.191,97.873,32.648,20.042,33.109,5.5679,20.782,-76.493
11.675,107.77,92.086,-60.595,-32.145,99.184,27.906,19.902,30.394,4.0719,18.369,-76.869
13.901,108.85,91.052,-61.721,-30.313,99.275,22.94,19.624,27.293,2.4348,15.821,-77.046
16.393,108.62,88.446,-62.447,-27.66,97.915,17.615,19.204,23.81,0.68278,13.276,-76.966
19.127,106.88,84.199,-62.668,-24.191,95.003,11.823,18.619,19.967,-1.1764,10.825,-76.613
21.978,103.64,78.369,-62.302,-19.982,90.598,5.5654,17.869,15.814,-3.1405,8.4968,-76.009
24.722,99.066,71.126,-61.32,-15.21,84.871,-1.012,17.006,11.428,-5.1984,6.257,-75.21
27.075,93.428,62.724,-59.747,-10.136,78.048,-7.6373,16.132,6.9118,-7.3193,4.0314,-74.294
28.76,86.991,53.488,-57.652,-5.0814,70.374,-13.974,15.391,2.3828,-9.4456,1.7433,-73.335
29.582,79.986,43.801,-55.114,-0.38874,62.114,-19.692,14.931,-2.0339,-11.495,-0.64709,-72.382
29.457,72.618,34.111,-52.206,3.6228,53.579,-24.516,14.884,-6.2209,-13.368,-3.1184,-71.455
28.424,65.08,24.898,-48.974,6.7222,45.104,-28.253,15.347,-10.08,-14.96,-5.5882,-70.554
26.651,57.52,16.598,-45.427,8.817,36.963,-30.79,16.369,-13.537,-16.176,-7.9395,-69.669
24.415,49.994,9.5263,-41.54,9.974,29.273,-32.125,17.942,-16.549,-16.946,-10.063,-68.812
22.033,42.418,3.8406,-37.268,10.403,21.971,-32.383,19.997,-19.105,-17.242,-11.901,-68.016
19.745,34.595,-0.48354,-32.563,10.383,14.953,-31.79,22.409,-21.222,-17.085,-13.463,-67.337
17.63,26.331,-3.6362,-27.402,10.149,8.2548,-30.607,25.028,-22.942,-16.541,-14.821,-66.834
15.618,17.647,-5.8868,-21.805,9.799,2.1242,-29.058,27.718,-24.323,-15.706,-16.063,-66.552
13.516,8.9643,-7.4647,-15.887,9.2936,-3.1249,-27.32,30.368,-25.433,-14.684,-17.253,-66.521
11.064,1.0195,-8.5085,-9.9286,8.5223,-7.2996,-25.555,32.895,-26.339,-13.57,-18.409,-66.752
8.0559,-5.5449,-9.101,-4.3543,7.3869,-10.403,-23.942,35.22,-27.107,-12.436,-19.513,-67.258
4.4452,-10.511,-9.3372,0.45655,5.8622,-12.602,-22.642,37.258,-27.799,-11.335,-20.548,-68.052
0.36551,-14.092,-9.3714,4.3571,4.0292,-14.161,-21.715,38.91,-28.476,-10.326,-21.531,-69.161
-3.9122,-16.715,-9.4188,7.4489,2.0734,-15.388,-21.122,40.067,-29.206,-9.478,-22.532,-70.623
-8.0309,-18.822,-9.7076,9.941,0.2489,-16.571,-20.848,40.619,-30.066,-8.8706,-23.661,-72.472
-11.605,-20.769,-10.404,12.027,-1.1838,-17.916,-20.964,40.476,-31.138,-8.5796,-25.029,-74.729
-14.288,-22.771,-11.56,13.829,-2.0206,-19.505,-21.556,39.594,-32.489,-8.6489,-26.713,-77.377
-15.845,-24.879,-13.113,15.39,-2.1545,-21.292,-22.634,38.005,-34.141,-9.07,-28.717,-80.354
-16.204,-27.011,-14.934,16.703,-1.5834,-23.148,-24.115,35.823,-36.056,-9.7771,-30.959,-83.56
-15.467,-29.014,-16.882,17.731,-0.38393,-24.929,-25.858,33.228,-38.135,-10.667,-33.291,-86.86
-13.874,-30.764,-18.85,18.45,1.3459,-26.536,-27.687,30.425,-40.249,-11.633,-35.544,-90.104
-11.729,-32.212,-20.799,18.878,3.5369,-27.96,-29.414,27.597,-42.281,-12.608,-37.58,-93.144
-9.3281,-33.379,-22.757,19.074,6.1435,-29.256,-30.857,24.88,-44.146,-13.577,-39.327,-95.85
-6.9274,-34.334,-24.782,19.122,9.0727,-30.509,-31.868,22.361,-45.805,-14.571,-40.78,-98.131
-4.7149,-35.15,-26.903,19.101,12.127,-31.776,-32.359,20.104,-47.251,-15.625,-41.964,-99.951
-2.7936,-35.882,-29.072,19.063,15.041,-33.056,-32.311,18.162,-48.493,-16.742,-42.885,-101.28
-1.1999,-36.544,-31.163,19.017,17.57,-34.294,-31.77,16.582,-49.543,-17.872,-43.528,-102.16
0.066575,-37.12,-33.013,18.943,19.554,-35.415,-30.825,15.39,-50.417,-18.925,-43.854,-102.68
1.0134,-37.583,-34.483,18.811,20.912,-36.357,-29.588,14.581,-51.127,-19.812,-43.833,-102.91
1.6418,-37.936,-35.512,18.614,21.63,-37.107,-28.15,14.14,-51.674,-20.466,-43.469,-102.96
1.9497,-38.232,-36.139,18.399,21.765,-37.713,-26.565,14.065,-52.032,-20.847,-42.797,-102.9
1.9457,-38.569,-36.486,18.255,21.444,-38.261,-24.835,14.37,-52.164,-20.931,-41.87,-102.81
1.6567,-39.039,-36.71,18.283,20.851,-38.834,-22.929,15.069,-52.017,-20.704,-40.738,-102.74
1.1153,-39.67,-36.953,18.547,20.195,-39.474,-20.828,16.139,-51.546,-20.171,-39.391,-102.67
0.34776,-40.416,-37.295,19.043,19.657,-40.167,-18.58,17.472,-50.772,-19.351,-37.806,-102.56
-0.59649,-41.187,-37.731,19.706,19.349,-40.846,-16.33,18.854,-49.795,-18.327,-35.954,-102.39
-1.5714,-41.874,-38.183,20.435,19.342,-41.41,-14.284,19.989,-48.788,-17.251,-33.826,-102.13
-2.2715,-42.377,-38.545,21.125,19.683,-41.749,-12.625,20.588,-47.954,-16.325,-31.431,-101.8
-2.3113,-42.61,-38.726,21.7,20.36,-41.77,-11.432,20.502,-47.438,-15.728,-28.769,-101.4
-1.5741,-42.515,-38.705,22.116,21.315,-41.415,-10.654,19.82,-47.237,-15.511,-25.779,-100.86
-0.48159,-42.052,-38.532,22.364,22.495,-40.67,-10.13,18.882,-47.139,-15.455,-22.177,-99.988
0.19602,-41.173,-38.063,22.424,23.341,-39.529,-9.657,18.199,-46.669,-14.927,-17.28,-98.332
-0.24865,-39.787,-36.665,22.209,22.655,-37.885,-9.0536,18.4,-45.033,-12.733,-9.7703,-95.185
-2.0901,-37.723,-33.642,21.48,19.918,-35.464,-8.2264,20.301,-40.882,-6.7215,1.6052,-89.74
-4.5716,-34.68,-28.846,19.777,15.841,-31.923,-7.2081,25.168,-31.371,4.9673,-1.9323,-81.712
-4.3523,-30.344,-22.577,17.096,11.117,-26.94,-6.1667,31.856,-20.881,-2.8021,-2.984,-79.618
-10.634,-24.885,-15.242,18.381,2.8989,-20.264,-5.3476,12.211,-29.202,-8.3557,-3.3491,-129.97
-24.663,-18.905,-7.2064,19.617,-19.104,-11.888,-4.9374,-10.376,-41.55,-17.656,-4.7766,-133.97
-41.873,-9.7795,2.3151,11.756,-43.346,-2.4931,-4.9735,-30.039,-57.608,-29.553,-5.0722,-130.98
-54.381,6.5023,21.025,2.7476,-61.969,6.2478,-5.3554,-45.167,-72.315,-39.395,-0.2822,-123.21
-55.794,26.517,71.933,-7.1586,-71.995,12.071,-5.8162,-48.272,-76.385,-37.449,17.76,-107.42
-43.988,47.354,102.88,-19.161,-69.035,14.096,-5.8211,-30.531,-56.212,-8.2955,61.889,-79.228
-18.732,70.299,93.465,-35.2,-51.132,24.306,-4.866,15.69,3.7189,65.768,147.63,-30.718
19.918,91.176,72.102,-58.197,-20.747,71.203,-3.5847,92.031,119.11,204.03,289.41,52.94
72.339,114.51,45.736,-92.398,18.876,82.211,-3.311,193.89,291.09,417.59,498.95,183.72
138.37,147.9,17.065,-141.84,67.092,84.335,-4.7437,309.75,495.8,702.58,779.2,364.03
216.33,189.09,-15.991,-206.2,123.38,88.363,-7.0801,421.37,717.22,1042.9,1116.7,586.37
304.34,237,-58.215,-277.38,186.91,90.44,1.1473,512.13,934.15,1405.5,1480.2,830.21
397.49,280.92,-114.44,-346.1,259.26,83.915,-4.4786,573.87,1122.9,1745.5,1822.9,1067
488.8,301.13,-189.74,-403,341.1,59.682,-40.578,606.86,1262.2,2013.3,2090.9,1264.4
571.21,284.64,-287.89,-438.43,430.61,7.9713,-70.512,615.5,1334.6,2164.8,2236.7,1391
637.95,230.27,-406.23,-445.92,522.91,-78.038,-84.733,602,1326.1,2169.3,2231,1423.9
682.52,144.52,-534.37,-424.2,609.42,-189.15,-81.511,561.98,1225.4,2014.7,2065.8,1353.4
699.8,38.55,-657.32,-377.02,679.53,-303.67,-68.241,482.96,1024.7,1706.8,1754.4,1185.6
686.68,-74.127,-758.58,-311.17,723.21,-410.43,-58.889,348.42,721.36,1265.4,1327.9,940.45
642.75,-180.24,-823.74,-233.89,733.57,-496.55,-69.346,147.78,324.46,723.66,830.01,646.52
571.51,-269.5,-844.86,-151.66,708.28,-552.6,-111.41,-115.39,-139.62,128.91,310.57,335.35
479.96,-335.15,-821.26,-70.474,649.38,-574.51,-187.31,-419.74,-626.11,-459.2,-180.17,35.939
377.12,-373.2,-758.11,3.7335,564.26,-562.86,-289.24,-728.03,-1078.2,-977.16,-598.04,-229.25
271.37,-382.46,-664.85,62.662,464.22,-521.95,-399.32,-996.44,-1439.8,-1370.9,-911.22,-446.03
171.87,-365.18,-552.88,100.42,359.88,-458.59,-497.15,-1188.2,-1670,-1608.1,-1105,-608.06
87.732,-326.39,-433.34,118.65,259.91,-380.59,-565.58,-1283.8,-1753.5,-1684.6,-1183.5,-715.31
22.006,-272.95,-316.38,121.55,170.74,-296.35,-594.78,-1284,-1703.1,-1623.9,-1166.5,-772.25
-28.289,-213.21,-210.61,113.62,95.648,-214.62,-583.6,-1205.7,-1553.7,-1468.7,-1081.8,-786.42
-58.649,-156.2,-120.99,99.783,34.613,-142.91,-538.62,-1074.4,-1348.7,-1266.1,-957.89,-767.09
-71.6,-111.07,-52.42,84.83,-9.8661,-87.655,-470.89,-916.24,-1127.5,-1054,-819.26,-724.23
-75.622,-82.35,-10.653,70.172,-33.49,-52.325,-391.9,-753.34,-919.42,-858.17,-684.7,-667.76
-74.717,-67.284,7.4336,57.132,-40.686,-33.94,-311.95,-602.37,-742.24,-693.16,-566.36,-606.92
-70.861,-61.036,7.6501,52.539,-37.691,-28.535,-239.73,-474.19,-602.38,-564.02,-469.96,-550.75
-65.705,-60.05,-2.6693,51.355,-29.879,-32.631,-181.24,-372.92,-497.43,-468.54,-396.37,-505.39
-59.95,-62.117,-15.526,50.227,-21.496,-41.1,-138.05,-295.49,-420.14,-400.51,-343.97,-474
-43.845,-65.156,-25.473,48.169,-14.863,-48.733,-108.04,-237.91,-360.44,-348.58,-305.4,-456
-35.745,-63.812,-31.316,44.822,-5.1687,-51.298,-89,-194.84,-310.69,-302.4,-271.43,-444.69
-32.495,-57.105,-32.121,40.845,-1.92,-47.486,-77.844,-160.4,-267.75,-260.43,-239.33,-435.15
-28.864,-53.237,-32.488,37.371,-0.21775,-45.462,-68.943,-131.45,-228.98,-220.82,-208.32,-424.79
-24.635,-51.363,-33.075,34.828,2.5661,-44.469,-59.326,-106.63,-193.76,-183.84,-179.05,-412.14
-20.385,-50.294,-34.008,33.041,6.0983,-44.021,-48.237,-85.59,-163.18,-151.97,-153.4,-398.19
-16.512,-49.652,-35.268,31.734,9.6021,-43.997,-36.048,-68.242,-138.59,-127.28,-133.7,-386.67
-13.248,-49.246,-36.64,30.707,12.541,-44.214,-25.172,-54.944,-120.26,-110.41,-120.85,-379.28
-10.73,-48.93,-37.873,29.829,14.736,-44.452,-21.25,-49.647,-107.52,-100.18,-113.01,-374.96
-8.9944,-48.593,-38.759,29.032,16.21,-44.546,-19.521,-47.164,-98.857,-93.685,-106.68,-372.35
-7.9802,-48.167,-39.163,28.3,17.015,-44.409,-16.228,-41.836,-92.009,-88.114,-100.02,-370.59
-7.5778,-47.637,-39.027,27.649,17.174,-44.02,-12.81,-36.263,-85.321,-82.211,-93.535,-369.24
-7.6681,-47.025,-38.376,27.086,16.73,-43.409,-9.7383,-31.268,-78.782,-76.469,-87.933,-368.08
-8.133,-46.37,-37.303,26.604,15.776,-42.635,-6.9868,-26.876,-73.077,-71.529,-83.394,-366.99
-8.8556,-45.709,-35.939,26.188,14.454,-41.772,-4.451,-23.024,-68.417,-67.495,-79.87,-365.94
-9.7207,-45.072,-34.437,25.824,12.926,-40.893,-2.0921,-19.695,-64.65,-64.247,-77.25,-364.9
-10.618,-44.493,-32.943,25.514,11.348,-40.064,0.052536,-16.881,-61.565,-61.646,-75.401,-363.91
-11.449,-43.999,-31.588,25.267,9.8644,-39.337,1.9173,-14.572,-58.991,-59.553,-74.167,-363.08
-12.124,-43.609,-30.478,25.091,8.6004,-38.745,3.4526,-12.731,-56.79,-57.815,-73.364,-362.96
-12.564,-43.319,-29.681,24.98,7.6611,-38.3,4.6443,-11.289,-54.838,-56.273,-72.808,-365.52
-12.702,-43.114,-29.232,24.913,7.1247,-38,5.515,-10.15,-53.027,-54.803,-72.329,-374.62
-12.493,-42.975,-29.137,24.867,7.0403,-37.843,6.1135,-9.2086,-51.27,-53.343,-71.827,-390.97
-11.942,-42.893,-29.383,24.825,7.4167,-37.827,6.5005,-8.3864,-49.525,-51.904,-71.27,-406.59
-11.115,-42.876,-29.934,24.789,8.2069,-37.952,6.7257,-7.632,-47.8,-50.543,-70.673,-410.12
-10.134,-42.933,-30.722,24.774,9.2974,-38.207,6.8225,-6.9363,-46.141,-49.327,-70.064,-394.3
-9.1614,-43.067,-31.638,24.796,10.515,-38.559,6.8102,-6.3231,-44.602,-48.292,-69.466,-361.29
-8.3586,-43.259,-32.542,24.863,11.654,-38.952,6.702,-5.8183,-43.224,-47.431,-68.882,-319.15
-7.8572,-43.468,-33.285,24.967,12.524,-39.31,6.515,-5.4529,-42.007,-46.706,-68.288,-273.39
-7.7331,-43.642,-33.744,25.09,12.988,-39.556,6.2746,-5.2422,-40.926,-46.073,-67.659,-225.06
-7.9936,-43.729,-33.84,25.205,12.99,-39.626,6.0135,-5.1933,-39.937,-45.505,-66.978,-176.1
-8.5786,-43.692,-33.545,25.287,12.551,-39.484,5.7661,-5.2824,-38.993,-44.991,-66.232,-132.02
-9.3757,-43.516,-32.879,25.32,11.746,-39.122,5.5621,-5.4651,-38.053,-44.522,-65.417,-96.389
-10.249,-43.205,-31.889,25.295,10.669,-38.558,5.4197,-5.6825,-37.093,-44.083,-64.53,-69.053
-11.078,-42.776,-30.624,25.212,9.4024,-37.82,5.3455,-5.8769,-36.111,-43.643,-63.571,-49.094
-11.79,-42.253,-29.127,25.07,7.997,-36.941,5.3285,-6.0114,-35.126,-43.172,-62.548,-35.788
-12.364,-41.651,-27.436,24.869,6.4769,-35.948,5.3523,-6.08,-34.175,-42.648,-61.465,-27.726
-12.822,-40.969,-25.597,24.599,4.8625,-34.861,5.4055,-6.0881,-33.291,-42.071,-60.332,-20.168
-13.199,-40.19,-23.685,24.24,3.1993,-33.692,5.4855,-6.0486,-32.496,-41.46,-59.169,-9.0116
-13.514,-39.296,-21.807,23.772,1.574,-32.46,5.5904,-5.954,-31.785,-40.842,-58.017,2.5798
-13.754,-38.286,-20.098,23.18,0.11625,-31.207,5.7026,-5.7785,-31.136,-40.249,-56.934,12.436
-13.869,-37.187,-18.69,22.461,-1.0218,-29.999,5.7807,-5.4981,-30.512,-39.698,-55.986,20.09
-13.781,-36.049,-17.677,21.633,-1.7055,-28.91,5.769,-5.1061,-29.866,-39.183,-55.216,25.646
-13.426,-34.916,-17.078,20.728,-1.8615,-27.98,5.6217,-4.6083,-29.144,-38.666,-54.613,29.495
-12.776,-33.803,-16.82,19.79,-1.4998,-27.187,5.3238,-3.9998,-28.283,-38.08,-54.103,32.127
-11.846,-32.677,-16.75,18.859,-0.70842,-26.436,4.9076,-3.2523,-27.222,-37.348,-53.565,34.016
-10.662,-31.471,-16.678,17.959,0.37297,-25.594,4.4367,-2.3259,-25.912,-36.413,-52.878,35.548
-9.2313,-30.12,-16.439,17.086,1.5819,-24.54,3.9818,-1.1979,-24.328,-35.261,-51.962,36.984
-7.5763,-28.587,-15.922,16.207,2.7541,-23.212,3.5984,0.11826,-22.475,-33.915,-50.802,38.454
-5.8002,-26.877,-15.065,15.286,3.7278,-21.608,3.3172,1.5799,-20.378,-32.418,-49.437,39.99
-4.1291,-25.015,-13.818,14.308,4.3273,-19.76,3.1482,3.1429,-18.07,-30.793,-47.923,41.589
-2.8739,-23.016,-12.11,13.291,4.3568,-17.68,3.0892,4.7858,-15.575,-29.037,-46.3,43.275
-2.3289,-20.869,-9.8531,12.269,3.6324,-15.34,3.1337,6.5133,-12.899,-27.119,-44.572,45.131
-2.6641,-18.543,-6.9709,11.273,2.0392,-12.685,3.2749,8.3424,-10.029,-25.008,-42.714,47.285
-3.8637,-16.018,-3.436,10.324,-0.42099,-9.6743,3.5089,10.289,-6.9435,-22.672,-40.693,49.845
-5.7331,-13.297,0.70143,9.4262,-3.6134,-6.3061,3.8378,12.37,-3.6131,-20.091,-38.477,52.846
-7.9604,-10.388,5.316,8.5533,-7.2926,-2.6188,4.2702,14.616,-0.0013465,-17.243,-36.035,56.222
-10.195,-7.2721,10.241,7.6498,-11.153,1.3359,4.8125,17.084,3.9255,-14.111,-33.34,59.821
-12.118,-3.8923,15.315,6.6435,-14.888,5.52,5.4501,19.837,8.1799,-10.683,-30.368,63.452
-13.506,-0.17895,20.4,5.471,-18.246,9.9154,6.1333,22.907,12.735,-6.9597,-27.113,66.942
-14.266,3.9125,25.391,4.093,-21.064,14.502,6.7797,26.262,17.526,-2.9541,-23.586,70.177
-14.446,8.3791,30.2,2.4843,-23.296,19.234,7.2975,29.8,22.472,1.3146,-19.82,73.125
-14.203,13.183,34.775,0.60852,-24.997,24.042,7.6134,33.398,27.515,5.8349,-15.848,75.848
-13.736,18.275,39.094,-1.5951,-26.282,28.858,7.6921,36.968,32.656,10.616,-11.693,78.478
-13.197,23.616,43.133,-4.1962,-27.251,33.626,7.5411,40.478,37.974,15.693,-7.3669,81.178
-12.636,29.172,46.826,-7.2523,-27.943,38.293,7.2008,43.921,43.616,21.117,-2.8824,84.093
-11.974,34.922,50.068,-10.805,-28.329,42.804,6.7271,47.264,49.768,26.943,1.7351,87.299
-11.044,40.84,52.785,-14.872,-28.354,47.108,6.1734,50.439,56.582,33.206,6.4493,90.788
-9.6395,46.877,54.992,-19.416,-27.98,51.182,5.58,53.365,64.093,39.903,11.232,94.486
-7.5923,52.927,56.792,-24.294,-27.217,55.03,4.9729,56.006,72.161,46.999,16.084,98.306
-4.8217,58.838,58.327,-29.261,-26.129,58.672,4.3693,58.39,80.552,54.45,21.043,102.2
-1.3789,64.454,59.716,-34.049,-24.812,62.123,3.7825,60.6,89.1,62.242,26.18,106.16
2.5417,69.671,61.03,-38.463,-23.372,65.392,3.2248,62.741,97.794,70.375,31.567,110.24
6.6457,74.476,62.293,-42.437,-21.895,68.495,2.7087,64.898,106.7,78.82,37.25,114.48
10.638,78.933,63.523,-46.016,-20.444,71.455,2.248,67.111,115.81,87.454,43.227,118.94
14.335,83.139,64.756,-49.293,-19.069,74.308,1.8635,69.359,124.94,96.044,49.449,123.66
17.722,87.173,66.055,-52.355,-17.814,77.085,1.5837,71.554,133.72,104.3,55.825,128.65
20.923,91.047,67.475,-55.247,-16.723,79.794,1.4383,73.545,141.76,111.94,62.241,133.95
24.107,94.706,69.018,-57.956,-15.833,82.41,1.4433,75.158,148.77,118.81,68.572,139.56
27.359,98.06,70.617,-60.431,-15.146,84.881,1.5887,76.253,154.65,124.87,74.703,145.48
30.587,101.03,72.181,-62.6,-14.637,87.157,1.8389,76.786,159.49,130.16,80.544,151.64
33.499,103.57,73.67,-64.395,-14.318,89.212,2.1464,76.838,163.45,134.76,86.038,157.89
35.693,105.68,75.14,-65.774,-14.305,91.054,2.4671,76.579,166.73,138.75,91.155,164.02
36.801,107.4,76.697,-66.724,-14.794,92.724,2.7708,76.183,169.44,142.17,95.871,169.77
36.597,108.78,78.446,-67.261,-15.959,94.266,3.042,75.757,171.64,145.03,100.15,174.9
35.058,109.86,80.428,-67.424,-17.859,95.71,3.2743,75.301,173.34,147.35,103.95,179.23
32.362,110.67,82.598,-67.265,-20.385,97.049,3.4637,74.733,174.52,149.16,107.24,182.72
28.847,111.21,84.829,-66.851,-23.284,98.239,3.6029,73.934,175.17,150.52,110.03,185.38
24.95,111.46,86.926,-66.264,-26.205,99.204,3.6769,72.794,175.29,151.5,112.38,187.27
21.154,111.42,88.663,-65.594,-28.768,99.855,3.6605,71.225,174.9,152.15,114.39,188.45
17.946,111.11,89.821,-64.933,-30.625,100.12,3.5155,69.161,173.98,152.49,116.12,188.96
15.755,110.59,90.232,-64.353,-31.523,99.958,3.1933,66.545,172.47,152.49,117.62,188.81
14.851,109.91,89.795,-63.896,-31.363,99.377,2.6448,63.339,170.25,152.1,118.91,187.98
15.252,109.16,88.478,-63.585,-30.217,98.416,1.8337,59.541,167.16,151.25,119.95,186.46
16.742,108.41,86.298,-63.431,-28.258,97.127,0.74122,55.208,163.1,149.91,120.74,184.29
18.974,107.7,83.302,-63.447,-25.633,95.554,-0.6404,50.447,158.08,148.09,121.31,181.59
21.677,107.03,79.567,-63.641,-22.37,93.726,-2.3143,45.383,152.24,145.89,121.7,178.52
24.801,106.35,75.217,-64.017,-18.447,91.659,-4.2714,40.152,145.75,143.44,121.95,175.22
28.47,105.59,70.423,-64.559,-13.934,89.365,-6.4741,34.883,138.81,140.88,122.12,171.83
32.803,104.67,65.381,-65.225,-9.1117,86.864,-8.8558,29.701,131.58,138.27,122.21,168.4
37.796,103.52,60.272,-65.921,-4.424,84.188,-11.343,24.7,124.13,135.58,122.23,164.92
43.196,102.08,55.241,-66.501,-0.31075,81.376,-13.867,19.934,116.53,132.7,122.17,161.41
48.329,100.32,50.405,-66.782,2.9669,78.471,-16.348,15.412,108.81,129.5,122,157.89
52.174,98.201,45.87,-66.591,5.3381,75.495,-18.668,11.117,100.97,125.81,121.71,154.44
53.801,95.71,41.708,-65.815,6.8109,72.436,-20.671,7.0275,93.034,121.53,121.29,151.15
52.78,92.812,37.918,-64.423,7.3958,69.244,-22.197,3.1216,85.032,116.57,120.76,148.15
49.267,89.44,34.42,-62.455,7.1229,65.829,-23.129,-0.61586,77.065,110.95,120.13,145.49
43.792,85.496,31.124,-59.988,6.0889,62.081,-23.434,-4.191,69.299,104.7,119.41,143.18
37.069,80.874,27.984,-57.108,4.4763,57.897,-23.17,-7.594,61.938,97.927,118.61,141.2
29.973,75.516,24.994,-53.904,2.5516,53.226,-22.465,-10.794,55.154,90.804,117.72,139.49
23.454,69.466,22.132,-50.476,0.64378,48.082,-21.468,-13.743,49.046,83.569,116.75,138.03
18.322,62.868,19.315,-46.927,-0.91429,42.534,-20.314,-16.388,43.633,76.489,115.67,136.85
15.037,55.9,16.433,-43.336,-1.8574,36.67,-19.105,-18.69,38.872,69.81,114.5,135.93
13.613,48.688,13.389,-39.704,-2.0339,30.589,-17.894,-20.637,34.687,63.69,113.21,135.26
13.629,41.272,10.121,-35.921,-1.4183,24.399,-16.664,-22.264,30.98,58.16,111.78,134.71
14.365,33.649,6.5947,-31.805,-0.098939,18.223,-15.338,-23.653,27.629,53.121,110.18,134.09
15.096,25.867,2.8197,-27.223,1.7487,12.184,-13.841,-24.924,24.495,48.381,108.33,133.13
15.405,18.107,-1.1394,-22.237,3.8955,6.406,-12.173,-26.205,21.44,43.72,106.13,131.63
15.216,10.672,-5.1589,-17.158,6.0997,1.0012,-10.421,-27.6,18.341,38.947,103.49,129.47
14.599,3.8745,-9.0861,-12.394,8.1481,-3.9547,-8.7233,-29.16,15.108,33.955,100.28,126.65
13.665,-2.1156,-12.784,-8.2269,9.8914,-8.4509,-7.2263,-30.871,11.698,28.744,96.43,123.32
12.549,-7.3313,-16.166,-4.7049,11.266,-12.544,-6.0383,-32.667,8.1164,23.417,91.903,119.71
11.385,-11.957,-19.208,-1.6918,12.301,-16.328,-5.1958,-34.45,4.4059,18.139,86.767,116.04
10.27,-16.219,-21.938,1.0316,13.095,-19.887,-4.6524,-36.127,0.63204,13.074,81.179,112.52
9.2429,-20.274,-24.406,3.6732,13.768,-23.247,-4.3011,-37.636,-3.1372,8.3411,75.359,109.27
8.298,-24.149,-26.657,6.3592,14.415,-26.373,-4.0239,-38.962,-6.8423,3.9866,69.532,106.34
7.4047,-27.763,-28.714,9.0973,15.083,-29.198,-3.7451,-40.137,-10.433,-0.0075063,63.885,103.7
6.5117,-31,-30.584,11.787,15.782,-31.67,-3.465,-41.216,-13.865,-3.6976,58.527,101.27
5.5662,-33.783,-32.271,14.278,16.507,-33.786,-3.252,-42.257,-17.101,-7.1444,53.492,98.984
4.5462,-36.112,-33.784,16.456,17.242,-35.577,-3.2006,-43.308,-20.119,-10.394,48.747,96.77
3.4631,-38.043,-35.139,18.286,17.957,-37.104,-3.3828,-44.384,-22.924,-13.478,44.226,94.595
2.3297,-39.659,-36.354,19.809,18.604,-38.428,-3.8118,-45.46,-25.547,-16.424,39.868,92.462
1.14,-41.045,-37.434,21.103,19.118,-39.602,-4.4266,-46.474,-28.03,-19.262,35.633,90.397
-0.11785,-42.263,-38.362,22.237,19.43,-40.655,-5.1016,-47.349,-30.411,-22.024,31.511,88.429
-1.4399,-43.347,-39.103,23.25,19.483,-41.588,-5.6799,-48.022,-32.704,-24.731,27.519,86.571
-2.7959,-44.306,-39.618,24.154,19.248,-42.389,-6.023,-48.467,-34.902,-27.379,23.683,84.805
-4.1345,-45.134,-39.881,24.942,18.727,-43.042,-6.0548,-48.702,-36.986,-29.933,20.032,83.076
-5.3967,-45.821,-39.89,25.604,17.962,-43.534,-5.7834,-48.776,-38.942,-32.344,16.588,81.305
-6.5283,-46.365,-39.675,26.143,17.027,-43.868,-5.2899,-48.75,-40.766,-34.566,13.369,79.405
-7.4872,-46.779,-39.308,26.575,16.027,-44.063,-4.6879,-48.673,-42.469,-36.573,10.385,77.284
-8.2426,-47.086,-38.889,26.924,15.086,-44.162,-4.0735,-48.566,-44.062,-38.358,7.638,74.853
-8.7709,-47.323,-38.54,27.216,14.337,-44.221,-3.4886,-48.419,-45.545,-39.935,5.1109,72.018
-9.0567,-47.527,-38.382,27.47,13.897,-44.307,-2.9164,-48.203,-46.903,-41.333,2.7615,68.677
-9.1015,-47.731,-38.509,27.695,13.851,-44.482,-2.3089,-47.892,-48.117,-42.601,0.52512,64.721
-8.9306,-47.955,-38.967,27.882,14.224,-44.784,-1.6273,-47.478,-49.178,-43.795,-1.6726,60.048
-8.5882,-48.198,-39.73,28.018,14.975,-45.213,-0.87122,-46.972,-50.089,-44.962,-3.8966,54.588
-8.1251,-48.44,-40.701,28.089,15.994,-45.731,-0.086174,-46.387,-50.864,-46.123,-6.1885,48.332
-7.5908,-48.653,-41.734,28.091,17.125,-46.267,0.65203,-45.729,-51.522,-47.268,-8.5622,41.356
-7.0332,-48.815,-42.681,28.035,18.214,-46.752,1.264,-45,-52.087,-48.369,-11.008,33.818
-6.4915,-48.922,-43.447,27.944,19.166,-47.141,1.6914,-44.212,-52.589,-49.395,-13.502,25.933
-5.9627,-48.988,-44.024,27.836,19.981,-47.435,1.9135,-43.401,-53.059,-50.328,-16.007,17.929
-5.3683,-49.033,-44.493,27.718,20.751,-47.67,1.9543,-42.623,-53.52,-51.153,-18.479,10.004
-4.5761,-49.074,-44.975,27.58,21.612,-47.897,1.8819,-41.944,-53.975,-51.856,-20.863,2.2927
-3.4869,-49.113,-45.57,27.408,22.659,-48.15,1.7907,-41.413,-54.402,-52.42,-23.103,-5.139
-2.1255,-49.144,-46.288,27.194,23.87,-48.428,1.7703,-41.033,-54.757,-52.82,-25.148,-12.283
-0.67219,-49.142,-47.03,26.948,25.092,-48.684,1.8764,-40.753,-54.988,-53.039,-26.969,-19.156
0.5857,-49.079,-47.612,26.697,26.086,-48.834,2.1177,-40.466,-55.051,-53.072,-28.565,-25.761
1.3582,-48.922,-47.841,26.471,26.621,-48.788,2.4625,-40.047,-54.928,-52.925,-29.963,-32.069
1.4635,-48.647,-47.581,26.29,26.552,-48.484,2.8583,-39.404,-54.629,-52.62,-31.203,-38.027
0.89605,-48.244,-46.802,26.153,25.857,-47.904,3.2562,-38.512,-54.188,-52.177,-32.32,-43.568
-0.1755,-47.715,-45.564,26.042,24.632,-47.076,3.6308,-37.428,-53.634,-51.61,-33.333,-48.632
-1.4752,-47.07,-43.979,25.926,23.048,-46.041,3.9898,-36.253,-52.979,-50.914,-34.229,-53.158
-2.7232,-46.315,-42.153,25.776,21.293,-44.836,4.3709,-35.078,-52.204,-50.062,-34.975,-57.087
-3.7381,-45.453,-40.142,25.577,19.492,-43.471,4.8253,-33.939,-51.267,-49.007,-35.526,-60.364
-4.5019,-44.482,-37.917,25.333,17.639,-41.928,5.3942,-32.801,-50.117,-47.699,-35.844,-62.948
-5.16,-43.404,-35.373,25.066,15.589,-40.175,6.087,-31.587,-48.719,-46.096,-35.911,-64.836
-5.9441,-42.227,-32.391,24.804,13.14,-38.183,6.8741,-30.225,-47.068,-44.182,-35.738,-66.077
-7.0507,-40.974,-28.931,24.565,10.166,-35.969,7.7034,-28.691,-45.2,-41.969,-35.36,-66.775
-8.5536,-39.678,-25.114,24.351,6.7023,-33.616,8.5276,-27.021,-43.186,-39.488,-34.827,-67.074
-10.397,-38.371,-21.202,24.14,2.9482,-31.263,9.3292,-25.281,-41.102,-36.774,-34.176,-67.131
-12.424,-37.078,-17.502,23.901,-0.80252,-29.043,10.125,-23.519,-38.993,-33.861,-33.419,-67.083
-14.404,-35.798,-14.249,23.596,-4.2402,-27.032,10.951,-21.736,-36.851,-30.783,-32.532,-67.021
-16.073,-34.508,-11.546,23.2,-7.1072,-25.229,11.833,-19.885,-34.622,-27.573,-31.478,-66.98
-17.207,-33.164,-9.3628,22.699,-9.2491,-23.569,12.766,-17.901,-32.242,-24.27,-30.226,-66.95
-17.677,-31.706,-7.5672,22.086,-10.622,-21.951,13.71,-15.74,-29.667,-20.902,-28.774,-66.894
-17.453,-30.066,-6.0101,21.355,-11.259,-20.264,14.605,-13.405,-26.893,-17.482,-27.142,-66.76
-16.593,-28.166,-4.5825,20.475,-11.244,-18.413,15.395,-10.958,-23.949,-14.001,-25.356,-66.498
-15.232,-25.919,-3.2211,19.385,-10.712,-16.335,16.052,-8.488,-20.886,-10.436,-23.432,-66.071
-13.559,-23.213,-1.8709,17.994,-9.849,-13.983,16.58,-6.0762,-17.742,-6.7523,-21.37,-65.453
-11.786,-19.913,-0.42194,16.199,-8.8741,-11.294,17.007,-3.7499,-14.516,-2.9116,-19.155,-64.618
-10.107,-15.88,1.3334,13.921,-8.0272,-8.1514,17.364,-1.4692,-11.168,1.1195,-16.77,-63.542
-8.669,-11.016,3.6683,11.136,-7.5403,-4.3971,17.657,0.85239,-7.6397,5.3485,-14.213,-62.208
-7.5486,-5.3271,6.8149,7.9029,-7.5846,0.099211,17.861,3.3033,-3.909,9.7305,-11.511,-60.634
-6.7311,1.0461,10.847,4.3493,-8.2194,5.3476,17.926,5.9303,-0.021882,14.153,-8.7231,-58.877
-6.1124,7.862,15.635,0.63922,-9.3807,11.198,17.807,8.7166,3.9096,18.444,-5.9253,-57.025
-5.5382,14.857,20.918,-3.0912,-10.929,17.402,17.491,11.593,7.7501,22.416,-3.1835,-55.164
-4.8779,21.831,26.452,-6.7881,-12.732,23.729,17.029,14.471,11.396,25.913,-0.53119,-53.335
-4.0973,28.688,32.102,-10.487,-14.733,30.035,16.531,17.286,14.814,28.863,2.0347,-51.52
-3.2875,35.449,37.842,-14.262,-16.939,36.265,16.13,20.024,18.049,31.286,4.5406,-49.643
-2.6291,42.192,43.695,-18.16,-19.37,42.423,15.935,22.722,21.194,33.271,7.0143,-47.609
-2.3109,48.961,49.654,-22.14,-22.012,48.528,15.982,25.444,24.334,34.928,9.4623,-45.354
-2.4421,55.681,55.613,-26.072,-24.79,54.556,16.232,28.223,27.507,36.338,11.856,-42.87
-2.9961,62.159,61.343,-29.796,-27.55,60.378,16.589,31.032,30.675,37.528,14.13,-40.214
-3.8053,68.163,66.536,-33.192,-30.075,65.766,16.944,33.774,33.749,38.477,16.21,-37.479
-4.6063,73.513,70.913,-36.224,-32.141,70.491,17.208,36.314,36.627,39.15,18.046,-34.756
-5.1109,78.138,74.331,-38.923,-33.578,74.43,17.345,38.529,39.234,39.527,19.637,-32.104
-5.085,82.069,76.819,-41.346,-34.318,77.601,17.361,40.347,41.537,39.609,21.027,-29.543
-4.416,85.398,78.543,-43.536,-34.41,80.132,17.294,41.76,43.526,39.409,22.279,-27.066
-3.1394,88.236,79.736,-45.516,-34.001,82.197,17.167,42.795,45.198,38.927,23.445,-24.662
-1.416,90.682,80.622,-47.299,-33.298,83.951,16.958,43.469,46.523,38.144,24.541,-22.331
0.53205,92.809,81.362,-48.897,-32.506,85.499,16.587,43.752,47.442,37.016,25.544,-20.101
2.5053,94.672,82.041,-50.335,-31.776,86.892,15.927,43.569,47.873,35.496,26.395,-18.029
4.3933,96.319,82.68,-51.655,-31.179,88.14,14.847,42.839,47.745,33.568,27.019,-16.18
6.1914,97.804,83.262,-52.914,-30.698,89.242,13.257,41.521,47.036,31.276,27.347,-14.603
7.9683,99.186,83.747,-54.163,-30.25,90.2,11.136,39.639,45.787,28.723,27.326,-13.322
9.805,100.52,84.072,-55.431,-29.71,91.018,8.5279,37.274,44.089,26.04,26.928,-12.33
11.731,101.81,84.134,-56.711,-28.944,91.675,5.5097,34.533,42.038,23.343,26.149,-11.611
13.702,103,83.78,-57.949,-27.845,92.088,2.1623,31.524,39.711,20.716,25.022,-11.156
15.637,103.89,82.797,-59.043,-26.366,92.061,-1.4373,28.339,37.15,18.207,23.625,-10.976
17.495,104.11,80.94,-59.848,-24.508,91.266,-5.198,25.04,34.367,15.84,22.069,-11.099
19.302,103.21,77.958,-60.194,-22.26,89.304,-8.9937,21.662,31.361,13.612,20.473,-11.557
21.109,100.76,73.632,-59.93,-19.558,85.853,-12.666,18.226,28.134,11.495,18.935,-12.368
22.927,96.628,67.805,-58.967,-16.308,80.791,-16.052,14.767,24.719,9.4454,17.519,-13.527
24.699,90.933,60.423,-57.318,-12.464,74.193,-19.021,11.363,21.19,7.427,16.254,-15.001
26.305,84,51.589,-55.082,-8.0834,66.271,-21.484,8.1457,17.668,5.4297,15.141,-16.744
27.599,76.21,41.582,-52.408,-3.3368,57.311,-23.39,5.2705,14.291,3.4759,14.145,-18.711
28.44,67.896,30.832,-49.438,1.5297,47.638,-24.71,2.8689,11.174,1.6037,13.196,-20.882
28.728,59.304,19.858,-46.281,6.2445,37.59,-25.424,1.0065,8.3747,-0.15692,12.186,-23.277
28.44,50.607,9.2153,-43.007,10.557,27.514,-25.531,-0.33088,5.8802,-1.7985,10.993,-25.949
27.649,41.936,-0.55547,-39.661,14.278,17.754,-25.047,-1.2185,3.6336,-3.3379,9.517,-28.962
26.538,33.37,-9.017,-36.261,17.303,8.5919,-24.009,-1.7569,1.5694,-4.8057,7.7089,-32.357
25.38,24.89,-15.929,-32.79,19.638,0.18926,-22.472,-2.0391,-0.35157,-6.2299,5.5952,-36.137
24.494,16.377,-21.299,-29.179,21.394,-7.3901,-20.51,-2.1339,-2.1261,-7.6228,3.2675,-40.263
24.177,7.7824,-25.336,-25.314,22.752,-14.052,-18.221,-2.0897,-3.7185,-8.9783,0.85331,-44.667
24.623,-0.62136,-28.348,-21.093,23.909,-19.626,-15.737,-1.9482,-5.0873,-10.279,-1.521,-49.271
25.824,-8.2401,-30.643,-16.515,25.041,-24.006,-13.217,-1.7554,-6.2136,-11.507,-3.759,-54.003
27.505,-14.548,-32.468,-11.736,26.258,-27.273,-10.808,-1.5587,-7.1165,-12.652,-5.8111,-58.804
29.132,-19.411,-33.977,-7.0658,27.564,-29.65,-8.6005,-1.399,-7.8529,-13.72,-7.6801,-63.629
30.082,-23.017,-35.214,-2.8283,28.822,-31.375,-6.6072,-1.3085,-8.5065,-14.737,-9.4156,-68.45
29.919,-25.664,-36.136,0.76356,29.773,-32.631,-4.7908,-1.3164,-9.1711,-15.752,-11.099,-73.252
28.508,-27.626,-36.661,3.6763,30.116,-33.54,-3.1153,-1.4537,-9.9302,-16.815,-12.82,-78.029
25.859,-29.126,-36.72,6.0269,29.604,-34.189,-1.5732,-1.7475,-10.836,-17.968,-14.655,-82.777
22.023,-30.351,-36.299,8.0174,28.121,-34.658,-0.17679,-2.2103,-11.896,-19.227,-16.646,-87.489
17.143,-31.463,-35.453,9.8593,25.721,-35.02,1.0571,-2.8363,-13.077,-20.58,-18.79,-92.161
11.514,-32.6,-34.31,11.724,22.63,-35.351,2.109,-3.6121,-14.334,-22.002,-21.052,-96.797
5.5689,-33.841,-33.05,13.699,19.209,-35.71,2.9524,-4.5334,-15.634,-23.474,-23.385,-101.43
-0.17996,-35.2,-31.879,15.764,15.884,-36.132,3.5576,-5.612,-16.982,-24.994,-25.745,-106.13
-5.2187,-36.62,-30.998,17.815,13.045,-36.633,3.9079,-6.8663,-18.404,-26.574,-28.092,-111.01
-9.1024,-38.018,-30.563,19.712,10.985,-37.224,4.0164,-8.3,-19.921,-28.208,-30.378,-116.2
-11.554,-39.321,-30.663,21.346,9.8572,-37.909,3.9323,-9.8806,-21.521,-29.856,-32.529,-121.8
-12.571,-40.501,-31.308,22.673,9.6671,-38.691,3.7331,-11.541,-23.158,-31.435,-34.459,-127.8
-12.437,-41.572,-32.43,23.715,10.297,-39.565,3.5025,-13.186,-24.75,-32.848,-36.083,-134.12
-11.591,-42.566,-33.893,24.532,11.547,-40.516,3.3043,-14.709,-26.225,-34.008,-37.372,-140.57
-10.467,-43.511,-35.524,25.19,13.172,-41.518,3.1671,-16.022,-27.534,-34.888,-38.356,-146.93
-9.388,-44.412,-37.155,25.737,14.932,-42.533,3.0886,-17.07,-28.658,-35.506,-39.11,-153.01
-8.5446,-45.249,-38.66,26.197,16.631,-43.517,3.0542,-17.829,-29.603,-35.908,-39.713,-158.65
-7.9865,-45.998,-39.977,26.574,18.131,-44.43,3.0537,-18.296,-30.396,-36.134,-40.21,-163.78
-7.6337,-46.641,-41.113,26.857,19.37,-45.255,3.0891,-18.491,-31.048,-36.199,-40.611,-168.37
-7.3337,-47.184,-42.132,27.046,20.375,-46,3.1721,-18.442,-31.55,-36.101,-40.887,-172.41
-6.9561,-47.653,-43.107,27.152,21.249,-46.693,3.3168,-18.184,-31.894,-35.808,-40.999,-175.9
-6.4687,-48.071,-44.075,27.202,22.084,-47.355,3.5303,-17.761,-32.081,-35.313,-40.952,-178.91
-5.9525,-48.444,-45,27.224,22.875,-47.977,3.807,-17.239,-32.139,-34.649,-40.789,-181.46
-5.553,-48.74,-45.767,27.228,23.506,-48.498,4.1245,-16.722,-32.139,-33.901,-40.584,-183.56
-5.4093,-48.893,-46.212,27.202,23.815,-48.811,4.4461,-16.339,-32.194,-33.2,-40.414,-185.18
-5.6041,-48.821,-46.165,27.119,23.672,-48.787,4.7289,-16.221,-32.435,-32.684,-40.332,-186.26
-6.1519,-48.444,-45.509,26.941,23.017,-48.314,4.9356,-16.459,-32.967,-32.463,-40.353,-186.75
-6.9789,-47.713,-44.245,26.631,21.902,-47.365,5.0478,-17.042,-33.819,-32.572,-40.419,-186.52
-7.8559,-46.602,-42.531,26.156,20.53,-46.015,5.0764,-17.8,-34.86,-32.886,-40.38,-185.41
-8.4003,-45.092,-40.736,25.479,19.256,-44.441,5.0715,-18.343,-35.747,-33.048,-39.92,-183.1
-8.2677,-43.127,-39.436,24.545,18.525,-42.856,5.1369,-18.044,-35.862,-32.36,-38.433,-178.94
-7.4284,-40.556,-38.781,23.248,18.468,-41.222,5.4353,-16.083,-34.21,-29.638,-34.815,-171.77
-6.2506,-37.058,-37.614,21.342,18.197,-38.86,6.1317,-11.549,-29.087,-22.768,-27.073,-160.16
-5.2353,-32.196,-34.068,18.318,16.443,-34.589,7.2337,-3.5492,-17.73,-8.5819,-14.893,-145.25
-4.4862,-25.687,-26.958,13.499,13.176,-27.314,8.362,3.8991,-17.666,-9.1347,-18.159,-141.23
-2.01,-17.908,-16.39,9.1098,9.444,-16.438,8.9974,-10.329,-27.081,-13.695,-20.289,-174.6
-1.8863,-8.2817,-3.6563,12.57,5.1815,-2.176,9.327,-28.471,-39.994,-22.403,-24.741,-173.2
-7.6969,9.1005,9.2956,6.0263,-7.0391,14.182,9.1901,-46.381,-55.834,-34.11,-29.462,-167.46
-16.803,33.328,21.006,-3.6428,-31.911,30.748,6.848,-58.408,-69.308,-44.067,-30.58,-159.8
-27.573,55.443,33.877,-12.86,-55.018,46.054,-0.79347,-54.299,-70.496,-42.955,-21.423,-148.8
-35.467,73.36,63.769,-22.202,-71.149,59.479,3.9855,-23.51,-45.752,-15.473,8.9651,-129.35
-33.791,88.801,106.26,-33.152,-74.966,71.524,27.825,38.688,18.969,57.316,77.164,-91.798
-17.313,104.26,111.62,-48.758,-63.72,86.372,57.325,127.62,136.16,195.82,199.66,-21.334
16.756,122.47,99.276,-73.525,-38.61,102.32,82.656,231.85,303.79,406.81,385.93,97.329
70.609,147.95,79.189,-113.33,-1.6855,106.13,94.134,336.43,506.23,683.36,638.01,273.37
144.73,186.57,55.945,-172.65,46.139,110.6,84.91,424.41,726.52,1012.1,946.87,508.18
231.85,240.42,31.015,-245.24,104.36,119.58,52.875,485.99,942.45,1363.6,1288.5,787.15
325.72,299.89,0.81197,-321.11,169.43,130.56,1.7985,518.82,1131.1,1698.3,1625,1079
420.88,349.7,-44.481,-393.06,240.97,135.56,-58.522,525.82,1271.6,1971.4,1910.1,1342.2
511.64,377.32,-115.18,-450.57,321.99,122.53,-116.23,510.99,1345.7,2140.5,2097.5,1535.3
591.94,371.08,-212.63,-483.91,411.33,79.902,-164.91,473.66,1338,2172.6,2150.8,1628
655.13,323.95,-332.35,-487.11,502.85,1.982,-200.07,406.61,1236.6,2049.8,2052.2,1608.4
694.33,238.04,-463.95,-459.7,586.31,-107.12,-225.21,298.49,1033.8,1772.1,1806.3,1483.3
703.73,125.43,-588.01,-406.39,649.86,-228.89,-251.62,138.19,728.22,1357.1,1437.7,1273.5
680.59,3.722,-685.25,-334.78,683.81,-340.9,-290.66,-78.799,329.97,837.33,984.99,1004.2
626.56,-110.5,-743.14,-253.16,683.55,-429.25,-350.17,-344.35,-134.46,258.7,495.14,700.99
547.68,-205.72,-757.68,-169.16,649.94,-486.33,-430.92,-635.45,-620.88,-322.47,16.861,393.03
452.32,-275.89,-730.95,-89.236,587.63,-510.1,-524.71,-917.6,-1073.1,-846.12,-406.16,112.49
348.68,-319.11,-668.26,-17.942,503.22,-502.13,-616.26,-1153.3,-1435.3,-1258.2,-740.91,-119.3
244.29,-336.03,-576.84,39.911,404.33,-465.88,-688.63,-1311.8,-1666.1,-1522.1,-967.79,-295.25
147.49,-328.36,-465.84,79.247,299.44,-406.31,-728.56,-1377.6,-1750.1,-1627.8,-1082.2,-417.51
65.49,-298.25,-346.36,101.21,198.08,-330.52,-729.71,-1352.7,-1700.4,-1593.3,-1096,-490.66
0.74514,-249.44,-230.38,108.37,109.02,-247.13,-693.15,-1253.8,-1551.7,-1456.3,-1034.3,-519.59
-45.475,-189.87,-127.44,104.2,38.06,-164.03,-625.83,-1105.9,-1347.1,-1261.1,-926.39,-511.79
-71.07,-133.47,-50.147,93.603,-10.373,-94.478,-538.48,-935.47,-1125.9,-1049.4,-798.78,-479.13
-79.639,-91.129,-7.1855,80.91,-35.244,-50.319,-442.82,-765.27,-917.8,-852.72,-672.81,-434.49
-76.511,-66.579,8.9769,62.627,-42.065,-30.735,-349.26,-611.73,-740.6,-688.82,-562.43,-387.47
-67.395,-58.245,7.2274,43.543,-36.966,-28.351,-266.25,-483.78,-600.58,-562.26,-472.56,-343.62
-56.944,-58.815,-4.1031,40.392,-25.664,-34.829,-199.96,-383.45,-495.06,-467.9,-402.06,-308.33
-47.894,-62.23,-17.603,40.908,-13.297,-43.622,-153.1,-308.45,-416.95,-396.97,-347.02,-275.94
-41.262,-63.766,-28.142,41.249,-3.7273,-50.589,-123.81,-253.73,-356.92,-341.91,-303.8,-244.56
-29.252,-59.25,-33.533,40.72,1.6734,-50.681,-106.04,-211.81,-307.57,-296.58,-268.77,-217.52
-25.48,-54.402,-31.353,39.523,0.11331,-46.304,-93.976,-177.2,-264.86,-255.62,-237.39,-192.08
-28.162,-51.95,-28.737,38.175,-2.7099,-43.952,-82.999,-147.29,-225.79,-215.97,-207.28,-166.82
-31.491,-50.611,-26.659,37.071,-5.0373,-42.338,-71.749,-120.61,-190,-179,-178.68,-142.84
-33.135,-49.753,-25.323,36.265,-6.5331,-41.242,-59.515,-97.3,-159.15,-147.94,-153.24,-122.13
-33.191,-49.117,-24.656,35.611,-7.2455,-40.593,-46.78,-78.033,-134.84,-124.47,-132.78,-105.47
-32.632,-48.535,-24.436,34.935,-7.2973,-40.205,-36.561,-62.996,-117.05,-108.32,-118.01,-92.362
-31.664,-47.899,-24.417,34.115,-6.8284,-39.888,-34.038,-53.755,-104.78,-98.098,-107.94,-82.017
-30.066,-47.152,-24.455,33.108,-5.9944,-39.512,-33.832,-51.198,-96.54,-91.506,-100.56,-73.634
-27.745,-46.288,-24.572,31.941,-4.8909,-39.025,-31.803,-48.722,-90.123,-86.024,-93.737,-66.387
-24.789,-45.344,-24.847,30.694,-3.4746,-38.454,-29.286,-44.554,-83.496,-79.843,-86.201,-59.839
-21.434,-44.392,-25.281,29.461,-1.5626,-37.881,-26.923,-39.916,-76.714,-73.428,-78.406,-54.083
-17.901,-43.504,-25.866,28.318,1.0377,-37.403,-24.698,-35.352,-71.011,-67.959,-71.439,-49.437
-14.209,-42.729,-26.669,27.292,4.3011,-37.09,-22.406,-31.068,-66.643,-63.541,-65.689,-46.144
-10.243,-42.068,-27.751,26.362,7.9334,-36.958,-19.882,-27.221,-63.309,-59.965,-61.038,-44.228
-6.1808,-41.479,-29.08,25.499,11.555,-36.951,-17.106,-23.954,-60.734,-57.114,-57.28,-43.452
-2.6938,-40.894,-30.463,24.703,14.812,-36.947,-14.171,-21.339,-58.741,-54.9,-54.219,-43.415
-0.47361,-40.252,-31.543,24.006,17.268,-36.789,-11.221,-19.371,-57.201,-53.189,-51.66,-43.706
0.1858,-39.523,-31.881,23.449,18.374,-36.325,-8.3988,-17.985,-56.004,-51.813,-49.414,-44.036
-0.78122,-38.719,-31.113,23.07,17.668,-35.467,-5.8191,-17.07,-55.047,-50.611,-47.318,-44.271
-3.307,-37.89,-29.083,22.896,15.001,-34.224,-3.5514,-16.479,-54.225,-49.452,-45.257,-44.387
-7.0658,-37.111,-25.909,22.929,10.666,-32.694,-1.6156,-16.038,-53.434,-48.251,-43.167,-44.402
-11.464,-36.448,-21.962,23.127,5.3418,-31.033,0.010906,-15.575,-52.577,-46.966,-41.034,-44.329
-15.794,-35.941,-17.787,23.419,-0.10923,-29.416,1.376,-14.942,-51.59,-45.591,-38.877,-44.158
-19.42,-35.599,-13.971,23.734,-4.9153,-27.997,2.5273,-14.051,-50.451,-44.146,-36.742,-43.855
-21.902,-35.399,-10.976,24.021,-8.6106,-26.876,3.4887,-12.9,-49.179,-42.661,-34.682,-43.389
-23.044,-35.285,-9.013,24.254,-11.068,-26.078,4.2518,-11.574,-47.825,-41.174,-32.752,-42.748
-22.928,-35.182,-7.9996,24.423,-12.4,-25.55,4.7827,-10.217,-46.458,-39.735,-31.007,-41.955
-21.87,-35.024,-7.6262,24.533,-12.831,-25.182,5.0432,-8.992,-45.151,-38.416,-29.496,-41.06
-20.273,-34.778,-7.5052,24.601,-12.632,-24.841,5.0248,-8.0325,-43.97,-37.299,-28.25,-40.115
-18.534,-34.457,-7.3514,24.648,-12.092,-24.437,4.778,-7.3894,-42.961,-36.453,-27.271,-39.145
-17.033,-34.113,-7.1408,24.691,-11.405,-23.974,4.4072,-7.0332,-42.143,-35.921,-26.532,-38.141
-16.025,-33.814,-7.1308,24.737,-10.572,-23.562,4.0372,-6.8807,-41.52,-35.711,-25.991,-37.054
-15.529,-33.629,-7.6439,24.774,-9.5104,-23.381,3.7652,-6.8391,-41.089,-35.797,-25.604,-35.813
-15.39,-33.608,-8.7936,24.784,-8.2168,-23.583,3.6216,-6.8386,-40.847,-36.13,-25.343,-34.35
-15.443,-33.775,-10.434,24.75,-6.7974,-24.207,3.5595,-6.8435,-40.78,-36.637,-25.192,-32.598
-15.59,-34.112,-12.283,24.661,-5.4226,-25.159,3.477,-6.8357,-40.846,-37.233,-25.131,-30.489
-15.766,-34.554,-14.044,24.513,-4.2622,-26.256,3.2596,-6.8046,-40.968,-37.825,-25.122,-27.934
-15.886,-35.001,-15.476,24.305,-3.4136,-27.293,2.8244,-6.712,-41.035,-38.324,-25.103,-24.837
-15.868,-35.346,-16.46,24.036,-2.8549,-28.109,2.1479,-6.4847,-40.919,-38.643,-24.991,-21.109
-15.652,-35.519,-17.031,23.709,-2.4508,-28.63,1.2688,-6.0379,-40.506,-38.713,-24.72,-16.703
-15.207,-35.508,-17.337,23.337,-2.0053,-28.878,0.27216,-5.32,-39.724,-38.496,-24.257,-11.642
-14.512,-35.34,-17.562,22.938,-1.3303,-28.934,-0.74198,-4.3435,-38.574,-37.998,-23.616,-6.0245
-13.557,-35.057,-17.866,22.526,-0.30076,-28.89,-1.6884,-3.1758,-37.126,-37.271,-22.847,-0.0058026
-12.346,-34.677,-18.333,22.1,1.1087,-28.796,-2.5123,-1.8945,-35.495,-36.39,-22.001,6.2369
-10.924,-34.172,-18.929,21.639,2.8067,-28.632,-3.1874,-0.5365,-33.797,-35.428,-21.109,12.543
-9.3874,-33.477,-19.504,21.107,4.5929,-28.313,-3.7054,0.92716,-32.098,-34.423,-20.164,18.801
-7.8832,-32.521,-19.84,20.47,6.1948,-27.726,-4.0684,2.5815,-30.381,-33.372,-19.132,24.971
-6.5935,-31.256,-19.728,19.708,7.3302,-26.786,-4.2828,4.5316,-28.549,-32.225,-17.971,31.072
-5.6962,-29.687,-19.034,18.818,7.7763,-25.474,-4.3498,6.8631,-26.457,-30.907,-16.651,37.152
-5.3152,-27.864,-17.731,17.809,7.4272,-23.843,-4.255,9.6165,-23.972,-29.343,-15.172,43.257
-5.4722,-25.856,-15.891,16.696,6.3207,-21.979,-3.9702,12.774,-21.024,-27.494,-13.564,49.406
-6.0655,-23.721,-13.658,15.489,4.6292,-19.971,-3.472,16.257,-17.641,-25.372,-11.883,55.584
-6.8928,-21.49,-11.206,14.19,2.6156,-17.882,-2.7601,19.942,-13.933,-23.043,-10.195,61.75
-7.7142,-19.156,-8.687,12.803,0.56406,-15.732,-1.8627,23.704,-10.054,-20.588,-8.5477,67.827
-8.3201,-16.664,-6.1893,11.327,-1.291,-13.488,-0.82641,27.466,-6.1285,-18.074,-6.9507,73.709
-8.5656,-13.893,-3.7109,9.7393,-2.8087,-11.051,0.29509,31.236,-2.2125,-15.528,-5.3674,79.265
-8.3715,-10.661,-1.1584,7.99,-3.9407,-8.2685,1.4376,35.103,1.7155,-12.939,-3.7304,84.369
-7.7172,-6.7801,1.6038,6.0025,-4.7013,-4.9732,2.5137,39.19,5.7183,-10.272,-1.9731,88.937
-6.6449,-2.1343,4.656,3.6902,-5.1392,-1.0709,3.4108,43.56,9.8496,-7.4895,-0.058775,92.957
-5.2593,3.2362,7.9244,0.97506,-5.3269,3.3646,4.0119,48.166,14.119,-4.5676,2.0096,96.507
-3.7006,9.1063,11.165,-2.1908,-5.35,8.0635,4.2307,52.86,18.492,-1.4963,4.2019,99.74
-2.0976,15.135,14.075,-5.7968,-5.2895,12.657,4.0381,57.484,22.923,1.7329,6.487,102.86
-0.52129,21.002,16.454,-9.7533,-5.2185,16.847,3.4697,61.951,27.402,5.1456,8.8574,106.06
1.034,26.531,18.293,-13.91,-5.2096,20.528,2.6101,66.28,31.994,8.7947,11.336,109.48
2.6255,31.72,19.755,-18.116,-5.3143,23.804,1.5665,70.534,36.855,12.755,13.966,113.22
4.3128,36.715,21.09,-22.278,-5.5197,26.921,0.44605,74.753,42.211,17.11,16.788,117.23
6.1339,41.725,22.565,-26.365,-5.7333,30.19,-0.65086,78.92,48.32,21.932,19.834,121.41
8.1298,46.929,24.423,-30.367,-5.825,33.893,-1.6311,82.992,55.415,27.278,23.13,125.57
10.36,52.38,26.879,-34.244,-5.6985,38.194,-2.4154,86.953,63.64,33.186,26.707,129.54
12.872,57.961,30.076,-37.904,-5.338,43.054,-2.9498,90.848,72.973,39.672,30.605,133.17
15.643,63.458,34,-41.242,-4.8106,48.233,-3.2038,94.781,83.187,46.727,34.857,136.4
18.527,68.688,38.43,-44.197,-4.2468,53.421,-3.1499,98.887,93.905,54.302,39.459,139.24
21.238,73.585,43.05,-46.782,-3.8317,58.414,-2.7463,103.29,104.73,62.299,44.353,141.75
23.414,78.191,47.665,-49.067,-3.8172,63.178,-1.9396,108.05,115.37,70.565,49.435,143.98
24.734,82.581,52.304,-51.141,-4.5291,67.778,-0.69023,113.14,125.65,78.908,54.58,145.97
25.021,86.795,57.115,-53.06,-6.2867,72.284,0.99474,118.39,135.44,87.136,59.683,147.72
24.256,90.816,62.207,-54.827,-9.2473,76.715,3.0445,123.52,144.62,95.082,64.674,149.24
22.532,94.579,67.584,-56.402,-13.33,81.034,5.3388,128.22,153.02,102.62,69.53,150.57
20.004,98.002,73.137,-57.732,-18.259,85.166,7.7415,132.25,160.47,109.67,74.257,151.78
16.88,101.02,78.664,-58.786,-23.624,89.016,10.125,135.53,166.86,116.16,78.876,152.94
13.477,103.57,83.888,-59.562,-28.927,92.481,12.379,138.15,172.2,122.02,83.398,154.11
10.213,105.67,88.512,-60.092,-33.658,95.477,14.41,140.28,176.6,127.22,87.807,155.33
7.5082,107.34,92.286,-60.428,-37.394,97.953,16.143,142.08,180.2,131.75,92.053,156.59
5.6519,108.64,95.068,-60.638,-39.867,99.909,17.521,143.62,183.12,135.64,96.067,157.84
4.7494,109.67,96.829,-60.789,-41.006,101.38,18.508,144.84,185.4,138.94,99.779,159.09
4.7312,110.5,97.649,-60.935,-40.971,102.42,19.088,145.61,187.06,141.72,103.14,160.34
5.3877,111.18,97.714,-61.105,-40.117,103.09,19.28,145.78,188.12,144.04,106.13,161.62
6.4158,111.71,97.292,-61.296,-38.885,103.44,19.139,145.27,188.61,145.93,108.77,162.96
7.4847,112.09,96.685,-61.486,-37.675,103.58,18.751,144.03,188.6,147.44,111.12,164.36
8.3139,112.34,96.159,-61.641,-36.775,103.6,18.21,142.07,188.17,148.61,113.22,165.83
8.7372,112.45,95.873,-61.736,-36.318,103.59,17.591,139.44,187.41,149.49,115.09,167.29
8.7368,112.45,95.845,-61.754,-36.281,103.57,16.936,136.23,186.39,150.12,116.75,168.67
8.4345,112.32,95.976,-61.685,-36.525,103.52,16.259,132.53,185.16,150.54,118.2,169.9
8.0356,112.07,96.11,-61.518,-36.867,103.37,15.555,128.44,183.73,150.78,119.47,170.92
7.7364,111.64,96.109,-61.232,-37.143,103.07,14.821,124.02,182.09,150.86,120.59,171.7
7.64,111.02,95.881,-60.807,-37.228,102.58,14.067,119.32,180.19,150.8,121.56,172.23
7.7367,110.13,95.36,-60.233,-37.017,101.84,13.319,114.4,177.98,150.59,122.43,172.53
7.9702,108.92,94.474,-59.512,-36.428,100.79,12.601,109.32,175.43,150.2,123.21,172.59
8.3248,107.29,93.091,-58.661,-35.43,99.294,11.927,104.12,172.5,149.59,123.89,172.39
8.8504,105.16,91.006,-57.71,-34.057,97.176,11.29,98.834,169.14,148.69,124.46,171.91
9.6151,102.45,87.966,-56.695,-32.333,94.248,10.67,93.42,165.29,147.46,124.86,171.09
10.655,99.183,83.765,-55.654,-30.145,90.42,10.047,87.822,160.82,145.83,125.07,169.92
11.995,95.399,78.301,-54.608,-27.228,85.726,9.4195,81.996,155.55,143.74,125.05,168.4
13.73,91.167,71.574,-53.544,-23.309,80.277,8.8048,75.937,149.3,141.15,124.79,166.56
16.014,86.515,63.68,-52.413,-18.303,74.188,8.2324,69.673,141.94,138,124.31,164.43
18.96,81.431,54.82,-51.144,-12.436,67.556,7.7223,63.25,133.49,134.24,123.62,162.06
22.516,75.909,45.312,-49.679,-6.1901,60.467,7.2671,56.719,124.2,129.84,122.77,159.48
26.41,70.004,35.559,-48.01,-0.088242,53.042,6.8275,50.143,114.45,124.74,121.76,156.7
30.177,63.849,26.003,-46.198,5.4508,45.432,6.3414,43.601,104.68,118.93,120.59,153.77
33.28,57.608,17.04,-44.358,10.123,37.798,5.7404,37.181,95.139,112.42,119.26,150.73
35.278,51.401,8.9629,-42.603,13.727,30.255,4.9668,30.958,85.938,105.26,117.72,147.66
35.939,45.242,1.9415,-40.99,16.186,22.862,3.9909,24.975,77.048,97.527,115.97,144.6
35.247,39.054,-3.9656,-39.48,17.572,15.66,2.828,19.238,68.42,89.4,113.98,141.61
33.389,32.733,-8.7952,-37.954,18.114,8.7442,1.5445,13.723,60.056,81.083,111.75,138.69
30.79,26.227,-12.671,-36.233,18.153,2.2867,0.24651,8.3938,52.004,72.792,109.31,135.84
28.095,19.592,-15.788,-34.12,18.068,-3.5068,-0.94468,3.2293,44.328,64.71,106.68,133.07
26.081,12.997,-18.379,-31.451,18.173,-8.4871,-1.9258,-1.7635,37.069,56.959,103.88,130.39
25.436,6.6717,-20.678,-28.169,18.712,-12.632,-2.6502,-6.5493,30.229,49.6,100.89,127.82
26.44,0.82684,-22.895,-24.377,19.86,-16.054,-3.1594,-11.085,23.778,42.65,97.673,125.39
28.788,-4.4335,-25.187,-20.3,21.666,-18.949,-3.5732,-15.346,17.661,36.107,94.155,123.07
31.712,-9.1401,-27.627,-16.157,23.995,-21.531,-4.0193,-19.337,11.833,29.977,90.285,120.79
34.292,-13.42,-30.187,-12.071,26.544,-23.98,-4.5458,-23.08,6.2798,24.288,86.064,118.52
35.763,-17.418,-32.748,-8.0826,28.915,-26.412,-5.088,-26.587,1.043,19.082,81.554,116.21
35.717,-21.216,-35.151,-4.2273,30.728,-28.864,-5.5043,-29.854,-3.7967,14.391,76.862,113.87
34.142,-24.808,-37.258,-0.58191,31.727,-31.3,-5.6506,-32.86,-8.1539,10.217,72.112,111.5
31.311,-28.13,-38.998,2.762,31.859,-33.647,-5.4671,-35.587,-11.98,6.5165,67.411,109.13
27.66,-31.125,-40.394,5.7486,31.305,-35.829,-5.0352,-38.026,-15.285,3.2061,62.831,106.78
23.742,-33.775,-41.548,8.3803,30.433,-37.809,-4.558,-40.188,-18.132,0.1882,58.404,104.43
20.175,-36.111,-42.604,10.711,29.668,-39.586,-4.2763,-42.088,-20.612,-2.6205,54.132,102.08
17.517,-38.184,-43.687,12.825,29.352,-41.178,-4.3753,-43.743,-22.805,-5.2664,50.013,99.723
16.057,-40.037,-44.852,14.812,29.634,-42.598,-4.9176,-45.142,-24.758,-7.7526,46.052,97.409
15.655,-41.683,-46.048,16.717,30.434,-43.834,-5.8138,-46.252,-26.476,-10.05,42.264,95.212
15.759,-43.105,-47.134,18.516,31.491,-44.85,-6.8444,-47.021,-27.937,-12.124,38.657,93.222
15.642,-44.272,-47.923,20.133,32.441,-45.6,-7.7373,-47.42,-29.122,-13.963,35.217,91.499
14.769,-45.171,-48.247,21.502,32.907,-46.055,-8.2761,-47.469,-30.039,-15.595,31.905,90.038
12.985,-45.809,-48.01,22.61,32.6,-46.211,-8.3816,-47.251,-30.736,-17.086,28.671,88.759
10.41,-46.22,-47.213,23.493,31.402,-46.107,-8.1214,-46.891,-31.288,-18.522,25.476,87.532
7.2985,-46.449,-45.962,24.196,29.376,-45.805,-7.655,-46.515,-31.786,-19.988,22.303,86.222
3.9654,-46.547,-44.422,24.754,26.733,-45.385,-7.1576,-46.215,-32.301,-21.544,19.157,84.745
0.71395,-46.562,-42.769,25.189,23.788,-44.911,-6.7441,-46.01,-32.867,-23.206,16.059,83.088
-2.2012,-46.528,-41.152,25.527,20.896,-44.429,-6.4162,-45.853,-33.471,-24.949,13.025,81.314
-4.5826,-46.462,-39.689,25.787,18.377,-43.961,-6.0693,-45.657,-34.072,-26.729,10.053,79.526
-6.261,-46.368,-38.477,25.979,16.463,-43.521,-5.5674,-45.342,-34.634,-28.512,7.1157,77.821
-7.0896,-46.247,-37.604,26.099,15.298,-43.129,-4.8323,-44.875,-35.148,-30.298,4.1716,76.255
-7.0144,-46.105,-37.134,26.142,14.935,-42.814,-3.892,-44.281,-35.639,-32.108,1.1796,74.827
-6.1465,-45.959,-37.08,26.113,15.321,-42.603,-2.8744,-43.624,-36.15,-33.966,-1.8847,73.491
-4.7632,-45.829,-37.382,26.038,16.3,-42.508,-1.9523,-42.977,-36.725,-35.867,-5.0232,72.197
-3.2458,-45.73,-37.905,25.955,17.624,-42.512,-1.273,-42.404,-37.387,-37.765,-8.2175,70.919
-1.9828,-45.661,-38.468,25.897,18.994,-42.566,-0.90939,-41.947,-38.136,-39.59,-11.433,69.67
-1.2707,-45.606,-38.889,25.885,20.094,-42.603,-0.84094,-41.621,-38.948,-41.265,-14.628,68.487
-1.2447,-45.532,-39.016,25.911,20.664,-42.551,-0.96248,-41.417,-39.78,-42.734,-17.759,67.396
-1.8602,-45.402,-38.757,25.948,20.56,-42.351,-1.1193,-41.303,-40.581,-43.976,-20.791,66.385
-2.9242,-45.185,-38.091,25.957,19.791,-41.974,-1.1637,-41.254,-41.306,-45.015,-23.699,65.384
-4.1737,-44.862,-37.054,25.905,18.5,-41.415,-1.0102,-41.256,-41.925,-45.906,-26.465,64.285
-5.3738,-44.432,-35.709,25.776,16.882,-40.688,-0.65954,-41.314,-42.431,-46.728,-29.08,62.973
-6.3922,-43.907,-34.118,25.585,15.108,-39.812,-0.18054,-41.435,-42.849,-47.552,-31.544,61.373
-7.2125,-43.302,-32.327,25.364,13.27,-38.797,0.33296,-41.609,-43.217,-48.422,-33.869,59.471
-7.889,-42.633,-30.37,25.15,11.401,-37.655,0.80763,-41.802,-43.578,-49.341,-36.077,57.308
-8.4868,-41.909,-28.285,24.968,9.5073,-36.396,1.2237,-41.961,-43.949,-50.26,-38.188,54.951
-9.0436,-41.137,-26.123,24.821,7.6129,-35.034,1.6255,-42.028,-44.315,-51.097,-40.206,52.468
-9.5628,-40.327,-23.947,24.7,5.7661,-33.599,2.1053,-41.958,-44.627,-51.76,-42.116,49.908
-10.024,-39.501,-21.835,24.587,4.042,-32.138,2.7649,-41.729,-44.825,-52.177,-43.895,47.288
-10.401,-38.701,-19.89,24.469,2.5225,-30.736,3.6729,-41.336,-44.862,-52.316,-45.521,44.575
-10.68,-37.989,-18.237,24.345,1.2671,-29.5,4.8314,-40.791,-44.721,-52.19,-46.99,41.687
-10.875,-37.422,-16.981,24.223,0.28709,-28.535,6.1717,-40.114,-44.411,-51.844,-48.315,38.504
-11.037,-37.021,-16.15,24.114,-0.46229,-27.882,7.5787,-39.337,-43.963,-51.339,-49.526,34.882
-11.24,-36.745,-15.657,24.023,-1.0682,-27.483,8.9361,-38.502,-43.418,-50.733,-50.659,30.684
-11.547,-36.517,-15.338,23.941,-1.6227,-27.208,10.172,-37.654,-42.814,-50.065,-51.747,25.794
-11.983,-36.266,-15.038,23.851,-2.1735,-26.926,11.285,-36.808,-42.169,-49.353,-52.807,20.144
-12.511,-35.945,-14.675,23.734,-2.6907,-26.558,12.344,-35.924,-41.47,-48.594,-53.831,13.736
-13.043,-35.543,-14.252,23.574,-3.0781,-26.091,13.449,-34.9,-40.673,-47.772,-54.79,6.6611
-13.458,-35.068,-13.838,23.368,-3.2202,-25.558,14.683,-33.601,-39.72,-46.863,-55.641,-0.90104
-13.635,-34.541,-13.519,23.125,-3.0346,-25.006,16.087,-31.903,-38.56,-45.833,-56.344,-8.7138
-13.469,-33.979,-13.346,22.856,-2.5058,-24.461,17.645,-29.725,-37.155,-44.64,-56.87,-16.52
-12.885,-33.373,-13.285,22.554,-1.6976,-23.905,19.303,-27.051,-35.478,-43.228,-57.203,-24.076
-11.875,-32.671,-13.202,22.183,-0.75649,-23.257,20.992,-23.915,-33.5,-41.537,-57.342,-31.181
-10.537,-31.778,-12.883,21.677,0.098618,-22.39,22.657,-20.386,-31.18,-39.516,-57.29,-37.703
-9.0779,-30.568,-12.086,20.969,0.61715,-21.155,24.282,-16.545,-28.484,-37.133,-57.058,-43.592
-7.7647,-28.922,-10.609,20.013,0.58407,-19.417,25.904,-12.48,-25.4,-34.396,-56.666,-48.869
-6.8424,-26.75,-8.3612,18.794,-0.11175,-17.093,27.575,-8.2845,-21.965,-31.358,-56.15,-53.594
-6.458,-24.011,-5.3865,17.325,-1.4392,-14.163,29.313,-4.0607,-18.278,-28.111,-55.553,-57.835
-6.6157,-20.707,-1.8352,15.635,-3.2389,-10.661,31.07,0.092017,-14.484,-24.769,-54.913,-61.629
-7.1812,-16.859,2.1144,13.756,-5.2839,-6.6494,32.761,4.0874,-10.735,-21.435,-54.245,-64.977
-7.9284,-12.471,6.3395,11.696,-7.3579,-2.1723,34.296,7.8631,-7.1522,-18.176,-53.537,-67.842
-8.5964,-7.4677,10.828,9.4076,-9.3172,2.7861,35.592,11.389,-3.7917,-15.014,-52.763,-70.173
-8.9481,-1.6899,15.68,6.7706,-11.117,8.3231,36.561,14.677,-0.63342,-11.922,-51.89,-71.923
-8.8304,5.0367,21.037,3.6298,-12.798,14.568,37.113,17.782,2.4103,-8.8297,-50.889,-73.066
-8.2225,12.751,26.976,-0.1205,-14.455,21.562,37.167,20.798,5.467,-5.643,-49.732,-73.598
-7.2458,21.218,33.417,-4.4353,-16.198,29.141,36.668,23.826,8.6568,-2.2762,-48.398,-73.531
-6.1238,29.937,40.111,-9.0837,-18.115,36.908,35.599,26.921,12.033,1.3099,-46.882,-72.897
-5.0986,38.327,46.716,-13.743,-20.227,44.374,33.994,30.045,15.538,5.0792,-45.211,-71.754
-4.3369,45.985,52.918,-18.168,-22.476,51.167,31.967,33.047,19.006,8.9165,-43.46,-70.195
-3.8654,52.812,58.527,-22.295,-24.749,57.161,29.702,35.69,22.218,12.653,-41.741,-68.352
-3.5603,58.957,63.493,-26.211,-26.907,62.443,27.403,37.722,24.967,16.109,-40.188,-66.385
-3.1959,64.665,67.865,-30.047,-28.815,67.199,25.219,38.952,27.116,19.136,-38.919,-64.449
-2.5354,70.145,71.731,-33.875,-30.369,71.608,23.215,39.313,28.622,21.653,-38.005,-62.665
-1.4326,75.483,75.161,-37.659,-31.506,75.774,21.39,38.86,29.536,23.666,-37.447,-61.085
0.10152,80.62,78.173,-41.262,-32.212,79.687,19.696,37.734,29.977,25.258,-37.183,-59.694
1.9168,85.351,80.708,-44.513,-32.51,83.217,18.035,36.111,30.085,26.551,-37.115,-58.422
3.8226,89.415,82.656,-47.269,-32.434,86.17,16.283,34.152,29.98,27.663,-37.141,-57.183
5.6924,92.619,83.914,-49.472,-32.003,88.39,14.347,31.981,29.731,28.656,-37.197,-55.91
7.5009,94.919,84.442,-51.15,-31.212,89.831,12.187,29.669,29.349,29.511,-37.27,-54.588
9.2986,96.398,84.264,-52.388,-30.048,90.542,9.7919,27.243,28.8,30.131,-37.418,-53.264
11.16,97.18,83.422,-53.295,-28.499,90.604,7.1316,24.705,28.025,30.371,-37.747,-52.039
13.124,97.367,81.944,-53.965,-26.575,90.069,4.1403,22.061,26.97,30.095,-38.384,-51.031
15.155,96.99,79.813,-54.452,-24.312,88.932,0.73257,19.329,25.599,29.229,-39.424,-50.332
17.128,96.014,76.947,-54.77,-21.781,87.113,-3.1398,16.537,23.895,27.774,-40.894,-49.973
18.856,94.362,73.222,-54.908,-19.137,84.479,-7.4217,13.7,21.848,25.787,-42.75,-49.912
20.157,91.964,68.573,-54.854,-16.641,80.904,-11.958,10.811,19.453,23.358,-44.888,-50.053
20.975,88.787,63.067,-54.6,-14.44,76.35,-16.553,7.8575,16.722,20.59,-47.178,-50.269
21.488,84.849,56.795,-54.146,-12.303,70.895,-21.017,4.8578,13.706,17.607,-49.496,-50.437
22.104,80.208,49.705,-53.485,-9.722,64.671,-25.178,1.8932,10.511,14.55,-51.74,-50.451
23.338,74.947,41.67,-52.601,-6.2872,57.791,-28.87,-0.89236,7.2996,11.565,-53.849,-50.248
25.595,69.149,32.737,-51.471,-1.9293,50.33,-31.938,-3.3261,4.2458,8.7785,-55.807,-49.814
28.963,62.882,23.262,-50.071,3.1254,42.383,-34.242,-5.2596,1.4929,6.2621,-57.641,-49.198
33.155,56.21,13.827,-48.374,8.5499,34.139,-35.674,-6.612,-0.89095,4.0175,-59.409,-48.503
37.581,49.216,5.0004,-46.339,13.995,25.906,-36.187,-7.3851,-2.9272,1.9752,-61.187,-47.863
41.519,42.016,-2.8248,-43.906,19.049,18.029,-35.81,-7.647,-4.7081,0.020515,-63.046,-47.416
44.31,34.739,-9.4465,-41.006,23.246,10.761,-34.649,-7.5011,-6.3518,-1.9633,-65.039,-47.267
45.502,27.484,-14.782,-37.593,26.175,4.1941,-32.859,-7.0535,-7.9522,-4.0513,-67.192,-47.461
44.886,20.297,-18.834,-33.683,27.619,-1.7216,-30.611,-6.3928,-9.5433,-6.2506,-69.499,-47.97
42.502,13.187,-21.713,-29.368,27.647,-7.0849,-28.071,-5.582,-11.092,-8.4968,-71.931,-48.691
38.647,6.1943,-23.635,-24.8,26.613,-11.947,-25.402,-4.6583,-12.516,-10.67,-74.432,-49.468
33.861,-0.57121,-24.876,-20.13,25.023,-16.263,-22.758,-3.6383,-13.724,-12.629,-76.933,-50.131
28.804,-6.9127,-25.686,-15.446,23.321,-19.934,-20.258,-2.5278,-14.65,-14.249,-79.354,-50.535
24.041,-12.622,-26.251,-10.768,21.758,-22.913,-17.928,-1.3386,-15.28,-15.472,-81.638,-50.603
19.868,-17.558,-26.664,-6.0628,20.391,-25.24,-15.713,-0.10632,-15.656,-16.318,-83.773,-50.342
16.258,-21.694,-26.943,-1.3321,19.159,-27.013,-13.576,1.1016,-15.865,-16.885,-85.825,-49.84
12.899,-25.094,-27.052,3.3224,17.952,-28.334,-11.577,2.1957,-16.011,-17.319,-87.942,-49.249
9.3847,-27.87,-26.939,7.6945,16.657,-29.287,-9.831,3.0844,-16.202,-17.789,-90.349,-48.74
5.5524,-30.136,-26.573,11.561,15.193,-29.945,-8.4194,3.6947,-16.534,-18.456,-93.329,-48.471
1.6704,-31.996,-25.964,14.783,13.548,-30.379,-7.3499,3.9817,-17.088,-19.456,-97.185,-48.551
-1.8234,-33.542,-25.177,17.347,11.779,-30.665,-6.5734,3.9253,-17.936,-20.888,-102.19,-49.017
-4.7106,-34.849,-24.306,19.34,9.9699,-30.881,-6.0226,3.5255,-19.131,-22.792,-108.48,-49.812
-7.0497,-35.977,-23.441,20.892,8.1842,-31.09,-5.647,2.803,-20.686,-25.139,-115.97,-50.829
-9.0206,-36.971,-22.646,22.128,6.4471,-31.327,-5.4311,1.8071,-22.557,-27.818,-124.16,-51.916
-10.795,-37.861,-21.955,23.15,4.7557,-31.606,-5.3912,0.62348,-24.634,-30.649,-132.36,-52.893
-12.478,-38.665,-21.385,24.027,3.1078,-31.926,-5.5551,-0.64105,-26.753,-33.416,-139.87,-53.58
-14.089,-39.395,-20.955,24.795,1.533,-32.281,-5.9335,-1.8742,-28.726,-35.915,-146.23,-53.848
-15.581,-40.059,-20.702,25.466,0.11132,-32.672,-6.5064,-2.9834,-30.411,-38.017,-151.34,-53.592
-16.852,-40.663,-20.677,26.037,-1.0278,-33.104,-7.2185,-3.9187,-31.732,-39.69,-155.36,-52.786
-17.772,-41.21,-20.935,26.498,-1.7327,-33.587,-7.9902,-4.6675,-32.694,-40.986,-158.56,-51.497
-18.213,-41.706,-21.509,26.844,-1.8682,-34.133,-8.7389,-5.2443,-33.364,-42.017,-161.26,-49.843
-18.093,-42.168,-22.411,27.079,-1.3487,-34.756,-9.4016,-5.6634,-33.846,-42.908,-163.61,-48.013
-17.404,-42.618,-23.643,27.221,-0.15391,-35.474,-9.9491,-5.9283,-34.214,-43.763,-165.72,-46.184
-16.215,-43.087,-25.206,27.298,1.6711,-36.311,-10.383,-6.0166,-34.508,-44.615,-167.59,-44.474
-14.661,-43.602,-27.087,27.344,4.023,-37.289,-10.718,-5.8831,-34.713,-45.418,-169.18,-42.946
-12.919,-44.188,-29.232,27.384,6.7448,-38.412,-10.954,-5.4743,-34.763,-46.078,-170.39,-41.536
-11.183,-44.84,-31.522,27.43,9.6251,-39.646,-11.057,-4.7554,-34.573,-46.48,-171.12,-40.109
-9.6283,-45.516,-33.77,27.471,12.407,-40.911,-10.96,-3.7441,-34.08,-46.537,-171.3,-38.495
-8.3824,-46.138,-35.749,27.483,14.819,-42.083,-10.593,-2.5405,-33.291,-46.23,-170.92,-36.532
-7.5133,-46.608,-37.241,27.434,16.625,-43.018,-9.9304,-1.3436,-32.319,-45.645,-170.03,-34.114
-7.0184,-46.839,-38.096,27.299,17.69,-43.585,-9.0254,-0.41714,-31.399,-44.965,-168.81,-31.222
-6.8234,-46.756,-38.286,27.057,18.031,-43.704,-8.0108,-0.013303,-30.805,-44.43,-167.52,-27.928
-6.789,-46.319,-37.926,26.673,17.855,-43.36,-7.0521,-0.24696,-30.726,-44.214,-166.4,-24.377
-6.7459,-45.508,-37.259,26.084,17.518,-42.632,-6.2694,-0.99033,-31.11,-44.299,-165.41,-20.655
-6.5489,-44.321,-36.577,25.17,17.32,-41.692,-5.6793,-1.864,-31.565,-44.358,-163.87,-16.674
-6.09,-42.77,-35.945,23.744,17.245,-40.673,-5.215,-2.3061,-31.361,-43.657,-160.03,-12.026
-5.2194,-40.765,-34.902,21.566,17,-39.326,-4.8253,-1.5981,-29.396,-40.886,-151.2,-5.8561
-3.6007,-37.902,-32.742,18.447,16.323,-36.892,-4.5232,1.1591,-23.868,-33.503,-146.51,3.1447
-0.7856,-33.507,-29.108,14.604,15.089,-32.552,-4.3367,7.2082,-11.938,-15.417,-186.13,15.775
1.1613,-27.031,-24.159,11.563,13.284,-25.865,-4.3655,12.798,-15.303,-14.992,-186.45,20.056
-3.1803,-18.38,-18.455,12.171,10.778,-16.83,-4.8357,-3.9783,-25.426,-21.074,-185.9,14.608
-3.8237,-7.6856,-12.787,11.845,2.6412,-5.9242,-5.9726,-23.102,-40.527,-32.337,-186.36,19.466
-4.2361,5.8414,-7.3826,2.9282,-26.684,5.6815,-7.8399,-42.443,-57.46,-48.021,-187.65,25.79
-4.6236,23.438,1.7204,-8.8321,-44.06,16.135,-10.456,-55.655,-67.862,-61.22,-188.38,35.144
-3.3331,43.714,42.159,-21.065,-52.337,23.503,-13.991,-54.631,-61.982,-60.527,-184.62,51.763
2.5751,64.647,96.349,-34.131,-49.679,27.646,-18.406,-31.039,-29.83,-31.873,-164.64,82.382
17.65,85.255,90.938,-49.356,-34.628,39.145,-20.442,21.32,42.816,45.803,-88.897,135.3
47.935,102.1,71.883,-69.109,-8.611,75.83,-14.658,104.7,170.43,210.65,119.41,220.37
94.037,118.67,47.216,-97.039,26.356,86.665,-1.3371,215.27,353.27,466.81,390.38,352.36
146.33,145.1,20.147,-137.65,68.392,88.256,14.289,337.97,573.89,789.65,736.91,544.95
206.36,183.23,-10.572,-192.96,116.19,92.195,22.244,453.17,815.98,1167.7,1152.5,773.61
279.68,230.36,-50.473,-258.71,171.89,95.183,8.7068,546.25,1053.7,1561.2,1596.9,1018.2
365.57,278.05,-106.14,-327.95,240.86,90.43,-26.399,609.38,1259.1,1918.9,2014.4,1253.5
460.81,308.16,-182.44,-391.77,325.56,68.11,-68.23,642.74,1406.9,2188.7,2344.3,1446.6
559.08,306.62,-282.91,-439.14,423.01,18.119,-103.18,649.87,1476.5,2326.9,2534,1567.3
647.67,268.82,-405.66,-461.31,525.48,-65.819,-123.87,631.08,1451.6,2305.1,2551.3,1594.7
714.8,196.97,-538.52,-454.92,622.97,-176.94,-130.77,579.16,1320.4,2113.7,2391,1522
752.36,99.192,-663.23,-421.82,702.99,-294.23,-132.58,479.03,1077.7,1762,2074.4,1357
755.29,-11.812,-762.41,-367.08,753.18,-402.47,-143.04,315.55,728.38,1276.9,1642.3,1119.9
721.96,-121.99,-823.29,-297.1,766.41,-488.84,-174.19,84.595,291.22,700.65,1146.3,838.41
654.04,-219.66,-839.1,-218,741.3,-544.46,-230.85,-200.99,-198.51,88.495,640.57,542.3
555.93,-296.86,-809.68,-135.11,680.09,-565.36,-309.78,-512.22,-690.46,-495.76,175.14,258.8
434.61,-348.5,-740.19,-53.669,588.27,-551.97,-400.66,-809.86,-1127.8,-989.75,-210.1,8.7815
300.35,-371.7,-639.28,20.15,473.72,-508.92,-488.61,-1053.8,-1460.6,-1345.9,-490.09,-194.45
167.05,-367.02,-518.47,78.733,348.38,-443.89,-558.46,-1213.2,-1658.8,-1542.9,-657.12,-344.66
50.022,-338.6,-391.1,117.19,227.04,-365.32,-599.25,-1274.9,-1717.4,-1588.7,-720.12,-442.37
-38.877,-292.69,-269.79,135.35,122.18,-281.27,-606.42,-1245.1,-1653.8,-1511.4,-700.65,-492.58
-91.551,-236.99,-164.72,136,41.577,-199.96,-581.29,-1145,-1500.6,-1351.5,-626.05,-503.01
-109.13,-179.72,-82.438,123.68,-9.5053,-129.68,-529.62,-1002.7,-1297.5,-1153.2,-522.62,-484.14
-101.32,-129.64,-30.369,104.21,-28.775,-78.476,-459.59,-845.35,-1082.5,-952.72,-410.91,-447.46
-79.151,-93.668,-6.6445,84.101,-27.789,-48.597,-381.13,-693.6,-882.74,-771.64,-304.06,-402.92
-55.153,-72.773,-1.8222,67.221,-18.979,-35.738,-305.46,-558.86,-712.19,-619.44,-208.45,-357.59
-38.082,-63.168,-6.9038,55.318,-10.089,-34.221,-239.4,-444.74,-574.94,-497.58,-125.71,-315.3
-30.365,-60.329,-15.093,50.755,-4.563,-38.727,-185.46,-350.89,-469.09,-403.73,-54.408,-277.81
-30.427,-61.06,-20.999,49.526,-3.6447,-44.123,-144.11,-278.35,-390.85,-334.86,0.4424,-242.67
-29.734,-62.935,-23.116,49.014,-4.4058,-46.893,-114.07,-226.09,-332.6,-279.3,42.716,-213.68
-33.791,-61.21,-24.007,47.546,-6.0348,-44.333,-93.256,-186.8,-286.18,-228.56,77.515,-189.84
-40.193,-54.814,-20.979,43.925,-10.876,-40.724,-79.083,-154.34,-246.56,-185.58,104.36,-168.3
-41.02,-50.839,-18.866,39.264,-13.55,-38.647,-68.233,-126.57,-210.36,-152.9,124.28,-148.3
-35.89,-48.987,-18.096,35.875,-13.888,-37.571,-58.189,-103.35,-177.4,-128.29,139.34,-130.41
-30.783,-48.09,-18.663,34.047,-12.341,-37.295,-47.664,-84.16,-148.81,-108.73,135.85,-115.2
-27.452,-47.71,-20.224,33.109,-9.6244,-37.584,-36.286,-68.38,-125.89,-93.151,110.66,-102.71
-24.749,-47.604,-22.225,32.621,-6.5124,-38.119,-25.208,-56.253,-108.96,-81.633,110.95,-92.853
-22.372,-47.588,-24.086,32.36,-3.686,-38.593,-17.908,-50.292,-97.335,-70.475,116.69,-85.164
-20.411,-47.539,-25.39,32.189,-1.6239,-38.815,-17.639,-49.369,-89.059,-57.234,121.04,-78.91
-19.12,-47.398,-26.061,32.009,-0.38241,-38.772,-17.418,-46.334,-80.923,-47.39,123.74,-73.618
-18.559,-47.159,-26.289,31.745,0.33806,-38.585,-15.889,-41.807,-72.675,-40.124,125.25,-69.106
-18.294,-46.838,-26.29,31.351,0.80874,-38.388,-14.408,-37.443,-65.88,-34.272,125.9,-65.306
-17.844,-46.457,-26.216,30.823,1.1943,-38.23,-13.3,-33.726,-60.562,-29.431,125.93,-62.136
-17.103,-46.035,-26.181,30.2,1.649,-38.087,-12.411,-30.765,-56.276,-25.422,125.49,-59.47
-16.215,-45.588,-26.25,29.541,2.2995,-37.924,-11.512,-28.572,-52.745,-22.14,124.67,-57.174
-15.249,-45.129,-26.425,28.9,3.1623,-37.725,-10.449,-27.13,-49.828,-19.522,123.51,-55.135
-14.234,-44.659,-26.627,28.313,4.1191,-37.47,-9.1858,-26.402,-47.46,-17.529,122.05,-53.306
-13.252,-44.155,-26.716,27.796,4.9771,-37.109,-7.7882,-26.324,-45.588,-16.112,120.29,-51.676
-12.421,-43.585,-26.543,27.346,5.554,-36.577,-6.3794,-26.789,-44.139,-15.193,118.26,-50.232
-11.837,-42.92,-26.007,26.938,5.7347,-35.827,-5.0763,-27.634,-43.01,-14.66,115.97,-48.92
-11.533,-42.162,-25.105,26.541,5.4993,-34.873,-3.9375,-28.651,-42.068,-14.398,113.48,-47.639
-11.487,-41.338,-23.95,26.13,4.9248,-33.796,-2.9508,-29.625,-41.177,-14.306,110.8,-46.275
-11.644,-40.497,-22.718,25.692,4.1497,-32.72,-2.0529,-30.387,-40.222,-14.325,107.97,-44.749
-11.943,-39.692,-21.573,25.231,3.3152,-31.757,-1.1699,-30.853,-39.131,-14.424,104.98,-43.042
-12.328,-38.963,-20.61,24.766,2.515,-30.965,-0.2534,-31.036,-37.885,-14.584,101.84,-41.211
-12.743,-38.321,-19.841,24.319,1.7808,-30.34,0.69392,-31.026,-36.508,-14.781,98.503,-39.358
-13.134,-37.76,-19.22,23.912,1.1073,-29.834,1.6169,-30.956,-35.059,-14.989,94.965,-37.583
-13.444,-37.257,-18.692,23.56,0.49927,-29.386,2.4344,-30.956,-33.614,-15.206,91.211,-35.951
-13.606,-36.788,-18.227,23.261,0.0073254,-28.951,3.0743,-31.122,-32.255,-15.464,87.251,-34.476
-13.523,-36.333,-17.835,22.993,-0.26902,-28.511,3.5028,-31.492,-31.034,-15.811,83.082,-33.141
-13.087,-35.871,-17.566,22.713,-0.21093,-28.078,3.7428,-32.031,-29.958,-16.286,78.681,-31.909
-12.234,-35.392,-17.494,22.375,0.269,-27.687,3.8796,-32.642,-28.981,-16.882,74.05,-30.748
-11,-34.903,-17.688,21.948,1.1788,-27.38,4.0446,-33.199,-28.023,-17.546,69.214,-29.645
-9.5445,-34.429,-18.17,21.439,2.4238,-27.2,4.3748,-33.587,-27.005,-18.193,64.227,-28.627
-8.1115,-34.014,-18.897,20.889,3.8197,-27.176,4.9626,-33.744,-25.885,-18.746,59.173,-27.745
-6.9515,-33.705,-19.766,20.357,5.1402,-27.313,5.8201,-33.662,-24.668,-19.173,54.155,-27.05
-6.2339,-33.526,-20.641,19.895,6.1889,-27.581,6.8822,-33.366,-23.4,-19.486,49.302,-26.564
-5.9871,-33.456,-21.394,19.52,6.8646,-27.916,8.0358,-32.882,-22.128,-19.725,44.698,-26.251
-6.0923,-33.431,-21.943,19.203,7.1932,-28.237,9.1635,-32.218,-20.876,-19.929,40.39,-26.026
-6.3234,-33.365,-22.274,18.885,7.3105,-28.468,10.177,-31.376,-19.626,-20.114,36.386,-25.796
-6.4124,-33.19,-22.433,18.497,7.4086,-28.566,11.028,-30.37,-18.338,-20.27,32.666,-25.489
-6.1299,-32.873,-22.504,17.999,7.6704,-28.523,11.707,-29.245,-16.964,-20.371,29.205,-25.06
-5.3618,-32.414,-22.557,17.39,8.2094,-28.346,12.236,-28.056,-15.459,-20.383,25.996,-24.493
-4.1537,-31.823,-22.619,16.713,9.0273,-28.034,12.657,-26.833,-13.788,-20.271,23.062,-23.784
-2.7024,-31.107,-22.65,16.024,10.004,-27.574,13.013,-25.566,-11.924,-20.013,20.444,-22.944
-1.2967,-30.262,-22.56,15.368,10.932,-26.946,13.326,-24.222,-9.8519,-19.611,18.172,-22.009
-0.22064,-29.288,-22.251,14.748,11.584,-26.138,13.587,-22.785,-7.5738,-19.105,16.239,-21.041
0.3453,-28.186,-21.653,14.118,11.779,-25.164,13.755,-21.282,-5.1054,-18.553,14.59,-20.126
0.37539,-26.952,-20.747,13.397,11.427,-24.048,13.785,-19.762,-2.4714,-18.007,13.136,-19.343
-0.015448,-25.577,-19.544,12.505,10.537,-22.813,13.656,-18.264,0.30553,-17.479,11.791,-18.72
-0.6394,-24.059,-18.062,11.417,9.2004,-21.466,13.383,-16.785,3.2182,-16.936,10.513,-18.202
-1.3229,-22.423,-16.324,10.195,7.5731,-19.993,13.031,-15.29,6.2819,-16.31,9.3141,-17.654
-1.9595,-20.718,-14.375,8.98,5.8481,-18.381,12.693,-13.741,9.5331,-15.519,8.2524,-16.904
-2.4871,-18.997,-12.288,7.9295,4.222,-16.619,12.47,-12.112,13.022,-14.485,7.4063,-15.806
-2.8252,-17.274,-10.136,7.1322,2.8623,-14.695,12.439,-10.387,16.81,-13.139,6.8482,-14.293
-2.8723,-15.487,-7.9612,6.5614,1.8691,-12.579,12.647,-8.5354,20.968,-11.42,6.6276,-12.394
-2.5889,-13.508,-5.7508,6.0954,1.2348,-10.215,13.099,-6.4956,25.574,-9.2775,6.7627,-10.207
-2.0723,-11.19,-3.4242,5.5848,0.8283,-7.5255,13.767,-4.1871,30.706,-6.671,7.2374,-7.8639
-1.5421,-8.4363,-0.85422,4.9204,0.4185,-4.4523,14.601,-1.539,36.431,-3.5804,8.0073,-5.4838
-1.2625,-5.2574,2.066,4.0621,-0.26493,-1.0043,15.547,1.4801,42.802,-0.0078392,9.013,-3.1487
-1.4517,-1.7663,5.3571,3.0227,-1.4433,2.7149,16.562,4.8547,49.873,4.0266,10.2,-0.88877
-2.2144,1.8761,8.9393,1.8275,-3.2128,6.5375,17.627,8.537,57.72,8.5003,11.537,1.3122
-3.5076,5.5427,12.671,0.47592,-5.5187,10.301,18.733,12.465,66.444,13.408,13.021,3.5006
-5.1428,9.201,16.403,-1.0789,-8.1757,13.917,19.874,16.561,76.15,18.776,14.669,5.7308
-6.823,12.929,20.02,-2.9238,-10.918,17.401,21.029,20.727,86.842,24.654,16.498,8.0454
-8.2143,16.892,23.479,-5.1551,-13.463,20.875,22.166,24.83,98.288,31.107,18.504,10.465
-9.0397,21.291,26.842,-7.8298,-15.591,24.545,23.251,28.726,109.98,38.184,20.658,12.992
-9.1638,26.283,30.288,-10.919,-17.199,28.646,24.253,32.313,121.33,45.891,22.929,15.623
-8.6219,31.893,34.05,-14.293,-18.318,33.339,25.151,35.571,131.94,54.172,25.308,18.364
-7.5685,37.972,38.279,-17.762,-19.068,38.609,25.941,38.579,141.69,62.926,27.817,21.232
-6.178,44.257,42.907,-21.156,-19.587,44.235,26.62,41.468,150.62,72.014,30.49,24.233
-4.5745,50.5,47.662,-24.404,-19.979,49.901,27.182,44.362,158.77,81.252,33.346,27.326
-2.8265,56.556,52.232,-27.549,-20.283,55.348,27.604,47.321,166.12,90.387,36.357,30.414
-0.98928,62.373,56.434,-30.708,-20.531,60.442,27.856,50.325,172.67,99.117,39.444,33.355
0.84927,67.938,60.264,-33.976,-20.825,65.161,27.912,53.285,178.43,107.17,42.5,35.998
2.5442,73.226,63.85,-37.352,-21.355,69.54,27.771,56.057,183.43,114.36,45.409,38.229
3.9051,78.178,67.362,-40.717,-22.325,73.629,27.468,58.461,187.74,120.64,48.076,40.004
4.7566,82.723,70.922,-43.888,-23.867,77.464,27.081,60.32,191.41,126.04,50.453,41.356
5.0197,86.815,74.549,-46.718,-25.964,81.052,26.707,61.512,194.5,130.63,52.545,42.382
4.7615,90.456,78.152,-49.154,-28.444,84.378,26.441,62.026,197.08,134.49,54.422,43.21
4.1816,93.689,81.57,-51.225,-31.022,87.417,26.347,61.982,199.23,137.66,56.186,43.953
3.5544,96.579,84.638,-53.004,-33.375,90.157,26.444,61.583,201.03,140.18,57.943,44.685
3.1633,99.183,87.232,-54.56,-35.228,92.597,26.708,61.034,202.51,142.07,59.749,45.438
3.2452,101.54,89.294,-55.947,-36.405,94.746,27.083,60.472,203.69,143.38,61.585,46.215
3.9463,103.65,90.828,-57.196,-36.859,96.609,27.501,59.934,204.53,144.15,63.351,47.012
5.2836,105.51,91.88,-58.33,-36.673,98.181,27.89,59.364,204.96,144.42,64.914,47.83
7.138,107.11,92.523,-59.362,-36.03,99.451,28.197,58.648,204.89,144.22,66.164,48.673
9.3003,108.43,92.824,-60.298,-35.136,100.4,28.39,57.654,204.3,143.59,67.071,49.534
11.554,109.45,92.814,-61.141,-34.13,101.01,28.458,56.27,203.23,142.56,67.681,50.385
13.743,110.16,92.483,-61.894,-33.038,101.26,28.406,54.422,201.78,141.15,68.077,51.166
15.797,110.56,91.772,-62.56,-31.786,101.14,28.242,52.08,200.02,139.39,68.324,51.795
17.738,110.64,90.592,-63.143,-30.249,100.62,27.969,49.253,198.01,137.27,68.444,52.191
19.655,110.38,88.843,-63.635,-28.295,99.661,27.576,45.963,195.75,134.73,68.433,52.315
21.645,109.74,86.44,-63.997,-25.848,98.223,27.03,42.227,193.23,131.7,68.28,52.184
23.749,108.65,83.349,-64.162,-22.929,96.281,26.27,38.067,190.4,128.13,67.993,51.871
25.904,107.05,79.607,-64.056,-19.67,93.831,25.232,33.54,187.24,123.96,67.609,51.476
27.945,104.92,75.311,-63.629,-16.269,90.898,23.879,28.769,183.68,119.22,67.197,51.1
29.652,102.28,70.586,-62.875,-12.932,87.527,22.212,23.938,179.7,113.97,66.842,50.816
30.808,99.185,65.534,-61.821,-9.8308,83.763,20.276,19.236,175.26,108.33,66.614,50.655
31.267,95.688,60.205,-60.512,-7.0828,79.631,18.144,14.792,170.35,102.4,66.538,50.604
30.997,91.841,54.603,-59.001,-4.7498,75.145,15.903,10.638,164.93,96.241,66.578,50.621
30.088,87.674,48.717,-57.336,-2.8357,70.303,13.654,6.7213,158.96,89.846,66.637,50.644
28.735,83.187,42.549,-55.553,-1.2876,65.089,11.497,2.9427,152.34,83.201,66.593,50.612
27.201,78.34,36.137,-53.658,-0.0024222,59.465,9.5274,-0.80193,144.97,76.312,66.326,50.458
25.78,73.057,29.594,-51.621,1.1486,53.385,7.8215,-4.5901,136.78,69.239,65.759,50.096
24.744,67.271,23.143,-49.389,2.2858,46.845,6.4204,-8.455,127.75,62.099,64.874,49.426
24.262,60.981,17.064,-46.909,3.4977,39.956,5.3207,-12.375,118.02,55.046,63.706,48.35
24.341,54.282,11.565,-44.162,4.8345,32.953,4.4797,-16.273,107.84,48.238,62.308,46.809
24.804,47.353,6.6826,-41.178,6.3098,26.112,3.8326,-20.023,97.592,41.795,60.718,44.808
25.358,40.391,2.3128,-38.026,7.8989,19.64,3.3131,-23.488,87.671,35.771,58.948,42.43
25.711,33.553,-1.6904,-34.784,9.5383,13.62,2.8694,-26.561,78.402,30.164,56.986,39.817
25.657,26.948,-5.4285,-31.528,11.133,8.0582,2.4759,-29.187,69.966,24.937,54.818,37.131
25.12,20.657,-8.9323,-28.319,12.582,2.9398,2.1401,-31.378,62.396,20.044,52.433,34.504
24.137,14.74,-12.186,-25.198,13.806,-1.7479,1.9027,-33.192,55.627,15.452,49.829,31.998
22.816,9.2034,-15.165,-22.147,14.781,-6.0273,1.8265,-34.716,49.557,11.139,47.012,29.587
21.314,3.9947,-17.855,-19.08,15.537,-9.9338,1.9785,-36.033,44.087,7.0935,44.009,27.192
19.827,-0.96424,-20.249,-15.884,16.152,-13.498,2.408,-37.195,39.14,3.3054,40.868,24.722
18.56,-5.7159,-22.351,-12.493,16.723,-16.726,3.126,-38.209,34.641,-0.24647,37.644,22.11
17.652,-10.238,-24.173,-8.9295,17.345,-19.601,4.0914,-39.046,30.503,-3.6005,34.381,19.327
17.092,-14.461,-25.739,-5.285,18.078,-22.107,5.2177,-39.673,26.623,-6.8066,31.108,16.374
16.709,-18.32,-27.086,-1.6647,18.912,-24.257,6.4084,-40.072,22.899,-9.909,27.836,13.267
16.242,-21.792,-28.248,1.8502,19.739,-26.107,7.608,-40.248,19.252,-12.932,24.565,10.031
15.421,-24.899,-29.24,5.1999,20.367,-27.737,8.8258,-40.228,15.64,-15.88,21.291,6.6958
14.012,-27.679,-30.051,8.3263,20.577,-29.223,10.12,-40.056,12.055,-18.751,18.01,3.294
11.85,-30.159,-30.657,11.168,20.199,-30.609,11.554,-39.786,8.5092,-21.55,14.73,-0.13656
8.8991,-32.352,-31.033,13.683,19.172,-31.901,13.134,-39.479,5.0202,-24.291,11.473,-3.5513
5.2918,-34.263,-31.184,15.859,17.567,-33.08,14.773,-39.18,1.605,-26.981,8.2723,-6.8983
1.3104,-35.908,-31.16,17.719,15.586,-34.13,16.3,-38.917,-1.7225,-29.611,5.1604,-10.121
-2.6724,-37.322,-31.064,19.303,13.518,-35.06,17.504,-38.693,-4.9537,-32.158,2.1602,-13.168
-6.2658,-38.556,-31.031,20.656,11.678,-35.906,18.212,-38.49,-8.0871,-34.593,-0.7233,-16.002
-9.1344,-39.674,-31.197,21.829,10.331,-36.721,18.338,-38.274,-11.126,-36.895,-3.5046,-18.608
-11.072,-40.724,-31.657,22.861,9.6411,-37.554,17.911,-38.001,-14.078,-39.055,-6.2127,-20.995
-12.034,-41.727,-32.445,23.769,9.6675,-38.427,17.051,-37.637,-16.948,-41.069,-8.8796,-23.194
-12.08,-42.673,-33.532,24.549,10.391,-39.333,15.926,-37.169,-19.741,-42.941,-11.526,-25.249
-11.31,-43.527,-34.828,25.184,11.732,-40.229,14.687,-36.613,-22.46,-44.67,-14.148,-27.21
-9.8577,-44.251,-36.196,25.656,13.542,-41.054,13.433,-36.003,-25.106,-46.256,-16.719,-29.126
-7.9396,-44.813,-37.474,25.961,15.593,-41.742,12.199,-35.372,-27.675,-47.697,-19.194,-31.029
-5.8664,-45.204,-38.504,26.114,17.577,-42.242,10.975,-34.737,-30.162,-48.994,-21.541,-32.932
-3.9882,-45.439,-39.17,26.154,19.16,-42.54,9.7378,-34.102,-32.555,-50.154,-23.758,-34.836
-2.6313,-45.558,-39.412,26.136,20.057,-42.653,8.4924,-33.458,-34.843,-51.183,-25.887,-36.734
-2.0826,-45.609,-39.227,26.125,20.105,-42.623,7.2822,-32.796,-37.006,-52.088,-28.008,-38.628
-2.5379,-45.638,-38.654,26.177,19.285,-42.494,6.1753,-32.113,-39.028,-52.874,-30.211,-40.529
-4.007,-45.679,-37.762,26.33,17.707,-42.3,5.2289,-31.417,-40.898,-53.545,-32.562,-42.446
-6.288,-45.745,-36.644,26.591,15.576,-42.066,4.4612,-30.72,-42.612,-54.102,-35.072,-44.377
-9.0302,-45.832,-35.413,26.937,13.162,-41.809,3.8497,-30.009,-44.17,-54.532,-37.683,-46.296
-11.828,-45.922,-34.194,27.325,10.754,-41.547,3.3505,-29.235,-45.569,-54.801,-40.293,-48.143
-14.3,-45.992,-33.104,27.707,8.6222,-41.295,2.9225,-28.32,-46.803,-54.859,-42.788,-49.823
-16.13,-46.021,-32.237,28.039,6.9737,-41.06,2.5401,-27.191,-47.874,-54.656,-45.083,-51.224
-17.12,-46,-31.643,28.295,5.9257,-40.847,2.1931,-25.838,-48.795,-54.174,-47.141,-52.248
-17.237,-45.934,-31.332,28.46,5.4975,-40.656,1.8764,-24.335,-49.601,-53.446,-48.978,-52.843
-16.63,-45.828,-31.279,28.529,5.6248,-40.489,1.5806,-22.831,-50.336,-52.558,-50.644,-53.025
-15.575,-45.682,-31.436,28.492,6.182,-40.347,1.2876,-21.505,-51.044,-51.62,-52.196,-52.875
-14.378,-45.486,-31.731,28.342,6.9999,-40.225,0.97209,-20.496,-51.752,-50.724,-53.673,-52.501
-13.281,-45.221,-32.07,28.071,7.8899,-40.1,0.60777,-19.851,-52.451,-49.917,-55.086,-52.005
-12.402,-44.864,-32.339,27.679,8.6821,-39.931,0.17681,-19.505,-53.095,-49.181,-56.412,-51.433
-11.736,-44.395,-32.423,27.174,9.2646,-39.663,-0.32269,-19.308,-53.619,-48.452,-57.612,-50.766
-11.223,-43.801,-32.242,26.577,9.6016,-39.239,-0.87863,-19.081,-53.962,-47.642,-58.652,-49.931
-10.762,-43.084,-31.78,25.931,9.7331,-38.629,-1.4777,-18.689,-54.097,-46.682,-59.512,-48.843
-10.182,-42.266,-31.089,25.284,9.7708,-37.833,-2.1202,-18.096,-54.038,-45.535,-60.192,-47.439
-9.2474,-41.385,-30.251,24.676,9.8753,-36.881,-2.8251,-17.368,-53.824,-44.206,-60.695,-45.703
-7.7859,-40.497,-29.323,24.123,10.166,-35.811,-3.6169,-16.613,-53.484,-42.721,-61.017,-43.646
-5.8669,-39.649,-28.292,23.627,10.581,-34.663,-4.5029,-15.914,-53.02,-41.107,-61.139,-41.293
-3.8926,-38.875,-27.071,23.2,10.817,-33.467,-5.4563,-15.26,-52.396,-39.379,-61.036,-38.667
-2.476,-38.191,-25.558,22.867,10.444,-32.26,-6.4208,-14.548,-51.548,-37.535,-60.689,-35.79
-2.2071,-37.594,-23.709,22.666,9.1259,-31.082,-7.3362,-13.634,-50.413,-35.559,-60.098,-32.694
-3.4642,-37.071,-21.565,22.62,6.7684,-29.965,-8.1659,-12.408,-48.958,-33.439,-59.293,-29.436
-6.2873,-36.603,-19.235,22.728,3.5091,-28.925,-8.9075,-10.864,-47.206,-31.182,-58.336,-26.108
-10.305,-36.174,-16.879,22.954,-0.31692,-27.972,-9.5816,-9.1121,-45.245,-28.816,-57.31,-22.827
-14.81,-35.775,-14.709,23.244,-4.2061,-27.116,-10.21,-7.3228,-43.199,-26.384,-56.288,-19.728
-18.993,-35.407,-12.937,23.533,-7.5955,-26.382,-10.8,-5.6395,-41.181,-23.921,-55.31,-16.918
-22.179,-35.073,-11.696,23.766,-10.029,-25.794,-11.341,-4.1089,-39.228,-21.432,-54.365,-14.436
-23.928,-34.765,-11.008,23.9,-11.258,-25.352,-11.81,-2.6579,-37.292,-18.883,-53.387,-12.213
-24.048,-34.449,-10.823,23.904,-11.257,-25.015,-12.18,-1.1224,-35.252,-16.203,-52.281,-10.078
-22.63,-34.058,-11.028,23.742,-10.19,-24.69,-12.422,0.68615,-32.977,-13.317,-50.948,-7.8018
-20.052,-33.501,-11.437,23.375,-8.3625,-24.262,-12.515,2.9034,-30.374,-10.167,-49.319,-5.1802
-16.857,-32.685,-11.834,22.766,-6.1802,-23.626,-12.438,5.5611,-27.426,-6.7383,-47.369,-2.0992
-13.599,-31.527,-12.038,21.886,-4.0537,-22.72,-12.178,8.5905,-24.18,-3.059,-45.115,1.4347
-10.764,-29.957,-11.939,20.718,-2.279,-21.526,-11.726,11.871,-20.713,0.82078,-42.608,5.3138
-8.6825,-27.909,-11.45,19.239,-1.0242,-20.025,-11.08,15.289,-17.091,4.8537,-39.915,9.3788
-7.4415,-25.311,-10.469,17.417,-0.38522,-18.164,-10.244,18.774,-13.356,9.0052,-37.107,13.467
-6.8769,-22.091,-8.9102,15.206,-0.38366,-15.852,-9.2329,22.29,-9.5422,13.242,-34.259,17.441
-6.6837,-18.185,-6.7501,12.56,-0.93163,-12.996,-8.0709,25.822,-5.7126,17.514,-31.441,21.205
-6.5464,-13.56,-4.0395,9.4519,-1.846,-9.5395,-6.7991,29.346,-1.971,21.736,-28.708,24.702
-6.1967,-8.2337,-0.86341,5.8983,-2.9215,-5.4753,-5.4669,32.814,1.5525,25.805,-26.087,27.922
-5.4678,-2.2875,2.711,1.9732,-4.0182,-0.84467,-4.1179,36.147,4.742,29.622,-23.573,30.893
-4.3547,4.1487,6.6628,-2.1936,-5.1029,4.2795,-2.7823,39.242,7.5368,33.123,-21.136,33.683
-3.0003,10.923,11.009,-6.4432,-6.2259,9.811,-1.49,42.016,9.9559,36.297,-18.736,36.378
-1.6183,17.885,15.767,-10.632,-7.4685,15.662,-0.28739,44.446,12.098,39.186,-16.336,39.059
-0.40825,24.902,20.904,-14.675,-8.8939,21.735,0.76456,46.599,14.114,41.865,-13.916,41.784
0.51768,31.861,26.283,-18.563,-10.506,27.9,1.6153,48.604,16.157,44.413,-11.48,44.573
1.1737,38.685,31.675,-22.365,-12.224,34.002,2.2512,50.601,18.32,46.882,-9.0539,47.407
1.6882,45.343,36.824,-26.179,-13.902,39.897,2.7033,52.668,20.597,49.276,-6.6795,50.234
2.2483,51.829,41.55,-30.069,-15.39,45.495,3.0326,54.781,22.886,51.553,-4.4012,52.969
3.0182,58.11,45.801,-33.991,-16.596,50.758,3.3076,56.81,25.032,53.637,-2.2522,55.515
4.068,64.09,49.64,-37.795,-17.506,55.675,3.5882,58.555,26.882,55.448,-0.24756,57.777
5.362,69.638,53.171,-41.292,-18.172,60.23,3.9151,59.813,28.318,56.917,1.6158,59.702
6.822,74.648,56.474,-44.36,-18.661,64.411,4.2981,60.433,29.276,58.004,3.3533,61.288
8.4095,79.092,59.576,-46.991,-19.024,68.219,4.7118,60.349,29.745,58.691,4.9854,62.583
10.149,83.016,62.451,-49.268,-19.267,71.672,5.1055,59.579,29.756,58.972,6.5323,63.666
12.093,86.505,65.053,-51.307,-19.36,74.8,5.4148,58.199,29.371,58.849,8.0116,64.622
14.261,89.65,67.342,-53.207,-19.264,77.634,5.5614,56.321,28.666,58.331,9.4368,65.526
16.593,92.527,69.299,-55.028,-18.957,80.2,5.4436,54.068,27.722,57.446,10.812,66.434
18.938,95.185,70.916,-56.787,-18.449,82.517,4.9366,51.551,26.607,56.243,12.122,67.369
21.12,97.652,72.182,-58.476,-17.779,84.589,3.9186,48.856,25.367,54.786,13.328,68.319
23.027,99.931,73.059,-60.083,-16.989,86.395,2.3058,46.029,24.017,53.144,14.369,69.23
24.684,102,73.481,-61.596,-16.076,87.885,0.064213,43.085,22.541,51.378,15.187,70.023
26.245,103.81,73.346,-63.004,-14.974,88.976,-2.8046,40.02,20.911,49.533,15.75,70.606
27.925,105.26,72.526,-64.289,-13.575,89.553,-6.2691,36.828,19.09,47.633,16.067,70.895
29.901,106.22,70.884,-65.411,-11.774,89.477,-10.238,33.495,17.036,45.669,16.184,70.83
32.22,106.54,68.308,-66.305,-9.5212,88.606,-14.523,30.004,14.718,43.601,16.165,70.378
34.769,106.06,64.746,-66.889,-6.8625,86.822,-18.862,26.343,12.122,41.382,16.074,69.546
37.298,104.66,60.239,-67.076,-3.9428,84.059,-23.007,22.536,9.2761,38.983,15.964,68.382
39.496,102.26,54.922,-66.79,-0.97721,80.314,-26.795,18.674,6.2741,36.421,15.867,66.967
41.076,98.86,48.993,-65.977,1.8039,75.649,-30.151,14.924,3.2692,33.76,15.786,65.397
41.843,94.485,42.663,-64.602,4.2127,70.174,-33.048,11.504,0.44749,31.083,15.692,63.756
41.716,89.2,36.121,-62.646,6.144,64.027,-35.436,8.6341,-2.0218,28.466,15.519,62.084
40.72,83.093,29.515,-60.105,7.5875,57.343,-37.221,6.4692,-4.037,25.955,15.186,60.367
38.968,76.295,22.971,-57.014,8.617,50.242,-38.335,5.0508,-5.5995,23.563,14.61,58.541
36.639,68.988,16.631,-53.459,9.3552,42.835,-38.798,4.2904,-6.8168,21.265,13.732,56.511
33.947,61.368,10.683,-49.575,9.9163,35.234,-38.685,4.0042,-7.8636,19.013,12.545,54.185
31.085,53.586,5.3428,-45.489,10.351,27.579,-38.033,3.9868,-8.9131,16.769,11.104,51.497
28.174,45.688,0.77576,-41.245,10.634,20.061,-36.834,4.0858,-10.071,14.525,9.5182,48.439
25.232,37.626,-2.975,-36.767,10.695,12.9,-35.068,4.2398,-11.348,12.317,7.9135,45.066
22.174,29.333,-5.9879,-31.9,10.485,6.2991,-32.758,4.4652,-12.673,10.204,6.3999,41.486
18.875,20.86,-8.4139,-26.519,10.015,0.38736,-29.989,4.8132,-13.932,8.2463,5.0483,37.845
15.295,12.453,-10.426,-20.673,9.3677,-4.7924,-26.887,5.3249,-15.015,6.4836,3.8829,34.281
11.587,4.5073,-12.188,-14.654,8.6814,-9.2673,-23.61,6.0036,-15.844,4.9189,2.8837,30.894
8.0492,-2.6132,-13.841,-8.8891,8.1076,-13.115,-20.361,6.8044,-16.405,3.5172,1.9964,27.718
4.9746,-8.7337,-15.5,-3.7354,7.7746,-16.447,-17.382,7.6408,-16.747,2.2121,1.1432,24.721
2.5164,-13.893,-17.249,0.66622,7.7588,-19.393,-14.859,8.4048,-16.975,0.91797,0.23135,21.821
0.67847,-18.263,-19.139,4.3711,8.0782,-22.076,-12.8,8.9953,-17.22,-0.45531,-0.83917,18.919
-0.62482,-22.044,-21.174,7.525,8.7036,-24.59,-11.036,9.3414,-17.608,-1.9904,-2.1634,15.929
-1.4985,-25.393,-23.325,10.252,9.5833,-26.985,-9.3748,9.4103,-18.234,-3.7542,-3.8148,12.8
-2.023,-28.393,-25.533,12.61,10.667,-29.272,-7.7273,9.1947,-19.153,-5.7941,-5.8278,9.5321
-2.2354,-31.064,-27.739,14.595,11.926,-31.435,-6.1079,8.6906,-20.388,-8.131,-8.1844,6.1491
-2.13,-33.392,-29.895,16.187,13.362,-33.448,-4.5789,7.885,-21.926,-10.744,-10.806,2.7019
-1.6725,-35.365,-31.981,17.382,15,-35.29,-3.2205,6.7676,-23.711,-13.554,-13.543,-0.74101
-0.82962,-36.996,-34.013,18.216,16.859,-36.961,-2.1208,5.3587,-25.642,-16.422,-16.217,-4.0963
0.3866,-38.336,-36.017,18.767,18.929,-38.479,-1.3508,3.7323,-27.566,-19.16,-18.641,-7.2636
1.8897,-39.461,-38.008,19.144,21.148,-39.874,-0.93776,2.0102,-29.324,-21.59,-20.667,-10.138
3.5112,-40.449,-39.957,19.453,23.396,-41.169,-0.84447,0.33953,-30.778,-23.58,-22.222,-12.609
5.0327,-41.352,-41.775,19.771,25.49,-42.363,-0.97593,-1.1447,-31.841,-25.079,-23.316,-14.599
6.2338,-42.178,-43.329,20.127,27.212,-43.418,-1.2068,-2.3578,-32.49,-26.121,-24.043,-16.077
6.9552,-42.901,-44.479,20.501,28.364,-44.275,-1.4195,-3.2895,-32.779,-26.797,-24.507,-17.063
7.1316,-43.486,-45.133,20.857,28.828,-44.883,-1.5392,-3.9966,-32.795,-27.221,-24.783,-17.627
6.7912,-43.916,-45.281,21.168,28.604,-45.231,-1.5455,-4.5703,-32.629,-27.481,-24.912,-17.866
6.0234,-44.215,-45.013,21.436,27.808,-45.362,-1.4568,-5.0953,-32.364,-27.625,-24.889,-17.875
4.9332,-44.441,-44.482,21.7,26.631,-45.363,-1.3017,-5.6115,-32.047,-27.664,-24.687,-17.741
3.6087,-44.67,-43.863,22.016,25.284,-45.336,-1.0897,-6.1049,-31.685,-27.578,-24.293,-17.511
2.1154,-44.961,-43.286,22.43,23.937,-45.355,-0.80388,-6.5284,-31.266,-27.348,-23.699,-17.207
0.50919,-45.326,-42.799,22.958,22.695,-45.439,-0.40673,-6.8482,-30.787,-26.973,-22.924,-16.836
-1.1485,-45.726,-42.354,23.571,21.582,-45.536,0.14123,-7.0923,-30.291,-26.5,-22.019,-16.403
-2.7788,-46.076,-41.84,24.213,20.554,-45.545,0.85352,-7.3727,-29.894,-26.038,-21.064,-15.918
-4.2957,-46.276,-41.127,24.822,19.52,-45.354,1.6952,-7.8521,-29.746,-25.732,-20.162,-15.399
-5.6422,-46.253,-40.113,25.346,18.369,-44.881,2.5856,-8.6651,-29.97,-25.715,-19.403,-14.862
-6.8345,-45.97,-38.751,25.758,17.019,-44.099,3.4344,-9.8206,-30.57,-26.026,-18.796,-14.26
-7.9751,-45.43,-37.055,26.042,15.433,-43.025,4.1885,-11.133,-31.349,-26.516,-18.163,-13.432
-9.2139,-44.632,-35.029,26.184,13.551,-41.681,4.8582,-12.195,-31.876,-26.745,-17.012,-12.01
-10.673,-43.538,-32.582,26.13,11.264,-40.029,5.5082,-12.369,-31.437,-25.876,-14.345,-9.3332
-12.367,-42.01,-29.552,25.747,8.545,-37.939,6.234,-10.819,-28.896,-22.458,-8.455,-4.3858
-14.098,-39.774,-25.825,24.76,5.5545,-35.188,7.1232,-6.5632,-22.155,-13.646,2.197,4.1495
-15.17,-36.402,-21.423,22.739,2.5693,-31.46,8.1372,1.3876,-10.808,-4.356,-3.6206,16.355
-13.662,-31.545,-16.576,20.143,-0.15042,-26.332,9.0158,3.1053,-19.073,-6.8054,-5.6288,12.859
-15.021,-25.835,-11.803,21.887,-2.8102,-19.33,9.4294,-14.046,-29.981,-14.056,-10.547,9.9094
-19.587,-18.886,-7.8735,18.016,-10.829,-10.268,9.2328,-32.706,-45.842,-27.431,-17.411,13.407
-24.265,-2.6966,-5.4998,8.2339,-33.966,0.2065,8.4206,-50.395,-62.489,-43.019,-21.522,18.715
-27.216,21.039,-4.1088,-1.75,-47.285,10.625,7.0966,-59.716,-71.262,-52.398,-15.165,28.399
-25.923,43.301,7.2181,-12.254,-53.57,19.264,5.8627,-51.596,-60.52,-43.535,10.28,47.642
-17.652,63.273,79.039,-24.4,-51.092,24.741,7.2327,-18.885,-19.726,-2.2648,64.892,82.705
0.49328,82.978,86.741,-40.483,-38.575,34.092,12.385,41.186,59.206,93.335,164.51,140.67
31.689,102.2,71.946,-64.054,-16.248,72.444,17.498,127.4,187.01,268.79,326.81,231.39
79.511,125.46,52.585,-99.272,16.608,83.285,20.59,232.69,362.44,519.77,562.61,369.09
143.87,159.43,30.679,-150.14,61.265,87.063,25.609,343.46,572.05,840.24,868.6,561.85
220.46,205.98,3.8341,-217.15,115.29,93.271,39.784,441.41,799.42,1209.6,1224.8,791.36
309.01,261.26,-33.515,-292.63,177.18,98.843,21.504,510.85,1022,1588.8,1594.7,1039.3
404.51,310.06,-88.553,-366.34,249.92,97.29,-19.255,549.17,1214.7,1928.3,1929.9,1276.7
499.41,334.58,-167.34,-426.59,334.08,78.716,-58.665,562.24,1354.4,2178,2179.8,1469
586.31,323.97,-270.75,-463.09,427.46,32.085,-84.068,555.71,1421.5,2297.2,2301.7,1585.5
657.31,274.18,-395.27,-470.26,524.81,-51.84,-90.804,529.41,1399.5,2260.9,2269.5,1605.9
704.61,189.13,-529.17,-447.76,616.15,-167.6,-84.532,474.46,1274.8,2061.6,2078.3,1524.5
721.59,80.163,-654.47,-399.54,688.47,-287.1,-77.498,374.54,1039.9,1707.7,1744.1,1350.4
704.49,-37.666,-753.59,-332.05,730.33,-396.39,-84.709,213.61,697.63,1223,1301,1104.7
653.76,-149.97,-813.22,-252.45,735.12,-483.51,-119.51,-13.362,265.81,648.05,794.99,816.3
574.09,-245.23,-826.87,-167.65,701.63,-539.22,-187.55,-294.05,-220.07,38.154,277.88,515.83
473.59,-315.6,-795.23,-84.244,633.89,-559.98,-283.75,-599.09,-708.97,-542.42,-199.88,230.75
362.93,-357.46,-724.85,-8.4183,541.03,-547.33,-393.05,-888.35,-1143.4,-1031.9,-596.51,-18.084
253.32,-371.27,-625.89,53.112,435.25,-506.01,-495.35,-1121.2,-1472,-1385,-885.66,-217.95
153.59,-359.6,-509.48,95.382,327.61,-442.16,-572.2,-1267.7,-1662.1,-1581.4,-1058.7,-363.91
69.693,-325.57,-386.88,118.53,226.18,-362.98,-610.97,-1316.4,-1707.7,-1626.2,-1122.5,-457.24
4.2483,-274.29,-269.48,124.79,137.45,-277.36,-607.43,-1275.6,-1629.8,-1546.2,-1096.3,-503.56
-41.886,-214.19,-167.38,117.87,65.783,-195.15,-566.75,-1168.2,-1466.8,-1383,-1007.4,-510.62
-65.061,-155.59,-86.32,103.08,11.846,-125.05,-501.35,-1022.1,-1260.4,-1180.8,-885.07,-488.19
-73.381,-108.87,-30.844,86.295,-21.694,-74.144,-425.93,-861.91,-1046.5,-976.9,-754.45,-447.42
-72.964,-79.133,-1.1423,70.232,-36.332,-43.937,-351.3,-705.96,-849.61,-795.31,-631.61,-398.58
-66.753,-64.219,7.4897,54.051,-37.047,-30.635,-281.97,-566.78,-682.82,-645.9,-523.91,-349.29
-58.288,-58.967,1.7218,47.942,-29.671,-29.659,-220.12,-450.77,-548.56,-527.27,-435.72,-303.71
-50.788,-59.177,-10.028,46.7,-20.152,-35.937,-169.15,-358.55,-445.51,-435.12,-368.29,-263.17
-39.496,-62.09,-20.784,45.686,-12.46,-43.856,-131.35,-289.18,-372.19,-366.55,-318.95,-230.11
-26.609,-64.145,-28.042,43.547,-5.0482,-49.481,-105.29,-238.77,-317.92,-313.45,-281.52,-205.89
-24.125,-58.584,-30.908,40.031,-0.15781,-47.587,-88.265,-200.52,-273.35,-267.65,-248.79,-186.29
-22.345,-51.756,-29.135,36.176,-0.29749,-43.452,-75.82,-169.2,-234.18,-225.44,-217.69,-168.69
-19.785,-48.334,-27.525,33.114,0.089674,-40.987,-65.029,-142.11,-198.97,-187.54,-188.07,-152.95
-16.721,-46.268,-26.387,30.963,0.98444,-39.162,-54.527,-118.48,-168.02,-155.63,-161.21,-139.77
-13.906,-44.749,-25.677,29.411,2.052,-37.77,-44.079,-98.151,-141.81,-130.09,-138.92,-128.69
-11.92,-43.564,-25.151,28.229,2.8665,-36.724,-33.94,-81.204,-120.99,-110.97,-122.61,-118.52
-11.013,-42.619,-24.52,27.318,3.0667,-35.887,-24.778,-68.218,-105.85,-97.926,-111.91,-109.47
-11.184,-41.852,-23.605,26.637,2.4845,-35.131,-19.162,-62.071,-95.497,-89.315,-104.22,-102.12
-12.219,-41.224,-22.413,26.154,1.2116,-34.399,-17.184,-62.815,-87.393,-81.783,-96.347,-96.348
-13.721,-40.708,-21.117,25.824,-0.422,-33.696,-14.583,-61.407,-78.723,-73.322,-88.085,-91.813
-15.203,-40.278,-19.943,25.59,-1.978,-33.06,-11.329,-57.327,-70.576,-66.059,-80.918,-88.211
-16.208,-39.902,-19.052,25.392,-3.0726,-32.525,-8.2103,-53.094,-64.352,-60.556,-75.281,-85.302
-16.414,-39.546,-18.504,25.188,-3.4829,-32.095,-5.5667,-49.531,-59.691,-56.232,-70.912,-82.868
-15.707,-39.191,-18.276,24.966,-3.1829,-31.741,-3.4667,-46.709,-56.065,-52.739,-67.486,-80.691
-14.247,-38.839,-18.277,24.755,-2.3363,-31.414,-1.8851,-44.517,-53.142,-49.902,-64.74,-78.572
-12.45,-38.517,-18.351,24.614,-1.2605,-31.062,-0.78677,-42.815,-50.7,-47.593,-62.468,-76.375
-10.854,-38.262,-18.328,24.601,-0.36168,-30.658,-0.14462,-41.486,-48.579,-45.709,-60.511,-74.057
-9.953,-38.094,-18.073,24.737,-0.027517,-30.206,0.069234,-40.457,-46.673,-44.177,-58.762,-71.666
-10.105,-38.006,-17.525,24.999,-0.49493,-29.733,-0.10271,-39.696,-44.937,-42.96,-57.164,-69.315
-11.434,-37.96,-16.694,25.323,-1.7762,-29.266,-0.59136,-39.194,-43.367,-42.055,-55.704,-67.134
-13.726,-37.905,-15.624,25.629,-3.6918,-28.817,-1.2946,-38.934,-41.984,-41.484,-54.391,-65.232
-16.468,-37.792,-14.383,25.838,-5.949,-28.376,-2.0832,-38.89,-40.82,-41.283,-53.253,-63.673
-19.046,-37.593,-13.06,25.9,-8.2094,-27.926,-2.8215,-39.02,-39.904,-41.482,-52.306,-62.466
-20.98,-37.307,-11.781,25.809,-10.154,-27.459,-3.3945,-39.28,-39.249,-42.077,-51.54,-61.575
-22.021,-36.96,-10.687,25.601,-11.551,-26.982,-3.7313,-39.615,-38.834,-43.007,-50.915,-60.917
-22.124,-36.59,-9.8865,25.335,-12.297,-26.527,-3.8129,-39.964,-38.588,-44.151,-50.365,-60.376
-21.387,-36.235,-9.4244,25.064,-12.402,-26.132,-3.664,-40.248,-38.396,-45.363,-49.816,-59.818
-20.009,-35.921,-9.2937,24.819,-11.939,-25.832,-3.3327,-40.382,-38.131,-46.511,-49.212,-59.118
-18.255,-35.652,-9.4603,24.606,-11.027,-25.637,-2.8652,-40.292,-37.695,-47.517,-48.53,-58.188
-16.414,-35.411,-9.8712,24.404,-9.8095,-25.533,-2.2902,-39.949,-37.052,-48.37,-47.778,-56.995
-14.754,-35.163,-10.463,24.183,-8.4316,-25.48,-1.6166,-39.384,-36.245,-49.119,-46.994,-55.573
-13.465,-34.864,-11.176,23.907,-7.0092,-25.436,-0.84373,-38.678,-35.38,-49.847,-46.222,-54.005
-12.632,-34.485,-11.955,23.549,-5.6381,-25.379,0.025699,-37.931,-34.584,-50.633,-45.49,-52.398
-12.239,-34.033,-12.751,23.105,-4.4069,-25.328,0.97357,-37.225,-33.958,-51.521,-44.804,-50.854
-12.197,-33.562,-13.52,22.597,-3.3843,-25.332,1.9645,-36.6,-33.542,-52.507,-44.139,-49.449
-12.365,-33.154,-14.238,22.067,-2.5925,-25.446,2.9509,-36.052,-33.304,-53.537,-43.455,-48.21
-12.582,-32.886,-14.907,21.568,-1.9903,-25.697,3.8743,-35.533,-33.155,-54.52,-42.701,-47.101
-12.689,-32.789,-15.538,21.142,-1.4867,-26.068,4.6559,-34.97,-32.98,-55.352,-41.829,-46.024
-12.565,-32.831,-16.132,20.804,-0.97872,-26.497,5.2026,-34.277,-32.67,-55.937,-40.808,-44.846
-12.138,-32.94,-16.68,20.538,-0.38708,-26.903,5.4401,-33.394,-32.147,-56.212,-39.641,-43.441
-11.386,-33.031,-17.173,20.305,0.327,-27.212,5.3401,-32.305,-31.381,-56.159,-38.364,-41.735
-10.339,-33.034,-17.605,20.06,1.1656,-27.384,4.9181,-31.053,-30.393,-55.806,-37.044,-39.718
-9.0911,-32.905,-17.975,19.766,2.1006,-27.403,4.2295,-29.71,-29.236,-55.211,-35.752,-37.446
-7.7946,-32.624,-18.28,19.402,3.0764,-27.274,3.3729,-28.327,-27.967,-54.437,-34.53,-35.012
-6.6316,-32.186,-18.511,18.962,4.0148,-27.009,2.4814,-26.906,-26.627,-53.531,-33.379,-32.526
-5.7635,-31.593,-18.656,18.445,4.8281,-26.628,1.6927,-25.414,-25.231,-52.514,-32.266,-30.1
-5.2828,-30.847,-18.703,17.849,5.4393,-26.145,1.1091,-23.824,-23.775,-51.39,-31.149,-27.837
-5.1828,-29.945,-18.636,17.156,5.7998,-25.567,0.76893,-22.143,-22.246,-50.154,-30.005,-25.829
-5.3577,-28.873,-18.426,16.337,5.8978,-24.882,0.64112,-20.412,-20.629,-48.803,-28.838,-24.139
-5.6326,-27.605,-18.034,15.348,5.7552,-24.061,0.64712,-18.673,-18.906,-47.333,-27.658,-22.771
-5.8086,-26.117,-17.421,14.151,5.4212,-23.068,0.69876,-16.931,-17.048,-45.734,-26.471,-21.646
-5.7115,-24.406,-16.569,12.73,4.9645,-21.889,0.7347,-15.149,-15.006,-43.986,-25.261,-20.599
-5.2318,-22.507,-15.496,11.116,4.4642,-20.537,0.73995,-13.25,-12.71,-42.053,-23.997,-19.427
-4.3447,-20.472,-14.251,9.3724,3.9976,-19.044,0.74521,-11.15,-10.08,-39.887,-22.644,-17.952
-3.1034,-18.338,-12.895,7.5723,3.6256,-17.436,0.81332,-8.7672,-7.0384,-37.434,-21.173,-16.064
-1.6132,-16.084,-11.473,5.7547,3.3802,-15.706,1.0182,-6.0377,-3.5281,-34.653,-19.563,-13.747
-0.0056428,-13.609,-9.9913,3.9041,3.258,-13.798,1.4145,-2.914,0.46629,-31.52,-17.804,-11.059
1.5825,-10.759,-8.4049,1.9612,3.2229,-11.615,2.0082,0.62206,4.9,-28.046,-15.902,-8.0953
3.0301,-7.376,-6.6297,-0.14287,3.2159,-9.0346,2.751,4.5434,9.669,-24.274,-13.879,-4.9585
4.2506,-3.3529,-4.5651,-2.4564,3.1669,-5.9423,3.564,8.775,14.638,-20.264,-11.762,-1.7267
5.2022,1.3257,-2.1178,-4.9924,3.0014,-2.2711,4.3721,13.217,19.692,-16.074,-9.567,1.5665
5.8758,6.5705,0.78608,-7.7217,2.6405,1.9716,5.1328,17.79,24.79,-11.724,-7.2755,4.9467
6.2658,12.204,4.2023,-10.564,1.9957,6.7044,5.8504,22.485,29.999,-7.1743,-4.8217,8.5
6.3439,18.001,8.1752,-13.383,0.96433,11.805,6.5695,27.369,35.503,-2.32,-2.1023,12.352
6.0594,23.739,12.741,-16.006,-0.56294,17.156,7.3493,32.546,41.59,2.9794,0.98969,16.623
5.3695,29.261,17.926,-18.285,-2.681,22.678,8.2323,38.084,48.619,8.8609,4.5265,21.381
4.2745,34.519,23.725,-20.158,-5.4428,28.333,9.2254,43.956,56.954,15.422,8.5278,26.612
2.8301,39.557,30.083,-21.66,-8.8351,34.104,10.301,50.05,66.805,22.707,12.972,32.219
1.1332,44.454,36.863,-22.878,-12.759,39.948,11.414,56.205,77.991,30.71,17.818,38.057
-0.70315,49.251,43.838,-23.898,-17.023,45.78,12.523,62.271,89.886,39.388,23.022,43.975
-2.5732,53.937,50.738,-24.791,-21.367,51.485,13.599,68.142,101.74,48.662,28.516,49.843
-4.3932,58.487,57.329,-25.625,-25.536,56.971,14.632,73.759,113.06,58.406,34.201,55.55
-6.1085,62.897,63.471,-26.508,-29.351,62.19,15.614,79.105,123.71,68.434,39.942,61.007
-7.6873,67.197,69.116,-27.588,-32.729,67.135,16.539,84.173,133.72,78.504,45.602,66.134
-9.1041,71.41,74.25,-29.017,-35.646,71.798,17.39,88.948,143.1,88.352,51.079,70.862
-10.32,75.514,78.845,-30.877,-38.106,76.14,18.144,93.372,151.8,97.737,56.322,75.141
-11.262,79.422,82.843,-33.119,-40.113,80.081,18.771,97.347,159.63,106.47,61.318,78.947
-11.813,83.016,86.154,-35.575,-41.657,83.519,19.232,100.75,166.43,114.43,66.08,82.293
-11.823,86.198,88.683,-38.041,-42.697,86.368,19.489,103.51,172.09,121.52,70.625,85.228
-11.164,88.927,90.357,-40.373,-43.15,88.584,19.5,105.64,176.63,127.71,74.966,87.816
-9.784,91.226,91.152,-42.52,-42.911,90.182,19.241,107.27,180.15,132.99,79.101,90.106
-7.699,93.162,91.109,-44.511,-41.903,91.223,18.702,108.55,182.81,137.37,82.996,92.106
-4.942,94.817,90.332,-46.41,-40.13,91.801,17.894,109.62,184.77,140.88,86.583,93.782
-1.54,96.261,88.973,-48.278,-37.688,92.018,16.839,110.48,186.11,143.56,89.758,95.077
2.4368,97.534,87.204,-50.145,-34.753,91.966,15.584,110.99,186.89,145.48,92.414,95.949
6.7972,98.636,85.197,-51.991,-31.556,91.711,14.202,110.95,187.12,146.68,94.472,96.397
11.209,99.534,83.104,-53.756,-28.344,91.294,12.797,110.19,186.79,147.24,95.913,96.476
15.281,100.18,81.044,-55.355,-25.337,90.733,11.48,108.57,185.9,147.26,96.791,96.28
18.691,100.55,79.087,-56.71,-22.696,90.04,10.339,106.11,184.49,146.82,97.215,95.913
21.279,100.63,77.247,-57.766,-20.499,89.219,9.4026,102.89,182.61,146.05,97.317,95.45
23.03,100.42,75.471,-58.496,-18.742,88.269,8.6418,99.084,180.33,145.02,97.218,94.926
24.004,99.962,73.686,-58.893,-17.375,87.191,7.9863,94.886,177.71,143.8,97.026,94.341
24.271,99.273,71.855,-58.949,-16.343,86.001,7.3658,90.475,174.78,142.41,96.834,93.701
23.921,98.356,70.018,-58.656,-15.591,84.732,6.7423,85.993,171.56,140.89,96.72,93.029
23.118,97.185,68.26,-58.021,-15.058,83.408,6.1195,81.533,168.04,139.24,96.738,92.369
22.096,95.728,66.635,-57.087,-14.674,82.021,5.5268,77.144,164.18,137.46,96.906,91.769
21.053,93.953,65.113,-55.931,-14.37,80.513,4.9905,72.845,159.93,135.57,97.201,91.252
20.066,91.824,63.561,-54.62,-14.079,78.773,4.5096,68.632,155.23,133.56,97.562,90.81
19.111,89.281,61.755,-53.185,-13.736,76.646,4.0464,64.472,150,131.37,97.901,90.394
18.156,86.251,59.423,-51.636,-13.277,73.951,3.533,60.278,144.15,128.95,98.118,89.932
17.259,82.681,56.307,-49.994,-12.645,70.516,2.894,55.929,137.59,126.17,98.124,89.355
16.564,78.569,52.251,-48.316,-11.802,66.224,2.0789,51.319,130.24,122.93,97.868,88.63
16.209,73.966,47.25,-46.676,-10.7,61.067,1.0933,46.434,122.09,119.15,97.35,87.783
16.253,68.948,41.417,-45.112,-9.2389,55.146,0.0083855,41.366,113.25,114.82,96.625,86.879
16.704,63.578,34.92,-43.589,-7.2717,48.639,-1.0598,36.286,103.98,109.97,95.791,85.99
17.605,57.888,27.964,-42.009,-4.6866,41.755,-1.9956,31.379,94.654,104.7,94.958,85.151
19.052,51.891,20.785,-40.246,-1.4779,34.691,-2.73,26.786,85.672,99.127,94.215,84.341
21.115,45.599,13.601,-38.188,2.2559,27.606,-3.2637,22.583,77.343,93.38,93.586,83.497
23.735,39.034,6.5794,-35.767,6.3481,20.609,-3.6537,18.785,69.814,87.546,93.02,82.535
26.699,32.229,-0.14056,-32.973,10.576,13.765,-3.9781,15.359,63.075,81.667,92.399,81.381
29.667,25.239,-6.3998,-29.851,14.659,7.144,-4.2954,12.247,57.017,75.738,91.575,79.991
32.219,18.173,-12.019,-26.488,18.292,0.85473,-4.6179,9.3761,51.484,69.747,90.41,78.358
33.946,11.216,-16.845,-22.99,21.2,-4.9572,-4.9077,6.6648,46.309,63.705,88.796,76.484
34.543,4.5892,-20.808,-19.463,23.204,-10.17,-5.0962,4.0273,41.337,57.65,86.656,74.348
33.882,-1.5394,-23.936,-15.984,24.257,-14.748,-5.1146,1.3823,36.454,51.632,83.945,71.896
32.018,-7.121,-26.341,-12.583,24.453,-18.738,-4.9189,-1.3292,31.593,45.701,80.652,69.051
29.182,-12.193,-28.19,-9.2494,24.011,-22.225,-4.5014,-4.1232,26.745,39.904,76.807,65.757
25.751,-16.795,-29.668,-5.9672,23.23,-25.278,-3.8938,-6.9621,21.943,34.288,72.495,62.01
22.209,-20.923,-30.95,-2.746,22.424,-27.938,-3.1657,-9.7638,17.249,28.899,67.846,57.875
19.047,-24.55,-32.185,0.37914,21.864,-30.242,-2.4113,-12.425,12.729,23.778,63.022,53.466
16.637,-27.677,-33.488,3.3699,21.736,-32.243,-1.721,-14.849,8.4345,18.964,58.178,48.919
15.142,-30.36,-34.931,6.2001,22.128,-34.019,-1.1471,-16.967,4.3938,14.479,53.42,44.342
14.486,-32.693,-36.537,8.8464,23.026,-35.649,-0.68531,-18.756,0.59983,10.321,48.781,39.793
14.425,-34.767,-38.273,11.268,24.329,-37.194,-0.28687,-20.248,-2.9896,6.451,44.232,35.265
14.659,-36.643,-40.054,13.412,25.868,-38.676,0.10564,-21.522,-6.4386,2.7984,39.724,30.701
14.943,-38.335,-41.755,15.24,27.432,-40.079,0.51809,-22.682,-9.8075,-0.71615,35.224,26.034
15.115,-39.832,-43.244,16.755,28.806,-41.353,0.92191,-23.825,-13.128,-4.1484,30.733,21.22
15.076,-41.116,-44.419,18,29.828,-42.444,1.2393,-25.014,-16.394,-7.5101,26.277,16.267
14.775,-42.18,-45.241,19.026,30.437,-43.316,1.3716,-26.267,-19.574,-10.771,21.898,11.233
14.222,-43.04,-45.741,19.883,30.696,-43.961,1.2343,-27.569,-22.634,-13.879,17.644,6.2228
13.493,-43.727,-46.011,20.61,30.751,-44.405,0.78542,-28.875,-25.553,-16.783,13.565,1.3674
12.7,-44.28,-46.142,21.246,30.734,-44.69,0.036723,-30.135,-28.325,-19.455,9.7131,-3.206
11.89,-44.728,-46.171,21.825,30.665,-44.853,-0.95291,-31.301,-30.949,-21.894,6.1288,-7.4039
10.932,-45.088,-46.041,22.376,30.408,-44.908,-2.1002,-32.343,-33.417,-24.129,2.8342,-11.191
9.548,-45.363,-45.621,22.919,29.719,-44.84,-3.3258,-33.249,-35.715,-26.202,-0.16985,-14.593
7.4707,-45.546,-44.768,23.462,28.353,-44.618,-4.579,-34.029,-37.818,-28.152,-2.8971,-17.682
4.6015,-45.631,-43.399,24.007,26.176,-44.218,-5.8509,-34.699,-39.711,-30.011,-5.3699,-20.544
1.075,-45.619,-41.531,24.546,23.239,-43.638,-7.1663,-35.28,-41.397,-31.803,-7.6206,-23.256
-2.7736,-45.53,-39.303,25.068,19.797,-42.912,-8.5543,-35.785,-42.9,-33.548,-9.6961,-25.876
-6.5049,-45.395,-36.963,25.552,16.255,-42.116,-10.011,-36.208,-44.259,-35.266,-11.658,-28.447
-9.6756,-45.255,-34.816,25.978,13.052,-41.351,-11.48,-36.524,-45.506,-36.963,-13.575,-31.011
-11.915,-45.147,-33.135,26.323,10.57,-40.722,-12.859,-36.697,-46.656,-38.631,-15.502,-33.613
-12.985,-45.101,-32.095,26.581,9.061,-40.308,-14.032,-36.704,-47.705,-40.244,-17.466,-36.297
-12.84,-45.134,-31.743,26.758,8.5978,-40.146,-14.898,-36.541,-48.632,-41.763,-19.457,-39.092
-11.665,-45.248,-32.012,26.884,9.0566,-40.225,-15.403,-36.226,-49.414,-43.146,-21.441,-42.013
-9.8585,-45.436,-32.733,26.998,10.167,-40.492,-15.552,-35.781,-50.031,-44.349,-23.385,-45.049
-7.9404,-45.68,-33.677,27.141,11.59,-40.865,-15.393,-35.221,-50.481,-45.347,-25.274,-48.175
-6.4107,-45.959,-34.605,27.342,12.981,-41.263,-14.995,-34.565,-50.783,-46.139,-27.123,-51.355
-5.6369,-46.255,-35.336,27.612,14.036,-41.627,-14.413,-33.851,-50.974,-46.755,-28.956,-54.546
-5.7958,-46.555,-35.778,27.943,14.541,-41.935,-13.669,-33.128,-51.097,-47.252,-30.793,-57.719
-6.847,-46.845,-35.925,28.307,14.417,-42.186,-12.751,-32.445,-51.176,-47.69,-32.629,-60.861
-8.5413,-47.109,-35.817,28.669,13.733,-42.381,-11.633,-31.825,-51.213,-48.116,-34.438,-63.985
-10.511,-47.322,-35.517,28.994,12.684,-42.509,-10.311,-31.255,-51.184,-48.538,-36.176,-67.107
-12.399,-47.462,-35.085,29.257,11.502,-42.546,-8.8256,-30.685,-51.051,-48.93,-37.788,-70.229
-13.938,-47.505,-34.57,29.442,10.377,-42.469,-7.2637,-30.05,-50.773,-49.246,-39.228,-73.306
-14.97,-47.439,-33.993,29.542,9.4084,-42.263,-5.7296,-29.284,-50.325,-49.435,-40.47,-76.246
-15.435,-47.258,-33.351,29.551,8.6177,-41.925,-4.3078,-28.346,-49.704,-49.464,-41.518,-78.927
-15.354,-46.967,-32.641,29.465,7.9914,-41.462,-3.0409,-27.24,-48.945,-49.324,-42.411,-81.249
-14.815,-46.584,-31.872,29.282,7.5076,-40.899,-1.9292,-26.026,-48.109,-49.036,-43.201,-83.173
-13.959,-46.127,-31.067,29.007,7.1471,-40.267,-0.94369,-24.81,-47.269,-48.632,-43.93,-84.732
-12.938,-45.619,-30.267,28.651,6.8967,-39.604,-0.039698,-23.708,-46.474,-48.143,-44.612,-86.002
-11.891,-45.084,-29.523,28.233,6.757,-38.952,0.83286,-22.801,-45.734,-47.589,-45.226,-87.069
-10.923,-44.555,-28.908,27.778,6.748,-38.358,1.716,-22.093,-45.009,-46.973,-45.73,-87.991
-10.094,-44.071,-28.499,27.321,6.8999,-37.874,2.6199,-21.503,-44.228,-46.281,-46.077,-88.784
-9.4337,-43.667,-28.348,26.898,7.23,-37.54,3.5029,-20.891,-43.306,-45.492,-46.227,-89.422
-8.9493,-43.361,-28.453,26.536,7.72,-37.361,4.2795,-20.111,-42.172,-44.578,-46.154,-89.861
-8.6345,-43.139,-28.739,26.253,8.3073,-37.297,4.8588,-19.068,-40.792,-43.505,-45.841,-90.051
-8.4692,-42.954,-29.068,26.044,8.8982,-37.26,5.1912,-17.747,-39.185,-42.244,-45.285,-89.965
-8.4148,-42.74,-29.282,25.884,9.3958,-37.144,5.2944,-16.208,-37.412,-40.772,-44.499,-89.604
-8.4177,-42.429,-29.243,25.733,9.7283,-36.843,5.2475,-14.542,-35.548,-39.084,-43.516,-89.006
-8.4292,-41.958,-28.862,25.549,9.8568,-36.279,5.1583,-12.826,-33.648,-37.2,-42.395,-88.23
-8.4358,-41.278,-28.104,25.291,9.7553,-35.409,5.123,-11.092,-31.724,-35.159,-41.21,-87.325
-8.473,-40.358,-26.959,24.935,9.3752,-34.219,5.2017,-9.3291,-29.744,-33.004,-40.023,-86.317
-8.61,-39.179,-25.395,24.47,8.6288,-32.703,5.4212,-7.4931,-27.651,-30.769,-38.867,-85.196
-8.9148,-37.735,-23.352,23.903,7.4124,-30.845,5.7894,-5.5417,-25.396,-28.464,-37.729,-83.94
-9.4181,-36.025,-20.755,23.245,5.6545,-28.616,6.3013,-3.4626,-22.967,-26.085,-36.56,-82.543
-10.088,-34.046,-17.558,22.491,3.3638,-25.986,6.9356,-1.2869,-20.397,-23.618,-35.288,-81.041
-10.822,-31.757,-13.792,21.597,0.65745,-22.935,7.6578,0.9254,-17.736,-21.047,-33.844,-79.501
-11.471,-29.061,-9.5782,20.468,-2.2502,-19.448,8.4335,3.1212,-15.017,-18.354,-32.166,-77.995
-11.872,-25.787,-5.0992,18.971,-5.0972,-15.508,9.2417,5.292,-12.216,-15.51,-30.204,-76.55
-11.89,-21.72,-0.51892,16.965,-7.6398,-11.079,10.074,7.4901,-9.2607,-12.484,-27.934,-75.134
-11.453,-16.648,4.0937,14.327,-9.7066,-6.1096,10.922,9.8095,-6.0774,-9.2669,-25.371,-73.666
-10.568,-10.438,8.7759,10.989,-11.228,-0.54798,11.762,12.339,-2.6515,-5.8871,-22.583,-72.057
-9.3205,-3.1297,13.618,6.9808,-12.242,5.6237,12.556,15.111,0.93731,-2.4221,-19.684,-70.248
-7.8462,5.0368,18.702,2.4383,-12.875,12.351,13.263,18.081,4.5278,1.0204,-16.799,-68.228
-6.2804,13.709,24.068,-2.4365,-13.304,19.499,13.857,21.134,7.9331,4.3345,-14.02,-66.034
-4.7044,22.562,29.677,-7.4508,-13.704,26.873,14.318,24.126,11.007,7.4443,-11.384,-63.735
-3.1177,31.351,35.4,-12.471,-14.19,34.25,14.622,26.934,13.691,10.316,-8.8816,-61.411
-1.4622,39.871,41.04,-17.432,-14.798,41.392,14.734,29.502,16.029,12.957,-6.4761,-59.142
0.31173,47.913,46.405,-22.292,-15.532,48.068,14.632,31.862,18.141,15.408,-4.1164,-56.987
2.1683,55.281,51.392,-26.968,-16.434,54.118,14.33,34.128,20.172,17.743,-1.7465,-54.969
3.9464,61.844,56.027,-31.321,-17.601,59.499,13.887,36.448,22.245,20.055,0.68789,-53.074
5.3915,67.591,60.431,-35.205,-19.153,64.288,13.387,38.952,24.415,22.436,3.2296,-51.256
6.2554,72.633,64.733,-38.549,-21.157,68.63,12.92,41.686,26.666,24.946,5.8994,-49.452
6.4139,77.165,68.988,-41.405,-23.569,72.673,12.574,44.589,28.921,27.592,8.6896,-47.599
5.9349,81.388,73.143,-43.906,-26.221,76.516,12.427,47.498,31.078,30.318,11.564,-45.635
5.053,85.435,77.071,-46.196,-28.875,80.194,12.53,50.202,33.041,33.015,14.471,-43.476
4.0668,89.328,80.645,-48.35,-31.309,83.685,12.879,52.509,34.742,35.552,17.356,-41.001
3.2232,92.987,83.784,-50.343,-33.378,86.93,13.409,54.292,36.14,37.797,20.18,-38.054
2.6539,96.284,86.473,-52.101,-35.033,89.864,14.018,55.494,37.212,39.652,22.921,-34.464
2.3838,99.116,88.739,-53.566,-36.3,92.432,14.583,56.111,37.938,41.049,25.565,-30.083
2.3774,101.45,90.627,-54.744,-37.242,94.616,14.98,56.157,38.288,41.954,28.103,-24.813
2.5854,103.34,92.193,-55.686,-37.928,96.436,15.091,55.639,38.229,42.36,30.539,-18.621
2.9832,104.86,93.492,-56.458,-38.402,97.94,14.791,54.558,37.734,42.292,32.886,-11.538
3.5945,106.12,94.561,-57.124,-38.676,99.179,13.951,52.907,36.802,41.8,35.166,-3.6698
4.4854,107.17,95.412,-57.73,-38.729,100.18,12.45,50.692,35.465,40.947,37.381,4.8208
5.7326,108.05,96.013,-58.309,-38.514,100.95,10.195,47.938,33.782,39.794,39.491,13.751
7.3809,108.73,96.283,-58.864,-37.964,101.43,7.1335,44.707,31.818,38.384,41.42,22.966
9.4103,109.1,96.075,-59.368,-36.994,101.48,3.2703,41.1,29.633,36.753,43.068,32.336
11.72,108.97,95.158,-59.772,-35.519,100.91,-1.2996,37.229,27.267,34.915,44.35,41.715
14.134,108.12,93.231,-60.018,-33.499,99.438,-6.3745,33.189,24.728,32.862,45.212,50.922
16.44,106.37,89.978,-60.063,-30.959,96.809,-11.682,29.029,21.987,30.549,45.633,59.764
18.484,103.61,85.133,-59.894,-27.885,92.829,-16.928,24.758,18.988,27.908,45.617,68.086
20.273,99.881,78.529,-59.515,-24.098,87.439,-21.842,20.386,15.678,24.889,45.187,75.8
22.014,95.25,70.119,-58.938,-19.314,80.711,-26.207,15.969,12.057,21.5,44.394,82.888
24.04,89.83,60.028,-58.171,-13.341,72.828,-29.863,11.64,8.2078,17.842,43.313,89.383
26.669,83.725,48.584,-57.208,-6.2691,64.043,-32.683,7.6036,4.29,14.087,42.018,95.319
30.067,77.028,36.322,-56.029,1.479,54.647,-34.585,4.0922,0.50477,10.434,40.557,100.68
34.163,69.835,23.921,-54.594,9.2554,44.966,-35.556,1.3049,-2.9656,7.045,38.928,105.38
38.656,62.267,12.142,-52.845,16.378,35.343,-35.641,-0.66079,-6.0118,3.9995,37.072,109.24
43.08,54.48,1.7098,-50.714,22.289,26.102,-34.921,-1.8494,-8.6237,1.2817,34.902,112.06
46.893,46.612,-6.8378,-48.139,26.634,17.474,-33.501,-2.4361,-10.878,-1.1953,32.351,113.65
49.544,38.723,-13.299,-45.079,29.282,9.5451,-31.513,-2.6655,-12.895,-3.5414,29.417,113.9
50.534,30.79,-17.818,-41.542,30.334,2.3147,-29.106,-2.7734,-14.791,-5.8423,26.176,112.81
49.533,22.831,-20.764,-37.597,30.115,-4.144,-26.442,-2.9243,-16.639,-8.1371,22.752,110.49
46.55,15.048,-22.565,-33.387,29.062,-9.6204,-23.684,-3.1867,-18.466,-10.418,19.272,107.2
41.998,7.8377,-23.6,-29.086,27.551,-13.943,-20.982,-3.5476,-20.252,-12.646,15.835,103.28
36.537,1.6022,-24.141,-24.858,25.793,-17.16,-18.475,-3.9537,-21.956,-14.769,12.507,99.114
30.803,-3.4958,-24.352,-20.797,23.871,-19.492,-16.281,-4.3581,-23.538,-16.737,9.3394,95.051
25.265,-7.571,-24.337,-16.907,21.829,-21.194,-14.481,-4.7501,-24.977,-18.516,6.3749,91.384
20.258,-10.905,-24.189,-13.113,19.75,-22.489,-13.113,-5.1575,-26.281,-20.089,3.6538,88.293
16.026,-13.814,-24.017,-9.3206,17.774,-23.559,-12.167,-5.6225,-27.469,-21.445,1.2048,85.851
12.705,-16.549,-23.936,-5.4832,16.079,-24.552,-11.606,-6.1718,-28.56,-22.584,-0.96173,84.039
10.323,-19.249,-24.06,-1.6601,14.836,-25.577,-11.364,-6.8013,-29.556,-23.517,-2.8587,82.778
8.8301,-21.933,-24.477,1.9824,14.166,-26.695,-11.349,-7.4877,-30.463,-24.276,-4.5293,81.949
8.1272,-24.524,-25.23,5.2468,14.118,-27.918,-11.456,-8.2172,-31.31,-24.927,-6.0566,81.413
8.0613,-26.922,-26.313,8.0058,14.669,-29.227,-11.582,-9.0091,-32.167,-25.574,-7.561,81.012
8.4386,-29.057,-27.673,10.247,15.754,-30.58,-11.652,-9.9155,-33.125,-26.332,-9.1754,80.591
9.0594,-30.906,-29.233,12.04,17.282,-31.932,-11.635,-10.993,-34.248,-27.287,-10.99,80.021
9.7512,-32.491,-30.906,13.486,19.128,-33.244,-11.545,-12.272,-35.551,-28.449,-13.027,79.232
10.369,-33.855,-32.601,14.679,21.123,-34.488,-11.416,-13.727,-36.973,-29.75,-15.214,78.232
10.785,-35.049,-34.216,15.691,23.049,-35.641,-11.275,-15.27,-38.397,-31.063,-17.401,77.112
10.873,-36.113,-35.641,16.575,24.651,-36.683,-11.122,-16.763,-39.687,-32.239,-19.415,76.008
10.503,-37.067,-36.748,17.367,25.677,-37.581,-10.937,-18.044,-40.728,-33.163,-21.118,75.061
9.5621,-37.905,-37.408,18.09,25.926,-38.288,-10.692,-18.96,-41.458,-33.774,-22.45,74.381
7.9764,-38.604,-37.507,18.757,25.29,-38.745,-10.368,-19.412,-41.853,-34.079,-23.431,74.028
5.752,-39.142,-36.988,19.391,23.786,-38.912,-9.9631,-19.365,-41.914,-34.109,-24.108,74.007
2.9992,-39.523,-35.889,20.014,21.554,-38.797,-9.4962,-18.842,-41.672,-33.917,-24.524,74.281
-0.060304,-39.795,-34.353,20.654,18.845,-38.472,-8.9914,-17.902,-41.167,-33.551,-24.727,74.774
-3.1198,-40.042,-32.613,21.33,15.978,-38.063,-8.4647,-16.626,-40.43,-33.044,-24.757,75.391
-5.8419,-40.343,-30.938,22.034,13.284,-37.709,-7.9158,-15.1,-39.492,-32.411,-24.653,76.032
-7.9274,-40.727,-29.562,22.719,11.04,-37.504,-7.3273,-13.423,-38.389,-31.667,-24.458,76.608
-9.1899,-41.148,-28.625,23.31,9.4211,-37.464,-6.6714,-11.728,-37.187,-30.833,-24.219,77.039
-9.621,-41.513,-28.145,23.74,8.4598,-37.519,-5.9215,-10.185,-35.999,-29.971,-24.011,77.249
-9.3971,-41.725,-28.007,23.988,8.054,-37.554,-5.0666,-9.0086,-34.978,-29.173,-23.922,77.174
-8.8133,-41.709,-27.973,24.077,8.0106,-37.44,-4.1254,-8.4148,-34.293,-28.576,-24.049,76.777
-8.1804,-41.42,-27.754,24.041,8.1299,-37.064,-3.1415,-8.5272,-34.066,-28.318,-24.444,76.092
-7.734,-40.808,-27.14,23.89,8.2751,-36.325,-2.1502,-9.27,-34.261,-28.433,-25.02,75.276
-7.5826,-39.78,-26.104,23.57,8.3935,-35.155,-1.1458,-10.31,-34.603,-28.716,-25.442,74.652
-7.7072,-38.218,-24.911,22.946,8.5639,-33.633,-0.10308,-11.079,-34.545,-28.59,-25.039,74.755
-8.0044,-36.186,-24.051,21.786,8.9013,-32.179,0.97104,-10.809,-33.228,-27.026,-22.673,76.368
-8.3196,-34.032,-23.426,19.78,9.0968,-31.085,2.0727,-8.5614,-29.298,-22.286,-16.55,80.56
-8.3716,-31.643,-21.704,16.725,8.4583,-29.294,3.2587,-3.2233,-20.295,-11.166,-4.9108,88.666
-7.4208,-27.889,-17.586,13.41,6.921,-24.841,4.5557,6.0102,-9.9054,-4.8974,-7.2498,100.66
-5.0401,-21.489,-11.004,13.284,5.1983,-16.435,5.7433,1.1074,-20.861,-7.4351,-7.7897,99.35
-7.8312,-11.389,-2.4224,15.955,3.0732,-3.9073,6.3444,-16.772,-33.016,-14.907,-10.798,99.872
-10.248,3.8761,8.4143,9.6851,-9.2068,11.914,6.3181,-36.22,-49.611,-27.929,-15.745,101.85
-13.033,24.796,23.745,-1.6394,-33.28,29.308,5.6818,-52.922,-63.954,-41.175,-18.87,104.09
-15.353,48.225,50.088,-13.687,-54.137,46.144,3.4069,-59.176,-66.623,-45.995,-13.559,109.15
-15.169,70.375,90.53,-26.376,-68.463,60.782,-3.4538,-45.811,-48.73,-32.505,9.3101,121.76
-9.818,90.275,116.02,-40.576,-71.703,73.483,-1.4765,-3.4722,-2.4185,12.354,61.763,148.99
4.1754,108.67,115.27,-57.819,-60.767,88.362,20.147,73.319,84.636,114.81,160.47,200.87
32.118,126.42,99.267,-80.659,-35.555,103.16,49.086,180.4,227.24,299.5,322.88,295.12
80.487,146.49,73.822,-112.38,2.3848,105.54,75.553,301.56,421.38,561.33,557.01,454.12
145.47,174.99,43.592,-156.18,51.373,105.36,88.737,416.96,652.63,891.33,856.59,654.93
217.76,216.17,10.043,-212.18,109.05,108.7,78.55,511.5,899.08,1264.6,1202.3,875.79
297.6,265.94,-29.769,-276.68,172.17,112.55,42.403,576.18,1132.8,1642.3,1561.4,1110.8
384.49,311.73,-78.866,-344.06,240.03,109.58,-12.516,609.87,1325.9,1976.3,1888.8,1333.7
473.66,339.29,-138.31,-405.22,313.08,92.866,-74.333,615.56,1453.9,2216.8,2132.4,1511.4
557.93,338.55,-212.91,-450.04,392.58,57.753,-132.67,593.52,1496,2321.6,2245.2,1613.6
631.56,305.54,-308.91,-470.75,477.41,-0.7834,-181.32,538.9,1436.4,2263.4,2200,1620.6
687.2,240.49,-425.53,-463.87,562.55,-87.052,-218.79,443.11,1265.2,2034.9,1995.5,1528.3
718.12,147.21,-552.75,-430.54,639.12,-196.35,-250.88,295.85,980.68,1649.4,1653.4,1348.1
721.4,35.456,-673.07,-375.44,697.12,-313.22,-289.6,90.086,592.9,1139,1211.3,1104.1
697.1,-80.339,-768.88,-305.12,730.04,-420.55,-345.31,-170.67,127.15,550.93,716.16,826.26
646.71,-186.52,-828.02,-226.43,734.98,-504.26,-420.52,-467.62,-374.78,-57.263,218.45,543.98
572.5,-273.68,-844.19,-145.59,710.13,-556.32,-508.8,-768.12,-858.47,-622.8,-233.75,281.42
478.67,-336.29,-816.12,-67.858,654.68,-573.66,-597.39,-1033.2,-1266.6,-1086.9,-601.85,55.53
372.69,-371.32,-747.12,2.3976,570.66,-556.85,-670.82,-1227.9,-1553,-1406.3,-862.19,-123.99
264.08,-377.92,-644.93,58.963,464.5,-509.74,-714.45,-1330.4,-1694.9,-1564.4,-1008.5,-253.49
162.45,-357.82,-521.69,96.76,347.76,-439.6,-719.31,-1337.7,-1697.4,-1574.3,-1052.1,-334.29
75.866,-316.06,-392.42,115.92,234.99,-356.16,-686.36,-1263.9,-1587.3,-1470.7,-1017.9,-372.09
8.0326,-260.2,-271.16,119.27,138.39,-269.37,-624.1,-1133.5,-1404.5,-1298.5,-934.55,-376.08
-40.695,-198.14,-166.41,111.29,62.656,-186.91,-543.34,-973.46,-1191,-1100.4,-827.6,-357.47
-67.986,-139.94,-81.788,97.381,6.3987,-116.03,-454.57,-807.46,-981.12,-908.27,-716.07,-326.69
-78.593,-96.597,-25.795,82.475,-27.708,-66.488,-366.94,-652.83,-795.56,-739.82,-610.93,-291.22
-77.603,-71.791,2.4485,66.449,-41.905,-39.299,-287.69,-520.07,-643.14,-601.62,-517.88,-246.85
-69.405,-61.756,9.063,51.168,-40.583,-29.393,-221.91,-413.74,-525.04,-493.36,-440.74,-192.79
-58.4,-60.003,1.4751,47.286,-29.916,-30.889,-171.76,-333.09,-436.69,-411.32,-379.65,-170.87
-48.47,-61.895,-12.59,46.75,-16.633,-38.579,-135.59,-272.43,-369.59,-350.25,-333.1,-151.48
-40.214,-65.044,-25.98,45.797,-6.0331,-47.409,-109.76,-224.66,-316.4,-302.25,-295.74,-135.68
-25.192,-65.268,-34.343,43.602,0.78688,-52.941,-91.828,-185.5,-272.08,-259.74,-262.75,-122.52
-21.347,-57.944,-35.84,40.408,4.9602,-49.453,-78.366,-152.4,-233.16,-219.25,-232.23,-110.48
-19.772,-53.325,-34.059,37.252,4.7531,-46.375,-66.777,-124.46,-198.65,-182.61,-205.02,-99.487
-17.987,-51.255,-32.966,34.866,5.2115,-44.77,-55.485,-101.4,-168.86,-152.17,-182.06,-89.861
-16.033,-50.168,-32.77,33.259,6.2322,-43.981,-43.859,-82.396,-143.67,-128.12,-163.91,-81.687
-14.509,-49.615,-33.237,32.192,7.4468,-43.795,-32.022,-66.767,-123.38,-110.07,-150.94,-74.733
-13.718,-49.368,-33.926,31.466,8.512,-43.93,-21.228,-54.868,-108.42,-97.667,-142.83,-68.718
-13.579,-49.244,-34.44,30.944,9.1636,-44.102,-15.597,-50.104,-98.15,-89.369,-139.04,-63.491
-13.881,-49.097,-34.567,30.536,9.2827,-44.117,-15.491,-48.711,-90.398,-82.132,-138.08,-59.002
-14.401,-48.842,-34.302,30.183,8.9499,-43.895,-14.252,-44.307,-82.459,-74.018,-137.3,-55.242
-14.886,-48.463,-33.779,29.846,8.4128,-43.466,-12.138,-39.43,-75.055,-66.824,-134.81,-52.181
-15.058,-47.995,-33.201,29.497,7.9973,-42.927,-10.097,-35.245,-69.496,-61.19,-130.59,-49.731
-14.682,-47.486,-32.772,29.121,7.9973,-42.39,-8.2979,-31.844,-65.472,-56.585,-125.58,-47.718
-13.675,-46.974,-32.625,28.722,8.5674,-41.922,-6.6613,-29.126,-62.465,-52.669,-120.65,-45.933
-12.191,-46.476,-32.751,28.326,9.636,-41.528,-5.0873,-26.979,-60.133,-49.303,-116.23,-44.166
-10.588,-45.99,-32.966,27.968,10.877,-41.148,-3.5095,-25.308,-58.246,-46.397,-112.46,-42.287
-9.3043,-45.494,-32.962,27.674,11.812,-40.671,-1.8914,-24.012,-56.627,-43.848,-109.24,-40.263
-8.7141,-44.961,-32.439,27.446,11.996,-39.994,-0.22175,-22.987,-55.141,-41.534,-106.42,-38.159
-9.0245,-44.372,-31.235,27.257,11.158,-39.081,1.4898,-22.135,-53.704,-39.336,-103.84,-36.084
-10.208,-43.727,-29.371,27.062,9.2948,-37.977,3.2161,-21.37,-52.283,-37.172,-101.41,-34.113
-11.993,-43.039,-27.042,26.821,6.6788,-36.779,4.9177,-20.631,-50.885,-35.024,-99.119,-32.281
-13.947,-42.339,-24.574,26.518,3.7939,-35.606,6.5501,-19.893,-49.548,-32.934,-97.027,-30.599
-15.63,-41.679,-22.365,26.168,1.1892,-34.576,8.0684,-19.182,-48.326,-30.992,-95.236,-29.09
-16.726,-41.118,-20.775,25.807,-0.69203,-33.787,9.4264,-18.549,-47.278,-29.285,-93.82,-27.807
-17.089,-40.694,-19.987,25.481,-1.632,-33.293,10.576,-18.052,-46.441,-27.859,-92.79,-26.819
-16.729,-40.412,-19.971,25.219,-1.6429,-33.093,11.464,-17.727,-45.813,-26.695,-92.065,-26.18
-15.769,-40.227,-20.554,25.026,-0.87593,-33.125,12.038,-17.557,-45.343,-25.717,-91.491,-25.887
-14.404,-40.066,-21.502,24.877,0.47201,-33.267,12.252,-17.464,-44.947,-24.823,-90.843,-25.88
-12.86,-39.846,-22.553,24.733,2.1963,-33.365,12.086,-17.347,-44.538,-23.946,-89.898,-26.03
-11.356,-39.511,-23.476,24.553,4.063,-33.295,11.554,-17.113,-44.061,-23.072,-88.499,-26.203
-10.069,-39.052,-24.154,24.312,5.8044,-33.02,10.702,-16.696,-43.508,-22.253,-86.601,-26.313
-9.108,-38.512,-24.575,24.012,7.1706,-32.605,9.6005,-16.067,-42.909,-21.582,-84.293,-26.368
-8.5177,-37.969,-24.731,23.677,7.9803,-32.163,8.3359,-15.228,-42.305,-21.149,-81.736,-26.462
-8.2961,-37.504,-24.572,23.344,8.1415,-31.778,7.0128,-14.202,-41.728,-21.004,-79.077,-26.739
-8.4176,-37.153,-24.036,23.039,7.6491,-31.449,5.7446,-13.017,-41.187,-21.132,-76.389,-27.316
-8.8388,-36.887,-23.085,22.77,6.5732,-31.099,4.6379,-11.702,-40.664,-21.472,-73.657,-28.237
-9.493,-36.617,-21.732,22.523,5.0478,-30.626,3.7745,-10.257,-40.124,-21.941,-70.814,-29.428
-10.287,-36.239,-20.063,22.266,3.2552,-29.95,3.1926,-8.6659,-39.529,-22.464,-67.788,-30.731
-11.107,-35.671,-18.232,21.961,1.4048,-29.045,2.8814,-6.8846,-38.853,-22.995,-64.538,-31.945
-11.839,-34.871,-16.405,21.579,-0.29402,-27.93,2.7844,-4.871,-38.087,-23.521,-61.069,-32.912
-12.388,-33.834,-14.708,21.108,-1.6622,-26.658,2.814,-2.6118,-37.248,-24.062,-57.44,-33.582
-12.7,-32.593,-13.228,20.554,-2.5806,-25.296,2.8797,-0.13495,-36.363,-24.646,-53.741,-33.993
-12.763,-31.201,-12.024,19.933,-3.0168,-23.916,2.9265,2.5123,-35.452,-25.29,-50.052,-34.221
-12.601,-29.73,-11.109,19.262,-3.0391,-22.585,2.9605,5.3055,-34.502,-25.977,-46.399,-34.322
-12.263,-28.246,-10.432,18.556,-2.8019,-21.343,3.0471,8.2721,-33.459,-26.653,-42.734,-34.304
-11.801,-26.799,-9.8727,17.822,-2.5013,-20.19,3.2728,11.483,-32.239,-27.246,-38.96,-34.141
-11.263,-25.402,-9.2708,17.06,-2.3129,-19.079,3.6911,15.01,-30.751,-27.689,-35,-33.804
-10.679,-24.035,-8.4817,16.261,-2.3419,-17.938,4.2812,18.879,-28.931,-27.934,-30.864,-33.301
-10.067,-22.655,-7.4203,15.409,-2.6057,-16.7,4.9466,23.05,-26.767,-27.963,-26.672,-32.691
-9.4322,-21.21,-6.0739,14.491,-3.0514,-15.315,5.5514,27.427,-24.303,-27.775,-22.618,-32.06
-8.7867,-19.637,-4.4923,13.498,-3.5839,-13.742,5.9717,31.886,-21.622,-27.38,-18.904,-31.472
-8.1504,-17.86,-2.7688,12.424,-4.0963,-11.955,6.1393,36.313,-18.816,-26.792,-15.684,-30.93
-7.5556,-15.806,-1.0112,11.254,-4.5069,-9.9557,6.0667,40.623,-15.954,-26.015,-13.022,-30.374
-7.0444,-13.431,0.70528,9.956,-4.7956,-7.7716,5.8451,44.786,-13.062,-25.026,-10.895,-29.707
-6.6607,-10.698,2.3871,8.487,-5.0201,-5.4158,5.6133,48.845,-10.103,-23.763,-9.2117,-28.844
-6.4376,-7.556,4.1401,6.7918,-5.2984,-2.8491,5.5067,52.91,-6.9928,-22.125,-7.8407,-27.753
-6.3823,-3.9397,6.1411,4.821,-5.7686,0.023294,5.6045,57.123,-3.6188,-19.99,-6.6502,-26.47
-6.4652,0.18539,8.5658,2.5599,-6.538,3.306,5.9009,61.602,0.11191,-17.249,-5.5408,-25.093
-6.6205,4.7504,11.495,0.059933,-7.6334,7.0339,6.3154,66.37,4.2359,-13.845,-4.4623,-23.742
-6.758,9.5477,14.848,-2.5558,-8.9767,11.11,6.735,71.34,8.722,-9.7817,-3.4027,-22.515
-6.7787,14.289,18.41,-5.1272,-10.409,15.324,7.0666,76.365,13.498,-5.1132,-2.3541,-21.44
-6.5938,18.739,21.933,-7.5218,-11.753,19.449,7.2776,81.332,18.504,0.10703,-1.2712,-20.439
-6.1482,22.821,25.26,-9.6906,-12.88,23.354,7.4086,86.222,23.746,5.8776,-0.046653,-19.337
-5.4453,26.646,28.38,-11.688,-13.747,27.056,7.5518,91.116,29.323,12.28,1.4747,-17.908
-4.5578,30.453,31.411,-13.653,-14.41,30.7,7.8043,96.121,35.42,19.471,3.4428,-15.949
-3.613,34.52,34.534,-15.765,-14.991,34.486,8.2206,101.3,42.279,27.645,5.9392,-13.349
-2.753,39.063,37.908,-18.197,-15.631,38.586,8.7875,106.62,50.162,36.976,8.9432,-10.123
-2.0894,44.162,41.6,-21.051,-16.446,43.059,9.434,112.03,59.275,47.54,12.348,-6.403
-1.6696,49.707,45.544,-24.31,-17.486,47.807,10.067,117.42,69.643,59.217,16.01,-2.3816
-1.4651,55.423,49.573,-27.828,-18.732,52.604,10.613,122.74,81.006,71.639,19.792,1.7495
-1.3804,60.989,53.49,-31.385,-20.108,57.195,11.036,128,92.873,84.255,23.592,5.8461
-1.2767,66.166,57.157,-34.791,-21.512,61.412,11.348,133.22,104.74,96.521,27.342,9.8237
-1,70.877,60.531,-37.954,-22.838,65.225,11.586,138.44,116.28,108.04,31.008,13.646
-0.40503,75.183,63.654,-40.879,-24.002,68.72,11.789,143.63,127.3,118.57,34.582,17.305
0.61992,79.205,66.61,-43.619,-24.955,72.037,11.982,148.69,137.72,127.99,38.062,20.813
2.1203,83.047,69.485,-46.217,-25.689,75.295,12.161,153.43,147.42,136.21,41.445,24.197
4.0469,86.757,72.333,-48.686,-26.244,78.556,12.302,157.64,156.23,143.18,44.717,27.504
6.259,90.329,75.157,-51.016,-26.685,81.808,12.373,161.12,163.99,148.95,47.866,30.809
8.5721,93.727,77.906,-53.201,-27.077,84.983,12.349,163.78,170.64,153.66,50.913,34.208
10.829,96.916,80.493,-55.25,-27.456,87.987,12.235,165.62,176.18,157.53,53.934,37.794
12.952,99.863,82.828,-57.182,-27.817,90.73,12.06,166.7,180.73,160.78,57.043,41.631
14.952,102.54,84.841,-59.004,-28.116,93.155,11.874,167.11,184.42,163.59,60.35,45.716
16.891,104.93,86.493,-60.703,-28.29,95.235,11.718,166.91,187.36,166.11,63.89,49.975
18.824,107,87.774,-62.241,-28.273,96.979,11.6,166.12,189.62,168.4,67.56,54.276
20.736,108.75,88.704,-63.58,-28.022,98.413,11.483,164.76,191.28,170.47,71.117,58.471
22.518,110.23,89.323,-64.705,-27.539,99.575,11.301,162.86,192.38,172.25,74.267,62.434
24.017,111.47,89.69,-65.631,-26.872,100.5,10.98,160.43,192.98,173.65,76.787,66.098
25.116,112.52,89.873,-66.401,-26.104,101.23,10.475,157.52,193.12,174.56,78.627,69.468
25.828,113.42,89.931,-67.068,-25.321,101.79,9.7754,154.13,192.84,174.93,79.914,72.605
26.321,114.18,89.897,-67.687,-24.579,102.23,8.9122,150.25,192.21,174.81,80.885,75.603
26.881,114.83,89.759,-68.306,-23.874,102.53,7.9441,145.86,191.32,174.31,81.797,78.549
27.816,115.37,89.461,-68.963,-23.135,102.69,6.9409,140.95,190.22,173.55,82.854,81.517
29.34,115.75,88.919,-69.65,-22.256,102.64,5.9643,135.53,188.97,172.66,84.164,84.559
31.478,115.9,88.043,-70.296,-21.156,102.31,5.052,129.66,187.59,171.74,85.737,87.711
34,115.68,86.773,-70.759,-19.81,101.62,4.2131,123.44,186.07,170.82,87.512,90.969
36.45,114.97,85.095,-70.858,-18.276,100.53,3.4341,117.01,184.37,169.93,89.395,94.276
38.257,113.68,83.054,-70.429,-16.681,99.005,2.6912,110.5,182.46,169.02,91.304,97.519
38.908,111.75,80.725,-69.374,-15.193,97.05,1.961,104.02,180.27,168.04,93.182,100.55
38.092,109.19,78.183,-67.694,-13.965,94.678,1.2298,97.614,177.76,166.93,94.996,103.22
35.774,106.03,75.441,-65.479,-13.082,91.885,0.50141,91.249,174.84,165.63,96.716,105.42
32.191,102.32,72.434,-62.893,-12.535,88.653,-0.20296,84.831,171.41,164.07,98.299,107.09
27.787,98.178,69.038,-60.156,-12.222,84.968,-0.8553,78.247,167.35,162.22,99.697,108.23
23.126,93.777,65.117,-57.512,-11.992,80.848,-1.4394,71.409,162.55,160.04,100.86,108.92
18.841,89.321,60.568,-55.179,-11.664,76.341,-1.9652,64.302,156.9,157.53,101.76,109.22
15.558,84.962,55.32,-53.293,-11.044,71.484,-2.4703,56.987,150.36,154.71,102.39,109.2
13.768,80.724,49.353,-51.859,-9.9514,66.265,-3.0116,49.552,142.95,151.56,102.78,108.87
13.69,76.49,42.748,-50.749,-8.2694,60.635,-3.6573,42.072,134.74,148.08,102.96,108.22
15.208,72.06,35.721,-49.741,-5.9633,54.562,-4.479,34.594,125.9,144.24,102.97,107.24
17.913,67.26,28.57,-48.613,-3.0611,48.103,-5.5275,27.167,116.63,139.99,102.81,105.91
21.25,62.041,21.566,-47.248,0.36306,41.432,-6.7993,19.862,107.17,135.31,102.47,104.25
24.762,56.518,14.892,-45.689,4.17,34.786,-8.235,12.776,97.734,130.19,101.92,102.3
28.2,50.914,8.6654,-44.08,8.127,28.392,-9.7514,5.9992,88.511,124.62,101.11,100.12
31.417,45.447,2.9728,-42.556,11.922,22.404,-11.257,-0.41102,79.632,118.63,100,97.763
34.231,40.231,-2.1176,-41.149,15.232,16.873,-12.637,-6.441,71.189,112.22,98.56,95.238
36.393,35.234,-6.5664,-39.764,17.806,11.753,-13.744,-12.123,63.253,105.35,96.751,92.519
37.623,30.313,-10.367,-38.218,19.533,6.9425,-14.417,-17.519,55.884,97.995,94.558,89.548
37.687,25.294,-13.539,-36.319,20.447,2.355,-14.519,-22.688,49.117,90.184,91.972,86.274
36.496,20.065,-16.129,-33.942,20.692,-2.0227,-13.993,-27.652,42.945,82.016,88.991,82.663
34.188,14.637,-18.209,-31.059,20.462,-6.1214,-12.885,-32.391,37.32,73.687,85.609,78.711
31.109,9.1429,-19.874,-27.727,19.947,-9.8406,-11.328,-36.855,32.164,65.442,81.829,74.427
27.705,3.7728,-21.241,-24.044,19.306,-13.122,-9.4923,-40.994,27.397,57.531,77.679,69.845
24.374,-1.3223,-22.434,-20.111,18.666,-15.986,-7.5296,-44.78,22.962,50.15,73.217,65.021
21.374,-6.0908,-23.569,-16.008,18.126,-18.519,-5.5436,-48.208,18.824,43.4,68.522,60.034
18.803,-10.559,-24.733,-11.782,17.754,-20.827,-3.5847,-51.3,14.969,37.284,63.683,54.975
16.633,-14.76,-25.972,-7.4843,17.588,-22.988,-1.6571,-54.096,11.385,31.728,58.785,49.919
14.776,-18.683,-27.291,-3.2211,17.636,-25.043,0.25613,-56.654,8.0598,26.629,53.915,44.907
13.152,-22.269,-28.666,0.83092,17.884,-26.994,2.1425,-59.043,4.9815,21.892,49.155,39.937
11.728,-25.457,-30.07,4.4742,18.311,-28.833,3.917,-61.333,2.1419,17.457,44.571,34.976
10.519,-28.233,-31.493,7.5812,18.906,-30.564,5.4281,-63.596,-0.46455,13.289,40.206,29.997
9.5608,-30.634,-32.945,10.145,19.671,-32.208,6.5079,-65.887,-2.8483,9.3669,36.073,25.014
8.8772,-32.742,-34.454,12.255,20.61,-33.802,7.0354,-68.224,-5.0314,5.6664,32.16,20.097
8.4699,-34.641,-36.04,14.032,21.711,-35.379,6.9836,-70.574,-7.049,2.1492,28.438,15.362
8.3173,-36.394,-37.693,15.569,22.94,-36.954,6.4353,-72.865,-8.9466,-1.2346,24.876,10.923
8.3755,-38.02,-39.371,16.91,24.228,-38.509,5.5578,-75.016,-10.773,-4.5367,21.443,6.8469
8.5712,-39.513,-41,18.067,25.487,-40.007,4.5508,-76.985,-12.572,-7.7995,18.12,3.1308
8.797,-40.854,-42.506,19.052,26.621,-41.402,3.5884,-78.786,-14.376,-11.05,14.899,-0.29581
8.9264,-42.036,-43.831,19.889,27.553,-42.661,2.7773,-80.492,-16.201,-14.304,11.781,-3.5367
8.8492,-43.073,-44.959,20.621,28.248,-43.773,2.1455,-82.203,-18.052,-17.572,8.7694,-6.6903
8.5112,-43.992,-45.918,21.292,28.723,-44.753,1.6639,-84.008,-19.927,-20.863,5.8642,-9.8212
7.9376,-44.824,-46.774,21.931,29.052,-45.634,1.2849,-85.947,-21.813,-24.172,3.0531,-12.952
7.229,-45.591,-47.605,22.546,29.338,-46.45,0.9787,-87.992,-23.688,-27.477,0.31404,-16.072
6.5318,-46.302,-48.468,23.126,29.681,-47.223,0.75187,-90.056,-25.509,-30.735,-2.3766,-19.162
5.9892,-46.945,-49.372,23.642,30.137,-47.949,0.64496,-92.03,-27.231,-33.896,-5.032,-22.216
5.6904,-47.497,-50.259,24.066,30.691,-48.602,0.71191,-93.807,-28.814,-36.921,-7.6454,-25.257
5.6389,-47.931,-51.023,24.382,31.258,-49.134,0.99584,-95.294,-30.235,-39.781,-10.193,-28.338
5.7517,-48.225,-51.542,24.591,31.713,-49.494,1.5159,-96.402,-31.487,-42.46,-12.645,-31.52
5.8856,-48.371,-51.713,24.711,31.932,-49.643,2.2681,-97.054,-32.58,-44.945,-14.983,-34.834
5.8827,-48.375,-51.488,24.774,31.83,-49.562,3.2331,-97.203,-33.528,-47.233,-17.203,-38.266
5.6199,-48.265,-50.888,24.821,31.386,-49.268,4.3824,-96.865,-34.35,-49.329,-19.318,-41.754
5.0495,-48.084,-50.003,24.888,30.648,-48.81,5.6838,-96.123,-35.057,-51.252,-21.341,-45.219
4.2138,-47.884,-48.962,25.003,29.712,-48.259,7.1096,-95.112,-35.646,-53.02,-23.278,-48.606
3.2199,-47.709,-47.874,25.174,28.675,-47.684,8.6476,-93.974,-36.099,-54.645,-25.113,-51.905
2.1735,-47.585,-46.79,25.395,27.583,-47.129,10.304,-92.829,-36.394,-56.129,-26.814,-55.153
1.1038,-47.511,-45.676,25.655,26.39,-46.604,12.091,-91.741,-36.514,-57.478,-28.348,-58.413
-0.072104,-47.467,-44.446,25.948,24.971,-46.083,14.015,-90.71,-36.454,-58.703,-29.689,-61.733
-1.5188,-47.427,-42.997,26.288,23.164,-45.528,16.063,-89.674,-36.228,-59.819,-30.834,-65.12
-3.4018,-47.381,-41.266,26.698,20.846,-44.906,18.204,-88.535,-35.868,-60.837,-31.799,-68.529
-5.7996,-47.339,-39.257,27.201,17.992,-44.213,20.391,-87.212,-35.417,-61.757,-32.614,-71.883
-8.6579,-47.322,-37.056,27.805,14.704,-43.48,22.561,-85.689,-34.916,-62.562,-33.301,-75.092
-11.804,-47.35,-34.809,28.494,11.197,-42.758,24.644,-84.032,-34.378,-63.226,-33.864,-78.077
-14.995,-47.433,-32.676,29.234,7.7395,-42.095,26.58,-82.355,-33.775,-63.725,-34.286,-80.778
-17.969,-47.561,-30.784,29.986,4.5775,-41.52,28.335,-80.773,-33.051,-64.046,-34.546,-83.162
-20.498,-47.712,-29.198,30.708,1.884,-41.032,29.921,-79.344,-32.141,-64.201,-34.632,-85.233
-22.415,-47.857,-27.918,31.371,-0.26324,-40.611,31.392,-78.062,-31.006,-64.225,-34.56,-87.034
-23.644,-47.966,-26.89,31.949,-1.8734,-40.217,32.817,-76.872,-29.651,-64.163,-34.368,-88.638
-24.19,-48.008,-26.031,32.422,-3.0181,-39.806,34.253,-75.72,-28.123,-64.064,-34.105,-90.133
-24.129,-47.956,-25.247,32.774,-3.8073,-39.331,35.722,-74.597,-26.51,-63.969,-33.816,-91.611
-23.604,-47.79,-24.46,32.989,-4.3704,-38.76,37.21,-73.563,-24.925,-63.907,-33.536,-93.162
-22.82,-47.497,-23.626,33.054,-4.8282,-38.084,38.69,-72.705,-23.473,-63.894,-33.28,-94.872
-22.024,-47.072,-22.737,32.965,-5.2598,-37.315,40.139,-72.085,-22.23,-63.937,-33.051,-96.821
-21.451,-46.515,-21.804,32.728,-5.6984,-36.474,41.551,-71.694,-21.206,-64.034,-32.837,-99.066
-21.26,-45.827,-20.837,32.355,-6.1614,-35.576,42.935,-71.443,-20.348,-64.17,-32.619,-101.63
-21.481,-45.015,-19.828,31.864,-6.6702,-34.623,44.314,-71.186,-19.545,-64.314,-32.368,-104.46
-21.98,-44.089,-18.77,31.273,-7.234,-33.611,45.739,-70.742,-18.647,-64.408,-32.029,-107.45
-22.503,-43.064,-17.669,30.595,-7.8112,-32.536,47.313,-69.928,-17.484,-64.368,-31.51,-110.38
-22.773,-41.954,-16.545,29.838,-8.2961,-31.398,49.177,-68.604,-15.893,-64.093,-30.682,-112.99
-22.566,-40.759,-15.42,29.008,-8.5529,-30.191,51.447,-66.713,-13.745,-63.487,-29.406,-115.02
-21.733,-39.464,-14.289,28.106,-8.4792,-28.887,54.115,-64.301,-10.971,-62.481,-27.575,-116.3
-20.209,-38.022,-13.104,27.125,-8.0568,-27.426,57.005,-61.489,-7.5711,-61.055,-25.155,-116.83
-18.057,-36.363,-11.76,26.056,-7.3711,-25.71,59.856,-58.419,-3.6217,-59.241,-22.206,-116.73
-15.5,-34.406,-10.104,24.894,-6.6047,-23.62,62.492,-55.21,0.72928,-57.119,-18.874,-116.25
-12.913,-32.067,-7.9662,23.647,-6.0118,-21.048,64.891,-51.941,5.2768,-54.804,-15.353,-115.61
-10.738,-29.287,-5.2128,22.335,-5.8729,-17.927,67.126,-48.658,9.7935,-52.423,-11.819,-115.01
-9.38,-26.042,-1.7878,20.981,-6.4299,-14.256,69.281,-45.378,14.075,-50.088,-8.3717,-114.52
-9.0938,-22.355,2.2749,19.603,-7.8206,-10.104,71.41,-42.111,17.974,-47.868,-5.0128,-114.15
-9.8918,-18.276,6.8759,18.187,-10.044,-5.5713,73.511,-38.866,21.419,-45.788,-1.6692,-113.79
-11.522,-13.846,11.892,16.683,-12.965,-0.75188,75.509,-35.669,24.406,-43.835,1.7502,-113.31
-13.551,-9.0606,17.205,14.998,-16.338,4.3027,77.264,-32.546,26.992,-41.973,5.3011,-112.58
-15.506,-3.8692,22.704,13.018,-19.854,9.5791,78.614,-29.512,29.283,-40.162,8.9807,-111.48
-16.998,1.781,28.265,10.644,-23.192,15.067,79.424,-26.552,31.413,-38.356,12.74,-109.95
-17.791,7.883,33.747,7.8324,-26.078,20.721,79.637,-23.622,33.506,-36.508,16.514,-107.95
-17.811,14.337,39.011,4.613,-28.324,26.452,79.291,-20.667,35.649,-34.572,20.257,-105.5
-17.133,20.978,43.96,1.076,-29.865,32.154,78.515,-17.644,37.875,-32.523,23.96,-102.61
-15.935,27.638,48.549,-2.6717,-30.753,37.736,77.487,-14.559,40.158,-30.373,27.645,-99.318
-14.427,34.202,52.758,-6.5417,-31.117,43.142,76.389,-11.478,42.417,-28.184,31.335,-95.695
-12.79,40.628,56.559,-10.477,-31.097,48.333,75.36,-8.5277,44.494,-26.063,35.005,-91.824
-11.143,46.926,59.913,-14.455,-30.801,53.278,74.472,-5.8534,46.166,-24.142,38.556,-87.813
-9.5317,53.112,62.799,-18.483,-30.304,57.934,73.722,-3.5683,47.208,-22.529,41.83,-83.78
-7.9289,59.16,65.246,-22.58,-29.669,62.253,73.037,-1.7168,47.49,-21.271,44.67,-79.82
-6.2552,64.972,67.319,-26.746,-28.951,66.192,72.283,-0.26791,47.042,-20.343,46.978,-75.97
-4.4476,70.393,69.1,-30.915,-28.214,69.73,71.279,0.86632,46.027,-19.656,48.763,-72.191
-2.5319,75.273,70.691,-34.941,-27.549,72.873,69.83,1.7989,44.665,-19.098,50.134,-68.377
-0.64658,79.526,72.217,-38.64,-27.085,75.666,67.781,2.6344,43.156,-18.56,51.266,-64.384
1.0064,83.167,73.799,-41.873,-26.949,78.182,65.068,3.4409,41.628,-17.961,52.317,-60.082
2.2607,86.291,75.512,-44.598,-27.215,80.504,61.74,4.2345,40.124,-17.265,53.345,-55.392
3.0739,89.036,77.354,-46.863,-27.85,82.701,57.933,4.9841,38.616,-16.471,54.277,-50.308
3.5544,91.52,79.222,-48.758,-28.702,84.791,53.84,5.6345,37.038,-15.608,54.943,-44.897
3.927,93.782,80.907,-50.365,-29.516,86.715,49.655,6.1369,35.319,-14.705,55.158,-39.272
4.4716,95.728,82.112,-51.722,-29.988,88.298,45.471,6.4636,33.4,-13.788,54.81,-33.559
5.4574,97.112,82.473,-52.82,-29.831,89.244,41.223,6.6029,31.232,-12.874,53.892,-27.878
7.0714,97.588,81.612,-53.628,-28.845,89.158,36.746,6.5421,28.764,-11.987,52.475,-22.338
9.3549,96.829,79.2,-54.126,-26.955,87.641,31.906,6.2622,25.934,-11.163,50.651,-17.033
12.18,94.657,75.011,-54.307,-24.194,84.418,26.686,5.7565,22.69,-10.436,48.499,-12.036
15.292,91.081,68.943,-54.168,-20.606,79.414,21.19,5.0633,19.027,-9.8174,46.071,-7.3828
18.419,86.237,61.009,-53.69,-16.175,72.739,15.603,4.2907,15.014,-9.2789,43.404,-3.0507
21.37,80.309,51.359,-52.841,-10.845,64.637,10.166,3.6143,10.8,-8.7552,40.537,1.0411
24.109,73.482,40.332,-51.593,-4.6452,55.45,5.1562,3.2431,6.5832,-8.1618,37.505,5.0112
26.741,65.949,28.469,-49.926,2.2,45.592,0.84098,3.367,2.5712,-7.4231,34.344,8.978
29.429,57.938,16.465,-47.837,9.2292,35.51,-2.6187,4.1012,-1.0765,-6.4968,31.095,13.019
32.279,49.709,5.0463,-45.343,15.834,25.627,-5.2434,5.4496,-4.2825,-5.3845,27.802,17.145
35.213,41.486,-5.1484,-42.493,21.452,16.248,-7.1907,7.3012,-7.0608,-4.1243,24.519,21.3
37.937,33.364,-13.668,-39.345,25.771,7.5097,-8.6228,9.462,-9.4956,-2.774,21.293,25.374
40.024,25.255,-20.333,-35.928,28.795,-0.57662,-9.6266,11.709,-11.706,-1.3962,18.146,29.235
41.082,16.98,-25.261,-32.2,30.712,-7.9629,-10.224,13.853,-13.81,-0.053095,15.063,32.76
40.873,8.5189,-28.755,-28.084,31.698,-14.456,-10.421,15.782,-15.899,1.1982,12.006,35.863
39.352,0.20652,-31.133,-23.557,31.862,-19.825,-10.24,17.482,-18.011,2.3154,8.932,38.52
36.651,-7.335,-32.654,-18.723,31.304,-23.999,-9.7444,19.009,-20.125,3.285,5.8328,40.778
33.051,-13.611,-33.522,-13.826,30.177,-27.094,-9.0458,20.451,-22.172,4.1275,2.7426,42.746
28.934,-18.509,-33.914,-9.1432,28.688,-29.323,-8.3021,21.879,-24.064,4.8896,-0.27465,44.556
24.713,-22.216,-33.987,-4.8571,27.058,-30.904,-7.6983,23.317,-25.739,5.6285,-3.158,46.338
20.725,-25.028,-33.879,-1.0079,25.481,-32.023,-7.4119,24.74,-27.173,6.393,-5.8805,48.164
17.159,-27.232,-33.692,2.4734,24.085,-32.832,-7.5696,26.098,-28.382,7.2088,-8.4595,50.046
14.021,-29.055,-33.492,5.6839,22.915,-33.442,-8.2154,27.329,-29.411,8.0668,-10.946,51.943
11.168,-30.666,-33.305,8.6917,21.925,-33.939,-9.3144,28.363,-30.33,8.9171,-13.405,53.768
8.4039,-32.161,-33.125,11.495,21.006,-34.382,-10.792,29.106,-31.232,9.6711,-15.911,55.402
5.6129,-33.57,-32.927,14.021,20.036,-34.797,-12.578,29.43,-32.236,10.217,-18.541,56.697
2.8226,-34.869,-32.687,16.176,18.932,-35.197,-14.618,29.185,-33.466,10.449,-21.363,57.518
0.13224,-36.012,-32.394,17.904,17.672,-35.573,-16.857,28.252,-35.004,10.309,-24.415,57.775
-2.3682,-36.968,-32.052,19.214,16.29,-35.91,-19.213,26.606,-36.853,9.8177,-27.665,57.458
-4.6012,-37.736,-31.689,20.17,14.871,-36.2,-21.574,24.359,-38.912,9.09,-31,56.662
-6.4772,-38.345,-31.357,20.863,13.548,-36.45,-23.823,21.761,-41.023,8.2907,-34.266,55.581
-7.8983,-38.842,-31.136,21.378,12.483,-36.687,-25.868,19.134,-43.017,7.5925,-37.311,54.455
-8.7606,-39.272,-31.121,21.775,11.847,-36.947,-27.645,16.767,-44.767,7.1341,-40.031,53.51
-8.9488,-39.663,-31.394,22.079,11.794,-37.264,-29.123,14.855,-46.207,7.0037,-42.378,52.906
-8.3759,-40.019,-31.997,22.284,12.401,-37.652,-30.304,13.473,-47.336,7.2441,-44.35,52.716
-7.0693,-40.34,-32.898,22.381,13.627,-38.099,-31.226,12.588,-48.162,7.8528,-45.973,52.918
-5.2308,-40.612,-33.991,22.382,15.303,-38.574,-31.931,12.103,-48.714,8.8016,-47.277,53.412
-3.2138,-40.841,-35.124,22.326,17.157,-39.04,-32.416,11.905,-49.017,10.017,-48.298,54.039
-1.4264,-41.046,-36.14,22.269,18.884,-39.469,-32.613,11.901,-49.102,11.396,-49.1,54.61
-0.21437,-41.258,-36.925,22.266,20.204,-39.854,-32.416,12.041,-49.002,12.828,-49.754,54.955
0.23242,-41.501,-37.431,22.349,20.94,-40.202,-31.741,12.312,-48.761,14.221,-50.315,54.956
-0.081599,-41.779,-37.669,22.517,21.046,-40.516,-30.588,12.715,-48.428,15.524,-50.8,54.606
-0.98432,-42.061,-37.676,22.728,20.611,-40.781,-29.076,13.208,-48.074,16.719,-51.194,53.986
-2.2065,-42.293,-37.491,22.923,19.808,-40.956,-27.432,13.645,-47.814,17.794,-51.476,53.223
-3.4777,-42.392,-37.122,23.042,18.824,-40.971,-25.942,13.778,-47.79,18.716,-51.664,52.437
-4.6057,-42.273,-36.542,23.038,17.803,-40.744,-24.878,13.348,-48.131,19.413,-51.79,51.719
-5.5095,-41.855,-35.708,22.888,16.823,-40.2,-24.399,12.252,-48.861,19.83,-51.871,51.171
-6.1977,-41.077,-34.571,22.591,15.886,-39.284,-24.493,10.666,-49.825,20.05,-51.821,50.951
-6.7117,-39.881,-33.09,22.145,14.921,-37.959,-24.974,9.0128,-50.674,20.425,-51.353,51.359
-7.0815,-38.194,-31.206,21.501,13.807,-36.171,-25.56,7.8303,-50.901,21.711,-49.876,52.914
-7.3087,-35.876,-28.785,20.511,12.425,-33.808,-26.009,7.6706,-49.842,25.292,-46.34,56.406
-7.3499,-32.665,-25.648,18.861,10.718,-30.668,-26.296,9.1309,-46.443,34.098,-38.707,62.902
-6.9999,-28.135,-21.722,15.994,8.7858,-26.48,-26.643,13.031,-38.284,44.26,-25.398,73.37
-5.5468,-21.812,-17.17,11.389,6.8759,-20.926,-27.342,19.407,-24.868,13.688,-27.402,78.654
-3.4005,-13.85,-12.419,7.6287,5.2195,-13.709,-28.607,8.305,-31.139,9.4909,-30.51,72.425
-6.6975,-5.7321,-8.1298,12.025,3.1439,-4.7751,-30.347,-11.772,-43.027,2.0172,-35.395,72.993
-8.3163,3.0884,-4.906,7.1175,-13.563,5.3418,-32.21,-31.928,-59.065,-7.5708,-39.833,74.64
-10.104,18.068,-1.739,-2.6305,-37.564,15.418,-33.959,-48.965,-73.789,-14.162,-40.417,79.725
-11.283,37.794,14.258,-12.137,-50.473,23.807,-35.546,-55.136,-78.192,-6.7735,-29.828,91.643
-10.019,57.555,82.286,-22.161,-53.886,29.07,-36.546,-42.218,-60.469,31.385,3.4261,115.69
-3.6835,77.357,92.463,-34.41,-45.666,35.577,-35.471,-3.3459,-9.4954,116.4,75.794,158.76
10.501,96.129,78.922,-51.744,-26.69,69.404,-31.805,64.841,85.472,259.5,206.07,232.42
38.766,115.22,59.015,-78.009,1.0344,85.344,-27.711,159.67,237.07,470.9,406.99,358.87
94.444,143.3,36.38,-118.08,37.963,88.191,-25.565,272.63,435.97,755.01,681.15,546.31
171.23,183.49,10.274,-175.7,88.343,93.186,-25.059,389.36,666.46,1100.5,1017.2,760.72
254.45,234.33,-24.839,-245.71,149.48,97.848,-15.963,490.41,903.88,1479,1386.6,998.36
348.61,285.71,-77.274,-318.3,218.81,96.286,-19.937,561.87,1120.6,1845.9,1746.3,1239.5
448.29,319.57,-151.47,-386.12,301.27,79.461,-54.362,603.31,1294.4,2150.9,2044.7,1452
545.72,321.99,-244.65,-439.53,395.8,37.535,-82.929,620.81,1405.7,2347.9,2232.4,1603.1
631.92,286.07,-356.75,-469.54,497.94,-37.076,-96.481,617.86,1437.8,2402.2,2273.4,1667.2
697.83,212.72,-484.09,-470.44,599.02,-142.97,-93.543,590.74,1375.8,2295.7,2153,1631.8
736.24,111.38,-613.86,-441.83,686.81,-259.78,-81.223,527.09,1208.2,2027.2,1878.5,1499.8
742.88,-3.3678,-728.08,-388.54,749.14,-372.19,-72.19,408.73,930.02,1611.8,1476.8,1287.8
716.11,-116.58,-809.81,-318.13,776.89,-467.17,-80.384,221.74,548.31,1079.6,988.96,1021
657.85,-216.02,-848.33,-238.32,765.95,-533.41,-117.38,-33.281,86.88,476.35,464.56,727.99
574.6,-293.1,-840.69,-155.87,718.29,-565.49,-187.97,-337.35,-412.19,-138.93,-44.432,436.16
475.89,-342.84,-790.72,-76.691,641.94,-563.32,-288.62,-654.86,-892.98,-700.71,-490.45,168.6
370.71,-363.88,-706.84,-5.9095,547.45,-530.53,-402.08,-941.54,-1296.8,-1149,-837.2,-57.453
266.54,-358.22,-599.51,50.062,444.09,-472.8,-507.45,-1157,-1576.7,-1443.3,-1064.5,-232.58
169.55,-329.74,-479.41,86.591,338.54,-397.22,-585.07,-1276.4,-1709.4,-1572.3,-1170.6,-354.71
84.046,-283.58,-356.92,105.39,235.33,-312.32,-621.8,-1295.7,-1700,-1554.1,-1171.8,-425.82
13.255,-226.99,-241.64,110.05,139.47,-227.68,-614.14,-1229.6,-1578.4,-1426.8,-1096.1,-451.59
-40.813,-169.11,-141.11,104.86,57.979,-151.95,-567.94,-1104.4,-1387.2,-1235.5,-975.04,-442.49
-73.863,-120.01,-62.494,94.609,-2.5731,-92.503,-495.36,-947.82,-1168.2,-1022.8,-836.86,-411.58
-89.73,-86.438,-14.049,82.942,-36.857,-53.939,-410.98,-783.62,-953.93,-822.19,-702.33,-370.18
-92.335,-68.199,9.025,65.747,-50.446,-33.685,-327.88,-629.73,-765.69,-654.55,-583.69,-325.9
-85.052,-60.863,12.683,49.096,-48.387,-27.462,-254.58,-498.07,-615.1,-527.06,-486.62,-281.91
-72.276,-60.049,3.1076,44.883,-36.562,-31.188,-194.66,-393.32,-503.42,-433.64,-413.08,-238.12
-58.777,-62.499,-11.309,44.048,-21.739,-39.439,-148.84,-313.44,-422.37,-362.94,-360.24,-196.98
-47.777,-64.713,-23.885,43.151,-9.0623,-47.195,-117.01,-254.39,-360.93,-306.71,-319.89,-169.61
-35.694,-60.9,-31.62,41.467,-0.8952,-50.195,-98.304,-210.83,-310.95,-257.08,-285.6,-149.8
-26.743,-53.827,-30.818,39.062,0.9516,-44.874,-86.812,-176.6,-267.95,-212.23,-254.13,-132.17
-22.428,-49.624,-28.083,36.335,0.31691,-41.217,-76.585,-147.35,-229.06,-174.43,-223.64,-116.22
-19.523,-47.1,-25.763,33.748,-0.18535,-38.655,-66.146,-120.97,-193.74,-144.01,-194.75,-102.26
-17.375,-45.265,-23.954,31.585,-0.38603,-36.654,-54.693,-97.58,-163.08,-119.56,-169.54,-90.288
-15.672,-43.843,-22.616,29.901,-0.52673,-35.208,-42.508,-78.001,-138.3,-100.73,-149.64,-80.294
-14.677,-42.738,-21.614,28.628,-0.78159,-34.21,-31.551,-62.487,-119.53,-87.849,-135.59,-72.014
-14.735,-41.87,-20.853,27.663,-1.1713,-33.495,-23.7,-52.284,-106.22,-78.12,-126.46,-65.101
-15.573,-41.153,-20.27,26.907,-1.6095,-32.939,-20.312,-48.516,-97.065,-67.265,-120.18,-59.306
-16.605,-40.496,-19.818,26.272,-2.0184,-32.456,-17.929,-45.136,-89.798,-57.478,-114.47,-54.45
-17.4,-39.818,-19.453,25.698,-2.3567,-31.969,-15.416,-40.359,-82.607,-49.939,-108.21,-50.358
-17.739,-39.074,-19.118,25.147,-2.5783,-31.412,-13.12,-35.368,-75.627,-43.771,-101.62,-46.836
-17.526,-38.275,-18.774,24.615,-2.6048,-30.762,-11.057,-30.62,-69.606,-38.474,-95.329,-43.668
-16.734,-37.484,-18.454,24.109,-2.3343,-30.076,-9.0984,-26.206,-64.653,-33.914,-89.762,-40.651
-15.409,-36.802,-18.279,23.652,-1.6843,-29.484,-7.2632,-22.223,-60.575,-30.1,-85.077,-37.659
-13.697,-36.335,-18.394,23.267,-0.64686,-29.13,-5.7106,-18.799,-57.19,-27.056,-81.249,-34.668
-11.83,-36.135,-18.862,22.974,0.68068,-29.096,-4.5675,-16.041,-54.371,-24.76,-78.162,-31.758
-10.092,-36.174,-19.605,22.785,2.1026,-29.349,-3.8584,-13.983,-52.017,-23.124,-75.656,-29.077
-8.75,-36.368,-20.434,22.698,3.3711,-29.765,-3.5341,-12.577,-50.034,-22.021,-73.568,-26.768
-8.005,-36.61,-21.131,22.696,4.259,-30.191,-3.4971,-11.701,-48.334,-21.299,-71.756,-24.925
-7.9396,-36.816,-21.541,22.753,4.6295,-30.51,-3.6127,-11.193,-46.84,-20.829,-70.122,-23.561
-8.5048,-36.945,-21.623,22.843,4.4765,-30.674,-3.7299,-10.873,-45.5,-20.534,-68.615,-22.628
-9.5392,-37.007,-21.45,22.956,3.9181,-30.713,-3.7157,-10.586,-44.29,-20.384,-67.224,-22.023
-10.818,-37.051,-21.17,23.092,3.149,-30.706,-3.4914,-10.233,-43.205,-20.382,-65.953,-21.623
-12.113,-37.134,-20.933,23.262,2.3699,-30.737,-3.0496,-9.7822,-42.248,-20.533,-64.795,-21.305
-13.247,-37.292,-20.83,23.476,1.7216,-30.85,-2.4451,-9.2569,-41.415,-20.808,-63.736,-20.968
-14.116,-37.517,-20.862,23.73,1.2522,-31.033,-1.7627,-8.7203,-40.689,-21.151,-62.74,-20.539
-14.693,-37.763,-20.958,24,0.92801,-31.221,-1.0885,-8.2245,-40.046,-21.511,-61.761,-19.977
-15.007,-37.961,-21.014,24.247,0.6756,-31.336,-0.4798,-7.8011,-39.46,-21.86,-60.747,-19.266
-15.113,-38.049,-20.945,24.423,0.43051,-31.312,0.048345,-7.4497,-38.909,-22.205,-59.657,-18.431
-15.071,-37.988,-20.723,24.483,0.17229,-31.125,0.51894,-7.1365,-38.377,-22.57,-58.478,-17.518
-14.919,-37.764,-20.384,24.397,-0.061822,-30.798,0.97491,-6.79,-37.853,-22.959,-57.222,-16.602
-14.66,-37.391,-20.019,24.151,-0.19039,-30.39,1.454,-6.3398,-37.323,-23.37,-55.922,-15.775
-14.27,-36.909,-19.73,23.753,-0.12771,-29.976,1.9668,-5.7265,-36.762,-23.754,-54.619,-15.125
-13.723,-36.371,-19.585,23.239,0.16991,-29.617,2.4888,-4.927,-36.133,-24.038,-53.342,-14.717
-13.019,-35.824,-19.588,22.659,0.67875,-29.333,2.972,-3.9361,-35.388,-24.156,-52.088,-14.55
-12.192,-35.289,-19.676,22.061,1.3213,-29.092,3.3687,-2.766,-34.492,-24.073,-50.829,-14.563
-11.286,-34.745,-19.746,21.47,2.0026,-28.826,3.6554,-1.4306,-33.433,-23.798,-49.524,-14.632
-10.34,-34.141,-19.698,20.881,2.6468,-28.455,3.8362,0.065378,-32.23,-23.373,-48.149,-14.618
-9.3799,-33.428,-19.477,20.273,3.2145,-27.93,3.9458,1.7207,-30.922,-22.846,-46.708,-14.428
-8.4306,-32.603,-19.094,19.64,3.6992,-27.256,4.0438,3.5246,-29.556,-22.268,-45.227,-14.025
-7.5363,-31.724,-18.616,19.006,4.1068,-26.507,4.2043,5.459,-28.162,-21.668,-43.74,-13.432
-6.7708,-30.893,-18.133,18.426,4.4288,-25.788,4.4986,7.4947,-26.736,-21.054,-42.26,-12.701
-6.2295,-30.212,-17.707,17.965,4.627,-25.194,4.973,9.6237,-25.239,-20.413,-40.766,-11.899
-6.0025,-29.737,-17.341,17.663,4.6359,-24.766,5.6292,11.871,-23.615,-19.727,-39.215,-11.097
-6.143,-29.451,-16.988,17.519,4.3895,-24.481,6.4142,14.278,-21.803,-18.981,-37.559,-10.379
-6.6427,-29.268,-16.576,17.479,3.8562,-24.259,7.2314,16.881,-19.757,-18.178,-35.775,-9.832
-7.4271,-29.07,-16.043,17.46,3.0625,-23.999,7.9712,19.681,-17.454,-17.327,-33.881,-9.5351
-8.3696,-28.735,-15.358,17.375,2.0921,-23.605,8.5559,22.65,-14.892,-16.432,-31.923,-9.5254
-9.3218,-28.174,-14.519,17.156,1.0627,-23.003,8.9616,25.75,-12.093,-15.473,-29.947,-9.769
-10.146,-27.332,-13.544,16.767,0.094874,-22.155,9.219,28.953,-9.0904,-14.404,-27.966,-10.152
-10.744,-26.182,-12.459,16.202,-0.71359,-21.047,9.3955,32.234,-5.928,-13.169,-25.948,-10.505
-11.059,-24.717,-11.283,15.481,-1.3036,-19.676,9.5667,35.563,-2.6538,-11.727,-23.838,-10.661
-11.076,-22.933,-10.009,14.627,-1.6644,-18.036,9.7886,38.89,0.68528,-10.07,-21.588,-10.517
-10.794,-20.815,-8.5849,13.653,-1.84,-16.095,10.087,42.165,4.0575,-8.2147,-19.183,-10.065
-10.223,-18.314,-6.9027,12.542,-1.9294,-13.786,10.467,45.372,7.4641,-6.1867,-16.632,-9.3862
-9.3954,-15.354,-4.8057,11.251,-2.078,-11.008,10.927,48.561,10.947,-3.9988,-13.957,-8.6049
-8.3834,-11.866,-2.1309,9.7395,-2.4515,-7.6659,11.471,51.832,14.575,-1.6435,-11.177,-7.8344
-7.2996,-7.8589,1.2192,8.0018,-3.1962,-3.7265,12.109,55.281,18.422,0.90307,-8.2923,-7.1353
-6.2834,-3.4511,5.2051,6.0816,-4.3967,0.72504,12.859,58.94,22.531,3.6659,-5.2995,-6.5041
-5.4767,1.1429,9.6237,4.0477,-6.0517,5.4745,13.74,62.757,26.906,6.6588,-2.1981,-5.8889
-4.9984,5.6942,14.153,1.9468,-8.0725,10.227,14.765,66.624,31.518,9.8823,0.99435,-5.2224
-4.9141,10.054,18.446,-0.23912,-10.298,14.693,15.925,70.42,36.328,13.33,4.2396,-4.4554
-5.2036,14.211,22.216,-2.6063,-12.516,18.676,17.183,74.036,41.315,16.996,7.4869,-3.5759
-5.733,18.288,25.306,-5.3028,-14.504,22.122,18.471,77.376,46.501,20.885,10.691,-2.6028
-6.2546,22.494,27.714,-8.4656,-16.086,25.141,19.709,80.35,51.953,25.022,13.836,-1.5573
-6.4579,27.03,29.591,-12.137,-17.177,27.981,20.821,82.892,57.777,29.467,16.957,-0.42849
-6.0785,31.98,31.175,-16.199,-17.765,30.93,21.755,84.999,64.092,34.318,20.162,0.84558
-5.0324,37.227,32.668,-20.369,-17.837,34.148,22.479,86.743,71.02,39.713,23.618,2.3697
-3.4552,42.458,34.13,-24.297,-17.343,37.563,22.979,88.266,78.682,45.806,27.527,4.2566
-1.5592,47.316,35.484,-27.703,-16.249,40.949,23.243,89.73,87.177,52.728,32.054,6.5813
0.54347,51.575,36.676,-30.476,-14.626,44.11,23.258,91.278,96.516,60.537,37.276,9.3454
2.8723,55.219,37.777,-32.682,-12.67,46.991,23.012,92.994,106.53,69.156,43.126,12.472
5.4985,58.407,38.933,-34.508,-10.6,49.654,22.513,94.896,116.85,78.327,49.387,15.827
8.4156,61.374,40.256,-36.185,-8.5794,52.211,21.805,96.923,126.96,87.631,55.745,19.261
11.406,64.336,41.835,-37.907,-6.8201,54.779,20.976,98.934,136.39,96.602,61.885,22.645
14.019,67.428,43.803,-39.78,-5.6986,57.465,20.143,100.72,144.85,104.87,67.59,25.892
15.723,70.679,46.338,-41.807,-5.6736,60.344,19.421,102.02,152.22,112.25,72.771,28.97
16.163,74.054,49.563,-43.922,-7.0641,63.442,18.89,102.61,158.52,118.74,77.44,31.888
15.334,77.491,53.478,-46.037,-9.8908,66.734,18.581,102.4,163.86,124.42,81.659,34.671
13.544,80.94,57.951,-48.074,-13.857,70.17,18.473,101.45,168.36,129.39,85.505,37.336
11.241,84.367,62.758,-49.988,-18.425,73.688,18.524,99.957,172.14,133.74,89.063,39.882
8.8936,87.75,67.62,-51.765,-22.951,77.233,18.681,98.207,175.25,137.49,92.404,42.301
6.9733,91.073,72.267,-53.421,-26.842,80.757,18.899,96.453,177.71,140.64,95.569,44.601
5.9554,94.313,76.48,-54.985,-29.684,84.212,19.133,94.853,179.5,143.18,98.549,46.809
6.23,97.436,80.118,-56.494,-31.306,87.533,19.337,93.44,180.62,145.11,101.29,48.965
7.9347,100.39,83.099,-57.981,-31.776,90.623,19.456,92.137,181.09,146.49,103.7,51.088
10.839,103.1,85.376,-59.464,-31.351,93.36,19.425,90.795,180.93,147.34,105.7,53.149
14.432,105.5,86.929,-60.936,-30.363,95.633,19.184,89.231,180.21,147.69,107.26,55.066
18.189,107.52,87.809,-62.362,-29.092,97.392,18.695,87.277,178.96,147.56,108.35,56.721
21.768,109.17,88.146,-63.694,-27.714,98.662,17.966,84.803,177.22,146.96,108.99,57.998
24.974,110.45,88.103,-64.891,-26.341,99.512,17.046,81.74,175.03,145.88,109.21,58.826
27.654,111.42,87.818,-65.921,-25.069,100.02,16.008,78.078,172.38,144.33,109.09,59.213
29.68,112.1,87.386,-66.748,-23.971,100.24,14.911,73.857,169.28,142.32,108.7,59.238
30.935,112.53,86.867,-67.323,-23.078,100.24,13.759,69.149,165.69,139.9,108.14,59.031
31.289,112.67,86.283,-67.591,-22.392,100.04,12.497,64.048,161.59,137.12,107.52,58.726
30.633,112.52,85.626,-67.509,-21.898,99.647,11.038,58.675,156.9,134.04,106.92,58.437
29.05,112.04,84.856,-67.077,-21.555,99.055,9.3038,53.176,151.58,130.72,106.42,58.232
26.925,111.18,83.894,-66.34,-21.273,98.211,7.2602,47.709,145.57,127.2,106.04,58.124
24.818,109.9,82.621,-65.384,-20.91,97.033,4.9119,42.398,138.86,123.46,105.76,58.077
23.204,108.2,80.888,-64.3,-20.316,95.426,2.2952,37.305,131.5,119.49,105.54,58.023
22.318,106.08,78.542,-63.161,-19.366,93.305,-0.52756,32.425,123.63,115.22,105.3,57.901
22.136,103.54,75.453,-61.998,-17.986,90.612,-3.473,27.713,115.46,110.65,104.98,57.668
22.46,100.61,71.55,-60.789,-16.167,87.315,-6.4496,23.108,107.2,105.74,104.52,57.305
23.035,97.249,66.838,-59.483,-13.966,83.398,-9.3716,18.554,99.039,100.48,103.91,56.791
23.656,93.4,61.411,-58.022,-11.498,78.863,-12.163,14.008,91.087,94.867,103.16,56.096
24.204,88.984,55.439,-56.35,-8.9106,73.736,-14.761,9.4648,83.409,88.915,102.32,55.183
24.637,83.928,49.13,-54.402,-6.3508,68.083,-17.127,4.9582,76.051,82.713,101.43,54.022
24.94,78.21,42.672,-52.097,-3.9407,61.999,-19.256,0.55467,69.043,76.405,100.51,52.598
25.09,71.879,36.185,-49.363,-1.7605,55.579,-21.162,-3.6736,62.391,70.158,99.531,50.921
25.034,65.039,29.713,-46.183,0.15876,48.86,-22.849,-7.6736,56.07,64.11,98.439,49.021
24.697,57.791,23.278,-42.611,1.8245,41.806,-24.288,-11.426,50.03,58.345,97.138,46.941
23.979,50.2,16.965,-38.741,3.2443,34.381,-25.43,-14.945,44.216,52.887,95.522,44.718
22.755,42.315,10.957,-34.647,4.394,26.68,-26.23,-18.268,38.584,47.712,93.49,42.364
20.922,34.235,5.4612,-30.366,5.226,18.983,-26.661,-21.442,33.111,42.756,90.956,39.861
18.476,26.141,0.62364,-25.921,5.7077,11.663,-26.718,-24.507,27.798,37.945,87.866,37.181
15.539,18.27,-3.5147,-21.363,5.8647,5.0251,-26.413,-27.475,22.666,33.206,84.21,34.307
12.353,10.856,-7.0146,-16.787,5.8054,-0.78716,-25.787,-30.334,17.745,28.485,80.033,31.255
9.223,4.0659,-10.012,-12.311,5.7111,-5.7876,-24.917,-33.049,13.054,23.751,75.424,28.07
6.4682,-2.0448,-12.684,-8.0324,5.7961,-10.099,-23.914,-35.585,8.5933,19.006,70.507,24.821
4.3601,-7.5393,-15.22,-3.9946,6.259,-13.896,-22.903,-37.913,4.3444,14.284,65.411,21.579
3.0702,-12.549,-17.778,-0.19317,7.2363,-17.357,-21.983,-40.018,0.272,9.6403,60.233,18.396
2.6279,-17.195,-20.454,3.3857,8.7639,-20.613,-21.204,-41.901,-3.669,5.129,55.024,15.29
2.9003,-21.517,-23.242,6.7227,10.756,-23.716,-20.555,-43.583,-7.5244,0.77753,49.796,12.238
3.611,-25.463,-26.039,9.7512,13.017,-26.639,-19.993,-45.108,-11.326,-3.4186,44.56,9.1857
4.4083,-28.938,-28.68,12.389,15.282,-29.307,-19.479,-46.54,-15.072,-7.4822,39.349,6.071
4.9637,-31.883,-31.004,14.59,17.288,-31.651,-19.021,-47.942,-18.724,-11.432,34.226,2.8539
5.0595,-34.303,-32.913,16.376,18.839,-33.642,-18.678,-49.366,-22.214,-15.268,29.257,-0.45894
4.6385,-36.268,-34.406,17.813,19.855,-35.305,-18.532,-50.841,-25.475,-18.976,24.485,-3.7974
3.8056,-37.873,-35.574,18.981,20.383,-36.706,-18.651,-52.369,-28.462,-22.541,19.922,-7.0252
2.7716,-39.214,-36.549,19.947,20.576,-37.918,-19.049,-53.918,-31.166,-25.956,15.558,-9.9574
1.752,-40.358,-37.45,20.758,20.626,-38.998,-19.677,-55.434,-33.616,-29.218,11.373,-12.399
0.87646,-41.342,-38.323,21.444,20.671,-39.968,-20.43,-56.845,-35.863,-32.328,7.3483,-14.195
0.16273,-42.175,-39.135,22.021,20.726,-40.815,-21.171,-58.09,-37.972,-35.28,3.4703,-15.28
-0.43765,-42.848,-39.794,22.494,20.716,-41.508,-21.779,-59.139,-40.001,-38.063,-0.2658,-15.695
-0.97351,-43.356,-40.208,22.866,20.548,-42.017,-22.178,-60.005,-41.992,-40.666,-3.8548,-15.573
-1.4622,-43.706,-40.32,23.139,20.188,-42.329,-22.362,-60.735,-43.962,-43.084,-7.2829,-15.087
-1.897,-43.919,-40.145,23.327,19.674,-42.455,-22.386,-61.39,-45.907,-45.323,-10.539,-14.399
-2.2583,-44.025,-39.77,23.453,19.104,-42.438,-22.336,-62.015,-47.81,-47.401,-13.632,-13.629
-2.4979,-44.063,-39.339,23.539,18.621,-42.343,-22.282,-62.62,-49.641,-49.34,-16.595,-12.843
-2.5123,-44.068,-39.016,23.595,18.392,-42.245,-22.252,-63.174,-51.366,-51.153,-19.485,-12.073
-2.1542,-44.073,-38.94,23.618,18.577,-42.212,-22.224,-63.63,-52.945,-52.848,-22.355,-11.333
-1.3102,-44.103,-39.189,23.6,19.249,-42.292,-22.153,-63.945,-54.342,-54.426,-25.228,-10.625
-0.014871,-44.172,-39.744,23.54,20.349,-42.5,-21.986,-64.103,-55.529,-55.889,-28.08,-9.9468
1.4831,-44.285,-40.495,23.466,21.67,-42.817,-21.669,-64.102,-56.491,-57.234,-30.847,-9.286
2.7763,-44.438,-41.268,23.422,22.91,-43.191,-21.158,-63.936,-57.227,-58.451,-33.459,-8.6211
3.4525,-44.624,-41.879,23.46,23.767,-43.556,-20.429,-63.582,-57.763,-59.528,-35.868,-7.9192
3.2476,-44.838,-42.187,23.621,24.016,-43.853,-19.484,-63.02,-58.148,-60.461,-38.068,-7.1457
2.1268,-45.079,-42.139,23.915,23.581,-44.058,-18.346,-62.251,-58.45,-61.26,-40.085,-6.282
0.27792,-45.348,-41.784,24.328,22.548,-44.177,-17.046,-61.312,-58.73,-61.945,-41.944,-5.3477
-1.9599,-45.641,-41.249,24.817,21.146,-44.24,-15.604,-60.263,-59.022,-62.535,-43.645,-4.4184
-4.2029,-45.947,-40.684,25.336,19.671,-44.279,-14.02,-59.161,-59.313,-63.026,-45.153,-3.6276
-6.1312,-46.246,-40.207,25.844,18.387,-44.312,-12.288,-58.036,-59.55,-63.39,-46.411,-3.1484
-7.5569,-46.521,-39.851,26.317,17.423,-44.332,-10.405,-56.887,-59.657,-63.577,-47.368,-3.1525
-8.4384,-46.751,-39.552,26.754,16.745,-44.309,-8.3927,-55.687,-59.552,-63.533,-47.999,-3.7565
-8.8569,-46.918,-39.169,27.161,16.183,-44.186,-6.2865,-54.391,-59.173,-63.218,-48.318,-4.9789
-8.972,-46.998,-38.537,27.54,15.51,-43.903,-4.1315,-52.957,-58.494,-62.611,-48.378,-6.7337
-8.9735,-46.973,-37.528,27.884,14.526,-43.413,-1.9762,-51.373,-57.538,-61.725,-48.261,-8.866
-9.0525,-46.826,-36.089,28.18,13.122,-42.702,0.12901,-49.678,-56.381,-60.599,-48.059,-11.206
-9.3853,-46.552,-34.264,28.417,11.301,-41.794,2.1349,-47.955,-55.122,-59.29,-47.844,-13.61
-10.106,-46.158,-32.175,28.585,9.1619,-40.743,4.0007,-46.311,-53.854,-57.862,-47.656,-15.982
-11.265,-45.665,-29.99,28.678,6.8652,-39.617,5.7023,-44.823,-52.633,-56.366,-47.487,-18.263
-12.807,-45.101,-27.872,28.695,4.5874,-38.486,7.2351,-43.501,-51.472,-54.835,-47.294,-20.422
-14.574,-44.497,-25.951,28.643,2.4804,-37.405,8.6064,-42.273,-50.337,-53.272,-47.014,-22.444
-16.349,-43.874,-24.306,28.528,0.64145,-36.411,9.821,-41.019,-49.164,-51.655,-46.592,-24.316
-17.911,-43.235,-22.955,28.351,-0.88726,-35.505,10.872,-39.62,-47.879,-49.941,-45.992,-26.026
-19.071,-42.556,-21.869,28.095,-2.094,-34.654,11.743,-38.014,-46.426,-48.076,-45.204,-27.569
-19.679,-41.798,-20.983,27.726,-2.9614,-33.8,12.422,-36.216,-44.794,-46.015,-44.245,-28.955
-19.628,-40.912,-20.221,27.203,-3.4427,-32.882,12.918,-34.291,-43.01,-43.739,-43.147,-30.213
-18.862,-39.868,-19.527,26.496,-3.4682,-31.863,13.273,-32.31,-41.12,-41.271,-41.959,-31.386
-17.406,-38.661,-18.882,25.606,-2.9886,-30.744,13.547,-30.301,-39.153,-38.672,-40.731,-32.512
-15.38,-37.329,-18.31,24.577,-2.0299,-29.567,13.809,-28.24,-37.106,-36.034,-39.509,-33.601
-12.99,-35.948,-17.84,23.493,-0.7175,-28.393,14.12,-26.072,-34.945,-33.453,-38.323,-34.615
-10.496,-34.614,-17.475,22.46,0.74915,-27.283,14.524,-23.741,-32.63,-31.003,-37.173,-35.468
-8.1638,-33.413,-17.174,21.566,2.1419,-26.277,15.047,-21.231,-30.131,-28.725,-36.019,-36.04
-6.2242,-32.383,-16.85,20.84,3.2445,-25.379,15.696,-18.573,-27.452,-26.62,-34.793,-36.222
-4.8456,-31.485,-16.397,20.235,3.883,-24.547,16.462,-15.842,-24.635,-24.671,-33.416,-35.954
-4.1267,-30.598,-15.709,19.652,3.9488,-23.695,17.315,-13.131,-21.747,-22.85,-31.835,-35.248
-4.0864,-29.559,-14.702,18.976,3.4141,-22.708,18.214,-10.517,-18.856,-21.13,-30.033,-34.181
-4.652,-28.213,-13.336,18.11,2.3389,-21.479,19.12,-8.0358,-16.001,-19.479,-28.025,-32.866
-5.6617,-26.454,-11.645,16.993,0.86761,-19.94,20.002,-5.6727,-13.183,-17.862,-25.843,-31.414
-6.8856,-24.229,-9.7283,15.594,-0.79169,-18.078,20.845,-3.3712,-10.366,-16.235,-23.511,-29.902
-8.0639,-21.523,-7.7187,13.903,-2.4073,-15.921,21.63,-1.061,-7.4967,-14.557,-21.047,-28.353
-8.9495,-18.337,-5.7247,11.914,-3.7739,-13.503,22.322,1.3063,-4.5373,-12.791,-18.456,-26.738
-9.3442,-14.675,-3.7839,9.6223,-4.7525,-10.834,22.866,3.7333,-1.4852,-10.919,-15.747,-25.005
-9.1197,-10.536,-1.844,7.0263,-5.2862,-7.8779,23.2,6.1762,1.6202,-8.9478,-12.937,-23.112
-8.2174,-5.9157,0.2184,4.1311,-5.3952,-4.5679,23.268,8.5658,4.7132,-6.9093,-10.064,-21.048
-6.6464,-0.83428,2.5491,0.97516,-5.1655,-0.84513,23.036,10.838,7.7334,-4.8622,-7.1776,-18.847
-4.4908,4.6116,5.2562,-2.3556,-4.7327,3.2956,22.5,12.956,10.652,-2.8724,-4.3275,-16.573
-1.9113,10.24,8.3617,-5.7468,-4.2571,7.7779,21.701,14.919,13.478,-0.98752,-1.5386,-14.295
0.86896,15.845,11.792,-9.0967,-3.8912,12.457,20.724,16.742,16.235,0.78515,1.1944,-12.065
3.5878,21.283,15.421,-12.353,-3.7555,17.171,19.688,18.443,18.941,2.4828,3.8941,-9.9074
5.9815,26.543,19.133,-15.531,-3.9324,21.815,18.714,20.035,21.589,4.1726,6.5753,-7.8291
7.834,31.739,22.882,-18.708,-4.4697,26.375,17.891,21.533,24.152,5.9289,9.2259,-5.8408
9.0249,37.037,26.689,-21.984,-5.3842,30.918,17.253,22.958,26.602,7.8124,11.802,-3.9653
9.5467,42.573,30.615,-25.424,-6.6631,35.541,16.786,24.345,28.93,9.8575,14.238,-2.2313
9.479,48.381,34.726,-29.001,-8.2692,40.325,16.449,25.727,31.155,12.069,16.468,-0.65107
8.9379,54.369,39.062,-32.572,-10.149,45.284,16.204,27.13,33.317,14.422,18.455,0.80016
8.0419,60.315,43.61,-35.903,-12.237,50.34,16.042,28.562,35.448,16.876,20.212,2.1879
6.9227,65.911,48.284,-38.754,-14.459,55.317,15.992,30.011,37.555,19.373,21.804,3.6004
5.7438,70.873,52.935,-41,-16.732,60,16.102,31.448,39.613,21.847,23.317,5.1193
4.6789,75.066,57.401,-42.689,-18.976,64.223,16.408,32.828,41.571,24.228,24.827,6.7907
3.8599,78.535,61.572,-43.987,-21.125,67.939,16.91,34.101,43.365,26.448,26.375,8.6088
3.3517,81.446,65.418,-45.081,-23.14,71.215,17.562,35.205,44.932,28.445,27.961,10.517
3.1638,84.002,68.966,-46.121,-25,74.181,18.284,36.073,46.207,30.161,29.55,12.43
3.2776,86.388,72.262,-47.214,-26.695,76.969,18.972,36.638,47.124,31.545,31.087,14.261
3.6715,88.741,75.339,-48.427,-28.212,79.67,19.517,36.829,47.618,32.554,32.51,15.946
4.3445,91.141,78.21,-49.785,-29.524,82.332,19.817,36.576,47.64,33.158,33.749,17.458
5.328,93.615,80.86,-51.279,-30.587,84.955,19.787,35.815,47.168,33.345,34.723,18.79
6.6767,96.159,83.246,-52.881,-31.328,87.506,19.364,34.49,46.204,33.108,35.333,19.941
8.4297,98.737,85.279,-54.555,-31.649,89.917,18.508,32.581,44.758,32.432,35.468,20.898
10.566,101.28,86.821,-56.264,-31.443,92.078,17.204,30.119,42.838,31.3,35.036,21.632
12.993,103.65,87.663,-57.954,-30.634,93.809,15.453,27.199,40.45,29.709,34.009,22.115
15.6,105.61,87.527,-59.549,-29.206,94.827,13.217,23.951,37.602,27.679,32.446,22.34
18.312,106.82,86.097,-60.954,-27.179,94.754,10.364,20.485,34.32,25.258,30.487,22.344
21.11,106.92,83.085,-62.068,-24.52,93.217,6.7201,16.864,30.648,22.505,28.308,22.206
23.988,105.63,78.279,-62.8,-21.102,89.976,2.2318,13.104,26.655,19.494,26.076,22.034
26.925,102.83,71.547,-63.09,-16.764,84.966,-2.9742,9.2244,22.442,16.31,23.924,21.929
29.874,98.584,62.878,-62.908,-11.415,78.273,-8.6505,5.2888,18.141,13.055,21.943,21.952
32.771,93.031,52.45,-62.246,-5.1381,70.101,-14.507,1.4218,13.909,9.8496,20.167,22.101
35.539,86.377,40.678,-61.109,1.7754,60.756,-20.263,-2.2071,9.901,6.8109,18.57,22.318
38.098,78.84,28.197,-59.505,8.8429,50.627,-25.639,-5.4251,6.2439,4.03,17.063,22.5
40.361,70.637,15.769,-57.447,15.502,40.154,-30.31,-8.1032,3.0134,1.5503,15.515,22.542
42.239,62.007,4.1595,-54.965,21.268,29.784,-33.929,-10.191,0.22431,-0.64156,13.793,22.363
43.631,53.2,-6.0038,-52.114,25.853,19.891,-36.226,-11.722,-2.1625,-2.604,11.801,21.922
44.442,44.439,-14.348,-48.972,29.184,10.691,-37.088,-12.797,-4.2192,-4.4141,9.5123,21.21
44.615,35.764,-20.816,-45.604,31.357,2.2052,-36.571,-13.539,-6.0239,-6.1392,6.9751,20.232
44.146,27.009,-25.62,-41.992,32.563,-5.6454,-34.857,-14.054,-7.6396,-7.8199,4.2848,18.998
43.088,17.905,-29.091,-38.013,33.021,-12.791,-32.187,-14.406,-9.1036,-9.4636,1.5566,17.519
41.533,8.4501,-31.539,-33.483,32.941,-18.917,-28.794,-14.6,-10.424,-11.043,-1.0941,15.827
39.591,-0.77328,-33.214,-28.271,32.517,-23.746,-24.886,-14.596,-11.579,-12.497,-3.5592,13.985
37.331,-8.899,-34.337,-22.442,31.913,-27.309,-20.701,-14.321,-12.528,-13.746,-5.7422,12.102
34.738,-15.428,-35.097,-16.321,31.231,-29.876,-16.541,-13.716,-13.22,-14.709,-7.5684,10.297
31.776,-20.417,-35.634,-10.361,30.504,-31.765,-12.696,-12.773,-13.631,-15.341,-8.9999,8.6829
28.503,-24.22,-36.013,-4.9095,29.69,-33.223,-9.2956,-11.557,-13.774,-15.652,-10.053,7.3324
24.994,-27.219,-36.232,-0.081634,28.682,-34.406,-6.311,-10.201,-13.72,-15.717,-10.81,6.2537
21.162,-29.716,-36.249,4.1986,27.331,-35.408,-3.6778,-8.8669,-13.581,-15.663,-11.411,5.3848
16.769,-31.921,-36.011,8.076,25.505,-36.273,-1.3969,-7.7001,-13.493,-15.642,-12.025,4.6111
11.648,-33.963,-35.493,11.656,23.151,-37.025,0.47731,-6.8181,-13.587,-15.791,-12.811,3.785
5.91,-35.895,-34.717,14.955,20.341,-37.682,1.9007,-6.2978,-13.969,-16.194,-13.871,2.7918
-0.0098891,-37.711,-33.779,17.91,17.281,-38.267,2.8671,-6.1835,-14.691,-16.89,-15.233,1.5696
-5.505,-39.373,-32.842,20.441,14.278,-38.808,3.3954,-6.4915,-15.755,-17.85,-16.837,0.14188
-10.029,-40.848,-32.1,22.503,11.673,-39.344,3.5124,-7.2094,-17.095,-18.989,-18.534,-1.4144
-13.242,-42.118,-31.722,24.106,9.7605,-39.91,3.2506,-8.2741,-18.595,-20.179,-20.13,-2.9781
-15.03,-43.195,-31.809,25.298,8.7193,-40.531,2.656,-9.566,-20.11,-21.277,-21.44,-4.4295
-15.473,-44.098,-32.368,26.146,8.5858,-41.213,1.8,-10.93,-21.518,-22.171,-22.353,-5.6544
-14.798,-44.859,-33.324,26.722,9.2654,-41.939,0.78048,-12.201,-22.716,-22.81,-22.838,-6.5847
-13.341,-45.498,-34.552,27.091,10.579,-42.682,-0.2926,-13.254,-23.661,-23.185,-22.972,-7.2139
-11.491,-46.036,-35.913,27.311,12.313,-43.411,-1.32,-14.034,-24.358,-23.342,-22.888,-7.5968
-9.6249,-46.495,-37.287,27.43,14.256,-44.112,-2.2324,-14.56,-24.841,-23.343,-22.717,-7.8314
-8.0434,-46.899,-38.6,27.488,16.211,-44.787,-2.993,-14.898,-25.156,-23.236,-22.545,-8.032
-6.9223,-47.276,-39.828,27.515,18,-45.459,-3.5798,-15.124,-25.347,-23.05,-22.391,-8.3014
-6.2872,-47.652,-40.975,27.532,19.483,-46.154,-3.9733,-15.29,-25.446,-22.79,-22.225,-8.7252
-6.0425,-48.048,-42.058,27.552,20.593,-46.888,-4.1556,-15.421,-25.478,-22.459,-22.01,-9.3399
-6.0302,-48.468,-43.079,27.581,21.361,-47.65,-4.1192,-15.526,-25.464,-22.053,-21.706,-10.148
-6.0803,-48.891,-44.028,27.613,21.894,-48.403,-3.8767,-15.615,-25.416,-21.572,-21.297,-11.125
-6.0425,-49.266,-44.878,27.626,22.32,-49.082,-3.4681,-15.724,-25.353,-21.033,-20.787,-12.232
-5.8225,-49.53,-45.584,27.594,22.735,-49.601,-2.9633,-15.922,-25.318,-20.475,-20.196,-13.426
-5.4153,-49.622,-46.075,27.498,23.166,-49.871,-2.4556,-16.315,-25.38,-19.961,-19.558,-14.663
-4.9074,-49.498,-46.269,27.335,23.574,-49.824,-2.0404,-16.983,-25.614,-19.568,-18.905,-15.88
-4.4381,-49.139,-46.102,27.119,23.864,-49.43,-1.7807,-17.922,-26.046,-19.353,-18.243,-16.995
-4.1271,-48.532,-45.542,26.865,23.914,-48.709,-1.6702,-18.962,-26.585,-19.256,-17.478,-17.861
-4.0197,-47.656,-44.642,26.573,23.622,-47.722,-1.6052,-19.731,-26.938,-19.015,-16.333,-18.235
-4.0954,-46.454,-43.629,26.206,23.025,-46.569,-1.386,-19.65,-26.568,-18.057,-14.227,-17.69
-4.353,-44.802,-42.697,25.655,22.234,-45.292,-0.77088,-17.979,-24.595,-15.348,-10.108,-15.57
-4.8977,-42.475,-41.242,24.693,20.789,-43.58,0.40422,-13.895,-19.53,-9.0201,-2.3115,-10.92
-5.8548,-39.154,-37.786,22.888,17.752,-40.549,2.0163,-6.4758,-9.0337,3.1719,7.1546,-2.5936
-6.9281,-34.568,-31.197,19.583,13.374,-35.035,3.426,1.7123,-9.2306,-2.5138,-2.3043,8.7139
-5.4351,-28.764,-21.552,16.075,9.3678,-26.141,4.225,-10.849,-21.474,-7.0318,-4.0175,1.4534
-6.1935,-20.676,-9.8698,18.447,5.1808,-13.621,5.3276,-28.93,-34.753,-16.437,-8.5973,-1.2971
-13.304,-4.1582,2.6778,11.096,-11.58,1.7725,6.7517,-47.163,-51.254,-29.167,-14.592,2.0431
-23.177,21.031,15.615,1.146,-36.921,18.331,6.5266,-59.714,-64.972,-39.981,-17.318,7.6364
-33.59,45.22,31.408,-8.4163,-58.772,34.236,3.2589,-57.448,-65.912,-39.846,-9.1441,17.896
-39.944,65.071,60.614,-18.22,-73.249,48.357,8.195,-31.731,-41.03,-15.144,19.151,38.009
-36.253,82.001,101.41,-29.873,-76.434,60.471,31.782,21.535,21.65,50.034,77.929,74.867
-18.501,98.42,111.09,-46.474,-65.862,73.541,61.786,100.91,129.7,170.07,182.03,136.14
16.168,116.66,99.842,-71.994,-40.92,93.459,87.3,199.14,282.17,356.87,348.81,231.02
71.628,140.57,79.251,-110.74,-2.6916,101.47,99.149,304.31,470.82,614.48,586.26,372.87
148.21,175.84,54.25,-166.69,47.979,104.06,93.135,403.53,688.52,934.54,888.72,568.26
236.44,225.81,26.042,-236.68,109.24,110.36,66.923,484.36,916.54,1293.5,1236.2,797.87
332.71,284.57,-8.1171,-311.46,176.24,119.15,20.876,538.01,1129.6,1657.3,1594.8,1043.2
430.87,337.32,-52.568,-383.89,248.26,124.39,-35.518,563.33,1303.2,1978.6,1918.6,1275.9
520.9,370.25,-112.45,-443.59,323.56,116.35,-90.02,564.36,1415.1,2207.4,2157,1462.8
593.67,371.19,-193.19,-480.37,401.29,84.19,-135.96,542.71,1446.6,2302.9,2266.1,1573.7
645.73,332.34,-297.22,-487.7,480.76,19.923,-169.58,493.75,1383,2239.4,2219.8,1589
677.61,254.69,-419.48,-464.79,558.44,-77.149,-192.93,407.7,1214.1,2010.5,2015.6,1503.4
689.91,148.5,-546.68,-416.08,627.29,-194.76,-216.08,271.48,936.49,1629.1,1673.5,1326.3
680.95,29.459,-661.55,-348.81,678.15,-312.18,-250.16,74.575,557.19,1124.8,1230.1,1079.4
647.9,-86.625,-747.69,-270.95,702.16,-414.12,-305.03,-181.5,99.1,542.51,732.42,792.05
590.04,-187.33,-793.41,-190.07,693.89,-488.89,-384.78,-477.9,-396.9,-60.991,231.63,495.13
510.5,-265,-793.91,-112.55,653.1,-530.07,-482.77,-780.18,-876.01,-622.58,-224.03,215.03
415.89,-316.53,-751.1,-42.97,584.19,-536.6,-583.27,-1046.4,-1280.3,-1083.5,-596.1,-28.495
315.54,-341.93,-672.2,16.467,494.55,-511.42,-667.75,-1239.5,-1563,-1401.4,-861,-222.08
218.78,-342.48,-567.97,61.335,393.49,-460,-720.66,-1337.6,-1700.3,-1558.8,-1012.1,-359.91
131.13,-319.89,-450.33,89.754,290.3,-389.39,-733.31,-1339,-1696.4,-1567,-1060,-444.17
56.42,-277.41,-330.26,102.88,192.62,-307.77,-704.92,-1259.4,-1580,-1461.4,-1027.5,-481.94
-1.8146,-221.54,-217.5,103.31,107.09,-223.73,-641.76,-1124.6,-1393.3,-1288.2,-941.58,-482.95
-43.386,-162.7,-120.38,95.903,39.077,-145.71,-554.86,-961.61,-1178.6,-1089.9,-827.8,-458.63
-64.473,-112.87,-48.496,85.343,-8.0677,-84.569,-457.21,-793.5,-968.55,-897.45,-706.67,-419.99
-71.049,-79.396,-7.8979,72.867,-32.127,-47.331,-361.02,-636.89,-783.42,-728.57,-592.11,-375.71
-70.507,-63.139,7.0855,50.405,-39.175,-31.28,-275.79,-502.26,-631.57,-589.46,-492.01,-331.17
-66.277,-58.938,5.3459,40.464,-36.354,-29.638,-207.83,-394.84,-513.27,-480.24,-409.36,-288.74
-60.594,-60.555,-4.5128,39.61,-28.906,-35.598,-160.06,-314.35,-425.03,-398.54,-344.2,-250.25
-55.699,-63.646,-15.441,39.898,-20.644,-43.355,-130.34,-255.51,-359.86,-339.07,-295.61,-217
-44.408,-62.942,-23.217,39.498,-14.155,-49.035,-111.84,-210.17,-309.11,-292.27,-259.01,-192.43
-31.128,-56.169,-27.444,38.141,-5.8938,-47.388,-98.615,-172.59,-266.02,-249.94,-227.48,-172.62
-28.485,-51.003,-25.898,36.206,-4.5002,-42.871,-86.898,-140.46,-226.86,-209.5,-197.26,-154.99
-26.686,-48.057,-23.997,34.171,-4.8966,-40.166,-75.751,-113.2,-191.01,-172.98,-168.11,-139.21
-23.996,-45.981,-22.695,32.29,-4.2691,-38.188,-64.009,-90.718,-159.54,-142.74,-141.82,-125.48
-20.551,-44.361,-22.123,30.632,-2.7383,-36.758,-51.445,-72.528,-133.76,-119.34,-120.65,-113.65
-17.006,-43.109,-22.125,29.218,-0.78442,-35.821,-40.026,-57.892,-114.36,-102.75,-105.91,-103.76
-13.926,-42.181,-22.357,28.066,1.0656,-35.223,-35.182,-47.852,-101.2,-92.231,-96.2,-95.914
-11.622,-41.512,-22.48,27.18,2.4015,-34.775,-34.94,-44.465,-92.584,-84.961,-87.702,-89.787
-10.196,-41.014,-22.282,26.531,3.0113,-34.334,-33.964,-40.43,-85.267,-77.684,-79.059,-84.934
-9.5891,-40.598,-21.721,26.052,2.9027,-33.833,-32.423,-34.779,-77.842,-70.551,-71.665,-81.041
-9.6057,-40.201,-20.902,25.678,2.2631,-33.279,-31.203,-29.52,-71.486,-64.773,-65.848,-77.933
-10.004,-39.809,-20.003,25.373,1.366,-32.736,-30.384,-25.148,-66.624,-60.183,-61.22,-75.49
-10.622,-39.455,-19.204,25.145,0.466,-32.283,-29.686,-21.612,-62.929,-56.409,-57.435,-73.581
-11.421,-39.2,-18.626,25.035,-0.28944,-31.983,-28.839,-18.765,-60.087,-53.298,-54.282,-72.035
-12.44,-39.104,-18.299,25.095,-0.89255,-31.857,-27.796,-16.469,-57.916,-50.819,-51.627,-70.659
-13.721,-39.197,-18.167,25.365,-1.4403,-31.877,-26.672,-14.626,-56.301,-48.949,-49.356,-69.29
-15.251,-39.451,-18.12,25.831,-2.0593,-31.982,-25.609,-13.167,-55.137,-47.618,-47.354,-67.83
-16.954,-39.797,-18.05,26.419,-2.8353,-32.103,-24.699,-12.041,-54.301,-46.7,-45.505,-66.252
-18.698,-40.154,-17.898,27.022,-3.7667,-32.191,-23.979,-11.177,-53.667,-46.045,-43.7,-64.573
-20.296,-40.462,-17.674,27.544,-4.7529,-32.237,-23.429,-10.472,-53.122,-45.521,-41.861,-62.819
-21.526,-40.696,-17.441,27.918,-5.6272,-32.262,-22.974,-9.8083,-52.579,-45.041,-39.952,-61.001
-22.178,-40.854,-17.281,28.115,-6.2123,-32.301,-22.505,-9.0759,-51.989,-44.572,-37.974,-59.114
-22.126,-40.943,-17.257,28.137,-6.3767,-32.372,-21.906,-8.2054,-51.34,-44.125,-35.955,-57.144
-21.359,-40.959,-17.385,28.007,-6.0711,-32.461,-21.095,-7.1891,-50.651,-43.72,-33.923,-55.082
-19.991,-40.889,-17.638,27.762,-5.3373,-32.525,-20.061,-6.0801,-49.953,-43.357,-31.886,-52.921
-18.222,-40.715,-17.953,27.439,-4.2878,-32.516,-18.87,-4.9781,-49.277,-42.999,-29.832,-50.661
-16.303,-40.42,-18.257,27.067,-3.068,-32.391,-17.631,-3.978,-48.632,-42.591,-27.732,-48.313
-14.484,-39.993,-18.49,26.661,-1.819,-32.124,-16.444,-3.1476,-48.014,-42.095,-25.562,-45.89
-12.978,-39.427,-18.611,26.222,-0.66018,-31.707,-15.367,-2.5103,-47.413,-41.518,-23.318,-43.404
-11.929,-38.723,-18.605,25.742,0.31204,-31.147,-14.403,-2.0433,-46.829,-40.925,-21.027,-40.868
-11.386,-37.893,-18.464,25.214,1.0184,-30.47,-13.506,-1.6811,-46.278,-40.42,-18.746,-38.304
-11.307,-36.965,-18.175,24.64,1.3958,-29.714,-12.62,-1.343,-45.792,-40.115,-16.569,-35.75
-11.572,-35.984,-17.712,24.03,1.4057,-28.913,-11.71,-0.9685,-45.406,-40.086,-14.599,-33.272
-12.029,-35.001,-17.04,23.401,1.0453,-28.092,-10.777,-0.53846,-45.142,-40.345,-12.927,-30.963
-12.522,-34.069,-16.141,22.775,0.36109,-27.262,-9.865,-0.062856,-45,-40.837,-11.602,-28.932
-12.917,-33.223,-15.044,22.176,-0.54659,-26.433,-9.0554,0.42577,-44.954,-41.46,-10.618,-27.262
-13.115,-32.479,-13.836,21.624,-1.5295,-25.619,-8.4447,0.89979,-44.961,-42.104,-9.9171,-25.971
-13.055,-31.83,-12.654,21.127,-2.413,-24.849,-8.1126,1.3611,-44.97,-42.687,-9.4124,-24.988
-12.716,-31.256,-11.647,20.679,-3.0309,-24.156,-8.0897,1.8548,-44.934,-43.165,-9.018,-24.175
-12.119,-30.738,-10.941,20.266,-3.2635,-23.583,-8.3531,2.4283,-44.822,-43.533,-8.6818,-23.376
-11.338,-30.264,-10.626,19.873,-3.0654,-23.167,-8.8322,3.1062,-44.622,-43.812,-8.3922,-22.484
-10.488,-29.829,-10.741,19.482,-2.4699,-22.931,-9.4201,3.8719,-44.341,-44.036,-8.1679,-21.459
-9.6905,-29.421,-11.255,19.076,-1.5804,-22.866,-9.9915,4.6855,-43.998,-44.227,-8.0315,-20.324
-9.0398,-29.02,-12.058,18.634,-0.54014,-22.927,-10.428,5.5279,-43.608,-44.392,-7.9832,-19.125
-8.5679,-28.6,-12.994,18.144,0.50752,-23.041,-10.641,6.4365,-43.165,-44.516,-7.9851,-17.897
-8.2506,-28.15,-13.9,17.613,1.4617,-23.14,-10.579,7.5076,-42.632,-44.569,-7.9694,-16.646
-8.0402,-27.686,-14.646,17.086,2.28,-23.185,-10.24,8.8677,-41.937,-44.516,-7.8655,-15.346
-7.8826,-27.245,-15.137,16.627,2.9548,-23.154,-9.6641,10.635,-40.984,-44.317,-7.6326,-13.961
-7.6885,-26.85,-15.3,16.293,3.4895,-23.011,-8.9145,12.892,-39.678,-43.938,-7.279,-12.466
-7.309,-26.461,-15.077,16.087,3.9126,-22.675,-8.0509,15.673,-37.947,-43.346,-6.8581,-10.858
-6.5932,-25.959,-14.435,15.949,4.2948,-22.025,-7.1129,18.97,-35.765,-42.52,-6.4434,-9.1535
-5.5203,-25.158,-13.356,15.77,4.686,-20.929,-6.113,22.722,-33.145,-41.458,-6.0982,-7.373
-4.2942,-23.858,-11.802,15.431,4.9882,-19.272,-5.0311,26.843,-30.13,-40.166,-5.843,-5.5209
-3.2986,-21.887,-9.6726,14.828,4.899,-16.967,-3.8185,31.231,-26.756,-38.649,-5.6419,-3.5785
-2.9443,-19.127,-6.8123,13.883,4.0271,-13.956,-2.4239,35.799,-23.032,-36.904,-5.4056,-1.5066
-3.5121,-15.516,-3.0747,12.536,2.0933,-10.205,-0.83318,40.496,-18.931,-34.924,-5.017,0.73845
-5.0435,-11.05,1.5991,10.742,-0.95577,-5.7115,0.90917,45.31,-14.401,-32.709,-4.3784,3.1756
-7.3033,-5.7797,7.1437,8.4807,-4.9416,-0.51041,2.7075,50.242,-9.4066,-30.279,-3.461,5.7685
-9.8459,0.19605,13.371,5.7651,-9.4848,5.3206,4.4381,55.26,-3.9699,-27.678,-2.333,8.413
-12.157,6.7369,20.006,2.6387,-14.081,11.661,5.9808,60.281,1.8197,-24.964,-1.144,10.958
-13.778,13.686,26.754,-0.82933,-18.232,18.351,7.2515,65.205,7.835,-22.191,-0.069398,13.26
-14.388,20.898,33.382,-4.5537,-21.574,25.221,8.2304,69.983,13.976,-19.374,0.76696,15.248
-13.845,28.25,39.745,-8.4415,-23.933,32.123,8.9592,74.668,20.233,-16.463,1.3527,16.953
-12.22,35.631,45.77,-12.399,-25.338,38.96,9.5075,79.402,26.714,-13.35,1.7972,18.506
-9.803,42.934,51.437,-16.341,-25.99,45.675,9.9366,84.334,33.63,-9.9004,2.2806,20.078
-7.0446,50.054,56.749,-20.211,-26.206,52.203,10.285,89.537,41.259,-5.9995,2.9673,21.802
-4.4357,56.903,61.684,-24.003,-26.321,58.438,10.561,94.978,49.908,-1.5933,3.9372,23.729
-2.3731,63.414,66.182,-27.748,-26.584,64.24,10.738,100.54,59.812,3.2988,5.1691,25.818
-1.0734,69.53,70.175,-31.486,-27.136,69.478,10.775,106.07,70.938,8.594,6.5756,27.974
-0.54286,75.184,73.658,-35.209,-28.046,74.075,10.666,111.44,82.838,14.171,8.0555,30.106
-0.6068,80.301,76.694,-38.837,-29.299,78.031,10.481,116.57,94.837,19.902,9.5296,32.169
-0.99411,84.82,79.384,-42.224,-30.804,81.414,10.358,121.45,106.44,25.683,10.954,34.184
-1.4424,88.718,81.828,-45.204,-32.433,84.331,10.444,126.14,117.51,31.471,12.322,36.22
-1.7725,92.026,84.105,-47.667,-34.061,86.895,10.831,130.74,128.13,37.305,13.662,38.373
-1.9098,94.813,86.263,-49.604,-35.579,89.206,11.518,135.33,138.32,43.31,15.025,40.729
-1.853,97.168,88.312,-51.099,-36.898,91.334,12.425,139.91,147.98,49.656,16.47,43.342
-1.6365,99.18,90.225,-52.271,-37.96,93.309,13.423,144.39,156.84,56.513,18.036,46.228
-1.3153,100.92,91.949,-53.222,-38.756,95.126,14.378,148.61,164.67,63.994,19.738,49.378
-0.94764,102.44,93.428,-54.031,-39.319,96.756,15.181,152.42,171.36,72.096,21.587,52.781
-0.56643,103.78,94.625,-54.761,-39.698,98.166,15.781,155.74,177.03,80.659,23.612,56.425
-0.16071,104.96,95.534,-55.468,-39.933,99.336,16.182,158.59,181.87,89.38,25.865,60.293
0.33019,106.03,96.179,-56.193,-40.036,100.28,16.444,161.02,186.09,97.888,28.403,64.334
1.013,106.99,96.603,-56.964,-39.998,101.02,16.656,163.05,189.82,105.83,31.238,68.454
2.0226,107.88,96.855,-57.789,-39.8,101.6,16.901,164.68,193.09,112.93,34.303,72.524
3.4826,108.72,96.981,-58.666,-39.43,102.08,17.231,165.83,195.85,118.95,37.442,76.424
5.4444,109.53,97.019,-59.582,-38.887,102.48,17.657,166.48,198.02,123.78,40.445,80.078
7.8329,110.31,96.994,-60.523,-38.178,102.84,18.147,166.61,199.55,127.46,43.128,83.478
10.449,111.06,96.898,-61.474,-37.309,103.16,18.644,166.24,200.45,130.2,45.4,86.666
13.068,111.76,96.691,-62.421,-36.268,103.4,19.089,165.38,200.82,132.29,47.293,89.699
15.565,112.39,96.304,-63.356,-35.03,103.55,19.444,164.06,200.8,133.99,48.914,92.617
17.973,112.91,95.665,-64.275,-33.553,103.55,19.692,162.25,200.52,135.5,50.398,95.42
20.43,113.29,94.718,-65.173,-31.789,103.36,19.837,159.95,200.07,136.88,51.869,98.093
23.076,113.52,93.444,-66.031,-29.713,102.97,19.907,157.15,199.49,138.14,53.439,100.63
25.95,113.58,91.854,-66.812,-27.332,102.37,19.951,153.88,198.76,139.24,55.203,103.05
28.932,113.43,89.988,-67.446,-24.7,101.56,20.031,150.19,197.88,140.15,57.221,105.39
31.745,113.04,87.897,-67.857,-21.917,100.55,20.194,146.14,196.82,140.88,59.488,107.64
34.023,112.37,85.624,-67.976,-19.123,99.32,20.441,141.77,195.55,141.43,61.915,109.77
35.438,111.4,83.187,-67.775,-16.472,97.854,20.722,137.1,194.07,141.83,64.34,111.68
35.797,110.1,80.547,-67.262,-14.104,96.098,20.95,132.14,192.36,142.09,66.575,113.28
35.109,108.43,77.593,-66.477,-12.107,93.968,21.024,126.88,190.43,142.17,68.453,114.5
33.577,106.33,74.144,-65.482,-10.493,91.346,20.868,121.34,188.27,142.01,69.877,115.3
31.574,103.74,69.989,-64.347,-9.1496,88.089,20.47,115.53,185.86,141.54,70.84,115.76
29.565,100.59,64.918,-63.146,-7.8361,84.046,19.901,109.48,183.17,140.74,71.41,115.97
28.022,96.815,58.76,-61.937,-6.2337,79.069,19.299,103.24,180.14,139.6,71.705,116.08
27.332,92.331,51.43,-60.745,-4.0567,73.037,18.819,96.842,176.69,138.11,71.849,116.17
27.713,87.059,43.014,-59.551,-1.1593,65.904,18.573,90.329,172.72,136.25,71.932,116.24
29.176,80.959,33.817,-58.29,2.4331,57.776,18.58,83.725,168.15,134,71.977,116.21
31.552,74.094,24.31,-56.866,6.5863,48.945,18.761,77.045,162.91,131.31,71.931,115.9
34.581,66.665,14.958,-55.188,11.135,39.854,18.98,70.307,157.02,128.18,71.682,115.17
37.991,58.986,6.1092,-53.199,15.894,30.958,19.105,63.539,150.49,124.56,71.105,113.9
41.528,51.385,-1.993,-50.907,20.612,22.589,19.052,56.785,143.31,120.4,70.103,112.08
44.898,44.109,-9.1516,-48.389,24.958,14.896,18.793,50.107,135.45,115.6,68.635,109.78
47.679,37.254,-15.201,-45.756,28.596,7.9044,18.366,43.568,126.9,110.09,66.708,107.15
49.378,30.774,-20.045,-43.088,31.29,1.602,17.88,37.206,117.69,103.91,64.36,104.3
49.593,24.535,-23.697,-40.388,32.935,-3.984,17.484,31.023,107.99,97.159,61.649,101.28
48.149,18.398,-26.243,-37.573,33.516,-8.7865,17.325,25.003,98.068,90.009,58.643,98.13
45.133,12.303,-27.787,-34.514,33.055,-12.758,17.487,19.128,88.25,82.62,55.429,94.846
40.874,6.3213,-28.413,-31.098,31.619,-15.916,17.95,13.401,78.798,75.103,52.099,91.461
35.87,0.63625,-28.222,-27.288,29.367,-18.344,18.572,7.8367,69.872,67.532,48.752,88.036
30.702,-4.5434,-27.394,-23.154,26.574,-20.16,19.137,2.4512,61.534,60.003,45.478,84.655
25.914,-9.0738,-26.204,-18.863,23.59,-21.509,19.433,-2.745,53.786,52.677,42.352,81.402
21.902,-12.924,-24.996,-14.609,20.779,-22.556,19.332,-7.744,46.603,45.762,39.406,78.327
18.859,-16.168,-24.104,-10.541,18.459,-23.469,18.82,-12.531,39.954,39.456,36.622,75.433
16.778,-18.933,-23.774,-6.7269,16.851,-24.395,17.981,-17.084,33.804,33.881,33.933,72.671
15.5,-21.346,-24.122,-3.1884,16.059,-25.43,16.948,-21.383,28.122,29.059,31.265,69.959
14.789,-23.5,-25.136,0.038163,16.079,-26.614,15.851,-25.419,22.885,24.926,28.571,67.21
14.423,-25.448,-26.711,2.8754,16.825,-27.937,14.773,-29.202,18.075,21.376,25.855,64.365
14.292,-27.218,-28.692,5.2353,18.154,-29.36,13.728,-32.757,13.676,18.299,23.16,61.409
14.418,-28.83,-30.927,7.0704,19.915,-30.849,12.67,-36.122,9.6658,15.603,20.535,58.38
14.871,-30.307,-33.296,8.4011,21.984,-32.386,11.533,-39.331,6.0145,13.232,18.015,55.358
15.7,-31.69,-35.711,9.3116,24.265,-33.973,10.286,-42.399,2.6945,11.16,15.612,52.455
16.936,-33.024,-38.095,9.9281,26.666,-35.603,8.9596,-45.313,-0.30895,9.3881,13.323,49.782
18.604,-34.337,-40.367,10.387,29.085,-37.24,7.6433,-48.025,-2.997,7.924,11.14,47.408
20.703,-35.609,-42.446,10.794,31.424,-38.804,6.4541,-50.474,-5.3698,6.7592,9.0586,45.332
23.149,-36.763,-44.259,11.197,33.594,-40.193,5.4959,-52.601,-7.441,5.8561,7.0683,43.458
25.74,-37.699,-45.737,11.584,35.51,-41.303,4.8276,-54.37,-9.2435,5.1488,5.149,41.62
28.174,-38.339,-46.811,11.914,37.061,-42.065,4.4467,-55.789,-10.825,4.5526,3.2609,39.624
30.113,-38.667,-47.42,12.15,38.115,-42.455,4.2896,-56.91,-12.245,3.9783,1.3436,37.304
31.272,-38.72,-47.52,12.278,38.543,-42.493,4.2546,-57.831,-13.572,3.3437,-0.67437,34.565
31.482,-38.567,-47.114,12.297,38.265,-42.237,4.2423,-58.663,-14.868,2.585,-2.855,31.399
30.728,-38.282,-46.256,12.207,37.286,-41.769,4.1902,-59.507,-16.18,1.6631,-5.2278,27.874
29.122,-37.934,-45.058,12.005,35.695,-41.185,4.0848,-60.43,-17.519,0.56252,-7.7719,24.119
26.867,-37.579,-43.67,11.693,33.663,-40.582,3.9467,-61.464,-18.866,-0.71343,-10.409,20.295
24.234,-37.25,-42.254,11.291,31.434,-40.034,3.8018,-62.607,-20.187,-2.1468,-13.014,16.573
21.577,-36.968,-40.968,10.849,29.306,-39.584,3.6564,-63.82,-21.446,-3.7034,-15.444,13.108
19.309,-36.739,-39.948,10.444,27.582,-39.25,3.4886,-65.03,-22.624,-5.3308,-17.578,10.016
17.8,-36.565,-39.29,10.17,26.469,-39.026,3.2596,-66.141,-23.719,-6.9666,-19.357,7.3645
17.274,-36.444,-39.023,10.111,26.012,-38.903,2.9352,-67.067,-24.751,-8.5574,-20.798,5.1665
17.774,-36.377,-39.111,10.321,26.156,-38.866,2.5055,-67.765,-25.75,-10.08,-21.981,3.3911
19.14,-36.37,-39.514,10.804,26.876,-38.906,1.9921,-68.249,-26.746,-11.552,-23.025,1.9647
21.008,-36.432,-40.189,11.505,28.183,-39.017,1.4444,-68.579,-27.755,-13.019,-24.054,0.77044
22.899,-36.571,-41.056,12.328,29.987,-39.19,0.92738,-68.826,-28.774,-14.534,-25.169,-0.34733
24.402,-36.787,-41.964,13.169,31.994,-39.4,0.50361,-69.054,-29.787,-16.13,-26.432,-1.5631
25.252,-37.071,-42.692,13.961,33.733,-39.597,0.21697,-69.301,-30.772,-17.811,-27.864,-3.0302
25.194,-37.396,-42.976,14.691,34.658,-39.715,0.086901,-69.576,-31.706,-19.551,-29.452,-4.833
23.91,-37.722,-42.585,15.393,34.3,-39.675,0.11548,-69.858,-32.572,-21.3,-31.165,-6.9585
21.185,-38.004,-41.382,16.112,32.433,-39.408,0.29764,-70.102,-33.36,-22.999,-32.963,-9.3125
17.077,-38.198,-39.383,16.871,29.165,-38.874,0.62556,-70.266,-34.072,-24.592,-34.816,-11.772
11.952,-38.263,-36.767,17.653,24.923,-38.074,1.0875,-70.325,-34.709,-26.036,-36.698,-14.238
6.3907,-38.161,-33.841,18.401,20.309,-37.052,1.6674,-70.278,-35.269,-27.304,-38.585,-16.657
1.0472,-37.855,-30.935,19.038,15.924,-35.866,2.3483,-70.14,-35.736,-28.389,-40.45,-19.012
-3.4975,-37.312,-28.309,19.492,12.239,-34.578,3.1183,-69.907,-36.091,-29.306,-42.259,-21.297
-6.8514,-36.517,-26.095,19.726,9.5122,-33.23,3.9732,-69.534,-36.321,-30.088,-43.983,-23.505
-8.8696,-35.474,-24.301,19.75,7.761,-31.825,4.9103,-68.937,-36.427,-30.776,-45.601,-25.625
-9.6496,-34.221,-22.802,19.625,6.789,-30.319,5.9189,-68.028,-36.42,-31.411,-47.106,-27.659
-9.459,-32.827,-21.368,19.441,6.2794,-28.648,6.9753,-66.771,-36.322,-32.027,-48.508,-29.62
-8.6284,-31.387,-19.726,19.265,5.8971,-26.779,8.0527,-65.22,-36.159,-32.649,-49.83,-31.532
-7.4889,-29.984,-17.687,19.105,5.3351,-24.741,9.1392,-63.515,-35.971,-33.291,-51.103,-33.414
-6.3564,-28.653,-15.238,18.914,4.3797,-22.615,10.251,-61.824,-35.795,-33.959,-52.35,-35.264
-5.4895,-27.388,-12.536,18.631,2.989,-20.517,11.426,-60.267,-35.642,-34.643,-53.576,-37.04
-5.0465,-26.188,-9.8303,18.234,1.2884,-18.575,12.702,-58.867,-35.49,-35.32,-54.756,-38.663
-5.1009,-25.078,-7.3687,17.754,-0.52591,-16.902,14.092,-57.551,-35.28,-35.942,-55.842,-40.034
-5.6642,-24.11,-5.3276,17.262,-2.2878,-15.575,15.575,-56.189,-34.938,-36.442,-56.772,-41.062
-6.6865,-23.331,-3.7747,16.846,-3.9032,-14.616,17.109,-54.659,-34.393,-36.734,-57.493,-41.701
-8.0594,-22.75,-2.6662,16.578,-5.341,-13.983,18.644,-52.891,-33.594,-36.73,-57.976,-41.973
-9.6239,-22.322,-1.8779,16.486,-6.597,-13.567,20.136,-50.894,-32.524,-36.367,-58.22,-41.963
-11.179,-21.951,-1.2581,16.55,-7.6578,-13.227,21.553,-48.748,-31.2,-35.623,-58.252,-41.798
-12.502,-21.544,-0.68658,16.711,-8.4893,-12.842,22.871,-46.559,-29.666,-34.54,-58.116,-41.593
-13.401,-21.077,-0.12111,16.913,-9.055,-12.369,24.071,-44.421,-27.978,-33.209,-57.854,-41.399
-13.78,-20.637,0.38653,17.135,-9.3404,-11.882,25.133,-42.375,-26.179,-31.746,-57.494,-41.192
-13.665,-20.399,0.72124,17.397,-9.3648,-11.536,26.038,-40.407,-24.294,-30.255,-57.042,-40.89
-13.195,-20.536,0.77482,17.734,-9.1784,-11.491,26.763,-38.473,-22.325,-28.79,-56.495,-40.4
-12.572,-21.101,0.51481,18.154,-8.8558,-11.815,27.284,-36.533,-20.268,-27.339,-55.84,-39.667
-12.004,-21.972,0.0084009,18.62,-8.4889,-12.437,27.58,-34.584,-18.124,-25.835,-55.065,-38.686
-11.653,-22.907,-0.60423,19.06,-8.1711,-13.186,27.637,-32.664,-15.903,-24.18,-54.153,-37.498
-11.596,-23.647,-1.1611,19.389,-7.9753,-13.855,27.454,-30.826,-13.607,-22.271,-53.082,-36.153
-11.808,-23.995,-1.5259,19.526,-7.9323,-14.271,27.051,-29.087,-11.207,-20.022,-51.819,-34.684
-12.176,-23.835,-1.6153,19.401,-8.0244,-14.319,26.46,-27.405,-8.6215,-17.382,-50.328,-33.084
-12.544,-23.113,-1.4014,18.968,-8.195,-13.948,25.733,-25.686,-5.7252,-14.337,-48.574,-31.314
-12.761,-21.828,-0.89845,18.208,-8.3698,-13.153,24.952,-23.819,-2.3876,-10.911,-46.538,-29.327
-12.724,-20.013,-0.14142,17.138,-8.4808,-11.964,24.23,-21.734,1.4749,-7.1572,-44.222,-27.098
-12.387,-17.721,0.83046,15.791,-8.4835,-10.416,23.684,-19.437,5.8573,-3.1479,-41.643,-24.656
-11.748,-14.994,1.9773,14.199,-8.3598,-8.5474,23.4,-17.011,10.656,1.0299,-38.823,-22.088
-10.822,-11.856,3.2465,12.357,-8.1078,-6.3996,23.377,-14.584,15.69,5.2753,-35.764,-19.526
-9.6095,-8.3217,4.5588,10.219,-7.7297,-4.0372,23.523,-12.276,20.725,9.4734,-32.438,-17.114
-8.0944,-4.4172,5.8156,7.7026,-7.2322,-1.551,23.691,-10.158,25.494,13.503,-28.784,-14.972
-6.2554,-0.20511,6.9331,4.7474,-6.6384,0.95826,23.73,-8.2393,29.735,17.252,-24.713,-13.156
-4.1005,4.2022,7.8782,1.3675,-5.9971,3.4043,23.527,-6.4888,33.265,20.651,-20.133,-11.637
-1.6958,8.6477,8.671,-2.3127,-5.3687,5.7262,23.043,-4.8665,36.059,23.682,-14.978,-10.318
0.83626,12.957,9.346,-6.0845,-4.7907,7.8779,22.314,-3.3561,38.261,26.387,-9.2459,-9.074
3.372,16.978,9.9017,-9.7366,-4.2448,9.8118,21.421,-1.9825,40.089,28.835,-3.0074,-7.8138
5.8618,20.622,10.274,-13.142,-3.6531,11.471,20.443,-0.8079,41.711,31.098,3.6166,-6.5139
8.3567,23.875,10.346,-16.296,-2.9015,12.791,19.409,0.089408,43.165,33.216,10.49,-5.2266
10.953,26.763,9.9809,-19.278,-1.8796,13.704,18.284,0.64297,44.371,35.182,17.475,-4.0585
13.692,29.293,9.0644,-22.169,-0.5209,14.136,16.974,0.81748,45.19,36.917,24.42,-3.135
16.495,31.38,7.5444,-24.958,1.1689,14.001,15.354,0.60864,45.482,38.27,31.148,-2.5655
19.173,32.81,5.4549,-27.504,3.1094,13.208,13.298,0.023192,45.138,39.044,37.459,-2.4192
21.518,33.265,2.909,-29.558,5.1731,11.686,10.724,-0.94668,44.088,39.057,43.169,-2.7184
23.402,32.418,0.057623,-30.843,7.233,9.4277,7.622,-2.3347,42.299,38.211,48.164,-3.4477
24.827,30.096,-2.9709,-31.138,9.2093,6.5141,4.0415,-4.1876,39.776,36.529,52.43,-4.5754
25.914,26.415,-6.1104,-30.355,11.095,3.0878,0.061035,-6.536,36.561,34.137,56.04,-6.0711
26.833,21.757,-9.3495,-28.602,12.948,-0.69628,-4.2322,-9.3622,32.715,31.211,59.095,-7.9083
27.723,16.582,-12.694,-26.183,14.859,-4.696,-8.7313,-12.577,28.323,27.936,61.666,-10.048
28.635,11.259,-16.138,-23.478,16.912,-8.7777,-13.296,-16.018,23.507,24.476,63.757,-12.416
29.512,6.0182,-19.647,-20.776,19.14,-12.812,-17.752,-19.472,18.448,20.972,65.304,-14.885
30.201,0.98076,-23.159,-18.202,21.502,-16.683,-21.9,-22.727,13.384,17.546,66.21,-17.286
30.517,-3.7946,-26.592,-15.739,23.885,-20.302,-25.542,-25.623,8.5834,14.296,66.399,-19.435
30.332,-8.2802,-29.851,-13.318,26.139,-23.624,-28.514,-28.081,4.2851,11.294,65.857,-21.187
29.635,-12.457,-32.846,-10.888,28.124,-26.644,-30.711,-30.091,0.6374,8.58,64.654,-22.464
28.563,-16.302,-35.504,-8.4488,29.748,-29.373,-32.109,-31.683,-2.3288,6.177,62.928,-23.271
27.374,-19.787,-37.779,-6.04,30.992,-31.819,-32.749,-32.89,-4.6782,4.1049,60.865,-23.681
26.397,-22.886,-39.659,-3.7222,31.916,-33.972,-32.716,-33.726,-6.5131,2.389,58.668,-23.795
25.951,-25.586,-41.162,-1.558,32.632,-35.813,-32.106,-34.18,-7.9122,1.0535,56.529,-23.722
26.246,-27.886,-42.327,0.40867,33.268,-37.322,-30.997,-34.224,-8.8982,0.1051,54.586,-23.55
27.306,-29.801,-43.198,2.1786,33.905,-38.493,-29.442,-33.833,-9.445,-0.48055,52.908,-23.352
28.942,-31.35,-43.817,3.8038,34.548,-39.339,-27.498,-33.002,-9.5165,-0.75962,51.486,-23.177
30.776,-32.559,-44.214,5.3489,35.12,-39.898,-25.267,-31.758,-9.1054,-0.80479,50.271,-23.053
32.316,-33.458,-44.406,6.8384,35.504,-40.22,-22.905,-30.154,-8.2508,-0.68321,49.212,-22.979
33.081,-34.089,-44.393,8.247,35.591,-40.358,-20.582,-28.256,-7.0348,-0.44128,48.278,-22.933
32.736,-34.502,-44.162,9.5321,35.307,-40.348,-18.418,-26.124,-5.5698,-0.10543,47.451,-22.883
31.18,-34.746,-43.696,10.664,34.613,-40.213,-16.447,-23.804,-3.9852,0.30461,46.702,-22.801
28.555,-34.863,-42.971,11.636,33.49,-39.958,-14.629,-21.327,-2.4089,0.76232,45.98,-22.67
25.169,-34.896,-41.966,12.467,31.937,-39.586,-12.89,-18.724,-0.94724,1.2297,45.214,-22.483
21.355,-34.899,-40.665,13.208,29.961,-39.114,-11.171,-16.04,0.32952,1.6602,44.33,-22.24
17.36,-34.932,-39.074,13.95,27.579,-38.572,-9.4473,-13.346,1.3891,2.0046,43.268,-21.951
13.311,-35.054,-37.235,14.801,24.829,-38.003,-7.7289,-10.736,2.2306,2.2154,41.992,-21.639
9.2412,-35.311,-35.232,15.846,21.791,-37.447,-6.0571,-8.304,2.8753,2.2523,40.489,-21.339
5.1507,-35.72,-33.185,17.098,18.606,-36.941,-4.4882,-6.1235,3.3595,2.0896,38.756,-21.094
1.1036,-36.259,-31.248,18.48,15.467,-36.513,-3.072,-4.2246,3.7283,1.7204,36.786,-20.952
-2.6987,-36.87,-29.581,19.857,12.589,-36.191,-1.831,-2.5889,4.0236,1.1514,34.567,-20.959
-5.9755,-37.486,-28.319,21.105,10.18,-35.999,-0.74922,-1.159,4.2665,0.38982,32.08,-21.157
-8.5137,-38.059,-27.554,22.153,8.4065,-35.961,0.22383,0.14021,4.438,-0.56803,29.32,-21.578
-10.248,-38.569,-27.327,22.989,7.3647,-36.091,1.1531,1.3768,4.4731,-1.737,26.31,-22.23
-11.23,-39.023,-27.621,23.632,7.0593,-36.388,2.0876,2.5929,4.2798,-3.1307,23.113,-23.086
-11.581,-39.437,-28.349,24.116,7.3984,-36.825,3.0324,3.7998,3.78,-4.7423,19.832,-24.072
-11.452,-39.828,-29.358,24.478,8.2111,-37.351,3.9408,4.9884,2.9539,-6.5277,16.599,-25.073
-11.006,-40.203,-30.456,24.745,9.2851,-37.902,4.7345,6.1492,1.8623,-8.4005,13.553,-25.95
-10.388,-40.557,-31.461,24.934,10.415,-38.418,5.3409,7.2875,0.63132,-10.245,10.804,-26.576
-9.7069,-40.873,-32.252,25.053,11.444,-38.861,5.726,8.4292,-0.59032,-11.945,8.4032,-26.864
-9.0253,-41.14,-32.794,25.106,12.286,-39.219,5.9076,9.616,-1.6731,-13.404,6.3299,-26.779
-8.3637,-41.359,-33.134,25.106,12.928,-39.511,5.942,10.896,-2.527,-14.561,4.5149,-26.329
-7.7267,-41.543,-33.365,25.076,13.411,-39.767,5.8942,12.314,-3.101,-15.382,2.8778,-25.538
-7.1336,-41.71,-33.577,25.041,13.795,-40.016,5.8069,13.902,-3.3748,-15.855,1.363,-24.427
-6.6401,-41.869,-33.809,25.022,14.106,-40.268,5.6848,15.677,-3.3521,-15.997,-0.04549,-23.014
-6.3358,-42.006,-34.026,25.025,14.303,-40.499,5.4991,17.628,-3.0591,-15.853,-1.3355,-21.316
-6.3165,-42.078,-34.13,25.042,14.289,-40.651,5.2069,19.719,-2.5491,-15.506,-2.4906,-19.358
-6.6463,-42.016,-33.987,25.05,13.958,-40.635,4.7744,21.878,-1.9091,-15.064,-3.5098,-17.171
-7.3257,-41.737,-33.468,25.013,13.235,-40.347,4.1952,24.012,-1.2565,-14.644,-4.4088,-14.774
-8.2792,-41.153,-32.479,24.887,12.117,-39.696,3.5003,26.038,-0.70726,-14.33,-5.191,-12.138
-9.3657,-40.171,-30.976,24.618,10.673,-38.609,2.7555,27.952,-0.30465,-14.112,-5.7889,-9.1577
-10.407,-38.675,-28.98,24.136,9.0392,-37.037,2.0528,29.9,0.082366,-13.792,-5.9777,-5.6027
-11.225,-36.512,-26.562,23.342,7.3741,-34.943,1.4952,32.25,0.86314,-12.894,-5.2661,-1.0798
-11.678,-33.494,-23.795,22.083,5.7924,-32.294,1.1806,35.636,2.8159,-10.535,-2.7649,5.0046
-11.68,-29.439,-20.629,20.109,4.2902,-28.989,1.1809,40.98,7.2004,-5.1798,2.9401,13.401
-11.153,-24.224,-16.772,17.069,2.7665,-24.725,1.5191,49.362,15.997,5.6867,12.246,24.625
-9.8481,-17.85,-11.822,12.825,1.1887,-18.938,2.1507,60.421,29.289,6.8819,2.0758,36.247
-7.0194,-10.531,-5.6568,9.0933,-0.30154,-11.038,2.9651,53.54,2.7516,0.22823,0.36001,35.355
-5.1193,-2.3155,1.2803,10.863,-1.5793,-0.79243,3.8272,13.328,-12.54,-4.2083,0.17616,41.379
-6.7216,8.4535,8.0383,11.105,-3.2144,11.396,4.6611,-3.4207,-25.189,-11.524,0.15032,50.008
-6.919,24.746,13.55,2.2517,-12.916,24.545,5.4877,-9.7327,-38.709,-21.133,0.37565,58.744
-7.2512,44.917,17.937,-8.344,-35.006,37.442,6.3743,0.89384,-46.482,-28.165,4.2097,69.748
-7.5899,64.632,28.572,-19.495,-47.62,49.041,7.4012,32.665,-36.805,-21.608,21.495,86.244
-6.6088,82.653,71.591,-31.982,-54.509,58.923,8.6119,80.734,1.7356,14.468,65.626,114.14
-1.6247,99.772,102.39,-47.157,-53.837,69.011,9.9169,140.56,79.632,100.77,150.44,162.97
11.546,116.98,98.682,-67.142,-43.936,85.522,11.089,215.84,204.88,257.83,290.14,244.63
40.862,136.69,85.277,-95.236,-24.085,98.542,11.995,308.36,369.29,484.36,497.37,372.4
95.609,163.37,66.784,-135.27,8.0916,102.29,13.611,413.3,562.07,757.38,761.69,544.43
165.92,200.44,44.561,-188.03,56.173,106.83,23.518,517.82,775.99,1069.6,1058.5,739.86
245.69,247.07,17.234,-248.96,117.18,113.76,47.397,611.07,992.95,1403.5,1373.8,953.14
332.65,295.57,-20.873,-313.3,184.7,119.71,35.88,687.65,1192.8,1724,1679,1166.3
421.32,333.96,-81.196,-374.66,259.47,115.62,10.461,745.39,1355.6,1992.6,1935.7,1355
505.99,348.37,-168.28,-424.78,342.03,87.811,-15.298,781.68,1461.4,2172.5,2106.8,1496.9
580.57,327.6,-276.48,-455.57,430.02,26.299,-36.637,791.44,1492.6,2233.4,2165.2,1575.3
639.4,270.48,-398.93,-461.45,517.46,-68.99,-50.812,766.77,1435.5,2158,2097.9,1580.1
677.75,185.9,-521.92,-441.69,595.75,-182.6,-60.856,698.43,1282.3,1943.4,1906.4,1509.5
691.2,87.478,-629.7,-399.79,655.21,-290.37,-77.128,579.34,1033.4,1600.9,1605.4,1369.4
676.23,-11.24,-708.4,-341.45,687.07,-380.31,-107.16,409,700.65,1156.4,1220.5,1172.6
632.63,-99.017,-748.53,-273,686.14,-444.65,-153.16,196.01,308.92,649.6,787.19,937.69
563.8,-168.49,-746.85,-200.34,652.15,-478.62,-214.31,-42.622,-106.53,129.01,345.93,686.68
475.45,-216.27,-705.83,-128.42,588.86,-481.27,-286.49,-284.93,-506.82,-357,-64.337,440.59
374.88,-241.36,-631.7,-61.045,502.68,-455,-362.83,-507.83,-856.34,-768.57,-412.71,215.6
270.38,-244.49,-532.88,-0.76717,401.47,-405.21,-434.14,-690.07,-1127.4,-1078.9,-681.12,23.404
170.13,-227.66,-418.97,46.701,294.36,-339.2,-490.29,-814.74,-1302.3,-1275.1,-861.38,-125.36
81.754,-188.19,-300.53,75.917,191.69,-264.28,-523.33,-872,-1375,-1357,-953.48,-224.55
11.283,-120.18,-187.87,89.366,102.46,-185.5,-529.62,-861.87,-1353.2,-1337.6,-969.88,-276.71
-38.327,-76.738,-87.615,91.454,30.069,-111.79,-510.41,-794.65,-1256.8,-1241.3,-929.76,-290.36
-66.26,-60.458,-21.995,85.782,-18.288,-59.591,-471.18,-687.87,-1113.8,-1098.5,-853.04,-275.35
-76.84,-49.525,7.9571,73.913,-39.011,-30.957,-419.66,-561.04,-952.68,-938.86,-756,-241.13
-74.981,-39.24,17.898,43.545,-44.096,-18.295,-363.53,-430.93,-795.47,-784.59,-653.12,-198.1
-65.401,-31.046,17.687,22.088,-42.135,-13.897,-309.11,-309.16,-655.75,-647.62,-557.54,-151.66
-52.989,-24.45,14.445,20.007,-38.198,-12.54,-260.86,-202.05,-538.75,-534.29,-480.03,-86.356
-41.918,-17.845,12.16,18.506,-34.766,-11.251,-221.28,-112.41,-444.11,-443.55,-418.44,-67.556
-32.937,-9.6067,11.862,16.275,-32.701,-7.4571,-191.07,-40.247,-368.68,-368.25,-365.69,-58.056
-18.958,0.86598,17.776,13.145,-29.005,1.8646,-168.66,18.13,-300.68,-304.49,-320.8,-43.037
-16.163,12.611,30.502,9.1053,-27.518,11.831,-151.61,66.924,-257.63,-258.65,-282.31,-23.85
-15.173,24.401,40.724,4.2797,-29.228,21.449,-138.14,108.57,-223.81,-219.32,-249.58,-4.4976
-14.049,35.362,48.151,-1.1172,-30.001,30.133,-127.14,144.63,-191.25,-184.78,-221.88,13.084
-21.645,43.207,54.029,-8.8344,-38.389,38.686,-118.4,175.16,-158.61,-152.58,-214.77,77.116
-15.822,50.661,55.518,-15.591,-36.162,43.004,-111.03,202.12,-134.09,-122.15,-197.86,95.533
-9.213,59.832,57.937,-23.714,-33.887,48.646,-105.14,225.31,-114.22,-97.375,-187.28,108.42
-3.3289,69.801,61.877,-31.891,-32.707,55.457,-100.77,244.96,-98.701,-78.764,-182.51,116.71
0.93282,79.281,66.951,-38.913,-32.991,62.602,-97.961,261.45,-87.179,-66.061,-182.2,122.2
3.4151,86.876,71.918,-43.91,-34.296,68.759,-96.695,275.45,-79.234,-58.287,-184.48,127.09
4.4956,91.49,75.305,-46.479,-35.745,72.64,-96.889,287.8,-74.376,-54.08,-187.5,133.25
4.7673,92.751,76.147,-46.741,-36.553,73.571,-98.315,299.37,-71.955,-52.057,-189.96,141.71
4.779,91.22,74.457,-45.303,-36.401,71.838,-100.57,310.91,-71.08,-50.99,-191.31,152.45
4.9022,88.262,71.228,-43.119,-35.514,68.618,-103.1,322.94,-70.643,-49.826,-191.72,164.66
