-4.3967,99.748,109.58,-48.146,-57.393,108.03,-14.275,-32.919,52.141,110.59,92.179,73.421
-9.1346,86.964,101.46,-40.222,-54.663,97.434,-24.294,-39.837,41.121,99.05,86.192,70.059
-12.187,74.194,91.675,-32.929,-50.449,85.979,-33.246,-44.922,31.708,88.273,80.312,66.631
-12.503,61.779,79.504,-26.837,-43.992,73.483,-40.264,-46.834,25.167,78.777,74.654,63.142
-10.007,50.435,65.592,-22.374,-35.587,60.671,-44.899,-44.997,22.209,70.709,69.354,59.677
-5.5712,40.978,51.629,-19.661,-26.438,48.874,-47.239,-39.821,22.674,63.838,64.498,56.333
-0.58477,34.024,39.618,-18.477,-18.12,39.45,-47.793,-32.572,25.503,57.757,60.091,53.201
3.6369,29.777,31.08,-18.356,-11.94,33.242,-47.136,-24.852,29.153,52.185,56.135,50.397
6.3051,27.936,26.5,-18.728,-8.4744,30.249,-45.555,-17.907,32.262,47.189,52.711,48.055
7.328,27.747,25.22,-19.085,-7.4353,29.655,-42.943,-12.082,34.206,43.162,49.991,46.257
7.2348,28.302,25.799,-19.175,-7.8611,30.219,-38.984,-6.7327,35.273,40.604,48.176,44.984
9.5109,21.558,25.407,-25.813,-7.1982,20.338,-15.573,18.344,36.301,45.066,48.629,38.919
10.809,19.659,22.165,-25.058,-4.6136,19.546,-11.689,21.54,38.69,42.313,47.332,37.384
11.671,17.999,19.466,-24.295,-2.45,19.007,-7.589,24.524,40.946,39.676,45.992,35.792
11.99,16.466,17.327,-23.426,-0.86662,18.506,-3.3691,27.167,42.767,37.027,44.556,34.089
11.731,15.048,15.825,-22.396,0.013156,18.032,0.87071,29.39,43.916,34.269,42.997,32.262
10.926,13.759,14.963,-21.16,0.17137,17.597,5.0194,31.177,44.284,31.362,41.317,30.33
9.6616,12.589,14.632,-19.647,-0.30254,17.187,8.9578,32.56,43.882,28.315,39.538,28.326
8.0453,11.484,14.652,-17.761,-1.2543,16.764,12.571,33.587,42.769,25.171,37.684,26.279
6.1845,10.367,14.829,-15.424,-2.5057,16.281,15.767,34.308,40.997,21.98,35.769,24.2
4.1797,9.1641,14.989,-12.625,-3.8828,15.697,18.484,34.762,38.618,18.774,33.795,22.081
2.1191,7.8325,14.998,-9.4319,-5.2396,14.978,20.701,34.979,35.713,15.558,31.747,19.912
0.066932,6.3607,14.764,-5.9739,-6.4767,14.098,22.429,34.981,32.419,12.312,29.604,17.682
-1.9488,4.7576,14.234,-2.396,-7.5473,13.036,23.715,34.782,28.901,9.0129,27.338,15.388
-3.9331,3.0406,13.4,1.1644,-8.4442,11.784,24.628,34.396,25.297,5.6507,24.928,13.032
-5.8986,1.2259,12.297,4.5872,-9.1769,10.343,25.246,33.844,21.689,2.2476,22.363,10.62
-7.8357,-0.67512,10.997,7.7742,-9.7552,8.733,25.654,33.158,18.104,-1.1477,19.645,8.1601
-9.7153,-2.658,9.5845,10.653,-10.183,6.9884,25.926,32.383,14.552,-4.4788,16.787,5.6593
-11.53,-4.7224,8.1125,13.177,-10.453,5.1508,26.127,31.569,11.07,-7.7031,13.814,3.1248
-13.308,-6.8666,6.5707,15.323,-10.552,3.257,26.3,30.756,7.7358,-10.798,10.758,0.56847
-15.063,-9.0804,4.8899,17.095,-10.461,1.3275,26.467,29.979,4.652,-13.75,7.6773,-1.9801
-16.732,-11.339,2.9937,18.523,-10.165,-0.6383,26.631,29.257,1.9023,-16.537,4.6735,-4.4589
-18.182,-13.596,0.85294,19.654,-9.6232,-2.6545,26.783,28.607,-0.47848,-19.116,1.892,-6.7703
-19.261,-15.786,-1.5002,20.529,-8.7691,-4.7309,26.911,28.038,-2.5013,-21.432,-0.50073,-8.7977
-19.856,-17.828,-3.9904,21.176,-7.5445,-6.8546,27.009,27.555,-4.2042,-23.434,-2.3616,-10.439
-19.927,-19.658,-6.5224,21.618,-5.9462,-8.9809,27.074,27.153,-5.6409,-25.09,-3.614,-11.638
-19.522,-21.241,-8.9959,21.883,-4.0499,-11.042,27.111,26.824,-6.8764,-26.397,-4.2651,-12.401
-18.76,-22.585,-11.319,22.013,-1.9971,-12.968,27.123,26.549,-7.9809,-27.385,-4.3914,-12.779
-17.788,-23.724,-13.426,22.058,0.050573,-14.711,27.106,26.309,-9.0186,-28.103,-4.1006,-12.844
-16.742,-24.706,-15.291,22.062,1.9677,-16.256,27.055,26.083,-10.033,-28.605,-3.4943,-12.663
-15.709,-25.574,-16.933,22.056,3.6938,-17.619,26.968,25.862,-11.041,-28.941,-2.6491,-12.281
-14.724,-26.354,-18.399,22.049,5.2215,-18.831,26.849,25.643,-12.029,-29.148,-1.6167,-11.732
-13.78,-27.058,-19.738,22.038,6.568,-19.923,26.713,25.434,-12.968,-29.249,-0.43404,-11.039
-12.854,-27.682,-20.983,22.016,7.7575,-20.914,26.585,25.254,-13.822,-29.25,0.86869,-10.233
-11.922,-28.211,-22.146,21.972,8.8172,-21.805,26.492,25.124,-14.564,-29.152,2.2636,-9.3428
-10.966,-28.631,-23.221,21.9,9.7788,-22.593,26.463,25.071,-15.179,-28.95,3.7247,-8.3936
-9.9765,-28.937,-24.21,21.799,10.682,-23.275,26.515,25.106,-15.672,-28.645,5.2285,-7.4005
-8.9434,-29.137,-25.127,21.672,11.576,-23.863,26.64,25.214,-16.071,-28.254,6.7562,-6.37
-7.8369,-29.256,-26.013,21.521,12.519,-24.391,26.798,25.341,-16.425,-27.813,8.2947,-5.3085
-6.603,-29.33,-26.92,21.346,13.566,-24.905,26.927,25.404,-16.795,-27.372,9.838,-4.228
-5.1733,-29.391,-27.892,21.14,14.756,-25.453,26.961,25.303,-17.23,-26.965,11.384,-3.1482
-3.4928,-29.455,-28.938,20.894,16.08,-26.057,26.853,24.948,-17.751,-26.585,12.929,-2.0965
-1.5591,-29.506,-30.016,20.595,17.482,-26.7,26.593,24.293,-18.327,-26.144,14.452,-1.1118
0.54718,-29.499,-31.041,20.237,18.859,-27.322,26.226,23.404,-18.836,-25.424,15.907,-0.24835
2.6594,-29.373,-31.918,19.826,20.095,-27.843,25.892,22.597,-19.032,-24.045,17.233,0.42537
4.5696,-29.069,-32.57,19.376,21.093,-28.176,25.833,22.524,-18.606,-21.407,18.377,0.84312
6.1076,-28.553,-32.949,18.904,21.804,-28.253,26.309,23.876,-17.428,-16.651,19.35,0.97822
7.2206,-27.826,-33.044,18.42,22.241,-28.038,27.378,26.685,-14.449,-9.0467,20.297,0.90018
8.0233,-26.909,-32.885,17.904,22.473,-27.547,28.808,30.868,-10.116,-1.9951,21.581,0.83818
8.807,-25.819,-32.554,17.28,22.596,-26.844,30.278,38.883,-10.983,-16.975,23.82,1.2312
10.008,-24.53,-32.196,16.371,22.708,-26.017,31.308,39.826,-14.502,-39.882,27.849,2.7408
12.131,-22.958,-31.981,14.842,22.908,-25.14,31.344,33.58,-19.999,-41.668,34.569,6.2149
15.58,-20.978,-32.037,12.09,23.306,-24.252,30.864,22.937,-25.572,-36.658,44.489,12.614
20.136,-18.485,-32.355,7.2574,24.047,-23.368,30.028,13.991,-26.02,-22.289,52.373,21.939
23.073,-15.461,-32.64,0.85751,23.602,-22.531,25.212,16.185,-12.767,7.0186,36.881,20.442
10.345,-11.983,-31.17,0.44859,11.189,-21.85,33.539,34.627,21.852,54.966,29.243,3.929
-13.312,-8.1259,-20.225,9.4675,0.74166,-21.474,53.618,76.781,88.548,123.56,25.557,-2.5441
-19.452,-3.8931,-5.8653,13.246,-6.3284,-21.354,83.139,149.43,190.4,218.43,25.95,-6.5778
-19.96,0.4652,1.1613,12.669,-9.8103,-20.206,118.75,250.75,307.07,339.72,36.913,-4.8368
-14.203,3.504,2.1938,9.5268,-7.2911,-11.443,151.09,349.07,418.38,473.92,68.761,8.8138
0.059788,2.9994,-3.6732,1.8294,3.6645,-2.6404,164.28,403.93,497.37,617.41,137.35,42.092
25.721,1.184,-16.775,-14.358,24.839,-6.681,143,386.7,519.98,767.97,255.79,103.06
65.239,12.555,-37.114,-41.699,57.354,-12.657,78.71,276.19,471.9,919.56,425.64,195.72
118.27,32.29,-65.093,-79.599,101.14,-18.72,-31.367,67.585,350.54,1059.3,635.21,315.46
180.76,55.967,-101.66,-124.15,153.45,-25.36,-183.77,-226.4,161.56,1164.2,865.83,451.61
246.59,78.291,-147.01,-169.1,210.41,-34.894,-362.7,-581.24,-88.661,1200.8,1088.8,590.81
308.19,92.514,-199.48,-206.92,268.21,-50.691,-552.92,-967.62,-396.6,1128.6,1265.4,716.29
356.58,91.533,-257.33,-229.81,321.61,-76.585,-737.6,-1357,-759.99,909.16,1356.4,810.35
383.25,67.84,-319.29,-230.33,365.3,-117.27,-901.14,-1724.9,-1174.8,520.37,1331.1,857.4
382.84,15.078,-381.73,-203.02,395.45,-176.48,-1031.9,-2051.3,-1629.1,-29.073,1176.8,847.19
355.25,-67.873,-440.72,-147.1,410.64,-249.31,-1123.9,-2319.5,-2097,-692.07,904.52,778.02
305.87,-174.31,-495.16,-68.42,412.4,-329.51,-1176.9,-2515.9,-2536.9,-1388.5,548.96,658.31
244.16,-290.87,-544.77,21.362,404.72,-412.38,-1195.9,-2631.8,-2899.8,-2024.2,160.85,505.47
181.3,-400.95,-587.05,107.97,392.16,-488.81,-1188.3,-2666,-3144.1,-2517.4,-206.36,341.71
126.87,-488.96,-617.42,178.67,377.81,-548.57,-1162.6,-2625.4,-3248.9,-2820.7,-509.86,188.2
86.292,-544.27,-631.03,225.57,362.4,-583.58,-1125.6,-2523.3,-3217.9,-2928.6,-725.9,60.048
59.838,-563.22,-624.29,246.97,344.48,-590.06,-1081.4,-2375.5,-3073.7,-2869.1,-851.25,-35.703
43.619,-548.53,-595.36,246.64,321.01,-568.49,-1030.5,-2197,-2847.8,-2688.3,-899.28,-100.05
31.972,-506.93,-543.75,231.59,288.31,-522.24,-970.7,-1999.4,-2571.4,-2434,-891.46,-140.51
19.317,-446.65,-470.37,209.22,243.73,-455.96,-899.17,-1790.7,-2270.5,-2145.6,-847.56,-164.72
0.74388,-375.92,-378.58,185.45,187.46,-375.15,-813.84,-1576.1,-1964.5,-1851.7,-781.83,-176.75
-26.097,-302.31,-275.8,163.8,123.65,-286.92,-714.51,-1359.3,-1667.1,-1571.5,-704.12,-178.81
-55.51,-232.2,-174.09,145.2,59.715,-200.08,-603.98,-1144.5,-1389,-1317,-621.26,-171.68
-68.237,-171.36,-87.3,126.5,3.6247,-124.86,-488.54,-938.31,-1138.5,-1094.9,-537.15,-135.77
-61.499,-125.87,-24.802,108.02,-37.785,-70.501,-376.9,-748.54,-920.73,-906.44,-454.99,-86.589
-51.763,-96.978,12.277,95.634,-60.605,-38.089,-277.41,-581.99,-734.94,-747.65,-387.08,-76.464
-44.961,-79.161,28.072,85.548,-67.08,-22.063,-195.49,-442.58,-580.38,-614.88,-336.81,-75.315
-40.281,-67.745,28.324,76.102,-61.958,-16.972,-132.53,-330.73,-456.94,-506.54,-296.42,-75.109
-36.961,-61.592,18.498,67.55,-50.178,-19.102,-86.738,-243.7,-361.19,-419.99,-261.46,-74.509
-34.829,-60.164,4.0229,60.115,-36.034,-25.565,-54.75,-176.46,-287.53,-351.88,-231.26,-73.421
-33.624,-60.787,-10.049,53.32,-20.051,-32.711,-32.432,-124.13,-230.58,-299.03,-205.66,-72.005
-32.867,-60.479,-21.42,46.597,-2.4653,-37.961,-16.12,-84.363,-186.12,-258.7,-184.09,-70.439
-32.073,-52.884,-26.069,40.435,-1.5928,-36.782,-3.3505,-55.405,-151.14,-228.4,-164.9,-68.854
-30.875,-44.354,-23.859,35.533,-2.1963,-31.059,7.1118,-34.964,-123.69,-205.84,-146.3,-67.336
-29.054,-40.098,-22.774,31.918,-1.2473,-28.574,15.072,-20.85,-102.54,-188.82,-130.61,-65.937
-26.601,-37.67,-22.969,29.299,0.8283,-27.348,12.632,-11.343,-86.915,-175.13,-119.99,-64.689
-23.755,-36.032,-23.659,27.397,3.5294,-26.779,8.7217,-7.0391,-76.097,-162.14,-113.17,-63.609
-20.917,-34.754,-24.285,26.004,6.1502,-26.409,12.243,-15.08,-69.265,-147.03,-108.44,-62.698
-18.466,-33.583,-24.483,24.972,8.0418,-25.903,17.752,-15.236,-65.3,-130.89,-104.86,-61.939
-16.642,-32.365,-24.084,24.197,8.9736,-25.083,22.031,-7.3827,-62.696,-116.84,-101.99,-61.303
-15.498,-31.017,-23.103,23.601,9.0542,-23.893,24.748,0.075217,-59.737,-105.73,-99.627,-60.75
-14.94,-29.51,-21.648,23.124,8.5073,-22.356,26.436,5.3171,-55.035,-97.179,-97.678,-60.238
-14.795,-27.851,-19.85,22.718,7.5332,-20.527,27.519,8.8377,-49.406,-90.593,-96.058,-59.73
-14.897,-26.06,-17.822,22.348,6.2659,-18.462,28.243,11.281,-44.758,-85.449,-94.689,-59.196
-15.12,-24.161,-15.636,21.984,4.7837,-16.197,28.744,13.069,-41.446,-81.317,-93.498,-58.616
-15.385,-22.174,-13.322,21.604,3.1359,-13.755,29.092,14.452,-39.034,-77.866,-92.428,-57.981
-15.646,-20.127,-10.893,21.192,1.3671,-11.168,29.326,15.574,-37.148,-74.865,-91.446,-57.296
-15.874,-18.057,-8.3792,20.742,-0.46654,-8.4971,29.471,16.518,-35.561,-72.168,-90.548,-56.575
-16.055,-16.02,-5.8427,20.259,-2.2958,-5.837,29.55,17.334,-34.124,-69.693,-89.751,-55.843
-16.181,-14.075,-3.3607,19.757,-4.0493,-3.2906,29.592,18.063,-32.726,-67.393,-89.076,-55.127
-16.263,-12.274,-1.0064,19.262,-5.6741,-0.94389,29.623,18.736,-31.294,-65.242,-88.533,-54.45
-16.327,-10.651,1.1715,18.799,-7.1549,1.1522,29.665,19.38,-29.801,-63.214,-88.118,-53.829
-16.413,-9.22,3.1655,18.393,-8.5188,2.9853,29.731,20.013,-28.262,-61.279,-87.811,-53.268
-16.561,-7.9755,5.0116,18.058,-9.8171,4.5737,29.823,20.642,-26.727,-59.413,-87.583,-52.766
-16.795,-6.8963,6.7704,17.797,-11.095,5.9515,29.929,21.256,-25.247,-57.59,-87.404,-52.311
-17.114,-5.9553,8.4879,17.595,-12.365,7.1533,30.029,21.836,-23.855,-55.793,-87.251,-51.892
-17.488,-5.1304,10.16,17.433,-13.598,8.2021,30.098,22.358,-22.553,-54.007,-87.108,-51.495
-17.872,-4.411,11.724,17.29,-14.737,9.1065,30.121,22.81,-21.318,-52.217,-86.968,-51.116
-18.213,-3.7986,13.09,17.153,-15.712,9.8628,30.098,23.195,-20.104,-50.402,-86.83,-50.759
-18.464,-3.3016,14.177,17.016,-16.467,10.461,30.04,23.528,-18.866,-48.538,-86.696,-50.433
-18.595,-2.9296,14.939,16.882,-16.969,10.888,29.968,23.825,-17.572,-46.596,-86.568,-50.152
-18.598,-2.6867,15.361,16.758,-17.208,11.136,29.894,24.101,-16.227,-44.55,-86.442,-49.935
-18.486,-2.5672,15.463,16.653,-17.204,11.203,29.826,24.354,-14.865,-42.388,-86.311,-49.798
-18.291,-2.5545,15.283,16.573,-17,11.105,29.762,24.573,-13.534,-40.108,-86.158,-49.748
-18.049,-2.6254,14.876,16.523,-16.651,10.869,29.694,24.734,-12.276,-37.725,-85.963,-49.776
-17.794,-2.7558,14.3,16.501,-16.205,10.535,29.605,24.799,-11.115,-35.26,-85.703,-49.856
-17.544,-2.9262,13.611,16.503,-15.696,10.145,29.476,24.734,-10.051,-32.737,-85.354,-49.95
-17.298,-3.1235,12.843,16.517,-15.135,9.7373,29.284,24.506,-9.0692,-30.169,-84.896,-50.016
-17.033,-3.3405,12.009,16.533,-14.514,9.3357,29.016,24.098,-8.1478,-27.561,-84.309,-50.02
-16.714,-3.5737,11.101,16.537,-13.805,8.9387,28.662,23.505,-7.2663,-24.903,-83.575,-49.934
-16.307,-3.8218,10.097,16.522,-12.976,8.5214,28.209,22.734,-6.4145,-22.175,-82.679,-49.744
-15.79,-4.0835,8.974,16.483,-12.004,8.0474,27.634,21.794,-5.5962,-19.359,-81.612,-49.447
-15.161,-4.355,7.7222,16.42,-10.887,7.487,26.905,20.684,-4.8292,-16.446,-80.367,-49.048
-14.424,-4.628,6.3447,16.33,-9.6408,6.8302,25.981,19.388,-4.1416,-13.444,-78.939,-48.555
-13.579,-4.8889,4.8609,16.202,-8.2842,6.0919,24.809,17.86,-3.5661,-10.384,-77.326,-47.981
-12.61,-5.1224,3.3017,16.012,-6.8285,5.3065,23.316,16.026,-3.1328,-7.305,-75.518,-47.332
-11.489,-5.3154,1.6983,15.731,-5.2722,4.5166,21.398,13.79,-2.8612,-4.2423,-73.503,-46.606
-10.181,-5.4585,0.071636,15.329,-3.6059,3.759,18.918,11.05,-2.7523,-1.215,-71.257,-45.787
-8.6511,-5.5451,-1.5691,14.776,-1.8214,3.0529,15.717,7.713,-2.7866,1.7824,-68.753,-44.847
-6.8738,-5.5687,-3.2239,14.048,0.075945,2.3968,11.673,3.7165,-2.9303,4.7782,-65.951,-43.748
-4.8413,-5.5216,-4.8968,13.125,2.0559,1.7744,6.7727,-0.94924,-3.1465,7.8146,-62.808,-42.447
-2.5719,-5.3967,-6.5869,12,4.0618,1.1683,1.1833,-6.2342,-3.4066,10.935,-59.271,-40.901
-0.11262,-5.1881,-8.2789,10.679,6.0256,0.57332,-4.7849,-12.041,-3.6981,14.169,-55.291,-39.067
2.4695,-4.8917,-9.9384,9.1788,7.8945,0.0032219,-10.819,-18.266,-4.0257,17.528,-50.827,-36.912
5.1074,-4.5036,-11.519,7.5113,9.6496,-0.51271,-16.741,-24.841,-4.4085,20.993,-45.861,-34.42
7.7541,-4.02,-12.977,5.6712,11.306,-0.93996,-22.54,-31.759,-4.8722,24.529,-40.41,-31.595
10.393,-3.4388,-14.292,3.6289,12.897,-1.2517,-28.33,-39.043,-5.4399,28.085,-34.533,-28.457
13.033,-2.7614,-15.47,1.3389,14.446,-1.437,-34.286,-46.703,-6.1215,31.615,-28.326,-25.036
15.687,-1.9905,-16.529,-1.2403,15.957,-1.5003,-40.572,-54.673,-6.9078,35.09,-21.913,-21.363
18.348,-1.125,-17.487,-4.1227,17.411,-1.4526,-47.266,-62.791,-7.7703,38.5,-15.418,-17.47
20.975,-0.15631,-18.354,-7.2778,18.779,-1.3029,-54.285,-70.835,-8.6699,41.848,-8.9563,-13.39
23.498,0.93157,-19.127,-10.629,20.036,-1.0507,-61.416,-78.6,-9.5691,45.136,-2.613,-9.1649
25.841,2.1558,-19.786,-14.069,21.168,-0.68168,-68.421,-85.968,-10.444,48.353,3.5526,-4.8344
27.946,3.5263,-20.296,-17.487,22.166,-0.17084,-75.136,-92.911,-11.292,51.471,9.5067,-0.43162
29.782,5.0383,-20.614,-20.783,23.026,0.50517,-81.483,-99.434,-12.125,54.451,15.233,4.0277
31.348,6.6692,-20.707,-23.875,23.742,1.3515,-87.417,-105.52,-12.971,57.247,20.724,8.5445
32.66,8.3793,-20.563,-26.698,24.311,2.344,-92.868,-111.11,-13.855,59.816,25.977,13.128
33.75,10.119,-20.204,-29.211,24.732,3.4338,-97.726,-116.11,-14.799,62.12,30.987,17.785
34.649,11.841,-19.675,-31.404,25.015,4.5647,-101.89,-120.44,-15.809,64.136,35.751,22.511
35.393,13.513,-19.035,-33.301,25.176,5.6922,-105.34,-124.1,-16.879,65.857,40.269,27.286
36.009,15.125,-18.338,-34.95,25.235,6.7924,-108.12,-127.14,-17.986,67.294,44.55,32.083
36.519,16.697,-17.625,-36.415,25.206,7.8645,-110.37,-129.68,-19.1,68.477,48.607,36.871
36.941,18.273,-16.903,-37.763,25.093,8.9284,-112.19,-131.81,-20.189,69.443,52.455,41.618
37.287,19.924,-16.138,-39.056,24.899,10.02,-113.71,-133.64,-21.224,70.237,56.107,46.294
37.571,21.737,-15.249,-40.337,24.627,11.182,-114.99,-135.22,-22.183,70.902,59.571,50.872
37.802,23.805,-14.127,-41.624,24.277,12.453,-116.07,-136.58,-23.05,71.48,62.851,55.329
37.984,26.203,-12.673,-42.908,23.844,13.855,-116.97,-137.73,-23.807,72.005,65.946,59.638
38.118,28.974,-10.825,-44.16,23.316,15.401,-117.68,-138.64,-24.431,72.499,68.852,63.768
38.204,32.118,-8.5817,-45.351,22.685,17.101,-118.21,-139.3,-24.89,72.976,71.564,67.677
38.243,35.609,-5.988,-46.468,21.952,18.989,-118.56,-139.71,-25.152,73.446,74.083,71.325
38.24,39.413,-3.114,-47.519,21.124,21.133,-118.74,-139.86,-25.189,73.92,76.413,74.679
38.192,43.496,-0.024924,-48.528,20.202,23.632,-118.75,-139.77,-24.984,74.418,78.566,77.724
38.095,47.838,3.2496,-49.527,19.168,26.598,-118.59,-139.39,-24.53,74.966,80.563,80.464
37.943,52.441,6.7361,-50.547,17.985,30.148,-118.19,-138.65,-23.831,75.589,82.423,82.918
37.733,57.319,10.509,-51.608,16.597,34.415,-117.38,-137.37,-22.894,76.31,84.164,85.107
37.464,62.472,14.65,-52.72,14.935,39.502,-115.86,-135.26,-21.709,77.136,85.797,87.05
37.133,67.849,19.2,-53.874,12.923,45.386,-113.23,-132.01,-20.22,78.067,87.324,88.759
36.737,73.337,24.13,-55.048,10.503,51.819,-109.15,-127.33,-18.3,79.099,88.74,90.247
36.267,78.79,29.35,-56.21,7.6616,58.406,-103.48,-121.04,-15.741,80.224,90.04,91.527
35.714,84.082,34.744,-57.327,4.4587,64.809,-96.27,-113.15,-12.276,81.434,91.218,92.613
35.066,89.136,40.205,-58.366,1.0169,70.867,-87.736,-103.79,-7.677,82.712,92.266,93.521
34.31,93.923,45.664,-59.303,-2.5346,76.574,-78.126,-93.18,-1.896,84.025,93.176,94.26
33.441,98.427,51.08,-60.121,-6.1164,81.991,-67.713,-81.519,4.8392,85.329,93.939,94.832
32.461,102.63,56.434,-60.811,-9.6975,87.17,-56.761,-68.954,12.121,86.574,94.548,95.238
31.389,106.48,61.689,-61.37,-13.244,92.121,-45.523,-55.634,19.568,87.706,94.992,95.474
30.257,109.92,66.771,-61.799,-16.666,96.793,-34.261,-41.877,26.966,88.673,95.262,95.532
29.108,112.92,71.556,-62.095,-19.811,101.1,-23.282,-28.278,34.27,89.425,95.338,95.402
27.996,115.46,75.882,-62.254,-22.504,104.93,-12.981,-15.578,41.515,89.917,95.191,95.063
26.978,117.55,79.584,-62.262,-24.601,108.21,-3.7763,-4.3472,48.687,90.105,94.788,94.49
26.104,119.16,82.522,-62.101,-26.031,110.9,4.0709,5.1718,55.631,89.954,94.098,93.652
25.414,120.22,84.578,-61.747,-26.769,112.89,10.548,12.925,62.012,89.427,93.102,92.519
24.93,120.52,85.634,-61.184,-26.803,113.95,15.662,18.882,67.391,88.499,91.8,91.068
24.664,119.75,85.538,-60.408,-26.102,113.71,19.212,23.123,71.372,87.152,90.212,89.293
24.62,117.61,84.105,-59.435,-24.647,111.77,20.969,25.958,73.757,85.381,88.374,87.203
24.789,113.99,81.156,-58.299,-22.478,107.97,20.991,27.824,74.585,83.194,86.332,84.83
25.15,109.01,76.638,-57.037,-19.738,102.51,19.599,29.089,74.078,80.613,84.135,82.219
25.676,102.91,70.704,-55.676,-16.608,95.797,17.184,29.981,72.542,77.667,81.833,79.43
26.334,95.926,63.653,-54.23,-13.23,88.189,14.125,30.632,70.306,74.397,79.472,76.532
27.092,88.269,55.775,-52.707,-9.6777,79.877,10.766,31.134,67.693,70.861,77.099,73.589
27.919,80.126,47.288,-51.116,-5.9764,70.951,7.405,31.562,65.008,67.134,74.758,70.657
28.796,71.696,38.374,-49.476,-2.1423,61.491,4.2543,31.975,62.514,63.302,72.489,67.77
29.707,63.216,29.257,-47.821,1.78,51.642,1.4291,32.401,60.409,59.446,70.326,64.941
30.637,54.955,20.255,-46.197,5.6894,41.688,-1.0216,32.848,58.825,55.633,68.289,62.17
31.561,47.189,11.778,-44.65,9.4436,32.13,-3.0553,33.32,57.836,51.912,66.39,59.454
32.457,40.146,4.2505,-43.22,12.913,23.691,-4.5959,33.837,57.458,48.328,64.633,56.805
33.305,33.987,-2.0201,-41.928,16.021,17.141,-5.5377,34.441,57.657,44.932,63.021,54.25
34.096,28.795,-6.9727,-40.781,18.735,12.886,-5.7806,35.181,58.366,41.781,61.558,51.829
34.827,24.581,-10.807,-39.771,21.037,10.593,-5.2732,36.097,59.516,38.933,60.247,49.576
35.492,21.262,-13.854,-38.88,22.909,9.344,-4.0332,37.19,61.063,36.42,59.084,47.514
36.073,18.661,-16.373,-38.075,24.341,8.3311,-2.1304,38.423,62.963,34.235,58.058,45.64
36.543,16.551,-18.438,-37.302,25.349,7.2454,0.33823,39.725,65.126,32.328,57.138,43.925
36.876,14.738,-19.995,-36.497,25.987,6.1242,3.2549,41.017,67.391,30.614,56.28,42.316
37.054,13.12,-21.003,-35.597,26.326,5.0978,6.4791,42.231,69.549,28.985,55.435,40.747
37.052,11.677,-21.48,-34.548,26.425,4.2653,9.8501,43.319,71.385,27.338,54.555,39.156
36.829,10.411,-21.484,-33.287,26.297,3.6559,13.195,44.254,72.721,25.595,53.607,37.499
36.307,9.2823,-21.101,-31.708,25.91,3.2269,16.351,45.021,73.426,23.715,52.569,35.755
35.389,8.2065,-20.446,-29.662,25.226,2.8851,19.193,45.616,73.403,21.695,51.431,33.918
33.984,7.0843,-19.668,-27.012,24.247,2.5199,21.651,46.039,72.588,19.554,50.186,31.996
32.057,5.8439,-18.923,-23.698,23.019,2.0345,23.709,46.301,70.965,17.314,48.835,30.003
29.646,4.4576,-18.339,-19.778,21.613,1.3625,25.384,46.423,68.604,14.978,47.378,27.952
26.833,2.9319,-17.978,-15.407,20.091,0.47303,26.713,46.426,65.668,12.525,45.813,25.853
23.706,1.2855,-17.833,-10.772,18.494,-0.62881,27.746,46.333,62.385,9.92,44.136,23.714
20.33,-0.46747,-17.839,-6.0475,16.859,-1.9058,28.536,46.157,58.973,7.1401,42.343,21.54
16.76,-2.3235,-17.907,-1.3855,15.246,-3.2991,29.132,45.911,55.578,4.192,40.436,19.339
13.055,-4.2857,-17.963,3.0698,13.736,-4.7471,29.581,45.599,52.26,1.1108,38.415,17.11
9.2895,-6.3583,-17.975,7.1816,12.39,-6.207,29.925,45.23,49.008,-2.0558,36.283,14.849
5.5451,-8.5414,-17.952,10.833,11.209,-7.6695,30.2,44.81,45.773,-5.2626,34.045,12.547
1.8986,-10.829,-17.944,13.938,10.143,-9.1573,30.434,44.354,42.497,-8.4693,31.71,10.21
-1.5701,-13.205,-18.029,16.452,9.1416,-10.707,30.65,43.88,39.128,-11.632,29.312,7.8695
-4.7557,-15.636,-18.286,18.394,8.216,-12.342,30.859,43.411,35.651,-14.693,26.914,5.5922
-7.5281,-18.06,-18.767,19.846,7.4404,-14.05,31.064,42.973,32.109,-17.579,24.617,3.4714
-9.7739,-20.382,-19.468,20.928,6.9102,-15.778,31.262,42.584,28.603,-20.216,22.545,1.6117
-11.441,-22.497,-20.334,21.743,6.6846,-17.441,31.441,42.254,25.26,-22.544,20.819,0.10291
-12.557,-24.321,-21.279,22.359,6.757,-18.958,31.588,41.98,22.178,-24.535,19.52,-1.0053
-13.211,-25.824,-22.212,22.815,7.0616,-20.281,31.691,41.749,19.396,-26.197,18.669,-1.7173
-13.536,-27.028,-23.063,23.144,7.5003,-21.397,31.747,41.542,16.901,-27.569,18.225,-2.0837
-13.672,-27.992,-23.789,23.381,7.9738,-22.326,31.766,41.342,14.66,-28.702,18.113,-2.1776
-13.739,-28.781,-24.378,23.561,8.4022,-23.098,31.765,41.141,12.648,-29.651,18.259,-2.0694
-13.82,-29.451,-24.842,23.715,8.7356,-23.743,31.765,40.938,10.859,-30.454,18.605,-1.8128
-13.954,-30.037,-25.199,23.862,8.9518,-24.28,31.783,40.74,9.2924,-31.138,19.113,-1.4446
-14.155,-30.552,-25.467,24.012,9.0478,-24.719,31.825,40.562,7.9497,-31.712,19.758,-0.98958
-14.421,-30.995,-25.65,24.167,9.0277,-25.065,31.892,40.42,6.8256,-32.182,20.519,-0.46433
-14.757,-31.363,-25.74,24.324,8.8938,-25.314,31.981,40.334,5.9086,-32.542,21.373,0.1233
-15.163,-31.651,-25.719,24.48,8.6441,-25.466,32.09,40.319,5.1813,-32.785,22.3,0.77475
-15.643,-31.869,-25.581,24.631,8.2785,-25.525,32.218,40.384,4.6179,-32.905,23.278,1.4972
-16.187,-32.038,-25.34,24.775,7.8091,-25.511,32.357,40.514,4.1833,-32.9,24.294,2.2966
-16.772,-32.191,-25.04,24.914,7.2674,-25.46,32.501,40.677,3.8321,-32.782,25.339,3.1683
-17.356,-32.364,-24.745,25.05,6.7036,-25.418,32.637,40.82,3.511,-32.579,26.411,4.0914
-17.9,-32.58,-24.516,25.185,6.1726,-25.424,32.751,40.884,3.164,-32.32,27.507,5.0258
-18.378,-32.845,-24.385,25.322,5.7081,-25.497,32.83,40.822,2.7516,-32.011,28.618,5.914
-18.803,-33.132,-24.324,25.463,5.2975,-25.618,32.87,40.619,2.2928,-31.588,29.717,6.6865
-19.223,-33.387,-24.243,25.603,4.8745,-25.731,32.885,40.34,1.9166,-30.867,30.763,7.2688
-19.718,-33.546,-24.011,25.741,4.3332,-25.753,32.933,40.182,1.8959,-29.498,31.707,7.5944
-20.369,-33.55,-23.49,25.87,3.5576,-25.589,33.11,40.489,2.6222,-26.909,32.517,7.6232
-21.22,-33.369,-22.578,25.988,2.4543,-25.156,33.515,41.637,4.3497,-22.257,33.227,7.3749
-22.236,-33.006,-21.252,26.09,0.99283,-24.419,34.176,43.843,2.2703,-14.773,34.001,6.9754
-23.277,-32.489,-19.617,26.164,-0.73578,-23.419,34.984,47.064,-1.9821,-7.925,35.208,6.7076
-24.095,-31.842,-17.926,26.178,-2.4635,-22.262,35.512,46.676,-4.0907,-22.921,37.458,7.0499
-24.359,-31.047,-16.542,26.07,-3.7771,-21.087,34.96,42.442,-8.1356,-41.128,41.59,8.6806
-23.663,-30.022,-15.851,25.742,-4.2113,-19.998,33.421,36.9,-12.684,-41.949,48.517,12.458
-21.496,-28.627,-16.157,25.042,-3.328,-19.049,32.069,30.017,-15.74,-36.578,57.915,19.335
-17.192,-26.712,-17.56,23.705,-0.86655,-18.262,31.031,25.387,-12.718,-21.472,55.822,28.004
-10.395,-24.194,-19.758,21.302,2.6739,-17.695,27.001,30.15,4.1753,8.8852,34.959,18.52
-7.2858,-21.133,-20.769,18.381,1.1279,-17.463,34.218,51.548,46.022,58.233,29.498,2.9668
-15.301,-17.734,-11.832,18.827,-5.6964,-17.662,52.623,98.809,125.29,129.2,26.674,-3.0791
-20.961,-14.255,0.6906,19.849,-10.475,-17.945,81.449,179.94,232.25,226.25,30.689,-6.4163
-23.808,-11.058,6.5286,19.759,-13.03,-15.566,117.87,284.32,350.15,347.18,48.602,-2.6767
-22.001,-8.9305,6.5301,18.455,-12.204,-4.3458,151.92,377.77,461.42,480.57,90.087,14.586
-12.356,-8.6556,-0.18699,12.545,-4.9599,-2.7883,167.79,431.04,540.78,623.28,168.92,53.088
9.6067,-5.9418,-13.941,-3.9813,11.682,-7.8029,151.32,414.99,565.97,773.39,296.11,120.25
47.754,11.362,-34.904,-33.334,39.934,-13.683,93.456,308.33,523.14,925.27,472.33,218.65
101.95,31.946,-63.76,-74.29,81.229,-19.696,-8.8865,105.76,407.97,1065.5,687.11,342.58
166.15,55.529,-101.03,-120.69,133.28,-27.031,-152.08,-181.37,223.24,1170.2,920.96,480.91
231.6,75.681,-146.37,-164.54,189.36,-38.569,-324.14,-529.48,-25.354,1204.5,1141.4,619.03
291.21,84.88,-198.87,-198.76,245.51,-57.795,-509.74,-909.43,-332.9,1127.6,1308,739.28
337.19,76.427,-257.05,-216.29,297.06,-88.093,-692.09,-1292.8,-696.05,902.38,1382.9,824.02
361.53,44.688,-319.01,-210.89,338.51,-132.93,-855.45,-1655.4,-1109.8,508.57,1338.8,858.6
358.51,-14.278,-380.78,-178.53,365.98,-193.47,-987.74,-1977.8,-1561.1,-43.659,1166.5,834.65
327.39,-100.51,-438.99,-119.28,378.69,-266.31,-1082.2,-2244.2,-2023.3,-706.48,880.26,752.87
273.94,-207.81,-493.17,-38.952,379.19,-347.52,-1138,-2441.7,-2455.5,-1399.8,516.63,623.81
209.34,-323.34,-542.73,51.171,371.93,-430.29,-1159.6,-2561.2,-2810.5,-2030.5,126.49,466.15
146.49,-430.8,-584.58,137.09,361.12,-505.1,-1154.6,-2600.8,-3049.2,-2518.4,-237.84,302.17
95.617,-515.3,-613.61,206.17,348.93,-562.26,-1131.6,-2566.6,-3152.6,-2817.2,-535.46,152.06
61.074,-567.3,-624.71,250.73,334.89,-594.62,-1097.4,-2471.3,-3125.6,-2922,-744.87,29.381
40.46,-584.21,-614.43,269.71,316.54,-599.09,-1055.8,-2330.3,-2990.1,-2861.3,-865.04,-60.685
26.927,-569.36,-581.44,267.82,290.54,-576.36,-1006.8,-2157.6,-2775.9,-2680.9,-910.12,-120.63
13.558,-529.42,-525.83,252.46,253.98,-529.56,-947.34,-1963.5,-2512.3,-2428.3,-900.35,-157.75
-4.31,-471.74,-449.14,230.57,205.76,-463.06,-873.1,-1754.9,-2223,-2142.2,-854.3,-178.65
-29.182,-403.19,-355.38,207.18,147.35,-382.19,-782.01,-1536.5,-1926,-1850.4,-786.13,-187.26
-60.223,-330.25,-252.54,185.28,83.51,-293.92,-676.35,-1313.8,-1634.5,-1572,-706.02,-186.02
-90.696,-259.54,-152.41,166.08,22.072,-207.14,-562.15,-1094.3,-1359.2,-1319,-621.08,-175.47
-106.81,-197.69,-67.658,149.47,-29.359,-131.93,-447.28,-886.94,-1108.6,-1096.5,-535.74,-134.16
-102.59,-149.65,-6.3335,135.64,-65.611,-76.163,-339.73,-699.91,-889,-905.63,-455.15,-90.736
-92.08,-115.65,30.957,124.77,-84.168,-40.887,-246.2,-539.41,-703.73,-744.86,-390.45,-81.481
-83.301,-92.524,47.356,115.46,-86.184,-21.965,-170.9,-407.66,-552.69,-612.24,-341.87,-79.743
-75.625,-77.489,48.051,106.17,-76.357,-14.625,-114.37,-303.11,-433.58,-505.3,-301.64,-78.644
-68.09,-68.485,37.572,96.125,-61.138,-15.236,-74.095,-221.76,-341.91,-420.36,-265.77,-77.058
-60.972,-64.651,21.597,85.837,-45.97,-21.549,-45.989,-158.23,-271.74,-353.56,-234.23,-75.006
-54.992,-64.084,5.5659,76.672,-33.621,-29.534,-25.838,-109.49,-217.52,-301.54,-207.5,-72.714
-50.582,-64.048,-6.999,69.325,-32.469,-35.805,-10.457,-73.426,-175.03,-261.56,-185.18,-70.389
-47.667,-61.591,-1.4504,63.53,-37.06,-34.606,2.0661,-46.925,-141.52,-231.3,-165.51,-68.164
-45.839,-53.588,6.2635,58.786,-37.5,-25.409,12.543,-27.299,-115.29,-208.66,-146.18,-66.113
-44.679,-47.194,8.7581,54.648,-36.427,-21.345,20.447,-12.98,-95.398,-191.58,-129.7,-64.269
-43.903,-43.853,8.5199,50.798,-35.446,-19.183,20.631,-3.1576,-81.165,-177.99,-118.75,-62.654
-43.32,-41.846,7.4184,47.149,-34.99,-18.014,19.666,1.0003,-71.732,-165.65,-111.89,-61.282
-42.805,-40.362,6.3815,43.822,-34.798,-17.191,24.103,0.80952,-65.92,-152.25,-107.24,-60.151
-42.332,-39.035,5.9152,40.981,-34.62,-16.241,28.024,8.3261,-62.414,-138.05,-103.83,-59.24
-41.935,-37.668,6.2856,38.681,-34.452,-14.905,30.293,17.234,-59.42,-125.35,-101.25,-58.507
-41.624,-36.158,7.4909,36.872,-34.4,-13.108,31.624,22.908,-54.317,-115.11,-99.292,-57.901
-41.356,-34.466,9.3559,35.453,-34.535,-10.9,32.477,26.206,-46.914,-107.11,-97.815,-57.373
-41.081,-32.589,11.674,34.312,-34.854,-8.3963,33.076,28.242,-40.605,-100.87,-96.707,-56.884
-40.779,-30.542,14.28,33.347,-35.304,-5.7226,33.526,29.601,-36.236,-95.919,-95.861,-56.41
-40.464,-28.349,17.058,32.468,-35.821,-2.993,33.875,30.578,-33.102,-91.861,-95.189,-55.941
-40.156,-26.04,19.915,31.608,-36.358,-0.30291,34.139,31.318,-30.708,-88.393,-94.629,-55.475
-39.874,-23.663,22.766,30.732,-36.892,2.2696,34.323,31.889,-28.795,-85.304,-94.144,-55.015
-39.624,-21.281,25.534,29.84,-37.413,4.6662,34.44,32.328,-27.19,-82.461,-93.722,-54.564
-39.413,-18.967,28.166,28.955,-37.918,6.8524,34.512,32.665,-25.753,-79.794,-93.364,-54.12
-39.243,-16.785,30.635,28.115,-38.398,8.8165,34.566,32.928,-24.374,-77.261,-93.082,-53.685
-39.12,-14.781,32.944,27.356,-38.843,10.562,34.63,33.147,-22.983,-74.834,-92.889,-53.263
-39.04,-12.982,35.109,26.702,-39.246,12.098,34.718,33.349,-21.566,-72.489,-92.796,-52.857
-38.98,-11.394,37.145,26.162,-39.608,13.433,34.831,33.551,-20.166,-70.205,-92.801,-52.488
-38.908,-10.004,39.037,25.731,-39.925,14.57,34.955,33.756,-18.853,-67.975,-92.895,-52.178
-38.792,-8.7948,40.73,25.383,-40.179,15.51,35.071,33.949,-17.687,-65.811,-93.058,-51.948
-38.62,-7.7434,42.131,25.092,-40.346,16.255,35.156,34.104,-16.699,-63.739,-93.265,-51.815
-38.393,-6.8352,43.145,24.828,-40.402,16.808,35.196,34.192,-15.879,-61.785,-93.487,-51.773
-38.119,-6.0653,43.715,24.569,-40.338,17.177,35.189,34.191,-15.182,-59.963,-93.695,-51.801
-37.796,-5.4363,43.839,24.305,-40.161,17.379,35.14,34.095,-14.54,-58.259,-93.871,-51.87
-37.425,-4.9537,43.56,24.038,-39.884,17.431,35.062,33.915,-13.883,-56.64,-94.004,-51.953
-37.005,-4.621,42.945,23.779,-39.515,17.351,34.966,33.67,-13.168,-55.052,-94.098,-52.036
-36.543,-4.435,42.062,23.542,-39.052,17.146,34.853,33.386,-12.394,-53.444,-94.157,-52.12
-36.047,-4.383,40.97,23.337,-38.484,16.821,34.72,33.077,-11.6,-51.782,-94.192,-52.221
-35.522,-4.4427,39.705,23.165,-37.804,16.38,34.554,32.742,-10.845,-50.059,-94.206,-52.358
-34.965,-4.5875,38.28,23.022,-37.006,15.833,34.342,32.358,-10.182,-48.298,-94.192,-52.542
-34.373,-4.7929,36.692,22.896,-36.092,15.196,34.074,31.886,-9.6387,-46.538,-94.14,-52.766
-33.738,-5.0414,34.931,22.775,-35.068,14.489,33.741,31.28,-9.2148,-44.813,-94.024,-53.003
-33.05,-5.3231,32.99,22.649,-33.948,13.732,33.338,30.504,-8.8794,-43.139,-93.821,-53.214
-32.295,-5.6325,30.873,22.512,-32.745,12.938,32.863,29.537,-8.5851,-41.508,-93.511,-53.359
-31.455,-5.9665,28.591,22.358,-31.461,12.116,32.314,28.382,-8.2865,-39.892,-93.078,-53.412
-30.517,-6.3224,26.151,22.184,-30.084,11.257,31.683,27.05,-7.9578,-38.252,-92.517,-53.367
-29.466,-6.6967,23.558,21.99,-28.579,10.345,30.953,25.558,-7.6035,-36.557,-91.834,-53.236
-28.295,-7.0819,20.818,21.773,-26.908,9.3582,30.095,23.909,-7.2561,-34.79,-91.036,-53.053
-27.005,-7.4664,17.954,21.532,-25.041,8.286,29.065,22.084,-6.964,-32.956,-90.132,-52.838
-25.601,-7.8363,15.007,21.262,-22.976,7.1346,27.802,20.028,-6.776,-31.07,-89.113,-52.594
-24.098,-8.1787,12.033,20.964,-20.741,5.9272,26.221,17.661,-6.7282,-29.151,-87.954,-52.298
-22.509,-8.4842,9.0855,20.631,-18.378,4.6966,24.197,14.886,-6.8349,-27.206,-86.611,-51.894
-20.838,-8.7457,6.2088,20.255,-15.921,3.4754,21.57,11.612,-7.0855,-25.223,-85.02,-51.325
-19.078,-8.9564,3.4304,19.825,-13.386,2.2893,18.154,7.7671,-7.4487,-23.166,-83.108,-50.537
-17.205,-9.108,0.76487,19.324,-10.769,1.1535,13.801,3.3207,-7.8848,-20.98,-80.794,-49.494
-15.189,-9.1898,-1.7833,18.733,-8.0589,0.073895,8.4906,-1.7172,-8.3609,-18.603,-78.001,-48.18
-13.001,-9.1902,-4.2159,18.031,-5.2649,-0.94807,2.432,-7.3017,-8.8624,-15.981,-74.661,-46.595
-10.619,-9.0969,-6.537,17.2,-2.4231,-1.9101,-3.9917,-13.37,-9.3957,-13.077,-70.732,-44.744
-8.0276,-8.8985,-8.749,16.22,0.40436,-2.8058,-10.414,-19.866,-9.9848,-9.8813,-66.181,-42.626
-5.223,-8.5861,-10.846,15.066,3.1506,-3.6228,-16.648,-26.754,-10.661,-6.4019,-60.999,-40.226
-2.2117,-8.1548,-12.816,13.707,5.763,-4.3458,-22.711,-34.034,-11.45,-2.6602,-55.198,-37.516
0.98457,-7.6041,-14.638,12.102,8.2139,-4.9569,-28.75,-41.709,-12.367,1.3172,-48.817,-34.465
4.3304,-6.9375,-16.296,10.2,10.499,-5.4393,-34.96,-49.749,-13.402,5.4998,-41.941,-31.045
7.7799,-6.159,-17.785,7.9462,12.626,-5.7805,-41.506,-58.045,-14.523,9.8524,-34.695,-27.253
11.277,-5.2719,-19.112,5.2915,14.61,-5.9751,-48.444,-66.385,-15.685,14.34,-27.227,-23.123
14.75,-4.2764,-20.294,2.2153,16.457,-6.0236,-55.688,-74.515,-16.842,18.926,-19.699,-18.721
18.11,-3.1704,-21.342,-1.2518,18.169,-5.9287,-63.04,-82.238,-17.964,23.578,-12.243,-14.133
21.259,-1.9499,-22.258,-5.019,19.74,-5.6878,-70.28,-89.467,-19.039,28.264,-4.96,-9.4393
24.117,-0.61263,-23.032,-8.9507,21.167,-5.2941,-77.238,-96.217,-20.08,32.942,2.0846,-4.6955
26.639,0.84009,-23.649,-12.898,22.454,-4.7407,-83.796,-102.53,-21.114,37.556,8.8557,0.069918
28.82,2.4029,-24.099,-16.731,23.609,-4.0268,-89.852,-108.39,-22.174,42.032,15.328,4.8512
30.689,4.0684,-24.375,-20.357,24.641,-3.1607,-95.293,-113.77,-23.277,46.29,21.489,9.6554
32.289,5.8304,-24.485,-23.727,25.559,-2.1608,-100.02,-118.56,-24.42,50.262,27.332,14.493
33.672,7.6844,-24.444,-26.83,26.368,-1.053,-104.01,-122.73,-25.577,53.897,32.862,19.37
34.877,9.6265,-24.277,-29.675,27.07,0.1329,-107.28,-126.27,-26.703,57.172,38.093,24.289
35.932,11.652,-24.005,-32.284,27.666,1.3695,-109.95,-129.24,-27.747,60.091,43.045,29.245
36.854,13.757,-23.643,-34.685,28.149,2.638,-112.13,-131.74,-28.671,62.682,47.743,34.232
37.652,15.942,-23.186,-36.909,28.505,3.9344,-113.94,-133.85,-29.455,64.984,52.218,39.241
38.336,18.222,-22.614,-38.988,28.72,5.2708,-115.45,-135.66,-30.103,67.043,56.497,44.256
38.914,20.631,-21.882,-40.95,28.781,6.6721,-116.73,-137.2,-30.635,68.895,60.596,49.246
39.396,23.22,-20.936,-42.815,28.684,8.1662,-117.81,-138.5,-31.076,70.567,64.518,54.164
39.795,26.055,-19.721,-44.596,28.436,9.7736,-118.71,-139.55,-31.434,72.078,68.25,58.939
40.121,29.206,-18.188,-46.302,28.052,11.504,-119.43,-140.37,-31.696,73.446,71.772,63.493
40.387,32.748,-16.311,-47.939,27.548,13.362,-119.97,-140.95,-31.829,74.693,75.068,67.745
40.6,36.741,-14.079,-49.516,26.937,15.365,-120.34,-141.3,-31.788,75.848,78.129,71.635
40.764,41.214,-11.504,-51.045,26.228,17.562,-120.56,-141.43,-31.535,76.942,80.953,75.133
40.884,46.127,-8.6103,-52.538,25.422,20.045,-120.62,-141.35,-31.044,78.004,83.55,78.237
40.963,51.378,-5.4356,-54.007,24.517,22.948,-120.51,-141.06,-30.312,79.054,85.933,80.97
41.007,56.839,-2.0108,-55.459,23.507,26.418,-120.18,-140.49,-29.349,80.105,88.122,83.373
41.021,62.412,1.6575,-56.893,22.378,30.561,-119.52,-139.53,-28.166,81.165,90.136,85.489
41.007,68.037,5.5958,-58.301,21.11,35.429,-118.34,-137.96,-26.756,82.241,91.987,87.359
40.962,73.666,9.848,-59.666,19.671,41.012,-116.39,-135.53,-25.081,83.343,93.679,89.01
40.878,79.226,14.442,-60.97,18.018,47.209,-113.39,-131.94,-23.064,84.474,95.21,90.456
40.746,84.616,19.356,-62.193,16.108,53.782,-109.12,-126.98,-20.599,85.633,96.57,91.696
40.554,89.73,24.51,-63.319,13.921,60.403,-103.46,-120.54,-17.565,86.805,97.749,92.726
40.285,94.5,29.777,-64.332,11.479,66.801,-96.381,-112.66,-13.852,87.962,98.736,93.538
39.923,98.906,35.021,-65.222,8.8584,72.86,-87.957,-103.46,-9.3851,89.067,99.521,94.13
39.466,102.97,40.129,-65.984,6.1732,78.614,-78.362,-93.122,-4.1526,90.075,100.09,94.499
38.93,106.73,45.023,-66.615,3.5408,84.161,-67.86,-81.822,1.7612,90.936,100.45,94.647
38.357,110.2,49.641,-67.118,1.0589,89.58,-56.787,-69.75,8.1768,91.602,100.57,94.574
37.798,113.35,53.893,-67.492,-1.1985,94.859,-45.53,-57.138,14.883,92.031,100.44,94.279
37.293,116.12,57.638,-67.731,-3.1713,99.84,-34.505,-44.352,21.71,92.178,100.05,93.758
36.86,118.4,60.702,-67.827,-4.7961,104.22,-24.131,-31.949,28.536,92.004,99.376,93
36.497,120.05,62.922,-67.762,-5.9954,107.62,-14.797,-20.601,35.209,91.471,98.397,91.988
36.198,120.92,64.19,-67.519,-6.6867,109.7,-6.7954,-10.9,41.453,90.542,97.091,90.696
35.957,120.83,64.456,-67.078,-6.804,110.17,-0.31377,-3.2259,46.853,89.186,95.448,89.098
35.774,119.58,63.71,-66.429,-6.3151,108.83,4.3842,2.2949,50.974,87.39,93.471,87.173
35.652,117.06,61.929,-65.569,-5.2303,105.54,6.8067,5.8563,53.547,85.164,91.183,84.913
35.595,113.2,59.024,-64.511,-3.6008,100.38,6.6026,7.9769,54.586,82.537,88.623,82.334
35.608,108.07,54.844,-63.276,-1.5018,93.605,4.1338,9.2586,54.336,79.55,85.838,79.467
35.7,101.81,49.279,-61.896,0.99736,85.599,0.28605,10.121,53.132,76.244,82.876,76.354
35.883,94.628,42.387,-60.401,3.8466,76.714,-4.1604,10.76,51.29,72.652,79.783,73.045
36.166,86.765,34.441,-58.819,6.9957,67.249,-8.7591,11.255,49.081,68.807,76.61,69.597
36.551,78.467,25.841,-57.179,10.363,57.455,-13.292,11.68,46.751,64.752,73.413,66.067
37.026,69.977,17.016,-55.513,13.828,47.553,-17.646,12.127,44.521,60.557,70.243,62.513
37.567,61.515,8.3984,-53.86,17.253,37.777,-21.754,12.695,42.589,56.317,67.155,58.992
38.141,53.291,0.42044,-52.257,20.523,28.479,-25.554,13.446,41.122,52.142,64.187,55.548
38.719,45.52,-6.5884,-50.741,23.582,20.277,-28.922,14.404,40.258,48.15,61.369,52.222
39.273,38.424,-12.547,-49.343,26.444,13.883,-31.599,15.565,40.105,44.451,58.726,49.047
39.787,32.205,-17.573,-48.086,29.162,9.4608,-33.196,16.932,40.708,41.14,56.277,46.053
40.259,26.985,-21.796,-46.986,31.769,6.3929,-33.356,18.533,42.009,38.28,54.043,43.264
40.693,22.771,-25.27,-46.047,34.237,3.938,-32.003,20.405,43.873,35.887,52.041,40.693
41.102,19.459,-28.032,-45.261,36.479,1.7188,-29.413,22.564,46.19,33.939,50.276,38.337
41.492,16.878,-30.154,-44.6,38.395,-0.34695,-25.988,24.973,48.929,32.375,48.742,36.18
41.864,14.836,-31.734,-44.019,39.939,-2.2334,-22.042,27.541,52.072,31.107,47.414,34.185
42.218,13.153,-32.872,-43.455,41.162,-3.9033,-17.751,30.148,55.525,30.042,46.249,32.307
42.56,11.686,-33.649,-42.839,42.195,-5.329,-13.216,32.665,59.084,29.095,45.196,30.507
42.894,10.347,-34.124,-42.119,43.136,-6.4965,-8.5138,34.984,62.48,28.185,44.198,28.753
43.195,9.0995,-34.343,-41.256,43.926,-7.413,-3.717,37.038,65.456,27.231,43.208,27.019
43.385,7.9275,-34.327,-40.195,44.343,-8.1125,1.0796,38.8,67.81,26.171,42.199,25.288
43.322,6.8109,-34.087,-38.838,44.12,-8.6489,5.7404,40.272,69.405,24.956,41.158,23.55
42.836,5.7093,-33.633,-37.047,43.083,-9.0877,10.105,41.469,70.135,23.563,40.09,21.804
41.778,4.5699,-32.991,-34.677,41.204,-9.4937,14.028,42.411,69.915,21.991,39.006,20.059
40.072,3.3449,-32.209,-31.634,38.596,-9.9243,17.413,43.12,68.708,20.241,37.91,18.327
37.735,2.0037,-31.359,-27.896,35.464,-10.427,20.218,43.62,66.574,18.307,36.789,16.61
34.87,0.53469,-30.516,-23.524,32.057,-11.038,22.448,43.934,63.703,16.162,35.61,14.9
31.642,-1.0587,-29.75,-18.642,28.635,-11.773,24.153,44.088,60.38,13.778,34.322,13.177
28.234,-2.7642,-29.108,-13.418,25.454,-12.631,25.417,44.103,56.889,11.148,32.887,11.422
24.811,-4.5683,-28.613,-8.0545,22.752,-13.588,26.338,44.003,53.425,8.2909,31.285,9.6228
21.478,-6.4628,-28.267,-2.7688,20.702,-14.609,27.009,43.805,50.064,5.251,29.515,7.7716
18.265,-8.4474,-28.056,2.2204,19.351,-15.663,27.509,43.526,46.785,2.0875,27.604,5.87
15.119,-10.525,-27.959,6.7123,18.587,-16.738,27.896,43.18,43.518,-1.1375,25.588,3.9288
11.955,-12.694,-27.957,10.545,18.186,-17.84,28.211,42.785,40.178,-4.3628,23.513,1.9748
8.7513,-14.931,-28.056,13.626,17.928,-18.987,28.48,42.358,36.697,-7.5252,21.439,0.058126
5.6361,-17.19,-28.279,15.962,17.707,-20.188,28.719,41.92,33.064,-10.559,19.429,-1.754
2.8511,-19.402,-28.652,17.657,17.538,-21.435,28.934,41.493,29.347,-13.4,17.571,-3.3689
0.6189,-21.487,-29.182,18.86,17.486,-22.7,29.122,41.093,25.685,-16.001,15.957,-4.7007
-0.96078,-23.377,-29.84,19.712,17.595,-23.944,29.28,40.727,22.228,-18.336,14.671,-5.6962
-1.9345,-25.036,-30.577,20.321,17.856,-25.126,29.405,40.395,19.072,-20.406,13.776,-6.3497
-2.4401,-26.464,-31.328,20.764,18.213,-26.21,29.495,40.085,16.229,-22.232,13.284,-6.6887
-2.6586,-27.687,-32.034,21.101,18.598,-27.17,29.552,39.787,13.666,-23.843,13.165,-6.7667
-2.7601,-28.739,-32.651,21.372,18.95,-27.998,29.58,39.489,11.339,-25.271,13.359,-6.6349
-2.86,-29.649,-33.159,21.608,19.234,-28.696,29.591,39.188,9.2255,-26.542,13.793,-6.3325
-3.0236,-30.438,-33.555,21.822,19.434,-29.279,29.602,38.888,7.3255,-27.674,14.394,-5.8904
-3.2726,-31.117,-33.85,22.018,19.546,-29.762,29.635,38.607,5.6481,-28.682,15.098,-5.337
-3.6081,-31.696,-34.054,22.197,19.575,-30.155,29.709,38.371,4.2014,-29.568,15.859,-4.7019
-4.0274,-32.186,-34.179,22.361,19.527,-30.464,29.84,38.213,2.9844,-30.328,16.655,-4.0176
-4.5302,-32.598,-34.234,22.512,19.406,-30.692,30.033,38.161,1.984,-30.951,17.482,-3.3179
-5.1163,-32.945,-34.226,22.658,19.219,-30.843,30.283,38.228,1.1729,-31.433,18.353,-2.6341
-5.7787,-33.241,-34.158,22.804,18.972,-30.926,30.568,38.395,0.50964,-31.792,19.276,-1.9892
-6.4977,-33.495,-34.032,22.951,18.673,-30.949,30.855,38.621,-0.057225,-32.068,20.253,-1.3913
-7.2389,-33.715,-33.851,23.096,18.334,-30.92,31.11,38.845,-0.58121,-32.318,21.276,-0.82992
-7.9581,-33.902,-33.622,23.232,17.967,-30.847,31.304,39.003,-1.1089,-32.595,22.337,-0.28021
-8.616,-34.052,-33.352,23.351,17.586,-30.738,31.423,39.045,-1.6686,-32.918,23.424,0.28319
-9.1979,-34.156,-33.041,23.447,17.196,-30.6,31.472,38.946,-2.2512,-33.233,24.522,0.86703
-9.7309,-34.192,-32.673,23.52,16.783,-30.43,31.48,38.743,-2.7757,-33.377,25.609,1.444
-10.289,-34.128,-32.21,23.575,16.305,-30.2,31.506,38.58,-3.0526,-33.051,26.654,1.9515
-10.977,-33.928,-31.589,23.621,15.703,-29.853,31.652,38.755,-2.7947,-31.785,27.626,2.311
-11.888,-33.564,-30.735,23.668,14.906,-29.309,32.035,39.664,-1.7862,-28.9,28.528,2.4676
-13.052,-33.025,-29.577,23.723,13.855,-28.512,32.72,41.601,-0.87051,-23.495,29.454,2.4454
-14.382,-32.318,-28.092,23.777,12.529,-27.461,33.652,44.78,-3.8533,-15.571,30.677,2.4106
-15.656,-31.456,-26.371,23.796,10.994,-26.217,34.57,47.098,-5.2939,-15.822,32.707,2.7253
-16.531,-30.428,-24.669,23.711,9.463,-24.873,34.746,43.816,-8.7151,-37.396,36.308,3.9727
-16.562,-29.178,-23.354,23.418,8.3037,-23.519,33.577,39.137,-13.076,-42.943,42.411,6.9396
-15.205,-27.604,-22.776,22.759,7.9651,-22.221,31.887,33.162,-16.789,-40.638,51.586,12.572
-11.783,-25.581,-23.108,21.445,8.7758,-21.042,30.761,27.019,-16.593,-30.851,57.886,21.425
-5.8426,-23.037,-24.174,18.918,10.336,-20.075,27.951,27.594,-6.1294,-8.1927,38.592,24.58
-2.1577,-20.019,-24.585,15.232,7.2613,-19.464,29.247,41.722,23.531,31.919,30.403,6.5025
-12.149,-16.698,-17.083,15.457,-1.2442,-19.34,44.276,77.123,85.059,92.339,26.67,-1.2139
-19.266,-13.261,-2.7954,17.57,-7.6816,-19.543,69.75,143.99,182.95,179.83,27.989,-5.9081
-22.923,-9.9144,4.7348,17.831,-11.839,-18.386,104.78,243.98,299.16,298.82,40.779,-5.8076
-22.244,-7.275,6.137,16.882,-12.286,-8.8821,142.74,348.41,418.56,437.02,72.367,4.8243
-14.627,-6.4631,0.44182,12.766,-6.1558,-2.6671,168.94,424.92,516.48,581.98,135.17,33.303
3.5455,-6.5377,-12.666,0.43323,9.1288,-7.1885,166.86,443.92,568.1,731.63,244.18,88.006
36.247,5.6163,-33.098,-23.922,35.338,-13.164,125.24,377.92,555.74,884.63,405.18,174.77
85.079,24.876,-61.28,-60.249,73.782,-19.19,38.356,213.8,471.19,1031.8,609.99,291.16
146.52,48.348,-97.805,-104.55,123.53,-25.979,-92.913,-43.738,314.41,1153.5,841.46,426.75
212.84,70.78,-142.54,-149.85,179.36,-36.189,-258.94,-374.94,90.309,1218.3,1072.5,567.79
276.83,84.7,-194.22,-189.02,237.22,-53.29,-443.9,-751.09,-195.24,1186,1265.6,697.42
330.7,83.102,-250.43,-214.6,293.01,-80.324,-631.12,-1141.6,-537.92,1016.7,1380.3,797.68
365.95,60.05,-310.09,-219.49,341.5,-120.54,-803.97,-1519.4,-933.77,684.03,1383.1,852.45
375.67,11.017,-371.68,-198.37,378,-176.18,-948.86,-1862.8,-1373.8,187.1,1256.9,850.7
356.97,-65.526,-433.03,-149.52,399.53,-245.5,-1057.1,-2154.7,-1837.1,-440.2,1007.8,789.64
312.68,-165.88,-491.87,-76.51,406.11,-325.72,-1126.1,-2381.3,-2287.8,-1129.6,665.57,676.34
251.49,-279.86,-545.77,11.245,401.24,-410.71,-1158.6,-2532.1,-2679.9,-1791.7,278.28,526.94
185.73,-392.14,-591.36,100.32,389.96,-490.56,-1161.7,-2602.3,-2969.2,-2340.2,-100.41,362.99
127.27,-486.68,-624.46,177.07,376.23,-554.85,-1143.8,-2594.5,-3128,-2715.4,-424.85,205.96
83.553,-551.55,-641.06,231.84,361.48,-595.73,-1112.2,-2518.5,-3151.6,-2897,-667.46,71.984
55.672,-581.73,-638.31,261.32,344.61,-609.48,-1071.5,-2389,-3055.6,-2900.6,-821.27,-30.78
39.075,-578.67,-614.73,268.12,322.85,-596.28,-1023.6,-2221.6,-2867.9,-2765.5,-895.47,-102.08
26.944,-547.98,-569.81,258.29,292.82,-558.74,-966.97,-2029.4,-2618.8,-2539.2,-907.41,-147.66
13.321,-496.84,-503.95,238.73,251.88,-500.62,-898.31,-1821.7,-2335,-2264.7,-875.55,-174.6
-6.2164,-432.5,-419.43,215.47,199.44,-426.49,-814.33,-1604.4,-2037.5,-1973.6,-816.02,-187.68
-33.626,-361.91,-322,192.73,138.03,-342.4,-714.76,-1382.8,-1741.5,-1687.2,-741.31,-189.87
-65.79,-291.73,-221.27,172.47,73.64,-256.34,-603.77,-1163,-1458.5,-1421.2,-659.84,-183.22
-92.234,-227.94,-128.84,154.73,14.242,-177.32,-488.75,-953.25,-1197.8,-1187,-576.38,-161.12
-99.346,-174.97,-54.574,138.97,-32.862,-112.83,-378.11,-761.28,-966.63,-986.6,-493.85,-108.38
-90.201,-134.58,-3.4931,126.12,-62.587,-66.428,-279.4,-593.65,-769.65,-815.24,-421.16,-87.454
-79.24,-105.65,24.418,115.65,-74.688,-37.664,-197.72,-453.34,-607.92,-671.23,-366.2,-83.339
-70.32,-85.918,33.205,105.77,-72.67,-23.657,-134.64,-339.82,-479.31,-553.63,-322.98,-81.818
-62.673,-73.39,28.609,95.46,-61.755,-20.308,-88.594,-250.47,-379.06,-459.42,-285.18,-80.142
-56.097,-66.524,15.958,85.032,-47.253,-23.626,-56.179,-180.77,-301.1,-384.64,-251.28,-77.987
-50.914,-64.329,0.78937,75.645,-33.028,-30.162,-33.243,-126.6,-240.38,-325.83,-221.97,-75.515
-47.253,-64.224,-12.273,67.943,-21.826,-36.411,-16.223,-85.857,-192.95,-280.25,-197.34,-72.952
-44.9,-63.673,-18.357,61.709,-24.85,-40.088,-2.7484,-55.99,-155.79,-245.62,-176.57,-70.474
-43.476,-58.385,-9.8361,56.435,-29.12,-33.093,8.4047,-34.141,-126.77,-219.78,-157.22,-68.178
-42.593,-49.526,-4.6122,51.585,-29.746,-26.037,17.524,-18.174,-104.45,-200.53,-138.75,-66.1
-41.936,-44.207,-2.106,46.886,-29.323,-22.461,21.853,-6.8306,-87.769,-185.72,-124.8,-64.25
-41.291,-41.169,-0.99586,42.522,-29.027,-20.066,19.698,0.097666,-75.939,-173.39,-115.97,-62.635
-40.58,-39.037,-0.28739,38.842,-28.858,-18.275,22.032,-0.0063223,-68.256,-161.46,-110.27,-61.264
-39.871,-37.248,0.61403,35.989,-28.631,-16.623,26.698,3.8371,-63.688,-148.46,-106.24,-60.134
-39.288,-35.515,2.0095,33.875,-28.469,-14.779,29.831,13.4,-60.668,-135.49,-103.17,-59.223
-38.898,-33.681,3.9783,32.327,-28.612,-12.579,31.674,20.785,-57.003,-124.19,-100.74,-58.484
-38.664,-31.682,6.4573,31.175,-29.155,-10.007,32.825,25.199,-50.428,-114.97,-98.825,-57.865
-38.501,-29.523,9.3127,30.288,-30.017,-7.1702,33.596,27.887,-42.759,-107.57,-97.317,-57.315
-38.342,-27.257,12.386,29.565,-31.036,-4.2425,34.134,29.64,-36.805,-101.6,-96.142,-56.799
-38.16,-24.951,15.524,28.936,-32.062,-1.3968,34.515,30.858,-32.487,-96.666,-95.219,-56.296
-37.963,-22.67,18.6,28.351,-33.003,1.2512,34.783,31.747,-29.175,-92.451,-94.475,-55.793
-37.771,-20.457,21.536,27.779,-33.829,3.6537,34.963,32.413,-26.505,-88.712,-93.846,-55.281
-37.608,-18.338,24.3,27.211,-34.553,5.8132,35.073,32.911,-24.263,-85.298,-93.298,-54.755
-37.486,-16.328,26.888,26.65,-35.202,7.7534,35.13,33.271,-22.295,-82.138,-92.818,-54.216
-37.405,-14.44,29.304,26.108,-35.8,9.4993,35.147,33.519,-20.488,-79.208,-92.417,-53.678
-37.351,-12.691,31.541,25.598,-36.354,11.068,35.14,33.687,-18.77,-76.503,-92.109,-53.159
-37.3,-11.099,33.583,25.131,-36.862,12.468,35.125,33.811,-17.123,-74.006,-91.899,-52.677
-37.229,-9.6795,35.411,24.713,-37.311,13.706,35.114,33.928,-15.567,-71.679,-91.777,-52.237
-37.118,-8.438,37.013,24.346,-37.687,14.785,35.113,34.065,-14.141,-69.468,-91.716,-51.843
-36.966,-7.371,38.388,24.029,-37.981,15.702,35.123,34.227,-12.879,-67.319,-91.685,-51.496
-36.784,-6.4691,39.537,23.758,-38.188,16.454,35.137,34.396,-11.794,-65.198,-91.658,-51.193
-36.592,-5.7202,40.461,23.528,-38.315,17.035,35.143,34.535,-10.877,-63.104,-91.619,-50.929
-36.41,-5.111,41.156,23.333,-38.369,17.443,35.127,34.612,-10.095,-61.057,-91.569,-50.704
-36.242,-4.6262,41.62,23.163,-38.361,17.688,35.082,34.606,-9.3951,-59.079,-91.52,-50.508
-36.081,-4.2494,41.858,23.008,-38.295,17.79,35.009,34.513,-8.7236,-57.182,-91.487,-50.335
-35.914,-3.9683,41.882,22.862,-38.173,17.778,34.914,34.345,-8.0384,-55.36,-91.48,-50.184
-35.727,-3.7792,41.713,22.724,-37.994,17.684,34.808,34.116,-7.3222,-53.588,-91.495,-50.06
-35.514,-3.6871,41.375,22.604,-37.757,17.533,34.695,33.842,-6.5827,-51.83,-91.51,-49.971
-35.269,-3.6981,40.886,22.511,-37.458,17.336,34.578,33.526,-5.8452,-50.049,-91.493,-49.919
-34.987,-3.8111,40.256,22.451,-37.084,17.092,34.45,33.168,-5.1423,-48.221,-91.408,-49.898
-34.663,-4.0112,39.48,22.419,-36.617,16.786,34.299,32.753,-4.5041,-46.339,-91.222,-49.896
-34.291,-4.2701,38.545,22.401,-36.039,16.407,34.111,32.261,-3.9506,-44.413,-90.918,-49.892
-33.862,-4.5506,37.434,22.377,-35.338,15.952,33.869,31.668,-3.4863,-42.463,-90.487,-49.864
-33.361,-4.8184,36.136,22.325,-34.514,15.425,33.56,30.956,-3.0997,-40.506,-89.935,-49.794
-32.774,-5.0531,34.651,22.231,-33.582,14.839,33.176,30.111,-2.7678,-38.547,-89.275,-49.671
-32.096,-5.2551,32.987,22.091,-32.558,14.204,32.712,29.123,-2.4666,-36.577,-88.519,-49.492
-31.334,-5.4447,31.161,21.916,-31.45,13.526,32.156,27.982,-2.1825,-34.581,-87.682,-49.266
-30.501,-5.6512,29.191,21.721,-30.258,12.811,31.489,26.67,-1.9179,-32.541,-86.766,-49.008
-29.613,-5.8994,27.093,21.522,-28.969,12.061,30.683,25.159,-1.6897,-30.44,-85.758,-48.735
-28.676,-6.1975,24.885,21.326,-27.567,11.276,29.704,23.412,-1.5226,-28.272,-84.635,-48.438
-27.682,-6.5311,22.581,21.129,-26.039,10.46,28.509,21.383,-1.4402,-26.037,-83.351,-48.088
-26.613,-6.8643,20.202,20.911,-24.378,9.6237,27.041,19.019,-1.4569,-23.734,-81.856,-47.639
-25.43,-7.1468,17.773,20.647,-22.583,8.7867,25.203,16.256,-1.5732,-21.359,-80.095,-47.046
-24.091,-7.3282,15.319,20.304,-20.652,7.9754,22.852,13.011,-1.7773,-18.894,-78.018,-46.266
-22.552,-7.3727,12.872,19.852,-18.588,7.2173,19.787,9.1954,-2.0506,-16.304,-75.583,-45.285
-20.794,-7.2703,10.461,19.27,-16.394,6.5314,15.789,4.7279,-2.3748,-13.542,-72.752,-44.102
-18.821,-7.0379,8.1106,18.553,-14.078,5.9203,10.723,-0.4365,-2.7373,-10.559,-69.497,-42.725
-16.661,-6.7105,5.8325,17.702,-11.65,5.3689,4.6876,-6.2799,-3.1336,-7.3073,-65.79,-41.157
-14.351,-6.3266,3.6269,16.728,-9.1262,4.8512,-1.9315,-12.713,-3.5694,-3.7573,-61.616,-39.386
-11.921,-5.9147,1.49,15.637,-6.5329,4.3423,-8.6459,-19.606,-4.06,0.096431,-56.962,-37.382
-9.3912,-5.4837,-0.57578,14.427,-3.9154,3.8315,-15.138,-26.839,-4.6273,4.23,-51.834,-35.104
-6.7653,-5.0216,-2.5533,13.08,-1.3264,3.3309,-21.363,-34.344,-5.2934,8.5926,-46.259,-32.518
-4.0329,-4.5002,-4.4184,11.553,1.1854,2.8731,-27.458,-42.102,-6.0729,13.117,-40.285,-29.607
-1.1748,-3.8852,-6.1426,9.7799,3.5872,2.5029,-33.62,-50.102,-6.9653,17.734,-33.992,-26.38
1.8227,-3.1466,-7.7001,7.686,5.8627,2.264,-40.02,-58.303,-7.9526,22.385,-27.473,-22.87
4.9503,-2.2661,-9.0736,5.2102,8.004,2.1863,-46.747,-66.581,-9.0039,27.016,-20.831,-19.119
8.1662,-1.2397,-10.257,2.3334,10.001,2.2788,-53.775,-74.749,-10.085,31.582,-14.173,-15.173
11.399,-0.075307,-11.256,-0.90263,11.841,2.5293,-60.953,-82.614,-11.168,36.037,-7.5878,-11.068
14.56,1.2081,-12.088,-4.3963,13.508,2.9061,-68.067,-90.031,-12.243,40.328,-1.1527,-6.8356
17.56,2.58,-12.781,-8.0059,14.993,3.3705,-74.932,-96.942,-13.32,44.397,5.0695,-2.5072
20.327,4.002,-13.359,-11.584,16.298,3.8854,-81.44,-103.34,-14.429,48.185,11.034,1.8843
22.813,5.4367,-13.837,-15.014,17.43,4.4245,-87.528,-109.22,-15.604,51.638,16.706,6.3064
25.006,6.8628,-14.216,-18.231,18.404,4.98,-93.126,-114.56,-16.872,54.716,22.066,10.732
26.919,8.2874,-14.481,-21.227,19.236,5.564,-98.128,-119.32,-18.234,57.399,27.114,15.147
28.581,9.7496,-14.602,-24.021,19.941,6.2046,-102.43,-123.46,-19.661,59.689,31.866,19.547
30.026,11.312,-14.55,-26.641,20.527,6.9357,-105.97,-126.96,-21.098,61.612,36.354,23.945
31.285,13.045,-14.303,-29.11,21.003,7.7863,-108.8,-129.86,-22.486,63.215,40.611,28.36
32.386,15.02,-13.854,-31.446,21.376,8.7727,-111.04,-132.25,-23.776,64.558,44.676,32.812
33.352,17.291,-13.206,-33.672,21.649,9.8961,-112.8,-134.22,-24.945,65.705,48.583,37.319
34.204,19.891,-12.365,-35.812,21.827,11.147,-114.23,-135.86,-25.997,66.72,52.358,41.879
34.959,22.815,-11.334,-37.887,21.915,12.511,-115.41,-137.25,-26.948,67.653,56.012,46.468
35.632,26.035,-10.101,-39.91,21.914,13.981,-116.41,-138.42,-27.81,68.538,59.545,51.032
36.232,29.53,-8.6452,-41.888,21.827,15.562,-117.26,-139.4,-28.582,69.393,62.945,55.497
36.77,33.317,-6.9324,-43.829,21.653,17.279,-117.96,-140.18,-29.234,70.228,66.192,59.785
37.253,37.462,-4.9256,-45.74,21.39,19.185,-118.52,-140.76,-29.724,71.049,69.268,63.828
37.684,42.048,-2.5905,-47.634,21.034,21.381,-118.92,-141.11,-30.008,71.861,72.158,67.576
38.067,47.115,0.099665,-49.521,20.575,24.037,-119.13,-141.22,-30.056,72.683,74.86,71.008
38.401,52.61,3.1638,-51.406,19.994,27.384,-119.11,-141.04,-29.851,73.54,77.381,74.123
38.685,58.385,6.6081,-53.28,19.266,31.633,-118.78,-140.52,-29.395,74.465,79.741,76.939
38.914,64.269,10.419,-55.124,18.354,36.822,-117.97,-139.53,-28.69,75.494,81.961,79.483
39.085,70.134,14.563,-56.917,17.213,42.756,-116.41,-137.87,-27.736,76.655,84.059,81.781
39.193,75.918,19.001,-58.634,15.802,49.126,-113.74,-135.28,-26.517,77.958,86.045,83.85
39.23,81.596,23.698,-60.254,14.088,55.667,-109.67,-131.46,-24.997,79.387,87.919,85.702
39.185,87.135,28.611,-61.75,12.061,62.2,-104.11,-126.23,-23.117,80.905,89.669,87.339
39.042,92.475,33.669,-63.096,9.7405,68.599,-97.2,-119.57,-20.808,82.456,91.28,88.764
38.783,97.515,38.768,-64.262,7.1761,74.764,-89.065,-111.62,-18.023,83.976,92.729,89.977
38.396,102.14,43.795,-65.226,4.442,80.617,-79.786,-102.53,-14.772,85.396,93.993,90.979
37.885,106.24,48.65,-65.975,1.6299,86.105,-69.442,-92.415,-11.139,86.658,95.045,91.771
37.273,109.79,53.255,-66.513,-1.1597,91.209,-58.246,-81.341,-7.2576,87.702,95.855,92.346
36.6,112.81,57.541,-66.85,-3.8263,95.929,-46.654,-69.459,-3.2881,88.473,96.387,92.694
35.905,115.36,61.427,-66.996,-6.2747,100.27,-35.32,-57.1,0.60855,88.916,96.61,92.797
35.224,117.48,64.802,-66.959,-8.4133,104.19,-24.879,-44.818,4.2805,88.979,96.496,92.638
34.575,119.13,67.525,-66.732,-10.151,107.55,-15.741,-33.356,7.589,88.612,96.031,92.196
33.972,120.11,69.444,-66.301,-11.397,110.03,-8.0899,-23.522,10.415,87.777,95.216,91.455
33.422,120.11,70.425,-65.648,-12.071,111.15,-2.0942,-16.006,12.674,86.447,94.066,90.404
32.937,118.78,70.357,-64.764,-12.115,110.44,1.8371,-11.158,14.342,84.616,92.607,89.041
32.528,115.97,69.139,-63.658,-11.506,107.67,3.016,-8.7714,15.466,82.304,90.872,87.373
32.206,111.74,66.654,-62.351,-10.271,103.02,1.0894,-8.0625,16.148,79.554,88.896,85.42
31.98,106.32,62.821,-60.869,-8.4735,96.855,-3.1677,-8.0496,16.503,76.425,86.715,83.209
31.862,99.935,57.669,-59.238,-6.2006,89.571,-8.2991,-8.0168,16.619,72.975,84.361,80.768
31.865,92.75,51.358,-57.48,-3.539,81.433,-13.301,-7.6707,16.538,69.258,81.866,78.12
32.001,84.928,44.122,-55.627,-0.56925,72.598,-17.885,-7.0078,16.28,65.317,79.264,75.281
32.277,76.652,36.209,-53.72,2.6313,63.202,-22.116,-6.1227,15.873,61.199,76.585,72.269
32.693,68.156,27.872,-51.817,5.9809,53.423,-26.105,-5.0827,15.39,56.965,73.861,69.102
33.24,59.712,19.392,-49.984,9.3957,43.547,-29.863,-3.883,14.959,52.692,71.127,65.808
33.899,51.595,11.099,-48.281,12.8,33.994,-33.26,-2.4579,14.765,48.476,68.418,62.423
34.64,44.039,3.3283,-46.746,16.143,25.303,-36.028,-0.71528,15.03,44.423,65.769,58.996
35.424,37.202,-3.6663,-45.39,19.399,18.044,-37.829,1.4337,15.988,40.654,63.224,55.589
36.217,31.157,-9.7782,-44.204,22.558,12.573,-38.373,4.0514,17.829,37.282,60.832,52.273
36.987,25.908,-15.031,-43.161,25.6,8.752,-37.519,7.1607,20.631,34.415,58.648,49.125
37.716,21.423,-19.487,-42.237,28.474,5.9595,-35.331,10.726,24.302,32.117,56.712,46.199
38.389,17.659,-23.191,-41.402,31.09,3.5397,-32.051,14.649,28.594,30.395,55.036,43.513
39,14.555,-26.173,-40.63,33.352,1.1695,-27.99,18.785,33.221,29.195,53.595,41.047
39.55,12.028,-28.488,-39.896,35.199,-1.1555,-23.423,22.97,37.977,28.419,52.322,38.756
40.045,9.9781,-30.215,-39.168,36.65,-3.3047,-18.526,27.044,42.744,27.937,51.134,36.577
40.495,8.2964,-31.443,-38.402,37.808,-5.1511,-13.392,30.863,47.422,27.627,49.951,34.465
40.904,6.8767,-32.247,-37.543,38.811,-6.6318,-8.0706,34.299,51.85,27.378,48.718,32.394
41.254,5.6153,-32.685,-36.507,39.717,-7.7656,-2.6262,37.267,55.81,27.092,47.412,30.35
41.466,4.415,-32.8,-35.169,40.406,-8.6392,2.8191,39.744,59.076,26.686,46.035,28.326
41.376,3.1938,-32.642,-33.359,40.611,-9.3762,8.0653,41.765,61.482,26.098,44.602,26.311
40.76,1.8955,-32.274,-30.893,40.068,-10.095,12.861,43.389,62.954,25.291,43.132,24.293
39.396,0.49211,-31.756,-27.643,38.627,-10.871,16.986,44.672,63.5,24.248,41.641,22.266
37.146,-1.0261,-31.125,-23.594,36.288,-11.723,20.338,45.661,63.182,22.967,40.125,20.237
33.995,-2.6641,-30.389,-18.847,33.169,-12.625,22.955,46.396,62.099,21.451,38.585,18.222
30.052,-4.4275,-29.545,-13.594,29.495,-13.529,24.963,46.913,60.373,19.695,37.012,16.246
25.524,-6.3169,-28.61,-8.0781,25.585,-14.398,26.51,47.252,58.135,17.69,35.394,14.327
20.659,-8.3225,-27.644,-2.5658,21.825,-15.217,27.73,47.447,55.518,15.438,33.717,12.472
15.699,-10.425,-26.723,2.6804,18.588,-15.989,28.719,47.528,52.646,12.948,31.975,10.668
10.843,-12.604,-25.919,7.4289,16.116,-16.734,29.54,47.517,49.635,10.243,30.158,8.8858
6.2353,-14.844,-25.277,11.503,14.431,-17.482,30.226,47.425,46.579,7.3483,28.256,7.0864
1.9452,-17.134,-24.812,14.808,13.343,-18.273,30.795,47.259,43.529,4.2969,26.266,5.2323
-2.0103,-19.457,-24.519,17.355,12.558,-19.143,31.258,47.024,40.486,1.1332,24.208,3.327
-5.6056,-21.777,-24.39,19.253,11.839,-20.104,31.623,46.727,37.411,-2.0766,22.138,1.4181
-8.7713,-24.027,-24.424,20.657,11.11,-21.135,31.902,46.386,34.255,-5.2437,20.144,-0.40498
-11.413,-26.122,-24.623,21.716,10.44,-22.196,32.105,46.021,30.996,-8.2719,18.349,-2.0322
-13.461,-27.983,-24.986,22.533,9.9586,-23.243,32.241,45.65,27.669,-11.082,16.866,-3.3575
-14.894,-29.563,-25.497,23.167,9.77,-24.245,32.323,45.291,24.367,-13.63,15.773,-4.3247
-15.746,-30.859,-26.127,23.646,9.9036,-25.192,32.36,44.949,21.203,-15.91,15.098,-4.9298
-16.107,-31.907,-26.834,23.994,10.309,-26.082,32.369,44.625,18.262,-17.941,14.817,-5.209
-16.118,-32.763,-27.571,24.239,10.879,-26.909,32.362,44.312,15.582,-19.752,14.876,-5.2165
-15.935,-33.478,-28.285,24.416,11.488,-27.659,32.348,44.003,13.158,-21.369,15.213,-5.0035
-15.699,-34.081,-28.926,24.554,12.034,-28.307,32.329,43.692,10.967,-22.809,15.778,-4.6077
-15.509,-34.579,-29.451,24.669,12.458,-28.832,32.303,43.376,8.9826,-24.083,16.529,-4.0563
-15.414,-34.964,-29.833,24.765,12.74,-29.217,32.269,43.058,7.1878,-25.204,17.435,-3.3758
-15.414,-35.227,-30.065,24.84,12.89,-29.459,32.231,42.744,5.5701,-26.184,18.459,-2.6
-15.487,-35.371,-30.155,24.891,12.928,-29.573,32.197,42.451,4.1215,-27.038,19.566,-1.7678
-15.593,-35.414,-30.126,24.916,12.876,-29.586,32.176,42.195,2.8379,-27.77,20.721,-0.91427
-15.698,-35.382,-30.01,24.921,12.761,-29.526,32.179,41.996,1.7176,-28.376,21.893,-0.061728
-15.781,-35.309,-29.845,24.912,12.606,-29.425,32.209,41.863,0.75345,-28.846,23.065,0.78439
-15.834,-35.224,-29.671,24.9,12.434,-29.311,32.261,41.786,-0.076499,-29.183,24.23,1.6317
-15.862,-35.155,-29.523,24.892,12.265,-29.211,32.317,41.733,-0.81534,-29.403,25.389,2.4911
-15.87,-35.11,-29.415,24.889,12.112,-29.136,32.348,41.652,-1.5223,-29.546,26.547,3.3659
-15.858,-35.083,-29.339,24.884,11.979,-29.077,32.327,41.485,-2.2547,-29.645,27.709,4.243
-15.833,-35.045,-29.257,24.866,11.859,-29,32.239,41.19,-3.0371,-29.697,28.87,5.0907
-15.814,-34.961,-29.114,24.826,11.723,-28.871,32.092,40.779,-3.8195,-29.604,30.012,5.8626
-15.847,-34.792,-28.852,24.764,11.527,-28.665,31.937,40.368,-4.4302,-29.128,31.101,6.5026
-15.995,-34.508,-28.414,24.686,11.213,-28.351,31.883,40.236,-4.5663,-27.84,32.095,6.9528
-16.312,-34.095,-27.749,24.606,10.728,-27.883,32.081,40.791,-3.9366,-25.07,32.974,7.1699
-16.81,-33.555,-26.827,24.534,10.032,-27.216,32.643,42.382,-2.8043,-19.889,33.793,7.1604
-17.421,-32.899,-25.675,24.466,9.1377,-26.352,33.539,45.217,-4.3405,-11.954,34.763,7.0361
-17.97,-32.132,-24.411,24.377,8.1385,-25.347,34.522,47.7,-5.1939,-9.4426,36.319,7.0789
-18.178,-31.223,-23.248,24.204,7.2413,-24.288,34.808,44.753,-7.8304,-32.756,39.167,7.7907
-17.655,-30.085,-22.454,23.84,6.7512,-23.242,33.485,40.542,-11.837,-42.467,44.23,9.9116
-15.9,-28.576,-22.264,23.119,7.0031,-22.227,31.275,35.374,-15.712,-40.911,52.334,14.409
-12.268,-26.539,-22.79,21.755,8.2073,-21.237,29.157,29.566,-17.067,-32.288,60.586,22.218
-6.2326,-23.881,-23.954,19.211,10.068,-20.314,26.904,28.276,-10.545,-11.393,44.688,28.671
-1.0186,-20.665,-25.055,15.295,8.5815,-19.603,26.846,38.797,12.482,26.092,31.941,11.017
-9.9839,-17.12,-21.328,14.829,-0.4271,-19.326,39.613,69.436,64.462,81.525,27.625,0.58239
-18.427,-13.493,-6.7904,17.299,-6.9563,-19.585,63.38,131.17,156.54,157.44,27.388,-4.7953
-22.479,-9.931,2.4555,17.536,-11.061,-19.559,98.001,229.27,271.4,256.81,37.371,-6.2798
-22.352,-6.8364,5.3691,16.476,-11.929,-13.543,138.29,337.32,392.91,378.94,63.633,1.3877
-15.965,-5.4015,1.0781,13.095,-6.7182,-2.6393,169.77,420.97,499.4,518.51,115.71,24.589
-0.63165,-5.8758,-11.204,3.6553,7.2301,-6.0559,174.52,450.96,565.04,669.84,207.27,70.716
27.176,1.9327,-31.331,-16.311,31.541,-12.067,140.66,398.44,569.52,826.64,348.1,146.46
70.176,19.94,-59.251,-48.045,67.556,-18.22,62.232,247.98,502.49,981.03,535.87,252.78
127.05,42.748,-95.149,-89.253,114.86,-24.859,-60.746,1.9617,363.29,1118.1,758.06,382.27
191.86,66.283,-139.38,-134.45,169.25,-34.436,-221.04,-321.54,156.99,1211.5,992.75,522.52
257.87,83.244,-190.83,-176.84,227.01,-50.301,-404.78,-694.52,-110.38,1224.1,1205.4,657.48
317.6,86.456,-246.56,-208.94,284.6,-75.418,-595.37,-1086.2,-434.71,1114.2,1356.1,769.57
362.28,69.677,-305.49,-223.18,336.85,-113.04,-775.6,-1469,-813.2,847.01,1408.3,842.33
383.98,27.813,-366.58,-213.01,378.71,-165.93,-930.74,-1820.5,-1239.7,409.73,1337.8,862.66
378.02,-41.582,-427.87,-174.74,406.65,-232.26,-1050.8,-2123.7,-1697.7,-176.6,1139.9,824.17
344.94,-136.04,-487.26,-109.83,419.8,-308.86,-1131.7,-2364.3,-2156.2,-853.8,833.88,729.81
291,-246.95,-542.49,-25.94,420.07,-391.58,-1174.2,-2531,-2570.7,-1536.9,460.32,592.33
226.69,-360.45,-590.6,64.357,411.34,-472.2,-1183.9,-2617.1,-2895,-2136.3,71.947,431.83
163.85,-460.88,-627.75,146.96,397.78,-540.94,-1169,-2623.4,-3094.9,-2582.3,-280.57,270.71
111.88,-535.11,-649.95,210.41,382.18,-589.16,-1137.8,-2559,-3158.3,-2840.2,-561.21,127.77
75.169,-575.94,-654,249.06,365.23,-611.6,-1096.8,-2438.2,-3095.5,-2909.4,-754.5,14.058
52.366,-582.81,-638.09,263.61,345.53,-607.08,-1049,-2276.7,-2932,-2818.1,-863.44,-67.988
38.235,-560.11,-601.59,259.19,320.32,-577.49,-993.75,-2088,-2698.1,-2614.4,-902.27,-122.96
26.758,-514.49,-544.64,242.57,286.53,-526.23,-928.22,-1882.2,-2422.1,-2348.6,-888.94,-157.88
12.643,-453.03,-468.54,220.06,241.94,-457.47,-849.35,-1666.4,-2127.1,-2059.3,-840.47,-177.61
-8.4415,-382.73,-377.14,196.59,186.48,-376.54,-755.87,-1446,-1829.6,-1771.9,-770.89,-185.14
-37.572,-310.55,-277.94,175.05,123.45,-290.77,-649.56,-1226.3,-1542,-1500.8,-690.58,-182.82
-68.372,-243.19,-181.24,156.02,59.65,-208.86,-535.66,-1013.4,-1273.4,-1253.3,-606.27,-169.5
-86.199,-186.21,-97.438,138.2,3.0824,-138.66,-421.89,-814.75,-1032.1,-1034.5,-520.89,-117.82
-84.286,-142.52,-34.053,122.88,-38.948,-84.981,-316.5,-638.39,-823.82,-849.38,-438.86,-84.116
-74.452,-111.17,6.1509,111.05,-62.235,-49.008,-226.43,-488.86,-650.52,-697.36,-373.78,-78.475
-65.661,-89.507,24.925,100.52,-68.902,-28.799,-155.34,-366.77,-511.52,-574.37,-325.57,-77.512
-58.445,-75.479,26.915,90.06,-63.709,-21.203,-102.74,-270.18,-402.88,-475.74,-286.2,-76.683
-52.413,-67.402,17.816,80.067,-51.82,-22.253,-65.551,-194.79,-318.56,-397.3,-252.11,-75.314
-47.807,-64.451,3.6366,71.503,-37.809,-28.119,-39.616,-136.13,-252.93,-335.66,-222.88,-73.502
-44.722,-64.168,-10.113,64.593,-24.06,-34.813,-20.939,-92.408,-201.6,-287.96,-198.27,-71.466
-42.828,-64.006,-20.317,58.936,-14.822,-39.647,-6.5926,-60.937,-161.56,-251.6,-177.48,-69.393
-41.666,-61.092,-20.282,53.979,-18.919,-39.616,5.118,-38.12,-130.67,-224.24,-158.21,-67.404
-40.862,-52.823,-14.76,49.25,-21.78,-31.285,14.847,-21.293,-107.28,-203.72,-139.66,-65.567
-40.14,-46.26,-11.322,44.629,-22.357,-27.18,20.92,-9.0098,-90.103,-188.03,-125.4,-63.922
-39.319,-42.581,-9.469,40.386,-22.107,-24.577,18.707,-0.79238,-78.012,-175.22,-116.3,-62.496
-38.347,-40.171,-8.3567,36.864,-21.654,-22.617,19.474,0.89315,-69.975,-163.11,-110.44,-61.304
-37.32,-38.277,-7.3345,34.176,-21.136,-20.911,24.35,3.0688,-64.986,-149.69,-106.31,-60.342
-36.411,-36.567,-6.0225,32.225,-20.776,-19.159,28.031,12.462,-61.809,-135.67,-103.17,-59.583
-35.752,-34.866,-4.2574,30.829,-20.847,-17.174,30.186,20.373,-58.53,-123.22,-100.71,-58.982
-35.372,-33.079,-2.0313,29.818,-21.469,-14.884,31.496,25.041,-52.613,-113.1,-98.772,-58.487
-35.214,-31.159,0.57908,29.05,-22.573,-12.299,32.356,27.825,-45.106,-105.07,-97.267,-58.057
-35.182,-29.098,3.4727,28.421,-23.986,-9.4835,32.96,29.617,-39.243,-98.676,-96.109,-57.66
-35.193,-26.904,6.5575,27.853,-25.526,-6.5315,33.407,30.847,-35.175,-93.468,-95.212,-57.278
-35.193,-24.602,9.759,27.3,-27.048,-3.544,33.748,31.735,-32.157,-89.072,-94.493,-56.896
-35.158,-22.229,13.015,26.737,-28.465,-0.61354,34.016,32.405,-29.731,-85.212,-93.888,-56.502
-35.089,-19.839,16.268,26.165,-29.744,2.1814,34.232,32.931,-27.641,-81.713,-93.353,-56.09
-35.002,-17.497,19.459,25.598,-30.882,4.7792,34.414,33.365,-25.736,-78.489,-92.874,-55.658
-34.92,-15.269,22.53,25.058,-31.89,7.1377,34.581,33.738,-23.93,-75.515,-92.461,-55.215
-34.863,-13.208,25.434,24.56,-32.787,9.2354,34.745,34.069,-22.198,-72.789,-92.136,-54.78
-34.839,-11.346,28.144,24.116,-33.587,11.07,34.91,34.369,-20.551,-70.311,-91.918,-54.372
-34.841,-9.6925,30.644,23.725,-34.304,12.655,35.073,34.635,-19.022,-68.063,-91.819,-54.009
-34.855,-8.2366,32.927,23.381,-34.944,14.012,35.223,34.862,-17.636,-66.015,-91.831,-53.695
-34.854,-6.9548,34.983,23.07,-35.504,15.169,35.346,35.041,-16.399,-64.125,-91.931,-53.425
-34.814,-5.8205,36.795,22.779,-35.978,16.152,35.428,35.166,-15.298,-62.346,-92.081,-53.184
-34.728,-4.8125,38.349,22.499,-36.362,16.984,35.462,35.237,-14.3,-60.631,-92.24,-52.954
-34.608,-3.9194,39.639,22.23,-36.662,17.682,35.45,35.255,-13.365,-58.934,-92.376,-52.721
-34.48,-3.1391,40.673,21.979,-36.891,18.261,35.402,35.229,-12.453,-57.218,-92.473,-52.486
-34.372,-2.4743,41.469,21.756,-37.067,18.726,35.332,35.165,-11.54,-55.456,-92.53,-52.262
-34.3,-1.9281,42.051,21.573,-37.202,19.083,35.255,35.066,-10.617,-53.639,-92.561,-52.068
-34.258,-1.4997,42.443,21.43,-37.295,19.33,35.179,34.93,-9.6973,-51.776,-92.583,-51.925
-34.225,-1.1833,42.665,21.323,-37.339,19.469,35.103,34.746,-8.8015,-49.895,-92.611,-51.845
-34.173,-0.96901,42.732,21.241,-37.32,19.503,35.02,34.5,-7.9506,-48.035,-92.647,-51.828
-34.076,-0.84559,42.65,21.171,-37.227,19.441,34.919,34.177,-7.1564,-46.23,-92.681,-51.857
-33.918,-0.80197,42.424,21.105,-37.056,19.299,34.786,33.766,-6.419,-44.503,-92.691,-51.909
-33.7,-0.82885,42.058,21.039,-36.81,19.098,34.612,33.261,-5.7274,-42.857,-92.652,-51.958
-33.426,-0.91709,41.557,20.972,-36.497,18.854,34.389,32.656,-5.0633,-41.275,-92.539,-51.982
-33.11,-1.0569,40.93,20.905,-36.125,18.578,34.115,31.944,-4.4074,-39.723,-92.34,-51.97
-32.758,-1.2367,40.18,20.838,-35.7,18.269,33.791,31.117,-3.7475,-38.16,-92.046,-51.919
-32.367,-1.4438,39.309,20.771,-35.215,17.918,33.415,30.157,-3.0834,-36.547,-91.649,-51.827
-31.93,-1.6674,38.306,20.7,-34.655,17.509,32.983,29.045,-2.4288,-34.851,-91.137,-51.691
-31.437,-1.9,37.159,20.621,-33.997,17.029,32.481,27.762,-1.8063,-33.061,-90.5,-51.507
-30.884,-2.1398,35.853,20.529,-33.218,16.472,31.888,26.284,-1.2416,-31.18,-89.723,-51.264
-30.266,-2.3888,34.379,20.42,-32.304,15.846,31.173,24.588,-0.75823,-29.222,-88.786,-50.955
-29.583,-2.6492,32.74,20.29,-31.244,15.167,30.298,22.642,-0.37522,-27.208,-87.665,-50.565
-28.83,-2.9211,30.944,20.136,-30.034,14.455,29.21,20.401,-0.10509,-25.154,-86.329,-50.08
-27.992,-3.199,28.999,19.953,-28.674,13.727,27.829,17.802,0.048006,-23.061,-84.749,-49.488
-27.045,-3.4697,26.905,19.73,-27.159,12.998,26.045,14.771,0.088432,-20.914,-82.893,-48.773
-25.953,-3.7135,24.656,19.447,-25.479,12.269,23.71,11.227,0.02716,-18.674,-80.731,-47.916
-24.666,-3.9082,22.241,19.081,-23.616,11.535,20.645,7.0959,-0.12153,-16.286,-78.234,-46.896
-23.14,-4.0344,19.653,18.604,-21.543,10.787,16.681,2.3268,-0.34367,-13.688,-75.369,-45.686
-21.344,-4.0791,16.908,17.994,-19.237,10.015,11.742,-3.083,-0.62974,-10.822,-72.096,-44.252
-19.28,-4.0358,14.047,17.228,-16.697,9.223,5.9238,-9.0781,-0.97865,-7.6504,-68.36,-42.555
-16.974,-3.9023,11.14,16.289,-13.955,8.4255,-0.48817,-15.555,-1.4002,-4.1573,-64.106,-40.559
-14.469,-3.6781,8.2684,15.158,-11.074,7.6509,-7.1111,-22.394,-1.9123,-0.35657,-59.285,-38.231
-11.807,-3.3635,5.5096,13.811,-8.1267,6.9326,-13.633,-29.494,-2.5324,3.7167,-53.869,-35.556
-9.0144,-2.9574,2.9179,12.22,-5.1807,6.301,-19.93,-36.794,-3.2682,8.0192,-47.874,-32.527
-6.0992,-2.4572,0.52344,10.353,-2.2825,5.7772,-26.07,-44.266,-4.1106,12.512,-41.365,-29.154
-3.0484,-1.8537,-1.6694,8.1731,0.53749,5.37,-32.221,-51.88,-5.0338,17.162,-34.45,-25.457
0.15819,-1.1295,-3.667,5.6396,3.2534,5.0821,-38.545,-59.59,-6.0033,21.941,-27.281,-21.475
3.5251,-0.26096,-5.4733,2.7211,5.8332,4.9186,-45.121,-67.305,-6.9872,26.807,-20.032,-17.269
7.0197,0.77582,-7.0808,-0.58376,8.2373,4.891,-51.932,-74.911,-7.9657,31.708,-12.866,-12.913
10.565,1.9961,-8.4697,-4.2266,10.427,5.0153,-58.892,-82.288,-8.9357,36.571,-5.8999,-8.4831
14.05,3.4035,-9.6147,-8.1037,12.374,5.3044,-65.893,-89.34,-9.9093,41.316,0.79919,-4.03
17.356,4.9858,-10.494,-12.069,14.066,5.7583,-72.809,-95.984,-10.907,45.868,7.2062,0.42637
20.381,6.7183,-11.101,-15.965,15.502,6.3672,-79.493,-102.15,-11.946,50.164,13.325,4.8982
23.063,8.5743,-11.434,-19.659,16.692,7.115,-85.768,-107.78,-13.032,54.159,19.166,9.4199
25.386,10.541,-11.5,-23.077,17.655,7.988,-91.456,-112.81,-14.15,57.835,24.741,14.038
27.37,12.634,-11.305,-26.209,18.415,8.9817,-96.427,-117.22,-15.261,61.194,30.066,18.8
29.061,14.912,-10.847,-29.097,18.994,10.103,-100.64,-121,-16.317,64.255,35.163,23.749
30.506,17.469,-10.11,-31.806,19.406,11.366,-104.13,-124.2,-17.268,67.051,40.064,28.905
31.744,20.422,-9.0665,-34.396,19.657,12.793,-107,-126.88,-18.077,69.618,44.801,34.262
32.802,23.882,-7.6823,-36.909,19.749,14.407,-109.35,-129.09,-18.725,71.999,49.406,39.776
33.704,27.92,-5.9263,-39.363,19.679,16.236,-111.28,-130.9,-19.211,74.238,53.903,45.366
34.469,32.541,-3.7772,-41.757,19.448,18.328,-112.85,-132.35,-19.535,76.372,58.301,50.929
35.116,37.68,-1.2279,-44.081,19.058,20.765,-114.11,-133.47,-19.697,78.422,62.597,56.352
35.66,43.224,1.7128,-46.319,18.511,23.688,-115.07,-134.28,-19.683,80.393,66.773,61.533
36.113,49.04,5.0175,-48.464,17.805,27.279,-115.73,-134.75,-19.468,82.278,70.803,66.391
36.487,55.014,8.6415,-50.519,16.937,31.685,-116.04,-134.83,-19.019,84.062,74.656,70.869
36.789,61.054,12.533,-52.49,15.901,36.918,-115.9,-134.42,-18.308,85.733,78.307,74.935
37.024,67.097,16.648,-54.387,14.689,42.83,-115.18,-133.39,-17.313,87.29,81.737,78.58
37.194,73.085,20.957,-56.219,13.29,49.186,-113.62,-131.53,-16.015,88.745,84.941,81.815
37.303,78.957,25.439,-57.988,11.697,55.742,-110.9,-128.59,-14.39,90.126,87.926,84.671
37.353,84.631,30.054,-59.691,9.9084,62.274,-106.73,-124.3,-12.39,91.464,90.708,87.186
37.352,90.031,34.735,-61.315,7.9427,68.6,-100.97,-118.51,-9.9215,92.783,93.303,89.397
37.312,95.096,39.395,-62.839,5.8426,74.607,-93.768,-111.27,-6.8615,94.086,95.721,91.332
37.245,99.799,43.944,-64.239,3.6802,80.265,-85.368,-102.81,-3.1168,95.347,97.953,93.005
37.162,104.14,48.305,-65.489,1.5487,85.611,-75.989,-93.375,1.2784,96.52,99.976,94.421
37.072,108.12,52.413,-66.568,-0.4515,90.7,-65.794,-83.102,6.1349,97.541,101.75,95.579
36.981,111.74,56.193,-67.456,-2.23,95.554,-55.006,-72.12,11.176,98.345,103.25,96.48
36.892,114.94,59.548,-68.14,-3.7173,100.12,-44.016,-60.696,16.1,98.867,104.43,97.123
36.806,117.64,62.356,-68.609,-4.8649,104.25,-33.372,-49.399,20.581,99.048,105.27,97.513
36.721,119.74,64.481,-68.86,-5.6372,107.69,-23.625,-39.135,24.286,98.84,105.75,97.655
36.638,121.1,65.805,-68.895,-6.0011,110.12,-15.239,-30.951,26.951,98.199,105.89,97.556
36.558,121.6,66.238,-68.72,-5.9206,111.24,-8.7425,-25.673,28.462,97.093,105.67,97.224
36.49,121.12,65.724,-68.342,-5.3605,110.79,-4.9973,-23.503,28.873,95.503,105.12,96.666
36.453,119.55,64.207,-67.768,-4.2962,108.6,-4.9861,-23.903,28.353,93.428,104.23,95.889
36.47,116.81,61.612,-67.003,-2.7264,104.65,-8.7869,-25.912,27.114,90.881,103.03,94.898
36.563,112.86,57.845,-66.055,-0.68265,99.078,-15.006,-28.608,25.368,87.885,101.52,93.702
36.744,107.71,52.841,-64.93,1.7709,92.132,-21.851,-31.374,23.307,84.467,99.7,92.305
37.009,101.44,46.63,-63.637,4.5499,84.109,-28.287,-33.88,21.089,80.649,97.596,90.709
37.338,94.251,39.358,-62.192,7.5652,75.277,-34.06,-35.975,18.832,76.457,95.227,88.913
37.709,86.379,31.269,-60.62,10.732,65.875,-39.258,-37.574,16.606,71.931,92.63,86.916
38.103,78.09,22.683,-58.955,13.972,56.128,-44.032,-38.608,14.44,67.141,89.855,84.723
38.509,69.625,13.98,-57.242,17.216,46.259,-48.486,-39.014,12.347,62.189,86.96,82.347
38.924,61.188,5.5788,-55.53,20.407,36.529,-52.648,-38.773,10.357,57.2,84.008,79.814
39.35,52.966,-2.1349,-53.871,23.508,27.335,-56.424,-37.935,8.5561,52.306,81.048,77.15
39.789,45.175,-8.9007,-52.311,26.502,19.285,-59.569,-36.536,7.1019,47.635,78.121,74.382
40.24,38.065,-14.658,-50.889,29.385,13.011,-61.717,-34.412,6.215,43.315,75.265,71.535
40.7,31.865,-19.501,-49.628,32.149,8.6253,-62.497,-31.172,6.1639,39.463,72.511,68.635
41.16,26.674,-23.553,-48.536,34.758,5.5235,-61.649,-26.493,7.228,36.167,69.892,65.712
41.609,22.432,-26.881,-47.598,37.146,2.9582,-59.111,-20.408,9.5956,33.474,67.432,62.794
42.03,18.981,-29.521,-46.775,39.231,0.53952,-55.046,-13.3,13.233,31.367,65.142,59.907
42.412,16.148,-31.527,-46.014,40.954,-1.7805,-49.795,-5.7078,17.861,29.767,63.003,57.045
42.75,13.794,-32.983,-45.248,42.321,-3.9055,-43.757,1.8589,23.102,28.544,60.971,54.177
43.052,11.804,-33.977,-44.406,43.424,-5.7313,-37.28,9.0236,28.639,27.554,58.987,51.261
43.327,10.087,-34.588,-43.435,44.379,-7.2006,-30.612,15.563,34.26,26.656,56.989,48.268
43.565,8.5686,-34.875,-42.294,45.214,-8.3117,-23.884,21.374,39.806,25.753,54.94,45.187
43.71,7.1875,-34.88,-40.944,45.771,-9.11,-17.155,26.428,45.106,24.794,52.834,42.046
43.633,5.8929,-34.629,-39.326,45.767,-9.6738,-10.465,30.742,49.958,23.765,50.687,38.883
43.151,4.6411,-34.144,-37.333,44.936,-10.098,-3.8904,34.362,54.136,22.675,48.531,35.73
42.07,3.392,-33.452,-34.814,43.137,-10.471,2.4405,37.349,57.415,21.529,46.395,32.609
40.246,2.1064,-32.587,-31.619,40.394,-10.859,8.3405,39.777,59.604,20.316,44.298,29.534
37.625,0.74278,-31.588,-27.657,36.885,-11.296,13.572,41.72,60.595,18.998,42.241,26.512
34.266,-0.74221,-30.502,-22.943,32.9,-11.8,17.927,43.248,60.414,17.512,40.208,23.549
30.322,-2.3841,-29.392,-17.613,28.79,-12.383,21.335,44.428,59.235,15.794,38.171,20.638
26,-4.1978,-28.333,-11.901,24.903,-13.057,23.899,45.316,57.321,13.794,36.095,17.774
21.517,-6.1699,-27.391,-6.0913,21.532,-13.824,25.813,45.964,54.936,11.501,33.961,14.948
17.056,-8.2646,-26.615,-0.47696,18.871,-14.672,27.271,46.42,52.279,8.9452,31.763,12.16
12.741,-10.437,-26.02,4.6752,16.974,-15.576,28.422,46.724,49.477,6.1819,29.499,9.4141
8.6259,-12.646,-25.595,9.1455,15.742,-16.512,29.364,46.91,46.598,3.2784,27.187,6.7211
4.7157,-14.859,-25.315,12.796,14.952,-17.471,30.151,47,43.671,0.30114,24.843,4.093
1.0283,-17.052,-25.155,15.607,14.356,-18.457,30.812,47.011,40.69,-2.6864,22.507,1.5499
-2.3513,-19.2,-25.117,17.682,13.797,-19.481,31.355,46.952,37.635,-5.6207,20.236,-0.87763
-5.286,-21.272,-25.23,19.19,13.258,-20.551,31.788,46.834,34.48,-8.4381,18.127,-3.1213
-7.6558,-23.23,-25.53,20.293,12.829,-21.659,32.116,46.667,31.221,-11.08,16.297,-5.0905
-9.412,-25.033,-26.025,21.115,12.615,-22.786,32.348,46.461,27.892,-13.503,14.859,-6.6934
-10.571,-26.646,-26.683,21.736,12.667,-23.898,32.496,46.226,24.559,-15.689,13.899,-7.866
-11.201,-28.05,-27.446,22.204,12.965,-24.961,32.578,45.971,21.302,-17.644,13.437,-8.5874
-11.404,-29.241,-28.25,22.552,13.434,-25.942,32.614,45.705,18.188,-19.392,13.427,-8.8981
-11.287,-30.225,-29.034,22.803,13.988,-26.815,32.621,45.436,15.255,-20.963,13.781,-8.8743
-10.956,-31.008,-29.753,22.976,14.551,-27.561,32.613,45.17,12.518,-22.375,14.4,-8.5996
-10.503,-31.601,-30.375,23.082,15.078,-28.169,32.599,44.911,9.9841,-23.637,15.202,-8.1431
-9.9976,-32.019,-30.89,23.133,15.551,-28.639,32.581,44.658,7.6505,-24.747,16.135,-7.5486
-9.4977,-32.288,-31.306,23.139,15.97,-28.984,32.556,44.409,5.5128,-25.708,17.172,-6.8383
-9.0469,-32.449,-31.638,23.116,16.344,-29.226,32.523,44.162,3.5614,-26.534,18.289,-6.0227
-8.6722,-32.551,-31.91,23.081,16.681,-29.398,32.48,43.917,1.7845,-27.247,19.457,-5.1126
-8.3806,-32.635,-32.142,23.048,16.988,-29.529,32.428,43.677,0.1702,-27.876,20.639,-4.1243
-8.1605,-32.731,-32.353,23.029,17.272,-29.647,32.375,43.454,-1.2939,-28.443,21.8,-3.0809
-7.9844,-32.851,-32.554,23.026,17.535,-29.768,32.329,43.26,-2.6229,-28.966,22.918,-2.0071
-7.8132,-32.991,-32.754,23.034,17.782,-29.897,32.296,43.105,-3.8381,-29.452,23.998,-0.92483
-7.6018,-33.135,-32.956,23.042,18.017,-30.033,32.273,42.984,-4.9679,-29.907,25.065,0.1516
-7.3085,-33.264,-33.157,23.038,18.248,-30.165,32.249,42.87,-6.047,-30.337,26.16,1.2153
-6.9096,-33.354,-33.348,23.008,18.479,-30.279,32.204,42.711,-7.1119,-30.744,27.323,2.2634
-6.4156,-33.385,-33.512,22.945,18.703,-30.362,32.121,42.449,-8.1879,-31.106,28.568,3.2889
-5.8813,-33.339,-33.625,22.851,18.902,-30.395,31.993,42.051,-9.259,-31.338,29.882,4.2724
-5.4058,-33.196,-33.655,22.733,19.037,-30.357,31.84,41.563,-10.215,-31.252,31.218,5.1753
-5.1164,-32.932,-33.56,22.601,19.052,-30.211,31.729,41.177,-10.812,-30.509,32.515,5.9382
-5.1354,-32.526,-33.287,22.47,18.893,-29.904,31.784,41.262,-10.747,-28.578,33.721,6.4927
-5.5311,-31.965,-32.78,22.353,18.526,-29.38,32.141,42.247,-10.014,-24.675,34.843,6.7973
-6.2634,-31.256,-32.007,22.252,17.949,-28.616,32.851,44.397,-8.4519,-17.957,36.018,6.8999
-7.1514,-30.419,-30.991,22.15,17.2,-27.642,33.805,47.597,-7.7701,-10.962,37.592,7.0124
-7.8775,-29.46,-29.85,21.995,16.375,-26.537,34.617,46.617,-9.4326,-23.994,40.174,7.574
-8.0171,-28.339,-28.805,21.688,15.648,-25.382,34.353,42.719,-13.229,-41.593,44.635,9.2761
-7.0493,-26.949,-28.106,21.058,15.258,-24.229,32.749,38.13,-17.419,-42.463,51.912,13.046
-4.3465,-25.137,-27.91,19.796,15.42,-23.087,30.894,32.298,-20.401,-37.239,61.162,19.941
0.60827,-22.763,-28.197,17.313,16.137,-21.981,29.421,27.525,-17.678,-21.995,54.527,28.847
5.8998,-19.804,-28.546,13.039,15.305,-21.016,25.623,31.401,-0.8672,8.4507,34.341,19.699
-1.5982,-16.392,-26.204,10.529,5.7408,-20.38,32.878,52.324,40.297,56.433,29.36,3.2107
-15.199,-12.728,-12.894,14.248,-2.8081,-20.211,51.769,99.976,115.73,123.02,27.342,-2.9006
-20.72,-8.9777,-0.46061,16.047,-8.9787,-19.964,81.3,182.84,221.94,215.31,33.691,-6.2435
-22.173,-5.5306,4.9332,15.721,-11.849,-15.451,118.46,289.44,342.03,337.2,54.368,-2.4666
-17.883,-3.5383,3.0114,13.368,-8.9276,-2.8804,153.36,383.71,456.39,475.87,96.511,14.557
-5.5483,-3.8925,-7.1996,6.2277,2.4085,-4.3788,169.59,436.91,539.24,623.97,172.24,51.894
17.859,-1.5691,-25.367,-10.054,23.644,-10.09,152.28,419.47,567.95,777.77,294.42,116.76
55.367,14.35,-51.026,-37.613,55.914,-16.16,92.374,309.68,528.29,931.62,465.83,212.53
107.37,34.933,-84.388,-75.486,99.688,-22.346,-12.811,102.16,415.79,1074.1,677.44,334.62
169.7,58.337,-126.06,-119.55,152.29,-30.478,-158.92,-191.06,233.28,1182.6,911.38,472.42
235.94,78.301,-175.8,-163.69,209.57,-43.941,-333.91,-545.44,-13.481,1222.9,1137,611.29
298.89,87.37,-230.72,-200.48,268.07,-66.016,-522.22,-931.18,-319.61,1153.7,1314.5,733.6
349.8,78.743,-288.72,-221.99,322.74,-99.418,-706.81,-1319.4,-682.02,936.27,1404.1,821.73
380.13,46.963,-348.78,-221.06,368.21,-146.68,-871.83,-1685.8,-1095.9,548.81,1375.9,860.75
383.81,-11.497,-409.29,-192.82,400.41,-207.49,-1005.3,-2010.6,-1548.6,0.10625,1218.1,841.69
359.48,-96.556,-468.56,-136.81,417.63,-279.59,-1100.5,-2278.3,-2013.3,-662.27,942.34,764.45
311.63,-202.49,-524.71,-58.452,421.02,-360.43,-1157,-2475.9,-2449.2,-1357.9,583.81,638.9
249.77,-317.34,-575.12,31.158,414.21,-442.96,-1178.8,-2594.5,-2809.2,-1993.5,193.04,483.24
185.68,-425.22,-616.15,118.02,401.63,-517.4,-1173.4,-2631.8,-3053.5,-2489.3,-177.01,319.68
129.68,-511.07,-643.62,189.4,386.6,-574.02,-1149.3,-2594.2,-3162.4,-2799.1,-484.36,168.71
87.683,-565.01,-653.84,237.44,370.37,-606.03,-1113.7,-2494.6,-3139.7,-2917,-706.51,44.242
60.26,-584.09,-644.54,260.5,352.05,-610.85,-1070.5,-2348.9,-3007.1,-2868.3,-841.07,-48.367
43.512,-571.28,-614.8,262.17,329.18,-589.55,-1020.4,-2171.8,-2794.4,-2696,-899.92,-111.51
31.675,-532.88,-564.53,248.94,298.61,-545.26,-960.83,-1974.9,-2531.3,-2447.6,-900.84,-151.95
19.189,-476.26,-494.5,227.7,257.67,-482.04,-888.73,-1765.8,-2242.2,-2164.1,-861.59,-175.69
1.2143,-408.58,-407.52,204.17,205.47,-404.81,-801.83,-1550,-1945.5,-1874.4,-797.4,-186.41
-25.006,-336.63,-309.75,181.99,144.23,-319.97,-700.51,-1332.1,-1654.9,-1597.8,-719.78,-186.72
-56.266,-266.97,-210.89,162.44,79.878,-235.59,-588.53,-1116.9,-1380.6,-1344.8,-636.48,-178.03
-78.812,-205.62,-122.03,144.48,20.489,-160.27,-472.85,-910.83,-1130.5,-1120.2,-551.86,-144.84
-79.991,-156.76,-52.072,127.54,-26.526,-100.73,-362.16,-722.31,-909.99,-926,-468.63,-95.696
-69.568,-120.86,-5.0466,114.16,-55.326,-59.321,-264.6,-558.65,-722.57,-761.93,-397.84,-83.05
-60.409,-95.958,19.454,103.12,-66.351,-34.687,-185.25,-423.11,-569.37,-626.36,-345.28,-80.759
-53.953,-79.785,25.273,92.571,-64.155,-24.097,-124.94,-315.02,-448.58,-517.09,-303.5,-79.704
-49.058,-70.157,18.427,82.334,-53.925,-23.405,-81.453,-230.92,-355.34,-430.32,-267.26,-78.279
-45.372,-65.782,5.2239,73.212,-40.394,-28.219,-51.04,-165.45,-283.45,-361.93,-235.7,-76.383
-42.853,-64.832,-8.7367,65.664,-26.533,-34.651,-29.469,-114.95,-227.48,-308.4,-208.93,-74.211
-41.275,-64.722,-19.748,59.458,-11.535,-39.82,-13.27,-77.271,-183.52,-267.02,-186.53,-71.974
-40.282,-63.078,-25.965,54.064,-10.889,-42.011,-0.25104,-49.581,-148.8,-235.63,-166.9,-69.825
-39.555,-55.767,-22.079,49.019,-14.724,-35.368,10.557,-29.199,-121.51,-212.22,-147.7,-67.853
-38.856,-48.248,-18.292,44.289,-16.322,-30.648,18.751,-14.431,-100.53,-194.71,-131.09,-66.098
-38.022,-44.194,-15.964,40.153,-16.526,-28.095,18.523,-4.3129,-85.147,-181.04,-119.93,-64.573
-36.999,-41.81,-14.527,36.811,-16.15,-26.247,16.353,0.12384,-74.618,-169.19,-112.96,-63.272
-35.875,-40.077,-13.333,34.246,-15.528,-24.702,20.456,-1.3405,-68,-157.16,-108.27,-62.178
-34.824,-38.542,-11.952,32.31,-15.047,-23.147,25.244,5.0571,-64.113,-144.44,-104.79,-61.257
-34.01,-36.953,-10.161,30.832,-15.102,-21.366,28.339,14.433,-61.4,-132.45,-102.06,-60.468
-33.503,-35.173,-7.9108,29.676,-15.849,-19.23,30.219,20.994,-57.795,-122.18,-99.881,-59.771
-33.276,-33.165,-5.2563,28.751,-17.204,-16.694,31.433,24.972,-51.884,-113.66,-98.157,-59.132
-33.252,-30.972,-2.2943,27.998,-18.969,-13.8,32.268,27.489,-45.582,-106.61,-96.811,-58.531
-33.352,-28.674,0.87428,27.382,-20.924,-10.676,32.864,29.187,-40.855,-100.72,-95.764,-57.957
-33.516,-26.361,4.1562,26.875,-22.882,-7.4923,33.298,30.381,-37.527,-95.762,-94.938,-57.404
-33.701,-24.096,7.4665,26.449,-24.715,-4.4057,33.614,31.231,-35.035,-91.526,-94.268,-56.864
-33.871,-21.91,10.73,26.071,-26.351,-1.515,33.847,31.835,-33.026,-87.86,-93.703,-56.329
-33.996,-19.801,13.891,25.703,-27.769,1.1424,34.027,32.264,-31.284,-84.633,-93.214,-55.789
-34.055,-17.755,16.916,25.316,-28.982,3.5715,34.177,32.584,-29.654,-81.722,-92.786,-55.235
-34.042,-15.762,19.8,24.896,-30.027,5.792,34.312,32.854,-28.025,-79.013,-92.411,-54.663
-33.973,-13.835,22.548,24.449,-30.947,7.8183,34.439,33.119,-26.334,-76.405,-92.083,-54.082
-33.876,-12.006,25.163,23.998,-31.782,9.651,34.558,33.401,-24.576,-73.825,-91.802,-53.509
-33.786,-10.317,27.627,23.57,-32.56,11.28,34.668,33.7,-22.797,-71.234,-91.568,-52.973
-33.733,-8.8106,29.904,23.19,-33.291,12.697,34.763,33.996,-21.067,-68.631,-91.384,-52.499
-33.734,-7.5122,31.953,22.874,-33.971,13.897,34.841,34.263,-19.443,-66.043,-91.245,-52.107
-33.788,-6.4315,33.748,22.628,-34.592,14.888,34.902,34.48,-17.956,-63.519,-91.152,-51.795
-33.881,-5.5575,35.281,22.446,-35.141,15.688,34.946,34.639,-16.595,-61.106,-91.104,-51.552
-33.987,-4.8608,36.565,22.313,-35.607,16.32,34.974,34.741,-15.32,-58.835,-91.106,-51.362
-34.074,-4.301,37.621,22.208,-35.985,16.816,34.987,34.796,-14.083,-56.712,-91.164,-51.21
-34.122,-3.8384,38.475,22.113,-36.274,17.204,34.987,34.817,-12.84,-54.706,-91.274,-51.091
-34.119,-3.4432,39.151,22.017,-36.482,17.51,34.975,34.81,-11.576,-52.765,-91.417,-51.007
-34.069,-3.1005,39.67,21.918,-36.625,17.752,34.95,34.775,-10.3,-50.828,-91.557,-50.957
-33.992,-2.8097,40.045,21.823,-36.717,17.94,34.91,34.702,-9.0402,-48.841,-91.646,-50.937
-33.911,-2.5815,40.285,21.743,-36.772,18.072,34.848,34.572,-7.8303,-46.776,-91.635,-50.934
-33.846,-2.4315,40.392,21.687,-36.794,18.141,34.759,34.365,-6.6968,-44.635,-91.489,-50.932
-33.804,-2.3739,40.37,21.661,-36.782,18.136,34.631,34.063,-5.6551,-42.444,-91.199,-50.913
-33.778,-2.4127,40.219,21.667,-36.723,18.045,34.456,33.659,-4.7084,-40.245,-90.776,-50.859
-33.743,-2.5378,39.939,21.692,-36.597,17.865,34.229,33.154,-3.8495,-38.079,-90.251,-50.762
-33.665,-2.7266,39.528,21.719,-36.382,17.604,33.949,32.552,-3.065,-35.971,-89.659,-50.622
-33.511,-2.9498,38.986,21.73,-36.061,17.275,33.616,31.859,-2.339,-33.923,-89.023,-50.444
-33.259,-3.181,38.31,21.71,-35.627,16.901,33.232,31.072,-1.6564,-31.908,-88.346,-50.236
-32.905,-3.4023,37.502,21.651,-35.081,16.506,32.798,30.182,-1.006,-29.877,-87.604,-49.996
-32.455,-3.606,36.563,21.556,-34.433,16.104,32.307,29.169,-0.38212,-27.77,-86.748,-49.714
-31.926,-3.7917,35.495,21.429,-33.69,15.7,31.742,28.005,0.2122,-25.526,-85.719,-49.373
-31.325,-3.9624,34.294,21.279,-32.854,15.288,31.067,26.647,0.76443,-23.099,-84.464,-48.95
-30.653,-4.1181,32.952,21.109,-31.913,14.852,30.224,25.041,1.2545,-20.465,-82.953,-48.426
-29.899,-4.2537,31.461,20.916,-30.848,14.374,29.128,23.118,1.6606,-17.629,-81.18,-47.792
-29.036,-4.3575,29.813,20.689,-29.631,13.849,27.659,20.809,1.9653,-14.614,-79.157,-47.035
-28.031,-4.4149,28.009,20.41,-28.235,13.278,25.659,18.042,2.162,-11.443,-76.894,-46.134
-26.854,-4.4127,26.054,20.055,-26.641,12.679,22.937,14.759,2.2574,-8.1228,-74.375,-45.063
-25.485,-4.3415,23.965,19.603,-24.848,12.077,19.314,10.936,2.2689,-4.6362,-71.551,-43.784
-23.924,-4.1957,21.774,19.032,-22.878,11.503,14.712,6.5871,2.2151,-0.9418,-68.338,-42.251
-22.189,-3.9728,19.524,18.323,-20.762,10.983,9.2485,1.756,2.1046,3.0113,-64.641,-40.424
-20.303,-3.6725,17.255,17.457,-18.53,10.53,3.2131,-3.514,1.9297,7.268,-60.373,-38.273
-18.281,-3.2967,14.997,16.424,-16.195,10.138,-3.0641,-9.2022,1.668,11.845,-55.489,-35.782
-16.118,-2.8484,12.76,15.221,-13.754,9.7911,-9.3297,-15.315,1.2939,16.71,-50.005,-32.957
-13.797,-2.3292,10.55,13.846,-11.2,9.4683,-15.456,-21.866,0.79142,21.784,-44.009,-29.825
-11.295,-1.7369,8.377,12.29,-8.5451,9.1615,-21.43,-28.85,0.1635,26.945,-37.649,-26.431
-8.5982,-1.0661,6.2651,10.525,-5.8332,8.8788,-27.331,-36.218,-0.56598,32.062,-31.087,-22.828
-5.7147,-0.30979,4.2522,8.5056,-3.1387,8.6417,-33.288,-43.869,-1.3609,37.018,-24.469,-19.067
-2.6764,0.53597,2.3833,6.182,-0.54074,8.4779,-39.427,-51.671,-2.1868,41.731,-17.908,-15.189
0.46678,1.4721,0.69276,3.5264,1.9014,8.4091,-45.814,-59.493,-3.0234,46.162,-11.481,-11.223
3.6574,2.497,-0.80273,0.55417,4.1604,8.4452,-52.444,-67.237,-3.8695,50.299,-5.2411,-7.1857
6.8376,3.6065,-2.1055,-2.6684,6.2325,8.5823,-59.262,-74.845,-4.7401,54.143,0.77975,-3.0826
9.9505,4.7901,-3.2318,-6.0363,8.1222,8.8037,-66.192,-82.264,-5.6568,57.698,6.57,1.0948
12.942,6.0275,-4.2046,-9.4327,9.831,9.0852,-73.118,-89.408,-6.6352,60.961,12.127,5.3659
15.765,7.2896,-5.0436,-12.76,11.355,9.4038,-79.844,-96.138,-7.6752,63.927,17.456,9.7526
18.377,8.5546,-5.7547,-15.958,12.688,9.7497,-86.094,-102.29,-8.7579,66.595,22.564,14.269
20.742,9.8273,-6.3181,-19.005,13.824,10.133,-91.596,-107.75,-9.8516,68.969,27.45,18.911
22.833,11.151,-6.6852,-21.895,14.756,10.589,-96.204,-112.45,-10.923,71.059,32.121,23.654
24.631,12.604,-6.7829,-24.615,15.481,11.167,-99.95,-116.47,-11.945,72.884,36.581,28.461
26.138,14.279,-6.5396,-27.144,16.003,11.916,-102.99,-119.91,-12.903,74.469,40.847,33.294
27.382,16.275,-5.9095,-29.469,16.33,12.868,-105.5,-122.9,-13.787,75.852,44.936,38.125
28.409,18.685,-4.8811,-31.608,16.479,14.037,-107.64,-125.54,-14.59,77.08,48.871,42.943
29.278,21.591,-3.4671,-33.612,16.468,15.43,-109.52,-127.86,-15.312,78.2,52.669,47.74
30.042,25.037,-1.6911,-35.553,16.311,17.063,-111.17,-129.87,-15.954,79.258,56.346,52.499
30.744,29.015,0.42234,-37.499,16.015,18.978,-112.57,-131.52,-16.506,80.29,59.915,57.186
31.402,33.461,2.8525,-39.492,15.576,21.248,-113.68,-132.78,-16.935,81.323,63.384,61.747
32.014,38.293,5.5881,-41.534,14.985,23.971,-114.47,-133.6,-17.186,82.37,66.758,66.117
32.563,43.435,8.6309,-43.597,14.227,27.261,-114.89,-133.95,-17.198,83.437,70.03,70.231
33.028,48.835,11.992,-45.637,13.282,31.225,-114.86,-133.82,-16.927,84.519,73.187,74.037
33.389,54.461,15.677,-47.617,12.123,35.952,-114.27,-133.12,-16.362,85.608,76.217,77.504
33.637,60.276,19.674,-49.521,10.721,41.454,-112.87,-131.74,-15.515,86.698,79.111,80.624
33.775,66.208,23.941,-51.35,9.0498,47.603,-110.29,-129.43,-14.407,87.79,81.875,83.407
33.814,72.15,28.413,-53.115,7.095,54.115,-106.11,-125.85,-13.03,88.889,84.521,85.875
33.776,77.985,33.016,-54.833,4.8715,60.652,-100.17,-120.71,-11.317,90,87.058,88.056
33.689,83.635,37.683,-56.512,2.4359,66.974,-92.721,-113.93,-9.1173,91.121,89.483,89.973
33.581,89.066,42.355,-58.152,-0.11478,73,-84.149,-105.68,-6.2395,92.239,91.779,91.648
33.475,94.269,46.973,-59.73,-2.6634,78.766,-74.748,-96.265,-2.5632,93.328,93.916,93.102
33.383,99.226,51.471,-61.203,-5.0964,84.348,-64.672,-85.916,1.8572,94.35,95.862,94.352
33.303,103.88,55.764,-62.513,-7.3194,89.783,-54.093,-74.757,6.8098,95.258,97.585,95.41
33.227,108.14,59.733,-63.607,-9.2615,95.006,-43.347,-62.962,12.026,95.999,99.047,96.276
33.144,111.87,63.236,-64.449,-10.875,99.831,-32.939,-50.897,17.232,96.511,100.21,96.937
33.041,114.94,66.128,-65.023,-12.131,104,-23.362,-39.158,22.148,96.729,101.04,97.367
32.911,117.26,68.293,-65.329,-13.006,107.31,-14.918,-28.488,26.487,96.589,101.49,97.542
32.756,118.77,69.651,-65.375,-13.466,109.6,-7.7569,-19.63,29.973,96.031,101.56,97.44
32.59,119.38,70.163,-65.17,-13.462,110.76,-2.1287,-13.188,32.394,95.011,101.23,97.05
32.443,118.94,69.816,-64.724,-12.932,110.58,1.3922,-9.4466,33.641,93.502,100.51,96.373
32.349,117.26,68.591,-64.054,-11.828,108.78,2.0216,-8.2033,33.751,91.497,99.43,95.418
32.341,114.19,66.411,-63.177,-10.147,105.13,-0.58272,-8.7917,32.889,89.011,98.008,94.196
32.443,109.69,63.12,-62.116,-7.9495,99.66,-5.6863,-10.361,31.301,86.061,96.279,92.714
32.661,103.87,58.541,-60.891,-5.3301,92.659,-11.86,-12.207,29.253,82.669,94.272,90.973
32.989,96.954,52.626,-59.52,-2.3798,84.523,-17.977,-13.924,26.972,78.848,92.014,88.964
33.405,89.239,45.518,-58.014,0.83383,75.599,-23.603,-15.343,24.614,74.618,89.527,86.679
33.885,81.011,37.497,-56.389,4.2513,66.157,-28.742,-16.412,22.254,70.012,86.834,84.115
34.407,72.528,28.879,-54.665,7.7998,56.405,-33.523,-17.102,19.913,65.092,83.964,81.287
34.959,64.001,19.984,-52.881,11.389,46.525,-38.041,-17.371,17.604,59.948,80.953,78.233
35.536,55.599,11.168,-51.086,14.925,36.74,-42.296,-17.174,15.382,54.69,77.854,75.006
36.132,47.482,2.8259,-49.341,18.335,27.447,-46.141,-16.479,13.373,49.438,74.738,71.672
36.734,39.834,-4.7012,-47.7,21.594,19.286,-49.254,-15.258,11.768,44.323,71.676,68.293
37.329,32.881,-11.233,-46.207,24.718,12.858,-51.199,-13.454,10.789,39.481,68.74,64.919
37.91,26.835,-16.746,-44.884,27.719,8.2058,-51.612,-10.947,10.651,35.052,65.993,61.588
38.473,21.796,-21.292,-43.741,30.559,4.8005,-50.405,-7.6121,11.539,31.16,63.475,58.326
39.017,17.71,-24.95,-42.762,33.146,2.037,-47.751,-3.4351,13.556,27.888,61.198,55.15
39.533,14.418,-27.823,-41.91,35.376,-0.45379,-43.936,1.428,16.655,25.24,59.144,52.065
40.009,11.733,-30.043,-41.124,37.194,-2.8136,-39.234,6.7047,20.62,23.144,57.264,49.053
40.438,9.493,-31.732,-40.332,38.637,-5.0494,-33.88,12.101,25.156,21.468,55.491,46.082
40.82,7.5794,-32.986,-39.468,39.832,-7.1027,-28.069,17.369,30.01,20.048,53.746,43.121
41.157,5.9186,-33.866,-38.48,40.892,-8.8941,-21.955,22.317,34.986,18.743,51.969,40.15
41.42,4.4633,-34.414,-37.327,41.803,-10.364,-15.656,26.801,39.892,17.458,50.134,37.177
41.537,3.1687,-34.658,-35.955,42.386,-11.502,-9.2671,30.731,44.506,16.151,48.243,34.235
41.389,1.9774,-34.623,-34.269,42.398,-12.358,-2.8967,34.083,48.585,14.829,46.329,31.368
40.835,0.82237,-34.339,-32.138,41.664,-13.02,3.2984,36.886,51.906,13.52,44.431,28.606
39.761,-0.36023,-33.857,-29.434,40.141,-13.595,9.104,39.198,54.286,12.241,42.575,25.968
38.106,-1.619,-33.233,-26.078,37.909,-14.172,14.27,41.074,55.605,10.973,40.765,23.45
35.864,-2.9846,-32.528,-22.072,35.131,-14.806,18.581,42.559,55.814,9.6561,38.98,21.028
33.075,-4.4752,-31.796,-17.508,32.014,-15.517,21.946,43.693,54.964,8.1994,37.177,18.662
29.816,-6.1032,-31.085,-12.543,28.789,-16.3,24.441,44.519,53.208,6.5158,35.308,16.306
26.209,-7.8753,-30.442,-7.3843,25.711,-17.133,26.238,45.084,50.765,4.5508,33.326,13.917
22.41,-9.7865,-29.903,-2.2591,23.032,-17.992,27.527,45.44,47.87,2.3037,31.192,11.46
18.58,-11.816,-29.492,2.6097,20.945,-18.852,28.469,45.637,44.733,-0.17901,28.891,8.918
14.828,-13.931,-29.206,7.0323,19.509,-19.697,29.186,45.722,41.513,-2.821,26.434,6.3031
11.181,-16.097,-29.025,10.863,18.621,-20.528,29.755,45.728,38.309,-5.5437,23.853,3.6533
7.6039,-18.283,-28.922,14.012,18.067,-21.359,30.226,45.679,35.156,-8.2854,21.2,1.0299
4.0956,-20.463,-28.888,16.464,17.636,-22.22,30.621,45.584,32.034,-11.003,18.56,-1.4891
0.76556,-22.605,-28.944,18.296,17.221,-23.135,30.948,45.445,28.906,-13.663,16.034,-3.816
-2.194,-24.664,-29.124,19.646,16.833,-24.109,31.207,45.259,25.753,-16.227,13.737,-5.8626
-4.6067,-26.586,-29.454,20.651,16.545,-25.124,31.396,45.025,22.6,-18.653,11.78,-7.555
-6.3808,-28.317,-29.925,21.409,16.423,-26.137,31.516,44.744,19.519,-20.903,10.249,-8.8613
-7.5182,-29.824,-30.502,21.977,16.491,-27.103,31.572,44.423,16.6,-22.956,9.1811,-9.7838
-8.1024,-31.099,-31.124,22.39,16.724,-27.983,31.575,44.074,13.911,-24.812,8.5564,-10.364
-8.2643,-32.154,-31.727,22.681,17.059,-28.756,31.543,43.714,11.482,-26.484,8.3268,-10.663
-8.1594,-33.01,-32.259,22.882,17.428,-29.415,31.496,43.356,9.3001,-27.99,8.4292,-10.74
-7.9358,-33.687,-32.693,23.023,17.773,-29.967,31.449,43.01,7.3307,-29.337,8.8174,-10.624
-7.6993,-34.196,-33.028,23.123,18.06,-30.416,31.409,42.679,5.5387,-30.526,9.465,-10.335
-7.5036,-34.548,-33.28,23.193,18.281,-30.76,31.37,42.357,3.8996,-31.552,10.353,-9.8862
-7.3483,-34.749,-33.473,23.234,18.447,-31,31.328,42.033,2.4001,-32.412,11.451,-9.2944
-7.2018,-34.814,-33.63,23.241,18.577,-31.145,31.278,41.699,1.0352,-33.115,12.712,-8.5901
-7.0321,-34.763,-33.763,23.215,18.691,-31.21,31.226,41.357,-0.19396,-33.68,14.07,-7.8116
-6.8271,-34.628,-33.876,23.16,18.798,-31.211,31.183,41.016,-1.2825,-34.132,15.462,-6.9967
-6.5974,-34.445,-33.958,23.089,18.9,-31.162,31.162,40.698,-2.2285,-34.496,16.839,-6.1746
-6.3636,-34.247,-33.999,23.015,18.989,-31.073,31.171,40.423,-3.0422,-34.799,18.178,-5.3627
-6.1393,-34.061,-33.991,22.945,19.059,-30.956,31.209,40.2,-3.756,-35.069,19.482,-4.5674
-5.9184,-33.903,-33.937,22.883,19.106,-30.824,31.259,40.012,-4.4263,-35.334,20.771,-3.7873
-5.6704,-33.772,-33.849,22.823,19.135,-30.693,31.289,39.812,-5.1236,-35.623,22.071,-3.0173
-5.3516,-33.651,-33.742,22.751,19.155,-30.577,31.259,39.538,-5.908,-35.943,23.403,-2.2527
-4.9296,-33.502,-33.621,22.652,19.164,-30.474,31.141,39.134,-6.7966,-36.26,24.773,-1.4949
-4.4145,-33.267,-33.471,22.508,19.148,-30.358,30.938,38.592,-7.7269,-36.452,26.163,-0.75735
-3.8825,-32.88,-33.256,22.312,19.071,-30.18,30.698,38.01,-8.5199,-36.281,27.533,-0.072849
-3.4727,-32.281,-32.923,22.072,18.885,-29.86,30.537,37.659,-8.8716,-35.357,28.834,0.50422
-3.3464,-31.438,-32.401,21.807,18.545,-29.311,30.633,37.985,-8.4889,-33.101,30.033,0.91254
-3.616,-30.361,-31.61,21.546,18.016,-28.457,31.143,39.401,-7.4546,-28.705,31.169,1.1229
-4.2682,-29.104,-30.494,21.311,17.286,-27.283,32.068,42.126,-6.4482,-21.443,32.421,1.2018
-5.1122,-27.742,-29.089,21.091,16.39,-25.852,33.215,46.193,-6.6088,-15.33,34.18,1.3866
-5.7761,-26.332,-27.589,20.827,15.448,-24.302,34.049,44.953,-8.6647,-30.806,37.101,2.1477
-5.7412,-24.855,-26.335,20.384,14.698,-22.786,33.493,40.904,-12.421,-42.662,42.079,4.2087
-4.3775,-23.205,-25.675,19.518,14.441,-21.41,31.622,35.908,-16.254,-42.328,50.025,8.5145
-0.99489,-21.209,-25.785,17.777,14.895,-20.202,29.581,29.659,-18.518,-35.768,59.242,16.084
4.6286,-18.72,-26.538,14.369,15.871,-19.164,27.576,26.131,-14.348,-18.148,47.544,24.782
8.0996,-15.703,-27.144,9.3066,13.401,-18.349,25.123,33.314,4.5819,15.231,32.406,12.876
-5.8563,-12.246,-23.241,9.4079,3.1091,-17.897,35.964,59.164,49.2,65.869,27.881,1.0452
-17.099,-8.4557,-8.6953,14.213,-4.6057,-17.922,57.835,113.03,129.83,134.82,26.999,-4.5407
-21.448,-4.4446,1.4936,15.292,-10.012,-17.895,90.407,203.6,237.97,228.35,35.73,-6.9394
-21.355,-0.82287,5.3121,14.35,-11.643,-13.56,129.7,314.24,358.49,349.68,59.493,-1.2443
-14.888,0.66989,1.9616,11,-6.7837,-1.9054,163.37,405.25,471.5,487.94,105.82,18.721
0.31074,-0.79526,-9.4177,2.0766,6.9312,-4.0525,173.44,446.28,550.89,636.41,187.05,59.989
27.259,2.5331,-28.705,-16.514,30.854,-9.8537,146.32,407.47,573.84,790.5,315.17,129.35
68.533,19.335,-55.79,-46.314,66.086,-15.929,74.964,271.33,526.67,944.25,491.2,229.11
123.48,41.193,-90.858,-85.787,112.46,-22.343,-41.576,38.615,406.09,1085.7,705.31,353.67
187.14,64.702,-134.19,-130.39,166.28,-31.384,-197.19,-273.6,215.8,1191.7,939.41,492.2
253.17,83.031,-184.81,-173.67,223.85,-46.388,-378.38,-638.43,-38.388,1227,1161.9,629.77
314.07,88.994,-239.89,-208.04,281.66,-70.144,-568.91,-1026.4,-352.03,1149.5,1333,748.59
360.87,76.219,-298.23,-225.73,334.47,-105.52,-751.5,-1410.4,-721.98,921.5,1413.4,831.51
385.32,39.398,-358.81,-219.84,377.16,-155.34,-910.97,-1767.5,-1142.5,523.4,1374.4,864.31
382.35,-24.483,-419.72,-186.09,406.22,-218.87,-1036.7,-2079.9,-1598.7,-33.291,1205.9,838.83
352.01,-114.03,-478.95,-125.12,420.61,-293,-1123.8,-2333,-2061.8,-699.32,921.65,755.84
299.95,-222.06,-534.41,-43.633,421.93,-374.49,-1172.8,-2515,-2489.6,-1393.4,558.4,626.12
236.3,-335.98,-583.45,46.45,413.85,-455.99,-1188.6,-2617.7,-2835.3,-2022.5,167.68,468.66
172.92,-440.37,-622.47,131.13,400.61,-527.9,-1178.6,-2639.8,-3061.4,-2508.2,-197.83,306.02
119.59,-521.25,-647.44,198.48,385.21,-581.03,-1151.1,-2588.7,-3151.4,-2806.4,-497.85,158.32
81.078,-569.84,-654.9,241.94,368.59,-609.14,-1112.7,-2478.5,-3111.7,-2912.5,-712.22,38.349
56.579,-584.09,-642.77,261.11,349.67,-610.13,-1067.3,-2325.6,-2965.6,-2852.9,-840.32,-50.02
41.441,-567.39,-610.24,260.2,325.92,-585.38,-1015,-2144.1,-2743.4,-2671.8,-894.48,-110.42
30,-526.07,-557.29,245.53,294.18,-538.19,-953.83,-1944.4,-2474.7,-2417.2,-892.19,-149.66
16.991,-467.26,-484.78,223.62,251.86,-472.59,-880.7,-1733.9,-2183.4,-2129.2,-851,-172.89
-2.2515,-398.03,-395.8,199.88,198.32,-393.59,-793.24,-1517.8,-1887.3,-1836.2,-785.96,-183.29
-29.797,-325.3,-297.08,177.8,136.28,-307.97,-691.46,-1300.6,-1598.7,-1556.9,-708.31,-183.42
-60.818,-255.98,-198.77,158.42,72.126,-224.28,-579.11,-1087.2,-1327.1,-1302,-625.45,-174.22
-80.859,-196.23,-111.86,140.33,13.836,-150.97,-463.39,-883.88,-1080,-1075.6,-541.05,-134.71
-81.068,-149.82,-44.706,123.9,-31.18,-93.938,-353.19,-698.67,-863.72,-881.38,-456.54,-88.538
-71.309,-116.21,-0.68914,111.28,-57.498,-54.929,-256.75,-538.41,-682.11,-721.91,-384.63,-78.827
-61.918,-92.746,21.35,100.51,-66.493,-32.119,-178.93,-406.17,-535.34,-593.61,-331.99,-77.315
-54.564,-77.313,25.548,90.07,-62.996,-22.698,-120.12,-301.1,-420.21,-491.05,-290.74,-76.585
-48.891,-68.047,17.731,80.156,-52.16,-22.689,-77.897,-219.39,-331.12,-409.65,-255.71,-75.368
-44.874,-64.268,4.0977,71.584,-38.611,-28.007,-48.485,-155.58,-262.46,-345.68,-225.77,-73.619
-42.366,-63.762,-9.6722,64.544,-24.737,-34.595,-27.651,-106.91,-209.67,-295.96,-200.57,-71.536
-40.919,-63.783,-20.108,58.645,-11.688,-39.576,-11.964,-71.392,-168.81,-257.79,-179.41,-69.324
-40.047,-61.876,-22.874,53.302,-14.304,-41.083,0.68962,-45.684,-136.89,-228.84,-160,-67.132
-39.388,-53.93,-17.27,48.024,-18.028,-32.67,11.214,-26.838,-112.07,-207.06,-140.82,-65.057
-38.697,-46.114,-13.266,42.854,-19.402,-27.407,18.821,-13.137,-93.362,-190.52,-125.57,-63.163
-37.83,-41.663,-10.819,38.315,-19.572,-24.379,16.888,-3.7509,-80.041,-177.26,-115.83,-61.498
-36.777,-38.802,-9.2014,34.786,-19.305,-22.098,15.253,-0.64429,-71.2,-165.16,-109.62,-60.098
-35.669,-36.582,-7.7545,32.247,-18.932,-20.126,19.961,-1.8224,-65.728,-152.07,-105.25,-58.972
-34.688,-34.598,-6.072,30.47,-18.769,-18.139,24.747,5.7026,-62.367,-138.28,-101.94,-58.099
-33.968,-32.642,-3.9818,29.215,-19.087,-15.929,27.75,14.638,-59.297,-125.8,-99.349,-57.426
-33.534,-30.601,-1.4849,28.29,-19.958,-13.417,29.572,20.557,-53.981,-115.47,-97.348,-56.89
-33.329,-28.429,1.3281,27.559,-21.269,-10.631,30.759,24.2,-46.649,-107.11,-95.836,-56.434
-33.268,-26.136,4.3512,26.932,-22.829,-7.6635,31.592,26.586,-40.554,-100.32,-94.721,-56.013
-33.281,-23.772,7.501,26.362,-24.46,-4.6392,32.206,28.258,-36.302,-94.725,-93.907,-55.602
-33.333,-21.402,10.722,25.829,-26.042,-1.6772,32.672,29.49,-33.185,-90.006,-93.307,-55.192
-33.412,-19.096,13.974,25.332,-27.527,1.133,33.032,30.432,-30.727,-85.929,-92.851,-54.783
-33.52,-16.902,17.218,24.875,-28.909,3.7421,33.315,31.175,-28.677,-82.323,-92.491,-54.382
-33.652,-14.844,20.411,24.457,-30.201,6.1355,33.545,31.782,-26.885,-79.075,-92.201,-53.997
-33.798,-12.928,23.508,24.073,-31.407,8.3179,33.741,32.301,-25.247,-76.114,-91.967,-53.634
-33.936,-11.143,26.465,23.714,-32.518,10.298,33.916,32.767,-23.687,-73.393,-91.781,-53.296
-34.047,-9.4824,29.247,23.37,-33.518,12.081,34.077,33.204,-22.156,-70.867,-91.631,-52.985
-34.119,-7.944,31.833,23.04,-34.396,13.664,34.226,33.624,-20.632,-68.489,-91.508,-52.7
-34.158,-6.5362,34.212,22.727,-35.153,15.041,34.363,34.021,-19.126,-66.213,-91.406,-52.442
-34.178,-5.2736,36.373,22.439,-35.803,16.211,34.484,34.381,-17.664,-63.997,-91.327,-52.214
-34.206,-4.1706,38.302,22.189,-36.365,17.177,34.587,34.685,-16.275,-61.824,-91.277,-52.013
-34.264,-3.2367,39.983,21.985,-36.86,17.948,34.673,34.919,-14.973,-59.694,-91.264,-51.842
-34.366,-2.4761,41.401,21.831,-37.303,18.541,34.743,35.075,-13.763,-57.624,-91.293,-51.702
-34.514,-1.8908,42.55,21.729,-37.701,18.976,34.801,35.155,-12.634,-55.637,-91.36,-51.593
-34.692,-1.4822,43.428,21.672,-38.048,19.268,34.849,35.166,-11.575,-53.744,-91.456,-51.511
-34.872,-1.2491,44.045,21.655,-38.329,19.429,34.889,35.117,-10.573,-51.94,-91.56,-51.458
-35.025,-1.1846,44.41,21.673,-38.521,19.462,34.918,35.018,-9.617,-50.196,-91.649,-51.422
-35.128,-1.2745,44.539,21.718,-38.608,19.364,34.933,34.876,-8.7026,-48.477,-91.695,-51.392
-35.174,-1.4993,44.437,21.788,-38.579,19.133,34.93,34.694,-7.8306,-46.743,-91.68,-51.358
-35.167,-1.835,44.108,21.876,-38.438,18.769,34.904,34.468,-7.0068,-44.967,-91.592,-51.312
-35.12,-2.2555,43.547,21.974,-38.193,18.281,34.847,34.188,-6.2393,-43.136,-91.436,-51.253
-35.043,-2.7382,42.749,22.075,-37.858,17.686,34.754,33.842,-5.5345,-41.249,-91.219,-51.178
-34.939,-3.2688,41.715,22.171,-37.448,17.005,34.618,33.417,-4.895,-39.319,-90.958,-51.085
-34.8,-3.8443,40.456,22.256,-36.972,16.259,34.435,32.902,-4.3181,-37.36,-90.667,-50.97
-34.613,-4.4682,38.99,22.331,-36.425,15.468,34.201,32.29,-3.7979,-35.387,-90.347,-50.823
-34.358,-5.1422,37.336,22.396,-35.79,14.645,33.912,31.576,-3.3288,-33.415,-89.989,-50.634
-34.014,-5.8572,35.51,22.448,-35.035,13.79,33.562,30.758,-2.9084,-31.448,-89.572,-50.392
-33.563,-6.59,33.524,22.481,-34.128,12.899,33.141,29.829,-2.5383,-29.486,-89.07,-50.091
-32.99,-7.3059,31.384,22.484,-33.041,11.966,32.635,28.778,-2.2233,-27.519,-88.451,-49.733
-32.288,-7.9679,29.105,22.444,-31.768,10.997,32.026,27.584,-1.9693,-25.528,-87.687,-49.323
-31.461,-8.5442,26.704,22.349,-30.324,10.008,31.284,26.21,-1.7815,-23.485,-86.746,-48.871
-30.514,-9.0143,24.208,22.191,-28.744,9.0227,30.37,24.605,-1.6627,-21.355,-85.599,-48.384
-29.453,-9.3723,21.654,21.966,-27.07,8.0656,29.222,22.705,-1.6138,-19.101,-84.217,-47.849
-28.283,-9.6266,19.08,21.679,-25.334,7.1543,27.749,20.43,-1.6339,-16.69,-82.579,-47.24
-27.004,-9.7933,16.519,21.334,-23.541,6.2962,25.824,17.699,-1.7215,-14.095,-80.665,-46.519
-25.611,-9.8875,13.994,20.938,-21.663,5.4891,23.282,14.438,-1.8748,-11.295,-78.453,-45.638
-24.094,-9.9156,11.519,20.487,-19.656,4.7265,19.953,10.601,-2.0932,-8.2757,-75.916,-44.546
-22.439,-9.8717,9.1083,19.97,-17.486,4.0053,15.717,6.1772,-2.377,-5.0213,-73.003,-43.204
-20.635,-9.7373,6.7822,19.364,-15.148,3.3344,10.586,1.187,-2.7269,-1.5188,-69.65,-41.584
-18.669,-9.4858,4.569,18.642,-12.679,2.738,4.7351,-4.333,-3.1432,2.243,-65.774,-39.671
-16.532,-9.0909,2.4982,17.767,-10.141,2.249,-1.5268,-10.342,-3.6244,6.2608,-61.298,-37.458
-14.219,-8.5368,0.59513,16.707,-7.5932,1.897,-7.8675,-16.797,-4.1654,10.52,-56.163,-34.944
-11.73,-7.8237,-1.1238,15.429,-5.0813,1.6976,-14.05,-23.642,-4.7566,14.992,-50.36,-32.135
-9.0791,-6.9681,-2.6532,13.912,-2.6319,1.6477,-19.993,-30.813,-5.3848,19.636,-43.928,-29.039
-6.2881,-5.9957,-3.9964,12.143,-0.26283,1.7298,-25.751,-38.239,-6.0348,24.4,-36.972,-25.673
-3.3896,-4.9341,-5.1677,10.116,2.0054,1.9164,-31.449,-45.833,-6.6937,29.227,-29.648,-22.062
-0.4244,-3.807,-6.1863,7.8377,4.1421,2.1798,-37.208,-53.5,-7.3537,34.061,-22.133,-18.243
2.5568,-2.6322,-7.0693,5.3204,6.1091,2.5009,-43.107,-61.147,-8.0133,38.844,-14.61,-14.26
5.4963,-1.419,-7.8241,2.5904,7.873,2.877,-49.178,-68.71,-8.6774,43.52,-7.2281,-10.154
8.3383,-0.16737,-8.4428,-0.31629,9.4172,3.323,-55.429,-76.145,-9.3567,48.044,-0.098396,-5.9565
11.039,1.1357,-8.9026,-3.3592,10.746,3.8648,-61.841,-83.406,-10.065,52.375,6.7176,-1.6857
13.574,2.5111,-9.177,-6.4991,11.879,4.5265,-68.356,-90.405,-10.813,56.477,13.194,2.6543
15.935,3.9807,-9.249,-9.6984,12.839,5.3161,-74.842,-96.999,-11.608,60.323,19.333,7.0681
18.125,5.5581,-9.1257,-12.916,13.651,6.2225,-81.08,-103.03,-12.442,63.888,25.152,11.565
20.151,7.2421,-8.832,-16.105,14.336,7.2168,-86.815,-108.36,-13.297,67.156,30.681,16.155
22.011,9.0138,-8.4034,-19.21,14.907,8.2623,-91.846,-112.95,-14.14,70.125,35.95,20.846
23.693,10.84,-7.8718,-22.169,15.37,9.326,-96.102,-116.84,-14.94,72.8,40.99,25.637
25.179,12.686,-7.2533,-24.924,15.722,10.389,-99.633,-120.14,-15.672,75.193,45.828,30.513
26.452,14.534,-6.5388,-27.431,15.953,11.449,-102.56,-122.95,-16.326,77.322,50.478,35.445
27.506,16.402,-5.6921,-29.678,16.058,12.523,-105.01,-125.37,-16.908,79.211,54.95,40.39
28.356,18.351,-4.6594,-31.681,16.035,13.641,-107.07,-127.45,-17.433,80.889,59.247,45.303
29.034,20.481,-3.3891,-33.489,15.889,14.835,-108.82,-129.19,-17.91,82.394,63.37,50.145
29.587,22.914,-1.85,-35.17,15.63,16.139,-110.28,-130.61,-18.327,83.768,67.318,54.884
30.069,25.771,-0.038605,-36.796,15.277,17.588,-111.48,-131.71,-18.653,85.05,71.094,59.487
30.526,29.145,2.028,-38.434,14.847,19.228,-112.42,-132.47,-18.835,86.274,74.695,63.918
30.992,33.058,4.324,-40.127,14.359,21.13,-113.1,-132.89,-18.823,87.468,78.124,68.133
31.474,37.445,6.8235,-41.889,13.816,23.389,-113.53,-132.97,-18.577,88.646,81.381,72.087
31.961,42.174,9.5066,-43.705,13.207,26.106,-113.65,-132.65,-18.083,89.815,84.466,75.733
32.425,47.111,12.368,-45.543,12.509,29.358,-113.38,-131.84,-17.351,90.97,87.38,79.035
32.841,52.19,15.422,-47.37,11.685,33.191,-112.49,-130.37,-16.399,92.107,90.118,81.974
33.187,57.408,18.692,-49.162,10.695,37.648,-110.61,-127.97,-15.228,93.216,92.676,84.551
33.454,62.789,22.192,-50.911,9.4992,42.764,-107.31,-124.34,-13.8,94.297,95.051,86.789
33.645,68.316,25.899,-52.617,8.0697,48.487,-102.26,-119.22,-12.02,95.352,97.245,88.726
33.771,73.895,29.755,-54.282,6.4008,54.599,-95.481,-112.47,-9.7365,96.386,99.262,90.403
33.847,79.382,33.687,-55.903,4.5207,60.762,-87.315,-104.16,-6.7643,97.4,101.1,91.855
33.889,84.645,37.629,-57.468,2.494,66.695,-78.175,-94.545,-2.9541,98.388,102.77,93.104
33.91,89.629,41.541,-58.957,0.41132,72.302,-68.386,-83.899,1.7242,99.334,104.25,94.156
33.916,94.35,45.389,-60.342,-1.6314,77.653,-58.193,-72.464,7.1396,100.21,105.53,95.008
33.907,98.861,49.129,-61.595,-3.5496,82.897,-47.837,-60.449,13.048,100.96,106.6,95.649
33.884,103.2,52.685,-62.686,-5.2753,88.168,-37.614,-48.133,19.191,101.55,107.4,96.064
33.845,107.32,55.941,-63.585,-6.7533,93.482,-27.848,-35.947,25.35,101.9,107.91,96.235
33.787,111.08,58.744,-64.258,-7.9381,98.638,-18.805,-24.428,31.325,101.98,108.07,96.146
33.705,114.2,60.935,-64.677,-8.7912,103.17,-10.645,-14.1,36.861,101.71,107.87,95.778
33.594,116.34,62.386,-64.815,-9.2765,106.52,-3.452,-5.3845,41.609,101.06,107.26,95.114
33.454,117.24,63.008,-64.661,-9.3555,108.25,2.6333,1.4206,45.167,99.955,106.25,94.144
33.297,116.74,62.764,-64.22,-8.9875,108.14,7.2675,6.1642,47.216,98.367,104.85,92.865
33.144,114.79,61.646,-63.504,-8.1377,106.1,9.8641,8.9404,47.653,96.261,103.1,91.284
33.026,111.37,59.64,-62.534,-6.7948,102.1,9.8787,10.132,46.643,93.618,101.03,89.416
32.97,106.48,56.675,-61.337,-4.9865,96.196,7.3364,10.272,44.528,90.434,98.664,87.277
32.996,100.23,52.61,-59.938,-2.7763,88.657,2.9818,9.8259,41.687,86.711,96.036,84.878
33.111,92.847,47.307,-58.367,-0.23861,79.901,-2.2163,9.0848,38.429,82.452,93.159,82.23
33.311,84.694,40.758,-56.652,2.5625,70.38,-7.5779,8.1954,34.978,77.661,90.048,79.335
33.579,76.15,33.171,-54.822,5.5692,60.488,-12.797,7.2485,31.48,72.353,86.726,76.199
33.899,67.53,24.92,-52.905,8.7124,50.526,-17.791,6.3447,28.03,66.572,83.233,72.836
34.259,59.042,16.433,-50.935,11.906,40.715,-22.554,5.6091,24.685,60.413,79.625,69.281
34.653,50.802,8.1352,-48.952,15.057,31.263,-27.088,5.1622,21.488,54.02,75.972,65.592
35.08,42.88,0.41842,-47.001,18.089,22.505,-31.338,5.0801,18.493,47.572,72.348,61.839
35.536,35.379,-6.435,-45.126,20.959,15.015,-35.116,5.378,15.792,41.261,68.824,58.088
36.015,28.498,-12.342,-43.368,23.667,9.3251,-38.044,6.0368,13.519,35.269,65.45,54.389
36.51,22.508,-17.377,-41.764,26.24,5.2866,-39.622,7.053,11.836,29.764,62.27,50.78
37.013,17.602,-21.624,-40.352,28.69,2.1475,-39.485,8.472,10.914,24.886,59.325,47.3
37.517,13.773,-25.111,-39.159,30.99,-0.6755,-37.661,10.37,10.913,20.729,56.645,43.989
38.009,10.845,-27.871,-38.182,33.061,-3.332,-34.517,12.798,11.96,17.323,54.255,40.887
38.47,8.586,-29.983,-37.372,34.809,-5.7684,-30.483,15.718,14.077,14.625,52.153,38.016
38.881,6.7778,-31.557,-36.636,36.191,-7.9277,-25.861,19,17.143,12.54,50.306,35.367
39.23,5.2513,-32.698,-35.861,37.252,-9.7954,-20.821,22.46,20.922,10.937,48.65,32.907
39.511,3.8953,-33.486,-34.947,38.11,-11.37,-15.454,25.908,25.154,9.678,47.104,30.579
39.716,2.6565,-33.967,-33.821,38.845,-12.639,-9.8204,29.183,29.598,8.641,45.6,28.321
39.807,1.5207,-34.168,-32.435,39.405,-13.589,-3.9992,32.175,34.043,7.7411,44.097,26.089
39.703,0.48602,-34.094,-30.745,39.599,-14.227,1.86,34.832,38.286,6.9174,42.59,23.863
39.272,-0.46117,-33.754,-28.682,39.206,-14.598,7.5181,37.143,42.121,6.1402,41.1,21.632
38.363,-1.3582,-33.166,-26.167,38.095,-14.777,12.702,39.12,45.338,5.392,39.648,19.406
36.86,-2.2626,-32.38,-23.138,36.266,-14.864,17.199,40.783,47.72,4.653,38.243,17.205
34.709,-3.2401,-31.466,-19.585,33.834,-14.965,20.913,42.147,49.066,3.8899,36.875,15.049
31.927,-4.3506,-30.507,-15.55,30.974,-15.167,23.853,43.23,49.251,3.0516,35.519,12.958
28.59,-5.6386,-29.575,-11.121,27.887,-15.524,26.106,44.056,48.304,2.0757,34.144,10.942
24.823,-7.1271,-28.725,-6.4335,24.785,-16.055,27.794,44.652,46.437,0.90583,32.725,8.9911
20.78,-8.816,-27.997,-1.6717,21.897,-16.74,29.05,45.047,43.974,-0.48997,31.245,7.0883
16.638,-10.681,-27.411,2.9416,19.436,-17.538,29.995,45.272,41.216,-2.1075,29.692,5.2143
12.555,-12.681,-26.976,7.1855,17.548,-18.398,30.728,45.353,38.353,-3.9208,28.075,3.3584
8.6476,-14.765,-26.681,10.886,16.247,-19.276,31.317,45.309,35.459,-5.8948,26.404,1.5201
4.963,-16.883,-26.499,13.945,15.407,-20.151,31.807,45.158,32.533,-7.9973,24.69,-0.29145
1.5081,-18.996,-26.409,16.351,14.821,-21.026,32.217,44.914,29.551,-10.201,22.952,-2.0574
-1.6839,-21.075,-26.416,18.17,14.321,-21.925,32.552,44.588,26.498,-12.475,21.212,-3.746
-4.5132,-23.086,-26.558,19.519,13.859,-22.872,32.813,44.197,23.392,-14.776,19.516,-5.3088
-6.855,-24.989,-26.873,20.524,13.496,-23.868,32.996,43.757,20.292,-17.045,17.93,-6.6807
-8.6285,-26.738,-27.372,21.288,13.323,-24.891,33.105,43.289,17.285,-19.222,16.555,-7.8002
-9.8277,-28.287,-28.02,21.875,13.39,-25.896,33.144,42.812,14.46,-21.252,15.487,-8.605
-10.512,-29.607,-28.75,22.319,13.675,-26.833,33.124,42.342,11.872,-23.108,14.794,-9.0622
-10.787,-30.689,-29.483,22.637,14.107,-27.662,33.059,41.886,9.5353,-24.786,14.51,-9.176
-10.771,-31.539,-30.148,22.846,14.597,-28.357,32.963,41.444,7.433,-26.3,14.61,-8.9814
-10.575,-32.171,-30.697,22.964,15.068,-28.908,32.851,41.008,5.5333,-27.672,15.042,-8.517
-10.284,-32.599,-31.106,23.012,15.473,-29.314,32.736,40.575,3.8071,-28.909,15.748,-7.8239
-9.9499,-32.841,-31.375,23.005,15.79,-29.579,32.629,40.142,2.2351,-30.004,16.679,-6.9296
-9.6035,-32.917,-31.518,22.958,16.019,-29.713,32.536,39.718,0.80652,-30.944,17.796,-5.8538
-9.2659,-32.848,-31.555,22.884,16.166,-29.729,32.465,39.318,-0.4873,-31.717,19.061,-4.6226
-8.9602,-32.661,-31.502,22.795,16.237,-29.644,32.417,38.959,-1.6593,-32.331,20.428,-3.2762
-8.7122,-32.382,-31.366,22.7,16.236,-29.474,32.393,38.654,-2.73,-32.815,21.84,-1.8665
-8.5424,-32.032,-31.152,22.605,16.164,-29.232,32.386,38.411,-3.7266,-33.218,23.235,-0.44488
-8.4554,-31.627,-30.86,22.51,16.025,-28.926,32.388,38.225,-4.6792,-33.596,24.563,0.94982
-8.4344,-31.179,-30.494,22.412,15.827,-28.556,32.386,38.082,-5.6179,-34.001,25.793,2.2992
-8.4417,-30.697,-30.07,22.307,15.586,-28.129,32.364,37.949,-6.5715,-34.469,26.926,3.6063
-8.4271,-30.193,-29.616,22.191,15.326,-27.659,32.308,37.783,-7.5643,-35.01,27.992,4.891
-8.3429,-29.676,-29.161,22.059,15.071,-27.168,32.203,37.531,-8.6117,-35.601,29.043,6.1795
-8.1642,-29.139,-28.721,21.905,14.835,-26.668,32.048,37.145,-9.7087,-36.176,30.13,7.4899
-7.9071,-28.557,-28.277,21.724,14.609,-26.149,31.853,36.609,-10.805,-36.602,31.283,8.8157
-7.637,-27.882,-27.768,21.51,14.356,-25.564,31.652,35.997,-11.76,-36.655,32.494,10.115
-7.4602,-27.057,-27.103,21.267,14.016,-24.836,31.524,35.546,-12.302,-35.995,33.716,11.309
-7.4941,-26.043,-26.179,21.008,13.521,-23.874,31.597,35.698,-12.12,-34.125,34.877,12.303
-7.8207,-24.837,-24.906,20.752,12.807,-22.605,31.999,36.902,-11.23,-30.326,35.934,13.028
-8.436,-23.472,-23.249,20.514,11.838,-21.01,32.755,39.334,-9.3094,-23.796,36.954,13.512
-9.2114,-22.007,-21.274,20.285,10.628,-19.14,33.727,43.439,-8.2413,-16.598,38.205,13.952
-9.882,-20.479,-19.179,20.007,9.2957,-17.104,34.496,45.185,-9.8876,-26.482,40.239,14.781
-10.06,-18.865,-17.264,19.554,8.087,-15.012,34.143,41.21,-13.872,-41.777,43.914,16.702
-9.247,-17.061,-15.849,18.685,7.358,-12.924,32.538,35.579,-18.62,-42.879,50.276,20.703
-6.8207,-14.913,-15.203,16.943,7.4827,-10.839,30.817,28.128,-22.042,-38.388,59.379,27.919
-2.156,-12.28,-15.501,13.498,8.6509,-8.7583,29.363,22.687,-19.102,-24.752,58.245,36.198
3.7184,-9.0684,-16.761,8.2868,10.23,-6.7593,25.546,27.353,-1.1823,3.5881,35.527,20.476
-0.33909,-5.1946,-18.531,8.3803,6.5478,-5.0534,33.887,49.491,40.769,50.447,29.775,3.1392
-14.071,-0.52704,-17.641,13.791,-2.123,-3.9933,53.558,97.595,117.08,118.07,26.989,-3.0175
-20.195,5.0982,-5.3355,14.995,-8.4165,-4.051,83.847,178.91,224,213.03,31.723,-5.8538
-22.457,11.347,5.1124,14.017,-12.156,-5.6111,121.38,284.3,341.94,336.41,49.766,-0.68115
-19.286,15.269,8.7356,10.817,-12.203,-6.2185,155.67,378.36,452.08,473.43,87.556,17.428
-7.8839,12.157,6.097,2.8625,-6.1238,3.8469,170.14,429.89,529.31,619.3,157.34,53.986
15.295,8.1815,-3.5846,-13.853,8.8413,3.1478,150.19,409.47,551.06,771.49,273.71,116.3
53.146,22.067,-20.539,-41.777,34.732,-0.02223,87.124,295.66,503.16,924.01,441,209.64
105.42,44.136,-45.326,-80.048,72.85,-3.0782,-21.371,83.986,381.75,1064.4,649.92,331.35
167.54,69.649,-78.479,-124.61,121.82,-7.3934,-170.52,-212.26,190.5,1170.1,883.27,471.57
232.94,92.742,-119.42,-169.41,176.39,-16.411,-347.65,-567.8,-63.884,1207.3,1112.5,615.07
294.7,106.31,-168,-206.93,232.81,-33.642,-536.96,-952.95,-375.76,1135.8,1299.1,743.1
344.38,103.35,-223.38,-229.08,287.27,-60.995,-721.32,-1339.4,-741.78,917.27,1403,837.82
373.56,77.255,-284.5,-228.47,334.91,-100.64,-884.99,-1703.2,-1157.4,529.54,1391.7,884.64
376.36,22.956,-348.6,-200.14,370.97,-156.83,-1016.3,-2025,-1610.2,-18.384,1250.3,874.19
351.55,-60.287,-411.06,-143.71,391.95,-229.57,-1109,-2289,-2074,-678.9,987.32,805.18
303.47,-166.63,-469.84,-64.897,397.83,-311.83,-1163,-2482.6,-2508.1,-1372.2,635.71,686.31
241.52,-283.69,-524.06,24.968,392.75,-397.38,-1182.8,-2597.1,-2864.7,-2006,245.35,535.23
177.74,-395.13,-570.87,111.72,382.07,-476.57,-1176,-2631.1,-3104,-2500.7,-129.83,374.35
122.71,-485.39,-605.66,182.7,369.39,-539.23,-1151,-2591,-3206.1,-2809.9,-445.86,224.65
82.26,-544,-623.67,230.37,355.72,-577.59,-1114.6,-2489.9,-3175.5,-2927.4,-678.2,100.11
56.486,-567.41,-621.29,253.43,339.82,-587.98,-1070.9,-2343.8,-3034.7,-2879.1,-823.08,4.9205
40.895,-557.94,-596.51,255.49,318.67,-570.58,-1020.2,-2167.1,-2814.5,-2708.7,-891.43,-64.932
29.178,-521.46,-548.7,242.63,288.16,-528.18,-960.4,-1971.3,-2545.1,-2463.1,-900.13,-115.41
15.501,-465.3,-478.74,221.46,245.07,-465.08,-888.28,-1763.6,-2251.6,-2181.9,-866.28,-149.55
-4.5518,-397,-389.86,197.87,189.63,-386.78,-801.69,-1549.2,-1952.3,-1894.1,-805.47,-168.78
-32.216,-323.94,-289.09,175.78,126.18,-300.38,-700.81,-1332.3,-1660.6,-1619.1,-730.27,-175.42
-62.518,-252.82,-187.59,156.47,61.97,-214.6,-589.24,-1117.9,-1386.6,-1368.9,-649.2,-172.13
-83.104,-189.66,-98.426,138.06,4.8631,-138.82,-473.82,-912.34,-1137.5,-1148.3,-566.94,-149.3
-85.702,-140.04,-31.369,119.63,-38.258,-81.06,-363.26,-723.77,-917.52,-959,-485.72,-89.434
-77.033,-106.23,10.817,105.86,-62.976,-43.685,-265.7,-559.95,-729.42,-796.67,-414.19,-73.188
-66.981,-84.831,30.608,94.937,-70.793,-23.647,-186.21,-424.66,-575.17,-657.23,-360.11,-71.714
-58.419,-71.255,33.346,84.85,-66.27,-16.095,-125.69,-317.21,-453.45,-542.21,-317.57,-71.888
-51.62,-63.382,24.593,75.581,-54.589,-16.919,-82.012,-233.92,-359.48,-450.54,-280.88,-71.759
-46.755,-60.738,10.053,67.595,-40.404,-23.139,-51.624,-169.34,-287.07,-378.45,-248.71,-71.072
-43.678,-60.935,-4.7309,60.865,-26.771,-30.787,-30.293,-118.99,-230.76,-322.11,-221.11,-69.928
-41.876,-61.299,-16.085,54.911,-17.391,-36.777,-14.434,-80.839,-186.58,-278.57,-197.74,-68.485
-40.8,-56.524,-14.085,49.144,-21.966,-36.438,-1.7497,-52.85,-151.67,-245.6,-177.83,-66.882
-40.045,-45.399,-5.9945,43.539,-25.171,-24.394,8.8274,-32.613,-124.11,-221.08,-159.67,-65.222
-39.328,-38.973,-1.9321,38.648,-25.703,-18.951,16.884,-18.21,-102.73,-202.8,-142.8,-63.587
-38.466,-35.332,-0.11648,34.846,-25.457,-15.759,15.178,-8.3236,-86.796,-188.7,-129.74,-62.047
-37.405,-32.822,0.67417,32.081,-25.109,-13.735,12.052,-3.6948,-75.694,-177.09,-121.29,-60.667
-36.248,-30.849,1.2786,30.111,-24.645,-12.22,16.213,-8.4443,-68.674,-166.49,-116.04,-59.505
-35.177,-29.074,2.1842,28.692,-24.194,-10.712,21.616,-5.9273,-64.601,-155.98,-112.64,-58.595
-34.342,-27.268,3.6229,27.638,-24.071,-8.9219,25.305,2.9533,-61.866,-146.01,-110.33,-57.935
-33.796,-25.31,5.6405,26.819,-24.463,-6.7515,27.548,10.827,-58.492,-137.43,-108.71,-57.493
-33.509,-23.181,8.1681,26.149,-25.331,-4.2525,28.968,16.198,-53.079,-130.48,-107.57,-57.218
-33.409,-20.943,11.068,25.575,-26.503,-1.5771,29.935,19.791,-47.053,-124.89,-106.75,-57.053
-33.422,-18.704,14.162,25.069,-27.785,1.0839,30.645,22.318,-42.263,-120.28,-106.14,-56.943
-33.489,-16.569,17.269,24.619,-29.031,3.5687,31.198,24.192,-38.736,-116.3,-105.65,-56.837
-33.573,-14.61,20.243,24.221,-30.161,5.7861,31.651,25.641,-35.978,-112.68,-105.19,-56.687
-33.647,-12.856,23.003,23.869,-31.15,7.717,32.033,26.797,-33.644,-109.23,-104.71,-56.451
-33.697,-11.296,25.528,23.554,-32.003,9.3911,32.366,27.745,-31.534,-105.86,-104.2,-56.101
-33.716,-9.8972,27.834,23.265,-32.74,10.859,32.664,28.547,-29.532,-102.55,-103.64,-55.63
-33.696,-8.6192,29.947,22.984,-33.379,12.167,32.94,29.25,-27.573,-99.335,-103.07,-55.049
-33.632,-7.4297,31.879,22.7,-33.93,13.346,33.203,29.89,-25.632,-96.225,-102.51,-54.394
-33.528,-6.3141,33.632,22.409,-34.403,14.405,33.456,30.49,-23.721,-93.226,-101.99,-53.716
-33.397,-5.2798,35.193,22.117,-34.8,15.333,33.695,31.061,-21.878,-90.325,-101.52,-53.075
-33.261,-4.3525,36.541,21.842,-35.125,16.107,33.912,31.598,-20.14,-87.502,-101.12,-52.532
-33.147,-3.566,37.651,21.604,-35.377,16.703,34.098,32.083,-18.537,-84.74,-100.77,-52.132
-33.071,-2.9482,38.501,21.423,-35.557,17.108,34.243,32.496,-17.075,-82.033,-100.47,-51.896
-33.036,-2.5109,39.078,21.304,-35.667,17.325,34.343,32.817,-15.741,-79.389,-100.21,-51.816
-33.03,-2.2459,39.386,21.243,-35.706,17.373,34.402,33.037,-14.506,-76.819,-99.972,-51.873
-33.031,-2.1294,39.442,21.223,-35.677,17.284,34.428,33.156,-13.336,-74.328,-99.745,-52.034
-33.012,-2.13,39.276,21.223,-35.577,17.096,34.434,33.182,-12.197,-71.9,-99.521,-52.269
-32.943,-2.2181,38.918,21.222,-35.404,16.841,34.431,33.13,-11.073,-69.501,-99.286,-52.552
-32.805,-2.3737,38.389,21.21,-35.15,16.538,34.425,33.018,-9.9684,-67.087,-99.024,-52.858
-32.595,-2.5908,37.698,21.189,-34.804,16.189,34.41,32.862,-8.9022,-64.628,-98.714,-53.16
-32.324,-2.875,36.84,21.17,-34.361,15.774,34.376,32.667,-7.9006,-62.119,-98.342,-53.43
-32.011,-3.2342,35.808,21.167,-33.822,15.269,34.304,32.424,-6.9868,-59.581,-97.896,-53.64
-31.677,-3.669,34.597,21.191,-33.192,14.655,34.174,32.106,-6.1766,-57.058,-97.366,-53.767
-31.334,-4.1683,33.211,21.241,-32.481,13.927,33.968,31.679,-5.4757,-54.597,-96.749,-53.8
-30.982,-4.7139,31.661,21.306,-31.696,13.096,33.674,31.114,-4.8774,-52.234,-96.048,-53.742
-30.607,-5.2895,29.959,21.367,-30.836,12.178,33.286,30.393,-4.3632,-49.986,-95.273,-53.613
-30.184,-5.8872,28.107,21.411,-29.885,11.192,32.807,29.51,-3.9085,-47.84,-94.433,-53.441
-29.683,-6.5091,26.092,21.43,-28.816,10.152,32.244,28.468,-3.4898,-45.763,-93.526,-53.251
-29.08,-7.1608,23.896,21.424,-27.593,9.0639,31.602,27.27,-3.0912,-43.709,-92.541,-53.058
-28.355,-7.8419,21.503,21.394,-26.186,7.9235,30.876,25.912,-2.7092,-41.635,-91.451,-52.854
-27.501,-8.5375,18.918,21.341,-24.58,6.7276,30.046,24.379,-2.3551,-39.502,-90.211,-52.617
-26.518,-9.217,16.178,21.26,-22.784,5.4815,29.07,22.633,-2.0533,-37.281,-88.775,-52.308
-25.407,-9.8414,13.347,21.139,-20.822,4.203,27.88,20.618,-1.8343,-34.954,-87.094,-51.884
-24.176,-10.377,10.497,20.971,-18.724,2.9174,26.379,18.253,-1.725,-32.504,-85.13,-51.31
-22.832,-10.808,7.6893,20.745,-16.516,1.6495,24.434,15.458,-1.7393,-29.917,-82.856,-50.563
-21.38,-11.135,4.9649,20.458,-14.214,0.418,21.889,12.158,-1.8748,-27.18,-80.251,-49.621
-19.816,-11.375,2.346,20.109,-11.82,-0.76577,18.578,8.2976,-2.1153,-24.274,-77.29,-48.472
-18.134,-11.543,-0.15484,19.692,-9.3427,-1.8941,14.38,3.8583,-2.4398,-21.173,-73.937,-47.105
-16.323,-11.646,-2.5244,19.198,-6.7998,-2.9576,9.3172,-1.1296,-2.8306,-17.85,-70.146,-45.514
-14.375,-11.674,-4.7429,18.607,-4.2316,-3.9396,3.5973,-6.5941,-3.2809,-14.276,-65.871,-43.695
-12.284,-11.598,-6.7826,17.891,-1.6959,-4.8133,-2.4524,-12.451,-3.795,-10.417,-61.087,-41.651
-10.043,-11.379,-8.6175,17.015,0.75114,-5.5438,-8.5282,-18.64,-4.3841,-6.238,-55.782,-39.379
-7.6466,-10.981,-10.229,15.944,3.0654,-6.0986,-14.453,-25.145,-5.0582,-1.7016,-49.98,-36.872
-5.0956,-10.385,-11.614,14.653,5.2201,-6.4587,-20.188,-31.979,-5.8156,3.2186,-43.744,-34.119
-2.4026,-9.5993,-12.786,13.124,7.2022,-6.6251,-25.807,-39.161,-6.6408,8.5214,-37.181,-31.111
0.40216,-8.6569,-13.769,11.356,9.0056,-6.6154,-31.45,-46.672,-7.5058,14.161,-30.407,-27.843
3.2697,-7.6041,-14.593,9.3547,10.627,-6.4541,-37.273,-54.43,-8.3791,20.04,-23.546,-24.322
6.1352,-6.4854,-15.276,7.1332,12.063,-6.1611,-43.384,-62.271,-9.2386,26.025,-16.707,-20.566
8.9236,-5.3304,-15.822,4.7151,13.314,-5.745,-49.791,-70.008,-10.081,31.96,-9.9867,-16.608
11.562,-4.1509,-16.225,2.1321,14.383,-5.2061,-56.417,-77.5,-10.922,37.709,-3.4513,-12.497
13.996,-2.9445,-16.469,-0.57993,15.282,-4.5382,-63.149,-84.678,-11.788,43.175,2.8507,-8.2879
16.197,-1.7012,-16.545,-3.3892,16.027,-3.7384,-69.877,-91.522,-12.703,48.31,8.8915,-4.0256
18.168,-0.41114,-16.453,-6.268,16.637,-2.8121,-76.48,-97.999,-13.681,53.098,14.669,0.26334
19.929,0.93142,-16.207,-9.1873,17.132,-1.7752,-82.793,-104.04,-14.72,57.536,20.187,4.5708
21.511,2.3262,-15.826,-12.11,17.526,-0.6515,-88.608,-109.52,-15.803,61.617,25.461,8.902
22.937,3.7672,-15.333,-14.988,17.832,0.52994,-93.731,-114.35,-16.891,65.333,30.51,13.27
24.22,5.2415,-14.748,-17.762,18.058,1.737,-98.062,-118.49,-17.935,68.679,35.353,17.692
25.354,6.7283,-14.09,-20.364,18.207,2.9374,-101.63,-121.97,-18.891,71.657,40.014,22.187
26.329,8.1999,-13.371,-22.726,18.28,4.1039,-104.55,-124.89,-19.734,74.281,44.512,26.773
27.132,9.6298,-12.597,-24.798,18.279,5.2206,-106.96,-127.36,-20.466,76.575,48.868,31.467
27.765,11.006,-11.765,-26.567,18.202,6.289,-109,-129.5,-21.111,78.573,53.098,36.281
28.245,12.348,-10.856,-28.065,18.053,7.3306,-110.77,-131.36,-21.7,80.311,57.209,41.208
28.606,13.715,-9.8425,-29.365,17.835,8.3846,-112.3,-132.99,-22.263,81.83,61.201,46.218
28.889,15.207,-8.6809,-30.561,17.552,9.5008,-113.61,-134.38,-22.815,83.169,65.071,51.247
29.136,16.955,-7.321,-31.749,17.205,10.729,-114.67,-135.49,-23.344,84.369,68.809,56.203
29.378,19.1,-5.7067,-33.002,16.791,12.112,-115.49,-136.33,-23.804,85.474,72.413,60.978
29.633,21.779,-3.7819,-34.365,16.301,13.682,-116.06,-136.87,-24.125,86.527,75.881,65.47
29.901,25.091,-1.4987,-35.846,15.72,15.47,-116.4,-137.12,-24.225,87.571,79.213,69.599
30.173,29.067,1.1693,-37.428,15.028,17.525,-116.54,-137.08,-24.038,88.642,82.409,73.323
30.429,33.644,4.2157,-39.08,14.201,19.939,-116.45,-136.72,-23.53,89.765,85.466,76.636
30.653,38.683,7.5996,-40.77,13.213,22.853,-116.11,-135.99,-22.702,90.95,88.38,79.559
30.837,44.025,11.263,-42.478,12.039,26.417,-115.33,-134.77,-21.584,92.193,91.139,82.129
30.975,49.56,15.159,-44.196,10.657,30.715,-113.85,-132.88,-20.201,93.475,93.727,84.386
31.069,55.243,19.26,-45.927,9.0414,35.731,-111.26,-130.06,-18.544,94.77,96.124,86.361
31.124,61.071,23.562,-47.685,7.1747,41.381,-107.21,-126.08,-16.542,96.048,98.313,88.079
31.149,67.027,28.057,-49.482,5.0528,47.538,-101.58,-120.76,-14.069,97.281,100.28,89.552
31.154,73.044,32.723,-51.321,2.6981,54.013,-94.491,-114.05,-10.987,98.436,102.01,90.778
31.143,79.012,37.511,-53.185,0.16386,60.577,-86.125,-106.01,-7.22,99.484,103.49,91.745
31.115,84.811,42.355,-55.036,-2.4734,67.024,-76.701,-96.808,-2.8024,100.39,104.71,92.432
31.064,90.359,47.183,-56.82,-5.1289,73.241,-66.506,-86.636,2.1271,101.11,105.66,92.815
30.981,95.62,51.926,-58.481,-7.72,79.213,-55.942,-75.708,7.3699,101.62,106.31,92.878
30.859,100.59,56.519,-59.967,-10.169,84.987,-45.468,-64.279,12.703,101.84,106.66,92.613
30.692,105.25,60.88,-61.239,-12.405,90.605,-35.476,-52.693,17.883,101.75,106.69,92.025
30.482,109.55,64.888,-62.262,-14.355,96.041,-26.201,-41.432,22.633,101.28,106.41,91.128
30.235,113.36,68.379,-63.008,-15.946,101.13,-17.774,-31.121,26.636,100.42,105.83,89.939
29.968,116.44,71.161,-63.451,-17.092,105.52,-10.354,-22.448,29.576,99.11,104.94,88.472
29.707,118.49,73.052,-63.576,-17.702,108.7,-4.2541,-15.99,31.228,97.338,103.73,86.73
29.49,119.15,73.913,-63.374,-17.68,110.08,-0.018616,-11.99,31.562,95.074,102.2,84.712
29.354,118.17,73.649,-62.851,-16.955,109.21,1.6335,-10.178,30.778,92.305,100.35,82.421
29.33,115.43,72.161,-62.021,-15.506,105.96,0.29447,-9.8324,29.221,89.032,98.187,79.867
29.431,111,69.316,-60.905,-13.394,100.55,-3.4651,-10.157,27.224,85.274,95.729,77.077
29.649,105.09,64.995,-59.531,-10.749,93.451,-8.3791,-10.623,25.011,81.058,93.01,74.088
29.959,97.972,59.203,-57.926,-7.7182,85.156,-13.463,-11.017,22.681,76.414,90.067,70.941
30.328,89.953,52.107,-56.123,-4.4197,76.036,-18.339,-11.298,20.261,71.37,86.934,67.674
30.731,81.366,43.967,-54.161,-0.93109,66.359,-22.964,-11.446,17.771,65.963,83.649,64.315
31.159,72.522,35.071,-52.086,2.6894,56.352,-27.361,-11.384,15.262,60.26,80.261,60.892
31.62,63.679,25.716,-49.952,6.3809,46.238,-31.521,-10.984,12.833,54.384,76.83,57.444
32.127,55.027,16.248,-47.823,10.07,36.263,-35.377,-10.127,10.612,48.526,73.43,54.027
32.689,46.707,7.1022,-45.76,13.672,26.748,-38.806,-8.7651,8.7401,42.908,70.142,50.72
33.303,38.856,-1.2176,-43.821,17.103,18.172,-41.593,-6.9258,7.3461,37.757,67.034,47.612
33.954,31.654,-8.2879,-42.042,20.295,11.164,-43.425,-4.6379,6.5547,33.261,64.156,44.787
34.622,25.318,-13.967,-40.447,23.2,6.1406,-43.971,-1.8671,6.5128,29.534,61.538,42.306
35.285,20.029,-18.421,-39.042,25.778,2.787,-43.056,1.4569,7.4125,26.614,59.186,40.192
35.918,15.82,-21.935,-37.818,27.989,0.25813,-40.792,5.3475,9.4449,24.459,57.092,38.424
36.495,12.571,-24.721,-36.751,29.801,-2.0552,-37.476,9.7062,12.66,22.955,55.234,36.94
36.994,10.085,-26.88,-35.797,31.206,-4.2799,-33.404,14.344,16.873,21.957,53.567,35.65
37.397,8.1653,-28.458,-34.898,32.243,-6.2963,-28.783,19.046,21.767,21.305,52.04,34.447
37.693,6.656,-29.493,-33.994,32.982,-7.9569,-23.746,23.613,27.055,20.845,50.602,33.228
37.864,5.4411,-30.039,-33.023,33.485,-9.1766,-18.386,27.876,32.527,20.455,49.204,31.916
37.881,4.4351,-30.159,-31.926,33.746,-9.9498,-12.766,31.713,37.991,20.038,47.81,30.467
37.688,3.5727,-29.92,-30.643,33.691,-10.338,-6.9516,35.068,43.236,19.529,46.404,28.874
37.2,2.7996,-29.383,-29.099,33.217,-10.446,-1.0558,37.94,48.035,18.912,44.983,27.15
36.316,2.0666,-28.617,-27.206,32.253,-10.396,4.7234,40.365,52.182,18.197,43.555,25.326
34.94,1.3249,-27.702,-24.869,30.801,-10.315,10.13,42.39,55.501,17.412,42.128,23.43
33.014,0.52442,-26.735,-22.013,28.941,-10.316,14.932,44.06,57.845,16.581,40.704,21.488
30.529,-0.38898,-25.81,-18.612,26.801,-10.481,19.001,45.421,59.091,15.709,39.285,19.52
27.529,-1.4733,-24.997,-14.695,24.518,-10.861,22.316,46.522,59.181,14.767,37.861,17.545
24.102,-2.7827,-24.34,-10.349,22.226,-11.477,24.939,47.412,58.182,13.7,36.421,15.582
20.374,-4.353,-23.86,-5.7172,20.053,-12.325,26.974,48.133,56.325,12.443,34.953,13.642
16.495,-6.1905,-23.562,-0.99449,18.128,-13.387,28.538,48.712,53.942,10.96,33.433,11.73
12.614,-8.2707,-23.444,3.5943,16.556,-14.628,29.747,49.168,51.352,9.2381,31.856,9.8358
8.8498,-10.549,-23.493,7.8255,15.384,-16.004,30.692,49.515,48.767,7.295,30.214,7.9354
5.2716,-12.97,-23.693,11.51,14.575,-17.469,31.443,49.765,46.267,5.1586,28.496,5.9943
1.9128,-15.478,-24.025,14.532,14.026,-18.98,32.042,49.927,43.839,2.8583,26.696,3.9818
-1.1931,-18.014,-24.479,16.877,13.632,-20.502,32.52,50.012,41.416,0.42879,24.804,1.8903
-3.9837,-20.512,-25.057,18.631,13.343,-22.008,32.9,50.029,38.923,-2.0754,22.838,-0.24798
-6.3808,-22.903,-25.755,19.928,13.174,-23.473,33.2,49.99,36.314,-4.5688,20.862,-2.3656
-8.3242,-25.123,-26.562,20.899,13.17,-24.871,33.436,49.909,33.596,-6.9414,18.984,-4.3567
-9.7931,-27.118,-27.445,21.642,13.358,-26.182,33.624,49.802,30.836,-9.0817,17.328,-6.112
-10.806,-28.863,-28.362,22.224,13.731,-27.384,33.774,49.685,28.135,-10.906,16.015,-7.5489
-11.414,-30.351,-29.273,22.683,14.244,-28.463,33.897,49.57,25.578,-12.378,15.122,-8.6312
-11.691,-31.595,-30.134,23.042,14.837,-29.404,33.998,49.463,23.205,-13.511,14.648,-9.3699
-11.715,-32.61,-30.903,23.314,15.44,-30.198,34.075,49.36,21.003,-14.358,14.537,-9.7994
-11.565,-33.41,-31.541,23.507,15.991,-30.838,34.128,49.253,18.937,-14.989,14.706,-9.9645
-11.307,-34.001,-32.02,23.624,16.443,-31.32,34.157,49.131,16.976,-15.468,15.076,-9.8982
-10.998,-34.387,-32.327,23.67,16.769,-31.644,34.174,48.985,15.119,-15.847,15.587,-9.6205
-10.687,-34.576,-32.469,23.654,16.959,-31.818,34.196,48.815,13.39,-16.154,16.201,-9.1501
-10.418,-34.589,-32.463,23.594,17.019,-31.858,34.242,48.626,11.823,-16.396,16.887,-8.5185
-10.228,-34.458,-32.335,23.509,16.963,-31.786,34.32,48.435,10.443,-16.571,17.615,-7.7764
-10.149,-34.227,-32.107,23.421,16.808,-31.626,34.434,48.261,9.2587,-16.67,18.352,-6.9872
-10.192,-33.935,-31.802,23.345,16.573,-31.402,34.575,48.127,8.2521,-16.689,19.071,-6.2102
-10.35,-33.614,-31.437,23.289,16.275,-31.134,34.731,48.048,7.3882,-16.637,19.758,-5.4841
-10.589,-33.28,-31.028,23.254,15.935,-30.834,34.885,48.027,6.6231,-16.533,20.421,-4.82
-10.854,-32.939,-30.595,23.233,15.574,-30.511,35.02,48.046,5.9124,-16.414,21.085,-4.2053
-11.08,-32.585,-30.155,23.21,15.22,-30.168,35.123,48.068,5.2149,-16.315,21.788,-3.6158
-11.209,-32.209,-29.722,23.17,14.893,-29.807,35.189,48.041,4.4946,-16.251,22.562,-3.0321
-11.209,-31.797,-29.301,23.101,14.607,-29.428,35.219,47.916,3.7347,-16.185,23.419,-2.4538
-11.098,-31.335,-28.874,22.998,14.351,-29.031,35.221,47.676,2.9765,-15.977,24.329,-1.9094
-10.946,-30.805,-28.398,22.866,14.09,-28.601,35.216,47.381,2.3722,-15.337,25.224,-1.4568
-10.866,-30.185,-27.81,22.72,13.766,-28.097,35.251,47.207,2.2181,-13.771,26.004,-1.1749
-10.972,-29.453,-27.037,22.573,13.315,-27.463,35.409,47.46,2.9152,-10.535,26.574,-1.1417
-11.331,-28.603,-26.024,22.44,12.687,-26.645,35.786,48.479,4.5773,-4.6577,26.901,-1.3947
-11.91,-27.644,-24.769,22.321,11.866,-25.633,36.404,50.392,1.114,4.1227,27.082,-1.8715
-12.552,-26.587,-23.346,22.193,10.9,-24.455,37.076,51.389,-1.9831,8.5451,27.432,-2.3373
-12.983,-25.406,-21.904,21.99,9.9137,-23.153,37.037,48.053,-4.2611,-18.511,28.546,-2.3179
-12.837,-23.998,-20.599,21.595,9.1096,-21.715,35.443,43.694,-8.4376,-40.451,31.308,-1.0737
-11.669,-22.176,-19.52,20.795,8.7189,-20.043,33.149,38.313,-13.184,-40.477,36.759,2.3493
-8.9547,-19.727,-18.676,19.181,8.9332,-17.957,31.027,32.188,-15.818,-33.512,45.694,8.9977
-4.1922,-16.547,-18.069,15.993,9.8153,-15.269,29.02,30.17,-10.756,-15.626,53.874,18.602
1.8754,-12.823,-17.791,11.649,11.145,-11.924,28.181,39.29,9.4513,18.168,37.581,13.427
1.2528,-9.1387,-18.039,13.397,11.409,-8.1309,39.247,67.59,57.396,67.814,29.324,0.91794
-11.667,-5.8982,-19.007,16.211,4.737,-4.3601,61.133,126.48,149.37,131.29,25.369,-5.2422
-19.224,-2.276,-20.573,16.089,-4.978,-1.2209,94.656,223.47,263.8,216.4,26.478,-8.6714
-22.43,2.6174,-20.849,14.485,-10.976,0.63303,135.66,333.69,379.62,332.43,38.777,-5.0124
-20.65,9.4435,-10.435,10.602,-12.801,0.59409,169.6,418.66,479.95,470.03,69.286,10.417
-10.054,13.95,1.2671,1.7506,-8.0405,-1.5381,176.76,450.22,539.53,618.95,130.65,43.488
14.05,18.143,3.9182,-16.209,5.0036,5.1963,143.88,399.3,537.14,773.89,238.7,102.89
53.736,44.046,0.53909,-45.776,26.353,12.066,65.466,249.69,461.52,928.24,399.75,195.56
107.01,81.345,-9.2746,-85.595,56.116,23.378,-58.212,3.3675,311.97,1070.6,603.54,318.18
168.02,121.5,-25.368,-131.15,93.453,36.421,-220.13,-322.08,94.974,1180,831.95,460.23
229.56,156.45,-48.264,-176.41,133.44,44.128,-406.17,-698.71,-180.85,1223.6,1060.4,608.94
284.9,178.86,-78.323,-213.92,171.66,42.082,-599.55,-1094.9,-509.54,1159.8,1254.3,746.4
326.18,181.41,-115.14,-235.49,208.09,27.918,-782.67,-1481.4,-888.54,948.29,1375,853.25
345.94,155.72,-161.79,-233.46,242.22,-5.1667,-940.15,-1833.7,-1313.7,564.73,1386.8,912.23
339.89,95.632,-223.94,-202.8,270.97,-62.935,-1061.2,-2133,-1771,15.658,1268.7,911.78
308.77,2.2275,-292.51,-143.61,291.26,-143.49,-1140.9,-2365,-2230.2,-653.76,1024,849.82
258.75,-115.4,-364.56,-62.5,303.48,-239.47,-1180.7,-2519.5,-2646.1,-1363.1,683.95,735.67
199.98,-241.68,-435.7,28.194,310.39,-338.99,-1186.7,-2591.7,-2970.3,-2014.2,300.05,588.54
143.46,-357.98,-498.55,113.68,314.18,-429.03,-1167.7,-2584.6,-3166.1,-2519.3,-71.049,432.31
97.667,-447.7,-545.23,181.27,315.04,-497.42,-1132.6,-2508.8,-3220.1,-2827.1,-383.15,288.28
66.176,-500.97,-569.33,224.04,311.47,-536.11,-1088.2,-2379.8,-3143.2,-2932.7,-610.34,169.38
46.86,-516.23,-567.41,241.92,301.02,-542.58,-1037.2,-2212.8,-2962.6,-2865.9,-748.26,78.079
33.445,-498.58,-538.87,239.87,281.08,-519.08,-978.17,-2020.3,-2711.7,-2673.3,-808.77,7.5095
19.253,-456.18,-485.25,224.69,249.48,-470.48,-907.68,-1811.3,-2420.8,-2405.7,-811.73,-49.382
0.068699,-397.39,-409.81,202.88,205.13,-402.68,-823.17,-1592.5,-2114.5,-2107.7,-777.31,-93.164
-25.385,-329.83,-318.15,179.83,148.67,-322.35,-724.83,-1369.7,-1810.3,-1808.9,-721.85,-121.86
-54.103,-260.54,-218.62,158.99,83.965,-237.41,-615.61,-1149.8,-1520.5,-1525.1,-656.51,-137.08
-76.267,-195.81,-121.66,141.09,20.311,-156.52,-501.13,-940.68,-1253.8,-1263.8,-586.92,-142.69
-81.834,-141.3,-39.346,121.89,-30.805,-87.76,-389.28,-749.61,-1016.2,-1033.4,-513.05,-131.92
-74.948,-102.64,15.395,104.27,-62.152,-40.006,-288.3,-583.12,-812.01,-845.6,-428.58,-78.733
-66.417,-81.138,40.11,92.846,-74.596,-17.379,-204.15,-444.35,-642.97,-695.24,-349.57,-63.046
-59.305,-68.914,44.352,83.34,-72.859,-9.9221,-138.95,-332.76,-506.87,-572.35,-297.31,-63.572
-53.205,-61.812,36.238,74.502,-62.358,-10.596,-91.323,-245.38,-399.17,-472.21,-260.97,-65.101
-48.142,-59.196,21.492,66.617,-48.117,-16.57,-57.854,-177.38,-314.97,-392.14,-232.05,-66.183
-44.431,-59.43,5.1462,59.837,-33.77,-24.745,-34.277,-124.59,-249.54,-329.42,-207.65,-66.76
-42.023,-60.237,-8.9833,53.8,-20.706,-32.22,-16.886,-84.637,-198.64,-281.18,-186.88,-66.898
-40.528,-57.019,-17.882,48.093,-16.483,-36.733,-3.1781,-54.84,-159,-244.73,-168.58,-66.677
-39.519,-46.66,-12.902,42.937,-18.864,-29.845,8.1884,-32.565,-128.29,-217.63,-151.06,-66.182
-38.671,-40.737,-9.0894,38.739,-19.174,-24.828,17.608,-15.986,-104.94,-197.5,-135.24,-65.502
-37.746,-37.81,-8.3417,35.542,-18.312,-22.519,23.018,-4.0679,-87.67,-181.99,-123.48,-64.731
-36.603,-36.111,-8.8481,33.159,-17.304,-21.593,21.567,3.5055,-75.384,-168.68,-115.66,-63.953
-35.246,-35.024,-9.5888,31.38,-16.132,-21.37,23.884,5.831,-67.179,-154,-110.36,-63.236
-33.82,-34.194,-10.144,30.037,-14.656,-21.281,28.355,12.466,-62.111,-135.84,-106.47,-62.621
-32.53,-33.376,-10.217,29.006,-13.249,-20.946,31.218,23.508,-58.743,-118.17,-103.46,-62.12
-31.536,-32.41,-9.6507,28.194,-12.438,-20.186,32.898,30.591,-54.37,-104.02,-101.05,-61.723
-30.893,-31.21,-8.4478,27.533,-12.441,-18.949,33.975,34.428,-45.201,-93.363,-99.139,-61.406
-30.569,-29.761,-6.7047,26.978,-13.179,-17.258,34.725,36.696,-35.322,-85.475,-97.639,-61.146
-30.484,-28.106,-4.5555,26.497,-14.451,-15.181,35.275,38.167,-28.582,-79.642,-96.479,-60.925
-30.552,-26.316,-2.1366,26.074,-16.035,-12.833,35.683,39.176,-23.972,-75.278,-95.58,-60.727
-30.705,-24.473,0.43544,25.697,-17.74,-10.351,35.977,39.886,-20.647,-71.919,-94.858,-60.538
-30.892,-22.633,3.0758,25.355,-19.426,-7.8563,36.174,40.385,-18.195,-69.218,-94.234,-60.341
-31.084,-20.827,5.7308,25.035,-21.013,-5.4295,36.292,40.729,-16.338,-66.93,-93.648,-60.119
-31.257,-19.058,8.3699,24.723,-22.465,-3.109,36.35,40.952,-14.859,-64.893,-93.065,-59.858
-31.393,-17.321,10.975,24.405,-23.775,-0.90487,36.368,41.084,-13.596,-63.008,-92.478,-59.55
-31.477,-15.61,13.534,24.073,-24.949,1.1832,36.365,41.146,-12.437,-61.219,-91.897,-59.198
-31.505,-13.933,16.029,23.726,-26.001,3.152,36.354,41.162,-11.32,-59.495,-91.339,-58.814
-31.481,-12.317,18.436,23.372,-26.941,4.9875,36.344,41.15,-10.23,-57.824,-90.827,-58.416
-31.42,-10.795,20.719,23.022,-27.783,6.6662,36.334,41.12,-9.1842,-56.203,-90.374,-58.017
-31.348,-9.4049,22.837,22.694,-28.533,8.1619,36.319,41.071,-8.2146,-54.64,-89.99,-57.63
-31.283,-8.1762,24.75,22.402,-29.198,9.4545,36.287,40.984,-7.3482,-53.146,-89.668,-57.263
-31.244,-7.1277,26.429,22.16,-29.784,10.534,36.226,40.836,-6.597,-51.737,-89.395,-56.915
-31.237,-6.2657,27.858,21.974,-30.293,11.402,36.126,40.603,-5.9532,-50.426,-89.148,-56.583
-31.26,-5.5818,29.033,21.841,-30.724,12.071,35.981,40.268,-5.3903,-49.222,-88.907,-56.268
-31.291,-5.0543,29.957,21.749,-31.067,12.561,35.796,39.833,-4.8683,-48.12,-88.653,-55.962
-31.301,-4.6534,30.633,21.678,-31.309,12.896,35.58,39.311,-4.3454,-47.098,-88.376,-55.664
-31.257,-4.3521,31.06,21.612,-31.43,13.098,35.346,38.73,-3.7876,-46.119,-88.074,-55.369
-31.137,-4.1347,31.237,21.541,-31.417,13.183,35.104,38.118,-3.1753,-45.134,-87.739,-55.07
-30.942,-4.0004,31.157,21.467,-31.267,13.155,34.856,37.499,-2.5055,-44.092,-87.359,-54.762
-30.689,-3.9588,30.817,21.4,-30.986,13.012,34.6,36.881,-1.792,-42.951,-86.921,-54.437
-30.404,-4.026,30.213,21.353,-30.586,12.741,34.322,36.251,-1.0621,-41.688,-86.404,-54.09
-30.11,-4.2165,29.338,21.337,-30.075,12.327,34.006,35.577,-0.35183,-40.309,-85.793,-53.723
-29.815,-4.5379,28.185,21.357,-29.453,11.755,33.634,34.818,0.30294,-38.842,-85.082,-53.343
-29.507,-4.9861,26.744,21.407,-28.705,11.017,33.186,33.934,0.87593,-37.331,-84.282,-52.955
-29.157,-5.544,25.012,21.471,-27.807,10.116,32.648,32.903,1.3588,-35.821,-83.407,-52.565
-28.727,-6.1847,23,21.527,-26.731,9.0712,32.008,31.718,1.7644,-34.342,-82.465,-52.172
-28.185,-6.8776,20.736,21.558,-25.453,7.9145,31.255,30.39,2.1225,-32.893,-81.455,-51.764
-27.506,-7.5955,18.258,21.551,-23.96,6.6803,30.381,28.941,2.469,-31.448,-80.352,-51.319
-26.686,-8.32,15.612,21.506,-22.255,5.3954,29.369,27.386,2.8311,-29.959,-79.112,-50.814
-25.737,-9.0422,12.84,21.428,-20.353,4.0692,28.196,25.728,3.2154,-28.367,-77.678,-50.235
-24.677,-9.7619,9.9805,21.328,-18.273,2.6918,26.821,23.944,3.605,-26.623,-75.991,-49.571
-23.53,-10.483,7.0621,21.214,-16.036,1.2407,25.169,21.972,3.9673,-24.697,-74.012,-48.823
-22.307,-11.207,4.111,21.093,-13.655,-0.3069,23.122,19.725,4.2676,-22.585,-71.73,-47.999
-21.003,-11.931,1.1497,20.961,-11.137,-1.9591,20.516,17.09,4.4787,-20.308,-69.16,-47.111
-19.59,-12.643,-1.7999,20.807,-8.4857,-3.6995,17.164,13.96,4.5868,-17.896,-66.335,-46.149
-18.03,-13.325,-4.7138,20.614,-5.7201,-5.4869,12.911,10.258,4.5934,-15.374,-63.285,-45.098
-16.291,-13.955,-7.5619,20.361,-2.8814,-7.2663,7.7554,5.9705,4.5154,-12.742,-60.002,-43.92
-14.359,-14.516,-10.307,20.035,-0.033479,-8.9851,1.9288,1.1584,4.3796,-9.974,-56.449,-42.564
-12.243,-14.989,-12.909,19.627,2.7556,-10.603,-4.1723,-4.052,4.2073,-7.0244,-52.574,-40.977
-9.9591,-15.355,-15.33,19.128,5.4326,-12.093,-10.189,-9.53,4.0002,-3.8409,-48.336,-39.12
-7.5245,-15.593,-17.543,18.527,7.9658,-13.436,-15.953,-15.207,3.7348,-0.38379,-43.713,-36.972
-4.9477,-15.678,-19.537,17.809,10.338,-14.614,-21.473,-21.104,3.3743,3.3626,-38.735,-34.534
-2.2369,-15.59,-21.309,16.962,12.535,-15.61,-26.865,-27.298,2.8864,7.3866,-33.468,-31.823
0.58668,-15.315,-22.865,15.976,14.54,-16.403,-32.282,-33.882,2.2605,11.653,-27.999,-28.86
3.48,-14.856,-24.208,14.844,16.339,-16.983,-37.884,-40.879,1.5142,16.112,-22.408,-25.668
6.3778,-14.226,-25.341,13.564,17.926,-17.343,-43.783,-48.211,0.68826,20.707,-16.766,-22.265
9.2027,-13.454,-26.266,12.131,19.305,-17.49,-49.991,-55.699,-0.1703,25.373,-11.134,-18.672
11.883,-12.569,-26.986,10.537,20.491,-17.436,-56.408,-63.119,-1.0275,30.044,-5.5518,-14.918
14.367,-11.596,-27.499,8.7659,21.498,-17.191,-62.876,-70.306,-1.8749,34.651,-0.063668,-11.044
16.633,-10.544,-27.806,6.7961,22.34,-16.758,-69.267,-77.207,-2.7302,39.128,5.2939,-7.0936
18.683,-9.4112,-27.909,4.612,23.027,-16.126,-75.506,-83.863,-3.626,43.419,10.49,-3.1037
20.535,-8.1847,-27.814,2.2133,23.567,-15.279,-81.536,-90.313,-4.5915,47.479,15.502,0.90684
22.213,-6.8516,-27.535,-0.37732,23.965,-14.212,-87.25,-96.523,-5.6355,51.274,20.323,4.9369
23.732,-5.4066,-27.088,-3.1167,24.225,-12.934,-92.471,-102.35,-6.7381,54.779,24.953,8.9987
25.097,-3.8574,-26.49,-5.9506,24.35,-11.469,-97.012,-107.58,-7.8542,57.976,29.406,13.11
26.301,-2.2246,-25.753,-8.8229,24.343,-9.848,-100.77,-112.08,-8.9302,60.861,33.691,17.288
27.328,-0.53128,-24.874,-11.68,24.207,-8.0947,-103.77,-115.84,-9.9232,63.437,37.817,21.539
28.17,1.212,-23.839,-14.471,23.954,-6.2244,-106.14,-118.95,-10.818,65.718,41.786,25.858
28.836,3.0196,-22.626,-17.157,23.6,-4.2432,-108.04,-121.6,-11.629,67.733,45.605,30.227
29.349,4.9361,-21.209,-19.722,23.165,-2.1522,-109.64,-123.95,-12.389,69.521,49.284,34.622
29.743,7.0354,-19.565,-22.172,22.667,0.046353,-111.04,-126.1,-13.132,71.137,52.842,39.021
30.056,9.4152,-17.669,-24.534,22.114,2.3443,-112.28,-128.08,-13.873,72.639,56.311,43.411
30.317,12.183,-15.498,-26.835,21.506,4.7293,-113.37,-129.86,-14.592,74.085,59.723,47.788
30.548,15.441,-13.028,-29.103,20.836,7.1941,-114.28,-131.37,-15.231,75.516,63.108,52.154
30.766,19.269,-10.23,-31.357,20.091,9.7507,-115,-132.53,-15.704,76.958,66.48,56.504
30.978,23.715,-7.0729,-33.608,19.248,12.445,-115.5,-133.32,-15.926,78.416,69.837,60.814
31.18,28.788,-3.5244,-35.859,18.277,15.379,-115.79,-133.75,-15.849,79.875,73.156,65.03
31.362,34.458,0.43533,-38.104,17.137,18.734,-115.88,-133.83,-15.476,81.317,76.401,69.075
31.504,40.653,4.8099,-40.337,15.774,22.786,-115.72,-133.58,-14.852,82.722,79.533,72.869
31.588,47.266,9.5895,-42.554,14.129,27.816,-115.22,-132.97,-14.036,84.08,82.52,76.35
31.598,54.156,14.761,-44.758,12.138,33.909,-114.11,-131.84,-13.058,85.39,85.343,79.488
31.525,61.155,20.312,-46.953,9.7452,40.84,-111.97,-129.96,-11.896,86.658,87.995,82.284
31.365,68.104,26.216,-49.146,6.9245,48.23,-108.35,-127.01,-10.457,87.886,90.473,84.758
31.124,74.883,32.398,-51.33,3.7002,55.736,-103.09,-122.76,-8.5977,89.07,92.775,86.935
30.811,81.423,38.733,-53.493,0.16063,63.097,-96.338,-117.18,-6.1893,90.196,94.894,88.843
30.438,87.689,45.077,-55.61,-3.56,70.154,-88.348,-110.38,-3.1914,91.235,96.815,90.498
30.016,93.652,51.323,-57.644,-7.322,76.85,-79.3,-102.51,0.30735,92.146,98.518,91.906
29.548,99.27,57.428,-59.545,-11.011,83.196,-69.339,-93.716,4.1105,92.874,99.977,93.061
29.035,104.48,63.378,-61.257,-14.541,89.208,-58.708,-84.139,7.961,93.35,101.16,93.949
28.472,109.2,69.15,-62.724,-17.836,94.877,-47.827,-73.981,11.578,93.498,102.04,94.55
27.855,113.36,74.673,-63.905,-20.823,100.15,-37.218,-63.624,14.679,93.232,102.58,94.85
27.185,116.91,79.812,-64.777,-23.425,104.94,-27.336,-53.724,17.01,92.472,102.75,94.836
26.477,119.83,84.383,-65.333,-25.564,109.15,-18.487,-45.212,18.388,91.142,102.54,94.502
25.768,122.07,88.16,-65.572,-27.157,112.61,-10.948,-39.078,18.762,89.192,101.92,93.847
25.117,123.56,90.887,-65.501,-28.12,115.12,-5.1941,-35.941,18.237,86.596,100.89,92.879
24.602,124.13,92.286,-65.128,-28.36,116.36,-2.0517,-35.617,17.042,83.359,99.451,91.607
24.296,123.55,92.1,-64.471,-27.794,115.97,-2.3862,-37.133,15.438,79.512,97.633,90.041
24.246,121.68,90.18,-63.558,-26.385,113.73,-6.1547,-39.315,13.631,75.102,95.462,88.191
24.458,118.48,86.558,-62.424,-24.199,109.71,-11.934,-41.376,11.735,70.181,92.971,86.069
24.896,114.07,81.45,-61.102,-21.404,104.22,-18.041,-43.043,9.7797,64.798,90.192,83.679
25.492,108.59,75.159,-59.624,-18.202,97.632,-23.663,-44.347,7.7443,59.001,87.153,81.025
26.18,102.24,67.961,-58.013,-14.744,90.209,-28.737,-45.39,5.6056,52.853,83.88,78.111
26.913,95.175,60.055,-56.297,-11.102,82.105,-33.431,-46.207,3.3834,46.452,80.416,74.954
27.679,87.564,51.575,-54.512,-7.2919,73.398,-37.865,-46.707,1.1594,39.95,76.819,71.6
28.499,79.56,42.644,-52.714,-3.3142,64.166,-42.052,-46.699,-0.94164,33.539,73.172,68.129
29.403,71.319,33.42,-50.97,0.80715,54.525,-45.9,-45.969,-2.7985,27.424,69.565,64.643
30.405,63.031,24.152,-49.355,4.9927,44.675,-49.216,-44.353,-4.3309,21.787,66.083,61.239
31.487,54.949,15.223,-47.929,9.1074,34.981,-51.711,-41.757,-5.5047,16.767,62.794,57.995
32.609,47.403,7.1086,-46.73,13.001,26.104,-53.05,-38.085,-6.2999,12.454,59.748,54.963
33.721,40.748,0.21054,-45.768,16.556,18.984,-52.988,-33.225,-6.6641,8.8977,56.982,52.18
34.782,35.266,-5.3319,-45.031,19.697,14.331,-51.499,-27.155,-6.4738,6.104,54.508,49.664
35.761,31.051,-9.6741,-44.489,22.375,11.883,-48.756,-20.058,-5.546,4.0326,52.317,47.415
36.635,27.944,-13.119,-44.095,24.554,10.58,-44.997,-12.325,-3.7288,2.5882,50.374,45.409
37.388,25.611,-15.914,-43.79,26.225,9.5432,-40.455,-4.4607,-1.0236,1.627,48.615,43.574
38.015,23.709,-18.147,-43.513,27.434,8.4903,-35.351,3.0939,2.3819,0.96916,46.959,41.815
38.521,22.019,-19.8,-43.206,28.278,7.4717,-29.9,10.046,6.1961,0.42808,45.326,40.032
38.911,20.473,-20.865,-42.824,28.862,6.5998,-24.29,16.212,10.12,-0.15281,43.648,38.15
39.17,19.069,-21.39,-42.331,29.23,5.9381,-18.648,21.48,13.898,-0.86852,41.894,36.129
39.252,17.809,-21.459,-41.691,29.354,5.4816,-13.022,25.828,17.339,-1.7422,40.065,33.977
39.077,16.657,-21.182,-40.849,29.166,5.17,-7.4151,29.335,20.318,-2.7321,38.188,31.726
38.554,15.539,-20.683,-39.724,28.614,4.9082,-1.8468,32.141,22.74,-3.7607,36.316,29.425
37.606,14.379,-20.093,-38.216,27.699,4.5969,3.5786,34.392,24.513,-4.754,34.5,27.127
36.19,13.123,-19.527,-36.233,26.467,4.1576,8.67,36.198,25.55,-5.6769,32.773,24.877
34.299,11.751,-19.051,-33.696,24.979,3.5479,13.214,37.63,25.803,-6.5557,31.132,22.7
31.95,10.272,-18.681,-30.554,23.3,2.763,17.049,38.735,25.304,-7.4746,29.537,20.588
29.188,8.6972,-18.393,-26.804,21.5,1.8343,20.122,39.549,24.187,-8.5446,27.923,18.503
26.094,7.0364,-18.145,-22.499,19.68,0.81365,22.491,40.11,22.636,-9.859,26.22,16.387
22.785,5.2981,-17.901,-17.763,17.967,-0.24375,24.284,40.46,20.818,-11.459,24.374,14.189
19.395,3.5006,-17.638,-12.759,16.476,-1.2934,25.649,40.645,18.83,-13.322,22.364,11.878
16.029,1.6708,-17.346,-7.6677,15.261,-2.3115,26.716,40.708,16.715,-15.385,20.201,9.4525
12.724,-0.16233,-17.033,-2.6651,14.287,-3.2996,27.577,40.684,14.49,-17.569,17.912,6.9327
9.4684,-1.9784,-16.732,2.0434,13.46,-4.2822,28.29,40.596,12.189,-19.801,15.555,4.3643
6.2737,-3.7555,-16.497,6.2141,12.696,-5.2947,28.884,40.456,9.8781,-22.019,13.212,1.8169
3.2347,-5.4676,-16.389,9.64,11.973,-6.3632,29.373,40.268,7.6548,-24.171,10.989,-0.62625
0.50658,-7.0867,-16.446,12.261,11.33,-7.485,29.768,40.037,5.6182,-26.201,9.0192,-2.8516
-1.774,-8.5768,-16.66,14.173,10.826,-8.6207,30.078,39.773,3.8365,-28.051,7.4343,-4.7456
-3.5437,-9.8985,-16.984,15.527,10.494,-9.7051,30.317,39.486,2.3325,-29.668,6.3424,-6.2215
-4.816,-11.023,-17.354,16.465,10.326,-10.67,30.498,39.192,1.0877,-31.009,5.8026,-7.24
-5.6628,-11.935,-17.708,17.09,10.279,-11.465,30.637,38.902,0.05377,-32.06,5.8009,-7.8046
-6.1807,-12.639,-18,17.484,10.294,-12.068,30.746,38.621,-0.83426,-32.831,6.2811,-7.9668
-6.4755,-13.154,-18.201,17.714,10.311,-12.48,30.828,38.347,-1.6449,-33.348,7.169,-7.7904
-6.6427,-13.493,-18.288,17.835,10.281,-12.704,30.884,38.071,-2.4351,-33.649,8.3782,-7.3315
-6.7634,-13.67,-18.247,17.889,10.173,-12.746,30.913,37.784,-3.2374,-33.768,9.832,-6.6334
-6.8932,-13.691,-18.065,17.904,9.97,-12.604,30.921,37.48,-4.0559,-33.743,11.463,-5.7336
-7.0616,-13.562,-17.734,17.894,9.6694,-12.287,30.924,37.166,-4.8732,-33.611,13.208,-4.6734
-7.2788,-13.301,-17.261,17.862,9.2784,-11.806,30.943,36.861,-5.6641,-33.409,15.007,-3.502
-7.5443,-12.939,-16.659,17.809,8.8084,-11.19,30.993,36.594,-6.4085,-33.169,16.803,-2.273
-7.8554,-12.515,-15.948,17.74,8.2687,-10.473,31.083,36.4,-7.0984,-32.914,18.548,-1.0345
-8.2112,-12.065,-15.15,17.659,7.6635,-9.6863,31.209,36.301,-7.7381,-32.657,20.208,0.1797
-8.6101,-11.617,-14.286,17.579,6.9938,-8.8564,31.361,36.3,-8.3432,-32.4,21.772,1.3563
-9.0418,-11.189,-13.388,17.508,6.2664,-8.0114,31.518,36.366,-8.9398,-32.147,23.251,2.5017
-9.4801,-10.794,-12.501,17.452,5.504,-7.186,31.66,36.441,-9.5591,-31.907,24.679,3.6363
-9.8822,-10.435,-11.683,17.408,4.7487,-6.4191,31.763,36.451,-10.227,-31.693,26.104,4.7831
-10.202,-10.103,-10.979,17.364,4.0475,-5.7366,31.811,36.323,-10.953,-31.498,27.564,5.9531
-10.414,-9.7784,-10.386,17.301,3.4255,-5.1299,31.806,36.009,-11.719,-31.273,29.07,7.1293
-10.541,-9.4267,-9.8284,17.203,2.8587,-4.5418,31.767,35.529,-12.454,-30.881,30.586,8.2544
-10.662,-9.011,-9.1677,17.066,2.2676,-3.8738,31.753,35.043,-12.983,-30.068,32.021,9.2285
-10.901,-8.5029,-8.2421,16.903,1.5354,-3.0165,31.863,34.936,-13.002,-28.425,33.24,9.9237
-11.377,-7.8926,-6.9223,16.743,0.53829,-1.895,32.235,35.747,-12.266,-25.358,34.108,10.22
-12.156,-7.1912,-5.152,16.62,-0.82098,-0.50399,32.956,37.808,-10.932,-20.097,34.552,10.063
-13.193,-6.4169,-2.9685,16.541,-2.5652,1.0942,33.967,41.29,-8.3314,-12.305,34.642,9.5387
-14.314,-5.5625,-0.49158,16.455,-4.5948,2.8163,34.911,45.549,-8.1787,-6.3998,34.679,8.9339
-15.224,-4.5514,2.1285,16.211,-6.6871,4.6261,34.718,43.204,-10.501,-19.88,35.253,8.7829
-15.538,-3.1907,4.7847,15.523,-8.5614,6.5829,32.936,37.431,-15.812,-39.327,37.25,9.8761
-14.797,-1.119,7.4509,13.861,-9.9408,8.8438,30.589,28.331,-23.744,-42.1,41.746,13.239
-12.466,2.2838,10.147,10.283,-10.559,11.635,28.413,20.766,-28.417,-38.231,49.637,20.015
-7.9927,7.8177,12.843,4.3639,-10.135,15.265,25.245,24.243,-21.77,-26.282,57.686,27.842
-1.8366,14.485,15.374,3.6271,-8.404,20.132,33.685,44.083,3.133,-0.47037,41.825,12.736
-1.3834,16.675,17.397,12.058,-5.3946,26.254,53.565,86.599,57.789,44.228,31.139,1.0928
-12.28,15.285,18.397,13.971,-2.6543,32.933,83.307,160.06,153.36,112.3,26.825,-4.9179
-19.357,16.755,17.728,12.824,-6.5349,39.341,119.09,266.52,267.81,214.17,25.848,-7.2943
-22.802,21.606,15.109,9.8704,-14.128,44.282,154.72,363.56,378.6,340.56,34.096,-1.3222
-21.522,30.499,15.6,3.8195,-18.508,44.594,177.65,408.26,460.66,469.17,61.993,17.718
-11.043,42.442,30.791,-8.4832,-17.769,43.541,167.85,381.08,487.71,597.21,126.57,55.57
13.717,62.36,33.592,-30.494,-9.9124,56.209,110.87,262.77,443.11,723.53,241.2,119.7
54.303,97.072,31.839,-63.619,5.4443,72.37,0.30788,44.161,322.61,851.15,407.25,214.91
108.56,140.77,26.94,-106.11,27.998,92.117,-162.35,-266.66,132.38,977.3,610.81,337.59
169.57,187.19,17.116,-154.09,58.079,110.86,-363.65,-645.39,-116.4,1082,831.78,479.98
229.27,227.16,0.076139,-201.76,94.879,122.07,-585.59,-1059.2,-414.95,1125.8,1045.6,631.02
281.5,249.98,-24.916,-240.73,134.51,119.03,-807.74,-1474.8,-760.85,1056.6,1217.6,772.42
318.99,245.85,-59.383,-260.8,173.34,96.365,-1010.2,-1863.6,-1154.6,825.45,1308.7,881.18
334.95,208.12,-108.77,-253.04,209.18,51.094,-1176.7,-2203.2,-1592,405.96,1286.2,936.54
325.78,135.22,-171.82,-213.83,238.66,-16.701,-1296.7,-2476.7,-2055.5,-189.25,1137.1,927.94
292.46,31.734,-243.44,-146.5,259.49,-103.49,-1366.1,-2671.3,-2508.8,-900.04,875.37,857.63
241.33,-91.105,-317.8,-60.782,272.89,-201.78,-1387.4,-2778.3,-2901.5,-1626.5,539.78,739.33
183.13,-216.57,-389.4,29.23,281.71,-300.25,-1368.7,-2795.3,-3183.2,-2256.2,184.05,594.78
129.26,-326.05,-450.48,108.77,287.67,-385.62,-1321.6,-2729.9,-3320.8,-2700.5,-138.97,447.91
87.676,-404.3,-492.85,166.77,290.37,-446.13,-1258.2,-2598.1,-3309.1,-2922.1,-391.88,317.83
60.399,-443.6,-510.32,198.84,287.59,-474.8,-1187.8,-2420.2,-3168,-2938.7,-560,214
43.518,-444.72,-500.03,207.27,276.14,-470.52,-1114,-2214.8,-2931.8,-2800,-649.32,137.35
29.873,-414.52,-462.25,198.46,252.73,-436.85,-1035.2,-1995.4,-2637.6,-2560.1,-677.89,80.399
13.595,-362.68,-399.61,179.68,215.16,-379.91,-946.85,-1770.2,-2317.2,-2268,-666.54,33.774
-8.0578,-298.97,-317.04,157.47,163.72,-307.06,-845.55,-1544.7,-1995.2,-1964.7,-633.34,-6.3081
-34.869,-232.05,-222.41,136.79,102.08,-226.57,-732.14,-1324,-1688.2,-1674.5,-590.53,-39.106
-62.281,-169.02,-126.53,119.96,37.048,-147.31,-611.35,-1113.3,-1406.3,-1403.5,-543.61,-65.564
-81.499,-115.7,-41.237,102.84,-21.448,-77.847,-490.37,-916.93,-1154.7,-1156.1,-491.8,-86.796
-87.065,-76.406,24.415,84.049,-61.88,-24.876,-377.5,-735.13,-935.58,-947.33,-418.2,-90.347
-82.511,-57.286,60.86,76.638,-80.402,7.1552,-279.25,-571.27,-749.9,-778.54,-325.79,-52.686
-74.334,-54.369,66.592,71.204,-81.544,14.393,-198,-432.13,-595.59,-640.79,-268.62,-39.744
-65.345,-53.836,55.522,65.439,-71.748,7.3512,-134.28,-320.64,-468.83,-527.67,-235.98,-45.435
-56.84,-54.415,38.135,59.701,-57.012,-3.2101,-87.42,-234.5,-368.14,-436.27,-212.26,-51.965
-50.101,-55.878,19.646,54.225,-41.81,-14.16,-54.452,-168.19,-291,-363.99,-192.58,-56.597
-45.647,-57.011,3.1194,48.987,-28.449,-23.804,-31.157,-117.27,-232.23,-307.99,-175.55,-59.697
-43.027,-51.704,-9.5884,44.254,-21.162,-30.565,-13.825,-79.202,-186.81,-265.46,-160.19,-61.757
-41.498,-42.311,-6.7547,40.356,-23.214,-24.428,-0.0065687,-51.026,-151.26,-233.72,-145.95,-63.064
-40.496,-37.736,-2.2921,37.305,-23.371,-19.135,11.423,-30.054,-123.38,-210.24,-133.46,-63.781
-39.656,-35.592,-3.282,34.946,-21.727,-17.549,20.413,-14.631,-101.79,-192.64,-123.61,-64.038
-38.735,-34.707,-5.9972,33.133,-20.09,-17.808,23.164,-3.8456,-85.63,-178.71,-116.35,-63.976
-37.617,-34.551,-8.5389,31.762,-18.749,-19.024,21.958,1.9964,-74.278,-166.13,-111.01,-63.751
-36.341,-34.738,-10.728,30.746,-17.162,-20.54,25.964,1.9097,-67.017,-151.97,-106.89,-63.497
-35.069,-34.997,-12.603,30.009,-15.133,-21.882,29.841,8.5367,-62.718,-135.76,-103.57,-63.303
-33.972,-35.157,-13.946,29.474,-13.098,-22.793,32.143,18.95,-59.619,-120.66,-100.84,-63.196
-33.145,-35.127,-14.618,29.071,-11.582,-23.203,33.553,26.2,-54.907,-108.37,-98.554,-63.156
-32.587,-34.868,-14.677,28.742,-10.78,-23.158,34.506,30.572,-46.907,-98.762,-96.633,-63.139
-32.241,-34.38,-14.267,28.445,-10.615,-22.738,35.2,33.376,-39.291,-91.263,-94.978,-63.103
-32.038,-33.686,-13.514,28.16,-10.912,-22.017,35.729,35.318,-33.839,-85.32,-93.504,-63.018
-31.925,-32.823,-12.499,27.877,-11.504,-21.046,36.139,36.731,-29.792,-80.481,-92.139,-62.876
-31.867,-31.833,-11.27,27.598,-12.271,-19.865,36.457,37.781,-26.547,-76.403,-90.837,-62.678
-31.839,-30.746,-9.8608,27.325,-13.14,-18.507,36.701,38.563,-23.82,-72.85,-89.575,-62.434
-31.82,-29.579,-8.3038,27.057,-14.068,-17.004,36.886,39.141,-21.459,-69.669,-88.349,-62.153
-31.791,-28.34,-6.6349,26.786,-15.023,-15.386,37.028,39.567,-19.373,-66.758,-87.165,-61.837
-31.732,-27.031,-4.8952,26.503,-15.977,-13.685,37.136,39.885,-17.5,-64.052,-86.027,-61.486
-31.629,-25.653,-3.1303,26.196,-16.908,-11.933,37.219,40.134,-15.805,-61.5,-84.936,-61.101
-31.478,-24.208,-1.3805,25.86,-17.806,-10.16,37.281,40.34,-14.273,-59.064,-83.888,-60.683
-31.29,-22.703,0.33415,25.497,-18.673,-8.3854,37.323,40.514,-12.902,-56.724,-82.882,-60.239
-31.092,-21.157,2.0218,25.117,-19.523,-6.6187,37.342,40.652,-11.699,-54.476,-81.92,-59.781
-30.911,-19.605,3.7078,24.738,-20.366,-4.8724,37.332,40.737,-10.671,-52.324,-81.008,-59.328
-30.772,-18.094,5.4059,24.377,-21.2,-3.1741,37.289,40.749,-9.8186,-50.278,-80.158,-58.893
-30.684,-16.679,7.0933,24.047,-22.008,-1.5688,37.21,40.674,-9.1348,-48.345,-79.379,-58.49
-30.639,-15.407,8.7091,23.756,-22.762,-0.1084,37.097,40.51,-8.5996,-46.529,-78.683,-58.125
-30.615,-14.307,10.177,23.505,-23.429,1.1639,36.955,40.266,-8.1812,-44.826,-78.072,-57.791
-30.583,-13.391,11.429,23.295,-23.978,2.222,36.793,39.959,-7.84,-43.224,-77.551,-57.476
-30.511,-12.645,12.42,23.116,-24.381,3.0574,36.619,39.609,-7.537,-41.706,-77.114,-57.169
-30.375,-12.05,13.128,22.958,-24.618,3.6743,36.438,39.227,-7.244,-40.248,-76.74,-56.864
-30.168,-11.58,13.553,22.812,-24.679,4.0856,36.25,38.82,-6.9487,-38.824,-76.404,-56.567
-29.898,-11.217,13.704,22.675,-24.567,4.3032,36.05,38.384,-6.6523,-37.408,-76.063,-56.287
-29.589,-10.956,13.589,22.548,-24.293,4.3337,35.832,37.909,-6.3624,-35.974,-75.67,-56.035
-29.264,-10.808,13.202,22.436,-23.867,4.177,35.588,37.387,-6.0847,-34.499,-75.186,-55.813
-28.936,-10.795,12.528,22.347,-23.295,3.8282,35.313,36.804,-5.8157,-32.969,-74.592,-55.614
-28.601,-10.945,11.546,22.287,-22.575,3.2816,35.005,36.154,-5.5429,-31.376,-73.896,-55.425
-28.242,-11.271,10.247,22.26,-21.692,2.5327,34.66,35.429,-5.2483,-29.719,-73.122,-55.234
-27.832,-11.77,8.6435,22.26,-20.624,1.5825,34.276,34.624,-4.9165,-28.005,-72.308,-55.037
-27.337,-12.419,6.7687,22.277,-19.342,0.43904,33.845,33.736,-4.5411,-26.237,-71.478,-54.831
-26.735,-13.173,4.6706,22.297,-17.832,-0.87796,33.355,32.758,-4.1272,-24.412,-70.639,-54.618
-26.009,-13.982,2.4092,22.306,-16.106,-2.3331,32.791,31.684,-3.6886,-22.517,-69.77,-54.401
-25.16,-14.802,0.048733,22.293,-14.197,-3.8792,32.134,30.501,-3.2437,-20.528,-68.828,-54.177
-24.192,-15.598,-2.354,22.252,-12.15,-5.4689,31.362,29.19,-2.8116,-18.415,-67.753,-53.939
-23.117,-16.355,-4.7593,22.18,-9.9982,-7.0673,30.439,27.721,-2.4096,-16.146,-66.491,-53.675
-21.942,-17.073,-7.1454,22.075,-7.7569,-8.6595,29.313,26.06,-2.05,-13.696,-64.999,-53.371
-20.671,-17.764,-9.502,21.942,-5.4294,-10.249,27.908,24.167,-1.7389,-11.045,-63.251,-53.004
-19.305,-18.443,-11.824,21.788,-3.0171,-11.847,26.12,22.004,-1.4778,-8.1802,-61.233,-52.55
-17.836,-19.119,-14.111,21.616,-0.53261,-13.461,23.817,19.536,-1.2663,-5.0941,-58.943,-51.99
-16.248,-19.784,-16.363,21.421,1.9908,-15.083,20.849,16.731,-1.1036,-1.7901,-56.364,-51.309
-14.519,-20.422,-18.571,21.196,4.498,-16.682,17.08,13.562,-0.98983,1.7273,-53.482,-50.493
-12.626,-20.999,-20.708,20.924,6.9272,-18.212,12.449,10.004,-0.92575,5.4517,-50.289,-49.531
-10.557,-21.475,-22.734,20.59,9.2334,-19.624,7.0257,6.0343,-0.91444,9.374,-46.775,-48.405
-8.3033,-21.814,-24.605,20.172,11.404,-20.878,1.0386,1.6295,-0.96167,13.478,-42.961,-47.096
-5.8663,-21.985,-26.291,19.655,13.451,-21.952,-5.1873,-3.2278,-1.0752,17.736,-38.877,-45.582
-3.2535,-21.976,-27.787,19.023,15.392,-22.848,-11.351,-8.5382,-1.2602,22.108,-34.566,-43.848
-0.48637,-21.792,-29.101,18.268,17.229,-23.586,-17.281,-14.275,-1.5173,26.541,-30.06,-41.883
2.3933,-21.452,-30.251,17.392,18.948,-24.19,-22.966,-20.383,-1.8417,30.972,-25.381,-39.676
5.322,-20.985,-31.258,16.403,20.532,-24.683,-28.5,-26.78,-2.2241,35.338,-20.546,-37.213
8.2222,-20.417,-32.138,15.315,21.975,-25.074,-34.016,-33.375,-2.6546,39.577,-15.569,-34.479
11.018,-19.763,-32.902,14.135,23.283,-25.36,-39.623,-40.091,-3.1278,43.632,-10.496,-31.474
13.649,-19.026,-33.549,12.856,24.472,-25.531,-45.388,-46.874,-3.6454,47.462,-5.3936,-28.218
16.083,-18.199,-34.074,11.456,25.555,-25.568,-51.33,-53.699,-4.2164,51.034,-0.34277,-24.748
18.31,-17.275,-34.467,9.9062,26.535,-25.457,-57.434,-60.553,-4.8539,54.332,4.5858,-21.11
20.333,-16.25,-34.72,8.186,27.407,-25.192,-63.657,-67.407,-5.5693,57.35,9.3464,-17.346
22.158,-15.131,-34.832,6.291,28.159,-24.772,-69.91,-74.199,-6.3676,60.081,13.92,-13.493
23.797,-13.933,-34.81,4.2369,28.78,-24.204,-76.047,-80.824,-7.2436,62.513,18.303,-9.5909
25.258,-12.673,-34.665,2.0517,29.259,-23.496,-81.875,-87.151,-8.1801,64.63,22.502,-5.6788
26.549,-11.364,-34.409,-0.23278,29.594,-22.651,-87.203,-93.055,-9.1515,66.425,26.523,-1.794
27.666,-10.014,-34.047,-2.5855,29.78,-21.66,-91.9,-98.454,-10.129,67.902,30.373,2.0382
28.6,-8.6189,-33.574,-4.9764,29.813,-20.496,-95.927,-103.32,-11.086,69.097,34.064,5.8101
29.339,-7.1658,-32.968,-7.3792,29.682,-19.118,-99.32,-107.66,-12.005,70.068,37.611,9.5332
29.881,-5.6298,-32.188,-9.7802,29.378,-17.465,-102.16,-111.52,-12.878,70.886,41.038,13.234
30.241,-3.969,-31.172,-12.192,28.899,-15.469,-104.52,-114.91,-13.705,71.628,44.37,16.95
30.452,-2.1191,-29.843,-14.656,28.249,-13.075,-106.48,-117.85,-14.488,72.371,47.641,20.728
30.562,0.013852,-28.111,-17.226,27.437,-10.259,-108.11,-120.32,-15.221,73.187,50.885,24.623
30.618,2.5637,-25.887,-19.939,26.478,-7.046,-109.46,-122.32,-15.873,74.137,54.136,28.692
30.667,5.7076,-23.092,-22.796,25.383,-3.5059,-110.54,-123.83,-16.388,75.27,57.42,32.987
30.739,9.6435,-19.675,-25.756,24.157,0.275,-111.37,-124.82,-16.693,76.611,60.754,37.531
30.844,14.523,-15.634,-28.754,22.792,4.2389,-111.92,-125.29,-16.716,78.156,64.137,42.304
30.968,20.369,-11.035,-31.727,21.274,8.4125,-112.11,-125.15,-16.404,79.874,67.552,47.236
31.08,27.045,-6.0029,-34.626,19.579,12.947,-111.76,-124.27,-15.733,81.712,70.966,52.213
31.144,34.332,-0.65671,-37.423,17.67,18.085,-110.53,-122.44,-14.688,83.615,74.344,57.104
31.125,42.011,4.9705,-40.111,15.491,24.037,-107.97,-119.37,-13.238,85.534,77.652,61.79
30.999,49.908,10.953,-42.711,12.97,30.878,-103.63,-114.77,-11.3,87.435,80.862,66.184
30.759,57.871,17.396,-45.25,10.031,38.528,-97.466,-108.55,-8.7222,89.3,83.953,70.234
30.415,65.751,24.301,-47.753,6.6461,46.742,-89.814,-100.84,-5.3258,91.118,86.908,73.926
29.992,73.4,31.489,-50.225,2.8748,55.118,-81.143,-91.926,-1.0006,92.881,89.713,77.273
29.524,80.704,38.669,-52.649,-1.1283,63.243,-71.783,-82.116,4.1971,94.575,92.356,80.3
29.048,87.597,45.613,-54.993,-5.166,70.878,-61.94,-71.645,10.064,96.175,94.821,83.022
28.59,94.053,52.239,-57.211,-9.0612,77.992,-51.804,-60.721,16.352,97.64,97.08,85.441
28.161,100.06,58.569,-59.254,-12.689,84.66,-41.622,-49.619,22.839,98.913,99.092,87.538
27.758,105.59,64.642,-61.067,-15.97,90.954,-31.703,-38.752,29.324,99.928,100.81,89.282
27.366,110.59,70.427,-62.592,-18.851,96.889,-22.36,-28.665,35.55,100.62,102.18,90.643
26.969,114.94,75.785,-63.78,-21.283,102.39,-13.847,-19.978,41.149,100.92,103.16,91.601
26.556,118.52,80.468,-64.593,-23.21,107.25,-6.3886,-13.274,45.657,100.77,103.72,92.145
26.132,121.15,84.164,-65.013,-24.563,111.16,-0.32613,-8.9357,48.623,100.14,103.85,92.277
25.726,122.66,86.572,-65.044,-25.267,113.74,3.6655,-6.9548,49.796,98.98,103.55,92.009
25.388,122.9,87.467,-64.717,-25.247,114.65,4.6702,-6.8474,49.25,97.28,102.84,91.361
25.18,121.8,86.73,-64.078,-24.445,113.67,2.3111,-7.8281,47.349,95.039,101.76,90.36
25.153,119.4,84.359,-63.183,-22.862,110.83,-2.5471,-9.1605,44.577,92.271,100.34,89.039
25.338,115.8,80.452,-62.085,-20.579,106.34,-8.4203,-10.401,41.355,89,98.628,87.433
25.73,111.09,75.187,-60.832,-17.753,100.5,-14.283,-11.399,37.964,85.249,96.653,85.569
26.294,105.4,68.787,-59.454,-14.548,93.586,-19.789,-12.161,34.558,81.045,94.459,83.476
26.984,98.835,61.476,-57.976,-11.091,85.794,-24.937,-12.704,31.219,76.425,92.089,81.176
27.755,91.585,53.465,-56.417,-7.4485,77.286,-29.804,-12.985,27.996,71.446,89.583,78.696
28.581,83.852,44.954,-54.807,-3.6561,68.217,-34.44,-12.905,24.937,66.202,86.983,76.064
29.454,75.84,36.161,-53.187,0.25654,58.748,-38.821,-12.361,22.11,60.817,84.329,73.314
30.382,67.735,27.362,-51.614,4.2294,49.05,-42.807,-11.297,19.615,55.434,81.663,70.477
31.364,59.724,18.907,-50.145,8.151,39.359,-46.101,-9.7037,17.603,50.205,79.022,67.592
32.387,52.048,11.155,-48.834,11.88,30.167,-48.258,-7.5684,16.267,45.273,76.448,64.7
33.419,45.035,4.3512,-47.714,15.309,22.414,-48.842,-4.8271,15.837,40.762,73.989,61.847
34.423,39.021,-1.4401,-46.799,18.394,17.044,-47.697,-1.3979,16.531,36.76,71.684,59.088
35.37,34.195,-6.2913,-46.078,21.129,13.978,-45.043,2.7251,18.46,33.305,69.568,56.463
36.232,30.507,-10.319,-45.521,23.494,12.222,-41.264,7.4042,21.524,30.368,67.65,53.99
36.985,27.716,-13.61,-45.074,25.431,10.917,-36.684,12.389,25.441,27.86,65.906,51.66
37.613,25.522,-16.206,-44.672,26.888,9.7226,-31.539,17.403,29.895,25.643,64.277,49.429
38.111,23.674,-18.122,-44.25,27.883,8.6104,-26.024,22.196,34.624,23.554,62.679,47.221
38.494,22.012,-19.394,-43.751,28.532,7.6375,-20.311,26.553,39.389,21.448,61.022,44.959
38.774,20.449,-20.094,-43.129,28.975,6.8391,-14.53,30.316,43.896,19.211,59.23,42.576
38.931,18.945,-20.329,-42.345,29.27,6.1977,-8.7671,33.415,47.799,16.791,57.259,40.04
38.887,17.475,-20.213,-41.346,29.353,5.6546,-3.0888,35.882,50.772,14.203,55.108,37.352
38.509,16.011,-19.854,-40.044,29.094,5.1345,2.4158,37.814,52.595,11.509,52.801,34.55
37.641,14.525,-19.345,-38.314,28.384,4.5699,7.6071,39.328,53.187,8.7905,50.386,31.692
36.154,12.995,-18.755,-36.023,27.193,3.9177,12.31,40.523,52.578,6.1089,47.9,28.836
33.985,11.41,-18.128,-33.061,25.562,3.1628,16.363,41.462,50.887,3.4842,45.367,26.029
31.145,9.7644,-17.492,-29.386,23.58,2.3129,19.673,42.181,48.317,0.88591,42.783,23.295
27.708,8.0527,-16.867,-25.038,21.348,1.3877,22.254,42.692,45.137,-1.752,40.122,20.633
23.793,6.2686,-16.267,-20.135,18.982,0.41152,24.201,43.001,41.624,-4.501,37.352,18.022
19.555,4.4169,-15.693,-14.855,16.616,-0.58727,25.647,43.116,37.992,-7.4056,34.439,15.435
15.173,2.5191,-15.126,-9.4081,14.397,-1.5752,26.724,43.054,34.358,-10.472,31.361,12.841
10.818,0.61238,-14.536,-4.0144,12.44,-2.5154,27.538,42.841,30.76,-13.668,28.111,10.22
6.6285,-1.2623,-13.892,1.1082,10.765,-3.377,28.168,42.515,27.189,-16.931,24.692,7.5633
2.6754,-3.0721,-13.181,5.7438,9.2719,-4.1483,28.666,42.113,23.626,-20.191,21.139,4.8739
-1.0263,-4.799,-12.432,9.6882,7.8069,-4.8456,29.065,41.672,20.085,-23.38,17.514,2.1907
-4.4462,-6.4357,-11.727,12.807,6.2866,-5.5075,29.383,41.217,16.632,-26.436,13.916,-0.42244
-7.4825,-7.9753,-11.177,15.107,4.7716,-6.1754,29.63,40.766,13.389,-29.305,10.487,-2.8795
-10.005,-9.4029,-10.877,16.724,3.4288,-6.8727,29.813,40.326,10.485,-31.934,7.3837,-5.0781
-11.938,-10.693,-10.853,17.844,2.4196,-7.5956,29.936,39.897,7.9976,-34.273,4.7554,-6.9059
-13.29,-11.82,-11.061,18.616,1.8125,-8.3153,30.004,39.478,5.9322,-36.286,2.7026,-8.2794
-14.142,-12.756,-11.413,19.141,1.5703,-8.9884,30.024,39.066,4.2354,-37.957,1.2705,-9.1555
-14.603,-13.487,-11.813,19.482,1.5864,-9.5652,30.002,38.655,2.8252,-39.3,0.4341,-9.5402
-14.785,-14.003,-12.18,19.681,1.7369,-9.9994,29.944,38.243,1.6128,-40.35,0.11948,-9.4825
-14.772,-14.303,-12.451,19.762,1.9182,-10.253,29.854,37.826,0.5197,-41.155,0.24636,-9.0586
-14.633,-14.388,-12.587,19.743,2.063,-10.3,29.733,37.397,-0.51143,-41.758,0.73318,-8.3536
-14.413,-14.268,-12.567,19.64,2.1378,-10.132,29.587,36.952,-1.5116,-42.19,1.515,-7.4497
-14.15,-13.971,-12.392,19.468,2.1344,-9.7629,29.418,36.488,-2.4884,-42.478,2.5354,-6.4168
-13.877,-13.542,-12.082,19.249,2.0592,-9.2312,29.234,36.009,-3.4334,-42.641,3.7346,-5.3083
-13.629,-13.035,-11.67,19.008,1.922,-8.5957,29.045,35.531,-4.3308,-42.697,5.0432,-4.1596
-13.439,-12.505,-11.189,18.773,1.7274,-7.9199,28.858,35.079,-5.1641,-42.664,6.3892,-2.9933
-13.335,-11.994,-10.668,18.569,1.4743,-7.2565,28.684,34.685,-5.9206,-42.562,7.7113,-1.8263
-13.324,-11.531,-10.126,18.406,1.1621,-6.6381,28.529,34.372,-6.595,-42.413,8.9733,-0.67469
-13.386,-11.122,-9.5813,18.28,0.80196,-6.0788,28.399,34.143,-7.194,-42.239,10.172,0.44787
-13.473,-10.762,-9.0604,18.172,0.42328,-5.5829,28.284,33.967,-7.7398,-42.061,11.334,1.5371
-13.524,-10.437,-8.5992,18.058,0.072799,-5.1532,28.159,33.783,-8.2691,-41.897,12.505,2.6024
-13.475,-10.132,-8.2335,17.914,-0.1974,-4.7918,27.981,33.502,-8.8245,-41.75,13.729,3.661
-13.283,-9.8276,-7.9794,17.719,-0.34988,-4.4914,27.706,33.036,-9.4378,-41.595,15.028,4.7243
-12.943,-9.4987,-7.8092,17.456,-0.38364,-4.2216,27.304,32.331,-10.103,-41.354,16.384,5.7778
-12.497,-9.1159,-7.6413,17.119,-0.3468,-3.919,26.795,31.439,-10.73,-40.865,17.724,6.7657
-12.043,-8.6491,-7.3515,16.716,-0.33002,-3.4944,26.296,30.626,-11.102,-39.862,18.936,7.5886
-11.715,-8.0778,-6.8073,16.278,-0.4446,-2.8583,26.072,30.461,-10.906,-37.951,19.881,8.1243
-11.639,-7.3999,-5.9088,15.855,-0.79827,-1.9586,26.454,31.57,-10.019,-34.595,20.452,8.2737
-11.877,-6.6312,-4.6243,15.491,-1.4689,-0.8042,27.555,34.093,-8.522,-29.129,20.64,8.0282
-12.362,-5.7877,-3.0038,15.182,-2.4641,0.54417,29.093,38.28,-7.3897,-21.298,20.622,7.5439
-12.888,-4.8518,-1.1597,14.836,-3.6809,2.0223,30.646,43.504,-8.1499,-15.096,20.853,7.2034
-13.118,-3.7255,0.78452,14.229,-4.9028,3.6228,31.596,40.823,-11.248,-24.961,22.107,7.6484
-12.62,-2.1834,2.7498,12.949,-5.8455,5.4301,31.375,33.265,-17.558,-40.077,25.412,9.7692
-10.873,0.19269,4.7149,10.246,-6.2058,7.6044,30.682,21.638,-24.577,-42.62,31.808,14.664
-7.278,4.11,6.6675,5.0897,-5.6897,10.335,28.474,18.366,-23.011,-39.207,41.796,23.075
-1.5488,10.176,8.5164,-0.75907,-4.0696,13.84,26.237,28.694,-10.143,-28.328,49.027,24.73
3.2123,15.959,10.019,4.6652,-1.3802,18.374,41.848,56.441,20.398,-4.4806,33.992,5.7036
-4.7649,16.417,10.763,12.594,1.498,23.889,66.559,108.66,87.118,39.35,27.74,-1.7379
-15.857,15.814,10.22,13.067,-0.03577,29.738,94.752,191.58,194.73,117.29,24.073,-6.6351
-21.082,18.626,7.97,11.173,-8.2239,34.887,119.05,295.61,302.17,243.31,24.193,-5.9667
-22.466,25.084,5.1661,7.1732,-14.413,37.363,139.01,371.78,397.95,373.64,34.611,5.1745
-17.113,35.821,13.016,-0.88401,-16.654,34.89,145.52,386.59,456.05,493.73,70.023,31.989
0.10298,48.559,25.113,-16.887,-12.71,45.633,115.22,320.37,452.15,610.98,151.24,81.385
32.807,73.545,26.238,-43.92,-1.0494,59.905,35.147,156.7,374.22,732.7,289.98,160.01
80.412,111.53,23.414,-81.722,18.063,77.013,-103.08,-104.47,223.36,858.9,481.86,268.2
138.62,156.24,16.212,-127.1,44.838,96.577,-291.17,-446.1,8.9222,978.01,699.79,398.93
199.87,200.85,3.2816,-175.44,79.56,113.44,-504.95,-840.29,-258.77,1060.7,920.92,544.18
257.43,236.13,-16.274,-220.41,119.22,120.96,-729.34,-1255.1,-573.76,1060.8,1119.7,691.35
304.36,251.24,-42.037,-253.02,158.75,112.4,-944.19,-1659.9,-935.12,926.02,1257.7,820.51
332.99,235.96,-78.853,-262.59,195.57,82.36,-1131,-2028.9,-1342.6,615.37,1295.1,907.99
337.81,184.39,-133.6,-241.41,227.26,28.261,-1276.1,-2342.2,-1788.5,117.31,1207.4,936.13
317.53,97.267,-201.62,-188.95,251.21,-48.695,-1372.1,-2584.6,-2249.3,-536.03,996.2,900.16
275.6,-17.305,-275.66,-111.99,267.3,-142.81,-1418.4,-2744.8,-2682.9,-1265,690.19,808
220.19,-144.41,-350.08,-22.889,277.81,-243.82,-1420.1,-2816.3,-3037,-1958.3,337.54,677.42
162.47,-265.15,-418.09,63.376,285.02,-338.4,-1387.1,-2800.4,-3265.5,-2506.4,-6.6215,531.53
112.67,-361.66,-471.15,133.36,289.51,-413.4,-1331.3,-2708.4,-3344.7,-2839.4,-295.8,392.17
76.591,-422.18,-501.98,179.05,289.9,-459.26,-1263.5,-2558.1,-3279.4,-2951.2,-503.9,273.44
53.911,-443.37,-506.18,199.39,283.52,-472.04,-1190.5,-2369.4,-3096.6,-2884.4,-628.23,181
39.326,-429.21,-482.41,198.74,267.08,-453.05,-1113.9,-2159.1,-2833.2,-2693.9,-683.2,113.54
25.77,-387.99,-431.94,184.1,237.59,-407.16,-1031.7,-1938.5,-2525.3,-2429.4,-689.45,62.696
8.1727,-329.57,-358.46,162.74,193.75,-341.16,-941.15,-1714.8,-2201.4,-2133.8,-665.66,20.738
-15.407,-263.5,-268.53,140.88,137.26,-263.02,-839.66,-1491.6,-1881.6,-1838,-625.48,-14.652
-43.186,-197.95,-171.77,122.31,73.351,-181.6,-726.87,-1272.2,-1579.4,-1557.9,-577.63,-43.987
-67.697,-139.29,-79.851,106.01,10.17,-106.06,-606.26,-1061.7,-1303.7,-1299.7,-526.22,-68.793
-80.177,-91.851,-3.3438,83.676,-41.439,-44.502,-485.01,-867.13,-1060.1,-1069.8,-467.4,-85.66
-80.627,-59.804,49.518,73.224,-72.005,-2.1434,-371.87,-690.04,-850.98,-878.89,-384.05,-60.169
-75.061,-51.116,68.966,68.892,-82.021,16.289,-274.17,-532.05,-676.78,-724.16,-308.1,-29.628
-67.447,-51.287,63.974,63.975,-77.467,12.665,-194.24,-398.99,-535.2,-595.93,-263.46,-31.94
-59.076,-51.895,48.897,58.41,-64.81,2.6596,-131.59,-293.19,-420.52,-490.48,-234.08,-40.65
-51.332,-53.346,30.459,52.499,-49.487,-8.0417,-85.538,-211.8,-329.21,-406.08,-210.81,-47.776
-45.583,-55.163,12.281,46.439,-35.001,-18.278,-53.358,-149.25,-258.88,-340.31,-191.1,-52.716
-42.073,-52.556,-3.1322,41.138,-22.968,-26.856,-30.806,-102.15,-205.22,-290.16,-174.04,-56.019
-40.118,-41.527,-10.107,37.221,-19.659,-26.809,-14.139,-68.14,-163.99,-252.5,-158.59,-58.155
-38.946,-35.417,-3.389,34.476,-20.591,-18.486,-0.93781,-43.697,-132.24,-224.5,-144.24,-59.411
-38.031,-32.444,-2.4131,32.471,-19.429,-15.623,9.8944,-25.754,-108.09,-203.64,-131.82,-59.97
-37.033,-31.083,-4.9623,30.908,-17.617,-15.284,17.622,-12.558,-90.225,-187.7,-122.22,-59.997
-35.746,-30.716,-7.8674,29.641,-15.968,-16.335,14.707,-3.375,-77.579,-174.6,-115.26,-59.673
-34.138,-30.879,-10.428,28.61,-14.021,-18.028,12.609,-0.18864,-69.119,-161.93,-110.15,-59.187
-32.366,-31.22,-12.782,27.791,-11.364,-19.769,17.187,-1.3443,-63.838,-147.21,-106.23,-58.706
-30.677,-31.498,-14.781,27.158,-8.456,-21.152,22.483,5.9898,-60.49,-131.67,-103.09,-58.34
-29.271,-31.579,-16.131,26.68,-6.0921,-21.997,26.101,15.624,-56.711,-118.21,-100.54,-58.126
-28.237,-31.412,-16.744,26.322,-4.6367,-22.297,28.374,22.346,-49.099,-107.63,-98.471,-58.035
-27.558,-30.999,-16.71,26.045,-4.0182,-22.122,29.874,26.565,-40.303,-99.483,-96.752,-58.004
-27.166,-30.368,-16.178,25.812,-4.0141,-21.563,30.934,29.371,-34.111,-93.183,-95.267,-57.968
-26.978,-29.561,-15.292,25.596,-4.4125,-20.711,31.724,31.381,-29.9,-88.196,-93.904,-57.879
-26.922,-28.62,-14.169,25.379,-5.0596,-19.644,32.334,32.893,-26.794,-84.099,-92.581,-57.709
-26.949,-27.581,-12.887,25.153,-5.8622,-18.422,32.812,34.057,-24.361,-80.585,-91.257,-57.454
-27.024,-26.468,-11.493,24.922,-6.7749,-17.082,33.193,34.958,-22.357,-77.452,-89.924,-57.122
-27.123,-25.299,-10.011,24.69,-7.7816,-15.644,33.501,35.65,-20.628,-74.578,-88.596,-56.732
-27.227,-24.087,-8.4515,24.461,-8.8773,-14.114,33.754,36.18,-19.079,-71.894,-87.297,-56.306
-27.327,-22.841,-6.8222,24.235,-10.054,-12.5,33.971,36.589,-17.663,-69.349,-86.044,-55.862
-27.417,-21.569,-5.1311,24.007,-11.295,-10.814,34.162,36.916,-16.368,-66.905,-84.844,-55.413
-27.497,-20.28,-3.3875,23.774,-12.573,-9.075,34.337,37.191,-15.202,-64.535,-83.691,-54.963
-27.575,-18.985,-1.6053,23.534,-13.855,-7.3157,34.503,37.427,-14.178,-62.225,-82.577,-54.518
-27.664,-17.702,0.19572,23.292,-15.115,-5.577,34.658,37.618,-13.309,-59.978,-81.497,-54.083
-27.78,-16.454,1.9895,23.056,-16.331,-3.9039,34.798,37.747,-12.596,-57.803,-80.463,-53.672
-27.935,-15.273,3.7473,22.839,-17.492,-2.3371,34.914,37.791,-12.028,-55.707,-79.499,-53.295
-28.134,-14.191,5.4411,22.654,-18.593,-0.90775,35.001,37.738,-11.575,-53.692,-78.63,-52.963
-28.376,-13.237,7.0435,22.505,-19.631,0.36312,35.057,37.585,-11.196,-51.747,-77.878,-52.682
-28.648,-12.432,8.5263,22.395,-20.597,1.4608,35.086,37.345,-10.85,-49.862,-77.248,-52.45
-28.927,-11.787,9.8577,22.319,-21.478,2.3744,35.095,37.035,-10.515,-48.029,-76.719,-52.257
-29.188,-11.302,11.002,22.274,-22.251,3.0961,35.093,36.673,-10.188,-46.242,-76.269,-52.095
-29.412,-10.971,11.92,22.258,-22.892,3.6213,35.083,36.276,-9.8838,-44.498,-75.869,-51.953
-29.585,-10.782,12.577,22.267,-23.373,3.948,35.065,35.855,-9.6218,-42.788,-75.491,-51.822
-29.705,-10.72,12.946,22.301,-23.678,4.0772,35.028,35.41,-9.4248,-41.102,-75.124,-51.703
-29.771,-10.77,13.012,22.352,-23.796,4.0141,34.959,34.927,-9.3093,-39.426,-74.755,-51.606
-29.786,-10.918,12.781,22.413,-23.728,3.7699,34.841,34.387,-9.2739,-37.751,-74.381,-51.543
-29.75,-11.152,12.269,22.474,-23.483,3.3619,34.662,33.767,-9.2901,-36.075,-74.003,-51.524
-29.667,-11.47,11.505,22.528,-23.071,2.8101,34.42,33.054,-9.3058,-34.401,-73.619,-51.547
-29.54,-11.877,10.517,22.574,-22.506,2.1328,34.122,32.246,-9.2629,-32.738,-73.216,-51.601
-29.371,-12.381,9.3296,22.619,-21.794,1.3423,33.775,31.349,-9.121,-31.09,-72.786,-51.666
-29.156,-12.987,7.9571,22.671,-20.938,0.44355,33.385,30.377,-8.8729,-29.46,-72.311,-51.721
-28.88,-13.689,6.4068,22.737,-19.931,-0.56522,32.951,29.342,-8.5445,-27.845,-71.768,-51.753
-28.527,-14.476,4.6809,22.815,-18.757,-1.6898,32.46,28.247,-8.1842,-26.235,-71.136,-51.752
-28.075,-15.322,2.7848,22.899,-17.398,-2.9342,31.894,27.077,-7.8456,-24.617,-70.398,-51.717
-27.501,-16.198,0.73449,22.977,-15.838,-4.2927,31.22,25.792,-7.5697,-22.979,-69.537,-51.647
-26.777,-17.065,-1.4416,23.032,-14.065,-5.746,30.396,24.33,-7.3714,-21.308,-68.535,-51.544
-25.881,-17.889,-3.7066,23.045,-12.077,-7.2627,29.362,22.615,-7.2345,-19.591,-67.367,-51.412
-24.798,-18.641,-6.0224,23,-9.8877,-8.8074,28.033,20.562,-7.1214,-17.812,-66.002,-51.247
-23.526,-19.31,-8.3528,22.892,-7.5266,-10.348,26.291,18.088,-6.9922,-15.954,-64.407,-51.038
-22.075,-19.893,-10.664,22.723,-5.0431,-11.857,23.981,15.115,-6.8237,-13.995,-62.552,-50.767
-20.465,-20.392,-12.921,22.497,-2.4966,-13.31,20.924,11.58,-6.6194,-11.912,-60.42,-50.412
-18.717,-20.804,-15.095,22.219,0.055124,-14.685,16.98,7.4505,-6.4092,-9.6847,-57.993,-49.945
-16.844,-21.119,-17.159,21.886,2.5662,-15.963,12.123,2.735,-6.2398,-7.2972,-55.252,-49.347
-14.848,-21.322,-19.097,21.49,5.0065,-17.129,6.4916,-2.5211,-6.1614,-4.7368,-52.182,-48.603
-12.713,-21.394,-20.902,21.016,7.3604,-18.168,0.35395,-8.2563,-6.214,-1.9953,-48.756,-47.696
-10.409,-21.313,-22.573,20.443,9.6199,-19.07,-5.9785,-14.409,-6.4143,0.93545,-44.962,-46.601
-7.8984,-21.057,-24.11,19.75,11.78,-19.825,-12.249,-20.924,-6.75,4.064,-40.801,-45.284
-5.1586,-20.615,-25.51,18.916,13.832,-20.428,-18.333,-27.749,-7.1858,7.3956,-36.289,-43.699
-2.1937,-19.987,-26.766,17.921,15.765,-20.877,-24.265,-34.835,-7.6789,10.92,-31.469,-41.8
0.95202,-19.189,-27.865,16.75,17.561,-21.17,-30.18,-42.122,-8.1966,14.605,-26.418,-39.551
4.1954,-18.242,-28.797,15.389,19.203,-21.303,-36.211,-49.533,-8.7265,18.396,-21.209,-36.936
7.4283,-17.174,-29.553,13.832,20.676,-21.274,-42.426,-56.99,-9.2769,22.224,-15.927,-33.969
10.543,-16.01,-30.134,12.074,21.97,-21.079,-48.819,-64.438,-9.8703,26.017,-10.648,-30.69
13.46,-14.765,-30.544,10.115,23.088,-20.716,-55.362,-71.859,-10.536,29.717,-5.43,-27.164
16.139,-13.445,-30.79,7.9472,24.037,-20.178,-62.023,-79.236,-11.298,33.285,-0.31306,-23.46
18.577,-12.042,-30.879,5.546,24.83,-19.454,-68.76,-86.501,-12.165,36.702,4.6796,-19.629
20.792,-10.545,-30.814,2.8752,25.474,-18.526,-75.466,-93.503,-13.122,39.974,9.5373,-15.698
22.797,-8.9409,-30.589,-0.097623,25.974,-17.372,-81.934,-100.02,-14.13,43.117,14.255,-11.67
24.596,-7.2184,-30.187,-3.3741,26.326,-15.96,-87.889,-105.85,-15.136,46.15,18.832,-7.5391
26.182,-5.3668,-29.584,-6.9028,26.523,-14.263,-93.095,-110.87,-16.087,49.094,23.267,-3.3001
27.548,-3.3735,-28.751,-10.576,26.56,-12.261,-97.455,-115.07,-16.937,51.966,27.567,1.0444
28.695,-1.2186,-27.655,-14.255,26.433,-9.9584,-101.03,-118.57,-17.663,54.774,31.744,5.488
29.633,1.1325,-26.261,-17.808,26.144,-7.3844,-103.96,-121.5,-18.261,57.527,35.812,10.025
30.388,3.74,-24.525,-21.158,25.698,-4.5806,-106.4,-123.99,-18.742,60.227,39.788,14.655
30.99,6.7006,-22.394,-24.287,25.099,-1.5849,-108.46,-126.14,-19.122,62.886,43.687,19.391
31.474,10.156,-19.799,-27.23,24.35,1.5813,-110.19,-127.98,-19.402,65.523,47.527,24.251
31.866,14.283,-16.667,-30.044,23.446,4.9199,-111.6,-129.49,-19.553,68.166,51.328,29.251
32.187,19.261,-12.939,-32.781,22.377,8.4691,-112.69,-130.65,-19.516,70.84,55.107,34.39
32.444,25.18,-8.6145,-35.474,21.123,12.338,-113.42,-131.41,-19.217,73.557,58.873,39.64
32.639,31.965,-3.7668,-38.138,19.656,16.753,-113.74,-131.68,-18.591,76.313,62.623,44.94
32.766,39.359,1.4851,-40.772,17.94,22.009,-113.57,-131.36,-17.596,79.09,66.338,50.201
32.82,47.041,7.0573,-43.367,15.936,28.262,-112.69,-130.26,-16.216,81.856,69.988,55.321
32.797,54.762,12.95,-45.91,13.601,35.377,-110.73,-128.12,-14.425,84.578,73.536,60.203
32.695,62.38,19.203,-48.39,10.907,43.084,-107.2,-124.64,-12.144,87.22,76.948,64.767
32.511,69.82,25.805,-50.795,7.8441,51.104,-101.83,-119.54,-9.2051,89.75,80.199,68.965
32.247,77.024,32.641,-53.116,4.4453,59.135,-94.779,-112.76,-5.3918,92.144,83.276,72.778
31.905,83.923,39.528,-55.338,0.78485,66.88,-86.487,-104.46,-0.57314,94.387,86.178,76.201
31.495,90.428,46.287,-57.439,-3.028,74.149,-77.34,-94.947,5.1635,96.474,88.905,79.24
31.035,96.449,52.808,-59.388,-6.8665,80.889,-67.559,-84.483,11.554,98.399,91.461,81.906
30.554,101.92,59.055,-61.159,-10.599,87.133,-57.301,-73.259,18.323,100.16,93.842,84.218
30.085,106.81,65.034,-62.728,-14.096,92.935,-46.787,-61.45,25.272,101.74,96.037,86.197
29.662,111.12,70.738,-64.083,-17.244,98.324,-36.366,-49.328,32.244,103.11,98.018,87.86
29.303,114.88,76.1,-65.215,-19.954,103.29,-26.451,-37.333,39.05,104.27,99.743,89.214
29.01,118.11,80.979,-66.117,-22.168,107.77,-17.382,-26.035,45.429,105.16,101.16,90.259
28.771,120.83,85.17,-66.774,-23.843,111.65,-9.3461,-16.024,51.058,105.75,102.24,90.987
28.57,122.96,88.425,-67.168,-24.941,114.75,-2.4631,-7.7923,55.614,106.02,102.93,91.393
28.404,124.38,90.492,-67.276,-25.41,116.84,3.04,-1.6626,58.845,105.92,103.23,91.471
28.293,124.89,91.143,-67.086,-25.187,117.59,6.691,2.2936,60.622,105.43,103.14,91.221
28.276,124.29,90.224,-66.607,-24.211,116.76,7.8722,4.3406,60.967,104.54,102.69,90.657
28.396,122.49,87.697,-65.868,-22.462,114.25,6.3084,5.0412,60.053,103.23,101.92,89.799
28.689,119.57,83.661,-64.914,-20.004,110.2,2.5307,5.0359,58.169,101.54,100.87,88.676
29.162,115.63,78.324,-63.792,-16.981,104.91,-2.4016,4.8076,55.659,99.469,99.573,87.316
29.795,110.81,71.935,-62.54,-13.564,98.667,-7.6012,4.6072,52.848,97.057,98.069,85.748
30.549,105.19,64.712,-61.187,-9.8919,91.649,-12.642,4.5206,49.993,94.322,96.382,84.001
31.376,98.796,56.816,-59.757,-6.0451,83.921,-17.417,4.5679,47.267,91.294,94.531,82.1
32.238,91.717,48.37,-58.276,-2.0738,75.502,-21.942,4.7667,44.77,88.016,92.539,80.074
33.112,84.086,39.511,-56.778,1.9722,66.455,-26.233,5.1485,42.57,84.547,90.428,77.951
33.984,76.106,30.445,-55.308,6.0203,56.929,-30.235,5.7521,40.727,80.952,88.222,75.756
34.849,68.023,21.483,-53.915,9.9707,47.168,-33.76,6.6176,39.317,77.293,85.947,73.518
35.696,60.095,13.041,-52.645,13.716,37.529,-36.462,7.7856,38.431,73.622,83.628,71.269
36.51,52.59,5.5484,-51.535,17.177,28.589,-37.919,9.298,38.166,69.979,81.297,69.039
37.277,45.806,-0.72169,-50.607,20.314,21.285,-37.836,11.195,38.585,66.408,78.998,66.856
37.991,40.073,-5.7638,-49.868,23.107,16.554,-36.22,13.502,39.681,62.953,76.765,64.742
38.65,35.646,-9.7828,-49.305,25.528,14.278,-33.352,16.214,41.37,59.651,74.619,62.698
39.253,32.504,-13.018,-48.89,27.53,13.248,-29.601,19.266,43.521,56.513,72.561,60.702
39.793,30.293,-15.61,-48.574,29.075,12.495,-25.266,22.541,46.002,53.501,70.56,58.705
40.268,28.555,-17.578,-48.294,30.177,11.753,-20.544,25.88,48.678,50.538,68.57,56.647
40.686,26.974,-18.897,-47.978,30.925,11.078,-15.559,29.11,51.386,47.519,66.536,54.458
41.058,25.434,-19.57,-47.553,31.435,10.559,-10.404,32.067,53.895,44.335,64.417,52.089
41.378,23.943,-19.649,-46.964,31.762,10.231,-5.1633,34.629,55.934,40.912,62.186,49.529
41.583,22.54,-19.233,-46.16,31.837,10.065,0.067018,36.746,57.257,37.237,59.833,46.798
41.533,21.222,-18.454,-45.082,31.518,9.9912,5.1616,38.439,57.719,33.347,57.371,43.946
41.045,19.925,-17.464,-43.647,30.683,9.9233,9.9627,39.777,57.291,29.335,54.828,41.034
39.955,18.558,-16.409,-41.758,29.305,9.7848,14.3,40.832,56.029,25.306,52.237,38.115
38.178,17.057,-15.394,-39.321,27.452,9.5279,18.031,41.659,54.031,21.342,49.635,35.226
35.718,15.413,-14.467,-36.273,25.244,9.1375,21.087,42.288,51.422,17.467,47.048,32.385
32.643,13.662,-13.628,-32.593,22.804,8.6225,23.485,42.734,48.35,13.654,44.48,29.593
29.059,11.844,-12.857,-28.305,20.256,8.0044,25.311,43.003,44.969,9.8464,41.917,26.837
25.096,9.9812,-12.13,-23.479,17.735,7.303,26.683,43.109,41.409,5.9943,39.333,24.101
20.903,8.0699,-11.434,-18.22,15.386,6.5296,27.718,43.072,37.768,2.0857,36.699,21.369
16.636,6.0935,-10.768,-12.673,13.33,5.6828,28.515,42.923,34.114,-1.8489,33.993,18.627
12.424,4.036,-10.14,-7.0067,11.605,4.7488,29.151,42.691,30.487,-5.7469,31.197,15.867
8.336,1.894,-9.5738,-1.4268,10.142,3.7045,29.68,42.406,26.905,-9.5444,28.3,13.086
4.3753,-0.3166,-9.1117,3.8133,8.8113,2.5253,30.136,42.088,23.374,-13.184,25.33,10.295
0.54621,-2.562,-8.8155,8.4168,7.5083,1.1958,30.536,41.753,19.924,-16.613,22.355,7.5388
-3.0575,-4.799,-8.7581,12.137,6.2358,-0.2806,30.886,41.413,16.632,-19.784,19.487,4.8941
-6.2561,-6.9834,-8.9961,14.911,5.0995,-1.878,31.182,41.081,13.618,-22.643,16.884,2.4718
-8.8813,-9.072,-9.5452,16.867,4.2414,-3.5527,31.423,40.768,10.987,-25.144,14.687,0.38362
-10.853,-11.025,-10.369,18.216,3.7622,-5.2542,31.609,40.482,8.7796,-27.254,12.999,-1.2737
-12.194,-12.813,-11.396,19.144,3.6811,-6.9378,31.746,40.229,6.9704,-28.969,11.843,-2.4545
-13.007,-14.432,-12.542,19.792,3.9359,-8.5711,31.841,40.005,5.4866,-30.318,11.19,-3.1726
-13.449,-15.899,-13.729,20.261,4.4117,-10.132,31.906,39.797,4.2368,-31.357,10.969,-3.4807
-13.686,-17.242,-14.89,20.624,4.9774,-11.605,31.953,39.592,3.1311,-32.156,11.099,-3.4589
-13.851,-18.483,-15.97,20.932,5.5262,-12.973,31.987,39.376,2.0968,-32.787,11.504,-3.1864
-14.022,-19.623,-16.927,21.209,5.9968,-14.214,32.015,39.138,1.088,-33.301,12.131,-2.7295
-14.218,-20.644,-17.741,21.463,6.3712,-15.304,32.039,38.876,0.088049,-33.733,12.924,-2.1377
-14.418,-21.525,-18.406,21.688,6.6607,-16.228,32.061,38.596,-0.89643,-34.097,13.832,-1.4456
-14.591,-22.253,-18.931,21.878,6.8901,-16.979,32.087,38.312,-1.8433,-34.389,14.809,-0.67538
-14.705,-22.828,-19.336,22.028,7.0862,-17.568,32.126,38.043,-2.7226,-34.601,15.817,0.15804
-14.745,-23.263,-19.646,22.138,7.2694,-18.011,32.187,37.813,-3.505,-34.718,16.83,1.0413
-14.709,-23.585,-19.888,22.211,7.4496,-18.335,32.275,37.639,-4.1714,-34.737,17.833,1.9574
-14.611,-23.822,-20.089,22.257,7.6272,-18.57,32.391,37.528,-4.7223,-34.667,18.826,2.8841
-14.468,-24.009,-20.28,22.285,7.7994,-18.752,32.522,37.468,-5.1823,-34.536,19.82,3.7987
-14.292,-24.176,-20.494,22.304,7.9694,-18.92,32.647,37.423,-5.5975,-34.379,20.838,4.6817
-14.076,-24.345,-20.763,22.319,8.1517,-19.105,32.74,37.336,-6.0248,-34.234,21.899,5.5186
-13.796,-24.519,-21.099,22.325,8.3685,-19.317,32.773,37.141,-6.5128,-34.118,23.006,6.2963
-13.426,-24.676,-21.481,22.31,8.6339,-19.54,32.731,36.787,-7.0761,-33.996,24.139,6.9963
-12.962,-24.767,-21.841,22.261,8.9372,-19.724,32.622,36.279,-7.6597,-33.736,25.247,7.5871
-12.448,-24.729,-22.085,22.168,9.2335,-19.803,32.492,35.738,-8.0979,-33.063,26.261,8.0221
-11.977,-24.5,-22.105,22.031,9.4513,-19.694,32.44,35.481,-8.1129,-31.524,27.114,8.246
-11.663,-24.046,-21.811,21.861,9.5092,-19.316,32.603,35.991,-7.4716,-28.446,27.776,8.217
-11.59,-23.373,-21.147,21.677,9.3384,-18.613,33.096,37.64,-6.2637,-22.953,28.301,7.9491
-11.748,-22.518,-20.132,21.491,8.9134,-17.594,33.906,40.57,-5.8966,-14.89,28.902,7.5697
-11.989,-21.521,-18.888,21.288,8.2911,-16.34,34.826,44.94,-6.4378,-12.316,30.01,7.3784
-12.013,-20.392,-17.639,21.001,7.6444,-14.968,35.26,44.164,-8.8986,-32.761,32.304,7.8883
-11.392,-19.073,-16.673,20.492,7.2597,-13.572,34.508,39.01,-13.459,-42.38,36.665,9.8361
-9.5832,-17.45,-16.264,19.509,7.4746,-12.179,33.189,30.924,-18.497,-41.206,43.995,14.172
-5.9448,-15.385,-16.605,17.579,8.5425,-10.773,32.296,22.153,-20.16,-33.655,53.875,21.819
-0.088262,-12.789,-17.771,13.903,10.392,-9.3586,28.322,22.585,-10.709,-14.941,51.664,28.223
4.9289,-9.6524,-19.642,9.0351,11.251,-8.0485,30.906,38.416,18.215,20.366,33.589,10.981
-4.7369,-5.997,-21.208,10.461,3.772,-7.108,47.717,76.736,78.561,75.981,28.536,0.62231
-16.384,-1.7827,-16.411,14.742,-4.2494,-6.943,74.884,145.2,177.92,157.82,25.758,-4.7934
-21.244,3.0163,-2.3841,15.466,-9.6865,-7.9833,109.98,244.05,292.2,270.14,29.433,-6.3808
-22.047,7.5058,5.2421,14.345,-12.19,-9.7744,144.91,345.14,404.13,403.06,47.442,1.0974
-16.451,8.4262,6.9966,10.264,-10.164,-4.0239,165.08,408.5,492.36,548.66,93.041,23.975
-0.7626,4.5136,2.1249,-0.93329,-1.0099,2.7186,155.18,406.68,532.48,701.05,182.61,69.453
29.145,9.0083,-10.042,-23.119,17.895,-0.85841,105.77,317.43,506.23,855.08,324.59,143.89
74.798,27.099,-29.51,-56.651,48.534,-5.1391,12.631,131.95,406.3,1001.8,514.55,248.05
133.23,50.548,-56.489,-98.699,91.601,-9.3978,-125.84,-143.05,236.06,1123.5,735.55,374.95
197.78,75.081,-91.391,-143.65,143.4,-15.315,-299.98,-487.9,3.8094,1191.9,964.73,513.55
261.33,94.504,-134.33,-184.77,198.19,-25.637,-494.28,-874.63,-284.74,1169.6,1169.4,649.21
316.37,101.99,-185.59,-214.56,252.44,-43.209,-692.34,-1273,-627.43,1016.7,1311.3,764.76
354.4,89.599,-244.27,-225.22,301.21,-71.672,-876.56,-1655.7,-1022.9,701.81,1354.5,843.25
368.21,49.004,-306.23,-209.96,339.15,-117.1,-1032,-2000.6,-1464.9,218.05,1274.6,870.5
354.4,-24.142,-366.99,-165.74,362.61,-186.06,-1148.8,-2290.2,-1935.1,-404.92,1067.6,838.75
314.97,-125.63,-426.88,-95.57,371.69,-269.96,-1223.2,-2510.5,-2398,-1099.4,755.85,749.86
257.47,-242.81,-484.76,-8.782,370.21,-357.98,-1257.2,-2651.4,-2805.3,-1773.3,383.52,616.32
193.38,-358.45,-536.25,81.153,362.99,-441.38,-1257.5,-2708.1,-3108.6,-2335.2,4.9634,458.64
134.53,-455.33,-575.53,160.25,353.32,-509.1,-1232.9,-2684.2,-3275,-2721.1,-330.28,299.71
89.088,-520.56,-597.01,217.96,342.06,-552.07,-1192.3,-2591.1,-3296.5,-2908.3,-588.89,158.66
59.251,-548.47,-596.85,249.84,327.94,-565.52,-1141.8,-2445.3,-3188.1,-2913.3,-758.22,47.061
41.49,-540.75,-573.46,257.91,308.28,-549.36,-1084.2,-2263.9,-2979.1,-2777.4,-844.01,-32.712
29.066,-504.3,-526.87,248.49,279.42,-506.92,-1018.8,-2060.9,-2703.8,-2549.2,-863.94,-86.633
15.545,-448.37,-458.44,229.05,237.95,-443.62,-942.96,-1846.1,-2393.8,-2271.4,-839.05,-123
-3.6188,-381.94,-371.65,205.89,183.46,-366.31,-854.14,-1625.9,-2074.5,-1976.4,-787.06,-146.18
-30.277,-312.33,-273.41,183.22,120.19,-282.72,-752.64,-1405.3,-1763.7,-1686,-720.3,-158.23
-61.564,-245.22,-174.02,162.99,55.682,-200.94,-641.57,-1188.9,-1473.2,-1416.2,-646.25,-160.95
-88.196,-184.78,-85.37,144.5,-1.7919,-128.41,-525.47,-982.26,-1211.3,-1179.5,-568.32,-151.06
-98.427,-135.36,-17.628,125.35,-45.501,-71.427,-411.13,-790.31,-983.32,-980.5,-485.92,-97.67
-92.635,-102.09,25.213,110.16,-71.461,-34.606,-306.83,-618.4,-789.19,-813.2,-404.83,-71.192
-82.238,-82.04,45.232,98.826,-80.078,-15.608,-218.85,-471.52,-626.92,-671.21,-343.51,-68.964
-72.24,-69.514,48.207,88.557,-75.082,-7.8657,-149.71,-352,-494.2,-553,-299.36,-69.605
-63.11,-62.384,38.949,78.904,-62.081,-8.3405,-98.512,-258.41,-388.39,-457.36,-264.18,-70.187
-55.33,-60.156,22.89,70.523,-46.607,-15.023,-62.343,-186.17,-306.07,-381.55,-234.62,-70.32
-49.478,-60.539,5.7346,63.696,-32.273,-23.877,-37.166,-130.29,-242.81,-322.29,-209.47,-70.036
-45.57,-61.024,-8.6816,58.127,-21.551,-31.595,-19.05,-88.428,-194.12,-276.66,-188.12,-69.449
-43.153,-57.155,-14.481,53.315,-21.638,-34.526,-5.1349,-58.201,-156.38,-242.23,-169.44,-68.669
-41.675,-48.339,-8.8323,48.858,-22.571,-27.608,6.173,-36.523,-127.15,-216.72,-151.7,-67.787
-40.653,-43.515,-7.6066,44.652,-21.108,-24.438,15.397,-20.87,-104.82,-197.78,-135.87,-66.877
-39.709,-41.305,-9.1816,40.87,-19.425,-23.384,19.634,-9.6699,-88.259,-183.14,-124.33,-66
-38.599,-40.2,-11.154,37.732,-18.14,-23.501,16.078,-2.4452,-76.588,-170.66,-116.81,-65.206
-37.278,-39.632,-12.945,35.319,-16.696,-24.126,17.511,-2.9117,-69.048,-157.91,-111.77,-64.535
-35.9,-39.292,-14.441,33.562,-14.761,-24.74,22.492,-1.9184,-64.629,-143.73,-108.1,-64.001
-34.671,-38.98,-15.385,32.312,-12.748,-25.03,26.259,6.5551,-61.764,-130.17,-105.24,-63.595
-33.708,-38.563,-15.622,31.417,-11.276,-24.874,28.463,14.209,-58.175,-118.95,-102.92,-63.281
-33.011,-37.962,-15.197,30.745,-10.61,-24.269,29.763,19.084,-52.008,-110.17,-100.99,-63.008
-32.513,-37.141,-14.241,30.197,-10.674,-23.256,30.58,22.161,-45.497,-103.37,-99.362,-62.726
-32.144,-36.093,-12.884,29.7,-11.263,-21.887,31.124,24.225,-40.905,-98.009,-97.944,-62.397
-31.854,-34.831,-11.225,29.21,-12.178,-20.214,31.505,25.69,-37.863,-93.642,-96.649,-61.996
-31.618,-33.379,-9.3308,28.703,-13.27,-18.289,31.782,26.777,-35.694,-89.921,-95.402,-61.516
-31.425,-31.765,-7.249,28.173,-14.446,-16.168,31.991,27.611,-34.019,-86.607,-94.152,-60.965
-31.274,-30.022,-5.0184,27.628,-15.657,-13.904,32.155,28.27,-32.631,-83.567,-92.879,-60.365
-31.158,-28.184,-2.679,27.08,-16.878,-11.554,32.295,28.798,-31.4,-80.741,-91.588,-59.74
-31.065,-26.281,-0.27554,26.542,-18.095,-9.1656,32.425,29.229,-30.239,-78.102,-90.304,-59.11
-30.979,-24.344,2.1482,26.026,-19.298,-6.782,32.557,29.586,-29.096,-75.634,-89.055,-58.485
-30.885,-22.396,4.5614,25.537,-20.484,-4.4345,32.696,29.891,-27.946,-73.309,-87.865,-57.863
-30.776,-20.464,6.9537,25.077,-21.65,-2.1488,32.839,30.16,-26.789,-71.094,-86.738,-57.24
-30.652,-18.568,9.3292,24.642,-22.784,0.049291,32.984,30.404,-25.629,-68.954,-85.667,-56.609
-30.519,-16.731,11.689,24.228,-23.862,2.1292,33.126,30.621,-24.471,-66.859,-84.636,-55.968
-30.386,-14.979,14.012,23.831,-24.859,4.0561,33.259,30.806,-23.313,-64.791,-83.638,-55.325
-30.262,-13.338,16.244,23.452,-25.75,5.7952,33.38,30.95,-22.144,-62.744,-82.684,-54.693
-30.147,-11.84,18.312,23.096,-26.518,7.3159,33.486,31.045,-20.953,-60.719,-81.804,-54.097
-30.039,-10.516,20.144,22.771,-27.154,8.5963,33.578,31.092,-19.728,-58.721,-81.035,-53.563
-29.933,-9.3911,21.694,22.487,-27.652,9.6254,33.654,31.095,-18.46,-56.751,-80.405,-53.109
-29.824,-8.478,22.941,22.249,-28.01,10.404,33.714,31.065,-17.15,-54.796,-79.922,-52.742
-29.706,-7.7753,23.889,22.058,-28.233,10.946,33.755,31.012,-15.808,-52.84,-79.567,-52.467
-29.571,-7.2657,24.552,21.909,-28.327,11.276,33.769,30.943,-14.462,-50.864,-79.306,-52.272
-29.413,-6.9222,24.941,21.794,-28.299,11.425,33.746,30.856,-13.147,-48.855,-79.095,-52.137
-29.228,-6.7156,25.059,21.704,-28.154,11.425,33.68,30.745,-11.896,-46.808,-78.883,-52.034
-29.017,-6.6221,24.906,21.63,-27.896,11.305,33.565,30.599,-10.728,-44.718,-78.628,-51.93
-28.776,-6.6257,24.48,21.568,-27.527,11.085,33.4,30.406,-9.6368,-42.581,-78.302,-51.79
-28.5,-6.7166,23.789,21.513,-27.051,10.778,33.183,30.153,-8.6018,-40.389,-77.894,-51.589
-28.17,-6.8865,22.843,21.463,-26.461,10.382,32.908,29.827,-7.5984,-38.135,-77.419,-51.315
-27.767,-7.1258,21.661,21.41,-25.743,9.8935,32.567,29.409,-6.615,-35.816,-76.896,-50.979
-27.276,-7.4245,20.262,21.353,-24.876,9.3028,32.145,28.878,-5.662,-33.436,-76.343,-50.605
-26.694,-7.7734,18.671,21.289,-23.844,8.6046,31.621,28.205,-4.7686,-31.005,-75.766,-50.225
-26.032,-8.1641,16.915,21.219,-22.649,7.802,30.971,27.357,-3.972,-28.542,-75.146,-49.868
-25.306,-8.5873,15.025,21.144,-21.306,6.9117,30.171,26.305,-3.3053,-26.065,-74.449,-49.55
-24.529,-9.0298,13.035,21.059,-19.843,5.9606,29.192,25.016,-2.7898,-23.583,-73.632,-49.263
-23.702,-9.4738,10.978,20.955,-18.28,4.9825,27.992,23.458,-2.4311,-21.089,-72.651,-48.979
-22.808,-9.8978,8.8878,20.818,-16.631,4.011,26.51,21.595,-2.2195,-18.557,-71.462,-48.654
-21.815,-10.278,6.7953,20.631,-14.892,3.0729,24.66,19.376,-2.1336,-15.944,-70.032,-48.245
-20.689,-10.59,4.7262,20.379,-13.051,2.1847,22.321,16.733,-2.1475,-13.199,-68.337,-47.71
-19.4,-10.81,2.6993,20.05,-11.095,1.3535,19.351,13.588,-2.2389,-10.275,-66.36,-47.022
-17.931,-10.924,0.72805,19.636,-9.0197,0.58087,15.61,9.8585,-2.396,-7.1383,-64.084,-46.161
-16.289,-10.924,-1.1754,19.138,-6.8499,-0.13096,11.013,5.4717,-2.6189,-3.7811,-61.489,-45.114
-14.501,-10.814,-2.9975,18.561,-4.6358,-0.77622,5.6077,0.3912,-2.9156,-0.21653,-58.547,-43.863
-12.598,-10.603,-4.7221,17.907,-2.4371,-1.345,-0.38537,-5.3618,-3.2956,3.5276,-55.223,-42.387
-10.6,-10.296,-6.3297,17.166,-0.30169,-1.8233,-6.635,-11.707,-3.7665,7.4094,-51.487,-40.66
-8.5094,-9.8921,-7.8005,16.312,1.7465,-2.1943,-12.838,-18.533,-4.3329,11.382,-47.334,-38.652
-6.3027,-9.3799,-9.1228,15.305,3.7062,-2.4422,-18.849,-25.731,-4.9963,15.399,-42.779,-36.342
-3.9413,-8.7457,-10.298,14.089,5.5875,-2.5567,-24.702,-33.227,-5.7548,19.416,-37.858,-33.718
-1.3873,-7.9791,-11.341,12.605,7.3967,-2.5339,-30.549,-40.969,-6.5991,23.409,-32.622,-30.783
1.3734,-7.0768,-12.266,10.8,9.1272,-2.3728,-36.569,-48.91,-7.5124,27.365,-27.121,-27.548
4.3113,-6.0437,-13.089,8.641,10.757,-2.0757,-42.888,-56.971,-8.4724,31.286,-21.417,-24.038
7.3509,-4.8909,-13.812,6.1259,12.26,-1.647,-49.522,-65.039,-9.4577,35.171,-15.574,-20.28
10.389,-3.6317,-14.428,3.2887,13.619,-1.0927,-56.38,-72.983,-10.455,39.003,-9.6638,-16.312
13.323,-2.2783,-14.922,0.19124,14.831,-0.41993,-63.305,-80.68,-11.463,42.748,-3.7689,-12.178
16.077,-0.83826,-15.269,-3.0906,15.905,0.36451,-70.139,-88.033,-12.493,46.344,2.0321,-7.9259
18.611,0.68583,-15.451,-6.4773,16.857,1.2566,-76.749,-94.974,-13.558,49.714,7.6612,-3.6047
20.915,2.295,-15.456,-9.8908,17.695,2.2502,-83.023,-101.44,-14.672,52.777,13.055,0.74389
22.999,3.9906,-15.293,-13.259,18.429,3.3325,-88.843,-107.38,-15.842,55.472,18.167,5.0935
24.886,5.7712,-14.989,-16.522,19.065,4.4832,-94.092,-112.73,-17.062,57.764,22.976,9.4373
26.595,7.6288,-14.582,-19.634,19.613,5.6763,-98.682,-117.45,-18.314,59.657,27.491,13.785
28.139,9.5453,-14.11,-22.563,20.078,6.8848,-102.58,-121.52,-19.574,61.183,31.738,18.152
29.517,11.493,-13.597,-25.292,20.464,8.0869,-105.83,-124.98,-20.81,62.395,35.755,22.553
30.723,13.444,-13.036,-27.813,20.763,9.2721,-108.49,-127.89,-21.988,63.361,39.585,26.991
31.755,15.392,-12.387,-30.129,20.965,10.447,-110.68,-130.32,-23.079,64.145,43.265,31.456
32.613,17.366,-11.578,-32.246,21.054,11.632,-112.47,-132.35,-24.06,64.799,46.818,35.919
33.307,19.434,-10.53,-34.177,21.02,12.858,-113.94,-134.04,-24.918,65.362,50.25,40.334
33.852,21.685,-9.184,-35.937,20.854,14.157,-115.15,-135.44,-25.646,65.861,53.548,44.643
34.267,24.212,-7.5111,-37.546,20.553,15.559,-116.14,-136.59,-26.231,66.314,56.686,48.786
34.573,27.099,-5.5065,-39.034,20.121,17.1,-116.93,-137.49,-26.658,66.745,59.64,52.717
34.788,30.41,-3.1797,-40.432,19.562,18.834,-117.55,-138.15,-26.898,67.182,62.399,56.413
34.928,34.178,-0.54606,-41.779,18.88,20.846,-118,-138.57,-26.922,67.663,64.97,59.88
35.004,38.396,2.3806,-43.112,18.069,23.272,-118.27,-138.73,-26.704,68.226,67.379,63.138
35.024,43.021,5.5982,-44.462,17.114,26.282,-118.35,-138.57,-26.224,68.904,69.655,66.208
34.989,47.996,9.1254,-45.847,15.983,30.049,-118.17,-138,-25.475,69.718,71.823,69.104
34.897,53.272,12.998,-47.269,14.624,34.685,-117.58,-136.89,-24.448,70.671,73.895,71.822
34.738,58.798,17.248,-48.716,12.971,40.184,-116.34,-135.02,-23.119,71.76,75.862,74.347
34.5,64.503,21.875,-50.17,10.955,46.375,-114.15,-132.13,-21.43,72.979,77.712,76.659
34.169,70.281,26.834,-51.614,8.5218,52.945,-110.66,-127.93,-19.273,74.329,79.431,78.74
33.738,76.006,32.049,-53.032,5.6664,59.552,-105.62,-122.16,-16.481,75.82,81.019,80.586
33.198,81.56,37.432,-54.413,2.4512,65.935,-98.969,-114.69,-12.827,77.463,82.487,82.2
32.547,86.867,42.901,-55.743,-1.0082,71.973,-90.869,-105.61,-8.0834,79.258,83.851,83.597
31.784,91.898,48.393,-57.011,-4.5867,77.661,-81.62,-95.175,-2.1677,81.181,85.127,84.791
30.922,96.656,53.865,-58.205,-8.186,83.054,-71.532,-83.668,4.7035,83.178,86.317,85.794
29.982,101.15,59.285,-59.31,-11.731,88.211,-60.836,-71.239,12.091,85.168,87.401,86.612
28.996,105.36,64.62,-60.308,-15.145,93.155,-49.704,-58.005,19.609,87.055,88.338,87.241
27.991,109.24,69.8,-61.169,-18.336,97.86,-38.346,-44.259,27.083,88.747,89.074,87.664
26.989,112.73,74.709,-61.856,-21.206,102.25,-27.11,-30.597,34.513,90.166,89.551,87.855
25.993,115.75,79.194,-62.327,-23.668,106.23,-16.492,-17.761,41.942,91.257,89.72,87.787
25.001,118.23,83.089,-62.543,-25.665,109.68,-6.9865,-6.3198,49.331,91.988,89.555,87.435
24.016,120.09,86.241,-62.473,-27.161,112.5,1.1555,3.4628,56.473,92.34,89.049,86.784
23.053,121.22,88.509,-62.099,-28.128,114.54,7.9496,11.483,62.996,92.302,88.216,85.825
22.155,121.41,89.746,-61.419,-28.525,115.61,13.422,17.666,68.465,91.867,87.087,84.561
21.382,120.44,89.788,-60.452,-28.287,115.43,17.39,22.077,72.522,91.032,85.706,83.007
20.81,118.13,88.476,-59.235,-27.345,113.74,19.632,25.037,75.002,89.794,84.118,81.188
20.5,114.42,85.712,-57.818,-25.675,110.42,20.183,26.991,75.933,88.151,82.369,79.139
20.491,109.41,81.512,-56.251,-23.345,105.58,19.312,28.302,75.481,86.096,80.489,76.895
20.785,103.28,76.028,-54.582,-20.504,99.502,17.32,29.188,73.89,83.613,78.5,74.496
21.351,96.251,69.494,-52.844,-17.309,92.462,14.473,29.764,71.464,80.696,76.412,71.977
22.137,88.528,62.144,-51.07,-13.863,84.651,11.034,30.115,68.554,77.358,74.239,69.373
23.088,80.329,54.156,-49.286,-10.205,76.172,7.2962,30.319,65.519,73.643,71.999,66.719
24.156,71.869,45.67,-47.526,-6.3471,67.102,3.5369,30.453,62.668,69.63,69.719,64.045
25.315,63.376,36.828,-45.826,-2.3149,57.553,-0.045593,30.577,60.213,65.411,67.427,61.382
26.548,55.09,27.826,-44.229,1.8219,47.719,-3.3313,30.724,58.269,61.086,65.159,58.753
27.84,47.269,18.945,-42.773,5.9526,37.943,-6.2268,30.914,56.877,56.749,62.958,56.184
29.17,40.164,10.561,-41.489,9.9586,28.79,-8.6003,31.167,56.027,52.49,60.869,53.71
30.505,33.985,3.0776,-40.396,13.743,21.063,-10.265,31.523,55.663,48.412,58.945,51.38
31.808,28.853,-3.2114,-39.498,17.226,15.513,-11.039,32.036,55.693,44.614,57.235,49.251
33.044,24.763,-8.2525,-38.789,20.326,12.246,-10.85,32.749,56.008,41.18,55.767,47.369
34.179,21.579,-12.218,-38.244,22.956,10.499,-9.768,33.666,56.521,38.142,54.538,45.744
35.179,19.077,-15.37,-37.81,25.048,9.3088,-7.9518,34.749,57.168,35.464,53.504,44.333
36.022,17.022,-17.899,-37.414,26.597,8.1751,-5.5641,35.921,57.892,33.057,52.588,43.05
36.703,15.236,-19.865,-36.982,27.687,7.0241,-2.7438,37.098,58.616,30.803,51.705,41.79
37.23,13.633,-21.27,-36.465,28.461,5.9371,0.38323,38.21,59.245,28.585,50.774,40.464
37.601,12.198,-22.142,-35.833,29.021,4.9936,3.6899,39.209,59.68,26.317,49.742,39.013
37.777,10.927,-22.543,-35.038,29.365,4.2247,7.0472,40.069,59.836,23.959,48.588,37.418
37.669,9.7928,-22.558,-33.984,29.401,3.6093,10.336,40.779,59.633,21.511,47.319,35.697
37.159,8.7291,-22.279,-32.522,29.029,3.0889,13.462,41.339,58.982,19.01,45.957,33.886
36.144,7.6566,-21.815,-30.509,28.209,2.589,16.352,41.755,57.789,16.501,44.533,32.034
34.572,6.5088,-21.274,-27.852,26.972,2.0374,18.947,42.043,55.988,14.01,43.071,30.185
32.452,5.2436,-20.753,-24.53,25.39,1.3741,21.199,42.214,53.589,11.527,41.578,28.365
29.833,3.8427,-20.319,-20.585,23.555,0.55734,23.076,42.278,50.693,9.0043,40.038,26.566
26.791,2.303,-19.999,-16.109,21.564,-0.43287,24.576,42.236,47.467,6.3758,38.424,24.754
23.416,0.63052,-19.78,-11.241,19.543,-1.587,25.734,42.088,44.079,3.587,36.706,22.879
19.815,-1.1636,-19.622,-6.1784,17.636,-2.8649,26.607,41.832,40.634,0.61776,34.867,20.9
16.103,-3.0645,-19.486,-1.1576,15.985,-4.2081,27.259,41.475,37.166,-2.5125,32.893,18.794
12.381,-5.0557,-19.342,3.5845,14.661,-5.5635,27.749,41.03,33.658,-5.7523,30.789,16.56
8.7096,-7.1225,-19.19,7.8489,13.634,-6.9079,28.123,40.516,30.086,-9.0388,28.564,14.214
5.1172,-9.253,-19.061,11.49,12.794,-8.2555,28.415,39.961,26.448,-12.305,26.239,11.786
1.6519,-11.435,-19.024,14.429,12.036,-9.6474,28.646,39.398,22.795,-15.484,23.858,9.321
-1.5635,-13.648,-19.165,16.672,11.338,-11.127,28.83,38.86,19.231,-18.507,21.486,6.8859
-4.3533,-15.857,-19.557,18.321,10.768,-12.715,28.971,38.374,15.884,-21.311,19.224,4.5665
-6.5721,-18.004,-20.222,19.521,10.43,-14.393,29.074,37.95,12.86,-23.844,17.188,2.4552
-8.1674,-20.023,-21.122,20.402,10.392,-16.103,29.137,37.585,10.205,-26.084,15.476,0.62708
-9.1899,-21.855,-22.169,21.057,10.642,-17.764,29.163,37.258,7.8967,-28.033,14.152,-0.88853
-9.7684,-23.476,-23.257,21.548,11.099,-19.301,29.156,36.944,5.877,-29.722,13.224,-2.0971
-10.067,-24.887,-24.287,21.92,11.651,-20.667,29.126,36.626,4.079,-31.192,12.647,-3.0352
-10.24,-26.114,-25.199,22.214,12.197,-21.847,29.086,36.299,2.4548,-32.48,12.351,-3.7498
-10.389,-27.184,-25.97,22.461,12.674,-22.853,29.056,35.977,0.98353,-33.604,12.278,-4.274
-10.549,-28.119,-26.614,22.68,13.061,-23.711,29.051,35.68,-0.33364,-34.568,12.385,-4.6348
-10.708,-28.93,-27.16,22.878,13.368,-24.446,29.086,35.435,-1.4883,-35.365,12.653,-4.8507
-10.829,-29.619,-27.636,23.054,13.619,-25.076,29.168,35.257,-2.4781,-35.993,13.074,-4.9394
-10.885,-30.18,-28.051,23.198,13.83,-25.605,29.293,35.154,-3.3134,-36.458,13.635,-4.9224
-10.87,-30.604,-28.399,23.301,14.01,-26.023,29.451,35.124,-4.0157,-36.774,14.315,-4.8235
-10.796,-30.894,-28.666,23.36,14.157,-26.32,29.629,35.157,-4.6112,-36.958,15.075,-4.6625
-10.698,-31.067,-28.843,23.379,14.266,-26.498,29.814,35.244,-5.1246,-37.025,15.875,-4.4507
-10.608,-31.157,-28.934,23.376,14.335,-26.573,29.995,35.375,-5.575,-36.991,16.684,-4.1885
-10.543,-31.21,-28.968,23.369,14.375,-26.584,30.167,35.535,-5.9763,-36.877,17.487,-3.8675
-10.489,-31.269,-28.989,23.373,14.407,-26.583,30.323,35.696,-6.342,-36.718,18.292,-3.4762
-10.399,-31.361,-29.044,23.391,14.464,-26.615,30.457,35.813,-6.6893,-36.545,19.12,-3.01
-10.224,-31.486,-29.162,23.416,14.57,-26.704,30.559,35.834,-7.036,-36.366,19.987,-2.4816
-9.9333,-31.614,-29.33,23.43,14.726,-26.836,30.623,35.72,-7.3787,-36.125,20.893,-1.9279
-9.5497,-31.683,-29.489,23.413,14.903,-26.962,30.661,35.497,-7.6499,-35.65,21.807,-1.4093
-9.1513,-31.616,-29.556,23.349,15.046,-27.008,30.72,35.324,-7.6756,-34.611,22.681,-1.0013
-8.8549,-31.346,-29.446,23.234,15.091,-26.891,30.899,35.539,-7.2093,-32.485,23.465,-0.77565
-8.7696,-30.843,-29.094,23.076,14.976,-26.536,31.32,36.564,-6.1453,-28.51,24.159,-0.76765
-8.9338,-30.125,-28.469,22.893,14.67,-25.912,32.044,38.657,-4.9375,-21.816,24.88,-0.92789
-9.2588,-29.249,-27.613,22.694,14.199,-25.058,33.008,42.083,-5.7884,-13.71,25.941,-1.0619
-9.5041,-28.276,-26.671,22.461,13.666,-24.082,33.977,45.627,-7.1335,-20.045,27.905,-0.77673
-9.2903,-27.221,-25.886,22.127,13.268,-23.117,34.394,42.708,-10.711,-39.837,31.576,0.53919
-8.123,-26.026,-25.537,21.558,13.258,-22.267,33.821,37.223,-15.305,-42.641,37.877,3.6842
-5.3976,-24.555,-25.826,20.506,13.856,-21.574,32.998,29.643,-18.945,-39.055,47.363,9.5789
-0.51903,-22.648,-26.765,18.494,15.099,-21.037,32.408,22.708,-17.495,-27.19,54.421,18.701
5.6107,-20.211,-27.994,14.788,15.846,-20.673,28.186,24.797,-2.9892,-1.4964,37.306,21.536
2.345,-17.29,-27.388,10.848,7.9364,-20.556,31.869,42.858,34.159,42.477,29.604,5.106
-13.184,-14.049,-16.454,13.287,-1.1469,-20.765,49.187,84.558,104.07,107.46,25.912,-1.9699
-19.797,-10.666,-3.4707,15.954,-7.5422,-21.063,76.61,157.36,204.08,200.62,26.828,-6.4738
-22.215,-7.4191,2.5649,16.161,-11.126,-19.431,111.9,258.47,316.72,323.97,38.876,-6.0496
-19.293,-5.1265,2.6495,14.654,-9.7839,-8.7924,146.47,357.9,426.36,461.06,71.059,5.2117
-8.414,-4.9346,-4.2181,9.0516,-0.7374,-4.6619,165.14,421.3,510.44,605.81,137.75,35.313
13.921,-5.067,-18.386,-5.5359,18.208,-9.4907,152.7,419.11,546.69,756.84,253.15,93.388
50.964,8.4366,-39.938,-31.897,48.56,-15.375,99.276,327.98,518.82,908.92,420.39,184.82
102.95,28.149,-69.38,-69.297,90.836,-21.324,1.0897,140.14,419.52,1051.1,628.9,305.33
165.49,51.679,-107.41,-113.51,142.58,-28.276,-139.42,-134.86,249.59,1162,860.64,442.92
231.72,73.323,-153.85,-158.04,199.26,-38.909,-310.25,-474.62,14.584,1208.2,1087.5,583.67
294.41,85.728,-206.59,-195.66,257.35,-56.673,-496.09,-850.66,-279.72,1149.2,1270.5,710.66
345.05,81.961,-263.61,-218.72,311.93,-85.045,-680.37,-1234.6,-629.76,946,1369.2,805.86
375.1,55.848,-323.89,-220.08,357.64,-127.68,-847.09,-1601.7,-1031.8,575.03,1352.1,853.52
378.45,2.606,-385.46,-194.56,390.32,-186.22,-983.72,-1932.3,-1475.6,42.788,1205.2,843.57
353.77,-78.896,-445.84,-141.11,407.92,-258.06,-1083,-2210.1,-1938.2,-607.07,938.62,774.45
305.47,-183.58,-502.81,-64.536,411.34,-339.66,-1143.7,-2421.9,-2381.4,-1298.7,585.61,654.49
242.98,-299.51,-554.3,24.632,404.45,-423.99,-1169.6,-2558,-2758.3,-1941.1,195.98,500.82
178.36,-410.41,-597.27,112.54,392.09,-501.2,-1168.1,-2614.7,-3026.6,-2452.6,-176.72,335.46
122.39,-500.55,-627.58,186.04,377.7,-561.45,-1147.5,-2596.3,-3161.8,-2782.2,-488.69,179.7
81.281,-559.11,-641.13,236.48,362.24,-597.45,-1114.8,-2513.5,-3163.2,-2918.5,-714.9,49.105
55.215,-582.32,-635.02,261.54,344.38,-605.93,-1073.9,-2381.2,-3049.8,-2884.5,-850.88,-48.928
39.488,-572.69,-607.79,264.57,321.34,-587.38,-1025.8,-2213.2,-2850.5,-2723.5,-908.41,-115
27.671,-536.47,-559.03,252.1,289.85,-544.67,-968.57,-2021.2,-2595.3,-2483.5,-907.22,-155.86
14.034,-481.06,-489.31,231.14,247.4,-481.81,-899.06,-1813.6,-2309.2,-2205,-866.68,-179.07
-5.8844,-413.66,-401.33,207.51,193.55,-403.85,-814.78,-1596.7,-2011.7,-1917.1,-802.01,-189.32
-33.821,-341.12,-301.52,184.99,131.17,-317.47,-715.7,-1375.9,-1717.1,-1638.7,-724.2,-189.37
-65.701,-270.08,-200.4,165.07,66.69,-231.2,-605.27,-1157.6,-1436.5,-1381.1,-640.83,-180.76
-89.542,-206.76,-110.24,147.08,8.3177,-154.34,-490.22,-948.76,-1179,-1152.4,-556.81,-151.71
-93.302,-156.23,-40.502,130.5,-36.711,-94.302,-379.05,-757.19,-951.06,-956.91,-476.33,-102.65
-83.444,-119.76,5.493,117.33,-63.815,-53.315,-279.76,-589.81,-756.71,-791.09,-408.97,-87.42
-72.827,-94.799,29.22,106.44,-73.717,-29.075,-197.69,-450,-597,-651.46,-358.23,-84.241
-64.118,-78.282,35.287,95.908,-70.373,-18.165,-134.4,-337.33,-470.02,-537.32,-317.01,-82.758
-56.806,-67.838,28.969,85.367,-58.909,-16.511,-88.252,-248.98,-371.3,-446.08,-280.16,-81.034
-50.925,-62.887,15.177,75.705,-44.313,-21.053,-55.88,-180.25,-295.02,-373.91,-247.12,-78.89
-46.67,-62.087,-0.47006,67.681,-30.134,-28.476,-33.115,-126.65,-235.91,-317.25,-218.69,-76.496
-43.875,-62.476,-13.508,61.187,-18.808,-35.177,-16.319,-86.059,-189.84,-273.35,-194.82,-74.06
-42.126,-61.047,-19.283,55.681,-19.875,-38.532,-3.0472,-56.473,-153.72,-240.05,-174.51,-71.743
-40.997,-52.987,-13.775,50.57,-22.267,-31.421,7.9447,-35.301,-125.39,-215.25,-155.42,-69.638
-40.129,-45.752,-10.524,45.598,-22.041,-26.895,16.816,-20.272,-103.48,-196.78,-137.71,-67.789
-39.246,-42.109,-9.6585,41.029,-21.136,-24.616,18.858,-9.8209,-87.128,-182.42,-124.78,-66.213
-38.196,-40.025,-9.7878,37.261,-20.376,-23.401,15.188,-3.8828,-75.736,-170.09,-116.69,-64.915
-37.008,-38.603,-10.017,34.429,-19.602,-22.68,18.238,-7.6994,-68.579,-157.53,-111.53,-63.884
-35.848,-37.453,-9.8837,32.417,-18.731,-21.991,23.31,-6.9027,-64.476,-144.03,-107.94,-63.085
-34.896,-36.352,-9.1447,31.015,-18.075,-21.036,26.697,1.2375,-61.748,-131.44,-105.25,-62.462
-34.236,-35.16,-7.7587,30.027,-17.965,-19.678,28.663,8.655,-58.295,-121.04,-103.16,-61.949
-33.847,-33.797,-5.8267,29.297,-18.491,-17.891,29.859,13.592,-52.634,-112.77,-101.46,-61.488
-33.655,-32.226,-3.4964,28.714,-19.547,-15.72,30.648,16.801,-46.486,-106.17,-100.06,-61.037
-33.59,-30.445,-0.89138,28.202,-20.96,-13.235,31.209,19.023,-41.83,-100.78,-98.869,-60.574
-33.611,-28.482,1.9142,27.717,-22.564,-10.526,31.63,20.683,-38.563,-96.246,-97.828,-60.091
-33.701,-26.388,4.879,27.243,-24.226,-7.6953,31.952,22,-36.132,-92.295,-96.902,-59.591
-33.848,-24.231,7.9625,26.779,-25.855,-4.8549,32.2,23.095,-34.189,-88.749,-96.067,-59.076
-34.036,-22.083,11.103,26.333,-27.388,-2.1122,32.393,24.045,-32.535,-85.507,-95.312,-58.546
-34.238,-20.006,14.223,25.908,-28.792,0.45173,32.556,24.907,-31.029,-82.512,-94.634,-57.991
-34.425,-18.046,17.245,25.506,-30.048,2.792,32.715,25.729,-29.561,-79.728,-94.039,-57.403
-34.567,-16.226,20.113,25.13,-31.152,4.8964,32.89,26.54,-28.049,-77.119,-93.535,-56.779
-34.651,-14.551,22.801,24.779,-32.113,6.7742,33.087,27.351,-26.458,-74.647,-93.129,-56.122
-34.678,-13.012,25.313,24.453,-32.949,8.4448,33.302,28.159,-24.812,-72.274,-92.82,-55.457
-34.665,-11.597,27.658,24.15,-33.686,9.9281,33.52,28.947,-23.173,-69.969,-92.593,-54.811
-34.642,-10.297,29.836,23.868,-34.345,11.236,33.721,29.692,-21.615,-67.713,-92.423,-54.21
-34.634,-9.1195,31.815,23.605,-34.937,12.369,33.89,30.37,-20.184,-65.499,-92.283,-53.662
-34.659,-8.0855,33.541,23.366,-35.463,13.312,34.02,30.964,-18.89,-63.331,-92.142,-53.166
-34.72,-7.2258,34.956,23.16,-35.913,14.047,34.116,31.47,-17.701,-61.22,-91.983,-52.701
-34.808,-6.5678,36.023,22.999,-36.275,14.562,34.19,31.894,-16.556,-59.184,-91.803,-52.247
-34.904,-6.127,36.733,22.888,-36.536,14.856,34.258,32.246,-15.39,-57.237,-91.616,-51.797
-34.983,-5.9025,37.103,22.829,-36.684,14.946,34.329,32.535,-14.165,-55.386,-91.443,-51.363
-35.025,-5.8767,37.167,22.819,-36.711,14.855,34.402,32.768,-12.88,-53.619,-91.304,-50.966
-35.012,-6.015,36.961,22.85,-36.616,14.616,34.47,32.95,-11.576,-51.912,-91.2,-50.626
-34.938,-6.2739,36.52,22.909,-36.404,14.261,34.519,33.078,-10.312,-50.234,-91.115,-50.352
-34.809,-6.6093,35.868,22.981,-36.085,13.82,34.535,33.138,-9.1456,-48.551,-91.016,-50.136
-34.64,-6.9876,35.02,23.052,-35.678,13.312,34.5,33.107,-8.1156,-46.838,-90.864,-49.951
-34.444,-7.3914,33.984,23.112,-35.205,12.749,34.403,32.954,-7.23,-45.087,-90.629,-49.762
-34.227,-7.8201,32.764,23.155,-34.678,12.125,34.234,32.652,-6.4668,-43.302,-90.296,-49.537
-33.985,-8.286,31.361,23.179,-34.096,11.429,33.988,32.184,-5.7842,-41.503,-89.867,-49.259
-33.705,-8.8065,29.769,23.188,-33.437,10.645,33.661,31.545,-5.1408,-39.716,-89.351,-48.942
-33.374,-9.3967,27.982,23.188,-32.667,9.7626,33.246,30.736,-4.5143,-37.967,-88.765,-48.614
-32.982,-10.061,26.002,23.186,-31.748,8.7819,32.732,29.758,-3.908,-36.275,-88.114,-48.311
-32.516,-10.789,23.841,23.185,-30.659,7.7133,32.105,28.61,-3.3446,-34.641,-87.389,-48.057
-31.967,-11.553,21.528,23.184,-29.393,6.5783,31.351,27.279,-2.8567,-33.047,-86.572,-47.841
-31.326,-12.318,19.098,23.172,-27.962,5.4037,30.451,25.733,-2.479,-31.461,-85.628,-47.622
-30.576,-13.043,16.583,23.139,-26.381,4.2153,29.374,23.925,-2.2419,-29.841,-84.515,-47.344
-29.7,-13.694,14.011,23.067,-24.663,3.032,28.057,21.782,-2.1618,-28.149,-83.191,-46.95
-28.672,-14.244,11.404,22.945,-22.811,1.8642,26.397,19.209,-2.2333,-26.354,-81.612,-46.388
-27.471,-14.677,8.781,22.759,-20.813,0.71702,24.244,16.097,-2.4296,-24.44,-79.736,-45.627
-26.081,-14.985,6.1663,22.496,-18.651,-0.40557,21.406,12.332,-2.7129,-22.393,-77.514,-44.652
-24.503,-15.168,3.5867,22.152,-16.315,-1.498,17.688,7.8269,-3.0483,-20.199,-74.893,-43.456
-22.752,-15.233,1.0723,21.728,-13.817,-2.5507,12.987,2.5565,-3.4162,-17.832,-71.814,-42.032
-20.85,-15.186,-1.345,21.225,-11.196,-3.5486,7.3913,-3.4136,-3.8189,-15.26,-68.218,-40.367
-18.822,-15.034,-3.6364,20.643,-8.5128,-4.4727,1.1944,-9.9396,-4.2781,-12.441,-64.059,-38.435
-16.677,-14.778,-5.7825,19.974,-5.8257,-5.3046,-5.2266,-16.865,-4.8254,-9.3326,-59.299,-36.2
-14.407,-14.413,-7.7757,19.195,-3.1725,-6.0288,-11.574,-24.09,-5.4882,-5.9035,-53.922,-33.619
-11.978,-13.93,-9.6178,18.273,-0.56669,-6.6326,-17.712,-31.592,-6.2769,-2.1445,-47.949,-30.66
-9.3462,-13.31,-11.311,17.158,1.9889,-7.1022,-23.668,-39.391,-7.1793,1.9246,-41.428,-27.315
-6.4679,-12.535,-12.855,15.798,4.4811,-7.4203,-29.595,-47.498,-8.1625,6.2575,-34.455,-23.608
-3.3276,-11.592,-14.239,14.14,6.8737,-7.5674,-35.706,-55.847,-9.1816,10.791,-27.163,-19.591
0.045607,-10.481,-15.451,12.147,9.1098,-7.5278,-42.175,-64.278,-10.192,15.459,-19.714,-15.33
3.5704,-9.2168,-16.479,9.8043,11.132,-7.2953,-49.035,-72.574,-11.164,20.212,-12.263,-10.894
7.1265,-7.8283,-17.317,7.1255,12.906,-6.8771,-56.157,-80.541,-12.093,25.008,-4.9395,-6.3356
10.584,-6.3486,-17.967,4.1514,14.427,-6.2906,-63.332,-88.08,-13,29.815,2.1648,-1.692
13.836,-4.8095,-18.437,0.94178,15.717,-5.5589,-70.378,-95.169,-13.924,34.595,9.006,3.019
16.818,-3.2339,-18.739,-2.4376,16.811,-4.7039,-77.181,-101.8,-14.906,39.302,15.567,7.7986
19.514,-1.6303,-18.884,-5.926,17.743,-3.7424,-83.646,-107.95,-15.969,43.874,21.851,12.665
21.934,0.0076127,-18.885,-9.4715,18.544,-2.6847,-89.647,-113.53,-17.111,48.243,27.868,17.646
24.106,1.6953,-18.758,-13.024,19.236,-1.5405,-95.024,-118.44,-18.298,52.348,33.63,22.766
26.055,3.4462,-18.524,-16.524,19.837,-0.32533,-99.644,-122.63,-19.475,56.145,39.142,28.03
27.796,5.2608,-18.209,-19.904,20.356,0.93666,-103.48,-126.11,-20.583,59.613,44.405,33.412
29.337,7.1218,-17.837,-23.096,20.8,2.2175,-106.59,-128.97,-21.578,62.749,49.414,38.854
30.685,8.9994,-17.418,-26.044,21.17,3.4939,-109.11,-131.31,-22.445,65.563,54.167,44.269
31.845,10.864,-16.946,-28.713,21.466,4.7538,-111.19,-133.27,-23.196,68.073,58.663,49.565
32.825,12.705,-16.395,-31.094,21.683,5.9985,-112.95,-134.96,-23.859,70.297,62.909,54.659
33.642,14.541,-15.728,-33.202,21.822,7.2407,-114.45,-136.43,-24.462,72.257,66.91,59.485
34.314,16.42,-14.902,-35.069,21.881,8.4994,-115.73,-137.72,-25.018,73.98,70.672,64.004
34.865,18.417,-13.886,-36.744,21.861,9.7933,-116.8,-138.81,-25.517,75.503,74.199,68.194
35.32,20.613,-12.67,-38.279,21.769,11.136,-117.66,-139.69,-25.924,76.87,77.489,72.052
35.704,23.083,-11.26,-39.732,21.611,12.538,-118.32,-140.34,-26.189,78.13,80.547,75.585
36.038,25.886,-9.6782,-41.155,21.396,14.003,-118.77,-140.76,-26.256,79.335,83.379,78.809
36.339,29.053,-7.9399,-42.594,21.124,15.544,-119.02,-140.95,-26.08,80.53,85.999,81.742
36.619,32.591,-6.0457,-44.076,20.795,17.182,-119.1,-140.89,-25.632,81.745,88.425,84.4
36.884,36.471,-3.9721,-45.61,20.396,18.955,-118.98,-140.56,-24.912,82.994,90.676,86.792
37.132,40.641,-1.6734,-47.18,19.91,20.922,-118.62,-139.85,-23.937,84.272,92.761,88.925
37.353,45.051,0.90927,-48.759,19.311,23.173,-117.91,-138.59,-22.727,85.561,94.682,90.798
37.533,49.673,3.8314,-50.313,18.569,25.843,-116.64,-136.54,-21.276,86.839,96.434,92.414
37.66,54.503,7.123,-51.819,17.655,29.107,-114.53,-133.39,-19.536,88.088,98.006,93.781
37.725,59.534,10.771,-53.266,16.543,33.132,-111.25,-128.88,-17.405,89.305,99.391,94.916
37.725,64.73,14.718,-54.653,15.217,37.982,-106.52,-122.79,-14.73,90.495,100.59,95.838
37.657,70.013,18.883,-55.984,13.674,43.527,-100.21,-115.07,-11.302,91.675,101.61,96.573
37.514,75.285,23.185,-57.261,11.925,49.49,-92.405,-105.81,-6.8857,92.858,102.47,97.141
37.292,80.46,27.553,-58.476,9.9979,55.595,-83.354,-95.25,-1.339,94.048,103.18,97.556
36.995,85.486,31.918,-59.612,7.9353,61.68,-73.381,-83.612,5.2108,95.237,103.75,97.827
36.634,90.344,36.203,-60.645,5.7871,67.704,-62.77,-71.043,12.353,96.394,104.18,97.952
36.227,95.023,40.315,-61.542,3.6096,73.706,-51.756,-57.649,19.657,97.472,104.45,97.921
35.789,99.492,44.147,-62.268,1.4686,79.726,-40.581,-43.702,26.911,98.415,104.52,97.714
35.328,103.66,47.583,-62.788,-0.55699,85.726,-29.562,-29.805,34.113,99.163,104.34,97.307
34.85,107.35,50.507,-63.068,-2.3777,91.522,-19.118,-16.761,41.325,99.664,103.86,96.671
34.357,110.32,52.826,-63.084,-3.9028,96.759,-9.6791,-5.2048,48.52,99.873,103.04,95.781
33.852,112.25,54.465,-62.822,-5.0509,100.95,-1.5194,4.6138,55.492,99.752,101.87,94.615
33.346,112.8,55.374,-62.279,-5.7545,103.48,5.3327,12.64,61.858,99.272,100.33,93.155
32.854,111.64,55.518,-61.462,-5.9634,103.71,10.891,18.803,67.167,98.41,98.437,91.393
32.395,108.6,54.853,-60.39,-5.65,101.18,14.96,23.143,71.061,97.151,96.218,89.33
31.994,103.74,53.291,-59.087,-4.8159,95.943,17.253,25.984,73.387,95.493,93.72,86.983
31.681,97.359,50.655,-57.585,-3.4879,88.57,17.729,27.788,74.185,93.443,90.991,84.377
31.489,89.857,46.721,-55.921,-1.7005,79.816,16.615,28.922,73.616,91.008,88.071,81.547
31.444,81.668,41.363,-54.133,0.51188,70.3,14.213,29.612,71.899,88.192,84.987,78.524
31.554,73.164,34.701,-52.257,3.1008,60.445,10.834,29.995,69.313,84.999,81.763,75.336
31.807,64.635,27.086,-50.325,5.9848,50.532,6.8339,30.178,66.203,81.435,78.423,72.002
32.171,56.283,18.968,-48.366,9.0505,40.784,2.6154,30.265,62.949,77.528,75.007,68.542
32.612,48.242,10.809,-46.414,12.172,31.449,-1.4723,30.346,59.889,73.334,71.565,64.988
33.103,40.619,3.0505,-44.507,15.237,22.903,-5.2173,30.483,57.267,68.946,68.156,61.392
33.627,33.538,-3.9449,-42.689,18.179,15.653,-8.5257,30.698,55.219,64.48,64.838,57.823
34.18,27.169,-9.9777,-41.006,20.975,10.092,-11.329,30.986,53.801,60.062,61.671,54.358
34.763,21.698,-15.037,-39.503,23.634,6.1347,-13.491,31.345,53.013,55.82,58.698,51.063
35.382,17.24,-19.228,-38.224,26.155,3.2343,-14.806,31.801,52.788,51.865,55.956,47.994
36.034,13.777,-22.675,-37.206,28.499,0.82982,-15.117,32.409,53.022,48.282,53.475,45.182
36.704,11.176,-25.473,-36.459,30.598,-1.3682,-14.434,33.218,53.612,45.11,51.265,42.636
37.363,9.2487,-27.692,-35.948,32.38,-3.4151,-12.908,34.242,54.51,42.329,49.323,40.33
37.975,7.8063,-29.383,-35.593,33.81,-5.2586,-10.715,35.443,55.708,39.871,47.617,38.208
38.511,6.6927,-30.589,-35.29,34.908,-6.8195,-7.989,36.743,57.179,37.634,46.101,36.193
38.955,5.7978,-31.35,-34.947,35.744,-8.0248,-4.8414,38.054,58.843,35.506,44.714,34.218
39.298,5.0586,-31.708,-34.502,36.367,-8.8298,-1.3836,39.305,60.572,33.398,43.401,32.234
39.528,4.4437,-31.705,-33.922,36.756,-9.231,2.2622,40.446,62.227,31.262,42.12,30.222
39.602,3.9321,-31.375,-33.188,36.81,-9.2678,5.9684,41.45,63.671,29.079,40.845,28.188
39.446,3.496,-30.749,-32.267,36.402,-9.0164,9.6104,42.296,64.757,26.848,39.573,26.156
38.956,3.0957,-29.869,-31.089,35.445,-8.5785,13.074,42.977,65.32,24.58,38.312,24.146
38.031,2.683,-28.8,-29.557,33.926,-8.0675,16.262,43.49,65.191,22.283,37.069,22.173
36.593,2.2092,-27.625,-27.57,31.911,-7.5897,19.092,43.846,64.242,19.945,35.843,20.241
34.608,1.6294,-26.429,-25.045,29.514,-7.2322,21.501,44.059,62.44,17.537,34.618,18.335
32.093,0.90456,-25.286,-21.934,26.877,-7.0538,23.457,44.148,59.892,15.018,33.363,16.431
29.116,0.0048077,-24.246,-18.242,24.159,-7.0826,24.962,44.125,56.832,12.341,32.043,14.496
25.79,-1.0863,-23.332,-14.035,21.532,-7.3157,26.067,43.995,53.54,9.4758,30.622,12.501
22.255,-2.3664,-22.544,-9.4547,19.167,-7.7233,26.846,43.758,50.22,6.415,29.072,10.427
18.648,-3.813,-21.865,-4.705,17.193,-8.2597,27.382,43.414,46.949,3.1858,27.37,8.2696
15.073,-5.3899,-21.277,-0.023493,15.659,-8.8817,27.748,42.972,43.697,-0.16742,25.518,6.0432
11.58,-7.0573,-20.764,4.3539,14.507,-9.5652,28.006,42.448,40.383,-3.5878,23.534,3.7758
8.1829,-8.7811,-20.33,8.2229,13.607,-10.312,28.21,41.867,36.928,-7.0151,21.446,1.5079
4.9066,-10.534,-20.002,11.442,12.831,-11.143,28.39,41.261,33.299,-10.387,19.314,-0.7104
1.8421,-12.289,-19.827,13.964,12.121,-12.079,28.559,40.662,29.533,-13.637,17.208,-2.8174
-0.86655,-14.016,-19.853,15.847,11.505,-13.126,28.708,40.098,25.74,-16.691,15.221,-4.7421
-3.0861,-15.674,-20.106,17.216,11.052,-14.264,28.822,39.586,22.061,-19.478,13.449,-6.4136
-4.7525,-17.223,-20.574,18.204,10.823,-15.453,28.894,39.126,18.612,-21.944,11.987,-7.7874
-5.8865,-18.631,-21.207,18.92,10.827,-16.64,28.927,38.701,15.443,-24.07,10.898,-8.8383
-6.5751,-19.883,-21.934,19.441,11.03,-17.777,28.929,38.29,12.55,-25.88,10.195,-9.5744
-6.9416,-20.984,-22.682,19.826,11.363,-18.833,28.907,37.875,9.9039,-27.428,9.8596,-10.028
-7.0986,-21.941,-23.393,20.116,11.753,-19.791,28.864,37.452,7.4881,-28.781,9.843,-10.242
-7.1295,-22.761,-24.028,20.337,12.142,-20.641,28.811,37.034,5.3045,-29.992,10.093,-10.246
-7.082,-23.446,-24.574,20.502,12.493,-21.382,28.763,36.647,3.3655,-31.087,10.568,-10.071
-6.9729,-23.996,-25.034,20.622,12.793,-22.012,28.745,36.322,1.68,-32.067,11.234,-9.7408
-6.816,-24.416,-25.418,20.703,13.039,-22.535,28.773,36.083,0.24568,-32.913,12.057,-9.2818
-6.6352,-24.719,-25.73,20.755,13.235,-22.953,28.858,35.94,-0.95355,-33.61,12.999,-8.7257
-6.4738,-24.928,-25.969,20.791,13.376,-23.272,28.996,35.888,-1.947,-34.15,14.019,-8.1089
-6.3874,-25.072,-26.125,20.827,13.457,-23.498,29.175,35.909,-2.7746,-34.545,15.081,-7.4654
-6.4244,-25.183,-26.195,20.88,13.468,-23.644,29.375,35.982,-3.4817,-34.822,16.158,-6.8169
-6.6016,-25.296,-26.19,20.962,13.412,-23.732,29.575,36.081,-4.1108,-35.024,17.235,-6.1696
-6.89,-25.437,-26.139,21.071,13.302,-23.792,29.751,36.181,-4.6944,-35.199,18.31,-5.5187
-7.2191,-25.619,-26.089,21.196,13.17,-23.854,29.889,36.251,-5.2533,-35.396,19.384,-4.8578
-7.498,-25.838,-26.083,21.315,13.056,-23.942,29.979,36.256,-5.7993,-35.642,20.461,-4.1867
-7.6486,-26.069,-26.141,21.405,12.993,-24.063,30.022,36.158,-6.3349,-35.914,21.545,-3.5141
-7.6402,-26.265,-26.238,21.449,12.983,-24.191,30.031,35.943,-6.8347,-36.114,22.628,-2.8615
-7.5162,-26.365,-26.297,21.439,12.987,-24.271,30.035,35.668,-7.2047,-36.034,23.687,-2.2686
-7.3969,-26.31,-26.21,21.383,12.93,-24.224,30.101,35.53,-7.2496,-35.342,24.686,-1.7966
-7.4459,-26.06,-25.87,21.305,12.724,-23.967,30.339,35.894,-6.7338,-33.556,25.588,-1.5149
-7.7992,-25.617,-25.197,21.234,12.294,-23.435,30.86,37.155,-5.6358,-29.988,26.41,-1.4634
-8.4841,-25.019,-24.179,21.192,11.601,-22.621,31.689,39.521,-4.8066,-23.803,27.283,-1.591
-9.3641,-24.322,-22.904,21.169,10.682,-21.593,32.718,43.353,-5.7466,-16.039,28.537,-1.6858
-10.14,-23.566,-21.595,21.114,9.6826,-20.476,33.673,45.498,-7.4357,-22.157,30.758,-1.319
-10.389,-22.734,-20.57,20.921,8.8767,-19.405,33.929,41.747,-11.317,-40.705,34.773,0.17157
-9.5995,-21.737,-20.156,20.424,8.6151,-18.468,33.104,36.492,-15.715,-43.021,41.535,3.6414
-7.156,-20.423,-20.573,19.323,9.2053,-17.691,32.081,29.671,-18.8,-39.321,51.229,10.051
-2.4499,-18.645,-21.833,17.044,10.686,-17.08,31.355,23.798,-16.443,-26.986,53.115,19.456
3.3471,-16.338,-23.559,12.902,11.645,-16.688,27.072,26.754,-0.79979,-0.50062,34.206,18.219
-1.6473,-13.56,-23.396,9.9678,4.6722,-16.649,31.965,46.303,38.185,44.341,28.58,3.1616
-14.796,-10.43,-12.594,13.769,-3.3074,-17.105,49.875,91.037,110.87,110.75,25.594,-3.0926
-20.566,-7.0736,-0.4305,15.887,-8.9723,-17.85,78.021,168.06,213.25,206.48,29.074,-7.0437
-22.55,-3.8598,4.9176,15.758,-11.969,-16.608,113.89,270.2,329.57,332.06,45.716,-5.1805
-19.001,-1.9283,4.2266,13.703,-10.26,-6.019,148.44,366.49,442.09,470.16,84.307,8.7746
-7.252,-2.4492,-3.4867,7.0227,-0.88089,-3.8897,166.3,426.03,525.72,616.09,158.55,43.168
16.169,-2.4711,-18.525,-8.8422,18.429,-8.9924,152.72,418.89,557.73,768.42,281.29,106.8
54.335,11.734,-41.057,-36.232,49.206,-14.842,98.095,322.21,523.54,921.4,454.37,203.48
107.21,31.882,-71.671,-74.193,91.957,-20.76,-1.149,128.84,417.79,1063,667.16,327.23
170.09,55.398,-110.68,-118.41,143.96,-28.086,-142.26,-151.32,241.96,1170.6,901.24,465.88
236.19,76.217,-157.66,-162.56,200.56,-39.828,-313.29,-495.36,1.1601,1210.4,1125.6,605.37
298.4,87.013,-210.57,-199.33,258.41,-59.248,-498.84,-874.08,-299.8,1141.3,1300,728.31
348.12,81.055,-267.51,-220.93,312.78,-89.318,-682.21,-1258.6,-657.77,925.15,1385,816.69
376.89,52.508,-327.75,-220.29,358.51,-133.39,-847.51,-1624.2,-1068.1,539.78,1351.8,855.38
378.8,-2.9786,-389.56,-192.59,391.34,-192.83,-982.43,-1951.4,-1518.4,-6.2739,1189.6,835.53
352.63,-86.115,-450.3,-137.21,408.88,-265.1,-1079.9,-2224.4,-1982.9,-665.94,910.94,757.17
302.95,-191.55,-507.42,-59.353,411.95,-346.8,-1138.9,-2430.1,-2421.6,-1359.6,550.94,630.16
239.61,-307.23,-558.67,30.146,404.7,-430.72,-1163.2,-2559,-2787.2,-1994.7,159.99,472.68
175.03,-416.96,-601.07,117.33,392.17,-506.97,-1160.5,-2608.2,-3039.5,-2491.3,-209.02,307.06
119.87,-505.24,-630.62,189.31,377.73,-565.84,-1139,-2582.5,-3157.3,-2802.5,-513.99,154.1
79.812,-561.72,-643.3,238.03,362.22,-600.31,-1105.9,-2493.9,-3142.7,-2921.6,-732.08,28.216
54.541,-583.08,-636.28,261.74,344.21,-607.37,-1065,-2357.4,-3016.6,-2874.1,-860.93,-64.568
39.196,-572.03,-608.09,263.98,320.72,-587.69,-1017,-2187.5,-2808.7,-2703.7,-913.44,-126.18
27.432,-534.81,-558.3,251.11,288.33,-544.18,-959.42,-1995.2,-2548.6,-2457.7,-908.94,-163.77
13.608,-478.76,-487.52,229.98,244.6,-480.84,-888.76,-1788.3,-2260.9,-2176.3,-865.92,-184.41
-6.6591,-411.03,-398.62,206.35,189.53,-402.62,-802.5,-1572.4,-1964.3,-1888.4,-799.14,-192.49
-34.89,-338.46,-298.29,183.95,126.53,-316.13,-701.3,-1352.8,-1672.7,-1613.3,-719.51,-190.74
-66.655,-267.71,-197.29,164.2,62.334,-229.95,-589.54,-1135.6,-1396.7,-1361.5,-634.75,-180.5
-89.797,-205.07,-107.94,146.35,4.9512,-153.47,-474.49,-927.97,-1144.5,-1137.9,-550.18,-149.09
-93.016,-155.37,-39.517,129.91,-38.457,-94.049,-364.53,-737.78,-921.78,-944.84,-471.08,-105.33
-82.738,-119.42,4.9208,116.82,-63.491,-53.784,-267.27,-572.43,-732.55,-780.28,-406.55,-91.402
-71.473,-94.733,27.137,105.91,-71.629,-30.303,-187.72,-435.5,-578,-642.15,-357.6,-87.752
-62.319,-78.487,31.853,95.349,-67.305,-20.177,-126.99,-326.09,-456.06,-529.91,-317.03,-85.639
-55.035,-68.391,24.614,84.846,-55.62,-19.33,-83.116,-240.61,-361.67,-440.56,-280.19,-83.342
-49.564,-63.684,10.695,75.252,-41.275,-24.262,-52.393,-174.02,-288.57,-370.01,-246.86,-80.681
-45.827,-62.884,-4.3259,67.236,-27.479,-31.412,-30.588,-122.13,-231.58,-314.62,-218.15,-77.804
-43.462,-63.104,-16.27,60.658,-17.955,-37.394,-14.241,-82.787,-186.79,-271.66,-194.12,-74.925
-42,-61.186,-18.236,54.964,-21.86,-39.389,-1.1287,-53.741,-151.35,-239.03,-173.71,-72.227
-41.041,-52.415,-11.582,49.576,-24.532,-30.415,9.7906,-32.576,-123.35,-214.71,-154.36,-69.811
-40.276,-45.072,-7.9405,44.42,-24.714,-25.581,18.258,-17.426,-101.66,-196.59,-136.42,-67.708
-39.491,-41.288,-6.3772,39.926,-24.307,-22.847,18.146,-7.0465,-85.633,-182.53,-123.54,-65.907
-38.598,-38.973,-5.6714,36.406,-23.999,-21.016,15.601,-1.8785,-74.672,-170.5,-115.54,-64.382
-37.66,-37.245,-4.9711,33.827,-23.739,-19.542,19.762,-4.8926,-67.847,-158.51,-110.36,-63.099
-36.829,-35.707,-3.8035,31.983,-23.554,-17.998,24.614,-1.5154,-63.875,-145.89,-106.67,-62.012
-36.232,-34.14,-1.9826,30.662,-23.683,-16.124,27.706,7.289,-61.157,-134.06,-103.81,-61.064
-35.911,-32.424,0.4617,29.692,-24.304,-13.831,29.57,14.678,-57.717,-124.04,-101.49,-60.194
-35.822,-30.518,3.3882,28.95,-25.406,-11.158,30.79,19.495,-51.978,-115.79,-99.566,-59.353
-35.887,-28.444,6.6402,28.349,-26.846,-8.2214,31.666,22.606,-45.293,-108.97,-97.937,-58.513
-36.034,-26.256,10.094,27.83,-28.452,-5.1698,32.334,24.729,-39.867,-103.2,-96.543,-57.671
-36.222,-24.019,13.666,27.356,-30.083,-2.1403,32.855,26.246,-35.895,-98.204,-95.338,-56.842
-36.43,-21.793,17.29,26.909,-31.647,0.76493,33.249,27.349,-32.894,-93.758,-94.291,-56.047
-36.65,-19.624,20.906,26.483,-33.098,3.485,33.529,28.143,-30.528,-89.734,-93.381,-55.307
-36.873,-17.542,24.444,26.076,-34.416,5.9926,33.713,28.705,-28.587,-86.064,-92.596,-54.629
-37.088,-15.568,27.835,25.693,-35.593,8.2808,33.832,29.105,-26.904,-82.718,-91.929,-54.009
-37.272,-13.715,31.023,25.335,-36.629,10.351,33.928,29.415,-25.329,-79.672,-91.375,-53.433
-37.411,-11.987,33.97,25.002,-37.523,12.206,34.04,29.703,-23.744,-76.881,-90.919,-52.874
-37.492,-10.388,36.659,24.692,-38.283,13.845,34.193,30.026,-22.092,-74.273,-90.54,-52.316
-37.515,-8.918,39.081,24.402,-38.917,15.265,34.387,30.414,-20.392,-71.763,-90.213,-51.753
-37.493,-7.5811,41.223,24.129,-39.436,16.464,34.606,30.862,-18.721,-69.276,-89.917,-51.191
-37.445,-6.3848,43.059,23.87,-39.851,17.444,34.821,31.331,-17.165,-66.767,-89.644,-50.658
-37.391,-5.3396,44.557,23.627,-40.172,18.213,35.004,31.763,-15.775,-64.231,-89.4,-50.176
-37.344,-4.4557,45.698,23.403,-40.409,18.785,35.134,32.113,-14.554,-61.706,-89.199,-49.768
-37.302,-3.7407,46.483,23.203,-40.569,19.178,35.204,32.36,-13.453,-59.25,-89.058,-49.444
-37.256,-3.198,46.937,23.03,-40.657,19.411,35.223,32.511,-12.396,-56.921,-88.992,-49.205
-37.187,-2.8261,47.102,22.886,-40.673,19.503,35.205,32.59,-11.313,-54.749,-89.008,-49.048
-37.081,-2.6165,47.024,22.77,-40.612,19.474,35.163,32.625,-10.165,-52.726,-89.102,-48.97
-36.926,-2.5525,46.745,22.676,-40.466,19.341,35.104,32.638,-8.9591,-50.805,-89.245,-48.964
-36.721,-2.6103,46.302,22.601,-40.235,19.12,35.027,32.643,-7.7339,-48.921,-89.405,-49.017
-36.475,-2.7612,45.72,22.541,-39.922,18.825,34.927,32.636,-6.5414,-47.008,-89.535,-49.106
-36.203,-2.9784,45.009,22.496,-39.537,18.464,34.796,32.59,-5.4286,-45.024,-89.586,-49.201
-35.921,-3.2416,44.171,22.463,-39.095,18.043,34.626,32.462,-4.4269,-42.964,-89.53,-49.27
-35.636,-3.5413,43.199,22.443,-38.604,17.562,34.407,32.201,-3.5468,-40.859,-89.347,-49.29
-35.343,-3.8771,42.081,22.432,-38.066,17.016,34.131,31.764,-2.7798,-38.758,-89.041,-49.245
-35.028,-4.2535,40.808,22.425,-37.472,16.406,33.796,31.127,-2.1082,-36.708,-88.626,-49.135
-34.672,-4.6733,39.378,22.416,-36.805,15.734,33.404,30.285,-1.5157,-34.746,-88.126,-48.97
-34.256,-5.1317,37.792,22.399,-36.041,15.006,32.954,29.249,-0.99357,-32.882,-87.562,-48.771
-33.759,-5.6135,36.058,22.365,-35.156,14.235,32.441,28.043,-0.53982,-31.108,-86.94,-48.567
-33.168,-6.0951,34.188,22.308,-34.13,13.43,31.856,26.688,-0.16094,-29.391,-86.245,-48.368
-32.474,-6.5514,32.19,22.221,-32.952,12.601,31.183,25.185,0.12397,-27.684,-85.451,-48.166
-31.672,-6.9615,30.068,22.099,-31.62,11.754,30.4,23.503,0.28231,-25.94,-84.512,-47.936
-30.757,-7.3121,27.82,21.936,-30.141,10.89,29.467,21.569,0.27795,-24.118,-83.377,-47.632
-29.721,-7.5979,25.44,21.728,-28.525,10.008,28.315,19.268,0.088037,-22.193,-82.003,-47.213
-28.548,-7.8201,22.925,21.468,-26.777,9.1069,26.836,16.465,-0.28502,-20.159,-80.359,-46.638
-27.222,-7.983,20.285,21.15,-24.89,8.1894,24.87,13.029,-0.81396,-18.017,-78.429,-45.878
-25.728,-8.0914,17.541,20.77,-22.848,7.2607,22.193,8.8522,-1.4569,-15.776,-76.202,-44.917
-24.059,-8.1469,14.73,20.322,-20.628,6.3293,18.555,3.891,-2.1724,-13.434,-73.655,-43.745
-22.213,-8.1468,11.893,19.797,-18.218,5.4067,13.807,-1.7973,-2.9305,-10.982,-70.747,-42.357
-20.196,-8.085,9.0798,19.184,-15.634,4.5059,8.0681,-8.047,-3.7195,-8.3968,-67.434,-40.743
-18.016,-7.9517,6.333,18.462,-12.915,3.64,1.7411,-14.656,-4.5468,-5.6472,-63.655,-38.893
-15.677,-7.7354,3.6876,17.609,-10.113,2.8243,-4.7232,-21.491,-5.4339,-2.6953,-59.365,-36.789
-13.176,-7.4229,1.1718,16.594,-7.2737,2.074,-11.057,-28.541,-6.4085,0.49313,-54.544,-34.411
-10.498,-7.0002,-1.1953,15.379,-4.4336,1.4093,-17.199,-35.881,-7.4919,3.9407,-49.192,-31.739
-7.6292,-6.455,-3.3957,13.925,-1.623,0.85578,-23.219,-43.609,-8.6871,7.6497,-43.353,-28.761
-4.5661,-5.7799,-5.4109,12.186,1.1239,0.43978,-29.261,-51.735,-9.975,11.596,-37.098,-25.479
-1.3264,-4.9769,-7.227,10.124,3.7645,0.18018,-35.508,-60.122,-11.32,15.733,-30.534,-21.918
2.0462,-4.0559,-8.8392,7.7134,6.2517,0.081647,-42.099,-68.495,-12.683,19.996,-23.773,-18.122
5.484,-3.0327,-10.253,4.9521,8.5448,0.13507,-49.044,-76.566,-14.04,24.311,-16.93,-14.149
8.9034,-1.924,-11.477,1.8695,10.614,0.3219,-56.205,-84.185,-15.39,28.616,-10.123,-10.065
12.217,-0.74227,-12.525,-1.4724,12.447,0.62789,-63.397,-91.358,-16.753,32.856,-3.4615,-5.9235
15.35,0.50838,-13.394,-4.9875,14.051,1.0474,-70.487,-98.165,-18.166,36.989,2.9724,-1.7534
18.247,1.835,-14.072,-8.5809,15.439,1.5858,-77.404,-104.64,-19.661,40.974,9.1202,2.4435
20.878,3.2543,-14.543,-12.164,16.628,2.2553,-84.057,-110.71,-21.252,44.763,14.958,6.6865
23.232,4.7859,-14.79,-15.66,17.631,3.066,-90.264,-116.2,-22.919,48.294,20.49,11.001
25.312,6.4427,-14.808,-19.008,18.458,4.0144,-95.772,-120.94,-24.606,51.507,25.734,15.405
27.128,8.2205,-14.611,-22.159,19.12,5.0782,-100.38,-124.87,-26.236,54.357,30.717,19.902
28.697,10.091,-14.23,-25.077,19.629,6.2189,-104.04,-128.04,-27.743,56.832,35.462,24.475
30.032,12.007,-13.706,-27.739,20,7.3927,-106.9,-130.59,-29.088,58.951,39.983,29.094
31.152,13.913,-13.078,-30.134,20.247,8.5635,-109.16,-132.71,-30.276,60.753,44.291,33.718
32.075,15.777,-12.366,-32.266,20.382,9.7135,-111.02,-134.54,-31.345,62.288,48.393,38.308
32.824,17.605,-11.562,-34.159,20.413,10.848,-112.64,-136.18,-32.345,63.599,52.301,42.832
33.426,19.459,-10.633,-35.857,20.344,11.991,-114.09,-137.69,-33.316,64.724,56.038,47.273
33.91,21.439,-9.5271,-37.412,20.178,13.177,-115.39,-139.05,-34.261,65.696,59.633,51.622
34.304,23.665,-8.2004,-38.88,19.92,14.437,-116.52,-140.2,-35.146,66.551,63.114,55.877
34.635,26.242,-6.6293,-40.305,19.572,15.794,-117.44,-141.11,-35.912,67.328,66.497,60.026
34.924,29.238,-4.8137,-41.716,19.144,17.265,-118.12,-141.75,-36.492,68.074,69.783,64.048
35.188,32.671,-2.7662,-43.129,18.642,18.876,-118.58,-142.11,-36.825,68.835,72.959,67.908
35.434,36.511,-0.49689,-44.548,18.07,20.677,-118.83,-142.22,-36.867,69.659,76.004,71.564
35.657,40.688,1.9958,-45.969,17.422,22.745,-118.9,-142.1,-36.598,70.58,78.895,74.978
35.847,45.128,4.7279,-47.384,16.68,25.189,-118.8,-141.74,-36.027,71.611,81.613,78.121
35.991,49.775,7.7255,-48.785,15.817,28.141,-118.48,-141.07,-35.185,72.74,84.146,80.973
36.076,54.613,11.015,-50.168,14.793,31.741,-117.81,-139.97,-34.104,73.942,86.488,83.522
36.096,59.645,14.605,-51.535,13.566,36.104,-116.54,-138.22,-32.796,75.188,88.639,85.761
36.053,64.856,18.479,-52.897,12.095,41.253,-114.35,-135.59,-31.232,76.463,90.6,87.691
35.954,70.184,22.584,-54.261,10.358,47.045,-110.94,-131.84,-29.325,77.769,92.375,89.327
35.807,75.518,26.854,-55.629,8.358,53.187,-106.13,-126.77,-26.936,79.12,93.971,90.692
35.621,80.744,31.225,-56.992,6.1347,59.365,-99.833,-120.2,-23.894,80.531,95.394,91.817
35.398,85.787,35.647,-58.322,3.7518,65.38,-92.094,-112.09,-20.054,82.002,96.649,92.729
35.136,90.624,40.076,-59.584,1.2818,71.175,-83.068,-102.57,-15.349,83.507,97.73,93.445
34.831,95.274,44.466,-60.734,-1.2086,76.797,-73.033,-91.861,-9.8139,84.994,98.619,93.969
34.481,99.751,48.754,-61.735,-3.6599,82.323,-62.335,-80.183,-3.5844,86.39,99.286,94.289
34.087,104.03,52.854,-62.55,-6.0103,87.797,-51.329,-67.684,3.1397,87.612,99.688,94.385
33.654,108.02,56.643,-63.154,-8.1864,93.156,-40.354,-54.565,10.156,88.577,99.777,94.231
33.193,111.54,59.971,-63.525,-10.103,98.201,-29.744,-41.244,17.325,89.211,99.506,93.804
32.715,114.37,62.684,-63.651,-11.671,102.61,-19.833,-28.403,24.558,89.452,98.836,93.085
32.236,116.29,64.653,-63.527,-12.807,106.06,-10.944,-16.769,31.73,89.257,97.748,92.061
31.771,117.15,65.794,-63.156,-13.441,108.25,-3.3085,-6.8377,38.566,88.596,96.24,90.726
31.34,116.81,66.067,-62.543,-13.518,108.93,2.9473,1.1442,44.633,87.461,94.333,89.07
30.969,115.11,65.462,-61.694,-13.002,107.82,7.6035,7.0746,49.443,85.857,92.069,87.091
30.681,111.93,63.947,-60.621,-11.885,104.7,10.212,11.103,52.636,83.813,89.503,84.786
30.501,107.2,61.424,-59.339,-10.202,99.518,10.458,13.683,54.114,81.365,86.695,82.168
30.443,101.04,57.73,-57.867,-8.0274,92.55,8.6096,15.333,54.055,78.546,83.7,79.259
30.508,93.724,52.734,-56.231,-5.4534,84.274,5.326,16.413,52.789,75.38,80.558,76.097
30.681,85.64,46.463,-54.456,-2.5675,75.159,1.2203,17.122,50.677,71.877,77.297,72.727
30.94,77.158,39.131,-52.569,0.55311,65.559,-3.2795,17.595,48.051,68.047,73.941,69.198
31.265,68.562,31.062,-50.6,3.8322,55.722,-7.8696,17.963,45.207,63.923,70.518,65.562
31.646,60.037,22.617,-48.588,7.1876,45.831,-12.333,18.36,42.409,59.575,67.069,61.873
32.087,51.709,14.177,-46.584,10.535,36.098,-16.533,18.884,39.876,55.116,63.649,58.183
32.597,43.704,6.1306,-44.646,13.801,26.898,-20.402,19.567,37.765,50.688,60.327,54.545
33.181,36.223,-1.1945,-42.838,16.945,18.85,-23.857,20.378,36.191,46.436,57.168,51.009
33.838,29.53,-7.6242,-41.217,19.955,12.564,-26.681,21.273,35.25,42.491,54.228,47.627
34.552,23.838,-13.15,-39.828,22.836,8.0808,-28.483,22.255,35.037,38.958,51.553,44.455
35.298,19.191,-17.838,-38.685,25.571,4.8143,-28.868,23.39,35.607,35.905,49.175,41.546
36.04,15.462,-21.747,-37.764,28.098,2.1081,-27.737,24.777,36.935,33.36,47.103,38.931
36.742,12.457,-24.923,-36.998,30.327,-0.39336,-25.377,26.484,38.926,31.302,45.332,36.609
37.371,9.9976,-27.429,-36.301,32.174,-2.7799,-22.203,28.5,41.485,29.668,43.839,34.541
37.91,7.9437,-29.35,-35.58,33.625,-5.0149,-18.512,30.732,44.521,28.363,42.587,32.653
38.353,6.1977,-30.774,-34.764,34.751,-7.0221,-14.462,33.039,47.908,27.269,41.523,30.869
38.7,4.6946,-31.779,-33.805,35.662,-8.7284,-10.148,35.276,51.458,26.277,40.591,29.116
38.942,3.3917,-32.427,-32.677,36.423,-10.085,-5.6467,37.336,54.958,25.307,39.741,27.348
39.04,2.2573,-32.764,-31.365,36.983,-11.084,-1.0306,39.162,58.213,24.304,38.932,25.555
38.924,1.2578,-32.821,-29.834,37.193,-11.765,3.5991,40.733,61.068,23.242,38.143,23.752
38.496,0.34784,-32.624,-28.012,36.892,-12.208,8.0936,42.051,63.392,22.117,37.368,21.962
37.652,-0.52993,-32.208,-25.801,35.991,-12.516,12.282,43.123,65.047,20.927,36.609,20.214
36.299,-1.4398,-31.624,-23.1,34.493,-12.786,16.023,43.964,65.869,19.663,35.867,18.53
34.373,-2.4447,-30.934,-19.843,32.475,-13.103,19.237,44.593,65.704,18.293,35.135,16.918
31.854,-3.6007,-30.201,-16.021,30.058,-13.52,21.899,45.035,64.48,16.765,34.394,15.366
28.781,-4.9506,-29.482,-11.704,27.394,-14.071,24.032,45.315,62.302,15.012,33.612,13.845
25.265,-6.5165,-28.82,-7.0372,24.673,-14.763,25.687,45.454,59.468,12.977,32.752,12.314
21.471,-8.2942,-28.25,-2.2283,22.122,-15.583,26.947,45.468,56.353,10.638,31.774,10.736
17.583,-10.252,-27.79,2.4818,19.953,-16.495,27.899,45.367,53.245,8.0159,30.655,9.0862
13.737,-12.337,-27.446,6.8531,18.303,-17.449,28.621,45.161,50.265,5.1679,29.388,7.3555
9.9985,-14.491,-27.209,10.68,17.166,-18.402,29.176,44.861,47.385,2.1653,27.981,5.5472
6.3775,-16.658,-27.061,13.832,16.411,-19.332,29.613,44.482,44.497,-0.92136,26.452,3.6746
2.8989,-18.795,-26.991,16.283,15.858,-20.246,29.97,44.036,41.478,-4.0281,24.84,1.7641
-0.34263,-20.873,-27.013,18.116,15.385,-21.171,30.273,43.545,38.238,-7.0917,23.185,-0.1391
-3.2028,-22.865,-27.161,19.468,14.973,-22.133,30.533,43.032,34.767,-10.043,21.548,-1.9669
-5.5571,-24.743,-27.468,20.473,14.674,-23.142,30.748,42.522,31.155,-12.807,19.998,-3.6311
-7.3492,-26.476,-27.937,21.235,14.548,-24.181,30.911,42.038,27.552,-15.321,18.626,-5.0462
-8.5944,-28.035,-28.536,21.822,14.617,-25.214,31.02,41.59,24.099,-17.549,17.519,-6.1341
-9.3638,-29.399,-29.211,22.273,14.857,-26.195,31.076,41.175,20.865,-19.492,16.736,-6.8559
-9.7499,-30.557,-29.895,22.617,15.217,-27.085,31.08,40.782,17.844,-21.183,16.303,-7.2208
-9.8511,-31.513,-30.534,22.871,15.633,-27.858,31.031,40.401,15.002,-22.67,16.201,-7.2774
-9.7569,-32.274,-31.088,23.05,16.052,-28.5,30.933,40.026,12.335,-23.998,16.39,-7.0857
-9.5337,-32.847,-31.539,23.161,16.436,-29.01,30.799,39.664,9.8801,-25.194,16.823,-6.7107
-9.2319,-33.242,-31.889,23.211,16.764,-29.391,30.654,39.33,7.6926,-26.264,17.453,-6.2023
-8.8874,-33.478,-32.149,23.211,17.029,-29.656,30.533,39.042,5.8167,-27.197,18.235,-5.5944
-8.5311,-33.58,-32.337,23.172,17.234,-29.825,30.464,38.815,4.2627,-27.975,19.126,-4.9105
-8.1957,-33.584,-32.469,23.112,17.384,-29.917,30.46,38.656,3.004,-28.585,20.082,-4.1706
-7.9162,-33.526,-32.555,23.048,17.485,-29.95,30.521,38.564,1.9846,-29.023,21.066,-3.3924
-7.7211,-33.436,-32.595,22.995,17.542,-29.936,30.63,38.534,1.1333,-29.301,22.055,-2.5898
-7.6186,-33.335,-32.593,22.96,17.559,-29.885,30.764,38.554,0.38066,-29.449,23.042,-1.7692
-7.5838,-33.237,-32.556,22.94,17.548,-29.808,30.895,38.606,-0.32527,-29.512,24.037,-0.92955
-7.5557,-33.151,-32.504,22.928,17.527,-29.721,30.997,38.665,-1.0114,-29.548,25.057,-0.064693
-7.4511,-33.079,-32.464,22.909,17.522,-29.644,31.06,38.695,-1.6818,-29.611,26.12,0.83047
-7.1929,-33.017,-32.46,22.867,17.556,-29.594,31.084,38.655,-2.3269,-29.73,27.234,1.7525
-6.7448,-32.945,-32.493,22.791,17.638,-29.575,31.084,38.515,-2.9248,-29.87,28.395,2.6818
-6.1409,-32.833,-32.538,22.676,17.75,-29.573,31.077,38.28,-3.42,-29.9,29.57,3.5762
-5.4928,-32.638,-32.549,22.53,17.848,-29.555,31.097,38.048,-3.6774,-29.556,30.708,4.368
-4.9679,-32.326,-32.475,22.366,17.87,-29.466,31.216,38.068,-3.4598,-28.413,31.745,4.9718
-4.7355,-31.875,-32.263,22.209,17.755,-29.242,31.54,38.72,-2.5283,-25.84,32.638,5.3105
-4.8945,-31.296,-31.873,22.08,17.47,-28.834,32.156,40.339,-1.1267,-20.958,33.43,5.3651
-5.4053,-30.622,-31.298,21.984,17.02,-28.241,33.046,43.126,-3.3674,-13.194,34.316,5.2409
-6.0525,-29.887,-30.593,21.895,16.461,-27.515,34.045,46.658,-4.5425,-8.6882,35.722,5.2323
-6.4572,-29.095,-29.896,21.747,15.919,-26.743,34.639,44.677,-7.2029,-30.139,38.342,5.8645
-6.1147,-28.182,-29.407,21.416,15.592,-26.001,34.009,40.202,-11.364,-42.362,43.102,7.8932
-4.4194,-27.016,-29.311,20.701,15.708,-25.334,32.476,34.553,-15.335,-41.483,50.891,12.27
-0.71314,-25.426,-29.685,19.23,16.428,-24.755,31.284,28.029,-16.706,-33.974,59.573,19.944
5.0633,-23.275,-30.382,16.323,17.479,-24.286,29.514,25.905,-10.476,-14.896,46.294,27.306
7.6263,-20.554,-30.406,11.85,13.38,-23.996,26.966,35.215,11.3,20.556,32.221,11.827
-7.2059,-17.409,-23.748,11.397,2.3885,-23.965,38.786,63.583,60.881,74.541,27.764,0.88453
-17.529,-14.058,-8.2072,15.147,-5.089,-24.083,61.048,120.85,150.37,149.57,26.917,-4.5981
-21.582,-10.725,0.28002,16.178,-10.096,-23.111,93.576,214.11,264.06,248.95,35.726,-6.5631
-21.068,-7.8985,2.6053,15.466,-10.926,-14.76,132.12,323.32,386.28,371.16,60.6,0.14393
-13.892,-6.6361,-2.2361,12.157,-4.8202,-5.6274,163.84,411.26,494.4,509.18,111.17,22.107
2.5984,-7.1714,-14.848,2.489,10.502,-9.6491,171.4,447.58,561.72,657.89,201.13,66.961
31.558,-0.15462,-35.115,-17.514,36.44,-15.524,141.87,402.86,567.98,812.36,340.5,141.53
75.037,18.049,-63.112,-48.66,73.822,-21.463,68.192,260.51,503.17,965.74,527.45,246.88
131.51,40.353,-99.446,-88.984,121.68,-27.845,-50.655,21.696,366.53,1103.6,749.46,375.62
195.71,63.784,-144.48,-133.58,176.21,-36.921,-208.17,-296.47,162.55,1200,984.5,515.55
261.28,81.165,-196.25,-175.88,233.99,-52.099,-390.1,-666.32,-103.15,1218.4,1197.8,650.99
320.41,85.135,-251.6,-208.2,290.97,-76.749,-580.18,-1056.9,-426.41,1117,1349.3,764.22
364.13,69.465,-309.55,-222.79,341.89,-114.18,-761.16,-1440.2,-804.16,860.36,1403,838.45
384.49,29.483,-369.13,-213.18,382.04,-166.12,-918.02,-1793.8,-1230.1,433.56,1334.6,860.3
377.05,-37.085,-428.93,-175.85,408.51,-230.22,-1040.4,-2100.4,-1688,-144.74,1139.3,823.18
342.64,-128.56,-487.31,-112.08,420.71,-304.94,-1123.6,-2345.8,-2146.8,-818.55,835.6,729.87
287.81,-237.66,-542.08,-29.065,420.48,-386.81,-1168.6,-2518.5,-2562.6,-1504,463.32,592.88
223.44,-351.31,-590.09,60.956,411.55,-467.73,-1181,-2611.2,-2888.8,-2110.8,74.695,432.19
161.33,-453.6,-627.4,143.97,397.96,-537.61,-1168.6,-2624.6,-3090.9,-2567,-279.56,270.22
110.43,-530.68,-650.03,208.47,382.42,-587.44,-1139.7,-2566.9,-3156.6,-2834.7,-562.72,125.9
74.582,-574.57,-654.9,248.55,365.58,-611.74,-1100.5,-2452.3,-3096.1,-2911.9,-758.38,10.585
52.219,-584.2,-640.24,264.4,346.11,-609.12,-1054.2,-2296,-2934.8,-2827.2,-868.9,-72.876
38.231,-563.69,-605.43,260.79,321.3,-581.4,-1000.5,-2111.6,-2703.4,-2628.9,-908.52,-128.5
26.734,-519.83,-550.53,244.51,287.98,-532.06,-936.9,-1908.8,-2430.3,-2366.5,-895.52,-163.19
12.467,-459.95,-476.51,222.16,243.72,-465.26,-860.12,-1695,-2137.9,-2078.5,-847.09,-182.31
-8.7754,-390.99,-386.53,198.8,188.37,-386.03,-768.55,-1475.8,-1843.1,-1790.5,-777.27,-189.24
-37.804,-319.56,-287.43,177.31,125.34,-301.01,-663.63,-1256.2,-1557.6,-1517.3,-696.48,-186.48
-68.212,-251.97,-189.47,158.4,61.536,-218.38,-550.32,-1041.9,-1290.4,-1267.7,-611.71,-174
-85.933,-193.77,-103.78,140.95,4.8636,-146.28,-436.15,-840.34,-1048.5,-1047.9,-526.8,-130.04
-84.083,-148.36,-38.66,125.53,-37.264,-90.452,-329.42,-659.99,-838.02,-861.61,-447.15,-92.611
-73.235,-115.37,2.8884,113.38,-60.43,-52.718,-237.24,-506.67,-661.9,-707.59,-384.06,-84.345
-63.227,-92.382,22.631,102.72,-67.04,-31.215,-163.72,-381.52,-520.06,-582.33,-336.51,-82.428
-55.55,-77.417,25.243,92.194,-62.081,-22.752,-108.93,-282.42,-409.14,-481.77,-296.88,-81.068
-49.861,-68.573,16.605,81.957,-50.544,-23.3,-70.085,-205.02,-323.35,-401.87,-261.74,-79.281
-45.962,-64.891,2.6681,72.904,-36.794,-28.816,-43.018,-144.5,-256.63,-339.14,-231.12,-77.079
-43.524,-64.322,-11.072,65.419,-22.732,-35.427,-23.59,-98.779,-204.61,-290.56,-205.2,-74.664
-42.055,-64.204,-21.259,59.216,-13.117,-40.264,-8.7272,-65.542,-164.2,-253.42,-183.46,-72.234
-41.115,-61.519,-21.62,53.743,-17.531,-40.405,3.385,-41.429,-132.89,-225.36,-164.1,-69.927
-40.392,-52.96,-16.211,48.547,-20.678,-31.823,13.493,-23.722,-108.88,-204.25,-145.25,-67.817
-39.673,-46.177,-12.745,43.689,-21.555,-27.733,20.484,-10.864,-91.075,-188.1,-129.59,-65.935
-38.838,-42.524,-10.785,39.538,-21.498,-25.209,18.852,-2.2296,-78.549,-174.9,-119.24,-64.291
-37.885,-40.194,-9.5087,36.278,-21.172,-23.29,18.719,-0.67963,-70.266,-162.31,-112.71,-62.884
-36.928,-38.361,-8.2649,33.831,-20.857,-21.561,23.535,-0.5373,-65.14,-148.13,-108.24,-61.702
-36.113,-36.65,-6.6731,32.013,-20.818,-19.716,27.527,7.7973,-61.908,-133.48,-104.92,-60.71
-35.539,-34.865,-4.5904,30.643,-21.249,-17.574,29.888,16.411,-58.869,-120.74,-102.31,-59.864
-35.22,-32.919,-2.0414,29.585,-22.166,-15.08,31.315,22.106,-53.736,-110.5,-100.24,-59.117
-35.106,-30.805,0.86762,28.741,-23.461,-12.274,32.256,25.68,-46.492,-102.41,-98.6,-58.436
-35.123,-28.562,4.0192,28.048,-24.986,-9.2564,32.928,28.052,-40.078,-95.94,-97.306,-57.809
-35.209,-26.252,7.3221,27.464,-26.609,-6.1523,33.434,29.734,-35.4,-90.639,-96.278,-57.235
-35.322,-23.931,10.715,26.959,-28.232,-3.0783,33.822,30.988,-31.943,-86.149,-95.433,-56.716
-35.445,-21.645,14.152,26.511,-29.786,-0.12917,34.117,31.947,-29.29,-82.23,-94.698,-56.243
-35.567,-19.427,17.578,26.1,-31.221,2.6256,34.332,32.686,-27.206,-78.738,-94.023,-55.798
-35.682,-17.302,20.922,25.71,-32.502,5.1417,34.485,33.253,-25.517,-75.606,-93.388,-55.359
-35.776,-15.288,24.107,25.328,-33.613,7.3999,34.597,33.688,-24.059,-72.795,-92.803,-54.909
-35.836,-13.394,27.073,24.944,-34.556,9.4062,34.698,34.034,-22.679,-70.261,-92.294,-54.444
-35.859,-11.624,29.798,24.557,-35.354,11.185,34.813,34.333,-21.262,-67.942,-91.886,-53.963
-35.857,-9.9816,32.295,24.173,-36.044,12.768,34.955,34.626,-19.755,-65.765,-91.597,-53.489
-35.851,-8.4697,34.6,23.809,-36.665,14.183,35.12,34.932,-18.182,-63.658,-91.425,-53.05
-35.87,-7.0963,36.743,23.484,-37.248,15.447,35.291,35.248,-16.626,-61.582,-91.356,-52.673
-35.934,-5.8726,38.733,23.211,-37.809,16.557,35.447,35.542,-15.177,-59.532,-91.364,-52.377
-36.048,-4.8121,40.555,22.996,-38.347,17.501,35.567,35.772,-13.9,-57.54,-91.42,-52.172
-36.203,-3.9279,42.171,22.837,-38.843,18.26,35.642,35.902,-12.813,-55.649,-91.494,-52.046
-36.378,-3.2282,43.54,22.725,-39.271,18.823,35.673,35.916,-11.88,-53.898,-91.568,-51.975
-36.543,-2.7101,44.63,22.647,-39.609,19.193,35.672,35.826,-11.03,-52.302,-91.633,-51.938
-36.671,-2.3575,45.433,22.586,-39.844,19.393,35.654,35.661,-10.177,-50.844,-91.687,-51.922
-36.738,-2.1451,45.959,22.527,-39.975,19.458,35.63,35.455,-9.2613,-49.481,-91.735,-51.926
-36.736,-2.0457,46.233,22.463,-40.009,19.426,35.603,35.236,-8.2649,-48.155,-91.773,-51.957
-36.67,-2.0359,46.284,22.394,-39.961,19.327,35.564,35.018,-7.213,-46.809,-91.793,-52.022
-36.559,-2.0999,46.14,22.331,-39.847,19.173,35.496,34.792,-6.1562,-45.407,-91.778,-52.115
-36.43,-2.2317,45.822,22.284,-39.682,18.963,35.381,34.531,-5.1502,-43.943,-91.704,-52.223
-36.306,-2.4328,45.342,22.266,-39.476,18.687,35.201,34.193,-4.2416,-42.447,-91.561,-52.322
-36.199,-2.7058,44.701,22.285,-39.232,18.331,34.946,33.731,-3.4608,-40.964,-91.344,-52.393
-36.101,-3.0474,43.899,22.337,-38.941,17.89,34.613,33.111,-2.8166,-39.54,-91.059,-52.421
-35.985,-3.4429,42.927,22.406,-38.585,17.367,34.208,32.313,-2.296,-38.197,-90.72,-52.4
-35.808,-3.8695,41.78,22.47,-38.137,16.772,33.741,31.34,-1.871,-36.925,-90.33,-52.332
-35.527,-4.3022,40.45,22.502,-37.566,16.125,33.219,30.205,-1.5114,-35.692,-89.893,-52.227
-35.105,-4.72,38.935,22.483,-36.846,15.447,32.643,28.929,-1.1956,-34.455,-89.399,-52.101
-34.524,-5.1094,37.237,22.402,-35.959,14.756,32.005,27.522,-0.91712,-33.171,-88.826,-51.957
-33.789,-5.4649,35.364,22.261,-34.903,14.056,31.286,25.967,-0.68801,-31.804,-88.14,-51.784
-32.917,-5.7877,33.325,22.068,-33.689,13.343,30.451,24.216,-0.53789,-30.326,-87.299,-51.552
-31.937,-6.0822,31.128,21.838,-32.336,12.6,29.45,22.18,-0.50571,-28.726,-86.253,-51.222
-30.871,-6.351,28.784,21.587,-30.858,11.812,28.201,19.732,-0.62495,-27.008,-84.969,-50.745
-29.723,-6.5894,26.299,21.321,-29.255,10.971,26.586,16.725,-0.90965,-25.189,-83.427,-50.093
-28.471,-6.7836,23.687,21.03,-27.506,10.084,24.44,13.013,-1.3487,-23.287,-81.623,-49.251
-27.073,-6.9153,20.963,20.687,-25.578,9.1703,21.551,8.4892,-1.909,-21.31,-79.56,-48.222
-25.482,-6.9693,18.152,20.261,-23.436,8.256,17.714,3.1319,-2.5459,-19.237,-77.229,-47.011
-23.663,-6.9383,15.286,19.719,-21.062,7.3686,12.832,-2.9594,-3.2152,-17.017,-74.592,-45.612
-21.61,-6.8219,12.404,19.031,-18.469,6.5314,7.0415,-9.582,-3.8863,-14.576,-71.581,-43.999
-19.34,-6.6213,9.5541,18.174,-15.699,5.7593,0.71453,-16.518,-4.5515,-11.831,-68.092,-42.119
-16.886,-6.3361,6.784,17.129,-12.808,5.0589,-5.727,-23.635,-5.2273,-8.7105,-64.008,-39.901
-14.278,-5.9622,4.1356,15.887,-9.8445,4.4276,-12.013,-30.918,-5.9486,-5.1717,-59.234,-37.274
-11.532,-5.4932,1.6347,14.45,-6.8447,3.8589,-18.083,-38.431,-6.7547,-1.2087,-53.724,-34.19
-8.6438,-4.9229,-0.70418,12.817,-3.8373,3.3495,-24.027,-46.258,-7.6714,3.1397,-47.52,-30.65
-5.6026,-4.2465,-2.8694,10.978,-0.86011,2.9074,-30.012,-54.403,-8.6994,7.7934,-40.759,-26.713
-2.41,-3.4616,-4.8431,8.8969,2.0274,2.5565,-36.214,-62.744,-9.8143,12.649,-33.634,-22.484
0.90304,-2.5668,-6.5983,6.5217,4.7468,2.3335,-42.758,-71.049,-10.979,17.598,-26.355,-18.077
4.2696,-1.5635,-8.1052,3.8096,7.2231,2.276,-49.656,-79.074,-12.159,22.552,-19.081,-13.58
7.5993,-0.45637,-9.3426,0.76448,9.4053,2.407,-56.796,-86.679,-13.336,27.454,-11.902,-9.0395
10.804,0.75013,-10.311,-2.5458,11.281,2.7304,-64.011,-93.838,-14.507,32.279,-4.8561,-4.4612
13.819,2.0533,-11.027,-6.0063,12.869,3.2277,-71.148,-100.58,-15.686,37.014,2.0469,0.17136
16.612,3.4499,-11.524,-9.4968,14.205,3.8639,-78.086,-106.88,-16.9,41.637,8.786,4.881
19.178,4.9304,-11.838,-12.928,15.325,4.5992,-84.689,-112.67,-18.172,46.107,15.326,9.6867
21.516,6.4763,-11.996,-16.25,16.256,5.4009,-90.763,-117.81,-19.502,50.364,21.625,14.6
23.623,8.0659,-12.01,-19.439,17.013,6.2508,-96.099,-122.17,-20.859,54.343,27.652,19.627
25.488,9.686,-11.873,-22.473,17.603,7.1445,-100.56,-125.74,-22.179,57.986,33.397,24.762
27.099,11.341,-11.57,-25.316,18.033,8.0851,-104.15,-128.59,-23.396,61.263,38.871,29.991
28.452,13.054,-11.085,-27.919,18.313,9.0787,-106.99,-130.88,-24.46,64.169,44.101,35.29
29.558,14.861,-10.409,-30.239,18.458,10.132,-109.28,-132.76,-25.351,66.728,49.116,40.623
30.448,16.817,-9.536,-32.268,18.491,11.256,-111.16,-134.38,-26.083,68.985,53.944,45.949
31.166,18.992,-8.4637,-34.054,18.431,12.463,-112.77,-135.82,-26.691,70.999,58.599,51.219
31.762,21.467,-7.1897,-35.685,18.295,13.766,-114.16,-137.1,-27.217,72.828,63.086,56.373
32.286,24.318,-5.7064,-37.266,18.093,15.185,-115.37,-138.21,-27.687,74.526,67.398,61.343
32.781,27.605,-3.9985,-38.891,17.831,16.743,-116.38,-139.11,-28.088,76.13,71.521,66.061
33.274,31.36,-2.043,-40.616,17.51,18.483,-117.19,-139.74,-28.365,77.669,75.438,70.466
33.772,35.592,0.18418,-42.455,17.123,20.469,-117.77,-140.09,-28.434,79.164,79.141,74.519
34.269,40.284,2.6996,-44.378,16.662,22.803,-118.12,-140.12,-28.206,80.626,82.624,78.205
34.749,45.385,5.505,-46.331,16.113,25.624,-118.23,-139.83,-27.618,82.062,85.888,81.523
35.189,50.806,8.5856,-48.263,15.458,29.084,-118.09,-139.19,-26.651,83.473,88.93,84.484
35.57,56.425,11.915,-50.138,14.674,33.285,-117.66,-138.13,-25.34,84.857,91.743,87.107
35.88,62.115,15.466,-51.943,13.733,38.212,-116.81,-136.52,-23.761,86.213,94.318,89.415
36.112,67.784,19.217,-53.683,12.603,43.731,-115.27,-134.15,-21.987,87.543,96.648,91.433
36.272,73.393,23.157,-55.374,11.256,49.656,-112.65,-130.72,-20.039,88.851,98.732,93.184
36.375,78.931,27.275,-57.037,9.6752,55.806,-108.6,-125.96,-17.853,90.138,100.58,94.689
36.44,84.385,31.546,-58.683,7.8686,62.016,-102.98,-119.72,-15.28,91.4,102.19,95.968
36.482,89.71,35.916,-60.301,5.8774,68.144,-95.888,-112.01,-12.138,92.624,103.59,97.034
36.505,94.828,40.307,-61.851,3.7708,74.086,-87.516,-102.98,-8.3013,93.791,104.78,97.898
36.502,99.654,44.628,-63.277,1.6302,79.792,-78.058,-92.798,-3.7671,94.872,105.76,98.566
36.458,104.11,48.788,-64.517,-0.46888,85.257,-67.713,-81.649,1.3508,95.83,106.52,99.04
36.36,108.15,52.697,-65.528,-2.4628,90.487,-56.769,-69.735,6.8762,96.615,107.04,99.313
36.203,111.72,56.25,-66.287,-4.2935,95.45,-45.652,-57.354,12.614,97.168,107.28,99.377
35.992,114.78,59.333,-66.788,-5.898,100.04,-34.857,-44.932,18.367,97.425,107.22,99.219
35.738,117.26,61.823,-67.036,-7.2042,104.05,-24.806,-33.011,23.935,97.32,106.83,98.823
35.458,119.04,63.61,-67.036,-8.1359,107.24,-15.756,-22.178,29.104,96.801,106.09,98.174
35.17,119.97,64.609,-66.79,-8.623,109.27,-7.8498,-12.99,33.614,95.828,104.97,97.258
34.894,119.83,64.764,-66.303,-8.6117,109.82,-1.2411,-5.876,37.176,94.375,103.46,96.063
34.649,118.42,64.033,-65.577,-8.0715,108.59,3.7449,-1.0445,39.53,92.434,101.56,94.576
34.45,115.64,62.367,-64.622,-7.0026,105.44,6.5028,1.6374,40.561,90.011,99.304,92.787
34.311,111.48,59.676,-63.452,-5.4402,100.42,6.4293,2.6899,40.367,87.125,96.716,90.686
34.24,106.05,55.851,-62.085,-3.4492,93.819,3.6476,2.8177,39.214,83.806,93.843,88.268
34.243,99.514,50.818,-60.539,-1.1066,85.985,-0.82921,2.5887,37.417,80.084,90.732,85.54
34.316,92.087,44.616,-58.833,1.5153,77.246,-5.8951,2.3015,35.243,75.985,87.428,82.517
34.453,84.009,37.418,-56.991,4.3508,67.874,-10.947,2.0649,32.864,71.534,83.972,79.231
34.647,75.543,29.502,-55.043,7.3307,58.113,-15.806,1.9265,30.389,66.762,80.397,75.73
34.895,66.947,21.209,-53.032,10.377,48.211,-20.455,1.9458,27.907,61.721,76.74,72.073
35.195,58.446,12.926,-51.015,13.407,38.444,-24.891,2.1996,25.515,56.494,73.052,68.325
35.545,50.226,5.054,-49.053,16.35,29.18,-29.076,2.7549,23.338,51.194,69.39,64.545
35.938,42.459,-2.067,-47.201,19.164,20.942,-32.901,3.6447,21.523,45.975,65.82,60.782
36.367,35.332,-8.2554,-45.501,21.84,14.323,-36.139,4.874,20.237,41.011,62.413,57.084
36.823,29.047,-13.516,-43.977,24.391,9.5922,-38.42,6.4483,19.66,36.477,59.228,53.496
37.299,23.745,-17.961,-42.64,26.824,6.3559,-39.322,8.3976,19.975,32.518,56.314,50.066
37.785,19.435,-21.699,-41.493,29.112,3.8686,-38.604,10.77,21.314,29.207,53.698,46.839
38.266,15.999,-24.79,-40.52,31.187,1.5979,-36.389,13.586,23.678,26.544,51.391,43.845
38.723,13.261,-27.267,-39.683,32.97,-0.62187,-33.054,16.802,26.908,24.453,49.371,41.094
39.137,11.053,-29.171,-38.923,34.407,-2.7374,-28.983,20.301,30.777,22.81,47.591,38.553
39.496,9.248,-30.562,-38.172,35.512,-4.6295,-24.43,23.919,35.09,21.473,45.987,36.169
39.798,7.7498,-31.503,-37.37,36.365,-6.1954,-19.548,27.482,39.681,20.327,44.497,33.882
40.031,6.4855,-32.054,-36.466,37.044,-7.3824,-14.437,30.831,44.348,19.279,43.066,31.65
40.16,5.392,-32.263,-35.407,37.551,-8.1977,-9.1726,33.846,48.835,18.281,41.672,29.449
40.113,4.4082,-32.169,-34.123,37.774,-8.704,-3.8186,36.466,52.867,17.321,40.319,27.288
39.782,3.4743,-31.808,-32.515,37.541,-9.0039,1.5332,38.687,56.21,16.401,39.032,25.186
39.04,2.5374,-31.228,-30.47,36.71,-9.2141,6.7211,40.533,58.696,15.521,37.837,23.155
37.772,1.5574,-30.487,-27.884,35.228,-9.4401,11.527,42.037,60.208,14.659,36.739,21.194
35.895,0.50697,-29.647,-24.692,33.142,-9.7521,15.749,43.23,60.662,13.761,35.722,19.28
33.378,-0.6376,-28.763,-20.888,30.571,-10.177,19.278,44.141,60.027,12.751,34.741,17.382
30.247,-1.9049,-27.873,-16.533,27.685,-10.708,22.105,44.806,58.373,11.545,33.739,15.458
26.603,-3.3259,-27.01,-11.761,24.687,-11.325,24.297,45.261,55.909,10.074,32.65,13.48
22.614,-4.9196,-26.209,-6.765,21.805,-12.014,25.961,45.547,52.946,8.3192,31.432,11.433
18.482,-6.6816,-25.506,-1.7641,19.261,-12.769,27.214,45.698,49.797,6.302,30.075,9.3306
14.389,-8.5877,-24.932,3.0216,17.221,-13.593,28.168,45.745,46.686,4.0826,28.595,7.208
10.44,-10.608,-24.505,7.3899,15.732,-14.492,28.911,45.706,43.704,1.7304,27.036,5.1104
6.6613,-12.717,-24.229,11.167,14.71,-15.478,29.507,45.593,40.834,-0.69955,25.436,3.0812
3.0421,-14.896,-24.103,14.243,13.982,-16.559,29.993,45.412,37.989,-3.1732,23.826,1.1551
-0.38162,-17.12,-24.128,16.619,13.381,-17.734,30.391,45.165,35.064,-5.6681,22.224,-0.63977
-3.4978,-19.349,-24.314,18.394,12.835,-18.98,30.714,44.86,31.98,-8.1563,20.668,-2.2839
-6.1657,-21.52,-24.676,19.712,12.379,-20.261,30.968,44.508,28.732,-10.594,19.215,-3.7389
-8.2823,-23.565,-25.215,20.696,12.092,-21.536,31.159,44.125,25.413,-12.926,17.943,-4.9588
-9.8153,-25.42,-25.908,21.433,12.041,-22.771,31.293,43.729,22.179,-15.096,16.938,-5.8989
-10.787,-27.053,-26.716,21.984,12.239,-23.947,31.377,43.337,19.171,-17.063,16.274,-6.5273
-11.261,-28.46,-27.594,22.391,12.656,-25.055,31.421,42.956,16.452,-18.809,15.977,-6.8269
-11.331,-29.663,-28.5,22.69,13.23,-26.091,31.433,42.587,14.002,-20.345,16.028,-6.8153
-11.097,-30.69,-29.396,22.912,13.89,-27.043,31.417,42.225,11.758,-21.7,16.376,-6.5287
-10.657,-31.562,-30.244,23.078,14.571,-27.897,31.37,41.859,9.6624,-22.906,16.953,-6.0076
-10.095,-32.289,-31.011,23.197,15.223,-28.635,31.292,41.484,7.6926,-23.995,17.693,-5.29
-9.4833,-32.869,-31.677,23.274,15.817,-29.242,31.196,41.1,5.8602,-24.986,18.542,-4.4146
-8.8762,-33.304,-32.238,23.308,16.343,-29.714,31.101,40.719,4.1927,-25.887,19.452,-3.4283
-8.3178,-33.608,-32.703,23.308,16.8,-30.067,31.034,40.361,2.714,-26.702,20.385,-2.3834
-7.8371,-33.814,-33.09,23.284,17.196,-30.331,31.015,40.049,1.4304,-27.429,21.316,-1.3272
-7.4465,-33.965,-33.419,23.254,17.541,-30.543,31.052,39.807,0.32584,-28.067,22.232,-0.29259
-7.1407,-34.103,-33.71,23.234,17.85,-30.734,31.14,39.646,-0.63689,-28.625,23.135,0.70376
-6.8974,-34.255,-33.978,23.234,18.133,-30.927,31.258,39.561,-1.5092,-29.122,24.039,1.6567
-6.6755,-34.432,-34.236,23.253,18.405,-31.127,31.374,39.524,-2.346,-29.589,24.963,2.5681
-6.4191,-34.624,-34.489,23.28,18.68,-31.331,31.453,39.488,-3.1927,-30.061,25.93,3.445
-6.0708,-34.806,-34.734,23.298,18.968,-31.526,31.47,39.395,-4.0736,-30.562,26.954,4.2974
-5.5943,-34.948,-34.954,23.285,19.271,-31.691,31.413,39.193,-4.9823,-31.086,28.029,5.1326
-5.0009,-35.012,-35.128,23.227,19.575,-31.807,31.295,38.858,-5.8709,-31.559,29.127,5.9443
-4.3659,-34.969,-35.232,23.123,19.845,-31.862,31.153,38.433,-6.6252,-31.808,30.199,6.703
-3.824,-34.8,-35.242,22.985,20.023,-31.843,31.057,38.094,-7.0325,-31.522,31.184,7.3524
-3.5372,-34.502,-35.13,22.839,20.051,-31.726,31.128,38.196,-6.8132,-30.223,32.033,7.8198
-3.6404,-34.092,-34.863,22.716,19.886,-31.472,31.503,39.18,-5.8722,-27.213,32.75,8.0486
-4.1771,-33.598,-34.422,22.64,19.525,-31.057,32.246,41.319,-4.9509,-21.593,33.447,8.0555
-5.0427,-33.052,-33.815,22.615,19,-30.494,33.264,44.878,-5.7706,-13.71,34.424,8.0021
-5.9617,-32.457,-33.097,22.602,18.378,-29.832,34.249,46.554,-7.1676,-16.588,36.223,8.2561
-6.5038,-31.765,-32.388,22.513,17.782,-29.131,34.345,43.007,-10.758,-38.793,39.647,9.4194
-6.1127,-30.856,-31.852,22.201,17.397,-28.425,32.942,38.483,-15.089,-42.954,45.665,12.324
-4.1186,-29.55,-31.619,21.435,17.432,-27.716,30.956,32.651,-18.586,-39.971,54.72,18.006
0.14378,-27.666,-31.698,19.801,18.014,-27.006,29.417,26.887,-17.622,-28.769,58.582,26.766
5.9611,-25.105,-31.76,16.601,18.068,-26.348,26.194,28.41,-5.2898,-3.9012,37.112,25.899
3.2068,-21.945,-29.446,12.658,9.3115,-25.856,29.905,44.904,27.473,38.246,30.137,5.9018
-12.675,-18.451,-16.522,14.309,-0.32768,-25.593,46.576,84.935,91.732,99.3,26.647,-1.3516
-19.57,-14.923,-3.3398,16.617,-7.2328,-25.148,74.048,158.16,190.08,185.67,29.232,-5.8183
-22.188,-11.656,2.7401,16.772,-11.086,-21.582,110.66,261.38,306.98,302.24,44.107,-4.7142
-19.574,-9.2908,2.0567,15.455,-9.5171,-8.1188,148.01,361.92,426.54,439.61,77.777,7.7792
-9.4473,-8.7845,-6.6148,10.523,0.1542,-6.7011,170.15,428.89,522.94,585.85,142.01,38.629
11.146,-8.1362,-23.353,-2.7877,19.601,-12.221,161.16,432.54,570.94,737.6,251.62,95.637
45.361,6.6617,-47.776,-27.757,49.887,-18.358,110.99,348.16,553.25,892.6,412.64,184.07
94.305,26.488,-80.013,-64.071,91.533,-24.464,16.026,166.26,462.91,1041.4,617.16,301.32
154.71,50.306,-120.71,-107.83,142.54,-31.813,-121.03,-105.05,301.47,1164.2,848.78,437.21
220.39,72.178,-169.45,-152.73,198.81,-43.34,-290.11,-444.04,74.382,1229.6,1080.5,577.85
284.61,84.442,-223.18,-191.78,257.07,-62.515,-476.25,-822.02,-213.21,1196.9,1274.8,706.13
339.04,80.154,-279.72,-217.22,312.61,-92.693,-662.66,-1209.7,-558.02,1026,1391.2,804.25
374.84,53.654,-338.4,-221.64,360.08,-137.1,-832.99,-1581.5,-956.48,690.34,1396.1,856.36
385.11,0.99981,-398.1,-199.65,395.23,-195.67,-974.24,-1917.2,-1399.1,190.09,1271.9,851.76
367.14,-78.452,-457.37,-149.76,415.93,-265.36,-1078.6,-2200.6,-1864.2,-439.5,1024,788.02
323.87,-180.16,-514.43,-75.939,422.68,-344.42,-1143.9,-2418.5,-2314.8,-1129.3,682.3,672.65
263.78,-293.6,-566.73,12.089,418.42,-426.95,-1173.4,-2560.4,-2704.3,-1789.9,294.83,522.22
198.72,-403.76,-610.58,100.81,407.28,-503.72,-1173.9,-2621.6,-2988.9,-2336.1,-84.391,358.58
139.99,-495.25,-641.66,176.74,392.79,-564.87,-1153.9,-2605.5,-3141.6,-2709.6,-409.66,203.14
94.741,-556.75,-656.25,230.57,376.8,-602.85,-1120.9,-2523.2,-3158.7,-2891.1,-653.85,71.484
64.549,-583.66,-652.08,259.28,359.16,-614.2,-1079.3,-2390,-3056.9,-2895.9,-810.54,-29.18
46.105,-577.8,-628.23,265.57,338.04,-599.4,-1030.7,-2220.7,-2864.7,-2761.5,-888.75,-99.517
33.729,-545.03,-584.56,255.43,310.62,-561.31,-973.27,-2027.5,-2612.4,-2535.2,-904.65,-145.36
21.751,-492.6,-521.48,235.71,273.93,-503.7,-904.11,-1819.1,-2326.8,-2260,-875.6,-173.04
5.2155,-427.82,-440.79,212.48,226.11,-431.08,-820.56,-1601.7,-2028.6,-1967.9,-817.62,-186.73
-19.213,-357.7,-347.22,189.93,167.92,-349.3,-722.35,-1380.8,-1732.8,-1680.4,-743.75,-189.32
-50.102,-288.97,-249.14,169.92,103.94,-266.01,-612.56,-1162.4,-1450.7,-1412.6,-662.91,-182.94
-78.022,-227.45,-156.95,152.16,41.711,-189.38,-497.61,-953.37,-1191.3,-1176.2,-579.87,-161.5
-89.517,-176.7,-79.84,135.76,-11.027,-125.61,-385.92,-761.41,-961.35,-973.81,-496.91,-109.17
-83.514,-137.25,-23.516,122.22,-47.019,-77.399,-285.61,-593.34,-765.21,-802.22,-422.26,-87.743
-72.3,-108.02,10.244,111.22,-64.159,-45.351,-202.22,-452.51,-604.01,-659.86,-365.49,-83.537
-62.638,-87.623,23.562,100.89,-66.285,-28.295,-137.64,-338.77,-475.77,-544.62,-321.4,-82.101
-55.142,-74.712,21.57,90.471,-58.505,-23.181,-90.446,-249.5,-376.05,-452.6,-283.48,-80.58
-49.643,-67.734,10.457,80.517,-45.715,-25.771,-57.283,-180,-298.88,-379.59,-249.93,-78.604
-45.969,-65.397,-3.6406,71.924,-31.897,-31.864,-33.959,-126.08,-238.93,-322.09,-221.06,-76.312
-43.714,-65.111,-15.892,64.877,-17.742,-37.805,-16.786,-85.483,-192.12,-277.44,-196.78,-73.919
-42.367,-64.604,-24.05,59.013,-14.567,-41.514,-3.2705,-55.659,-155.44,-243.51,-176.21,-71.6
-41.514,-60.709,-20.742,53.816,-19.504,-38.627,7.8839,-33.834,-126.76,-218.2,-157.03,-69.459
-40.861,-52.332,-15.961,48.866,-21.76,-31.29,16.936,-17.941,-104.67,-199.34,-138.89,-67.536
-40.201,-46.497,-12.95,44.199,-22.237,-27.98,19.982,-6.7469,-88.179,-184.76,-125.27,-65.836
-39.425,-43.278,-11.106,40.169,-22.131,-25.724,16.703,-0.21436,-76.53,-172.49,-116.61,-64.346
-38.548,-41.148,-9.6693,36.99,-21.866,-23.888,19.448,-1.3372,-69.012,-160.39,-111.03,-63.049
-37.688,-39.406,-8.1178,34.599,-21.649,-22.114,24.516,2.3807,-64.557,-147.02,-107.08,-61.922
-36.976,-37.71,-6.1863,32.808,-21.741,-20.148,27.986,11.957,-61.629,-133.64,-104.06,-60.935
-36.484,-35.873,-3.8122,31.429,-22.313,-17.848,30.049,19.702,-58.363,-121.98,-101.65,-60.055
-36.207,-33.813,-1.0509,30.322,-23.356,-15.176,31.341,24.555,-52.937,-112.45,-99.709,-59.249
-36.091,-31.534,2.005,29.402,-24.735,-12.179,32.217,27.618,-46.147,-104.75,-98.119,-58.492
-36.078,-29.101,5.2737,28.617,-26.284,-8.9742,32.853,29.684,-40.302,-98.46,-96.8,-57.77
-36.118,-26.601,8.6894,27.939,-27.862,-5.7124,33.338,31.166,-35.822,-93.164,-95.674,-57.082
-36.177,-24.113,12.189,27.348,-29.374,-2.5332,33.722,32.281,-32.26,-88.539,-94.682,-56.428
-36.234,-21.691,15.7,26.823,-30.766,0.46809,34.028,33.141,-29.292,-84.359,-93.78,-55.808
-36.272,-19.363,19.149,26.343,-32.014,3.2449,34.273,33.814,-26.75,-80.504,-92.948,-55.213
-36.277,-17.135,22.467,25.884,-33.109,5.7847,34.468,34.345,-24.526,-76.933,-92.186,-54.632
-36.238,-15.006,25.606,25.429,-34.053,8.0914,34.629,34.774,-22.517,-73.643,-91.509,-54.055
-36.148,-12.976,28.54,24.966,-34.857,10.173,34.774,35.137,-20.627,-70.634,-90.936,-53.477
-36.008,-11.051,31.263,24.493,-35.537,12.038,34.918,35.464,-18.781,-67.884,-90.483,-52.902
-35.832,-9.2449,33.777,24.019,-36.117,13.689,35.067,35.774,-16.952,-65.35,-90.154,-52.338
-35.644,-7.58,36.082,23.559,-36.619,15.127,35.22,36.073,-15.164,-62.982,-89.942,-51.805
-35.47,-6.0794,38.158,23.131,-37.061,16.354,35.371,36.355,-13.466,-60.734,-89.828,-51.323
-35.334,-4.7637,39.974,22.751,-37.452,17.376,35.506,36.606,-11.91,-58.581,-89.788,-50.903
-35.243,-3.647,41.499,22.43,-37.795,18.206,35.613,36.804,-10.525,-56.518,-89.798,-50.555
-35.191,-2.7325,42.717,22.174,-38.084,18.865,35.682,36.93,-9.3112,-54.551,-89.838,-50.286
-35.161,-2.0121,43.633,21.98,-38.313,19.377,35.706,36.974,-8.24,-52.682,-89.89,-50.095
-35.129,-1.4672,44.273,21.834,-38.473,19.764,35.692,36.934,-7.2641,-50.904,-89.943,-49.971
-35.072,-1.0722,44.672,21.722,-38.552,20.039,35.647,36.818,-6.3326,-49.189,-89.991,-49.902
-34.977,-0.79841,44.866,21.63,-38.545,20.208,35.584,36.641,-5.4074,-47.501,-90.032,-49.874
-34.841,-0.62004,44.883,21.546,-38.45,20.272,35.509,36.419,-4.4716,-45.801,-90.071,-49.869
-34.666,-0.51982,44.738,21.466,-38.272,20.233,35.423,36.159,-3.5276,-44.066,-90.105,-49.87
-34.457,-0.49108,44.432,21.391,-38.019,20.089,35.321,35.861,-2.5915,-42.289,-90.13,-49.861
-34.221,-0.53633,43.961,21.324,-37.703,19.847,35.192,35.506,-1.6853,-40.488,-90.133,-49.829
-33.962,-0.66165,43.323,21.271,-37.336,19.52,35.024,35.065,-0.83141,-38.692,-90.092,-49.767
-33.682,-0.86967,42.525,21.231,-36.925,19.124,34.799,34.505,-0.048016,-36.931,-89.989,-49.676
-33.373,-1.1546,41.58,21.2,-36.467,18.675,34.507,33.796,0.65431,-35.223,-89.807,-49.557
-33.02,-1.5007,40.498,21.171,-35.939,18.18,34.139,32.922,1.2727,-33.56,-89.534,-49.411
-32.598,-1.8843,39.281,21.131,-35.309,17.642,33.697,31.883,1.8098,-31.916,-89.164,-49.238
-32.082,-2.2808,37.922,21.068,-34.54,17.056,33.179,30.694,2.2708,-30.253,-88.693,-49.037
-31.457,-2.6691,36.407,20.973,-33.602,16.423,32.584,29.377,2.6601,-28.528,-88.117,-48.806
-30.714,-3.0337,34.717,20.839,-32.483,15.742,31.901,27.948,2.9764,-26.703,-87.421,-48.548
-29.86,-3.3646,32.843,20.662,-31.189,15.019,31.107,26.396,3.2087,-24.756,-86.58,-48.254
-28.908,-3.6554,30.79,20.44,-29.75,14.264,30.165,24.662,3.335,-22.683,-85.559,-47.914
-27.869,-3.9031,28.583,20.176,-28.201,13.493,29.016,22.645,3.3294,-20.498,-84.313,-47.514
-26.749,-4.107,26.256,19.87,-26.57,12.723,27.57,20.214,3.1735,-18.222,-82.802,-47.035
-25.539,-4.2655,23.847,19.516,-24.858,11.968,25.69,17.225,2.8672,-15.871,-80.991,-46.448
-24.211,-4.3744,21.382,19.102,-23.039,11.238,23.19,13.558,2.4324,-13.446,-78.853,-45.722
-22.727,-4.4235,18.878,18.607,-21.069,10.536,19.847,9.1477,1.9082,-10.921,-76.361,-44.825
-21.048,-4.3977,16.347,18.003,-18.91,9.8634,15.471,4.0208,1.3387,-8.2455,-73.488,-43.723
-19.144,-4.2783,13.808,17.255,-16.548,9.2221,10.034,-1.6985,0.75891,-5.3558,-70.195,-42.385
-17.003,-4.0465,11.291,16.324,-14.009,8.6238,3.7771,-7.8366,0.18269,-2.1884,-66.435,-40.787
-14.628,-3.6862,8.8429,15.171,-11.346,8.0889,-2.8616,-14.251,-0.39935,1.3053,-62.166,-38.913
-12.045,-3.1886,6.5161,13.761,-8.6303,7.6439,-9.4737,-20.888,-1.0113,5.1487,-57.353,-36.746
-9.2887,-2.5561,4.3622,12.074,-5.9248,7.3105,-15.854,-27.777,-1.6773,9.3343,-51.988,-34.268
-6.4001,-1.8019,2.4111,10.109,-3.2736,7.0997,-22.007,-34.99,-2.4107,13.82,-46.104,-31.462
-3.4155,-0.94579,0.66955,7.881,-0.70725,7.009,-28.068,-42.592,-3.209,18.533,-39.774,-28.322
-0.3656,-0.006446,-0.87293,5.4124,1.7454,7.0265,-34.219,-50.561,-4.0576,23.372,-33.112,-24.863
2.7195,1.0053,-2.2317,2.7236,4.0478,7.1387,-40.617,-58.768,-4.9375,28.229,-26.25,-21.13
5.8043,2.0894,-3.4157,-0.17073,6.1588,7.3383,-47.333,-66.99,-5.8328,33.001,-19.329,-17.183
8.846,3.2604,-4.4217,-3.2559,8.0477,7.629,-54.312,-75.003,-6.7345,37.603,-12.46,-13.09
11.797,4.5437,-5.2354,-6.5045,9.7051,8.0214,-61.403,-82.671,-7.6424,41.972,-5.7281,-8.9035
14.611,5.9659,-5.8387,-9.8654,11.144,8.5274,-68.434,-89.965,-8.5648,46.066,0.81093,-4.6571
17.248,7.5418,-6.2253,-13.263,12.386,9.1472,-75.272,-96.889,-9.5159,49.866,7.1159,-0.36048
19.681,9.2603,-6.4048,-16.613,13.458,9.8623,-81.813,-103.4,-10.511,53.367,13.158,3.9949
21.9,11.08,-6.4078,-19.84,14.381,10.639,-87.942,-109.38,-11.559,56.57,18.912,8.4294
23.902,12.942,-6.2737,-22.89,15.169,11.442,-93.5,-114.66,-12.655,59.483,24.363,12.968
25.686,14.789,-6.0338,-25.732,15.827,12.245,-98.324,-119.15,-13.781,62.117,29.513,17.633
27.25,16.599,-5.6958,-28.345,16.353,13.045,-102.33,-122.84,-14.909,64.482,34.376,22.435
28.588,18.395,-5.2384,-30.723,16.74,13.861,-105.55,-125.85,-16.01,66.589,38.976,27.366
29.706,20.25,-4.6145,-32.869,16.981,14.731,-108.11,-128.34,-17.063,68.455,43.346,32.403
30.616,22.271,-3.7636,-34.801,17.073,15.699,-110.16,-130.49,-18.052,70.109,47.528,37.502
31.347,24.582,-2.6284,-36.557,17.02,16.81,-111.84,-132.38,-18.972,71.583,51.567,42.613
31.934,27.302,-1.1696,-38.189,16.828,18.102,-113.25,-134.09,-19.819,72.921,55.51,47.683
32.416,30.516,0.62694,-39.756,16.504,19.617,-114.45,-135.61,-20.587,74.17,59.393,52.664
32.833,34.254,2.7519,-41.314,16.056,21.42,-115.45,-136.89,-21.255,75.371,63.241,57.511
33.216,38.484,5.1819,-42.906,15.493,23.614,-116.26,-137.89,-21.78,76.56,67.055,62.181
33.58,43.123,7.8887,-44.551,14.812,26.335,-116.84,-138.53,-22.101,77.759,70.814,66.628
33.925,48.072,10.848,-46.244,14.005,29.71,-117.18,-138.77,-22.155,78.975,74.482,70.804
34.236,53.247,14.044,-47.959,13.049,33.81,-117.22,-138.6,-21.897,80.203,78.011,74.665
34.495,58.593,17.474,-49.666,11.912,38.624,-116.9,-137.98,-21.318,81.434,81.354,78.177
34.683,64.065,21.141,-51.338,10.556,44.074,-116.08,-136.83,-20.439,82.669,84.479,81.323
34.786,69.604,25.041,-52.96,8.9438,50.006,-114.51,-135.01,-19.299,83.915,87.369,84.107
34.8,75.119,29.147,-54.527,7.0483,56.192,-111.79,-132.26,-17.93,85.191,90.027,86.554
34.732,80.505,33.409,-56.044,4.8735,62.369,-107.52,-128.26,-16.324,86.509,92.467,88.697
34.602,85.68,37.763,-57.512,2.47,68.329,-101.56,-122.77,-14.409,87.871,94.712,90.57
34.434,90.608,42.145,-58.929,-0.063623,73.981,-94.131,-115.77,-12.057,89.254,96.778,92.202
34.253,95.293,46.502,-60.282,-2.6,79.345,-85.561,-107.44,-9.1364,90.615,98.67,93.608
34.077,99.749,50.784,-61.545,-5.0163,84.505,-76.038,-98.001,-5.6119,91.893,100.37,94.791
33.914,103.98,54.936,-62.688,-7.2198,89.539,-65.65,-87.567,-1.6001,93.018,101.85,95.743
33.763,107.94,58.874,-63.674,-9.1531,94.461,-54.57,-76.242,2.6612,93.918,103.06,96.451
33.62,111.54,62.475,-64.474,-10.783,99.177,-43.224,-64.246,6.8856,94.524,103.95,96.897
33.477,114.66,65.576,-65.059,-12.083,103.47,-32.248,-52.041,10.791,94.774,104.48,97.068
33.325,117.14,68.002,-65.411,-13.021,107.05,-22.225,-40.31,14.135,94.617,104.6,96.955
33.161,118.83,69.608,-65.517,-13.55,109.63,-13.49,-29.851,16.744,94.008,104.3,96.555
32.988,119.59,70.296,-65.37,-13.607,111.01,-6.2534,-21.422,18.518,92.915,103.58,95.87
32.824,119.28,70.029,-64.97,-13.127,110.98,-0.91363,-15.569,19.438,91.32,102.45,94.904
32.699,117.72,68.795,-64.318,-12.057,109.34,1.7778,-12.419,19.565,89.222,100.93,93.661
32.649,114.77,66.567,-63.428,-10.382,105.92,1.0582,-11.566,19.032,86.639,99.058,92.146
32.704,110.37,63.254,-62.319,-8.1502,100.71,-2.9904,-12.202,18.016,83.601,96.876,90.36
32.877,104.6,58.731,-61.016,-5.4622,93.929,-9.0797,-13.465,16.701,80.14,94.424,88.303
33.158,97.691,52.933,-59.548,-2.436,85.936,-15.623,-14.73,15.229,76.282,91.741,85.971
33.522,89.926,45.947,-57.939,0.82989,77.089,-21.722,-15.686,13.681,72.045,88.86,83.365
33.941,81.622,38.007,-56.212,4.2599,67.676,-27.198,-16.246,12.072,67.449,85.815,80.492
34.391,73.053,29.427,-54.392,7.7806,57.92,-32.19,-16.427,10.385,62.536,82.635,77.369
34.861,64.443,20.558,-52.515,11.309,48.012,-36.872,-16.259,8.6177,57.38,79.353,74.028
35.351,55.971,11.785,-50.625,14.76,38.165,-41.325,-15.747,6.8165,52.092,76.01,70.517
35.866,47.8,3.5171,-48.777,18.068,28.722,-45.489,-14.867,5.088,46.805,72.655,66.891
36.405,40.112,-3.9014,-47.024,21.207,20.279,-49.131,-13.564,3.5779,41.662,69.339,63.216
36.96,33.115,-10.315,-45.413,24.193,13.531,-51.877,-11.755,2.4433,36.805,66.121,59.559
37.522,26.995,-15.765,-43.975,27.058,8.6964,-53.339,-9.3216,1.8425,32.358,63.063,55.989
38.076,21.851,-20.351,-42.722,29.8,5.251,-53.283,-6.1523,1.9427,28.426,60.229,52.573
38.611,17.65,-24.132,-41.645,32.359,2.4762,-51.7,-2.2276,2.913,25.074,57.665,49.37
39.112,14.267,-27.145,-40.71,34.624,-0.042592,-48.761,2.3284,4.8783,22.305,55.386,46.404
39.563,11.534,-29.457,-39.86,36.486,-2.4165,-44.738,7.2823,7.8463,20.061,53.372,43.654
39.955,9.2921,-31.17,-39.016,37.918,-4.6197,-39.927,12.369,11.671,18.226,51.559,41.062
40.292,7.4115,-32.394,-38.108,39.019,-6.595,-34.595,17.356,16.102,16.655,49.87,38.549
40.584,5.7965,-33.222,-37.081,39.957,-8.2911,-28.936,22.061,20.873,15.2,48.222,36.038
40.827,4.3839,-33.724,-35.899,40.813,-9.6764,-23.067,26.354,25.749,13.753,46.552,33.491
40.97,3.1287,-33.947,-34.522,41.466,-10.75,-17.044,30.15,30.51,12.256,44.826,30.907
40.895,1.9874,-33.915,-32.865,41.648,-11.545,-10.906,33.415,34.934,10.703,43.042,28.31
40.436,0.90734,-33.64,-30.796,41.108,-12.124,-4.7202,36.169,38.797,9.1205,41.226,25.732
39.428,-0.17281,-33.136,-28.167,39.727,-12.567,1.3849,38.463,41.895,7.5492,39.417,23.203
37.757,-1.3143,-32.435,-24.875,37.548,-12.953,7.2107,40.358,44.061,6.0161,37.649,20.745
35.381,-2.5695,-31.586,-20.9,34.731,-13.353,12.489,41.903,45.193,4.517,35.937,18.371
32.321,-3.9774,-30.656,-16.326,31.497,-13.824,16.967,43.139,45.277,3.0082,34.28,16.087
28.65,-5.5629,-29.719,-11.321,28.078,-14.404,20.533,44.098,44.4,1.4183,32.654,13.884
24.499,-7.3356,-28.845,-6.1156,24.714,-15.111,23.257,44.811,42.738,-0.32929,31.015,11.745
20.05,-9.2875,-28.091,-0.9685,21.648,-15.938,25.31,45.314,40.51,-2.2837,29.316,9.6439
15.521,-11.392,-27.493,3.8719,19.099,-16.853,26.881,45.646,37.928,-4.4483,27.531,7.5532
11.115,-13.608,-27.06,8.206,17.194,-17.809,28.127,45.847,35.165,-6.7828,25.646,5.4542
6.9666,-15.887,-26.776,11.905,15.916,-18.767,29.153,45.952,32.336,-9.2212,23.667,3.3381
3.1131,-18.181,-26.607,14.916,15.099,-19.713,30.019,45.983,29.494,-11.693,21.606,1.2077
-0.46741,-20.454,-26.527,17.259,14.508,-20.658,30.754,45.951,26.641,-14.138,19.507,-0.92818
-3.7646,-22.676,-26.54,19.024,13.968,-21.636,31.367,45.857,23.758,-16.502,17.44,-3.0255
-6.6891,-24.813,-26.687,20.342,13.449,-22.673,31.859,45.7,20.846,-18.733,15.502,-5.0059
-9.1252,-26.824,-27.011,21.344,13.037,-23.773,32.231,45.481,17.945,-20.784,13.816,-6.7604
-10.991,-28.663,-27.531,22.125,12.839,-24.91,32.49,45.203,15.139,-22.617,12.486,-8.1747
-12.273,-30.291,-28.219,22.741,12.906,-26.035,32.648,44.877,12.514,-24.218,11.58,-9.1571
-13.024,-31.69,-29.017,23.217,13.218,-27.098,32.726,44.517,10.127,-25.6,11.115,-9.6812
-13.338,-32.86,-29.852,23.573,13.701,-28.058,32.754,44.143,7.9974,-26.794,11.062,-9.7824
-13.333,-33.819,-30.654,23.835,14.269,-28.893,32.76,43.774,6.1051,-27.834,11.365,-9.539
-13.123,-34.589,-31.372,24.026,14.852,-29.598,32.767,43.425,4.414,-28.748,11.963,-9.0438
-12.791,-35.195,-31.987,24.167,15.407,-30.184,32.784,43.104,2.8858,-29.552,12.804,-8.3807
-12.389,-35.661,-32.501,24.268,15.923,-30.668,32.809,42.806,1.4913,-30.254,13.845,-7.6128
-11.938,-36.005,-32.933,24.331,16.399,-31.068,32.831,42.526,0.21369,-30.857,15.046,-6.7812
-11.445,-36.249,-33.304,24.355,16.841,-31.401,32.846,42.256,-0.95248,-31.367,16.367,-5.9107
-10.924,-36.407,-33.63,24.342,17.253,-31.674,32.851,41.994,-2.0048,-31.791,17.76,-5.0158
-10.393,-36.496,-33.92,24.296,17.629,-31.892,32.853,41.748,-2.938,-32.135,19.175,-4.1078
-9.8792,-36.525,-34.176,24.224,17.965,-32.055,32.859,41.531,-3.7507,-32.404,20.573,-3.1973
-9.4034,-36.502,-34.395,24.137,18.256,-32.163,32.875,41.359,-4.4515,-32.602,21.928,-2.2945
-8.9752,-36.434,-34.571,24.043,18.503,-32.216,32.903,41.238,-5.0628,-32.74,23.235,-1.4054
-8.5843,-36.332,-34.701,23.949,18.712,-32.22,32.935,41.158,-5.6209,-32.837,24.511,-0.52699
-8.2001,-36.206,-34.79,23.857,18.9,-32.187,32.958,41.088,-6.1714,-32.923,25.785,0.35462
-7.7779,-36.066,-34.845,23.762,19.082,-32.133,32.954,40.979,-6.7582,-33.029,27.083,1.2604
-7.2761,-35.91,-34.874,23.656,19.273,-32.068,32.902,40.779,-7.4055,-33.155,28.415,2.2053
-6.6809,-35.717,-34.873,23.527,19.467,-31.99,32.799,40.456,-8.0919,-33.241,29.762,3.1805
-6.0296,-35.449,-34.823,23.365,19.631,-31.878,32.659,40.051,-8.7113,-33.12,31.079,4.139
-5.4183,-35.055,-34.688,23.169,19.708,-31.687,32.541,39.735,-9.0342,-32.481,32.306,4.9971
-4.981,-34.486,-34.422,22.945,19.638,-31.356,32.552,39.854,-8.7508,-30.83,33.399,5.6545
-4.8405,-33.716,-33.973,22.709,19.377,-30.823,32.827,40.837,-7.7438,-27.436,34.363,6.0377
-5.043,-32.749,-33.296,22.473,18.915,-30.051,33.444,42.964,-6.4533,-21.393,35.317,6.1601
-5.5025,-31.619,-32.378,22.237,18.272,-29.049,34.333,46.388,-6.5,-13.609,36.56,6.1944
-5.9734,-30.366,-31.28,21.968,17.516,-27.877,35.164,46.837,-7.8322,-19.538,38.632,6.5366
-6.0585,-28.991,-30.17,21.586,16.79,-26.623,35.054,43.18,-11.325,-40.08,42.331,7.836
-5.2257,-27.426,-29.298,20.932,16.313,-25.365,33.503,38.868,-15.415,-42.876,48.626,10.979
-2.8207,-25.536,-28.886,19.712,16.322,-24.153,31.492,33.328,-18.703,-39.249,57.765,17.033
1.762,-23.171,-29.006,17.357,16.924,-23.03,29.952,27.961,-17.537,-26.878,59.613,26.183
7.4542,-20.26,-29.393,13.159,16.978,-22.071,26.451,29.885,-4.9562,-0.35518,36.702,24.538
3.2442,-16.878,-28.2,9.6953,8.5272,-21.408,30.633,47.198,28.538,43.234,30.203,5.1303
-13.111,-13.192,-17.172,13.222,-0.85739,-21.151,47.635,89.262,94.246,104.74,26.967,-1.8083
-19.774,-9.3529,-3.1769,15.673,-7.5979,-20.983,75.459,165.74,193.43,190.79,30.448,-6.0673
-22.043,-5.6442,3.3873,15.558,-11.324,-18.201,112.09,270.54,310.4,306.2,46.592,-4.4053
-18.93,-3.0807,3.1073,13.591,-9.7232,-5.7321,148.82,369.19,429.29,442.52,81.372,8.9368
-8.3032,-2.9899,-5.1904,7.703,-0.088495,-3.9828,169.59,431.87,524.54,588.7,146.29,40.686
12.61,-3.0059,-21.501,-6.3822,19.209,-9.2969,158.7,428.99,571.16,740.88,256.12,98.451
46.911,10.479,-45.432,-31.694,49.301,-15.274,106.15,337.26,551.88,896.37,416.95,187.41
95.768,30.274,-77.138,-67.936,90.931,-21.265,8.5644,148.9,459.9,1045.5,621.17,304.95
156,53.73,-117.22,-111.47,142.06,-28.724,-130.87,-126.8,296.95,1168.5,852.81,440.98
221.6,75.11,-165.64,-156.31,198.35,-40.778,-301.55,-467.73,68.703,1233.7,1084.9,581.55
285.84,87.107,-219.52,-195.22,256.58,-60.648,-488.41,-845.56,-219.7,1200.3,1279.8,709.49
340.34,82.781,-276.36,-220.36,312.15,-91.093,-674.75,-1231.7,-565.16,1028.1,1397.3,807.21
376.25,56.139,-335.53,-224.33,359.74,-135.16,-844.42,-1601.4,-964.24,690.7,1403.5,859.07
386.74,2.812,-395.83,-201.59,395.11,-193.68,-984.6,-1934.7,-1407.4,188.83,1280.4,854.38
369.27,-77.987,-455.68,-150.65,416.14,-264.09,-1087.7,-2215.5,-1872.7,-441.64,1033.3,790.67
326.86,-181.3,-513.26,-75.875,423.3,-344.03,-1151.9,-2430.6,-2323.1,-1131.3,691.99,675.42
267.7,-295.84,-565.97,12.457,419.4,-427.2,-1180.3,-2569.4,-2711.8,-1791,304.58,525.18
203.17,-406.14,-610.09,100.64,408.4,-504.17,-1179.9,-2627.3,-2995,-2336,-74.789,361.85
144.35,-496.88,-641.3,175.56,393.88,-565.09,-1159.1,-2607.9,-3145.7,-2708.3,-400.39,206.9
98.498,-557.21,-655.82,228.45,377.81,-602.53,-1125.4,-2523,-3160.6,-2889.2,-645.19,75.984
67.454,-582.92,-651.3,256.58,360.13,-613.13,-1083.2,-2388,-3056.6,-2893.9,-803,-23.88
48.3,-575.96,-626.82,262.54,339.09,-597.37,-1034,-2217.9,-2862.4,-2759.4,-882.83,-93.823
35.699,-542.12,-582.28,252.16,311.91,-558.13,-975.99,-2024.7,-2608.7,-2532.7,-900.45,-140.01
24.133,-488.66,-518.25,232.23,275.63,-499.26,-906.55,-1816.5,-2322.2,-2257,-872.69,-168.5
8.5439,-422.85,-436.77,208.85,228.31,-425.37,-823.27,-1599.6,-2023.5,-1964.4,-815.5,-183.03
-14.844,-351.73,-342.83,186.25,170.54,-342.5,-725.69,-1379.2,-1727.6,-1676.2,-742.16,-186.31
-45.168,-281.99,-244.85,166.19,106.65,-258.49,-616.43,-1161.3,-1445.4,-1408,-661.74,-180.42
-72.937,-219.55,-153.16,148.01,44.131,-181.77,-501.54,-952.36,-1185.8,-1171,-578.84,-157.24
-84.708,-168.45,-76.734,130.4,-9.2242,-118.77,-389.41,-760.48,-955.96,-968.09,-495.06,-101.39
-80.505,-129.71,-21.13,116.1,-45.959,-72.08,-288.33,-592.38,-760.31,-796.65,-418.42,-82.306
-71.052,-102.02,11.949,104.76,-63.676,-41.757,-204.12,-451.27,-599.86,-655.02,-360.24,-79.214
-62.11,-83.274,24.726,94.234,-66.182,-26.185,-138.86,-337.19,-472.39,-540.73,-315.69,-78.321
-54.537,-71.395,22.437,84.01,-58.639,-21.953,-91.143,-247.74,-373.22,-449.59,-278.02,-77.17
-48.688,-65.213,11.175,74.814,-45.964,-24.937,-57.64,-178.22,-296.44,-377.29,-245.21,-75.491
-44.785,-63.6,-2.9943,67.176,-32.173,-31.239,-34.142,-124.44,-236.84,-320.3,-217.19,-73.465
-42.497,-63.666,-15.26,60.897,-18.117,-37.198,-16.904,-84.108,-190.37,-275.96,-193.65,-71.316
-41.221,-63.022,-22.79,55.45,-14.58,-40.791,-3.3729,-54.49,-153.95,-242.21,-173.51,-69.212
-40.453,-57.208,-17.169,50.278,-19.818,-35.799,7.7735,-32.749,-125.4,-217.01,-154.41,-67.251
-39.864,-48,-11.704,45.146,-22.384,-27.422,16.741,-16.909,-103.31,-198.24,-136.78,-65.479
-39.235,-42.357,-8.3138,40.351,-23.143,-23.412,18.941,-5.8216,-86.77,-183.73,-124.06,-63.917
-38.465,-38.939,-6.1468,36.355,-23.315,-20.568,15.383,0.56396,-75.121,-171.47,-116.1,-62.577
-37.589,-36.412,-4.4269,33.34,-23.3,-18.265,18.281,0.10046,-67.665,-159.3,-110.94,-61.463
-36.757,-34.245,-2.6377,31.19,-23.29,-16.12,23.515,4.839,-63.28,-146.02,-107.29,-60.568
-36.127,-32.185,-0.51055,29.687,-23.568,-13.855,27.225,14.661,-60.292,-133.01,-104.5,-59.863
-35.777,-30.107,2.0422,28.636,-24.332,-11.338,29.486,22.015,-56.255,-121.72,-102.29,-59.306
-35.694,-27.966,4.9966,27.885,-25.579,-8.5609,30.93,26.447,-48.983,-112.42,-100.53,-58.847
-35.812,-25.772,8.271,27.331,-27.161,-5.6152,31.926,29.209,-41.19,-104.8,-99.109,-58.438
-36.054,-23.569,11.758,26.898,-28.883,-2.6362,32.656,31.053,-35.488,-98.497,-97.97,-58.042
-36.357,-21.404,15.344,26.534,-30.578,0.24723,33.212,32.352,-31.43,-93.215,-97.051,-57.631
-36.673,-19.311,18.926,26.205,-32.142,2.9498,33.642,33.31,-28.335,-88.706,-96.297,-57.191
-36.971,-17.31,22.424,25.889,-33.53,5.4365,33.974,34.049,-25.843,-84.789,-95.663,-56.718
-37.234,-15.405,25.789,25.575,-34.745,7.7083,34.229,34.647,-23.748,-81.331,-95.113,-56.217
-37.453,-13.595,28.994,25.261,-35.807,9.7813,34.427,35.154,-21.909,-78.227,-94.623,-55.698
-37.627,-11.88,32.021,24.948,-36.739,11.672,34.592,35.603,-20.233,-75.385,-94.181,-55.17
-37.76,-10.266,34.855,24.64,-37.563,13.39,34.747,36.01,-18.658,-72.721,-93.78,-54.639
-37.859,-8.7618,37.481,24.343,-38.289,14.936,34.909,36.384,-17.158,-70.17,-93.419,-54.111
-37.934,-7.3809,39.88,24.064,-38.924,16.305,35.083,36.725,-15.73,-67.692,-93.102,-53.592
-37.995,-6.1355,42.036,23.809,-39.468,17.491,35.261,37.028,-14.384,-65.286,-92.837,-53.1
-38.046,-5.0339,43.936,23.579,-39.922,18.488,35.426,37.282,-13.129,-62.975,-92.639,-52.652
-38.09,-4.0759,45.572,23.374,-40.289,19.302,35.557,37.48,-11.965,-60.792,-92.525,-52.274
-38.121,-3.2529,46.94,23.188,-40.574,19.947,35.639,37.615,-10.88,-58.764,-92.51,-51.981
-38.132,-2.5524,48.042,23.014,-40.784,20.444,35.668,37.683,-9.8513,-56.895,-92.596,-51.775
-38.112,-1.9638,48.882,22.849,-40.925,20.814,35.649,37.683,-8.8564,-55.17,-92.773,-51.648
-38.046,-1.4809,49.463,22.691,-40.999,21.073,35.595,37.618,-7.8775,-53.551,-93.012,-51.584
-37.923,-1.101,49.793,22.538,-41.002,21.231,35.52,37.491,-6.9037,-51.989,-93.278,-51.561
-37.735,-0.82295,49.877,22.388,-40.925,21.29,35.433,37.31,-5.9314,-50.435,-93.532,-51.56
-37.484,-0.6444,49.721,22.24,-40.76,21.246,35.338,37.078,-4.963,-48.85,-93.742,-51.57
-37.177,-0.5596,49.331,22.096,-40.499,21.098,35.231,36.792,-4.0065,-47.213,-93.884,-51.589
-36.828,-0.55852,48.714,21.957,-40.142,20.845,35.103,36.441,-3.0746,-45.522,-93.947,-51.619
-36.453,-0.62966,47.88,21.826,-39.695,20.496,34.943,36.005,-2.1839,-43.796,-93.93,-51.663
-36.061,-0.76256,46.84,21.704,-39.17,20.062,34.734,35.458,-1.3532,-42.066,-93.848,-51.725
-35.654,-0.9516,45.613,21.592,-38.578,19.557,34.463,34.775,-0.60075,-40.367,-93.72,-51.805
-35.222,-1.1959,44.22,21.486,-37.924,18.994,34.118,33.941,0.05873,-38.728,-93.565,-51.902
-34.744,-1.4953,42.684,21.379,-37.196,18.386,33.688,32.953,0.61867,-37.162,-93.395,-52.006
-34.189,-1.8455,41.015,21.261,-36.372,17.738,33.165,31.819,1.0817,-35.658,-93.201,-52.102
-33.526,-2.233,39.211,21.123,-35.42,17.048,32.54,30.561,1.4548,-34.181,-92.96,-52.169
-32.736,-2.6376,37.255,20.953,-34.31,16.314,31.8,29.194,1.7416,-32.687,-92.631,-52.182
-31.806,-3.0331,35.135,20.74,-33.023,15.532,30.93,27.716,1.9365,-31.13,-92.176,-52.118
-30.739,-3.3912,32.844,20.475,-31.559,14.708,29.905,26.098,2.0281,-29.469,-91.553,-51.958
-29.543,-3.6878,30.401,20.151,-29.937,13.855,28.681,24.282,2.0079,-27.673,-90.726,-51.688
-28.229,-3.9104,27.832,19.767,-28.181,12.984,27.18,22.188,1.8774,-25.724,-89.661,-51.291
-26.808,-4.0613,25.171,19.327,-26.311,12.107,25.276,19.714,1.6484,-23.611,-88.333,-50.757
-25.28,-4.154,22.441,18.832,-24.325,11.234,22.785,16.758,1.3389,-21.332,-86.718,-50.076
-23.64,-4.2047,19.662,18.281,-22.206,10.37,19.49,13.228,0.96646,-18.884,-84.794,-49.239
-21.88,-4.2231,16.854,17.658,-19.93,9.5264,15.206,9.0613,0.54458,-16.255,-82.53,-48.219
-19.991,-4.2052,14.053,16.941,-17.495,8.718,9.9069,4.2491,0.079898,-13.416,-79.878,-46.98
-17.975,-4.1312,11.312,16.102,-14.923,7.9688,3.8165,-1.1525,-0.42833,-10.331,-76.771,-45.473
-15.829,-3.9684,8.6931,15.104,-12.262,7.3077,-2.6525,-7.0417,-0.9864,-6.9629,-73.134,-43.642
-13.543,-3.6786,6.2523,13.906,-9.567,6.7624,-9.1087,-13.313,-1.6017,-3.2861,-68.897,-41.44
-11.097,-3.2301,4.0232,12.457,-6.8846,6.352,-15.338,-19.889,-2.2768,0.70497,-64.018,-38.836
-8.4636,-2.607,2.0131,10.71,-4.2459,6.0805,-21.32,-26.731,-3.0048,4.9925,-58.497,-35.821
-5.6297,-1.8165,0.21215,8.6289,-1.6698,5.9386,-27.164,-33.823,-3.7699,9.5393,-52.367,-32.407
-2.6142,-0.88496,-1.3964,6.2091,0.82131,5.9078,-33.04,-41.147,-4.5521,14.295,-45.697,-28.623
0.5224,0.1521,-2.8195,3.4857,3.1903,5.9734,-39.114,-48.661,-5.3354,19.204,-38.584,-24.515
3.6828,1.2628,-4.0471,0.53521,5.3843,6.1327,-45.479,-56.304,-6.1158,24.207,-31.149,-20.138
6.755,2.4284,-5.0567,-2.5415,7.3475,6.396,-52.111,-63.989,-6.9044,29.244,-23.538,-15.552
9.6441,3.6447,-5.825,-5.6477,9.0398,6.7797,-58.889,-71.635,-7.7234,34.255,-15.908,-10.819
12.297,4.924,-6.3394,-8.7162,10.45,7.297,-65.665,-79.176,-8.5962,39.172,-8.4131,-5.9968
14.705,6.287,-6.6033,-11.718,11.596,7.9508,-72.317,-86.539,-9.5369,43.931,-1.1705,-1.1259
16.893,7.7555,-6.6347,-14.652,12.514,8.7293,-78.763,-93.617,-10.544,48.475,5.7422,3.7739
18.898,9.3466,-6.4639,-17.528,13.246,9.6128,-84.908,-100.27,-11.601,52.764,12.291,8.7062
20.751,11.07,-6.1203,-20.348,13.831,10.577,-90.605,-106.34,-12.673,56.78,18.481,13.694
22.468,12.932,-5.6257,-23.102,14.292,11.599,-95.67,-111.68,-13.718,60.531,24.349,18.775
24.048,14.939,-4.9857,-25.765,14.64,12.666,-99.958,-116.24,-14.69,64.042,29.949,23.992
25.474,17.103,-4.1869,-28.302,14.873,13.775,-103.44,-120.05,-15.557,67.342,35.335,29.378
26.728,19.448,-3.2026,-30.684,14.986,14.934,-106.21,-123.2,-16.301,70.449,40.556,34.939
27.808,22.012,-2.0026,-32.898,14.976,16.161,-108.42,-125.83,-16.925,73.365,45.64,40.637
28.73,24.853,-0.561,-34.96,14.849,17.484,-110.22,-128.05,-17.44,76.084,50.6,46.387
29.523,28.052,1.1422,-36.91,14.614,18.947,-111.74,-129.95,-17.853,78.603,55.441,52.076
30.222,31.701,3.1222,-38.8,14.28,20.618,-113.04,-131.55,-18.156,80.928,60.161,57.589
30.857,35.872,5.389,-40.677,13.854,22.608,-114.14,-132.84,-18.32,83.078,64.758,62.833
31.45,40.586,7.9449,-42.576,13.335,25.075,-115.02,-133.8,-18.301,85.079,69.224,67.74
32.011,45.786,10.782,-44.518,12.715,28.213,-115.64,-134.36,-18.049,86.954,73.538,72.274
32.544,51.357,13.882,-46.507,11.982,32.183,-115.94,-134.44,-17.521,88.728,77.672,76.414
33.049,57.16,17.216,-48.534,11.117,37.014,-115.84,-133.95,-16.686,90.418,81.592,80.156
33.52,63.078,20.752,-50.578,10.098,42.565,-115.18,-132.78,-15.525,92.04,85.271,83.502
33.951,69.018,24.458,-52.616,8.9063,48.583,-113.74,-130.75,-14.032,93.602,88.693,86.463
34.336,74.908,28.304,-54.623,7.5314,54.809,-111.22,-127.65,-12.19,95.105,91.853,89.053
34.674,80.671,32.261,-56.576,5.9812,61.03,-107.26,-123.25,-9.9594,96.545,94.756,91.294
34.966,86.228,36.287,-58.453,4.2903,67.098,-101.7,-117.41,-7.2573,97.917,97.413,93.219
35.219,91.504,40.333,-60.23,2.5199,72.926,-94.646,-110.14,-3.9784,99.21,99.835,94.866
35.442,96.442,44.336,-61.883,0.74777,78.489,-86.397,-101.63,-0.055176,100.41,102.03,96.272
35.641,101.01,48.227,-63.392,-0.94613,83.801,-77.216,-92.098,4.4736,101.5,103.99,97.47
35.828,105.22,51.929,-64.742,-2.4888,88.891,-67.249,-81.727,9.4496,102.44,105.72,98.476
36.008,109.05,55.345,-65.917,-3.8148,93.771,-56.627,-70.681,14.644,103.22,107.18,99.295
36.19,112.52,58.355,-66.908,-4.8629,98.404,-45.642,-59.23,19.799,103.79,108.35,99.916
36.373,115.58,60.819,-67.701,-5.5744,102.67,-34.822,-47.868,24.624,104.09,109.18,100.32
36.558,118.15,62.605,-68.282,-5.8968,106.33,-24.797,-37.337,28.777,104.09,109.65,100.5
36.741,120.06,63.603,-68.633,-5.7896,109.03,-16.095,-28.534,31.892,103.73,109.71,100.44
36.919,121.06,63.742,-68.737,-5.2283,110.3,-9.1818,-22.294,33.681,102.95,109.37,100.12
37.091,120.89,62.967,-68.582,-4.2077,109.73,-4.7914,-19.086,34.055,101.71,108.6,99.548
37.261,119.33,61.208,-68.166,-2.7441,107.08,-3.964,-18.716,33.171,99.971,107.44,98.722
37.433,116.32,58.353,-67.501,-0.87247,102.41,-7.1296,-20.376,31.349,97.734,105.9,97.65
37.615,111.94,54.265,-66.606,1.3632,96.035,-13.181,-23.062,28.932,95.003,104.02,96.348
37.82,106.34,48.857,-65.509,3.9235,88.372,-20.253,-26,26.19,91.789,101.83,94.828
38.061,99.697,42.175,-64.234,6.7779,79.777,-27.077,-28.762,23.307,88.105,99.384,93.101
38.348,92.202,34.422,-62.802,9.8888,70.51,-33.238,-31.172,20.399,83.96,96.69,91.166
38.683,84.064,25.918,-61.231,13.189,60.785,-38.772,-33.167,17.534,79.368,93.781,89.02
39.058,75.526,17.039,-59.541,16.579,50.817,-43.84,-34.709,14.749,74.365,90.687,86.659
39.458,66.849,8.2007,-57.761,19.943,40.854,-48.581,-35.752,12.068,69.016,87.447,84.087
39.867,58.275,-0.17611,-55.933,23.19,31.217,-53.069,-36.241,9.5221,63.422,84.107,81.315
40.273,50.004,-7.7257,-54.107,26.274,22.339,-57.276,-36.134,7.1685,57.698,80.71,78.359
40.665,42.192,-14.234,-52.335,29.197,14.748,-61.038,-35.411,5.0938,51.976,77.293,75.234
41.036,34.979,-19.682,-50.666,31.986,8.842,-64.046,-34.03,3.3965,46.393,73.9,71.962
41.383,28.513,-24.172,-49.135,34.654,4.5379,-65.874,-31.829,2.1775,41.094,70.59,68.577
41.71,22.938,-27.823,-47.763,37.18,1.2491,-66.083,-28.545,1.5477,36.219,67.423,65.129
42.027,18.34,-30.73,-46.558,39.504,-1.6601,-64.408,-23.994,1.6507,31.888,64.468,61.677
42.335,14.686,-32.979,-45.512,41.551,-4.4782,-60.921,-18.237,2.6507,28.169,61.77,58.277
42.632,11.838,-34.669,-44.594,43.266,-7.167,-55.965,-11.593,4.6661,25.064,59.341,54.958
42.912,9.6043,-35.901,-43.752,44.651,-9.5742,-49.965,-4.5172,7.6786,22.502,57.151,51.719
43.178,7.8018,-36.766,-42.913,45.78,-11.584,-43.298,2.5416,11.507,20.351,55.131,48.52
43.44,6.2894,-37.331,-42.006,46.752,-13.152,-36.261,9.2376,15.879,18.456,53.2,45.309
43.702,4.9744,-37.643,-40.975,47.599,-14.299,-29.069,15.342,20.52,16.681,51.28,42.055
43.925,3.7963,-37.725,-39.773,48.198,-15.078,-21.871,20.723,25.189,14.932,49.331,38.756
43.998,2.7036,-37.581,-38.33,48.303,-15.566,-14.774,25.329,29.671,13.184,47.349,35.434
43.744,1.6443,-37.212,-36.529,47.662,-15.853,-7.8604,29.189,33.761,11.464,45.359,32.13
42.973,0.5683,-36.626,-34.226,46.118,-16.03,-1.1996,32.39,37.262,9.8225,43.401,28.89
41.551,-0.56311,-35.853,-31.303,43.658,-16.184,5.111,35.037,39.996,8.3007,41.512,25.753
39.443,-1.7748,-34.938,-27.707,40.415,-16.379,10.88,37.221,41.818,6.9006,39.713,22.744
36.713,-3.0824,-33.941,-23.469,36.638,-16.654,15.846,39.009,42.659,5.5752,37.998,19.872
33.486,-4.4988,-32.92,-18.702,32.642,-17.023,19.838,40.449,42.552,4.2401,36.338,17.125
29.912,-6.0356,-31.938,-13.569,28.751,-17.484,22.88,41.582,41.635,2.8052,34.688,14.476
26.141,-7.6978,-31.052,-8.2697,25.259,-18.023,25.15,42.452,40.095,1.2106,33.015,11.894
22.304,-9.4811,-30.304,-3.0185,22.399,-18.619,26.859,43.104,38.124,-0.56197,31.301,9.3526
18.498,-11.374,-29.717,1.9714,20.294,-19.251,28.184,43.587,35.883,-2.4913,29.539,6.84
14.768,-13.366,-29.289,6.5103,18.917,-19.907,29.25,43.942,33.499,-4.5362,27.731,4.3605
11.097,-15.447,-29.005,10.446,18.092,-20.6,30.132,44.203,31.053,-6.6549,25.896,1.9363
7.4521,-17.607,-28.848,13.68,17.569,-21.356,30.873,44.393,28.592,-8.8097,24.057,-0.39071
3.8852,-19.817,-28.821,16.195,17.147,-22.202,31.497,44.529,26.134,-10.959,22.271,-2.5577
0.57235,-22.027,-28.941,18.068,16.752,-23.145,32.018,44.619,23.691,-13.048,20.626,-4.4841
-2.2623,-24.156,-29.22,19.44,16.421,-24.162,32.445,44.666,21.286,-15.009,19.231,-6.0928
-4.4679,-26.117,-29.647,20.449,16.224,-25.2,32.787,44.668,18.953,-16.776,18.197,-7.311
-6.0232,-27.842,-30.18,21.196,16.202,-26.205,33.051,44.62,16.727,-18.307,17.6,-8.103
-7.0029,-29.306,-30.767,21.747,16.342,-27.136,33.247,44.516,14.63,-19.596,17.462,-8.4821
-7.5412,-30.529,-31.361,22.15,16.593,-27.98,33.385,44.356,12.671,-20.681,17.739,-8.505
-7.7921,-31.559,-31.929,22.45,16.895,-28.739,33.476,44.143,10.846,-21.619,18.348,-8.2443
-7.8889,-32.447,-32.453,22.685,17.198,-29.421,33.534,43.887,9.1439,-22.468,19.207,-7.7789
-7.929,-33.222,-32.923,22.883,17.471,-30.027,33.567,43.598,7.5489,-23.266,20.25,-7.166
-7.9588,-33.89,-33.332,23.055,17.707,-30.551,33.583,43.29,6.0462,-24.031,21.437,-6.4348
-7.9839,-34.441,-33.679,23.204,17.91,-30.983,33.586,42.975,4.6222,-24.761,22.739,-5.5934
-7.9878,-34.867,-33.965,23.321,18.09,-31.318,33.578,42.664,3.2677,-25.443,24.128,-4.6422
-7.9492,-35.168,-34.193,23.403,18.257,-31.561,33.564,42.367,1.9789,-26.063,25.572,-3.5859
-7.8536,-35.361,-34.373,23.45,18.419,-31.723,33.547,42.095,0.75802,-26.612,27.031,-2.4414
-7.7,-35.468,-34.513,23.464,18.576,-31.825,33.534,41.856,-0.38822,-27.093,28.465,-1.2376
-7.5008,-35.52,-34.624,23.456,18.727,-31.886,33.527,41.658,-1.4542,-27.518,29.839,-0.011504
-7.2761,-35.545,-34.715,23.435,18.867,-31.927,33.526,41.504,-2.4444,-27.911,31.131,1.1981
-7.0419,-35.564,-34.792,23.414,18.993,-31.962,33.528,41.385,-3.3811,-28.306,32.337,2.359
-6.7986,-35.585,-34.861,23.395,19.109,-32.001,33.525,41.278,-4.3053,-28.737,33.47,3.4515
-6.5273,-35.606,-34.923,23.378,19.221,-32.042,33.5,41.142,-5.269,-29.229,34.557,4.4708
-6.1977,-35.606,-34.972,23.35,19.339,-32.074,33.438,40.928,-6.3152,-29.777,35.62,5.4217
-5.787,-35.549,-34.995,23.295,19.465,-32.078,33.327,40.601,-7.4451,-30.319,36.668,6.3106
-5.3043,-35.386,-34.969,23.194,19.588,-32.029,33.177,40.175,-8.5713,-30.697,37.692,7.1359
-4.8095,-35.066,-34.864,23.037,19.669,-31.899,33.033,39.779,-9.4715,-30.62,38.669,7.8816
-4.4133,-34.548,-34.638,22.824,19.649,-31.636,32.989,39.713,-9.8088,-29.622,39.578,8.5183
-4.2472,-33.815,-34.238,22.575,19.467,-31.175,33.172,40.404,-9.3769,-27.006,40.429,9.0194
-4.4025,-32.882,-33.609,22.319,19.087,-30.466,33.677,42.199,-8.4461,-21.834,41.309,9.4016
-4.8563,-31.789,-32.725,22.079,18.513,-29.506,34.479,45.319,-7.3937,-14.064,42.453,9.7868
-5.4207,-30.58,-31.626,21.844,17.796,-28.353,35.308,47.372,-8.0796,-14.615,44.31,10.466
-5.7403,-29.265,-30.46,21.551,17.053,-27.103,35.294,44.165,-11.085,-37.311,47.581,11.944
-5.3214,-27.786,-29.471,21.064,16.474,-25.837,33.77,40.083,-15.13,-42.945,53.179,14.964
-3.5489,-26.011,-28.904,20.135,16.293,-24.591,31.63,34.999,-18.548,-40.552,61.547,20.521
0.2563,-23.774,-28.865,18.295,16.68,-23.366,29.801,29.427,-18.763,-30.418,65.576,29.164
6.0106,-20.973,-29.205,14.75,17.331,-22.197,27.396,29.1,-9.7601,-7.125,40.86,31.107
6.9289,-17.662,-28.908,10.227,12.691,-21.218,28.544,41.451,18.029,33.058,31.819,8.5153
-9.4266,-14.027,-22.008,12.107,2.2896,-20.627,42.542,75.201,76.923,91.349,28.008,-0.20877
-18.305,-10.228,-6.5758,15.478,-5.3565,-20.417,67.596,141.65,172.92,172.26,29.922,-5.0761
-21.878,-6.4282,2.4946,15.807,-10.545,-19.108,103.32,243.16,289.51,279.56,43.627,-4.955
-20.668,-3.385,4.9598,14.509,-11.266,-9.1596,143.26,348.96,410.68,409.82,74.548,5.7088
-12.53,-2.6713,-0.60859,10.138,-4.699,-1.7033,171.93,426.15,512.4,557.21,132.99,33.281
5.2822,-3.3959,-14.643,-1.537,11.16,-6.2627,171.73,445.56,568.72,715.33,233.33,85.08
36.009,7.392,-36.583,-24.308,37.47,-12.344,131.4,379.74,560.46,876.41,383.99,167.12
81.54,26.56,-66.096,-58.51,75.132,-18.411,46.071,215.22,479.01,1030.9,580.52,278.86
139.77,50.088,-103.46,-101.12,123.44,-25.459,-83.16,-43.249,324.97,1161.1,808.73,411.86
204.85,72.572,-149.31,-146.25,178.43,-36.455,-247.92,-375.66,104.01,1236.7,1043.6,552.75
270.22,86.686,-202,-186.83,236.62,-54.634,-433.66,-753.49,-177.87,1218.5,1248.6,684.69
327.9,85.494,-258.47,-215.26,293.96,-82.598,-623.65,-1146.5,-516.92,1066.8,1383.9,790.13
368.95,62.944,-317.84,-224.1,345.02,-123.53,-800.93,-1527.5,-909.63,752.91,1414.1,853.16
385.79,14.377,-378.94,-207.37,384.91,-179.7,-951.34,-1874.7,-1347.4,272.88,1318.3,861.8
374.66,-61.611,-439.97,-162.52,410.64,-248.5,-1065.6,-2170.9,-1810.8,-343.1,1096.6,811.46
337.21,-161.05,-498.99,-92.461,421.8,-327.06,-1140,-2402.3,-2266.5,-1029.7,773.48,707.34
280.51,-273.91,-553.61,-6.1014,420.63,-410.29,-1176.5,-2557.6,-2670.4,-1699.3,393.3,564.15
215.59,-385.62,-600.41,83.418,411.04,-489.31,-1181.4,-2631,-2977.3,-2265.1,9.2714,402.82
154.21,-480.82,-635.18,162.34,397.01,-554.25,-1163,-2624.4,-3155.5,-2665.3,-330.77,245.03
104.99,-547.63,-654.01,220.45,381.08,-597.07,-1129.6,-2548,-3196.2,-2875.8,-595.58,107.73
71.074,-580.49,-654.17,253.66,363.7,-613.55,-1087.2,-2417.3,-3112.3,-2905.7,-774.31,-0.042586
50.171,-580.24,-634.28,263.87,343.35,-603.39,-1037.8,-2248.7,-2930.4,-2787.1,-872.44,-77.345
36.863,-551.91,-593.93,256.58,317.2,-568.94,-980.39,-2055.9,-2682,-2567.1,-904.07,-129.22
25.36,-502.32,-533.4,238.4,282.12,-513.81,-911.78,-1848.1,-2395.8,-2293.3,-885.81,-162.05
10.465,-438.69,-454.37,215.45,235.93,-442.41,-829.18,-1631.6,-2094.7,-2001.5,-833.85,-180.06
-11.923,-368.2,-361.5,192.37,178.98,-360.64,-732.22,-1411.5,-1795.4,-1715.6,-762.16,-186.11
-41.911,-297.82,-262.97,171.57,115.25,-276.25,-623.57,-1193.3,-1510.3,-1451.6,-681.1,-182.57
-71.483,-233.73,-169.06,153.08,51.977,-197.68,-509.05,-983.13,-1248.7,-1216.8,-596.85,-167.07
-85.876,-180.3,-89.167,135.62,-2.9626,-131.55,-396.74,-788.38,-1015.4,-1011.5,-511.91,-114.37
-81.843,-139.13,-29.693,121,-42.158,-81.201,-294.83,-616.1,-812.65,-835.53,-432.33,-85.368
-71.541,-109.15,6.9051,109.53,-62.229,-47.606,-209.33,-470.44,-642.53,-687.74,-370.64,-80.287
-62.455,-88.391,22.406,99.068,-66.407,-29.438,-142.71,-352.1,-505.56,-566.76,-324.18,-79.271
-55.172,-75.212,21.76,88.695,-59.782,-23.6,-93.856,-258.96,-398.33,-469.65,-285.41,-78.37
-49.521,-68.003,11.276,78.966,-47.37,-25.817,-59.421,-186.44,-315.04,-392.55,-251.53,-76.974
-45.579,-65.535,-2.7206,70.712,-33.389,-31.769,-35.177,-130.2,-250.28,-332,-222.42,-75.163
-43.14,-65.208,-15.262,64.017,-19.123,-37.748,-17.373,-88.231,-199.73,-285.13,-197.94,-73.132
-41.73,-64.763,-24.097,58.47,-11.41,-41.621,-3.4104,-57.717,-160.25,-249.42,-177.29,-71.049
-40.901,-61.486,-22.693,53.552,-16.156,-39.958,8.1093,-35.373,-129.72,-222.58,-158.15,-69.035
-40.332,-53.505,-17.538,48.839,-19.19,-32.075,17.594,-18.848,-106.6,-202.46,-139.78,-67.164
-39.802,-47.295,-13.97,44.289,-20.228,-28.423,23.161,-6.8722,-89.645,-187.02,-125.73,-65.486
-39.187,-43.81,-11.557,40.227,-20.603,-25.938,22.014,0.86624,-77.736,-174.3,-116.86,-64.043
-38.501,-41.567,-9.5552,36.954,-20.789,-23.883,24.016,2.0661,-69.883,-162.14,-111.25,-62.866
-37.883,-39.821,-7.4501,34.517,-20.944,-21.923,28.358,6.0987,-65.066,-148.82,-107.41,-61.961
-37.489,-38.226,-5.0041,32.776,-21.362,-19.82,31.231,16.462,-61.987,-135.4,-104.57,-61.304
-37.386,-36.592,-2.1739,31.547,-22.303,-17.435,32.929,24.347,-58.764,-123.72,-102.39,-60.838
-37.519,-34.821,0.99351,30.67,-23.806,-14.717,34.009,28.981,-53.113,-114.17,-100.69,-60.494
-37.772,-32.876,4.441,30.021,-25.722,-11.682,34.753,31.837,-45.959,-106.45,-99.321,-60.212
-38.052,-30.775,8.1239,29.512,-27.825,-8.4222,35.296,33.76,-40.213,-100.11,-98.177,-59.945
-38.318,-28.565,11.985,29.082,-29.902,-5.0822,35.707,35.14,-36.135,-94.761,-97.167,-59.667
-38.562,-26.312,15.929,28.688,-31.804,-1.8179,36.024,36.173,-33.052,-90.11,-96.232,-59.367
-38.794,-24.078,19.83,28.306,-33.467,1.2517,36.272,36.967,-30.525,-85.945,-95.345,-59.039
-39.02,-21.909,23.577,27.921,-34.888,4.0637,36.469,37.595,-28.306,-82.134,-94.503,-58.684
-39.24,-19.832,27.099,27.531,-36.094,6.6015,36.634,38.11,-26.247,-78.604,-93.717,-58.303
-39.444,-17.86,30.38,27.143,-37.123,8.8731,36.782,38.554,-24.263,-75.313,-92.999,-57.902
-39.613,-15.997,33.436,26.767,-38.006,10.896,36.927,38.958,-22.322,-72.232,-92.358,-57.495
-39.729,-14.244,36.287,26.41,-38.769,12.689,37.076,39.34,-20.437,-69.326,-91.79,-57.1
-39.779,-12.601,38.936,26.074,-39.43,14.269,37.23,39.709,-18.637,-66.553,-91.286,-56.741
-39.766,-11.068,41.359,25.757,-39.999,15.652,37.384,40.061,-16.942,-63.866,-90.828,-56.433
-39.707,-9.6482,43.519,25.454,-40.482,16.853,37.529,40.387,-15.351,-61.226,-90.394,-56.179
-39.627,-8.3508,45.387,25.162,-40.887,17.886,37.657,40.675,-13.844,-58.606,-89.96,-55.966
-39.551,-7.1907,46.954,24.887,-41.225,18.762,37.762,40.916,-12.386,-56.004,-89.505,-55.765
-39.496,-6.1863,48.232,24.637,-41.504,19.485,37.845,41.108,-10.943,-53.432,-89.019,-55.553
-39.467,-5.3545,49.25,24.42,-41.726,20.052,37.91,41.256,-9.4945,-50.914,-88.504,-55.315
-39.459,-4.7045,50.039,24.239,-41.887,20.454,37.963,41.369,-8.0353,-48.47,-87.975,-55.052
-39.453,-4.2335,50.624,24.095,-41.976,20.687,38.005,41.458,-6.5779,-46.107,-87.463,-54.781
-39.423,-3.9245,51.012,23.982,-41.99,20.76,38.035,41.526,-5.1412,-43.815,-86.999,-54.529
-39.346,-3.75,51.194,23.894,-41.928,20.698,38.043,41.571,-3.7409,-41.567,-86.601,-54.31
-39.203,-3.6781,51.149,23.823,-41.793,20.538,38.019,41.584,-2.3843,-39.332,-86.269,-54.124
-38.994,-3.6803,50.861,23.761,-41.593,20.314,37.95,41.552,-1.0699,-37.077,-85.977,-53.957
-38.73,-3.7362,50.324,23.702,-41.334,20.052,37.828,41.457,0.20926,-34.782,-85.68,-53.791
-38.429,-3.8357,49.553,23.643,-41.023,19.765,37.651,41.284,1.4607,-32.44,-85.333,-53.617
-38.106,-3.9781,48.58,23.583,-40.663,19.448,37.42,41.017,2.6857,-30.054,-84.896,-53.436
-37.766,-4.1683,47.441,23.52,-40.247,19.083,37.142,40.644,3.8726,-27.635,-84.343,-53.26
-37.403,-4.4095,46.167,23.454,-39.756,18.649,36.824,40.156,4.9976,-25.196,-83.666,-53.104
-36.998,-4.6963,44.772,23.378,-39.163,18.131,36.469,39.545,6.0329,-22.747,-82.874,-52.98
-36.532,-5.0138,43.261,23.287,-38.439,17.528,36.074,38.804,6.9582,-20.294,-81.971,-52.889
-35.985,-5.3428,41.63,23.177,-37.567,16.854,35.632,37.919,7.7633,-17.828,-80.955,-52.817
-35.345,-5.6674,39.872,23.046,-36.543,16.127,35.129,36.874,8.4442,-15.328,-79.805,-52.736
-34.608,-5.9809,37.979,22.896,-35.375,15.366,34.549,35.65,8.998,-12.76,-78.485,-52.61
-33.775,-6.2842,35.947,22.727,-34.084,14.584,33.872,34.22,9.4214,-10.08,-76.946,-52.396
-32.852,-6.5798,33.77,22.536,-32.686,13.788,33.072,32.557,9.7131,-7.2417,-75.141,-52.056
-31.832,-6.8648,31.448,22.316,-31.185,12.974,32.112,30.624,9.8771,-4.1986,-73.032,-51.565
-30.701,-7.126,28.984,22.054,-29.574,12.137,30.937,28.374,9.9228,-0.91327,-70.596,-50.9
-29.446,-7.3408,26.4,21.741,-27.832,11.279,29.462,25.755,9.8637,2.6402,-67.824,-50.044
-28.052,-7.4803,23.737,21.367,-25.941,10.41,27.559,22.711,9.7141,6.4659,-64.718,-48.987
-26.522,-7.5174,21.055,20.924,-23.9,9.5548,25.059,19.186,9.4842,10.543,-61.283,-47.724
-24.864,-7.4336,18.421,20.401,-21.729,8.7461,21.766,15.132,9.1768,14.829,-57.51,-46.243
-23.09,-7.2243,15.891,19.785,-19.463,8.0171,17.521,10.516,8.7865,19.279,-53.37,-44.532
-21.21,-6.8985,13.497,19.064,-17.138,7.3921,12.287,5.3254,8.3007,23.853,-48.82,-42.562
-19.23,-6.4727,11.251,18.22,-14.781,6.8831,6.2212,-0.42843,7.7084,28.527,-43.815,-40.291
-17.152,-5.9617,9.1575,17.233,-12.402,6.4921,-0.34207,-6.7038,7.0075,33.285,-38.341,-37.661
-14.968,-5.37,7.2196,16.08,-10.008,6.2149,-7.0211,-13.423,6.2089,38.109,-32.424,-34.613
-12.664,-4.6868,5.45,14.734,-7.6026,6.0476,-13.536,-20.482,5.337,42.966,-26.144,-31.105
-10.223,-3.8903,3.8657,13.166,-5.2073,5.9907,-19.787,-27.779,4.4216,47.795,-19.632,-27.131
-7.6435,-2.9562,2.4922,11.345,-2.8695,6.054,-25.831,-35.231,3.488,52.513,-13.045,-22.743
-4.9473,-1.869,1.3582,9.2449,-0.6592,6.2533,-31.798,-42.783,2.5482,57.031,-6.5292,-18.04
-2.1833,-0.62928,0.4858,6.8508,1.3523,6.6023,-37.815,-50.399,1.5971,61.269,-0.20438,-13.143
0.57846,0.74654,-0.11509,4.1751,3.1158,7.1036,-43.981,-58.039,0.61716,65.181,5.8592,-8.1554
3.2601,2.2292,-0.44908,1.2669,4.6137,7.7458,-50.353,-65.663,-0.41326,68.748,11.632,-3.1489
5.7939,3.7866,-0.5331,-1.788,5.855,8.5062,-56.946,-73.214,-1.5105,71.976,17.115,1.847
8.1368,5.3906,-0.39665,-4.8872,6.8662,9.3555,-63.721,-80.607,-2.6794,74.88,22.324,6.8355
10.277,7.023,-0.068603,-7.9414,7.6757,10.268,-70.559,-87.717,-3.9122,77.475,27.279,11.844
12.232,8.6802,0.42314,-10.9,8.3126,11.223,-77.245,-94.394,-5.1918,79.771,32.006,16.91
14.028,10.374,1.0579,-13.757,8.8017,12.208,-83.511,-100.5,-6.4968,81.778,36.533,22.073
15.691,12.131,1.8291,-16.529,9.1594,13.219,-89.118,-105.95,-7.8072,83.507,40.896,27.359
17.228,13.988,2.7475,-19.235,9.3907,14.261,-93.94,-110.75,-9.1073,84.976,45.139,32.769
18.627,15.987,3.8377,-21.873,9.4925,15.341,-97.979,-114.93,-10.387,86.217,49.307,38.282
19.864,18.162,5.1287,-24.404,9.4567,16.47,-101.32,-118.58,-11.638,87.267,53.441,43.849
20.912,20.536,6.6445,-26.776,9.2747,17.662,-104.1,-121.76,-12.854,88.166,57.559,49.401
21.758,23.12,8.3985,-28.943,8.9387,18.938,-106.41,-124.51,-14.022,88.951,61.659,54.852
22.408,25.933,10.393,-30.895,8.4438,20.337,-108.35,-126.86,-15.122,89.655,65.714,60.109
22.894,29.013,12.62,-32.664,7.7899,21.929,-109.98,-128.82,-16.121,90.305,69.684,65.084
23.269,32.424,15.069,-34.311,6.9818,23.819,-111.34,-130.4,-16.974,90.923,73.529,69.708
23.588,36.244,17.73,-35.911,6.0253,26.156,-112.43,-131.61,-17.63,91.533,77.214,73.938
23.895,40.527,20.599,-37.523,4.9199,29.125,-113.26,-132.45,-18.043,92.152,80.72,77.764
24.203,45.282,23.682,-39.184,3.6517,32.902,-113.82,-132.91,-18.179,92.794,84.042,81.197
24.498,50.457,26.987,-40.899,2.1914,37.573,-114.04,-132.94,-18.022,93.47,87.183,84.265
24.743,55.951,30.517,-42.652,0.50066,43.061,-113.76,-132.43,-17.574,94.182,90.151,87.001
24.895,61.642,34.262,-44.417,-1.4537,49.113,-112.73,-131.24,-16.841,94.925,92.956,89.438
24.923,67.409,38.207,-46.174,-3.6778,55.398,-110.6,-129.14,-15.821,95.682,95.599,91.599
24.823,73.153,42.33,-47.913,-6.1297,61.626,-107.05,-125.91,-14.491,96.43,98.071,93.499
24.626,78.795,46.603,-49.639,-8.7138,67.611,-101.96,-121.38,-12.796,97.141,100.36,95.146
24.394,84.27,50.991,-51.359,-11.298,73.288,-95.384,-115.47,-10.665,97.789,102.43,96.54
24.211,89.528,55.454,-53.074,-13.745,78.687,-87.548,-108.28,-8.0415,98.345,104.27,97.68
24.159,94.532,59.95,-54.769,-15.944,83.888,-78.681,-99.967,-4.9314,98.784,105.85,98.569
24.304,99.25,64.427,-56.411,-17.811,88.964,-69.011,-90.717,-1.4309,99.08,107.15,99.214
24.676,103.64,68.786,-57.959,-19.282,93.933,-58.8,-80.697,2.278,99.2,108.15,99.626
25.268,107.64,72.848,-59.371,-20.307,98.716,-48.385,-70.098,5.9525,99.1,108.84,99.815
26.035,111.21,76.361,-60.616,-20.838,103.14,-38.185,-59.248,9.3212,98.72,109.18,99.785
26.916,114.27,79.045,-61.675,-20.833,106.97,-28.632,-48.732,12.117,97.987,109.17,99.532
27.85,116.79,80.66,-62.537,-20.254,109.92,-20.109,-39.441,14.124,96.818,108.76,99.042
28.792,118.65,81.043,-63.189,-19.077,111.7,-13.002,-32.424,15.228,95.127,107.94,98.294
29.722,119.65,80.117,-63.619,-17.297,111.98,-7.9466,-28.523,15.455,92.836,106.69,97.269
30.642,119.5,77.852,-63.809,-14.932,110.44,-5.9854,-27.894,14.953,89.882,105,95.948
31.563,117.9,74.222,-63.753,-12.024,106.85,-7.9536,-29.777,13.929,86.229,102.9,94.321
32.5,114.69,69.187,-63.454,-8.6392,101.31,-13.237,-32.915,12.57,81.873,100.42,92.386
33.454,109.95,62.757,-62.934,-4.8509,94.176,-19.957,-36.275,11.005,76.845,97.611,90.152
34.419,103.94,55.064,-62.218,-0.71874,85.912,-26.601,-39.361,9.2991,71.203,94.513,87.63
35.39,96.92,46.359,-61.334,3.7054,76.884,-32.655,-42.074,7.4762,65.024,91.172,84.832
36.358,89.159,36.925,-60.302,8.3424,67.347,-38.166,-44.474,5.5491,58.397,87.622,81.77
37.319,80.885,27.025,-59.139,13.064,57.483,-43.296,-46.608,3.5484,51.435,83.891,78.463
38.259,72.321,16.922,-57.863,17.711,47.449,-48.162,-48.438,1.5324,44.278,80.017,74.94
39.163,63.695,6.9576,-56.5,22.135,37.424,-52.803,-49.834,-0.4179,37.097,76.051,71.251
40.01,55.23,-2.3887,-55.081,26.236,27.699,-57.19,-50.616,-2.2194,30.078,72.058,67.465
40.781,47.132,-10.611,-53.649,29.988,18.785,-61.226,-50.609,-3.8051,23.401,68.109,63.653
41.461,39.582,-17.442,-52.247,33.437,11.361,-64.722,-49.674,-5.1325,17.229,64.271,59.885
42.042,32.734,-22.944,-50.914,36.645,5.7861,-67.373,-47.689,-6.1665,11.694,60.614,56.221
42.528,26.708,-27.306,-49.683,39.632,1.672,-68.769,-44.483,-6.8509,6.8886,57.195,52.717
42.938,21.584,-30.684,-48.575,42.369,-1.7222,-68.513,-39.887,-7.0826,2.8587,54.061,49.427
43.295,17.382,-33.232,-47.599,44.789,-4.861,-66.427,-33.877,-6.7204,-0.40317,51.236,46.393
43.62,14.047,-35.118,-46.75,46.839,-7.8224,-62.636,-26.653,-5.6242,-2.9592,48.717,43.633
43.925,11.462,-36.504,-46.005,48.519,-10.507,-57.459,-18.623,-3.72,-4.9212,46.467,41.129
44.219,9.46,-37.514,-45.322,49.91,-12.809,-51.28,-10.309,-1.0534,-6.4302,44.411,38.828
44.514,7.865,-38.238,-44.642,51.154,-14.675,-44.478,-2.1982,2.2092,-7.6368,42.456,36.644
44.828,6.5318,-38.732,-43.898,52.361,-16.097,-37.409,5.3508,5.833,-8.6768,40.509,34.484
45.163,5.3697,-39.02,-43.028,53.495,-17.102,-30.366,12.109,9.5768,-9.6512,38.495,32.275
45.479,4.334,-39.096,-41.986,54.333,-17.741,-23.549,17.947,13.237,-10.616,36.374,29.984
45.662,3.3883,-38.934,-40.719,54.554,-18.077,-17.041,22.826,16.663,-11.584,34.138,27.608
45.535,2.4833,-38.515,-39.132,53.885,-18.191,-10.83,26.804,19.743,-12.541,31.814,25.177
44.912,1.5601,-37.843,-37.096,52.181,-18.176,-4.8691,30.002,22.377,-13.459,29.448,22.732
43.663,0.56729,-36.957,-34.489,49.443,-18.131,0.83182,32.552,24.455,-14.326,27.086,20.312
41.75,-0.52441,-35.922,-31.235,45.814,-18.134,6.1562,34.567,25.865,-15.162,24.758,17.948
39.227,-1.7246,-34.812,-27.323,41.547,-18.231,10.911,36.132,26.529,-16.018,22.47,15.656
36.212,-3.0308,-33.698,-22.812,36.975,-18.435,14.925,37.317,26.442,-16.968,20.195,13.435
32.865,-4.4348,-32.643,-17.825,32.475,-18.732,18.145,38.182,25.686,-18.086,17.892,11.272
29.359,-5.9249,-31.699,-12.538,28.427,-19.088,20.639,38.781,24.398,-19.418,15.514,9.1493
25.862,-7.4863,-30.897,-7.1676,25.154,-19.46,22.539,39.16,22.72,-20.981,13.027,7.0488
22.49,-9.1062,-30.245,-1.9428,22.834,-19.817,23.983,39.359,20.766,-22.76,10.4,4.9527
19.264,-10.777,-29.72,2.9236,21.429,-20.152,25.081,39.409,18.619,-24.724,7.6218,2.8407
16.102,-12.498,-29.287,7.2469,20.691,-20.493,25.917,39.339,16.34,-26.835,4.6998,0.69409
12.883,-14.264,-28.923,10.878,20.282,-20.886,26.553,39.174,13.985,-29.046,1.6806,-1.4895
9.5869,-16.06,-28.639,13.737,19.945,-21.374,27.036,38.937,11.627,-31.3,-1.3442,-3.6773
6.3737,-17.848,-28.468,15.856,19.592,-21.971,27.404,38.655,9.3461,-33.525,-4.2231,-5.7907
3.5095,-19.558,-28.438,17.363,19.26,-22.653,27.681,38.348,7.219,-35.634,-6.7613,-7.7236
1.215,-21.103,-28.545,18.416,19.012,-23.361,27.885,38.036,5.2931,-37.549,-8.7643,-9.3488
-0.41915,-22.404,-28.753,19.141,18.882,-24.029,28.023,37.73,3.5791,-39.21,-10.098,-10.567
-1.4289,-23.42,-29.008,19.622,18.86,-24.604,28.099,37.431,2.0525,-40.599,-10.71,-11.337
-1.9431,-24.157,-29.255,19.921,18.905,-25.063,28.115,37.132,0.66591,-41.739,-10.642,-11.675
-2.1274,-24.66,-29.452,20.091,18.966,-25.403,28.077,36.827,-0.63561,-42.679,-9.9946,-11.634
-2.1472,-24.982,-29.572,20.181,18.997,-25.635,27.996,36.509,-1.8963,-43.48,-8.904,-11.289
-2.1254,-25.168,-29.602,20.225,18.974,-25.77,27.89,36.181,-3.1378,-44.19,-7.4979,-10.71
-2.1347,-25.236,-29.539,20.241,18.889,-25.808,27.779,35.851,-4.3575,-44.832,-5.8808,-9.9483
-2.1947,-25.184,-29.386,20.228,18.749,-25.743,27.682,35.529,-5.5364,-45.411,-4.1339,-9.0484
-2.2903,-25,-29.147,20.179,18.566,-25.565,27.616,35.231,-6.6493,-45.92,-2.3199,-8.052
-2.3952,-24.674,-28.825,20.087,18.351,-25.267,27.595,34.972,-7.6733,-46.343,-0.4852,-7.0031
-2.4913,-24.208,-28.422,19.951,18.112,-24.849,27.63,34.77,-8.5919,-46.663,1.3412,-5.9422
-2.5786,-23.621,-27.939,19.783,17.85,-24.319,27.723,34.639,-9.3975,-46.859,3.1486,-4.8997
-2.6715,-22.955,-27.386,19.603,17.562,-23.698,27.869,34.586,-10.094,-46.918,4.9424,-3.8919
-2.7837,-22.258,-26.783,19.431,17.249,-23.018,28.049,34.594,-10.699,-46.848,6.7375,-2.9214
-2.9119,-21.581,-26.164,19.281,16.916,-22.323,28.238,34.625,-11.247,-46.686,8.5523,-1.9792
-3.0287,-20.957,-25.573,19.152,16.579,-21.655,28.404,34.621,-11.784,-46.488,10.402,-1.048
-3.0894,-20.398,-25.046,19.031,16.261,-21.047,28.519,34.513,-12.364,-46.31,12.289,-0.11042
-3.0529,-19.887,-24.596,18.895,15.979,-20.501,28.565,34.245,-13.029,-46.164,14.193,0.83904
-2.9073,-19.38,-24.19,18.72,15.731,-19.984,28.547,33.815,-13.774,-45.974,16.065,1.7802
-2.6919,-18.812,-23.746,18.49,15.49,-19.419,28.515,33.333,-14.47,-45.53,17.824,2.6586
-2.501,-18.122,-23.157,18.204,15.204,-18.706,28.584,33.118,-14.82,-44.463,19.372,3.3879
-2.4623,-17.274,-22.316,17.879,14.81,-17.743,28.932,33.674,-14.467,-42.221,20.623,3.8712
-2.689,-16.285,-21.158,17.554,14.252,-16.477,29.699,35.407,-13.364,-38.052,21.554,4.0476
-3.2151,-15.211,-19.689,17.269,13.504,-14.943,30.869,38.469,-10.313,-31.165,22.271,3.9602
-3.937,-14.118,-18.025,17.024,12.589,-13.258,32.259,43.616,-8.9549,-23.397,23.102,3.8316
-4.592,-13.027,-16.364,16.745,11.608,-11.558,33.266,43.725,-10.671,-29.944,24.661,4.1205
-4.7794,-11.874,-14.922,16.248,10.746,-9.9102,32.681,39.265,-14.9,-42.075,27.848,5.5354
-3.991,-10.495,-13.847,15.189,10.248,-8.2526,30.738,32.969,-20.476,-43.263,33.708,9.0024
-1.6325,-8.6428,-13.19,12.931,10.344,-6.4141,28.559,25.135,-24.803,-39.381,43.054,15.6
2.8081,-6.0257,-12.964,8.439,11.14,-4.2155,26.099,22.809,-21.563,-27.077,51.933,24.693
8.3498,-2.3168,-13.235,2.5088,12.411,-1.6082,26.052,33.893,-2.5819,-0.67286,36.633,15.821
5.7639,2.5463,-14.159,5.8603,11.949,1.2324,39.921,65.785,41.946,43.587,28.643,1.8022
-11.007,7.4389,-15.842,13.076,3.3307,3.9197,65.4,127.3,123.96,107.03,24.701,-4.5344
-18.951,11.764,-17.656,13.791,-5.234,5.9149,101.1,223.45,233.98,197.42,26.025,-7.9251
-21.938,17.946,-13.873,12.263,-10.568,6.6138,140.53,331.99,349.8,320.28,38.538,-4.0199
-19.725,27.228,0.7836,8.4942,-11.992,5.4225,170.2,412.89,452.16,460.61,68.559,11.315
-9.073,29.587,6.4447,-0.011237,-7.8163,2.6714,174.25,437.18,514.85,608.67,127.74,43.466
14.156,25.62,5.769,-17.502,3.5719,11.104,139.95,377.38,516.08,762.36,231.59,101.47
52.548,49.875,-1.4095,-46.741,23.573,17.035,58.672,218.39,444.26,915.74,387.68,193.22
104.88,85.292,-15.287,-86.597,53.67,26.872,-71.754,-36.345,298.39,1057.4,586.92,315.98
166.2,123.83,-36.159,-132.63,94.225,37.088,-244.5,-367.04,84.992,1166.4,812.62,459.75
229.91,157.41,-64.676,-178.76,140.91,41.27,-443.06,-745,-187.03,1209.9,1042.5,612.29
289.2,178.6,-100.77,-217.66,189.4,36.012,-649.52,-1139.7,-511.39,1146.6,1243.7,755.09
335.86,180.17,-144.75,-241.08,237.83,19.204,-845.03,-1523.6,-885.28,936.25,1377.2,867.34
361.78,153.64,-197.74,-240.89,282.17,-15.672,-1013.4,-1874,-1304.9,554.43,1404.9,930.25
361.78,92.976,-256.84,-211.56,317.31,-73.756,-1143.3,-2172.9,-1757.7,7.4335,1301.8,931.72
335.46,-0.55623,-320.94,-153.08,339.63,-153.42,-1229.5,-2406.1,-2215.9,-659.38,1068.1,870.48
287.64,-117.9,-389.28,-72.246,349.71,-247.78,-1272.6,-2563.2,-2636.2,-1365.2,733.61,757.38
227.53,-243.71,-456.5,18.494,351.5,-345.64,-1278,-2638.7,-2969.4,-2012.1,350.15,612.96
166.53,-359.54,-515.46,104.26,348.82,-434.23,-1254.3,-2634.3,-3176.3,-2513.9,-24.165,461.53
114.55,-448.94,-558.69,172.16,343.45,-501.35,-1211.3,-2559.6,-3240.5,-2821.2,-341.52,323.73
76.965,-501.99,-580.28,215.14,335.14,-538.93,-1157.3,-2429.9,-3170.8,-2929.3,-574.73,210.72
53.453,-517.13,-577.05,233.27,322.19,-544.57,-1096.9,-2261.6,-2994,-2867,-718.5,124.38
39.056,-499.44,-548.45,231.78,301.72,-520.63,-1030.4,-2068.7,-2743.7,-2680.3,-784.09,57.431
27.077,-457.12,-495.81,217.45,270.26,-472.12,-955,-1861.1,-2451.5,-2418.9,-791.31,0.71179
11.807,-398.4,-421.97,196.42,224.91,-404.92,-867.71,-1645.1,-2142.7,-2125.5,-760.92,-47.74
-10.211,-330.76,-331.8,173.92,166.05,-325.5,-767.57,-1426,-1836.2,-1829.4,-709.43,-83.579
-38.487,-261.2,-232.56,153.56,100.25,-241.37,-657.18,-1208.8,-1544.9,-1547.4,-648.03,-106.03
-66.234,-196.21,-134.28,136.24,37.199,-160.72,-541.77,-999.41,-1277.7,-1288.9,-582.94,-119.25
-82.686,-141.77,-50.858,117.25,-15.395,-92.051,-428.12,-804.32,-1040.5,-1060.6,-514.4,-120.65
-84.679,-103.27,5.6556,100,-51.894,-44.706,-323.26,-630.1,-836.2,-870.47,-434.4,-75.537
-78.468,-81.535,34.885,89.435,-70.294,-20.578,-233.02,-481.56,-664.42,-715.73,-352.86,-54.558
-69.982,-68.957,43.785,80.653,-73.233,-11.034,-160.71,-360.47,-523.36,-588.8,-297.73,-57.04
-61.254,-61.681,38.781,72.491,-65.428,-10.184,-106.42,-265.28,-411,-485.6,-261.02,-60.286
-53.489,-59.134,25.285,65.237,-52.061,-15.563,-67.759,-191.52,-323.53,-403.27,-232.52,-62.424
-47.724,-59.42,8.9677,59.006,-37.495,-23.695,-40.737,-134.35,-255.9,-338.84,-208.55,-63.733
-44.097,-60.197,-5.6838,53.505,-24.064,-31.241,-21.298,-91.583,-203.49,-289.3,-188.04,-64.453
-42.001,-57.589,-15.859,48.452,-17.5,-36.101,-6.3987,-60.46,-162.84,-251.78,-169.99,-64.719
-40.753,-47.68,-11.254,43.896,-20.685,-29.473,5.7323,-37.564,-131.42,-223.65,-152.96,-64.619
-39.881,-41.196,-6.3985,39.97,-21.636,-23.425,15.787,-20.407,-107.45,-202.61,-137.5,-64.232
-39.078,-37.955,-5.1447,36.715,-20.864,-20.744,22.652,-7.6842,-89.653,-186.51,-125.65,-63.647
-38.153,-36.078,-5.6777,34.112,-19.824,-19.645,22.113,1.0088,-77.03,-173.23,-117.56,-62.964
-37.056,-34.899,-6.6337,32.108,-18.793,-19.391,23.128,3.9669,-68.571,-160.09,-112.05,-62.283
-35.894,-34.065,-7.4378,30.613,-17.612,-19.394,27.65,7.5908,-63.279,-144.39,-108.06,-61.678
-34.852,-33.327,-7.7577,29.52,-16.449,-19.239,30.868,18.348,-59.863,-127.83,-105,-61.186
-34.069,-32.516,-7.4185,28.718,-15.711,-18.697,32.772,26.758,-55.876,-113.58,-102.56,-60.797
-33.577,-31.529,-6.4307,28.115,-15.643,-17.691,33.99,31.541,-47.771,-102.34,-100.58,-60.472
-33.322,-30.323,-4.9092,27.634,-16.223,-16.237,34.844,34.405,-38.447,-93.657,-98.948,-60.163
-33.224,-28.907,-2.9858,27.223,-17.285,-14.401,35.482,36.302,-31.817,-86.942,-97.579,-59.828
-33.22,-27.321,-0.76936,26.845,-18.63,-12.277,35.97,37.656,-27.196,-81.661,-96.402,-59.441
-33.277,-25.621,1.6564,26.484,-20.095,-9.975,36.338,38.669,-23.731,-77.382,-95.361,-59
-33.38,-23.866,4.2216,26.134,-21.573,-7.603,36.603,39.445,-21.02,-73.776,-94.41,-58.522
-33.516,-22.108,6.8633,25.795,-23.003,-5.2513,36.783,40.045,-18.834,-70.62,-93.524,-58.039
-33.674,-20.382,9.524,25.472,-24.356,-2.9852,36.899,40.51,-17.014,-67.783,-92.698,-57.589
-33.835,-18.713,12.156,25.162,-25.618,-0.84178,36.976,40.869,-15.447,-65.2,-91.942,-57.196
-33.975,-17.105,14.727,24.862,-26.78,1.1676,37.034,41.151,-14.055,-62.844,-91.272,-56.873
-34.071,-15.549,17.23,24.563,-27.846,3.0518,37.09,41.381,-12.794,-60.7,-90.7,-56.616
-34.107,-14.031,19.676,24.255,-28.824,4.828,37.151,41.576,-11.642,-58.746,-90.223,-56.411
-34.083,-12.542,22.072,23.934,-29.722,6.5059,37.217,41.743,-10.593,-56.949,-89.822,-56.246
-34.014,-11.093,24.402,23.6,-30.542,8.0759,37.278,41.878,-9.6467,-55.266,-89.467,-56.104
-33.923,-9.714,26.605,23.263,-31.28,9.506,37.322,41.967,-8.8032,-53.66,-89.13,-55.984
-33.839,-8.4525,28.588,22.94,-31.921,10.751,37.341,41.994,-8.0613,-52.108,-88.79,-55.892
-33.775,-7.3569,30.259,22.651,-32.452,11.769,37.331,41.945,-7.4126,-50.599,-88.441,-55.834
-33.732,-6.4658,31.551,22.412,-32.859,12.531,37.297,41.82,-6.8407,-49.13,-88.087,-55.814
-33.698,-5.8003,32.442,22.228,-33.131,13.029,37.248,41.627,-6.3232,-47.696,-87.74,-55.836
-33.656,-5.3632,32.941,22.098,-33.26,13.269,37.191,41.385,-5.8353,-46.29,-87.406,-55.887
-33.593,-5.143,33.075,22.019,-33.243,13.272,37.129,41.113,-5.3555,-44.894,-87.092,-55.952
-33.496,-5.1192,32.879,21.985,-33.08,13.062,37.055,40.831,-4.8698,-43.488,-86.793,-56.016
-33.357,-5.2656,32.373,21.989,-32.772,12.666,36.957,40.546,-4.3748,-42.047,-86.488,-56.067
-33.17,-5.5544,31.567,22.021,-32.321,12.107,36.823,40.251,-3.8758,-40.546,-86.138,-56.099
-32.931,-5.961,30.46,22.071,-31.726,11.406,36.643,39.929,-3.3823,-38.965,-85.708,-56.107
-32.634,-6.4651,29.048,22.129,-30.988,10.578,36.414,39.56,-2.9007,-37.295,-85.162,-56.089
-32.275,-7.0529,27.332,22.186,-30.111,9.6304,36.135,39.121,-2.4288,-35.542,-84.481,-56.042
-31.847,-7.7144,25.324,22.235,-29.097,8.5666,35.812,38.604,-1.9557,-33.717,-83.662,-55.963
-31.35,-8.4423,23.049,22.272,-27.944,7.3846,35.446,38.006,-1.4683,-31.836,-82.718,-55.853
-30.785,-9.2327,20.541,22.296,-26.638,6.082,35.035,37.335,-0.95805,-29.911,-81.67,-55.717
-30.156,-10.084,17.836,22.311,-25.168,4.6583,34.566,36.598,-0.42669,-27.953,-80.537,-55.57
-29.472,-10.997,14.98,22.322,-23.525,3.1202,34.024,35.795,0.11296,-25.963,-79.334,-55.424
-28.73,-11.964,12.018,22.335,-21.718,1.4837,33.386,34.916,0.63938,-23.936,-78.058,-55.291
-27.926,-12.97,8.9978,22.349,-19.762,-0.22584,32.63,33.938,1.1273,-21.855,-76.691,-55.168
-27.046,-13.987,5.968,22.358,-17.672,-1.9769,31.733,32.83,1.5548,-19.689,-75.2,-55.045
-26.073,-14.979,2.9766,22.352,-15.463,-3.7364,30.661,31.551,1.9099,-17.401,-73.543,-54.892
-24.986,-15.908,0.066392,22.317,-13.141,-5.4739,29.369,30.06,2.1924,-14.946,-71.673,-54.675
-23.764,-16.736,-2.7307,22.237,-10.705,-7.1644,27.781,28.308,2.408,-12.279,-69.542,-54.361
-22.389,-17.439,-5.3971,22.103,-8.1572,-8.789,25.78,26.245,2.5617,-9.3655,-67.107,-53.929
-20.854,-18.002,-7.9284,21.906,-5.5154,-10.335,23.212,23.816,2.6537,-6.1782,-64.329,-53.362
-19.159,-18.428,-10.329,21.645,-2.8227,-11.793,19.895,20.961,2.6803,-2.6951,-61.193,-52.662
-17.311,-18.722,-12.602,21.319,-0.1447,-13.153,15.677,17.622,2.635,1.0935,-57.686,-51.83
-15.323,-18.893,-14.742,20.926,2.4462,-14.402,10.525,13.752,2.5105,5.1817,-53.814,-50.863
-13.212,-18.946,-16.731,20.461,4.8909,-15.524,4.6054,9.3261,2.2973,9.5593,-49.587,-49.746
-10.999,-18.88,-18.542,19.918,7.1562,-16.501,-1.7364,4.3478,1.9853,14.208,-45.021,-48.451
-8.7041,-18.692,-20.155,19.288,9.2347,-17.32,-8.1205,-1.1482,1.5678,19.102,-40.111,-46.938
-6.3339,-18.372,-21.562,18.558,11.135,-17.977,-14.295,-7.0941,1.0467,24.202,-34.864,-45.161
-3.882,-17.911,-22.774,17.712,12.871,-18.47,-20.195,-13.392,0.43907,29.452,-29.29,-43.071
-1.3316,-17.302,-23.818,16.732,14.456,-18.805,-25.896,-19.927,-0.22697,34.778,-23.435,-40.626
1.3278,-16.544,-24.722,15.599,15.898,-18.992,-31.531,-26.59,-0.91971,40.093,-17.365,-37.801
4.0774,-15.644,-25.503,14.296,17.204,-19.035,-37.221,-33.294,-1.6134,45.313,-11.183,-34.609
6.8573,-14.619,-26.163,12.811,18.371,-18.937,-43.045,-39.992,-2.2948,50.373,-5.0157,-31.098
9.5742,-13.492,-26.686,11.143,19.397,-18.691,-49.04,-46.675,-2.9637,55.216,1.0198,-27.341
12.128,-12.295,-27.051,9.3027,20.275,-18.291,-55.209,-53.366,-3.6309,59.795,6.8267,-23.421
14.444,-11.053,-27.242,7.3124,21.002,-17.729,-61.526,-60.098,-4.3124,64.071,12.351,-19.407
16.491,-9.7902,-27.255,5.1995,21.581,-17.004,-67.928,-66.88,-5.0215,68.017,17.585,-15.35
18.287,-8.5164,-27.105,2.9885,22.023,-16.126,-74.295,-73.654,-5.7596,71.625,22.559,-11.272
19.882,-7.2333,-26.821,0.69039,22.349,-15.117,-80.442,-80.282,-6.5118,74.9,27.33,-7.1712
21.332,-5.935,-26.438,-1.6976,22.577,-13.999,-86.152,-86.567,-7.2487,77.866,31.955,-3.0261
22.673,-4.6119,-25.983,-4.1823,22.719,-12.794,-91.239,-92.326,-7.934,80.552,36.481,1.1871
23.914,-3.2509,-25.459,-6.7618,22.779,-11.504,-95.599,-97.451,-8.538,82.988,40.932,5.4837
25.035,-1.8342,-24.844,-9.4186,22.75,-10.107,-99.228,-101.93,-9.0446,85.192,45.309,9.8658
26.008,-0.33644,-24.083,-12.12,22.626,-8.5579,-102.19,-105.8,-9.4519,87.187,49.603,14.325
26.812,1.2758,-23.113,-14.82,22.402,-6.8086,-104.59,-109.14,-9.7728,88.997,53.798,18.849
27.443,3.0438,-21.873,-17.469,22.078,-4.8306,-106.55,-112.03,-10.026,90.643,57.884,23.42
27.917,5.0164,-20.322,-20.028,21.66,-2.6355,-108.15,-114.5,-10.227,92.151,61.852,28.024
28.27,7.2544,-18.45,-22.481,21.153,-0.26955,-109.47,-116.55,-10.376,93.546,65.7,32.65
28.551,9.837,-16.268,-24.843,20.567,2.2117,-110.57,-118.19,-10.45,94.856,69.435,37.295
28.803,12.867,-13.79,-27.151,19.908,4.7736,-111.46,-119.4,-10.411,96.114,73.068,41.959
29.061,16.462,-11.013,-29.447,19.172,7.4185,-112.17,-120.16,-10.207,97.348,76.61,46.636
29.335,20.729,-7.9151,-31.761,18.342,10.188,-112.67,-120.43,-9.7925,98.583,80.067,51.306
29.62,25.717,-4.4662,-34.106,17.387,13.166,-112.92,-120.14,-9.1342,99.829,83.434,55.928
29.9,31.38,-0.64471,-36.48,16.266,16.492,-112.77,-119.11,-8.2077,101.08,86.696,60.45
30.155,37.593,3.5557,-38.875,14.935,20.367,-112,-117.08,-6.9735,102.33,89.832,64.804
30.368,44.194,8.1287,-41.273,13.348,25.014,-110.21,-113.76,-5.3452,103.57,92.824,68.922
30.525,51.034,13.058,-43.656,11.465,30.571,-106.98,-108.91,-3.1712,104.78,95.655,72.742
30.617,57.988,18.31,-46.008,9.2631,36.981,-102.04,-102.5,-0.26141,105.95,98.305,76.217
30.644,64.942,23.826,-48.319,6.7505,44.001,-95.439,-94.683,3.5281,107.06,100.75,79.319
30.612,71.793,29.516,-50.584,3.9771,51.312,-87.489,-85.754,8.1995,108.1,102.97,82.031
30.534,78.448,35.267,-52.794,1.0264,58.625,-78.576,-76.014,13.587,109.04,104.94,84.346
30.427,84.836,40.969,-54.929,-2.0062,65.746,-69.025,-65.743,19.434,109.87,106.62,86.267
30.314,90.91,46.537,-56.959,-5.0271,72.602,-59.093,-55.202,25.499,110.57,108.01,87.808
30.215,96.629,51.911,-58.846,-7.9429,79.199,-49.019,-44.669,31.591,111.11,109.11,88.994
30.147,101.95,57.017,-60.546,-10.654,85.549,-39.059,-34.466,37.542,111.47,109.9,89.853
30.113,106.8,61.738,-62.019,-13.059,91.614,-29.498,-24.983,43.141,111.61,110.39,90.407
30.103,111.13,65.912,-63.232,-15.064,97.273,-20.616,-16.662,48.098,111.5,110.57,90.668
30.098,114.85,69.359,-64.153,-16.59,102.33,-12.661,-9.9463,52.043,111.08,110.4,90.636
30.083,117.84,71.922,-64.758,-17.576,106.52,-5.8661,-5.1955,54.586,110.29,109.85,90.305
30.053,119.89,73.492,-65.019,-17.967,109.47,-0.59936,-2.5624,55.437,109.05,108.91,89.666
30.024,120.68,74.005,-64.92,-17.709,110.69,2.4545,-1.8794,54.551,107.32,107.56,88.713
30.024,119.87,73.406,-64.463,-16.757,109.67,2.5127,-2.6381,52.201,105.04,105.81,87.449
30.085,117.29,71.589,-63.675,-15.106,106.19,-0.46756,-4.1632,48.881,102.19,103.67,85.884
30.228,113.03,68.371,-62.6,-12.831,100.52,-5.4112,-5.8785,45.095,98.768,101.18,84.035
30.46,107.39,63.604,-61.284,-10.07,93.26,-10.995,-7.4531,41.18,94.798,98.395,81.922
30.773,100.66,57.352,-59.766,-6.9702,84.96,-16.466,-8.7747,37.287,90.31,95.365,79.571
31.15,93.098,49.89,-58.074,-3.6337,75.967,-21.62,-9.8374,33.45,85.346,92.152,77.015
31.572,84.933,41.56,-56.236,-0.12931,66.476,-26.475,-10.637,29.674,79.964,88.815,74.298
32.03,76.378,32.669,-54.284,3.4835,56.633,-31.079,-11.12,25.988,74.244,85.408,71.475
32.521,67.661,23.514,-52.262,7.1369,46.606,-35.441,-11.197,22.459,68.298,81.981,68.602
33.048,59.009,14.438,-50.222,10.745,36.645,-39.505,-10.787,19.185,62.251,78.583,65.733
33.606,50.638,5.8579,-48.223,14.21,27.16,-43.112,-9.8521,16.295,56.232,75.255,62.91
34.181,42.75,-1.8286,-46.322,17.456,18.771,-45.962,-8.3908,13.94,50.374,72.039,60.165
34.753,35.532,-8.3918,-44.562,20.454,12.115,-47.645,-6.3938,12.292,44.816,68.98,57.528
35.306,29.164,-13.808,-42.968,23.205,7.3914,-47.809,-3.8113,11.534,39.704,66.126,55.029
35.83,23.791,-18.169,-41.545,25.687,4.1821,-46.366,-0.58003,11.866,35.174,63.526,52.7
36.318,19.469,-21.592,-40.282,27.831,1.8247,-43.53,3.2965,13.45,31.318,61.222,50.562
36.763,16.137,-24.208,-39.163,29.554,-0.15337,-39.647,7.6924,16.283,28.138,59.218,48.618
37.15,13.636,-26.151,-38.166,30.821,-1.9287,-35.019,12.383,20.132,25.557,57.478,46.84
37.466,11.751,-27.525,-37.248,31.704,-3.4916,-29.863,17.114,24.663,23.427,55.917,45.181
37.702,10.273,-28.397,-36.354,32.344,-4.7681,-24.345,21.656,29.582,21.562,54.436,43.56
37.845,9.0517,-28.814,-35.427,32.842,-5.6927,-18.599,25.823,34.63,19.781,52.935,41.893
37.856,8.0061,-28.812,-34.414,33.15,-6.2457,-12.735,29.48,39.517,17.958,51.34,40.11
37.647,7.0941,-28.417,-33.242,33.101,-6.4639,-6.842,32.567,43.902,16.013,49.619,38.175
37.08,6.2776,-27.662,-31.798,32.51,-6.4278,-1.0191,35.105,47.454,13.943,47.782,36.087
36.005,5.5044,-26.61,-29.941,31.289,-6.2429,4.5927,37.169,49.936,11.797,45.86,33.89
34.314,4.7156,-25.358,-27.554,29.485,-6.0177,9.8058,38.846,51.22,9.6401,43.892,31.652
31.996,3.8645,-24.031,-24.598,27.243,-5.8437,14.43,40.207,51.269,7.5256,41.923,29.444
29.133,2.9296,-22.744,-21.129,24.732,-5.7819,18.333,41.298,50.13,5.4654,39.984,27.319
25.854,1.9081,-21.579,-17.271,22.096,-5.8614,21.478,42.148,47.965,3.4201,38.081,25.295
22.287,0.804,-20.58,-13.146,19.461,-6.0862,23.919,42.776,45.062,1.3123,36.197,23.36
18.53,-0.38267,-19.748,-8.8555,16.971,-6.4424,25.768,43.204,41.767,-0.94132,34.291,21.473
14.672,-1.6584,-19.063,-4.4841,14.782,-6.9069,27.158,43.455,38.369,-3.3902,32.315,19.584
10.796,-3.035,-18.482,-0.13912,13.006,-7.4563,28.21,43.557,35.027,-6.0473,30.224,17.644
6.9878,-4.526,-17.96,4.0363,11.634,-8.08,29.019,43.54,31.776,-8.884,27.988,15.624
3.3072,-6.1396,-17.465,7.8779,10.528,-8.788,29.654,43.428,28.58,-11.843,25.595,13.523
-0.2118,-7.8704,-17.013,11.23,9.5086,-9.6076,30.16,43.247,25.386,-14.851,23.064,11.371
-3.5086,-9.6912,-16.681,13.979,8.4904,-10.566,30.563,43.015,22.181,-17.828,20.447,9.2378
-6.4533,-11.553,-16.576,16.091,7.5326,-11.67,30.88,42.744,19.02,-20.687,17.866,7.217
-8.8887,-13.388,-16.768,17.626,6.7803,-12.9,31.126,42.445,16.033,-23.34,15.487,5.418
-10.709,-15.112,-17.248,18.702,6.3576,-14.204,31.312,42.125,13.362,-25.709,13.51,3.9337
-11.9,-16.647,-17.945,19.437,6.3045,-15.512,31.453,41.793,11.098,-27.738,12.087,2.8415
-12.528,-17.938,-18.762,19.927,6.5724,-16.744,31.562,41.456,9.2413,-29.402,11.295,2.1765
-12.717,-18.965,-19.599,20.239,7.0557,-17.834,31.649,41.118,7.7293,-30.719,11.12,1.9279
-12.619,-19.743,-20.37,20.428,7.6318,-18.741,31.72,40.783,6.465,-31.738,11.473,2.0489
-12.378,-20.311,-21.016,20.537,8.1925,-19.45,31.773,40.442,5.347,-32.526,12.217,2.4833
-12.106,-20.715,-21.504,20.6,8.6648,-19.964,31.807,40.084,4.2901,-33.15,13.232,3.1636
-11.87,-20.989,-21.832,20.635,9.0158,-20.301,31.82,39.698,3.2406,-33.664,14.43,4.0297
-11.683,-21.153,-22.014,20.647,9.2455,-20.483,31.816,39.276,2.181,-34.102,15.741,5.0294
-11.53,-21.212,-22.074,20.63,9.3717,-20.53,31.801,38.826,1.1219,-34.484,17.112,6.1152
-11.385,-21.158,-22.031,20.578,9.4158,-20.458,31.788,38.367,0.087994,-34.816,18.501,7.245
-11.226,-20.982,-21.895,20.48,9.3929,-20.273,31.792,37.931,-0.89663,-35.089,19.873,8.3855
-11.045,-20.671,-21.665,20.335,9.3099,-19.976,31.823,37.55,-1.8182,-35.291,21.203,9.5152
-10.849,-20.224,-21.336,20.144,9.1682,-19.565,31.89,37.246,-2.6772,-35.405,22.479,10.624
-10.655,-19.659,-20.908,19.921,8.9683,-19.047,31.989,37.023,-3.4881,-35.424,23.703,11.711
-10.487,-19.015,-20.399,19.685,8.7153,-18.443,32.111,36.858,-4.2774,-35.361,24.887,12.78
-10.354,-18.347,-19.844,19.458,8.4247,-17.789,32.234,36.7,-5.0792,-35.256,26.052,13.832
-10.243,-17.707,-19.301,19.253,8.1274,-17.136,32.333,36.48,-5.9303,-35.163,27.22,14.87
-10.116,-17.135,-18.833,19.071,7.8642,-16.53,32.385,36.121,-6.8618,-35.13,28.404,15.884
-9.9346,-16.642,-18.473,18.899,7.6676,-15.998,32.373,35.559,-7.8832,-35.155,29.593,16.851
-9.6824,-16.203,-18.198,18.716,7.5361,-15.521,32.3,34.792,-8.9441,-35.141,30.741,17.724
-9.3913,-15.759,-17.911,18.502,7.422,-15.027,32.205,33.95,-9.8723,-34.85,31.771,18.427
-9.1423,-15.237,-17.464,18.246,7.2392,-14.401,32.18,33.406,-10.344,-33.877,32.577,18.867
-9.0441,-14.571,-16.707,17.95,6.8872,-13.519,32.371,33.751,-10.041,-31.629,33.059,18.955
-9.1875,-13.731,-15.529,17.628,6.274,-12.29,32.902,35.42,-9.1362,-27.328,33.166,18.647
-9.5895,-12.717,-13.898,17.289,5.3383,-10.694,33.766,38.468,-7.7747,-20.332,32.964,18.01
-10.147,-11.542,-11.868,16.908,4.0831,-8.7816,34.734,43.491,-7.5502,-13.134,32.725,17.279
-10.623,-10.189,-9.5673,16.383,2.6152,-6.6235,35.023,43.72,-9.5943,-20.699,32.987,16.904
-10.665,-8.5665,-7.1425,15.488,1.1553,-4.2416,33.747,38.623,-14.453,-38.802,34.579,17.577
-9.8271,-6.4853,-4.7055,13.789,-0.0019514,-1.5733,31.661,30.128,-21.772,-42.588,38.539,20.256
-7.5744,-3.6187,-2.3309,10.477,-0.53593,1.4922,29.856,20.495,-27.31,-39.833,45.84,26.12
-3.3367,0.52314,-0.1149,4.7258,-0.1379,5.0413,26.251,20.599,-22.335,-29.995,55.109,34.1
2.6422,6.1002,1.7468,0.52288,1.3759,9.129,30.598,36.689,-0.75423,-7.6192,45.461,21.155
4.1428,10.83,2.9229,8.5778,3.715,13.828,47.924,75.657,47.622,33.012,31.618,3.5104
-8.8496,12.332,2.987,13.527,4.4451,19.035,75.242,143.58,136.71,97.111,27.055,-2.9864
-17.939,14.378,1.5885,13.116,-2.2314,24.046,108.99,240.67,249.65,196.75,25.127,-6.4473
-21.966,19.496,-0.81832,10.747,-9.967,27.305,142.46,340.08,361.92,327.48,30.979,-2.3255
-21.536,28.756,1.6592,5.7997,-14.895,26.626,165.71,399.22,451.13,458.9,53.976,14.352
-12.688,39.745,16.562,-4.4294,-15.051,29.619,164.28,393.58,490.85,589.67,111.22,49.212
9.9769,54.056,21.58,-23.863,-7.6867,50.011,121.12,302.65,462.78,719.75,219.27,109.58
48.688,86.685,21.015,-54.848,7.7239,66.177,24.735,115.66,360.46,848.54,382.27,200.8
101.55,129.72,15.561,-96.088,30.604,85.442,-126.45,-163.98,188.89,973.49,586.82,320.38
162.6,176.25,4.5408,-143.46,61.576,104.03,-319.88,-517.25,-42.131,1078.6,810.51,460
223.66,217.33,-12.858,-191.1,99.901,115.85,-536.52,-914.05,-325.03,1127.4,1029.4,608.44
278.12,242.82,-36.092,-231.39,140.53,114.64,-756.76,-1321.8,-657.29,1069.3,1209.7,749.13
318.61,243.05,-65.006,-255.16,179.07,94.594,-960.59,-1711.6,-1039.8,855.76,1312.7,861.14
337.85,210.28,-109.16,-253.09,213.32,51.798,-1131.2,-2060.8,-1470.3,458.27,1304.3,923.38
331.83,141.52,-170.81,-219.73,240.81,-13.952,-1257.1,-2351.6,-1934,-115.71,1168.3,922.45
301.35,40.554,-241.65,-156.74,260.4,-99.397,-1333.5,-2570,-2398.1,-812.65,915.02,858.12
252.12,-81.632,-315.49,-73.034,273.35,-197.26,-1362.5,-2705.6,-2813.2,-1537.9,580.77,742.89
193.94,-208.2,-387.15,17.544,282.02,-296.25,-1351.6,-2753.6,-3126.6,-2180.9,217.94,598.09
138.07,-320.2,-448.77,99.867,287.96,-382.91,-1311.8,-2718.2,-3300.1,-2651,-119.93,447.84
93.46,-401.63,-492.02,161.77,290.78,-445.09,-1254.5,-2612.3,-3322.6,-2905.3,-392.91,312.17
63.526,-443.82,-510.51,197.42,288.33,-475.28,-1188.6,-2454.9,-3210.3,-2954.5,-582.65,202.13
45.29,-446.9,-501.34,208.15,277.61,-472.04,-1118.1,-2264.2,-2995.9,-2843.6,-691.15,119.58
31.851,-417.84,-464.84,200.35,255.65,-439.03,-1043,-2054.5,-2716.1,-2624.8,-733.34,57.156
16.739,-366.72,-403.77,181.79,220.34,-382.72,-959.73,-1834.8,-2403.4,-2345.1,-729.04,6.2756
-3.67,-303.52,-323.02,159.34,171.49,-310.6,-864.66,-1611.3,-2082.4,-2043.6,-696.69,-35.601
-30,-236.88,-230.04,138.13,111.82,-230.77,-756.34,-1389.5,-1770.9,-1747.1,-649.5,-67.223
-58.367,-173.86,-134.93,120.81,47.36,-151.86,-638.34,-1174.7,-1480.6,-1470.8,-594.89,-90.08
-79.055,-120.02,-48.937,104.89,-12.614,-82.196,-518.56,-971.1,-1219.3,-1224.5,-535.86,-106.55
-84.585,-79.583,19.484,85.507,-57.111,-28.328,-406.08,-781.67,-991.42,-1015.4,-469.58,-108.29
-79.654,-57.961,61.244,77.207,-80.205,5.7267,-306.19,-610.95,-798.18,-842.87,-390.08,-71.485
-72.459,-53.112,71.774,71.512,-84.563,16.767,-220.79,-464.99,-636.72,-697.37,-322.72,-56.249
-65.113,-51.317,64.124,65.343,-76.301,12.635,-151.88,-346.79,-503.77,-574.39,-279.4,-58.384
-57.702,-51.232,48.907,59,-61.794,3.2314,-100,-254.8,-396.58,-473.8,-248.55,-61.606
-51.083,-52.829,31.235,52.628,-46.19,-7.8854,-63.231,-184.17,-312.35,-394.17,-223.37,-63.989
-46.189,-54.572,14.236,46.265,-32.4,-18.532,-37.681,-129.53,-247.42,-332.52,-201.77,-65.665
-43.102,-47.611,-0.047012,40.811,-23.518,-26.558,-19.321,-88.203,-197.5,-285.57,-183.16,-66.808
-41.282,-36.44,2.2649,36.819,-25.722,-17.002,-5.2002,-58.199,-158.88,-250.36,-166.73,-67.506
-40.143,-30.951,9.2525,33.991,-26.868,-9.7191,6.3217,-36.745,-129.04,-224.25,-151.62,-67.807
-39.259,-27.982,9.2861,31.883,-25.534,-7.4138,15.752,-21.29,-106.42,-204.79,-138.3,-67.77
-38.325,-26.462,6.7371,30.22,-24.045,-7.264,19.767,-10.126,-89.799,-189.86,-127.94,-67.487
-37.165,-25.824,3.9919,28.884,-23.163,-8.143,15.955,-2.7149,-78.108,-177.68,-120.66,-67.069
-35.788,-25.643,1.5126,27.831,-22.404,-9.4123,17.961,-3.0262,-70.339,-166.5,-115.67,-66.621
-34.371,-25.611,-0.60688,27.029,-21.285,-10.631,23.171,-3.1294,-65.477,-154.86,-112.16,-66.22
-33.131,-25.528,-2.091,26.439,-19.947,-11.48,26.988,5.4226,-62.35,-142.99,-109.59,-65.896
-32.198,-25.28,-2.7714,26.011,-18.852,-11.798,29.292,14.403,-59.316,-132.34,-107.64,-65.643
-31.575,-24.818,-2.7107,25.694,-18.279,-11.578,30.744,20.532,-54.169,-123.6,-106.11,-65.429
-31.187,-24.134,-2.0838,25.437,-18.23,-10.899,31.735,24.499,-47.2,-116.65,-104.87,-65.217
-30.94,-23.245,-1.0683,25.2,-18.562,-9.8689,32.454,27.212,-41.278,-111.09,-103.82,-64.979
-30.762,-22.178,0.20157,24.954,-19.12,-8.5861,32.99,29.193,-37.035,-106.54,-102.87,-64.696
-30.613,-20.967,1.6424,24.684,-19.793,-7.1281,33.39,30.711,-33.871,-102.64,-101.95,-64.363
-30.48,-19.651,3.2077,24.387,-20.516,-5.5536,33.683,31.908,-31.338,-99.137,-101.03,-63.986
-30.36,-18.273,4.8665,24.068,-21.256,-3.914,33.893,32.862,-29.187,-95.837,-100.09,-63.572
-30.25,-16.873,6.5861,23.733,-21.989,-2.2613,34.044,33.619,-27.266,-92.645,-99.131,-63.129
-30.137,-15.491,8.325,23.39,-22.688,-0.64673,34.159,34.214,-25.473,-89.523,-98.165,-62.66
-29.997,-14.155,10.037,23.043,-23.327,0.88653,34.254,34.678,-23.752,-86.478,-97.22,-62.163
-29.814,-12.881,11.68,22.695,-23.888,2.3122,34.34,35.038,-22.092,-83.535,-96.317,-61.637
-29.579,-11.675,13.228,22.347,-24.363,3.6223,34.424,35.316,-20.512,-80.72,-95.463,-61.082
-29.295,-10.532,14.671,21.999,-24.757,4.8208,34.503,35.524,-19.043,-78.045,-94.654,-60.502
-28.981,-9.4467,16.008,21.656,-25.077,5.9136,34.574,35.659,-17.715,-75.5,-93.872,-59.901
-28.659,-8.4184,17.238,21.324,-25.333,6.8997,34.632,35.715,-16.537,-73.06,-93.097,-59.292
-28.349,-7.4583,18.353,21.012,-25.532,7.7698,34.67,35.683,-15.503,-70.697,-92.316,-58.685
-28.068,-6.5868,19.329,20.729,-25.679,8.5091,34.686,35.564,-14.593,-68.393,-91.519,-58.09
-27.821,-5.8285,20.137,20.48,-25.775,9.1032,34.679,35.368,-13.772,-66.138,-90.719,-57.512
-27.603,-5.2056,20.747,20.268,-25.815,9.5416,34.65,35.114,-13.007,-63.934,-89.937,-56.963
-27.401,-4.7336,21.134,20.093,-25.787,9.817,34.6,34.822,-12.272,-61.784,-89.195,-56.445
-27.198,-4.4219,21.278,19.954,-25.671,9.9237,34.53,34.507,-11.557,-59.693,-88.511,-55.962
-26.979,-4.2705,21.16,19.851,-25.444,9.8573,34.441,34.18,-10.864,-57.656,-87.877,-55.517
-26.729,-4.2698,20.766,19.785,-25.085,9.6151,34.335,33.84,-10.206,-55.656,-87.268,-55.111
-26.437,-4.4033,20.085,19.749,-24.58,9.1991,34.211,33.485,-9.5967,-53.666,-86.649,-54.744
-26.096,-4.6519,19.11,19.736,-23.922,8.616,34.065,33.103,-9.046,-51.656,-85.976,-54.412
-25.702,-5.0016,17.843,19.737,-23.113,7.874,33.89,32.679,-8.5529,-49.603,-85.222,-54.112
-25.255,-5.4462,16.292,19.751,-22.159,6.9799,33.677,32.199,-8.1026,-47.495,-84.373,-53.835
-24.755,-5.9874,14.475,19.776,-21.06,5.9363,33.416,31.652,-7.6704,-45.335,-83.432,-53.575
-24.204,-6.6318,12.414,19.818,-19.804,4.7398,33.097,31.033,-7.2319,-43.139,-82.398,-53.326
-23.605,-7.3872,10.137,19.879,-18.377,3.383,32.714,30.342,-6.7746,-40.932,-81.277,-53.086
-22.963,-8.2583,7.6725,19.963,-16.765,1.8582,32.255,29.577,-6.3014,-38.734,-80.073,-52.855
-22.278,-9.2427,5.054,20.067,-14.973,0.1644,31.708,28.734,-5.8271,-36.551,-78.79,-52.63
-21.544,-10.327,2.3184,20.185,-13.018,-1.6862,31.062,27.799,-5.3702,-34.372,-77.426,-52.403
-20.746,-11.487,-0.49528,20.307,-10.925,-3.6645,30.3,26.748,-4.9486,-32.167,-75.97,-52.16
-19.859,-12.689,-3.3478,20.415,-8.7145,-5.7258,29.393,25.541,-4.5771,-29.896,-74.401,-51.89
-18.857,-13.896,-6.2014,20.493,-6.4039,-7.8173,28.292,24.12,-4.2648,-27.521,-72.689,-51.575
-17.71,-15.071,-9.022,20.525,-4.0029,-9.8893,26.918,22.415,-4.0121,-25.007,-70.796,-51.203
-16.393,-16.187,-11.781,20.501,-1.5217,-11.906,25.159,20.348,-3.8102,-22.331,-68.695,-50.763
-14.889,-17.229,-14.455,20.417,1.02,-13.851,22.871,17.841,-3.6452,-19.475,-66.338,-50.239
-13.204,-18.195,-17.029,20.278,3.5837,-15.719,19.889,14.83,-3.5042,-16.426,-63.685,-49.604
-11.36,-19.095,-19.483,20.095,6.1103,-17.51,16.067,11.271,-3.3793,-13.177,-60.705,-48.837
-9.3962,-19.933,-21.796,19.88,8.5326,-19.209,11.354,7.1486,-3.2706,-9.7231,-57.377,-47.918
-7.3505,-20.705,-23.939,19.643,10.796,-20.793,5.8567,2.4836,-3.1871,-6.0653,-53.712,-46.831
-5.2495,-21.395,-25.883,19.381,12.879,-22.228,-0.16109,-2.6792,-3.1472,-2.2055,-49.735,-45.562
-3.1017,-21.974,-27.611,19.081,14.787,-23.49,-6.3737,-8.286,-3.1734,1.8529,-45.478,-44.094
-0.89664,-22.408,-29.117,18.718,16.547,-24.563,-12.517,-14.289,-3.2863,6.1042,-40.978,-42.409
1.3888,-22.661,-30.408,18.256,18.183,-25.447,-18.467,-20.65,-3.4955,10.539,-36.258,-40.484
3.7779,-22.703,-31.501,17.657,19.706,-26.145,-24.249,-27.335,-3.7952,15.145,-31.333,-38.302
6.2765,-22.518,-32.415,16.884,21.117,-26.668,-30,-34.284,-4.1651,19.901,-26.212,-35.849
8.8584,-22.109,-33.172,15.911,22.41,-27.023,-35.879,-41.415,-4.5786,24.777,-20.927,-33.119
11.462,-21.497,-33.792,14.735,23.584,-27.224,-41.988,-48.634,-5.0138,29.728,-15.519,-30.117
14.004,-20.716,-34.289,13.372,24.642,-27.283,-48.326,-55.854,-5.4637,34.682,-10.048,-26.863
16.402,-19.806,-34.67,11.855,25.59,-27.214,-54.817,-63.026,-5.9392,39.543,-4.5854,-23.395
18.591,-18.798,-34.937,10.225,26.43,-27.024,-61.372,-70.139,-6.4664,44.206,0.79052,-19.769
20.539,-17.714,-35.086,8.5135,27.158,-26.712,-67.923,-77.188,-7.0763,48.573,6.0107,-16.048
22.239,-16.566,-35.111,6.7322,27.767,-26.271,-74.403,-84.121,-7.7905,52.578,11.027,-12.286
23.71,-15.356,-35.014,4.8678,28.248,-25.695,-80.696,-90.81,-8.6104,56.192,15.819,-8.5165
24.982,-14.083,-34.799,2.8903,28.601,-24.977,-86.619,-97.068,-9.5127,59.422,20.388,-4.7423
26.088,-12.749,-34.477,0.77116,28.827,-24.114,-91.957,-102.71,-10.455,62.301,24.749,-0.94735
27.054,-11.36,-34.058,-1.4961,28.934,-23.105,-96.557,-107.61,-11.386,64.873,28.926,2.8922
27.899,-9.9227,-33.55,-3.8873,28.923,-21.946,-100.38,-111.79,-12.267,67.176,32.947,6.7963
28.632,-8.4403,-32.955,-6.3563,28.795,-20.633,-103.5,-115.32,-13.078,69.245,36.839,10.776
29.254,-6.9116,-32.26,-8.8539,28.549,-19.153,-106.04,-118.3,-13.826,71.105,40.627,14.837
29.763,-5.3264,-31.433,-11.345,28.18,-17.479,-108.12,-120.86,-14.53,72.78,44.332,18.979
30.155,-3.6633,-30.422,-13.812,27.688,-15.567,-109.85,-123.06,-15.215,74.302,47.97,23.2
30.43,-1.8861,-29.163,-16.252,27.075,-13.366,-111.28,-124.94,-15.892,75.71,51.552,27.499
30.597,0.062567,-27.577,-18.664,26.345,-10.837,-112.45,-126.52,-16.546,77.053,55.086,31.879
30.672,2.2686,-25.586,-21.048,25.501,-7.9726,-113.39,-127.78,-17.126,78.385,58.584,36.353
30.677,4.8559,-23.113,-23.408,24.546,-4.8012,-114.1,-128.72,-17.558,79.755,62.058,40.946
30.637,7.9874,-20.091,-25.747,23.475,-1.3797,-114.61,-129.33,-17.756,81.201,65.518,45.674
30.573,11.839,-16.491,-28.07,22.278,2.2288,-114.89,-129.6,-17.66,82.746,68.967,50.527
30.5,16.537,-12.342,-30.387,20.934,5.9938,-114.93,-129.5,-17.244,84.385,72.396,55.443
30.419,22.087,-7.7449,-32.709,19.418,9.9636,-114.63,-128.91,-16.521,86.099,75.785,60.317
30.322,28.356,-2.8288,-35.043,17.695,14.286,-113.76,-127.62,-15.514,87.86,79.106,65.018
30.192,35.137,2.3275,-37.387,15.723,19.161,-111.94,-125.27,-14.218,89.639,82.331,69.426
30.009,42.232,7.7364,-39.725,13.45,24.754,-108.68,-121.48,-12.565,91.416,85.438,73.46
29.755,49.495,13.468,-42.043,10.829,31.127,-103.7,-116,-10.401,93.176,88.407,77.083
29.42,56.83,19.567,-44.33,7.8341,38.227,-97.057,-108.83,-7.5133,94.908,91.225,80.299
29.009,64.146,25.98,-46.58,4.4908,45.859,-89.061,-100.23,-3.713,96.597,93.876,83.131
28.533,71.333,32.543,-48.781,0.88864,53.696,-80.048,-90.503,1.0518,98.218,96.345,85.604
28.018,78.275,39.054,-50.917,-2.838,61.394,-70.275,-79.943,6.6433,99.74,98.607,87.739
27.489,84.883,45.36,-52.962,-6.5507,68.739,-59.974,-68.789,12.801,101.13,100.63,89.55
26.975,91.112,51.4,-54.888,-10.134,75.68,-49.406,-57.284,19.264,102.33,102.39,91.046
26.491,96.956,57.165,-56.658,-13.492,82.272,-38.885,-45.713,25.825,103.33,103.84,92.235
26.039,102.41,62.629,-58.226,-16.54,88.593,-28.745,-34.45,32.303,104.06,104.95,93.121
25.603,107.46,67.699,-59.54,-19.194,94.668,-19.306,-23.977,38.451,104.49,105.7,93.702
25.164,112,72.19,-60.54,-21.374,100.39,-10.846,-14.852,43.898,104.57,106.07,93.97
24.707,115.8,75.854,-61.167,-23.006,105.41,-3.6058,-7.5936,48.155,104.24,106.04,93.91
24.241,118.44,78.44,-61.379,-24.017,109.17,2.15,-2.5356,50.747,103.45,105.59,93.507
23.801,119.43,79.757,-61.158,-24.339,110.98,5.9547,0.30224,51.424,102.15,104.75,92.747
23.44,118.44,79.689,-60.525,-23.912,110.38,7.1616,1.3155,50.319,100.31,103.51,91.632
23.217,115.46,78.165,-59.533,-22.712,107.31,5.5405,1.2071,47.9,97.916,101.92,90.177
23.172,110.8,75.141,-58.246,-20.778,102.14,1.7989,0.6481,44.733,94.978,100,88.412
23.317,104.81,70.635,-56.73,-18.238,95.422,-2.9317,0.022571,41.247,91.509,97.801,86.375
23.635,97.787,64.77,-55.046,-15.264,87.59,-7.8698,-0.55324,37.67,87.531,95.351,84.099
24.095,89.984,57.762,-53.243,-12.012,78.931,-12.703,-1.0738,34.095,83.075,92.692,81.616
24.66,81.64,49.859,-51.369,-8.5816,69.624,-17.353,-1.5123,30.561,78.195,89.864,78.948
25.306,73.009,41.312,-49.467,-5.0269,59.845,-21.8,-1.7751,27.107,72.975,86.915,76.124
26.019,64.357,32.394,-47.581,-1.3789,49.824,-26.008,-1.7306,23.791,67.532,83.902,73.177
26.799,55.935,23.444,-45.754,2.3269,39.862,-29.894,-1.2693,20.687,62.004,80.881,70.154
27.646,47.967,14.885,-44.022,6.0242,30.368,-33.273,-0.34306,17.9,56.53,77.91,67.11
28.551,40.652,7.1693,-42.415,9.6043,21.959,-35.804,1.0458,15.569,51.245,75.04,64.101
29.494,34.164,0.60539,-40.949,12.944,15.424,-37.037,2.8893,13.87,46.271,72.322,61.18
30.444,28.638,-4.773,-39.63,15.953,11.207,-36.64,5.2081,13,41.721,69.801,58.388
31.369,24.136,-9.1414,-38.46,18.59,8.8047,-34.643,8.0309,13.142,37.682,67.515,55.75
32.24,20.623,-12.703,-37.449,20.834,7.2216,-31.409,11.341,14.41,34.195,65.487,53.27
33.027,17.976,-15.572,-36.613,22.651,5.8382,-27.365,15.043,16.779,31.248,63.702,50.934
33.7,16.027,-17.775,-35.952,24.006,4.5443,-22.805,18.982,20.052,28.766,62.111,48.71
34.227,14.593,-19.302,-35.429,24.899,3.4452,-17.882,22.967,23.934,26.618,60.635,46.546
34.579,13.494,-20.169,-34.969,25.399,2.6442,-12.682,26.808,28.12,24.642,59.174,44.379
34.737,12.58,-20.437,-34.484,25.614,2.1685,-7.2854,30.336,32.319,22.692,57.639,42.153
34.665,11.747,-20.201,-33.889,25.611,1.9735,-1.7896,33.433,36.24,20.657,55.972,39.833
34.301,10.944,-19.568,-33.093,25.376,1.9756,3.6611,36.055,39.61,18.495,54.154,37.405
33.537,10.146,-18.644,-31.973,24.829,2.0801,8.87,38.223,42.217,16.228,52.211,34.888
32.245,9.3316,-17.524,-30.383,23.893,2.2045,13.622,39.994,43.931,13.917,50.184,32.313
30.328,8.4743,-16.285,-28.188,22.544,2.2913,17.752,41.423,44.687,11.626,48.121,29.717
27.764,7.5479,-14.986,-25.328,20.824,2.3106,21.187,42.552,44.462,9.3876,46.047,27.136
24.626,6.5362,-13.678,-21.845,18.813,2.2542,23.946,43.412,43.281,7.186,43.969,24.591
21.052,5.437,-12.407,-17.868,16.603,2.1239,26.098,44.029,41.26,4.9583,41.866,22.093
17.196,4.2571,-11.214,-13.564,14.287,1.9247,27.74,44.427,38.607,2.6195,39.699,19.628
13.193,3.0098,-10.119,-9.1013,11.951,1.6619,28.975,44.634,35.574,0.10125,37.424,17.167
9.1453,1.713,-9.1204,-4.6342,9.681,1.343,29.896,44.676,32.37,-2.6259,35.007,14.671
5.141,0.38478,-8.1904,-0.29765,7.5391,0.9789,30.586,44.574,29.107,-5.5417,32.431,12.098
1.264,-0.96262,-7.2853,3.7855,5.5309,0.58047,31.11,44.35,25.814,-8.5872,29.696,9.4203
-2.4122,-2.3242,-6.3646,7.4941,3.5887,0.1541,31.516,44.022,22.484,-11.687,26.815,6.6273
-5.846,-3.6967,-5.4175,10.711,1.6173,-0.30132,31.84,43.61,19.119,-14.766,23.823,3.7412
-9.0125,-5.0698,-4.4916,13.348,-0.40828,-0.7929,32.103,43.133,15.768,-17.758,20.767,0.82096
-11.853,-6.4195,-3.6954,15.386,-2.3819,-1.3284,32.319,42.612,12.534,-20.602,17.746,-2.0354
-14.265,-7.709,-3.1525,16.883,-4.1044,-1.9106,32.493,42.073,9.5449,-23.233,14.901,-4.7065
-16.153,-8.8938,-2.9353,17.941,-5.3877,-2.5351,32.628,41.538,6.9011,-25.589,12.396,-7.0501
-17.48,-9.93,-3.0367,18.665,-6.1415,-3.1886,32.725,41.025,4.6434,-27.613,10.401,-8.9423
-18.281,-10.784,-3.3868,19.146,-6.3954,-3.8456,32.784,40.542,2.7509,-29.272,9.0183,-10.311
-18.654,-11.443,-3.8861,19.45,-6.2678,-4.469,32.805,40.087,1.1605,-30.573,8.2666,-11.16
-18.733,-11.917,-4.4312,19.628,-5.918,-5.0174,32.787,39.646,-0.21125,-31.557,8.077,-11.556
-18.65,-12.232,-4.9322,19.721,-5.5009,-5.4547,32.729,39.2,-1.4489,-32.292,8.3139,-11.616
-18.509,-12.42,-5.3262,19.759,-5.1301,-5.7584,32.636,38.737,-2.6199,-32.846,8.8458,-11.461
-18.37,-12.509,-5.5834,19.759,-4.8624,-5.9232,32.515,38.252,-3.763,-33.274,9.5719,-11.182
-18.245,-12.52,-5.7055,19.727,-4.7039,-5.9588,32.381,37.753,-4.8867,-33.604,10.445,-10.821
-18.125,-12.468,-5.7158,19.665,-4.6306,-5.8865,32.254,37.255,-5.9772,-33.844,11.44,-10.381
-17.994,-12.364,-5.6466,19.578,-4.6106,-5.7323,32.15,36.781,-7.0101,-33.989,12.545,-9.8429
-17.849,-12.221,-5.5265,19.473,-4.6187,-5.5215,32.082,36.352,-7.9617,-34.029,13.743,-9.1895
-17.697,-12.048,-5.3724,19.358,-4.6431,-5.2714,32.056,35.992,-8.8156,-33.957,15.012,-8.4188
-17.56,-11.85,-5.1897,19.246,-4.6828,-4.9902,32.069,35.712,-9.5674,-33.776,16.323,-7.5474
-17.451,-11.629,-4.9803,19.145,-4.739,-4.6822,32.112,35.511,-10.226,-33.503,17.655,-6.602
-17.371,-11.388,-4.7533,19.059,-4.8041,-4.3551,32.164,35.365,-10.817,-33.17,19.003,-5.6084
-17.294,-11.129,-4.5322,18.982,-4.855,-4.0264,32.201,35.221,-11.375,-32.817,20.372,-4.5838
-17.182,-10.863,-4.3529,18.905,-4.8551,-3.7241,32.194,35.005,-11.944,-32.48,21.778,-3.5383
-16.998,-10.603,-4.249,18.818,-4.7692,-3.4756,32.119,34.635,-12.565,-32.172,23.226,-2.4849
-16.727,-10.357,-4.2264,18.713,-4.5861,-3.2864,31.96,34.041,-13.26,-31.855,24.697,-1.4527
-16.386,-10.114,-4.2404,18.582,-4.3388,-3.1197,31.725,33.215,-13.992,-31.408,26.135,-0.49854
-16.029,-9.8383,-4.1905,18.42,-4.1073,-2.8913,31.469,32.301,-14.603,-30.593,27.449,0.29151
-15.738,-9.4792,-3.9405,18.224,-4.0018,-2.491,31.317,31.719,-14.786,-29.026,28.526,0.81297
-15.596,-8.9917,-3.3622,17.996,-4.1333,-1.8239,31.458,32.122,-14.237,-26.145,29.262,0.97178
-15.653,-8.3533,-2.3831,17.746,-4.5812,-0.85394,32.029,33.936,-13.004,-21.206,29.619,0.73312
-15.887,-7.567,-1.0174,17.476,-5.359,0.37978,32.975,37.144,-9.7248,-13.69,29.691,0.18729
-16.176,-6.6389,0.63833,17.151,-6.3808,1.7944,34.025,42.517,-8.8413,-6.3826,29.786,-0.37876
-16.286,-5.5366,2.4468,16.663,-7.4585,3.327,34.392,43.133,-10.752,-14.135,30.483,-0.42572
-15.886,-4.1401,4.2909,15.777,-8.3425,4.9924,33.226,37.677,-15.722,-36.062,32.632,0.84329
-14.555,-2.1915,6.1112,14.034,-8.7701,6.8981,31.325,27.8,-23.889,-42.088,37.243,4.4099
-11.775,0.78071,7.8855,10.581,-8.4763,9.2079,29.655,18.193,-29.063,-39.685,45.195,11.304
-6.9843,5.5015,9.5566,4.7368,-7.1985,12.102,25.211,19.448,-23.996,-30.36,54.584,20.715
-0.59174,11.964,10.952,2.0843,-4.7807,15.792,32.692,35.766,-2.0707,-8.9111,43.759,12.978
-0.032632,16.226,11.74,10.775,-1.5039,20.443,52.296,73.677,48.469,30.696,31.253,0.93915
-11.938,15.872,11.45,13.903,0.31483,25.756,81.678,139.89,139.37,94.674,26.817,-5.0722
-19.254,16.766,9.5958,13.019,-5.6642,30.83,116.68,238.16,250.75,196.4,25.02,-8.1442
-22.602,21.333,6.4111,10.341,-12.798,34.122,150.68,339.78,357.08,327.53,31.128,-3.7044
-21.171,30.267,7.7786,4.9342,-16.487,32.842,173.33,394.91,437.56,455.67,55.122,13.338
-10.839,41.368,22.87,-6.044,-15.012,34.922,165.77,378.35,466.92,581.71,114.72,48.92
13.462,57.32,26.18,-26.444,-6.1789,53.249,111.79,269.79,427.77,707.45,225.39,110.56
53.666,90.585,24.538,-58.417,10.33,69.174,4.0379,59.507,315.37,835.14,389.9,203.32
107.59,133.79,18.899,-100.46,34.291,88.479,-157.36,-244.35,135.79,962.46,594,323.66
168.82,180.37,7.9777,-148.46,66.273,107.03,-357.97,-617.06,-100.56,1070.9,815.89,463.26
229.64,221.37,-9.6572,-196.58,104.87,118.59,-579.69,-1026,-385.79,1121.8,1031.7,611.92
283.59,246.41,-33.728,-236.91,144.91,116.63,-802.23,-1438.6,-717.9,1063.6,1207.5,753.42
323.11,245.49,-64.512,-259.79,182.54,95.456,-1005.7,-1827.1,-1098.6,847.28,1304.4,866.04
341.08,211.11,-110.35,-255.83,215.8,51.644,-1173.8,-2169.9,-1526.1,443.62,1288.6,927.56
333.77,140.82,-172.33,-220.23,242.42,-14.892,-1295.8,-2450.4,-1986.3,-139.69,1145.7,924.78
302.21,38.75,-243.11,-155.42,261.39,-100.86,-1367.7,-2655.7,-2445.8,-846.16,888.38,858.6
252.3,-83.93,-316.74,-70.794,273.96,-198.93,-1391.7,-2775.8,-2854.6,-1576.9,554.72,742.43
193.94,-210.35,-388.15,19.647,282.42,-297.77,-1375.7,-2807.4,-3159.6,-2218.5,198.02,598.03
138.26,-321.61,-449.47,100.89,288.24,-383.97,-1331,-2755.7,-3322.8,-2679.9,-128.66,449.6
93.929,-401.96,-492.36,161.17,290.99,-445.51,-1269.4,-2635,-3333.8,-2918.9,-387.1,316.73
64.115,-443.11,-510.49,195.26,288.54,-475.04,-1199.9,-2464.6,-3209.4,-2949.6,-561.48,209.81
45.953,-445.46,-500.91,204.96,277.82,-471.29,-1126.4,-2263.5,-2983.5,-2821.9,-656.59,130.56
32.763,-415.97,-463.91,196.69,255.74,-437.91,-1048.2,-2046.3,-2694.7,-2590.3,-689.53,71.654
18.032,-364.51,-402.22,178.04,220.08,-381.25,-961.27,-1822.8,-2376.5,-2302.6,-680.8,24.165
-2.0816,-301.04,-320.8,155.73,170.7,-308.78,-862.52,-1599,-2053.3,-1998.5,-648.5,-15.54
-28.259,-234.2,-227.31,134.83,110.51,-228.68,-752.2,-1378.6,-1741.8,-1704.9,-605.11,-47.384
-56.283,-171.04,-132.07,117.82,45.809,-149.62,-634.11,-1165.8,-1453.2,-1433.9,-556.57,-72.75
-75.908,-117.11,-46.439,100.71,-13.872,-79.99,-514.43,-964.86,-1194.5,-1187.8,-503.49,-92.625
-80.915,-76.666,20.589,81.451,-57.112,-26.417,-401.05,-777.86,-969.04,-976.12,-435.28,-94.228
-76.56,-56.243,59.423,74.515,-78.394,6.5068,-301.33,-608.05,-777.42,-803.58,-347.67,-56.415
-69.798,-53.497,66.69,69.387,-81.504,14.358,-217.83,-462.03,-617.67,-662.15,-286.12,-44.798
-62.482,-53.022,56.176,63.641,-72.894,7.5628,-150.32,-343.76,-486.29,-545.48,-249.95,-49.779
-55.048,-53.511,39.105,57.68,-58.633,-2.6505,-98.951,-251.97,-381.24,-450.87,-223.93,-55.119
-48.63,-55.04,20.618,51.685,-43.318,-13.422,-62.376,-181.66,-300.2,-375.83,-202.42,-58.844
-44.138,-56.274,3.7212,45.9,-29.464,-23.168,-36.899,-127.46,-238.39,-317.4,-183.98,-61.337
-41.46,-49.889,-9.8269,41.123,-19.575,-30.308,-18.551,-86.573,-190.92,-272.74,-167.8,-62.99
-39.916,-40.398,-9.4341,37.641,-19.585,-24.778,-4.4066,-56.699,-154.06,-239.3,-153.03,-64.015
-38.888,-35.901,-4.8294,35.123,-19.815,-19.459,7.1394,-35.124,-125.3,-214.61,-139.69,-64.518
-37.959,-33.679,-5.6305,33.184,-18.288,-17.782,16.503,-19.542,-103.05,-196.23,-128.69,-64.586
-36.852,-32.71,-8.2619,31.598,-16.607,-17.987,19.831,-8.4235,-86.287,-181.89,-120.45,-64.333
-35.436,-32.497,-10.802,30.283,-15.021,-19.239,16.159,-1.3306,-74.327,-169.42,-114.51,-63.897
-33.787,-32.668,-13.08,29.225,-12.929,-20.864,18.753,-1.7946,-66.544,-156.08,-110.18,-63.419
-32.149,-32.947,-15.118,28.411,-10.271,-22.342,23.918,-0.30672,-61.925,-140.32,-106.9,-63
-30.786,-33.154,-16.629,27.815,-7.7829,-23.373,27.521,8.9223,-58.688,-124.82,-104.38,-62.689
-29.838,-33.184,-17.403,27.393,-6.124,-23.871,29.669,17.632,-53.51,-111.97,-102.42,-62.482
-29.295,-32.993,-17.47,27.099,-5.4151,-23.87,31.011,23.316,-44.125,-102.01,-100.91,-62.344
-29.048,-32.58,-16.988,26.888,-5.4529,-23.454,31.916,26.926,-35.65,-94.418,-99.729,-62.23
-28.963,-31.971,-16.137,26.719,-5.9688,-22.718,32.559,29.375,-29.912,-88.61,-98.754,-62.101
-28.939,-31.198,-15.068,26.559,-6.739,-21.75,33.029,31.15,-25.818,-84.074,-97.887,-61.934
-28.916,-30.29,-13.88,26.385,-7.6148,-20.621,33.37,32.496,-22.699,-80.39,-97.052,-61.719
-28.878,-29.27,-12.627,26.18,-8.5202,-19.377,33.605,33.545,-20.226,-77.241,-96.205,-61.45
-28.829,-28.153,-11.325,25.94,-9.43,-18.041,33.753,34.376,-18.193,-74.417,-95.334,-61.13
-28.778,-26.956,-9.9764,25.669,-10.34,-16.626,33.83,35.04,-16.455,-71.795,-94.449,-60.761
-28.725,-25.695,-8.5845,25.373,-11.243,-15.139,33.855,35.576,-14.919,-69.325,-93.576,-60.351
-28.656,-24.387,-7.1627,25.061,-12.122,-13.593,33.844,36.009,-13.533,-67.004,-92.746,-59.912
-28.552,-23.049,-5.7312,24.738,-12.952,-12.006,33.809,36.357,-12.28,-64.844,-91.988,-59.459
-28.393,-21.693,-4.3109,24.409,-13.716,-10.394,33.757,36.628,-11.165,-62.858,-91.32,-59.007
-28.174,-20.331,-2.9202,24.074,-14.404,-8.7805,33.69,36.827,-10.193,-61.038,-90.746,-58.564
-27.904,-18.976,-1.5748,23.734,-15.017,-7.1899,33.605,36.952,-9.3681,-59.352,-90.25,-58.122
-27.605,-17.644,-0.28925,23.392,-15.561,-5.6556,33.494,37.003,-8.683,-57.758,-89.808,-57.671
-27.305,-16.361,0.9222,23.056,-16.042,-4.2133,33.35,36.975,-8.1214,-56.217,-89.398,-57.198
-27.027,-15.153,2.0434,22.736,-16.46,-2.8955,33.165,36.866,-7.6594,-54.709,-89.005,-56.698
-26.782,-14.045,3.0542,22.444,-16.809,-1.7267,32.933,36.674,-7.2693,-53.247,-88.622,-56.178
-26.564,-13.058,3.9294,22.187,-17.075,-0.72273,32.651,36.402,-6.9253,-51.856,-88.262,-55.661
-26.352,-12.207,4.6419,21.964,-17.241,0.1066,32.32,36.056,-6.6095,-50.566,-87.94,-55.171
-26.126,-11.501,5.1695,21.771,-17.297,0.75553,31.941,35.643,-6.3133,-49.388,-87.669,-54.723
-25.873,-10.944,5.4981,21.605,-17.24,1.2219,31.52,35.17,-6.0358,-48.302,-87.438,-54.324
-25.586,-10.535,5.6208,21.462,-17.072,1.5073,31.06,34.641,-5.7802,-47.271,-87.223,-53.965
-25.266,-10.266,5.5347,21.34,-16.793,1.6153,30.566,34.054,-5.5513,-46.246,-86.996,-53.636
-24.911,-10.123,5.2374,21.235,-16.392,1.5503,30.03,33.402,-5.352,-45.187,-86.735,-53.323
-24.515,-10.087,4.7256,21.142,-15.852,1.3178,29.439,32.675,-5.1793,-44.076,-86.425,-53.019
-24.063,-10.141,3.9953,21.053,-15.151,0.92472,28.769,31.866,-5.0202,-42.912,-86.064,-52.721
-23.532,-10.268,3.0422,20.962,-14.261,0.37925,27.999,30.977,-4.8525,-41.707,-85.658,-52.431
-22.899,-10.464,1.8636,20.862,-13.16,-0.3123,27.107,30.017,-4.6507,-40.472,-85.216,-52.147
-22.15,-10.731,0.46123,20.752,-11.83,-1.1494,26.077,29.005,-4.3958,-39.212,-84.739,-51.864
-21.287,-11.082,-1.1527,20.639,-10.273,-2.1362,24.897,27.961,-4.0832,-37.918,-84.223,-51.57
-20.329,-11.529,-2.951,20.528,-8.516,-3.2732,23.544,26.894,-3.7245,-36.576,-83.659,-51.256
-19.3,-12.071,-4.8922,20.426,-6.6052,-4.5484,21.983,25.8,-3.3429,-35.163,-83.03,-50.913
-18.216,-12.691,-6.9259,20.332,-4.5945,-5.9322,20.167,24.645,-2.9669,-33.651,-82.313,-50.532
-17.075,-13.356,-9.0016,20.237,-2.5278,-7.3815,18.031,23.379,-2.6226,-32.013,-81.472,-50.109
-15.861,-14.02,-11.078,20.125,-0.43122,-8.85,15.5,21.937,-2.3277,-30.23,-80.47,-49.632
-14.542,-14.642,-13.128,19.978,1.6862,-10.299,12.494,20.252,-2.0886,-28.281,-79.264,-49.086
-13.081,-15.188,-15.141,19.781,3.8241,-11.704,8.9485,18.254,-1.9008,-26.15,-77.815,-48.451
-11.437,-15.643,-17.113,19.519,5.9796,-13.057,4.8392,15.883,-1.753,-23.811,-76.098,-47.701
-9.5803,-16.004,-19.043,19.18,8.1374,-14.36,0.22061,13.083,-1.633,-21.231,-74.08,-46.804
-7.5022,-16.283,-20.921,18.76,10.268,-15.615,-4.7705,9.8183,-1.5322,-18.37,-71.733,-45.732
-5.2167,-16.493,-22.728,18.255,12.334,-16.819,-9.9389,6.074,-1.4484,-15.197,-69.02,-44.462
-2.7593,-16.643,-24.435,17.663,14.3,-17.955,-15.117,1.8653,-1.3903,-11.692,-65.924,-42.975
-0.17718,-16.731,-26.01,16.975,16.145,-19.004,-20.226,-2.7718,-1.3788,-7.851,-62.426,-41.255
2.4828,-16.742,-27.43,16.18,17.863,-19.941,-25.287,-7.7963,-1.4459,-3.687,-58.504,-39.286
5.1838,-16.651,-28.683,15.258,19.461,-20.745,-30.384,-13.174,-1.6234,0.77858,-54.131,-37.053
7.8997,-16.428,-29.767,14.18,20.95,-21.398,-35.634,-18.881,-1.929,5.519,-49.303,-34.545
10.609,-16.047,-30.692,12.915,22.338,-21.886,-41.148,-24.892,-2.3572,10.502,-44.026,-31.761
13.285,-15.489,-31.467,11.429,23.628,-22.198,-47,-31.169,-2.8808,15.681,-38.346,-28.713
15.887,-14.748,-32.1,9.6838,24.817,-22.322,-53.187,-37.65,-3.4631,20.993,-32.331,-25.43
18.365,-13.832,-32.596,7.6549,25.899,-22.243,-59.609,-44.264,-4.0707,26.357,-26.086,-21.955
20.662,-12.76,-32.954,5.3424,26.867,-21.95,-66.107,-50.944,-4.682,31.681,-19.72,-18.332
22.734,-11.56,-33.174,2.7861,27.717,-21.439,-72.504,-57.653,-5.2899,36.871,-13.334,-14.601
24.556,-10.268,-33.252,0.066335,28.441,-20.715,-78.656,-64.386,-5.9023,41.848,-7.0168,-10.792
26.127,-8.9172,-33.185,-2.7153,29.032,-19.799,-84.452,-71.144,-6.5381,46.548,-0.84473,-6.9276
27.463,-7.5305,-32.965,-5.4719,29.484,-18.71,-89.8,-77.884,-7.2197,50.931,5.1226,-3.0227
28.599,-6.11,-32.588,-8.1641,29.79,-17.456,-94.612,-84.487,-7.9612,54.98,10.847,0.91771
29.575,-4.6369,-32.045,-10.807,29.947,-16.026,-98.815,-90.761,-8.7572,58.702,16.315,4.9017
30.427,-3.0792,-31.329,-13.446,29.948,-14.396,-102.38,-96.506,-9.5811,62.123,21.533,8.9489
31.179,-1.4029,-30.436,-16.113,29.79,-12.545,-105.33,-101.59,-10.392,65.273,26.52,13.085
31.834,0.41963,-29.358,-18.802,29.467,-10.462,-107.73,-105.99,-11.152,68.175,31.304,17.333
32.386,2.4083,-28.087,-21.467,28.98,-8.1573,-109.67,-109.77,-11.837,70.844,35.909,21.709
32.829,4.5824,-26.603,-24.047,28.34,-5.6591,-111.27,-113.02,-12.445,73.292,40.357,26.213
33.16,6.9709,-24.878,-26.489,27.569,-3.0037,-112.59,-115.87,-12.999,75.532,44.665,30.822
33.386,9.6235,-22.867,-28.767,26.692,-0.22587,-113.72,-118.37,-13.522,77.584,48.842,35.499
33.52,12.618,-20.515,-30.886,25.735,2.6474,-114.69,-120.55,-14.026,79.477,52.894,40.199
33.58,16.06,-17.762,-32.877,24.712,5.6029,-115.51,-122.43,-14.49,81.244,56.828,44.882
33.585,20.084,-14.554,-34.79,23.624,8.6494,-116.19,-123.97,-14.861,82.924,60.653,49.525
33.557,24.82,-10.865,-36.682,22.46,11.836,-116.72,-125.15,-15.058,84.554,64.384,54.109
33.512,30.344,-6.7083,-38.6,21.196,15.29,-117.08,-125.93,-15.004,86.167,68.038,58.616
33.462,36.609,-2.138,-40.574,19.796,19.266,-117.26,-126.29,-14.645,87.786,71.624,63.007
33.408,43.423,2.7751,-42.62,18.217,24.099,-117.22,-126.13,-13.968,89.422,75.135,67.228
33.346,50.522,7.9847,-44.735,16.406,29.974,-116.87,-125.28,-12.982,91.081,78.549,71.215
33.267,57.686,13.494,-46.906,14.309,36.73,-116,-123.44,-11.68,92.757,81.835,74.911
33.16,64.791,19.335,-49.112,11.87,44.048,-114.29,-120.22,-9.9894,94.441,84.963,78.276
33.012,71.771,25.515,-51.33,9.049,51.649,-111.29,-115.28,-7.7277,96.112,87.908,81.293
32.812,78.573,31.964,-53.534,5.8419,59.277,-106.67,-108.51,-4.6332,97.747,90.656,83.967
32.553,85.123,38.538,-55.697,2.3027,66.679,-100.4,-100.15,-0.48538,99.318,93.197,86.309
32.234,91.325,45.072,-57.786,-1.4578,73.671,-92.689,-90.544,4.728,100.8,95.521,88.337
31.855,97.085,51.441,-59.762,-5.3011,80.179,-83.824,-80.011,10.774,102.17,97.621,90.065
31.425,102.34,57.595,-61.586,-9.0967,86.224,-74.036,-68.796,17.315,103.4,99.488,91.506
30.961,107.06,63.539,-63.226,-12.737,91.861,-63.542,-57.127,24.076,104.48,101.11,92.672
30.48,111.26,69.288,-64.659,-16.136,97.136,-52.604,-45.283,30.891,105.39,102.49,93.569
29.999,114.96,74.82,-65.873,-19.218,102.06,-41.56,-33.638,37.644,106.11,103.6,94.2
29.525,118.19,80.05,-66.858,-21.916,106.59,-30.802,-22.641,44.193,106.6,104.43,94.562
29.057,120.96,84.824,-67.605,-24.167,110.65,-20.729,-12.77,50.303,106.82,104.96,94.647
28.588,123.24,88.927,-68.098,-25.916,114.14,-11.691,-4.441,55.628,106.73,105.15,94.442
28.118,124.95,92.112,-68.318,-27.112,116.86,-3.9663,2.0538,59.753,106.26,105,93.935
27.66,125.96,94.13,-68.245,-27.706,118.6,2.1906,6.6098,62.301,105.37,104.48,93.117
27.244,126.1,94.766,-67.87,-27.649,119.09,6.3664,9.3826,63.089,104.02,103.6,91.987
26.907,125.23,93.895,-67.203,-26.899,118.14,7.9871,10.807,62.233,102.19,102.38,90.554
26.688,123.31,91.512,-66.267,-25.441,115.71,6.8763,11.444,60.106,99.866,100.84,88.835
26.613,120.36,87.741,-65.098,-23.32,111.92,3.7421,11.747,57.175,97.072,99.032,86.847
26.688,116.46,82.78,-63.728,-20.656,106.98,-0.33458,11.945,53.835,93.826,96.98,84.608
26.901,111.64,76.836,-62.182,-17.611,101.09,-4.6389,12.099,50.348,90.154,94.728,82.132
27.228,105.93,70.083,-60.484,-14.326,94.411,-8.9063,12.214,46.868,86.095,92.313,79.442
27.645,99.386,62.657,-58.658,-10.891,86.998,-13.064,12.325,43.489,81.706,89.773,76.57
28.135,92.103,54.679,-56.742,-7.3427,78.881,-17.065,12.509,40.283,77.07,87.147,73.563
28.69,84.254,46.288,-54.785,-3.6936,70.115,-20.827,12.853,37.318,72.288,84.475,70.472
29.308,76.056,37.673,-52.846,0.031725,60.824,-24.201,13.419,34.668,67.464,81.796,67.343
29.984,67.739,29.09,-50.982,3.7675,51.21,-26.931,14.233,32.421,62.694,79.148,64.209
30.706,59.536,20.854,-49.24,7.4048,41.554,-28.655,15.308,30.703,58.063,76.579,61.101
31.455,51.684,13.299,-47.652,10.822,32.304,-29.018,16.663,29.676,53.652,74.129,58.051
32.204,44.454,6.7209,-46.23,13.925,24.26,-27.871,18.33,29.503,49.538,71.836,55.106
32.927,38.163,1.2736,-44.973,16.649,18.522,-25.392,20.336,30.277,45.785,69.723,52.316
33.595,33.094,-3.0829,-43.866,18.943,15.509,-21.969,22.669,31.963,42.431,67.788,49.728
34.178,29.303,-6.5164,-42.885,20.761,14.23,-17.962,25.256,34.398,39.466,65.998,47.35
34.646,26.529,-9.178,-41.991,22.084,13.489,-13.584,27.976,37.357,36.817,64.299,45.145
34.976,24.374,-11.127,-41.137,22.949,12.816,-8.937,30.674,40.603,34.353,62.625,43.041
35.151,22.527,-12.375,-40.27,23.447,12.193,-4.0991,33.201,43.876,31.929,60.92,40.954
35.15,20.827,-12.962,-39.342,23.672,11.678,0.82265,35.442,46.882,29.401,59.136,38.806
34.922,19.216,-12.985,-38.293,23.662,11.289,5.6738,37.34,49.326,26.687,57.253,36.561
34.371,17.678,-12.583,-37.037,23.379,10.991,10.268,38.898,50.981,23.774,55.277,34.219
33.364,16.193,-11.905,-35.439,22.75,10.724,14.435,40.156,51.724,20.709,53.23,31.814
31.769,14.725,-11.082,-33.334,21.728,10.425,18.065,41.163,51.523,17.565,51.147,29.392
29.512,13.238,-10.213,-30.582,20.327,10.045,21.129,41.962,50.401,14.409,49.064,27.002
26.613,11.709,-9.3582,-27.121,18.608,9.5551,23.653,42.581,48.432,11.269,47.004,24.679
23.166,10.126,-8.5557,-22.99,16.658,8.9464,25.689,43.034,45.755,8.1308,44.969,22.43
19.302,8.479,-7.8322,-18.31,14.559,8.2195,27.299,43.327,42.577,4.9503,42.94,20.236
15.145,6.7546,-7.2024,-13.249,12.392,7.3826,28.553,43.462,39.118,1.6884,40.887,18.062
10.806,4.9426,-6.662,-7.9984,10.234,6.4504,29.52,43.443,35.551,-1.6711,38.78,15.872
6.3947,3.0419,-6.1871,-2.7668,8.1563,5.4414,30.267,43.283,31.97,-5.1075,36.594,13.642
2.0405,1.0605,-5.7473,2.2325,6.1952,4.3695,30.852,43.002,28.408,-8.5727,34.305,11.365
-2.1149,-0.98924,-5.3276,6.7987,4.3318,3.2365,31.318,42.625,24.857,-12.013,31.912,9.0444
-5.9603,-3.0938,-4.9474,10.763,2.5112,2.0299,31.697,42.179,21.305,-15.383,29.426,6.6951
-9.4465,-5.2357,-4.6694,14.012,0.7125,0.73236,32.006,41.684,17.765,-18.649,26.879,4.3474
-12.55,-7.3892,-4.5911,16.519,-0.99098,-0.66475,32.256,41.158,14.31,-21.78,24.338,2.0456
-15.216,-9.5173,-4.8069,18.362,-2.4439,-2.1537,32.454,40.616,11.069,-24.734,21.92,-0.12716
-17.371,-11.573,-5.3618,19.686,-3.4831,-3.7116,32.606,40.073,8.1769,-27.456,19.76,-2.0683
-18.963,-13.501,-6.2303,20.639,-4.0127,-5.3051,32.716,39.544,5.7099,-29.886,17.987,-3.6786
-20.003,-15.249,-7.3334,21.331,-4.0309,-6.8938,32.791,39.038,3.6649,-31.977,16.68,-4.8889
-20.559,-16.782,-8.5709,21.832,-3.6177,-8.4336,32.832,38.561,1.9802,-33.709,15.857,-5.6689
-20.746,-18.091,-9.845,22.19,-2.9033,-9.8806,32.84,38.108,0.56603,-35.1,15.473,-6.0478
-20.698,-19.191,-11.072,22.446,-2.0352,-11.196,32.815,37.668,-0.67217,-36.197,15.439,-6.0907
-20.534,-20.112,-12.193,22.634,-1.1453,-12.354,32.754,37.226,-1.8165,-37.064,15.666,-5.8744
-20.341,-20.883,-13.175,22.779,-0.32164,-13.346,32.66,36.769,-2.9231,-37.76,16.072,-5.4663
-20.161,-21.53,-14.014,22.895,0.39977,-14.178,32.54,36.293,-4.017,-38.325,16.603,-4.9129
-19.993,-22.068,-14.726,22.988,1.0243,-14.867,32.41,35.807,-5.0958,-38.78,17.232,-4.2405
-19.816,-22.504,-15.333,23.057,1.5785,-15.43,32.289,35.332,-6.1408,-39.13,17.949,-3.465
-19.604,-22.841,-15.855,23.097,2.0906,-15.883,32.195,34.897,-7.1292,-39.374,18.741,-2.6009
-19.341,-23.083,-16.307,23.108,2.5793,-16.241,32.143,34.536,-8.0434,-39.51,19.592,-1.6655
-19.03,-23.241,-16.7,23.09,3.0499,-16.52,32.139,34.277,-8.8759,-39.532,20.481,-0.67828
-18.687,-23.337,-17.045,23.049,3.4979,-16.743,32.183,34.131,-9.6324,-39.441,21.387,0.34213
-18.334,-23.4,-17.364,22.997,3.9189,-16.938,32.266,34.085,-10.331,-39.247,22.302,1.3819
-17.981,-23.462,-17.686,22.942,4.3187,-17.137,32.365,34.097,-11,-38.972,23.235,2.4336
-17.618,-23.547,-18.052,22.892,4.7207,-17.372,32.451,34.1,-11.67,-38.644,24.208,3.4946
-17.211,-23.668,-18.498,22.845,5.1608,-17.664,32.495,34.02,-12.369,-38.284,25.246,4.563
-16.72,-23.821,-19.035,22.794,5.6685,-18.02,32.48,33.788,-13.112,-37.874,26.361,5.6304
-16.134,-23.977,-19.626,22.727,6.2431,-18.409,32.406,33.374,-13.871,-37.325,27.529,6.6712
-15.486,-24.085,-20.18,22.638,6.8418,-18.769,32.308,32.844,-14.531,-36.44,28.684,7.6319
-14.859,-24.078,-20.573,22.52,7.3898,-19.007,32.259,32.454,-14.843,-34.873,29.732,8.4312
-14.357,-23.891,-20.688,22.372,7.8028,-19.023,32.38,32.692,-14.505,-32.098,30.577,8.9781
-14.062,-23.485,-20.442,22.196,8.0066,-18.732,32.792,34.047,-13.481,-27.372,31.183,9.2164
-13.984,-22.853,-19.815,21.994,7.9575,-18.092,33.532,36.663,-10.952,-19.972,31.643,9.1889
-14.024,-22.008,-18.868,21.751,7.6722,-17.133,34.473,41.071,-8.9698,-11.944,32.248,9.1035
-13.949,-20.953,-17.754,21.419,7.2638,-15.931,35.124,44.383,-10.366,-19.055,33.547,9.3788
-13.391,-19.639,-16.691,20.882,6.9574,-14.558,34.549,40.506,-14.379,-38.919,36.33,10.657
-11.863,-17.955,-15.919,19.917,7.058,-13.029,32.925,33.444,-20.466,-42.337,41.541,13.796
-8.7557,-15.767,-15.657,18.082,7.8571,-11.304,31.52,23.567,-26.455,-38.923,49.933,19.844
-3.4717,-12.981,-16.075,14.595,9.4742,-9.3479,29.235,19.86,-25.677,-27.619,58.341,28.688
3.0485,-9.5948,-17.279,9.6888,11.505,-7.2234,27.715,29.45,-10.323,-2.8571,43.393,23.994
0.27297,-5.663,-19.191,10.731,9.656,-5.1542,41.47,58.087,29.294,40.077,31.666,4.7066
-13.707,-1.1587,-20.698,15.053,0.15869,-3.5192,66.209,113.8,106.85,104.5,27.403,-2.0525
-20.047,4.2568,-15.06,15.454,-6.6978,-2.8033,100.28,204.23,218.6,199.9,26.296,-6.1664
-22.369,11.096,-1.0309,14.032,-11.02,-3.5512,137.05,314.81,337.39,326.97,34.249,-3.8801
-19.307,17.502,5.8728,10.436,-11.757,-5.5735,164.39,396.14,441.96,463.29,61.074,10.429
-7.8273,15.991,6.9163,2.1502,-6.8955,1.0988,168.77,417.34,505.73,605.23,122.93,43.112
16.024,12.111,1.3103,-14.951,6.207,6.5384,138.05,357.77,506.77,752.68,234.34,101.41
55.123,28.569,-11.478,-43.498,29.883,5.4281,60.779,205.19,434.09,900.39,397.94,190.11
108.55,54.226,-31.418,-82.468,65.784,4.5679,-68.479,-40.949,289.27,1037,601.95,306.42
171.16,83.943,-58.775,-127.67,113.04,3.1887,-243.24,-367.9,81.567,1141.7,827.18,441.17
236.14,112.12,-93.956,-173.17,165.78,-1.0819,-444.65,-750.21,-181.28,1182,1048,582.11
296.51,132.76,-137.2,-211.71,219.6,-10.088,-655.48,-1156.6,-497.08,1115.5,1228.9,713.47
343.91,138.44,-189.08,-235.11,270.99,-26.717,-856.87,-1557.3,-866.9,900.84,1331.2,817.75
370.13,118.54,-247.82,-235.25,314.84,-59.431,-1032.1,-1927.5,-1289.5,513.67,1322.2,878.1
369.8,64.37,-308.49,-206.41,346.35,-114.54,-1168.9,-2247.7,-1753.5,-38.41,1185.4,881.78
342.44,-23.543,-370.12,-148.35,363.24,-190.71,-1260.8,-2502.1,-2230,-708.32,929.78,824.72
292.94,-136.06,-431.55,-67.801,367.37,-278.68,-1307.6,-2677.9,-2673.4,-1413.6,589.73,714.36
230.91,-257.85,-489.53,22.754,363.39,-369,-1314.7,-2766.9,-3030.5,-2055.3,216.89,568.55
168.16,-370.46,-538.8,108.47,355.59,-450.36,-1291.3,-2769.5,-3257.9,-2547.6,-134.83,410.56
114.92,-457.3,-572.92,176.47,346.06,-511.13,-1247.9,-2695.3,-3335.9,-2842.4,-423.92,262.1
76.602,-508.16,-586.42,219.41,334.4,-543.36,-1193.1,-2560.8,-3271.5,-2937.4,-629.41,138.68
52.73,-520.94,-576.26,236.82,318.4,-544.4,-1131.9,-2384.2,-3091.8,-2865,-750.29,46.565
38.213,-500.35,-541.82,233.74,294.68,-516.41,-1064.7,-2181.2,-2832,-2673.1,-799.6,-18.478
26.368,-454.65,-484.26,217.57,259.21,-464.46,-988.53,-1963,-2526.2,-2409.7,-797.06,-65.327
11.442,-392.64,-406.23,195.3,209.56,-394.63,-899.83,-1737.5,-2202.9,-2114.9,-761.64,-99.238
-10.424,-322.46,-312.47,172.39,148.25,-313.39,-797.07,-1510.8,-1883.2,-1817,-707.35,-121.74
-39.376,-251.43,-211.07,152.09,82.622,-228.12,-683.34,-1289,-1581.2,-1534.2,-643.12,-134.64
-68.918,-186.18,-114.15,134.92,21.545,-147.33,-566.17,-1078.4,-1305.9,-1277.3,-573.93,-139.32
-86.527,-132.83,-35.582,115.89,-27.731,-80.461,-453.37,-883.04,-1062.6,-1055.3,-499.97,-118.31
-86.802,-97.018,15.816,99.125,-60.02,-36.243,-349.14,-703.63,-854.2,-872,-416.95,-69.841
-78.208,-77.8,41.052,88.757,-74.472,-14.702,-256.85,-544.12,-681.74,-719.76,-344.18,-62.474
-68.631,-66.661,47.083,79.96,-74.26,-6.5517,-180.31,-410.02,-541.33,-592.35,-295.46,-63.933
-59.839,-60.382,40.025,71.725,-64.363,-6.7423,-121.12,-303.03,-426.09,-488.03,-260.34,-65.529
-52.394,-58.459,25.271,64.406,-50.035,-12.996,-78.151,-220.37,-334.17,-404.88,-231.92,-66.592
-46.913,-59.05,8.2839,58.138,-35.336,-21.871,-48.023,-156.53,-263.22,-340.04,-207.8,-67.162
-43.413,-59.838,-6.7169,52.615,-22.17,-30.094,-26.6,-107.8,-209.1,-290.39,-187.24,-67.329
-41.328,-55.69,-17.08,47.615,-16.501,-35.024,-10.49,-72.248,-167.64,-252.89,-169.18,-67.17
-40.025,-46.44,-13.578,43.238,-17.901,-29.078,2.4072,-46.804,-135.7,-224.87,-152.07,-66.755
-39.033,-41.67,-10.987,39.559,-17.425,-25.312,12.999,-28.402,-111.19,-203.95,-136.53,-66.157
-38.016,-39.427,-11.678,36.533,-15.937,-23.925,20.545,-15.111,-92.814,-187.98,-124.72,-65.455
-36.759,-38.282,-13.29,34.1,-14.353,-23.844,19.565,-5.9706,-79.646,-174.91,-116.74,-64.73
-35.229,-37.701,-14.903,32.212,-12.425,-24.398,18.987,-3.1164,-70.781,-162.38,-111.3,-64.052
-33.599,-37.376,-16.336,30.803,-9.9836,-25.035,23.638,-6.7873,-65.235,-148.19,-107.34,-63.472
-32.125,-37.098,-17.327,29.787,-7.6122,-25.408,27.609,-1.3782,-61.837,-133.48,-104.28,-63.006
-30.992,-36.731,-17.654,29.069,-6.0081,-25.368,29.948,7.6559,-58.666,-120.78,-101.84,-62.635
-30.246,-36.19,-17.292,28.556,-5.3911,-24.891,31.346,14.538,-52.898,-110.76,-99.886,-62.323
-29.824,-35.425,-16.333,28.168,-5.6226,-24.001,32.25,19.002,-45.234,-103,-98.297,-62.027
-29.618,-34.415,-14.896,27.843,-6.4683,-22.729,32.877,21.969,-39.214,-96.938,-96.964,-61.712
-29.534,-33.158,-13.087,27.533,-7.715,-21.105,33.326,24.065,-35.152,-92.048,-95.78,-61.356
-29.505,-31.67,-11.001,27.205,-9.1944,-19.166,33.648,25.627,-32.272,-87.919,-94.658,-60.948
-29.49,-29.982,-8.7244,26.841,-10.78,-16.966,33.87,26.842,-30.095,-84.261,-93.544,-60.488
-29.469,-28.141,-6.3354,26.434,-12.381,-14.581,34.016,27.814,-28.366,-80.898,-92.419,-59.98
-29.434,-26.2,-3.8977,25.989,-13.938,-12.098,34.108,28.61,-26.935,-77.752,-91.294,-59.436
-29.383,-24.209,-1.4569,25.518,-15.418,-9.5931,34.171,29.273,-25.703,-74.804,-90.198,-58.867
-29.317,-22.214,0.96105,25.034,-16.808,-7.1252,34.228,29.838,-24.607,-72.057,-89.16,-58.289
-29.238,-20.247,3.3463,24.554,-18.108,-4.73,34.295,30.329,-23.605,-69.511,-88.202,-57.716
-29.146,-18.334,5.7006,24.091,-19.327,-2.43,34.378,30.769,-22.68,-67.149,-87.326,-57.159
-29.048,-16.496,8.0295,23.654,-20.474,-0.24328,34.473,31.171,-21.824,-64.945,-86.525,-56.627
-28.951,-14.752,10.332,23.25,-21.557,1.8114,34.568,31.538,-21.035,-62.866,-85.78,-56.127
-28.864,-13.116,12.593,22.879,-22.572,3.7122,34.65,31.866,-20.305,-60.877,-85.074,-55.657
-28.792,-11.601,14.777,22.537,-23.509,5.4361,34.707,32.143,-19.613,-58.947,-84.399,-55.22
-28.734,-10.218,16.835,22.222,-24.354,6.9623,34.738,32.36,-18.921,-57.051,-83.758,-54.823
-28.683,-8.9772,18.717,21.93,-25.091,8.2781,34.749,32.514,-18.188,-55.171,-83.165,-54.475
-28.63,-7.8833,20.383,21.657,-25.711,9.3806,34.75,32.61,-17.378,-53.298,-82.641,-54.187
-28.57,-6.9394,21.811,21.401,-26.205,10.276,34.749,32.663,-16.471,-51.428,-82.202,-53.973
-28.496,-6.1468,22.991,21.163,-26.571,10.977,34.748,32.691,-15.475,-49.552,-81.85,-53.831
-28.408,-5.5069,23.918,20.95,-26.807,11.495,34.743,32.709,-14.423,-47.662,-81.569,-53.751
-28.304,-5.0204,24.589,20.766,-26.917,11.841,34.727,32.722,-13.358,-45.744,-81.331,-53.711
-28.182,-4.684,24.995,20.618,-26.906,12.029,34.689,32.722,-12.324,-43.782,-81.1,-53.682
-28.035,-4.4876,25.132,20.504,-26.775,12.074,34.621,32.69,-11.35,-41.768,-80.84,-53.638
-27.85,-4.4146,25,20.415,-26.53,11.992,34.516,32.601,-10.446,-39.702,-80.516,-53.559
-27.613,-4.4443,24.605,20.343,-26.165,11.799,34.375,32.435,-9.6031,-37.591,-80.104,-53.442
-27.307,-4.5557,23.957,20.276,-25.674,11.506,34.196,32.175,-8.8018,-35.44,-79.602,-53.296
-26.926,-4.7334,23.063,20.21,-25.041,11.114,33.98,31.817,-8.019,-33.252,-79.021,-53.136
-26.468,-4.9721,21.927,20.146,-24.254,10.617,33.719,31.358,-7.2394,-31.019,-78.374,-52.981
-25.949,-5.2764,20.554,20.093,-23.308,10.001,33.402,30.802,-6.4624,-28.736,-77.679,-52.844
-25.385,-5.6547,18.954,20.058,-22.212,9.2587,33.008,30.142,-5.7026,-26.397,-76.949,-52.727
-24.792,-6.1091,17.149,20.042,-20.983,8.3928,32.513,29.363,-4.9837,-24.008,-76.179,-52.622
-24.168,-6.629,15.171,20.033,-19.638,7.4222,31.891,28.429,-4.33,-21.573,-75.353,-52.508
-23.497,-7.1916,13.062,20.014,-18.189,6.3778,31.109,27.289,-3.7616,-19.091,-74.44,-52.36
-22.754,-7.7675,10.863,19.964,-16.64,5.2934,30.126,25.876,-3.2923,-16.551,-73.394,-52.152
-21.911,-8.3279,8.61,19.867,-14.984,4.1969,28.88,24.126,-2.9291,-13.933,-72.161,-51.846
-20.938,-8.8492,6.3303,19.712,-13.203,3.1037,27.28,21.974,-2.6727,-11.208,-70.678,-51.406
-19.807,-9.3157,4.0369,19.492,-11.277,2.0158,25.193,19.359,-2.518,-8.3408,-68.886,-50.793
-18.493,-9.7183,1.735,19.205,-9.1868,0.92449,22.447,16.227,-2.4559,-5.3049,-66.74,-49.982
-16.982,-10.053,-0.56903,18.852,-6.9395,-0.18077,18.861,12.532,-2.4761,-2.0849,-64.207,-48.95
-15.28,-10.317,-2.856,18.434,-4.5773,-1.3012,14.307,8.2359,-2.5708,1.3172,-61.272,-47.697
-13.408,-10.506,-5.089,17.948,-2.1728,-2.4191,8.8038,3.3189,-2.7375,4.8778,-57.942,-46.226
-11.397,-10.61,-7.2195,17.387,0.19631,-3.4967,2.5697,-2.2164,-2.9812,8.5683,-54.222,-44.543
-9.2704,-10.614,-9.2006,16.731,2.4734,-4.4861,-4.0314,-8.3389,-3.3126,12.365,-50.128,-42.642
-7.044,-10.509,-11.001,15.954,4.6294,-5.3435,-10.639,-14.988,-3.7436,16.255,-45.666,-40.498
-4.7218,-10.286,-12.609,15.027,6.6564,-6.0382,-17.045,-22.084,-4.2791,20.234,-40.863,-38.073
-2.2992,-9.9381,-14.031,13.918,8.5537,-6.5553,-23.241,-29.543,-4.9124,24.299,-35.75,-35.322
0.23575,-9.4555,-15.28,12.589,10.322,-6.8876,-29.363,-37.284,-5.6234,28.43,-30.367,-32.211
2.896,-8.8218,-16.371,10.991,11.96,-7.0275,-35.586,-45.227,-6.3822,32.592,-24.764,-28.734
5.6834,-8.0177,-17.307,9.0723,13.47,-6.9641,-42.044,-53.273,-7.1575,36.728,-19.012,-24.928
8.5732,-7.0309,-18.09,6.7909,14.857,-6.6894,-48.776,-61.323,-7.9252,40.774,-13.179,-20.861
11.506,-5.8664,-18.713,4.1346,16.124,-6.2063,-55.734,-69.289,-8.6771,44.659,-7.3416,-16.618
14.394,-4.5523,-19.178,1.1416,17.275,-5.5376,-62.804,-77.103,-9.4227,48.315,-1.5806,-12.277
17.144,-3.1345,-19.493,-2.0962,18.311,-4.7227,-69.847,-84.702,-10.185,51.684,4.0304,-7.8921
19.681,-1.6631,-19.668,-5.454,19.231,-3.804,-76.706,-91.982,-10.989,54.724,9.4337,-3.4905
21.968,-0.17382,-19.717,-8.8143,20.036,-2.8107,-83.202,-98.807,-11.854,57.411,14.59,0.91946
24.006,1.325,-19.645,-12.102,20.725,-1.7497,-89.147,-105.03,-12.787,59.741,19.479,5.3382
25.82,2.8564,-19.452,-15.292,21.302,-0.60775,-94.39,-110.55,-13.777,61.728,24.099,9.7702
27.439,4.4689,-19.128,-18.388,21.77,0.63728,-98.861,-115.34,-14.799,63.404,28.465,14.223
28.879,6.2256,-18.651,-21.399,22.13,2.0066,-102.59,-119.45,-15.815,64.82,32.607,18.708
30.149,8.1938,-17.989,-24.319,22.381,3.5135,-105.66,-122.97,-16.782,66.038,36.564,23.24
31.253,10.435,-17.1,-27.13,22.519,5.161,-108.19,-126,-17.657,67.119,40.376,27.834
32.196,12.998,-15.937,-29.808,22.539,6.9411,-110.27,-128.6,-18.409,68.124,44.075,32.496
32.989,15.914,-14.456,-32.326,22.435,8.8397,-112,-130.83,-19.017,69.103,47.686,37.219
33.643,19.199,-12.622,-34.665,22.2,10.845,-113.43,-132.69,-19.471,70.09,51.218,41.977
34.173,22.857,-10.408,-36.825,21.828,12.962,-114.59,-134.18,-19.771,71.109,54.667,46.726
34.593,26.895,-7.7994,-38.828,21.309,15.229,-115.5,-135.29,-19.913,72.175,58.021,51.402
34.916,31.329,-4.7892,-40.714,20.632,17.733,-116.17,-136.01,-19.889,73.297,61.261,55.933
35.152,36.181,-1.3853,-42.529,19.778,20.632,-116.58,-136.31,-19.679,74.482,64.367,60.243
35.305,41.464,2.3957,-44.311,18.724,24.147,-116.69,-136.12,-19.258,75.729,67.322,64.277
35.373,47.162,6.5407,-46.087,17.44,28.512,-116.38,-135.36,-18.594,77.038,70.119,68.001
35.353,53.217,11.056,-47.87,15.886,33.858,-115.48,-133.85,-17.655,78.408,72.757,71.411
35.241,59.531,15.966,-49.661,14.01,40.12,-113.66,-131.32,-16.402,79.849,75.25,74.519
35.035,65.976,21.298,-51.453,11.747,47.042,-110.55,-127.43,-14.771,81.376,77.617,77.342
34.733,72.417,27.037,-53.231,9.0449,54.273,-105.84,-121.92,-12.642,82.996,79.873,79.893
34.334,78.727,33.094,-54.972,5.8885,61.47,-99.484,-114.72,-9.8097,84.702,82.027,82.176
33.837,84.802,39.305,-56.65,2.3395,68.378,-91.701,-106,-6.0245,86.47,84.071,84.187
33.242,90.562,45.496,-58.237,-1.4655,74.875,-82.793,-96.06,-1.1424,88.258,85.987,85.925
32.558,95.95,51.552,-59.702,-5.36,80.958,-73.008,-85.093,4.7259,90.014,87.756,87.392
31.797,100.92,57.441,-61.021,-9.2001,86.684,-62.543,-73.236,11.266,91.684,89.351,88.595
30.981,105.45,63.175,-62.176,-12.878,92.104,-51.641,-60.687,18.156,93.211,90.748,89.542
30.143,109.51,68.755,-63.159,-16.303,97.228,-40.655,-47.831,25.185,94.542,91.919,90.239
29.315,113.11,74.127,-63.964,-19.389,102.02,-30.042,-35.234,32.219,95.631,92.831,90.689
28.522,116.24,79.149,-64.587,-22.05,106.38,-20.25,-23.507,39.126,96.434,93.454,90.889
27.781,118.9,83.612,-65.017,-24.213,110.2,-11.589,-13.17,45.718,96.908,93.757,90.833
27.101,121.04,87.263,-65.232,-25.815,113.32,-4.2061,-4.6009,51.723,97.014,93.721,90.513
26.501,122.54,89.857,-65.206,-26.8,115.55,1.784,1.9905,56.818,96.722,93.343,89.927
26.01,123.22,91.176,-64.913,-27.116,116.65,6.084,6.606,60.708,96.011,92.636,89.078
25.668,122.81,91.054,-64.34,-26.714,116.35,8.1629,9.4992,63.207,94.872,91.635,87.979
25.506,121.11,89.401,-63.493,-25.564,114.46,7.6449,11.13,64.286,93.313,90.384,86.653
25.533,118.03,86.223,-62.398,-23.687,110.93,4.8307,12.011,64.066,91.346,88.927,85.13
25.74,113.67,81.635,-61.092,-21.182,105.95,0.61017,12.554,62.784,88.989,87.297,83.438
26.101,108.21,75.832,-59.613,-18.202,99.785,-4.127,13.011,60.757,86.259,85.516,81.6
26.595,101.82,69.038,-57.998,-14.894,92.722,-8.8519,13.501,58.339,83.183,83.598,79.631
27.211,94.698,61.461,-56.285,-11.35,84.936,-13.368,14.066,55.86,79.806,81.554,77.539
27.947,87.004,53.277,-54.52,-7.6085,76.533,-17.653,14.705,53.566,76.196,79.403,75.337
28.802,78.902,44.639,-52.753,-3.6802,67.589,-21.722,15.404,51.609,72.438,77.171,73.045
29.767,70.573,35.713,-51.04,0.41386,58.197,-25.53,16.164,50.067,68.612,74.897,70.697
30.821,62.238,26.72,-49.432,4.6023,48.501,-28.912,17.019,48.983,64.783,72.623,68.328
31.924,54.16,17.969,-47.967,8.7479,38.784,-31.567,18.036,48.39,60.993,70.398,65.973
33.028,46.633,9.8436,-46.667,12.688,29.603,-33.136,19.292,48.308,57.274,68.264,63.659
34.088,39.93,2.6938,-45.533,16.296,21.876,-33.343,20.848,48.731,53.667,66.254,61.407
35.069,34.256,-3.2907,-44.556,19.511,16.467,-32.134,22.727,49.616,50.217,64.391,59.23
35.95,29.687,-8.1347,-43.711,22.301,13.373,-29.701,24.899,50.888,46.971,62.674,57.131
36.723,26.132,-12.001,-42.965,24.626,11.701,-26.367,27.284,52.452,43.944,61.087,55.098
37.385,23.356,-15.073,-42.282,26.449,10.549,-22.44,29.767,54.199,41.123,59.59,53.095
37.939,21.087,-17.477,-41.621,27.781,9.4967,-18.137,32.221,56.001,38.455,58.134,51.077
38.398,19.118,-19.275,-40.946,28.717,8.4739,-13.585,34.53,57.697,35.861,56.666,48.986
38.776,17.34,-20.508,-40.228,29.398,7.5276,-8.865,36.603,59.097,33.255,55.137,46.777
39.063,15.712,-21.241,-39.431,29.911,6.696,-4.0463,38.384,60.008,30.568,53.517,44.423
39.2,14.217,-21.565,-38.485,30.224,5.9743,0.77787,39.857,60.27,27.752,51.796,41.918
39.074,12.821,-21.587,-37.273,30.214,5.3177,5.4782,41.04,59.792,24.804,49.976,39.272
38.534,11.468,-21.411,-35.634,29.761,4.6614,9.8952,41.971,58.557,21.753,48.079,36.522
37.443,10.089,-21.126,-33.399,28.815,3.9445,13.868,42.687,56.611,18.638,46.128,33.726
35.722,8.6239,-20.792,-30.448,27.415,3.1266,17.273,43.219,54.049,15.487,44.144,30.942
33.377,7.0401,-20.45,-26.749,25.657,2.192,20.059,43.583,50.998,12.3,42.133,28.218
30.486,5.3307,-20.129,-22.373,23.664,1.1396,22.254,43.791,47.594,9.0503,40.086,25.573
27.177,3.508,-19.856,-17.48,21.566,-0.023748,23.944,43.852,43.955,5.7131,37.99,22.997
23.594,1.5927,-19.645,-12.278,19.501,-1.2851,25.239,43.784,40.174,2.2864,35.828,20.458
19.878,-0.39363,-19.499,-6.9829,17.618,-2.6247,26.244,43.609,36.315,-1.197,33.589,17.917
16.14,-2.4373,-19.406,-1.8018,16.047,-4.0187,27.046,43.359,32.426,-4.6781,31.257,15.34
12.449,-4.5362,-19.349,3.0758,14.839,-5.449,27.707,43.061,28.537,-8.1013,28.83,12.713
8.8148,-6.6978,-19.318,7.4748,13.936,-6.9117,28.261,42.74,24.671,-11.428,26.311,10.041
5.2249,-8.93,-19.327,11.246,13.204,-8.4174,28.723,42.407,20.855,-14.639,23.73,7.3543
1.714,-11.228,-19.422,14.298,12.524,-9.9821,29.099,42.067,17.144,-17.719,21.155,4.7089
-1.5769,-13.562,-19.672,16.634,11.876,-11.612,29.387,41.721,13.63,-20.644,18.688,2.1853
-4.4403,-15.875,-20.13,18.349,11.339,-13.292,29.59,41.37,10.428,-23.377,16.458,-0.12025
-6.7033,-18.087,-20.808,19.583,11.02,-14.986,29.717,41.016,7.627,-25.869,14.581,-2.1232
-8.2977,-20.118,-21.673,20.465,10.986,-16.643,29.782,40.664,5.2583,-28.082,13.142,-3.7583
-9.2678,-21.915,-22.659,21.096,11.227,-18.213,29.808,40.324,3.2944,-29.997,12.161,-5.0037
-9.7464,-23.465,-23.688,21.549,11.664,-19.655,29.818,40.004,1.6748,-31.614,11.603,-5.8786
-9.9079,-24.786,-24.683,21.881,12.189,-20.941,29.835,39.715,0.3295,-32.955,11.404,-6.428
-9.9283,-25.912,-25.58,22.14,12.697,-22.057,29.868,39.459,-0.80751,-34.048,11.508,-6.6994
-9.9469,-26.881,-26.341,22.362,13.125,-23.004,29.915,39.228,-1.7937,-34.926,11.865,-6.7449
-10.041,-27.724,-26.961,22.567,13.449,-23.793,29.966,39.005,-2.6755,-35.628,12.439,-6.6124
-10.228,-28.468,-27.457,22.762,13.678,-24.446,30.013,38.77,-3.4863,-36.195,13.19,-6.3468
-10.481,-29.129,-27.859,22.949,13.837,-24.987,30.052,38.513,-4.2431,-36.665,14.073,-5.9885
-10.751,-29.715,-28.195,23.119,13.952,-25.439,30.09,38.241,-4.9457,-37.07,15.035,-5.571
-10.99,-30.226,-28.481,23.269,14.044,-25.815,30.141,37.983,-5.5803,-37.422,16.031,-5.1185
-11.172,-30.657,-28.723,23.396,14.122,-26.123,30.222,37.778,-6.1284,-37.717,17.029,-4.6464
-11.289,-31.003,-28.921,23.501,14.187,-26.365,30.345,37.664,-6.5777,-37.939,18.017,-4.1642
-11.345,-31.27,-29.078,23.583,14.238,-26.551,30.507,37.657,-6.9314,-38.076,19.002,-3.6768
-11.343,-31.468,-29.204,23.646,14.279,-26.693,30.695,37.74,-7.21,-38.122,20.004,-3.1832
-11.288,-31.62,-29.318,23.69,14.323,-26.811,30.882,37.862,-7.4472,-38.089,21.046,-2.6738
-11.172,-31.749,-29.442,23.716,14.386,-26.925,31.036,37.954,-7.6806,-37.996,22.143,-2.134
-10.991,-31.872,-29.588,23.724,14.481,-27.047,31.133,37.946,-7.9411,-37.847,23.293,-1.553
-10.745,-31.985,-29.749,23.713,14.61,-27.176,31.166,37.799,-8.2334,-37.599,24.476,-0.93784
-10.464,-32.062,-29.889,23.68,14.75,-27.29,31.149,37.534,-8.4992,-37.115,25.647,-0.32395
-10.211,-32.057,-29.949,23.626,14.856,-27.352,31.132,37.289,-8.5716,-36.13,26.751,0.22269
-10.077,-31.915,-29.861,23.559,14.871,-27.303,31.213,37.37,-8.1896,-34.203,27.74,0.62046
-10.147,-31.598,-29.56,23.484,14.739,-27.071,31.526,38.197,-7.1851,-30.67,28.612,0.8068
-10.443,-31.087,-29.006,23.406,14.423,-26.597,32.163,40.076,-5.7334,-24.656,29.471,0.79329
-10.885,-30.391,-28.208,23.316,13.931,-25.874,33.086,43.211,-5.9678,-16.423,30.589,0.73364
-11.263,-29.527,-27.262,23.181,13.338,-24.956,34.083,46.57,-6.9219,-17.5,32.464,0.98533
-11.242,-28.494,-26.366,22.933,12.812,-23.94,34.585,43.934,-10.048,-37.919,35.817,2.1376
-10.374,-27.245,-25.783,22.456,12.604,-22.924,33.912,38.862,-14.482,-42.849,41.529,4.9854
-8.1,-25.677,-25.75,21.553,12.973,-21.978,32.64,31.881,-18.363,-40.381,50.28,10.466
-3.7875,-23.667,-26.368,19.861,14.045,-21.149,31.805,24.695,-17.997,-30.521,58.536,19.261
2.5232,-21.147,-27.458,16.735,15.333,-20.501,28.363,25.545,-5.908,-7.8943,42.94,24.53
4.5545,-18.168,-27.78,12.399,10.681,-20.145,29.911,41.234,26.856,32.341,31.538,7.5466
-9.7838,-14.896,-20.364,12.635,0.55901,-20.194,46.119,79.063,90.577,93.261,27.41,-0.78723
-18.486,-11.515,-5.5322,15.845,-6.3105,-20.48,72.753,147.96,188.04,181.86,26.863,-5.6675
-22.056,-8.2578,2.1772,16.568,-10.7,-19.286,108.23,248.54,302.5,301.97,36.081,-6.2854
-20.95,-5.7949,3.7761,15.663,-10.962,-9.5556,144.82,351.54,419.05,439.71,63.45,2.973
-12.769,-5.2358,-1.7792,11.52,-4.3116,-3.2494,167.23,421.04,513.22,583.61,122.5,29.542
5.8315,-5.7437,-14.903,-0.68267,11.657,-7.6834,159.1,427.93,559.61,731.97,228.48,82.021
38.565,5.7103,-35.453,-24.554,38.614,-13.613,109.92,347.03,540.1,883.37,387.07,166.53
86.836,24.807,-63.63,-59.953,77.587,-19.65,15.898,168.42,447.11,1028.5,589.9,280.97
147.38,47.933,-100.09,-103.38,127.28,-26.416,-120.9,-99.7,282.43,1147.2,819.19,415.06
213.43,70.326,-145.14,-148.48,183.26,-36.377,-290.09,-435.67,52.779,1208.1,1048.6,555.58
277.79,84.773,-197.45,-188.09,241.78,-53.033,-476.42,-811.41,-235.43,1171.9,1241.7,686.35
332.32,84.087,-254.59,-214.66,298.33,-79.926,-663.42,-1198.3,-578.49,999.63,1358.8,789.71
368.34,61.665,-315.28,-220.85,347.21,-120.81,-834.67,-1571,-973.56,665.05,1366.3,849.39
378.87,12.127,-377.38,-200.89,383.4,-178.09,-976.91,-1908.9,-1412.9,167.22,1245.7,853.63
361.09,-66.441,-438.29,-152.71,404.02,-249.47,-1082.1,-2195.3,-1876.8,-460.39,1001.6,798.55
317.94,-169.69,-495.91,-79.951,409.49,-331.08,-1148.1,-2416.3,-2329.4,-1149.7,663.22,690.04
257.87,-286.04,-548.23,7.7681,403.65,-416.04,-1178.1,-2561.3,-2723.7,-1811.1,278.08,543.39
192.7,-398.96,-592.19,96.944,391.67,-494.38,-1179.1,-2625.9,-3014.5,-2357.6,-99.957,379.93
133.85,-492.1,-623.65,174,377.43,-556.08,-1159.3,-2613.3,-3172.7,-2729.2,-424.74,221.54
88.833,-553.95,-638.44,229.13,362.25,-593.61,-1126.1,-2534.4,-3193,-2905.7,-667.72,85.132
59.372,-580.13,-633.53,258.63,344.92,-603.44,-1084.2,-2403.9,-3091.9,-2904.1,-820.72,-20.146
41.735,-572.84,-607.34,264.92,322.55,-585.91,-1035,-2236.5,-2898.1,-2765,-892.55,-93.11
29.475,-538.27,-559.38,254.38,291.64,-543.86,-977.36,-2044.7,-2642.7,-2536.3,-901.75,-139.48
16.488,-483.96,-490.25,234.36,249.61,-481.43,-908.26,-1837.4,-2353.4,-2260.1,-868.28,-167.17
-1.9922,-417.27,-402.71,211.01,196.12,-403.8,-825.2,-1621,-2051.5,-1967.6,-808.61,-181.35
-28.503,-345.1,-303.2,188.35,134,-317.7,-727.82,-1400.6,-1752.9,-1680.1,-734.65,-184.84
-60.602,-273.93,-202.16,168.12,69.47,-231.6,-618.82,-1182.1,-1469.7,-1413.3,-654.18,-179.41
-87.928,-209.64,-111.69,149.88,10.593,-154.6,-504.15,-972.17,-1210.1,-1179.6,-571.4,-157.01
-95.989,-157.41,-41.136,132.67,-35.384,-94.028,-392.02,-778.5,-979.76,-982.22,-488.49,-101.57
-86.864,-119.73,5.9113,118.69,-63.718,-52.535,-290.67,-607.93,-781.82,-814.24,-414.73,-82.123
-75.647,-94.511,30.41,107.49,-74.654,-28.257,-206.03,-464.13,-617.77,-671.47,-359.25,-79.006
-66.685,-78.118,36.859,96.932,-71.821,-17.536,-140.31,-347.53,-486.4,-553.53,-316.01,-78.225
-59.186,-67.826,30.65,86.368,-60.421,-16,-92.217,-255.95,-383.31,-458.61,-278.73,-77.249
-52.909,-62.91,16.866,76.566,-45.7,-20.566,-58.412,-184.94,-303.21,-383.33,-245.9,-75.768
-48.127,-62.072,1.0817,68.362,-31.377,-27.994,-34.722,-129.8,-241.21,-324.28,-217.79,-73.928
-44.86,-62.45,-12.295,61.736,-19.665,-34.797,-17.4,-88.19,-193.16,-278.64,-194.15,-71.929
-42.789,-60.874,-18.854,56.181,-19.74,-38.279,-3.8675,-58.007,-155.76,-244.07,-173.99,-69.929
-41.495,-52.292,-12.949,51.118,-22.438,-30.523,7.2419,-36.422,-126.71,-218.39,-154.97,-68.024
-40.589,-45.069,-9.4298,46.255,-22.312,-25.65,16.272,-20.972,-104.45,-199.35,-137.3,-66.268
-39.755,-41.483,-8.5458,41.759,-21.439,-23.166,19.749,-10.024,-87.901,-184.74,-124.34,-64.692
-38.788,-39.399,-8.7176,37.96,-20.788,-21.838,16.331,-3.1089,-76.257,-172.51,-116.14,-63.317
-37.658,-37.956,-9.0278,35.015,-20.119,-21.062,18.408,-4.4611,-68.795,-160.55,-110.83,-62.156
-36.516,-36.774,-9.0142,32.862,-19.223,-20.34,23.396,-4.2002,-64.461,-147.65,-107.09,-61.205
-35.567,-35.632,-8.4052,31.336,-18.442,-19.356,26.983,3.9238,-61.662,-135.11,-104.28,-60.441
-34.94,-34.398,-7.1304,30.263,-18.233,-17.974,29.09,11.807,-58.195,-124.46,-102.11,-59.824
-34.634,-33.006,-5.2734,29.495,-18.757,-16.174,30.358,16.998,-52.175,-115.96,-100.41,-59.306
-34.562,-31.443,-2.9806,28.919,-19.893,-14.006,31.164,20.248,-45.596,-109.28,-99.09,-58.844
-34.622,-29.726,-0.39398,28.453,-21.407,-11.558,31.698,22.374,-40.877,-104,-98.041,-58.411
-34.736,-27.887,2.3795,28.038,-23.066,-8.9357,32.061,23.844,-37.801,-99.754,-97.186,-57.991
-34.862,-25.961,5.2693,27.635,-24.7,-6.238,32.313,24.919,-35.685,-96.215,-96.46,-57.575
-34.981,-23.974,8.2281,27.227,-26.22,-3.5477,32.497,25.744,-34.118,-93.145,-95.815,-57.161
-35.088,-21.954,11.218,26.806,-27.6,-0.92814,32.643,26.407,-32.867,-90.381,-95.226,-56.745
-35.181,-19.933,14.198,26.378,-28.848,1.5687,32.772,26.964,-31.777,-87.819,-94.683,-56.324
-35.263,-17.95,17.123,25.953,-29.976,3.8966,32.897,27.45,-30.747,-85.397,-94.195,-55.902
-35.331,-16.055,19.94,25.545,-30.993,6.0148,33.027,27.892,-29.717,-83.075,-93.773,-55.485
-35.38,-14.297,22.602,25.165,-31.898,7.8935,33.161,28.305,-28.668,-80.826,-93.426,-55.084
-35.407,-12.711,25.067,24.824,-32.691,9.5191,33.298,28.697,-27.612,-78.629,-93.15,-54.706
-35.407,-11.318,27.302,24.526,-33.37,10.895,33.431,29.069,-26.57,-76.469,-92.934,-54.358
-35.383,-10.115,29.277,24.274,-33.935,12.038,33.555,29.411,-25.56,-74.338,-92.757,-54.035
-35.341,-9.0869,30.966,24.06,-34.388,12.971,33.665,29.709,-24.58,-72.231,-92.601,-53.731
-35.279,-8.2095,32.344,23.872,-34.728,13.716,33.756,29.953,-23.604,-70.145,-92.448,-53.438
-35.195,-7.4623,33.401,23.697,-34.955,14.29,33.827,30.141,-22.592,-68.074,-92.286,-53.149
-35.079,-6.8344,34.137,23.523,-35.073,14.708,33.876,30.279,-21.5,-66.007,-92.11,-52.861
-34.928,-6.324,34.57,23.348,-35.086,14.981,33.903,30.384,-20.299,-63.928,-91.921,-52.582
-34.747,-5.934,34.73,23.174,-35,15.123,33.911,30.469,-18.987,-61.824,-91.727,-52.326
-34.546,-5.6664,34.65,23.012,-34.825,15.143,33.904,30.542,-17.596,-59.686,-91.535,-52.109
-34.336,-5.5193,34.366,22.872,-34.569,15.052,33.887,30.596,-16.187,-57.514,-91.347,-51.946
-34.127,-5.4854,33.905,22.766,-34.243,14.858,33.858,30.616,-14.826,-55.319,-91.159,-51.844
-33.92,-5.5525,33.286,22.7,-33.858,14.573,33.815,30.576,-13.566,-53.12,-90.953,-51.798
-33.707,-5.7049,32.515,22.67,-33.417,14.205,33.745,30.448,-12.433,-50.941,-90.714,-51.789
-33.467,-5.9253,31.59,22.664,-32.919,13.769,33.636,30.208,-11.431,-48.803,-90.43,-51.792
-33.174,-6.1977,30.505,22.664,-32.352,13.276,33.474,29.841,-10.54,-46.711,-90.099,-51.783
-32.805,-6.5085,29.254,22.653,-31.702,12.736,33.249,29.34,-9.7366,-44.662,-89.734,-51.746
-32.346,-6.8464,27.839,22.618,-30.954,12.155,32.952,28.7,-8.9952,-42.643,-89.34,-51.677
-31.796,-7.1988,26.275,22.554,-30.096,11.532,32.579,27.918,-8.3012,-40.639,-88.914,-51.579
-31.164,-7.5524,24.583,22.463,-29.124,10.867,32.118,26.984,-7.6526,-38.639,-88.438,-51.459
-30.465,-7.8945,22.795,22.355,-28.039,10.159,31.554,25.878,-7.0602,-36.636,-87.881,-51.321
-29.714,-8.2171,20.933,22.236,-26.849,9.4131,30.864,24.565,-6.5451,-34.626,-87.208,-51.162
-28.921,-8.5179,19.009,22.113,-25.561,8.6307,30.012,22.996,-6.1328,-32.607,-86.388,-50.97
-28.081,-8.798,17.023,21.981,-24.173,7.8153,28.953,21.108,-5.8463,-30.576,-85.396,-50.726
-27.172,-9.0564,14.963,21.827,-22.667,6.9731,27.621,18.832,-5.6976,-28.522,-84.211,-50.399
-26.159,-9.2866,12.819,21.634,-21.021,6.1143,25.921,16.083,-5.6823,-26.422,-82.809,-49.955
-24.998,-9.4768,10.592,21.381,-19.204,5.252,23.722,12.783,-5.7798,-24.24,-81.157,-49.36
-23.653,-9.6127,8.2907,21.051,-17.196,4.3976,20.848,8.8695,-5.9593,-21.93,-79.218,-48.585
-22.1,-9.6801,5.9395,20.63,-14.991,3.5585,17.107,4.3091,-6.1905,-19.443,-76.939,-47.599
-20.334,-9.6676,3.5691,20.11,-12.604,2.7366,12.365,-0.88791,-6.4536,-16.731,-74.261,-46.378
-18.365,-9.5683,1.2143,19.49,-10.066,1.9321,6.6631,-6.6673,-6.7466,-13.757,-71.116,-44.889
-16.214,-9.3795,-1.0904,18.768,-7.4204,1.1479,0.2709,-12.949,-7.0845,-10.502,-67.439,-43.097
-13.896,-9.1016,-3.3154,17.939,-4.7153,0.39346,-6.388,-19.655,-7.4917,-6.9644,-63.176,-40.953
-11.418,-8.7348,-5.4383,16.987,-1.9942,-0.31398,-12.955,-26.73,-7.9896,-3.1568,-58.306,-38.412
-8.7696,-8.2763,-7.4421,15.88,0.70004,-0.94962,-19.29,-34.146,-8.588,0.90116,-52.829,-35.44
-5.9394,-7.7197,-9.3106,14.569,3.3244,-1.483,-25.458,-41.878,-9.2807,5.1869,-46.777,-32.028
-2.9228,-7.0528,-11.024,12.994,5.8336,-1.8785,-31.643,-49.875,-10.047,9.6783,-40.204,-28.205
0.26674,-6.258,-12.556,11.091,8.1859,-2.1015,-38.036,-58.035,-10.858,14.354,-33.183,-24.028
3.5928,-5.3145,-13.883,8.7995,10.349,-2.1209,-44.76,-66.204,-11.683,19.19,-25.823,-19.57
6.9963,-4.2028,-14.984,6.0769,12.305,-1.9147,-51.821,-74.216,-12.497,24.161,-18.264,-14.903
10.4,-2.9077,-15.852,2.9149,14.047,-1.4742,-59.097,-81.926,-13.29,29.234,-10.666,-10.092
13.719,-1.4205,-16.486,-0.6466,15.578,-0.80563,-66.392,-89.242,-14.065,34.35,-3.1956,-5.1842
16.874,0.25995,-16.89,-4.5158,16.906,0.070055,-73.501,-96.114,-14.841,39.429,4.0081,-0.20858
19.803,2.1265,-17.073,-8.5605,18.042,1.1243,-80.263,-102.5,-15.637,44.369,10.851,4.8243
22.465,4.1616,-17.047,-12.63,19,2.3228,-86.555,-108.35,-16.463,49.071,17.289,9.9201
24.836,6.3356,-16.824,-16.58,19.792,3.6279,-92.275,-113.6,-17.317,53.449,23.321,15.092
26.91,8.6098,-16.419,-20.291,20.43,5.0027,-97.335,-118.19,-18.183,57.45,28.975,20.35
28.693,10.945,-15.85,-23.691,20.926,6.4159,-101.68,-122.13,-19.038,61.052,34.293,25.691
30.205,13.316,-15.136,-26.752,21.286,7.845,-105.31,-125.47,-19.863,64.259,39.33,31.094
31.475,15.72,-14.292,-29.495,21.521,9.2789,-108.29,-128.28,-20.639,67.096,44.137,36.521
32.538,18.182,-13.325,-31.971,21.639,10.718,-110.71,-130.67,-21.353,69.599,48.761,41.925
33.43,20.75,-12.228,-34.245,21.647,12.171,-112.68,-132.71,-21.997,71.81,53.235,47.249
34.183,23.484,-10.975,-36.383,21.552,13.654,-114.28,-134.45,-22.565,73.774,57.57,52.433
34.823,26.44,-9.5306,-38.428,21.359,15.183,-115.61,-135.93,-23.05,75.531,61.758,57.413
35.363,29.671,-7.8502,-40.397,21.068,16.78,-116.71,-137.16,-23.442,77.12,65.775,62.125
35.81,33.223,-5.8891,-42.286,20.677,18.481,-117.61,-138.14,-23.723,78.574,69.592,66.512
36.169,37.141,-3.6117,-44.083,20.184,20.348,-118.35,-138.9,-23.864,79.918,73.183,70.534
36.446,41.463,-1.0014,-45.781,19.585,22.497,-118.93,-139.42,-23.834,81.168,76.532,74.171
36.65,46.199,1.9361,-47.391,18.873,25.109,-119.35,-139.73,-23.601,82.338,79.633,77.426
36.791,51.311,5.1759,-48.934,18.04,28.415,-119.6,-139.81,-23.147,83.443,82.494,80.315
36.88,56.699,8.6835,-50.436,17.07,32.589,-119.66,-139.63,-22.466,84.498,85.128,82.864
36.923,62.229,12.428,-51.918,15.942,37.621,-119.45,-139.12,-21.567,85.516,87.551,85.101
36.925,67.779,16.393,-53.397,14.63,43.313,-118.87,-138.12,-20.453,86.518,89.775,87.052
36.887,73.269,20.576,-54.877,13.098,49.401,-117.7,-136.38,-19.099,87.527,91.81,88.738
36.807,78.653,24.984,-56.354,11.309,55.662,-115.68,-133.6,-17.436,88.568,93.663,90.179
36.681,83.895,29.616,-57.819,9.2242,61.909,-112.48,-129.46,-15.342,89.658,95.34,91.388
36.503,88.949,34.449,-59.255,6.823,67.977,-107.87,-123.74,-12.646,90.803,96.846,92.378
36.267,93.767,39.434,-60.639,4.1181,73.744,-101.75,-116.37,-9.147,91.995,98.187,93.168
35.967,98.301,44.5,-61.944,1.1682,79.162,-94.199,-107.46,-4.6727,93.212,99.364,93.773
35.599,102.52,49.576,-63.147,-1.9295,84.251,-85.396,-97.241,0.81678,94.425,100.37,94.21
35.166,106.39,54.605,-64.225,-5.0609,89.072,-75.556,-85.946,7.1524,95.597,101.18,94.486
34.683,109.92,59.544,-65.164,-8.1138,93.679,-64.903,-73.753,14.004,96.694,101.77,94.6
34.171,113.11,64.345,-65.957,-10.983,98.092,-53.682,-60.812,21.045,97.675,102.11,94.542
33.659,115.95,68.921,-66.596,-13.572,102.28,-42.217,-47.39,28.085,98.497,102.16,94.298
33.169,118.44,73.126,-67.077,-15.795,106.14,-30.947,-33.984,35.062,99.116,101.92,93.848
32.713,120.55,76.763,-67.388,-17.577,109.56,-20.391,-21.283,41.937,99.479,101.37,93.171
32.294,122.21,79.621,-67.514,-18.857,112.34,-11.024,-9.9304,48.59,99.539,100.48,92.24
31.915,123.31,81.514,-67.43,-19.577,114.3,-3.1148,-0.31706,54.755,99.247,99.246,91.026
31.584,123.68,82.311,-67.117,-19.683,115.19,3.2815,7.3835,60.054,98.564,97.659,89.504
31.319,123.11,81.932,-66.557,-19.125,114.77,8.0396,13.099,64.104,97.463,95.716,87.655
31.139,121.42,80.326,-65.746,-17.88,112.81,10.718,16.95,66.675,95.936,93.439,85.479
31.058,118.5,77.447,-64.694,-15.977,109.22,10.883,19.345,67.765,93.986,90.866,82.999
31.084,114.33,73.255,-63.417,-13.511,104.1,8.7237,20.804,67.564,91.636,88.054,80.254
31.214,108.99,67.765,-61.941,-10.618,97.68,5.0238,21.721,66.351,88.912,85.066,77.3
31.446,102.6,61.093,-60.291,-7.4171,90.231,0.61319,22.31,64.412,85.835,81.967,74.196
31.775,95.343,53.436,-58.498,-3.9848,81.955,-3.967,22.68,62.019,82.425,78.811,70.994
32.198,87.406,45.011,-56.598,-0.36309,73.004,-8.4527,22.912,59.434,78.707,75.644,67.739
32.712,79.008,36.026,-54.639,3.4069,63.526,-12.743,23.089,56.896,74.716,72.501,64.466
33.311,70.379,26.711,-52.675,7.2592,53.691,-16.807,23.29,54.608,70.508,69.412,61.2
33.978,61.755,17.375,-50.766,11.091,43.714,-20.606,23.572,52.72,66.155,66.403,57.966
34.685,53.372,8.4534,-48.964,14.78,33.907,-24.008,23.962,51.332,61.741,63.514,54.789
35.398,45.472,0.43199,-47.31,18.223,24.811,-26.729,24.476,50.504,57.358,60.781,51.706
36.089,38.301,-6.3533,-45.824,21.373,17.252,-28.371,25.134,50.259,53.113,58.248,48.76
36.74,32.08,-11.859,-44.515,24.227,11.965,-28.594,25.981,50.574,49.125,55.956,46.001
37.344,26.959,-16.255,-43.381,26.78,8.8367,-27.326,27.069,51.386,45.501,53.932,43.47
37.903,22.943,-19.754,-42.411,29.001,6.9487,-24.804,28.434,52.612,42.324,52.182,41.19
38.417,19.887,-22.516,-41.583,30.839,5.4766,-21.4,30.063,54.174,39.625,50.687,39.158
38.882,17.564,-24.642,-40.865,32.269,4.1061,-17.425,31.891,56.002,37.372,49.398,37.343
39.294,15.749,-26.186,-40.206,33.333,2.8464,-13.077,33.818,58.005,35.488,48.262,35.693
39.649,14.27,-27.185,-39.553,34.132,1.7972,-8.4705,35.728,60.055,33.856,47.221,34.141
39.934,13.007,-27.682,-38.849,34.746,1.0339,-3.6933,37.521,61.986,32.347,46.229,32.633
40.118,11.887,-27.727,-38.046,35.145,0.56846,1.1478,39.122,63.627,30.837,45.258,31.116
40.128,10.859,-27.382,-37.078,35.182,0.34844,5.9088,40.493,64.831,29.241,44.288,29.56
39.84,9.8834,-26.721,-35.846,34.691,0.27886,10.416,41.621,65.481,27.501,43.309,27.957
39.104,8.9197,-25.835,-34.212,33.576,0.25311,14.501,42.518,65.492,25.602,42.316,26.306
37.785,7.9272,-24.822,-32.028,31.854,0.18033,18.036,43.204,64.804,23.558,41.296,24.628
35.808,6.8696,-23.779,-29.188,29.633,0.00068932,20.965,43.709,63.395,21.388,40.24,22.941
33.19,5.7177,-22.782,-25.67,27.068,-0.31832,23.296,44.058,61.306,19.104,39.131,21.262
30.031,4.4497,-21.887,-21.531,24.34,-0.79048,25.089,44.271,58.662,16.705,37.956,19.599
26.489,3.0493,-21.127,-16.888,21.635,-1.4203,26.432,44.362,55.641,14.184,36.701,17.944
22.737,1.5066,-20.515,-11.898,19.143,-2.2073,27.421,44.336,52.421,11.538,35.355,16.278
18.916,-0.1811,-20.048,-6.7369,17.024,-3.146,28.149,44.193,49.132,8.7721,33.904,14.578
15.117,-2.0098,-19.71,-1.6078,15.368,-4.2264,28.694,43.944,45.836,5.9013,32.344,12.82
11.37,-3.9716,-19.481,3.2669,14.156,-5.4375,29.119,43.605,42.545,2.9376,30.673,10.995
7.6715,-6.0582,-19.35,7.6657,13.264,-6.7723,29.465,43.204,39.237,-0.10831,28.893,9.109
4.0333,-8.259,-19.329,11.41,12.533,-8.229,29.756,42.777,35.885,-3.22,27.032,7.19
0.53624,-10.555,-19.468,14.408,11.859,-9.8061,30.003,42.354,32.474,-6.3624,25.132,5.2845
-2.654,-12.91,-19.83,16.683,11.251,-11.493,30.208,41.96,29.026,-9.4702,23.275,3.4592
-5.3475,-15.268,-20.464,18.347,10.806,-13.268,30.374,41.606,25.611,-12.452,21.574,1.7952
-7.4138,-17.561,-21.369,19.545,10.636,-15.091,30.503,41.293,22.336,-15.212,20.144,0.37342
-8.8261,-19.719,-22.486,20.409,10.794,-16.915,30.6,41.013,19.307,-17.677,19.078,-0.74604
-9.6571,-21.69,-23.723,21.041,11.243,-18.688,30.67,40.755,16.585,-19.816,18.416,-1.5478
-10.047,-23.454,-24.98,21.514,11.883,-20.358,30.717,40.508,14.175,-21.645,18.13,-2.0437
-10.168,-25.015,-26.173,21.883,12.594,-21.882,30.746,40.271,12.04,-23.208,18.156,-2.2718
-10.176,-26.395,-27.246,22.185,13.273,-23.234,30.762,40.046,10.126,-24.562,18.405,-2.2836
-10.189,-27.621,-28.173,22.449,13.857,-24.406,30.768,39.842,8.3899,-25.759,18.798,-2.1264
-10.272,-28.715,-28.955,22.691,14.326,-25.409,30.77,39.667,6.8113,-26.834,19.285,-1.8553
-10.435,-29.691,-29.607,22.916,14.686,-26.261,30.779,39.53,5.3904,-27.805,19.837,-1.5217
-10.661,-30.554,-30.146,23.128,14.956,-26.982,30.807,39.438,4.1366,-28.674,20.443,-1.1683
-10.916,-31.3,-30.584,23.325,15.154,-27.587,30.866,39.396,3.0546,-29.432,21.091,-0.82386
-11.171,-31.929,-30.932,23.507,15.295,-28.087,30.962,39.406,2.137,-30.071,21.768,-0.49821
-11.403,-32.443,-31.196,23.674,15.389,-28.492,31.092,39.465,1.3635,-30.582,22.459,-0.18267
-11.599,-32.852,-31.385,23.823,15.446,-28.811,31.245,39.565,0.70518,-30.967,23.154,0.14357
-11.745,-33.171,-31.515,23.952,15.482,-29.056,31.402,39.69,0.128,-31.24,23.853,0.50226
-11.83,-33.419,-31.606,24.056,15.512,-29.245,31.546,39.813,-0.40304,-31.429,24.564,0.9041
-11.837,-33.617,-31.681,24.132,15.553,-29.393,31.654,39.897,-0.9209,-31.578,25.294,1.3412
-11.748,-33.78,-31.761,24.175,15.618,-29.518,31.709,39.904,-1.4521,-31.719,26.05,1.7874
-11.559,-33.913,-31.851,24.187,15.709,-29.623,31.704,39.8,-2.006,-31.849,26.827,2.2036
-11.289,-34.006,-31.934,24.171,15.813,-29.703,31.645,39.583,-2.5518,-31.888,27.608,2.5432
-10.992,-34.031,-31.976,24.132,15.904,-29.737,31.564,39.323,-2.9811,-31.642,28.363,2.7557
-10.75,-33.952,-31.933,24.079,15.944,-29.695,31.536,39.209,-3.0799,-30.761,29.059,2.7912
-10.644,-33.738,-31.763,24.019,15.896,-29.535,31.671,39.567,-2.5774,-28.699,29.682,2.6154
-10.721,-33.37,-31.437,23.954,15.73,-29.216,32.081,40.753,-1.374,-24.653,30.278,2.2402
-10.946,-32.848,-30.953,23.878,15.446,-28.726,32.794,42.985,-1.7756,-17.784,31.023,1.7726
-11.175,-32.182,-30.357,23.769,15.092,-28.094,33.709,46.329,-4.0727,-10.604,32.29,1.4704
-11.139,-31.375,-29.768,23.577,14.778,-27.389,34.506,46.359,-6.0349,-22.942,34.691,1.7858
-10.449,-30.397,-29.36,23.216,14.676,-26.687,34.502,42.207,-10.048,-41.211,39.055,3.3768
-8.6064,-29.168,-29.309,22.55,14.985,-26.042,33.487,36.888,-14.462,-42.357,46.269,7.0772
-5.0139,-27.573,-29.71,21.347,15.855,-25.486,32.488,30.292,-17.432,-37.423,55.877,13.817
0.74707,-25.506,-30.473,19.156,17.234,-25.054,31.69,25.353,-14.569,-22.96,53.17,22.958
6.4159,-22.941,-30.837,15.348,16.057,-24.805,27.157,29.255,2.1257,6.5216,34.006,17.545
-1.6968,-19.981,-25.758,11.804,4.5275,-24.791,33.296,49.642,43.35,54.899,28.868,2.697
-15.55,-16.836,-10.256,14.19,-3.5105,-24.872,51.458,95.821,119.7,125.15,26.278,-3.3203
-20.852,-13.758,-1.3226,16.389,-8.8425,-23.948,79.732,175.2,224.35,222.72,30.766,-6.8737
-21.957,-11.122,1.5053,16.508,-10.669,-16.857,115.43,278.06,341.96,345.39,49.419,-3.9793
-17.167,-9.6644,-2.3517,14.76,-6.4396,-7.0148,149.28,372.42,454.08,480.2,92.009,11.959
-3.9009,-9.9633,-13.635,7.9834,6.4447,-10.281,165.93,428.72,535.59,623.87,172.34,49.586
21.227,-7.1396,-32.448,-8.8503,29.738,-15.982,150.93,417.41,564.1,774.48,301.28,117.45
61.058,11.412,-59.031,-37.369,64.625,-21.858,94.97,316.42,525.34,926.42,479.28,218.15
115.1,32.279,-94.119,-76.278,110.66,-27.937,-5.4867,119.31,414.62,1066.4,695.74,344.61
178.51,55.902,-138.14,-120.89,164.33,-36.065,-147.5,-163.58,234.3,1170.7,930.58,484.43
244.67,75.481,-189.23,-164.54,221.95,-49.528,-318.67,-509.06,-10.157,1204.7,1150.2,622.87
306.12,83.299,-244.02,-199.87,279.81,-71.875,-503.76,-887.95,-314.09,1128,1314.1,742.1
354.08,72.896,-301.31,-219.21,332.61,-106.46,-686.13,-1271.6,-674.52,903.7,1384.7,824.35
380.19,39.306,-360.19,-215.72,375.18,-155.18,-849.99,-1635.5,-1086.8,511.33,1336.1,855.24
379.01,-20.654,-419.41,-184.96,404.13,-216.38,-983.14,-1960.3,-1538.4,-39.285,1160.1,827.14
350.2,-106.73,-477.56,-126.89,418.54,-288.82,-1078.6,-2230,-2002.9,-700.54,871.66,741.48
299.18,-213.12,-532.66,-47.329,419.92,-369.78,-1135.5,-2431.5,-2439.4,-1392.8,507.26,609.38
235.9,-327.55,-581.79,42.501,411.84,-451.79,-1158,-2555.4,-2800.6,-2023.4,117.45,449.67
172.18,-434.06,-621.11,128.7,398.56,-524.85,-1153.9,-2599.3,-3046.5,-2513,-245.98,284.52
118.05,-517.82,-646.44,198.69,383.17,-579.38,-1131.6,-2569,-3156.9,-2815.3,-542.67,134.01
78.855,-569.19,-654.35,244.68,366.59,-608.95,-1098.2,-2477.2,-3135.7,-2924.9,-751.45,11.736
54.141,-585.56,-642.95,265.34,347.64,-611.41,-1057.4,-2338.8,-3004.4,-2869,-871.32,-76.945
39.046,-570.39,-611.56,264.87,323.74,-588.2,-1009.4,-2168.1,-2793,-2692.6,-916.24,-134.6
27.381,-530.44,-560.13,250.3,291.77,-542.66,-951.35,-1975.7,-2530.7,-2442.9,-906.23,-168.91
13.639,-473.13,-489.19,228.57,249.19,-478.74,-879.13,-1768.5,-2242,-2159,-859.77,-187.04
-6.5979,-405.37,-401.23,205,195.37,-401.08,-790.18,-1551.8,-1945,-1869,-791.06,-193.21
-34.894,-333.67,-302.44,182.88,133.07,-315.92,-686.06,-1330.7,-1653.4,-1592.4,-710.42,-189.95
-66.602,-264.58,-202.92,163.4,68.777,-231.46,-572.5,-1112.3,-1378,-1341.6,-625.24,-177.79
-89.305,-204.27,-114.29,145.96,10.582,-156.5,-457.41,-904.7,-1127,-1121.6,-540.8,-140.02
-92.278,-156.78,-45.484,130.59,-34.23,-97.734,-348.94,-716.05,-906.58,-931.91,-463.25,-101
-82.759,-121.91,0.0089765,118.45,-60.726,-57.24,-253.99,-553.18,-719.81,-769.7,-401.47,-90.339
-72.456,-97.102,23.384,108.04,-70.052,-33.142,-177.08,-419.17,-567.18,-633.34,-354.35,-87.289
-63.785,-80.414,28.805,97.708,-66.61,-22.497,-119.02,-312.7,-446.78,-522.49,-314.61,-85.166
-56.476,-70.115,21.927,87.18,-55.458,-21.526,-77.436,-229.84,-353.86,-434.31,-278.15,-82.76
-50.702,-65.232,8.382,77.407,-41.325,-26.294,-48.371,-165.17,-282.2,-364.83,-245.11,-80.011
-46.631,-64.203,-6.236,69.256,-27.479,-33.065,-27.624,-115.08,-226.33,-310.48,-216.69,-77.097
-44.018,-64.207,-17.844,62.692,-16.313,-38.626,-11.905,-77.59,-182.37,-268.52,-192.91,-74.23
-42.41,-62.677,-21.847,57.23,-18.727,-40.714,0.80862,-50.017,-147.6,-236.74,-172.62,-71.568
-41.389,-55.457,-16.46,52.318,-21.621,-33.05,11.405,-29.755,-120.26,-213.1,-153.36,-69.191
-40.619,-48.024,-12.977,47.61,-21.989,-28.583,19.584,-15.102,-99.296,-195.46,-135.8,-67.121
-39.856,-44.007,-11.356,43.181,-21.529,-26.145,20.595,-5.0686,-84.019,-181.68,-123.33,-65.36
-38.978,-41.656,-10.616,39.346,-20.993,-24.499,18.841,-0.65424,-73.678,-169.76,-115.57,-63.902
-38.031,-39.97,-9.975,36.303,-20.427,-23.183,22.779,-2.5068,-67.247,-157.64,-110.55,-62.733
-37.174,-38.517,-8.9635,34.032,-19.962,-21.829,27.025,3.2986,-63.471,-144.7,-107.03,-61.819
-36.558,-37.074,-7.3683,32.389,-19.911,-20.202,29.546,12.238,-60.696,-132.56,-104.4,-61.099
-36.232,-35.521,-5.1835,31.207,-20.47,-18.194,30.97,18.559,-56.604,-122.4,-102.39,-60.504
-36.136,-33.809,-2.5272,30.34,-21.609,-15.799,31.823,22.377,-50.109,-114.24,-100.83,-59.966
-36.173,-31.932,0.45108,29.674,-23.152,-13.085,32.378,24.755,-43.827,-107.72,-99.602,-59.435
-36.26,-29.914,3.6305,29.122,-24.89,-10.16,32.773,26.338,-39.342,-102.39,-98.606,-58.883
-36.36,-27.79,6.9353,28.624,-26.65,-7.1416,33.074,27.459,-36.202,-97.891,-97.754,-58.301
-36.462,-25.596,10.32,28.14,-28.33,-4.131,33.311,28.292,-33.85,-93.933,-96.986,-57.694
-36.574,-23.369,13.748,27.652,-29.885,-1.2071,33.491,28.929,-31.964,-90.327,-96.275,-57.071
-36.705,-21.152,17.178,27.164,-31.313,1.5696,33.618,29.429,-30.349,-86.98,-95.622,-56.449
-36.861,-18.992,20.557,26.689,-32.622,4.1536,33.698,29.829,-28.868,-83.871,-95.048,-55.846
-37.032,-16.932,23.832,26.241,-33.82,6.5148,33.743,30.163,-27.429,-81.005,-94.582,-55.286
-37.194,-15.003,26.958,25.83,-34.907,8.64,33.771,30.456,-25.983,-78.37,-94.245,-54.791
-37.322,-13.219,29.907,25.458,-35.88,10.531,33.797,30.728,-24.534,-75.925,-94.039,-54.363
-37.393,-11.582,32.657,25.125,-36.737,12.202,33.834,30.989,-23.124,-73.599,-93.946,-53.999
-37.397,-10.081,35.185,24.821,-37.475,13.67,33.884,31.238,-21.81,-71.321,-93.93,-53.684
-37.344,-8.706,37.458,24.538,-38.089,14.953,33.942,31.462,-20.633,-69.043,-93.947,-53.392
-37.25,-7.4513,39.43,24.262,-38.578,16.062,33.996,31.639,-19.602,-66.754,-93.956,-53.095
-37.131,-6.3213,41.059,23.987,-38.941,16.997,34.031,31.749,-18.69,-64.473,-93.926,-52.775
-37.002,-5.3318,42.319,23.714,-39.185,17.752,34.037,31.78,-17.842,-62.231,-93.841,-52.419
-36.868,-4.5053,43.208,23.456,-39.319,18.317,34.014,31.732,-16.986,-60.051,-93.7,-52.031
-36.729,-3.8612,43.743,23.227,-39.35,18.687,33.966,31.619,-16.063,-57.938,-93.514,-51.636
-36.578,-3.407,43.957,23.04,-39.28,18.866,33.9,31.459,-15.047,-55.873,-93.302,-51.27
-36.403,-3.1352,43.887,22.899,-39.111,18.872,33.821,31.27,-13.956,-53.825,-93.081,-50.974
-36.192,-3.0266,43.566,22.804,-38.841,18.728,33.729,31.059,-12.843,-51.764,-92.862,-50.777
-35.94,-3.0554,43.02,22.746,-38.474,18.463,33.619,30.819,-11.772,-49.68,-92.653,-50.69
-35.644,-3.1933,42.266,22.716,-38.015,18.102,33.483,30.527,-10.794,-47.582,-92.449,-50.696
-35.312,-3.4115,41.317,22.7,-37.474,17.664,33.308,30.147,-9.9381,-45.497,-92.235,-50.756
-34.944,-3.6831,40.184,22.681,-36.865,17.168,33.078,29.641,-9.2055,-43.454,-91.991,-50.82
-34.536,-3.9858,38.882,22.646,-36.196,16.622,32.776,28.97,-8.5732,-41.477,-91.692,-50.846
-34.077,-4.3046,37.426,22.583,-35.472,16.033,32.396,28.108,-8.003,-39.568,-91.317,-50.804
-33.549,-4.6324,35.827,22.486,-34.679,15.398,31.937,27.041,-7.4558,-37.701,-90.85,-50.688
-32.941,-4.9695,34.088,22.36,-33.794,14.711,31.401,25.767,-6.9071,-35.835,-90.281,-50.508
-32.255,-5.3222,32.206,22.213,-32.793,13.961,30.782,24.293,-6.3565,-33.922,-89.606,-50.284
-31.498,-5.6976,30.18,22.057,-31.657,13.145,30.059,22.624,-5.8265,-31.93,-88.817,-50.041
-30.685,-6.0989,28.016,21.902,-30.385,12.266,29.199,20.753,-5.3553,-29.851,-87.904,-49.787
-29.827,-6.5202,25.732,21.752,-28.992,11.338,28.156,18.647,-4.9847,-27.698,-86.854,-49.509
-28.922,-6.9455,23.359,21.602,-27.497,10.383,26.861,16.231,-4.7503,-25.498,-85.642,-49.176
-27.958,-7.3499,20.929,21.44,-25.917,9.4319,25.216,13.399,-4.6717,-23.275,-84.235,-48.748
-26.909,-7.7026,18.477,21.246,-24.253,8.5125,23.081,10.039,-4.7457,-21.039,-82.595,-48.173
-25.736,-7.97,16.032,20.993,-22.491,7.6482,20.279,6.0416,-4.9479,-18.775,-80.682,-47.416
-24.394,-8.1204,13.617,20.65,-20.602,6.8529,16.615,1.3372,-5.2415,-16.451,-78.46,-46.45
-22.851,-8.1312,11.249,20.189,-18.562,6.1314,11.947,-4.0802,-5.5913,-14.016,-75.892,-45.259
-21.098,-7.996,8.9437,19.592,-16.359,5.4817,6.3189,-10.136,-5.9758,-11.418,-72.936,-43.828
-19.155,-7.7267,6.7148,18.854,-14.01,4.8975,0.031564,-16.69,-6.3928,-8.6101,-69.544,-42.142
-17.058,-7.3475,4.575,17.983,-11.556,4.3716,-6.479,-23.591,-6.8577,-5.5582,-65.666,-40.183
-14.844,-6.8849,2.5341,16.988,-9.0482,3.9002,-12.875,-30.736,-7.3976,-2.242,-61.246,-37.932
-12.53,-6.3572,0.59868,15.868,-6.5264,3.4862,-19.044,-38.096,-8.0408,1.3432,-56.242,-35.374
-10.102,-5.769,-1.2248,14.602,-4.0149,3.1414,-25.062,-45.697,-8.8064,5.1856,-50.654,-32.502
-7.5233,-5.112,-2.9346,13.139,-1.5254,2.8805,-31.098,-53.553,-9.6949,9.2593,-44.52,-29.318
-4.7514,-4.3693,-4.5309,11.415,0.92961,2.7173,-37.345,-61.612,-10.684,13.528,-37.937,-25.829
-1.7564,-3.5216,-6.0132,9.3564,3.3256,2.6616,-43.948,-69.72,-11.736,17.948,-31.032,-22.049
1.4542,-2.5517,-7.3758,6.9008,5.6213,2.7197,-50.939,-77.647,-12.808,22.473,-23.952,-18.007
4.8226,-1.4497,-8.6053,4.0211,7.7672,2.8962,-58.194,-85.182,-13.869,27.043,-16.835,-13.745
8.2456,-0.21398,-9.6823,0.74346,9.7236,3.1941,-65.485,-92.22,-14.907,31.582,-9.7975,-9.3216
11.6,1.1471,-10.587,-2.8458,11.469,3.6124,-72.595,-98.763,-15.934,36.004,-2.9322,-4.7929
14.774,2.6181,-11.306,-6.6149,13.003,4.1443,-79.381,-104.86,-16.978,40.226,3.6969,-0.20598
17.695,4.1814,-11.834,-10.418,14.339,4.7812,-85.75,-110.52,-18.071,44.176,10.053,4.4089
20.331,5.8232,-12.173,-14.126,15.494,5.5118,-91.609,-115.69,-19.236,47.808,16.107,9.0384
22.683,7.535,-12.334,-17.648,16.484,6.3219,-96.842,-120.3,-20.479,51.105,21.842,13.684
24.77,9.3122,-12.333,-20.931,17.328,7.1949,-101.35,-124.29,-21.782,54.083,27.258,18.357
26.616,11.15,-12.194,-23.948,18.039,8.1144,-105.1,-127.66,-23.106,56.776,32.368,23.075
28.239,13.042,-11.937,-26.695,18.629,9.0677,-108.14,-130.45,-24.402,59.223,37.199,27.853
29.649,14.978,-11.573,-29.179,19.106,10.049,-110.58,-132.76,-25.627,61.456,41.786,32.692
30.854,16.955,-11.095,-31.426,19.467,11.06,-112.55,-134.7,-26.757,63.491,46.16,37.575
31.867,18.979,-10.476,-33.47,19.709,12.11,-114.15,-136.35,-27.792,65.326,50.351,42.466
32.707,21.079,-9.6711,-35.353,19.825,13.212,-115.49,-137.79,-28.747,66.95,54.378,47.317
33.393,23.302,-8.6336,-37.114,19.811,14.382,-116.62,-139.07,-29.638,68.358,58.25,52.072
33.947,25.708,-7.3269,-38.775,19.668,15.635,-117.57,-140.19,-30.468,69.555,61.962,56.678
34.388,28.357,-5.738,-40.348,19.404,16.982,-118.37,-141.15,-31.218,70.566,65.501,61.083
34.735,31.3,-3.8752,-41.837,19.031,18.444,-119.01,-141.95,-31.853,71.428,68.851,65.243
35.005,34.59,-1.7613,-43.254,18.565,20.055,-119.49,-142.58,-32.326,72.191,72.005,69.115
35.214,38.279,0.58347,-44.62,18.018,21.889,-119.81,-143.04,-32.591,72.916,74.966,72.663
35.378,42.408,3.1529,-45.968,17.395,24.064,-119.97,-143.32,-32.611,73.659,77.753,75.874
35.511,46.984,5.9583,-47.33,16.689,26.753,-119.98,-143.41,-32.359,74.477,80.398,78.754
35.623,51.966,9.0222,-48.729,15.884,30.157,-119.81,-143.29,-31.827,75.412,82.93,81.332
35.717,57.248,12.364,-50.175,14.952,34.428,-119.4,-142.87,-31.019,76.487,85.365,83.641
35.79,62.709,15.986,-51.664,13.862,39.564,-118.64,-142,-29.948,77.702,87.698,85.706
35.836,68.242,19.866,-53.178,12.574,45.373,-117.3,-140.5,-28.609,79.035,89.902,87.538
35.845,73.758,23.956,-54.693,11.055,51.553,-115.1,-138.13,-26.965,80.453,91.941,89.144
35.814,79.177,28.198,-56.188,9.2846,57.811,-111.76,-134.69,-24.932,81.916,93.779,90.518
35.736,84.426,32.542,-57.64,7.2608,63.937,-107.02,-129.93,-22.383,83.386,95.395,91.658
35.603,89.435,36.955,-59.031,5.0105,69.81,-100.77,-123.7,-19.169,84.832,96.787,92.568
35.406,94.152,41.408,-60.339,2.5841,75.388,-93.055,-115.93,-15.158,86.231,97.967,93.259
35.14,98.55,45.867,-61.546,0.050194,80.68,-84.071,-106.72,-10.272,87.564,98.952,93.75
34.812,102.62,50.282,-62.636,-2.5125,85.715,-74.124,-96.288,-4.531,88.811,99.759,94.059
34.444,106.38,54.587,-63.6,-5.0202,90.508,-63.516,-84.839,1.9211,89.947,100.39,94.198
34.063,109.8,58.693,-64.426,-7.3894,95.037,-52.506,-72.485,8.8538,90.936,100.82,94.168
33.693,112.86,62.493,-65.104,-9.5421,99.245,-41.347,-59.309,16.035,91.733,101.01,93.957
33.343,115.55,65.867,-65.615,-11.411,103.06,-30.365,-45.608,23.308,92.286,100.94,93.544
33.007,117.81,68.697,-65.936,-12.939,106.39,-19.995,-32.068,30.589,92.54,100.54,92.896
32.672,119.59,70.878,-66.043,-14.079,109.16,-10.706,-19.575,37.775,92.446,99.785,91.981
32.329,120.75,72.323,-65.908,-14.784,111.18,-2.8055,-8.7726,44.636,91.964,98.65,90.77
31.979,121.1,72.96,-65.515,-15.001,112.2,3.614,0.04951,50.764,91.063,97.124,89.244
31.639,120.4,72.73,-64.858,-14.668,111.86,8.4082,6.7472,55.666,89.724,95.222,87.399
31.334,118.43,71.558,-63.947,-13.74,109.83,11.156,11.352,58.96,87.948,92.975,85.251
31.099,115.11,69.328,-62.806,-12.214,106,11.511,14.249,60.546,85.75,90.439,82.827
30.972,110.5,65.883,-61.465,-10.146,100.52,9.723,16.009,60.62,83.159,87.676,80.166
30.983,104.72,61.122,-59.958,-7.6316,93.733,6.4942,17.074,59.534,80.203,84.748,77.311
31.146,97.946,55.1,-58.316,-4.7688,85.965,2.4959,17.693,57.641,76.899,81.709,74.311
31.454,90.366,48.016,-56.574,-1.6376,77.435,-1.8188,18.013,55.245,73.266,78.602,71.206
31.879,82.202,40.129,-54.765,1.6879,68.286,-6.1683,18.167,52.613,69.329,75.465,68.046
32.39,73.701,31.71,-52.926,5.1226,58.654,-10.38,18.299,49.989,65.142,72.329,64.877
32.956,65.116,23.053,-51.101,8.5673,48.733,-14.359,18.528,47.589,60.788,69.232,61.735
33.556,56.692,14.505,-49.334,11.924,38.839,-18.041,18.921,45.581,56.376,66.208,58.648
34.175,48.665,6.4454,-47.673,15.126,29.466,-21.307,19.476,44.09,52.03,63.297,55.636
34.806,41.263,-0.79841,-46.158,18.152,21.276,-23.905,20.166,43.207,47.883,60.537,52.724
35.442,34.687,-7.0426,-44.817,21.02,14.874,-25.456,20.986,42.988,44.069,57.976,49.951
36.082,29.072,-12.275,-43.663,23.747,10.444,-25.632,21.979,43.439,40.709,55.658,47.366
36.724,24.447,-16.601,-42.695,26.313,7.578,-24.377,23.224,44.497,37.886,53.624,45.021
37.363,20.732,-20.167,-41.901,28.657,5.5502,-21.95,24.782,46.065,35.625,51.897,42.946
37.985,17.773,-23.095,-41.258,30.697,3.7756,-18.725,26.656,48.068,33.88,50.47,41.136
38.569,15.39,-25.461,-40.724,32.378,2.0163,-14.986,28.778,50.455,32.54,49.305,39.536
39.097,13.422,-27.296,-40.241,33.699,0.29117,-10.896,31.033,53.146,31.456,48.338,38.057
39.558,11.751,-28.63,-39.751,34.722,-1.2911,-6.5495,33.286,55.999,30.473,47.493,36.599
39.942,10.308,-29.515,-39.202,35.523,-2.6358,-2.033,35.42,58.823,29.468,46.702,35.082
40.228,9.0453,-30.014,-38.546,36.125,-3.7033,2.5446,37.354,61.427,28.365,45.916,33.468
40.364,7.9195,-30.195,-37.726,36.463,-4.5168,7.0368,39.05,63.654,27.138,45.111,31.76
40.263,6.8708,-30.125,-36.646,36.42,-5.1515,11.273,40.502,65.375,25.795,44.277,29.994
39.82,5.8311,-29.875,-35.183,35.897,-5.7122,15.102,41.719,66.468,24.361,43.418,28.206
38.94,4.7392,-29.524,-33.208,34.859,-6.3045,18.425,42.716,66.807,22.853,42.539,26.422
37.571,3.5512,-29.143,-30.623,33.339,-7.0091,21.205,43.511,66.292,21.266,41.641,24.651
35.711,2.2393,-28.779,-27.385,31.421,-7.8685,23.455,44.12,64.898,19.566,40.718,22.886
33.403,0.78564,-28.457,-23.509,29.216,-8.8882,25.219,44.56,62.725,17.702,39.755,21.112
30.726,-0.82095,-28.183,-19.064,26.868,-10.046,26.569,44.849,59.997,15.623,38.731,19.317
27.787,-2.583,-27.96,-14.169,24.551,-11.304,27.59,44.997,56.985,13.305,37.621,17.493
24.698,-4.4929,-27.796,-8.9957,22.461,-12.616,28.365,45.013,53.915,10.756,36.408,15.638
21.551,-6.535,-27.699,-3.7558,20.764,-13.945,28.964,44.907,50.906,8.0029,35.079,13.752
18.398,-8.6882,-27.678,1.3088,19.535,-15.269,29.437,44.688,47.971,5.0815,33.626,11.826
15.245,-10.928,-27.737,5.9492,18.734,-16.583,29.817,44.373,45.058,2.0252,32.052,9.8507
12.087,-13.226,-27.882,9.9457,18.232,-17.899,30.124,43.986,42.09,-1.1266,30.374,7.8283
8.9791,-15.544,-28.126,13.161,17.893,-19.233,30.37,43.556,39.007,-4.3149,28.641,5.7901
6.063,-17.834,-28.488,15.585,17.642,-20.585,30.561,43.118,35.792,-7.4531,26.935,3.8105
3.529,-20.031,-28.976,17.328,17.479,-21.936,30.703,42.696,32.49,-10.436,25.366,2.0007
1.5241,-22.072,-29.577,18.556,17.442,-23.25,30.798,42.305,29.197,-13.16,24.054,0.48186
0.092793,-23.905,-30.257,19.425,17.558,-24.483,30.849,41.943,26.019,-15.556,23.095,-0.65378
-0.82335,-25.511,-30.966,20.052,17.816,-25.606,30.86,41.595,23.026,-17.602,22.537,-1.3738
-1.3487,-26.901,-31.657,20.521,18.17,-26.606,30.833,41.247,20.239,-19.334,22.362,-1.7145
-1.6271,-28.106,-32.295,20.886,18.56,-27.487,30.774,40.886,17.641,-20.82,22.504,-1.7636
-1.7817,-29.156,-32.857,21.182,18.934,-28.258,30.687,40.515,15.217,-22.135,22.877,-1.6251
-1.8904,-30.066,-33.337,21.428,19.26,-28.926,30.585,40.149,12.968,-23.331,23.405,-1.3828
-1.9824,-30.84,-33.737,21.631,19.526,-29.495,30.485,39.817,10.915,-24.419,24.04,-1.0814
-2.052,-31.48,-34.07,21.793,19.741,-29.971,30.408,39.55,9.0839,-25.382,24.759,-0.73035
-2.0829,-31.989,-34.348,21.918,19.918,-30.361,30.371,39.372,7.4879,-26.186,25.556,-0.32272
-2.07,-32.382,-34.579,22.011,20.071,-30.675,30.382,39.293,6.1219,-26.807,26.427,0.14585
-2.0315,-32.678,-34.766,22.08,20.202,-30.921,30.437,39.302,4.9638,-27.241,27.363,0.66898
-2.0069,-32.9,-34.908,22.136,20.309,-31.107,30.524,39.381,3.978,-27.505,28.349,1.2308
-2.0425,-33.07,-35.006,22.188,20.382,-31.241,30.627,39.502,3.1194,-27.637,29.362,1.8135
-2.1693,-33.213,-35.063,22.245,20.413,-31.334,30.725,39.64,2.3423,-27.689,30.382,2.4068
-2.3836,-33.35,-35.091,22.308,20.405,-31.402,30.802,39.772,1.6074,-27.718,31.396,3.0157
-2.6424,-33.495,-35.105,22.374,20.374,-31.463,30.848,39.873,0.88534,-27.769,32.404,3.6552
-2.881,-33.654,-35.121,22.436,20.341,-31.529,30.858,39.909,0.15631,-27.86,33.414,4.3359
-3.0449,-33.816,-35.142,22.484,20.32,-31.601,30.833,39.848,-0.5823,-27.955,34.427,5.0444
-3.1212,-33.951,-35.15,22.512,20.307,-31.662,30.78,39.681,-1.2903,-27.931,35.431,5.7339
-3.1544,-34.01,-35.111,22.515,20.275,-31.678,30.727,39.468,-1.8432,-27.548,36.394,6.3288
-3.2399,-33.938,-34.981,22.492,20.178,-31.607,30.742,39.407,-2.0037,-26.414,37.273,6.7435
-3.4945,-33.693,-34.715,22.447,19.961,-31.393,30.94,39.843,-1.4842,-23.94,38.039,6.9118
-4.0065,-33.26,-34.27,22.393,19.575,-30.988,31.436,41.149,-0.27711,-19.282,38.724,6.8276
-4.7756,-32.655,-33.621,22.339,19.009,-30.378,32.252,43.554,-1.7901,-11.715,39.48,6.5949
-5.6636,-31.917,-32.794,22.28,18.3,-29.598,33.27,46.948,-3.7598,-5.1409,40.658,6.4805
-6.3808,-31.073,-31.892,22.176,17.549,-28.727,34.135,46.014,-5.8907,-22.432,42.855,6.9488
-6.5078,-30.106,-31.101,21.94,16.927,-27.849,34.058,41.883,-9.8792,-41.263,46.919,8.6653
-5.5189,-28.927,-30.625,21.417,16.645,-27.019,32.839,36.873,-14.122,-41.777,53.774,12.481
-2.7834,-27.383,-30.582,20.334,16.884,-26.251,31.586,30.73,-16.855,-35.869,62.612,19.366
2.1949,-25.315,-30.894,18.151,17.628,-25.549,30.498,26.362,-13.614,-19.586,55.843,28.156
7.2145,-22.649,-30.939,14.194,16.125,-24.96,26.132,30.991,3.3985,12.27,34.759,18.894
-2.0178,-19.48,-26.601,11.541,5.4739,-24.575,33.902,52.503,45.309,62.006,29.609,3.0483
-15.601,-16.041,-11.399,14.985,-2.8689,-24.382,53.106,100.59,123.2,130.48,27.338,-3.0481
-20.891,-12.564,-0.9529,16.481,-8.8671,-23.647,82.626,183,228.45,223.13,33.189,-6.4074
-22.111,-9.3895,3.0555,16.134,-11.211,-17.99,119.29,287.42,346.27,343.2,53.475,-2.6412
-17.44,-7.4019,0.038312,13.941,-7.2956,-5.517,153.11,380.57,458.1,479.49,96.011,14.516
-4.412,-7.4562,-10.874,6.918,5.3223,-7.5984,168.15,433.73,538.91,625.92,173.27,52.49
20.179,-4.551,-29.65,-9.6745,28.162,-13.48,150.01,417.25,566.47,778.63,297.54,118.71
59.224,12.252,-56.181,-37.993,62.28,-19.676,89.706,309.65,526.55,931.76,470.88,216.21
112.61,33.27,-90.835,-76.747,107.56,-26.021,-15.553,105.59,414.54,1073.4,683.8,339.7
175.67,57.103,-134.08,-121.29,160.73,-34.327,-161.67,-183.43,232.97,1180.6,917.88,478.06
241.89,76.947,-184.62,-165.2,218.02,-47.787,-336.22,-533.48,-12.756,1218.8,1141.7,616.59
304.08,85.273,-239.21,-201.19,275.97,-69.69,-523.78,-915.19,-318.04,1146.7,1315.2,737.59
353.46,75.635,-296.55,-221.49,329.42,-103.33,-707.36,-1300,-679.76,926.27,1399.2,823.45
381.54,42.821,-355.83,-219.09,373.24,-151.45,-871.22,-1663.5,-1092.9,536.39,1364.6,859.45
382.59,-16.576,-415.73,-189.31,403.81,-212.88,-1003.5,-1986.5,-1544.7,-13.593,1200.8,837.03
355.74,-102.31,-474.64,-131.95,419.72,-285.33,-1097.6,-2253.1,-2008.6,-676.13,920.69,756.62
305.82,-208.48,-530.42,-52.693,422.12,-366.28,-1153.1,-2450.6,-2443.7,-1371,559.86,628.59
242.57,-322.98,-580.21,37.244,414.59,-448.47,-1174.3,-2570,-2802.8,-2005,169.09,471.44
178.1,-430.01,-620.28,123.81,401.53,-522.06,-1168.8,-2609.2,-3046.3,-2498.1,-198.92,307.47
122.9,-514.71,-646.5,194.28,386.2,-577.51,-1145,-2574.2,-3154.5,-2804.3,-502.8,156.97
82.616,-567.33,-655.42,240.98,369.7,-608.25,-1109.9,-2477.9,-3131.1,-2917.9,-720.64,33.566
56.966,-585.12,-645.02,262.76,351.1,-611.91,-1067.5,-2335.8,-2997.9,-2865.1,-850.62,-57.636
41.303,-571.24,-614.58,263.62,327.99,-589.73,-1018.1,-2162.2,-2784.8,-2689.8,-905.2,-119.21
29.69,-532.14,-564.04,250.04,297.34,-544.93,-959.17,-1967.6,-2521.3,-2439.8,-902.72,-158
16.732,-475.11,-494.02,228.66,256.43,-481.48,-887.39,-1759.1,-2231.6,-2155,-861.14,-180.14
-2.2123,-407.19,-407.02,205.01,204.2,-404.1,-800.45,-1542.1,-1934,-1864.3,-795.37,-189.44
-29.375,-335.17,-309.08,182.72,142.88,-319.17,-698.96,-1321.9,-1642,-1586.8,-716.56,-188.57
-60.959,-265.82,-210.07,163.11,78.541,-234.98,-587,-1104.8,-1366.3,-1333.6,-632.35,-178.84
-85.204,-205.37,-121.26,145.42,19.172,-160.19,-471.62,-898.28,-1115.4,-1108.9,-547.31,-144.65
-90.896,-157.77,-51.504,129.47,-27.773,-101.2,-361.35,-710.41,-895.56,-914.68,-465.1,-98.335
-82.595,-122.68,-4.548,116.9,-56.409,-60.042,-264.1,-548.21,-709.8,-751.49,-396.73,-85.887
-72.003,-97.596,20.337,106.27,-67.398,-35.077,-184.93,-414.73,-558.16,-617.54,-345.7,-83.249
-62.917,-80.701,26.841,95.876,-65.282,-23.725,-124.77,-308.77,-438.49,-509.83,-304.43,-81.834
-55.502,-70.279,20.559,85.511,-55.053,-22.366,-81.423,-226.36,-346.4,-424.31,-268.15,-80.077
-49.889,-65.348,7.3714,76.09,-41.377,-26.927,-51.1,-162.06,-275.8,-356.96,-236.32,-77.874
-46.085,-64.295,-6.9635,68.283,-27.595,-33.516,-29.586,-112.53,-220.98,-304.34,-209.29,-75.41
-43.715,-64.288,-18.309,61.942,-15.121,-38.914,-13.443,-75.61,-177.79,-263.74,-186.72,-72.893
-42.276,-62.922,-22.832,56.574,-17.046,-41.213,-0.48147,-48.354,-143.54,-232.93,-167.01,-70.484
-41.355,-56.015,-17.427,51.639,-20.627,-33.897,10.302,-28.167,-116.58,-209.85,-147.64,-68.273
-40.65,-48.178,-13.56,46.843,-21.618,-28.745,18.597,-13.483,-96.011,-192.45,-130.69,-66.301
-39.96,-43.762,-11.407,42.361,-21.53,-25.982,18.732,-3.4457,-81.252,-178.66,-119.23,-64.587
-39.202,-41.137,-10.135,38.574,-21.227,-24.003,16.51,0.94225,-71.479,-166.24,-112.03,-63.144
-38.429,-39.244,-9.0049,35.663,-20.917,-22.349,20.556,0.50466,-65.476,-152.72,-107.16,-61.975
-37.77,-37.631,-7.5806,33.553,-20.764,-20.694,25.239,7.6249,-61.876,-138.09,-103.55,-61.062
-37.326,-36.073,-5.6992,32.052,-20.99,-18.833,28.191,16.626,-58.84,-124.84,-100.75,-60.362
-37.105,-34.45,-3.3916,30.975,-21.709,-16.685,29.94,22.542,-53.589,-114.1,-98.562,-59.817
-37.044,-32.712,-0.77992,30.173,-22.868,-14.266,31.051,26.065,-45.796,-105.66,-96.88,-59.369
-37.063,-30.854,2.0141,29.54,-24.317,-11.647,31.823,28.324,-39.041,-98.995,-95.604,-58.973
-37.112,-28.903,4.9146,29.005,-25.89,-8.9174,32.399,29.918,-34.306,-93.606,-94.637,-58.607
-37.177,-26.899,7.889,28.523,-27.457,-6.1696,32.845,31.124,-30.915,-89.108,-93.889,-58.262
-37.267,-24.889,10.915,28.072,-28.94,-3.484,33.183,32.066,-28.374,-85.235,-93.296,-57.937
-37.397,-22.923,13.952,27.644,-30.308,-0.92866,33.422,32.803,-26.417,-81.828,-92.818,-57.631
-37.571,-21.047,16.937,27.241,-31.555,1.4449,33.579,33.372,-24.865,-78.81,-92.438,-57.335
-37.78,-19.294,19.801,26.868,-32.682,3.6055,33.681,33.812,-23.571,-76.138,-92.159,-57.041
-37.998,-17.687,22.491,26.532,-33.692,5.5403,33.767,34.166,-22.418,-73.768,-91.987,-56.746
-38.19,-16.231,24.98,26.235,-34.58,7.2503,33.87,34.478,-21.319,-71.639,-91.927,-56.458
-38.325,-14.918,27.263,25.979,-35.347,8.7443,34.008,34.788,-20.236,-69.677,-91.971,-56.192
-38.385,-13.734,29.347,25.756,-35.998,10.035,34.183,35.12,-19.173,-67.804,-92.096,-55.965
-38.377,-12.66,31.231,25.557,-36.537,11.136,34.382,35.476,-18.16,-65.965,-92.271,-55.787
-38.327,-11.686,32.893,25.372,-36.972,12.058,34.582,35.837,-17.239,-64.137,-92.462,-55.662
-38.269,-10.817,34.297,25.193,-37.313,12.806,34.755,36.163,-16.435,-62.333,-92.649,-55.583
-38.232,-10.07,35.408,25.021,-37.576,13.38,34.879,36.416,-15.748,-60.587,-92.825,-55.54
-38.229,-9.4707,36.213,24.863,-37.778,13.781,34.947,36.569,-15.134,-58.936,-92.993,-55.522
-38.263,-9.0398,36.724,24.73,-37.932,14.015,34.97,36.618,-14.525,-57.396,-93.164,-55.523
-38.322,-8.7879,36.971,24.63,-38.037,14.094,34.97,36.577,-13.849,-55.956,-93.351,-55.546
-38.391,-8.711,36.995,24.568,-38.082,14.034,34.968,36.471,-13.064,-54.588,-93.558,-55.597
-38.446,-8.7916,36.838,24.545,-38.054,13.851,34.973,36.325,-12.177,-53.25,-93.785,-55.686
-38.468,-9.0011,36.537,24.562,-37.951,13.565,34.982,36.152,-11.235,-51.905,-94.021,-55.819
-38.442,-9.3042,36.117,24.611,-37.777,13.193,34.982,35.951,-10.303,-50.531,-94.247,-55.991
-38.37,-9.6675,35.586,24.687,-37.542,12.754,34.957,35.7,-9.4404,-49.121,-94.438,-56.186
-38.266,-10.067,34.932,24.78,-37.255,12.256,34.888,35.367,-8.6854,-47.69,-94.57,-56.381
-38.141,-10.492,34.13,24.876,-36.921,11.701,34.757,34.921,-8.0473,-46.262,-94.623,-56.552
-37.996,-10.944,33.155,24.963,-36.537,11.082,34.556,34.339,-7.507,-44.866,-94.59,-56.68
-37.823,-11.429,31.987,25.029,-36.093,10.394,34.286,33.615,-7.0285,-43.52,-94.476,-56.76
-37.611,-11.954,30.615,25.068,-35.568,9.6282,33.956,32.756,-6.578,-42.228,-94.293,-56.801
-37.351,-12.523,29.045,25.084,-34.938,8.781,33.57,31.778,-6.1377,-40.979,-94.05,-56.818
-37.035,-13.137,27.293,25.085,-34.18,7.8523,33.125,30.693,-5.7112,-39.748,-93.747,-56.823
-36.657,-13.787,25.383,25.082,-33.28,6.8477,32.614,29.504,-5.3195,-38.507,-93.375,-56.819
-36.21,-14.46,23.339,25.081,-32.233,5.7798,32.025,28.197,-4.9951,-37.233,-92.916,-56.797
-35.691,-15.134,21.184,25.084,-31.046,4.6679,31.348,26.729,-4.7762,-35.911,-92.35,-56.736
-35.1,-15.787,18.932,25.084,-29.735,3.5345,30.561,25.037,-4.6976,-34.534,-91.651,-56.61
-34.435,-16.394,16.597,25.069,-28.316,2.4017,29.622,23.033,-4.7778,-33.096,-90.796,-56.388
-33.682,-16.929,14.191,25.023,-26.8,1.2867,28.46,20.622,-5.009,-31.588,-89.757,-56.046
-32.815,-17.373,11.732,24.927,-25.179,0.1984,26.974,17.709,-5.3607,-29.991,-88.51,-55.566
-31.805,-17.715,9.2377,24.768,-23.426,-0.86442,25.022,14.216,-5.7933,-28.278,-87.032,-54.939
-30.628,-17.956,6.7269,24.543,-21.503,-1.9099,22.43,10.085,-6.2755,-26.42,-85.294,-54.157
-29.275,-18.102,4.2243,24.254,-19.383,-2.944,19.02,5.3042,-6.7945,-24.389,-83.254,-53.207
-27.75,-18.156,1.7637,23.907,-17.07,-3.9587,14.692,-0.082774,-7.3567,-22.162,-80.851,-52.07
-26.07,-18.116,-0.61019,23.505,-14.61,-4.9249,9.5048,-5.9858,-7.9845,-19.726,-78.01,-50.712
-24.26,-17.968,-2.845,23.046,-12.078,-5.7971,3.6843,-12.306,-8.7079,-17.072,-74.646,-49.086
-22.345,-17.696,-4.8921,22.519,-9.5464,-6.5272,-2.4656,-18.976,-9.5549,-14.197,-70.679,-47.135
-20.336,-17.282,-6.7187,21.912,-7.0597,-7.0786,-8.6565,-25.969,-10.537,-11.097,-66.056,-44.8
-18.233,-16.711,-8.3123,21.207,-4.6353,-7.4328,-14.689,-33.287,-11.64,-7.7642,-60.762,-42.038
-16.021,-15.975,-9.6778,20.386,-2.2764,-7.5868,-20.509,-40.926,-12.82,-4.1914,-54.834,-38.835
-13.687,-15.071,-10.829,19.428,0.0074676,-7.5461,-26.21,-48.835,-14.018,-0.37338,-48.352,-35.209
-11.224,-14.005,-11.782,18.315,2.188,-7.3189,-31.951,-56.885,-15.181,3.6819,-41.435,-31.218
-8.6501,-12.789,-12.542,17.032,4.2194,-6.9112,-37.849,-64.895,-16.281,7.9461,-34.214,-26.935
-5.9998,-11.44,-13.109,15.562,6.053,-6.3239,-43.93,-72.702,-17.325,12.368,-26.82,-22.442
-3.3237,-9.9754,-13.471,13.895,7.6536,-5.5553,-50.165,-80.226,-18.348,16.88,-19.378,-17.817
-0.67611,-8.4168,-13.616,12.019,9.0095,-4.6074,-56.532,-87.459,-19.4,21.404,-12.001,-13.123
1.8978,-6.7861,-13.542,9.9295,10.132,-3.4944,-63.042,-94.404,-20.528,25.859,-4.7952,-8.4055
4.3725,-5.106,-13.266,7.6243,11.047,-2.2472,-69.691,-101,-21.755,30.164,2.1446,-3.6964
6.7436,-3.3981,-12.827,5.1093,11.793,-0.90931,-76.383,-107.09,-23.066,34.246,8.7452,0.98852
9.0188,-1.682,-12.276,2.3998,12.406,0.47077,-82.867,-112.51,-24.402,38.043,14.965,5.6441
11.202,0.025041,-11.669,-0.475,12.915,1.8494,-88.791,-117.15,-25.684,41.524,20.799,10.274
13.282,1.709,-11.045,-3.4682,13.335,3.1957,-93.867,-120.99,-26.836,44.679,26.27,14.886
15.226,3.3617,-10.418,-6.5162,13.668,4.4964,-98.012,-124.15,-27.811,47.523,31.415,19.489
16.989,4.9838,-9.7691,-9.5445,13.907,5.7545,-101.33,-126.76,-28.606,50.078,36.275,24.086
18.528,6.5849,-9.0502,-12.474,14.042,6.9831,-104.03,-128.97,-29.257,52.37,40.88,28.674
19.816,8.1833,-8.2073,-15.234,14.069,8.1962,-106.28,-130.89,-29.825,54.419,45.246,33.244
20.855,9.8057,-7.2007,-17.774,13.992,9.4045,-108.2,-132.57,-30.365,56.241,49.374,37.779
21.675,11.492,-6.0168,-20.086,13.819,10.619,-109.84,-134.02,-30.903,57.854,53.262,42.257
22.334,13.301,-4.6621,-22.208,13.565,11.857,-111.23,-135.23,-31.428,59.276,56.904,46.656
22.902,15.314,-3.1479,-24.208,13.246,13.141,-112.35,-136.18,-31.893,60.538,60.308,50.953
23.442,17.631,-1.4763,-26.161,12.872,14.501,-113.21,-136.86,-32.234,61.682,63.494,55.12
23.999,20.347,0.36531,-28.12,12.444,15.972,-113.83,-137.27,-32.385,62.754,66.49,59.125
24.586,23.526,2.4018,-30.106,11.952,17.602,-114.23,-137.42,-32.295,63.803,69.33,62.925
25.192,27.175,4.6629,-32.111,11.373,19.454,-114.41,-137.31,-31.944,64.871,72.041,66.478
25.785,31.231,7.1754,-34.106,10.678,21.614,-114.33,-136.91,-31.343,65.985,74.635,69.742
26.326,35.585,9.9575,-36.055,9.8371,24.189,-113.86,-136.13,-30.528,67.153,77.109,72.69
26.777,40.136,13.016,-37.928,8.8164,27.295,-112.71,-134.81,-29.536,68.367,79.446,75.309
27.111,44.833,16.345,-39.706,7.5839,31.034,-110.46,-132.68,-28.374,69.615,81.623,77.602
27.316,49.684,19.925,-41.394,6.1122,35.473,-106.64,-129.47,-27.013,70.884,83.616,79.579
27.401,54.73,23.728,-43.014,4.3881,40.599,-101.04,-124.9,-25.38,72.171,85.406,81.257
27.389,59.998,27.718,-44.601,2.4223,46.295,-93.788,-118.79,-23.38,73.475,86.979,82.654
27.307,65.463,31.859,-46.188,0.25375,52.357,-85.237,-111.07,-20.921,74.791,88.328,83.782
27.183,71.042,36.104,-47.784,-2.0572,58.564,-75.792,-101.88,-17.939,76.101,89.45,84.654
27.036,76.626,40.391,-49.373,-4.4379,64.753,-65.792,-91.452,-14.413,77.374,90.343,85.27
26.879,82.117,44.635,-50.91,-6.8099,70.852,-55.496,-80.077,-10.352,78.559,91.003,85.625
26.716,87.45,48.736,-52.333,-9.091,76.866,-45.099,-67.972,-5.7943,79.588,91.417,85.704
26.541,92.58,52.581,-53.577,-11.2,82.815,-34.775,-55.341,-0.82565,80.377,91.56,85.48
26.337,97.453,56.044,-54.583,-13.064,88.667,-24.717,-42.495,4.4098,80.835,91.398,84.926
26.079,101.94,59.001,-55.298,-14.626,94.267,-15.168,-29.928,9.7246,80.87,90.887,84.009
25.739,105.8,61.344,-55.678,-15.843,99.295,-6.4057,-18.258,14.895,80.398,89.978,82.701
25.298,108.58,62.989,-55.691,-16.684,103.29,1.3272,-8.0301,19.634,79.349,88.629,80.98
24.758,109.75,63.881,-55.323,-17.113,105.7,7.8933,0.42377,23.606,77.667,86.814,78.834
24.147,108.86,63.987,-54.581,-17.082,106.02,13.182,6.9301,26.524,75.319,84.534,76.268
23.518,105.74,63.283,-53.491,-16.535,103.87,16.956,11.466,28.292,72.304,81.822,73.308
22.934,100.62,61.706,-52.093,-15.44,99.236,18.945,14.3,29.014,68.657,78.736,70.001
22.456,93.964,59.127,-50.428,-13.814,92.518,19.136,15.946,28.897,64.442,75.352,66.408
22.121,86.273,55.371,-48.537,-11.731,84.312,17.83,16.875,28.127,59.733,71.744,62.591
21.945,77.986,50.327,-46.453,-9.2926,75.168,15.424,17.361,26.83,54.596,67.974,58.604
21.912,69.46,44.057,-44.192,-6.5821,65.483,12.258,17.534,25.098,49.082,64.091,54.487
21.996,60.968,36.795,-41.753,-3.6566,55.554,8.6124,17.487,23.037,43.243,60.128,50.273
22.17,52.689,28.865,-39.124,-0.55962,45.633,4.7581,17.34,20.781,37.155,56.113,46.005
22.422,44.707,20.625,-36.301,2.6539,35.976,0.958,17.234,18.474,30.934,52.077,41.733
22.763,37.037,12.444,-33.309,5.9024,26.891,-2.5658,17.295,16.239,24.744,48.053,37.517
23.218,29.706,4.6892,-30.214,9.0863,18.783,-5.6447,17.586,14.163,18.765,44.077,33.414
23.81,22.839,-2.339,-27.105,12.122,12.081,-8.1274,18.094,12.317,13.166,40.189,29.475
24.542,16.681,-8.4795,-24.078,14.972,6.9643,-9.8286,18.771,10.782,8.0784,36.432,25.737
25.396,11.472,-13.715,-21.245,17.637,3.1329,-10.54,19.604,9.6732,3.588,32.853,22.233
26.336,7.2928,-18.105,-18.73,20.118,0.0052627,-10.144,20.643,9.1451,-0.26085,29.506,18.989
27.309,4.0399,-21.722,-16.622,22.378,-2.8641,-8.7183,21.978,9.3711,-3.4608,26.441,16.025
28.25,1.5227,-24.634,-14.906,24.344,-5.618,-6.488,23.67,10.483,-6.0392,23.691,13.346
29.083,-0.45483,-26.922,-13.444,25.938,-8.2032,-3.6667,25.712,12.489,-8.0577,21.259,10.928
29.737,-2.0548,-28.664,-12.035,27.134,-10.517,-0.3768,28.015,15.235,-9.6077,19.113,8.7113
30.156,-3.3972,-29.936,-10.491,27.987,-12.482,3.3067,30.439,18.471,-10.8,17.186,6.6047
30.296,-4.5643,-30.799,-8.6996,28.592,-14.059,7.2781,32.834,21.931,-11.747,15.396,4.5082
30.111,-5.6112,-31.296,-6.6372,29.009,-15.249,11.364,35.078,25.385,-12.55,13.663,2.3377
29.54,-6.5804,-31.459,-4.3471,29.213,-16.087,15.345,37.092,28.647,-13.285,11.93,0.045295
28.509,-7.5117,-31.31,-1.9069,29.106,-16.636,19.012,38.844,31.567,-13.998,10.164,-2.3698
26.951,-8.4479,-30.881,0.5962,28.586,-16.979,22.232,40.33,34.004,-14.712,8.3601,-4.8653
24.838,-9.432,-30.232,3.0754,27.604,-17.213,24.964,41.561,35.812,-15.435,6.5265,-7.3723
22.201,-10.504,-29.446,5.4572,26.18,-17.432,27.238,42.554,36.839,-16.172,4.6774,-9.8206
19.112,-11.699,-28.614,7.7043,24.378,-17.71,29.111,43.335,36.964,-16.934,2.8228,-12.165
15.643,-13.05,-27.807,9.8272,22.284,-18.095,30.641,43.93,36.161,-17.745,0.96232,-14.404
11.849,-14.583,-27.067,11.868,19.998,-18.603,31.878,44.366,34.545,-18.645,-0.91756,-16.575
7.7757,-16.317,-26.41,13.86,17.65,-19.228,32.863,44.661,32.342,-19.679,-2.8477,-18.746
3.4886,-18.251,-25.844,15.8,15.392,-19.951,33.634,44.823,29.781,-20.893,-4.8821,-20.991
-0.9062,-20.366,-25.377,17.643,13.365,-20.749,34.224,44.856,26.99,-22.322,-7.1012,-23.375
-5.2461,-22.62,-25.018,19.336,11.638,-21.599,34.668,44.771,23.994,-23.988,-9.6055,-25.944
-9.3409,-24.962,-24.777,20.842,10.18,-22.492,35.001,44.591,20.78,-25.905,-12.493,-28.715
-30.957,-41.227,-13.121,38.24,-7.3715,-23.965,56.897,65.812,28.916,-43.023,-41.463,-46.413
-31.821,-44.812,-15.838,40.665,-6.4075,-26.921,54.718,61.536,24.701,-45.896,-42.572,-47.915
-31.73,-48.516,-19.632,42.684,-4.475,-30.428,51.297,56.666,19.12,-49.089,-42.856,-47.95
-31.164,-52.347,-24.026,44.435,-2.063,-34.351,47.834,52.537,13.053,-52.887,-42.874,-47.207
-30.486,-56.025,-28.381,45.932,0.35456,-38.275,45.317,50.046,7.4697,-57.154,-43.004,-46.413
-29.916,-59.198,-32.122,47.177,2.4173,-41.704,44.22,49.351,2.9366,-61.57,-43.577,-46.295
-29.585,-61.676,-34.929,48.251,3.9264,-44.294,44.43,49.944,-0.63278,-65.857,-44.964,-47.506
-29.568,-63.535,-36.804,49.321,4.8521,-45.996,45.429,51.014,-3.8243,-69.89,-47.481,-50.445
-29.857,-65.031,-38.009,50.536,5.3234,-47.04,46.632,51.895,-7.2611,-73.701,-51.162,-55.046
-30.326,-66.436,-38.944,51.915,5.5891,-47.8,47.697,52.357,-11.162,-77.424,-55.585,-60.663
